0 1 CONSTANT 8.0
1 1 CONSTANT 8.0
2 1 CONSTANT 0.0
3 1 CONSTANT 8.0
4 1 CONSTANT 8.0
5 1 CONSTANT 8.0
6 1 CONSTANT 8.0
7 1 CONSTANT 8.0
8 1 CONSTANT 8.0
9 1 CONSTANT 0.0
10 1 CONSTANT 0.0
11 1 CONSTANT 0.0
12 1 CONSTANT 0.0
13 1 CONSTANT 8.0
14 1 CONSTANT 4.0
15 1 CONSTANT 4.0
16 1 CONSTANT 0.0
17 1 CONSTANT 0.0
18 1 CONSTANT 0.0
19 1 CONSTANT 0.0
20 1 CONSTANT 4.0
21 1 CONSTANT 8.0
22 1 CONSTANT 8.0
23 1 CONSTANT 8.0
24 1 CONSTANT 8.0
25 1 CONSTANT 4.0
26 1 CONSTANT 4.0
27 1 CONSTANT 8.0
28 1 TRACE 0.0 0.0 468.0 0.0 0.0 16.0 516.0 0.0 0.0 4.0 592.0 4.0 4.0 0.0 120.0 116.0 0.0 4.0 4.0 1272.0 8.0 0.0 0.0 40.0 188.0 0.0 0.0 0.0 492.0 0.0 0.0 0.0 8.0 0.0 0.0 16.0 0.0 16.0 432.0 0.0 4.0 0.0 244.0 44.0 0.0 0.0 0.0 136.0 132.0 0.0 0.0 0.0 832.0 4.0 0.0 4.0 1576.0 4.0 0.0 0.0 1300.0 4.0 0.0 0.0 12.0 0.0 0.0 12.0 0.0 0.0 432.0 44.0 0.0 0.0 0.0 16.0 0.0 0.0 520.0 40.0 0.0 12.0 576.0 0.0 0.0 4.0 8.0 0.0 0.0 20.0 0.0 4.0 4.0 20.0 0.0 0.0 16.0 0.0 0.0 20.0 0.0 0.0 1392.0 0.0 0.0 52.0 160.0 0.0 0.0 4.0 484.0 4.0 0.0 4.0 484.0 28.0 4.0 4.0 8.0 0.0 4.0 760.0 0.0 0.0 0.0 8.0 0.0 0.0 764.0 8.0 0.0 0.0 48.0 172.0 0.0 4.0 0.0 1456.0 4.0 0.0 0.0 12.0 0.0 4.0 16.0 0.0 20.0 444.0 0.0 0.0 4.0 8.0 0.0 0.0 908.0 4.0 0.0 0.0 388.0 44.0 0.0 0.0 4.0 496.0 44.0 0.0 48.0 204.0 0.0 0.0 0.0 1504.0 8.0 0.0 0.0 12.0 0.0 4.0 20.0 0.0 12.0 536.0 0.0 0.0 96.0 72.0 0.0 4.0 0.0 16.0 0.0 40.0 188.0 0.0 0.0 0.0 492.0 28.0 0.0 0.0 0.0 12.0 976.0 8.0 0.0 80.0 252.0 0.0 0.0 0.0 104.0 100.0 0.0 0.0 8.0 456.0 0.0 0.0 0.0 1276.0 4.0 0.0 0.0 776.0 8.0 0.0 4.0 1204.0 4.0 0.0 4.0 20.0 0.0 0.0 0.0 16.0 0.0 4.0 8.0 0.0 0.0 884.0 20.0 0.0 44.0 172.0 0.0
29 1 CONSTANT 4.0
30 1 TRACE 0.0 0.0 468.0 0.0 0.0 16.0 516.0 0.0 0.0 4.0 592.0 4.0 4.0 0.0 120.0 116.0 0.0 4.0 4.0 1272.0 8.0 0.0 0.0 40.0 188.0 0.0 0.0 0.0 492.0 0.0 0.0 0.0 8.0 0.0 0.0 16.0 0.0 16.0 432.0 0.0 4.0 0.0 244.0 44.0 0.0 0.0 0.0 136.0 132.0 0.0 0.0 0.0 832.0 4.0 0.0 4.0 1576.0 4.0 0.0 0.0 1300.0 4.0 0.0 0.0 12.0 0.0 0.0 12.0 0.0 0.0 432.0 44.0 0.0 0.0 0.0 16.0 0.0 0.0 520.0 40.0 0.0 12.0 576.0 0.0 0.0 4.0 8.0 0.0 0.0 20.0 0.0 4.0 4.0 20.0 0.0 0.0 16.0 0.0 0.0 20.0 0.0 0.0 1392.0 0.0 0.0 52.0 160.0 0.0 0.0 4.0 484.0 4.0 0.0 4.0 484.0 28.0 4.0 4.0 8.0 0.0 4.0 760.0 0.0 0.0 0.0 8.0 0.0 0.0 764.0 8.0 0.0 0.0 48.0 172.0 0.0 4.0 0.0 1456.0 4.0 0.0 0.0 12.0 0.0 4.0 16.0 0.0 20.0 444.0 0.0 0.0 4.0 8.0 0.0 0.0 908.0 4.0 0.0 0.0 388.0 44.0 0.0 0.0 4.0 496.0 44.0 0.0 48.0 204.0 0.0 0.0 0.0 1504.0 8.0 0.0 0.0 12.0 0.0 4.0 20.0 0.0 12.0 536.0 0.0 0.0 96.0 72.0 0.0 4.0 0.0 16.0 0.0 40.0 188.0 0.0 0.0 0.0 492.0 28.0 0.0 0.0 0.0 12.0 976.0 8.0 0.0 80.0 252.0 0.0 0.0 0.0 104.0 100.0 0.0 0.0 8.0 456.0 0.0 0.0 0.0 1276.0 4.0 0.0 0.0 776.0 8.0 0.0 4.0 1204.0 4.0 0.0 4.0 20.0 0.0 0.0 0.0 16.0 0.0 4.0 8.0 0.0 0.0 884.0 20.0 0.0 44.0 172.0 0.0
31 1 CONSTANT 8.0
32 1 CONSTANT 8.0
33 1 CONSTANT 4.0
34 1 CONSTANT 0.0
35 1 CONSTANT 0.0
36 1 CONSTANT 8.0
37 1 CONSTANT 8.0
38 1 CONSTANT 8.0
39 1 TRACE 8.0 0.0 8.0 0.0 8.0 0.0 8.0 0.0 8.0 0.0 8.0 0.0 8.0 8.0 0.0 8.0 0.0 8.0 0.0 8.0 0.0 8.0 8.0 0.0 8.0 0.0 8.0 0.0 8.0 0.0 8.0 0.0 0.0 8.0 0.0 0.0 8.0 0.0 8.0 0.0 8.0 8.0 0.0 8.0 0.0 8.0 8.0 0.0 8.0 0.0 8.0 0.0 8.0 0.0 8.0 0.0 8.0 0.0 8.0 0.0 8.0 0.0 8.0 0.0 0.0 8.0 0.0 0.0 8.0 8.0 0.0 8.0 0.0 8.0 0.0 0.0 8.0 8.0 0.0 0.0 8.0 0.0 8.0 0.0 8.0 0.0 0.0 8.0 0.0 8.0 0.0 8.0 0.0 0.0 8.0 0.0 0.0 8.0 0.0 0.0 8.0 0.0 8.0 0.0 8.0 0.0 8.0 0.0 8.0 0.0 8.0 0.0 8.0 8.0 0.0 0.0 8.0 0.0 0.0 8.0 0.0 8.0 0.0 8.0 0.0 0.0 8.0 0.0 8.0 0.0 8.0 8.0 0.0 8.0 0.0 8.0 0.0 8.0 0.0 8.0 0.0 0.0 8.0 0.0 0.0 8.0 0.0 8.0 0.0 8.0 0.0 0.0 8.0 0.0 8.0 0.0 8.0 8.0 0.0 8.0 0.0 8.0 8.0 0.0 0.0 8.0 0.0 8.0 0.0 8.0 0.0 8.0 0.0 8.0 0.0 0.0 8.0 0.0 0.0 8.0 0.0 8.0 0.0 8.0 0.0 8.0 0.0 8.0 0.0 0.0 8.0 0.0 8.0 0.0 8.0 8.0 0.0 8.0 0.0 8.0 8.0 0.0 8.0 0.0 8.0 0.0 8.0 0.0 8.0 8.0 0.0 8.0 0.0 8.0 0.0 8.0 0.0 8.0 0.0 8.0 0.0 8.0 0.0 8.0 0.0 8.0 0.0 8.0 0.0 8.0 0.0 8.0 0.0 8.0 0.0 0.0 8.0 0.0 0.0 8.0 8.0 0.0 0.0 8.0 0.0 8.0 0.0
40 1 CONSTANT 8.0
41 1 CONSTANT 8.0
42 1 CONSTANT 8.0
43 1 CONSTANT 36016.0
44 1 CONSTANT 36008.0
45 1 CONSTANT 8.0
46 1 CONSTANT 36016.0
47 1 CONSTANT 4.0
48 1 TRACE 2484880.0 704672.0 430208.0 315088.0 130528.0 113008.0 104592.0 93040.0 560.0 480.0 368.0 384.0 2471344.0 699808.0 426192.0 313744.0 143456.0 123200.0 112720.0 98768.0 496.0 496.0 496.0 416.0 2436944.0 696320.0 424896.0 313424.0 173328.0 144816.0 128896.0 113792.0 608.0 592.0 480.0 512.0 2191504.0 703952.0 425360.0 305920.0 32640.0 31904.0 31056.0 29552.0 128.0 80.0 64.0 32.0 2171184.0 659328.0 410640.0 305984.0 333776.0 253104.0 206480.0 169760.0 1152.0 1104.0 1024.0 1072.0 2423248.0 713360.0 431824.0 313536.0 60768.0 56032.0 53968.0 49520.0 272.0 224.0 192.0 112.0 2471376.0 701648.0 427584.0 315216.0 145392.0 124464.0 112560.0 100464.0 512.0 416.0 368.0 416.0 1882352.0 609152.0 385760.0 291520.0 516928.0 348608.0 264880.0 211808.0 1920.0 1840.0 1920.0 1888.0 16.0 16.0 0.0 16.0 1585488.0 544512.0 357824.0 272208.0 726880.0 439600.0 311360.0 241360.0 3344.0 2752.0 3040.0 2864.0 16.0 32.0 0.0 16.0 2484656.0 703360.0 429728.0 315536.0 134176.0 116320.0 105440.0 94816.0 496.0 416.0 400.0 400.0 1895024.0 680992.0 419888.0 304560.0 19088.0 19040.0 17600.0 17760.0 48.0 64.0 32.0 48.0 2195024.0 700736.0 425056.0 308592.0 32240.0 31424.0 31088.0 28704.0 160.0 96.0 80.0 80.0 2356432.0 683312.0 418288.0 312528.0 224528.0 181392.0 157552.0 135264.0 816.0 784.0 768.0 704.0 2066560.0 655040.0 406400.0 303104.0 402656.0 288128.0 227936.0 186384.0 1392.0 1360.0 1424.0 1392.0 2146080.0 660576.0 408576.0 309520.0 350992.0 260720.0 211904.0 173520.0 1168.0 1104.0 1024.0 1120.0 1328784.0 492800.0 320192.0 248640.0 937120.0 510384.0 346608.0 261040.0 4416.0 4272.0 4080.0 4224.0 16.0 32.0 0.0 16.0 1061872.0 418576.0 271248.0 213152.0 1189952.0 572032.0 376544.0 279728.0 6688.0 6160.0 6128.0 6160.0 0.0 64.0 16.0 16.0 1660720.0 647952.0 404352.0 294784.0 13840.0 13424.0 12768.0 12704.0 32.0 80.0 32.0 32.0 1055968.0 422784.0 286864.0 219824.0 1213408.0 576864.0 377264.0 278400.0 7184.0 6640.0 6464.0 6384.0 16.0 32.0 0.0 16.0 1582720.0 644576.0 406496.0 294784.0 12064.0 11216.0 11408.0 10864.0 32.0 80.0 0.0 16.0 2457088.0 699552.0 425296.0 314928.0 155680.0 130048.0 117808.0 104576.0 560.0 512.0 512.0 432.0 1684112.0 577072.0 368512.0 281472.0 658672.0 411600.0 297264.0 231936.0 2768.0 2640.0 2416.0 2592.0 16.0 32.0 0.0 16.0 1594080.0 551376.0 361952.0 275200.0 725520.0 438080.0 310432.0 240288.0 3232.0 3024.0 3072.0 2768.0 32.0 0.0 0.0 0.0 1166112.0 446560.0 292928.0 230208.0 1092752.0 551456.0 364000.0 272688.0 6160.0 5296.0 5664.0 5328.0 16.0 64.0 16.0 16.0 1579408.0 554928.0 359280.0 271152.0 733040.0 438992.0 312384.0 240720.0 3216.0 2944.0 3152.0 2944.0 16.0 32.0 0.0 0.0 1062624.0 416160.0 275040.0 214496.0 1184384.0 570720.0 374416.0 278288.0 6928.0 6048.0 6000.0 6288.0 16.0 64.0 0.0 0.0 2134592.0 659616.0 408768.0 307904.0 359248.0 266176.0 213984.0 175312.0 1328.0 1280.0 1104.0 1088.0 2353888.0 705712.0 427968.0 311152.0 48720.0 46304.0 44256.0 40864.0 144.0 160.0 112.0 112.0 2473824.0 704128.0 428384.0 313408.0 142128.0 121728.0 111472.0 99248.0 576.0 432.0 400.0 416.0 1531888.0 631408.0 396816.0 290800.0 11584.0 11040.0 10416.0 10256.0 32.0 48.0 16.0 16.0 1550112.0 548320.0 350928.0 269744.0 754208.0 447008.0 315280.0 243296.0 3552.0 2848.0 3072.0 2992.0 16.0 16.0 0.0 16.0 2364992.0 688496.0 422480.0 312000.0 220624.0 177680.0 154432.0 133072.0 752.0 768.0 656.0 496.0 1577936.0 551952.0 359904.0 274928.0 737120.0 443984.0 313136.0 241488.0 3280.0 2928.0 2928.0 3232.0 16.0 32.0 0.0 16.0 2357216.0 691184.0 424336.0 315408.0 225840.0 181568.0 157056.0 135072.0 704.0 656.0 656.0 496.0 2348960.0 705056.0 427520.0 309152.0 47968.0 45184.0 43984.0 41680.0 160.0 192.0 176.0 144.0 2099744.0 650512.0 406480.0 304032.0 380752.0 277808.0 219920.0 181536.0 1392.0 1360.0 1296.0 1168.0 1584336.0 550608.0 359584.0 277888.0 740256.0 444688.0 314032.0 240096.0 3280.0 3168.0 2928.0 2944.0 16.0 16.0 0.0 16.0 1365904.0 504048.0 329344.0 257808.0 920032.0 502656.0 341408.0 258960.0 4464.0 4064.0 4384.0 4016.0 16.0 16.0 0.0 0.0 2478656.0 705728.0 427344.0 316192.0 138336.0 120048.0 109184.0 94848.0 512.0 432.0 416.0 368.0 1838960.0 612336.0 388800.0 292304.0 554832.0 365168.0 273856.0 215840.0 2192.0 2000.0 1952.0 1952.0 16.0 16.0 0.0 0.0 2329936.0 682480.0 424416.0 314096.0 242512.0 194224.0 165248.0 139760.0 864.0 688.0 784.0 736.0 1678016.0 654224.0 407584.0 299680.0 14432.0 13536.0 13520.0 12624.0 48.0 64.0 0.0 16.0 1615392.0 646992.0 405664.0 294976.0 12288.0 11728.0 12240.0 12160.0 32.0 64.0 16.0 16.0 2411296.0 706496.0 428384.0 313664.0 59488.0 55440.0 52832.0 48000.0 224.0 192.0 128.0 176.0 2060864.0 639232.0 401760.0 303072.0 400256.0 287136.0 228944.0 185264.0 1344.0 1472.0 1296.0 1360.0 1622944.0 559248.0 360112.0 275616.0 704528.0 428144.0 306656.0 236832.0 2976.0 2752.0 2800.0 2608.0 16.0 32.0 0.0 16.0 1288448.0 463776.0 306800.0 238096.0 953232.0 520608.0 351040.0 264416.0 4896.0 4224.0 4400.0 4368.0 16.0 16.0 0.0 16.0 2467600.0 700976.0 430256.0 314752.0 149568.0 128160.0 114816.0 103472.0 592.0 400.0 448.0 416.0 2109232.0 693536.0 422176.0 306672.0 28032.0 27088.0 27248.0 25424.0 64.0 96.0 64.0 48.0 1416448.0 514592.0 333744.0 253792.0 857488.0 483856.0 333392.0 254720.0 3920.0 3648.0 3936.0 3920.0 16.0 32.0 0.0 0.0 2394928.0 707680.0 429632.0 313152.0 53680.0 50256.0 48608.0 45408.0 224.0 192.0 128.0 160.0 1514080.0 632192.0 401984.0 294208.0 10432.0 10752.0 9696.0 10336.0 32.0 32.0 16.0 16.0 2259584.0 669632.0 414128.0 306880.0 280736.0 219280.0 183440.0 154784.0 976.0 896.0 880.0 944.0 2453696.0 711648.0 430656.0 312288.0 68608.0 62288.0 60544.0 56944.0 272.0 256.0 208.0 96.0 2153728.0 693760.0 422880.0 307344.0 30256.0 29392.0 29648.0 27184.0 80.0 96.0 64.0 48.0 2483264.0 704896.0 429360.0 315184.0 131632.0 115104.0 105680.0 93712.0 512.0 448.0 448.0 416.0 2160096.0 655344.0 409472.0 304720.0 343296.0 256512.0 208048.0 172880.0 1232.0 1200.0 1168.0 1104.0 2368928.0 686976.0 423152.0 310528.0 215392.0 176176.0 153680.0 130992.0 752.0 656.0 640.0 624.0 2191504.0 664992.0 413008.0 308288.0 325040.0 245952.0 199504.0 166464.0 1184.0 1168.0 1184.0 1216.0 1503664.0 536336.0 350736.0 270384.0 804832.0 464784.0 325856.0 247616.0 3584.0 3408.0 3280.0 3344.0 32.0 0.0 0.0 0.0 1564560.0 530352.0 340240.0 259456.0 724592.0 440896.0 314864.0 242896.0 3152.0 2736.0 2800.0 2752.0 16.0 32.0 0.0 0.0 1615472.0 569776.0 372128.0 284160.0 720432.0 435632.0 308192.0 237712.0 2944.0 2864.0 2736.0 2832.0 16.0 32.0 0.0 0.0 1322992.0 592944.0 381792.0 281072.0 8656.0 8064.0 7648.0 7872.0 16.0 48.0 16.0 16.0 2358448.0 708560.0 429584.0 312528.0 48800.0 46656.0 45376.0 41216.0 160.0 176.0 176.0 80.0
49 1 TRACE 36016.0 36024.0 36016.0 8.0 36016.0 36024.0 36016.0 8.0 36016.0 36024.0 36016.0 8.0 36016.0 36024.0 36016.0 8.0 36016.0 36024.0 36016.0 8.0 36016.0 36024.0 36016.0 8.0 36016.0 36024.0 36016.0 8.0 36016.0 36024.0 36016.0 8.0 36016.0 36024.0 36016.0 8.0 36016.0 36024.0 36016.0 8.0 36016.0 36024.0 36016.0 8.0 36016.0 36024.0 36016.0 8.0 36016.0 36024.0 36016.0 8.0 36016.0 36024.0 36016.0 8.0 36016.0 36024.0 36016.0 8.0 36016.0 36024.0 36016.0 8.0 36016.0 36024.0 36016.0 8.0 36016.0 36024.0 36016.0 8.0 36016.0 36024.0 36016.0 8.0 36016.0 36024.0 36016.0 8.0 36016.0 36024.0 36016.0 8.0 36016.0 36024.0 36016.0 8.0 36016.0 36024.0 36016.0 8.0 36016.0 36024.0 36016.0 8.0 36016.0 36024.0 36016.0 8.0 36016.0 36024.0 36016.0 8.0 36016.0 36024.0 36016.0 8.0 36016.0 36024.0 36016.0 8.0 36016.0 36024.0 36016.0 8.0 36016.0 36024.0 36016.0 8.0 36016.0 36024.0 36016.0 8.0 36016.0 36024.0 36016.0 8.0 36016.0 36024.0 36016.0 8.0 36016.0 36024.0 36016.0 8.0 36016.0 36024.0 36016.0 8.0 36016.0 36024.0 36016.0 8.0 36016.0 36024.0 36016.0 8.0 36016.0 36024.0 36016.0 8.0 36016.0 36024.0 36016.0 8.0 36016.0 36024.0 36016.0 8.0 36016.0 36024.0 36016.0 8.0 36016.0 36024.0 36016.0 8.0 36016.0 36024.0 36016.0 8.0 36016.0 36024.0 36016.0 8.0 36016.0 36024.0 36016.0 8.0 36016.0 36024.0 36016.0 8.0 36016.0 36024.0 36016.0 8.0 36016.0 36024.0 36016.0 8.0 36016.0 36024.0 36016.0 8.0 36016.0 36024.0 36016.0 8.0 36016.0 36024.0 36016.0 8.0 36016.0 36024.0 36016.0 8.0 36016.0 36024.0 36016.0 8.0 36016.0 36024.0 36016.0 8.0 36016.0 36024.0 36016.0 8.0 36016.0 36024.0 36016.0 8.0 36016.0 36024.0 36016.0 8.0 36016.0 36024.0 36016.0 8.0 36016.0 36024.0 36016.0 8.0 36016.0 36024.0 36016.0 8.0 36016.0 36024.0 36016.0 8.0 36016.0 36024.0 36016.0 8.0 36016.0 36024.0 36016.0 8.0 36016.0 36024.0 36016.0 8.0 36016.0 36024.0 36016.0 8.0 36016.0 36024.0 36016.0 8.0 36016.0 36024.0 36016.0 8.0 36016.0 36024.0 36016.0 8.0 36016.0 36024.0 36016.0 8.0 36016.0 36024.0 36016.0 8.0 36016.0 36024.0 36016.0 8.0 36016.0 36024.0 36016.0 8.0 36016.0 36024.0 36016.0 8.0 36016.0 36024.0 36016.0 8.0 36016.0 36024.0 36016.0 8.0 36016.0 36024.0 36016.0 8.0 36016.0 36024.0 36016.0 8.0 36016.0 36024.0 36016.0 8.0 36016.0 36024.0 36016.0 8.0 36016.0 36024.0 36016.0 8.0 36016.0 36024.0 36016.0 8.0 36016.0 36024.0 36016.0 8.0 36016.0 36024.0 36016.0 8.0 36016.0 36024.0 36016.0 8.0 36016.0 36024.0 36016.0 8.0 36016.0 36024.0 36016.0 8.0 36016.0 36024.0 36016.0 8.0 36016.0 36024.0 36016.0 8.0 36016.0 36024.0 36016.0 8.0 36016.0 36024.0 36016.0 8.0 36016.0 36024.0 36016.0 8.0 36016.0 36024.0 36016.0 8.0 36016.0 36024.0 36016.0 8.0 36016.0 36024.0 36016.0 8.0 36016.0 36024.0 36016.0 8.0 36016.0 36024.0 36016.0 8.0 36016.0 36024.0 36016.0 8.0 36016.0 36024.0 36016.0 8.0 36016.0 36024.0 36016.0 8.0 36016.0 36024.0 36016.0 8.0 36016.0 36024.0 36016.0 8.0 36016.0 36024.0 36016.0 8.0 36016.0 36024.0 36016.0 8.0 36016.0 36024.0 36016.0 8.0 36016.0 36024.0 36016.0 8.0 36016.0 36024.0 36016.0 8.0 36016.0 36024.0 36016.0 8.0 36016.0 36024.0 36016.0 8.0 36016.0 36024.0 36016.0 8.0 36016.0 36024.0 36016.0 8.0 36016.0 36024.0 36016.0 8.0 36016.0 36024.0 36016.0 8.0 36016.0 36024.0 36016.0 8.0 36016.0 36024.0 36016.0 8.0 36016.0 36024.0 36016.0 8.0 36016.0 36024.0 36016.0 8.0 36016.0 36024.0 36016.0 8.0 36016.0 36024.0 36016.0 8.0 36016.0 36024.0 36016.0 8.0 36016.0 36024.0 36016.0 8.0 36016.0 36024.0 36016.0 8.0 36016.0 36024.0 36016.0 8.0 36016.0 36024.0 36016.0 8.0 36016.0 36024.0 36016.0 8.0 36016.0 36024.0 36016.0 8.0 36016.0 36024.0 36016.0 8.0 36016.0 36024.0 36016.0 8.0 36016.0 36024.0 36016.0 8.0 36016.0 36024.0 36016.0 8.0 36016.0 36024.0 36016.0 8.0 36016.0 36024.0 36016.0 8.0 36016.0 36024.0 36016.0 8.0 36016.0 36024.0 36016.0 8.0 36016.0 36024.0 36016.0 8.0 36016.0 36024.0 36016.0 8.0 36016.0 36024.0 36016.0 8.0 36016.0 36024.0 36016.0 8.0 36016.0 36024.0 36016.0 8.0 36016.0 36024.0 36016.0 8.0 36016.0 36024.0 36016.0 8.0 36016.0 36024.0 36016.0 8.0 36016.0 36024.0 36016.0 8.0 36016.0 36024.0 36016.0 8.0 36016.0 36024.0 36016.0 8.0 36016.0 36024.0 36016.0 8.0 36016.0 36024.0 36016.0 8.0 36016.0 36024.0 36016.0 8.0 36016.0 36024.0 36016.0 8.0 36016.0 36024.0 36016.0 8.0 36016.0 36024.0 36016.0 8.0 36016.0 36024.0 36016.0 8.0 36016.0 36024.0 36016.0 8.0 36016.0 36024.0 36016.0 8.0 36016.0 36024.0 36016.0 8.0 36016.0 36024.0 36016.0 8.0 36016.0 36024.0 36016.0 8.0 36016.0 36024.0 36016.0 8.0 36016.0 36024.0 36016.0 8.0 36016.0 36024.0 36016.0 8.0 36016.0 36024.0 36016.0 8.0 36016.0 36024.0 36016.0 8.0 36016.0 36024.0 36016.0 8.0 36016.0 36024.0 36016.0 8.0 36016.0 36024.0 36016.0 8.0 36016.0 36024.0 36016.0 8.0 36016.0 36024.0 36016.0 8.0 36016.0 36024.0 36016.0 8.0 36016.0 36024.0 36016.0 8.0 36016.0 36024.0 36016.0 8.0 36016.0 36024.0 36016.0 8.0 36016.0 36024.0 36016.0 8.0 36016.0 36024.0 36016.0 8.0 36016.0 36024.0 36016.0 8.0 36016.0 36024.0 36016.0 8.0 36016.0 36024.0 36016.0 8.0 36016.0 36024.0 36016.0 8.0 36016.0 36024.0 36016.0 8.0 36016.0 36024.0 36016.0 8.0 36016.0 36024.0 36016.0 8.0 36016.0 36024.0 36016.0 8.0 36016.0 36024.0 36016.0 8.0 36016.0 36024.0 36016.0 8.0 36016.0 36024.0 36016.0 8.0 36016.0 36024.0 36016.0 8.0 36016.0 36024.0 36016.0 8.0 36016.0 36024.0 36016.0 8.0 36016.0 36024.0 36016.0 8.0 36016.0 36024.0 36016.0 8.0 36016.0 36024.0 36016.0 8.0 36016.0 36024.0 36016.0 8.0 36016.0 36024.0 36016.0 8.0 36016.0 36024.0 36016.0 8.0 36016.0 36024.0 36016.0 8.0 36016.0 36024.0 36016.0 8.0 36016.0 36024.0 36016.0 8.0 36016.0 36024.0 36016.0 8.0 36016.0 36024.0 36016.0 8.0 36016.0 36024.0 36016.0 8.0 36016.0 36024.0 36016.0 8.0 36016.0 36024.0 36016.0 8.0 36016.0 36024.0 36016.0 8.0 36016.0 36024.0 36016.0 8.0 36016.0 36024.0 36016.0 8.0 36016.0 36024.0 36016.0 8.0 36016.0 36024.0 36016.0 8.0 36016.0 36024.0 36016.0 8.0 36016.0 36024.0 36016.0 8.0 36016.0 36024.0 36016.0 8.0 36016.0 36024.0 36016.0 8.0 36016.0 36024.0 36016.0 8.0 36016.0 36024.0 36016.0 8.0 36016.0 36024.0 36016.0 8.0 36016.0 36024.0 36016.0 8.0
50 1 CONSTANT 8.0
51 1 CONSTANT 8.0
52 1 CONSTANT 8.0
53 1 CONSTANT 8.0
54 1 CONSTANT 0.0
55 1 CONSTANT 0.0
56 1 CONSTANT 0.0
57 1 CONSTANT 0.0
58 1 CONSTANT 0.0
59 1 CONSTANT 0.0
60 1 CONSTANT 0.0
61 1 CONSTANT 0.0
62 1 CONSTANT 8.0
