0 1 1 TRACE 1672854351904434.0
1 2 1 TRACE 11627.0 938.0 931.0 948.0 941.0 928.0 933.0 935.0 1007.0 932.0 979.0 981.0 986.0 962.0 937.0 933.0 930.0 934.0 954.0 933.0 935.0 933.0 1099.0 944.0 939.0 930.0 935.0 938.0 934.0 934.0 930.0 942.0 943.0 944.0 933.0 946.0 942.0 933.0 1154.0 929.0 942.0 932.0 956.0 927.0 928.0 931.0 941.0 951.0 933.0 930.0 947.0 944.0 936.0 928.0 924.0 933.0 936.0 923.0 913.0 947.0 903.0 919.0 915.0 918.0
2 3 1 TRACE 770.0 47.0 68.0 46.0 45.0 72.0 45.0 46.0 44.0 47.0 49.0 45.0 45.0 58.0 44.0 46.0 45.0 43.0 53.0 46.0 43.0 45.0 49.0 45.0 42.0 46.0 45.0 45.0 45.0 45.0 47.0 46.0 44.0 45.0 46.0 42.0 43.0 43.0 262.0 43.0 44.0 42.0 43.0 44.0 42.0 42.0 43.0 71.0 43.0 44.0 46.0 41.0 43.0 44.0 45.0 55.0 44.0 46.0 61.0 43.0 47.0 47.0 46.0 46.0
3 4 1 TRACE 37.0 20.0 22.0 19.0 20.0 26.0 24.0 19.0 20.0 19.0 21.0 20.0 21.0 18.0 18.0 19.0 18.0 20.0 19.0 57.0 18.0 19.0 19.0 20.0 19.0 18.0 18.0 21.0 19.0 19.0 19.0 20.0 19.0 19.0 18.0 19.0 19.0 19.0 25.0 20.0 19.0 19.0 19.0 18.0 19.0 19.0 18.0 19.0 19.0 19.0 18.0 19.0 19.0 19.0 19.0 20.0 19.0 19.0 20.0 19.0 20.0 20.0 19.0 20.0
4 5 1 TRACE 20.0 14.0 14.0 13.0 14.0 14.0 14.0 13.0 14.0 13.0 15.0 14.0 13.0 14.0 14.0 14.0 13.0 14.0 14.0 14.0 14.0 15.0 14.0 13.0 14.0 14.0 14.0 13.0 13.0 14.0 14.0 14.0 13.0 14.0 13.0 14.0 13.0 13.0 17.0 14.0 14.0 14.0 14.0 14.0 14.0 14.0 14.0 14.0 13.0 13.0 14.0 13.0 13.0 14.0 13.0 14.0 13.0 13.0 14.0 14.0 13.0 14.0 25.0 14.0
5 6 1 TRACE 43.0 24.0 19.0 20.0 18.0 19.0 20.0 16.0 14.0 14.0 17.0 14.0 13.0 14.0 27.0 18.0 19.0 17.0 18.0 18.0 19.0 20.0 17.0 20.0 16.0 19.0 17.0 18.0 17.0 17.0 17.0 15.0 17.0 15.0 17.0 28.0 17.0 18.0 21.0 18.0 18.0 17.0 24.0 20.0 23.0 25.0 22.0 19.0 20.0 20.0 17.0 17.0 20.0 18.0 23.0 18.0 15.0 14.0 13.0 14.0 15.0 12.0 12.0 14.0
6 7 1 TRACE 20.0 15.0 14.0 15.0 14.0 14.0 14.0 15.0 15.0 15.0 9.0 15.0 14.0 14.0 15.0 13.0 12.0 20.0 12.0 13.0 13.0 15.0 14.0 13.0 14.0 13.0 14.0 13.0 16.0 13.0 25.0 12.0 14.0 14.0 13.0 16.0 13.0 13.0 16.0 12.0 15.0 13.0 14.0 14.0 13.0 15.0 13.0 14.0 13.0 18.0 14.0 15.0 12.0 15.0 17.0 14.0 16.0 14.0 11.0 12.0 14.0 13.0 9.0 11.0
7 8 1 TRACE 19.0 14.0 14.0 14.0 15.0 14.0 14.0 14.0 14.0 14.0 8.0 14.0 13.0 14.0 13.0 14.0 13.0 15.0 13.0 13.0 16.0 16.0 15.0 14.0 14.0 13.0 13.0 13.0 13.0 13.0 24.0 13.0 14.0 15.0 14.0 14.0 14.0 13.0 17.0 14.0 13.0 13.0 15.0 16.0 14.0 15.0 15.0 15.0 14.0 17.0 15.0 15.0 15.0 15.0 14.0 14.0 14.0 14.0 14.0 14.0 14.0 14.0 11.0 14.0
8 9 1 TRACE 18.0 15.0 13.0 14.0 14.0 14.0 13.0 14.0 14.0 14.0 10.0 16.0 14.0 13.0 12.0 12.0 13.0 13.0 12.0 13.0 13.0 10.0 12.0 15.0 13.0 13.0 12.0 12.0 12.0 12.0 12.0 13.0 11.0 13.0 12.0 13.0 16.0 14.0 16.0 13.0 13.0 13.0 13.0 12.0 14.0 130.0 14.0 13.0 14.0 11.0 14.0 16.0 14.0 15.0 14.0 14.0 13.0 14.0 14.0 14.0 13.0 14.0 13.0 14.0
9 10 1 TRACE 49.0 32.0 34.0 34.0 33.0 34.0 33.0 34.0 34.0 35.0 35.0 34.0 35.0 34.0 34.0 34.0 34.0 34.0 33.0 34.0 33.0 33.0 32.0 33.0 32.0 35.0 32.0 33.0 33.0 33.0 32.0 32.0 33.0 35.0 33.0 33.0 34.0 43.0 97.0 33.0 32.0 33.0 33.0 33.0 147.0 138.0 149.0 32.0 33.0 35.0 32.0 32.0 36.0 40.0 34.0 33.0 53.0 34.0 35.0 33.0 42.0 34.0 34.0 33.0
10 11 1 TRACE 23.0 29.0 16.0 16.0 16.0 15.0 15.0 16.0 16.0 15.0 15.0 15.0 16.0 16.0 16.0 16.0 16.0 15.0 16.0 16.0 15.0 16.0 16.0 16.0 16.0 18.0 16.0 16.0 16.0 18.0 15.0 15.0 15.0 16.0 16.0 16.0 15.0 16.0 28.0 16.0 16.0 15.0 16.0 16.0 15.0 15.0 120.0 16.0 16.0 16.0 16.0 16.0 16.0 16.0 16.0 16.0 16.0 16.0 15.0 17.0 16.0 16.0 16.0 16.0
11 12 1 TRACE 29.0 23.0 17.0 18.0 16.0 17.0 16.0 17.0 18.0 17.0 17.0 19.0 17.0 19.0 18.0 18.0 18.0 17.0 17.0 18.0 17.0 18.0 18.0 18.0 27.0 20.0 17.0 18.0 17.0 23.0 17.0 21.0 28.0 17.0 16.0 18.0 18.0 17.0 28.0 18.0 17.0 17.0 18.0 18.0 119.0 129.0 18.0 17.0 18.0 18.0 17.0 17.0 17.0 20.0 17.0 18.0 17.0 17.0 28.0 17.0 17.0 19.0 18.0 17.0
12 13 1 TRACE 21.0 16.0 16.0 16.0 15.0 15.0 15.0 16.0 16.0 16.0 16.0 16.0 16.0 16.0 16.0 16.0 16.0 16.0 15.0 16.0 15.0 15.0 15.0 16.0 16.0 15.0 16.0 16.0 15.0 16.0 16.0 15.0 15.0 15.0 15.0 15.0 16.0 17.0 16.0 16.0 15.0 16.0 16.0 16.0 16.0 15.0 110.0 15.0 15.0 16.0 15.0 15.0 15.0 16.0 16.0 17.0 16.0 16.0 16.0 16.0 16.0 16.0 16.0 15.0
13 14 1 TRACE 22.0 12.0 13.0 13.0 12.0 12.0 13.0 12.0 12.0 12.0 12.0 12.0 11.0 11.0 12.0 12.0 12.0 11.0 11.0 11.0 11.0 12.0 12.0 12.0 12.0 12.0 12.0 12.0 11.0 11.0 11.0 11.0 11.0 12.0 11.0 11.0 11.0 11.0 12.0 11.0 11.0 12.0 12.0 12.0 12.0 11.0 13.0 11.0 11.0 11.0 12.0 13.0 12.0 12.0 12.0 12.0 12.0 12.0 12.0 12.0 11.0 16.0 12.0 13.0
14 15 1 TRACE 24.0 18.0 18.0 18.0 18.0 18.0 17.0 17.0 18.0 17.0 18.0 18.0 17.0 18.0 37.0 18.0 17.0 17.0 17.0 17.0 17.0 17.0 18.0 18.0 18.0 18.0 18.0 18.0 18.0 18.0 18.0 18.0 18.0 18.0 17.0 17.0 18.0 18.0 31.0 17.0 18.0 18.0 17.0 17.0 101.0 18.0 18.0 17.0 17.0 18.0 18.0 18.0 18.0 18.0 17.0 18.0 17.0 17.0 19.0 18.0 19.0 18.0 17.0 17.0
15 16 1 TRACE 13.0 9.0 9.0 8.0 9.0 9.0 9.0 9.0 8.0 8.0 8.0 9.0 8.0 9.0 8.0 9.0 8.0 8.0 8.0 9.0 9.0 8.0 9.0 9.0 9.0 9.0 9.0 9.0 9.0 8.0 9.0 9.0 8.0 9.0 8.0 8.0 8.0 9.0 9.0 8.0 8.0 9.0 9.0 9.0 8.0 8.0 14.0 8.0 9.0 9.0 8.0 9.0 9.0 9.0 9.0 9.0 8.0 9.0 9.0 9.0 9.0 21.0 8.0 9.0
16 17 1 TRACE 150.0 151.0 141.0 174.0 151.0 145.0 143.0 168.0 143.0 150.0 150.0 150.0 142.0 142.0 152.0 142.0 146.0 158.0 143.0 143.0 145.0 144.0 146.0 144.0 142.0 156.0 158.0 143.0 151.0 143.0 144.0 148.0 143.0 144.0 146.0 144.0 145.0 143.0 219.0 143.0 143.0 146.0 144.0 143.0 163.0 153.0 250.0 149.0 144.0 146.0 142.0 145.0 142.0 184.0 152.0 142.0 155.0 153.0 144.0 150.0 143.0 203.0 153.0 149.0
17 18 1 TRACE 20.0 17.0 15.0 16.0 15.0 16.0 16.0 18.0 16.0 16.0 17.0 16.0 16.0 16.0 31.0 16.0 15.0 17.0 15.0 16.0 15.0 16.0 16.0 15.0 18.0 16.0 29.0 15.0 16.0 15.0 18.0 16.0 15.0 16.0 17.0 15.0 16.0 20.0 17.0 15.0 16.0 15.0 15.0 15.0 16.0 15.0 16.0 16.0 16.0 16.0 16.0 16.0 15.0 17.0 15.0 16.0 15.0 16.0 16.0 16.0 16.0 17.0 15.0 16.0
18 19 1 TRACE 20.0 16.0 16.0 19.0 15.0 15.0 21.0 18.0 15.0 16.0 16.0 16.0 18.0 15.0 16.0 15.0 15.0 17.0 16.0 16.0 17.0 16.0 18.0 17.0 16.0 15.0 17.0 15.0 16.0 15.0 16.0 17.0 16.0 16.0 16.0 16.0 15.0 18.0 24.0 15.0 17.0 16.0 22.0 16.0 16.0 17.0 15.0 16.0 16.0 23.0 16.0 17.0 16.0 17.0 17.0 15.0 16.0 17.0 16.0 16.0 32.0 18.0 16.0 16.0
19 20 1 TRACE 19.0 23.0 15.0 16.0 16.0 15.0 15.0 18.0 15.0 15.0 15.0 15.0 15.0 15.0 17.0 15.0 15.0 15.0 15.0 16.0 23.0 16.0 16.0 21.0 16.0 16.0 16.0 15.0 15.0 15.0 15.0 15.0 15.0 15.0 15.0 15.0 15.0 15.0 20.0 16.0 16.0 15.0 15.0 15.0 15.0 15.0 15.0 14.0 16.0 15.0 21.0 15.0 16.0 16.0 15.0 15.0 15.0 16.0 14.0 16.0 16.0 17.0 15.0 15.0
20 21 1 TRACE 75.0 72.0 72.0 71.0 71.0 72.0 71.0 75.0 72.0 71.0 72.0 71.0 71.0 71.0 71.0 71.0 72.0 71.0 71.0 71.0 71.0 70.0 70.0 71.0 70.0 71.0 73.0 71.0 71.0 71.0 71.0 71.0 70.0 70.0 70.0 71.0 70.0 71.0 72.0 70.0 71.0 71.0 71.0 70.0 70.0 71.0 71.0 71.0 71.0 71.0 71.0 70.0 71.0 83.0 71.0 71.0 71.0 71.0 70.0 71.0 71.0 75.0 71.0 71.0
21 22 1 TRACE 26.0 12.0 11.0 12.0 11.0 11.0 11.0 14.0 13.0 13.0 12.0 13.0 13.0 12.0 13.0 13.0 13.0 13.0 13.0 13.0 12.0 13.0 13.0 13.0 13.0 12.0 14.0 13.0 13.0 13.0 13.0 13.0 13.0 13.0 14.0 11.0 12.0 11.0 24.0 12.0 12.0 12.0 12.0 13.0 13.0 13.0 13.0 12.0 13.0 13.0 13.0 13.0 18.0 14.0 13.0 13.0 13.0 13.0 13.0 14.0 13.0 24.0 12.0 13.0
22 23 1 TRACE 981.0 931.0 941.0 935.0 899.0 721.0 754.0 757.0 804.0 727.0 756.0 741.0 759.0 758.0 799.0 762.0 732.0 758.0 793.0 787.0 761.0 776.0 763.0 753.0 839.0 744.0 778.0 767.0 717.0 746.0 727.0 719.0 756.0 867.0 807.0 775.0 721.0 834.0 1034.0 761.0 731.0 716.0 756.0 751.0 769.0 801.0 765.0 806.0 902.0 956.0 718.0 765.0 748.0 742.0 715.0 733.0 733.0 751.0 761.0 743.0 737.0 724.0 745.0 811.0
23 24 1 TRACE 41.0 32.0 29.0 36.0 30.0 32.0 29.0 29.0 32.0 64.0 30.0 28.0 30.0 28.0 28.0 30.0 29.0 61.0 30.0 29.0 30.0 28.0 40.0 32.0 35.0 30.0 29.0 29.0 29.0 30.0 30.0 29.0 31.0 29.0 29.0 31.0 28.0 27.0 49.0 31.0 30.0 28.0 29.0 28.0 30.0 31.0 28.0 28.0 32.0 32.0 29.0 123.0 30.0 32.0 32.0 29.0 29.0 28.0 31.0 29.0 28.0 32.0 28.0 32.0
24 25 1 TRACE 56.0 25.0 24.0 24.0 26.0 27.0 23.0 25.0 28.0 24.0 24.0 24.0 23.0 25.0 28.0 24.0 24.0 25.0 24.0 28.0 24.0 24.0 25.0 25.0 25.0 24.0 25.0 24.0 23.0 23.0 24.0 23.0 24.0 23.0 24.0 24.0 23.0 24.0 46.0 23.0 24.0 23.0 24.0 33.0 25.0 24.0 40.0 24.0 24.0 25.0 23.0 32.0 25.0 25.0 24.0 24.0 25.0 23.0 24.0 25.0 26.0 32.0 23.0 24.0
25 26 1 TRACE 81.0 24.0 67.0 24.0 68.0 25.0 68.0 25.0 67.0 24.0 68.0 68.0 24.0 68.0 25.0 68.0 24.0 67.0 67.0 23.0 68.0 25.0 67.0 23.0 24.0 68.0 25.0 67.0 25.0 23.0 71.0 71.0 23.0 69.0 25.0 68.0 25.0 69.0 25.0 68.0 24.0 24.0 68.0 68.0 23.0 23.0 68.0 25.0 67.0 24.0 67.0 25.0 67.0 24.0 68.0 24.0 67.0 23.0 68.0 24.0 69.0 24.0 68.0 25.0 68.0 23.0 68.0 24.0 67.0 24.0 69.0 25.0 67.0 23.0 67.0 67.0 23.0 24.0 68.0 25.0 67.0 23.0 24.0 68.0 74.0 24.0 68.0 68.0 24.0 68.0 25.0 71.0 24.0 68.0 25.0 67.0 24.0 23.0 67.0 25.0 67.0 24.0 23.0 68.0 25.0 68.0 24.0 68.0 25.0 68.0 24.0 69.0 26.0 68.0 24.0 67.0 25.0 67.0 23.0 24.0 68.0 67.0 24.0 68.0 69.0 24.0 68.0 24.0 68.0 23.0 68.0 67.0 24.0 68.0 25.0 67.0 24.0 68.0 24.0 67.0 24.0 68.0 68.0 24.0 68.0 67.0 23.0 68.0 71.0 27.0 67.0 24.0 68.0 23.0 68.0 69.0 24.0 67.0 24.0 67.0 24.0 68.0 68.0 24.0 67.0 24.0 68.0 25.0 24.0 67.0 24.0 66.0 23.0 68.0 25.0 67.0 23.0 69.0 68.0 23.0 25.0 69.0 24.0 67.0 24.0 24.0 69.0 68.0 24.0 28.0 68.0 67.0 24.0 68.0 25.0 68.0 24.0 68.0 69.0 24.0 68.0 24.0 68.0 23.0 68.0 24.0 68.0 24.0 23.0 68.0 25.0 68.0 24.0 68.0 25.0 67.0 24.0 68.0 25.0 67.0 23.0 68.0 24.0 67.0 24.0 69.0 68.0 24.0 68.0 24.0 67.0 23.0 68.0 25.0 67.0 23.0 71.0 28.0 68.0 23.0 23.0 68.0 25.0 66.0 23.0 68.0 67.0 23.0 68.0 24.0
26 27 1 TRACE 12.0 7.0 8.0 8.0 8.0 8.0 7.0 8.0 7.0 8.0 8.0 8.0 7.0 8.0 7.0 8.0 8.0 8.0 8.0 7.0 8.0 8.0 8.0 7.0 8.0 8.0 7.0 8.0 7.0 7.0 10.0 10.0 7.0 8.0 8.0 7.0 7.0 7.0 8.0 8.0 7.0 8.0 8.0 8.0 8.0 8.0 8.0 8.0 7.0 8.0 8.0 8.0 7.0 7.0 8.0 7.0 7.0 7.0 8.0 8.0 8.0 8.0 7.0 8.0 8.0 7.0 8.0 8.0 8.0 8.0 8.0 7.0 7.0 8.0 8.0 7.0 8.0 7.0 8.0 8.0 8.0 7.0 7.0 8.0 7.0 8.0 8.0 7.0 8.0 7.0 8.0 8.0 8.0 8.0 8.0 7.0 8.0 7.0 8.0 7.0 8.0 7.0 7.0 8.0 8.0 8.0 7.0 8.0 7.0 8.0 7.0 15.0 8.0 8.0 8.0 7.0 7.0 8.0 7.0 8.0 8.0 8.0 7.0 7.0 8.0 8.0 8.0 8.0 7.0 7.0 8.0 8.0 8.0 8.0 7.0 7.0 8.0 8.0 7.0 8.0 8.0 8.0 8.0 7.0 8.0 8.0 8.0 8.0 9.0 9.0 7.0 8.0 7.0 7.0 8.0 8.0 8.0 7.0 8.0 8.0 7.0 8.0 7.0 8.0 8.0 7.0 7.0 8.0 8.0 7.0 7.0 8.0 7.0 8.0 8.0 8.0 7.0 8.0 8.0 7.0 8.0 8.0 8.0 8.0 8.0 8.0 7.0 8.0 7.0 8.0 7.0 8.0 7.0 8.0 8.0 12.0 8.0 8.0 8.0 8.0 8.0 7.0 8.0 7.0 8.0 7.0 8.0 7.0 7.0 7.0 7.0 8.0 8.0 8.0 8.0 8.0 8.0 8.0 7.0 8.0 7.0 8.0 7.0 8.0 8.0 8.0 8.0 8.0 7.0 7.0 7.0 7.0 8.0 8.0 8.0 8.0 21.0 8.0 7.0 7.0 7.0 8.0 7.0 8.0 8.0 8.0 7.0 7.0 8.0 7.0
27 28 1 TRACE 11.0 7.0 8.0 7.0 8.0 7.0 8.0 8.0 8.0 7.0 8.0 8.0 8.0 8.0 8.0 8.0 7.0 7.0 8.0 8.0 7.0 8.0 8.0 7.0 7.0 9.0 7.0 8.0 7.0 7.0 9.0 9.0 7.0 8.0 8.0 7.0 7.0 7.0 8.0 8.0 7.0 7.0 8.0 8.0 7.0 7.0 8.0 7.0 8.0 7.0 7.0 8.0 7.0 8.0 8.0 8.0 8.0 7.0 8.0 7.0 8.0 19.0 7.0 8.0 8.0 7.0 8.0 8.0 8.0 7.0 8.0 8.0 8.0 7.0 8.0 7.0 8.0 7.0 8.0 8.0 8.0 7.0 8.0 7.0 7.0 8.0 8.0 8.0 7.0 8.0 8.0 8.0 7.0 7.0 8.0 8.0 7.0 8.0 8.0 8.0 8.0 8.0 7.0 8.0 8.0 8.0 8.0 8.0 8.0 8.0 7.0 8.0 8.0 8.0 8.0 7.0 7.0 8.0 7.0 8.0 8.0 8.0 8.0 7.0 8.0 8.0 8.0 8.0 8.0 7.0 8.0 8.0 8.0 8.0 8.0 7.0 8.0 8.0 7.0 8.0 7.0 8.0 8.0 8.0 8.0 8.0 7.0 8.0 10.0 9.0 7.0 8.0 8.0 8.0 8.0 8.0 7.0 7.0 7.0 7.0 8.0 8.0 8.0 8.0 8.0 7.0 8.0 8.0 7.0 7.0 7.0 8.0 7.0 8.0 8.0 7.0 8.0 8.0 8.0 8.0 8.0 8.0 7.0 8.0 8.0 7.0 7.0 8.0 8.0 7.0 8.0 8.0 8.0 8.0 8.0 8.0 8.0 7.0 8.0 7.0 8.0 7.0 8.0 8.0 8.0 7.0 7.0 8.0 7.0 7.0 8.0 7.0 8.0 8.0 8.0 8.0 8.0 8.0 7.0 8.0 8.0 8.0 8.0 8.0 7.0 8.0 8.0 7.0 7.0 7.0 8.0 8.0 8.0 7.0 8.0 8.0 9.0 9.0 7.0 8.0 7.0 8.0 8.0 7.0 8.0 7.0 7.0 8.0 8.0 7.0
28 29 1 TRACE 12.0 9.0 10.0 8.0 9.0 8.0 10.0 9.0 9.0 8.0 9.0 9.0 9.0 10.0 9.0 10.0 8.0 8.0 9.0 9.0 10.0 9.0 9.0 8.0 9.0 10.0 9.0 9.0 9.0 9.0 11.0 11.0 9.0 10.0 9.0 9.0 9.0 10.0 9.0 10.0 9.0 9.0 9.0 9.0 9.0 8.0 10.0 8.0 9.0 9.0 10.0 9.0 8.0 9.0 11.0 8.0 9.0 8.0 11.0 9.0 9.0 10.0 10.0 8.0 9.0 9.0 10.0 8.0 9.0 8.0 10.0 9.0 9.0 8.0 9.0 9.0 8.0 10.0 10.0 9.0 8.0 10.0 9.0 9.0 9.0 8.0 9.0 9.0 9.0 11.0 9.0 10.0 8.0 10.0 10.0 9.0 8.0 9.0 9.0 9.0 10.0 8.0 9.0 10.0 9.0 9.0 9.0 10.0 14.0 9.0 8.0 10.0 9.0 9.0 9.0 11.0 9.0 9.0 9.0 9.0 9.0 9.0 8.0 9.0 9.0 9.0 11.0 8.0 10.0 9.0 9.0 9.0 9.0 10.0 9.0 9.0 9.0 9.0 8.0 9.0 9.0 9.0 9.0 9.0 9.0 9.0 9.0 9.0 11.0 11.0 10.0 9.0 9.0 9.0 9.0 9.0 9.0 10.0 8.0 9.0 8.0 9.0 9.0 9.0 10.0 8.0 9.0 8.0 9.0 10.0 9.0 9.0 9.0 10.0 9.0 9.0 9.0 10.0 9.0 8.0 10.0 10.0 8.0 9.0 8.0 11.0 10.0 9.0 8.0 10.0 9.0 10.0 9.0 10.0 8.0 10.0 8.0 9.0 9.0 8.0 10.0 8.0 9.0 9.0 10.0 8.0 10.0 8.0 9.0 9.0 9.0 9.0 9.0 10.0 9.0 9.0 9.0 10.0 8.0 9.0 9.0 10.0 9.0 9.0 8.0 9.0 9.0 9.0 9.0 8.0 9.0 9.0 10.0 13.0 9.0 9.0 24.0 10.0 9.0 8.0 9.0 9.0 9.0 8.0 8.0 9.0 9.0 9.0 10.0 8.0
29 30 1 TRACE 40.0 42.0 44.0 69.0 38.0 28.0 50.0 27.0 35.0 29.0 40.0 31.0 29.0 44.0 27.0 41.0 31.0 38.0 27.0 27.0 33.0 27.0 41.0 26.0 32.0 40.0 156.0 38.0 32.0 30.0 143.0 17.0 27.0 52.0 251.0 39.0 29.0 39.0 126.0 33.0 27.0 30.0 59.0 29.0 27.0 29.0 42.0 29.0 31.0 31.0 40.0 31.0 37.0 31.0 37.0 28.0 141.0 27.0 35.0 30.0 28.0 104.0 46.0 32.0 35.0 26.0 38.0 30.0 34.0 28.0 41.0 27.0 31.0 33.0 37.0 25.0 27.0 25.0 39.0 30.0 29.0 24.0 30.0 40.0 21.0 28.0 41.0 20.0 47.0 41.0 31.0 72.0 31.0 47.0 26.0 27.0 29.0 33.0 36.0 32.0 27.0 27.0 150.0 41.0 31.0 36.0 36.0 40.0 18.0 45.0 30.0 32.0 30.0 31.0 32.0 46.0 31.0 40.0 45.0 32.0 43.0 26.0 30.0 42.0 29.0 27.0 39.0 31.0 30.0 31.0 39.0 40.0 35.0 48.0 31.0 29.0 30.0 38.0 33.0 29.0 67.0 38.0 30.0 28.0 38.0 30.0 27.0 40.0 64.0 76.0 41.0 29.0 29.0 28.0 45.0 30.0 30.0 40.0 35.0 31.0 31.0 37.0 31.0 30.0 37.0 32.0 28.0 29.0 29.0 40.0 29.0 30.0 28.0 39.0 30.0 30.0 24.0 35.0 28.0 30.0 55.0 34.0 30.0 26.0 29.0 30.0 39.0 29.0 28.0 24.0 36.0 36.0 35.0 41.0 28.0 59.0 29.0 39.0 75.0 30.0 37.0 31.0 29.0 27.0 42.0 30.0 57.0 87.0 28.0 39.0 31.0 28.0 27.0 78.0 28.0 32.0 27.0 39.0 34.0 28.0 28.0 40.0 31.0 35.0 28.0 40.0 29.0 30.0 40.0 28.0 28.0 28.0 158.0 18.0 27.0 25.0 175.0 29.0 28.0 27.0 26.0 41.0 30.0 30.0 29.0 43.0 50.0 33.0 40.0 31.0
30 31 1 TRACE 25.0 18.0 19.0 25.0 17.0 16.0 22.0 15.0 10.0 14.0 19.0 17.0 15.0 22.0 16.0 17.0 15.0 17.0 10.0 15.0 23.0 15.0 10.0 8.0 15.0 19.0 16.0 18.0 16.0 16.0 19.0 12.0 14.0 22.0 16.0 17.0 16.0 25.0 17.0 17.0 15.0 17.0 18.0 10.0 8.0 15.0 22.0 15.0 11.0 15.0 21.0 14.0 17.0 16.0 20.0 15.0 11.0 8.0 25.0 15.0 10.0 28.0 21.0 16.0 10.0 14.0 21.0 16.0 11.0 14.0 20.0 16.0 11.0 8.0 18.0 11.0 8.0 16.0 18.0 15.0 10.0 15.0 16.0 18.0 11.0 8.0 17.0 11.0 17.0 18.0 16.0 17.0 15.0 23.0 16.0 10.0 8.0 17.0 19.0 15.0 17.0 15.0 16.0 21.0 16.0 18.0 16.0 21.0 16.0 17.0 16.0 22.0 15.0 11.0 14.0 19.0 16.0 10.0 15.0 17.0 18.0 18.0 15.0 16.0 11.0 16.0 26.0 16.0 17.0 10.0 16.0 11.0 15.0 19.0 16.0 17.0 17.0 19.0 9.0 18.0 9.0 16.0 17.0 9.0 16.0 10.0 8.0 20.0 22.0 17.0 20.0 16.0 10.0 15.0 17.0 17.0 16.0 21.0 16.0 18.0 10.0 16.0 18.0 16.0 21.0 16.0 18.0 10.0 16.0 18.0 15.0 11.0 15.0 23.0 17.0 10.0 15.0 17.0 10.0 14.0 17.0 17.0 15.0 10.0 8.0 18.0 17.0 10.0 15.0 18.0 18.0 22.0 15.0 21.0 16.0 18.0 16.0 16.0 11.0 14.0 20.0 15.0 10.0 17.0 19.0 16.0 18.0 16.0 14.0 22.0 16.0 11.0 15.0 21.0 17.0 11.0 15.0 20.0 16.0 11.0 15.0 24.0 16.0 10.0 17.0 17.0 17.0 18.0 142.0 15.0 10.0 15.0 123.0 16.0 10.0 15.0 24.0 16.0 11.0 15.0 17.0 18.0 15.0 10.0 14.0 16.0 10.0 15.0 22.0 16.0
31 32 1 TRACE 17.0 11.0 14.0 13.0 17.0 12.0 14.0 14.0 12.0 11.0 14.0 12.0 11.0 14.0 13.0 11.0 11.0 13.0 11.0 11.0 15.0 14.0 11.0 11.0 11.0 21.0 13.0 11.0 12.0 11.0 13.0 14.0 11.0 15.0 14.0 12.0 11.0 15.0 13.0 11.0 11.0 11.0 14.0 11.0 10.0 10.0 14.0 14.0 11.0 11.0 14.0 13.0 11.0 12.0 14.0 13.0 10.0 10.0 15.0 12.0 12.0 24.0 15.0 12.0 11.0 11.0 14.0 12.0 11.0 11.0 14.0 13.0 11.0 11.0 13.0 11.0 11.0 11.0 14.0 13.0 11.0 11.0 12.0 13.0 17.0 11.0 13.0 12.0 11.0 15.0 13.0 12.0 11.0 16.0 14.0 12.0 11.0 11.0 13.0 13.0 11.0 11.0 11.0 14.0 13.0 11.0 11.0 14.0 13.0 11.0 11.0 14.0 14.0 11.0 11.0 14.0 14.0 11.0 11.0 11.0 15.0 11.0 11.0 14.0 12.0 11.0 16.0 14.0 12.0 11.0 13.0 11.0 11.0 14.0 13.0 11.0 12.0 14.0 12.0 11.0 11.0 13.0 11.0 11.0 14.0 11.0 11.0 14.0 24.0 13.0 14.0 13.0 10.0 10.0 13.0 12.0 11.0 16.0 13.0 17.0 11.0 14.0 11.0 11.0 15.0 13.0 11.0 11.0 14.0 14.0 13.0 11.0 10.0 14.0 13.0 11.0 11.0 14.0 11.0 11.0 11.0 13.0 12.0 11.0 12.0 11.0 13.0 11.0 12.0 12.0 13.0 12.0 11.0 14.0 13.0 12.0 11.0 14.0 12.0 10.0 14.0 12.0 11.0 11.0 14.0 13.0 12.0 11.0 11.0 14.0 12.0 11.0 15.0 14.0 13.0 11.0 11.0 15.0 14.0 11.0 11.0 16.0 14.0 12.0 12.0 15.0 11.0 11.0 15.0 13.0 11.0 11.0 15.0 14.0 11.0 11.0 18.0 14.0 11.0 11.0 11.0 15.0 12.0 11.0 11.0 14.0 11.0 12.0 15.0 13.0
32 33 1 TRACE 22.0 15.0 18.0 16.0 16.0 27.0 19.0 15.0 14.0 15.0 16.0 15.0 15.0 18.0 16.0 16.0 14.0 16.0 15.0 15.0 17.0 15.0 15.0 14.0 14.0 19.0 15.0 14.0 14.0 15.0 16.0 17.0 14.0 19.0 16.0 16.0 14.0 18.0 14.0 15.0 14.0 15.0 16.0 15.0 14.0 14.0 18.0 16.0 14.0 14.0 17.0 16.0 16.0 15.0 18.0 15.0 15.0 14.0 19.0 18.0 16.0 27.0 20.0 15.0 14.0 14.0 18.0 16.0 14.0 14.0 17.0 16.0 15.0 14.0 15.0 16.0 14.0 15.0 16.0 15.0 14.0 14.0 14.0 15.0 17.0 15.0 16.0 17.0 15.0 16.0 14.0 17.0 14.0 18.0 16.0 15.0 14.0 16.0 16.0 15.0 14.0 15.0 15.0 16.0 21.0 15.0 15.0 16.0 16.0 15.0 14.0 19.0 16.0 14.0 14.0 16.0 16.0 15.0 15.0 16.0 16.0 15.0 15.0 16.0 15.0 15.0 18.0 15.0 15.0 15.0 18.0 15.0 15.0 16.0 15.0 126.0 15.0 16.0 15.0 132.0 15.0 15.0 131.0 14.0 15.0 14.0 18.0 16.0 16.0 17.0 17.0 15.0 128.0 15.0 16.0 15.0 15.0 18.0 16.0 134.0 14.0 16.0 127.0 14.0 17.0 15.0 129.0 15.0 15.0 15.0 15.0 15.0 14.0 19.0 15.0 15.0 15.0 21.0 15.0 15.0 16.0 15.0 14.0 14.0 14.0 16.0 15.0 14.0 14.0 15.0 16.0 16.0 14.0 16.0 15.0 16.0 14.0 15.0 15.0 15.0 18.0 15.0 14.0 15.0 16.0 15.0 16.0 15.0 14.0 17.0 15.0 15.0 15.0 19.0 14.0 15.0 20.0 129.0 15.0 14.0 15.0 133.0 16.0 15.0 14.0 17.0 15.0 14.0 112.0 21.0 14.0 14.0 17.0 16.0 16.0 14.0 20.0 16.0 15.0 21.0 15.0 16.0 15.0 14.0 15.0 15.0 15.0 15.0 18.0 16.0
33 34 1 TRACE 5511.0 7818.0 3534.0 2151.0 5176.0 4351.0 4836.0 2776.0 2066.0 4829.0 3320.0 3589.0 6237.0 4320.0 2719.0 3291.0 4058.0 2722.0 2505.0 5157.0 4002.0 2715.0 3826.0 2109.0 6959.0 4145.0 2250.0 4281.0 1624.0 32795.0 2988.0 2983.0 5137.0 4261.0 2210.0 4594.0 4219.0 4253.0 2252.0 3455.0 3026.0 43779.0 2944.0 3524.0 1762.0 5760.0 4068.0 2247.0 2813.0 6414.0 4117.0 2664.0 3792.0 5712.0 4084.0 2747.0 2722.0 4207.0 4252.0 2773.0 3482.0 8544.0 4051.0 2597.0 2928.0 6128.0 4139.0 2146.0 3734.0 5233.0 3947.0 2140.0 4201.0 3346.0 2768.0 1949.0 1872.0 18864.0 3032.0 2180.0 4341.0 3322.0 30658.0 2927.0 4043.0 3813.0 2735.0 4386.0 16981.0 3285.0 2244.0 3406.0 5141.0 4240.0 2715.0 2541.0 1406.0 22179.0 3001.0 2226.0 2975.0 2252.0 7964.0 3743.0 2190.0 4064.0 6855.0 3883.0 2231.0 3969.0 3783.0 4143.0 2175.0 3326.0 7562.0 4057.0 2663.0 3729.0 3577.0 31601.0 2864.0 2765.0 3761.0 2705.0 3837.0 6594.0 3881.0 2137.0 3602.0 3924.0 2849.0 2079.0 9831.0 3571.0 2156.0 3723.0 17293.0 3044.0 1664.0 2726.0 2386.0 2738.0 3817.0 3397.0 2745.0 3318.0 4580.0 2690.0 5172.0 5960.0 3957.0 2169.0 4024.0 4426.0 2697.0 4179.0 4803.0 3991.0 2137.0 4186.0 3358.0 2748.0 4488.0 5842.0 3920.0 2176.0 4614.0 3118.0 18329.0 3007.0 2216.0 3006.0 4590.0 4220.0 2179.0 2741.0 4290.0 2852.0 2833.0 4295.0 31391.0 2950.0 2222.0 3222.0 2903.0 46374.0 2848.0 2880.0 3866.0 46859.0 2798.0 2882.0 5843.0 4184.0 2166.0 4193.0 1702.0 2753.0 4027.0 7326.0 3892.0 2143.0 3975.0 12868.0 3167.0 2219.0 3662.0 1115.0 5897.0 3921.0 2141.0 2622.0 5672.0 4233.0 2720.0 2992.0 8112.0 3680.0 2140.0 3073.0 4384.0 4417.0 2208.0 2189.0 3627.0 2828.0 3783.0 10637.0 3380.0 2210.0 4181.0 7051.0 3811.0 2153.0 3200.0 6833.0 5055.0 2330.0 3944.0 3804.0 18175.0 3036.0 2209.0 3187.0 3962.0 2783.0 2924.0 5783.0 4027.0 2218.0
34 35 1 TRACE 818.0 860.0 57.0 47.0 61.0 57.0 64.0 41.0 42.0 57.0 141.0 59.0 80.0 126.0 40.0 60.0 55.0 60.0 58.0 84.0 58.0 47.0 21.0 73.0 96.0 59.0 41.0 56.0 43.0 487.0 95.0 56.0 67.0 150.0 42.0 60.0 70.0 60.0 42.0 45.0 51.0 585.0 61.0 40.0 54.0 69.0 61.0 41.0 70.0 76.0 119.0 41.0 59.0 93.0 77.0 41.0 19.0 70.0 91.0 39.0 70.0 84.0 61.0 41.0 61.0 95.0 60.0 44.0 56.0 85.0 60.0 41.0 21.0 61.0 60.0 19.0 52.0 274.0 62.0 34.0 62.0 49.0 551.0 63.0 22.0 62.0 58.0 58.0 241.0 63.0 32.0 56.0 63.0 73.0 42.0 20.0 59.0 293.0 71.0 32.0 72.0 55.0 134.0 60.0 40.0 59.0 94.0 59.0 61.0 54.0 74.0 60.0 41.0 61.0 97.0 87.0 41.0 59.0 51.0 460.0 65.0 59.0 275.0 82.0 62.0 89.0 60.0 39.0 122.0 62.0 77.0 59.0 122.0 59.0 33.0 157.0 294.0 64.0 38.0 19.0 58.0 82.0 121.0 61.0 79.0 122.0 67.0 59.0 84.0 88.0 61.0 43.0 157.0 52.0 59.0 157.0 383.0 150.0 39.0 21.0 115.0 58.0 154.0 83.0 71.0 31.0 21.0 54.0 274.0 63.0 16.0 59.0 213.0 61.0 45.0 58.0 54.0 59.0 56.0 63.0 464.0 118.0 16.0 21.0 57.0 574.0 59.0 44.0 90.0 607.0 58.0 56.0 85.0 59.0 41.0 54.0 45.0 58.0 57.0 93.0 137.0 40.0 57.0 238.0 58.0 40.0 45.0 48.0 77.0 60.0 40.0 62.0 67.0 61.0 42.0 56.0 116.0 158.0 57.0 57.0 63.0 60.0 41.0 57.0 72.0 80.0 61.0 238.0 61.0 32.0 61.0 112.0 59.0 42.0 56.0 86.0 61.0 43.0 45.0 51.0 277.0 62.0 15.0 57.0 251.0 59.0 61.0 105.0 62.0 42.0
35 36 1 TRACE 43.0 221.0 35.0 108.0 35.0 71.0 37.0 33.0 28.0 40.0 41.0 52.0 94.0 81.0 34.0 46.0 42.0 36.0 33.0 109.0 38.0 36.0 14.0 36.0 177.0 37.0 33.0 34.0 35.0 924.0 40.0 33.0 253.0 50.0 34.0 36.0 88.0 37.0 36.0 30.0 36.0 1065.0 36.0 14.0 34.0 79.0 37.0 36.0 59.0 93.0 185.0 55.0 34.0 125.0 51.0 34.0 15.0 67.0 81.0 34.0 81.0 105.0 38.0 33.0 35.0 124.0 40.0 33.0 56.0 110.0 38.0 33.0 14.0 39.0 36.0 14.0 76.0 486.0 116.0 28.0 33.0 36.0 820.0 54.0 25.0 49.0 55.0 71.0 389.0 133.0 28.0 36.0 62.0 37.0 36.0 14.0 33.0 533.0 74.0 28.0 36.0 34.0 504.0 35.0 33.0 34.0 153.0 35.0 35.0 33.0 101.0 39.0 34.0 35.0 128.0 78.0 33.0 36.0 36.0 894.0 36.0 139.0 48.0 38.0 137.0 125.0 36.0 34.0 115.0 41.0 52.0 153.0 174.0 36.0 29.0 34.0 475.0 39.0 33.0 14.0 39.0 36.0 15.0 38.0 35.0 117.0 58.0 36.0 183.0 108.0 37.0 36.0 36.0 45.0 41.0 34.0 590.0 78.0 35.0 15.0 154.0 35.0 35.0 110.0 53.0 28.0 14.0 53.0 511.0 60.0 14.0 33.0 54.0 42.0 34.0 34.0 42.0 35.0 34.0 37.0 843.0 79.0 14.0 14.0 35.0 1045.0 36.0 29.0 36.0 1130.0 36.0 35.0 98.0 46.0 36.0 36.0 38.0 35.0 38.0 114.0 40.0 33.0 56.0 326.0 34.0 32.0 29.0 32.0 88.0 37.0 53.0 58.0 70.0 143.0 34.0 53.0 163.0 36.0 36.0 32.0 77.0 39.0 35.0 33.0 262.0 44.0 36.0 237.0 35.0 29.0 36.0 167.0 36.0 33.0 36.0 103.0 41.0 35.0 39.0 39.0 549.0 39.0 14.0 34.0 57.0 36.0 35.0 157.0 37.0 35.0
36 37 1 TRACE 181.0 2804.0 487.0 44.0 30.0 546.0 67.0 58.0 1425.0 97.0 76.0 30.0 858.0 385.0 92.0 28.0 431.0 130.0 1322.0 1060.0 150.0 48.0 25.0 29.0 2916.0 48.0 538.0 28.0 60.0 15241.0 52.0 1111.0 585.0 174.0 558.0 29.0 2025.0 66.0 531.0 28.0 50.0 15734.0 179.0 1283.0 28.0 1018.0 256.0 504.0 1353.0 1323.0 49.0 23.0 29.0 1892.0 55.0 22.0 1492.0 445.0 109.0 25.0 35.0 1494.0 133.0 118.0 29.0 2268.0 50.0 621.0 31.0 1666.0 220.0 677.0 25.0 1375.0 124.0 1390.0 68.0 6781.0 92.0 61.0 29.0 178.0 13862.0 57.0 36.0 1335.0 96.0 38.0 6184.0 78.0 582.0 27.0 538.0 67.0 25.0 1498.0 107.0 8149.0 129.0 573.0 56.0 28.0 2681.0 44.0 28.0 35.0 2810.0 228.0 520.0 27.0 737.0 57.0 604.0 1475.0 1517.0 50.0 25.0 132.0 47.0 14930.0 122.0 244.0 778.0 133.0 38.0 1751.0 115.0 93.0 29.0 407.0 49.0 1231.0 2735.0 162.0 538.0 38.0 7161.0 352.0 23.0 49.0 1380.0 195.0 26.0 1352.0 142.0 1164.0 185.0 169.0 44.0 2959.0 50.0 43.0 31.0 192.0 134.0 30.0 1106.0 158.0 559.0 26.0 1035.0 117.0 31.0 1640.0 50.0 29.0 25.0 33.0 6726.0 192.0 103.0 1361.0 521.0 68.0 577.0 1269.0 142.0 131.0 26.0 44.0 13684.0 35.0 88.0 31.0 1259.0 13859.0 142.0 1297.0 147.0 14751.0 122.0 163.0 2518.0 52.0 716.0 29.0 99.0 184.0 30.0 1560.0 263.0 668.0 39.0 5755.0 201.0 594.0 27.0 52.0 1231.0 389.0 46.0 1333.0 604.0 134.0 25.0 31.0 3224.0 152.0 92.0 1365.0 489.0 66.0 558.0 1451.0 62.0 133.0 32.0 4030.0 110.0 496.0 31.0 3691.0 70.0 88.0 31.0 982.0 132.0 84.0 30.0 37.0 8931.0 137.0 119.0 1384.0 100.0 73.0 1302.0 1358.0 50.0 25.0
37 38 1 TRACE 31.0 1373.0 29.0 31.0 29.0 337.0 31.0 30.0 27.0 63.0 26.0 28.0 518.0 28.0 49.0 25.0 78.0 36.0 25.0 630.0 26.0 27.0 26.0 24.0 943.0 31.0 23.0 25.0 34.0 2666.0 32.0 23.0 375.0 27.0 29.0 27.0 443.0 27.0 30.0 37.0 41.0 3336.0 30.0 22.0 24.0 552.0 32.0 27.0 46.0 709.0 31.0 27.0 26.0 913.0 46.0 31.0 25.0 294.0 26.0 30.0 54.0 779.0 27.0 28.0 25.0 741.0 33.0 29.0 30.0 794.0 26.0 29.0 26.0 150.0 29.0 22.0 34.0 1834.0 31.0 34.0 28.0 32.0 2647.0 29.0 29.0 145.0 25.0 34.0 1708.0 27.0 27.0 26.0 321.0 26.0 27.0 23.0 28.0 1886.0 31.0 24.0 25.0 23.0 1175.0 33.0 25.0 28.0 1023.0 28.0 29.0 145.0 553.0 27.0 28.0 140.0 824.0 49.0 29.0 27.0 36.0 2672.0 29.0 25.0 127.0 26.0 29.0 872.0 27.0 27.0 27.0 56.0 25.0 26.0 1263.0 28.0 28.0 30.0 1823.0 26.0 26.0 24.0 51.0 26.0 26.0 49.0 25.0 26.0 131.0 26.0 78.0 822.0 27.0 26.0 28.0 116.0 27.0 26.0 577.0 27.0 27.0 27.0 102.0 26.0 28.0 837.0 26.0 27.0 31.0 28.0 1820.0 30.0 22.0 23.0 307.0 41.0 27.0 23.0 97.0 26.0 26.0 33.0 2634.0 29.0 22.0 26.0 41.0 3272.0 30.0 23.0 42.0 3366.0 142.0 26.0 715.0 27.0 126.0 26.0 48.0 140.0 33.0 803.0 27.0 127.0 27.0 1409.0 26.0 143.0 28.0 24.0 677.0 32.0 22.0 24.0 375.0 36.0 29.0 27.0 1123.0 27.0 129.0 23.0 321.0 28.0 29.0 25.0 50.0 27.0 27.0 1351.0 28.0 29.0 29.0 1188.0 26.0 26.0 27.0 595.0 34.0 28.0 28.0 30.0 1925.0 30.0 23.0 23.0 68.0 27.0 25.0 756.0 26.0 31.0
38 39 1 TRACE 28.0 22.0 20.0 20.0 20.0 26.0 20.0 19.0 20.0 20.0 24.0 20.0 21.0 20.0 33.0 20.0 22.0 24.0 19.0 20.0 20.0 19.0 20.0 19.0 21.0 21.0 19.0 18.0 20.0 29.0 20.0 19.0 21.0 19.0 20.0 19.0 23.0 21.0 19.0 22.0 19.0 28.0 20.0 19.0 20.0 20.0 20.0 20.0 21.0 20.0 22.0 19.0 20.0 32.0 21.0 20.0 19.0 21.0 20.0 20.0 41.0 22.0 21.0 23.0 19.0 21.0 20.0 19.0 21.0 23.0 21.0 19.0 19.0 27.0 24.0 19.0 20.0 27.0 20.0 19.0 20.0 20.0 30.0 23.0 21.0 20.0 23.0 20.0 25.0 21.0 19.0 20.0 20.0 20.0 20.0 19.0 19.0 21.0 20.0 19.0 19.0 19.0 20.0 20.0 21.0 135.0 21.0 21.0 20.0 138.0 20.0 20.0 21.0 21.0 20.0 20.0 19.0 21.0 19.0 25.0 20.0 18.0 20.0 24.0 20.0 20.0 20.0 20.0 19.0 19.0 23.0 19.0 23.0 20.0 19.0 19.0 24.0 19.0 22.0 25.0 20.0 24.0 24.0 20.0 23.0 19.0 20.0 24.0 33.0 21.0 20.0 19.0 20.0 22.0 23.0 19.0 20.0 19.0 20.0 19.0 26.0 24.0 19.0 20.0 21.0 20.0 19.0 19.0 22.0 20.0 19.0 19.0 20.0 21.0 19.0 20.0 20.0 24.0 19.0 115.0 28.0 20.0 19.0 32.0 20.0 30.0 132.0 26.0 20.0 28.0 122.0 20.0 21.0 22.0 134.0 19.0 21.0 25.0 20.0 21.0 21.0 136.0 20.0 22.0 21.0 23.0 24.0 19.0 20.0 21.0 20.0 19.0 21.0 21.0 23.0 20.0 27.0 20.0 42.0 20.0 21.0 20.0 19.0 21.0 20.0 24.0 19.0 21.0 20.0 20.0 20.0 21.0 19.0 20.0 20.0 21.0 109.0 26.0 19.0 27.0 23.0 20.0 19.0 20.0 21.0 24.0 19.0 22.0 21.0 20.0
39 25 1 TRACE 16.0 16.0 15.0 16.0 14.0 15.0 16.0 15.0 15.0 16.0 15.0 14.0 16.0 14.0 15.0 15.0 16.0 16.0 114.0 15.0 15.0 15.0 19.0 16.0 14.0 15.0 15.0 29.0 15.0 17.0 29.0 16.0 17.0 16.0 15.0 16.0 15.0 15.0 15.0 16.0 16.0 15.0 15.0 16.0 16.0 15.0 17.0 15.0 15.0 15.0 15.0 15.0 15.0 119.0 16.0 17.0 22.0 15.0 16.0 15.0 15.0 14.0 17.0 16.0 15.0 15.0 16.0 16.0 16.0 14.0 16.0 15.0 19.0 17.0 16.0 15.0 16.0 15.0 16.0 16.0 15.0 16.0 16.0 15.0 16.0 15.0 15.0 23.0 15.0 15.0 16.0 15.0 16.0 15.0 16.0 16.0 15.0 16.0 16.0 16.0 15.0 15.0 16.0 15.0 16.0 15.0 15.0 15.0 16.0 15.0 15.0 17.0 16.0 16.0 15.0 24.0 16.0 38.0 17.0 15.0 15.0 16.0
39 40 1 TRACE 48.0 39.0 37.0 39.0 41.0 40.0 40.0 48.0 37.0 52.0 46.0 41.0 39.0 42.0 38.0 51.0 44.0 140.0 36.0 46.0 48.0 38.0 43.0 39.0 155.0 46.0 40.0 39.0 39.0 42.0 38.0 47.0 40.0 48.0 44.0 42.0 38.0 38.0 54.0 41.0 38.0 38.0 40.0 46.0 47.0 130.0 47.0 45.0 49.0 40.0 38.0 39.0 41.0 43.0 41.0 42.0 37.0 36.0 42.0 41.0 40.0 47.0 40.0 39.0
39 51 1 TRACE 51.0 43.0 48.0 45.0 44.0 41.0 40.0 41.0 42.0 42.0 45.0 42.0 40.0 62.0 43.0 43.0 44.0 43.0 46.0 39.0 41.0 40.0 58.0 42.0 39.0 52.0 42.0 46.0 40.0 40.0 43.0 42.0 43.0 44.0 43.0 43.0 42.0 43.0 55.0 40.0 61.0 42.0 42.0 43.0 45.0 44.0 138.0 134.0 158.0 41.0 155.0 40.0 40.0 43.0 40.0 47.0 43.0 41.0 41.0 42.0 46.0 54.0 45.0 40.0
40 41 1 TRACE 2260.0 1680.0 1513.0 1961.0 1264.0 1620.0 1724.0 4379.0 1519.0 1462.0 4779.0 1447.0 1971.0 2018.0 1245.0 1891.0 1534.0 1624.0 1142.0 3051.0 4173.0 1186.0 2833.0 1356.0 3173.0 2106.0 1713.0 1645.0 1918.0 4257.0 1278.0 1592.0 1336.0 2162.0 3019.0 1203.0 1243.0 1181.0 1646.0 1283.0 1521.0 1270.0 1884.0 3026.0 1349.0 1275.0 4166.0 4759.0 4852.0 1723.0 1256.0 1865.0 2549.0 1585.0 1436.0 1732.0 1329.0 1283.0 2421.0 2017.0 1648.0 3243.0 1734.0 1526.0
41 42 1 TRACE 18.0 17.0 16.0 13.0 16.0 15.0 12.0 16.0 15.0 14.0 12.0 15.0 15.0 12.0 15.0 15.0 14.0 13.0 15.0 14.0 13.0 16.0 16.0 16.0 18.0 16.0 13.0 16.0 15.0 16.0 16.0 15.0 17.0 16.0 15.0 12.0 16.0 16.0 12.0 22.0 15.0 13.0 27.0 15.0 17.0 16.0 15.0 15.0 16.0 15.0 12.0 17.0 15.0 15.0 17.0 16.0 12.0 15.0 15.0 14.0 18.0 15.0 14.0 16.0 15.0 14.0 12.0 16.0 16.0 15.0 16.0 16.0 16.0 13.0 16.0 16.0 16.0 16.0 14.0 13.0 16.0 15.0 12.0 16.0 15.0 12.0 15.0 14.0 13.0 16.0 15.0 15.0 16.0 15.0 12.0 17.0 15.0 14.0 12.0 16.0 15.0 12.0 17.0 15.0 15.0 14.0 15.0 15.0 16.0 16.0 15.0 12.0 16.0 15.0 16.0 12.0 15.0 15.0 15.0 12.0 16.0 15.0 17.0 14.0 15.0 16.0 12.0 17.0 16.0 13.0 12.0 16.0 18.0 12.0 15.0 16.0 14.0 13.0 18.0 16.0 15.0 16.0 15.0 12.0 17.0 16.0 15.0 16.0 16.0 17.0 17.0 16.0 13.0 17.0 15.0 15.0 17.0 16.0 15.0 12.0 16.0 14.0 12.0 16.0 15.0 14.0 13.0 16.0 15.0 14.0 16.0 15.0 12.0 16.0 15.0 13.0 16.0 15.0 13.0 15.0 15.0 12.0 16.0 21.0 12.0 15.0 15.0 14.0 14.0 16.0 15.0 13.0 15.0 15.0 13.0 16.0 16.0 15.0 16.0 13.0 13.0 15.0 16.0 16.0 13.0 16.0 15.0
42 43 1 TRACE 15.0 11.0 15.0 11.0 11.0 11.0 12.0 11.0 11.0 11.0 11.0 11.0 10.0 11.0 11.0 11.0 11.0 10.0 11.0 11.0 13.0 11.0 11.0 11.0 13.0 16.0 11.0 11.0 11.0 13.0 11.0 11.0 11.0 11.0 10.0 11.0 11.0 11.0 11.0 10.0 11.0 11.0 11.0 11.0 15.0 11.0 11.0 12.0 10.0 11.0 10.0 11.0 11.0 11.0 11.0 11.0 11.0 11.0 11.0 10.0 11.0 11.0 11.0 11.0 11.0 11.0 10.0 11.0 11.0 10.0 11.0 11.0 12.0 10.0 11.0 10.0 11.0 12.0 11.0 11.0 11.0 11.0 11.0 11.0 11.0 11.0 10.0 11.0 11.0 11.0 11.0 11.0 12.0 11.0 11.0 12.0 11.0 11.0 10.0 11.0 11.0 11.0 11.0 10.0 15.0 11.0 10.0 11.0 11.0 11.0 11.0 11.0 11.0 11.0 11.0 10.0 11.0 11.0 11.0 10.0 11.0 11.0 11.0 11.0 10.0 11.0 11.0 11.0 15.0 11.0 11.0 11.0 10.0 11.0 11.0 11.0 11.0 11.0 12.0 11.0 11.0 11.0 11.0 11.0 11.0 11.0 11.0 11.0 12.0 12.0 11.0 14.0 11.0 12.0 11.0 10.0 12.0 11.0 10.0 11.0 11.0 11.0 11.0 11.0 10.0 11.0 11.0 11.0 11.0 11.0 11.0 11.0 10.0 11.0 11.0 11.0 11.0 11.0 10.0 11.0 11.0 10.0 11.0 12.0 11.0 11.0 10.0 10.0 11.0 11.0 10.0 11.0 11.0 11.0 10.0 11.0 12.0 11.0 11.0 11.0 11.0 10.0 10.0 11.0 11.0 11.0 11.0
43 44 1 TRACE 29.0 26.0 23.0 25.0 26.0 24.0 25.0 25.0 25.0 22.0 26.0 25.0 24.0 24.0 25.0 26.0 21.0 25.0 25.0 23.0 26.0 25.0 24.0 25.0 29.0 22.0 25.0 25.0 25.0 28.0 25.0 24.0 26.0 24.0 21.0 25.0 25.0 23.0 26.0 26.0 23.0 26.0 25.0 23.0 17.0 25.0 24.0 28.0 26.0 24.0 28.0 25.0 24.0 25.0 26.0 23.0 16.0 25.0 25.0 22.0 26.0 25.0 21.0 25.0 25.0 22.0 16.0 25.0 25.0 22.0 26.0 25.0 23.0 25.0 25.0 25.0 25.0 26.0 21.0 26.0 25.0 23.0 26.0 26.0 23.0 25.0 26.0 24.0 25.0 26.0 23.0 25.0 26.0 21.0 24.0 27.0 25.0 22.0 26.0 26.0 23.0 21.0 25.0 25.0 22.0 25.0 25.0 22.0 27.0 25.0 21.0 19.0 25.0 24.0 21.0 23.0 26.0 24.0 21.0 16.0 24.0 24.0 21.0 25.0 25.0 22.0 24.0 24.0 25.0 21.0 26.0 25.0 24.0 23.0 25.0 24.0 22.0 25.0 25.0 23.0 25.0 24.0 21.0 27.0 24.0 24.0 23.0 24.0 26.0 23.0 25.0 26.0 21.0 25.0 24.0 21.0 25.0 24.0 21.0 26.0 25.0 23.0 23.0 24.0 24.0 20.0 25.0 25.0 24.0 25.0 25.0 21.0 25.0 25.0 24.0 24.0 25.0 24.0 26.0 26.0 23.0 22.0 25.0 24.0 22.0 24.0 25.0 21.0 26.0 25.0 22.0 25.0 24.0 22.0 25.0 26.0 35.0 25.0 24.0 21.0 23.0 25.0 24.0 21.0 24.0 24.0 23.0
44 45 1 TRACE 170.0 137.0 124.0 360.0 137.0 135.0 135.0 132.0 132.0 137.0 142.0 141.0 136.0 347.0 126.0 137.0 136.0 440.0 128.0 135.0 303.0 128.0 125.0 143.0 120.0 125.0 139.0 132.0 129.0 127.0 131.0 126.0 144.0 135.0 135.0 644.0 99.0 129.0 137.0 123.0 132.0 138.0 126.0 127.0 298.0 128.0 129.0 141.0 132.0 132.0 408.0 136.0 132.0 138.0 133.0 129.0 321.0 133.0 125.0 129.0 131.0 233.0 133.0 283.0 135.0 129.0 223.0 246.0 154.0 132.0 196.0 237.0 143.0 492.0 228.0 128.0 230.0 130.0 132.0 185.0 131.0 129.0 520.0 126.0 132.0 345.0 133.0 133.0 167.0 136.0 133.0 144.0 140.0 132.0 444.0 133.0 133.0 137.0 525.0 131.0 133.0 139.0 134.0 132.0 122.0 139.0 128.0 137.0 172.0 142.0 129.0 197.0 132.0 137.0 132.0 252.0 133.0 131.0 139.0 235.0 133.0 129.0 131.0 436.0 129.0 117.0 219.0 128.0 123.0 133.0 155.0 129.0 135.0 209.0 131.0 134.0 137.0 223.0 149.0 128.0 140.0 141.0 130.0 127.0 127.0 129.0 136.0 132.0 141.0 131.0 177.0 126.0 130.0 144.0 132.0 127.0 144.0 133.0 131.0 379.0 135.0 131.0 137.0 134.0 127.0 134.0 261.0 129.0 143.0 164.0 138.0 136.0 514.0 128.0 127.0 443.0 132.0 130.0 519.0 157.0 135.0 313.0 130.0 132.0 159.0 141.0 135.0 131.0 138.0 128.0 132.0 208.0 127.0 132.0 138.0 126.0 207.0 161.0 130.0 328.0 128.0 143.0 316.0 132.0 127.0 128.0 323.0
45 46 1 TRACE 23.0 21.0 20.0 19.0 19.0 19.0 16.0 21.0 19.0 18.0 16.0 19.0 20.0 17.0 20.0 20.0 19.0 17.0 19.0 20.0 17.0 20.0 20.0 19.0 29.0 20.0 18.0 21.0 19.0 17.0 20.0 20.0 20.0 20.0 20.0 17.0 19.0 19.0 19.0 21.0 20.0 19.0 22.0 23.0 18.0 20.0 20.0 18.0 20.0 19.0 17.0 20.0 20.0 16.0 19.0 138.0 16.0 20.0 132.0 21.0 19.0 20.0 22.0 33.0 20.0 20.0 17.0 23.0 19.0 20.0 21.0 20.0 22.0 17.0 20.0 20.0 24.0 20.0 19.0 17.0 20.0 17.0 16.0 21.0 19.0 18.0 20.0 21.0 18.0 20.0 20.0 21.0 20.0 20.0 18.0 22.0 20.0 19.0 20.0 20.0 19.0 17.0 21.0 20.0 19.0 17.0 21.0 23.0 20.0 21.0 21.0 17.0 20.0 21.0 20.0 17.0 20.0 21.0 19.0 17.0 19.0 21.0 21.0 18.0 20.0 25.0 18.0 19.0 20.0 20.0 17.0 20.0 19.0 17.0 20.0 20.0 19.0 17.0 19.0 20.0 18.0 23.0 19.0 19.0 21.0 19.0 17.0 19.0 41.0 21.0 20.0 20.0 19.0 20.0 20.0 21.0 19.0 20.0 20.0 18.0 20.0 19.0 17.0 23.0 19.0 20.0 17.0 29.0 20.0 19.0 20.0 20.0 18.0 20.0 19.0 17.0 20.0 20.0 18.0 21.0 20.0 18.0 19.0 33.0 16.0 21.0 19.0 134.0 20.0 20.0 20.0 18.0 20.0 20.0 17.0 21.0 35.0 18.0 20.0 19.0 17.0 21.0 21.0 19.0 17.0 21.0 20.0
46 47 1 TRACE 26633.0 10312.0 4486.0 30819.0 12686.0 4458.0 33742.0 18416.0 4932.0 3659.0 29914.0 11570.0 4435.0 22032.0 14673.0 4572.0 3613.0 23196.0 10242.0 4406.0 22364.0 9596.0 4420.0 17864.0 5258.0 3779.0 23762.0 11469.0 4439.0 23631.0 11187.0 4436.0 17287.0 5019.0 3697.0 23598.0 10637.0 4432.0 23359.0 9949.0 4402.0 22554.0 9303.0 4377.0 23957.0 11943.0 4473.0 23693.0 10000.0 4423.0 22857.0 9783.0 4394.0 22779.0 9714.0 4506.0 23033.0 15805.0 4772.0 3621.0 18850.0 6280.0 3962.0 17759.0 5254.0 3749.0 23200.0 13472.0 4470.0 3618.0 19013.0 8340.0 4319.0 23299.0 11840.0 4431.0 18689.0 6055.0 3910.0 21425.0 8487.0 4374.0 22204.0 9029.0 4340.0 23947.0 10711.0 4409.0 22786.0 9567.0 4371.0 17696.0 5221.0 3673.0 22255.0 13884.0 4498.0 3729.0 22593.0 9380.0 4374.0 21960.0 15617.0 4727.0 3626.0 20913.0 8305.0 4315.0 18911.0 6240.0 3970.0 23011.0 15788.0 4749.0 3644.0 23232.0 15915.0 4781.0 3647.0 23293.0 13565.0 4488.0 3624.0 22750.0 9546.0 4433.0 22170.0 13774.0 4513.0 3628.0 23511.0 10477.0 4432.0 21982.0 14155.0 4515.0 3616.0 22683.0 9439.0 4376.0 18913.0 6277.0 3970.0 23172.0 11740.0 4427.0 22853.0 14211.0 5311.0 3832.0 17704.0 5272.0 3812.0 17138.0 5001.0 3632.0 16969.0 4958.0 3669.0 22985.0 9832.0 4409.0 23272.0 16035.0 4798.0 3613.0 22714.0 9550.0 4383.0 19548.0 7029.0 4121.0 23175.0 9982.0 4429.0 23289.0 11380.0 4420.0 21670.0 8717.0 4375.0 22820.0 11773.0 4425.0 23048.0 15995.0 4809.0 3602.0 19920.0 7380.0 4195.0 21359.0 8425.0 4349.0 23158.0 10404.0 6092.0 18591.0 6009.0 3943.0 21788.0 15465.0 4712.0 3691.0 23512.0 9853.0 4480.0
47 48 1 TRACE 16.0 16.0 11.0 10.0 24.0 12.0 9.0 10.0 11.0 10.0 14.0 11.0 10.0 11.0 10.0 9.0 10.0 10.0 10.0 12.0 11.0 9.0 11.0 10.0 9.0 10.0 10.0 8.0 10.0 10.0 10.0 11.0 10.0 9.0 14.0 11.0 9.0 10.0 10.0 10.0 11.0 11.0 9.0 16.0 18.0 8.0 11.0 14.0 8.0 10.0 11.0 10.0 12.0 11.0 9.0 15.0 10.0 8.0 11.0 13.0 11.0 12.0 11.0 12.0 11.0 11.0 9.0 31.0 10.0 10.0 16.0 22.0 9.0 15.0 10.0 8.0 10.0 13.0 9.0 12.0 11.0 10.0 10.0 10.0 8.0 11.0 15.0 13.0 11.0 11.0 10.0 10.0 11.0 8.0 10.0 10.0 10.0 11.0 10.0 12.0 11.0 12.0 8.0 11.0 14.0 10.0 12.0 11.0 9.0 14.0 10.0 9.0 10.0 13.0 11.0 12.0 10.0 9.0 26.0 10.0 9.0 11.0 114.0 10.0 11.0 16.0 8.0 14.0 13.0 9.0 10.0 11.0 11.0 18.0 11.0 9.0 16.0 13.0 9.0 105.0 14.0 10.0 12.0 11.0 9.0 15.0 13.0 9.0 10.0 20.0 10.0 12.0 11.0 10.0 15.0 10.0 9.0 11.0 14.0 10.0 11.0 11.0 9.0 15.0 13.0 9.0 10.0 15.0 11.0 11.0 11.0 10.0 13.0 13.0 9.0 10.0 11.0 9.0 10.0 12.0 10.0 11.0 10.0 9.0 16.0 11.0 9.0 11.0 11.0 10.0 11.0 12.0 9.0 14.0 16.0 9.0 10.0 11.0 10.0 11.0 12.0 10.0 15.0 13.0 9.0 12.0 14.0 9.0 10.0 12.0 10.0 11.0 11.0 11.0 15.0 17.0 9.0 12.0 15.0 10.0 12.0 12.0 9.0 26.0 11.0 9.0 10.0 13.0 10.0 14.0 11.0 9.0 15.0 14.0 9.0 10.0 12.0 11.0 11.0 15.0 10.0 15.0 13.0 9.0 12.0 13.0 10.0 11.0 11.0 8.0 10.0 14.0 8.0 10.0 14.0 10.0 12.0 11.0 9.0 14.0 11.0 8.0 11.0 14.0 11.0 11.0 13.0 9.0 16.0 13.0 9.0 10.0 16.0 10.0 14.0 11.0 9.0 16.0 13.0 9.0 10.0 10.0 9.0 11.0 16.0 10.0 15.0 21.0 8.0 10.0 13.0 11.0 10.0 10.0 10.0 12.0 11.0 9.0 14.0 10.0 9.0 10.0 13.0 10.0 11.0 10.0 9.0 15.0 14.0 9.0 15.0 14.0 9.0 10.0 14.0 10.0 11.0 11.0 9.0 16.0 19.0 8.0 10.0 14.0 10.0 11.0 12.0 9.0 10.0 15.0 8.0 10.0 11.0 10.0 12.0 11.0 10.0 15.0 11.0 9.0 18.0 14.0 8.0 10.0 11.0 11.0 11.0 11.0 10.0 15.0 14.0 9.0 10.0 14.0 8.0 10.0 13.0 10.0 15.0 11.0 9.0 17.0 18.0 9.0 10.0 12.0 8.0 10.0 13.0 10.0 12.0 10.0 9.0 15.0 13.0 9.0 11.0 14.0 10.0 11.0 12.0 9.0 14.0 10.0 9.0 11.0 14.0 8.0 10.0 11.0 10.0 12.0 16.0 9.0 11.0 14.0 9.0 10.0 14.0 10.0 12.0 12.0 9.0 11.0 18.0 9.0 10.0 14.0 9.0 12.0 14.0 10.0 12.0 11.0 9.0 16.0 10.0 9.0 11.0 17.0 11.0 12.0 11.0 9.0 17.0 13.0 8.0 10.0 13.0 10.0 12.0 11.0 9.0 11.0 13.0 9.0 10.0 13.0 10.0 12.0 11.0 10.0 11.0 17.0 10.0 12.0 14.0 9.0 10.0 11.0 10.0 11.0 10.0 8.0 14.0 12.0 9.0 10.0 14.0 10.0 13.0 14.0 9.0 14.0 14.0 9.0 10.0 13.0 11.0 14.0 10.0 9.0 16.0 13.0 9.0 11.0 14.0 10.0 11.0 11.0 10.0 16.0 14.0 9.0 11.0 15.0 10.0 12.0 11.0 10.0 16.0 11.0 9.0 13.0 14.0 8.0 10.0 14.0 10.0 11.0 65.0 9.0 11.0 14.0 8.0 10.0 13.0 10.0 14.0 11.0 9.0 13.0 13.0 9.0 10.0 11.0 10.0 12.0 12.0 9.0 13.0 10.0 8.0 11.0 14.0 10.0 11.0 15.0 10.0 15.0 15.0 9.0 12.0 13.0 9.0 13.0 10.0 9.0 13.0 10.0 8.0 11.0 14.0 10.0 12.0 14.0 10.0 14.0 14.0 9.0 10.0 14.0 10.0 11.0 12.0 9.0 15.0 13.0 9.0 10.0 13.0 9.0 11.0 14.0 11.0 12.0 11.0 9.0 16.0 14.0 9.0 11.0 15.0 10.0 12.0 11.0 8.0 15.0 13.0 9.0 10.0 14.0 10.0 11.0 10.0 9.0 11.0 12.0 9.0 15.0 11.0 10.0 12.0 11.0 9.0 14.0 14.0 9.0 11.0 19.0 10.0 12.0 11.0 9.0 11.0 13.0 9.0 11.0 11.0 8.0 11.0 14.0 10.0 14.0 15.0 9.0 11.0 13.0 13.0 13.0 14.0
48 49 1 TRACE 1818.0 847.0 512.0 104.0 126.0 112.0 9.0 12.0 11.0 1632.0 787.0 516.0 284.0 309.0 217.0 9.0 13.0 12.0 991.0 569.0 414.0 836.0 656.0 424.0 11.0 21.0 20.0 8.0 10.0 10.0 1720.0 732.0 482.0 217.0 256.0 183.0 9.0 12.0 11.0 1127.0 607.0 405.0 704.0 552.0 376.0 11.0 20.0 19.0 8.0 9.0 10.0 1750.0 775.0 493.0 194.0 238.0 187.0 8.0 12.0 13.0 1816.0 805.0 494.0 154.0 179.0 138.0 9.0 20.0 11.0 1697.0 763.0 501.0 19.0 30.0 30.0 8.0 9.0 11.0 1652.0 735.0 492.0 265.0 299.0 228.0 9.0 13.0 13.0 1714.0 791.0 491.0 243.0 281.0 218.0 9.0 13.0 12.0 1201.0 729.0 448.0 16.0 26.0 26.0 7.0 10.0 11.0 1795.0 730.0 533.0 206.0 248.0 179.0 9.0 12.0 112.0 1778.0 757.0 479.0 173.0 197.0 158.0 9.0 11.0 13.0 1833.0 788.0 507.0 140.0 183.0 139.0 9.0 11.0 13.0 1581.0 744.0 473.0 315.0 323.0 256.0 9.0 19.0 14.0 1767.0 800.0 480.0 180.0 180.0 165.0 9.0 14.0 12.0 1783.0 822.0 479.0 168.0 214.0 157.0 9.0 13.0 12.0 1788.0 854.0 483.0 166.0 156.0 154.0 9.0 11.0 12.0 893.0 552.0 385.0 923.0 751.0 432.0 14.0 22.0 22.0 8.0 9.0 10.0 1650.0 819.0 480.0 37.0 48.0 48.0 8.0 10.0 11.0 1319.0 805.0 464.0 20.0 30.0 29.0 8.0 10.0 10.0 1412.0 764.0 472.0 475.0 478.0 301.0 10.0 19.0 17.0 8.0 10.0 10.0 1702.0 843.0 470.0 49.0 58.0 60.0 9.0 11.0 11.0 1617.0 792.0 482.0 294.0 329.0 220.0 8.0 14.0 13.0 1612.0 782.0 497.0 34.0 45.0 46.0 8.0 10.0 12.0 1825.0 855.0 483.0 107.0 128.0 111.0 8.0 11.0 12.0 1804.0 794.0 488.0 130.0 128.0 128.0 9.0 12.0 11.0 1712.0 823.0 490.0 215.0 244.0 183.0 9.0 12.0 14.0 1795.0 813.0 533.0 155.0 155.0 141.0 9.0 11.0 12.0 1298.0 772.0 458.0 19.0 28.0 30.0 8.0 11.0 10.0 1343.0 909.0 485.0 512.0 506.0 284.0 10.0 18.0 18.0 8.0 9.0 9.0 1797.0 855.0 484.0 145.0 191.0 161.0 9.0 12.0 13.0 953.0 569.0 377.0 878.0 697.0 413.0 12.0 22.0 23.0 8.0 10.0 10.0 1890.0 790.0 500.0 97.0 102.0 113.0 9.0 12.0 11.0 1661.0 798.0 487.0 39.0 49.0 50.0 8.0 10.0 11.0 885.0 547.0 373.0 927.0 704.0 427.0 14.0 24.0 24.0 7.0 9.0 10.0 895.0 540.0 357.0 940.0 674.0 420.0 19.0 23.0 23.0 7.0 9.0 11.0 1356.0 671.0 448.0 514.0 469.0 284.0 10.0 18.0 17.0 7.0 9.0 11.0 1793.0 855.0 486.0 156.0 161.0 145.0 9.0 12.0 12.0 1283.0 726.0 440.0 545.0 518.0 334.0 10.0 19.0 18.0 7.0 10.0 10.0 1752.0 808.0 479.0 205.0 183.0 176.0 9.0 12.0 12.0 1234.0 711.0 457.0 602.0 559.0 377.0 10.0 18.0 18.0 7.0 11.0 12.0 1794.0 895.0 474.0 154.0 146.0 144.0 9.0 12.0 12.0 1659.0 779.0 471.0 38.0 48.0 52.0 7.0 9.0 11.0 1612.0 770.0 485.0 300.0 249.0 247.0 10.0 14.0 13.0 1222.0 640.0 435.0 607.0 565.0 401.0 12.0 21.0 21.0 8.0 10.0 11.0 1316.0 758.0 450.0 20.0 30.0 31.0 8.0 9.0 11.0 1138.0 748.0 433.0 17.0 26.0 25.0 8.0 10.0 12.0 1101.0 775.0 443.0 15.0 25.0 26.0 8.0 10.0 11.0 1780.0 838.0 507.0 172.0 221.0 162.0 9.0 12.0 12.0 852.0 525.0 351.0 969.0 694.0 433.0 14.0 23.0 23.0 7.0 9.0 11.0 1794.0 790.0 496.0 157.0 149.0 150.0 9.0 19.0 12.0 1784.0 853.0 510.0 60.0 66.0 69.0 8.0 10.0 11.0 1771.0 842.0 490.0 181.0 185.0 163.0 9.0 12.0 13.0 1652.0 724.0 498.0 266.0 305.0 235.0 9.0 14.0 13.0 1830.0 809.0 495.0 114.0 126.0 118.0 9.0 12.0 12.0 1598.0 740.0 471.0 301.0 269.0 254.0 9.0 14.0 13.0 878.0 556.0 375.0 971.0 705.0 434.0 14.0 23.0 22.0 8.0 10.0 10.0 1807.0 829.0 494.0 70.0 96.0 78.0 8.0 12.0 12.0 1833.0 785.0 497.0 104.0 108.0 120.0 8.0 11.0 11.0 1729.0 842.0 487.0 204.0 211.0 239.0 10.0 14.0 14.0 1596.0 837.0 470.0 33.0 45.0 54.0 8.0 10.0 11.0 1063.0 611.0 410.0 766.0 565.0 389.0 12.0 20.0 20.0 7.0 10.0 11.0 1787.0 749.0 500.0 170.0 170.0 154.0 10.0 15.0 12.0
49 47 1 TRACE 15624.0 12310.0 5424.0 4695.0 978.0 958.0 18332.0 14922.0 8637.0 7532.0 1119.0 1095.0 21553.0 18083.0 11731.0 9363.0 1720.0 1634.0 987.0 959.0 17916.0 14311.0 7960.0 7107.0 1076.0 1086.0 15094.0 12846.0 9878.0 8006.0 1266.0 1245.0 909.0 916.0 14264.0 11731.0 6595.0 5881.0 983.0 989.0 13557.0 11038.0 5943.0 5301.0 954.0 1003.0 12948.0 8986.0 2006.0 1984.0 915.0 914.0 14771.0 12315.0 7586.0 6513.0 1085.0 1015.0 14755.0 12273.0 7359.0 6365.0 994.0 1073.0 10780.0 8696.0 1858.0 1745.0 1007.0 919.0 14535.0 12089.0 6841.0 6092.0 1072.0 989.0 14262.0 11643.0 6253.0 5733.0 1050.0 988.0 13653.0 11160.0 5782.0 5380.0 958.0 1165.0 14544.0 12123.0 7973.0 6741.0 1028.0 1030.0 14061.0 11622.0 6374.0 5764.0 1070.0 984.0 13911.0 11451.0 6188.0 5660.0 1078.0 970.0 13876.0 11391.0 6124.0 5593.0 958.0 969.0 15261.0 13573.0 10345.0 8347.0 1497.0 1481.0 912.0 914.0 11539.0 9247.0 2871.0 2760.0 926.0 928.0 11029.0 8788.0 2040.0 1956.0 915.0 918.0 14843.0 12363.0 9001.0 7481.0 1089.0 1096.0 922.0 910.0 11650.0 9344.0 3724.0 3378.0 1027.0 1007.0 14670.0 12184.0 7809.0 6647.0 1022.0 1022.0 11505.0 9181.0 2784.0 2650.0 927.0 921.0 12897.0 10468.0 4945.0 4668.0 946.0 952.0 13345.0 10941.0 5495.0 5111.0 960.0 965.0 14424.0 11893.0 6915.0 6073.0 984.0 986.0 13786.0 11295.0 5981.0 5453.0 973.0 976.0 10939.0 8749.0 2000.0 1949.0 921.0 927.0 15047.0 14984.0 9177.0 7588.0 1129.0 1125.0 907.0 918.0 13626.0 11168.0 5831.0 5378.0 959.0 962.0 15226.0 13511.0 10320.0 8319.0 1464.0 1434.0 920.0 916.0 12749.0 10341.0 4753.0 4477.0 945.0 948.0 11529.0 9283.0 2888.0 2802.0 929.0 932.0 15236.0 13477.0 10399.0 8373.0 1510.0 1493.0 913.0 913.0 15408.0 13584.0 10385.0 8359.0 1550.0 1488.0 919.0 914.0 14957.0 12297.0 9117.0 7569.0 1121.0 1149.0 912.0 909.0 13794.0 11273.0 5954.0 5473.0 965.0 967.0 14875.0 12412.0 9267.0 7698.0 1149.0 1127.0 911.0 913.0 14396.0 11788.0 6815.0 5987.0 978.0 983.0 14965.0 12614.0 9522.0 7826.0 1184.0 1179.0 912.0 910.0 13730.0 11244.0 5938.0 5427.0 964.0 964.0 11542.0 9255.0 2888.0 2800.0 924.0 924.0 14572.0 12047.0 7848.0 6647.0 1011.0 1017.0 14974.0 12584.0 9764.0 9579.0 1335.0 1283.0 990.0 954.0 10976.0 8776.0 2055.0 2032.0 912.0 914.0 10697.0 8586.0 1776.0 1724.0 915.0 913.0 10652.0 8539.0 1731.0 1678.0 917.0 921.0 13977.0 11517.0 6231.0 5647.0 970.0 969.0 15313.0 13586.0 10421.0 8470.0 1564.0 1518.0 910.0 914.0 13834.0 11275.0 6035.0 5481.0 966.0 968.0 12062.0 9669.0 3572.0 3449.0 935.0 986.0 14096.0 11572.0 6353.0 5725.0 970.0 974.0 14673.0 12121.0 7540.0 6516.0 998.0 1000.0 13129.0 10668.0 5171.0 4901.0 952.0 951.0 14717.0 12185.0 7825.0 6626.0 1011.0 1013.0 15452.0 13670.0 10397.0 8470.0 1559.0 1528.0 1004.0 911.0 12219.0 9826.0 3895.0 3773.0 938.0 933.0 12838.0 10500.0 4939.0 4612.0 949.0 949.0 14304.0 11747.0 6740.0 6399.0 1406.0 1269.0 11407.0 9157.0 2676.0 2586.0 922.0 925.0 15239.0 13178.0 10134.0 8308.0 1341.0 1302.0 922.0 1009.0 14085.0 11605.0 6218.0 5674.0 962.0 985.0
49 50 1 TRACE 522.0 295.0 124.0 739.0 481.0 67.0 585.0 401.0 131.0 61.0 513.0 300.0 72.0 16180.0 537.0 81.0 111.0 522.0 543.0 91.0 1292.0 288.0 67.0 485.0 196.0 163.0 519.0 1086.0 72.0 1256.0 801.0 175.0 654.0 253.0 326.0 974.0 850.0 100.0 1294.0 721.0 90.0 1932.0 782.0 156.0 595.0 842.0 136.0 777.0 644.0 143.0 1501.0 584.0 152.0 1631.0 736.0 73.0 578.0 730.0 191.0 151.0 995.0 237.0 211.0 449.0 216.0 64.0 618.0 687.0 94.0 77.0 1289.0 191.0 199.0 625.0 655.0 78.0 1145.0 274.0 263.0 873.0 456.0 79.0 1912.0 559.0 89.0 633.0 486.0 148.0 487.0 489.0 72.0 447.0 134.0 129.0 599.0 485.0 78.0 59.0 900.0 482.0 132.0 584.0 556.0 128.0 358.0 977.0 446.0 229.0 972.0 261.0 69.0 560.0 404.0 93.0 111.0 580.0 639.0 96.0 111.0 571.0 701.0 211.0 102.0 891.0 619.0 74.0 618.0 603.0 98.0 110.0 1354.0 740.0 99.0 570.0 647.0 88.0 84.0 743.0 602.0 130.0 1004.0 299.0 182.0 725.0 703.0 118.0 580.0 462.0 96.0 91.0 831.0 219.0 101.0 733.0 258.0 205.0 492.0 153.0 178.0 913.0 650.0 91.0 563.0 430.0 161.0 138.0 1074.0 602.0 154.0 604.0 288.0 188.0 895.0 774.0 91.0 511.0 619.0 165.0 1143.0 499.0 68.0 634.0 562.0 75.0 577.0 642.0 104.0 203.0 728.0 312.0 204.0 616.0 425.0 71.0 853.0 539.0 74.0 1000.0 323.0 128.0 673.0 389.0 88.0 58.0 494.0 309.0 156.0
50 25 1 TRACE 58.0 62.0 32.0 53.0 30.0 56.0 44.0 37.0 64.0 55.0 128.0 52.0 48.0 44.0 64.0 48.0 48.0 46.0 31.0 33.0 31.0 30.0 37.0 60.0 34.0 40.0 42.0 53.0 44.0 32.0 30.0 45.0 31.0 49.0 34.0 31.0 31.0 30.0 45.0 31.0 51.0 31.0 46.0 34.0 61.0 31.0 33.0 32.0 34.0 47.0 31.0 46.0 36.0 46.0 58.0 41.0 61.0 32.0 36.0 40.0 59.0 34.0 30.0 47.0
50 41 1 TRACE 10.0 10.0 10.0 10.0 10.0 10.0 9.0 9.0 9.0 10.0 10.0 9.0 10.0 10.0 10.0 9.0 12.0 9.0 10.0 9.0 10.0 9.0 10.0 10.0 10.0 9.0 10.0 9.0 10.0 9.0 10.0 9.0 10.0 10.0 10.0 10.0 10.0 9.0 11.0 9.0 9.0 10.0 9.0 9.0 9.0 10.0 10.0 10.0 10.0 11.0 10.0 9.0 10.0 9.0 10.0 10.0 10.0 9.0 9.0 10.0 10.0 10.0 10.0 9.0 12.0 9.0 9.0 10.0 9.0 10.0 9.0 9.0 10.0 10.0 10.0 9.0 10.0 9.0 9.0 10.0 9.0 9.0 10.0 9.0 10.0 10.0 10.0 11.0 10.0 9.0 10.0 12.0 9.0 9.0 8.0 9.0 9.0 10.0 10.0 10.0 9.0 10.0 11.0 11.0 10.0 9.0 10.0 9.0 9.0 10.0 10.0 9.0 10.0 10.0 9.0 9.0 10.0 10.0 10.0 10.0 9.0 10.0 10.0 10.0 9.0 10.0 9.0 9.0 9.0 9.0 10.0 10.0 10.0 9.0 10.0 10.0 10.0 9.0 10.0 9.0 9.0 10.0 9.0
51 52 1 TRACE 16897.0 17100.0 17193.0 16733.0 16718.0 16613.0 16780.0 17040.0 17068.0 17126.0 17045.0 17084.0 16883.0 16783.0 16971.0 16737.0 16728.0 16496.0 16862.0 16457.0 16753.0 16836.0 16806.0 16757.0 16458.0 16609.0 16476.0 16775.0 16458.0 16710.0 16846.0 16930.0 16816.0 16911.0 16471.0 16791.0 16791.0 17465.0 16500.0 16826.0 16791.0 16694.0 16521.0 16455.0 16794.0 16797.0 16767.0 16825.0 16677.0 16768.0 16718.0 16536.0 20664.0 16545.0 16838.0 16486.0 16742.0 16687.0 16857.0 16820.0 16817.0 16435.0 16917.0 16700.0
52 53 1 TRACE 485.0 480.0 408.0 476.0 487.0 485.0 489.0 500.0 488.0 539.0 526.0 486.0 488.0 483.0 492.0 488.0 483.0 491.0 482.0 469.0 500.0 487.0 478.0 482.0 476.0 465.0 489.0 471.0 486.0 498.0 480.0 484.0 499.0 482.0 474.0 474.0 484.0 645.0 484.0 491.0 487.0 494.0 486.0 461.0 489.0 495.0 552.0 530.0 525.0 489.0 483.0 490.0 513.0 486.0 401.0 488.0 486.0 488.0 470.0 485.0 483.0 475.0 499.0 488.0
53 54 1 TRACE 43.0 46.0 41.0 41.0 39.0 39.0 39.0 30.0 50.0 30.0 31.0 31.0 32.0 31.0 33.0 35.0 33.0 35.0 35.0 35.0 36.0 31.0 32.0 33.0 30.0 33.0 30.0 34.0 31.0 31.0 30.0 32.0 31.0 29.0 31.0 37.0 35.0 36.0 37.0 36.0 36.0 35.0 38.0 36.0 37.0 38.0 37.0 37.0 37.0 33.0 32.0 34.0 32.0 33.0 32.0 33.0 30.0 31.0 31.0 29.0 30.0 31.0 33.0 31.0
54 55 1 TRACE 78.0 44.0 40.0 43.0 43.0 43.0 45.0 44.0 50.0 42.0 42.0 43.0 40.0 43.0 37.0 43.0 44.0 41.0 42.0 44.0 44.0 42.0 43.0 41.0 41.0 44.0 42.0 43.0 44.0 43.0 41.0 41.0 42.0 41.0 41.0 43.0 42.0 43.0 44.0 44.0 43.0 43.0 43.0 41.0 45.0 42.0 41.0 41.0 40.0 41.0 41.0 41.0 54.0 43.0 43.0 71.0 41.0 41.0 44.0 53.0 43.0 42.0 42.0 40.0
55 56 1 TRACE 11.0 8.0 8.0 8.0 8.0 7.0 8.0 8.0 10.0 8.0 8.0 9.0 8.0 8.0 9.0 8.0 8.0 8.0 8.0 8.0 8.0 8.0 8.0 9.0 8.0 8.0 8.0 8.0 8.0 8.0 8.0 8.0 8.0 8.0 8.0 8.0 8.0 8.0 8.0 8.0 8.0 8.0 8.0 8.0 8.0 8.0 8.0 8.0 8.0 8.0 8.0 9.0 9.0 11.0 8.0 9.0 8.0 7.0 8.0 8.0 8.0 7.0 8.0 8.0
56 57 1 TRACE 10.0 7.0 7.0 7.0 8.0 8.0 8.0 7.0 9.0 7.0 7.0 7.0 8.0 8.0 8.0 7.0 8.0 7.0 7.0 7.0 8.0 8.0 7.0 7.0 7.0 8.0 8.0 8.0 8.0 8.0 8.0 7.0 7.0 8.0 8.0 8.0 7.0 9.0 8.0 8.0 7.0 7.0 7.0 8.0 8.0 8.0 8.0 8.0 8.0 8.0 7.0 7.0 8.0 9.0 8.0 9.0 8.0 8.0 8.0 8.0 8.0 8.0 7.0 8.0
57 58 1 TRACE 32.0 7.0 7.0 7.0 7.0 7.0 8.0 8.0 9.0 8.0 7.0 7.0 8.0 8.0 7.0 8.0 7.0 8.0 8.0 8.0 7.0 7.0 8.0 7.0 8.0 7.0 8.0 8.0 8.0 8.0 7.0 7.0 7.0 7.0 8.0 7.0 8.0 8.0 8.0 7.0 8.0 8.0 7.0 7.0 7.0 8.0 7.0 7.0 8.0 8.0 8.0 7.0 7.0 8.0 7.0 8.0 8.0 7.0 7.0 8.0 7.0 7.0 8.0 8.0
58 59 1 TRACE 21.0 11.0 11.0 10.0 10.0 10.0 10.0 10.0 13.0 10.0 10.0 10.0 10.0 10.0 10.0 10.0 10.0 11.0 11.0 10.0 10.0 11.0 11.0 11.0 11.0 11.0 11.0 10.0 11.0 10.0 11.0 11.0 11.0 11.0 10.0 10.0 10.0 11.0 10.0 10.0 10.0 10.0 11.0 10.0 10.0 10.0 10.0 11.0 10.0 11.0 10.0 10.0 11.0 11.0 11.0 12.0 11.0 10.0 10.0 11.0 11.0 11.0 11.0 11.0
59 60 1 TRACE 20.0 7.0 7.0 7.0 8.0 7.0 7.0 7.0 9.0 7.0 7.0 7.0 7.0 7.0 7.0 8.0 7.0 7.0 7.0 7.0 8.0 7.0 7.0 7.0 7.0 7.0 8.0 7.0 8.0 7.0 7.0 7.0 7.0 7.0 7.0 8.0 7.0 8.0 7.0 8.0 7.0 7.0 7.0 7.0 8.0 7.0 7.0 7.0 8.0 7.0 7.0 8.0 8.0 8.0 7.0 9.0 7.0 8.0 7.0 8.0 7.0 7.0 7.0 7.0
60 61 1 TRACE 8.0 8.0 8.0 8.0 8.0 7.0 7.0 7.0 9.0 7.0 7.0 7.0 7.0 7.0 7.0 8.0 8.0 7.0 7.0 8.0 8.0 7.0 7.0 7.0 7.0 7.0 7.0 8.0 7.0 8.0 7.0 8.0 7.0 7.0 7.0 7.0 7.0 8.0 8.0 8.0 7.0 7.0 7.0 8.0 8.0 7.0 7.0 7.0 8.0 8.0 7.0 8.0 8.0 8.0 7.0 8.0 8.0 8.0 7.0 7.0 7.0 7.0 7.0 7.0
61 62 1 TRACE 9.0 7.0 8.0 8.0 7.0 7.0 7.0 7.0 9.0 7.0 7.0 7.0 7.0 7.0 7.0 7.0 7.0 7.0 7.0 7.0 7.0 7.0 7.0 7.0 7.0 7.0 7.0 8.0 7.0 7.0 7.0 8.0 7.0 7.0 7.0 7.0 7.0 7.0 7.0 7.0 7.0 8.0 7.0 7.0 7.0 7.0 8.0 7.0 7.0 7.0 7.0 7.0 8.0 8.0 7.0 8.0 8.0 7.0 7.0 18.0 7.0 7.0 7.0 7.0
62 1 1 TRACE 318.0 81.0 84.0 83.0 84.0 86.0 20.0 80.0 25.0 21.0 20.0 20.0 32.0 32.0 30.0 32.0 29.0 21.0 32.0 34.0 21.0 31.0 21.0 21.0 23.0 33.0 32.0 31.0 33.0 30.0 21.0 21.0 22.0 32.0 21.0 20.0 22.0 31.0 21.0 21.0 40.0 22.0 21.0 20.0 21.0 20.0 20.0 21.0 20.0 20.0 22.0 21.0 21.0 41.0 21.0 24.0 21.0 21.0 21.0 34.0 21.0 21.0 22.0
