0 1 CONSTANT 8.0
1 1 CONSTANT 8.0
2 1 CONSTANT 0.0
3 1 CONSTANT 8.0
4 1 CONSTANT 8.0
5 1 CONSTANT 8.0
6 1 CONSTANT 8.0
7 1 CONSTANT 8.0
8 1 CONSTANT 8.0
9 1 CONSTANT 0.0
10 1 CONSTANT 0.0
11 1 CONSTANT 0.0
12 1 CONSTANT 0.0
13 1 CONSTANT 8.0
14 1 CONSTANT 4.0
15 1 CONSTANT 4.0
16 1 CONSTANT 0.0
17 1 CONSTANT 0.0
18 1 CONSTANT 0.0
19 1 CONSTANT 0.0
20 1 CONSTANT 4.0
21 1 CONSTANT 8.0
22 1 CONSTANT 8.0
23 1 CONSTANT 8.0
24 1 CONSTANT 8.0
25 1 CONSTANT 4.0
26 1 CONSTANT 4.0
27 1 CONSTANT 8.0
28 1 TRACE 0.0 0.0 8.0 0.0 0.0 4.0 8.0 0.0 4.0 0.0 0.0 4.0 4.0 0.0 4.0 0.0 0.0 4.0 0.0 0.0 4.0 0.0 0.0 4.0 0.0 0.0 8.0 0.0 0.0 8.0 0.0 0.0 8.0 0.0 0.0 8.0 0.0 4.0 4.0 0.0 0.0 8.0 0.0 0.0 4.0 0.0 0.0 8.0 0.0 0.0 8.0 0.0 0.0 4.0 0.0 0.0 8.0 0.0 0.0 8.0 0.0 0.0 4.0 0.0 0.0 4.0 4.0 0.0 0.0 8.0 0.0 0.0 4.0 0.0 0.0 8.0 0.0 0.0 8.0 0.0 4.0 4.0 0.0 4.0 4.0 0.0 0.0 4.0 0.0 4.0 4.0 4.0 4.0 4.0 0.0 0.0 4.0 0.0 0.0 8.0 0.0 0.0 8.0 0.0 0.0 8.0 4.0 4.0 0.0 0.0 0.0 4.0 0.0 0.0 4.0 0.0 0.0 8.0 0.0 4.0 4.0 0.0 0.0 8.0 0.0 0.0 8.0 0.0 4.0 4.0 0.0 0.0 8.0 4.0 0.0 0.0 8.0 0.0 4.0 0.0 0.0 0.0 4.0 0.0 0.0 4.0 0.0 0.0 8.0 0.0 0.0 8.0 0.0 0.0 8.0 0.0 0.0 8.0 0.0 0.0 4.0 0.0 0.0 0.0 4.0 0.0 0.0 4.0 0.0 0.0 4.0 0.0 4.0 4.0 0.0 4.0 0.0 12.0 4.0 0.0 4.0 8.0 0.0 0.0 8.0 0.0 0.0 4.0 0.0 0.0 8.0
29 1 CONSTANT 4.0
30 1 TRACE 0.0 0.0 8.0 0.0 0.0 4.0 8.0 0.0 4.0 0.0 0.0 4.0 4.0 0.0 4.0 0.0 0.0 4.0 0.0 0.0 4.0 0.0 0.0 4.0 0.0 0.0 8.0 0.0 0.0 8.0 0.0 0.0 8.0 0.0 0.0 8.0 0.0 4.0 4.0 0.0 0.0 8.0 0.0 0.0 4.0 0.0 0.0 8.0 0.0 0.0 8.0 0.0 0.0 4.0 0.0 0.0 8.0 0.0 0.0 8.0 0.0 0.0 4.0 0.0 0.0 4.0 4.0 0.0 0.0 8.0 0.0 0.0 4.0 0.0 0.0 8.0 0.0 0.0 8.0 0.0 4.0 4.0 0.0 4.0 4.0 0.0 0.0 4.0 0.0 4.0 4.0 4.0 4.0 4.0 0.0 0.0 4.0 0.0 0.0 8.0 0.0 0.0 8.0 0.0 0.0 8.0 4.0 4.0 0.0 0.0 0.0 4.0 0.0 0.0 4.0 0.0 0.0 8.0 0.0 4.0 4.0 0.0 0.0 8.0 0.0 0.0 8.0 0.0 4.0 4.0 0.0 0.0 8.0 4.0 0.0 0.0 8.0 0.0 4.0 0.0 0.0 0.0 4.0 0.0 0.0 4.0 0.0 0.0 8.0 0.0 0.0 8.0 0.0 0.0 8.0 0.0 0.0 8.0 0.0 0.0 4.0 0.0 0.0 0.0 4.0 0.0 0.0 4.0 0.0 0.0 4.0 0.0 4.0 4.0 0.0 4.0 0.0 12.0 4.0 0.0 4.0 8.0 0.0 0.0 8.0 0.0 0.0 4.0 0.0 0.0 8.0
31 1 CONSTANT 8.0
32 1 CONSTANT 8.0
33 1 CONSTANT 4.0
34 1 CONSTANT 0.0
35 1 CONSTANT 0.0
36 1 CONSTANT 8.0
37 1 CONSTANT 8.0
38 1 CONSTANT 8.0
39 1 TRACE 8.0 0.0 0.0 8.0 8.0 0.0 0.0 0.0 0.0 8.0 0.0 0.0 8.0 0.0 0.0 8.0 0.0 0.0 8.0 0.0 0.0 8.0 0.0 0.0 8.0 0.0 0.0 8.0 0.0 0.0 8.0 0.0 0.0 8.0 0.0 0.0 8.0 0.0 0.0 8.0 0.0 0.0 8.0 0.0 0.0 8.0 0.0 0.0 8.0 0.0 0.0 8.0 0.0 0.0 8.0 0.0 0.0 8.0 0.0 0.0 8.0 0.0 0.0 8.0 8.0 0.0 0.0 8.0 0.0 0.0 8.0 0.0 0.0 8.0 0.0 0.0 8.0 0.0 0.0 8.0 0.0 0.0 8.0 0.0 0.0 8.0 0.0 0.0 8.0 0.0 0.0 8.0 0.0 0.0 8.0 0.0 0.0 8.0 0.0 0.0 8.0 0.0 0.0 8.0 0.0 0.0 8.0 0.0 0.0 8.0 0.0 0.0 8.0 0.0 0.0 8.0 0.0 0.0 8.0 0.0 0.0 8.0 0.0 0.0 8.0 0.0 0.0 8.0 0.0 0.0 8.0 8.0 0.0 0.0 8.0 0.0 0.0 8.0 0.0 0.0 8.0 0.0 0.0 8.0 0.0 0.0 8.0 0.0 0.0 8.0 0.0 0.0 8.0 0.0 0.0 8.0 0.0 0.0 8.0 0.0 0.0 8.0 0.0 0.0 0.0 8.0 0.0 0.0 8.0 0.0 0.0 8.0 0.0 0.0 0.0 0.0 8.0 0.0 0.0 8.0 0.0 0.0 8.0 0.0 0.0 8.0 0.0 0.0 8.0 0.0 0.0
40 1 CONSTANT 8.0
41 1 CONSTANT 8.0
42 1 CONSTANT 8.0
43 1 CONSTANT 168.0
44 1 CONSTANT 160.0
45 1 CONSTANT 8.0
46 1 CONSTANT 168.0
47 1 CONSTANT 4.0
48 1 TRACE 9552.0 3056.0 1984.0 1712.0 960.0 928.0 672.0 656.0 576.0 400.0 288.0 336.0 0.0 0.0 0.0 16.0 0.0 0.0 9504.0 2816.0 1856.0 1408.0 784.0 848.0 128.0 272.0 256.0 256.0 80.0 160.0 0.0 0.0 0.0 0.0 0.0 0.0 4928.0 2064.0 1024.0 1120.0 640.0 448.0 2864.0 1872.0 1472.0 1056.0 576.0 656.0 0.0 0.0 0.0 16.0 0.0 48.0 0.0 0.0 0.0 0.0 0.0 0.0 6992.0 3216.0 1920.0 1712.0 1104.0 1008.0 2112.0 1408.0 1248.0 832.0 464.0 496.0 16.0 0.0 0.0 32.0 0.0 32.0 0.0 0.0 0.0 0.0 0.0 0.0 9952.0 2960.0 2000.0 1472.0 832.0 848.0 400.0 528.0 432.0 320.0 192.0 256.0 0.0 0.0 0.0 0.0 0.0 0.0 5840.0 2960.0 1440.0 1440.0 864.0 624.0 2512.0 1728.0 1488.0 976.0 528.0 608.0 0.0 0.0 0.0 32.0 0.0 32.0 0.0 0.0 0.0 0.0 0.0 0.0 9344.0 2608.0 1792.0 1328.0 832.0 896.0 208.0 320.0 224.0 256.0 64.0 144.0 0.0 0.0 0.0 0.0 0.0 0.0 4416.0 1776.0 800.0 944.0 640.0 624.0 3360.0 1840.0 1584.0 1264.0 560.0 656.0 0.0 32.0 16.0 32.0 0.0 32.0 0.0 0.0 0.0 0.0 0.0 0.0 8400.0 3216.0 1888.0 1584.0 928.0 1216.0 1264.0 1040.0 896.0 704.0 352.0 464.0 0.0 0.0 0.0 16.0 0.0 0.0 10048.0 3184.0 1936.0 1680.0 816.0 976.0 448.0 624.0 544.0 352.0 272.0 288.0 0.0 0.0 0.0 0.0 0.0 0.0 8176.0 2656.0 1952.0 1440.0 784.0 752.0 64.0 160.0 64.0 128.0 0.0 128.0 0.0 0.0 0.0 0.0 0.0 0.0 9952.0 3312.0 2064.0 1680.0 912.0 976.0 368.0 400.0 272.0 256.0 160.0 176.0 0.0 0.0 0.0 16.0 0.0 0.0 5408.0 2448.0 1760.0 1328.0 688.0 736.0 32.0 32.0 16.0 32.0 0.0 64.0 0.0 0.0 0.0 0.0 0.0 0.0 10048.0 3232.0 2000.0 1632.0 1008.0 1056.0 512.0 672.0 576.0 432.0 192.0 256.0 0.0 0.0 0.0 16.0 0.0 0.0 9888.0 2992.0 1872.0 1536.0 912.0 848.0 288.0 368.0 336.0 192.0 112.0 272.0 0.0 0.0 0.0 0.0 0.0 0.0 9760.0 2896.0 2016.0 1392.0 848.0 816.0 160.0 272.0 192.0 240.0 80.0 160.0 0.0 0.0 0.0 0.0 0.0 0.0 9888.0 2688.0 1824.0 1424.0 800.0 800.0 304.0 384.0 352.0 192.0 144.0 160.0 0.0 0.0 0.0 0.0 0.0 0.0 6336.0 2608.0 1936.0 1440.0 736.0 720.0 48.0 64.0 48.0 48.0 16.0 96.0 0.0 0.0 0.0 0.0 0.0 0.0 9664.0 3168.0 1936.0 1648.0 976.0 816.0 592.0 512.0 512.0 368.0 176.0 352.0 0.0 0.0 0.0 16.0 0.0 0.0 9760.0 3008.0 1936.0 1456.0 768.0 800.0 240.0 320.0 208.0 224.0 80.0 160.0 0.0 0.0 0.0 0.0 0.0 0.0 6192.0 2480.0 1936.0 1440.0 688.0 704.0 64.0 80.0 16.0 48.0 16.0 112.0 0.0 0.0 0.0 0.0 0.0 0.0 6960.0 2512.0 1824.0 1376.0 752.0 720.0 32.0 96.0 80.0 64.0 0.0 80.0 0.0 0.0 0.0 0.0 0.0 0.0 9840.0 3120.0 2032.0 1584.0 864.0 1008.0 480.0 496.0 352.0 336.0 240.0 256.0 0.0 0.0 0.0 0.0 0.0 0.0 4944.0 2032.0 1760.0 1152.0 656.0 544.0 32.0 64.0 32.0 48.0 0.0 80.0 0.0 0.0 0.0 0.0 0.0 0.0 9312.0 3104.0 1856.0 1552.0 976.0 1040.0 768.0 832.0 720.0 528.0 288.0 352.0 0.0 0.0 0.0 0.0 0.0 0.0 9392.0 2720.0 1856.0 1360.0 864.0 896.0 208.0 304.0 272.0 304.0 80.0 160.0 0.0 0.0 0.0 0.0 0.0 0.0 7120.0 2592.0 1872.0 1488.0 768.0 736.0 48.0 160.0 80.0 64.0 0.0 112.0 0.0 0.0 0.0 0.0 0.0 0.0 5040.0 2416.0 1776.0 1232.0 704.0 656.0 32.0 48.0 16.0 64.0 16.0 64.0 0.0 0.0 0.0 0.0 0.0 0.0 9744.0 2864.0 1840.0 1568.0 736.0 912.0 320.0 384.0 304.0 240.0 80.0 144.0 0.0 0.0 0.0 0.0 0.0 0.0 9008.0 2768.0 1968.0 1456.0 768.0 832.0 176.0 240.0 80.0 176.0 64.0 112.0 0.0 0.0 0.0 0.0 0.0 0.0 8800.0 2736.0 1840.0 1408.0 768.0 832.0 112.0 224.0 160.0 144.0 48.0 144.0 0.0 0.0 0.0 0.0 0.0 0.0 8416.0 2720.0 1920.0 1456.0 752.0 800.0 96.0 192.0 128.0 96.0 0.0 96.0 0.0 0.0 0.0 0.0 0.0 0.0 9584.0 3168.0 1824.0 1456.0 752.0 880.0 400.0 512.0 432.0 368.0 192.0 272.0 0.0 0.0 0.0 0.0 0.0 0.0 9040.0 2816.0 2000.0 1632.0 800.0 816.0 160.0 160.0 128.0 112.0 64.0 144.0 0.0 0.0 0.0 0.0 0.0 0.0 9152.0 2800.0 1936.0 1568.0 880.0 976.0 768.0 800.0 720.0 576.0 304.0 384.0 0.0 0.0 0.0 0.0 0.0 0.0 6592.0 2432.0 1904.0 1328.0 672.0 688.0 16.0 64.0 48.0 64.0 0.0 96.0 0.0 0.0 0.0 0.0 0.0 0.0 7008.0 2608.0 1856.0 1392.0 720.0 704.0 96.0 80.0 64.0 64.0 0.0 96.0 0.0 0.0 0.0 0.0 0.0 0.0 9648.0 2864.0 2032.0 1504.0 848.0 816.0 224.0 304.0 224.0 224.0 96.0 160.0 0.0 0.0 0.0 0.0 0.0 0.0 8800.0 2736.0 1824.0 1360.0 800.0 816.0 160.0 224.0 112.0 240.0 32.0 96.0 0.0 0.0 0.0 0.0 0.0 0.0 6224.0 2560.0 1760.0 1296.0 960.0 992.0 3040.0 1840.0 1408.0 1040.0 528.0 624.0 0.0 0.0 0.0 32.0 0.0 16.0 0.0 0.0 0.0 0.0 0.0 0.0 7200.0 2400.0 1584.0 1200.0 848.0 848.0 1680.0 1504.0 1152.0 864.0 464.0 544.0 0.0 0.0 0.0 32.0 0.0 0.0 8304.0 3328.0 2032.0 1776.0 1296.0 1072.0 1360.0 976.0 960.0 608.0 400.0 464.0 0.0 16.0 0.0 16.0 0.0 0.0 8992.0 2800.0 1904.0 1536.0 816.0 816.0 144.0 224.0 128.0 128.0 32.0 112.0 0.0 0.0 0.0 0.0 0.0 0.0 5808.0 2576.0 1744.0 1232.0 704.0 688.0 64.0 32.0 32.0 64.0 0.0 48.0 0.0 0.0 0.0 0.0 0.0 0.0 9728.0 2912.0 1728.0 1568.0 784.0 912.0 480.0 528.0 576.0 368.0 224.0 240.0 0.0 0.0 0.0 0.0 0.0 0.0 5088.0 2464.0 1744.0 1424.0 720.0 784.0 0.0 48.0 32.0 32.0 0.0 48.0 0.0 0.0 0.0 0.0 0.0 0.0 9440.0 2784.0 1872.0 1472.0 752.0 912.0 272.0 336.0 240.0 224.0 48.0 112.0 0.0 0.0 0.0 0.0 0.0 0.0 9152.0 2848.0 1792.0 1424.0 768.0 864.0 144.0 176.0 160.0 176.0 16.0 128.0 0.0 0.0 0.0 0.0 0.0 0.0 9824.0 2912.0 1872.0 1472.0 928.0 768.0 272.0 320.0 288.0 272.0 96.0 192.0 0.0 0.0 0.0 0.0 0.0 0.0 9184.0 2672.0 1872.0 1392.0 800.0 768.0 128.0 272.0 176.0 144.0 48.0 112.0 0.0 0.0 0.0 0.0 0.0 0.0 9312.0 2912.0 2096.0 1600.0 880.0 960.0 864.0 928.0 800.0 464.0 384.0 320.0 0.0 0.0 0.0 0.0 0.0 0.0 9824.0 3008.0 1952.0 1440.0 928.0 896.0 208.0 352.0 256.0 272.0 96.0 160.0 0.0 0.0 0.0 0.0 0.0 0.0 7744.0 2448.0 1792.0 1280.0 656.0 768.0 144.0 128.0 80.0 128.0 32.0 96.0 0.0 0.0 0.0 0.0 0.0 0.0 4416.0 2016.0 1088.0 928.0 656.0 528.0 3168.0 1888.0 1472.0 1232.0 592.0 656.0 0.0 48.0 0.0 32.0 0.0 32.0 0.0 0.0 0.0 0.0 0.0 0.0 5760.0 2752.0 1184.0 1136.0 704.0 912.0 2832.0 1840.0 1440.0 1120.0 544.0 672.0 0.0 0.0 0.0 32.0 0.0 0.0 0.0 0.0 0.0 0.0 0.0 0.0 9760.0 3056.0 1984.0 1600.0 976.0 832.0 544.0 544.0 592.0 384.0 160.0 336.0 0.0 0.0 0.0 16.0 0.0 0.0 5632.0 2512.0 1408.0 1232.0 992.0 768.0 2976.0 1792.0 1472.0 1072.0 560.0 624.0 16.0 32.0 0.0 32.0 0.0 32.0 0.0 0.0 0.0 0.0 0.0 0.0 8448.0 2656.0 1744.0 1312.0 704.0 832.0 160.0 224.0 128.0 176.0 64.0 128.0 0.0 0.0 0.0 0.0 0.0 0.0 6272.0 2672.0 1552.0 1648.0 1216.0 1232.0 3200.0 1760.0 1440.0 1024.0 592.0 496.0 16.0 16.0 0.0 32.0 0.0 32.0 0.0 0.0 0.0 0.0 0.0 0.0 8512.0 2816.0 1872.0 1488.0 704.0 832.0 208.0 192.0 176.0 160.0 64.0 96.0 0.0 0.0 0.0 0.0 0.0 0.0 9696.0 2944.0 1904.0 1504.0 816.0 800.0 192.0 272.0 224.0 224.0 96.0 160.0 0.0 0.0 0.0 0.0 0.0 0.0 8864.0 3104.0 1936.0 1664.0 928.0 944.0 1072.0 912.0 784.0 624.0 416.0 400.0 0.0 0.0 0.0 16.0 0.0 0.0 9728.0 2800.0 1888.0 1584.0 768.0 880.0 208.0 336.0 224.0 208.0 64.0 128.0 0.0 0.0 0.0 0.0 0.0 0.0 9792.0 2976.0 2016.0 1632.0 928.0 896.0 592.0 640.0 464.0 384.0 288.0 320.0 0.0 0.0 0.0 16.0 0.0 0.0
49 1 TRACE 168.0 168.0 176.0 168.0 168.0 8.0 168.0 168.0 176.0 168.0 168.0 8.0 168.0 168.0 176.0 168.0 168.0 8.0 168.0 168.0 176.0 168.0 168.0 8.0 168.0 168.0 176.0 168.0 168.0 8.0 168.0 168.0 176.0 168.0 168.0 8.0 168.0 168.0 176.0 168.0 168.0 8.0 168.0 168.0 176.0 168.0 168.0 8.0 168.0 168.0 176.0 168.0 168.0 8.0 168.0 168.0 176.0 168.0 168.0 8.0 168.0 168.0 176.0 168.0 168.0 8.0 168.0 168.0 176.0 168.0 168.0 8.0 168.0 168.0 176.0 168.0 168.0 8.0 168.0 168.0 176.0 168.0 168.0 8.0 168.0 168.0 176.0 168.0 168.0 8.0 168.0 168.0 176.0 168.0 168.0 8.0 168.0 168.0 176.0 168.0 168.0 8.0 168.0 168.0 176.0 168.0 168.0 8.0 168.0 168.0 176.0 168.0 168.0 8.0 168.0 168.0 176.0 168.0 168.0 8.0 168.0 168.0 176.0 168.0 168.0 8.0 168.0 168.0 176.0 168.0 168.0 8.0 168.0 168.0 176.0 168.0 168.0 8.0 168.0 168.0 176.0 168.0 168.0 8.0 168.0 168.0 176.0 168.0 168.0 8.0 168.0 168.0 176.0 168.0 168.0 8.0 168.0 168.0 176.0 168.0 168.0 8.0 168.0 168.0 176.0 168.0 168.0 8.0 168.0 168.0 176.0 168.0 168.0 8.0 168.0 168.0 176.0 168.0 168.0 8.0 168.0 168.0 176.0 168.0 168.0 8.0 168.0 168.0 176.0 168.0 168.0 8.0 168.0 168.0 176.0 168.0 168.0 8.0 168.0 168.0 176.0 168.0 168.0 8.0 168.0 168.0 176.0 168.0 168.0 8.0 168.0 168.0 176.0 168.0 168.0 8.0 168.0 168.0 176.0 168.0 168.0 8.0 168.0 168.0 176.0 168.0 168.0 8.0 168.0 168.0 176.0 168.0 168.0 8.0 168.0 168.0 176.0 168.0 168.0 8.0 168.0 168.0 176.0 168.0 168.0 8.0 168.0 168.0 176.0 168.0 168.0 8.0 168.0 168.0 176.0 168.0 168.0 8.0 168.0 168.0 176.0 168.0 168.0 8.0 168.0 168.0 176.0 168.0 168.0 8.0 168.0 168.0 176.0 168.0 168.0 8.0 168.0 168.0 176.0 168.0 168.0 8.0 168.0 168.0 176.0 168.0 168.0 8.0 168.0 168.0 176.0 168.0 168.0 8.0 168.0 168.0 176.0 168.0 168.0 8.0 168.0 168.0 176.0 168.0 168.0 8.0 168.0 168.0 176.0 168.0 168.0 8.0 168.0 168.0 176.0 168.0 168.0 8.0 168.0 168.0 176.0 168.0 168.0 8.0 168.0 168.0 176.0 168.0 168.0 8.0 168.0 168.0 176.0 168.0 168.0 8.0 168.0 168.0 176.0 168.0 168.0 8.0 168.0 168.0 176.0 168.0 168.0 8.0 168.0 168.0 176.0 168.0 168.0 8.0 168.0 168.0 176.0 168.0 168.0 8.0 168.0 168.0 176.0 168.0 168.0 8.0 168.0 168.0 176.0 168.0 168.0 8.0 168.0 168.0 176.0 168.0 168.0 8.0 168.0 168.0 176.0 168.0 168.0 8.0 168.0 168.0 176.0 168.0 168.0 8.0 168.0 168.0 176.0 168.0 168.0 8.0 168.0 168.0 176.0 168.0 168.0 8.0 168.0 168.0 176.0 168.0 168.0 8.0 168.0 168.0 176.0 168.0 168.0 8.0 168.0 168.0 176.0 168.0 168.0 8.0 168.0 168.0 176.0 168.0 168.0 8.0 168.0 168.0 176.0 168.0 168.0 8.0 168.0 168.0 176.0 168.0 168.0 8.0 168.0 168.0 176.0 168.0 168.0 8.0 168.0 168.0 176.0 168.0 168.0 8.0 168.0 168.0 176.0 168.0 168.0 8.0 168.0 168.0 176.0 168.0 168.0 8.0 168.0 168.0 176.0 168.0 168.0 8.0 168.0 168.0 176.0 168.0 168.0 8.0 168.0 168.0 176.0 168.0 168.0 8.0 168.0 168.0 176.0 168.0 168.0 8.0 168.0 168.0 176.0 168.0 168.0 8.0 168.0 168.0 176.0 168.0 168.0 8.0 168.0 168.0 176.0 168.0 168.0 8.0 168.0 168.0 176.0 168.0 168.0 8.0 168.0 168.0 176.0 168.0 168.0 8.0 168.0 168.0 176.0 168.0 168.0 8.0 168.0 168.0 176.0 168.0 168.0 8.0 168.0 168.0 176.0 168.0 168.0 8.0 168.0 168.0 176.0 168.0 168.0 8.0 168.0 168.0 176.0 168.0 168.0 8.0 168.0 168.0 176.0 168.0 168.0 8.0 168.0 168.0 176.0 168.0 168.0 8.0 168.0 168.0 176.0 168.0 168.0 8.0 168.0 168.0 176.0 168.0 168.0 8.0 168.0 168.0 176.0 168.0 168.0 8.0 168.0 168.0 176.0 168.0 168.0 8.0 168.0 168.0 176.0 168.0 168.0 8.0 168.0 168.0 176.0 168.0 168.0 8.0 168.0 168.0 176.0 168.0 168.0 8.0 168.0 168.0 176.0 168.0 168.0 8.0 168.0 168.0 176.0 168.0 168.0 8.0 168.0 168.0 176.0 168.0 168.0 8.0 168.0 168.0 176.0 168.0 168.0 8.0 168.0 168.0 176.0 168.0 168.0 8.0 168.0 168.0 176.0 168.0 168.0 8.0 168.0 168.0 176.0 168.0 168.0 8.0 168.0 168.0 176.0 168.0 168.0 8.0 168.0 168.0 176.0 168.0 168.0 8.0 168.0 168.0 176.0 168.0 168.0 8.0 168.0 168.0 176.0 168.0 168.0 8.0 168.0 168.0 176.0 168.0 168.0 8.0 168.0 168.0 176.0 168.0 168.0 8.0 168.0 168.0 176.0 168.0 168.0 8.0 168.0 168.0 176.0 168.0 168.0 8.0 168.0 168.0 176.0 168.0 168.0 8.0 168.0 168.0 176.0 168.0 168.0 8.0 168.0 168.0 176.0 168.0 168.0 8.0 168.0 168.0 176.0 168.0 168.0 8.0 168.0 168.0 176.0 168.0 168.0 8.0 168.0 168.0 176.0 168.0 168.0 8.0 168.0 168.0 176.0 168.0 168.0 8.0 168.0 168.0 176.0 168.0 168.0 8.0 168.0 168.0 176.0 168.0 168.0 8.0 168.0 168.0 176.0 168.0 168.0 8.0 168.0 168.0 176.0 168.0 168.0 8.0 168.0 168.0 176.0 168.0 168.0 8.0 168.0 168.0 176.0 168.0 168.0 8.0 168.0 168.0 176.0 168.0 168.0 8.0 168.0 168.0 176.0 168.0 168.0 8.0 168.0 168.0 176.0 168.0 168.0 8.0 168.0 168.0 176.0 168.0 168.0 8.0 168.0 168.0 176.0 168.0 168.0 8.0 168.0 168.0 176.0 168.0 168.0 8.0 168.0 168.0 176.0 168.0 168.0 8.0 168.0 168.0 176.0 168.0 168.0 8.0 168.0 168.0 176.0 168.0 168.0 8.0 168.0 168.0 176.0 168.0 168.0 8.0 168.0 168.0 176.0 168.0 168.0 8.0 168.0 168.0 176.0 168.0 168.0 8.0 168.0 168.0 176.0 168.0 168.0 8.0 168.0 168.0 176.0 168.0 168.0 8.0 168.0 168.0 176.0 168.0 168.0 8.0 168.0 168.0 176.0 168.0 168.0 8.0 168.0 168.0 176.0 168.0 168.0 8.0 168.0 168.0 176.0 168.0 168.0 8.0 168.0 168.0 176.0 168.0 168.0 8.0 168.0 168.0 176.0 168.0 168.0 8.0 168.0 168.0 176.0 168.0 168.0 8.0 168.0 168.0 176.0 168.0 168.0 8.0 168.0 168.0 176.0 168.0 168.0 8.0 168.0 168.0 176.0 168.0 168.0 8.0 168.0 168.0 176.0 168.0 168.0 8.0 168.0 168.0 176.0 168.0 168.0 8.0 168.0 168.0 176.0 168.0 168.0 8.0 168.0 168.0 176.0 168.0 168.0 8.0 168.0 168.0 176.0 168.0 168.0 8.0 168.0 168.0 176.0 168.0 168.0 8.0 168.0 168.0 176.0 168.0 168.0 8.0 168.0 168.0 176.0 168.0 168.0 8.0 168.0 168.0 176.0 168.0 168.0 8.0 168.0 168.0 176.0 168.0 168.0 8.0 168.0 168.0 176.0 168.0 168.0 8.0 168.0 168.0 176.0 168.0 168.0 8.0 168.0 168.0 176.0 168.0 168.0 8.0 168.0 168.0 176.0 168.0 168.0 8.0 168.0 168.0 176.0 168.0 168.0 8.0 168.0 168.0 176.0 168.0 168.0 8.0 168.0 168.0 176.0 168.0 168.0 8.0 168.0 168.0 176.0 168.0 168.0 8.0 168.0 168.0 176.0 168.0 168.0 8.0 168.0 168.0 176.0 168.0 168.0 8.0 168.0 168.0 176.0 168.0 168.0 8.0 168.0 168.0 176.0 168.0 168.0 8.0 168.0 168.0 176.0 168.0 168.0 8.0 168.0 168.0 176.0 168.0 168.0 8.0 168.0 168.0 176.0 168.0 168.0 8.0 168.0 168.0 176.0 168.0 168.0 8.0 168.0 168.0 176.0 168.0 168.0 8.0 168.0 168.0 176.0 168.0 168.0 8.0 168.0 168.0 176.0 168.0 168.0 8.0 168.0 168.0 176.0 168.0 168.0 8.0 168.0 168.0 176.0 168.0 168.0 8.0 168.0 168.0 176.0 168.0 168.0 8.0 168.0 168.0 176.0 168.0 168.0 8.0 168.0 168.0 176.0 168.0 168.0 8.0 168.0 168.0 176.0 168.0 168.0 8.0 168.0 168.0 176.0 168.0 168.0 8.0 168.0 168.0 176.0 168.0 168.0 8.0 168.0 168.0 176.0 168.0 168.0 8.0 168.0 168.0 176.0 168.0 168.0 8.0 168.0 168.0 176.0 168.0 168.0 8.0 168.0 168.0 176.0 168.0 168.0 8.0 168.0 168.0 176.0 168.0 168.0 8.0 168.0 168.0 176.0 168.0 168.0 8.0 168.0 168.0 176.0 168.0 168.0 8.0 168.0 168.0 176.0 168.0 168.0 8.0 168.0 168.0 176.0 168.0 168.0 8.0 168.0 168.0 176.0 168.0 168.0 8.0 168.0 168.0 176.0 168.0 168.0 8.0 168.0 168.0 176.0 168.0 168.0 8.0
50 1 TRACE 8.0 8.0 8.0 8.0 8.0 8.0 8.0 8.0 8.0 8.0 8.0 8.0 8.0 8.0 8.0 8.0 8.0 8.0 8.0 8.0 8.0 8.0 8.0 8.0 8.0 8.0 8.0 8.0 8.0 8.0 8.0 8.0 8.0 8.0 8.0 8.0 8.0 8.0 8.0 8.0 8.0 8.0 8.0 8.0 8.0 8.0 8.0 8.0 8.0 8.0 8.0 8.0 8.0 8.0 8.0 8.0 8.0 8.0 8.0 8.0 8.0 8.0 8.0 8.0 8.0 8.0 8.0 8.0 8.0 8.0 8.0 8.0 8.0 8.0 8.0 8.0 8.0 8.0 8.0 8.0 8.0 8.0 8.0 8.0 8.0 8.0 8.0 8.0 8.0 8.0 8.0 8.0 8.0 8.0 8.0 8.0 8.0 8.0 8.0 8.0 8.0 8.0 8.0 8.0 8.0 8.0 8.0 8.0 8.0 8.0 8.0 8.0 8.0 8.0 8.0 8.0 8.0 8.0 8.0 8.0 8.0 8.0 8.0 8.0 8.0 8.0 8.0 8.0 8.0 8.0 8.0 8.0 8.0 8.0 8.0 8.0 8.0 8.0 8.0 8.0 8.0 8.0 8.0 8.0 8.0 8.0 8.0 8.0 8.0 8.0 8.0 8.0 8.0 8.0 8.0 8.0 8.0 8.0 8.0 8.0 8.0 8.0 8.0 8.0 8.0 8.0 8.0 0.0 8.0 8.0 8.0 8.0 8.0 8.0 8.0 8.0 8.0 8.0 8.0 8.0 8.0 8.0 8.0 8.0 8.0 8.0 8.0 8.0 8.0 8.0 8.0 8.0 8.0 8.0 8.0 8.0 8.0 8.0 8.0 8.0 8.0
51 1 CONSTANT 8.0
52 1 CONSTANT 8.0
53 1 CONSTANT 8.0
54 1 CONSTANT 0.0
55 1 CONSTANT 0.0
56 1 CONSTANT 0.0
57 1 CONSTANT 0.0
58 1 CONSTANT 0.0
59 1 CONSTANT 0.0
60 1 CONSTANT 0.0
61 1 CONSTANT 0.0
62 1 CONSTANT 8.0
