0 1 1 TRACE 1672855515737894.0
1 2 1 TRACE 11586.0 39.0 61.0 50.0 38.0 50.0 49.0 50.0 39.0 50.0 50.0 49.0 50.0 53.0 55.0 49.0 39.0 53.0 50.0 41.0 72.0 49.0 51.0 50.0 49.0 49.0 39.0 37.0 49.0 51.0 52.0 49.0 50.0 49.0 50.0 39.0 38.0 51.0 50.0 50.0 50.0 50.0 50.0 50.0 38.0 50.0 49.0 51.0 49.0 53.0 38.0 49.0 51.0 41.0 70.0 52.0 49.0 41.0 50.0 51.0 49.0 50.0 49.0 50.0
2 3 1 TRACE 287.0 58.0 38.0 36.0 27.0 37.0 28.0 26.0 27.0 29.0 27.0 26.0 46.0 26.0 36.0 58.0 27.0 27.0 27.0 27.0 57.0 42.0 26.0 26.0 27.0 119.0 85.0 436.0 39.0 27.0 33.0 27.0 27.0 88.0 33.0 26.0 722.0 27.0 31.0 27.0 28.0 29.0 26.0 28.0 27.0 77.0 26.0 28.0 59.0 30.0 33.0 27.0 26.0 27.0 27.0 27.0 206.0 27.0 27.0 26.0 27.0 27.0 31.0 26.0
3 4 1 TRACE 47.0 130.0 24.0 21.0 60.0 25.0 22.0 29.0 20.0 22.0 21.0 21.0 58.0 21.0 42.0 22.0 21.0 22.0 21.0 24.0 23.0 21.0 36.0 22.0 56.0 23.0 62.0 57.0 21.0 21.0 52.0 37.0 23.0 22.0 30.0 27.0 27.0 22.0 23.0 60.0 21.0 55.0 21.0 30.0 26.0 22.0 22.0 22.0 23.0 23.0 29.0 22.0 22.0 21.0 22.0 57.0 22.0 26.0 20.0 60.0 22.0 21.0 23.0 34.0
4 5 1 TRACE 23.0 22.0 16.0 16.0 54.0 15.0 15.0 15.0 16.0 15.0 15.0 16.0 16.0 16.0 16.0 15.0 16.0 18.0 15.0 22.0 16.0 16.0 15.0 16.0 57.0 15.0 17.0 16.0 16.0 16.0 16.0 16.0 15.0 16.0 16.0 15.0 23.0 16.0 15.0 47.0 16.0 19.0 16.0 16.0 15.0 16.0 15.0 16.0 15.0 17.0 15.0 21.0 15.0 15.0 15.0 16.0 15.0 16.0 15.0 50.0 15.0 15.0 16.0 15.0
5 6 1 TRACE 41.0 18.0 17.0 17.0 178.0 18.0 18.0 17.0 17.0 16.0 16.0 52.0 21.0 18.0 12.0 21.0 17.0 13.0 14.0 14.0 19.0 18.0 18.0 18.0 104.0 252.0 177.0 23.0 12.0 15.0 195.0 15.0 15.0 34.0 24.0 15.0 11.0 13.0 51.0 11.0 16.0 16.0 15.0 15.0 15.0 51.0 14.0 57.0 15.0 12.0 14.0 16.0 16.0 17.0 131.0 15.0 15.0 131.0 15.0 21.0 144.0 15.0 51.0 14.0
6 7 1 TRACE 20.0 14.0 175.0 12.0 86.0 15.0 175.0 13.0 196.0 14.0 13.0 12.0 154.0 14.0 14.0 16.0 127.0 12.0 161.0 9.0 15.0 14.0 14.0 15.0 17.0 28.0 17.0 14.0 9.0 13.0 13.0 13.0 151.0 8.0 13.0 13.0 126.0 11.0 105.0 9.0 141.0 23.0 123.0 12.0 133.0 8.0 14.0 15.0 14.0 13.0 13.0 308.0 14.0 13.0 20.0 15.0 29.0 17.0 15.0 8.0 19.0 14.0 14.0 13.0
7 8 1 TRACE 20.0 15.0 15.0 14.0 18.0 14.0 13.0 14.0 21.0 14.0 14.0 23.0 15.0 14.0 24.0 24.0 14.0 14.0 22.0 12.0 14.0 15.0 15.0 15.0 15.0 16.0 11.0 16.0 15.0 15.0 13.0 19.0 15.0 8.0 14.0 13.0 27.0 11.0 14.0 9.0 15.0 14.0 8.0 14.0 15.0 19.0 26.0 32.0 25.0 20.0 13.0 15.0 14.0 25.0 19.0 9.0 18.0 15.0 15.0 10.0 16.0 15.0 20.0 14.0
8 9 1 TRACE 19.0 15.0 15.0 23.0 21.0 22.0 11.0 14.0 18.0 13.0 13.0 8.0 15.0 14.0 8.0 9.0 14.0 20.0 15.0 62.0 25.0 25.0 25.0 14.0 17.0 15.0 13.0 21.0 23.0 14.0 12.0 11.0 17.0 19.0 19.0 14.0 15.0 12.0 15.0 19.0 15.0 11.0 11.0 53.0 32.0 8.0 9.0 13.0 12.0 8.0 20.0 16.0 14.0 11.0 10.0 9.0 16.0 15.0 54.0 20.0 15.0 14.0 9.0 24.0
9 10 1 TRACE 75.0 44.0 149.0 53.0 67.0 35.0 33.0 25.0 64.0 25.0 30.0 42.0 26.0 25.0 30.0 56.0 47.0 28.0 95.0 200.0 25.0 29.0 47.0 44.0 26.0 165.0 77.0 29.0 52.0 27.0 26.0 51.0 25.0 25.0 37.0 62.0 214.0 40.0 49.0 24.0 29.0 26.0 26.0 36.0 36.0 66.0 27.0 58.0 31.0 28.0 38.0 62.0 26.0 26.0 39.0 25.0 62.0 34.0 58.0 52.0 41.0 37.0 57.0 66.0
10 11 1 TRACE 25.0 18.0 21.0 25.0 17.0 26.0 19.0 29.0 19.0 28.0 32.0 17.0 17.0 28.0 16.0 19.0 58.0 23.0 19.0 17.0 18.0 17.0 17.0 36.0 17.0 18.0 19.0 27.0 27.0 28.0 17.0 57.0 18.0 17.0 16.0 17.0 18.0 26.0 17.0 18.0 83.0 17.0 16.0 19.0 17.0 17.0 39.0 18.0 18.0 17.0 17.0 17.0 27.0 18.0 18.0 18.0 17.0 17.0 17.0 17.0 17.0 23.0 17.0 17.0
11 12 1 TRACE 23.0 21.0 19.0 25.0 30.0 18.0 20.0 17.0 32.0 18.0 29.0 61.0 19.0 18.0 17.0 18.0 18.0 19.0 18.0 18.0 60.0 17.0 28.0 42.0 21.0 216.0 19.0 27.0 17.0 17.0 29.0 17.0 19.0 19.0 40.0 51.0 300.0 17.0 18.0 19.0 89.0 20.0 19.0 59.0 20.0 19.0 18.0 25.0 18.0 19.0 23.0 23.0 17.0 24.0 18.0 19.0 19.0 19.0 53.0 18.0 18.0 18.0 21.0 20.0
12 13 1 TRACE 28.0 21.0 19.0 20.0 19.0 19.0 19.0 24.0 18.0 20.0 41.0 19.0 21.0 20.0 37.0 21.0 47.0 18.0 20.0 20.0 18.0 22.0 48.0 20.0 21.0 18.0 47.0 21.0 19.0 19.0 19.0 47.0 19.0 19.0 18.0 18.0 383.0 18.0 20.0 20.0 37.0 19.0 21.0 21.0 19.0 19.0 17.0 25.0 19.0 19.0 18.0 51.0 20.0 18.0 19.0 20.0 21.0 20.0 18.0 20.0 19.0 17.0 51.0 19.0
13 14 1 TRACE 21.0 9.0 9.0 8.0 9.0 8.0 8.0 8.0 9.0 8.0 8.0 8.0 8.0 9.0 9.0 9.0 9.0 9.0 9.0 9.0 9.0 9.0 9.0 8.0 8.0 8.0 9.0 9.0 9.0 9.0 9.0 9.0 9.0 9.0 9.0 9.0 9.0 9.0 9.0 9.0 9.0 9.0 8.0 8.0 8.0 9.0 8.0 9.0 9.0 9.0 8.0 8.0 9.0 9.0 8.0 9.0 8.0 8.0 9.0 8.0 9.0 8.0 9.0 8.0
14 15 1 TRACE 26.0 16.0 15.0 16.0 15.0 15.0 16.0 16.0 16.0 16.0 48.0 16.0 15.0 16.0 16.0 15.0 15.0 16.0 147.0 16.0 15.0 16.0 16.0 33.0 16.0 38.0 17.0 16.0 15.0 16.0 15.0 17.0 15.0 16.0 17.0 15.0 23.0 16.0 16.0 15.0 86.0 15.0 16.0 16.0 16.0 16.0 16.0 16.0 16.0 15.0 16.0 42.0 16.0 16.0 16.0 17.0 16.0 16.0 16.0 15.0 16.0 16.0 15.0 16.0
15 16 1 TRACE 13.0 8.0 8.0 8.0 8.0 8.0 8.0 8.0 8.0 8.0 8.0 8.0 8.0 8.0 8.0 8.0 8.0 8.0 8.0 8.0 9.0 8.0 8.0 8.0 8.0 8.0 8.0 8.0 8.0 8.0 8.0 8.0 8.0 8.0 8.0 8.0 8.0 7.0 8.0 8.0 8.0 8.0 8.0 8.0 8.0 8.0 8.0 8.0 8.0 8.0 7.0 8.0 8.0 8.0 8.0 8.0 8.0 8.0 8.0 8.0 8.0 8.0 8.0 8.0
16 17 1 TRACE 54.0 51.0 40.0 72.0 45.0 31.0 32.0 72.0 32.0 33.0 62.0 48.0 40.0 31.0 32.0 31.0 32.0 181.0 93.0 31.0 80.0 34.0 31.0 39.0 33.0 193.0 81.0 59.0 30.0 32.0 66.0 40.0 78.0 32.0 29.0 32.0 72.0 38.0 94.0 31.0 45.0 33.0 37.0 31.0 31.0 36.0 32.0 30.0 215.0 32.0 72.0 57.0 30.0 35.0 75.0 71.0 31.0 30.0 51.0 33.0 30.0 30.0 66.0 31.0
17 18 1 TRACE 23.0 17.0 23.0 17.0 18.0 18.0 17.0 17.0 18.0 17.0 59.0 18.0 18.0 18.0 17.0 17.0 18.0 17.0 18.0 18.0 34.0 18.0 18.0 18.0 18.0 18.0 42.0 17.0 18.0 20.0 18.0 19.0 19.0 18.0 18.0 18.0 18.0 17.0 17.0 16.0 18.0 24.0 18.0 17.0 17.0 17.0 18.0 18.0 91.0 17.0 50.0 17.0 18.0 17.0 18.0 18.0 57.0 17.0 18.0 17.0 17.0 16.0 17.0 18.0
18 19 1 TRACE 24.0 37.0 22.0 18.0 21.0 19.0 21.0 32.0 24.0 19.0 20.0 18.0 31.0 19.0 27.0 18.0 24.0 18.0 53.0 18.0 18.0 19.0 18.0 48.0 18.0 38.0 19.0 43.0 20.0 20.0 18.0 19.0 38.0 19.0 18.0 18.0 19.0 18.0 18.0 20.0 19.0 18.0 18.0 22.0 56.0 17.0 17.0 20.0 68.0 19.0 18.0 56.0 18.0 18.0 50.0 18.0 20.0 17.0 18.0 18.0 18.0 18.0 19.0 19.0
19 20 1 TRACE 23.0 26.0 29.0 20.0 20.0 21.0 18.0 21.0 20.0 22.0 19.0 20.0 19.0 19.0 21.0 20.0 21.0 19.0 19.0 21.0 21.0 20.0 19.0 25.0 20.0 19.0 24.0 30.0 21.0 21.0 20.0 20.0 17.0 20.0 23.0 20.0 18.0 21.0 40.0 20.0 20.0 19.0 20.0 20.0 23.0 20.0 21.0 21.0 18.0 19.0 20.0 22.0 19.0 19.0 19.0 20.0 23.0 21.0 19.0 21.0 19.0 20.0 20.0 22.0
20 21 1 TRACE 21.0 16.0 16.0 16.0 16.0 16.0 17.0 17.0 16.0 16.0 16.0 21.0 16.0 16.0 16.0 21.0 16.0 17.0 16.0 16.0 16.0 16.0 16.0 17.0 17.0 16.0 17.0 16.0 16.0 16.0 17.0 16.0 16.0 17.0 17.0 16.0 16.0 16.0 17.0 17.0 17.0 16.0 16.0 17.0 16.0 17.0 16.0 16.0 16.0 16.0 17.0 16.0 16.0 16.0 16.0 17.0 17.0 16.0 16.0 16.0 16.0 16.0 17.0 16.0
21 22 1 TRACE 27.0 14.0 13.0 17.0 13.0 12.0 13.0 13.0 13.0 13.0 13.0 13.0 13.0 13.0 13.0 13.0 13.0 13.0 12.0 12.0 12.0 13.0 13.0 13.0 13.0 13.0 14.0 13.0 13.0 13.0 17.0 12.0 12.0 13.0 13.0 13.0 12.0 13.0 13.0 13.0 13.0 13.0 13.0 13.0 12.0 18.0 12.0 12.0 12.0 13.0 13.0 12.0 12.0 13.0 13.0 12.0 13.0 13.0 13.0 13.0 13.0 13.0 13.0 12.0
22 23 1 TRACE 133.0 71.0 124.0 102.0 100.0 115.0 99.0 94.0 100.0 99.0 109.0 99.0 100.0 106.0 99.0 96.0 197.0 99.0 109.0 94.0 100.0 98.0 94.0 101.0 99.0 99.0 110.0 84.0 111.0 91.0 93.0 94.0 94.0 94.0 100.0 99.0 102.0 132.0 104.0 95.0 93.0 97.0 95.0 133.0 97.0 89.0 95.0 97.0 94.0 96.0 99.0 101.0 97.0 98.0 106.0 127.0 97.0 90.0 93.0 93.0 96.0 93.0 128.0 105.0
23 24 1 TRACE 60.0 35.0 72.0 130.0 30.0 33.0 31.0 27.0 25.0 24.0 39.0 33.0 28.0 48.0 26.0 24.0 164.0 23.0 24.0 67.0 38.0 24.0 25.0 28.0 65.0 26.0 48.0 67.0 24.0 72.0 29.0 23.0 80.0 23.0 24.0 244.0 63.0 60.0 28.0 24.0 65.0 24.0 25.0 52.0 25.0 25.0 24.0 25.0 62.0 31.0 64.0 24.0 30.0 30.0 59.0 24.0 25.0 25.0 24.0 28.0 28.0 28.0 24.0 23.0
24 25 1 TRACE 58.0 34.0 23.0 48.0 23.0 23.0 24.0 22.0 23.0 23.0 23.0 23.0 24.0 26.0 23.0 22.0 24.0 22.0 22.0 62.0 37.0 23.0 23.0 24.0 26.0 24.0 35.0 55.0 24.0 28.0 24.0 23.0 24.0 24.0 24.0 23.0 27.0 23.0 39.0 22.0 27.0 22.0 24.0 24.0 23.0 22.0 23.0 29.0 25.0 21.0 23.0 24.0 21.0 23.0 58.0 22.0 24.0 23.0 23.0 27.0 23.0 26.0 23.0 24.0
25 26 1 TRACE 28.0 11.0 10.0 11.0 11.0 10.0 10.0 10.0 10.0 10.0 10.0 10.0 9.0 10.0 11.0 10.0 10.0 10.0 10.0 11.0 10.0 9.0 10.0 10.0 11.0 16.0 10.0 10.0 11.0 10.0 11.0 10.0 10.0 10.0 10.0 10.0 11.0 10.0 10.0 10.0 10.0 10.0 11.0 19.0 10.0 10.0 10.0 10.0 10.0 10.0 11.0 10.0 10.0 10.0 10.0 10.0 9.0 10.0 10.0 10.0 10.0 10.0 10.0 10.0 10.0 10.0 10.0 10.0 10.0 9.0 10.0 10.0 10.0 10.0 10.0 10.0 10.0 10.0 11.0 10.0 10.0 9.0 10.0 10.0 10.0 10.0 10.0 23.0 10.0 11.0 12.0 11.0 10.0 10.0 10.0 10.0 10.0 10.0 10.0 11.0 9.0 10.0 10.0 10.0 10.0 10.0 10.0 10.0 10.0 10.0 10.0 11.0 10.0 10.0 11.0 10.0 10.0 11.0 10.0 10.0 10.0 10.0 10.0 10.0 10.0 10.0 11.0 10.0 10.0 10.0 10.0 10.0 10.0 9.0 10.0 10.0 10.0 10.0 10.0 10.0 10.0 10.0 10.0 10.0 10.0 10.0 10.0 10.0 10.0 13.0 9.0 10.0 10.0 10.0 10.0 10.0 10.0 10.0 10.0 11.0 11.0 10.0 10.0 10.0 10.0 10.0 10.0 10.0 9.0 10.0 10.0 10.0 10.0 10.0 11.0 10.0 10.0 10.0 10.0 10.0 11.0 10.0 10.0 10.0 10.0 10.0 10.0 11.0 11.0 10.0 10.0 10.0 10.0 10.0 10.0 10.0 10.0 10.0 10.0 10.0 10.0 10.0 10.0 10.0 9.0 10.0 9.0 10.0 10.0 10.0 10.0 10.0 12.0 10.0 10.0
26 27 1 TRACE 11.0 7.0 7.0 7.0 8.0 7.0 8.0 7.0 8.0 8.0 7.0 7.0 7.0 7.0 7.0 7.0 7.0 7.0 8.0 7.0 7.0 7.0 7.0 7.0 8.0 8.0 7.0 8.0 8.0 7.0 7.0 7.0 7.0 8.0 7.0 8.0 8.0 7.0 7.0 7.0 7.0 7.0 7.0 7.0 8.0 7.0 8.0 8.0 8.0 8.0 7.0 7.0 7.0 8.0 7.0 8.0 7.0 7.0 8.0 7.0 8.0 7.0 7.0 7.0 7.0 7.0 8.0 7.0 7.0 7.0 7.0 8.0 7.0 8.0 7.0 8.0 7.0 7.0 8.0 8.0 8.0 7.0 8.0 7.0 7.0 8.0 7.0 9.0 8.0 8.0 8.0 8.0 7.0 8.0 8.0 8.0 7.0 7.0 7.0 8.0 7.0 7.0 7.0 8.0 8.0 8.0 8.0 7.0 7.0 8.0 7.0 8.0 7.0 8.0 8.0 7.0 7.0 8.0 8.0 7.0 7.0 7.0 7.0 8.0 7.0 7.0 7.0 8.0 7.0 7.0 7.0 8.0 7.0 7.0 7.0 8.0 7.0 7.0 7.0 7.0 8.0 8.0 8.0 7.0 8.0 7.0 7.0 7.0 7.0 7.0 7.0 7.0 8.0 8.0 8.0 7.0 8.0 8.0 7.0 8.0 7.0 7.0 8.0 7.0 8.0 8.0 7.0 8.0 7.0 7.0 7.0 8.0 8.0 7.0 8.0 8.0 7.0 7.0 7.0 7.0 8.0 8.0 8.0 7.0 7.0 8.0 7.0 8.0 8.0 8.0 7.0 8.0 7.0 8.0 7.0 7.0 7.0 7.0 7.0 7.0 7.0 7.0 7.0 7.0 7.0 8.0 7.0 7.0 7.0 7.0 8.0 8.0 7.0 8.0 7.0
27 28 1 TRACE 10.0 8.0 7.0 7.0 7.0 8.0 7.0 8.0 7.0 7.0 8.0 7.0 7.0 7.0 8.0 8.0 7.0 7.0 7.0 7.0 7.0 8.0 8.0 7.0 7.0 7.0 8.0 7.0 7.0 7.0 7.0 8.0 8.0 7.0 7.0 7.0 7.0 8.0 7.0 7.0 8.0 8.0 7.0 7.0 7.0 8.0 7.0 7.0 7.0 7.0 7.0 8.0 7.0 7.0 8.0 7.0 8.0 7.0 7.0 7.0 7.0 7.0 7.0 7.0 8.0 8.0 7.0 7.0 7.0 8.0 8.0 7.0 7.0 7.0 7.0 7.0 8.0 8.0 7.0 7.0 7.0 7.0 7.0 8.0 8.0 7.0 7.0 9.0 8.0 8.0 8.0 8.0 7.0 7.0 7.0 7.0 8.0 8.0 7.0 7.0 8.0 8.0 8.0 7.0 7.0 7.0 7.0 8.0 7.0 7.0 8.0 7.0 7.0 7.0 7.0 7.0 7.0 7.0 7.0 8.0 7.0 8.0 7.0 7.0 8.0 7.0 7.0 7.0 8.0 7.0 7.0 7.0 7.0 8.0 8.0 7.0 7.0 7.0 7.0 7.0 7.0 7.0 7.0 8.0 7.0 7.0 7.0 7.0 7.0 7.0 8.0 7.0 7.0 7.0 7.0 7.0 7.0 7.0 7.0 8.0 7.0 8.0 7.0 7.0 7.0 7.0 8.0 7.0 7.0 8.0 7.0 7.0 7.0 7.0 7.0 7.0 8.0 8.0 7.0 7.0 7.0 7.0 7.0 7.0 8.0 7.0 8.0 7.0 7.0 7.0 7.0 7.0 8.0 7.0 8.0 8.0 8.0 7.0 7.0 7.0 8.0 7.0 7.0 7.0 8.0 7.0 8.0 7.0 7.0 7.0 7.0 7.0 8.0 7.0 8.0
28 29 1 TRACE 13.0 9.0 9.0 8.0 9.0 8.0 9.0 8.0 8.0 9.0 8.0 8.0 9.0 8.0 9.0 8.0 8.0 8.0 8.0 9.0 8.0 8.0 8.0 8.0 9.0 9.0 8.0 9.0 9.0 8.0 8.0 8.0 8.0 9.0 9.0 9.0 9.0 8.0 9.0 8.0 8.0 8.0 8.0 9.0 9.0 9.0 8.0 8.0 9.0 9.0 8.0 8.0 8.0 9.0 8.0 9.0 8.0 12.0 8.0 8.0 8.0 9.0 8.0 8.0 8.0 8.0 8.0 8.0 8.0 8.0 8.0 9.0 9.0 9.0 8.0 9.0 8.0 9.0 9.0 9.0 9.0 8.0 8.0 8.0 8.0 9.0 8.0 10.0 9.0 10.0 9.0 9.0 9.0 9.0 9.0 8.0 8.0 8.0 9.0 9.0 8.0 8.0 9.0 9.0 8.0 8.0 8.0 8.0 9.0 8.0 8.0 9.0 9.0 8.0 8.0 8.0 9.0 9.0 8.0 12.0 8.0 8.0 8.0 8.0 8.0 8.0 9.0 9.0 8.0 8.0 8.0 8.0 8.0 8.0 8.0 9.0 8.0 12.0 8.0 8.0 9.0 9.0 8.0 8.0 9.0 8.0 8.0 8.0 8.0 9.0 9.0 9.0 9.0 9.0 8.0 8.0 8.0 8.0 8.0 8.0 9.0 8.0 9.0 9.0 8.0 9.0 8.0 8.0 8.0 8.0 8.0 9.0 9.0 8.0 8.0 9.0 8.0 8.0 8.0 8.0 9.0 8.0 9.0 8.0 8.0 8.0 8.0 9.0 8.0 9.0 8.0 9.0 8.0 9.0 8.0 8.0 8.0 8.0 8.0 8.0 8.0 8.0 8.0 8.0 8.0 8.0 8.0 9.0 8.0 8.0 9.0 9.0 9.0 9.0 8.0
29 30 1 TRACE 36.0 57.0 30.0 37.0 646.0 29.0 163.0 30.0 40.0 30.0 79.0 31.0 30.0 31.0 22.0 72.0 40.0 30.0 30.0 33.0 30.0 58.0 37.0 42.0 92.0 21.0 31.0 35.0 25.0 76.0 41.0 49.0 49.0 31.0 45.0 48.0 33.0 31.0 28.0 32.0 30.0 534.0 30.0 20.0 35.0 28.0 60.0 35.0 31.0 65.0 32.0 30.0 31.0 30.0 83.0 153.0 31.0 143.0 62.0 39.0 34.0 27.0 29.0 41.0 49.0 33.0 29.0 51.0 30.0 61.0 84.0 31.0 32.0 32.0 36.0 69.0 72.0 29.0 31.0 74.0 34.0 32.0 30.0 30.0 31.0 61.0 160.0 48.0 95.0 118.0 40.0 30.0 117.0 46.0 42.0 30.0 29.0 28.0 51.0 68.0 68.0 30.0 29.0 30.0 42.0 30.0 30.0 67.0 123.0 63.0 29.0 74.0 33.0 30.0 31.0 30.0 29.0 322.0 58.0 18.0 74.0 107.0 29.0 66.0 34.0 29.0 31.0 29.0 35.0 29.0 69.0 28.0 29.0 87.0 63.0 29.0 65.0 28.0 32.0 30.0 86.0 30.0 69.0 88.0 47.0 29.0 105.0 43.0 27.0 17.0 29.0 53.0 28.0 31.0 29.0 30.0 30.0 113.0 65.0 278.0 29.0 29.0 67.0 29.0 29.0 34.0 30.0 84.0 31.0 110.0 42.0 34.0 20.0 33.0 32.0 29.0 108.0 33.0 68.0 31.0 35.0 32.0 66.0 29.0 35.0 46.0 61.0 51.0 30.0 63.0 68.0 31.0 32.0 56.0 29.0 66.0 30.0 28.0 30.0 393.0 30.0 29.0 29.0 33.0 27.0 28.0 28.0 29.0 89.0 28.0 33.0 29.0 32.0 66.0 73.0
30 31 1 TRACE 22.0 20.0 17.0 17.0 8.0 23.0 90.0 8.0 16.0 15.0 17.0 8.0 16.0 16.0 17.0 21.0 8.0 8.0 16.0 16.0 8.0 16.0 16.0 9.0 8.0 17.0 8.0 8.0 16.0 21.0 9.0 16.0 17.0 8.0 16.0 18.0 16.0 15.0 8.0 17.0 17.0 8.0 8.0 8.0 17.0 15.0 16.0 15.0 17.0 9.0 16.0 17.0 8.0 15.0 16.0 8.0 16.0 22.0 8.0 8.0 8.0 16.0 8.0 8.0 16.0 8.0 16.0 22.0 8.0 8.0 46.0 8.0 9.0 15.0 16.0 8.0 16.0 16.0 17.0 18.0 17.0 8.0 9.0 16.0 16.0 28.0 47.0 19.0 9.0 11.0 9.0 8.0 77.0 8.0 22.0 15.0 8.0 15.0 18.0 8.0 8.0 16.0 16.0 15.0 38.0 8.0 8.0 15.0 16.0 18.0 16.0 9.0 16.0 15.0 16.0 16.0 17.0 191.0 16.0 18.0 8.0 161.0 16.0 15.0 17.0 8.0 8.0 17.0 15.0 8.0 8.0 9.0 8.0 7.0 19.0 20.0 8.0 9.0 16.0 8.0 26.0 15.0 9.0 17.0 41.0 9.0 16.0 16.0 9.0 15.0 16.0 8.0 15.0 15.0 8.0 15.0 16.0 8.0 8.0 49.0 8.0 16.0 55.0 16.0 8.0 17.0 8.0 8.0 7.0 16.0 16.0 9.0 16.0 16.0 9.0 16.0 16.0 16.0 28.0 17.0 8.0 8.0 16.0 16.0 8.0 15.0 16.0 8.0 15.0 22.0 8.0 8.0 7.0 15.0 15.0 16.0 15.0 16.0 8.0 55.0 16.0 8.0 9.0 16.0 16.0 8.0 15.0 15.0 8.0 8.0 15.0 8.0 8.0 22.0 8.0
31 32 1 TRACE 17.0 13.0 13.0 13.0 12.0 12.0 12.0 12.0 12.0 13.0 13.0 12.0 13.0 12.0 13.0 13.0 13.0 12.0 12.0 13.0 13.0 13.0 13.0 12.0 12.0 13.0 13.0 13.0 12.0 13.0 13.0 12.0 12.0 13.0 12.0 13.0 13.0 13.0 13.0 13.0 13.0 13.0 12.0 12.0 12.0 12.0 12.0 13.0 12.0 12.0 13.0 13.0 13.0 13.0 13.0 13.0 13.0 13.0 12.0 12.0 12.0 13.0 12.0 12.0 13.0 12.0 12.0 13.0 13.0 12.0 41.0 13.0 12.0 12.0 12.0 13.0 13.0 13.0 12.0 13.0 13.0 12.0 13.0 13.0 13.0 13.0 13.0 15.0 13.0 15.0 14.0 12.0 13.0 12.0 12.0 13.0 12.0 13.0 12.0 25.0 12.0 12.0 13.0 13.0 12.0 12.0 12.0 13.0 13.0 13.0 13.0 13.0 13.0 12.0 13.0 13.0 13.0 13.0 17.0 13.0 13.0 13.0 13.0 12.0 65.0 12.0 13.0 13.0 13.0 13.0 12.0 13.0 12.0 12.0 13.0 12.0 12.0 13.0 12.0 12.0 12.0 13.0 12.0 12.0 13.0 12.0 13.0 12.0 13.0 13.0 13.0 12.0 12.0 13.0 13.0 12.0 13.0 13.0 12.0 13.0 13.0 13.0 13.0 13.0 12.0 13.0 13.0 12.0 12.0 12.0 13.0 12.0 13.0 12.0 12.0 12.0 13.0 12.0 13.0 13.0 12.0 12.0 13.0 12.0 12.0 12.0 13.0 12.0 13.0 13.0 12.0 13.0 13.0 13.0 14.0 12.0 12.0 13.0 13.0 12.0 12.0 12.0 13.0 12.0 12.0 12.0 12.0 13.0 13.0 12.0 12.0 13.0 13.0 13.0 13.0
32 33 1 TRACE 22.0 17.0 17.0 17.0 17.0 17.0 17.0 17.0 17.0 17.0 17.0 16.0 17.0 18.0 17.0 18.0 30.0 17.0 17.0 16.0 17.0 17.0 17.0 16.0 17.0 17.0 16.0 16.0 17.0 18.0 17.0 17.0 17.0 17.0 17.0 17.0 17.0 18.0 16.0 17.0 17.0 18.0 17.0 17.0 17.0 17.0 17.0 16.0 17.0 18.0 19.0 18.0 17.0 53.0 17.0 18.0 17.0 19.0 17.0 16.0 17.0 17.0 49.0 17.0 16.0 22.0 16.0 22.0 17.0 16.0 17.0 63.0 17.0 16.0 17.0 49.0 16.0 16.0 17.0 17.0 17.0 21.0 17.0 16.0 17.0 27.0 114.0 36.0 34.0 20.0 19.0 18.0 18.0 53.0 17.0 17.0 17.0 17.0 17.0 17.0 17.0 17.0 17.0 17.0 32.0 16.0 17.0 17.0 21.0 50.0 52.0 19.0 16.0 17.0 17.0 17.0 52.0 17.0 17.0 17.0 17.0 18.0 17.0 17.0 17.0 17.0 49.0 16.0 16.0 16.0 17.0 17.0 17.0 16.0 50.0 17.0 17.0 18.0 17.0 24.0 17.0 17.0 17.0 21.0 17.0 19.0 17.0 17.0 16.0 18.0 52.0 17.0 17.0 17.0 16.0 16.0 17.0 17.0 17.0 17.0 17.0 17.0 17.0 16.0 16.0 17.0 16.0 18.0 17.0 17.0 17.0 17.0 17.0 17.0 16.0 17.0 19.0 17.0 17.0 21.0 17.0 17.0 17.0 17.0 17.0 17.0 17.0 17.0 17.0 18.0 16.0 17.0 17.0 16.0 18.0 17.0 17.0 16.0 49.0 17.0 17.0 16.0 26.0 17.0 17.0 17.0 16.0 17.0 17.0 50.0 17.0 16.0 18.0 17.0 16.0
33 34 1 TRACE 420.0 431.0 1834.0 216.0 323.0 983.0 395.0 161.0 216.0 209.0 136.0 425.0 224.0 116.0 322.0 286.0 163.0 203.0 575.0 249.0 208.0 428.0 243.0 159.0 217.0 277.0 234.0 155.0 519.0 264.0 195.0 376.0 249.0 213.0 130.0 108.0 909.0 273.0 253.0 253.0 257.0 343.0 164.0 197.0 1648.0 253.0 167.0 352.0 247.0 159.0 282.0 254.0 158.0 377.0 286.0 250.0 421.0 241.0 184.0 251.0 171.0 222.0 113.0 243.0 257.0 145.0 392.0 241.0 139.0 371.0 248.0 230.0 134.0 512.0 268.0 71.0 568.0 261.0 129.0 304.0 249.0 134.0 231.0 469.0 250.0 146.0 215.0 291.0 195.0 88.0 307.0 217.0 191.0 173.0 1722.0 231.0 198.0 362.0 240.0 201.0 177.0 215.0 114.0 169.0 254.0 196.0 200.0 211.0 150.0 336.0 263.0 156.0 450.0 348.0 161.0 552.0 244.0 182.0 292.0 247.0 178.0 359.0 105.0 333.0 265.0 201.0 170.0 1952.0 196.0 144.0 219.0 190.0 128.0 167.0 1583.0 198.0 118.0 228.0 184.0 120.0 919.0 278.0 179.0 194.0 226.0 215.0 510.0 228.0 237.0 385.0 209.0 115.0 202.0 218.0 211.0 299.0 225.0 55.0 145.0 237.0 138.0 740.0 198.0 122.0 281.0 242.0 220.0 121.0 139.0 1648.0 233.0 119.0 891.0 240.0 116.0 507.0 243.0 151.0 315.0 250.0 216.0 126.0 376.0 207.0 241.0 270.0 312.0 168.0 257.0 209.0 190.0 171.0 151.0 1129.0 253.0 169.0 584.0 206.0 99.0 266.0 625.0 159.0 118.0 192.0 189.0 182.0 1005.0 249.0 195.0 160.0 221.0 155.0 219.0 213.0 213.0
34 35 1 TRACE 744.0 742.0 411.0 61.0 52.0 69.0 102.0 41.0 177.0 37.0 18.0 71.0 50.0 45.0 180.0 87.0 18.0 47.0 56.0 49.0 47.0 75.0 50.0 19.0 93.0 50.0 21.0 46.0 59.0 168.0 49.0 55.0 92.0 17.0 40.0 46.0 135.0 53.0 47.0 51.0 49.0 21.0 18.0 63.0 80.0 48.0 46.0 76.0 58.0 47.0 50.0 49.0 45.0 52.0 48.0 48.0 55.0 105.0 18.0 18.0 51.0 47.0 18.0 48.0 48.0 49.0 53.0 53.0 18.0 76.0 49.0 19.0 49.0 54.0 49.0 50.0 62.0 49.0 47.0 74.0 93.0 18.0 48.0 54.0 49.0 56.0 90.0 123.0 37.0 33.0 98.0 49.0 17.0 49.0 804.0 47.0 46.0 55.0 53.0 17.0 49.0 46.0 45.0 45.0 51.0 19.0 52.0 47.0 44.0 232.0 53.0 47.0 54.0 49.0 45.0 56.0 47.0 45.0 160.0 49.0 18.0 41.0 45.0 387.0 49.0 17.0 109.0 239.0 46.0 18.0 51.0 18.0 20.0 183.0 88.0 48.0 18.0 50.0 47.0 53.0 167.0 51.0 46.0 51.0 55.0 48.0 55.0 50.0 64.0 52.0 49.0 41.0 48.0 46.0 84.0 50.0 46.0 18.0 49.0 46.0 46.0 261.0 86.0 17.0 54.0 52.0 20.0 19.0 61.0 252.0 84.0 47.0 69.0 46.0 47.0 337.0 49.0 46.0 52.0 50.0 21.0 46.0 72.0 49.0 48.0 58.0 48.0 45.0 62.0 49.0 19.0 19.0 48.0 69.0 47.0 47.0 56.0 51.0 46.0 50.0 49.0 19.0 50.0 48.0 46.0 47.0 164.0 47.0 17.0 49.0 45.0 17.0 53.0 55.0 46.0
35 36 1 TRACE 52.0 52.0 124.0 45.0 45.0 90.0 55.0 37.0 48.0 16.0 16.0 58.0 58.0 41.0 180.0 91.0 18.0 49.0 59.0 45.0 44.0 56.0 46.0 16.0 51.0 102.0 17.0 43.0 57.0 66.0 47.0 51.0 50.0 16.0 39.0 44.0 874.0 44.0 41.0 46.0 47.0 15.0 17.0 47.0 108.0 44.0 42.0 49.0 48.0 41.0 47.0 45.0 82.0 66.0 46.0 44.0 66.0 47.0 16.0 15.0 45.0 42.0 16.0 46.0 43.0 44.0 51.0 67.0 16.0 59.0 46.0 17.0 46.0 59.0 51.0 44.0 64.0 46.0 42.0 174.0 47.0 17.0 47.0 80.0 86.0 42.0 140.0 79.0 32.0 19.0 58.0 44.0 16.0 43.0 281.0 64.0 48.0 52.0 59.0 16.0 94.0 44.0 41.0 45.0 43.0 17.0 49.0 42.0 42.0 57.0 47.0 43.0 59.0 45.0 42.0 379.0 45.0 89.0 181.0 46.0 17.0 38.0 41.0 231.0 55.0 16.0 45.0 127.0 42.0 16.0 124.0 16.0 16.0 46.0 111.0 44.0 16.0 47.0 43.0 44.0 86.0 44.0 43.0 48.0 43.0 45.0 58.0 51.0 43.0 51.0 45.0 37.0 44.0 46.0 44.0 49.0 41.0 17.0 49.0 48.0 44.0 103.0 75.0 16.0 123.0 46.0 17.0 16.0 47.0 114.0 43.0 64.0 385.0 44.0 45.0 60.0 54.0 42.0 51.0 45.0 16.0 43.0 51.0 46.0 48.0 48.0 80.0 40.0 49.0 45.0 17.0 16.0 43.0 94.0 43.0 48.0 59.0 47.0 42.0 50.0 86.0 16.0 41.0 46.0 46.0 43.0 83.0 43.0 16.0 44.0 43.0 59.0 49.0 47.0 41.0
36 37 1 TRACE 161.0 207.0 984.0 387.0 55.0 682.0 30.0 70.0 116.0 91.0 121.0 133.0 99.0 41.0 302.0 34.0 206.0 90.0 158.0 55.0 64.0 246.0 81.0 159.0 78.0 34.0 114.0 62.0 195.0 30.0 29.0 174.0 507.0 44.0 27.0 74.0 690.0 68.0 73.0 244.0 172.0 79.0 168.0 47.0 761.0 46.0 69.0 128.0 154.0 95.0 125.0 66.0 64.0 143.0 117.0 116.0 126.0 29.0 147.0 89.0 76.0 49.0 95.0 42.0 28.0 84.0 230.0 292.0 101.0 231.0 69.0 35.0 75.0 391.0 397.0 81.0 330.0 84.0 47.0 228.0 111.0 75.0 81.0 137.0 90.0 237.0 404.0 66.0 170.0 131.0 52.0 41.0 261.0 50.0 918.0 191.0 48.0 125.0 34.0 110.0 35.0 108.0 29.0 77.0 28.0 127.0 184.0 29.0 129.0 449.0 32.0 51.0 125.0 31.0 63.0 846.0 32.0 61.0 109.0 31.0 73.0 208.0 29.0 196.0 30.0 82.0 38.0 1079.0 144.0 70.0 156.0 250.0 94.0 117.0 905.0 71.0 90.0 72.0 107.0 88.0 544.0 30.0 40.0 615.0 28.0 34.0 154.0 33.0 29.0 134.0 83.0 54.0 63.0 84.0 29.0 258.0 27.0 68.0 34.0 29.0 31.0 277.0 54.0 89.0 381.0 33.0 67.0 99.0 249.0 978.0 99.0 49.0 927.0 94.0 34.0 191.0 33.0 51.0 81.0 31.0 86.0 638.0 130.0 72.0 126.0 103.0 32.0 249.0 70.0 69.0 104.0 84.0 116.0 586.0 37.0 53.0 377.0 68.0 49.0 122.0 78.0 102.0 624.0 71.0 52.0 66.0 444.0 129.0 84.0 70.0 67.0 94.0 180.0 63.0 29.0
37 38 1 TRACE 37.0 171.0 188.0 37.0 29.0 130.0 47.0 31.0 38.0 29.0 27.0 75.0 28.0 26.0 46.0 70.0 48.0 47.0 71.0 28.0 29.0 98.0 26.0 31.0 37.0 29.0 28.0 29.0 78.0 70.0 30.0 48.0 28.0 29.0 29.0 66.0 91.0 29.0 28.0 39.0 27.0 26.0 42.0 34.0 157.0 26.0 28.0 70.0 28.0 33.0 47.0 28.0 42.0 50.0 28.0 29.0 50.0 27.0 45.0 26.0 32.0 62.0 29.0 48.0 27.0 69.0 165.0 28.0 63.0 46.0 41.0 27.0 64.0 93.0 35.0 36.0 83.0 27.0 49.0 45.0 39.0 27.0 27.0 57.0 68.0 53.0 116.0 53.0 27.0 37.0 54.0 69.0 68.0 29.0 168.0 69.0 27.0 50.0 59.0 26.0 31.0 66.0 28.0 66.0 31.0 69.0 33.0 33.0 26.0 58.0 30.0 26.0 55.0 29.0 61.0 107.0 28.0 32.0 46.0 53.0 27.0 64.0 32.0 46.0 69.0 29.0 31.0 176.0 26.0 28.0 60.0 85.0 68.0 28.0 171.0 36.0 26.0 34.0 45.0 29.0 111.0 30.0 308.0 70.0 30.0 28.0 91.0 26.0 26.0 64.0 28.0 26.0 32.0 26.0 27.0 40.0 27.0 66.0 30.0 35.0 27.0 79.0 84.0 27.0 260.0 28.0 30.0 34.0 32.0 160.0 64.0 29.0 265.0 27.0 31.0 68.0 29.0 62.0 52.0 28.0 28.0 49.0 93.0 28.0 69.0 76.0 28.0 33.0 43.0 69.0 26.0 27.0 65.0 125.0 26.0 28.0 81.0 28.0 28.0 48.0 65.0 28.0 29.0 31.0 27.0 31.0 92.0 52.0 29.0 30.0 28.0 28.0 39.0 66.0 27.0
38 39 1 TRACE 33.0 25.0 28.0 31.0 23.0 49.0 39.0 25.0 64.0 59.0 23.0 26.0 60.0 23.0 26.0 26.0 33.0 26.0 28.0 24.0 60.0 62.0 23.0 24.0 26.0 23.0 65.0 24.0 25.0 28.0 35.0 27.0 25.0 24.0 26.0 25.0 26.0 62.0 63.0 27.0 26.0 25.0 24.0 27.0 25.0 28.0 23.0 67.0 22.0 22.0 68.0 23.0 24.0 25.0 23.0 23.0 24.0 24.0 26.0 24.0 23.0 62.0 35.0 24.0 33.0 24.0 219.0 24.0 65.0 25.0 23.0 24.0 24.0 58.0 22.0 28.0 25.0 24.0 23.0 24.0 37.0 23.0 23.0 25.0 23.0 52.0 74.0 46.0 57.0 72.0 34.0 35.0 58.0 23.0 26.0 96.0 25.0 24.0 35.0 23.0 22.0 26.0 22.0 25.0 22.0 53.0 85.0 46.0 23.0 25.0 25.0 23.0 25.0 22.0 23.0 63.0 23.0 24.0 25.0 59.0 24.0 23.0 26.0 24.0 27.0 24.0 25.0 39.0 26.0 23.0 146.0 30.0 199.0 23.0 24.0 23.0 26.0 50.0 24.0 23.0 24.0 22.0 185.0 26.0 27.0 24.0 24.0 63.0 22.0 48.0 23.0 26.0 24.0 24.0 24.0 26.0 24.0 63.0 24.0 66.0 23.0 38.0 44.0 24.0 70.0 23.0 131.0 23.0 67.0 49.0 23.0 22.0 85.0 61.0 23.0 24.0 28.0 138.0 64.0 23.0 24.0 59.0 60.0 22.0 61.0 34.0 26.0 32.0 25.0 60.0 24.0 21.0 60.0 59.0 27.0 25.0 26.0 69.0 23.0 25.0 24.0 23.0 22.0 30.0 23.0 63.0 27.0 23.0 22.0 24.0 64.0 24.0 25.0 58.0 24.0
39 25 1 TRACE 35.0 19.0 18.0 18.0 18.0 17.0 19.0 18.0 21.0 18.0 22.0 21.0 18.0 18.0 32.0 22.0 60.0 20.0 24.0 21.0 18.0 22.0 18.0 19.0 18.0 18.0 21.0 19.0 20.0 18.0 18.0 18.0 19.0 19.0 18.0 18.0 33.0 34.0 19.0 18.0 18.0 18.0 18.0 19.0 19.0 21.0 19.0 19.0 21.0 18.0 18.0 21.0 18.0 24.0 18.0 18.0 17.0 18.0 35.0 18.0 18.0 17.0 23.0 18.0 19.0 18.0 18.0 18.0 19.0 18.0 18.0 75.0 18.0 20.0 25.0 18.0 18.0 18.0 19.0 18.0 18.0 18.0 22.0 21.0 18.0 18.0 18.0
39 40 1 TRACE 38.0 77.0 78.0 26.0 27.0 26.0 31.0 27.0 26.0 26.0 26.0 66.0 27.0 28.0 28.0 29.0 29.0 67.0 32.0 145.0 26.0 26.0 26.0 62.0 25.0 49.0 32.0 26.0 25.0 27.0 25.0 1097.0 27.0 24.0 29.0 25.0 41.0 25.0 24.0 29.0 26.0 254.0 63.0 26.0 59.0 25.0 73.0 25.0 32.0 62.0 28.0 81.0 26.0 63.0 67.0 41.0 24.0 26.0 25.0 26.0 26.0 25.0 26.0 25.0
39 51 1 TRACE 70.0 25.0 77.0 29.0 26.0 25.0 26.0 64.0 26.0 39.0 30.0 35.0 25.0 25.0 32.0 65.0 69.0 60.0 45.0 32.0 26.0 29.0 65.0 39.0 27.0 63.0 43.0 65.0 59.0 25.0 25.0 25.0 25.0 26.0 27.0 27.0 26.0 27.0 29.0 27.0 42.0 25.0 64.0 72.0 25.0 25.0 28.0 27.0 129.0 1003.0 25.0 28.0 26.0 26.0 27.0 29.0 25.0 26.0 91.0 66.0 27.0 32.0 64.0 25.0
40 41 1 TRACE 249.0 184.0 77.0 95.0 85.0 101.0 103.0 76.0 103.0 88.0 151.0 77.0 226.0 87.0 84.0 90.0 107.0 70.0 72.0 106.0 79.0 115.0 138.0 82.0 97.0 104.0 122.0 241.0 104.0 72.0 70.0 72.0 103.0 97.0 120.0 79.0 83.0 260.0 72.0 237.0 72.0 178.0 70.0 119.0 106.0 70.0 72.0 70.0 127.0 78.0 237.0 172.0 112.0 83.0 94.0 84.0 80.0 175.0 128.0 87.0 70.0 156.0 79.0 77.0
41 42 1 TRACE 19.0 13.0 13.0 14.0 13.0 13.0 15.0 13.0 12.0 13.0 13.0 13.0 12.0 14.0 13.0 13.0 13.0 13.0 13.0 14.0 13.0 12.0 13.0 13.0 12.0 14.0 12.0 12.0 13.0 13.0 14.0 13.0 13.0 12.0 13.0 13.0 13.0 14.0 13.0 13.0 14.0 13.0 35.0 14.0 12.0 13.0 14.0 12.0 12.0 13.0 12.0 13.0 14.0 13.0 13.0 13.0 13.0 13.0 13.0 13.0 13.0 13.0 13.0 13.0 13.0 13.0 17.0 13.0 12.0 14.0 12.0 13.0 14.0 13.0 13.0 13.0 13.0 13.0 16.0 16.0 15.0 15.0 14.0 13.0 13.0 13.0 13.0 13.0 14.0 13.0 13.0 15.0 13.0 12.0 12.0 14.0 13.0 12.0 13.0 13.0 12.0 44.0 13.0 14.0 13.0 12.0 14.0 12.0 12.0 13.0 12.0 13.0 13.0 13.0 12.0 13.0 13.0 13.0 14.0 12.0 13.0 13.0 13.0 13.0 12.0 14.0 13.0 13.0 13.0 13.0 12.0 13.0 13.0 13.0 12.0 13.0 13.0 12.0 13.0 14.0 13.0 13.0 14.0 12.0 12.0 13.0 13.0 12.0 12.0 13.0 13.0 12.0 13.0 13.0 13.0 12.0 13.0 13.0 12.0 13.0 13.0 13.0 13.0 14.0 13.0 13.0 14.0 13.0 12.0 13.0 12.0 12.0 13.0 16.0 13.0 14.0 13.0 12.0 17.0 13.0 12.0 14.0 13.0 13.0 13.0 13.0 13.0 13.0 12.0 14.0 15.0 13.0 13.0 13.0 13.0 13.0 12.0 14.0 13.0 13.0 14.0 13.0 13.0 12.0 13.0 12.0 13.0
42 43 1 TRACE 16.0 12.0 11.0 12.0 12.0 11.0 11.0 11.0 11.0 11.0 12.0 11.0 11.0 11.0 11.0 12.0 13.0 16.0 11.0 12.0 12.0 11.0 11.0 11.0 11.0 12.0 12.0 11.0 12.0 11.0 12.0 11.0 12.0 11.0 12.0 11.0 11.0 12.0 12.0 12.0 11.0 12.0 11.0 11.0 11.0 11.0 11.0 12.0 12.0 12.0 11.0 12.0 11.0 16.0 12.0 12.0 12.0 11.0 12.0 12.0 11.0 11.0 13.0 12.0 12.0 11.0 11.0 11.0 11.0 12.0 11.0 12.0 12.0 11.0 12.0 12.0 11.0 11.0 18.0 12.0 14.0 13.0 12.0 12.0 12.0 11.0 12.0 13.0 12.0 11.0 12.0 12.0 11.0 11.0 11.0 11.0 11.0 11.0 11.0 12.0 12.0 11.0 11.0 13.0 12.0 12.0 12.0 12.0 12.0 11.0 12.0 11.0 12.0 11.0 12.0 17.0 11.0 12.0 12.0 12.0 12.0 12.0 11.0 11.0 11.0 12.0 12.0 11.0 12.0 11.0 11.0 12.0 12.0 11.0 12.0 12.0 11.0 11.0 12.0 12.0 11.0 11.0 12.0 11.0 11.0 11.0 11.0 12.0 11.0 12.0 11.0 12.0 11.0 12.0 12.0 12.0 11.0 11.0 12.0 11.0 11.0 11.0 11.0 12.0 12.0 11.0 12.0 11.0 11.0 12.0 12.0 12.0 12.0 12.0 11.0 11.0 11.0 11.0 12.0 11.0 11.0 12.0 11.0 11.0 12.0 11.0 12.0 12.0 11.0 11.0 12.0 12.0 12.0 13.0 11.0 11.0 11.0 12.0 12.0 11.0 12.0 11.0 11.0 11.0 12.0 12.0 11.0
43 44 1 TRACE 12.0 8.0 8.0 9.0 11.0 8.0 9.0 8.0 8.0 8.0 9.0 8.0 8.0 8.0 8.0 8.0 9.0 10.0 8.0 9.0 9.0 8.0 8.0 8.0 8.0 8.0 8.0 8.0 8.0 8.0 8.0 8.0 8.0 8.0 8.0 8.0 8.0 9.0 8.0 8.0 11.0 9.0 8.0 8.0 8.0 8.0 9.0 8.0 9.0 9.0 9.0 9.0 8.0 9.0 8.0 8.0 8.0 8.0 9.0 8.0 9.0 8.0 8.0 8.0 9.0 8.0 9.0 8.0 8.0 8.0 8.0 9.0 8.0 8.0 9.0 8.0 8.0 8.0 11.0 9.0 22.0 9.0 9.0 8.0 8.0 8.0 8.0 8.0 8.0 11.0 9.0 8.0 8.0 8.0 8.0 8.0 8.0 9.0 8.0 9.0 8.0 8.0 8.0 11.0 8.0 8.0 8.0 8.0 8.0 8.0 9.0 8.0 8.0 8.0 9.0 9.0 8.0 8.0 8.0 8.0 7.0 9.0 8.0 8.0 8.0 9.0 8.0 8.0 9.0 8.0 8.0 8.0 8.0 8.0 8.0 9.0 8.0 8.0 8.0 9.0 8.0 8.0 8.0 8.0 8.0 8.0 8.0 9.0 8.0 8.0 8.0 9.0 8.0 11.0 8.0 9.0 8.0 8.0 9.0 8.0 8.0 8.0 8.0 8.0 8.0 9.0 8.0 8.0 8.0 8.0 8.0 9.0 9.0 8.0 8.0 8.0 8.0 8.0 9.0 9.0 8.0 9.0 8.0 8.0 8.0 8.0 8.0 8.0 8.0 8.0 8.0 8.0 8.0 8.0 8.0 8.0 8.0 9.0 9.0 8.0 8.0 8.0 8.0 8.0 9.0 8.0 8.0
44 45 1 TRACE 67.0 43.0 201.0 63.0 49.0 57.0 76.0 40.0 44.0 39.0 64.0 44.0 40.0 72.0 47.0 93.0 166.0 37.0 40.0 68.0 50.0 58.0 71.0 40.0 53.0 64.0 42.0 52.0 75.0 513.0 38.0 95.0 41.0 41.0 68.0 366.0 41.0 288.0 79.0 79.0 37.0 83.0 55.0 54.0 42.0 46.0 66.0 41.0 43.0 50.0 40.0 39.0 69.0 37.0 82.0 258.0 200.0 41.0 40.0 39.0 44.0 39.0 38.0 68.0 39.0 38.0 40.0 41.0 78.0 81.0 156.0 40.0 105.0 85.0 67.0 66.0 329.0 38.0 476.0 62.0 74.0 46.0 110.0 67.0 47.0 101.0 41.0 40.0 39.0 37.0 41.0 39.0 47.0 44.0 45.0 70.0 49.0 41.0 44.0 72.0 154.0 568.0 39.0 38.0 57.0 84.0 70.0 80.0 331.0 471.0 82.0 133.0 109.0 41.0 83.0 109.0 41.0 48.0 86.0 49.0 42.0 71.0 99.0 40.0 40.0 45.0 105.0 147.0 45.0 41.0 68.0 83.0 137.0 85.0 41.0 74.0 93.0 41.0 41.0 43.0 40.0 71.0 59.0 41.0 40.0 104.0 58.0 39.0 84.0 108.0 85.0 43.0 48.0 64.0 45.0 40.0 78.0 44.0 79.0 56.0 126.0 41.0 91.0 48.0 39.0 38.0 50.0 55.0 78.0 57.0 82.0 41.0 100.0 196.0 93.0 66.0 41.0 38.0 43.0 41.0 41.0 41.0 49.0 40.0 119.0 46.0 67.0 57.0 39.0 38.0 41.0 54.0 40.0 68.0 41.0 115.0 44.0 46.0 47.0 43.0 60.0 38.0 44.0 42.0 76.0 111.0 41.0
45 46 1 TRACE 21.0 17.0 26.0 17.0 16.0 21.0 53.0 18.0 17.0 18.0 18.0 18.0 17.0 17.0 76.0 17.0 17.0 18.0 18.0 18.0 18.0 24.0 17.0 17.0 16.0 17.0 17.0 17.0 24.0 36.0 17.0 19.0 18.0 19.0 17.0 19.0 17.0 18.0 18.0 17.0 17.0 17.0 18.0 18.0 16.0 17.0 19.0 18.0 18.0 17.0 17.0 16.0 18.0 18.0 29.0 18.0 26.0 17.0 16.0 91.0 17.0 18.0 17.0 20.0 19.0 17.0 18.0 17.0 18.0 18.0 18.0 22.0 19.0 18.0 19.0 37.0 49.0 28.0 99.0 22.0 25.0 31.0 21.0 18.0 22.0 42.0 17.0 16.0 17.0 22.0 16.0 18.0 17.0 17.0 17.0 17.0 18.0 19.0 20.0 18.0 18.0 18.0 18.0 17.0 17.0 17.0 17.0 17.0 28.0 382.0 20.0 17.0 18.0 16.0 18.0 82.0 17.0 38.0 32.0 17.0 18.0 18.0 39.0 54.0 18.0 18.0 26.0 17.0 16.0 19.0 17.0 17.0 17.0 18.0 19.0 19.0 54.0 18.0 17.0 21.0 18.0 32.0 17.0 17.0 17.0 38.0 17.0 53.0 18.0 20.0 17.0 18.0 18.0 17.0 17.0 17.0 17.0 17.0 17.0 16.0 19.0 20.0 16.0 18.0 17.0 19.0 19.0 18.0 18.0 17.0 16.0 20.0 19.0 16.0 17.0 17.0 21.0 17.0 17.0 18.0 16.0 18.0 17.0 17.0 18.0 17.0 19.0 49.0 17.0 25.0 17.0 17.0 18.0 19.0 17.0 17.0 18.0 17.0 16.0 18.0 18.0 17.0 17.0 16.0 17.0 16.0 17.0
46 47 1 TRACE 612.0 154.0 226.0 463.0 212.0 148.0 690.0 246.0 145.0 145.0 581.0 189.0 148.0 651.0 201.0 141.0 546.0 193.0 160.0 530.0 229.0 140.0 677.0 220.0 143.0 536.0 186.0 140.0 648.0 195.0 167.0 423.0 169.0 145.0 687.0 213.0 150.0 426.0 154.0 141.0 681.0 196.0 145.0 664.0 204.0 141.0 621.0 197.0 150.0 624.0 195.0 149.0 643.0 306.0 144.0 141.0 676.0 256.0 149.0 140.0 590.0 199.0 148.0 719.0 209.0 163.0 528.0 182.0 184.0 470.0 175.0 142.0 673.0 206.0 147.0 570.0 182.0 149.0 912.0 268.0 199.0 724.0 263.0 149.0 149.0 378.0 153.0 142.0 611.0 191.0 144.0 617.0 302.0 153.0 142.0 624.0 301.0 145.0 154.0 641.0 243.0 147.0 146.0 559.0 182.0 141.0 549.0 191.0 140.0 459.0 179.0 140.0 663.0 206.0 143.0 655.0 204.0 141.0 357.0 146.0 141.0 629.0 251.0 149.0 143.0 392.0 155.0 146.0 659.0 249.0 144.0 141.0 399.0 157.0 179.0 626.0 262.0 142.0 142.0 496.0 178.0 141.0 584.0 185.0 140.0 685.0 291.0 148.0 140.0 649.0 235.0 145.0 140.0 621.0 304.0 145.0 142.0 474.0 175.0 141.0 661.0 213.0 146.0 416.0 156.0 141.0 402.0 158.0 149.0 490.0 175.0 140.0 645.0 207.0 142.0 581.0 195.0 151.0 664.0 200.0 146.0 675.0 206.0 170.0 403.0 157.0 140.0 454.0 170.0 140.0 638.0 198.0 141.0 623.0 265.0 145.0 141.0 409.0 162.0 139.0 623.0 310.0 145.0 142.0 669.0 212.0 142.0
47 48 1 TRACE 13.0 10.0 10.0 10.0 15.0 8.0 9.0 14.0 9.0 12.0 13.0 274.0 13.0 9.0 12.0 8.0 10.0 10.0 9.0 11.0 8.0 10.0 17.0 21.0 11.0 8.0 9.0 10.0 9.0 10.0 9.0 11.0 10.0 10.0 12.0 8.0 9.0 13.0 17.0 20.0 8.0 9.0 12.0 9.0 11.0 8.0 10.0 9.0 9.0 10.0 8.0 10.0 10.0 10.0 12.0 8.0 10.0 9.0 9.0 11.0 8.0 10.0 25.0 10.0 11.0 8.0 10.0 10.0 10.0 10.0 8.0 33.0 18.0 10.0 10.0 8.0 15.0 11.0 9.0 11.0 8.0 17.0 55.0 30.0 12.0 8.0 36.0 12.0 10.0 12.0 8.0 10.0 9.0 9.0 12.0 8.0 29.0 10.0 10.0 12.0 8.0 10.0 9.0 17.0 11.0 8.0 10.0 9.0 9.0 11.0 9.0 10.0 10.0 11.0 13.0 8.0 9.0 11.0 10.0 11.0 8.0 10.0 9.0 10.0 11.0 9.0 11.0 10.0 10.0 12.0 8.0 9.0 12.0 16.0 13.0 7.0 10.0 14.0 9.0 12.0 8.0 10.0 10.0 10.0 12.0 8.0 10.0 10.0 10.0 11.0 8.0 10.0 50.0 12.0 12.0 8.0 10.0 10.0 10.0 12.0 8.0 15.0 16.0 11.0 12.0 8.0 10.0 9.0 10.0 10.0 8.0 10.0 11.0 9.0 12.0 8.0 10.0 10.0 10.0 12.0 8.0 10.0 10.0 9.0 12.0 8.0 11.0 10.0 10.0 12.0 8.0 9.0 10.0 10.0 16.0 8.0 11.0 10.0 10.0 11.0 9.0 11.0 10.0 10.0 12.0 8.0 10.0 10.0 10.0 12.0 8.0 10.0 10.0 9.0 11.0 8.0 10.0 10.0 10.0 12.0 8.0 10.0 10.0 10.0 11.0 8.0 9.0 9.0 9.0 10.0 8.0 11.0 9.0 10.0 12.0 8.0 10.0 10.0 10.0 12.0 8.0 10.0 9.0 10.0 11.0 8.0 11.0 10.0 10.0 11.0 8.0 10.0 13.0 9.0 11.0 8.0 10.0 10.0 10.0 11.0 8.0 10.0 10.0 11.0 12.0 9.0 9.0 10.0 10.0 11.0 9.0 11.0 10.0 10.0 48.0 8.0 9.0 10.0 10.0 11.0 8.0 10.0 10.0 10.0 12.0 8.0 10.0 9.0 10.0 11.0 8.0 9.0 10.0 9.0 11.0 8.0 10.0 10.0 9.0 10.0 9.0 11.0 10.0 39.0 12.0 8.0 10.0 10.0 10.0 11.0 9.0 10.0 10.0 10.0 11.0 8.0 23.0 10.0 10.0 12.0 8.0 11.0 10.0 10.0 11.0 8.0 9.0 9.0 9.0 10.0 8.0 10.0 10.0 9.0 12.0 8.0 47.0 11.0 9.0 12.0 8.0 10.0 9.0 10.0 11.0 8.0 10.0 11.0 10.0 11.0 8.0 11.0 10.0 10.0 11.0 9.0 9.0 9.0 10.0 12.0 8.0 10.0 9.0 10.0 12.0 8.0 10.0 10.0 10.0 14.0 8.0 9.0 9.0 17.0 11.0 8.0 10.0 10.0 10.0 14.0 8.0 11.0 10.0 10.0 11.0 8.0 10.0 10.0 10.0 12.0 8.0 66.0 10.0 69.0 17.0 21.0 48.0 25.0 19.0 11.0 22.0 45.0 87.0 21.0 13.0 10.0 68.0 12.0 11.0 55.0 9.0 11.0 10.0 11.0 11.0 8.0 11.0 11.0 10.0 11.0 8.0 11.0 14.0 10.0 11.0 9.0 10.0 11.0 10.0 10.0 8.0 10.0 17.0 14.0 11.0 11.0 10.0 10.0 10.0 12.0 9.0 11.0 10.0 10.0 10.0 8.0 9.0 9.0 10.0 11.0 8.0 9.0 11.0 11.0 10.0 8.0 10.0 10.0 10.0 13.0 8.0 10.0 10.0 45.0 12.0 8.0 10.0 11.0 10.0 11.0 8.0 10.0 13.0 10.0 11.0 9.0 10.0 11.0 10.0 50.0 8.0 10.0 10.0 10.0 12.0 9.0 10.0 10.0 10.0 12.0 8.0 10.0 9.0 10.0 12.0 8.0 10.0 11.0 10.0 12.0 8.0 9.0 15.0 13.0 11.0 8.0 12.0 9.0 10.0 11.0 8.0 9.0 13.0 9.0 11.0 8.0 11.0 10.0 10.0 12.0 8.0 10.0 10.0 10.0 12.0 8.0 32.0 12.0 10.0 12.0 8.0 10.0 10.0 9.0 11.0 9.0 11.0 15.0 10.0 12.0 8.0 10.0 11.0 11.0 12.0 8.0 10.0 10.0 10.0 11.0 8.0 14.0 16.0 10.0 11.0 8.0 10.0 11.0 10.0 11.0 8.0 10.0 10.0 10.0 13.0 8.0 10.0 10.0 10.0 12.0 8.0 9.0 10.0 10.0 11.0 8.0 22.0 10.0 10.0 12.0 8.0 10.0 10.0 17.0 10.0 8.0 10.0 10.0 10.0 11.0 8.0 10.0 13.0 10.0 12.0 7.0 10.0 10.0 10.0 13.0 8.0 10.0 11.0 10.0 10.0 9.0 10.0 10.0 10.0 12.0 8.0 9.0 11.0 10.0 11.0 8.0 9.0 12.0 10.0 11.0 8.0 10.0 10.0 10.0 11.0 8.0 11.0 11.0 14.0 11.0 8.0 9.0 11.0 10.0 12.0 8.0 15.0 56.0 49.0 11.0 8.0 11.0 10.0 10.0 12.0 7.0 9.0 14.0 29.0 12.0 7.0 10.0 11.0 11.0 11.0 8.0 10.0 10.0 10.0 11.0 8.0 11.0 14.0 10.0 12.0 8.0 10.0 10.0 9.0 12.0 8.0 9.0 11.0 10.0 11.0 8.0 10.0 10.0 10.0 13.0 8.0 9.0 10.0 9.0 12.0 8.0 10.0 10.0 11.0 11.0 8.0 9.0 10.0 10.0 12.0 8.0 10.0 10.0 9.0 11.0 8.0 10.0 14.0 10.0 11.0 8.0 11.0 12.0 10.0 11.0 9.0 10.0 10.0 10.0 12.0 8.0 10.0 47.0 50.0 12.0 8.0 10.0 10.0 10.0 11.0 8.0 10.0 69.0 10.0 12.0 8.0 10.0 11.0 10.0 12.0 8.0 9.0 12.0 11.0 12.0 8.0 10.0 11.0 10.0 11.0 9.0 11.0 10.0 10.0 12.0 8.0 25.0 13.0 10.0 12.0 8.0 10.0 10.0 11.0 11.0 8.0 10.0 10.0 10.0 11.0 9.0 11.0 11.0 10.0 11.0 8.0 10.0 10.0 19.0 14.0 8.0 10.0 10.0 10.0 11.0 8.0 9.0 10.0 10.0 10.0 8.0 10.0 10.0 10.0 12.0 8.0 39.0 16.0 10.0 10.0 8.0 11.0 14.0 10.0 10.0 8.0 10.0 10.0 10.0 11.0 8.0 10.0 17.0 9.0 12.0 8.0 9.0 12.0 12.0 12.0 11.0 10.0 11.0 10.0 11.0 8.0 10.0 11.0 10.0 10.0 8.0 10.0 13.0 13.0 12.0 9.0 10.0 10.0 10.0 12.0 8.0 15.0 12.0 10.0 11.0 9.0 23.0 13.0 11.0 11.0 8.0 10.0 10.0 10.0 12.0 8.0 10.0 11.0 20.0 10.0 8.0 10.0 11.0 12.0 11.0 8.0 10.0 10.0 10.0 12.0 8.0 44.0 13.0 10.0 12.0 8.0 15.0 12.0 10.0 13.0 9.0 10.0 10.0 10.0 10.0 8.0 10.0 10.0 10.0 10.0 8.0 10.0 11.0 10.0 10.0 8.0 10.0 25.0 20.0 11.0 8.0 10.0 12.0 10.0 11.0 8.0 10.0 10.0 11.0 12.0 9.0 11.0 10.0 10.0 11.0 8.0 9.0 15.0 10.0 11.0 8.0 43.0 11.0 16.0 10.0 8.0 11.0 11.0 10.0 12.0 8.0 10.0 12.0 9.0 12.0 8.0 9.0 10.0 10.0 10.0 8.0 42.0 14.0 10.0 11.0 8.0 10.0 13.0 13.0 10.0 8.0 11.0 12.0 10.0 11.0 8.0 11.0 10.0 10.0 11.0 8.0 10.0 10.0 11.0 12.0 8.0 9.0 12.0 10.0 11.0 9.0 10.0 10.0 10.0 11.0 8.0 36.0 49.0 44.0 14.0 8.0 10.0 10.0 10.0 11.0 8.0 9.0 10.0 10.0 47.0 8.0 10.0 12.0 10.0 11.0 8.0 10.0 14.0 10.0 12.0 10.0 10.0 11.0 11.0 10.0 8.0 10.0 10.0 10.0 13.0 8.0 9.0 10.0 9.0 10.0 8.0 10.0 11.0 10.0 11.0 8.0 9.0 10.0 9.0 11.0 9.0 10.0 10.0 9.0 10.0 8.0 10.0 13.0 12.0 11.0 8.0 10.0 10.0 10.0 11.0
48 49 1 TRACE 45.0 49.0 41.0 26.0 55.0 8.0 35.0 10.0 11.0 11.0 8.0 13.0 11.0 17.0 10.0 53.0 45.0 35.0 27.0 27.0 8.0 36.0 13.0 11.0 12.0 7.0 11.0 10.0 9.0 10.0 49.0 39.0 37.0 27.0 25.0 14.0 29.0 51.0 22.0 21.0 7.0 17.0 10.0 9.0 10.0 8.0 10.0 11.0 9.0 10.0 60.0 44.0 37.0 27.0 25.0 10.0 22.0 21.0 19.0 18.0 8.0 12.0 9.0 10.0 10.0 58.0 45.0 33.0 31.0 25.0 11.0 21.0 20.0 20.0 30.0 7.0 56.0 10.0 9.0 10.0 59.0 44.0 33.0 31.0 30.0 9.0 25.0 18.0 19.0 18.0 7.0 9.0 12.0 9.0 11.0 59.0 55.0 40.0 28.0 29.0 10.0 21.0 20.0 18.0 18.0 7.0 9.0 12.0 9.0 9.0 51.0 43.0 38.0 27.0 24.0 13.0 26.0 29.0 22.0 21.0 7.0 10.0 11.0 9.0 10.0 60.0 45.0 43.0 28.0 27.0 9.0 22.0 19.0 18.0 18.0 7.0 15.0 9.0 9.0 10.0 59.0 42.0 39.0 26.0 26.0 10.0 23.0 23.0 21.0 19.0 7.0 9.0 10.0 9.0 10.0 56.0 46.0 33.0 28.0 33.0 9.0 22.0 13.0 13.0 13.0 8.0 9.0 13.0 9.0 10.0 53.0 41.0 37.0 40.0 38.0 12.0 26.0 26.0 22.0 21.0 7.0 9.0 37.0 9.0 11.0 43.0 43.0 31.0 26.0 24.0 8.0 10.0 12.0 18.0 12.0 7.0 10.0 15.0 10.0 10.0 61.0 41.0 37.0 28.0 30.0 11.0 65.0 26.0 25.0 19.0 8.0 10.0 11.0 9.0 10.0 56.0 42.0 40.0 27.0 26.0 11.0 23.0 23.0 20.0 19.0 7.0 9.0 12.0 9.0 10.0 58.0 47.0 39.0 26.0 25.0 10.0 23.0 21.0 19.0 26.0 7.0 10.0 12.0 10.0 11.0 59.0 44.0 36.0 31.0 24.0 10.0 22.0 19.0 20.0 24.0 7.0 9.0 12.0 10.0 11.0 27.0 35.0 36.0 23.0 25.0 26.0 36.0 27.0 25.0 23.0 8.0 10.0 11.0 10.0 14.0 8.0 10.0 11.0 12.0 10.0 42.0 38.0 36.0 24.0 24.0 18.0 33.0 26.0 27.0 23.0 7.0 9.0 12.0 9.0 10.0 7.0 10.0 11.0 9.0 9.0 60.0 44.0 36.0 32.0 65.0 10.0 22.0 21.0 20.0 25.0 8.0 9.0 11.0 9.0 10.0 54.0 43.0 37.0 28.0 26.0 11.0 24.0 25.0 20.0 20.0 8.0 9.0 11.0 9.0 10.0 59.0 48.0 40.0 27.0 24.0 9.0 77.0 18.0 21.0 17.0 8.0 9.0 12.0 9.0 10.0 59.0 44.0 37.0 27.0 25.0 8.0 20.0 16.0 19.0 15.0 8.0 9.0 12.0 9.0 10.0 55.0 41.0 38.0 27.0 28.0 11.0 24.0 24.0 20.0 22.0 8.0 10.0 11.0 10.0 10.0 60.0 43.0 37.0 27.0 27.0 10.0 25.0 20.0 19.0 18.0 8.0 10.0 12.0 9.0 10.0 56.0 44.0 43.0 61.0 33.0 24.0 32.0 36.0 49.0 46.0 9.0 25.0 12.0 32.0 11.0 46.0 40.0 36.0 30.0 26.0 18.0 34.0 26.0 26.0 23.0 8.0 11.0 11.0 10.0 11.0 8.0 12.0 10.0 10.0 11.0 39.0 39.0 31.0 27.0 24.0 7.0 38.0 11.0 11.0 24.0 7.0 9.0 13.0 10.0 11.0 58.0 43.0 33.0 28.0 37.0 10.0 21.0 20.0 25.0 19.0 8.0 9.0 10.0 10.0 47.0 28.0 35.0 35.0 24.0 23.0 25.0 38.0 32.0 64.0 24.0 8.0 9.0 26.0 10.0 10.0 7.0 18.0 9.0 10.0 10.0 29.0 37.0 30.0 25.0 27.0 25.0 41.0 33.0 26.0 23.0 8.0 9.0 11.0 11.0 10.0 8.0 10.0 11.0 10.0 10.0 43.0 37.0 37.0 27.0 25.0 17.0 30.0 25.0 23.0 21.0 7.0 10.0 11.0 10.0 11.0 8.0 9.0 10.0 9.0 10.0 59.0 45.0 36.0 27.0 25.0 9.0 49.0 18.0 22.0 18.0 8.0 13.0 9.0 10.0 9.0 60.0 45.0 33.0 28.0 59.0 9.0 19.0 19.0 20.0 18.0 8.0 10.0 10.0 10.0 11.0 59.0 45.0 37.0 28.0 25.0 8.0 18.0 17.0 19.0 17.0 7.0 9.0 11.0 9.0 11.0 55.0 41.0 36.0 28.0 28.0 12.0 31.0 25.0 22.0 20.0 7.0 9.0 11.0 10.0 11.0 56.0 42.0 37.0 28.0 26.0 11.0 24.0 22.0 21.0 19.0 8.0 9.0 11.0 9.0 10.0 43.0 38.0 30.0 27.0 24.0 8.0 11.0 47.0 11.0 12.0 8.0 9.0 11.0 9.0 10.0 42.0 38.0 39.0 26.0 24.0 18.0 50.0 28.0 25.0 22.0 7.0 9.0 10.0 10.0 10.0 8.0 10.0 11.0 10.0 10.0 40.0 40.0 30.0 29.0 24.0 8.0 10.0 11.0 10.0 11.0 7.0 14.0 10.0 10.0 11.0 42.0 38.0 38.0 27.0 25.0 17.0 95.0 59.0 31.0 21.0 7.0 13.0 9.0 9.0 11.0 7.0 9.0 11.0 9.0 10.0 51.0 52.0 31.0 28.0 26.0 8.0 11.0 12.0 17.0 13.0 7.0 9.0 11.0 9.0 10.0 38.0 38.0 37.0 26.0 24.0 19.0 40.0 30.0 25.0 23.0 10.0 9.0 12.0 10.0 10.0 7.0 9.0 11.0 10.0 10.0 60.0 42.0 36.0 28.0 25.0 9.0 28.0 17.0 18.0 17.0 7.0 10.0 10.0 9.0 12.0 59.0 46.0 31.0 27.0 26.0 9.0 21.0 24.0 21.0 19.0 8.0 10.0 11.0 9.0 10.0 32.0 62.0 41.0 31.0 25.0 23.0 36.0 32.0 26.0 24.0 7.0 9.0 10.0 10.0 14.0 8.0 9.0 11.0 10.0 10.0 46.0 43.0 38.0 27.0 26.0 15.0 34.0 25.0 23.0 23.0 7.0 10.0 12.0 10.0 11.0 7.0 9.0 11.0 10.0 11.0 31.0 36.0 29.0 31.0 23.0 26.0 39.0 45.0 24.0 27.0 7.0 10.0 11.0 10.0 11.0 7.0 9.0 9.0 10.0 10.0 58.0 48.0 32.0 27.0 57.0 8.0 18.0 17.0 21.0 16.0 7.0 14.0 9.0 10.0 10.0 53.0 40.0 40.0 27.0 27.0 12.0 32.0 52.0 21.0 22.0 7.0 9.0 10.0 10.0 10.0 40.0 44.0 32.0 26.0 24.0 8.0 11.0 11.0 11.0 11.0 7.0 9.0 10.0 10.0 21.0 53.0 47.0 32.0 28.0 27.0 8.0 18.0 13.0 12.0 13.0 7.0 11.0 10.0 10.0 10.0 59.0 49.0 38.0 29.0 25.0 9.0 19.0 19.0 18.0 17.0 8.0 10.0 20.0 9.0 10.0 56.0 45.0 38.0 28.0 27.0 11.0 27.0 21.0 21.0 21.0 7.0 14.0 10.0 9.0 10.0 59.0 48.0 33.0 26.0 26.0 10.0 23.0 19.0 19.0 18.0 7.0 9.0 10.0 9.0 10.0 56.0 45.0 32.0 29.0 26.0 11.0 27.0 23.0 24.0 19.0 8.0 10.0 10.0 10.0 10.0 55.0 44.0 38.0 27.0 25.0 14.0 29.0 21.0 21.0 19.0 8.0 14.0 10.0 9.0 10.0 52.0 48.0 37.0 27.0 29.0 8.0 11.0 12.0 12.0 12.0 8.0 10.0 11.0 10.0 9.0 59.0 43.0 32.0 28.0 25.0 9.0 18.0 17.0 18.0 21.0 8.0 10.0 10.0 9.0 10.0 57.0 46.0 38.0 27.0 25.0 11.0 22.0 21.0 21.0 19.0 7.0 9.0 10.0 9.0 10.0 39.0 40.0 36.0 26.0 27.0 19.0 87.0 27.0 28.0 24.0 7.0 10.0 10.0 9.0 11.0 7.0 9.0 10.0 9.0 14.0 55.0 43.0 32.0 28.0 25.0 8.0 13.0 13.0 13.0 13.0 8.0 10.0 10.0 10.0 10.0 27.0 88.0 31.0 24.0 24.0 26.0 37.0 32.0 25.0 27.0 8.0 10.0 11.0 10.0 12.0 7.0 9.0 11.0 9.0 11.0 53.0 43.0 38.0 26.0 25.0 12.0 28.0 24.0 23.0 20.0 7.0 9.0 12.0 10.0 12.0
49 47 1 TRACE 369.0 319.0 288.0 268.0 68.0 62.0 63.0 66.0 2344.0 57.0 58.0 59.0 251.0 189.0 157.0 150.0 97.0 66.0 68.0 72.0 70.0 57.0 56.0 61.0 493.0 389.0 326.0 308.0 136.0 124.0 121.0 118.0 63.0 55.0 56.0 60.0 61.0 60.0 57.0 60.0 358.0 244.0 197.0 180.0 106.0 98.0 98.0 106.0 58.0 57.0 58.0 59.0 394.0 277.0 222.0 198.0 107.0 105.0 116.0 106.0 52.0 55.0 57.0 68.0 363.0 224.0 190.0 170.0 100.0 95.0 137.0 96.0 59.0 60.0 57.0 61.0 356.0 256.0 183.0 169.0 99.0 93.0 94.0 93.0 79.0 58.0 57.0 60.0 463.0 335.0 273.0 232.0 164.0 124.0 116.0 116.0 64.0 60.0 57.0 60.0 323.0 243.0 183.0 167.0 99.0 93.0 94.0 88.0 59.0 53.0 55.0 61.0 378.0 265.0 211.0 191.0 109.0 103.0 102.0 109.0 60.0 60.0 89.0 60.0 251.0 184.0 156.0 146.0 80.0 72.0 75.0 77.0 61.0 68.0 57.0 61.0 450.0 320.0 254.0 217.0 135.0 119.0 114.0 112.0 96.0 59.0 56.0 61.0 206.0 165.0 144.0 132.0 60.0 65.0 63.0 60.0 72.0 94.0 56.0 58.0 381.0 276.0 219.0 196.0 118.0 110.0 104.0 100.0 66.0 59.0 57.0 60.0 451.0 282.0 221.0 199.0 124.0 110.0 107.0 107.0 65.0 58.0 57.0 61.0 372.0 265.0 206.0 189.0 110.0 103.0 101.0 103.0 60.0 58.0 59.0 59.0 369.0 258.0 209.0 185.0 112.0 103.0 102.0 102.0 103.0 59.0 57.0 59.0 525.0 450.0 388.0 365.0 175.0 150.0 135.0 127.0 56.0 58.0 57.0 60.0 59.0 58.0 57.0 58.0 486.0 391.0 299.0 305.0 159.0 143.0 124.0 120.0 60.0 59.0 56.0 59.0 68.0 59.0 57.0 58.0 400.0 246.0 199.0 178.0 112.0 99.0 98.0 101.0 145.0 57.0 57.0 60.0 399.0 300.0 247.0 212.0 135.0 119.0 111.0 111.0 60.0 60.0 57.0 61.0 291.0 216.0 170.0 157.0 93.0 91.0 90.0 84.0 58.0 60.0 56.0 59.0 306.0 198.0 163.0 151.0 86.0 83.0 87.0 85.0 60.0 61.0 59.0 58.0 424.0 294.0 235.0 208.0 120.0 111.0 116.0 147.0 59.0 59.0 56.0 57.0 337.0 239.0 195.0 182.0 96.0 98.0 100.0 98.0 59.0 61.0 58.0 61.0 479.0 405.0 236.0 308.0 188.0 169.0 130.0 124.0 106.0 57.0 56.0 63.0 535.0 401.0 311.0 307.0 199.0 145.0 139.0 134.0 57.0 59.0 57.0 67.0 57.0 56.0 56.0 57.0 197.0 162.0 141.0 132.0 79.0 59.0 59.0 62.0 55.0 76.0 56.0 59.0 375.0 261.0 210.0 186.0 103.0 102.0 99.0 98.0 57.0 55.0 52.0 55.0 485.0 423.0 371.0 333.0 173.0 153.0 134.0 120.0 74.0 59.0 56.0 60.0 56.0 52.0 52.0 58.0 470.0 414.0 366.0 322.0 175.0 150.0 134.0 128.0 56.0 56.0 59.0 61.0 55.0 56.0 54.0 58.0 545.0 368.0 285.0 252.0 147.0 133.0 123.0 120.0 55.0 56.0 56.0 57.0 52.0 55.0 54.0 57.0 315.0 226.0 186.0 165.0 95.0 100.0 90.0 90.0 57.0 52.0 53.0 56.0 369.0 235.0 194.0 174.0 97.0 94.0 94.0 93.0 105.0 56.0 53.0 56.0 622.0 202.0 168.0 156.0 83.0 82.0 83.0 89.0 86.0 57.0 53.0 57.0 416.0 295.0 233.0 207.0 121.0 115.0 108.0 105.0 57.0 57.0 54.0 58.0 367.0 279.0 230.0 199.0 115.0 109.0 105.0 101.0 102.0 57.0 54.0 57.0 190.0 159.0 139.0 129.0 58.0 59.0 65.0 67.0 125.0 53.0 52.0 56.0 472.0 410.0 291.0 258.0 151.0 136.0 124.0 117.0 56.0 56.0 54.0 57.0 56.0 54.0 52.0 55.0 198.0 163.0 144.0 132.0 62.0 67.0 60.0 62.0 54.0 52.0 52.0 52.0 464.0 371.0 290.0 255.0 150.0 134.0 122.0 115.0 53.0 55.0 53.0 58.0 55.0 55.0 60.0 54.0 227.0 174.0 152.0 140.0 68.0 67.0 67.0 67.0 57.0 59.0 54.0 56.0 473.0 392.0 311.0 273.0 157.0 139.0 129.0 123.0 58.0 56.0 55.0 57.0 55.0 56.0 54.0 58.0 299.0 217.0 185.0 160.0 90.0 87.0 87.0 87.0 52.0 52.0 53.0 92.0 345.0 235.0 203.0 175.0 110.0 95.0 92.0 91.0 73.0 55.0 53.0 55.0 472.0 405.0 341.0 316.0 171.0 147.0 131.0 127.0 59.0 58.0 55.0 59.0 55.0 56.0 53.0 57.0 465.0 337.0 265.0 239.0 147.0 130.0 121.0 117.0 53.0 57.0 55.0 57.0 57.0 56.0 54.0 57.0 469.0 417.0 363.0 322.0 175.0 150.0 133.0 128.0 55.0 58.0 56.0 59.0 56.0 59.0 54.0 55.0 265.0 197.0 166.0 150.0 80.0 79.0 79.0 76.0 52.0 52.0 88.0 59.0 456.0 310.0 250.0 212.0 123.0 117.0 120.0 110.0 55.0 56.0 53.0 58.0 198.0 162.0 142.0 129.0 60.0 61.0 61.0 60.0 56.0 84.0 53.0 53.0 233.0 177.0 152.0 139.0 71.0 68.0 69.0 71.0 78.0 51.0 52.0 57.0 290.0 209.0 173.0 157.0 204.0 87.0 87.0 84.0 55.0 55.0 52.0 59.0 426.0 276.0 224.0 201.0 112.0 109.0 104.0 104.0 56.0 53.0 53.0 64.0 328.0 240.0 199.0 178.0 102.0 96.0 95.0 95.0 56.0 56.0 54.0 55.0 400.0 281.0 226.0 200.0 116.0 109.0 102.0 100.0 65.0 55.0 53.0 55.0 424.0 299.0 238.0 215.0 119.0 114.0 109.0 108.0 58.0 67.0 53.0 58.0 225.0 177.0 151.0 135.0 107.0 70.0 68.0 70.0 57.0 53.0 52.0 57.0 257.0 193.0 165.0 151.0 80.0 78.0 79.0 85.0 52.0 52.0 53.0 56.0 396.0 284.0 221.0 196.0 109.0 107.0 103.0 102.0 56.0 55.0 59.0 55.0 484.0 398.0 318.0 280.0 158.0 141.0 130.0 117.0 56.0 57.0 54.0 58.0 53.0 55.0 53.0 56.0 248.0 183.0 156.0 141.0 79.0 72.0 72.0 116.0 54.0 53.0 53.0 57.0 485.0 421.0 417.0 352.0 176.0 152.0 134.0 128.0 57.0 60.0 56.0 61.0 56.0 56.0 53.0 57.0 435.0 306.0 240.0 219.0 124.0 116.0 115.0 110.0 77.0 62.0 54.0 94.0
49 50 1 TRACE 185.0 95.0 4450.0 112.0 103.0 132.0 157.0 68.0 74.0 51.0 138.0 90.0 36.0 211.0 109.0 96.0 85.0 61.0 63.0 60.0 90.0 84.0 156.0 65.0 129.0 133.0 251.0 146.0 313.0 163.0 33.0 279.0 93.0 97.0 119.0 116.0 355.0 182.0 38.0 30.0 110.0 50.0 119.0 110.0 110.0 115.0 129.0 99.0 235.0 105.0 58.0 158.0 131.0 163.0 129.0 40.0 40.0 81.0 98.0 89.0 49.0 81.0 88.0 210.0 118.0 58.0 111.0 118.0 75.0 57.0 91.0 53.0 345.0 52.0 115.0 701.0 100.0 36.0 352.0 150.0 100.0 992.0 60.0 57.0 136.0 139.0 101.0 40.0 121.0 102.0 72.0 121.0 73.0 69.0 125.0 89.0 102.0 94.0 135.0 185.0 207.0 31.0 74.0 167.0 313.0 83.0 73.0 1152.0 370.0 324.0 144.0 43.0 212.0 62.0 262.0 82.0 60.0 115.0 66.0 32.0 45.0 124.0 67.0 122.0 49.0 119.0 123.0 31.0 73.0 41.0 105.0 30.0 212.0 32.0 203.0 166.0 86.0 59.0 36.0 159.0 86.0 72.0 70.0 35.0 200.0 41.0 122.0 58.0 79.0 154.0 180.0 34.0 59.0 134.0 42.0 64.0 110.0 81.0 89.0 33.0 42.0 86.0 42.0 59.0 43.0 38.0 170.0 72.0 179.0 128.0 94.0 109.0 187.0 96.0 35.0 71.0 62.0 45.0 521.0 51.0 74.0 369.0 135.0 61.0 131.0 31.0 38.0 355.0 363.0 261.0 74.0 141.0 113.0 96.0 39.0 155.0 58.0 137.0 33.0 43.0 41.0 49.0 41.0 111.0 68.0 167.0 83.0
50 25 1 TRACE 37.0 25.0 22.0 24.0 24.0 25.0 23.0 26.0 25.0 66.0 24.0 26.0 23.0 25.0 23.0 72.0 25.0 21.0 22.0 24.0 26.0 28.0 26.0 25.0 23.0 58.0 27.0 22.0 43.0 22.0 22.0 22.0 24.0 25.0 26.0 24.0 25.0 23.0 21.0 23.0 22.0 24.0 23.0 24.0 25.0 26.0 23.0 195.0 24.0 26.0 23.0 55.0 24.0 26.0 24.0 25.0 25.0 22.0 24.0 25.0 23.0 23.0 30.0 26.0
50 41 1 TRACE 9.0 9.0 9.0 8.0 9.0 8.0 9.0 9.0 8.0 9.0 8.0 9.0 9.0 9.0 8.0 8.0 8.0 9.0 9.0 9.0 11.0 8.0 8.0 9.0 9.0 9.0 8.0 9.0 8.0 9.0 9.0 8.0 9.0 9.0 8.0 9.0 8.0 8.0 9.0 8.0 8.0 9.0 8.0 9.0 9.0 9.0 8.0 9.0 8.0 8.0 9.0 9.0 9.0 12.0 22.0 9.0 9.0 9.0 9.0 9.0 9.0 9.0 9.0 9.0 8.0 8.0 8.0 9.0 9.0 9.0 8.0 9.0 8.0 9.0 8.0 9.0 9.0 8.0 8.0 9.0 9.0 8.0 9.0 8.0 9.0 8.0 9.0 8.0 9.0 9.0 8.0 9.0 8.0 9.0 8.0 8.0 9.0 9.0 9.0 8.0 9.0 9.0 8.0 9.0 8.0 9.0 9.0 9.0 8.0 8.0 9.0 8.0 9.0 9.0 9.0 9.0 8.0 8.0 8.0 8.0 8.0 8.0 8.0 9.0 9.0 8.0 9.0 9.0 9.0 9.0 8.0 9.0 9.0 8.0 9.0 8.0 9.0 8.0 8.0 8.0 8.0 8.0 9.0
51 52 1 TRACE 857.0 794.0 794.0 814.0 794.0 811.0 832.0 818.0 806.0 826.0 786.0 813.0 792.0 824.0 815.0 817.0 785.0 788.0 788.0 788.0 791.0 798.0 851.0 812.0 782.0 1002.0 787.0 785.0 788.0 805.0 787.0 784.0 786.0 795.0 786.0 830.0 784.0 786.0 785.0 796.0 786.0 785.0 786.0 781.0 891.0 864.0 798.0 786.0 781.0 873.0 796.0 781.0 782.0 783.0 791.0 883.0 786.0 791.0 783.0 786.0 794.0 955.0 790.0 799.0
52 53 1 TRACE 49.0 42.0 40.0 88.0 53.0 37.0 49.0 39.0 78.0 37.0 40.0 74.0 37.0 60.0 39.0 39.0 45.0 37.0 71.0 39.0 37.0 37.0 83.0 38.0 38.0 80.0 49.0 42.0 39.0 38.0 38.0 37.0 38.0 57.0 50.0 166.0 74.0 38.0 37.0 73.0 40.0 47.0 38.0 37.0 183.0 45.0 74.0 37.0 38.0 132.0 43.0 75.0 38.0 63.0 74.0 79.0 47.0 36.0 73.0 74.0 40.0 343.0 70.0 41.0
53 54 1 TRACE 24.0 21.0 18.0 54.0 20.0 21.0 30.0 21.0 20.0 19.0 17.0 21.0 21.0 83.0 25.0 23.0 19.0 19.0 19.0 18.0 20.0 21.0 22.0 21.0 22.0 29.0 26.0 18.0 18.0 19.0 19.0 21.0 29.0 13.0 20.0 17.0 52.0 16.0 18.0 18.0 20.0 19.0 18.0 19.0 17.0 13.0 17.0 17.0 20.0 30.0 15.0 21.0 19.0 19.0 56.0 135.0 21.0 18.0 18.0 17.0 20.0 12.0 21.0 17.0
54 55 1 TRACE 44.0 32.0 19.0 19.0 19.0 19.0 19.0 18.0 19.0 18.0 19.0 19.0 20.0 19.0 19.0 18.0 18.0 18.0 18.0 19.0 19.0 19.0 20.0 19.0 18.0 21.0 31.0 18.0 18.0 18.0 18.0 19.0 19.0 20.0 19.0 19.0 19.0 18.0 18.0 19.0 19.0 19.0 18.0 18.0 18.0 19.0 19.0 19.0 18.0 19.0 19.0 19.0 19.0 19.0 20.0 19.0 19.0 19.0 18.0 19.0 19.0 19.0 19.0 19.0
55 56 1 TRACE 11.0 8.0 7.0 7.0 7.0 7.0 7.0 7.0 7.0 7.0 7.0 7.0 7.0 7.0 7.0 7.0 8.0 7.0 7.0 7.0 7.0 7.0 7.0 7.0 7.0 8.0 8.0 7.0 7.0 7.0 7.0 7.0 7.0 7.0 7.0 7.0 7.0 7.0 7.0 7.0 7.0 7.0 7.0 7.0 7.0 7.0 7.0 7.0 8.0 7.0 7.0 7.0 7.0 7.0 7.0 7.0 7.0 7.0 8.0 7.0 7.0 7.0 7.0 7.0
56 57 1 TRACE 22.0 7.0 7.0 7.0 7.0 7.0 7.0 7.0 7.0 7.0 7.0 7.0 7.0 7.0 7.0 6.0 7.0 7.0 7.0 7.0 6.0 7.0 7.0 7.0 6.0 7.0 7.0 7.0 6.0 7.0 7.0 7.0 7.0 6.0 22.0 7.0 7.0 14.0 7.0 7.0 7.0 7.0 7.0 7.0 6.0 7.0 7.0 7.0 7.0 7.0 7.0 7.0 7.0 6.0 7.0 7.0 7.0 7.0 7.0 7.0 7.0 7.0 7.0 7.0
57 58 1 TRACE 10.0 7.0 7.0 7.0 7.0 7.0 6.0 7.0 6.0 7.0 7.0 7.0 7.0 7.0 7.0 10.0 7.0 7.0 7.0 7.0 7.0 7.0 7.0 7.0 7.0 8.0 7.0 7.0 7.0 6.0 7.0 7.0 7.0 7.0 8.0 7.0 6.0 7.0 6.0 7.0 7.0 7.0 7.0 7.0 7.0 7.0 7.0 7.0 7.0 7.0 7.0 7.0 6.0 7.0 6.0 7.0 6.0 6.0 7.0 6.0 6.0 7.0 6.0 7.0
58 59 1 TRACE 16.0 8.0 8.0 8.0 8.0 8.0 8.0 8.0 8.0 8.0 8.0 8.0 7.0 8.0 7.0 9.0 7.0 7.0 8.0 8.0 7.0 7.0 8.0 7.0 7.0 9.0 20.0 7.0 7.0 8.0 8.0 8.0 8.0 7.0 9.0 8.0 8.0 8.0 8.0 8.0 7.0 8.0 7.0 7.0 8.0 8.0 8.0 8.0 7.0 8.0 7.0 8.0 8.0 7.0 8.0 7.0 8.0 8.0 7.0 8.0 8.0 8.0 8.0 8.0
59 60 1 TRACE 7.0 8.0 7.0 9.0 7.0 7.0 6.0 10.0 6.0 7.0 7.0 6.0 19.0 7.0 7.0 8.0 7.0 7.0 19.0 6.0 19.0 19.0 7.0 7.0 7.0 19.0 7.0 7.0 7.0 6.0 7.0 7.0 7.0 7.0 7.0 7.0 7.0 18.0 7.0 6.0 7.0 7.0 7.0 7.0 7.0 7.0 7.0 6.0 7.0 7.0 7.0 6.0 6.0 7.0 6.0 7.0 6.0 6.0 7.0 7.0 6.0 7.0 6.0 7.0
60 61 1 TRACE 20.0 7.0 7.0 7.0 19.0 19.0 7.0 7.0 19.0 19.0 19.0 7.0 7.0 20.0 19.0 8.0 18.0 18.0 7.0 7.0 7.0 7.0 8.0 19.0 18.0 8.0 7.0 19.0 7.0 19.0 7.0 19.0 6.0 19.0 7.0 19.0 19.0 7.0 19.0 19.0 19.0 19.0 19.0 18.0 19.0 19.0 19.0 19.0 18.0 19.0 18.0 19.0 19.0 19.0 19.0 19.0 19.0 19.0 18.0 19.0 19.0 19.0 19.0 20.0
61 62 1 TRACE 8.0 7.0 8.0 19.0 7.0 7.0 7.0 19.0 7.0 7.0 7.0 7.0 7.0 7.0 7.0 20.0 8.0 7.0 7.0 7.0 7.0 7.0 8.0 7.0 8.0 7.0 10.0 7.0 7.0 7.0 19.0 7.0 19.0 7.0 19.0 7.0 7.0 7.0 7.0 7.0 7.0 7.0 7.0 7.0 7.0 7.0 7.0 7.0 7.0 7.0 7.0 7.0 7.0 7.0 7.0 7.0 7.0 7.0 7.0 7.0 7.0 7.0 7.0 7.0
62 1 1 TRACE 24.0 23.0 22.0 29.0 22.0 22.0 22.0 27.0 24.0 23.0 22.0 28.0 22.0 24.0 23.0 27.0 52.0 24.0 22.0 23.0 22.0 22.0 23.0 22.0 23.0 38.0 27.0 22.0 22.0 22.0 22.0 31.0 22.0 22.0 26.0 30.0 23.0 24.0 22.0 26.0 22.0 22.0 22.0 48.0 22.0 23.0 29.0 22.0 22.0 30.0 22.0 24.0 22.0 22.0 30.0 22.0 22.0 22.0 23.0 23.0 22.0 22.0 22.0
