0 1 1 TRACE 1672854057871678.0
1 2 1 TRACE 13149.0 174.0 135.0 136.0 159.0 128.0 128.0 141.0 128.0 140.0 141.0 140.0 141.0 134.0 139.0 128.0 140.0 141.0 140.0 140.0 141.0 140.0 140.0 140.0 140.0 140.0 128.0 128.0 128.0 127.0 128.0 140.0 140.0 130.0 140.0 141.0 128.0 191.0 129.0 128.0 128.0 128.0 128.0 141.0 141.0 128.0 129.0 128.0 140.0 129.0 128.0 139.0 128.0 128.0 140.0 129.0 128.0 130.0 128.0 129.0 128.0 130.0 128.0 128.0
2 3 1 TRACE 60.0 1293.0 125.0 27.0 104.0 40.0 35.0 30.0 25.0 24.0 25.0 62.0 24.0 30.0 24.0 24.0 24.0 25.0 24.0 25.0 25.0 25.0 27.0 25.0 24.0 24.0 27.0 25.0 25.0 24.0 26.0 25.0 25.0 26.0 26.0 25.0 25.0 50.0 24.0 27.0 25.0 26.0 26.0 26.0 26.0 26.0 25.0 24.0 73.0 25.0 27.0 26.0 28.0 25.0 26.0 24.0 24.0 27.0 81.0 27.0 25.0 28.0 24.0 24.0
3 4 1 TRACE 36.0 27.0 24.0 19.0 43.0 22.0 19.0 19.0 19.0 20.0 19.0 31.0 18.0 26.0 19.0 19.0 19.0 19.0 19.0 18.0 20.0 19.0 20.0 22.0 19.0 19.0 21.0 19.0 19.0 25.0 19.0 23.0 19.0 19.0 19.0 20.0 19.0 28.0 19.0 19.0 18.0 19.0 19.0 19.0 19.0 19.0 19.0 18.0 103.0 19.0 19.0 19.0 22.0 18.0 19.0 19.0 19.0 19.0 20.0 19.0 19.0 19.0 19.0 19.0
4 5 1 TRACE 19.0 18.0 14.0 103.0 90.0 15.0 14.0 14.0 14.0 14.0 14.0 21.0 14.0 14.0 14.0 14.0 14.0 14.0 14.0 13.0 14.0 14.0 14.0 14.0 14.0 14.0 14.0 14.0 14.0 14.0 14.0 14.0 14.0 14.0 14.0 14.0 14.0 23.0 14.0 14.0 14.0 15.0 14.0 14.0 14.0 14.0 14.0 15.0 100.0 98.0 101.0 14.0 14.0 14.0 13.0 14.0 14.0 14.0 14.0 14.0 14.0 13.0 14.0 14.0
5 6 1 TRACE 40.0 18.0 19.0 18.0 19.0 19.0 17.0 13.0 13.0 13.0 12.0 12.0 13.0 12.0 16.0 16.0 14.0 15.0 15.0 15.0 14.0 17.0 15.0 16.0 14.0 15.0 19.0 16.0 15.0 20.0 18.0 14.0 14.0 15.0 15.0 17.0 16.0 18.0 16.0 15.0 16.0 17.0 18.0 18.0 17.0 16.0 15.0 16.0 11.0 37.0 24.0 113.0 119.0 111.0 111.0 13.0 12.0 12.0 23.0 12.0 11.0 12.0 11.0 12.0
6 7 1 TRACE 19.0 14.0 14.0 14.0 15.0 27.0 15.0 97.0 99.0 14.0 13.0 19.0 13.0 14.0 13.0 12.0 12.0 23.0 12.0 12.0 12.0 25.0 21.0 22.0 13.0 14.0 14.0 14.0 14.0 19.0 16.0 20.0 13.0 24.0 13.0 13.0 13.0 15.0 13.0 12.0 12.0 13.0 13.0 24.0 13.0 23.0 14.0 14.0 7.0 15.0 14.0 13.0 23.0 13.0 13.0 12.0 13.0 10.0 8.0 11.0 11.0 12.0 11.0 11.0
7 8 1 TRACE 18.0 14.0 14.0 13.0 15.0 25.0 28.0 15.0 16.0 89.0 20.0 13.0 13.0 22.0 10.0 10.0 9.0 9.0 20.0 14.0 14.0 11.0 9.0 9.0 9.0 9.0 13.0 14.0 20.0 25.0 20.0 9.0 10.0 9.0 9.0 13.0 13.0 15.0 12.0 12.0 24.0 25.0 20.0 9.0 9.0 8.0 20.0 21.0 7.0 105.0 95.0 94.0 98.0 93.0 93.0 19.0 24.0 23.0 9.0 9.0 13.0 9.0 20.0 13.0
8 9 1 TRACE 18.0 13.0 14.0 13.0 15.0 13.0 13.0 13.0 14.0 17.0 9.0 13.0 20.0 19.0 8.0 8.0 9.0 8.0 9.0 19.0 19.0 20.0 21.0 21.0 8.0 10.0 8.0 20.0 19.0 8.0 18.0 12.0 8.0 19.0 20.0 22.0 15.0 21.0 22.0 22.0 23.0 22.0 19.0 19.0 8.0 18.0 19.0 8.0 7.0 12.0 15.0 18.0 16.0 19.0 16.0 8.0 19.0 8.0 8.0 19.0 9.0 19.0 8.0 9.0
9 10 1 TRACE 48.0 30.0 28.0 57.0 111.0 86.0 74.0 100.0 36.0 110.0 138.0 37.0 39.0 26.0 28.0 39.0 29.0 39.0 39.0 38.0 38.0 29.0 28.0 34.0 27.0 26.0 27.0 43.0 27.0 29.0 29.0 38.0 38.0 29.0 27.0 26.0 26.0 62.0 26.0 27.0 28.0 29.0 29.0 27.0 26.0 27.0 26.0 26.0 43.0 32.0 29.0 28.0 30.0 30.0 29.0 26.0 27.0 34.0 28.0 28.0 27.0 28.0 26.0 25.0
10 11 1 TRACE 21.0 15.0 16.0 16.0 28.0 15.0 22.0 16.0 16.0 16.0 17.0 16.0 16.0 16.0 16.0 15.0 15.0 15.0 16.0 16.0 15.0 16.0 15.0 17.0 16.0 16.0 15.0 15.0 15.0 15.0 16.0 15.0 18.0 16.0 15.0 15.0 15.0 29.0 15.0 14.0 16.0 15.0 15.0 15.0 15.0 15.0 16.0 15.0 21.0 16.0 15.0 15.0 15.0 16.0 15.0 15.0 20.0 16.0 15.0 15.0 16.0 16.0 15.0 15.0
11 12 1 TRACE 21.0 16.0 16.0 20.0 34.0 16.0 16.0 17.0 17.0 20.0 18.0 122.0 17.0 19.0 18.0 17.0 16.0 17.0 18.0 17.0 18.0 16.0 17.0 17.0 16.0 16.0 16.0 18.0 17.0 19.0 20.0 23.0 16.0 16.0 16.0 16.0 15.0 29.0 16.0 15.0 15.0 18.0 16.0 16.0 16.0 16.0 16.0 15.0 15.0 16.0 17.0 16.0 16.0 17.0 16.0 16.0 16.0 17.0 17.0 16.0 22.0 29.0 15.0 16.0
12 13 1 TRACE 23.0 16.0 17.0 23.0 17.0 17.0 15.0 16.0 16.0 33.0 16.0 18.0 17.0 22.0 17.0 18.0 16.0 17.0 16.0 18.0 16.0 17.0 17.0 17.0 20.0 16.0 17.0 16.0 16.0 22.0 29.0 16.0 15.0 17.0 17.0 18.0 19.0 29.0 18.0 22.0 15.0 17.0 16.0 18.0 18.0 20.0 18.0 19.0 19.0 18.0 16.0 18.0 17.0 18.0 16.0 18.0 19.0 17.0 17.0 18.0 16.0 28.0 18.0 18.0
13 14 1 TRACE 21.0 10.0 9.0 9.0 10.0 9.0 9.0 9.0 10.0 10.0 9.0 9.0 9.0 9.0 9.0 9.0 9.0 9.0 9.0 9.0 9.0 9.0 9.0 9.0 9.0 9.0 9.0 9.0 9.0 9.0 9.0 9.0 9.0 8.0 8.0 8.0 8.0 11.0 9.0 9.0 8.0 9.0 8.0 9.0 9.0 9.0 9.0 9.0 9.0 8.0 9.0 8.0 8.0 9.0 8.0 11.0 10.0 9.0 9.0 10.0 9.0 9.0 8.0 9.0
14 15 1 TRACE 22.0 14.0 14.0 13.0 15.0 14.0 13.0 14.0 14.0 14.0 13.0 14.0 13.0 71.0 14.0 13.0 13.0 13.0 14.0 13.0 13.0 13.0 14.0 13.0 15.0 14.0 13.0 13.0 14.0 14.0 13.0 13.0 13.0 14.0 13.0 13.0 13.0 25.0 13.0 13.0 24.0 14.0 13.0 14.0 13.0 14.0 13.0 13.0 14.0 14.0 14.0 13.0 13.0 13.0 14.0 16.0 14.0 14.0 13.0 14.0 13.0 13.0 13.0 14.0
15 16 1 TRACE 12.0 8.0 9.0 8.0 9.0 8.0 8.0 8.0 8.0 9.0 8.0 8.0 8.0 8.0 8.0 8.0 9.0 8.0 8.0 8.0 8.0 9.0 8.0 8.0 8.0 8.0 8.0 8.0 8.0 8.0 8.0 8.0 8.0 8.0 8.0 8.0 8.0 20.0 8.0 8.0 8.0 8.0 8.0 8.0 8.0 13.0 8.0 8.0 8.0 8.0 8.0 8.0 8.0 8.0 8.0 8.0 8.0 8.0 8.0 8.0 8.0 8.0 8.0 8.0
16 17 1 TRACE 48.0 39.0 43.0 51.0 52.0 39.0 39.0 38.0 41.0 39.0 41.0 133.0 238.0 142.0 39.0 42.0 39.0 37.0 63.0 39.0 39.0 39.0 37.0 37.0 37.0 39.0 40.0 45.0 40.0 63.0 40.0 40.0 37.0 40.0 39.0 40.0 211.0 210.0 136.0 133.0 232.0 43.0 42.0 41.0 40.0 37.0 40.0 44.0 38.0 40.0 39.0 38.0 38.0 39.0 39.0 80.0 125.0 149.0 40.0 38.0 40.0 40.0 39.0 40.0
17 18 1 TRACE 19.0 15.0 15.0 15.0 17.0 15.0 15.0 16.0 15.0 15.0 15.0 22.0 16.0 16.0 15.0 15.0 15.0 15.0 15.0 14.0 15.0 16.0 15.0 15.0 15.0 14.0 15.0 16.0 15.0 16.0 16.0 15.0 14.0 15.0 14.0 15.0 15.0 159.0 94.0 15.0 16.0 16.0 15.0 15.0 15.0 15.0 15.0 15.0 14.0 16.0 15.0 16.0 15.0 15.0 15.0 16.0 16.0 15.0 15.0 15.0 15.0 15.0 14.0 14.0
18 19 1 TRACE 21.0 16.0 15.0 17.0 17.0 15.0 15.0 15.0 15.0 15.0 16.0 16.0 21.0 16.0 127.0 16.0 15.0 15.0 15.0 17.0 16.0 16.0 16.0 16.0 16.0 16.0 15.0 16.0 15.0 16.0 16.0 15.0 17.0 16.0 15.0 17.0 18.0 29.0 16.0 17.0 27.0 116.0 16.0 15.0 16.0 17.0 16.0 16.0 16.0 16.0 15.0 15.0 16.0 18.0 16.0 18.0 16.0 15.0 15.0 15.0 15.0 16.0 17.0 16.0
19 20 1 TRACE 22.0 16.0 18.0 24.0 18.0 18.0 17.0 15.0 17.0 18.0 18.0 17.0 30.0 17.0 106.0 18.0 17.0 17.0 16.0 16.0 17.0 17.0 16.0 18.0 18.0 17.0 17.0 17.0 17.0 18.0 17.0 16.0 15.0 17.0 18.0 16.0 95.0 40.0 20.0 92.0 82.0 17.0 19.0 18.0 17.0 17.0 18.0 16.0 18.0 16.0 18.0 18.0 19.0 16.0 17.0 19.0 18.0 18.0 49.0 16.0 17.0 16.0 16.0 18.0
20 21 1 TRACE 22.0 19.0 22.0 19.0 20.0 18.0 17.0 18.0 18.0 18.0 18.0 18.0 18.0 17.0 18.0 17.0 18.0 18.0 17.0 17.0 18.0 18.0 17.0 18.0 18.0 18.0 18.0 18.0 17.0 18.0 18.0 18.0 18.0 17.0 17.0 17.0 18.0 32.0 17.0 20.0 17.0 18.0 18.0 17.0 17.0 18.0 17.0 17.0 17.0 18.0 18.0 18.0 17.0 17.0 17.0 18.0 17.0 18.0 18.0 18.0 18.0 18.0 18.0 18.0
21 22 1 TRACE 26.0 12.0 11.0 12.0 13.0 12.0 11.0 12.0 11.0 12.0 12.0 12.0 12.0 12.0 11.0 12.0 12.0 11.0 11.0 12.0 11.0 11.0 11.0 11.0 12.0 11.0 12.0 11.0 12.0 12.0 11.0 11.0 11.0 12.0 12.0 11.0 11.0 26.0 11.0 12.0 11.0 11.0 12.0 12.0 11.0 12.0 12.0 11.0 12.0 12.0 11.0 11.0 12.0 11.0 12.0 12.0 12.0 12.0 11.0 12.0 11.0 12.0 11.0 11.0
22 23 1 TRACE 293.0 210.0 238.0 166.0 207.0 142.0 238.0 251.0 249.0 138.0 239.0 242.0 238.0 146.0 240.0 238.0 140.0 244.0 137.0 138.0 243.0 241.0 245.0 248.0 135.0 135.0 243.0 249.0 138.0 242.0 240.0 135.0 239.0 135.0 236.0 246.0 244.0 198.0 143.0 241.0 247.0 231.0 343.0 240.0 230.0 241.0 236.0 325.0 237.0 136.0 242.0 137.0 242.0 247.0 240.0 242.0 240.0 135.0 242.0 238.0 241.0 241.0 241.0 241.0
23 24 1 TRACE 45.0 25.0 24.0 23.0 28.0 22.0 25.0 22.0 21.0 21.0 27.0 22.0 25.0 21.0 22.0 21.0 127.0 130.0 21.0 21.0 22.0 24.0 21.0 22.0 21.0 22.0 21.0 21.0 20.0 25.0 23.0 22.0 21.0 21.0 22.0 22.0 22.0 37.0 20.0 22.0 22.0 22.0 113.0 22.0 21.0 21.0 23.0 28.0 23.0 22.0 21.0 21.0 23.0 23.0 23.0 23.0 21.0 21.0 23.0 21.0 20.0 21.0 21.0 21.0
24 25 1 TRACE 51.0 21.0 19.0 19.0 21.0 19.0 19.0 20.0 20.0 19.0 19.0 20.0 20.0 20.0 19.0 19.0 20.0 22.0 18.0 18.0 19.0 19.0 19.0 19.0 18.0 18.0 19.0 20.0 18.0 19.0 19.0 19.0 18.0 19.0 19.0 19.0 20.0 43.0 20.0 20.0 20.0 20.0 23.0 109.0 108.0 117.0 109.0 105.0 19.0 19.0 19.0 19.0 20.0 19.0 19.0 19.0 20.0 19.0 19.0 18.0 19.0 19.0 18.0 19.0
25 26 1 TRACE 38.0 13.0 25.0 14.0 13.0 16.0 13.0 13.0 13.0 24.0 13.0 14.0 18.0 25.0 15.0 15.0 25.0 13.0 12.0 13.0 19.0 13.0 13.0 21.0 13.0 13.0 13.0 13.0 24.0 13.0 13.0 24.0 13.0 13.0 26.0 13.0 13.0 25.0 14.0 13.0 25.0 12.0 13.0 13.0 23.0 13.0 13.0 26.0 13.0 13.0 24.0 12.0 13.0 25.0 13.0 13.0 22.0 13.0 13.0 12.0 24.0 13.0 12.0 26.0 13.0 12.0 22.0 13.0 13.0 13.0 25.0 13.0 13.0 22.0 13.0 13.0 13.0 22.0 13.0 13.0 12.0 12.0 24.0 13.0 13.0 19.0 14.0 12.0 13.0 18.0 14.0 13.0 13.0 22.0 13.0 13.0 13.0 13.0 18.0 13.0 13.0 23.0 13.0 13.0 13.0 25.0 13.0 13.0 17.0 13.0 13.0 13.0 21.0 13.0 13.0 12.0 24.0 19.0 13.0 21.0 13.0 13.0 13.0 16.0 13.0 13.0 13.0 12.0 17.0 14.0 13.0 13.0 13.0 17.0 27.0 14.0 14.0 13.0 13.0 13.0 16.0 13.0 13.0 18.0 15.0 13.0 13.0 13.0 25.0 13.0 12.0 25.0 13.0 13.0 19.0 13.0 13.0 13.0 13.0 23.0 13.0 13.0 23.0 13.0 13.0 12.0 13.0 21.0 13.0 12.0 17.0 13.0 13.0 13.0 12.0 17.0 14.0 13.0 13.0 24.0 13.0 13.0 20.0 14.0 13.0 16.0 17.0 13.0 13.0 13.0 23.0 13.0 13.0 13.0 21.0 13.0 13.0 13.0 18.0 13.0 13.0 13.0 13.0 16.0 13.0 13.0 12.0 13.0 22.0 13.0 13.0 25.0 13.0 13.0 13.0 16.0 13.0 13.0 13.0 23.0 13.0 12.0 13.0 13.0 17.0 14.0 13.0 12.0 25.0 14.0 12.0 18.0 13.0 13.0 14.0 15.0 14.0 13.0 13.0 23.0 13.0
26 27 1 TRACE 11.0 8.0 7.0 8.0 7.0 8.0 7.0 7.0 8.0 8.0 7.0 8.0 8.0 8.0 9.0 9.0 7.0 7.0 7.0 8.0 8.0 7.0 8.0 7.0 7.0 7.0 7.0 8.0 8.0 7.0 8.0 8.0 7.0 8.0 7.0 8.0 7.0 8.0 8.0 7.0 8.0 7.0 7.0 7.0 7.0 7.0 8.0 7.0 7.0 7.0 7.0 8.0 8.0 7.0 8.0 8.0 8.0 7.0 8.0 7.0 7.0 7.0 7.0 8.0 7.0 7.0 7.0 7.0 8.0 8.0 8.0 7.0 8.0 8.0 7.0 8.0 8.0 8.0 11.0 7.0 7.0 7.0 8.0 7.0 7.0 8.0 8.0 7.0 8.0 7.0 8.0 7.0 7.0 8.0 8.0 7.0 7.0 8.0 7.0 8.0 7.0 7.0 8.0 7.0 8.0 7.0 7.0 8.0 7.0 8.0 7.0 8.0 7.0 8.0 8.0 8.0 7.0 8.0 7.0 8.0 7.0 8.0 8.0 8.0 8.0 7.0 8.0 7.0 8.0 7.0 7.0 7.0 7.0 8.0 20.0 8.0 7.0 8.0 7.0 7.0 7.0 8.0 7.0 8.0 8.0 8.0 8.0 7.0 8.0 7.0 7.0 8.0 7.0 7.0 7.0 7.0 7.0 7.0 7.0 8.0 7.0 7.0 8.0 8.0 7.0 7.0 8.0 8.0 7.0 7.0 8.0 8.0 7.0 7.0 7.0 7.0 8.0 8.0 8.0 7.0 8.0 7.0 7.0 8.0 7.0 7.0 8.0 7.0 8.0 7.0 8.0 8.0 8.0 7.0 8.0 7.0 8.0 7.0 7.0 7.0 8.0 7.0 7.0 8.0 7.0 7.0 7.0 8.0 7.0 7.0 7.0 7.0 8.0 7.0 7.0 7.0 8.0 7.0 7.0 7.0 7.0 7.0 8.0 7.0 7.0 7.0 7.0 7.0 8.0 8.0 8.0 7.0 8.0 7.0 8.0 7.0 7.0 7.0 8.0 7.0 8.0
27 28 1 TRACE 10.0 7.0 8.0 7.0 8.0 7.0 7.0 7.0 7.0 7.0 8.0 7.0 7.0 8.0 8.0 9.0 8.0 8.0 7.0 7.0 7.0 8.0 7.0 8.0 7.0 8.0 7.0 8.0 7.0 8.0 7.0 7.0 13.0 7.0 7.0 7.0 7.0 8.0 7.0 8.0 8.0 7.0 8.0 8.0 8.0 7.0 7.0 7.0 7.0 8.0 8.0 7.0 7.0 8.0 7.0 7.0 7.0 8.0 7.0 8.0 7.0 8.0 7.0 7.0 7.0 7.0 8.0 7.0 7.0 7.0 7.0 8.0 7.0 7.0 7.0 7.0 7.0 8.0 8.0 7.0 7.0 7.0 7.0 8.0 8.0 7.0 7.0 7.0 7.0 8.0 7.0 8.0 7.0 7.0 8.0 7.0 7.0 7.0 7.0 7.0 8.0 8.0 8.0 8.0 7.0 8.0 8.0 7.0 11.0 7.0 7.0 7.0 8.0 7.0 7.0 7.0 7.0 7.0 7.0 7.0 7.0 7.0 7.0 7.0 7.0 7.0 7.0 7.0 8.0 8.0 8.0 7.0 7.0 8.0 9.0 9.0 7.0 7.0 7.0 8.0 7.0 7.0 8.0 8.0 8.0 8.0 7.0 7.0 8.0 7.0 7.0 8.0 7.0 8.0 8.0 8.0 7.0 8.0 8.0 8.0 7.0 8.0 7.0 8.0 7.0 8.0 7.0 8.0 7.0 7.0 8.0 7.0 7.0 8.0 8.0 8.0 7.0 7.0 7.0 7.0 8.0 11.0 7.0 7.0 8.0 8.0 7.0 7.0 7.0 7.0 7.0 8.0 7.0 8.0 7.0 8.0 7.0 7.0 8.0 8.0 7.0 7.0 7.0 8.0 8.0 7.0 7.0 7.0 8.0 8.0 7.0 8.0 8.0 8.0 8.0 8.0 7.0 7.0 7.0 8.0 7.0 7.0 7.0 7.0 7.0 7.0 8.0 8.0 7.0 7.0 7.0 8.0 7.0 8.0 7.0 8.0 8.0 8.0 7.0 7.0 8.0
28 29 1 TRACE 12.0 9.0 9.0 9.0 8.0 9.0 8.0 9.0 8.0 8.0 9.0 9.0 10.0 9.0 10.0 10.0 9.0 8.0 8.0 9.0 9.0 8.0 9.0 9.0 8.0 8.0 8.0 9.0 8.0 8.0 9.0 9.0 9.0 8.0 15.0 8.0 8.0 8.0 9.0 8.0 9.0 8.0 8.0 9.0 8.0 8.0 9.0 9.0 8.0 8.0 9.0 9.0 9.0 9.0 9.0 8.0 9.0 8.0 9.0 8.0 9.0 8.0 8.0 8.0 8.0 8.0 10.0 8.0 8.0 8.0 8.0 8.0 8.0 10.0 13.0 9.0 9.0 9.0 10.0 8.0 8.0 9.0 8.0 8.0 8.0 9.0 9.0 9.0 8.0 9.0 9.0 8.0 9.0 9.0 9.0 8.0 8.0 9.0 8.0 9.0 8.0 9.0 9.0 8.0 8.0 9.0 9.0 9.0 10.0 9.0 8.0 8.0 11.0 9.0 9.0 9.0 9.0 9.0 8.0 10.0 9.0 8.0 8.0 9.0 9.0 8.0 8.0 9.0 9.0 9.0 8.0 8.0 9.0 9.0 21.0 10.0 9.0 8.0 8.0 8.0 9.0 8.0 8.0 9.0 9.0 8.0 8.0 8.0 8.0 9.0 8.0 8.0 8.0 8.0 10.0 8.0 8.0 8.0 8.0 9.0 8.0 8.0 10.0 9.0 8.0 8.0 9.0 9.0 8.0 8.0 9.0 8.0 8.0 8.0 8.0 9.0 9.0 8.0 13.0 9.0 9.0 10.0 9.0 8.0 8.0 10.0 9.0 8.0 8.0 9.0 9.0 9.0 8.0 8.0 10.0 8.0 9.0 8.0 9.0 8.0 8.0 8.0 8.0 9.0 9.0 8.0 8.0 9.0 8.0 8.0 8.0 9.0 8.0 8.0 9.0 8.0 9.0 9.0 8.0 9.0 8.0 9.0 9.0 8.0 9.0 8.0 8.0 8.0 9.0 9.0 9.0 10.0 9.0 8.0 9.0 9.0 8.0 8.0 9.0 10.0 9.0
29 30 1 TRACE 39.0 41.0 34.0 14.0 27.0 34.0 28.0 33.0 33.0 29.0 28.0 29.0 137.0 92.0 96.0 36.0 32.0 30.0 27.0 29.0 27.0 27.0 27.0 28.0 48.0 30.0 33.0 27.0 27.0 28.0 30.0 31.0 22.0 33.0 23.0 34.0 28.0 45.0 36.0 28.0 27.0 28.0 27.0 31.0 29.0 32.0 27.0 30.0 29.0 28.0 29.0 37.0 28.0 35.0 32.0 28.0 28.0 32.0 30.0 32.0 29.0 137.0 26.0 30.0 226.0 26.0 27.0 33.0 228.0 28.0 29.0 138.0 28.0 26.0 17.0 138.0 28.0 33.0 16.0 135.0 30.0 35.0 18.0 130.0 28.0 28.0 34.0 144.0 28.0 28.0 30.0 127.0 30.0 30.0 28.0 133.0 31.0 29.0 29.0 123.0 30.0 28.0 40.0 130.0 37.0 30.0 27.0 26.0 16.0 28.0 28.0 34.0 16.0 29.0 29.0 27.0 30.0 22.0 27.0 28.0 29.0 27.0 26.0 34.0 31.0 29.0 30.0 31.0 29.0 28.0 30.0 27.0 31.0 28.0 28.0 56.0 33.0 31.0 29.0 27.0 33.0 27.0 28.0 20.0 31.0 28.0 36.0 29.0 30.0 34.0 26.0 33.0 119.0 29.0 30.0 27.0 29.0 29.0 28.0 24.0 28.0 31.0 30.0 27.0 28.0 33.0 27.0 25.0 28.0 29.0 28.0 28.0 46.0 35.0 28.0 31.0 26.0 49.0 15.0 35.0 27.0 15.0 30.0 28.0 30.0 16.0 31.0 30.0 29.0 26.0 30.0 30.0 34.0 32.0 29.0 35.0 29.0 32.0 29.0 28.0 27.0 25.0 26.0 28.0 19.0 28.0 33.0 28.0 30.0 28.0 27.0 31.0 28.0 28.0 26.0 31.0 122.0 34.0 29.0 28.0 131.0 28.0 27.0 27.0 128.0 115.0 29.0 29.0 129.0 27.0 30.0 217.0 36.0 27.0 25.0 124.0 28.0 29.0 28.0 217.0 25.0
30 31 1 TRACE 24.0 18.0 15.0 14.0 13.0 15.0 8.0 9.0 14.0 13.0 15.0 13.0 32.0 22.0 30.0 16.0 14.0 8.0 14.0 15.0 15.0 9.0 14.0 16.0 14.0 14.0 8.0 15.0 14.0 8.0 8.0 14.0 14.0 14.0 14.0 14.0 14.0 14.0 9.0 14.0 14.0 9.0 14.0 15.0 13.0 15.0 8.0 14.0 8.0 14.0 14.0 9.0 13.0 14.0 9.0 14.0 16.0 14.0 9.0 14.0 14.0 9.0 14.0 13.0 10.0 20.0 16.0 15.0 9.0 14.0 19.0 9.0 8.0 16.0 13.0 9.0 14.0 16.0 13.0 16.0 8.0 15.0 15.0 8.0 15.0 16.0 8.0 16.0 14.0 15.0 8.0 17.0 13.0 17.0 14.0 16.0 13.0 16.0 16.0 8.0 8.0 21.0 13.0 9.0 7.0 16.0 15.0 19.0 14.0 8.0 9.0 14.0 16.0 14.0 14.0 14.0 14.0 8.0 14.0 16.0 14.0 14.0 13.0 15.0 14.0 14.0 8.0 14.0 14.0 9.0 14.0 8.0 14.0 15.0 20.0 29.0 15.0 8.0 9.0 14.0 15.0 13.0 9.0 13.0 15.0 8.0 14.0 8.0 15.0 14.0 13.0 15.0 14.0 8.0 16.0 13.0 15.0 8.0 14.0 17.0 9.0 14.0 16.0 15.0 9.0 8.0 15.0 31.0 9.0 14.0 15.0 14.0 8.0 8.0 17.0 16.0 14.0 9.0 13.0 14.0 14.0 13.0 15.0 8.0 13.0 14.0 15.0 14.0 9.0 14.0 16.0 14.0 9.0 13.0 16.0 9.0 14.0 14.0 16.0 13.0 8.0 8.0 14.0 15.0 8.0 8.0 8.0 15.0 14.0 9.0 8.0 15.0 8.0 13.0 14.0 14.0 8.0 14.0 14.0 16.0 14.0 9.0 14.0 15.0 15.0 8.0 9.0 13.0 15.0 8.0 14.0 15.0 13.0 9.0 14.0 16.0 9.0 8.0 13.0 19.0 14.0
31 32 1 TRACE 18.0 12.0 11.0 11.0 12.0 11.0 11.0 11.0 11.0 11.0 11.0 12.0 14.0 13.0 13.0 13.0 11.0 11.0 11.0 11.0 11.0 11.0 11.0 12.0 12.0 11.0 11.0 11.0 11.0 10.0 10.0 11.0 11.0 11.0 11.0 11.0 11.0 11.0 10.0 11.0 11.0 11.0 11.0 11.0 11.0 12.0 13.0 11.0 10.0 12.0 10.0 11.0 11.0 11.0 11.0 11.0 12.0 11.0 11.0 11.0 11.0 10.0 11.0 11.0 10.0 12.0 12.0 16.0 11.0 10.0 12.0 11.0 11.0 12.0 12.0 10.0 11.0 11.0 12.0 11.0 11.0 11.0 11.0 11.0 11.0 11.0 11.0 11.0 11.0 11.0 11.0 11.0 11.0 12.0 12.0 11.0 11.0 11.0 11.0 10.0 10.0 12.0 11.0 11.0 10.0 11.0 11.0 11.0 12.0 10.0 11.0 11.0 12.0 11.0 11.0 10.0 11.0 11.0 11.0 11.0 12.0 10.0 11.0 12.0 11.0 11.0 11.0 11.0 11.0 11.0 11.0 11.0 11.0 12.0 12.0 24.0 11.0 11.0 11.0 11.0 11.0 11.0 11.0 11.0 11.0 12.0 11.0 10.0 11.0 11.0 11.0 12.0 11.0 11.0 11.0 11.0 11.0 11.0 11.0 11.0 10.0 11.0 11.0 11.0 10.0 11.0 11.0 12.0 10.0 10.0 11.0 11.0 11.0 11.0 11.0 11.0 11.0 11.0 11.0 11.0 11.0 12.0 11.0 11.0 11.0 12.0 11.0 11.0 10.0 11.0 11.0 11.0 11.0 11.0 11.0 11.0 11.0 12.0 11.0 11.0 11.0 11.0 11.0 11.0 11.0 11.0 10.0 11.0 11.0 11.0 10.0 11.0 11.0 11.0 11.0 11.0 11.0 11.0 11.0 11.0 11.0 13.0 11.0 12.0 11.0 11.0 11.0 11.0 12.0 10.0 11.0 11.0 12.0 11.0 11.0 11.0 11.0 11.0 11.0 11.0 11.0
32 33 1 TRACE 20.0 15.0 15.0 15.0 14.0 15.0 15.0 14.0 15.0 15.0 15.0 14.0 28.0 25.0 18.0 26.0 15.0 14.0 14.0 15.0 15.0 14.0 15.0 16.0 15.0 15.0 14.0 15.0 15.0 22.0 14.0 15.0 15.0 15.0 16.0 16.0 15.0 19.0 15.0 14.0 15.0 15.0 15.0 15.0 15.0 15.0 14.0 15.0 15.0 14.0 15.0 15.0 14.0 15.0 15.0 14.0 16.0 14.0 15.0 14.0 15.0 15.0 14.0 15.0 15.0 16.0 15.0 17.0 15.0 15.0 16.0 15.0 14.0 18.0 17.0 15.0 14.0 15.0 16.0 15.0 14.0 14.0 15.0 17.0 15.0 14.0 15.0 15.0 14.0 15.0 15.0 15.0 15.0 15.0 15.0 15.0 14.0 14.0 16.0 17.0 14.0 18.0 14.0 98.0 15.0 16.0 122.0 15.0 16.0 15.0 116.0 15.0 16.0 14.0 114.0 14.0 15.0 14.0 14.0 16.0 15.0 15.0 15.0 15.0 14.0 15.0 14.0 14.0 17.0 15.0 14.0 14.0 14.0 16.0 34.0 31.0 14.0 14.0 15.0 14.0 15.0 14.0 15.0 15.0 16.0 15.0 15.0 14.0 14.0 15.0 14.0 15.0 14.0 14.0 15.0 15.0 14.0 14.0 15.0 15.0 14.0 14.0 15.0 16.0 15.0 14.0 15.0 16.0 15.0 15.0 16.0 16.0 14.0 14.0 17.0 15.0 16.0 39.0 16.0 14.0 14.0 16.0 15.0 14.0 15.0 16.0 15.0 16.0 15.0 16.0 15.0 15.0 14.0 15.0 15.0 15.0 15.0 14.0 14.0 14.0 14.0 15.0 14.0 16.0 14.0 14.0 14.0 15.0 14.0 21.0 15.0 15.0 14.0 15.0 14.0 15.0 15.0 14.0 14.0 15.0 15.0 14.0 14.0 15.0 18.0 15.0 14.0 16.0 14.0 14.0 14.0 15.0 15.0 14.0 15.0 15.0 14.0 14.0 14.0 15.0 15.0
33 34 1 TRACE 962.0 791.0 1554.0 764.0 2569.0 953.0 419.0 322.0 733.0 1147.0 380.0 2536.0 1315.0 484.0 338.0 690.0 1173.0 425.0 539.0 4149.0 796.0 532.0 1128.0 1013.0 669.0 536.0 654.0 9432.0 763.0 485.0 496.0 1278.0 637.0 367.0 1322.0 359.0 617.0 1170.0 778.0 595.0 1315.0 507.0 611.0 8381.0 679.0 417.0 495.0 1365.0 497.0 637.0 1225.0 376.0 620.0 1320.0 328.0 795.0 1258.0 636.0 506.0 642.0 1144.0 710.0 406.0 1269.0 297.0 633.0 1370.0 737.0 764.0 515.0 1234.0 604.0 935.0 1377.0 670.0 666.0 677.0 1079.0 795.0 337.0 358.0 6397.0 724.0 419.0 1923.0 834.0 568.0 360.0 1668.0 902.0 710.0 490.0 880.0 1350.0 777.0 467.0 528.0 3990.0 734.0 623.0 703.0 1196.0 707.0 409.0 633.0 1340.0 308.0 2591.0 868.0 582.0 516.0 1076.0 1143.0 564.0 383.0 476.0 1120.0 335.0 1411.0 997.0 712.0 407.0 1679.0 829.0 563.0 293.0 560.0 4393.0 793.0 587.0 435.0 555.0 2909.0 799.0 742.0 5378.0 735.0 570.0 620.0 1716.0 830.0 564.0 581.0 1408.0 839.0 567.0 504.0 575.0 1481.0 515.0 596.0 969.0 601.0 978.0 849.0 704.0 617.0 586.0 6574.0 790.0 545.0 918.0 1251.0 670.0 466.0 528.0 7503.0 792.0 299.0 2589.0 807.0 562.0 383.0 446.0 1414.0 972.0 703.0 450.0 661.0 1313.0 323.0 1962.0 832.0 580.0 537.0 1187.0 988.0 560.0 568.0 906.0 1170.0 670.0 562.0 1003.0 1015.0 578.0 398.0 1274.0 1057.0 706.0 422.0 436.0 2466.0 882.0 569.0 336.0 598.0 7004.0 788.0 534.0 568.0 1367.0 362.0 622.0 4296.0 867.0 416.0 420.0 926.0 1173.0 681.0 598.0 584.0 4199.0 713.0 568.0 386.0 378.0 1203.0 562.0 1311.0 897.0 573.0 575.0 2862.0 936.0 709.0 503.0 762.0 1289.0 778.0
34 35 1 TRACE 739.0 736.0 50.0 40.0 79.0 50.0 15.0 32.0 40.0 50.0 38.0 78.0 79.0 20.0 43.0 45.0 52.0 37.0 110.0 111.0 43.0 38.0 178.0 85.0 35.0 16.0 39.0 210.0 42.0 16.0 42.0 50.0 32.0 53.0 60.0 38.0 48.0 58.0 39.0 64.0 53.0 31.0 42.0 673.0 42.0 16.0 46.0 51.0 39.0 45.0 46.0 39.0 56.0 50.0 146.0 52.0 50.0 40.0 32.0 55.0 49.0 37.0 46.0 540.0 39.0 45.0 51.0 42.0 31.0 45.0 52.0 16.0 141.0 57.0 40.0 40.0 50.0 52.0 41.0 16.0 39.0 144.0 45.0 39.0 205.0 75.0 35.0 38.0 361.0 45.0 37.0 40.0 44.0 57.0 46.0 37.0 53.0 99.0 48.0 16.0 277.0 49.0 40.0 16.0 39.0 51.0 40.0 77.0 62.0 36.0 40.0 48.0 68.0 36.0 31.0 43.0 50.0 138.0 268.0 50.0 36.0 119.0 58.0 45.0 35.0 97.0 38.0 105.0 43.0 37.0 16.0 37.0 90.0 44.0 89.0 108.0 41.0 40.0 38.0 59.0 44.0 34.0 37.0 66.0 46.0 35.0 15.0 39.0 176.0 37.0 45.0 53.0 17.0 66.0 50.0 36.0 16.0 40.0 165.0 165.0 39.0 103.0 47.0 40.0 15.0 41.0 202.0 43.0 36.0 76.0 63.0 35.0 17.0 39.0 53.0 43.0 38.0 33.0 43.0 49.0 39.0 463.0 44.0 36.0 38.0 49.0 71.0 35.0 39.0 43.0 46.0 50.0 45.0 66.0 44.0 38.0 42.0 52.0 46.0 35.0 17.0 42.0 72.0 44.0 36.0 16.0 38.0 159.0 95.0 15.0 50.0 69.0 32.0 59.0 119.0 44.0 17.0 38.0 45.0 47.0 39.0 30.0 42.0 103.0 44.0 36.0 37.0 43.0 50.0 36.0 64.0 52.0 36.0 37.0 80.0 181.0 36.0 37.0 40.0 51.0 39.0
35 36 1 TRACE 43.0 46.0 84.0 33.0 112.0 38.0 14.0 27.0 38.0 37.0 34.0 110.0 71.0 17.0 39.0 48.0 34.0 32.0 36.0 183.0 48.0 33.0 57.0 38.0 33.0 16.0 34.0 340.0 34.0 13.0 36.0 33.0 29.0 34.0 34.0 35.0 34.0 45.0 32.0 68.0 36.0 27.0 39.0 310.0 40.0 13.0 38.0 41.0 33.0 39.0 40.0 33.0 55.0 40.0 33.0 43.0 34.0 33.0 29.0 62.0 38.0 34.0 35.0 396.0 33.0 43.0 36.0 32.0 31.0 36.0 103.0 14.0 474.0 36.0 33.0 33.0 47.0 34.0 34.0 15.0 33.0 245.0 34.0 33.0 268.0 78.0 31.0 33.0 77.0 41.0 32.0 32.0 44.0 36.0 101.0 36.0 34.0 177.0 52.0 14.0 299.0 35.0 33.0 14.0 215.0 34.0 101.0 108.0 37.0 32.0 32.0 55.0 55.0 31.0 28.0 37.0 35.0 130.0 116.0 35.0 33.0 120.0 75.0 74.0 32.0 101.0 33.0 167.0 52.0 32.0 14.0 33.0 134.0 36.0 205.0 171.0 33.0 32.0 31.0 77.0 37.0 34.0 32.0 66.0 36.0 32.0 14.0 34.0 69.0 32.0 36.0 33.0 16.0 63.0 35.0 33.0 14.0 33.0 278.0 34.0 32.0 68.0 35.0 33.0 14.0 36.0 339.0 34.0 32.0 106.0 39.0 31.0 15.0 35.0 65.0 36.0 33.0 28.0 39.0 35.0 33.0 426.0 38.0 31.0 32.0 56.0 189.0 31.0 33.0 44.0 35.0 53.0 65.0 122.0 34.0 31.0 39.0 62.0 35.0 41.0 14.0 33.0 105.0 35.0 32.0 14.0 33.0 269.0 35.0 14.0 52.0 33.0 28.0 34.0 197.0 53.0 14.0 32.0 46.0 35.0 32.0 29.0 34.0 162.0 34.0 31.0 32.0 35.0 34.0 33.0 66.0 36.0 32.0 32.0 119.0 88.0 42.0 33.0 39.0 35.0 33.0
36 37 1 TRACE 43.0 43.0 28.0 26.0 801.0 28.0 67.0 50.0 136.0 25.0 25.0 901.0 51.0 79.0 25.0 42.0 27.0 24.0 28.0 2668.0 108.0 139.0 359.0 34.0 55.0 60.0 212.0 3823.0 52.0 64.0 53.0 25.0 24.0 38.0 27.0 23.0 38.0 27.0 23.0 75.0 26.0 24.0 209.0 3796.0 28.0 58.0 40.0 29.0 24.0 67.0 27.0 23.0 38.0 29.0 24.0 144.0 35.0 102.0 27.0 137.0 26.0 46.0 38.0 59.0 24.0 97.0 37.0 25.0 25.0 110.0 28.0 67.0 99.0 37.0 135.0 23.0 109.0 36.0 24.0 66.0 30.0 3189.0 95.0 30.0 692.0 33.0 134.0 26.0 556.0 30.0 23.0 113.0 116.0 37.0 24.0 55.0 186.0 1948.0 27.0 56.0 101.0 77.0 30.0 67.0 41.0 27.0 29.0 1089.0 28.0 112.0 24.0 415.0 30.0 150.0 23.0 51.0 26.0 27.0 483.0 31.0 25.0 28.0 713.0 29.0 169.0 49.0 27.0 1958.0 28.0 97.0 45.0 42.0 1313.0 27.0 32.0 2166.0 25.0 24.0 33.0 694.0 28.0 159.0 169.0 542.0 29.0 22.0 117.0 36.0 27.0 22.0 52.0 28.0 74.0 366.0 99.0 23.0 54.0 30.0 3166.0 25.0 26.0 162.0 33.0 80.0 137.0 130.0 3341.0 24.0 24.0 792.0 29.0 163.0 102.0 100.0 460.0 31.0 24.0 113.0 181.0 25.0 24.0 911.0 102.0 113.0 116.0 551.0 29.0 120.0 24.0 184.0 33.0 24.0 118.0 285.0 109.0 154.0 25.0 469.0 30.0 23.0 128.0 26.0 1076.0 27.0 158.0 62.0 29.0 3255.0 25.0 61.0 37.0 26.0 23.0 29.0 1844.0 26.0 79.0 25.0 243.0 32.0 52.0 37.0 184.0 1934.0 113.0 130.0 26.0 59.0 27.0 27.0 532.0 35.0 148.0 25.0 1076.0 28.0 26.0 23.0 136.0 36.0 23.0
37 38 1 TRACE 33.0 39.0 23.0 30.0 263.0 23.0 23.0 23.0 44.0 22.0 25.0 275.0 41.0 38.0 25.0 49.0 23.0 22.0 25.0 490.0 24.0 23.0 125.0 25.0 23.0 22.0 29.0 910.0 23.0 22.0 38.0 23.0 22.0 28.0 30.0 24.0 29.0 45.0 22.0 34.0 37.0 25.0 28.0 869.0 23.0 22.0 29.0 26.0 22.0 48.0 25.0 23.0 53.0 32.0 25.0 62.0 23.0 22.0 23.0 51.0 24.0 23.0 29.0 26.0 23.0 56.0 24.0 23.0 24.0 29.0 26.0 23.0 59.0 26.0 25.0 26.0 64.0 23.0 23.0 24.0 44.0 696.0 23.0 25.0 213.0 30.0 22.0 23.0 170.0 116.0 22.0 23.0 61.0 24.0 23.0 24.0 25.0 449.0 25.0 36.0 56.0 26.0 26.0 24.0 30.0 52.0 24.0 273.0 23.0 23.0 23.0 136.0 24.0 23.0 23.0 38.0 23.0 24.0 158.0 23.0 23.0 25.0 210.0 23.0 23.0 23.0 25.0 457.0 26.0 22.0 22.0 24.0 284.0 23.0 38.0 493.0 22.0 22.0 23.0 202.0 24.0 32.0 23.0 166.0 23.0 22.0 21.0 29.0 23.0 24.0 36.0 26.0 22.0 142.0 24.0 23.0 22.0 25.0 775.0 25.0 23.0 67.0 24.0 22.0 22.0 25.0 750.0 23.0 23.0 227.0 23.0 22.0 25.0 24.0 135.0 25.0 22.0 22.0 37.0 23.0 23.0 227.0 24.0 22.0 23.0 137.0 23.0 44.0 23.0 73.0 24.0 23.0 29.0 96.0 26.0 22.0 113.0 133.0 24.0 22.0 22.0 23.0 297.0 24.0 122.0 29.0 26.0 746.0 117.0 22.0 29.0 26.0 21.0 26.0 442.0 23.0 29.0 22.0 81.0 23.0 23.0 23.0 25.0 422.0 24.0 23.0 22.0 32.0 24.0 23.0 154.0 24.0 22.0 23.0 255.0 27.0 23.0 23.0 61.0 28.0 23.0
38 39 1 TRACE 30.0 22.0 21.0 19.0 21.0 20.0 26.0 21.0 22.0 19.0 21.0 20.0 52.0 56.0 21.0 21.0 19.0 18.0 19.0 22.0 21.0 26.0 25.0 20.0 21.0 19.0 20.0 22.0 41.0 20.0 20.0 38.0 19.0 19.0 113.0 19.0 20.0 110.0 19.0 21.0 107.0 19.0 22.0 21.0 23.0 18.0 19.0 19.0 19.0 20.0 19.0 18.0 26.0 24.0 19.0 19.0 20.0 22.0 19.0 26.0 20.0 19.0 20.0 22.0 20.0 26.0 20.0 22.0 21.0 25.0 19.0 19.0 20.0 19.0 21.0 20.0 26.0 19.0 24.0 19.0 25.0 21.0 20.0 19.0 20.0 107.0 21.0 19.0 22.0 20.0 21.0 19.0 20.0 20.0 21.0 20.0 20.0 21.0 20.0 30.0 20.0 20.0 21.0 20.0 20.0 19.0 20.0 19.0 19.0 21.0 19.0 20.0 18.0 23.0 18.0 20.0 19.0 18.0 20.0 19.0 21.0 24.0 20.0 19.0 21.0 19.0 18.0 21.0 20.0 19.0 19.0 19.0 21.0 25.0 32.0 22.0 37.0 21.0 20.0 20.0 19.0 22.0 19.0 20.0 19.0 22.0 19.0 19.0 19.0 19.0 19.0 20.0 19.0 21.0 19.0 22.0 19.0 19.0 88.0 21.0 19.0 20.0 20.0 21.0 18.0 23.0 21.0 21.0 19.0 20.0 19.0 21.0 19.0 20.0 22.0 21.0 19.0 18.0 20.0 19.0 19.0 21.0 18.0 21.0 19.0 21.0 19.0 22.0 26.0 26.0 19.0 23.0 112.0 22.0 20.0 21.0 22.0 21.0 18.0 21.0 21.0 18.0 21.0 21.0 101.0 20.0 20.0 20.0 22.0 20.0 20.0 19.0 18.0 19.0 20.0 21.0 19.0 18.0 20.0 19.0 21.0 19.0 19.0 20.0 27.0 19.0 19.0 21.0 19.0 25.0 20.0 112.0 27.0 19.0 20.0 20.0 21.0 18.0 21.0 20.0 21.0
39 25 1 TRACE 17.0 15.0 15.0 16.0 15.0 15.0 17.0 15.0 15.0 17.0 16.0 15.0 15.0 15.0 16.0 15.0 14.0 14.0 23.0 16.0 15.0 15.0 15.0 15.0 15.0 15.0 15.0 16.0 15.0 15.0 15.0 15.0 15.0 15.0 15.0 15.0 15.0 15.0 15.0 15.0 15.0 15.0 15.0 15.0 15.0 15.0 15.0 14.0 15.0 14.0 15.0 16.0 14.0 16.0 15.0 15.0 14.0 14.0 15.0 15.0 28.0 16.0 15.0 16.0 14.0 14.0 15.0 14.0 14.0 15.0 16.0 15.0 14.0 15.0 14.0 15.0 15.0 15.0 14.0 15.0 15.0 15.0 15.0 14.0 15.0 15.0 16.0 15.0 15.0 15.0 14.0 15.0 14.0 15.0 15.0 15.0 15.0 15.0 15.0 15.0 106.0 14.0 99.0 15.0 15.0 16.0 15.0 16.0 15.0 21.0 15.0 15.0 15.0
39 40 1 TRACE 29.0 24.0 22.0 28.0 34.0 24.0 27.0 25.0 23.0 23.0 23.0 24.0 27.0 23.0 22.0 26.0 26.0 27.0 22.0 22.0 24.0 27.0 27.0 28.0 24.0 24.0 25.0 26.0 27.0 25.0 25.0 23.0 22.0 24.0 23.0 26.0 25.0 35.0 25.0 23.0 22.0 22.0 23.0 28.0 25.0 24.0 26.0 23.0 24.0 25.0 23.0 23.0 23.0 25.0 34.0 25.0 22.0 26.0 21.0 24.0 23.0 30.0 24.0 21.0
39 51 1 TRACE 49.0 25.0 28.0 40.0 39.0 24.0 32.0 28.0 33.0 34.0 39.0 34.0 26.0 32.0 29.0 38.0 30.0 42.0 33.0 31.0 33.0 28.0 28.0 28.0 27.0 27.0 31.0 29.0 28.0 31.0 30.0 28.0 41.0 30.0 26.0 25.0 34.0 25.0 27.0 33.0 32.0 31.0 28.0 26.0 29.0 27.0 28.0 25.0 28.0 25.0 24.0 26.0 27.0 26.0 102.0 108.0 136.0 26.0 34.0 26.0 31.0 26.0 27.0 29.0
40 41 1 TRACE 336.0 653.0 337.0 670.0 380.0 932.0 420.0 1347.0 325.0 317.0 317.0 322.0 1271.0 316.0 330.0 462.0 355.0 335.0 317.0 347.0 317.0 350.0 348.0 1126.0 519.0 489.0 350.0 876.0 347.0 316.0 646.0 436.0 333.0 562.0 521.0 910.0 717.0 1009.0 521.0 518.0 316.0 326.0 430.0 1185.0 363.0 1176.0 635.0 428.0 372.0 563.0 444.0 367.0 394.0 429.0 681.0 1198.0 317.0 877.0 388.0 854.0 321.0 469.0 643.0 358.0
41 42 1 TRACE 17.0 13.0 12.0 11.0 12.0 12.0 11.0 11.0 13.0 11.0 11.0 11.0 12.0 11.0 14.0 13.0 11.0 11.0 12.0 12.0 11.0 11.0 12.0 11.0 12.0 12.0 11.0 11.0 14.0 11.0 11.0 11.0 13.0 11.0 11.0 11.0 13.0 11.0 11.0 12.0 13.0 11.0 11.0 12.0 12.0 10.0 11.0 13.0 11.0 11.0 12.0 13.0 11.0 11.0 12.0 13.0 11.0 12.0 12.0 13.0 11.0 12.0 12.0 11.0 11.0 12.0 13.0 11.0 10.0 13.0 13.0 12.0 11.0 13.0 11.0 10.0 12.0 13.0 11.0 12.0 13.0 11.0 12.0 11.0 11.0 12.0 12.0 17.0 12.0 12.0 11.0 11.0 13.0 12.0 12.0 12.0 11.0 11.0 12.0 11.0 12.0 13.0 11.0 11.0 12.0 12.0 11.0 12.0 12.0 11.0 12.0 13.0 11.0 11.0 12.0 13.0 11.0 12.0 12.0 11.0 12.0 11.0 11.0 12.0 12.0 11.0 13.0 11.0 11.0 12.0 12.0 11.0 12.0 14.0 11.0 11.0 13.0 11.0 11.0 12.0 13.0 11.0 11.0 11.0 13.0 11.0 13.0 12.0 12.0 11.0 15.0 12.0 13.0 11.0 11.0 12.0 12.0 12.0 11.0 11.0 11.0 12.0 13.0 11.0 11.0 11.0 12.0 11.0 12.0 12.0 11.0 12.0 13.0 10.0 12.0 13.0 11.0 11.0 13.0 11.0 11.0 12.0 11.0 12.0 12.0 11.0 11.0 12.0 11.0 10.0 12.0 12.0 11.0 12.0 13.0 11.0 12.0 12.0 11.0 12.0 14.0 12.0 11.0 11.0 12.0 11.0 12.0 12.0 11.0 11.0 12.0 11.0
42 43 1 TRACE 15.0 11.0 10.0 11.0 10.0 10.0 10.0 10.0 11.0 10.0 10.0 10.0 11.0 10.0 12.0 10.0 10.0 10.0 10.0 11.0 11.0 10.0 10.0 10.0 11.0 10.0 10.0 10.0 11.0 10.0 10.0 10.0 10.0 10.0 10.0 11.0 10.0 11.0 10.0 11.0 11.0 10.0 11.0 11.0 10.0 11.0 11.0 11.0 10.0 10.0 10.0 10.0 11.0 11.0 11.0 10.0 11.0 10.0 10.0 10.0 11.0 11.0 11.0 10.0 10.0 10.0 11.0 11.0 10.0 10.0 11.0 10.0 10.0 10.0 11.0 11.0 10.0 11.0 11.0 11.0 11.0 10.0 10.0 10.0 10.0 11.0 10.0 11.0 11.0 10.0 11.0 10.0 11.0 10.0 11.0 10.0 10.0 10.0 10.0 11.0 10.0 11.0 10.0 10.0 11.0 10.0 10.0 11.0 11.0 11.0 11.0 10.0 11.0 11.0 11.0 10.0 11.0 11.0 11.0 10.0 11.0 11.0 10.0 11.0 10.0 10.0 11.0 10.0 10.0 10.0 15.0 10.0 11.0 11.0 10.0 11.0 10.0 11.0 10.0 10.0 10.0 10.0 10.0 10.0 10.0 10.0 10.0 11.0 10.0 10.0 10.0 10.0 11.0 11.0 11.0 10.0 11.0 10.0 10.0 10.0 10.0 10.0 10.0 10.0 10.0 10.0 10.0 10.0 11.0 10.0 10.0 11.0 11.0 11.0 11.0 10.0 10.0 10.0 10.0 10.0 11.0 11.0 10.0 10.0 10.0 11.0 11.0 10.0 11.0 11.0 11.0 11.0 10.0 11.0 10.0 10.0 12.0 11.0 10.0 10.0 11.0 10.0 11.0 10.0 11.0 10.0 10.0 11.0 10.0 10.0 11.0 10.0
43 44 1 TRACE 14.0 12.0 10.0 10.0 10.0 11.0 10.0 10.0 12.0 11.0 10.0 10.0 11.0 10.0 11.0 13.0 10.0 10.0 10.0 12.0 10.0 10.0 12.0 10.0 11.0 11.0 11.0 10.0 13.0 10.0 10.0 10.0 13.0 10.0 10.0 10.0 12.0 11.0 10.0 10.0 12.0 10.0 10.0 11.0 11.0 10.0 10.0 12.0 10.0 10.0 10.0 12.0 10.0 10.0 11.0 12.0 10.0 10.0 10.0 11.0 10.0 10.0 12.0 10.0 10.0 10.0 13.0 11.0 10.0 10.0 12.0 10.0 10.0 13.0 11.0 10.0 10.0 12.0 10.0 10.0 12.0 11.0 11.0 11.0 10.0 10.0 11.0 10.0 10.0 11.0 10.0 10.0 11.0 10.0 10.0 11.0 10.0 10.0 12.0 11.0 11.0 12.0 10.0 10.0 10.0 11.0 10.0 10.0 11.0 10.0 10.0 12.0 10.0 10.0 10.0 12.0 11.0 10.0 12.0 10.0 11.0 11.0 11.0 11.0 12.0 10.0 11.0 11.0 10.0 10.0 12.0 10.0 10.0 12.0 11.0 11.0 12.0 10.0 10.0 10.0 13.0 10.0 10.0 10.0 11.0 10.0 10.0 11.0 11.0 10.0 12.0 10.0 11.0 12.0 10.0 11.0 12.0 11.0 10.0 12.0 10.0 10.0 12.0 10.0 10.0 10.0 12.0 10.0 10.0 12.0 10.0 10.0 12.0 10.0 9.0 12.0 10.0 10.0 11.0 10.0 10.0 11.0 10.0 11.0 11.0 10.0 10.0 12.0 10.0 9.0 11.0 11.0 10.0 10.0 12.0 10.0 11.0 11.0 10.0 10.0 12.0 10.0 10.0 10.0 12.0 10.0 11.0 11.0 10.0 10.0 11.0 10.0
44 45 1 TRACE 94.0 63.0 65.0 65.0 74.0 64.0 64.0 212.0 64.0 65.0 63.0 71.0 65.0 81.0 82.0 68.0 62.0 63.0 69.0 63.0 62.0 168.0 64.0 64.0 74.0 72.0 65.0 211.0 61.0 65.0 64.0 73.0 62.0 63.0 62.0 220.0 90.0 64.0 63.0 214.0 65.0 62.0 62.0 87.0 64.0 66.0 77.0 62.0 64.0 63.0 71.0 61.0 64.0 79.0 66.0 63.0 66.0 64.0 66.0 62.0 64.0 210.0 61.0 62.0 63.0 75.0 62.0 63.0 63.0 76.0 62.0 64.0 214.0 60.0 62.0 69.0 64.0 61.0 61.0 205.0 64.0 60.0 64.0 64.0 67.0 148.0 64.0 59.0 146.0 64.0 66.0 71.0 68.0 61.0 63.0 61.0 67.0 76.0 64.0 64.0 217.0 63.0 68.0 47.0 123.0 62.0 64.0 157.0 65.0 61.0 201.0 62.0 65.0 59.0 64.0 63.0 64.0 111.0 62.0 62.0 68.0 65.0 63.0 71.0 63.0 63.0 78.0 49.0 66.0 104.0 58.0 74.0 73.0 58.0 63.0 216.0 64.0 65.0 65.0 73.0 62.0 66.0 65.0 144.0 60.0 64.0 65.0 61.0 60.0 67.0 62.0 64.0 91.0 60.0 60.0 67.0 63.0 62.0 173.0 62.0 64.0 64.0 63.0 64.0 64.0 156.0 66.0 68.0 171.0 64.0 63.0 83.0 64.0 64.0 70.0 67.0 63.0 172.0 64.0 65.0 67.0 59.0 66.0 67.0 64.0 66.0 208.0 65.0 64.0 67.0 76.0 64.0 66.0 150.0 64.0 63.0 64.0 66.0 66.0 94.0 62.0 66.0 257.0 63.0 60.0 63.0 99.0 63.0 63.0 68.0 74.0 65.0
45 46 1 TRACE 19.0 15.0 15.0 15.0 15.0 15.0 14.0 15.0 15.0 15.0 14.0 15.0 15.0 17.0 16.0 16.0 16.0 14.0 15.0 15.0 14.0 14.0 14.0 14.0 15.0 14.0 14.0 15.0 14.0 15.0 14.0 14.0 17.0 16.0 14.0 15.0 20.0 15.0 15.0 15.0 16.0 14.0 15.0 15.0 14.0 14.0 15.0 16.0 41.0 14.0 15.0 15.0 15.0 28.0 21.0 16.0 15.0 15.0 14.0 15.0 15.0 14.0 15.0 14.0 14.0 15.0 16.0 15.0 14.0 14.0 14.0 15.0 15.0 15.0 14.0 15.0 16.0 14.0 14.0 14.0 15.0 14.0 15.0 14.0 14.0 15.0 14.0 14.0 14.0 14.0 14.0 14.0 15.0 14.0 15.0 14.0 14.0 14.0 15.0 15.0 15.0 16.0 14.0 14.0 15.0 14.0 14.0 15.0 15.0 14.0 15.0 15.0 14.0 14.0 14.0 14.0 14.0 14.0 15.0 14.0 15.0 14.0 14.0 18.0 15.0 14.0 16.0 16.0 14.0 16.0 14.0 14.0 15.0 15.0 14.0 14.0 16.0 14.0 15.0 15.0 16.0 15.0 15.0 15.0 14.0 14.0 15.0 15.0 14.0 15.0 15.0 14.0 15.0 14.0 13.0 18.0 15.0 14.0 15.0 14.0 14.0 15.0 16.0 14.0 14.0 14.0 14.0 14.0 14.0 15.0 15.0 15.0 15.0 14.0 15.0 15.0 14.0 15.0 15.0 14.0 14.0 14.0 14.0 14.0 15.0 14.0 14.0 17.0 15.0 14.0 15.0 14.0 14.0 15.0 14.0 14.0 14.0 15.0 15.0 14.0 15.0 14.0 14.0 15.0 14.0 15.0 15.0 14.0 14.0 15.0 15.0 20.0
46 47 1 TRACE 5337.0 3596.0 799.0 735.0 4087.0 1341.0 776.0 4882.0 2743.0 751.0 734.0 3871.0 1250.0 1124.0 4918.0 3347.0 743.0 702.0 3335.0 1081.0 705.0 4383.0 1743.0 708.0 3435.0 900.0 705.0 4421.0 3140.0 726.0 702.0 4345.0 3414.0 755.0 704.0 4305.0 3388.0 749.0 708.0 4357.0 3189.0 740.0 702.0 3360.0 932.0 704.0 4311.0 3494.0 748.0 702.0 4595.0 2845.0 737.0 700.0 4285.0 3373.0 748.0 702.0 4664.0 2212.0 716.0 4518.0 2672.0 720.0 701.0 4338.0 3423.0 752.0 704.0 4620.0 2342.0 712.0 4326.0 3406.0 765.0 704.0 4749.0 2365.0 726.0 4617.0 2274.0 711.0 3360.0 966.0 703.0 3831.0 1388.0 703.0 3958.0 1378.0 707.0 4688.0 2298.0 716.0 3394.0 1063.0 707.0 4648.0 2394.0 716.0 4338.0 3463.0 753.0 729.0 3568.0 1251.0 705.0 4288.0 1596.0 716.0 4427.0 3035.0 725.0 784.0 4127.0 1534.0 705.0 3826.0 1312.0 705.0 3398.0 1027.0 704.0 3459.0 1170.0 706.0 3565.0 1018.0 712.0 3863.0 1413.0 705.0 4038.0 1429.0 709.0 4281.0 3498.0 747.0 702.0 4412.0 3077.0 725.0 702.0 4333.0 1627.0 708.0 3330.0 946.0 709.0 4681.0 2240.0 710.0 3337.0 941.0 704.0 3684.0 1310.0 706.0 4339.0 1584.0 710.0 4532.0 3022.0 725.0 706.0 3723.0 1336.0 706.0 4207.0 1530.0 780.0 4657.0 2073.0 710.0 4661.0 1795.0 710.0 4360.0 1550.0 705.0 3559.0 1171.0 704.0 3311.0 911.0 707.0 4318.0 3504.0 749.0 702.0 3349.0 1101.0 708.0 4689.0 2040.0 708.0 3393.0 1069.0 705.0 4505.0 3504.0 754.0 707.0 4211.0 1531.0 705.0 3670.0 1225.0 701.0 4631.0 2313.0 713.0
47 48 1 TRACE 14.0 11.0 12.0 9.0 12.0 12.0 8.0 28.0 11.0 8.0 10.0 12.0 9.0 13.0 11.0 9.0 10.0 10.0 9.0 10.0 10.0 10.0 12.0 11.0 9.0 12.0 11.0 8.0 10.0 10.0 9.0 10.0 10.0 8.0 12.0 12.0 8.0 10.0 12.0 9.0 24.0 10.0 9.0 11.0 10.0 8.0 15.0 11.0 9.0 11.0 12.0 8.0 10.0 10.0 9.0 11.0 12.0 8.0 11.0 11.0 9.0 10.0 11.0 9.0 14.0 11.0 8.0 11.0 10.0 8.0 10.0 10.0 9.0 10.0 11.0 9.0 10.0 10.0 9.0 10.0 12.0 8.0 12.0 11.0 8.0 10.0 10.0 9.0 11.0 12.0 8.0 10.0 10.0 9.0 12.0 11.0 8.0 13.0 10.0 8.0 10.0 10.0 8.0 10.0 10.0 9.0 13.0 10.0 9.0 12.0 12.0 8.0 11.0 10.0 9.0 10.0 11.0 9.0 11.0 12.0 9.0 12.0 11.0 9.0 10.0 10.0 8.0 10.0 10.0 9.0 11.0 11.0 8.0 10.0 11.0 8.0 10.0 11.0 9.0 11.0 11.0 8.0 12.0 11.0 8.0 10.0 10.0 8.0 10.0 10.0 10.0 11.0 11.0 9.0 10.0 11.0 8.0 10.0 10.0 8.0 10.0 11.0 9.0 12.0 10.0 8.0 10.0 13.0 8.0 12.0 11.0 9.0 19.0 11.0 8.0 12.0 11.0 8.0 11.0 11.0 9.0 10.0 10.0 8.0 11.0 13.0 8.0 13.0 11.0 8.0 11.0 11.0 9.0 10.0 10.0 9.0 11.0 12.0 10.0 12.0 11.0 8.0 10.0 16.0 8.0 10.0 11.0 9.0 12.0 11.0 9.0 11.0 15.0 8.0 10.0 11.0 9.0 12.0 10.0 9.0 11.0 10.0 8.0 10.0 10.0 8.0 10.0 16.0 9.0 11.0 11.0 9.0 15.0 10.0 8.0 10.0 10.0 9.0 12.0 11.0 9.0 15.0 12.0 9.0 11.0 10.0 9.0 12.0 11.0 8.0 10.0 10.0 8.0 10.0 10.0 9.0 11.0 10.0 8.0 10.0 10.0 8.0 10.0 10.0 9.0 11.0 12.0 8.0 10.0 10.0 8.0 10.0 10.0 9.0 12.0 11.0 8.0 10.0 10.0 8.0 10.0 10.0 9.0 11.0 10.0 8.0 10.0 10.0 9.0 10.0 10.0 8.0 11.0 14.0 9.0 10.0 11.0 8.0 10.0 10.0 9.0 12.0 11.0 8.0 10.0 10.0 8.0 10.0 11.0 9.0 9.0 10.0 9.0 11.0 11.0 9.0 12.0 11.0 9.0 10.0 10.0 9.0 11.0 11.0 8.0 10.0 11.0 8.0 10.0 10.0 9.0 11.0 11.0 9.0 10.0 10.0 8.0 10.0 11.0 9.0 11.0 10.0 9.0 10.0 11.0 8.0 10.0 11.0 8.0 10.0 10.0 8.0 11.0 10.0 8.0 10.0 10.0 8.0 10.0 10.0 9.0 11.0 11.0 8.0 10.0 11.0 9.0 11.0 10.0 9.0 13.0 11.0 9.0 10.0 11.0 8.0 10.0 10.0 9.0 12.0 11.0 8.0 10.0 11.0 8.0 10.0 10.0 9.0 11.0 10.0 8.0 10.0 12.0 9.0 10.0 10.0 9.0 11.0 11.0 9.0 11.0 11.0 9.0 10.0 10.0 9.0 11.0 11.0 9.0 10.0 11.0 8.0 11.0 10.0 9.0 12.0 11.0 9.0 11.0 12.0 9.0 10.0 10.0 8.0 11.0 10.0 8.0 10.0 10.0 9.0 11.0 11.0 8.0 10.0 10.0 8.0 11.0 10.0 8.0 11.0 12.0 8.0 11.0 12.0 9.0 11.0 10.0 9.0 16.0 10.0 9.0 11.0 12.0 8.0 10.0 11.0 9.0 11.0 11.0 9.0 10.0 10.0 9.0 10.0 10.0 9.0 11.0 11.0 9.0 10.0 10.0 8.0 11.0 11.0 9.0 10.0 10.0 8.0 10.0 11.0 8.0 10.0 10.0 9.0 11.0 12.0 9.0 10.0 11.0 8.0 10.0 10.0 8.0 10.0 10.0 9.0 11.0 12.0 8.0 11.0 10.0 8.0 10.0 10.0 9.0 11.0 10.0 8.0 10.0 10.0 8.0 10.0 10.0 9.0 13.0 23.0 8.0 10.0 10.0 8.0 10.0 10.0 9.0 13.0 12.0 9.0 10.0 10.0 9.0 10.0 10.0 9.0 11.0 11.0 8.0 10.0 10.0 9.0 12.0 10.0 9.0 11.0 11.0 8.0 10.0 10.0 8.0 10.0 11.0 9.0 11.0 11.0 9.0 11.0 10.0 9.0 10.0 10.0 8.0 11.0 12.0 8.0 10.0 10.0 8.0 10.0 10.0 8.0 10.0 10.0 9.0 11.0 10.0 8.0 10.0 10.0 8.0 10.0 10.0 9.0 10.0 11.0 8.0 10.0 11.0 8.0 12.0 13.0 9.0 11.0 10.0 8.0 11.0 13.0 8.0 10.0 10.0 9.0 12.0 11.0 9.0 11.0 11.0 8.0 10.0 11.0 8.0 10.0 11.0 9.0 11.0 11.0 9.0 9.0 11.0 8.0 10.0 10.0 9.0 11.0 11.0 8.0 12.0 10.0 8.0 10.0 11.0 9.0 11.0 10.0 8.0 10.0 11.0 8.0 10.0 10.0
48 49 1 TRACE 196.0 150.0 93.0 182.0 142.0 100.0 10.0 16.0 14.0 7.0 11.0 10.0 391.0 182.0 121.0 17.0 37.0 36.0 8.0 9.0 11.0 308.0 165.0 126.0 101.0 101.0 81.0 8.0 12.0 11.0 7.0 10.0 9.0 390.0 171.0 116.0 19.0 54.0 39.0 8.0 11.0 10.0 228.0 151.0 112.0 157.0 140.0 96.0 10.0 14.0 14.0 7.0 10.0 9.0 321.0 170.0 130.0 11.0 23.0 27.0 8.0 10.0 10.0 375.0 190.0 125.0 45.0 52.0 49.0 8.0 10.0 11.0 203.0 164.0 106.0 9.0 17.0 29.0 7.0 10.0 10.0 270.0 174.0 118.0 130.0 114.0 89.0 9.0 13.0 12.0 7.0 10.0 9.0 183.0 148.0 111.0 179.0 148.0 103.0 9.0 14.0 14.0 7.0 9.0 10.0 202.0 133.0 109.0 167.0 145.0 100.0 10.0 15.0 14.0 7.0 10.0 11.0 232.0 143.0 115.0 187.0 130.0 96.0 9.0 13.0 13.0 8.0 9.0 10.0 220.0 150.0 105.0 9.0 18.0 18.0 8.0 9.0 10.0 228.0 153.0 108.0 168.0 146.0 105.0 9.0 15.0 14.0 8.0 10.0 10.0 257.0 147.0 119.0 113.0 105.0 84.0 9.0 12.0 11.0 7.0 9.0 10.0 189.0 133.0 113.0 172.0 152.0 100.0 10.0 19.0 14.0 7.0 10.0 10.0 321.0 162.0 128.0 61.0 76.0 66.0 8.0 12.0 10.0 273.0 157.0 123.0 94.0 96.0 78.0 8.0 12.0 11.0 7.0 10.0 10.0 188.0 128.0 106.0 204.0 145.0 105.0 9.0 18.0 15.0 7.0 9.0 10.0 298.0 158.0 120.0 72.0 82.0 71.0 9.0 11.0 12.0 187.0 127.0 107.0 179.0 149.0 104.0 9.0 17.0 14.0 8.0 9.0 10.0 304.0 155.0 121.0 73.0 86.0 72.0 8.0 11.0 11.0 305.0 163.0 126.0 71.0 85.0 72.0 9.0 11.0 10.0 269.0 152.0 109.0 10.0 20.0 19.0 7.0 10.0 10.0 387.0 186.0 113.0 26.0 43.0 40.0 7.0 10.0 16.0 378.0 173.0 113.0 28.0 43.0 46.0 7.0 9.0 10.0 309.0 182.0 110.0 66.0 98.0 70.0 9.0 12.0 11.0 332.0 162.0 110.0 12.0 23.0 23.0 8.0 9.0 10.0 298.0 177.0 109.0 69.0 105.0 71.0 9.0 11.0 11.0 178.0 125.0 107.0 185.0 156.0 108.0 10.0 16.0 18.0 8.0 9.0 10.0 369.0 165.0 112.0 19.0 34.0 28.0 8.0 10.0 10.0 369.0 177.0 117.0 35.0 54.0 48.0 7.0 11.0 11.0 267.0 159.0 122.0 136.0 117.0 88.0 9.0 14.0 12.0 7.0 10.0 10.0 381.0 172.0 109.0 31.0 44.0 46.0 8.0 9.0 9.0 371.0 173.0 109.0 22.0 40.0 39.0 8.0 10.0 10.0 313.0 172.0 127.0 16.0 21.0 25.0 8.0 10.0 10.0 363.0 168.0 114.0 17.0 30.0 29.0 8.0 10.0 10.0 324.0 168.0 113.0 12.0 22.0 23.0 7.0 10.0 10.0 379.0 166.0 111.0 22.0 43.0 38.0 8.0 11.0 10.0 368.0 171.0 112.0 28.0 46.0 42.0 7.0 11.0 10.0 185.0 145.0 106.0 177.0 148.0 109.0 9.0 15.0 13.0 7.0 10.0 11.0 265.0 148.0 124.0 129.0 115.0 86.0 8.0 13.0 11.0 7.0 9.0 10.0 375.0 168.0 102.0 39.0 51.0 52.0 8.0 11.0 11.0 245.0 177.0 110.0 10.0 18.0 19.0 8.0 10.0 10.0 327.0 190.0 139.0 58.0 71.0 65.0 8.0 11.0 11.0 244.0 172.0 112.0 10.0 18.0 19.0 8.0 10.0 10.0 383.0 171.0 109.0 19.0 34.0 34.0 8.0 10.0 10.0 361.0 176.0 126.0 40.0 50.0 47.0 8.0 11.0 10.0 274.0 161.0 122.0 133.0 115.0 86.0 9.0 12.0 12.0 8.0 9.0 10.0 382.0 165.0 113.0 19.0 35.0 35.0 8.0 10.0 11.0 364.0 168.0 111.0 35.0 47.0 51.0 8.0 10.0 11.0 332.0 171.0 138.0 54.0 86.0 65.0 10.0 11.0 11.0 361.0 172.0 119.0 44.0 58.0 66.0 8.0 9.0 10.0 374.0 175.0 110.0 39.0 50.0 52.0 7.0 12.0 10.0 369.0 173.0 115.0 16.0 30.0 31.0 8.0 10.0 11.0 240.0 170.0 106.0 10.0 19.0 19.0 8.0 10.0 10.0 192.0 156.0 108.0 173.0 155.0 108.0 9.0 14.0 14.0 8.0 9.0 10.0 329.0 166.0 109.0 13.0 26.0 23.0 7.0 11.0 10.0 341.0 187.0 131.0 68.0 64.0 61.0 8.0 11.0 11.0 334.0 160.0 111.0 13.0 23.0 24.0 7.0 10.0 10.0 173.0 145.0 113.0 182.0 151.0 105.0 10.0 27.0 15.0 7.0 10.0 15.0 380.0 169.0 111.0 31.0 43.0 43.0 7.0 10.0 10.0 364.0 189.0 111.0 16.0 31.0 34.0 7.0 11.0 10.0 312.0 164.0 135.0 62.0 76.0 69.0 11.0 11.0 11.0
49 47 1 TRACE 3968.0 3496.0 1721.0 1066.0 325.0 337.0 266.0 261.0 3063.0 2328.0 567.0 558.0 274.0 263.0 3574.0 3149.0 1158.0 890.0 279.0 274.0 269.0 261.0 2813.0 2161.0 592.0 692.0 567.0 433.0 3554.0 3032.0 1901.0 1095.0 290.0 288.0 253.0 252.0 2609.0 2092.0 391.0 377.0 255.0 259.0 3155.0 2635.0 723.0 643.0 256.0 264.0 2471.0 1958.0 322.0 314.0 256.0 253.0 3290.0 2772.0 1572.0 965.0 272.0 272.0 259.0 253.0 3350.0 3019.0 1978.0 1155.0 298.0 296.0 252.0 253.0 3292.0 2986.0 1981.0 1135.0 295.0 289.0 255.0 255.0 3290.0 2875.0 1707.0 1042.0 285.0 277.0 255.0 259.0 2458.0 1965.0 331.0 323.0 253.0 256.0 3354.0 2995.0 1918.0 1126.0 293.0 290.0 254.0 253.0 3267.0 2708.0 1563.0 938.0 273.0 271.0 254.0 252.0 3294.0 3038.0 1876.0 1184.0 296.0 294.0 252.0 261.0 3163.0 2800.0 1056.0 773.0 260.0 263.0 3235.0 2739.0 1339.0 891.0 270.0 267.0 252.0 252.0 3283.0 3013.0 1890.0 1167.0 301.0 301.0 252.0 252.0 3148.0 2750.0 1144.0 814.0 263.0 263.0 3340.0 3020.0 1933.0 1147.0 298.0 295.0 254.0 252.0 3196.0 2764.0 1139.0 809.0 264.0 263.0 3149.0 2775.0 1083.0 807.0 267.0 265.0 2481.0 1957.0 368.0 344.0 253.0 253.0 2941.0 2341.0 556.0 536.0 256.0 258.0 2992.0 2393.0 595.0 557.0 254.0 262.0 3142.0 2769.0 1059.0 796.0 262.0 264.0 2587.0 2026.0 402.0 392.0 255.0 261.0 3228.0 2815.0 1120.0 805.0 262.0 264.0 3318.0 3097.0 1950.0 1163.0 301.0 299.0 258.0 253.0 2766.0 2197.0 475.0 457.0 254.0 255.0 3140.0 2537.0 680.0 687.0 259.0 258.0 3234.0 2744.0 1550.0 967.0 272.0 275.0 253.0 252.0 3065.0 2448.0 633.0 594.0 257.0 257.0 2923.0 2296.0 563.0 540.0 262.0 259.0 2570.0 2008.0 389.0 380.0 254.0 253.0 2686.0 2139.0 455.0 449.0 255.0 259.0 2677.0 2059.0 401.0 387.0 254.0 254.0 2929.0 2356.0 571.0 558.0 255.0 254.0 3039.0 2409.0 599.0 572.0 256.0 256.0 3378.0 3014.0 1905.0 1138.0 297.0 298.0 261.0 252.0 3265.0 2771.0 1609.0 980.0 275.0 270.0 264.0 252.0 3116.0 2506.0 703.0 631.0 257.0 257.0 2440.0 1919.0 346.0 336.0 255.0 253.0 3305.0 2810.0 1006.0 757.0 263.0 265.0 2468.0 1961.0 344.0 339.0 255.0 253.0 2831.0 2287.0 522.0 505.0 260.0 258.0 3164.0 2588.0 697.0 636.0 262.0 258.0 3228.0 2777.0 1516.0 954.0 273.0 271.0 251.0 253.0 2831.0 2223.0 535.0 505.0 255.0 255.0 3179.0 2514.0 670.0 605.0 256.0 257.0 3187.0 2759.0 938.0 744.0 259.0 261.0 3227.0 2699.0 800.0 693.0 257.0 258.0 3127.0 2552.0 697.0 637.0 258.0 257.0 2710.0 2118.0 471.0 458.0 255.0 256.0 2428.0 1928.0 344.0 336.0 254.0 253.0 3329.0 3038.0 2007.0 1184.0 301.0 297.0 252.0 267.0 2589.0 2009.0 403.0 395.0 260.0 254.0 3235.0 2793.0 876.0 728.0 266.0 263.0 2629.0 2066.0 411.0 394.0 252.0 252.0 3335.0 3071.0 1989.0 1171.0 298.0 305.0 252.0 251.0 3089.0 2459.0 623.0 584.0 255.0 256.0 2804.0 2164.0 488.0 480.0 255.0 254.0 3178.0 2776.0 1056.0 787.0 264.0 262.0
49 50 1 TRACE 135.0 238.0 63.0 32.0 130.0 54.0 30.0 294.0 319.0 77.0 70.0 128.0 51.0 54.0 126.0 117.0 76.0 45.0 127.0 47.0 111.0 130.0 72.0 94.0 120.0 35.0 34.0 196.0 111.0 36.0 65.0 170.0 116.0 31.0 112.0 296.0 1165.0 133.0 120.0 202.0 112.0 32.0 97.0 120.0 82.0 30.0 251.0 116.0 40.0 105.0 201.0 104.0 90.0 71.0 163.0 116.0 93.0 96.0 133.0 88.0 33.0 128.0 102.0 31.0 109.0 196.0 118.0 36.0 49.0 129.0 93.0 46.0 210.0 116.0 33.0 90.0 130.0 94.0 41.0 231.0 93.0 35.0 131.0 36.0 83.0 128.0 58.0 31.0 129.0 61.0 79.0 131.0 726.0 34.0 128.0 40.0 109.0 132.0 92.0 102.0 143.0 117.0 47.0 98.0 130.0 46.0 102.0 129.0 69.0 31.0 130.0 107.0 39.0 35.0 130.0 66.0 36.0 130.0 57.0 53.0 126.0 50.0 30.0 128.0 46.0 29.0 125.0 68.0 35.0 128.0 59.0 37.0 134.0 63.0 30.0 126.0 118.0 33.0 31.0 137.0 106.0 49.0 29.0 132.0 70.0 37.0 123.0 37.0 29.0 132.0 87.0 63.0 124.0 35.0 31.0 130.0 52.0 30.0 128.0 69.0 30.0 127.0 108.0 37.0 30.0 128.0 52.0 35.0 128.0 71.0 30.0 144.0 84.0 48.0 128.0 77.0 48.0 131.0 75.0 37.0 128.0 46.0 30.0 122.0 35.0 30.0 124.0 118.0 44.0 29.0 126.0 40.0 30.0 135.0 81.0 30.0 125.0 42.0 35.0 127.0 125.0 37.0 32.0 129.0 64.0 44.0 127.0 51.0 35.0 130.0 90.0 34.0
50 25 1 TRACE 33.0 23.0 21.0 35.0 22.0 22.0 26.0 21.0 21.0 22.0 22.0 21.0 22.0 23.0 21.0 22.0 30.0 21.0 22.0 32.0 22.0 31.0 30.0 29.0 23.0 26.0 33.0 22.0 32.0 22.0 23.0 26.0 21.0 24.0 23.0 21.0 21.0 22.0 23.0 25.0 24.0 21.0 26.0 21.0 29.0 21.0 23.0 25.0 22.0 23.0 23.0 30.0 27.0 26.0 23.0 21.0 22.0 21.0 28.0 106.0 22.0 24.0 23.0 31.0
50 41 1 TRACE 10.0 9.0 9.0 9.0 8.0 9.0 8.0 8.0 9.0 9.0 9.0 8.0 8.0 9.0 9.0 9.0 9.0 9.0 8.0 9.0 8.0 8.0 9.0 9.0 8.0 9.0 9.0 8.0 9.0 9.0 9.0 9.0 8.0 9.0 9.0 9.0 9.0 9.0 9.0 9.0 8.0 9.0 8.0 8.0 9.0 9.0 9.0 10.0 9.0 8.0 9.0 8.0 9.0 8.0 8.0 9.0 9.0 9.0 9.0 9.0 8.0 9.0 9.0 9.0 9.0 9.0 9.0 9.0 8.0 9.0 9.0 8.0 8.0 9.0 8.0 9.0 9.0 9.0 9.0 9.0 10.0 9.0 8.0 9.0 8.0 9.0 9.0 9.0 8.0 8.0 9.0 9.0 8.0 12.0 9.0 9.0 9.0 8.0 10.0 9.0 9.0 9.0 9.0 9.0 9.0 9.0 9.0 9.0 8.0 9.0 9.0 9.0 9.0 9.0 9.0 9.0 9.0 8.0 9.0 9.0 9.0 9.0 8.0 9.0 9.0 8.0 9.0 9.0 8.0 8.0 9.0 9.0 8.0 9.0 9.0 9.0 8.0 9.0 9.0 9.0 9.0 9.0 9.0 8.0 9.0 9.0 8.0 9.0
51 52 1 TRACE 4612.0 4463.0 4553.0 5389.0 4543.0 4335.0 4435.0 4395.0 4504.0 4534.0 4535.0 4476.0 4419.0 4519.0 4487.0 4512.0 4425.0 4473.0 4535.0 4417.0 4525.0 4427.0 4418.0 4318.0 4338.0 4274.0 4444.0 4285.0 4448.0 4524.0 4270.0 4339.0 4492.0 4294.0 4257.0 4300.0 5651.0 4313.0 4299.0 4279.0 4612.0 4486.0 4325.0 4310.0 4407.0 4301.0 4273.0 4342.0 4483.0 4272.0 4366.0 4378.0 4345.0 4347.0 4283.0 4320.0 4495.0 4286.0 4396.0 4287.0 4544.0 4281.0 4319.0 4419.0
52 53 1 TRACE 98.0 94.0 91.0 140.0 97.0 154.0 113.0 91.0 91.0 92.0 93.0 91.0 94.0 92.0 91.0 91.0 91.0 90.0 90.0 92.0 93.0 92.0 92.0 91.0 92.0 91.0 91.0 92.0 92.0 92.0 91.0 90.0 90.0 92.0 90.0 91.0 193.0 90.0 90.0 91.0 93.0 93.0 92.0 118.0 90.0 96.0 90.0 90.0 91.0 94.0 91.0 91.0 94.0 91.0 90.0 92.0 182.0 94.0 174.0 91.0 90.0 91.0 91.0 100.0
53 54 1 TRACE 30.0 22.0 25.0 22.0 24.0 23.0 23.0 18.0 19.0 20.0 20.0 19.0 16.0 20.0 20.0 21.0 21.0 20.0 20.0 20.0 23.0 18.0 19.0 18.0 20.0 19.0 19.0 19.0 21.0 19.0 17.0 20.0 20.0 18.0 20.0 20.0 20.0 22.0 20.0 21.0 23.0 23.0 20.0 22.0 21.0 18.0 21.0 22.0 24.0 17.0 17.0 16.0 17.0 16.0 18.0 17.0 18.0 87.0 20.0 18.0 18.0 17.0 15.0 17.0
54 55 1 TRACE 50.0 24.0 25.0 32.0 29.0 25.0 25.0 24.0 25.0 24.0 25.0 24.0 24.0 25.0 25.0 26.0 25.0 24.0 25.0 24.0 25.0 25.0 25.0 23.0 24.0 23.0 25.0 24.0 23.0 26.0 24.0 24.0 25.0 24.0 23.0 23.0 37.0 24.0 24.0 24.0 26.0 26.0 25.0 24.0 26.0 23.0 24.0 25.0 25.0 23.0 23.0 24.0 23.0 24.0 24.0 24.0 26.0 25.0 25.0 23.0 24.0 24.0 23.0 24.0
55 56 1 TRACE 12.0 8.0 8.0 9.0 8.0 8.0 8.0 8.0 8.0 7.0 7.0 7.0 8.0 7.0 7.0 8.0 7.0 7.0 7.0 7.0 8.0 7.0 8.0 8.0 8.0 7.0 7.0 8.0 7.0 7.0 7.0 8.0 8.0 7.0 8.0 7.0 8.0 7.0 7.0 7.0 7.0 8.0 8.0 8.0 7.0 8.0 8.0 7.0 8.0 8.0 7.0 7.0 7.0 8.0 7.0 8.0 8.0 8.0 7.0 8.0 8.0 8.0 7.0 8.0
56 57 1 TRACE 11.0 8.0 7.0 8.0 7.0 7.0 8.0 7.0 7.0 8.0 7.0 8.0 7.0 8.0 7.0 8.0 8.0 8.0 7.0 7.0 7.0 7.0 7.0 8.0 7.0 7.0 8.0 7.0 8.0 8.0 7.0 7.0 7.0 7.0 7.0 7.0 8.0 7.0 7.0 8.0 7.0 7.0 7.0 7.0 8.0 7.0 7.0 7.0 7.0 7.0 7.0 7.0 7.0 8.0 7.0 7.0 7.0 7.0 8.0 7.0 7.0 7.0 7.0 7.0
57 58 1 TRACE 22.0 7.0 11.0 9.0 7.0 7.0 8.0 7.0 7.0 8.0 7.0 8.0 7.0 7.0 7.0 7.0 7.0 8.0 7.0 7.0 7.0 7.0 7.0 8.0 7.0 7.0 6.0 7.0 7.0 8.0 7.0 6.0 7.0 7.0 7.0 7.0 7.0 7.0 7.0 7.0 8.0 7.0 7.0 7.0 7.0 7.0 7.0 8.0 7.0 8.0 7.0 8.0 7.0 8.0 7.0 7.0 7.0 7.0 8.0 7.0 7.0 7.0 7.0 7.0
58 59 1 TRACE 17.0 24.0 10.0 10.0 8.0 9.0 9.0 8.0 8.0 8.0 9.0 9.0 8.0 8.0 9.0 9.0 9.0 9.0 9.0 9.0 9.0 9.0 8.0 9.0 8.0 9.0 9.0 8.0 9.0 9.0 8.0 9.0 9.0 8.0 9.0 8.0 9.0 9.0 8.0 8.0 9.0 9.0 9.0 8.0 9.0 9.0 9.0 9.0 9.0 8.0 9.0 9.0 9.0 8.0 8.0 8.0 8.0 9.0 9.0 8.0 8.0 8.0 9.0 9.0
59 60 1 TRACE 20.0 8.0 19.0 8.0 19.0 19.0 19.0 19.0 7.0 7.0 7.0 19.0 19.0 19.0 19.0 19.0 7.0 8.0 19.0 6.0 19.0 18.0 7.0 7.0 7.0 19.0 19.0 19.0 19.0 19.0 7.0 8.0 18.0 19.0 7.0 19.0 7.0 19.0 7.0 19.0 19.0 19.0 19.0 19.0 19.0 19.0 19.0 7.0 19.0 19.0 8.0 7.0 7.0 7.0 19.0 19.0 19.0 19.0 19.0 19.0 19.0 19.0 19.0 18.0
60 61 1 TRACE 9.0 7.0 7.0 8.0 7.0 8.0 7.0 7.0 19.0 19.0 19.0 8.0 8.0 8.0 7.0 8.0 7.0 19.0 8.0 20.0 8.0 8.0 19.0 19.0 19.0 7.0 8.0 8.0 8.0 7.0 7.0 7.0 8.0 7.0 8.0 7.0 7.0 7.0 7.0 8.0 8.0 7.0 8.0 8.0 7.0 7.0 7.0 8.0 7.0 7.0 8.0 7.0 8.0 8.0 8.0 7.0 7.0 7.0 7.0 7.0 8.0 7.0 8.0 8.0
61 62 1 TRACE 17.0 8.0 8.0 8.0 8.0 8.0 7.0 8.0 7.0 7.0 7.0 7.0 8.0 8.0 8.0 8.0 19.0 7.0 7.0 7.0 7.0 7.0 8.0 7.0 7.0 7.0 7.0 7.0 7.0 8.0 19.0 19.0 8.0 7.0 7.0 8.0 7.0 7.0 8.0 7.0 8.0 7.0 7.0 8.0 7.0 7.0 8.0 7.0 7.0 7.0 7.0 8.0 7.0 7.0 8.0 7.0 8.0 7.0 8.0 7.0 8.0 8.0 7.0 7.0
62 1 1 TRACE 34.0 26.0 26.0 25.0 25.0 33.0 21.0 21.0 21.0 21.0 23.0 21.0 21.0 21.0 23.0 21.0 21.0 21.0 21.0 21.0 21.0 22.0 21.0 21.0 21.0 33.0 22.0 32.0 33.0 33.0 22.0 21.0 22.0 22.0 21.0 21.0 47.0 22.0 22.0 21.0 21.0 21.0 21.0 21.0 21.0 33.0 21.0 21.0 21.0 22.0 22.0 22.0 22.0 21.0 21.0 22.0 21.0 21.0 22.0 21.0 21.0 21.0 22.0
