0 1 1 TRACE 1672852472724046.0
1 2 1 TRACE 10263.0 19.0 18.0 18.0 19.0 18.0 17.0 18.0 39.0 18.0 17.0 18.0 18.0 19.0 18.0 18.0 18.0 18.0 18.0 18.0 18.0 19.0 19.0 18.0 18.0 18.0 18.0 18.0 18.0 19.0 18.0 18.0 18.0 17.0 18.0 18.0 19.0 19.0 18.0 19.0 19.0 17.0 18.0 19.0 18.0 17.0 17.0 19.0 19.0 17.0 17.0 18.0 17.0 18.0 19.0 18.0 19.0 19.0 18.0 19.0 19.0 18.0 18.0 18.0
2 3 1 TRACE 725.0 21.0 20.0 21.0 23.0 21.0 21.0 21.0 22.0 21.0 21.0 21.0 21.0 21.0 22.0 21.0 21.0 21.0 25.0 26.0 21.0 21.0 21.0 20.0 21.0 21.0 21.0 21.0 22.0 21.0 21.0 21.0 21.0 27.0 20.0 24.0 20.0 21.0 20.0 20.0 21.0 22.0 21.0 21.0 21.0 22.0 21.0 21.0 21.0 24.0 21.0 21.0 22.0 21.0 20.0 21.0 20.0 20.0 20.0 32.0 20.0 21.0 21.0 21.0
3 4 1 TRACE 31.0 14.0 14.0 15.0 15.0 14.0 14.0 13.0 15.0 14.0 14.0 14.0 14.0 14.0 15.0 14.0 15.0 14.0 14.0 44.0 14.0 14.0 48.0 13.0 14.0 14.0 15.0 14.0 14.0 14.0 15.0 15.0 14.0 16.0 13.0 13.0 14.0 17.0 14.0 14.0 14.0 14.0 14.0 14.0 14.0 15.0 14.0 14.0 14.0 19.0 14.0 14.0 15.0 14.0 14.0 14.0 14.0 14.0 14.0 14.0 14.0 19.0 14.0 15.0
4 5 1 TRACE 16.0 10.0 11.0 11.0 11.0 11.0 11.0 11.0 11.0 51.0 10.0 11.0 11.0 10.0 10.0 11.0 11.0 11.0 11.0 11.0 10.0 11.0 14.0 11.0 11.0 11.0 10.0 10.0 11.0 11.0 11.0 11.0 11.0 11.0 10.0 10.0 11.0 11.0 11.0 10.0 11.0 10.0 11.0 11.0 10.0 10.0 11.0 11.0 18.0 11.0 10.0 11.0 11.0 10.0 10.0 11.0 11.0 11.0 11.0 11.0 11.0 11.0 11.0 11.0
5 6 1 TRACE 37.0 16.0 15.0 15.0 16.0 16.0 15.0 16.0 17.0 15.0 15.0 15.0 15.0 16.0 16.0 15.0 13.0 12.0 12.0 14.0 13.0 12.0 13.0 13.0 13.0 13.0 13.0 13.0 13.0 12.0 12.0 13.0 13.0 13.0 13.0 13.0 12.0 13.0 18.0 13.0 12.0 13.0 12.0 13.0 13.0 13.0 12.0 12.0 14.0 13.0 13.0 12.0 12.0 13.0 13.0 12.0 12.0 12.0 13.0 12.0 12.0 12.0 12.0 12.0
6 7 1 TRACE 17.0 11.0 12.0 12.0 12.0 11.0 12.0 11.0 12.0 12.0 12.0 11.0 11.0 12.0 11.0 12.0 10.0 10.0 10.0 10.0 10.0 10.0 10.0 11.0 10.0 10.0 10.0 10.0 10.0 10.0 11.0 51.0 9.0 9.0 10.0 10.0 9.0 10.0 9.0 9.0 9.0 9.0 9.0 8.0 8.0 8.0 9.0 9.0 9.0 9.0 9.0 9.0 9.0 9.0 9.0 9.0 9.0 9.0 9.0 9.0 9.0 9.0 9.0 9.0
7 8 1 TRACE 16.0 11.0 12.0 12.0 13.0 11.0 12.0 12.0 12.0 12.0 12.0 12.0 11.0 12.0 13.0 12.0 10.0 10.0 10.0 10.0 11.0 10.0 11.0 11.0 10.0 10.0 10.0 10.0 9.0 11.0 18.0 10.0 10.0 10.0 11.0 11.0 12.0 10.0 9.0 10.0 10.0 10.0 10.0 10.0 10.0 10.0 10.0 10.0 9.0 11.0 10.0 10.0 10.0 9.0 9.0 10.0 9.0 10.0 9.0 10.0 9.0 11.0 10.0 9.0
8 9 1 TRACE 15.0 11.0 11.0 11.0 13.0 12.0 12.0 12.0 12.0 11.0 11.0 12.0 11.0 12.0 12.0 12.0 11.0 10.0 10.0 10.0 11.0 10.0 11.0 11.0 11.0 10.0 10.0 10.0 10.0 10.0 12.0 9.0 10.0 10.0 11.0 10.0 10.0 10.0 9.0 11.0 10.0 11.0 10.0 10.0 11.0 11.0 10.0 10.0 9.0 11.0 10.0 10.0 10.0 10.0 12.0 10.0 10.0 11.0 10.0 11.0 10.0 10.0 10.0 11.0
9 10 1 TRACE 37.0 18.0 18.0 18.0 41.0 18.0 18.0 18.0 19.0 18.0 17.0 18.0 17.0 18.0 18.0 18.0 17.0 17.0 17.0 19.0 17.0 17.0 45.0 17.0 17.0 18.0 17.0 17.0 17.0 16.0 17.0 54.0 18.0 17.0 17.0 17.0 17.0 18.0 19.0 17.0 18.0 17.0 17.0 17.0 17.0 52.0 17.0 17.0 18.0 17.0 17.0 17.0 17.0 17.0 17.0 17.0 17.0 17.0 17.0 17.0 17.0 17.0 17.0 17.0
10 11 1 TRACE 16.0 12.0 13.0 13.0 12.0 12.0 12.0 13.0 13.0 12.0 13.0 12.0 12.0 12.0 12.0 12.0 13.0 12.0 13.0 13.0 13.0 12.0 13.0 13.0 12.0 12.0 12.0 12.0 13.0 12.0 13.0 12.0 12.0 12.0 13.0 12.0 13.0 12.0 14.0 13.0 13.0 13.0 13.0 12.0 12.0 12.0 12.0 12.0 13.0 12.0 13.0 12.0 12.0 13.0 13.0 12.0 13.0 13.0 13.0 13.0 12.0 13.0 13.0 13.0
11 12 1 TRACE 16.0 12.0 13.0 12.0 12.0 12.0 12.0 12.0 13.0 12.0 12.0 12.0 12.0 12.0 12.0 12.0 12.0 12.0 12.0 29.0 12.0 13.0 37.0 12.0 13.0 12.0 12.0 12.0 13.0 13.0 12.0 12.0 12.0 12.0 12.0 12.0 12.0 12.0 13.0 12.0 13.0 12.0 13.0 13.0 12.0 13.0 12.0 13.0 12.0 12.0 13.0 13.0 13.0 12.0 13.0 12.0 12.0 12.0 13.0 12.0 12.0 12.0 13.0 13.0
12 13 1 TRACE 15.0 12.0 12.0 12.0 12.0 12.0 12.0 12.0 12.0 12.0 30.0 12.0 34.0 11.0 12.0 12.0 12.0 11.0 46.0 23.0 12.0 13.0 23.0 12.0 12.0 11.0 12.0 12.0 12.0 12.0 12.0 35.0 11.0 12.0 12.0 12.0 11.0 12.0 12.0 12.0 12.0 11.0 12.0 11.0 12.0 12.0 12.0 12.0 12.0 12.0 44.0 12.0 13.0 12.0 20.0 12.0 12.0 12.0 12.0 12.0 12.0 11.0 12.0 12.0
13 14 1 TRACE 19.0 9.0 9.0 9.0 10.0 10.0 10.0 9.0 10.0 10.0 10.0 10.0 10.0 10.0 10.0 10.0 10.0 10.0 10.0 9.0 9.0 10.0 9.0 10.0 10.0 9.0 10.0 9.0 10.0 9.0 9.0 9.0 9.0 10.0 10.0 10.0 10.0 9.0 10.0 10.0 10.0 10.0 9.0 10.0 9.0 10.0 10.0 9.0 10.0 9.0 10.0 9.0 10.0 10.0 10.0 9.0 9.0 10.0 9.0 10.0 10.0 9.0 10.0 10.0
14 15 1 TRACE 19.0 12.0 12.0 12.0 27.0 11.0 11.0 11.0 23.0 36.0 11.0 11.0 28.0 12.0 11.0 12.0 12.0 11.0 49.0 11.0 11.0 11.0 10.0 12.0 11.0 12.0 11.0 11.0 12.0 12.0 12.0 11.0 12.0 22.0 11.0 12.0 12.0 12.0 28.0 11.0 11.0 12.0 11.0 11.0 12.0 47.0 11.0 11.0 25.0 13.0 12.0 11.0 11.0 11.0 38.0 11.0 12.0 11.0 12.0 11.0 11.0 12.0 11.0 11.0
15 16 1 TRACE 12.0 8.0 9.0 9.0 20.0 9.0 9.0 9.0 24.0 8.0 9.0 9.0 22.0 9.0 9.0 9.0 15.0 9.0 9.0 8.0 9.0 9.0 8.0 9.0 9.0 9.0 9.0 8.0 8.0 9.0 9.0 8.0 9.0 8.0 9.0 9.0 9.0 8.0 8.0 9.0 9.0 9.0 9.0 9.0 8.0 8.0 9.0 9.0 8.0 9.0 20.0 9.0 9.0 9.0 8.0 9.0 8.0 9.0 9.0 8.0 9.0 9.0 9.0 9.0
16 17 1 TRACE 25.0 32.0 32.0 37.0 17.0 31.0 33.0 35.0 29.0 17.0 24.0 17.0 19.0 34.0 47.0 34.0 51.0 17.0 17.0 18.0 16.0 17.0 22.0 16.0 17.0 17.0 17.0 16.0 33.0 17.0 34.0 17.0 17.0 18.0 17.0 17.0 17.0 32.0 16.0 17.0 16.0 16.0 16.0 33.0 17.0 17.0 16.0 17.0 16.0 33.0 26.0 17.0 16.0 16.0 28.0 71.0 17.0 16.0 16.0 31.0 16.0 33.0 17.0 16.0
17 18 1 TRACE 16.0 12.0 13.0 24.0 12.0 24.0 12.0 12.0 12.0 11.0 12.0 24.0 13.0 23.0 12.0 12.0 12.0 24.0 12.0 11.0 26.0 24.0 11.0 40.0 23.0 23.0 37.0 38.0 24.0 40.0 12.0 11.0 12.0 11.0 39.0 33.0 39.0 24.0 12.0 39.0 39.0 39.0 28.0 24.0 40.0 12.0 40.0 26.0 11.0 23.0 11.0 27.0 41.0 40.0 11.0 12.0 28.0 24.0 39.0 12.0 40.0 24.0 39.0 40.0
18 19 1 TRACE 15.0 11.0 11.0 11.0 11.0 11.0 11.0 11.0 12.0 11.0 41.0 13.0 13.0 11.0 11.0 11.0 12.0 23.0 11.0 19.0 23.0 11.0 12.0 12.0 23.0 23.0 12.0 12.0 11.0 12.0 11.0 12.0 35.0 11.0 12.0 39.0 13.0 12.0 12.0 13.0 13.0 13.0 12.0 11.0 12.0 11.0 12.0 12.0 11.0 11.0 12.0 13.0 12.0 12.0 11.0 11.0 13.0 23.0 12.0 11.0 13.0 11.0 13.0 13.0
19 20 1 TRACE 16.0 12.0 11.0 11.0 12.0 12.0 12.0 12.0 12.0 12.0 15.0 13.0 14.0 12.0 12.0 12.0 12.0 12.0 11.0 12.0 11.0 11.0 14.0 12.0 12.0 12.0 12.0 11.0 12.0 11.0 11.0 12.0 12.0 12.0 11.0 12.0 12.0 12.0 12.0 11.0 12.0 11.0 11.0 11.0 11.0 11.0 11.0 11.0 12.0 12.0 11.0 12.0 11.0 11.0 12.0 12.0 12.0 12.0 12.0 11.0 11.0 12.0 12.0 12.0
20 21 1 TRACE 16.0 12.0 11.0 11.0 12.0 11.0 12.0 12.0 11.0 11.0 13.0 12.0 13.0 12.0 12.0 11.0 12.0 12.0 11.0 11.0 11.0 12.0 12.0 11.0 12.0 12.0 11.0 11.0 12.0 11.0 12.0 11.0 11.0 12.0 11.0 12.0 11.0 11.0 11.0 11.0 11.0 11.0 11.0 11.0 11.0 11.0 11.0 11.0 11.0 11.0 11.0 11.0 11.0 11.0 12.0 12.0 11.0 12.0 13.0 11.0 11.0 11.0 11.0 11.0
21 22 1 TRACE 26.0 10.0 11.0 10.0 11.0 11.0 10.0 11.0 10.0 10.0 10.0 11.0 12.0 11.0 11.0 10.0 11.0 11.0 10.0 11.0 11.0 11.0 11.0 11.0 15.0 11.0 10.0 11.0 11.0 10.0 10.0 11.0 11.0 11.0 11.0 11.0 10.0 10.0 11.0 11.0 10.0 11.0 10.0 10.0 10.0 11.0 11.0 10.0 11.0 10.0 11.0 10.0 11.0 11.0 11.0 11.0 11.0 11.0 11.0 11.0 10.0 10.0 11.0 11.0
22 23 1 TRACE 28.0 19.0 19.0 18.0 19.0 20.0 19.0 19.0 18.0 19.0 18.0 20.0 21.0 19.0 19.0 18.0 19.0 19.0 18.0 18.0 19.0 19.0 22.0 19.0 20.0 18.0 21.0 18.0 19.0 19.0 34.0 20.0 17.0 20.0 21.0 19.0 20.0 18.0 26.0 17.0 18.0 18.0 18.0 19.0 19.0 18.0 19.0 18.0 19.0 19.0 20.0 20.0 18.0 19.0 19.0 59.0 18.0 17.0 19.0 51.0 18.0 20.0 18.0 18.0
23 24 1 TRACE 26.0 15.0 16.0 16.0 19.0 15.0 16.0 18.0 15.0 15.0 16.0 15.0 19.0 17.0 16.0 15.0 17.0 16.0 16.0 16.0 15.0 15.0 17.0 16.0 15.0 17.0 18.0 18.0 16.0 15.0 16.0 16.0 16.0 15.0 18.0 19.0 17.0 16.0 16.0 15.0 17.0 17.0 15.0 23.0 16.0 16.0 15.0 17.0 16.0 17.0 17.0 24.0 16.0 16.0 15.0 16.0 16.0 16.0 15.0 23.0 16.0 16.0 16.0 15.0
24 25 1 TRACE 45.0 17.0 17.0 16.0 18.0 16.0 17.0 17.0 16.0 17.0 17.0 17.0 19.0 17.0 16.0 16.0 17.0 16.0 16.0 17.0 17.0 17.0 16.0 17.0 17.0 16.0 17.0 17.0 16.0 16.0 16.0 17.0 16.0 17.0 17.0 17.0 17.0 17.0 16.0 23.0 17.0 17.0 16.0 19.0 16.0 17.0 16.0 16.0 17.0 17.0 17.0 17.0 16.0 17.0 17.0 17.0 16.0 16.0 17.0 18.0 53.0 17.0 16.0 16.0
25 26 1 TRACE 24.0 9.0 9.0 10.0 10.0 9.0 9.0 10.0 9.0 10.0 9.0 12.0 9.0 10.0 13.0 9.0 9.0 9.0 9.0 12.0 10.0 9.0 9.0 10.0 9.0 9.0 9.0 9.0 9.0 9.0 9.0 10.0 10.0 9.0 10.0 9.0 24.0 9.0 9.0 9.0 9.0 9.0 9.0 10.0 9.0 9.0 9.0 9.0 9.0 10.0 10.0 9.0 10.0 9.0 10.0 10.0 9.0 10.0 10.0 9.0 9.0 9.0 9.0 10.0 9.0 10.0 9.0 9.0 10.0 10.0 9.0 9.0 9.0 9.0 9.0 9.0 9.0 9.0 9.0 9.0 10.0 9.0 9.0 9.0 9.0 9.0 10.0 9.0 10.0 9.0 9.0 9.0 9.0 9.0 9.0 9.0 9.0 10.0 10.0 9.0 9.0 10.0 9.0 9.0 10.0 9.0 9.0 10.0 10.0 9.0 9.0 10.0 9.0 10.0 9.0 9.0 9.0 9.0 9.0 10.0 9.0 9.0 10.0 10.0 9.0 10.0 9.0 9.0 10.0 10.0 9.0 9.0 9.0 10.0 9.0 9.0 9.0 10.0 9.0 9.0 10.0 9.0 9.0 10.0 10.0 9.0 9.0 10.0 10.0 10.0 10.0 9.0 9.0 10.0 9.0 9.0 9.0 9.0 9.0 9.0 10.0 9.0 9.0 10.0 9.0 9.0 10.0 9.0 10.0 10.0 9.0 9.0 9.0 9.0 9.0 9.0 9.0 9.0 9.0 9.0 9.0 9.0 10.0 10.0 10.0 9.0 9.0 9.0 14.0 9.0
26 27 1 TRACE 11.0 8.0 7.0 8.0 7.0 8.0 8.0 8.0 7.0 8.0 7.0 8.0 7.0 8.0 7.0 8.0 8.0 7.0 8.0 8.0 8.0 7.0 7.0 8.0 8.0 7.0 7.0 7.0 8.0 7.0 7.0 8.0 8.0 7.0 8.0 7.0 20.0 7.0 7.0 7.0 7.0 8.0 7.0 8.0 8.0 7.0 7.0 8.0 8.0 8.0 8.0 7.0 8.0 7.0 8.0 8.0 7.0 8.0 8.0 8.0 7.0 8.0 8.0 8.0 7.0 8.0 8.0 7.0 8.0 8.0 7.0 7.0 7.0 8.0 8.0 7.0 8.0 7.0 7.0 8.0 8.0 7.0 7.0 8.0 8.0 8.0 8.0 7.0 8.0 7.0 8.0 7.0 7.0 7.0 8.0 7.0 7.0 8.0 8.0 8.0 7.0 8.0 7.0 7.0 8.0 7.0 8.0 8.0 8.0 7.0 7.0 8.0 7.0 7.0 7.0 8.0 7.0 8.0 8.0 8.0 8.0 8.0 8.0 8.0 7.0 8.0 8.0 8.0 8.0 8.0 8.0 7.0 7.0 8.0 8.0 8.0 7.0 8.0 7.0 8.0 8.0 7.0 7.0 8.0 7.0 8.0 7.0 8.0 8.0 8.0 8.0 8.0 7.0 8.0 8.0 7.0 8.0 8.0 7.0 8.0 8.0 8.0 8.0 8.0 7.0 7.0 8.0 7.0 7.0 8.0 8.0 8.0 7.0 8.0 7.0 8.0 7.0 7.0 7.0 11.0 8.0 7.0 8.0 8.0 8.0 7.0 8.0 8.0 8.0 8.0
27 28 1 TRACE 11.0 8.0 8.0 7.0 7.0 7.0 7.0 7.0 7.0 7.0 8.0 8.0 7.0 7.0 7.0 8.0 8.0 8.0 7.0 8.0 8.0 7.0 7.0 7.0 8.0 8.0 7.0 7.0 8.0 8.0 8.0 7.0 8.0 7.0 7.0 8.0 8.0 8.0 8.0 7.0 8.0 7.0 7.0 8.0 8.0 8.0 8.0 8.0 8.0 7.0 7.0 8.0 8.0 7.0 8.0 8.0 7.0 7.0 8.0 7.0 8.0 8.0 8.0 8.0 8.0 7.0 7.0 7.0 8.0 8.0 7.0 7.0 8.0 8.0 8.0 8.0 7.0 7.0 7.0 8.0 8.0 8.0 7.0 8.0 8.0 8.0 8.0 7.0 7.0 7.0 7.0 8.0 7.0 8.0 7.0 7.0 7.0 7.0 8.0 7.0 7.0 8.0 8.0 8.0 8.0 7.0 7.0 8.0 8.0 8.0 8.0 7.0 7.0 8.0 8.0 8.0 8.0 7.0 7.0 8.0 8.0 14.0 7.0 7.0 7.0 8.0 8.0 8.0 7.0 7.0 8.0 8.0 8.0 7.0 7.0 7.0 7.0 8.0 7.0 8.0 8.0 8.0 7.0 8.0 8.0 8.0 7.0 8.0 7.0 7.0 8.0 8.0 7.0 7.0 8.0 8.0 8.0 7.0 8.0 8.0 7.0 7.0 8.0 8.0 8.0 8.0 7.0 8.0 7.0 8.0 8.0 8.0 7.0 8.0 7.0 7.0 7.0 7.0 7.0 7.0 7.0 7.0 7.0 7.0 8.0 8.0 7.0 7.0 8.0 8.0
28 29 1 TRACE 13.0 9.0 9.0 9.0 9.0 10.0 9.0 9.0 9.0 9.0 9.0 11.0 10.0 9.0 10.0 9.0 9.0 9.0 8.0 10.0 9.0 10.0 9.0 9.0 9.0 9.0 9.0 9.0 9.0 9.0 9.0 9.0 9.0 9.0 9.0 9.0 10.0 9.0 9.0 9.0 9.0 8.0 9.0 10.0 9.0 9.0 9.0 9.0 9.0 9.0 9.0 9.0 9.0 9.0 9.0 9.0 9.0 9.0 10.0 9.0 9.0 9.0 9.0 9.0 9.0 9.0 10.0 9.0 9.0 9.0 9.0 9.0 9.0 9.0 9.0 9.0 10.0 9.0 9.0 9.0 9.0 9.0 9.0 9.0 13.0 9.0 9.0 9.0 8.0 9.0 8.0 9.0 9.0 9.0 9.0 9.0 9.0 9.0 9.0 9.0 9.0 10.0 9.0 9.0 10.0 9.0 8.0 9.0 9.0 9.0 9.0 9.0 10.0 9.0 9.0 9.0 9.0 10.0 9.0 9.0 9.0 10.0 8.0 9.0 9.0 9.0 9.0 9.0 9.0 9.0 9.0 9.0 9.0 9.0 8.0 10.0 9.0 9.0 9.0 9.0 9.0 9.0 9.0 9.0 9.0 9.0 9.0 9.0 9.0 9.0 9.0 9.0 9.0 8.0 9.0 9.0 9.0 9.0 9.0 9.0 9.0 8.0 9.0 9.0 9.0 9.0 8.0 9.0 8.0 9.0 9.0 9.0 9.0 9.0 9.0 9.0 9.0 9.0 9.0 10.0 9.0 9.0 8.0 9.0 9.0 9.0 8.0 8.0 9.0 9.0
29 30 1 TRACE 24.0 18.0 18.0 19.0 20.0 39.0 19.0 19.0 19.0 20.0 21.0 14.0 18.0 20.0 13.0 20.0 20.0 21.0 20.0 13.0 19.0 18.0 21.0 19.0 19.0 19.0 18.0 20.0 18.0 19.0 19.0 61.0 12.0 31.0 21.0 20.0 27.0 21.0 20.0 19.0 31.0 20.0 21.0 15.0 16.0 20.0 20.0 16.0 20.0 98.0 19.0 19.0 17.0 19.0 19.0 17.0 20.0 21.0 18.0 19.0 20.0 20.0 19.0 22.0 19.0 19.0 19.0 64.0 19.0 19.0 18.0 19.0 19.0 19.0 20.0 20.0 20.0 19.0 96.0 29.0 18.0 18.0 19.0 37.0 14.0 20.0 64.0 20.0 20.0 19.0 19.0 21.0 18.0 20.0 53.0 21.0 19.0 20.0 16.0 19.0 20.0 17.0 19.0 20.0 17.0 19.0 19.0 19.0 16.0 20.0 21.0 20.0 17.0 16.0 19.0 19.0 19.0 18.0 19.0 58.0 22.0 13.0 19.0 18.0 19.0 19.0 20.0 58.0 18.0 18.0 19.0 19.0 19.0 19.0 20.0 20.0 19.0 20.0 20.0 19.0 19.0 20.0 18.0 20.0 19.0 19.0 21.0 28.0 20.0 21.0 20.0 19.0 20.0 19.0 20.0 21.0 20.0 19.0 20.0 20.0 20.0 20.0 20.0 20.0 20.0 19.0 19.0 19.0 17.0 19.0 19.0 21.0 19.0 21.0 18.0 17.0 19.0 18.0 63.0 14.0 20.0 21.0 20.0 17.0 20.0 19.0 64.0 18.0 12.0 26.0
30 31 1 TRACE 21.0 15.0 8.0 11.0 12.0 13.0 8.0 11.0 12.0 11.0 11.0 12.0 12.0 12.0 8.0 12.0 12.0 8.0 11.0 11.0 11.0 12.0 8.0 11.0 8.0 11.0 12.0 12.0 11.0 11.0 13.0 11.0 13.0 8.0 11.0 12.0 19.0 11.0 8.0 12.0 8.0 9.0 8.0 13.0 13.0 8.0 12.0 12.0 8.0 11.0 9.0 11.0 19.0 9.0 11.0 9.0 8.0 9.0 12.0 11.0 8.0 8.0 8.0 9.0 8.0 11.0 12.0 12.0 11.0 8.0 11.0 12.0 12.0 11.0 11.0 11.0 11.0 8.0 12.0 12.0 12.0 9.0 11.0 11.0 8.0 11.0 11.0 12.0 11.0 11.0 9.0 11.0 12.0 12.0 12.0 12.0 9.0 12.0 12.0 11.0 8.0 12.0 8.0 12.0 12.0 9.0 8.0 11.0 9.0 9.0 11.0 11.0 9.0 12.0 11.0 11.0 11.0 12.0 11.0 47.0 8.0 12.0 12.0 11.0 11.0 11.0 11.0 11.0 8.0 12.0 11.0 9.0 11.0 11.0 12.0 11.0 11.0 11.0 11.0 12.0 8.0 8.0 12.0 11.0 12.0 11.0 9.0 12.0 11.0 11.0 8.0 11.0 12.0 8.0 9.0 11.0 17.0 11.0 11.0 11.0 8.0 11.0 11.0 11.0 10.0 11.0 9.0 11.0 9.0 8.0 12.0 11.0 12.0 11.0 11.0 8.0 9.0 8.0 12.0 12.0 11.0 9.0 8.0 11.0 8.0 11.0 12.0 8.0 11.0 11.0
31 32 1 TRACE 15.0 11.0 11.0 10.0 12.0 11.0 11.0 10.0 10.0 10.0 10.0 11.0 11.0 11.0 11.0 11.0 10.0 10.0 10.0 11.0 10.0 11.0 11.0 10.0 11.0 10.0 11.0 11.0 11.0 10.0 11.0 11.0 12.0 11.0 10.0 11.0 10.0 10.0 11.0 11.0 10.0 10.0 10.0 11.0 11.0 10.0 11.0 11.0 11.0 10.0 10.0 10.0 10.0 10.0 10.0 11.0 10.0 10.0 11.0 11.0 10.0 10.0 10.0 10.0 10.0 10.0 11.0 11.0 11.0 11.0 11.0 11.0 11.0 11.0 10.0 10.0 12.0 11.0 10.0 12.0 11.0 10.0 11.0 11.0 11.0 10.0 10.0 10.0 11.0 11.0 10.0 11.0 12.0 11.0 11.0 11.0 10.0 11.0 11.0 10.0 10.0 11.0 10.0 11.0 10.0 10.0 10.0 10.0 11.0 10.0 11.0 10.0 10.0 11.0 11.0 11.0 10.0 11.0 11.0 11.0 11.0 11.0 11.0 10.0 11.0 10.0 10.0 11.0 15.0 11.0 11.0 10.0 10.0 11.0 11.0 11.0 11.0 10.0 11.0 11.0 10.0 10.0 11.0 10.0 11.0 10.0 10.0 11.0 11.0 10.0 11.0 11.0 11.0 10.0 10.0 10.0 11.0 11.0 10.0 10.0 11.0 11.0 11.0 10.0 13.0 10.0 10.0 11.0 11.0 10.0 11.0 11.0 11.0 11.0 10.0 11.0 11.0 10.0 11.0 11.0 10.0 10.0 10.0 10.0 10.0 10.0 12.0 11.0 11.0 10.0
32 33 1 TRACE 22.0 12.0 10.0 11.0 12.0 44.0 11.0 11.0 11.0 11.0 11.0 12.0 11.0 12.0 12.0 11.0 11.0 11.0 11.0 12.0 11.0 11.0 11.0 11.0 11.0 11.0 11.0 11.0 11.0 19.0 11.0 11.0 12.0 11.0 11.0 10.0 12.0 11.0 11.0 11.0 11.0 48.0 11.0 12.0 12.0 11.0 11.0 11.0 11.0 11.0 11.0 11.0 11.0 11.0 11.0 11.0 11.0 11.0 12.0 47.0 11.0 10.0 11.0 11.0 11.0 11.0 11.0 11.0 11.0 16.0 11.0 11.0 11.0 11.0 11.0 11.0 11.0 11.0 11.0 11.0 12.0 11.0 11.0 11.0 12.0 11.0 11.0 11.0 10.0 11.0 11.0 11.0 11.0 10.0 47.0 11.0 11.0 11.0 12.0 11.0 11.0 11.0 11.0 11.0 11.0 11.0 11.0 11.0 12.0 11.0 10.0 11.0 11.0 11.0 11.0 11.0 11.0 11.0 15.0 13.0 10.0 11.0 18.0 11.0 11.0 11.0 11.0 11.0 12.0 11.0 11.0 11.0 11.0 10.0 12.0 11.0 11.0 11.0 11.0 11.0 11.0 11.0 12.0 11.0 11.0 10.0 11.0 11.0 11.0 11.0 10.0 10.0 11.0 11.0 11.0 11.0 12.0 11.0 11.0 47.0 11.0 11.0 11.0 11.0 12.0 11.0 11.0 11.0 11.0 11.0 11.0 11.0 10.0 10.0 11.0 11.0 11.0 11.0 11.0 12.0 11.0 11.0 10.0 11.0 10.0 10.0 11.0 11.0 12.0 11.0
33 34 1 TRACE 59.0 143.0 43.0 36.0 40.0 43.0 34.0 191.0 41.0 28.0 125.0 65.0 37.0 44.0 32.0 65.0 44.0 29.0 40.0 256.0 41.0 33.0 109.0 40.0 38.0 65.0 47.0 36.0 52.0 40.0 27.0 76.0 44.0 45.0 145.0 44.0 12.0 158.0 47.0 31.0 45.0 43.0 43.0 67.0 40.0 77.0 42.0 48.0 48.0 43.0 30.0 222.0 29.0 32.0 232.0 39.0 43.0 40.0 88.0 51.0 29.0 35.0 29.0 57.0 49.0 45.0 27.0 62.0 42.0 30.0 41.0 49.0 28.0 58.0 42.0 33.0 282.0 42.0 32.0 243.0 36.0 43.0 111.0 43.0 20.0 95.0 44.0 25.0 76.0 43.0 28.0 128.0 35.0 28.0 53.0 41.0 37.0 117.0 55.0 30.0 44.0 39.0 39.0 31.0 38.0 41.0 42.0 42.0 36.0 34.0 80.0 41.0 30.0 30.0 213.0 39.0 33.0 116.0 33.0 32.0 78.0 43.0 36.0 152.0 43.0 37.0 188.0 34.0 41.0 204.0 41.0 37.0 56.0 42.0 37.0 168.0 43.0 48.0 233.0 42.0 40.0 63.0 43.0 27.0 43.0 261.0 42.0 33.0 126.0 42.0 32.0 44.0 238.0 45.0 31.0 227.0 41.0 28.0 40.0 47.0 51.0 44.0 43.0 37.0 53.0 44.0 40.0 181.0 37.0 34.0 78.0 40.0 30.0 68.0 42.0 29.0 38.0 36.0 41.0 46.0 44.0 33.0 56.0 44.0 40.0 186.0 38.0 38.0 69.0 44.0
34 35 1 TRACE 614.0 30.0 26.0 33.0 27.0 26.0 26.0 30.0 26.0 27.0 28.0 28.0 27.0 26.0 27.0 28.0 26.0 21.0 26.0 32.0 26.0 12.0 30.0 26.0 20.0 27.0 28.0 20.0 27.0 25.0 27.0 28.0 26.0 26.0 30.0 26.0 27.0 29.0 26.0 26.0 27.0 12.0 28.0 26.0 12.0 27.0 27.0 12.0 27.0 27.0 26.0 30.0 26.0 26.0 31.0 37.0 27.0 28.0 28.0 26.0 12.0 26.0 12.0 12.0 28.0 26.0 27.0 28.0 26.0 21.0 27.0 27.0 26.0 27.0 25.0 26.0 31.0 26.0 27.0 31.0 12.0 26.0 27.0 26.0 26.0 28.0 26.0 21.0 28.0 26.0 26.0 29.0 26.0 20.0 41.0 26.0 26.0 28.0 38.0 34.0 26.0 27.0 12.0 26.0 26.0 12.0 32.0 26.0 12.0 20.0 28.0 27.0 26.0 27.0 30.0 25.0 26.0 29.0 27.0 13.0 29.0 26.0 20.0 29.0 26.0 26.0 30.0 26.0 26.0 31.0 26.0 26.0 27.0 28.0 27.0 30.0 25.0 27.0 30.0 26.0 12.0 28.0 26.0 26.0 26.0 31.0 26.0 26.0 28.0 27.0 20.0 27.0 32.0 26.0 26.0 37.0 12.0 20.0 27.0 27.0 21.0 26.0 26.0 11.0 28.0 28.0 26.0 30.0 26.0 25.0 26.0 25.0 26.0 28.0 26.0 11.0 26.0 25.0 27.0 27.0 26.0 12.0 28.0 26.0 26.0 30.0 31.0 20.0 27.0 27.0
35 36 1 TRACE 33.0 30.0 22.0 20.0 44.0 23.0 23.0 30.0 22.0 23.0 27.0 23.0 23.0 24.0 23.0 24.0 23.0 19.0 23.0 33.0 22.0 11.0 27.0 22.0 18.0 24.0 23.0 18.0 24.0 23.0 23.0 26.0 24.0 23.0 30.0 22.0 23.0 29.0 23.0 60.0 23.0 11.0 24.0 24.0 11.0 23.0 22.0 10.0 22.0 23.0 22.0 32.0 22.0 23.0 32.0 22.0 22.0 23.0 25.0 22.0 11.0 22.0 11.0 11.0 23.0 23.0 24.0 24.0 23.0 18.0 22.0 23.0 23.0 24.0 22.0 23.0 32.0 22.0 23.0 32.0 11.0 22.0 26.0 22.0 23.0 25.0 21.0 18.0 26.0 23.0 22.0 28.0 22.0 18.0 26.0 33.0 22.0 26.0 22.0 28.0 22.0 24.0 11.0 57.0 22.0 10.0 23.0 37.0 11.0 28.0 25.0 23.0 23.0 24.0 31.0 21.0 23.0 28.0 22.0 10.0 24.0 22.0 18.0 28.0 24.0 23.0 30.0 21.0 28.0 32.0 22.0 23.0 24.0 23.0 22.0 28.0 22.0 24.0 32.0 22.0 11.0 24.0 22.0 23.0 22.0 33.0 23.0 23.0 27.0 22.0 18.0 25.0 32.0 23.0 24.0 32.0 11.0 18.0 23.0 23.0 18.0 23.0 23.0 10.0 24.0 23.0 23.0 69.0 22.0 23.0 25.0 22.0 23.0 43.0 22.0 11.0 22.0 22.0 23.0 23.0 23.0 10.0 24.0 23.0 24.0 30.0 21.0 18.0 24.0 22.0
36 37 1 TRACE 62.0 128.0 19.0 177.0 47.0 45.0 22.0 100.0 19.0 23.0 86.0 33.0 29.0 21.0 20.0 37.0 28.0 18.0 21.0 167.0 20.0 43.0 94.0 23.0 30.0 41.0 22.0 20.0 49.0 19.0 21.0 46.0 22.0 21.0 243.0 20.0 21.0 124.0 20.0 24.0 20.0 40.0 28.0 21.0 46.0 39.0 21.0 33.0 28.0 21.0 21.0 156.0 22.0 21.0 157.0 20.0 25.0 21.0 60.0 19.0 44.0 23.0 46.0 44.0 29.0 27.0 19.0 35.0 21.0 20.0 30.0 21.0 20.0 46.0 53.0 24.0 162.0 22.0 59.0 160.0 44.0 20.0 77.0 19.0 20.0 71.0 19.0 28.0 53.0 21.0 19.0 91.0 19.0 23.0 61.0 20.0 20.0 92.0 20.0 29.0 20.0 24.0 45.0 54.0 20.0 48.0 29.0 36.0 31.0 21.0 67.0 20.0 19.0 21.0 146.0 18.0 21.0 100.0 18.0 46.0 43.0 19.0 26.0 97.0 19.0 21.0 132.0 19.0 23.0 145.0 20.0 20.0 41.0 22.0 24.0 102.0 19.0 23.0 152.0 19.0 31.0 37.0 20.0 19.0 22.0 165.0 18.0 22.0 97.0 19.0 19.0 50.0 161.0 20.0 26.0 161.0 40.0 20.0 29.0 21.0 20.0 31.0 21.0 33.0 38.0 21.0 20.0 131.0 24.0 20.0 59.0 21.0 21.0 47.0 20.0 34.0 23.0 18.0 20.0 36.0 21.0 43.0 37.0 21.0 22.0 113.0 20.0 27.0 51.0 20.0
37 38 1 TRACE 28.0 50.0 19.0 2046.0 27.0 19.0 20.0 47.0 19.0 20.0 40.0 18.0 24.0 18.0 56.0 28.0 18.0 18.0 19.0 63.0 19.0 18.0 43.0 18.0 17.0 29.0 19.0 20.0 32.0 19.0 19.0 32.0 19.0 18.0 51.0 19.0 20.0 51.0 57.0 20.0 19.0 17.0 23.0 19.0 20.0 27.0 19.0 17.0 23.0 19.0 19.0 80.0 18.0 20.0 58.0 19.0 21.0 20.0 35.0 19.0 19.0 21.0 19.0 18.0 24.0 20.0 20.0 28.0 19.0 18.0 25.0 18.0 19.0 31.0 19.0 21.0 58.0 18.0 19.0 58.0 18.0 19.0 39.0 27.0 20.0 38.0 19.0 28.0 34.0 19.0 19.0 45.0 18.0 18.0 37.0 19.0 18.0 44.0 18.0 21.0 18.0 21.0 19.0 22.0 19.0 17.0 23.0 19.0 17.0 18.0 37.0 19.0 20.0 20.0 58.0 18.0 20.0 66.0 18.0 18.0 31.0 17.0 19.0 46.0 17.0 19.0 52.0 19.0 21.0 56.0 17.0 19.0 28.0 18.0 19.0 45.0 18.0 21.0 56.0 19.0 17.0 28.0 18.0 18.0 20.0 58.0 19.0 24.0 49.0 18.0 18.0 19.0 56.0 17.0 20.0 60.0 19.0 19.0 25.0 19.0 17.0 24.0 18.0 17.0 28.0 18.0 21.0 88.0 18.0 19.0 35.0 28.0 19.0 31.0 19.0 20.0 20.0 19.0 18.0 27.0 18.0 17.0 28.0 19.0 19.0 47.0 19.0 17.0 32.0 18.0
38 39 1 TRACE 22.0 17.0 15.0 21.0 17.0 14.0 15.0 17.0 16.0 14.0 16.0 15.0 16.0 15.0 16.0 16.0 14.0 14.0 15.0 57.0 19.0 14.0 17.0 14.0 15.0 16.0 15.0 15.0 16.0 14.0 15.0 16.0 16.0 14.0 17.0 15.0 15.0 17.0 14.0 15.0 14.0 14.0 15.0 15.0 14.0 15.0 15.0 14.0 16.0 15.0 14.0 17.0 14.0 15.0 16.0 14.0 15.0 15.0 17.0 14.0 14.0 16.0 14.0 15.0 16.0 15.0 15.0 17.0 15.0 14.0 16.0 14.0 15.0 16.0 61.0 15.0 17.0 14.0 15.0 16.0 13.0 15.0 16.0 24.0 15.0 17.0 14.0 15.0 16.0 15.0 15.0 17.0 15.0 15.0 17.0 15.0 15.0 16.0 14.0 15.0 14.0 15.0 15.0 57.0 23.0 14.0 16.0 15.0 15.0 14.0 17.0 14.0 24.0 15.0 17.0 52.0 15.0 18.0 15.0 14.0 17.0 14.0 15.0 16.0 14.0 16.0 17.0 16.0 16.0 17.0 14.0 14.0 17.0 16.0 14.0 16.0 15.0 17.0 16.0 15.0 15.0 16.0 15.0 24.0 16.0 17.0 16.0 16.0 17.0 14.0 15.0 14.0 17.0 17.0 14.0 17.0 15.0 15.0 16.0 15.0 14.0 15.0 15.0 15.0 16.0 16.0 16.0 17.0 15.0 15.0 17.0 16.0 26.0 16.0 14.0 15.0 16.0 15.0 14.0 16.0 15.0 14.0 17.0 15.0 15.0 17.0 15.0 14.0 16.0 19.0
39 25 1 TRACE 13.0 13.0 12.0 12.0 13.0 12.0 12.0 12.0 12.0 12.0 12.0 22.0 12.0 11.0 12.0 12.0 12.0 12.0 13.0 12.0 12.0 47.0 12.0 13.0 12.0 13.0 12.0 13.0 12.0 12.0 12.0 12.0 11.0 13.0 11.0 14.0 12.0 12.0 12.0 12.0 13.0 12.0 12.0 12.0 13.0 12.0 13.0 13.0 12.0 12.0 12.0 12.0 12.0 11.0 12.0 12.0 12.0 13.0 12.0 12.0 11.0 12.0 12.0
39 40 1 TRACE 34.0 21.0 18.0 18.0 17.0 18.0 50.0 17.0 17.0 23.0 18.0 17.0 17.0 17.0 17.0 28.0 18.0 19.0 18.0 17.0 24.0 17.0 17.0 33.0 17.0 18.0 18.0 19.0 18.0 17.0 17.0 18.0 19.0 17.0 17.0 18.0 20.0 17.0 17.0 18.0 20.0 17.0 17.0 17.0 17.0 17.0 18.0 18.0 18.0 19.0 18.0 18.0 17.0 17.0 18.0 18.0 18.0 17.0 17.0 17.0 17.0 17.0 18.0 18.0
39 51 1 TRACE 23.0 18.0 17.0 18.0 18.0 17.0 17.0 18.0 18.0 17.0 17.0 18.0 17.0 26.0 17.0 17.0 19.0 18.0 17.0 29.0 18.0 25.0 17.0 19.0 18.0 18.0 17.0 18.0 18.0 18.0 18.0 17.0 17.0 17.0 19.0 18.0 17.0 17.0 20.0 17.0 17.0 17.0 17.0 17.0 18.0 18.0 18.0 17.0 17.0 17.0 18.0 17.0 17.0 17.0 18.0 19.0 18.0 17.0 19.0 17.0 18.0 18.0 18.0
40 41 1 TRACE 79.0 34.0 62.0 53.0 31.0 34.0 79.0 55.0 34.0 56.0 38.0 67.0 66.0 28.0 30.0 34.0 30.0 80.0 76.0 29.0 48.0 29.0 30.0 34.0 30.0 35.0 75.0 74.0 51.0 49.0 42.0 57.0 46.0 56.0 29.0 28.0 28.0 30.0 45.0 72.0 62.0 39.0 61.0 68.0 117.0 34.0 57.0 72.0 34.0 76.0 56.0 75.0 77.0 30.0 31.0 34.0 74.0 43.0 37.0 28.0 32.0 38.0 64.0 40.0
41 42 1 TRACE 16.0 11.0 10.0 12.0 11.0 10.0 12.0 11.0 11.0 11.0 11.0 11.0 11.0 10.0 10.0 11.0 10.0 10.0 11.0 10.0 12.0 11.0 11.0 10.0 11.0 10.0 11.0 13.0 11.0 10.0 11.0 11.0 10.0 12.0 10.0 11.0 12.0 10.0 11.0 11.0 11.0 10.0 11.0 10.0 10.0 11.0 11.0 11.0 11.0 11.0 11.0 10.0 12.0 10.0 10.0 12.0 10.0 10.0 11.0 10.0 10.0 11.0 12.0 10.0 10.0 11.0 11.0 22.0 11.0 11.0 11.0 10.0 11.0 11.0 11.0 12.0 10.0 11.0 11.0 10.0 10.0 11.0 11.0 12.0 12.0 10.0 10.0 12.0 10.0 11.0 12.0 10.0 10.0 11.0 10.0 10.0 12.0 11.0 10.0 12.0 10.0 11.0 11.0 11.0 11.0 11.0 11.0 11.0 10.0 11.0 10.0 11.0 11.0 12.0 11.0 11.0 10.0 11.0 10.0 10.0 11.0 10.0 10.0 11.0 10.0 10.0 12.0 11.0 10.0 12.0 10.0 11.0 11.0 10.0 10.0 12.0 11.0 10.0 13.0 10.0 10.0 11.0 10.0 11.0 12.0 10.0 10.0 11.0 10.0 11.0 12.0 10.0 11.0 11.0 10.0 11.0 12.0 10.0 11.0 12.0 13.0 10.0 12.0 10.0 10.0 12.0 10.0 10.0 11.0 11.0 11.0 11.0 10.0 11.0 12.0 10.0 11.0 11.0 11.0 11.0 11.0 10.0 10.0 11.0 11.0 11.0 11.0 12.0 11.0 10.0 11.0 11.0 11.0 11.0 11.0 10.0 12.0 11.0 11.0
42 43 1 TRACE 15.0 10.0 10.0 11.0 10.0 9.0 9.0 10.0 10.0 10.0 10.0 10.0 10.0 10.0 9.0 10.0 10.0 9.0 10.0 10.0 11.0 10.0 15.0 9.0 10.0 10.0 9.0 10.0 10.0 9.0 10.0 10.0 10.0 10.0 10.0 10.0 10.0 10.0 10.0 10.0 9.0 9.0 10.0 11.0 10.0 10.0 9.0 10.0 9.0 10.0 9.0 10.0 10.0 10.0 9.0 10.0 10.0 10.0 10.0 10.0 10.0 10.0 10.0 10.0 10.0 10.0 10.0 9.0 10.0 10.0 10.0 10.0 10.0 9.0 10.0 9.0 10.0 9.0 10.0 9.0 10.0 10.0 9.0 10.0 10.0 10.0 9.0 10.0 10.0 10.0 10.0 10.0 9.0 15.0 9.0 10.0 10.0 10.0 11.0 10.0 10.0 10.0 10.0 10.0 10.0 10.0 9.0 10.0 9.0 10.0 10.0 10.0 9.0 9.0 10.0 10.0 10.0 9.0 10.0 9.0 10.0 9.0 10.0 10.0 9.0 10.0 10.0 9.0 10.0 10.0 9.0 10.0 10.0 10.0 9.0 10.0 9.0 10.0 11.0 10.0 9.0 10.0 10.0 9.0 9.0 10.0 10.0 10.0 9.0 10.0 9.0 10.0 10.0 10.0 10.0 10.0 10.0 10.0 10.0 9.0 10.0 9.0 10.0 10.0 9.0 9.0 9.0 9.0 9.0 9.0 10.0 9.0 10.0 10.0 10.0 10.0 9.0 10.0 10.0 10.0 10.0 10.0 10.0 9.0 10.0 9.0 9.0 10.0 10.0 10.0 10.0 10.0 10.0 10.0 9.0 9.0 10.0 10.0 9.0
43 44 1 TRACE 13.0 8.0 8.0 10.0 9.0 8.0 8.0 8.0 9.0 8.0 8.0 8.0 9.0 8.0 8.0 8.0 8.0 8.0 8.0 8.0 8.0 9.0 10.0 8.0 8.0 8.0 8.0 9.0 8.0 8.0 8.0 8.0 8.0 8.0 8.0 8.0 8.0 9.0 8.0 8.0 8.0 8.0 9.0 8.0 8.0 8.0 8.0 8.0 8.0 11.0 8.0 9.0 9.0 8.0 8.0 8.0 8.0 8.0 8.0 8.0 8.0 9.0 8.0 8.0 8.0 8.0 8.0 8.0 8.0 9.0 8.0 8.0 8.0 8.0 8.0 8.0 8.0 8.0 8.0 8.0 8.0 8.0 8.0 8.0 8.0 8.0 8.0 8.0 8.0 8.0 9.0 21.0 8.0 9.0 8.0 8.0 8.0 8.0 9.0 9.0 8.0 8.0 8.0 8.0 8.0 8.0 8.0 9.0 8.0 8.0 9.0 8.0 8.0 8.0 8.0 8.0 9.0 8.0 9.0 8.0 8.0 8.0 8.0 9.0 8.0 9.0 9.0 8.0 8.0 8.0 8.0 8.0 8.0 8.0 8.0 9.0 9.0 8.0 9.0 8.0 8.0 8.0 8.0 8.0 8.0 8.0 8.0 8.0 8.0 8.0 8.0 8.0 8.0 9.0 8.0 8.0 8.0 8.0 9.0 8.0 9.0 8.0 9.0 8.0 8.0 8.0 8.0 8.0 8.0 8.0 8.0 8.0 9.0 8.0 8.0 9.0 8.0 8.0 8.0 9.0 8.0 9.0 8.0 8.0 8.0 8.0 9.0 8.0 8.0 8.0 9.0 8.0 8.0 8.0 8.0 8.0 8.0 9.0 8.0
44 45 1 TRACE 25.0 13.0 14.0 14.0 14.0 13.0 16.0 60.0 35.0 15.0 14.0 14.0 17.0 15.0 16.0 17.0 15.0 15.0 18.0 14.0 13.0 14.0 13.0 13.0 25.0 14.0 13.0 14.0 15.0 15.0 17.0 14.0 13.0 15.0 15.0 16.0 41.0 15.0 14.0 19.0 15.0 15.0 16.0 19.0 15.0 13.0 17.0 15.0 15.0 15.0 24.0 14.0 14.0 15.0 13.0 15.0 14.0 15.0 19.0 14.0 14.0 13.0 14.0 14.0 14.0 19.0 14.0 14.0 14.0 14.0 14.0 14.0 14.0 14.0 15.0 15.0 14.0 21.0 18.0 18.0 15.0 14.0 15.0 14.0 15.0 14.0 14.0 95.0 22.0 15.0 15.0 13.0 16.0 13.0 14.0 15.0 18.0 13.0 12.0 15.0 15.0 14.0 16.0 14.0 16.0 19.0 15.0 16.0 14.0 19.0 15.0 17.0 14.0 15.0 14.0 13.0 13.0 15.0 14.0 14.0 15.0 14.0 15.0 14.0 14.0 14.0 14.0 14.0 14.0 15.0 16.0 18.0 52.0 14.0 14.0 14.0 13.0 13.0 14.0 14.0 15.0 15.0 15.0 15.0 14.0 14.0 14.0 15.0 14.0 55.0 15.0 14.0 14.0 15.0 14.0 14.0 15.0 14.0 15.0 22.0 15.0 14.0 15.0 17.0 14.0 18.0 15.0 15.0 19.0 15.0 15.0 17.0 24.0 14.0 14.0 14.0 14.0 16.0 15.0 55.0 17.0 15.0 14.0 15.0 14.0 14.0 14.0 17.0 16.0 15.0 81.0 18.0 14.0 15.0 14.0 13.0 13.0 13.0 23.0
45 46 1 TRACE 16.0 11.0 11.0 23.0 11.0 27.0 11.0 25.0 11.0 12.0 11.0 11.0 12.0 11.0 10.0 11.0 11.0 11.0 11.0 10.0 11.0 11.0 11.0 10.0 12.0 11.0 11.0 12.0 12.0 11.0 11.0 11.0 11.0 11.0 50.0 11.0 12.0 11.0 11.0 10.0 11.0 11.0 10.0 11.0 12.0 11.0 11.0 11.0 11.0 12.0 12.0 11.0 12.0 11.0 11.0 11.0 11.0 11.0 11.0 11.0 11.0 11.0 12.0 18.0 11.0 11.0 11.0 16.0 11.0 11.0 11.0 11.0 11.0 11.0 11.0 12.0 11.0 11.0 11.0 11.0 11.0 11.0 11.0 11.0 12.0 11.0 11.0 12.0 11.0 11.0 11.0 11.0 12.0 11.0 11.0 10.0 12.0 11.0 11.0 11.0 11.0 10.0 11.0 11.0 11.0 11.0 10.0 11.0 11.0 11.0 11.0 17.0 10.0 11.0 12.0 11.0 10.0 10.0 11.0 11.0 11.0 11.0 11.0 12.0 11.0 11.0 11.0 11.0 10.0 12.0 11.0 12.0 11.0 11.0 11.0 11.0 11.0 11.0 11.0 10.0 11.0 16.0 11.0 11.0 11.0 10.0 10.0 10.0 10.0 12.0 10.0 11.0 11.0 11.0 10.0 11.0 12.0 11.0 11.0 11.0 11.0 11.0 11.0 11.0 10.0 11.0 11.0 11.0 11.0 10.0 11.0 11.0 11.0 11.0 11.0 10.0 11.0 11.0 11.0 46.0 12.0 10.0 11.0 11.0 12.0 11.0 11.0 12.0 11.0 11.0 13.0 11.0 11.0 11.0 10.0 10.0 11.0 11.0 11.0
46 47 1 TRACE 154.0 58.0 52.0 246.0 85.0 54.0 139.0 61.0 51.0 147.0 61.0 53.0 225.0 86.0 54.0 245.0 72.0 53.0 127.0 89.0 76.0 144.0 60.0 52.0 209.0 89.0 66.0 222.0 68.0 52.0 197.0 68.0 53.0 137.0 59.0 54.0 145.0 74.0 55.0 228.0 129.0 56.0 51.0 224.0 85.0 70.0 257.0 74.0 52.0 225.0 85.0 53.0 129.0 54.0 51.0 130.0 55.0 51.0 238.0 103.0 54.0 53.0 165.0 65.0 60.0 225.0 126.0 55.0 52.0 222.0 85.0 53.0 225.0 75.0 52.0 225.0 117.0 53.0 220.0 73.0 52.0 131.0 56.0 52.0 142.0 56.0 52.0 150.0 61.0 52.0 158.0 63.0 53.0 182.0 65.0 52.0 141.0 70.0 52.0 175.0 65.0 52.0 144.0 60.0 57.0 234.0 126.0 55.0 52.0 221.0 127.0 56.0 52.0 228.0 129.0 55.0 52.0 224.0 125.0 54.0 161.0 64.0 52.0 140.0 56.0 52.0 151.0 59.0 52.0 202.0 71.0 54.0 145.0 59.0 52.0 134.0 65.0 52.0 166.0 57.0 51.0 213.0 71.0 52.0 142.0 60.0 52.0 132.0 62.0 51.0 221.0 74.0 53.0 133.0 56.0 51.0 145.0 60.0 51.0 133.0 56.0 52.0 131.0 56.0 52.0 229.0 82.0 59.0 227.0 82.0 53.0 223.0 75.0 52.0 134.0 58.0 52.0 174.0 65.0 53.0 211.0 70.0 52.0 221.0 107.0 59.0 52.0 228.0 76.0 52.0 218.0 76.0 52.0 136.0 58.0 52.0 194.0 68.0 52.0
47 48 1 TRACE 14.0 10.0 9.0 10.0 8.0 10.0 8.0 10.0 8.0 10.0 8.0 10.0 11.0 11.0 9.0 10.0 8.0 10.0 8.0 10.0 8.0 10.0 9.0 10.0 8.0 10.0 8.0 10.0 8.0 9.0 9.0 10.0 8.0 9.0 9.0 9.0 8.0 10.0 9.0 11.0 9.0 10.0 8.0 10.0 8.0 9.0 9.0 11.0 9.0 10.0 8.0 10.0 8.0 10.0 8.0 10.0 8.0 10.0 8.0 10.0 8.0 10.0 8.0 10.0 9.0 10.0 8.0 10.0 9.0 10.0 9.0 10.0 8.0 10.0 8.0 16.0 8.0 10.0 9.0 10.0 8.0 10.0 8.0 9.0 8.0 10.0 9.0 10.0 8.0 10.0 9.0 11.0 8.0 10.0 8.0 10.0 9.0 9.0 8.0 10.0 8.0 10.0 8.0 10.0 9.0 10.0 8.0 9.0 8.0 10.0 8.0 10.0 8.0 10.0 21.0 10.0 9.0 11.0 8.0 10.0 9.0 10.0 8.0 10.0 8.0 10.0 8.0 10.0 8.0 10.0 9.0 11.0 9.0 10.0 9.0 10.0 8.0 10.0 8.0 10.0 8.0 10.0 8.0 9.0 9.0 10.0 8.0 9.0 8.0 10.0 8.0 10.0 9.0 10.0 8.0 10.0 8.0 10.0 8.0 10.0 9.0 10.0 8.0 10.0 8.0 10.0 8.0 10.0 8.0 10.0 8.0 10.0 8.0 10.0 8.0 10.0 8.0 10.0 8.0 10.0 9.0 10.0 9.0 10.0 8.0 44.0 9.0 10.0 8.0 10.0 8.0 9.0 8.0 10.0 9.0 11.0 8.0 10.0 9.0 10.0 8.0 10.0 9.0 9.0 8.0 10.0 9.0 11.0 8.0 12.0 9.0 11.0 8.0 10.0 8.0 10.0 9.0 9.0 8.0 10.0 8.0 10.0 8.0 10.0 8.0 10.0 8.0 10.0 8.0 10.0 8.0 10.0 8.0 10.0 8.0 10.0 8.0 10.0 8.0 10.0 8.0 11.0 8.0 10.0 8.0 12.0 8.0 10.0 8.0 9.0 8.0 10.0 8.0 10.0 9.0 10.0 9.0 10.0 9.0 10.0 8.0 10.0 8.0 11.0 8.0 10.0 8.0 9.0 8.0 10.0 8.0 10.0 8.0 9.0 9.0 10.0 8.0 10.0 8.0 9.0 9.0 10.0 8.0 10.0 8.0 10.0 8.0 9.0 8.0 10.0 9.0 10.0 8.0 11.0 8.0 10.0 8.0 13.0 8.0 10.0 8.0 11.0 8.0 10.0 8.0 9.0 8.0 11.0 8.0 9.0 9.0 10.0 8.0 11.0 8.0 10.0 8.0 10.0 9.0 10.0 8.0 10.0 9.0 10.0 8.0 10.0 9.0 9.0 8.0 9.0 8.0 11.0 8.0 10.0 8.0 10.0 9.0 10.0 8.0 10.0 8.0 10.0 9.0 10.0 8.0 10.0 8.0 9.0 9.0 11.0 11.0 10.0 8.0 10.0 8.0 10.0 8.0 10.0 8.0 10.0 8.0 10.0 9.0 10.0 9.0 10.0 9.0 11.0 9.0 10.0 8.0 10.0 8.0 9.0 8.0 10.0 8.0 10.0 8.0 10.0 9.0 11.0 8.0 10.0 8.0 10.0 8.0 10.0 8.0 10.0 8.0 12.0 8.0 10.0 9.0 10.0 8.0 10.0
48 49 1 TRACE 24.0 22.0 8.0 11.0 7.0 9.0 19.0 23.0 11.0 20.0 7.0 10.0 17.0 22.0 9.0 11.0 8.0 10.0 20.0 22.0 8.0 12.0 8.0 10.0 18.0 31.0 11.0 19.0 7.0 10.0 22.0 23.0 10.0 18.0 8.0 10.0 15.0 22.0 9.0 10.0 8.0 10.0 19.0 22.0 8.0 11.0 8.0 10.0 21.0 22.0 9.0 18.0 7.0 10.0 20.0 22.0 9.0 14.0 7.0 10.0 21.0 22.0 9.0 14.0 8.0 9.0 18.0 21.0 8.0 11.0 8.0 10.0 17.0 22.0 8.0 11.0 8.0 10.0 32.0 23.0 15.0 21.0 8.0 10.0 8.0 9.0 19.0 22.0 11.0 19.0 9.0 11.0 20.0 22.0 9.0 18.0 8.0 9.0 18.0 22.0 11.0 20.0 8.0 10.0 16.0 22.0 8.0 10.0 8.0 10.0 16.0 21.0 8.0 11.0 8.0 11.0 16.0 22.0 13.0 20.0 8.0 11.0 8.0 10.0 21.0 22.0 8.0 13.0 8.0 10.0 17.0 22.0 13.0 21.0 8.0 10.0 7.0 9.0 18.0 22.0 10.0 19.0 8.0 9.0 20.0 22.0 10.0 18.0 8.0 10.0 19.0 22.0 11.0 19.0 8.0 10.0 21.0 23.0 9.0 19.0 8.0 9.0 16.0 22.0 8.0 10.0 8.0 9.0 17.0 22.0 8.0 10.0 8.0 10.0 20.0 22.0 8.0 12.0 8.0 9.0 21.0 22.0 9.0 12.0 7.0 13.0 21.0 22.0 8.0 13.0 7.0 10.0 19.0 22.0 9.0 12.0 8.0 10.0 21.0 22.0 9.0 14.0 8.0 10.0 19.0 22.0 8.0 12.0 8.0 11.0 13.0 23.0 15.0 21.0 8.0 11.0 8.0 9.0 14.0 22.0 15.0 20.0 8.0 10.0 7.0 9.0 13.0 22.0 16.0 21.0 8.0 10.0 7.0 10.0 18.0 23.0 11.0 20.0 7.0 10.0 20.0 22.0 8.0 13.0 8.0 10.0 16.0 21.0 8.0 10.0 7.0 10.0 19.0 21.0 8.0 11.0 8.0 10.0 21.0 22.0 9.0 18.0 7.0 10.0 19.0 22.0 8.0 11.0 7.0 10.0 18.0 22.0 8.0 11.0 8.0 10.0 16.0 22.0 8.0 10.0 8.0 10.0 20.0 23.0 9.0 18.0 7.0 9.0 19.0 21.0 8.0 12.0 7.0 10.0 16.0 22.0 8.0 11.0 8.0 10.0 20.0 23.0 10.0 24.0 8.0 10.0 17.0 22.0 8.0 10.0 7.0 15.0 19.0 22.0 8.0 12.0 8.0 10.0 16.0 21.0 8.0 11.0 8.0 9.0 15.0 21.0 8.0 10.0 8.0 11.0 18.0 23.0 10.0 21.0 8.0 10.0 19.0 22.0 10.0 19.0 7.0 10.0 20.0 23.0 10.0 18.0 8.0 10.0 18.0 21.0 8.0 11.0 8.0 10.0 20.0 22.0 9.0 13.0 8.0 10.0 20.0 23.0 9.0 17.0 8.0 9.0 16.0 23.0 14.0 21.0 8.0 10.0 8.0 10.0 20.0 22.0 10.0 19.0 8.0 10.0 21.0 23.0 10.0 18.0 8.0 10.0 18.0 21.0 8.0 10.0 8.0 9.0 21.0 22.0 9.0 14.0 7.0 10.0
49 47 1 TRACE 69.0 31.0 26.0 128.0 51.0 26.0 68.0 34.0 26.0 74.0 35.0 25.0 133.0 51.0 26.0 118.0 44.0 26.0 61.0 32.0 25.0 71.0 34.0 61.0 113.0 45.0 26.0 94.0 41.0 26.0 93.0 42.0 26.0 66.0 30.0 26.0 66.0 31.0 26.0 167.0 61.0 29.0 25.0 131.0 52.0 29.0 108.0 45.0 26.0 128.0 52.0 26.0 61.0 29.0 32.0 62.0 29.0 28.0 181.0 56.0 27.0 25.0 83.0 39.0 26.0 150.0 59.0 28.0 26.0 131.0 52.0 27.0 111.0 45.0 27.0 126.0 50.0 27.0 104.0 45.0 26.0 62.0 30.0 26.0 63.0 29.0 26.0 74.0 35.0 26.0 77.0 38.0 25.0 87.0 40.0 25.0 71.0 35.0 33.0 84.0 39.0 25.0 73.0 70.0 53.0 167.0 60.0 28.0 25.0 159.0 60.0 29.0 25.0 161.0 61.0 29.0 25.0 130.0 51.0 26.0 81.0 37.0 62.0 64.0 30.0 25.0 69.0 33.0 25.0 96.0 42.0 25.0 69.0 33.0 25.0 66.0 31.0 26.0 63.0 30.0 26.0 108.0 45.0 26.0 70.0 33.0 26.0 62.0 68.0 26.0 113.0 46.0 26.0 62.0 29.0 25.0 73.0 33.0 26.0 62.0 30.0 25.0 99.0 29.0 25.0 133.0 50.0 28.0 127.0 50.0 26.0 110.0 46.0 26.0 65.0 35.0 26.0 87.0 38.0 26.0 99.0 42.0 26.0 157.0 58.0 28.0 26.0 120.0 47.0 26.0 110.0 45.0 26.0 66.0 31.0 62.0 91.0 40.0 25.0
49 50 1 TRACE 95.0 22.0 20.0 28.0 26.0 58.0 29.0 23.0 19.0 31.0 22.0 21.0 30.0 46.0 40.0 29.0 25.0 19.0 28.0 21.0 19.0 28.0 22.0 20.0 29.0 28.0 20.0 30.0 23.0 20.0 28.0 23.0 20.0 29.0 21.0 20.0 29.0 26.0 20.0 29.0 27.0 20.0 19.0 28.0 27.0 20.0 28.0 24.0 20.0 33.0 39.0 34.0 28.0 20.0 21.0 28.0 21.0 20.0 49.0 28.0 20.0 21.0 30.0 22.0 19.0 29.0 28.0 22.0 19.0 29.0 26.0 20.0 44.0 25.0 19.0 29.0 27.0 20.0 29.0 25.0 20.0 28.0 19.0 20.0 28.0 20.0 20.0 29.0 23.0 20.0 35.0 34.0 21.0 29.0 23.0 19.0 49.0 21.0 22.0 29.0 22.0 25.0 29.0 20.0 21.0 30.0 28.0 19.0 19.0 28.0 31.0 21.0 20.0 36.0 28.0 21.0 20.0 29.0 61.0 20.0 28.0 21.0 19.0 29.0 20.0 20.0 29.0 22.0 20.0 28.0 31.0 21.0 54.0 21.0 20.0 28.0 20.0 54.0 28.0 20.0 19.0 29.0 25.0 20.0 28.0 20.0 27.0 28.0 20.0 19.0 29.0 24.0 20.0 27.0 20.0 21.0 28.0 22.0 20.0 28.0 21.0 19.0 28.0 20.0 20.0 30.0 25.0 20.0 30.0 25.0 20.0 30.0 25.0 20.0 29.0 22.0 20.0 29.0 22.0 22.0 29.0 24.0 20.0 31.0 28.0 20.0 20.0 30.0 25.0 20.0 29.0 28.0 20.0 28.0 20.0 19.0 30.0 23.0 20.0
50 25 1 TRACE 22.0 16.0 15.0 16.0 16.0 15.0 15.0 15.0 16.0 16.0 22.0 15.0 15.0 15.0 18.0 16.0 16.0 16.0 15.0 15.0 14.0 16.0 15.0 16.0 15.0 15.0 15.0 15.0 15.0 15.0 16.0 15.0 16.0 14.0 15.0 15.0 16.0 15.0 15.0 15.0 16.0 15.0 15.0 15.0 16.0 16.0 15.0 15.0 15.0 15.0 15.0 14.0 16.0 16.0 16.0 15.0 14.0 16.0 15.0 16.0 16.0 15.0 15.0
50 41 1 TRACE 10.0 8.0 9.0 9.0 9.0 10.0 9.0 10.0 9.0 9.0 9.0 9.0 9.0 10.0 9.0 9.0 9.0 9.0 9.0 9.0 9.0 8.0 9.0 9.0 8.0 8.0 21.0 9.0 9.0 9.0 9.0 9.0 9.0 9.0 9.0 9.0 8.0 9.0 9.0 9.0 9.0 9.0 9.0 9.0 10.0 9.0 9.0 9.0 9.0 9.0 9.0 9.0 9.0 9.0 9.0 9.0 12.0 9.0 9.0 9.0 9.0 10.0 9.0 9.0 9.0 10.0 9.0 9.0 9.0 9.0 9.0 9.0 9.0 8.0 9.0 9.0 9.0 9.0 10.0 9.0 9.0 9.0 9.0 9.0 9.0 8.0 9.0 9.0 9.0 9.0 10.0 9.0 9.0 9.0 9.0 8.0 9.0 9.0 9.0 9.0 9.0 9.0 9.0 9.0 9.0 9.0 9.0 9.0 12.0 9.0 9.0 9.0 9.0 9.0 9.0 9.0 9.0 9.0 9.0 9.0 9.0 9.0 9.0 9.0 9.0 9.0 9.0 9.0 8.0 9.0 10.0 9.0 8.0 9.0 9.0
50 51 1 TRACE 21.0
51 52 1 TRACE 234.0 227.0 225.0 226.0 223.0 224.0 226.0 224.0 227.0 225.0 224.0 222.0 225.0 225.0 225.0 223.0 224.0 225.0 223.0 225.0 225.0 226.0 273.0 222.0 225.0 225.0 246.0 224.0 226.0 224.0 225.0 225.0 223.0 226.0 225.0 225.0 226.0 224.0 224.0 224.0 225.0 249.0 226.0 225.0 224.0 252.0 225.0 225.0 224.0 226.0 226.0 227.0 227.0 224.0 224.0 225.0 224.0 254.0 227.0 226.0 225.0 247.0 222.0 225.0
52 53 1 TRACE 27.0 20.0 20.0 20.0 20.0 19.0 20.0 20.0 20.0 20.0 19.0 19.0 19.0 26.0 19.0 19.0 19.0 19.0 19.0 20.0 21.0 19.0 34.0 19.0 20.0 20.0 21.0 20.0 20.0 26.0 26.0 20.0 19.0 20.0 19.0 19.0 20.0 19.0 20.0 20.0 19.0 20.0 20.0 21.0 20.0 19.0 19.0 20.0 49.0 19.0 19.0 20.0 20.0 20.0 20.0 19.0 19.0 20.0 20.0 20.0 20.0 20.0 20.0 20.0
53 54 1 TRACE 23.0 18.0 18.0 17.0 17.0 16.0 17.0 17.0 17.0 16.0 17.0 17.0 16.0 17.0 17.0 17.0 14.0 14.0 15.0 14.0 14.0 14.0 25.0 14.0 14.0 15.0 15.0 18.0 14.0 14.0 17.0 15.0 14.0 14.0 14.0 14.0 15.0 14.0 14.0 14.0 15.0 14.0 14.0 14.0 15.0 14.0 14.0 14.0 16.0 15.0 14.0 14.0 15.0 15.0 14.0 15.0 15.0 14.0 15.0 14.0 15.0 15.0 14.0 14.0
54 55 1 TRACE 46.0 22.0 21.0 26.0 21.0 21.0 21.0 21.0 22.0 21.0 22.0 21.0 21.0 46.0 21.0 21.0 21.0 21.0 20.0 20.0 20.0 21.0 33.0 20.0 21.0 20.0 22.0 22.0 20.0 21.0 23.0 21.0 21.0 21.0 20.0 21.0 21.0 21.0 21.0 20.0 20.0 20.0 20.0 21.0 20.0 21.0 21.0 20.0 21.0 20.0 21.0 21.0 20.0 20.0 21.0 20.0 20.0 20.0 20.0 20.0 20.0 22.0 20.0 20.0
55 56 1 TRACE 11.0 7.0 8.0 21.0 8.0 8.0 8.0 8.0 8.0 8.0 8.0 7.0 8.0 8.0 8.0 8.0 8.0 8.0 8.0 8.0 8.0 8.0 8.0 8.0 8.0 8.0 8.0 8.0 7.0 8.0 8.0 8.0 8.0 8.0 8.0 8.0 8.0 8.0 8.0 8.0 8.0 8.0 7.0 8.0 7.0 8.0 8.0 7.0 8.0 7.0 8.0 8.0 8.0 8.0 8.0 7.0 8.0 8.0 8.0 7.0 8.0 8.0 8.0 8.0
56 57 1 TRACE 11.0 8.0 8.0 8.0 8.0 8.0 8.0 7.0 7.0 7.0 8.0 8.0 7.0 7.0 8.0 7.0 8.0 8.0 8.0 7.0 7.0 8.0 19.0 7.0 7.0 7.0 8.0 8.0 7.0 7.0 8.0 8.0 8.0 7.0 7.0 8.0 7.0 7.0 8.0 8.0 7.0 7.0 8.0 7.0 8.0 7.0 7.0 8.0 7.0 8.0 8.0 7.0 7.0 8.0 7.0 8.0 7.0 7.0 8.0 8.0 7.0 8.0 7.0 7.0
57 58 1 TRACE 11.0 8.0 8.0 8.0 7.0 7.0 7.0 8.0 8.0 8.0 8.0 7.0 8.0 19.0 7.0 8.0 8.0 7.0 8.0 8.0 8.0 7.0 7.0 8.0 8.0 8.0 7.0 8.0 7.0 8.0 7.0 7.0 8.0 8.0 8.0 8.0 8.0 8.0 7.0 7.0 7.0 8.0 11.0 8.0 7.0 8.0 8.0 7.0 8.0 7.0 7.0 8.0 8.0 8.0 8.0 7.0 7.0 8.0 7.0 7.0 8.0 8.0 8.0 8.0
58 59 1 TRACE 16.0 8.0 9.0 9.0 8.0 9.0 8.0 8.0 8.0 9.0 8.0 8.0 9.0 8.0 8.0 8.0 8.0 8.0 8.0 8.0 9.0 9.0 8.0 9.0 9.0 8.0 9.0 9.0 9.0 8.0 9.0 8.0 8.0 8.0 8.0 8.0 8.0 8.0 8.0 8.0 8.0 9.0 9.0 9.0 8.0 8.0 9.0 9.0 8.0 8.0 8.0 8.0 8.0 8.0 9.0 9.0 9.0 8.0 9.0 9.0 9.0 9.0 9.0 8.0
59 60 1 TRACE 8.0 7.0 7.0 8.0 8.0 7.0 8.0 8.0 7.0 7.0 8.0 8.0 7.0 20.0 8.0 7.0 8.0 8.0 8.0 7.0 8.0 8.0 19.0 7.0 7.0 7.0 7.0 7.0 8.0 7.0 7.0 8.0 8.0 7.0 7.0 8.0 8.0 7.0 8.0 8.0 8.0 7.0 8.0 7.0 8.0 8.0 7.0 8.0 7.0 8.0 8.0 8.0 8.0 8.0 7.0 7.0 7.0 7.0 8.0 8.0 7.0 8.0 7.0 7.0
60 61 1 TRACE 8.0 8.0 8.0 21.0 7.0 8.0 7.0 8.0 8.0 8.0 7.0 7.0 7.0 8.0 7.0 8.0 7.0 7.0 7.0 8.0 7.0 7.0 18.0 7.0 7.0 8.0 19.0 8.0 7.0 8.0 8.0 7.0 8.0 7.0 8.0 8.0 8.0 8.0 8.0 7.0 7.0 7.0 7.0 7.0 7.0 8.0 8.0 7.0 8.0 7.0 7.0 8.0 8.0 7.0 8.0 7.0 8.0 8.0 7.0 7.0 8.0 8.0 8.0 8.0
61 62 1 TRACE 7.0 7.0 7.0 9.0 7.0 8.0 7.0 7.0 7.0 8.0 7.0 7.0 8.0 18.0 7.0 8.0 7.0 7.0 7.0 7.0 7.0 8.0 7.0 8.0 7.0 7.0 7.0 8.0 8.0 7.0 8.0 8.0 7.0 8.0 7.0 7.0 7.0 8.0 7.0 7.0 7.0 8.0 8.0 8.0 7.0 7.0 8.0 7.0 7.0 7.0 7.0 7.0 7.0 8.0 7.0 8.0 7.0 7.0 8.0 8.0 7.0 19.0 7.0 7.0
62 1 1 TRACE 20.0 18.0 18.0 25.0 18.0 18.0 18.0 18.0 18.0 18.0 18.0 18.0 18.0 33.0 18.0 18.0 18.0 18.0 18.0 18.0 18.0 18.0 31.0 18.0 18.0 18.0 18.0 20.0 18.0 18.0 20.0 18.0 18.0 18.0 18.0 18.0 18.0 18.0 18.0 18.0 18.0 18.0 23.0 19.0 18.0 18.0 17.0 18.0 18.0 18.0 18.0 18.0 18.0 18.0 18.0 17.0 18.0 18.0 20.0 18.0 18.0 19.0 18.0
