0 1 1 TRACE 1672856469522896.0
1 2 1 TRACE 10883.0 20.0 20.0 18.0 18.0 18.0 20.0 18.0 28.0 18.0 18.0 23.0 18.0 20.0 53.0 18.0 19.0 20.0 19.0 57.0 18.0 20.0 17.0 18.0 18.0 18.0 21.0 17.0 18.0 19.0 20.0 20.0 17.0 18.0 18.0 20.0 18.0 19.0 18.0 19.0 19.0 19.0 19.0 18.0 18.0 19.0 19.0 19.0 19.0 19.0 18.0 18.0 55.0 20.0 20.0 17.0 19.0 19.0 19.0 20.0 53.0 18.0 19.0 18.0
2 3 1 TRACE 431.0 28.0 32.0 29.0 27.0 36.0 27.0 111.0 27.0 113.0 28.0 28.0 69.0 28.0 27.0 34.0 27.0 59.0 122.0 62.0 61.0 28.0 44.0 58.0 114.0 30.0 30.0 45.0 29.0 30.0 32.0 29.0 74.0 48.0 29.0 40.0 28.0 28.0 63.0 32.0 108.0 28.0 45.0 68.0 41.0 76.0 31.0 32.0 28.0 34.0 71.0 55.0 65.0 29.0 70.0 75.0 53.0 28.0 45.0 42.0 28.0 40.0 27.0 53.0
3 4 1 TRACE 68.0 31.0 39.0 62.0 41.0 55.0 24.0 60.0 23.0 57.0 42.0 25.0 28.0 24.0 34.0 23.0 24.0 28.0 128.0 26.0 60.0 63.0 58.0 23.0 29.0 58.0 34.0 66.0 54.0 24.0 29.0 23.0 60.0 55.0 58.0 25.0 23.0 28.0 59.0 61.0 63.0 25.0 54.0 24.0 26.0 59.0 24.0 29.0 54.0 28.0 54.0 25.0 23.0 31.0 23.0 28.0 55.0 23.0 23.0 65.0 24.0 57.0 55.0 33.0
4 5 1 TRACE 23.0 16.0 16.0 37.0 16.0 16.0 15.0 22.0 22.0 24.0 16.0 16.0 16.0 18.0 16.0 16.0 16.0 16.0 16.0 16.0 15.0 16.0 16.0 15.0 16.0 16.0 15.0 16.0 17.0 16.0 16.0 16.0 16.0 16.0 16.0 21.0 52.0 16.0 16.0 16.0 27.0 19.0 17.0 16.0 16.0 17.0 16.0 16.0 16.0 17.0 51.0 18.0 16.0 16.0 16.0 16.0 16.0 16.0 49.0 150.0 16.0 61.0 17.0 16.0
5 6 1 TRACE 42.0 14.0 139.0 124.0 157.0 167.0 18.0 45.0 17.0 82.0 27.0 19.0 49.0 16.0 21.0 51.0 15.0 49.0 128.0 230.0 32.0 19.0 53.0 53.0 14.0 52.0 13.0 62.0 14.0 15.0 15.0 19.0 86.0 58.0 58.0 11.0 11.0 17.0 53.0 27.0 11.0 57.0 17.0 17.0 17.0 52.0 17.0 20.0 54.0 17.0 11.0 16.0 51.0 15.0 13.0 13.0 14.0 17.0 11.0 66.0 16.0 11.0 12.0 14.0
6 7 1 TRACE 23.0 110.0 25.0 74.0 98.0 14.0 149.0 14.0 14.0 120.0 154.0 135.0 134.0 122.0 352.0 101.0 12.0 23.0 49.0 19.0 117.0 15.0 9.0 19.0 8.0 20.0 22.0 13.0 13.0 12.0 15.0 14.0 8.0 9.0 8.0 8.0 8.0 14.0 19.0 15.0 44.0 18.0 13.0 14.0 13.0 8.0 14.0 15.0 19.0 15.0 9.0 13.0 14.0 13.0 13.0 9.0 28.0 15.0 8.0 17.0 15.0 9.0 15.0 14.0
7 8 1 TRACE 21.0 16.0 13.0 11.0 13.0 37.0 16.0 14.0 13.0 16.0 14.0 17.0 16.0 17.0 9.0 13.0 13.0 17.0 15.0 15.0 16.0 16.0 8.0 8.0 12.0 8.0 13.0 11.0 8.0 15.0 16.0 14.0 27.0 13.0 8.0 9.0 31.0 15.0 10.0 19.0 17.0 27.0 9.0 15.0 14.0 14.0 15.0 26.0 9.0 14.0 7.0 24.0 16.0 18.0 9.0 16.0 20.0 15.0 9.0 17.0 19.0 7.0 19.0 19.0
8 9 1 TRACE 21.0 18.0 14.0 11.0 12.0 14.0 16.0 12.0 8.0 16.0 14.0 16.0 15.0 18.0 10.0 16.0 22.0 12.0 15.0 16.0 15.0 15.0 13.0 10.0 16.0 10.0 51.0 12.0 8.0 19.0 9.0 23.0 8.0 8.0 8.0 8.0 9.0 12.0 14.0 9.0 16.0 14.0 8.0 15.0 8.0 17.0 9.0 22.0 8.0 8.0 8.0 12.0 15.0 12.0 7.0 14.0 17.0 12.0 8.0 16.0 8.0 9.0 18.0 19.0
9 10 1 TRACE 84.0 153.0 29.0 91.0 35.0 47.0 39.0 29.0 28.0 69.0 31.0 76.0 58.0 65.0 45.0 120.0 39.0 28.0 38.0 27.0 63.0 59.0 49.0 47.0 63.0 63.0 29.0 72.0 27.0 35.0 61.0 31.0 58.0 29.0 65.0 27.0 63.0 29.0 57.0 60.0 61.0 94.0 33.0 56.0 41.0 60.0 80.0 58.0 57.0 60.0 79.0 31.0 58.0 48.0 48.0 90.0 32.0 72.0 44.0 63.0 35.0 57.0 59.0 57.0
10 11 1 TRACE 23.0 19.0 26.0 18.0 17.0 18.0 17.0 20.0 19.0 51.0 17.0 17.0 18.0 19.0 18.0 62.0 18.0 18.0 18.0 18.0 28.0 19.0 25.0 17.0 17.0 19.0 18.0 18.0 17.0 21.0 19.0 19.0 18.0 17.0 17.0 18.0 20.0 18.0 21.0 17.0 18.0 17.0 18.0 19.0 45.0 19.0 19.0 18.0 18.0 18.0 19.0 19.0 18.0 18.0 17.0 18.0 17.0 19.0 18.0 18.0 18.0 18.0 17.0 17.0
11 12 1 TRACE 36.0 25.0 18.0 19.0 27.0 53.0 26.0 26.0 19.0 17.0 18.0 33.0 67.0 63.0 18.0 59.0 22.0 25.0 32.0 19.0 45.0 18.0 18.0 19.0 21.0 17.0 19.0 55.0 19.0 58.0 18.0 17.0 19.0 28.0 19.0 19.0 20.0 18.0 22.0 49.0 19.0 36.0 19.0 20.0 18.0 17.0 23.0 19.0 46.0 19.0 49.0 18.0 55.0 20.0 21.0 50.0 23.0 18.0 27.0 19.0 19.0 19.0 46.0 18.0
12 13 1 TRACE 22.0 17.0 18.0 19.0 21.0 20.0 20.0 18.0 19.0 21.0 21.0 36.0 18.0 17.0 21.0 19.0 17.0 20.0 18.0 18.0 53.0 18.0 19.0 19.0 18.0 23.0 19.0 17.0 19.0 17.0 21.0 26.0 35.0 20.0 19.0 19.0 18.0 27.0 18.0 23.0 55.0 41.0 29.0 20.0 23.0 19.0 18.0 19.0 29.0 19.0 21.0 18.0 18.0 19.0 20.0 21.0 21.0 27.0 19.0 21.0 19.0 18.0 24.0 18.0
13 14 1 TRACE 18.0 8.0 8.0 9.0 9.0 9.0 8.0 9.0 9.0 8.0 9.0 9.0 9.0 8.0 8.0 9.0 8.0 9.0 9.0 8.0 9.0 9.0 8.0 8.0 8.0 9.0 9.0 9.0 9.0 8.0 9.0 9.0 9.0 9.0 9.0 8.0 8.0 10.0 8.0 8.0 9.0 8.0 9.0 9.0 9.0 8.0 9.0 8.0 9.0 9.0 9.0 8.0 9.0 9.0 8.0 9.0 9.0 8.0 9.0 8.0 8.0 9.0 9.0 9.0
14 15 1 TRACE 36.0 15.0 16.0 16.0 16.0 32.0 15.0 29.0 16.0 16.0 16.0 15.0 16.0 15.0 15.0 33.0 15.0 16.0 15.0 33.0 16.0 16.0 15.0 15.0 16.0 24.0 27.0 41.0 15.0 15.0 16.0 15.0 15.0 17.0 15.0 15.0 15.0 16.0 16.0 31.0 16.0 15.0 15.0 16.0 27.0 15.0 16.0 28.0 15.0 15.0 26.0 16.0 16.0 15.0 15.0 16.0 15.0 15.0 16.0 15.0 15.0 19.0 15.0 16.0
15 16 1 TRACE 12.0 8.0 7.0 7.0 8.0 11.0 7.0 8.0 8.0 8.0 7.0 8.0 8.0 8.0 8.0 8.0 8.0 8.0 8.0 8.0 8.0 8.0 8.0 8.0 8.0 8.0 8.0 8.0 8.0 8.0 8.0 7.0 8.0 8.0 7.0 8.0 8.0 8.0 8.0 8.0 8.0 8.0 8.0 9.0 8.0 8.0 9.0 7.0 8.0 8.0 8.0 8.0 9.0 7.0 8.0 8.0 8.0 8.0 9.0 8.0 7.0 9.0 8.0 8.0
16 17 1 TRACE 74.0 31.0 37.0 95.0 31.0 31.0 33.0 54.0 43.0 33.0 58.0 38.0 55.0 32.0 30.0 60.0 44.0 31.0 42.0 33.0 31.0 67.0 54.0 40.0 64.0 40.0 60.0 59.0 68.0 32.0 68.0 33.0 32.0 62.0 67.0 32.0 68.0 29.0 162.0 74.0 39.0 71.0 70.0 60.0 37.0 33.0 38.0 41.0 80.0 37.0 2067.0 64.0 55.0 38.0 39.0 70.0 66.0 39.0 29.0 70.0 31.0 63.0 85.0 60.0
17 18 1 TRACE 23.0 18.0 17.0 19.0 26.0 19.0 19.0 54.0 18.0 18.0 19.0 17.0 18.0 18.0 18.0 17.0 22.0 18.0 17.0 19.0 17.0 17.0 18.0 18.0 17.0 18.0 20.0 19.0 18.0 18.0 18.0 18.0 18.0 18.0 19.0 18.0 18.0 19.0 18.0 18.0 18.0 18.0 18.0 18.0 21.0 18.0 18.0 17.0 23.0 17.0 21.0 22.0 18.0 18.0 18.0 18.0 18.0 18.0 17.0 18.0 17.0 21.0 17.0 18.0
18 19 1 TRACE 22.0 19.0 18.0 57.0 28.0 30.0 22.0 17.0 19.0 37.0 53.0 18.0 24.0 18.0 18.0 54.0 19.0 19.0 22.0 20.0 18.0 19.0 18.0 18.0 23.0 18.0 20.0 56.0 18.0 22.0 52.0 18.0 18.0 24.0 60.0 18.0 22.0 31.0 47.0 18.0 18.0 52.0 21.0 20.0 17.0 55.0 17.0 18.0 18.0 23.0 35.0 47.0 18.0 18.0 29.0 25.0 50.0 34.0 23.0 35.0 26.0 18.0 18.0 19.0
19 20 1 TRACE 32.0 20.0 19.0 31.0 20.0 28.0 20.0 19.0 20.0 23.0 21.0 21.0 19.0 20.0 17.0 21.0 19.0 19.0 21.0 25.0 19.0 20.0 22.0 19.0 18.0 54.0 20.0 20.0 53.0 18.0 21.0 54.0 21.0 19.0 17.0 18.0 20.0 18.0 23.0 19.0 19.0 55.0 19.0 20.0 20.0 18.0 19.0 33.0 17.0 20.0 22.0 26.0 28.0 23.0 20.0 18.0 17.0 18.0 21.0 18.0 19.0 19.0 54.0 20.0
20 21 1 TRACE 20.0 15.0 16.0 15.0 15.0 17.0 15.0 16.0 16.0 15.0 15.0 15.0 15.0 15.0 16.0 15.0 16.0 15.0 16.0 15.0 15.0 16.0 15.0 15.0 16.0 15.0 16.0 16.0 15.0 17.0 15.0 16.0 15.0 16.0 16.0 16.0 15.0 16.0 15.0 16.0 16.0 16.0 15.0 16.0 16.0 15.0 16.0 16.0 15.0 16.0 16.0 15.0 16.0 15.0 15.0 16.0 16.0 16.0 16.0 26.0 15.0 16.0 16.0 15.0
21 22 1 TRACE 28.0 13.0 12.0 12.0 12.0 14.0 12.0 12.0 12.0 13.0 12.0 12.0 13.0 12.0 12.0 12.0 12.0 13.0 13.0 12.0 13.0 13.0 13.0 12.0 13.0 13.0 12.0 13.0 12.0 13.0 13.0 14.0 13.0 13.0 13.0 12.0 23.0 13.0 12.0 12.0 13.0 13.0 12.0 13.0 13.0 13.0 13.0 12.0 13.0 13.0 12.0 13.0 24.0 12.0 13.0 13.0 12.0 12.0 12.0 12.0 13.0 14.0 12.0 13.0
22 23 1 TRACE 42.0 35.0 29.0 76.0 35.0 66.0 28.0 33.0 47.0 60.0 64.0 34.0 59.0 34.0 28.0 27.0 38.0 64.0 63.0 57.0 27.0 32.0 29.0 29.0 29.0 42.0 42.0 57.0 62.0 54.0 61.0 28.0 60.0 28.0 60.0 33.0 43.0 44.0 36.0 29.0 33.0 65.0 36.0 57.0 29.0 68.0 26.0 551.0 57.0 26.0 57.0 68.0 41.0 31.0 28.0 56.0 61.0 28.0 27.0 29.0 29.0 63.0 64.0 29.0
23 24 1 TRACE 98.0 27.0 32.0 40.0 34.0 56.0 26.0 62.0 36.0 44.0 25.0 95.0 63.0 27.0 29.0 31.0 31.0 61.0 66.0 63.0 59.0 26.0 67.0 26.0 94.0 60.0 38.0 64.0 70.0 60.0 53.0 30.0 27.0 32.0 25.0 30.0 32.0 62.0 59.0 27.0 26.0 58.0 26.0 60.0 34.0 59.0 26.0 144.0 55.0 26.0 62.0 64.0 27.0 60.0 26.0 59.0 35.0 61.0 44.0 34.0 65.0 30.0 32.0 59.0
24 25 1 TRACE 46.0 31.0 21.0 61.0 21.0 58.0 21.0 23.0 21.0 22.0 22.0 22.0 21.0 20.0 20.0 20.0 22.0 23.0 20.0 21.0 21.0 21.0 20.0 28.0 22.0 22.0 56.0 21.0 21.0 22.0 21.0 23.0 20.0 21.0 21.0 21.0 21.0 22.0 21.0 22.0 20.0 58.0 21.0 21.0 22.0 31.0 22.0 22.0 66.0 22.0 24.0 22.0 22.0 21.0 21.0 22.0 21.0 22.0 21.0 23.0 22.0 22.0 21.0 60.0
25 26 1 TRACE 23.0 10.0 9.0 9.0 9.0 9.0 9.0 9.0 9.0 9.0 9.0 9.0 9.0 9.0 9.0 9.0 9.0 9.0 9.0 9.0 9.0 9.0 9.0 9.0 9.0 9.0 9.0 9.0 8.0 9.0 9.0 9.0 9.0 9.0 9.0 9.0 12.0 9.0 9.0 9.0 9.0 9.0 9.0 9.0 9.0 9.0 10.0 10.0 9.0 9.0 9.0 9.0 9.0 10.0 8.0 9.0 10.0 9.0 10.0 9.0 9.0 10.0 9.0 9.0 10.0 9.0 10.0 9.0 9.0 9.0 9.0 9.0 9.0 9.0 10.0 9.0 9.0 9.0 9.0 9.0 9.0 9.0 9.0 8.0 9.0 9.0 8.0 9.0 9.0 9.0 9.0 10.0 10.0 9.0 9.0 9.0 9.0 9.0 8.0 9.0 9.0 10.0 10.0 9.0 9.0 9.0 9.0 9.0 8.0 10.0 8.0 8.0 10.0 9.0 9.0 9.0 9.0 9.0 9.0 9.0 9.0 9.0 8.0 9.0 8.0 9.0 9.0 9.0 10.0 9.0 9.0 9.0 9.0 9.0 9.0 9.0 9.0 9.0 9.0 8.0 9.0 9.0 9.0 9.0 9.0 9.0 9.0 9.0 9.0 9.0 9.0 9.0 8.0 9.0 9.0 8.0 9.0 9.0 9.0 9.0 9.0 8.0 10.0 9.0 9.0 9.0 9.0 8.0 9.0 9.0 9.0 9.0 10.0 8.0 9.0 9.0 9.0 9.0 9.0 9.0 9.0 10.0 19.0 9.0 9.0 9.0 9.0 8.0 9.0
26 27 1 TRACE 11.0 7.0 7.0 7.0 8.0 8.0 7.0 8.0 7.0 7.0 7.0 7.0 10.0 7.0 8.0 8.0 8.0 8.0 8.0 7.0 8.0 7.0 8.0 7.0 7.0 7.0 7.0 7.0 7.0 7.0 8.0 7.0 7.0 8.0 8.0 7.0 8.0 7.0 7.0 7.0 7.0 7.0 7.0 8.0 8.0 8.0 8.0 7.0 8.0 7.0 7.0 8.0 8.0 8.0 7.0 7.0 8.0 7.0 7.0 7.0 8.0 8.0 7.0 7.0 8.0 8.0 8.0 8.0 7.0 7.0 7.0 7.0 7.0 7.0 7.0 7.0 7.0 8.0 7.0 7.0 7.0 8.0 7.0 7.0 8.0 8.0 7.0 7.0 8.0 7.0 8.0 7.0 8.0 7.0 8.0 7.0 8.0 7.0 7.0 7.0 8.0 8.0 8.0 7.0 7.0 7.0 8.0 7.0 7.0 8.0 7.0 7.0 8.0 8.0 8.0 7.0 7.0 7.0 8.0 8.0 8.0 7.0 7.0 7.0 7.0 7.0 7.0 7.0 8.0 8.0 7.0 7.0 7.0 7.0 8.0 7.0 8.0 7.0 7.0 7.0 7.0 7.0 7.0 8.0 7.0 8.0 8.0 7.0 7.0 7.0 8.0 8.0 7.0 8.0 7.0 7.0 7.0 7.0 7.0 7.0 7.0 7.0 8.0 8.0 8.0 7.0 7.0 7.0 7.0 8.0 7.0 8.0 7.0 7.0 7.0 8.0 7.0 7.0 7.0 8.0 7.0 8.0 8.0 7.0 7.0 8.0 8.0 7.0 7.0
27 28 1 TRACE 10.0 8.0 7.0 8.0 11.0 7.0 7.0 7.0 7.0 7.0 8.0 8.0 7.0 7.0 7.0 7.0 8.0 8.0 7.0 7.0 7.0 8.0 7.0 8.0 8.0 7.0 7.0 7.0 8.0 7.0 7.0 7.0 7.0 7.0 7.0 7.0 8.0 7.0 7.0 8.0 8.0 8.0 8.0 7.0 7.0 7.0 8.0 7.0 7.0 7.0 8.0 7.0 7.0 7.0 8.0 7.0 8.0 7.0 7.0 7.0 7.0 7.0 8.0 7.0 7.0 7.0 8.0 8.0 7.0 7.0 7.0 7.0 7.0 7.0 7.0 8.0 7.0 7.0 8.0 7.0 7.0 7.0 8.0 8.0 8.0 11.0 8.0 8.0 7.0 8.0 7.0 7.0 7.0 7.0 7.0 8.0 7.0 8.0 8.0 8.0 7.0 8.0 8.0 7.0 7.0 8.0 7.0 8.0 8.0 8.0 8.0 7.0 8.0 8.0 7.0 8.0 7.0 8.0 7.0 7.0 8.0 8.0 8.0 8.0 8.0 7.0 7.0 8.0 8.0 8.0 7.0 7.0 7.0 7.0 7.0 7.0 8.0 7.0 7.0 8.0 7.0 8.0 7.0 7.0 8.0 8.0 8.0 8.0 7.0 7.0 7.0 7.0 8.0 7.0 7.0 7.0 7.0 7.0 7.0 8.0 7.0 8.0 8.0 8.0 7.0 8.0 7.0 8.0 8.0 7.0 7.0 8.0 7.0 8.0 7.0 7.0 7.0 7.0 7.0 7.0 7.0 8.0 8.0 8.0 7.0 7.0 7.0 8.0 8.0
28 29 1 TRACE 12.0 8.0 8.0 8.0 10.0 9.0 8.0 8.0 8.0 8.0 8.0 8.0 9.0 8.0 8.0 9.0 9.0 8.0 9.0 8.0 9.0 8.0 9.0 8.0 8.0 8.0 8.0 8.0 8.0 8.0 9.0 8.0 8.0 9.0 8.0 8.0 10.0 8.0 9.0 8.0 8.0 8.0 8.0 9.0 9.0 8.0 9.0 8.0 8.0 8.0 8.0 9.0 8.0 9.0 8.0 9.0 9.0 8.0 9.0 8.0 9.0 9.0 8.0 8.0 8.0 9.0 8.0 9.0 8.0 12.0 8.0 8.0 8.0 8.0 8.0 8.0 9.0 9.0 8.0 8.0 9.0 8.0 8.0 8.0 9.0 10.0 8.0 8.0 8.0 8.0 8.0 8.0 8.0 9.0 9.0 8.0 9.0 8.0 8.0 8.0 9.0 9.0 8.0 9.0 8.0 8.0 8.0 8.0 19.0 8.0 8.0 8.0 9.0 9.0 8.0 8.0 8.0 8.0 9.0 9.0 9.0 8.0 8.0 8.0 8.0 12.0 8.0 8.0 9.0 9.0 8.0 8.0 8.0 8.0 8.0 8.0 9.0 8.0 8.0 8.0 8.0 12.0 8.0 9.0 8.0 9.0 9.0 8.0 8.0 8.0 9.0 9.0 8.0 9.0 8.0 8.0 8.0 8.0 8.0 8.0 8.0 8.0 9.0 9.0 8.0 8.0 8.0 8.0 8.0 8.0 19.0 8.0 8.0 8.0 8.0 8.0 9.0 8.0 8.0 9.0 8.0 9.0 9.0 8.0 9.0 9.0 8.0 8.0 8.0
29 30 1 TRACE 40.0 40.0 55.0 28.0 80.0 33.0 45.0 33.0 52.0 33.0 65.0 63.0 33.0 39.0 28.0 51.0 25.0 23.0 64.0 27.0 65.0 29.0 33.0 47.0 104.0 49.0 68.0 51.0 30.0 36.0 28.0 76.0 31.0 26.0 26.0 82.0 26.0 60.0 29.0 33.0 63.0 31.0 71.0 34.0 28.0 39.0 61.0 27.0 25.0 34.0 38.0 67.0 30.0 65.0 29.0 32.0 31.0 31.0 26.0 71.0 41.0 24.0 64.0 29.0 40.0 39.0 30.0 66.0 32.0 34.0 75.0 30.0 36.0 58.0 36.0 52.0 65.0 31.0 66.0 65.0 69.0 31.0 36.0 60.0 28.0 28.0 67.0 66.0 68.0 30.0 34.0 28.0 28.0 30.0 66.0 30.0 63.0 34.0 80.0 56.0 68.0 44.0 26.0 42.0 70.0 65.0 67.0 73.0 18.0 23.0 73.0 30.0 63.0 62.0 62.0 27.0 66.0 66.0 65.0 67.0 62.0 27.0 35.0 41.0 66.0 30.0 43.0 65.0 68.0 26.0 28.0 70.0 26.0 60.0 35.0 68.0 25.0 63.0 28.0 36.0 42.0 19.0 66.0 98.0 64.0 61.0 25.0 34.0 32.0 66.0 58.0 36.0 57.0 63.0 34.0 28.0 40.0 63.0 68.0 30.0 29.0 47.0 26.0 59.0 59.0 51.0 68.0 63.0 36.0 42.0 16.0 29.0 22.0 41.0 66.0 36.0 69.0 45.0 82.0 66.0 91.0 26.0 50.0 70.0 73.0 69.0 29.0 64.0 72.0
30 31 1 TRACE 21.0 19.0 16.0 8.0 35.0 15.0 8.0 8.0 28.0 7.0 15.0 8.0 16.0 16.0 8.0 16.0 9.0 16.0 15.0 8.0 15.0 8.0 8.0 15.0 15.0 8.0 8.0 15.0 8.0 8.0 17.0 15.0 15.0 8.0 7.0 8.0 8.0 9.0 8.0 15.0 8.0 17.0 8.0 8.0 17.0 8.0 9.0 8.0 16.0 8.0 8.0 16.0 16.0 8.0 16.0 15.0 9.0 8.0 16.0 15.0 8.0 8.0 16.0 8.0 24.0 18.0 9.0 16.0 8.0 9.0 7.0 16.0 19.0 15.0 9.0 8.0 37.0 15.0 16.0 15.0 15.0 9.0 8.0 17.0 8.0 9.0 8.0 8.0 8.0 8.0 8.0 16.0 15.0 15.0 15.0 8.0 15.0 8.0 16.0 15.0 54.0 8.0 8.0 16.0 16.0 17.0 15.0 16.0 8.0 16.0 8.0 16.0 9.0 15.0 8.0 16.0 8.0 8.0 8.0 15.0 8.0 15.0 16.0 8.0 8.0 9.0 15.0 15.0 9.0 8.0 8.0 24.0 16.0 8.0 15.0 18.0 8.0 8.0 16.0 8.0 8.0 16.0 8.0 16.0 15.0 15.0 8.0 9.0 8.0 16.0 16.0 8.0 17.0 15.0 7.0 8.0 15.0 17.0 8.0 8.0 15.0 16.0 9.0 8.0 17.0 8.0 7.0 16.0 8.0 8.0 16.0 16.0 9.0 16.0 8.0 17.0 8.0 8.0 16.0 16.0 8.0 16.0 8.0 8.0 15.0 49.0 8.0 8.0 15.0
31 32 1 TRACE 17.0 13.0 13.0 12.0 13.0 12.0 12.0 13.0 12.0 12.0 13.0 12.0 12.0 12.0 13.0 12.0 13.0 13.0 13.0 12.0 12.0 12.0 13.0 12.0 13.0 12.0 12.0 12.0 12.0 12.0 12.0 13.0 12.0 12.0 12.0 13.0 13.0 12.0 12.0 12.0 12.0 13.0 13.0 12.0 13.0 12.0 12.0 13.0 12.0 12.0 12.0 13.0 12.0 13.0 12.0 13.0 12.0 13.0 14.0 12.0 12.0 12.0 12.0 12.0 12.0 12.0 13.0 13.0 14.0 13.0 12.0 13.0 13.0 12.0 13.0 12.0 13.0 13.0 13.0 12.0 13.0 12.0 12.0 12.0 12.0 13.0 19.0 12.0 12.0 12.0 12.0 13.0 13.0 13.0 12.0 12.0 13.0 12.0 12.0 13.0 12.0 13.0 12.0 13.0 12.0 12.0 13.0 12.0 13.0 13.0 17.0 12.0 13.0 13.0 12.0 13.0 12.0 12.0 13.0 12.0 13.0 13.0 13.0 12.0 12.0 12.0 12.0 12.0 13.0 13.0 13.0 13.0 13.0 12.0 12.0 12.0 13.0 13.0 13.0 12.0 12.0 13.0 12.0 12.0 13.0 13.0 13.0 13.0 12.0 12.0 12.0 12.0 13.0 13.0 12.0 12.0 13.0 12.0 12.0 12.0 12.0 12.0 12.0 12.0 12.0 12.0 16.0 12.0 12.0 12.0 13.0 12.0 13.0 12.0 12.0 12.0 13.0 13.0 13.0 16.0 12.0 13.0 12.0 12.0 14.0 12.0 12.0 13.0 12.0
32 33 1 TRACE 23.0 17.0 17.0 17.0 21.0 17.0 32.0 17.0 16.0 17.0 17.0 17.0 31.0 17.0 35.0 17.0 17.0 17.0 17.0 18.0 22.0 17.0 18.0 17.0 17.0 16.0 16.0 17.0 17.0 16.0 18.0 17.0 18.0 17.0 30.0 22.0 18.0 17.0 22.0 17.0 18.0 52.0 18.0 17.0 17.0 17.0 22.0 17.0 16.0 17.0 18.0 18.0 18.0 18.0 17.0 17.0 17.0 17.0 17.0 18.0 17.0 17.0 18.0 52.0 17.0 18.0 17.0 17.0 16.0 19.0 16.0 17.0 68.0 17.0 17.0 17.0 17.0 17.0 18.0 51.0 18.0 17.0 17.0 24.0 17.0 24.0 19.0 16.0 17.0 17.0 17.0 43.0 17.0 17.0 17.0 17.0 25.0 18.0 18.0 17.0 47.0 17.0 16.0 17.0 17.0 16.0 17.0 28.0 17.0 18.0 19.0 17.0 17.0 16.0 17.0 17.0 17.0 18.0 48.0 17.0 52.0 17.0 17.0 25.0 17.0 19.0 17.0 18.0 55.0 18.0 18.0 18.0 17.0 18.0 18.0 21.0 16.0 17.0 17.0 17.0 17.0 17.0 18.0 17.0 24.0 17.0 17.0 17.0 20.0 17.0 17.0 17.0 17.0 16.0 17.0 17.0 25.0 17.0 17.0 19.0 50.0 17.0 17.0 19.0 17.0 17.0 18.0 17.0 17.0 17.0 17.0 17.0 17.0 17.0 18.0 17.0 54.0 50.0 17.0 16.0 16.0 17.0 17.0 20.0 17.0 18.0 17.0 17.0 17.0
33 34 1 TRACE 77.0 87.0 50.0 59.0 122.0 56.0 28.0 33.0 97.0 57.0 33.0 64.0 67.0 30.0 71.0 74.0 42.0 104.0 37.0 42.0 85.0 55.0 39.0 101.0 54.0 72.0 132.0 69.0 47.0 47.0 33.0 110.0 43.0 47.0 58.0 22.0 31.0 27.0 50.0 61.0 60.0 196.0 81.0 142.0 93.0 145.0 53.0 71.0 82.0 347.0 87.0 81.0 50.0 26.0 83.0 69.0 101.0 58.0 45.0 54.0 42.0 118.0 77.0 48.0 58.0 70.0 47.0 151.0 62.0 42.0 23.0 86.0 61.0 74.0 77.0 48.0 62.0 105.0 47.0 69.0 73.0 38.0 103.0 45.0 54.0 33.0 22.0 70.0 84.0 68.0 63.0 37.0 39.0 50.0 48.0 46.0 68.0 64.0 37.0 69.0 40.0 97.0 131.0 35.0 37.0 48.0 80.0 31.0 152.0 63.0 35.0 88.0 145.0 51.0 73.0 109.0 46.0 62.0 22.0 133.0 23.0 37.0 88.0 74.0 75.0 56.0 76.0 34.0 22.0 41.0 46.0 54.0 51.0 81.0 105.0 59.0 103.0 168.0 88.0 262.0 42.0 36.0 32.0 74.0 76.0 32.0 112.0 3081.0 967.0 1382.0 79.0 68.0 104.0 44.0 45.0 69.0 34.0 91.0 80.0 60.0 52.0 88.0 66.0 46.0 50.0 84.0 99.0 52.0 40.0 107.0 86.0 152.0 43.0 66.0 105.0 78.0 22.0 63.0 117.0 104.0 61.0 112.0 78.0 24.0 272.0 160.0 38.0 50.0 70.0
34 35 1 TRACE 651.0 628.0 18.0 52.0 69.0 51.0 18.0 52.0 58.0 18.0 17.0 68.0 55.0 22.0 60.0 53.0 51.0 61.0 18.0 64.0 55.0 18.0 50.0 54.0 51.0 18.0 85.0 52.0 17.0 52.0 52.0 63.0 52.0 17.0 104.0 17.0 18.0 52.0 17.0 25.0 52.0 91.0 18.0 51.0 57.0 17.0 17.0 50.0 282.0 50.0 52.0 56.0 53.0 50.0 62.0 49.0 18.0 54.0 91.0 52.0 19.0 56.0 51.0 53.0 102.0 51.0 51.0 150.0 19.0 18.0 87.0 51.0 56.0 18.0 18.0 59.0 59.0 53.0 49.0 60.0 18.0 18.0 53.0 52.0 18.0 107.0 18.0 17.0 54.0 18.0 535.0 53.0 53.0 85.0 52.0 52.0 57.0 18.0 51.0 104.0 60.0 19.0 53.0 51.0 50.0 53.0 50.0 17.0 52.0 17.0 119.0 52.0 85.0 52.0 52.0 57.0 17.0 18.0 59.0 87.0 61.0 55.0 68.0 17.0 58.0 50.0 79.0 21.0 18.0 54.0 51.0 55.0 18.0 52.0 385.0 51.0 18.0 57.0 55.0 18.0 49.0 53.0 60.0 54.0 50.0 18.0 54.0 25.0 53.0 106.0 73.0 51.0 107.0 50.0 19.0 55.0 51.0 17.0 52.0 51.0 56.0 18.0 17.0 53.0 52.0 17.0 55.0 52.0 17.0 55.0 92.0 19.0 53.0 52.0 91.0 63.0 18.0 50.0 55.0 51.0 58.0 63.0 62.0 55.0 62.0 52.0 19.0 53.0 54.0
35 36 1 TRACE 59.0 62.0 16.0 47.0 56.0 48.0 16.0 67.0 60.0 16.0 31.0 65.0 48.0 17.0 50.0 55.0 53.0 59.0 17.0 50.0 64.0 16.0 48.0 55.0 48.0 17.0 55.0 48.0 18.0 52.0 48.0 56.0 46.0 16.0 55.0 16.0 16.0 48.0 18.0 17.0 49.0 59.0 17.0 48.0 59.0 17.0 16.0 58.0 86.0 82.0 48.0 148.0 48.0 48.0 55.0 46.0 16.0 48.0 119.0 49.0 16.0 50.0 58.0 48.0 76.0 47.0 48.0 60.0 15.0 16.0 53.0 47.0 52.0 16.0 23.0 50.0 53.0 48.0 47.0 57.0 16.0 16.0 51.0 50.0 17.0 103.0 16.0 16.0 51.0 16.0 67.0 47.0 110.0 55.0 56.0 49.0 55.0 16.0 47.0 56.0 49.0 16.0 60.0 50.0 56.0 56.0 48.0 16.0 56.0 16.0 75.0 48.0 47.0 54.0 49.0 68.0 16.0 16.0 53.0 49.0 50.0 52.0 69.0 16.0 58.0 47.0 56.0 16.0 16.0 49.0 46.0 88.0 16.0 52.0 424.0 46.0 16.0 54.0 49.0 16.0 48.0 71.0 49.0 55.0 48.0 16.0 48.0 18.0 49.0 105.0 232.0 47.0 106.0 56.0 16.0 53.0 50.0 16.0 49.0 47.0 53.0 16.0 15.0 52.0 49.0 62.0 54.0 62.0 16.0 80.0 50.0 16.0 53.0 49.0 85.0 221.0 17.0 47.0 55.0 82.0 49.0 57.0 84.0 47.0 51.0 49.0 16.0 50.0 48.0
36 37 1 TRACE 122.0 85.0 141.0 51.0 75.0 33.0 91.0 45.0 139.0 99.0 86.0 62.0 50.0 116.0 59.0 87.0 33.0 61.0 105.0 32.0 135.0 120.0 29.0 67.0 180.0 130.0 992.0 80.0 92.0 69.0 119.0 49.0 132.0 99.0 32.0 93.0 87.0 38.0 122.0 276.0 67.0 80.0 138.0 72.0 80.0 100.0 90.0 30.0 55.0 329.0 77.0 134.0 116.0 66.0 109.0 31.0 92.0 32.0 37.0 47.0 115.0 109.0 58.0 28.0 181.0 74.0 51.0 127.0 99.0 95.0 34.0 66.0 123.0 168.0 93.0 101.0 120.0 28.0 31.0 46.0 102.0 94.0 103.0 700.0 104.0 133.0 101.0 95.0 61.0 102.0 114.0 78.0 29.0 44.0 58.0 67.0 491.0 93.0 48.0 247.0 49.0 122.0 212.0 96.0 44.0 169.0 53.0 100.0 78.0 96.0 55.0 73.0 30.0 65.0 36.0 205.0 138.0 97.0 66.0 45.0 32.0 57.0 94.0 90.0 56.0 30.0 96.0 71.0 122.0 39.0 36.0 92.0 101.0 38.0 131.0 77.0 172.0 51.0 158.0 102.0 74.0 31.0 68.0 55.0 107.0 130.0 79.0 128.0 59.0 212.0 138.0 106.0 48.0 66.0 277.0 66.0 59.0 117.0 89.0 35.0 138.0 126.0 128.0 65.0 153.0 38.0 75.0 501.0 138.0 55.0 189.0 94.0 110.0 106.0 31.0 92.0 94.0 40.0 87.0 41.0 54.0 94.0 44.0 30.0 70.0 69.0 92.0 47.0 30.0
37 38 1 TRACE 37.0 42.0 28.0 32.0 44.0 27.0 37.0 30.0 57.0 30.0 28.0 42.0 29.0 31.0 69.0 56.0 33.0 39.0 35.0 37.0 76.0 29.0 28.0 47.0 31.0 31.0 72.0 31.0 30.0 33.0 69.0 38.0 80.0 31.0 30.0 28.0 29.0 28.0 30.0 64.0 34.0 43.0 66.0 70.0 42.0 28.0 27.0 64.0 41.0 31.0 66.0 55.0 65.0 38.0 72.0 30.0 64.0 63.0 33.0 66.0 29.0 72.0 36.0 31.0 67.0 35.0 29.0 70.0 43.0 30.0 65.0 68.0 42.0 66.0 67.0 42.0 76.0 31.0 64.0 38.0 30.0 28.0 70.0 36.0 64.0 66.0 57.0 63.0 38.0 29.0 32.0 44.0 28.0 34.0 66.0 63.0 91.0 29.0 41.0 68.0 33.0 49.0 67.0 78.0 69.0 67.0 29.0 72.0 29.0 65.0 32.0 59.0 68.0 65.0 64.0 41.0 28.0 63.0 71.0 35.0 37.0 37.0 36.0 64.0 30.0 29.0 44.0 46.0 59.0 63.0 70.0 77.0 29.0 77.0 75.0 37.0 37.0 38.0 30.0 31.0 28.0 70.0 66.0 61.0 65.0 33.0 43.0 28.0 34.0 31.0 34.0 28.0 46.0 66.0 39.0 67.0 63.0 31.0 65.0 64.0 74.0 28.0 36.0 64.0 64.0 33.0 52.0 68.0 68.0 69.0 65.0 69.0 73.0 66.0 35.0 42.0 66.0 32.0 69.0 30.0 30.0 36.0 31.0 63.0 33.0 48.0 32.0 32.0 35.0
38 39 1 TRACE 31.0 28.0 25.0 63.0 32.0 26.0 26.0 50.0 27.0 35.0 42.0 29.0 26.0 28.0 36.0 42.0 32.0 36.0 33.0 30.0 67.0 79.0 34.0 33.0 35.0 25.0 64.0 32.0 32.0 26.0 66.0 61.0 63.0 64.0 26.0 33.0 61.0 25.0 56.0 62.0 26.0 63.0 63.0 59.0 74.0 59.0 31.0 24.0 67.0 39.0 60.0 65.0 64.0 29.0 27.0 63.0 64.0 29.0 62.0 62.0 31.0 60.0 25.0 25.0 31.0 29.0 68.0 76.0 31.0 34.0 29.0 57.0 25.0 63.0 60.0 26.0 67.0 35.0 26.0 41.0 33.0 63.0 70.0 36.0 29.0 36.0 60.0 25.0 24.0 65.0 38.0 26.0 65.0 64.0 61.0 33.0 66.0 65.0 69.0 63.0 31.0 25.0 61.0 29.0 56.0 54.0 25.0 75.0 64.0 64.0 35.0 26.0 59.0 59.0 29.0 27.0 63.0 56.0 87.0 31.0 36.0 25.0 29.0 63.0 63.0 35.0 60.0 25.0 67.0 24.0 64.0 57.0 67.0 25.0 99.0 32.0 35.0 64.0 31.0 61.0 70.0 62.0 201.0 32.0 75.0 26.0 26.0 26.0 26.0 25.0 51.0 60.0 62.0 64.0 31.0 27.0 32.0 25.0 28.0 63.0 62.0 31.0 59.0 60.0 46.0 28.0 64.0 63.0 54.0 27.0 64.0 64.0 30.0 65.0 66.0 29.0 37.0 70.0 27.0 57.0 26.0 26.0 32.0 33.0 26.0 61.0 34.0 30.0 26.0
39 25 1 TRACE 18.0 20.0 47.0 19.0 18.0 17.0 17.0 17.0 17.0 16.0 17.0 17.0 20.0 17.0 17.0 17.0 18.0 53.0 17.0 18.0 16.0 18.0 17.0 18.0 18.0 17.0 18.0 19.0 27.0 54.0 18.0 18.0 17.0 19.0 20.0 18.0 17.0 17.0 49.0 19.0 27.0 16.0 18.0 26.0 20.0 18.0 16.0 16.0 47.0 18.0 18.0 17.0 17.0 29.0 20.0 17.0 17.0 17.0 55.0 16.0 23.0 56.0 17.0 18.0 21.0 18.0 19.0 18.0 17.0 17.0
39 40 1 TRACE 50.0 28.0 49.0 37.0 64.0 28.0 63.0 39.0 29.0 32.0 74.0 32.0 45.0 28.0 62.0 48.0 61.0 42.0 34.0 30.0 38.0 61.0 61.0 37.0 30.0 37.0 61.0 33.0 59.0 26.0 33.0 39.0 30.0 60.0 39.0 30.0 28.0 29.0 27.0 113.0 79.0 31.0 64.0 27.0 29.0 67.0 27.0 66.0 36.0 63.0 28.0 63.0 30.0 35.0 31.0 37.0 62.0 41.0 58.0 59.0 28.0 32.0 30.0 59.0
39 51 1 TRACE 53.0 60.0 28.0 47.0 26.0 35.0 80.0 27.0 45.0 61.0 26.0 74.0 29.0 29.0 61.0 37.0 34.0 29.0 29.0 35.0 66.0 64.0 28.0 62.0 44.0 35.0 29.0 65.0 67.0 27.0 55.0 60.0 62.0 32.0 60.0 27.0 28.0 62.0 65.0 30.0 44.0 62.0 29.0 61.0 31.0 64.0 27.0 29.0 64.0 67.0 63.0 31.0 29.0 68.0 35.0
40 41 1 TRACE 34.0 18.0 20.0 18.0 14.0 20.0 19.0 17.0 17.0 13.0 17.0 13.0 14.0 21.0 19.0 18.0 19.0 17.0 15.0 14.0 15.0 19.0 13.0 17.0 18.0 18.0 14.0 13.0 13.0 14.0 16.0 19.0 18.0 14.0 15.0 13.0 14.0 14.0 20.0 16.0 14.0 14.0 17.0 14.0 17.0 18.0 17.0 14.0 15.0 14.0 14.0 17.0 17.0 13.0 19.0 15.0 15.0 16.0 15.0 19.0 16.0 20.0 15.0 14.0
41 42 1 TRACE 18.0 13.0 14.0 13.0 12.0 12.0 13.0 13.0 13.0 13.0 13.0 12.0 13.0 13.0 13.0 14.0 14.0 13.0 17.0 12.0 13.0 12.0 12.0 12.0 13.0 13.0 13.0 12.0 13.0 12.0 12.0 13.0 12.0 12.0 12.0 13.0 13.0 12.0 13.0 13.0 13.0 13.0 12.0 13.0 13.0 13.0 13.0 13.0 15.0 12.0 12.0 15.0 13.0 12.0 13.0 13.0 13.0 14.0 13.0 13.0 12.0 13.0 13.0 12.0 13.0 12.0 13.0 15.0 14.0 13.0 13.0 13.0 12.0 13.0 13.0 13.0 12.0 13.0 12.0 13.0 12.0 12.0 12.0 13.0 13.0 13.0 13.0 12.0 12.0 13.0 12.0 12.0 13.0 13.0 12.0 13.0 13.0 13.0 12.0 13.0 13.0 12.0 14.0 13.0 12.0 14.0 13.0 14.0 13.0 13.0 13.0 12.0 13.0 14.0 13.0 13.0 12.0 13.0 13.0 13.0 13.0 13.0 13.0 13.0 12.0 12.0 12.0 13.0 13.0 12.0 12.0 12.0 12.0 12.0 12.0 13.0 12.0 12.0 13.0 13.0 13.0 13.0 13.0 13.0 12.0 13.0 13.0 12.0 13.0 13.0 13.0 13.0 12.0 12.0 12.0 13.0 12.0 13.0 13.0 14.0 13.0 13.0 13.0 13.0 13.0 13.0 13.0 12.0 13.0 12.0 13.0 12.0 12.0 13.0 14.0 13.0 13.0 12.0 13.0 12.0 15.0 13.0 13.0 12.0 12.0 13.0 13.0 13.0 13.0 13.0 13.0 13.0 13.0 12.0 13.0 12.0 14.0 13.0 13.0 13.0 12.0 12.0 13.0 12.0 12.0
42 43 1 TRACE 16.0 12.0 11.0 11.0 11.0 11.0 12.0 12.0 12.0 11.0 12.0 12.0 11.0 11.0 12.0 12.0 12.0 12.0 12.0 11.0 12.0 11.0 11.0 11.0 12.0 12.0 12.0 11.0 12.0 11.0 11.0 11.0 12.0 12.0 11.0 12.0 11.0 11.0 12.0 12.0 12.0 12.0 11.0 12.0 11.0 12.0 12.0 12.0 12.0 12.0 12.0 11.0 12.0 11.0 12.0 12.0 12.0 12.0 12.0 12.0 12.0 11.0 12.0 11.0 11.0 11.0 12.0 12.0 12.0 11.0 11.0 11.0 11.0 11.0 12.0 11.0 11.0 12.0 16.0 12.0 12.0 12.0 12.0 12.0 12.0 11.0 12.0 11.0 12.0 12.0 12.0 12.0 11.0 12.0 11.0 12.0 12.0 11.0 11.0 12.0 12.0 11.0 12.0 11.0 12.0 14.0 13.0 12.0 11.0 11.0 11.0 11.0 11.0 17.0 12.0 12.0 11.0 11.0 12.0 12.0 12.0 12.0 11.0 12.0 12.0 11.0 11.0 11.0 12.0 11.0 12.0 11.0 16.0 12.0 12.0 12.0 11.0 11.0 12.0 13.0 12.0 11.0 11.0 12.0 12.0 12.0 11.0 11.0 12.0 12.0 12.0 12.0 12.0 12.0 12.0 12.0 11.0 12.0 13.0 12.0 12.0 12.0 11.0 12.0 12.0 12.0 12.0 13.0 11.0 12.0 12.0 11.0 12.0 12.0 13.0 11.0 12.0 12.0 12.0 11.0 11.0 12.0 12.0 11.0 11.0 12.0 12.0 12.0 12.0 12.0 11.0 12.0 11.0 11.0 12.0 12.0 12.0 12.0 12.0 11.0 11.0 11.0 12.0 12.0 11.0
43 44 1 TRACE 12.0 8.0 7.0 8.0 8.0 8.0 8.0 8.0 8.0 7.0 8.0 8.0 7.0 8.0 8.0 8.0 20.0 8.0 9.0 8.0 7.0 8.0 8.0 7.0 8.0 8.0 17.0 8.0 8.0 8.0 8.0 8.0 8.0 8.0 8.0 8.0 7.0 8.0 9.0 9.0 8.0 8.0 7.0 8.0 7.0 8.0 11.0 8.0 9.0 8.0 8.0 8.0 8.0 8.0 8.0 8.0 8.0 8.0 8.0 8.0 8.0 7.0 8.0 8.0 8.0 7.0 9.0 8.0 8.0 7.0 8.0 7.0 7.0 8.0 8.0 7.0 7.0 8.0 9.0 8.0 8.0 8.0 8.0 8.0 8.0 8.0 8.0 7.0 8.0 8.0 8.0 8.0 7.0 8.0 7.0 7.0 8.0 8.0 8.0 8.0 8.0 7.0 8.0 7.0 8.0 9.0 8.0 8.0 8.0 8.0 7.0 8.0 7.0 9.0 8.0 8.0 8.0 7.0 8.0 8.0 8.0 8.0 8.0 8.0 8.0 8.0 7.0 8.0 8.0 7.0 8.0 8.0 9.0 8.0 8.0 8.0 7.0 7.0 8.0 9.0 8.0 8.0 8.0 8.0 8.0 8.0 7.0 7.0 8.0 8.0 8.0 8.0 8.0 8.0 8.0 8.0 8.0 8.0 8.0 9.0 8.0 8.0 8.0 8.0 8.0 8.0 8.0 8.0 8.0 8.0 8.0 8.0 8.0 8.0 8.0 8.0 8.0 8.0 8.0 7.0 7.0 8.0 8.0 8.0 8.0 8.0 8.0 8.0 8.0 8.0 7.0 8.0 8.0 8.0 8.0 8.0 8.0 11.0 8.0 8.0 7.0 7.0 8.0 8.0 7.0
44 45 1 TRACE 34.0 20.0 29.0 20.0 53.0 45.0 21.0 21.0 30.0 19.0 21.0 24.0 69.0 46.0 24.0 25.0 27.0 31.0 19.0 29.0 20.0 21.0 19.0 99.0 56.0 30.0 17.0 31.0 19.0 41.0 54.0 83.0 21.0 20.0 20.0 24.0 20.0 20.0 19.0 17.0 54.0 20.0 22.0 20.0 28.0 50.0 28.0 21.0 28.0 19.0 22.0 19.0 27.0 19.0 24.0 24.0 29.0 19.0 19.0 21.0 64.0 61.0 56.0 19.0 19.0 23.0 18.0 54.0 53.0 58.0 19.0 64.0 22.0 20.0 60.0 21.0 24.0 29.0 20.0 23.0 21.0 20.0 20.0 30.0 19.0 57.0 19.0 20.0 25.0 21.0 19.0 53.0 27.0 58.0 56.0 19.0 56.0 19.0 26.0 59.0 49.0 28.0 18.0 61.0 22.0 17.0 26.0 70.0 28.0 55.0 19.0 62.0 19.0 16.0 19.0 20.0 21.0 52.0 26.0 20.0 18.0 58.0 21.0 29.0 45.0 45.0 57.0 31.0 94.0 40.0 20.0 20.0 16.0 20.0 28.0 22.0 61.0 19.0 17.0 39.0 19.0 61.0 20.0 22.0 19.0 62.0 21.0 61.0 93.0 18.0 18.0 37.0 58.0 21.0 29.0 52.0 26.0 34.0 19.0 57.0 23.0 27.0 58.0 35.0 61.0 50.0 20.0 47.0 19.0 26.0 66.0 59.0 21.0 58.0 17.0 19.0 20.0 21.0 30.0 39.0 18.0 20.0 21.0 29.0 40.0 57.0 20.0 17.0 88.0 57.0 29.0 93.0 19.0 20.0 59.0 21.0 55.0 20.0 34.0 61.0 95.0 26.0 20.0 20.0 20.0
45 46 1 TRACE 21.0 15.0 26.0 18.0 17.0 15.0 16.0 16.0 18.0 16.0 15.0 15.0 16.0 15.0 16.0 16.0 16.0 15.0 16.0 15.0 15.0 16.0 15.0 16.0 16.0 16.0 15.0 16.0 16.0 52.0 15.0 17.0 16.0 15.0 16.0 53.0 16.0 15.0 17.0 16.0 24.0 50.0 16.0 16.0 15.0 16.0 15.0 15.0 18.0 15.0 16.0 15.0 14.0 15.0 16.0 16.0 46.0 16.0 16.0 28.0 49.0 19.0 15.0 17.0 16.0 15.0 17.0 17.0 15.0 18.0 15.0 15.0 48.0 16.0 16.0 16.0 15.0 15.0 16.0 15.0 19.0 16.0 15.0 16.0 16.0 16.0 16.0 15.0 16.0 18.0 17.0 16.0 16.0 15.0 53.0 16.0 22.0 15.0 18.0 17.0 15.0 15.0 16.0 16.0 16.0 15.0 16.0 15.0 15.0 15.0 17.0 50.0 16.0 15.0 15.0 16.0 16.0 16.0 15.0 16.0 16.0 14.0 16.0 15.0 16.0 15.0 16.0 15.0 16.0 16.0 26.0 16.0 16.0 15.0 15.0 16.0 48.0 15.0 15.0 15.0 15.0 15.0 17.0 17.0 15.0 16.0 16.0 16.0 51.0 15.0 16.0 16.0 15.0 16.0 15.0 17.0 51.0 18.0 16.0 50.0 17.0 17.0 20.0 16.0 15.0 16.0 15.0 15.0 16.0 15.0 51.0 16.0 15.0 18.0 15.0 17.0 17.0 16.0 15.0 15.0 17.0 15.0 51.0 15.0 16.0 15.0 14.0 16.0 16.0 15.0 16.0 15.0 15.0 17.0 15.0 16.0 16.0 16.0 17.0 55.0 15.0 15.0 19.0 15.0 16.0
46 47 1 TRACE 48.0 23.0 23.0 33.0 22.0 22.0 53.0 22.0 22.0 68.0 22.0 22.0 53.0 24.0 23.0 34.0 22.0 21.0 33.0 23.0 30.0 83.0 34.0 22.0 36.0 23.0 22.0 41.0 25.0 27.0 26.0 65.0 30.0 29.0 45.0 27.0 23.0 22.0 43.0 28.0 23.0 22.0 33.0 23.0 22.0 77.0 24.0 56.0 34.0 23.0 54.0 37.0 85.0 24.0 33.0 99.0 22.0 74.0 26.0 22.0 41.0 27.0 22.0 77.0 40.0 69.0 72.0 25.0 23.0 41.0 33.0 52.0 22.0 65.0 23.0 23.0 113.0 55.0 27.0 33.0 22.0 23.0 78.0 52.0 23.0 40.0 27.0 96.0 59.0 72.0 28.0 23.0 22.0 43.0 24.0 29.0 39.0 23.0 37.0 139.0 52.0 47.0 35.0 24.0 22.0 77.0 25.0 33.0 36.0 24.0 99.0 40.0 61.0 23.0 24.0 40.0 45.0 28.0 71.0 28.0 24.0 23.0 32.0 61.0 29.0 37.0 23.0 22.0 42.0 37.0 54.0 74.0 26.0 22.0 45.0 109.0 24.0 24.0 70.0 28.0 23.0 23.0 65.0 63.0 25.0 35.0 23.0 22.0 36.0 59.0 54.0 42.0 58.0 60.0 52.0 38.0 23.0 24.0 108.0 29.0 23.0 22.0 42.0 26.0 23.0 34.0 26.0 22.0 35.0 62.0 22.0 44.0 61.0 22.0 58.0 32.0 55.0 22.0 53.0 68.0 23.0 114.0 23.0 51.0 40.0 52.0 59.0 43.0 29.0 22.0 32.0 23.0 102.0 69.0 58.0 22.0 33.0 24.0 23.0 38.0 32.0 44.0 67.0 64.0 22.0
47 48 1 TRACE 13.0 12.0 9.0 10.0 10.0 10.0 10.0 8.0 10.0 19.0 9.0 10.0 10.0 11.0 8.0 9.0 9.0 11.0 9.0 12.0 10.0 8.0 14.0 10.0 10.0 9.0 39.0 10.0 8.0 10.0 9.0 9.0 9.0 9.0 9.0 7.0 52.0 9.0 9.0 10.0 9.0 9.0 8.0 10.0 10.0 10.0 10.0 120.0 50.0 8.0 10.0 11.0 10.0 10.0 10.0 10.0 8.0 10.0 10.0 9.0 19.0 9.0 10.0 8.0 10.0 16.0 11.0 9.0 10.0 9.0 8.0 9.0 43.0 12.0 11.0 9.0 10.0 8.0 31.0 10.0 9.0 10.0 11.0 9.0 7.0 10.0 10.0 13.0 10.0 10.0 10.0 8.0 10.0 11.0 10.0 10.0 10.0 9.0 8.0 10.0 10.0 9.0 10.0 9.0 10.0 9.0 10.0 10.0 10.0 11.0 10.0 10.0 7.0 10.0 10.0 10.0 9.0 36.0 10.0 8.0 49.0 9.0 9.0 10.0 9.0 10.0 8.0 16.0 9.0 11.0 10.0 10.0 10.0 8.0 60.0 11.0 9.0 9.0 10.0 10.0 8.0 17.0 10.0 9.0 10.0 10.0 10.0 8.0 9.0 9.0 9.0 10.0 10.0 10.0 8.0 32.0 10.0 11.0 10.0 9.0 10.0 8.0 10.0 10.0 9.0 10.0 10.0 10.0 8.0 12.0 10.0 10.0 10.0 10.0 9.0 8.0 10.0 10.0 10.0 10.0 11.0 10.0 8.0 10.0 9.0 10.0 9.0 11.0 11.0 8.0 10.0 10.0 10.0 10.0 9.0 9.0 8.0 10.0 10.0 10.0 10.0 10.0 9.0 8.0 10.0 10.0 10.0 10.0 51.0 9.0 8.0 9.0 9.0 10.0 9.0 9.0 9.0 8.0 9.0 10.0 22.0 10.0 10.0 10.0 8.0 9.0 12.0 10.0 9.0 10.0 9.0 8.0 9.0 11.0 10.0 10.0 17.0 10.0 7.0 14.0 10.0 10.0 9.0 9.0 9.0 8.0 10.0 10.0 10.0 10.0 10.0 9.0 8.0 46.0 16.0 16.0 9.0 9.0 11.0 8.0 11.0 10.0 9.0 10.0 9.0 10.0 8.0 10.0 10.0 12.0 10.0 10.0 10.0 8.0 42.0 11.0 12.0 9.0 10.0 10.0 8.0 10.0 10.0 9.0 15.0 10.0 9.0 8.0 9.0 10.0 18.0 9.0 10.0 41.0 8.0 10.0 11.0 10.0 9.0 10.0 10.0 8.0 9.0 11.0 10.0 10.0 10.0 10.0 7.0 15.0 10.0 10.0 9.0 9.0 10.0 8.0 10.0 10.0 10.0 10.0 11.0 9.0 8.0 10.0 10.0 10.0 59.0 9.0 9.0 8.0 9.0 9.0 10.0 10.0 10.0 9.0 8.0 10.0 10.0 10.0 10.0 10.0 10.0 8.0 41.0 18.0 10.0 9.0 12.0 10.0 8.0 9.0 10.0 10.0 10.0 9.0 11.0 8.0 10.0 10.0 10.0 39.0 11.0 49.0 8.0 9.0 9.0 10.0 9.0 10.0 10.0 8.0 43.0 11.0 10.0 9.0 10.0 10.0 8.0 10.0 10.0 10.0 11.0 10.0 10.0 8.0 10.0 9.0 10.0 10.0 9.0 9.0 8.0 15.0 10.0 9.0 9.0 10.0 10.0 8.0 10.0 10.0 10.0 10.0 22.0 10.0 8.0 10.0 10.0 10.0 9.0 10.0 10.0 8.0 46.0 11.0 10.0 10.0 9.0 10.0 7.0 10.0 10.0 9.0 9.0 10.0 9.0 8.0 10.0 11.0 10.0 10.0 11.0 10.0 7.0 9.0 9.0 9.0 10.0 9.0 13.0 8.0 14.0 10.0 9.0 9.0 9.0 9.0 7.0 9.0 10.0 9.0 10.0 10.0 10.0 8.0 50.0 10.0 10.0 10.0 11.0 10.0 8.0 10.0 10.0 10.0 10.0 10.0 10.0 8.0 24.0 10.0 10.0 10.0 45.0 10.0 8.0 10.0 10.0 10.0 10.0 10.0 9.0 8.0 9.0 9.0 9.0 9.0 9.0 10.0 8.0 79.0 21.0 10.0 10.0 10.0 10.0 8.0 10.0 10.0 10.0 10.0 9.0 9.0 8.0 10.0 10.0 9.0 10.0 10.0 10.0 7.0 10.0 9.0 16.0 10.0 10.0 10.0 8.0 46.0 14.0 10.0 10.0 44.0 12.0 8.0 9.0 10.0 10.0 10.0 9.0 9.0 8.0 11.0 10.0 11.0 10.0 12.0 10.0 7.0 9.0 12.0 10.0 10.0 11.0 9.0 8.0 9.0 10.0 10.0 10.0 11.0 11.0 8.0 76.0 9.0 10.0 10.0 53.0 10.0 7.0 9.0 10.0 11.0 9.0 11.0 10.0 8.0 48.0 9.0 10.0 10.0 11.0 10.0 8.0 10.0 10.0 9.0 10.0 9.0 9.0 7.0 10.0 10.0 10.0 18.0 9.0 10.0 8.0 9.0 11.0 10.0 9.0 22.0 11.0 7.0 9.0 15.0 9.0 10.0 9.0 9.0 8.0 11.0 10.0 11.0 10.0 10.0 9.0 7.0 9.0 11.0 10.0 9.0 10.0 10.0 8.0 10.0 11.0 9.0 9.0 10.0 10.0 8.0 9.0 10.0 16.0 10.0 9.0 9.0 8.0 11.0 10.0 10.0 17.0 10.0 10.0 8.0 9.0 11.0 9.0 10.0 9.0 44.0 8.0 10.0 9.0 10.0 9.0 19.0 10.0 8.0 81.0 10.0 10.0 10.0 10.0 9.0 7.0 10.0 24.0 10.0 11.0 11.0 10.0 8.0 10.0 9.0 11.0 9.0 10.0 9.0 9.0 9.0 10.0 11.0 9.0 10.0 10.0 8.0 32.0 48.0 9.0 10.0 10.0 15.0 8.0 10.0 10.0 10.0 9.0 10.0 9.0 8.0 10.0 10.0 10.0 10.0 10.0 9.0 8.0 24.0 10.0 10.0 9.0 9.0 10.0 8.0 9.0 9.0 10.0 10.0 9.0 10.0 8.0 10.0 9.0 10.0 10.0 9.0 10.0 7.0 12.0 10.0 18.0 10.0 10.0 10.0 7.0 37.0 10.0 9.0 10.0 10.0 9.0 9.0 10.0 10.0 10.0 10.0 10.0 10.0 8.0 11.0 10.0 10.0 10.0 9.0 10.0 7.0 10.0 10.0 10.0 10.0 20.0 10.0 8.0 10.0 10.0 10.0 9.0 9.0 9.0 8.0 12.0 11.0 12.0 9.0 10.0 10.0 8.0 9.0 10.0 10.0 9.0 10.0 9.0 8.0 9.0 10.0 10.0 9.0 10.0 9.0 8.0 10.0 9.0 10.0 10.0 10.0 10.0 7.0 10.0 15.0 9.0 10.0 9.0 10.0 8.0 40.0 12.0 10.0 9.0 10.0 10.0 8.0 9.0 9.0 9.0 48.0 10.0 14.0 8.0 10.0 10.0 9.0 9.0 9.0 10.0 8.0 9.0 9.0 20.0 10.0 10.0 10.0 8.0 10.0 11.0 10.0 10.0 10.0 10.0 8.0 10.0 10.0 10.0 10.0 10.0 10.0 9.0 9.0 10.0 10.0 10.0 10.0 10.0 17.0 68.0 10.0 10.0 10.0 48.0 9.0 7.0 62.0 10.0 9.0 9.0 10.0 9.0 9.0 23.0 11.0 9.0 10.0 11.0 10.0 7.0 9.0 9.0 10.0 10.0 9.0 10.0 8.0 9.0 14.0 9.0 10.0 9.0 11.0 8.0 10.0 9.0 10.0 9.0 10.0 10.0 8.0 67.0 10.0 9.0 10.0 11.0 48.0 8.0 10.0 10.0 10.0 9.0 43.0 12.0 7.0 9.0 9.0 10.0 9.0 9.0 13.0 8.0 10.0 18.0 10.0 9.0 10.0 10.0 8.0 10.0 9.0 10.0 9.0 9.0 9.0 8.0 10.0 20.0 10.0 10.0 10.0 9.0 7.0 60.0 11.0 10.0 10.0 10.0 9.0 7.0 10.0 9.0 10.0 10.0 10.0 10.0 8.0 10.0 9.0 46.0 9.0 10.0 10.0 8.0 11.0 11.0 9.0 9.0 10.0 9.0 8.0 15.0 10.0 9.0 10.0 10.0 10.0 8.0 26.0 10.0 10.0 10.0 11.0 10.0 18.0 10.0 10.0 10.0 10.0 10.0 10.0 7.0 11.0 10.0 10.0 10.0 10.0 9.0 8.0 139.0 10.0 9.0 10.0 10.0 10.0 8.0 10.0 9.0 10.0 10.0 11.0 10.0 8.0 10.0 10.0 10.0 9.0 10.0 10.0 7.0 10.0 10.0 9.0 9.0 9.0 10.0 8.0 10.0 10.0 11.0 10.0 11.0 9.0 7.0 74.0 12.0 10.0 10.0 11.0 10.0 8.0 15.0 11.0 10.0 10.0 52.0 10.0 8.0 58.0 10.0 10.0 10.0 10.0 10.0 9.0 10.0 10.0 10.0 9.0 10.0 10.0 17.0 10.0 10.0 10.0 10.0 10.0 9.0 8.0 10.0 10.0 10.0 9.0 10.0 10.0 8.0 10.0 10.0 11.0 10.0 10.0 9.0 8.0 10.0 11.0 10.0 9.0 10.0 10.0 8.0 10.0 10.0 9.0 10.0 10.0 10.0 8.0 10.0 9.0 10.0 9.0 10.0 9.0 8.0 10.0 10.0 10.0 10.0 10.0 10.0 7.0 9.0 10.0 10.0 9.0 9.0 10.0 8.0 10.0 10.0 16.0 28.0 10.0 10.0 8.0 10.0 10.0 10.0 10.0 9.0 10.0 8.0 9.0 10.0 10.0 10.0 10.0 10.0 8.0 9.0 10.0 10.0 11.0 18.0 10.0 8.0 9.0 9.0 9.0 9.0 10.0 9.0 7.0 10.0 10.0 10.0 9.0 11.0 10.0 8.0 9.0 10.0 11.0 11.0 12.0 10.0 8.0 10.0 9.0 10.0 10.0 10.0 9.0 8.0 21.0 12.0 10.0 10.0 9.0 10.0 8.0 237.0 10.0 9.0 10.0 9.0 10.0 8.0 83.0 10.0 10.0 9.0 9.0 9.0 8.0 32.0 10.0 10.0 9.0 10.0 9.0 7.0 10.0 9.0 9.0 10.0 48.0 10.0 8.0 9.0 10.0 16.0 9.0 9.0 9.0 8.0 10.0 9.0 11.0 10.0 10.0 10.0 7.0 9.0 10.0 9.0 17.0 21.0 10.0 8.0 13.0 11.0 10.0 10.0 19.0 9.0 7.0 17.0 9.0 9.0 10.0 10.0 10.0 7.0 10.0 11.0 10.0 9.0 10.0 9.0 8.0 30.0 14.0 10.0 9.0 11.0 10.0 8.0 25.0 9.0 10.0 9.0 16.0 10.0 8.0 10.0 11.0 10.0 9.0 10.0 10.0 8.0 11.0 14.0 10.0 10.0 10.0 10.0 8.0 10.0 10.0 10.0 10.0 9.0 10.0 8.0 35.0 10.0 11.0 10.0 9.0 9.0 8.0 10.0 18.0 10.0 10.0 9.0 9.0 8.0 9.0 9.0 10.0 10.0 9.0 10.0 7.0 10.0 11.0 10.0 10.0 10.0 9.0 7.0 10.0 10.0 10.0 10.0 10.0 9.0 8.0 11.0 10.0 11.0 10.0 10.0 10.0 9.0 10.0 10.0 10.0 10.0 10.0 21.0 8.0 10.0 9.0 9.0 10.0 12.0 20.0 8.0 9.0 12.0 10.0 9.0 10.0 10.0 8.0 10.0 10.0 10.0 9.0 10.0 10.0 8.0 10.0 9.0 10.0 10.0 9.0 10.0 8.0 10.0 9.0 10.0 9.0 10.0 10.0 8.0 18.0 11.0 10.0 9.0 11.0 10.0 8.0 30.0 20.0 9.0 9.0 10.0 9.0 8.0 10.0 11.0 10.0 10.0 10.0 13.0 9.0 9.0 10.0 10.0 9.0 10.0 10.0 9.0 10.0 10.0 10.0 10.0 10.0 10.0 8.0 10.0 10.0 9.0 9.0 12.0 10.0 8.0 92.0 23.0 10.0 9.0 51.0 9.0 8.0 11.0 10.0 9.0 10.0 10.0 10.0 8.0 84.0 9.0 10.0 9.0 10.0 15.0 8.0 16.0 9.0 10.0 9.0 9.0 9.0 8.0 26.0 10.0 10.0 10.0 10.0 9.0
48 49 1 TRACE 12.0 12.0 11.0 11.0 10.0 11.0 10.0 7.0 10.0 10.0 9.0 9.0 9.0 1061.0 7.0 9.0 9.0 9.0 9.0 10.0 22.0 9.0 19.0 11.0 11.0 10.0 11.0 11.0 8.0 9.0 9.0 9.0 9.0 9.0 9.0 7.0 9.0 9.0 9.0 9.0 9.0 9.0 8.0 12.0 12.0 12.0 11.0 13.0 16.0 8.0 12.0 10.0 9.0 10.0 9.0 15.0 8.0 10.0 9.0 10.0 10.0 10.0 10.0 8.0 13.0 11.0 11.0 11.0 10.0 10.0 7.0 10.0 10.0 10.0 9.0 11.0 10.0 7.0 9.0 10.0 9.0 9.0 10.0 10.0 8.0 12.0 43.0 12.0 10.0 11.0 10.0 8.0 11.0 10.0 10.0 10.0 10.0 9.0 7.0 9.0 10.0 10.0 10.0 9.0 10.0 9.0 12.0 19.0 31.0 11.0 11.0 11.0 7.0 10.0 9.0 10.0 9.0 10.0 10.0 7.0 9.0 9.0 9.0 10.0 9.0 10.0 8.0 50.0 18.0 59.0 11.0 11.0 10.0 8.0 10.0 10.0 9.0 9.0 9.0 9.0 7.0 9.0 9.0 10.0 9.0 10.0 9.0 9.0 12.0 11.0 11.0 11.0 11.0 10.0 7.0 14.0 10.0 9.0 19.0 9.0 10.0 7.0 52.0 15.0 9.0 10.0 9.0 13.0 9.0 12.0 11.0 11.0 11.0 10.0 10.0 7.0 9.0 10.0 10.0 10.0 10.0 9.0 7.0 9.0 9.0 10.0 9.0 10.0 10.0 9.0 15.0 12.0 10.0 11.0 10.0 19.0 8.0 10.0 10.0 11.0 11.0 10.0 9.0 8.0 10.0 9.0 45.0 10.0 10.0 10.0 8.0 9.0 9.0 10.0 9.0 9.0 9.0 9.0 12.0 11.0 11.0 11.0 10.0 10.0 8.0 10.0 10.0 10.0 9.0 10.0 10.0 8.0 9.0 10.0 10.0 11.0 10.0 10.0 8.0 13.0 11.0 11.0 11.0 10.0 10.0 8.0 11.0 11.0 11.0 10.0 10.0 14.0 8.0 10.0 10.0 9.0 10.0 10.0 10.0 8.0 10.0 10.0 10.0 10.0 9.0 9.0 9.0 13.0 12.0 12.0 11.0 11.0 10.0 8.0 13.0 12.0 11.0 10.0 10.0 10.0 8.0 10.0 10.0 10.0 10.0 11.0 13.0 10.0 10.0 10.0 9.0 10.0 9.0 9.0 8.0 12.0 12.0 10.0 10.0 11.0 10.0 7.0 10.0 9.0 10.0 10.0 10.0 10.0 7.0 9.0 9.0 10.0 9.0 9.0 10.0 8.0 12.0 12.0 11.0 11.0 11.0 9.0 8.0 10.0 10.0 9.0 12.0 11.0 9.0 7.0 10.0 10.0 10.0 9.0 10.0 10.0 9.0 12.0 12.0 10.0 19.0 10.0 11.0 8.0 12.0 11.0 9.0 9.0 10.0 10.0 7.0 13.0 10.0 9.0 15.0 10.0 9.0 9.0 13.0 11.0 12.0 11.0 11.0 13.0 7.0 10.0 10.0 10.0 10.0 10.0 10.0 7.0 11.0 10.0 10.0 9.0 9.0 9.0 8.0 24.0 11.0 12.0 11.0 10.0 10.0 8.0 10.0 10.0 9.0 10.0 10.0 10.0 8.0 11.0 10.0 9.0 9.0 10.0 10.0 9.0 12.0 12.0 11.0 11.0 10.0 10.0 7.0 10.0 10.0 9.0 10.0 10.0 9.0 7.0 11.0 10.0 10.0 10.0 9.0 10.0 8.0 12.0 12.0 11.0 11.0 10.0 10.0 8.0 10.0 11.0 10.0 11.0 10.0 10.0 7.0 9.0 11.0 9.0 10.0 9.0 10.0 9.0 13.0 12.0 11.0 11.0 10.0 10.0 7.0 9.0 11.0 9.0 10.0 9.0 10.0 7.0 10.0 10.0 10.0 10.0 10.0 10.0 9.0 12.0 11.0 11.0 10.0 11.0 10.0 7.0 10.0 10.0 10.0 10.0 13.0 12.0 8.0 20.0 9.0 10.0 10.0 9.0 10.0 8.0 13.0 11.0 11.0 10.0 10.0 10.0 8.0 45.0 11.0 10.0 10.0 10.0 10.0 7.0 9.0 9.0 10.0 10.0 9.0 10.0 7.0 15.0 10.0 9.0 9.0 9.0 10.0 8.0 12.0 11.0 11.0 11.0 10.0 10.0 7.0 11.0 10.0 10.0 10.0 14.0 9.0 8.0 9.0 9.0 9.0 10.0 10.0 10.0 9.0 13.0 12.0 11.0 11.0 11.0 10.0 7.0 25.0 10.0 9.0 10.0 10.0 10.0 8.0 9.0 10.0 10.0 9.0 10.0 10.0 9.0 49.0 11.0 11.0 11.0 11.0 11.0 7.0 12.0 9.0 9.0 10.0 10.0 11.0 7.0 9.0 10.0 10.0 10.0 9.0 9.0 9.0 12.0 11.0 11.0 11.0 10.0 9.0 7.0 9.0 10.0 10.0 10.0 9.0 9.0 8.0 11.0 11.0 10.0 9.0 10.0 34.0 8.0 13.0 12.0 47.0 11.0 11.0 10.0 8.0 10.0 11.0 10.0 10.0 11.0 10.0 7.0 9.0 10.0 9.0 10.0 9.0 10.0 8.0 11.0 10.0 9.0 10.0 9.0 10.0 9.0 12.0 11.0 12.0 11.0 10.0 10.0 8.0 11.0 10.0 55.0 10.0 10.0 10.0 8.0 11.0 10.0 10.0 10.0 10.0 12.0 7.0 9.0 9.0 10.0 9.0 9.0 10.0 9.0 12.0 11.0 11.0 10.0 11.0 10.0 7.0 10.0 28.0 16.0 10.0 11.0 10.0 8.0 9.0 17.0 10.0 10.0 10.0 9.0 9.0 12.0 11.0 11.0 10.0 11.0 10.0 8.0 10.0 10.0 10.0 10.0 45.0 10.0 7.0 10.0 10.0 10.0 9.0 10.0 9.0 8.0 12.0 11.0 11.0 10.0 10.0 10.0 7.0 10.0 10.0 9.0 10.0 9.0 10.0 7.0 9.0 10.0 9.0 10.0 10.0 9.0 9.0 12.0 11.0 11.0 11.0 10.0 11.0 7.0 11.0 9.0 10.0 10.0 9.0 9.0 7.0 10.0 9.0 9.0 11.0 9.0 10.0 9.0 12.0 12.0 12.0 11.0 10.0 10.0 8.0 11.0 10.0 10.0 10.0 10.0 17.0 7.0 9.0 10.0 10.0 11.0 9.0 10.0 9.0 12.0 12.0 11.0 11.0 11.0 10.0 8.0 10.0 10.0 10.0 11.0 10.0 9.0 7.0 10.0 9.0 10.0 10.0 9.0 9.0 8.0 12.0 12.0 11.0 10.0 10.0 10.0 8.0 13.0 10.0 11.0 10.0 10.0 10.0 7.0 9.0 10.0 9.0 10.0 9.0 10.0 7.0 43.0 33.0 9.0 9.0 10.0 9.0 9.0 12.0 12.0 46.0 14.0 10.0 10.0 8.0 11.0 10.0 11.0 9.0 10.0 9.0 8.0 9.0 9.0 9.0 10.0 10.0 10.0 8.0 34.0 11.0 11.0 10.0 10.0 11.0 8.0 11.0 11.0 11.0 11.0 11.0 11.0 8.0 9.0 9.0 10.0 10.0 10.0 10.0 7.0 10.0 10.0 9.0 10.0 10.0 9.0 8.0 58.0 11.0 11.0 10.0 10.0 10.0 7.0 31.0 10.0 10.0 10.0 9.0 9.0 7.0 9.0 9.0 9.0 10.0 9.0 10.0 9.0 12.0 11.0 11.0 11.0 18.0 11.0 11.0 9.0 9.0 10.0 9.0 9.0 10.0 8.0 10.0 10.0 9.0 10.0 10.0 10.0 8.0 13.0 11.0 11.0 10.0 14.0 10.0 8.0 11.0 10.0 10.0 9.0 10.0 10.0 8.0 12.0 10.0 9.0 10.0 10.0 9.0 8.0 13.0 11.0 11.0 10.0 10.0 10.0 8.0 10.0 11.0 10.0 10.0 10.0 10.0 7.0 39.0 10.0 12.0 10.0 10.0 9.0 7.0 9.0 11.0 9.0 10.0 10.0 10.0 8.0 13.0 11.0 12.0 10.0 11.0 10.0 7.0 10.0 10.0 9.0 9.0 10.0 11.0 7.0 10.0 10.0 17.0 10.0 10.0 10.0 9.0 12.0 11.0 11.0 18.0 11.0 11.0 9.0 11.0 11.0 11.0 10.0 11.0 21.0 7.0 48.0 10.0 10.0 10.0 10.0 9.0 8.0 9.0 10.0 9.0 9.0 10.0 10.0 9.0 12.0 13.0 10.0 11.0 10.0 10.0 8.0 9.0 9.0 10.0 10.0 10.0 9.0 7.0 10.0 10.0 10.0 10.0 9.0 10.0 9.0 12.0 12.0 12.0 11.0 11.0 10.0 7.0 49.0 10.0 10.0 9.0 10.0 9.0 8.0 10.0 9.0 10.0 11.0 10.0 10.0 10.0 13.0 12.0 11.0 11.0 11.0 10.0 8.0 10.0 10.0 10.0 10.0 10.0 10.0 8.0 9.0 10.0 10.0 10.0 21.0 9.0 9.0 12.0 12.0 11.0 11.0 10.0 10.0 8.0 11.0 11.0 11.0 10.0 11.0 10.0 7.0 16.0 10.0 10.0 10.0 9.0 44.0 7.0 10.0 9.0 10.0 9.0 10.0 9.0 9.0 12.0 12.0 11.0 10.0 11.0 9.0 8.0 10.0 10.0 10.0 10.0 10.0 9.0 7.0 41.0 10.0 10.0 10.0 10.0 10.0 8.0 12.0 11.0 49.0 14.0 11.0 10.0 9.0 11.0 11.0 11.0 10.0 10.0 10.0 8.0 9.0 17.0 10.0 10.0 10.0 9.0 8.0 9.0 11.0 10.0 9.0 10.0 10.0 9.0 12.0 11.0 12.0 11.0 10.0 10.0 7.0 10.0 12.0 10.0 10.0 10.0 10.0 8.0 9.0 10.0 10.0 9.0 10.0 11.0 9.0 12.0 12.0 11.0 10.0 10.0 10.0 7.0 10.0 10.0 12.0 10.0 9.0 10.0 7.0 32.0 9.0 9.0 10.0 9.0 10.0 9.0 41.0 12.0 11.0 10.0 11.0 9.0 8.0 9.0 10.0 10.0 10.0 10.0 9.0 7.0 9.0 9.0 9.0 10.0 9.0 10.0 9.0 12.0 11.0 11.0 12.0 10.0 10.0 7.0 11.0 10.0 11.0 10.0 11.0 10.0 7.0 10.0 10.0 11.0 9.0 27.0 10.0 8.0 10.0 10.0 9.0 10.0 10.0 10.0 8.0 14.0 11.0 11.0 11.0 11.0 11.0 7.0 10.0 10.0 10.0 9.0 10.0 10.0 7.0 10.0 44.0 10.0 11.0 9.0 9.0 9.0 12.0 11.0 11.0 11.0 10.0 10.0 7.0 11.0 10.0 11.0 11.0 9.0 10.0 8.0 10.0 10.0 10.0 9.0 10.0 9.0 9.0 12.0 11.0 11.0 11.0 10.0 10.0 7.0 36.0 18.0 10.0 10.0 9.0 10.0 8.0 10.0 9.0 9.0 10.0 10.0 9.0 9.0 14.0 11.0 11.0 11.0 10.0 10.0 7.0 10.0 10.0 10.0 10.0 9.0 9.0 7.0 9.0 10.0 9.0 9.0 9.0 10.0 9.0 12.0 12.0 11.0 11.0 10.0 11.0 8.0 10.0 11.0 10.0 10.0 10.0 10.0 7.0 9.0 11.0 10.0 10.0 10.0 10.0 9.0 11.0 11.0 11.0 10.0 10.0 10.0 8.0 15.0 9.0 10.0 10.0 10.0 10.0 8.0 9.0 10.0 9.0 10.0 10.0 10.0 9.0 12.0 11.0 12.0 10.0 10.0 10.0 7.0 10.0 10.0 10.0 10.0 10.0 10.0 8.0 70.0 9.0 9.0 10.0 10.0 9.0 8.0 38.0 11.0 11.0 11.0 11.0 11.0 8.0 9.0 9.0 10.0 9.0 10.0 10.0 8.0 10.0 10.0 9.0 10.0 10.0 9.0 9.0 12.0 12.0 11.0 49.0 11.0 14.0 7.0 10.0 10.0 10.0 10.0 10.0 10.0 7.0 10.0 10.0 9.0 10.0 10.0 9.0 8.0 12.0 11.0 11.0 10.0 10.0 11.0 8.0 11.0 10.0 11.0 10.0 10.0 9.0 8.0 10.0 10.0 9.0 9.0 10.0 9.0
49 47 1 TRACE 22.0 18.0 16.0 15.0 15.0 14.0 16.0 12.0 12.0 13.0 13.0 26.0 38.0 15.0 13.0 12.0 12.0 11.0 20.0 17.0 16.0 15.0 15.0 14.0 17.0 13.0 13.0 12.0 13.0 12.0 12.0 12.0 12.0 13.0 12.0 13.0 43.0 17.0 16.0 21.0 15.0 15.0 13.0 12.0 12.0 13.0 13.0 12.0 12.0 11.0 12.0 12.0 14.0 13.0 20.0 18.0 15.0 15.0 15.0 14.0 19.0 13.0 13.0 12.0 13.0 13.0 12.0 12.0 12.0 13.0 12.0 12.0 29.0 21.0 25.0 53.0 56.0 21.0 13.0 13.0 12.0 13.0 14.0 12.0 12.0 12.0 12.0 12.0 12.0 12.0 20.0 19.0 17.0 18.0 24.0 15.0 13.0 13.0 12.0 12.0 12.0 12.0 14.0 12.0 12.0 11.0 12.0 19.0 48.0 18.0 17.0 22.0 15.0 14.0 14.0 13.0 13.0 12.0 12.0 13.0 12.0 15.0 12.0 12.0 12.0 12.0 20.0 18.0 16.0 15.0 15.0 15.0 13.0 12.0 12.0 12.0 13.0 12.0 12.0 13.0 14.0 12.0 12.0 49.0 22.0 21.0 60.0 17.0 15.0 15.0 13.0 13.0 13.0 14.0 13.0 13.0 23.0 12.0 12.0 13.0 12.0 12.0 29.0 25.0 21.0 19.0 19.0 23.0 15.0 15.0 14.0 14.0 14.0 14.0 12.0 13.0 13.0 50.0 15.0 11.0 12.0 12.0 13.0 13.0 12.0 12.0 21.0 18.0 16.0 15.0 15.0 15.0 13.0 13.0 13.0 13.0 12.0 13.0 12.0 13.0 12.0 12.0 12.0 14.0 57.0 27.0 25.0 23.0 22.0 21.0 17.0 16.0 14.0 14.0 14.0 14.0 14.0 12.0 46.0 12.0 12.0 53.0 12.0 12.0 12.0 12.0 12.0 12.0 31.0 29.0 28.0 26.0 24.0 22.0 17.0 16.0 15.0 15.0 15.0 14.0 76.0 13.0 13.0 13.0 14.0 12.0 15.0 13.0 12.0 12.0 13.0 48.0 18.0 16.0 15.0 15.0 15.0 13.0 13.0 12.0 12.0 13.0 12.0 13.0 12.0 11.0 13.0 14.0 12.0 13.0 19.0 17.0 25.0 15.0 15.0 14.0 13.0 12.0 12.0 13.0 37.0 14.0 16.0 13.0 12.0 13.0 13.0 12.0 54.0 18.0 16.0 16.0 16.0 24.0 56.0 13.0 14.0 13.0 13.0 13.0 12.0 13.0 12.0 13.0 14.0 12.0 30.0 21.0 60.0 23.0 15.0 15.0 17.0 15.0 14.0 13.0 14.0 13.0 13.0 11.0 13.0 14.0 13.0 13.0 19.0 18.0 17.0 16.0 15.0 14.0 14.0 14.0 15.0 13.0 14.0 13.0 12.0 14.0 12.0 13.0 13.0 13.0 27.0 27.0 20.0 18.0 17.0 16.0 52.0 14.0 13.0 14.0 14.0 15.0 41.0 12.0 13.0 13.0 13.0 14.0 28.0 24.0 22.0 20.0 18.0 17.0 14.0 14.0 13.0 14.0 13.0 14.0 50.0 12.0 12.0 12.0 12.0 48.0 25.0 21.0 19.0 18.0 16.0 15.0 14.0 13.0 13.0 14.0 14.0 13.0 12.0 12.0 12.0 12.0 12.0 12.0 20.0 34.0 16.0 15.0 15.0 15.0 14.0 13.0 13.0 13.0 13.0 56.0 13.0 13.0 11.0 13.0 53.0 12.0 29.0 27.0 26.0 24.0 23.0 20.0 16.0 16.0 14.0 14.0 14.0 13.0 12.0 12.0 12.0 13.0 12.0 12.0 12.0 13.0 12.0 13.0 12.0 12.0 24.0 19.0 16.0 17.0 16.0 14.0 13.0 12.0 13.0 12.0 13.0 13.0 42.0 49.0 15.0 13.0 12.0 12.0 20.0 18.0 15.0 15.0 16.0 15.0 13.0 12.0 12.0 13.0 13.0 12.0 12.0 12.0 12.0 13.0 13.0 12.0 25.0 18.0 16.0 15.0 15.0 15.0 14.0 52.0 13.0 13.0 14.0 12.0 51.0 12.0 13.0 12.0 12.0 11.0 27.0 22.0 19.0 17.0 17.0 16.0 14.0 29.0 13.0 21.0 13.0 21.0 12.0 11.0 12.0 12.0 12.0 11.0 29.0 27.0 25.0 27.0 21.0 20.0 55.0 16.0 14.0 14.0 14.0 14.0 13.0 13.0 12.0 12.0 13.0 12.0 12.0 11.0 12.0 13.0 12.0 13.0 34.0 26.0 21.0 21.0 19.0 18.0 47.0 15.0 15.0 14.0 14.0 13.0 14.0 12.0 12.0 13.0 12.0 12.0 75.0 12.0 11.0 12.0 12.0 12.0 26.0 23.0 19.0 18.0 16.0 16.0 14.0 14.0 15.0 16.0 14.0 14.0 13.0 15.0 14.0 12.0 13.0 12.0 24.0 21.0 17.0 28.0 16.0 15.0 31.0 13.0 13.0 14.0 13.0 13.0 12.0 12.0 13.0 48.0 15.0 12.0 19.0 17.0 16.0 15.0 15.0 14.0 13.0 13.0 12.0 12.0 12.0 12.0 14.0 14.0 13.0 18.0 12.0 13.0 48.0 20.0 18.0 16.0 15.0 20.0 13.0 13.0 13.0 12.0 44.0 14.0 48.0 12.0 51.0 12.0 12.0 13.0 27.0 24.0 20.0 19.0 18.0 16.0 15.0 14.0 14.0 14.0 14.0 14.0 18.0 17.0 12.0 13.0 12.0 11.0 53.0 24.0 17.0 17.0 16.0 15.0 14.0 14.0 50.0 14.0 14.0 14.0 49.0 15.0 12.0 12.0 12.0 12.0 28.0 27.0 25.0 22.0 20.0 19.0 16.0 18.0 15.0 14.0 14.0 14.0 13.0 14.0 12.0 12.0 12.0 12.0 17.0 12.0 12.0 12.0 12.0 12.0 31.0 24.0 21.0 20.0 19.0 17.0 33.0 14.0 14.0 14.0 14.0 13.0 13.0 12.0 12.0 12.0 11.0 13.0 30.0 29.0 26.0 24.0 23.0 21.0 72.0 17.0 15.0 15.0 23.0 15.0 13.0 16.0 12.0 12.0 12.0 13.0 13.0 13.0 13.0 12.0 13.0 12.0 18.0 17.0 15.0 16.0 14.0 14.0 13.0 12.0 12.0 13.0 12.0 12.0 19.0 14.0 12.0 12.0 12.0 11.0 23.0 20.0 17.0 16.0 16.0 15.0 17.0 14.0 14.0 13.0 13.0 13.0 12.0 13.0 12.0 13.0 12.0 48.0 28.0 27.0 22.0 20.0 19.0 18.0 15.0 15.0 27.0 16.0 14.0 50.0 12.0 11.0 12.0 12.0 12.0 13.0 28.0 24.0 22.0 20.0 19.0 26.0 15.0 15.0 14.0 14.0 14.0 13.0 13.0 13.0 48.0 50.0 18.0 12.0 50.0 12.0 20.0 13.0 21.0 15.0 21.0 17.0 16.0 16.0 15.0 14.0 13.0 12.0 13.0 52.0 12.0 12.0 12.0 34.0 13.0 14.0 12.0 12.0 31.0 29.0 26.0 24.0 25.0 20.0 17.0 22.0 15.0 15.0 15.0 15.0 51.0 12.0 13.0 13.0 12.0 12.0 12.0 12.0 12.0 12.0 12.0 12.0 25.0 18.0 17.0 16.0 22.0 14.0 48.0 17.0 13.0 12.0 12.0 13.0 12.0 12.0 13.0 13.0 13.0 12.0 20.0 18.0 15.0 15.0 16.0 14.0 53.0 13.0 13.0 13.0 13.0 13.0 12.0 12.0 13.0 13.0 11.0 12.0 23.0 19.0 17.0 16.0 16.0 16.0 14.0 13.0 13.0 13.0 13.0 12.0 13.0 22.0 13.0 13.0 19.0 12.0 29.0 27.0 25.0 23.0 21.0 19.0 16.0 16.0 14.0 14.0 53.0 14.0 12.0 12.0 13.0 12.0 12.0 12.0 12.0 13.0 12.0 12.0 12.0 12.0 22.0 20.0 17.0 16.0 16.0 15.0 13.0 19.0 12.0 13.0 12.0 13.0 33.0 12.0 12.0 12.0 12.0 13.0 30.0 27.0 26.0 45.0 23.0 21.0 18.0 16.0 15.0 15.0 15.0 14.0 13.0 17.0 12.0 22.0 48.0 14.0 37.0 14.0 12.0 12.0 12.0 12.0 28.0 24.0 21.0 19.0 19.0 17.0 77.0 15.0 14.0 14.0 14.0 13.0 16.0 15.0 13.0 13.0 12.0 11.0 57.0 19.0 16.0 16.0 15.0 15.0 14.0 12.0 50.0 14.0 13.0 12.0 12.0 13.0 13.0 18.0 13.0 13.0 55.0 19.0 17.0 16.0 15.0 15.0 13.0 13.0 13.0 13.0 13.0 13.0 12.0 12.0 12.0 11.0 12.0 11.0 29.0 26.0 25.0 24.0 22.0 20.0 16.0 55.0 19.0 15.0 14.0 14.0 17.0 13.0 12.0 13.0 11.0 14.0 12.0 12.0 12.0 13.0 12.0 12.0 55.0 17.0 16.0 15.0 15.0 15.0 14.0 13.0 51.0 56.0 14.0 13.0 27.0 12.0 18.0 13.0 12.0 12.0 28.0 24.0 21.0 19.0 18.0 17.0 15.0 15.0 14.0 14.0 13.0 14.0 12.0 12.0 12.0 12.0 11.0 13.0 23.0 19.0 19.0 16.0 16.0 16.0 13.0 14.0 12.0 14.0 13.0 14.0 12.0 13.0 12.0 13.0 13.0 13.0 21.0 56.0 17.0 15.0 15.0 15.0 14.0 13.0 13.0 13.0 20.0 13.0 48.0 13.0 13.0 12.0 12.0 12.0 56.0 27.0 22.0 20.0 19.0 18.0 16.0 23.0 14.0 14.0 14.0 15.0 57.0 15.0 13.0 14.0 12.0 12.0 32.0 17.0 15.0 15.0 14.0 14.0 13.0 14.0 12.0 13.0 12.0 12.0 51.0 13.0 12.0 13.0 12.0 12.0 21.0 19.0 17.0 16.0 15.0 15.0 13.0 12.0 13.0 13.0 12.0 13.0 12.0 12.0 12.0 12.0 11.0 12.0 19.0 18.0 16.0 15.0 15.0 49.0 18.0 13.0 13.0 13.0 13.0 12.0 13.0 13.0 12.0 12.0 12.0 12.0 25.0 21.0 19.0 17.0 17.0 56.0 14.0 15.0 14.0 13.0 14.0 13.0 12.0 13.0 12.0 13.0 12.0 12.0 29.0 24.0 20.0 19.0 65.0 17.0 14.0 17.0 14.0 14.0 14.0 13.0 17.0 12.0 12.0 12.0 12.0 12.0
49 50 1 TRACE 64.0 745.0 55.0 37.0 140.0 61.0 30.0 63.0 60.0 58.0 39.0 240.0 30.0 70.0 61.0 29.0 80.0 170.0 30.0 46.0 46.0 68.0 177.0 102.0 42.0 48.0 52.0 74.0 214.0 29.0 53.0 121.0 67.0 77.0 148.0 176.0 28.0 56.0 32.0 93.0 125.0 32.0 167.0 78.0 157.0 139.0 63.0 30.0 242.0 550.0 75.0 31.0 30.0 47.0 117.0 119.0 49.0 29.0 39.0 175.0 149.0 72.0 28.0 90.0 127.0 160.0 222.0 40.0 31.0 60.0 131.0 111.0 27.0 41.0 28.0 28.0 104.0 102.0 43.0 31.0 30.0 126.0 122.0 56.0 115.0 31.0 140.0 108.0 119.0 49.0 31.0 100.0 100.0 102.0 74.0 123.0 60.0 37.0 116.0 117.0 66.0 43.0 55.0 83.0 64.0 122.0 118.0 29.0 104.0 116.0 42.0 113.0 129.0 49.0 76.0 32.0 140.0 108.0 52.0 29.0 42.0 93.0 100.0 125.0 117.0 125.0 30.0 133.0 93.0 62.0 107.0 115.0 36.0 65.0 62.0 36.0 68.0 76.0 29.0 127.0 77.0 179.0 113.0 45.0 106.0 43.0 120.0 72.0 133.0 72.0 28.0 119.0 76.0 33.0 78.0 81.0 56.0 119.0 29.0 108.0 28.0 34.0 156.0 111.0 144.0 81.0 48.0 118.0 90.0 139.0 76.0 73.0 29.0 91.0 129.0 135.0 122.0 66.0 71.0 151.0 134.0 82.0 55.0 38.0 35.0 114.0 115.0 83.0 84.0 58.0 121.0 117.0 105.0 124.0 149.0 63.0 86.0 118.0 81.0 29.0 34.0 154.0 48.0 201.0 120.0
50 25 1 TRACE 29.0 20.0 19.0 29.0 18.0 61.0 19.0 23.0 20.0 19.0 18.0 56.0 18.0 20.0 19.0 20.0 58.0 19.0 20.0 21.0 21.0 20.0 58.0 28.0 22.0 22.0 25.0 20.0 20.0 20.0 20.0 19.0 20.0 19.0 20.0 23.0 19.0 26.0 19.0 21.0 19.0 19.0 20.0 20.0 19.0 21.0 25.0 20.0 28.0 20.0 19.0 20.0 26.0 20.0 23.0
50 41 1 TRACE 8.0 9.0 8.0 8.0 8.0 8.0 8.0 8.0 9.0 9.0 9.0 8.0 8.0 8.0 8.0 8.0 9.0 8.0 8.0 8.0 8.0 8.0 8.0 8.0 9.0 8.0 8.0 9.0 9.0 8.0 8.0 8.0 8.0 9.0 8.0 8.0 9.0 8.0 8.0 8.0 8.0 8.0 8.0 9.0 9.0 12.0 10.0 8.0 8.0 8.0 8.0 8.0 8.0 9.0 8.0 8.0 8.0 9.0 8.0 9.0 8.0 8.0 8.0 8.0 8.0 20.0 8.0 8.0 9.0 9.0 8.0 8.0 9.0 9.0 9.0 9.0 9.0 9.0 8.0 8.0 9.0 9.0 8.0 8.0 9.0 8.0 9.0 8.0 8.0 8.0 8.0 8.0 8.0 9.0 8.0 9.0 8.0 8.0 8.0 8.0 8.0 8.0 9.0 9.0 8.0 9.0 8.0 8.0 9.0 8.0 8.0 9.0 8.0 9.0 8.0 8.0 8.0 8.0 8.0 8.0 9.0 8.0 8.0 8.0 11.0 9.0 9.0 8.0 9.0 9.0 8.0 8.0 8.0 8.0 8.0 9.0 9.0 8.0 8.0 8.0 8.0
50 51 1 TRACE 38.0 32.0 64.0 69.0 61.0 59.0 42.0 66.0 31.0
51 52 1 TRACE 90.0 153.0 79.0 75.0 78.0 77.0 94.0 72.0 104.0 73.0 106.0 91.0 63.0 76.0 95.0 73.0 93.0 75.0 73.0 75.0 75.0 93.0 72.0 71.0 73.0 72.0 96.0 90.0 95.0 94.0 71.0 73.0 76.0 82.0 90.0 75.0 74.0 75.0 75.0 75.0 75.0 76.0 74.0 95.0 103.0 75.0 95.0 75.0 96.0 96.0 91.0 74.0 74.0 98.0 75.0 95.0 99.0 74.0 75.0 84.0 98.0 74.0 91.0 75.0
52 53 1 TRACE 51.0 65.0 23.0 46.0 23.0 23.0 57.0 23.0 61.0 23.0 62.0 56.0 23.0 23.0 26.0 22.0 59.0 26.0 24.0 23.0 23.0 27.0 52.0 23.0 47.0 57.0 41.0 23.0 55.0 27.0 23.0 23.0 49.0 66.0 58.0 47.0 33.0 23.0 40.0 47.0 23.0 52.0 23.0 58.0 36.0 23.0 58.0 23.0 57.0 56.0 31.0 50.0 52.0 32.0 24.0 58.0 66.0 22.0 23.0 38.0 59.0 23.0 56.0 23.0
53 54 1 TRACE 29.0 17.0 13.0 13.0 14.0 18.0 20.0 14.0 20.0 12.0 19.0 20.0 13.0 14.0 15.0 18.0 50.0 17.0 14.0 14.0 13.0 21.0 18.0 13.0 17.0 17.0 24.0 18.0 19.0 22.0 13.0 24.0 13.0 46.0 40.0 53.0 15.0 17.0 19.0 14.0 15.0 21.0 13.0 19.0 18.0 13.0 19.0 22.0 14.0 18.0 14.0 17.0 19.0 19.0 13.0 18.0 14.0 18.0 17.0 34.0 14.0 13.0 15.0 13.0
54 55 1 TRACE 43.0 31.0 20.0 19.0 19.0 20.0 19.0 19.0 19.0 20.0 19.0 20.0 19.0 20.0 19.0 20.0 22.0 20.0 19.0 19.0 19.0 20.0 19.0 19.0 20.0 20.0 20.0 20.0 19.0 19.0 19.0 20.0 20.0 20.0 19.0 20.0 19.0 20.0 21.0 19.0 20.0 20.0 20.0 19.0 18.0 19.0 18.0 21.0 19.0 19.0 20.0 20.0 20.0 19.0 19.0 19.0 20.0 19.0 21.0 20.0 21.0 19.0 19.0 19.0
55 56 1 TRACE 11.0 8.0 7.0 8.0 7.0 7.0 7.0 7.0 8.0 8.0 8.0 7.0 8.0 8.0 7.0 8.0 8.0 8.0 7.0 7.0 8.0 7.0 8.0 8.0 8.0 8.0 8.0 7.0 7.0 8.0 7.0 8.0 8.0 8.0 8.0 8.0 7.0 8.0 8.0 8.0 8.0 8.0 8.0 7.0 8.0 7.0 7.0 8.0 8.0 7.0 8.0 8.0 8.0 7.0 7.0 8.0 8.0 7.0 7.0 8.0 7.0 8.0 8.0 7.0
56 57 1 TRACE 11.0 8.0 8.0 7.0 7.0 8.0 7.0 8.0 8.0 8.0 7.0 8.0 7.0 7.0 8.0 7.0 7.0 7.0 8.0 8.0 8.0 8.0 7.0 7.0 8.0 7.0 7.0 8.0 8.0 7.0 7.0 7.0 7.0 7.0 8.0 7.0 11.0 7.0 8.0 7.0 7.0 7.0 7.0 7.0 8.0 8.0 8.0 7.0 8.0 7.0 7.0 7.0 7.0 8.0 8.0 7.0 10.0 8.0 8.0 7.0 8.0 7.0 7.0 8.0
57 58 1 TRACE 11.0 7.0 8.0 7.0 8.0 8.0 8.0 7.0 7.0 7.0 7.0 7.0 7.0 8.0 7.0 8.0 8.0 8.0 7.0 8.0 7.0 8.0 8.0 7.0 7.0 8.0 7.0 7.0 7.0 7.0 8.0 7.0 7.0 7.0 8.0 8.0 8.0 8.0 7.0 8.0 7.0 7.0 7.0 8.0 7.0 7.0 7.0 8.0 8.0 8.0 8.0 8.0 8.0 7.0 7.0 8.0 8.0 8.0 7.0 7.0 7.0 7.0 8.0 8.0
58 59 1 TRACE 15.0 8.0 8.0 8.0 8.0 8.0 8.0 8.0 8.0 8.0 8.0 8.0 8.0 9.0 8.0 9.0 9.0 8.0 8.0 8.0 8.0 8.0 8.0 8.0 8.0 8.0 8.0 8.0 8.0 8.0 8.0 8.0 8.0 8.0 8.0 8.0 8.0 8.0 8.0 8.0 8.0 8.0 8.0 8.0 8.0 8.0 8.0 8.0 8.0 8.0 9.0 8.0 8.0 8.0 8.0 9.0 8.0 8.0 8.0 8.0 8.0 8.0 8.0 8.0
59 60 1 TRACE 8.0 7.0 7.0 7.0 8.0 7.0 7.0 7.0 7.0 8.0 8.0 7.0 8.0 7.0 7.0 8.0 7.0 7.0 7.0 7.0 8.0 7.0 8.0 8.0 7.0 8.0 7.0 7.0 19.0 8.0 7.0 8.0 8.0 8.0 7.0 7.0 8.0 7.0 7.0 7.0 7.0 7.0 8.0 7.0 7.0 7.0 7.0 7.0 7.0 7.0 8.0 7.0 7.0 7.0 7.0 8.0 8.0 7.0 7.0 8.0 7.0 7.0 7.0 7.0
60 61 1 TRACE 8.0 8.0 7.0 8.0 7.0 7.0 7.0 7.0 8.0 8.0 7.0 8.0 7.0 7.0 7.0 7.0 7.0 7.0 8.0 7.0 8.0 7.0 7.0 8.0 7.0 7.0 8.0 8.0 8.0 8.0 7.0 8.0 8.0 7.0 8.0 7.0 7.0 7.0 8.0 7.0 8.0 8.0 8.0 7.0 8.0 7.0 7.0 7.0 7.0 7.0 7.0 7.0 7.0 8.0 8.0 7.0 7.0 7.0 8.0 7.0 7.0 8.0 7.0 7.0
61 62 1 TRACE 8.0 7.0 8.0 7.0 7.0 7.0 7.0 8.0 8.0 7.0 7.0 8.0 7.0 7.0 8.0 7.0 7.0 7.0 8.0 7.0 7.0 8.0 7.0 7.0 8.0 9.0 7.0 8.0 8.0 7.0 7.0 7.0 7.0 7.0 8.0 7.0 7.0 7.0 8.0 7.0 7.0 8.0 7.0 7.0 7.0 7.0 8.0 7.0 7.0 7.0 7.0 7.0 7.0 8.0 8.0 7.0 7.0 8.0 8.0 7.0 8.0 8.0 7.0 7.0
62 1 1 TRACE 23.0 24.0 23.0 21.0 22.0 22.0 23.0 22.0 21.0 22.0 22.0 21.0 21.0 26.0 23.0 22.0 22.0 22.0 21.0 22.0 26.0 22.0 25.0 22.0 23.0 27.0 21.0 29.0 22.0 28.0 22.0 22.0 21.0 22.0 22.0 22.0 26.0 22.0 22.0 29.0 22.0 23.0 22.0 22.0 22.0 22.0 31.0 22.0 22.0 22.0 23.0 23.0 23.0 29.0 21.0 22.0 27.0 22.0 22.0 22.0 23.0 22.0 22.0
