0 1 1 TRACE 1672855477083829.0
1 2 1 TRACE 11111.0 26.0 37.0 26.0 29.0 37.0 37.0 37.0 26.0 39.0 38.0 37.0 39.0 38.0 38.0 27.0 38.0 34.0 38.0 37.0 26.0 38.0 37.0 38.0 27.0 28.0 39.0 38.0 38.0 28.0 37.0 37.0 38.0 65.0 38.0 26.0 38.0 40.0 38.0 37.0 37.0 27.0 38.0 37.0 52.0 37.0 37.0 38.0 26.0 38.0 29.0 38.0 37.0 38.0 66.0 38.0 38.0 37.0 26.0 37.0 38.0 39.0 61.0 37.0
2 3 1 TRACE 10498.0 27.0 26.0 148.0 26.0 36.0 54.0 46.0 26.0 25.0 27.0 36.0 25.0 26.0 24.0 26.0 24.0 25.0 54.0 27.0 28.0 26.0 33.0 25.0 26.0 26.0 45.0 24.0 38.0 26.0 32.0 59.0 26.0 65.0 72.0 604.0 154.0 25.0 53.0 28.0 27.0 47.0 27.0 89.0 24.0 26.0 61.0 35.0 26.0 65.0 25.0 39.0 26.0 24.0 25.0 50.0 25.0 72.0 26.0 29.0 26.0 25.0 29.0 25.0
3 4 1 TRACE 48.0 21.0 29.0 113.0 29.0 25.0 21.0 23.0 21.0 45.0 27.0 40.0 24.0 33.0 24.0 70.0 22.0 127.0 22.0 25.0 23.0 23.0 23.0 24.0 23.0 67.0 70.0 21.0 60.0 20.0 46.0 56.0 37.0 30.0 25.0 67.0 24.0 21.0 21.0 21.0 24.0 51.0 22.0 35.0 24.0 24.0 22.0 61.0 22.0 42.0 21.0 29.0 61.0 56.0 22.0 22.0 64.0 61.0 22.0 41.0 22.0 21.0 56.0 53.0
4 5 1 TRACE 24.0 16.0 15.0 34.0 50.0 15.0 16.0 15.0 16.0 15.0 15.0 19.0 16.0 16.0 15.0 53.0 15.0 28.0 16.0 15.0 15.0 17.0 16.0 15.0 26.0 17.0 56.0 16.0 16.0 15.0 15.0 15.0 16.0 15.0 16.0 14.0 16.0 51.0 16.0 16.0 16.0 16.0 16.0 15.0 15.0 15.0 15.0 15.0 15.0 15.0 16.0 16.0 15.0 19.0 16.0 16.0 15.0 30.0 16.0 16.0 16.0 16.0 17.0 151.0
5 6 1 TRACE 37.0 17.0 16.0 19.0 157.0 18.0 17.0 27.0 16.0 16.0 16.0 15.0 17.0 18.0 22.0 10.0 19.0 22.0 16.0 15.0 18.0 16.0 16.0 17.0 149.0 16.0 135.0 48.0 19.0 17.0 122.0 16.0 13.0 13.0 13.0 18.0 12.0 10.0 20.0 16.0 15.0 29.0 55.0 17.0 13.0 18.0 13.0 14.0 14.0 17.0 14.0 15.0 53.0 16.0 127.0 12.0 11.0 88.0 12.0 170.0 148.0 14.0 18.0 57.0
6 7 1 TRACE 19.0 15.0 165.0 12.0 135.0 14.0 233.0 10.0 142.0 23.0 13.0 12.0 147.0 14.0 12.0 10.0 119.0 13.0 143.0 13.0 13.0 13.0 19.0 14.0 8.0 13.0 16.0 13.0 15.0 14.0 13.0 13.0 205.0 13.0 13.0 14.0 138.0 9.0 231.0 14.0 161.0 15.0 135.0 25.0 150.0 13.0 13.0 13.0 14.0 56.0 13.0 148.0 24.0 12.0 15.0 84.0 10.0 18.0 13.0 293.0 20.0 15.0 15.0 14.0
7 8 1 TRACE 18.0 14.0 15.0 14.0 16.0 14.0 12.0 11.0 49.0 13.0 14.0 8.0 15.0 14.0 48.0 9.0 20.0 20.0 49.0 14.0 14.0 14.0 14.0 13.0 16.0 14.0 15.0 10.0 20.0 15.0 11.0 11.0 15.0 9.0 14.0 15.0 17.0 8.0 101.0 12.0 15.0 12.0 15.0 12.0 15.0 13.0 13.0 16.0 13.0 19.0 16.0 14.0 12.0 11.0 19.0 72.0 12.0 16.0 14.0 49.0 8.0 14.0 8.0 15.0
8 9 1 TRACE 17.0 14.0 15.0 15.0 12.0 14.0 11.0 21.0 17.0 19.0 14.0 8.0 15.0 14.0 8.0 18.0 9.0 10.0 15.0 21.0 13.0 13.0 13.0 14.0 15.0 8.0 15.0 11.0 9.0 15.0 12.0 21.0 15.0 9.0 8.0 15.0 14.0 8.0 30.0 20.0 17.0 21.0 15.0 7.0 15.0 13.0 19.0 8.0 14.0 15.0 11.0 15.0 11.0 21.0 7.0 13.0 19.0 14.0 13.0 137.0 12.0 15.0 11.0 16.0
9 10 1 TRACE 70.0 35.0 256.0 28.0 78.0 36.0 276.0 52.0 31.0 35.0 70.0 35.0 63.0 35.0 30.0 31.0 25.0 64.0 43.0 33.0 76.0 35.0 36.0 74.0 36.0 42.0 28.0 51.0 47.0 41.0 49.0 46.0 73.0 27.0 27.0 83.0 48.0 49.0 37.0 33.0 65.0 24.0 352.0 25.0 33.0 72.0 44.0 34.0 31.0 59.0 38.0 50.0 63.0 25.0 25.0 69.0 39.0 32.0 72.0 191.0 27.0 30.0 44.0 27.0
10 11 1 TRACE 22.0 27.0 17.0 16.0 18.0 27.0 29.0 18.0 57.0 16.0 17.0 17.0 18.0 22.0 16.0 56.0 17.0 16.0 29.0 16.0 17.0 16.0 16.0 17.0 16.0 16.0 17.0 17.0 18.0 26.0 19.0 16.0 16.0 16.0 16.0 16.0 18.0 16.0 16.0 16.0 54.0 17.0 34.0 16.0 17.0 16.0 20.0 17.0 17.0 17.0 22.0 17.0 18.0 17.0 17.0 19.0 16.0 17.0 16.0 17.0 17.0 18.0 20.0 16.0
11 12 1 TRACE 29.0 17.0 22.0 22.0 26.0 17.0 30.0 21.0 22.0 17.0 20.0 35.0 23.0 19.0 21.0 17.0 21.0 31.0 18.0 20.0 28.0 28.0 21.0 29.0 22.0 23.0 23.0 21.0 18.0 19.0 29.0 30.0 41.0 22.0 23.0 24.0 62.0 21.0 22.0 18.0 36.0 24.0 27.0 22.0 22.0 18.0 56.0 22.0 23.0 85.0 20.0 22.0 23.0 21.0 21.0 48.0 21.0 21.0 41.0 39.0 28.0 45.0 24.0 24.0
12 13 1 TRACE 23.0 19.0 27.0 36.0 17.0 18.0 18.0 18.0 17.0 25.0 17.0 17.0 17.0 17.0 17.0 18.0 21.0 16.0 18.0 18.0 34.0 117.0 20.0 17.0 17.0 16.0 17.0 16.0 19.0 22.0 18.0 17.0 18.0 17.0 17.0 20.0 46.0 21.0 18.0 18.0 30.0 16.0 77.0 16.0 17.0 26.0 19.0 17.0 23.0 73.0 18.0 54.0 17.0 29.0 17.0 18.0 18.0 17.0 17.0 64.0 18.0 20.0 20.0 57.0
13 14 1 TRACE 20.0 9.0 8.0 9.0 9.0 8.0 9.0 9.0 9.0 9.0 8.0 9.0 9.0 9.0 8.0 8.0 9.0 8.0 9.0 9.0 8.0 8.0 9.0 9.0 9.0 8.0 9.0 8.0 9.0 9.0 20.0 8.0 8.0 8.0 8.0 9.0 9.0 9.0 8.0 9.0 8.0 8.0 9.0 8.0 8.0 8.0 11.0 14.0 8.0 8.0 8.0 8.0 8.0 21.0 8.0 8.0 8.0 8.0 9.0 9.0 9.0 9.0 8.0 9.0
14 15 1 TRACE 24.0 15.0 14.0 16.0 14.0 14.0 16.0 15.0 15.0 16.0 14.0 15.0 15.0 15.0 14.0 15.0 16.0 14.0 15.0 15.0 15.0 90.0 15.0 15.0 15.0 15.0 15.0 17.0 15.0 15.0 15.0 15.0 15.0 15.0 14.0 15.0 16.0 16.0 14.0 15.0 84.0 15.0 27.0 15.0 14.0 14.0 21.0 16.0 15.0 90.0 14.0 14.0 15.0 16.0 15.0 14.0 14.0 15.0 15.0 74.0 15.0 15.0 39.0 14.0
15 16 1 TRACE 12.0 8.0 8.0 8.0 8.0 8.0 9.0 8.0 8.0 7.0 8.0 8.0 8.0 8.0 8.0 8.0 8.0 8.0 8.0 8.0 7.0 9.0 8.0 8.0 8.0 8.0 8.0 8.0 8.0 8.0 8.0 8.0 8.0 8.0 8.0 8.0 19.0 8.0 8.0 8.0 8.0 8.0 9.0 8.0 8.0 8.0 8.0 9.0 7.0 8.0 8.0 8.0 8.0 8.0 8.0 8.0 9.0 8.0 8.0 8.0 8.0 8.0 8.0 11.0
16 17 1 TRACE 66.0 33.0 31.0 30.0 32.0 32.0 29.0 89.0 324.0 50.0 34.0 79.0 32.0 31.0 36.0 31.0 41.0 31.0 47.0 30.0 55.0 42.0 30.0 32.0 53.0 31.0 35.0 81.0 64.0 32.0 29.0 31.0 56.0 32.0 32.0 31.0 26.0 29.0 33.0 33.0 120.0 36.0 79.0 32.0 71.0 32.0 68.0 30.0 33.0 75.0 32.0 103.0 62.0 28.0 251.0 65.0 30.0 32.0 52.0 123.0 36.0 87.0 71.0 26.0
17 18 1 TRACE 22.0 17.0 16.0 17.0 17.0 17.0 39.0 17.0 17.0 16.0 18.0 87.0 16.0 16.0 19.0 17.0 27.0 16.0 17.0 16.0 47.0 17.0 17.0 16.0 18.0 17.0 17.0 22.0 18.0 16.0 16.0 16.0 16.0 19.0 16.0 17.0 16.0 17.0 17.0 17.0 81.0 17.0 40.0 16.0 18.0 18.0 32.0 17.0 16.0 18.0 17.0 16.0 17.0 17.0 85.0 18.0 17.0 17.0 17.0 16.0 17.0 17.0 33.0 16.0
18 19 1 TRACE 26.0 21.0 20.0 20.0 20.0 22.0 18.0 55.0 23.0 53.0 22.0 173.0 21.0 21.0 53.0 21.0 17.0 21.0 21.0 21.0 25.0 35.0 21.0 21.0 23.0 22.0 22.0 29.0 18.0 22.0 22.0 22.0 23.0 19.0 21.0 22.0 22.0 20.0 20.0 21.0 21.0 21.0 66.0 22.0 53.0 19.0 18.0 20.0 25.0 21.0 21.0 50.0 21.0 20.0 79.0 19.0 21.0 21.0 21.0 63.0 22.0 45.0 33.0 21.0
19 20 1 TRACE 22.0 28.0 18.0 18.0 17.0 17.0 37.0 20.0 19.0 18.0 34.0 54.0 16.0 16.0 49.0 17.0 18.0 18.0 20.0 17.0 17.0 18.0 18.0 18.0 19.0 21.0 18.0 17.0 39.0 18.0 17.0 18.0 35.0 18.0 18.0 18.0 17.0 19.0 17.0 17.0 18.0 18.0 61.0 18.0 21.0 19.0 27.0 17.0 17.0 54.0 18.0 44.0 17.0 24.0 207.0 44.0 17.0 19.0 17.0 20.0 18.0 17.0 19.0 18.0
20 21 1 TRACE 19.0 15.0 15.0 15.0 16.0 15.0 16.0 15.0 16.0 15.0 15.0 16.0 16.0 15.0 16.0 15.0 14.0 15.0 15.0 15.0 15.0 22.0 15.0 15.0 15.0 16.0 15.0 15.0 27.0 15.0 16.0 15.0 16.0 15.0 15.0 15.0 15.0 16.0 15.0 15.0 15.0 15.0 15.0 15.0 15.0 15.0 16.0 16.0 15.0 16.0 15.0 15.0 15.0 16.0 14.0 17.0 15.0 15.0 15.0 15.0 15.0 15.0 16.0 15.0
21 22 1 TRACE 26.0 11.0 12.0 12.0 11.0 12.0 12.0 11.0 12.0 12.0 12.0 12.0 11.0 12.0 12.0 12.0 11.0 12.0 13.0 12.0 11.0 11.0 12.0 12.0 12.0 12.0 12.0 11.0 13.0 12.0 11.0 12.0 12.0 12.0 12.0 12.0 12.0 12.0 12.0 12.0 11.0 11.0 12.0 11.0 11.0 12.0 12.0 13.0 11.0 11.0 12.0 11.0 11.0 12.0 11.0 12.0 11.0 12.0 11.0 12.0 12.0 12.0 12.0 12.0
22 23 1 TRACE 107.0 51.0 56.0 72.0 63.0 71.0 132.0 63.0 66.0 176.0 66.0 65.0 65.0 66.0 69.0 196.0 75.0 64.0 78.0 68.0 66.0 57.0 62.0 105.0 95.0 68.0 61.0 65.0 59.0 65.0 69.0 82.0 77.0 60.0 82.0 104.0 66.0 79.0 76.0 69.0 65.0 65.0 97.0 69.0 79.0 65.0 96.0 63.0 64.0 77.0 65.0 66.0 63.0 60.0 81.0 68.0 64.0 65.0 60.0 69.0 68.0 67.0 97.0 65.0
23 24 1 TRACE 60.0 25.0 26.0 40.0 25.0 26.0 37.0 25.0 31.0 44.0 25.0 43.0 27.0 28.0 26.0 46.0 32.0 35.0 59.0 26.0 27.0 60.0 27.0 27.0 59.0 28.0 26.0 24.0 49.0 31.0 26.0 63.0 43.0 67.0 70.0 67.0 26.0 33.0 26.0 25.0 44.0 24.0 67.0 26.0 27.0 24.0 38.0 25.0 98.0 32.0 26.0 26.0 25.0 25.0 63.0 59.0 29.0 26.0 42.0 25.0 25.0 26.0 57.0 25.0
24 25 1 TRACE 54.0 21.0 22.0 23.0 22.0 21.0 71.0 20.0 22.0 21.0 20.0 21.0 19.0 20.0 20.0 32.0 20.0 20.0 33.0 21.0 22.0 22.0 21.0 21.0 20.0 59.0 20.0 20.0 20.0 20.0 21.0 20.0 21.0 24.0 21.0 21.0 20.0 21.0 21.0 21.0 20.0 21.0 24.0 21.0 20.0 21.0 20.0 19.0 23.0 30.0 23.0 23.0 22.0 19.0 59.0 23.0 20.0 21.0 21.0 21.0 21.0 21.0 21.0 30.0
25 26 1 TRACE 24.0 9.0 9.0 9.0 10.0 9.0 9.0 10.0 9.0 21.0 10.0 10.0 9.0 10.0 10.0 9.0 9.0 9.0 9.0 10.0 9.0 9.0 10.0 10.0 10.0 9.0 9.0 10.0 10.0 9.0 9.0 10.0 10.0 9.0 10.0 10.0 10.0 10.0 9.0 10.0 9.0 10.0 9.0 10.0 9.0 10.0 10.0 12.0 9.0 9.0 10.0 9.0 9.0 9.0 9.0 9.0 10.0 9.0 9.0 10.0 12.0 10.0 9.0 9.0 9.0 10.0 9.0 10.0 10.0 10.0 10.0 9.0 10.0 10.0 10.0 10.0 9.0 10.0 10.0 10.0 9.0 10.0 9.0 9.0 10.0 9.0 9.0 10.0 9.0 9.0 9.0 9.0 10.0 10.0 10.0 10.0 10.0 9.0 10.0 10.0 9.0 10.0 10.0 9.0 9.0 10.0 10.0 9.0 10.0 9.0 9.0 10.0 9.0 9.0 10.0 9.0 10.0 9.0 9.0 9.0 10.0 10.0 10.0 10.0 10.0 9.0 9.0 10.0 10.0 10.0 9.0 10.0 9.0 9.0 9.0 23.0 9.0 10.0 9.0 10.0 10.0 9.0 9.0 9.0 10.0 9.0 9.0 10.0 10.0 9.0 9.0 9.0 10.0 10.0 10.0 9.0 10.0 10.0 9.0 10.0 9.0 10.0 10.0 10.0 10.0 10.0 10.0 9.0 10.0 9.0 10.0 10.0 10.0 9.0 10.0 10.0 9.0 9.0 9.0 10.0 10.0 9.0 10.0 9.0 10.0 9.0 9.0 10.0 10.0 9.0 9.0 10.0 10.0 10.0 9.0 10.0 9.0 9.0 10.0 10.0 9.0 9.0 9.0 9.0 10.0 10.0 9.0 10.0 10.0 10.0 9.0 10.0 9.0 10.0 9.0 10.0 10.0 10.0 10.0 10.0 9.0 10.0 9.0 10.0 10.0 10.0 10.0 10.0 10.0
26 27 1 TRACE 11.0 7.0 7.0 7.0 8.0 7.0 8.0 8.0 8.0 20.0 8.0 8.0 7.0 7.0 8.0 7.0 7.0 7.0 7.0 7.0 7.0 7.0 8.0 8.0 8.0 7.0 7.0 8.0 7.0 7.0 8.0 8.0 8.0 7.0 10.0 8.0 7.0 8.0 7.0 8.0 7.0 8.0 8.0 8.0 7.0 8.0 8.0 7.0 7.0 7.0 8.0 7.0 7.0 7.0 7.0 8.0 8.0 8.0 8.0 8.0 8.0 7.0 7.0 7.0 7.0 8.0 7.0 8.0 8.0 8.0 7.0 8.0 8.0 7.0 8.0 8.0 7.0 8.0 7.0 8.0 7.0 8.0 7.0 7.0 7.0 7.0 7.0 8.0 8.0 7.0 8.0 7.0 7.0 8.0 8.0 8.0 8.0 7.0 8.0 8.0 7.0 20.0 7.0 8.0 7.0 8.0 8.0 7.0 8.0 7.0 7.0 8.0 7.0 7.0 7.0 7.0 8.0 8.0 7.0 7.0 7.0 7.0 7.0 8.0 7.0 7.0 7.0 8.0 8.0 8.0 7.0 7.0 7.0 7.0 7.0 8.0 7.0 7.0 7.0 8.0 7.0 8.0 7.0 7.0 8.0 7.0 8.0 8.0 8.0 8.0 7.0 7.0 7.0 8.0 7.0 8.0 8.0 8.0 7.0 8.0 7.0 8.0 8.0 8.0 8.0 7.0 8.0 7.0 8.0 7.0 8.0 7.0 7.0 8.0 8.0 7.0 7.0 7.0 8.0 7.0 7.0 8.0 8.0 8.0 8.0 7.0 8.0 8.0 8.0 8.0 7.0 8.0 7.0 8.0 7.0 8.0 7.0 7.0 8.0 8.0 7.0 7.0 7.0 8.0 8.0 7.0 8.0 8.0 8.0 7.0 8.0 8.0 7.0 7.0 8.0 8.0 8.0 8.0 8.0 7.0 7.0 8.0 7.0 8.0 8.0 8.0 8.0 7.0 8.0
27 28 1 TRACE 10.0 11.0 8.0 7.0 7.0 8.0 7.0 8.0 7.0 7.0 7.0 7.0 8.0 7.0 7.0 7.0 8.0 8.0 8.0 7.0 8.0 7.0 7.0 7.0 7.0 8.0 8.0 7.0 7.0 8.0 7.0 8.0 8.0 8.0 7.0 7.0 7.0 7.0 8.0 7.0 7.0 7.0 7.0 7.0 8.0 7.0 8.0 7.0 8.0 7.0 7.0 8.0 7.0 8.0 7.0 7.0 8.0 7.0 7.0 7.0 7.0 7.0 7.0 8.0 8.0 7.0 8.0 7.0 7.0 7.0 7.0 7.0 7.0 7.0 7.0 7.0 8.0 7.0 7.0 7.0 7.0 7.0 7.0 7.0 7.0 7.0 7.0 7.0 7.0 7.0 7.0 7.0 7.0 7.0 7.0 7.0 7.0 8.0 7.0 7.0 7.0 8.0 8.0 7.0 8.0 7.0 8.0 8.0 7.0 7.0 8.0 7.0 7.0 8.0 8.0 8.0 7.0 8.0 8.0 8.0 8.0 7.0 7.0 7.0 7.0 8.0 7.0 7.0 7.0 7.0 7.0 7.0 7.0 7.0 8.0 8.0 8.0 7.0 8.0 7.0 8.0 7.0 7.0 8.0 7.0 7.0 7.0 7.0 7.0 7.0 8.0 7.0 8.0 7.0 7.0 7.0 7.0 7.0 8.0 7.0 8.0 7.0 7.0 7.0 8.0 8.0 7.0 8.0 7.0 7.0 7.0 7.0 7.0 7.0 8.0 7.0 7.0 7.0 7.0 7.0 8.0 7.0 7.0 7.0 7.0 11.0 7.0 7.0 7.0 7.0 7.0 7.0 7.0 7.0 8.0 8.0 7.0 8.0 10.0 8.0 8.0 8.0 7.0 7.0 7.0 7.0 7.0 7.0 7.0 7.0 7.0 7.0 8.0 7.0 7.0 7.0 8.0 7.0 8.0 7.0 8.0 7.0 8.0 7.0 8.0 7.0 7.0 7.0 9.0
28 29 1 TRACE 12.0 8.0 8.0 8.0 9.0 8.0 9.0 10.0 9.0 9.0 9.0 9.0 8.0 8.0 9.0 8.0 8.0 8.0 8.0 8.0 8.0 8.0 9.0 9.0 9.0 8.0 9.0 9.0 8.0 8.0 8.0 9.0 9.0 8.0 9.0 9.0 8.0 8.0 8.0 9.0 8.0 9.0 8.0 9.0 8.0 8.0 9.0 10.0 8.0 8.0 8.0 8.0 8.0 8.0 8.0 9.0 9.0 9.0 9.0 9.0 9.0 9.0 8.0 8.0 8.0 8.0 8.0 9.0 9.0 9.0 9.0 8.0 9.0 9.0 9.0 9.0 8.0 9.0 8.0 9.0 8.0 9.0 8.0 8.0 8.0 8.0 8.0 9.0 9.0 8.0 8.0 9.0 8.0 8.0 8.0 9.0 8.0 8.0 9.0 9.0 8.0 9.0 8.0 9.0 8.0 9.0 9.0 8.0 8.0 8.0 8.0 9.0 8.0 8.0 9.0 8.0 9.0 9.0 8.0 8.0 8.0 8.0 8.0 9.0 8.0 8.0 8.0 9.0 8.0 9.0 8.0 9.0 8.0 8.0 8.0 9.0 8.0 8.0 8.0 8.0 8.0 8.0 8.0 8.0 9.0 8.0 9.0 9.0 9.0 9.0 8.0 8.0 8.0 8.0 9.0 9.0 8.0 9.0 8.0 9.0 8.0 8.0 9.0 9.0 9.0 8.0 9.0 8.0 9.0 8.0 9.0 8.0 9.0 9.0 9.0 8.0 8.0 8.0 9.0 8.0 8.0 9.0 8.0 9.0 8.0 9.0 9.0 9.0 8.0 8.0 8.0 9.0 8.0 8.0 8.0 20.0 8.0 8.0 9.0 10.0 8.0 8.0 8.0 8.0 8.0 8.0 8.0 9.0 9.0 9.0 9.0 9.0 8.0 8.0 8.0 9.0 9.0 9.0 9.0 9.0 8.0 8.0 8.0 9.0 9.0 9.0 8.0 9.0 8.0
29 30 1 TRACE 45.0 31.0 56.0 35.0 39.0 41.0 31.0 24.0 34.0 15.0 33.0 202.0 33.0 34.0 33.0 35.0 159.0 110.0 34.0 34.0 34.0 100.0 33.0 34.0 29.0 33.0 33.0 692.0 100.0 32.0 33.0 35.0 42.0 49.0 17.0 40.0 65.0 77.0 32.0 38.0 35.0 40.0 34.0 72.0 33.0 32.0 25.0 17.0 96.0 40.0 30.0 34.0 32.0 41.0 38.0 36.0 32.0 34.0 35.0 41.0 113.0 30.0 90.0 137.0 243.0 39.0 68.0 32.0 34.0 29.0 32.0 54.0 42.0 31.0 30.0 350.0 32.0 65.0 30.0 42.0 34.0 51.0 33.0 36.0 30.0 82.0 27.0 36.0 48.0 37.0 31.0 33.0 31.0 103.0 66.0 36.0 34.0 51.0 53.0 35.0 51.0 20.0 75.0 49.0 68.0 33.0 111.0 107.0 67.0 35.0 34.0 42.0 30.0 113.0 32.0 72.0 33.0 33.0 33.0 75.0 32.0 61.0 198.0 35.0 33.0 35.0 72.0 35.0 40.0 105.0 61.0 35.0 33.0 105.0 34.0 17.0 34.0 36.0 32.0 33.0 35.0 73.0 45.0 71.0 68.0 33.0 100.0 98.0 47.0 40.0 103.0 34.0 29.0 34.0 34.0 33.0 34.0 69.0 33.0 61.0 77.0 35.0 32.0 68.0 32.0 67.0 33.0 42.0 33.0 64.0 32.0 46.0 29.0 37.0 29.0 64.0 53.0 32.0 68.0 61.0 42.0 36.0 33.0 31.0 34.0 35.0 106.0 31.0 40.0 107.0 35.0 63.0 64.0 36.0 34.0 59.0 45.0 35.0 37.0 16.0 65.0 37.0 34.0 33.0 31.0 33.0 33.0 36.0 59.0 33.0 40.0 33.0 69.0 52.0 36.0 81.0 27.0 74.0 26.0 35.0 47.0 40.0 60.0 198.0 62.0 30.0 37.0 39.0 15.0
30 31 1 TRACE 22.0 41.0 1750.0 8.0 8.0 18.0 8.0 10.0 16.0 15.0 17.0 26.0 16.0 8.0 17.0 16.0 20.0 8.0 9.0 15.0 8.0 17.0 15.0 8.0 16.0 15.0 8.0 8.0 19.0 8.0 15.0 20.0 26.0 17.0 15.0 17.0 8.0 9.0 16.0 8.0 8.0 16.0 18.0 15.0 17.0 28.0 8.0 9.0 8.0 8.0 8.0 16.0 15.0 8.0 28.0 16.0 9.0 16.0 16.0 8.0 101.0 15.0 8.0 9.0 8.0 8.0 8.0 16.0 16.0 8.0 8.0 15.0 15.0 9.0 15.0 34.0 16.0 8.0 16.0 17.0 8.0 8.0 8.0 19.0 8.0 16.0 8.0 16.0 31.0 8.0 16.0 15.0 8.0 129.0 26.0 17.0 8.0 17.0 17.0 8.0 16.0 17.0 17.0 8.0 16.0 16.0 8.0 8.0 50.0 16.0 8.0 15.0 8.0 16.0 62.0 8.0 16.0 26.0 16.0 16.0 16.0 17.0 17.0 16.0 8.0 16.0 16.0 17.0 8.0 8.0 18.0 15.0 8.0 8.0 19.0 16.0 8.0 8.0 7.0 15.0 8.0 8.0 16.0 8.0 8.0 15.0 17.0 8.0 119.0 18.0 8.0 8.0 16.0 8.0 16.0 16.0 8.0 8.0 16.0 16.0 8.0 9.0 16.0 17.0 10.0 9.0 15.0 29.0 9.0 8.0 8.0 17.0 16.0 16.0 36.0 8.0 9.0 8.0 21.0 18.0 8.0 7.0 16.0 16.0 8.0 16.0 8.0 17.0 8.0 16.0 15.0 9.0 16.0 15.0 8.0 8.0 16.0 15.0 8.0 15.0 16.0 8.0 18.0 16.0 8.0 16.0 15.0 16.0 8.0 8.0 17.0 16.0 16.0 8.0 16.0 18.0 8.0 8.0 16.0 22.0 8.0 9.0 17.0 77.0 8.0 9.0 16.0 23.0 8.0
31 32 1 TRACE 17.0 14.0 37.0 17.0 11.0 12.0 11.0 13.0 12.0 12.0 11.0 63.0 12.0 11.0 11.0 12.0 11.0 11.0 11.0 11.0 12.0 12.0 11.0 12.0 13.0 11.0 22.0 12.0 12.0 12.0 12.0 23.0 11.0 12.0 12.0 12.0 12.0 11.0 12.0 12.0 12.0 11.0 12.0 11.0 11.0 12.0 13.0 11.0 11.0 18.0 12.0 12.0 13.0 11.0 12.0 11.0 12.0 12.0 12.0 12.0 12.0 12.0 12.0 12.0 23.0 11.0 11.0 11.0 12.0 12.0 11.0 17.0 12.0 11.0 11.0 12.0 12.0 12.0 13.0 12.0 12.0 12.0 11.0 12.0 12.0 12.0 11.0 11.0 12.0 12.0 11.0 11.0 28.0 12.0 12.0 14.0 12.0 12.0 11.0 11.0 12.0 13.0 13.0 12.0 11.0 12.0 12.0 12.0 11.0 12.0 12.0 12.0 12.0 12.0 13.0 12.0 12.0 12.0 12.0 12.0 12.0 11.0 12.0 12.0 13.0 11.0 12.0 11.0 11.0 11.0 12.0 12.0 11.0 11.0 16.0 13.0 11.0 11.0 14.0 12.0 11.0 11.0 11.0 12.0 11.0 11.0 11.0 11.0 120.0 11.0 12.0 11.0 11.0 11.0 12.0 11.0 12.0 11.0 11.0 11.0 12.0 11.0 12.0 12.0 15.0 11.0 11.0 12.0 12.0 11.0 21.0 14.0 12.0 12.0 12.0 11.0 11.0 11.0 13.0 12.0 12.0 11.0 11.0 12.0 11.0 12.0 11.0 11.0 11.0 12.0 12.0 12.0 11.0 11.0 12.0 12.0 12.0 12.0 12.0 13.0 12.0 11.0 11.0 11.0 12.0 12.0 11.0 12.0 11.0 11.0 12.0 12.0 11.0 11.0 11.0 12.0 12.0 12.0 16.0 12.0 14.0 12.0 12.0 12.0 11.0 11.0 12.0 20.0 19.0
32 33 1 TRACE 23.0 18.0 1747.0 18.0 29.0 28.0 18.0 17.0 16.0 16.0 16.0 17.0 16.0 17.0 17.0 16.0 20.0 17.0 17.0 17.0 17.0 17.0 17.0 17.0 17.0 17.0 34.0 17.0 18.0 16.0 17.0 16.0 17.0 17.0 17.0 17.0 16.0 17.0 17.0 57.0 36.0 16.0 17.0 17.0 17.0 17.0 17.0 17.0 21.0 49.0 17.0 17.0 17.0 17.0 16.0 17.0 17.0 17.0 16.0 16.0 17.0 16.0 16.0 16.0 16.0 27.0 17.0 16.0 59.0 17.0 17.0 18.0 17.0 16.0 59.0 18.0 16.0 20.0 16.0 16.0 17.0 16.0 16.0 27.0 17.0 19.0 16.0 16.0 17.0 16.0 16.0 17.0 30.0 93.0 16.0 16.0 18.0 17.0 51.0 16.0 58.0 18.0 17.0 17.0 17.0 17.0 17.0 17.0 27.0 16.0 17.0 17.0 17.0 34.0 17.0 16.0 17.0 17.0 18.0 16.0 18.0 17.0 17.0 17.0 75.0 35.0 16.0 17.0 16.0 58.0 17.0 17.0 16.0 17.0 18.0 18.0 16.0 17.0 16.0 16.0 16.0 35.0 16.0 16.0 55.0 16.0 21.0 21.0 16.0 28.0 17.0 17.0 17.0 22.0 64.0 17.0 17.0 49.0 17.0 17.0 24.0 16.0 17.0 17.0 18.0 18.0 17.0 17.0 17.0 60.0 71.0 17.0 25.0 17.0 17.0 18.0 17.0 16.0 17.0 18.0 38.0 16.0 17.0 16.0 17.0 17.0 17.0 17.0 17.0 17.0 29.0 17.0 17.0 17.0 17.0 18.0 17.0 17.0 17.0 18.0 18.0 17.0 31.0 16.0 92.0 17.0 17.0 16.0 16.0 64.0 17.0 16.0 48.0 28.0 16.0 20.0 17.0 27.0 22.0 17.0 16.0 17.0 17.0 54.0 17.0 16.0 17.0 17.0 18.0
33 34 1 TRACE 163.0 351.0 1186.0 87.0 151.0 134.0 102.0 93.0 445.0 178.0 83.0 282.0 132.0 104.0 68.0 253.0 122.0 69.0 153.0 120.0 125.0 137.0 116.0 88.0 289.0 159.0 94.0 113.0 117.0 107.0 85.0 438.0 143.0 78.0 236.0 134.0 111.0 115.0 144.0 159.0 75.0 508.0 151.0 103.0 415.0 136.0 131.0 68.0 140.0 138.0 92.0 792.0 120.0 142.0 917.0 119.0 117.0 989.0 120.0 103.0 164.0 128.0 91.0 315.0 58.0 94.0 97.0 320.0 138.0 135.0 92.0 145.0 121.0 94.0 110.0 118.0 76.0 106.0 314.0 175.0 104.0 119.0 203.0 123.0 111.0 83.0 109.0 885.0 140.0 81.0 324.0 153.0 71.0 114.0 297.0 130.0 127.0 645.0 118.0 190.0 317.0 145.0 66.0 114.0 256.0 132.0 105.0 175.0 134.0 156.0 107.0 91.0 134.0 786.0 125.0 120.0 996.0 150.0 99.0 289.0 121.0 64.0 270.0 239.0 70.0 106.0 345.0 120.0 105.0 75.0 295.0 146.0 113.0 132.0 345.0 171.0 121.0 75.0 151.0 133.0 78.0 186.0 150.0 109.0 61.0 476.0 210.0 78.0 362.0 121.0 55.0 117.0 119.0 97.0 407.0 122.0 103.0 59.0 204.0 191.0 98.0 120.0 172.0 133.0 88.0 219.0 135.0 125.0 109.0 58.0 294.0 208.0 73.0 346.0 130.0 126.0 76.0 126.0 910.0 121.0 82.0 150.0 274.0 255.0 100.0 109.0 98.0 224.0 153.0 859.0 125.0 52.0 237.0 188.0 106.0 120.0 157.0 172.0 100.0 355.0 136.0 121.0 197.0 154.0 85.0 105.0 390.0 140.0 114.0 40.0 81.0 410.0 159.0 75.0 198.0 128.0 112.0 186.0 133.0 145.0 110.0 103.0 127.0 122.0 168.0 107.0 514.0 140.0 88.0
34 35 1 TRACE 717.0 710.0 51.0 49.0 113.0 47.0 43.0 65.0 54.0 46.0 61.0 52.0 46.0 91.0 44.0 53.0 47.0 44.0 47.0 46.0 47.0 105.0 43.0 49.0 379.0 46.0 17.0 54.0 62.0 40.0 47.0 132.0 48.0 49.0 49.0 47.0 45.0 65.0 47.0 45.0 46.0 251.0 47.0 44.0 51.0 93.0 43.0 16.0 51.0 44.0 49.0 83.0 65.0 45.0 245.0 45.0 48.0 734.0 46.0 51.0 47.0 45.0 43.0 26.0 47.0 47.0 44.0 444.0 47.0 44.0 45.0 44.0 44.0 85.0 47.0 44.0 18.0 114.0 49.0 48.0 48.0 17.0 53.0 46.0 42.0 34.0 46.0 65.0 46.0 45.0 61.0 46.0 50.0 42.0 54.0 47.0 47.0 102.0 46.0 41.0 55.0 46.0 17.0 46.0 50.0 48.0 45.0 46.0 214.0 47.0 42.0 17.0 48.0 191.0 45.0 68.0 274.0 46.0 45.0 52.0 86.0 47.0 51.0 51.0 53.0 44.0 51.0 46.0 43.0 68.0 49.0 45.0 44.0 46.0 95.0 52.0 49.0 16.0 103.0 46.0 18.0 105.0 47.0 43.0 45.0 55.0 46.0 51.0 54.0 46.0 18.0 45.0 45.0 46.0 59.0 47.0 78.0 44.0 49.0 49.0 43.0 54.0 46.0 46.0 42.0 44.0 47.0 46.0 43.0 16.0 49.0 46.0 42.0 53.0 86.0 45.0 18.0 46.0 79.0 46.0 18.0 179.0 56.0 73.0 43.0 48.0 45.0 16.0 46.0 293.0 46.0 46.0 55.0 116.0 43.0 51.0 50.0 47.0 49.0 76.0 57.0 49.0 50.0 47.0 43.0 43.0 56.0 51.0 43.0 50.0 46.0 309.0 75.0 45.0 47.0 47.0 49.0 43.0 47.0 65.0 42.0 43.0 47.0 47.0 44.0 84.0 191.0 46.0 43.0
35 36 1 TRACE 54.0 126.0 54.0 16.0 179.0 42.0 40.0 42.0 55.0 51.0 40.0 90.0 49.0 41.0 41.0 102.0 43.0 43.0 42.0 47.0 42.0 81.0 42.0 79.0 373.0 42.0 16.0 44.0 42.0 42.0 60.0 62.0 85.0 39.0 48.0 43.0 40.0 42.0 44.0 41.0 40.0 65.0 56.0 39.0 55.0 44.0 42.0 15.0 84.0 48.0 45.0 92.0 89.0 44.0 148.0 63.0 45.0 104.0 41.0 43.0 52.0 43.0 40.0 16.0 45.0 42.0 40.0 179.0 42.0 41.0 43.0 42.0 51.0 62.0 44.0 46.0 15.0 42.0 47.0 43.0 41.0 19.0 50.0 42.0 41.0 16.0 43.0 98.0 57.0 48.0 50.0 45.0 42.0 86.0 68.0 42.0 42.0 111.0 51.0 72.0 62.0 42.0 15.0 40.0 67.0 43.0 48.0 42.0 192.0 44.0 41.0 15.0 44.0 128.0 52.0 59.0 176.0 41.0 53.0 49.0 44.0 44.0 49.0 71.0 44.0 39.0 52.0 45.0 41.0 55.0 47.0 56.0 41.0 45.0 97.0 43.0 45.0 17.0 84.0 43.0 17.0 49.0 42.0 46.0 41.0 61.0 85.0 41.0 61.0 43.0 16.0 63.0 41.0 40.0 57.0 43.0 51.0 40.0 46.0 45.0 41.0 43.0 44.0 43.0 39.0 46.0 44.0 104.0 42.0 15.0 169.0 91.0 39.0 56.0 44.0 42.0 15.0 45.0 82.0 43.0 15.0 42.0 50.0 56.0 46.0 45.0 42.0 16.0 119.0 223.0 43.0 44.0 51.0 43.0 43.0 47.0 47.0 43.0 42.0 441.0 78.0 42.0 48.0 44.0 63.0 40.0 58.0 44.0 42.0 39.0 47.0 65.0 43.0 42.0 59.0 43.0 46.0 39.0 43.0 102.0 40.0 40.0 43.0 95.0 40.0 43.0 115.0 50.0 41.0
36 37 1 TRACE 180.0 926.0 118.0 779.0 309.0 225.0 26.0 114.0 330.0 34.0 95.0 107.0 154.0 26.0 123.0 275.0 73.0 27.0 51.0 54.0 130.0 270.0 74.0 37.0 531.0 165.0 122.0 63.0 149.0 30.0 55.0 321.0 175.0 328.0 102.0 84.0 33.0 31.0 56.0 29.0 53.0 357.0 30.0 51.0 172.0 91.0 26.0 179.0 156.0 27.0 94.0 485.0 308.0 70.0 534.0 84.0 71.0 642.0 459.0 60.0 88.0 343.0 26.0 79.0 73.0 45.0 41.0 86.0 58.0 26.0 77.0 76.0 27.0 32.0 78.0 32.0 78.0 26.0 102.0 72.0 27.0 117.0 80.0 134.0 72.0 34.0 43.0 522.0 30.0 29.0 125.0 126.0 27.0 31.0 254.0 284.0 51.0 313.0 57.0 94.0 182.0 45.0 112.0 48.0 85.0 82.0 25.0 115.0 61.0 150.0 61.0 97.0 84.0 606.0 626.0 51.0 636.0 59.0 439.0 198.0 72.0 43.0 183.0 35.0 60.0 59.0 542.0 68.0 26.0 36.0 144.0 309.0 29.0 149.0 284.0 55.0 28.0 104.0 74.0 31.0 128.0 85.0 64.0 30.0 51.0 301.0 47.0 85.0 336.0 122.0 74.0 39.0 132.0 92.0 195.0 115.0 28.0 79.0 90.0 73.0 26.0 30.0 445.0 53.0 26.0 431.0 1553.0 115.0 26.0 129.0 65.0 218.0 74.0 207.0 43.0 26.0 90.0 96.0 522.0 73.0 88.0 341.0 146.0 40.0 31.0 57.0 84.0 79.0 171.0 506.0 225.0 64.0 152.0 58.0 29.0 29.0 92.0 49.0 45.0 139.0 40.0 36.0 120.0 109.0 66.0 156.0 218.0 39.0 27.0 29.0 33.0 452.0 187.0 88.0 99.0 75.0 27.0 61.0 53.0 86.0 26.0 369.0 100.0 55.0 26.0 123.0 518.0 255.0 38.0
37 38 1 TRACE 38.0 58.0 56.0 34.0 41.0 28.0 28.0 29.0 72.0 57.0 291.0 72.0 75.0 39.0 47.0 294.0 31.0 28.0 33.0 29.0 39.0 33.0 27.0 29.0 69.0 28.0 28.0 32.0 77.0 29.0 66.0 152.0 39.0 73.0 83.0 27.0 26.0 51.0 33.0 71.0 40.0 100.0 29.0 31.0 64.0 27.0 69.0 38.0 33.0 30.0 36.0 107.0 29.0 67.0 108.0 29.0 28.0 136.0 33.0 28.0 41.0 146.0 28.0 70.0 33.0 76.0 28.0 53.0 29.0 73.0 90.0 30.0 79.0 29.0 50.0 28.0 29.0 49.0 68.0 28.0 27.0 28.0 42.0 27.0 27.0 33.0 35.0 98.0 72.0 26.0 51.0 27.0 29.0 30.0 65.0 66.0 29.0 84.0 29.0 586.0 71.0 27.0 29.0 34.0 47.0 29.0 28.0 52.0 50.0 29.0 62.0 68.0 34.0 102.0 63.0 36.0 99.0 35.0 36.0 55.0 27.0 27.0 93.0 28.0 27.0 29.0 55.0 29.0 62.0 29.0 50.0 73.0 26.0 94.0 63.0 29.0 69.0 30.0 34.0 32.0 52.0 105.0 28.0 33.0 28.0 57.0 29.0 29.0 75.0 59.0 30.0 31.0 40.0 66.0 80.0 30.0 49.0 36.0 40.0 27.0 66.0 32.0 38.0 28.0 57.0 65.0 39.0 27.0 33.0 29.0 47.0 27.0 30.0 59.0 74.0 36.0 28.0 68.0 158.0 69.0 31.0 58.0 61.0 28.0 28.0 33.0 30.0 28.0 146.0 113.0 27.0 29.0 78.0 28.0 67.0 36.0 40.0 26.0 30.0 57.0 28.0 30.0 75.0 34.0 67.0 128.0 112.0 27.0 36.0 27.0 33.0 65.0 153.0 28.0 76.0 27.0 26.0 66.0 70.0 166.0 73.0 43.0 37.0 26.0 33.0 29.0 111.0 42.0 29.0
38 39 1 TRACE 31.0 49.0 26.0 47.0 31.0 23.0 29.0 23.0 26.0 22.0 143.0 26.0 32.0 21.0 27.0 77.0 68.0 24.0 23.0 42.0 26.0 61.0 23.0 34.0 27.0 31.0 26.0 24.0 26.0 25.0 27.0 78.0 26.0 29.0 27.0 23.0 40.0 26.0 23.0 64.0 24.0 78.0 23.0 23.0 66.0 45.0 26.0 28.0 25.0 50.0 24.0 26.0 23.0 26.0 178.0 24.0 24.0 29.0 44.0 26.0 26.0 26.0 36.0 86.0 25.0 64.0 23.0 43.0 25.0 29.0 53.0 24.0 70.0 25.0 28.0 23.0 23.0 25.0 26.0 26.0 23.0 32.0 27.0 26.0 25.0 67.0 29.0 37.0 64.0 25.0 26.0 23.0 21.0 25.0 26.0 23.0 45.0 25.0 28.0 94.0 33.0 83.0 24.0 24.0 27.0 25.0 33.0 34.0 47.0 27.0 25.0 64.0 27.0 45.0 40.0 23.0 25.0 23.0 23.0 26.0 27.0 25.0 26.0 24.0 29.0 44.0 37.0 22.0 65.0 62.0 25.0 30.0 24.0 41.0 27.0 24.0 57.0 22.0 26.0 23.0 57.0 57.0 23.0 24.0 23.0 32.0 24.0 23.0 26.0 60.0 22.0 66.0 73.0 33.0 27.0 23.0 29.0 49.0 25.0 23.0 58.0 26.0 27.0 29.0 28.0 70.0 30.0 23.0 66.0 32.0 26.0 30.0 23.0 27.0 58.0 31.0 26.0 60.0 39.0 45.0 25.0 24.0 27.0 28.0 43.0 24.0 34.0 24.0 62.0 24.0 25.0 67.0 29.0 22.0 62.0 35.0 25.0 24.0 22.0 25.0 23.0 24.0 25.0 26.0 216.0 28.0 41.0 24.0 25.0 22.0 24.0 25.0 31.0 23.0 63.0 59.0 26.0 68.0 59.0 27.0 62.0 35.0 25.0 31.0 25.0 23.0 61.0 74.0 25.0
39 25 1 TRACE 16.0 15.0 17.0 16.0 95.0 29.0 16.0 19.0 90.0 17.0 16.0 16.0 17.0 22.0 16.0 17.0 16.0 16.0 17.0 19.0 16.0 17.0 17.0 19.0 18.0 17.0 16.0 16.0 16.0 17.0 16.0 18.0 16.0 17.0 16.0 54.0 16.0 17.0 16.0 20.0 16.0 18.0 16.0 17.0 16.0 20.0 16.0 19.0 16.0 17.0 16.0 20.0 17.0 16.0 16.0 17.0 17.0 40.0 16.0 17.0 60.0 16.0 16.0 16.0 16.0 15.0 17.0 17.0 17.0 17.0 21.0 16.0 16.0 17.0 17.0 19.0 17.0 19.0 16.0 16.0 16.0 17.0 17.0 17.0 17.0 15.0 41.0 23.0 16.0 17.0 16.0 17.0 16.0 16.0 20.0 55.0 16.0 54.0 17.0 16.0 17.0
39 40 1 TRACE 35.0 26.0 64.0 26.0 25.0 26.0 61.0 26.0 45.0 40.0 27.0 33.0 76.0 62.0 25.0 25.0 29.0 34.0 28.0 28.0 41.0 27.0 25.0 25.0 24.0 28.0 37.0 25.0 27.0 25.0 33.0 25.0 181.0 25.0 49.0 25.0 56.0 26.0 32.0 25.0 40.0 25.0 25.0 60.0 27.0 26.0 47.0 59.0 62.0 26.0 56.0 42.0 40.0 29.0 89.0 26.0 35.0 26.0 26.0 25.0 25.0 55.0 26.0 76.0
39 51 1 TRACE 33.0 25.0 26.0 65.0 40.0 33.0 32.0 26.0 24.0 27.0 47.0 25.0 25.0 25.0 71.0 24.0 25.0 63.0 27.0 35.0 26.0 120.0 26.0 28.0 24.0 29.0 48.0 26.0 34.0 232.0 27.0 28.0 27.0 31.0 26.0 26.0 81.0 25.0 28.0 26.0 25.0 25.0 27.0 38.0 28.0 466.0 28.0 62.0 54.0 25.0 39.0 26.0 25.0 25.0 63.0 24.0 25.0 31.0 62.0 26.0 37.0 51.0 31.0 60.0
40 41 1 TRACE 89.0 54.0 98.0 63.0 80.0 44.0 48.0 73.0 44.0 94.0 100.0 46.0 108.0 78.0 46.0 132.0 135.0 143.0 51.0 45.0 63.0 46.0 44.0 54.0 51.0 131.0 73.0 92.0 110.0 80.0 55.0 52.0 140.0 137.0 84.0 75.0 76.0 66.0 88.0 44.0 58.0 87.0 90.0 67.0 73.0 53.0 50.0 50.0 60.0 79.0 139.0 77.0 46.0 154.0 62.0 60.0 77.0 52.0 75.0 91.0 55.0 47.0 61.0 121.0
41 42 1 TRACE 17.0 14.0 12.0 12.0 12.0 12.0 13.0 12.0 12.0 13.0 12.0 11.0 13.0 12.0 11.0 12.0 12.0 11.0 12.0 13.0 13.0 12.0 15.0 12.0 12.0 13.0 12.0 12.0 12.0 12.0 13.0 15.0 12.0 14.0 12.0 11.0 12.0 12.0 12.0 11.0 12.0 13.0 12.0 12.0 12.0 11.0 12.0 11.0 11.0 12.0 12.0 12.0 11.0 12.0 12.0 11.0 13.0 12.0 12.0 13.0 12.0 12.0 12.0 24.0 12.0 12.0 12.0 12.0 12.0 12.0 12.0 12.0 12.0 12.0 13.0 12.0 11.0 12.0 12.0 18.0 12.0 12.0 11.0 12.0 12.0 12.0 12.0 14.0 12.0 13.0 12.0 12.0 12.0 35.0 12.0 12.0 12.0 11.0 12.0 15.0 12.0 12.0 61.0 11.0 13.0 11.0 11.0 12.0 12.0 12.0 13.0 12.0 12.0 13.0 12.0 11.0 13.0 95.0 12.0 12.0 11.0 12.0 13.0 11.0 12.0 12.0 13.0 12.0 11.0 12.0 12.0 12.0 13.0 11.0 12.0 12.0 12.0 12.0 12.0 12.0 12.0 11.0 13.0 12.0 12.0 13.0 12.0 12.0 12.0 12.0 11.0 12.0 11.0 15.0 14.0 11.0 11.0 13.0 12.0 12.0 12.0 29.0 11.0 12.0 12.0 12.0 13.0 12.0 11.0 12.0 12.0 12.0 11.0 12.0 12.0 12.0 13.0 14.0 12.0 13.0 12.0 12.0 12.0 11.0 11.0 12.0 13.0 13.0 12.0 11.0 12.0 13.0 12.0 12.0 12.0 12.0 19.0 12.0 12.0 12.0 14.0 11.0 11.0
42 43 1 TRACE 15.0 11.0 12.0 11.0 12.0 11.0 11.0 11.0 11.0 11.0 11.0 11.0 12.0 11.0 11.0 11.0 10.0 11.0 10.0 11.0 11.0 11.0 10.0 11.0 11.0 11.0 11.0 11.0 11.0 12.0 11.0 11.0 11.0 11.0 11.0 11.0 11.0 11.0 11.0 11.0 11.0 12.0 11.0 12.0 11.0 11.0 11.0 11.0 11.0 11.0 11.0 11.0 10.0 12.0 11.0 11.0 11.0 11.0 11.0 10.0 10.0 11.0 11.0 11.0 11.0 10.0 11.0 10.0 10.0 11.0 10.0 10.0 11.0 10.0 11.0 11.0 11.0 11.0 11.0 11.0 11.0 11.0 11.0 11.0 11.0 10.0 12.0 11.0 11.0 11.0 10.0 11.0 10.0 10.0 10.0 11.0 10.0 11.0 11.0 11.0 11.0 10.0 11.0 11.0 12.0 11.0 11.0 11.0 11.0 10.0 12.0 11.0 11.0 11.0 11.0 10.0 11.0 11.0 10.0 11.0 11.0 10.0 11.0 11.0 11.0 11.0 11.0 11.0 11.0 11.0 11.0 11.0 11.0 11.0 11.0 11.0 11.0 11.0 11.0 11.0 11.0 11.0 10.0 10.0 11.0 11.0 11.0 11.0 12.0 10.0 11.0 11.0 11.0 11.0 11.0 11.0 11.0 12.0 11.0 11.0 11.0 11.0 11.0 11.0 10.0 10.0 11.0 11.0 11.0 11.0 11.0 11.0 11.0 11.0 11.0 10.0 11.0 11.0 11.0 11.0 10.0 10.0 11.0 11.0 11.0 11.0 12.0 11.0 11.0 11.0 10.0 11.0 10.0 12.0 11.0 11.0 11.0 11.0 11.0 10.0 11.0 11.0 11.0
43 44 1 TRACE 12.0 8.0 8.0 8.0 8.0 11.0 8.0 8.0 8.0 8.0 8.0 8.0 9.0 8.0 8.0 8.0 8.0 8.0 8.0 8.0 8.0 8.0 8.0 8.0 8.0 9.0 8.0 8.0 8.0 8.0 9.0 8.0 8.0 8.0 8.0 8.0 8.0 9.0 8.0 8.0 8.0 9.0 8.0 8.0 8.0 8.0 8.0 8.0 8.0 8.0 8.0 8.0 8.0 8.0 8.0 8.0 8.0 8.0 7.0 8.0 8.0 8.0 8.0 8.0 8.0 8.0 8.0 8.0 8.0 8.0 8.0 8.0 8.0 8.0 8.0 8.0 8.0 8.0 8.0 8.0 8.0 9.0 7.0 8.0 8.0 8.0 8.0 8.0 8.0 9.0 8.0 8.0 8.0 8.0 8.0 8.0 8.0 8.0 8.0 8.0 8.0 8.0 8.0 8.0 8.0 8.0 9.0 8.0 8.0 8.0 11.0 8.0 8.0 9.0 8.0 8.0 9.0 8.0 8.0 8.0 7.0 8.0 8.0 8.0 8.0 8.0 9.0 8.0 8.0 9.0 8.0 8.0 8.0 8.0 8.0 8.0 8.0 7.0 9.0 9.0 8.0 8.0 8.0 8.0 8.0 8.0 8.0 8.0 8.0 8.0 8.0 8.0 8.0 8.0 8.0 21.0 8.0 8.0 8.0 9.0 8.0 8.0 8.0 8.0 9.0 8.0 8.0 8.0 8.0 8.0 9.0 8.0 8.0 8.0 9.0 8.0 8.0 8.0 8.0 9.0 8.0 8.0 8.0 8.0 8.0 8.0 19.0 8.0 8.0 8.0 8.0 8.0 8.0 8.0 8.0 8.0 8.0 8.0 8.0 8.0 8.0 8.0 7.0
44 45 1 TRACE 56.0 353.0 44.0 36.0 32.0 41.0 68.0 38.0 34.0 33.0 34.0 37.0 190.0 40.0 34.0 46.0 34.0 38.0 34.0 31.0 34.0 62.0 39.0 27.0 35.0 33.0 75.0 39.0 33.0 71.0 69.0 114.0 34.0 34.0 234.0 52.0 38.0 35.0 34.0 64.0 37.0 71.0 29.0 63.0 83.0 39.0 35.0 78.0 34.0 31.0 28.0 33.0 89.0 97.0 34.0 32.0 24.0 35.0 33.0 71.0 34.0 78.0 49.0 127.0 34.0 66.0 42.0 49.0 31.0 54.0 39.0 34.0 36.0 111.0 39.0 34.0 93.0 76.0 127.0 145.0 100.0 74.0 33.0 109.0 35.0 33.0 64.0 29.0 43.0 28.0 39.0 34.0 42.0 63.0 31.0 139.0 68.0 70.0 64.0 30.0 34.0 42.0 51.0 87.0 62.0 31.0 66.0 320.0 40.0 42.0 24.0 34.0 31.0 36.0 78.0 36.0 87.0 204.0 36.0 77.0 35.0 32.0 40.0 81.0 33.0 52.0 124.0 132.0 40.0 44.0 60.0 34.0 59.0 67.0 98.0 41.0 69.0 36.0 30.0 35.0 38.0 56.0 69.0 40.0 124.0 42.0 34.0 33.0 41.0 30.0 95.0 78.0 39.0 26.0 52.0 25.0 123.0 32.0 32.0 33.0 61.0 44.0 37.0 35.0 34.0 41.0 47.0 33.0 34.0 34.0 29.0 80.0 58.0 74.0 32.0 31.0 55.0 65.0 38.0 39.0 34.0 97.0 46.0 35.0 63.0 48.0 23.0 35.0 35.0 35.0 330.0 46.0 68.0 61.0 74.0 124.0 42.0 35.0 33.0 37.0 40.0 35.0 72.0
45 46 1 TRACE 21.0 17.0 20.0 46.0 16.0 17.0 60.0 19.0 17.0 18.0 17.0 16.0 18.0 16.0 16.0 17.0 16.0 18.0 17.0 16.0 20.0 19.0 17.0 17.0 15.0 17.0 19.0 15.0 16.0 22.0 20.0 31.0 15.0 17.0 17.0 16.0 24.0 16.0 16.0 52.0 24.0 28.0 17.0 20.0 29.0 18.0 16.0 16.0 16.0 76.0 17.0 17.0 47.0 17.0 17.0 16.0 17.0 18.0 18.0 16.0 16.0 16.0 16.0 52.0 16.0 18.0 30.0 16.0 18.0 16.0 18.0 18.0 16.0 46.0 17.0 16.0 16.0 17.0 34.0 18.0 16.0 16.0 17.0 23.0 28.0 19.0 47.0 17.0 45.0 15.0 17.0 15.0 23.0 15.0 17.0 16.0 18.0 52.0 18.0 17.0 66.0 15.0 27.0 16.0 16.0 16.0 104.0 34.0 17.0 17.0 17.0 16.0 16.0 16.0 18.0 16.0 37.0 17.0 54.0 54.0 16.0 32.0 17.0 17.0 15.0 16.0 17.0 30.0 15.0 16.0 63.0 17.0 17.0 83.0 18.0 18.0 19.0 17.0 18.0 17.0 17.0 15.0 19.0 16.0 18.0 16.0 16.0 18.0 17.0 16.0 16.0 18.0 16.0 17.0 25.0 17.0 33.0 17.0 26.0 16.0 16.0 18.0 27.0 19.0 16.0 25.0 18.0 16.0 16.0 17.0 17.0 16.0 15.0 16.0 16.0 15.0 15.0 16.0 16.0 16.0 17.0 16.0 16.0 24.0 20.0 17.0 16.0 21.0 16.0 18.0 19.0 16.0 44.0 20.0 19.0 19.0 33.0 16.0 17.0 16.0 32.0 17.0 18.0
46 47 1 TRACE 329.0 105.0 383.0 329.0 112.0 156.0 222.0 91.0 82.0 286.0 104.0 80.0 269.0 100.0 83.0 335.0 184.0 83.0 89.0 344.0 144.0 81.0 88.0 284.0 104.0 102.0 359.0 144.0 93.0 103.0 231.0 89.0 81.0 333.0 106.0 84.0 342.0 130.0 109.0 77.0 220.0 106.0 84.0 239.0 97.0 78.0 360.0 160.0 83.0 92.0 226.0 87.0 78.0 223.0 87.0 89.0 238.0 85.0 85.0 354.0 114.0 92.0 342.0 151.0 97.0 79.0 282.0 100.0 82.0 389.0 140.0 85.0 85.0 392.0 156.0 85.0 79.0 331.0 103.0 79.0 346.0 149.0 85.0 205.0 87.0 86.0 260.0 102.0 80.0 245.0 118.0 86.0 210.0 99.0 117.0 241.0 92.0 91.0 341.0 108.0 84.0 380.0 117.0 86.0 203.0 90.0 78.0 229.0 89.0 78.0 258.0 106.0 83.0 253.0 93.0 90.0 250.0 94.0 85.0 265.0 101.0 84.0 259.0 89.0 86.0 371.0 155.0 83.0 86.0 337.0 137.0 81.0 232.0 94.0 78.0 223.0 107.0 82.0 338.0 167.0 81.0 78.0 287.0 92.0 83.0 337.0 112.0 84.0 350.0 113.0 78.0 387.0 120.0 84.0 310.0 105.0 83.0 246.0 92.0 89.0 205.0 81.0 109.0 256.0 109.0 79.0 343.0 129.0 127.0 88.0 211.0 93.0 85.0 287.0 114.0 84.0 356.0 110.0 83.0 251.0 100.0 82.0 362.0 105.0 86.0 241.0 104.0 77.0 225.0 92.0 77.0 323.0 107.0 102.0 347.0 126.0 80.0 351.0 117.0 82.0 212.0 89.0 84.0
47 48 1 TRACE 13.0 26.0 23.0 23.0 20.0 8.0 9.0 9.0 11.0 11.0 8.0 10.0 9.0 11.0 9.0 8.0 10.0 9.0 9.0 10.0 7.0 10.0 11.0 10.0 10.0 8.0 11.0 11.0 12.0 9.0 8.0 13.0 10.0 14.0 11.0 8.0 23.0 11.0 13.0 12.0 8.0 9.0 10.0 10.0 26.0 8.0 9.0 9.0 9.0 11.0 8.0 11.0 10.0 43.0 16.0 8.0 10.0 11.0 12.0 10.0 8.0 10.0 10.0 16.0 12.0 8.0 11.0 16.0 14.0 12.0 8.0 9.0 15.0 16.0 11.0 8.0 10.0 10.0 9.0 10.0 8.0 10.0 11.0 18.0 12.0 8.0 10.0 89.0 11.0 9.0 8.0 11.0 10.0 12.0 10.0 8.0 11.0 9.0 9.0 10.0 9.0 24.0 9.0 15.0 11.0 8.0 28.0 10.0 12.0 10.0 8.0 11.0 9.0 12.0 10.0 8.0 10.0 10.0 14.0 10.0 8.0 9.0 13.0 12.0 11.0 8.0 10.0 9.0 12.0 10.0 8.0 10.0 10.0 9.0 18.0 8.0 10.0 9.0 15.0 12.0 8.0 11.0 10.0 17.0 10.0 11.0 10.0 9.0 11.0 10.0 8.0 9.0 10.0 37.0 51.0 8.0 10.0 10.0 12.0 10.0 8.0 11.0 10.0 22.0 10.0 9.0 24.0 16.0 14.0 10.0 8.0 10.0 12.0 13.0 10.0 8.0 9.0 13.0 10.0 10.0 8.0 11.0 11.0 10.0 10.0 8.0 10.0 11.0 17.0 12.0 8.0 9.0 10.0 10.0 10.0 8.0 11.0 10.0 10.0 10.0 8.0 9.0 10.0 13.0 11.0 8.0 9.0 9.0 12.0 10.0 8.0 9.0 10.0 9.0 11.0 8.0 10.0 10.0 13.0 12.0 8.0 10.0 10.0 20.0 11.0 8.0 10.0 9.0 12.0 9.0 8.0 11.0 9.0 10.0 11.0 8.0 10.0 9.0 15.0 10.0 8.0 10.0 10.0 12.0 9.0 8.0 12.0 9.0 13.0 9.0 8.0 25.0 14.0 10.0 10.0 8.0 9.0 10.0 12.0 10.0 8.0 9.0 14.0 9.0 10.0 8.0 40.0 18.0 12.0 11.0 8.0 9.0 9.0 13.0 11.0 8.0 40.0 14.0 13.0 9.0 9.0 11.0 9.0 14.0 12.0 8.0 10.0 13.0 12.0 10.0 8.0 9.0 10.0 14.0 10.0 8.0 9.0 9.0 10.0 13.0 8.0 10.0 11.0 15.0 12.0 8.0 11.0 10.0 11.0 10.0 8.0 9.0 9.0 25.0 13.0 8.0 9.0 10.0 14.0 12.0 9.0 10.0 11.0 20.0 9.0 8.0 11.0 14.0 9.0 10.0 8.0 14.0 12.0 16.0 11.0 8.0 10.0 12.0 12.0 11.0 8.0 10.0 10.0 55.0 10.0 9.0 31.0 13.0 10.0 11.0 8.0 10.0 10.0 10.0 12.0 8.0 9.0 13.0 27.0 11.0 8.0 11.0 9.0 11.0 10.0 8.0 19.0 10.0 9.0 10.0 8.0 10.0 11.0 10.0 10.0 8.0 10.0 13.0 11.0 9.0 8.0 9.0 10.0 12.0 29.0 8.0 11.0 10.0 14.0 9.0 8.0 14.0 14.0 14.0 13.0 8.0 10.0 10.0 12.0 10.0 9.0 10.0 9.0 9.0 11.0 9.0 14.0 21.0 9.0 12.0 8.0 10.0 11.0 11.0 9.0 7.0 13.0 14.0 12.0 11.0 8.0 11.0 10.0 11.0 10.0 8.0 11.0 10.0 11.0 10.0 8.0 9.0 10.0 10.0 10.0 8.0 10.0 13.0 17.0 12.0 8.0 9.0 10.0 20.0 10.0 8.0 12.0 52.0 15.0 11.0 8.0 10.0 10.0 10.0 12.0 8.0 10.0 9.0 12.0 9.0 8.0 16.0 10.0 10.0 10.0 8.0 10.0 9.0 10.0 10.0 8.0 10.0 37.0 11.0 9.0 9.0 105.0 12.0 14.0 11.0 8.0 10.0 15.0 13.0 12.0 7.0 9.0 10.0 11.0 10.0 8.0 10.0 10.0 10.0 10.0 8.0 9.0 11.0 17.0 12.0 8.0 10.0 9.0 12.0 9.0 9.0 11.0 9.0 14.0 10.0 8.0 10.0 12.0 10.0 14.0 7.0 10.0 9.0 11.0 9.0 8.0 42.0 10.0 14.0 12.0 8.0 10.0 10.0 14.0 10.0 8.0 39.0 14.0 9.0 10.0 8.0 10.0 12.0 15.0 12.0 11.0 9.0 10.0 12.0 11.0 7.0 14.0 10.0 26.0 10.0 8.0 18.0 15.0 14.0 11.0 8.0 9.0 10.0 13.0 12.0 8.0 11.0 12.0 21.0 9.0 8.0 23.0 12.0 9.0 12.0 7.0 12.0 13.0 13.0 12.0 8.0 9.0 12.0 14.0 10.0 8.0 10.0 9.0 16.0 12.0 7.0 13.0 13.0 13.0 11.0 8.0 9.0 9.0 12.0 10.0 8.0 20.0 13.0 12.0 11.0 8.0 9.0 12.0 13.0 12.0 9.0 14.0 10.0 9.0 10.0 9.0 20.0 15.0 15.0 13.0 8.0 11.0 12.0 18.0 12.0 8.0 9.0 11.0 13.0 10.0 9.0 10.0 10.0 10.0 10.0 8.0 10.0 10.0 16.0 14.0 8.0 9.0 9.0 14.0 10.0 8.0 11.0 9.0 13.0 10.0 8.0 11.0 9.0 16.0 11.0 8.0 9.0 10.0 14.0 9.0 8.0 10.0 12.0 14.0 9.0 8.0 9.0 10.0 17.0 11.0 8.0 10.0 9.0 11.0 12.0 8.0 13.0 31.0 12.0 9.0 8.0 9.0 13.0 14.0 13.0 9.0 15.0 9.0 9.0 11.0 8.0 37.0 10.0 10.0 10.0 8.0 12.0 10.0 10.0 11.0 8.0 10.0 12.0 16.0 12.0 8.0 9.0 12.0 12.0 9.0 8.0 10.0 11.0 22.0 10.0 8.0 9.0 9.0 9.0 10.0 8.0 10.0 12.0 15.0 9.0 8.0 10.0 12.0 13.0 9.0 9.0 10.0 11.0 10.0 10.0 7.0 9.0 11.0 16.0 13.0 8.0 10.0 9.0 12.0 10.0 8.0 10.0 9.0 11.0 11.0 8.0 9.0 17.0 16.0 13.0 8.0 11.0 10.0 11.0 10.0 9.0 10.0 9.0 14.0 10.0 8.0 9.0 12.0 9.0 9.0 7.0 10.0 11.0 13.0 10.0 8.0 22.0 14.0 14.0 12.0 8.0 20.0 11.0 16.0 14.0 8.0 10.0 12.0 13.0 46.0 8.0 10.0 9.0 14.0 12.0 8.0 11.0 10.0 53.0 11.0 8.0 9.0 11.0 22.0 10.0 8.0 9.0 10.0 13.0 12.0 8.0 9.0 13.0 14.0 10.0 11.0 12.0 10.0 10.0 10.0 8.0 9.0 10.0 15.0 14.0 8.0 10.0 11.0 13.0 12.0 8.0 15.0 10.0 13.0 10.0 8.0 9.0 10.0 9.0 10.0 8.0 14.0 20.0 19.0 14.0 8.0 13.0 11.0 14.0 10.0 7.0 11.0 11.0 15.0 10.0 8.0 14.0 14.0 17.0 15.0 8.0 9.0 11.0 15.0 12.0 8.0 11.0 9.0 12.0 9.0 8.0 9.0 9.0 20.0 10.0 8.0 15.0 9.0 14.0 13.0 8.0 10.0 11.0 13.0 9.0 8.0 10.0 10.0 10.0 10.0 8.0 10.0 11.0 17.0 13.0 9.0 21.0 9.0 9.0 10.0 8.0 10.0 10.0 13.0 16.0 8.0 42.0 55.0 14.0 12.0 8.0 10.0 11.0 13.0 9.0 8.0 34.0 9.0 9.0 11.0 8.0 12.0 11.0 16.0 14.0 8.0 9.0 11.0 13.0 10.0 8.0 10.0 10.0 16.0 27.0 7.0 12.0 9.0 19.0 13.0 8.0 10.0 10.0 13.0 9.0 8.0 10.0 17.0 10.0 9.0 8.0 11.0 13.0 12.0 10.0 8.0 14.0 9.0 9.0 10.0 8.0 10.0 9.0 16.0 10.0 8.0 11.0 12.0 17.0 26.0 8.0 10.0 10.0 11.0 10.0 8.0 10.0 9.0 10.0 10.0 8.0 10.0 10.0 17.0 14.0 7.0 27.0 10.0 13.0 9.0 9.0 10.0 9.0 9.0 11.0 8.0 10.0 12.0 16.0 13.0 8.0 11.0 9.0 12.0 9.0 7.0 9.0 9.0 10.0 12.0 8.0 9.0 11.0 13.0 11.0 8.0 10.0 10.0 13.0 10.0
48 49 1 TRACE 35.0 31.0 28.0 20.0 21.0 8.0 33.0 12.0 12.0 13.0 7.0 10.0 9.0 10.0 9.0 30.0 31.0 23.0 22.0 21.0 8.0 19.0 18.0 34.0 38.0 7.0 15.0 11.0 9.0 10.0 28.0 29.0 38.0 19.0 21.0 8.0 12.0 11.0 11.0 11.0 7.0 11.0 10.0 10.0 11.0 31.0 41.0 31.0 19.0 22.0 9.0 17.0 14.0 16.0 15.0 7.0 9.0 9.0 11.0 9.0 31.0 29.0 27.0 22.0 21.0 8.0 13.0 12.0 13.0 14.0 7.0 9.0 11.0 10.0 10.0 16.0 37.0 22.0 21.0 28.0 16.0 34.0 24.0 19.0 19.0 8.0 10.0 10.0 10.0 10.0 7.0 9.0 9.0 9.0 10.0 23.0 41.0 23.0 22.0 25.0 12.0 31.0 19.0 18.0 18.0 7.0 34.0 10.0 10.0 10.0 8.0 10.0 10.0 10.0 10.0 32.0 31.0 26.0 20.0 20.0 9.0 11.0 12.0 12.0 24.0 7.0 9.0 10.0 10.0 10.0 20.0 65.0 23.0 45.0 26.0 13.0 23.0 24.0 19.0 20.0 8.0 9.0 9.0 9.0 10.0 7.0 9.0 9.0 10.0 9.0 29.0 28.0 69.0 37.0 22.0 8.0 11.0 11.0 11.0 11.0 7.0 12.0 10.0 10.0 10.0 31.0 29.0 23.0 20.0 22.0 8.0 21.0 20.0 14.0 13.0 8.0 9.0 10.0 9.0 9.0 24.0 28.0 25.0 30.0 19.0 11.0 43.0 22.0 19.0 17.0 7.0 9.0 9.0 9.0 11.0 8.0 10.0 13.0 10.0 10.0 26.0 28.0 27.0 20.0 35.0 11.0 10.0 10.0 11.0 17.0 7.0 9.0 10.0 9.0 10.0 30.0 32.0 28.0 20.0 21.0 8.0 11.0 17.0 12.0 12.0 8.0 9.0 9.0 10.0 10.0 23.0 31.0 23.0 22.0 24.0 11.0 22.0 23.0 17.0 17.0 7.0 9.0 10.0 10.0 9.0 7.0 10.0 21.0 10.0 9.0 21.0 26.0 22.0 20.0 20.0 8.0 10.0 11.0 10.0 11.0 8.0 9.0 10.0 10.0 10.0 20.0 35.0 21.0 20.0 19.0 11.0 10.0 9.0 11.0 11.0 8.0 9.0 10.0 9.0 9.0 20.0 29.0 22.0 20.0 19.0 7.0 10.0 11.0 10.0 47.0 8.0 9.0 10.0 10.0 9.0 29.0 100.0 22.0 20.0 20.0 10.0 19.0 20.0 16.0 17.0 7.0 9.0 9.0 10.0 10.0 20.0 25.0 23.0 21.0 30.0 13.0 24.0 23.0 18.0 19.0 8.0 10.0 10.0 9.0 10.0 8.0 20.0 10.0 10.0 10.0 31.0 32.0 26.0 20.0 21.0 11.0 17.0 12.0 13.0 15.0 8.0 10.0 10.0 42.0 10.0 21.0 34.0 58.0 28.0 30.0 12.0 23.0 25.0 19.0 18.0 7.0 9.0 11.0 10.0 9.0 7.0 9.0 9.0 9.0 9.0 19.0 28.0 26.0 22.0 30.0 13.0 24.0 22.0 18.0 20.0 8.0 13.0 10.0 9.0 9.0 8.0 9.0 9.0 10.0 10.0 30.0 48.0 33.0 22.0 20.0 8.0 17.0 17.0 16.0 17.0 7.0 18.0 11.0 9.0 10.0 29.0 29.0 24.0 20.0 28.0 10.0 20.0 28.0 16.0 17.0 7.0 11.0 9.0 10.0 9.0 20.0 28.0 22.0 20.0 20.0 8.0 10.0 20.0 10.0 11.0 7.0 9.0 10.0 9.0 10.0 31.0 30.0 24.0 19.0 20.0 8.0 11.0 30.0 13.0 14.0 8.0 10.0 45.0 42.0 10.0 30.0 28.0 23.0 21.0 25.0 8.0 11.0 17.0 11.0 11.0 7.0 9.0 10.0 9.0 9.0 25.0 60.0 24.0 19.0 20.0 8.0 11.0 10.0 11.0 10.0 7.0 10.0 10.0 10.0 11.0 30.0 31.0 34.0 20.0 20.0 8.0 11.0 10.0 11.0 12.0 7.0 10.0 10.0 9.0 9.0 30.0 29.0 23.0 20.0 19.0 8.0 20.0 18.0 17.0 16.0 7.0 9.0 10.0 10.0 10.0 30.0 28.0 23.0 21.0 60.0 9.0 23.0 20.0 19.0 17.0 7.0 10.0 10.0 9.0 9.0 19.0 34.0 26.0 20.0 19.0 8.0 10.0 19.0 10.0 10.0 8.0 9.0 9.0 10.0 10.0 20.0 29.0 28.0 20.0 20.0 8.0 10.0 10.0 10.0 10.0 7.0 10.0 10.0 10.0 9.0 31.0 32.0 25.0 20.0 21.0 8.0 12.0 11.0 13.0 14.0 8.0 9.0 9.0 12.0 10.0 31.0 31.0 24.0 19.0 19.0 8.0 21.0 13.0 13.0 14.0 7.0 9.0 11.0 10.0 10.0 30.0 30.0 27.0 20.0 21.0 8.0 40.0 12.0 12.0 14.0 7.0 9.0 9.0 10.0 10.0 31.0 28.0 23.0 22.0 21.0 11.0 13.0 11.0 13.0 15.0 8.0 10.0 10.0 11.0 10.0 29.0 30.0 28.0 21.0 19.0 8.0 15.0 49.0 12.0 12.0 7.0 9.0 12.0 10.0 10.0 23.0 27.0 25.0 24.0 21.0 12.0 24.0 24.0 18.0 19.0 8.0 10.0 11.0 10.0 10.0 7.0 10.0 11.0 10.0 13.0 32.0 27.0 23.0 22.0 26.0 8.0 18.0 23.0 17.0 15.0 7.0 10.0 12.0 10.0 10.0 28.0 30.0 27.0 20.0 22.0 9.0 21.0 11.0 12.0 12.0 7.0 25.0 9.0 10.0 10.0 28.0 46.0 25.0 20.0 19.0 9.0 11.0 10.0 12.0 12.0 7.0 19.0 11.0 10.0 9.0 16.0 26.0 21.0 22.0 32.0 15.0 25.0 23.0 19.0 19.0 8.0 15.0 10.0 10.0 10.0 8.0 9.0 10.0 9.0 10.0 31.0 28.0 25.0 20.0 19.0 8.0 12.0 11.0 11.0 13.0 7.0 9.0 10.0 10.0 10.0 30.0 28.0 24.0 25.0 54.0 9.0 23.0 20.0 17.0 17.0 7.0 38.0 9.0 9.0 11.0 28.0 28.0 24.0 20.0 26.0 9.0 33.0 19.0 17.0 17.0 7.0 9.0 9.0 9.0 10.0 29.0 28.0 23.0 21.0 21.0 9.0 20.0 20.0 16.0 16.0 7.0 10.0 10.0 10.0 10.0 31.0 27.0 26.0 21.0 22.0 9.0 17.0 20.0 16.0 16.0 7.0 9.0 10.0 10.0 15.0 31.0 30.0 33.0 20.0 21.0 8.0 12.0 11.0 12.0 47.0 8.0 9.0 10.0 10.0 10.0 19.0 66.0 24.0 20.0 19.0 7.0 10.0 10.0 10.0 10.0 8.0 9.0 10.0 10.0 11.0 31.0 31.0 26.0 21.0 19.0 8.0 12.0 11.0 12.0 14.0 7.0 10.0 10.0 10.0 9.0 24.0 28.0 22.0 44.0 25.0 11.0 20.0 20.0 18.0 18.0 7.0 54.0 11.0 10.0 10.0 7.0 10.0 10.0 10.0 12.0 19.0 40.0 25.0 22.0 19.0 7.0 10.0 10.0 11.0 13.0 7.0 9.0 13.0 11.0 10.0 31.0 31.0 29.0 22.0 20.0 9.0 18.0 14.0 11.0 23.0 8.0 10.0 10.0 9.0 10.0 30.0 28.0 23.0 20.0 27.0 10.0 22.0 21.0 17.0 18.0 8.0 9.0 10.0 16.0 11.0 30.0 33.0 27.0 21.0 19.0 8.0 14.0 16.0 13.0 13.0 7.0 11.0 11.0 10.0 10.0 29.0 66.0 23.0 20.0 22.0 9.0 20.0 21.0 17.0 17.0 7.0 9.0 10.0 10.0 10.0 30.0 29.0 27.0 21.0 20.0 8.0 16.0 10.0 12.0 13.0 7.0 9.0 11.0 10.0 10.0 28.0 53.0 24.0 19.0 19.0 8.0 17.0 11.0 11.0 12.0 7.0 9.0 22.0 9.0 10.0 30.0 31.0 27.0 20.0 61.0 9.0 19.0 20.0 17.0 29.0 8.0 10.0 9.0 9.0 10.0 24.0 28.0 24.0 19.0 25.0 10.0 23.0 20.0 18.0 19.0 7.0 10.0 11.0 9.0 9.0 27.0 30.0 22.0 22.0 18.0 10.0 31.0 21.0 17.0 18.0 7.0 10.0 9.0 10.0 9.0 25.0 29.0 23.0 23.0 20.0 8.0 39.0 10.0 11.0 12.0 8.0 10.0 10.0 10.0 10.0
49 47 1 TRACE 211.0 173.0 141.0 131.0 48.0 56.0 48.0 46.0 34.0 34.0 34.0 33.0 242.0 150.0 129.0 113.0 59.0 89.0 60.0 58.0 58.0 34.0 33.0 33.0 131.0 99.0 86.0 74.0 41.0 41.0 42.0 40.0 33.0 66.0 37.0 36.0 177.0 131.0 110.0 93.0 53.0 57.0 54.0 48.0 59.0 36.0 33.0 33.0 161.0 118.0 94.0 82.0 50.0 51.0 50.0 47.0 33.0 58.0 34.0 33.0 298.0 243.0 215.0 192.0 116.0 83.0 70.0 66.0 35.0 35.0 35.0 75.0 33.0 33.0 33.0 33.0 297.0 190.0 186.0 123.0 75.0 66.0 66.0 63.0 34.0 33.0 34.0 34.0 33.0 40.0 34.0 33.0 209.0 116.0 94.0 88.0 52.0 54.0 51.0 65.0 33.0 33.0 34.0 33.0 255.0 208.0 165.0 133.0 81.0 77.0 67.0 62.0 33.0 34.0 53.0 35.0 35.0 33.0 34.0 35.0 134.0 103.0 84.0 70.0 44.0 43.0 43.0 41.0 33.0 45.0 51.0 35.0 169.0 124.0 107.0 92.0 55.0 56.0 52.0 66.0 35.0 50.0 34.0 34.0 240.0 213.0 152.0 118.0 75.0 72.0 62.0 59.0 36.0 35.0 44.0 34.0 33.0 33.0 35.0 33.0 125.0 96.0 80.0 72.0 41.0 40.0 40.0 38.0 73.0 37.0 73.0 33.0 150.0 106.0 88.0 76.0 63.0 92.0 47.0 43.0 34.0 33.0 34.0 34.0 248.0 183.0 148.0 122.0 76.0 72.0 64.0 71.0 34.0 33.0 34.0 33.0 33.0 33.0 34.0 33.0 135.0 87.0 81.0 73.0 37.0 37.0 38.0 36.0 44.0 36.0 35.0 33.0 108.0 81.0 80.0 71.0 39.0 36.0 38.0 35.0 33.0 38.0 33.0 33.0 105.0 94.0 76.0 69.0 111.0 37.0 36.0 35.0 40.0 33.0 33.0 33.0 236.0 158.0 125.0 148.0 61.0 61.0 57.0 56.0 33.0 33.0 34.0 33.0 246.0 215.0 174.0 141.0 86.0 78.0 69.0 64.0 62.0 35.0 36.0 33.0 33.0 35.0 35.0 33.0 184.0 121.0 98.0 87.0 55.0 52.0 52.0 50.0 33.0 33.0 34.0 33.0 231.0 184.0 154.0 124.0 117.0 74.0 76.0 63.0 61.0 37.0 34.0 34.0 33.0 33.0 32.0 33.0 275.0 239.0 172.0 143.0 89.0 81.0 74.0 66.0 60.0 34.0 35.0 34.0 93.0 38.0 33.0 33.0 221.0 155.0 108.0 96.0 57.0 55.0 56.0 54.0 33.0 35.0 34.0 33.0 233.0 159.0 127.0 108.0 65.0 62.0 79.0 57.0 33.0 34.0 34.0 34.0 110.0 88.0 80.0 69.0 39.0 51.0 37.0 36.0 33.0 33.0 34.0 33.0 158.0 121.0 98.0 89.0 52.0 51.0 53.0 46.0 33.0 34.0 35.0 33.0 142.0 100.0 87.0 74.0 44.0 79.0 43.0 49.0 34.0 33.0 34.0 33.0 117.0 102.0 85.0 75.0 70.0 41.0 49.0 51.0 33.0 33.0 33.0 33.0 145.0 102.0 88.0 78.0 117.0 46.0 45.0 43.0 34.0 33.0 34.0 33.0 200.0 143.0 116.0 107.0 57.0 59.0 53.0 52.0 34.0 33.0 34.0 34.0 231.0 151.0 122.0 104.0 61.0 62.0 64.0 55.0 33.0 33.0 33.0 33.0 108.0 90.0 74.0 69.0 57.0 37.0 39.0 35.0 33.0 33.0 35.0 33.0 109.0 87.0 73.0 69.0 39.0 36.0 38.0 35.0 33.0 33.0 34.0 36.0 145.0 104.0 91.0 81.0 85.0 50.0 50.0 46.0 113.0 34.0 34.0 33.0 153.0 110.0 113.0 82.0 52.0 48.0 51.0 46.0 75.0 34.0 34.0 33.0 163.0 114.0 90.0 80.0 49.0 48.0 48.0 46.0 33.0 34.0 34.0 42.0 153.0 113.0 98.0 83.0 53.0 50.0 52.0 47.0 36.0 37.0 58.0 33.0 139.0 97.0 84.0 75.0 43.0 47.0 46.0 42.0 35.0 34.0 34.0 33.0 255.0 198.0 156.0 141.0 82.0 76.0 67.0 63.0 35.0 35.0 35.0 34.0 33.0 34.0 33.0 33.0 186.0 136.0 112.0 95.0 56.0 57.0 58.0 52.0 33.0 35.0 33.0 34.0 139.0 103.0 83.0 75.0 46.0 43.0 45.0 42.0 33.0 33.0 33.0 32.0 138.0 98.0 82.0 75.0 46.0 44.0 55.0 41.0 69.0 72.0 34.0 34.0 250.0 228.0 207.0 176.0 151.0 83.0 71.0 66.0 35.0 35.0 35.0 34.0 76.0 37.0 37.0 35.0 153.0 112.0 96.0 83.0 48.0 47.0 49.0 47.0 33.0 34.0 34.0 33.0 210.0 179.0 138.0 104.0 66.0 60.0 56.0 54.0 106.0 34.0 34.0 33.0 293.0 159.0 150.0 110.0 94.0 59.0 57.0 56.0 33.0 33.0 33.0 74.0 235.0 158.0 128.0 110.0 63.0 64.0 66.0 62.0 33.0 35.0 34.0 34.0 173.0 128.0 106.0 91.0 68.0 56.0 53.0 51.0 116.0 36.0 34.0 33.0 149.0 110.0 88.0 79.0 47.0 47.0 49.0 45.0 63.0 36.0 39.0 36.0 109.0 95.0 79.0 70.0 37.0 38.0 37.0 35.0 38.0 35.0 46.0 33.0 154.0 112.0 91.0 78.0 49.0 48.0 49.0 46.0 34.0 34.0 34.0 33.0 238.0 182.0 141.0 119.0 72.0 68.0 62.0 59.0 45.0 34.0 35.0 39.0 33.0 33.0 34.0 33.0 136.0 89.0 73.0 66.0 36.0 36.0 37.0 35.0 54.0 33.0 34.0 33.0 181.0 126.0 97.0 104.0 53.0 52.0 54.0 50.0 33.0 35.0 35.0 33.0 206.0 151.0 121.0 105.0 60.0 62.0 56.0 54.0 88.0 33.0 107.0 71.0 151.0 106.0 91.0 80.0 49.0 47.0 46.0 45.0 34.0 33.0 34.0 33.0 238.0 150.0 122.0 108.0 62.0 63.0 56.0 54.0 71.0 35.0 34.0 33.0 185.0 110.0 87.0 76.0 47.0 48.0 48.0 45.0 34.0 34.0 34.0 34.0 136.0 99.0 88.0 81.0 74.0 44.0 45.0 41.0 33.0 35.0 57.0 34.0 214.0 140.0 109.0 97.0 57.0 59.0 54.0 52.0 33.0 34.0 34.0 33.0 237.0 186.0 142.0 119.0 75.0 71.0 63.0 59.0 34.0 33.0 35.0 33.0 227.0 161.0 132.0 118.0 67.0 66.0 60.0 58.0 125.0 34.0 34.0 34.0 163.0 108.0 137.0 72.0 122.0 41.0 41.0 39.0 33.0 33.0 33.0 33.0
49 50 1 TRACE 927.0 672.0 164.0 87.0 58.0 80.0 85.0 75.0 32.0 117.0 32.0 62.0 110.0 51.0 61.0 132.0 138.0 82.0 48.0 59.0 94.0 65.0 46.0 49.0 29.0 88.0 171.0 126.0 81.0 74.0 39.0 74.0 50.0 306.0 72.0 83.0 83.0 156.0 88.0 45.0 118.0 44.0 91.0 65.0 33.0 76.0 135.0 44.0 92.0 140.0 109.0 156.0 46.0 164.0 70.0 48.0 87.0 84.0 52.0 34.0 61.0 100.0 167.0 63.0 138.0 93.0 134.0 58.0 49.0 63.0 48.0 47.0 539.0 138.0 61.0 98.0 27.0 46.0 108.0 150.0 52.0 35.0 76.0 86.0 104.0 96.0 110.0 33.0 28.0 231.0 56.0 60.0 71.0 64.0 155.0 72.0 56.0 57.0 75.0 80.0 175.0 49.0 65.0 69.0 121.0 90.0 562.0 123.0 103.0 71.0 83.0 49.0 47.0 164.0 81.0 32.0 275.0 63.0 131.0 182.0 71.0 38.0 66.0 78.0 46.0 60.0 370.0 149.0 54.0 138.0 71.0 61.0 79.0 163.0 537.0 147.0 65.0 41.0 177.0 42.0 145.0 550.0 113.0 269.0 71.0 39.0 102.0 29.0 77.0 94.0 116.0 97.0 80.0 59.0 105.0 73.0 94.0 164.0 55.0 44.0 166.0 134.0 30.0 60.0 70.0 46.0 71.0 83.0 27.0 178.0 110.0 33.0 114.0 44.0 36.0 97.0 382.0 44.0 653.0 142.0 64.0 80.0 39.0 84.0 40.0 176.0 32.0 86.0 82.0 125.0 31.0 97.0 60.0 28.0 94.0 65.0 84.0 73.0 67.0 334.0 261.0 31.0 66.0
50 25 1 TRACE 153.0 21.0 20.0 21.0 20.0 20.0 19.0 28.0 20.0 20.0 40.0 30.0 21.0 22.0 20.0 21.0 61.0 18.0 30.0 19.0 22.0 109.0 43.0 61.0 21.0 30.0 20.0 19.0 106.0 20.0 60.0 50.0 19.0 19.0 22.0 21.0 19.0 62.0 63.0 19.0 33.0 23.0 21.0 26.0 23.0 20.0 23.0 25.0 58.0 39.0 19.0 21.0 20.0 20.0 20.0 21.0 21.0 23.0 20.0 22.0 21.0 21.0 20.0 21.0
50 41 1 TRACE 10.0 8.0 8.0 8.0 9.0 8.0 9.0 8.0 8.0 8.0 9.0 8.0 8.0 9.0 9.0 8.0 8.0 9.0 8.0 9.0 8.0 8.0 8.0 9.0 8.0 8.0 9.0 8.0 10.0 8.0 9.0 8.0 9.0 8.0 8.0 9.0 8.0 9.0 8.0 8.0 8.0 9.0 9.0 8.0 9.0 8.0 8.0 9.0 8.0 8.0 8.0 9.0 9.0 9.0 9.0 8.0 9.0 8.0 9.0 9.0 12.0 9.0 8.0 9.0 8.0 8.0 9.0 8.0 8.0 8.0 8.0 8.0 9.0 8.0 9.0 8.0 9.0 9.0 9.0 8.0 10.0 8.0 8.0 8.0 8.0 9.0 9.0 9.0 8.0 8.0 8.0 9.0 8.0 9.0 9.0 9.0 8.0 8.0 9.0 9.0 9.0 9.0 8.0 8.0 8.0 9.0 8.0 8.0 9.0 8.0 8.0 8.0 8.0 8.0 8.0 8.0 8.0 9.0 8.0 9.0 9.0 9.0 9.0 9.0 8.0 9.0 8.0 9.0 8.0 8.0 8.0 8.0 9.0 8.0 9.0 8.0 8.0 8.0 9.0
51 52 1 TRACE 462.0 452.0 453.0 550.0 512.0 453.0 451.0 453.0 454.0 453.0 488.0 455.0 449.0 452.0 480.0 452.0 452.0 451.0 480.0 450.0 570.0 460.0 501.0 453.0 448.0 451.0 452.0 451.0 449.0 452.0 454.0 490.0 454.0 448.0 451.0 451.0 452.0 450.0 452.0 519.0 452.0 452.0 451.0 452.0 455.0 571.0 452.0 485.0 453.0 453.0 452.0 511.0 451.0 452.0 458.0 451.0 451.0 486.0 451.0 504.0 455.0 450.0 452.0 453.0
52 53 1 TRACE 41.0 77.0 34.0 86.0 34.0 33.0 33.0 34.0 34.0 59.0 41.0 33.0 34.0 35.0 37.0 74.0 38.0 34.0 68.0 56.0 109.0 51.0 34.0 32.0 39.0 37.0 33.0 34.0 33.0 114.0 32.0 36.0 32.0 44.0 147.0 34.0 33.0 72.0 33.0 42.0 41.0 39.0 33.0 33.0 46.0 35.0 50.0 38.0 33.0 33.0 46.0 32.0 44.0 34.0 33.0 65.0 126.0 32.0 34.0 137.0 38.0 51.0 33.0 48.0
53 54 1 TRACE 23.0 19.0 17.0 17.0 20.0 23.0 19.0 19.0 18.0 21.0 20.0 20.0 22.0 24.0 21.0 151.0 21.0 20.0 32.0 45.0 17.0 17.0 55.0 34.0 20.0 20.0 18.0 18.0 22.0 22.0 20.0 19.0 19.0 18.0 482.0 16.0 16.0 16.0 39.0 21.0 17.0 18.0 18.0 18.0 52.0 12.0 15.0 16.0 15.0 15.0 15.0 16.0 16.0 15.0 15.0 294.0 13.0 17.0 19.0 11.0 18.0 17.0 20.0 17.0
54 55 1 TRACE 42.0 18.0 17.0 18.0 18.0 18.0 18.0 18.0 18.0 17.0 18.0 17.0 18.0 18.0 31.0 18.0 18.0 18.0 18.0 17.0 18.0 18.0 18.0 31.0 18.0 18.0 18.0 18.0 18.0 18.0 18.0 31.0 18.0 17.0 34.0 18.0 18.0 18.0 17.0 17.0 32.0 18.0 17.0 18.0 18.0 18.0 17.0 30.0 18.0 18.0 18.0 18.0 18.0 18.0 18.0 18.0 18.0 31.0 18.0 18.0 18.0 17.0 17.0 18.0
55 56 1 TRACE 11.0 7.0 8.0 7.0 7.0 7.0 7.0 7.0 7.0 7.0 7.0 7.0 7.0 7.0 8.0 7.0 7.0 7.0 7.0 7.0 7.0 7.0 7.0 8.0 7.0 7.0 7.0 7.0 7.0 7.0 7.0 8.0 7.0 7.0 18.0 7.0 7.0 7.0 7.0 7.0 8.0 7.0 7.0 7.0 7.0 7.0 7.0 7.0 7.0 7.0 7.0 8.0 8.0 7.0 7.0 7.0 7.0 8.0 7.0 7.0 7.0 7.0 8.0 7.0
56 57 1 TRACE 22.0 7.0 7.0 7.0 7.0 7.0 7.0 7.0 7.0 7.0 7.0 7.0 7.0 7.0 17.0 7.0 7.0 7.0 7.0 6.0 6.0 7.0 6.0 8.0 21.0 7.0 7.0 7.0 21.0 7.0 7.0 18.0 7.0 7.0 7.0 7.0 7.0 7.0 7.0 6.0 7.0 6.0 7.0 6.0 7.0 7.0 7.0 8.0 7.0 7.0 7.0 7.0 6.0 6.0 7.0 7.0 7.0 7.0 7.0 7.0 7.0 7.0 6.0 7.0
57 58 1 TRACE 11.0 7.0 7.0 7.0 7.0 7.0 7.0 7.0 7.0 7.0 7.0 7.0 7.0 7.0 7.0 6.0 7.0 7.0 7.0 7.0 7.0 6.0 7.0 7.0 7.0 7.0 7.0 7.0 8.0 7.0 7.0 7.0 7.0 7.0 7.0 6.0 7.0 7.0 7.0 7.0 8.0 7.0 7.0 7.0 7.0 7.0 7.0 7.0 7.0 7.0 7.0 7.0 7.0 7.0 7.0 7.0 6.0 18.0 7.0 7.0 6.0 7.0 7.0 6.0
58 59 1 TRACE 15.0 8.0 7.0 8.0 7.0 8.0 7.0 8.0 8.0 8.0 7.0 7.0 8.0 8.0 8.0 8.0 7.0 8.0 8.0 7.0 7.0 8.0 7.0 8.0 8.0 8.0 8.0 8.0 8.0 7.0 8.0 8.0 8.0 8.0 8.0 8.0 8.0 8.0 8.0 8.0 8.0 8.0 8.0 8.0 7.0 8.0 7.0 8.0 8.0 8.0 8.0 7.0 7.0 7.0 8.0 8.0 8.0 18.0 8.0 8.0 8.0 8.0 7.0 8.0
59 60 1 TRACE 8.0 18.0 7.0 7.0 7.0 18.0 18.0 18.0 18.0 7.0 7.0 19.0 7.0 19.0 19.0 7.0 7.0 7.0 18.0 19.0 7.0 18.0 19.0 19.0 7.0 19.0 19.0 7.0 7.0 7.0 7.0 18.0 7.0 7.0 19.0 6.0 7.0 7.0 7.0 7.0 20.0 7.0 7.0 7.0 7.0 7.0 7.0 23.0 7.0 7.0 7.0 7.0 7.0 7.0 7.0 7.0 6.0 19.0 7.0 7.0 6.0 7.0 7.0 7.0
60 61 1 TRACE 19.0 8.0 18.0 19.0 19.0 7.0 8.0 8.0 7.0 19.0 18.0 7.0 19.0 7.0 7.0 8.0 19.0 19.0 8.0 7.0 18.0 8.0 7.0 7.0 7.0 7.0 7.0 19.0 7.0 8.0 18.0 8.0 19.0 19.0 7.0 19.0 19.0 19.0 19.0 19.0 8.0 7.0 19.0 19.0 19.0 19.0 19.0 17.0 19.0 19.0 19.0 8.0 18.0 18.0 19.0 19.0 19.0 7.0 19.0 18.0 19.0 19.0 19.0 7.0
61 62 1 TRACE 8.0 8.0 7.0 7.0 7.0 7.0 7.0 21.0 7.0 8.0 7.0 7.0 7.0 7.0 7.0 7.0 7.0 8.0 7.0 7.0 8.0 8.0 7.0 8.0 19.0 7.0 7.0 7.0 19.0 7.0 8.0 8.0 7.0 7.0 7.0 7.0 7.0 7.0 7.0 7.0 8.0 7.0 7.0 7.0 7.0 7.0 7.0 7.0 8.0 9.0 7.0 7.0 8.0 7.0 8.0 7.0 7.0 7.0 7.0 8.0 7.0 7.0 7.0 7.0
62 1 1 TRACE 23.0 21.0 45.0 22.0 20.0 21.0 21.0 27.0 21.0 22.0 21.0 38.0 21.0 22.0 21.0 21.0 20.0 21.0 21.0 28.0 21.0 21.0 21.0 21.0 26.0 21.0 21.0 21.0 25.0 21.0 21.0 22.0 20.0 21.0 21.0 21.0 21.0 21.0 21.0 21.0 21.0 21.0 21.0 20.0 21.0 21.0 21.0 21.0 21.0 26.0 21.0 20.0 21.0 21.0 21.0 21.0 20.0 21.0 21.0 21.0 21.0 21.0 21.0
