0 1 1 TRACE 1672855389385948.0
1 2 1 TRACE 11175.0 20.0 20.0 19.0 20.0 21.0 21.0 20.0 21.0 20.0 21.0 19.0 21.0 20.0 32.0 19.0 20.0 20.0 20.0 20.0 20.0 21.0 19.0 20.0 32.0 20.0 20.0 31.0 20.0 19.0 21.0 21.0 20.0 20.0 20.0 20.0 19.0 52.0 31.0 19.0 19.0 20.0 20.0 21.0 20.0 21.0 20.0 19.0 19.0 23.0 20.0 20.0 19.0 32.0 20.0 19.0 21.0 20.0 32.0 33.0 20.0 21.0 20.0 21.0
2 3 1 TRACE 392.0 155.0 24.0 26.0 131.0 36.0 25.0 102.0 50.0 28.0 26.0 144.0 24.0 27.0 62.0 26.0 33.0 26.0 34.0 26.0 25.0 163.0 79.0 39.0 55.0 25.0 44.0 35.0 26.0 26.0 93.0 26.0 25.0 26.0 57.0 25.0 52.0 28.0 26.0 51.0 820.0 26.0 33.0 71.0 25.0 52.0 39.0 50.0 25.0 349.0 34.0 25.0 26.0 50.0 45.0 25.0 33.0 27.0 75.0 25.0 38.0 28.0 266.0 29.0
3 4 1 TRACE 49.0 81.0 23.0 30.0 94.0 23.0 22.0 21.0 59.0 29.0 30.0 50.0 21.0 24.0 21.0 21.0 23.0 21.0 362.0 26.0 24.0 59.0 46.0 99.0 23.0 22.0 20.0 24.0 61.0 28.0 26.0 23.0 104.0 28.0 21.0 24.0 21.0 135.0 34.0 24.0 41.0 22.0 22.0 48.0 26.0 22.0 44.0 22.0 91.0 33.0 58.0 21.0 21.0 80.0 74.0 40.0 22.0 21.0 24.0 23.0 28.0 21.0 71.0 58.0
4 5 1 TRACE 21.0 15.0 15.0 15.0 20.0 16.0 15.0 16.0 17.0 16.0 16.0 26.0 16.0 17.0 16.0 15.0 15.0 38.0 221.0 34.0 21.0 25.0 16.0 16.0 15.0 16.0 15.0 16.0 16.0 15.0 30.0 15.0 148.0 15.0 16.0 15.0 16.0 58.0 15.0 15.0 15.0 106.0 15.0 20.0 16.0 15.0 16.0 15.0 19.0 51.0 16.0 16.0 16.0 17.0 25.0 105.0 16.0 16.0 16.0 15.0 15.0 16.0 15.0 15.0
5 6 1 TRACE 36.0 16.0 23.0 25.0 121.0 18.0 17.0 47.0 16.0 15.0 47.0 11.0 23.0 14.0 20.0 19.0 15.0 101.0 21.0 25.0 21.0 36.0 18.0 16.0 157.0 23.0 169.0 27.0 14.0 13.0 161.0 19.0 78.0 13.0 13.0 12.0 13.0 23.0 14.0 16.0 15.0 41.0 14.0 17.0 13.0 17.0 15.0 15.0 32.0 11.0 12.0 22.0 14.0 115.0 240.0 67.0 12.0 130.0 12.0 14.0 160.0 11.0 12.0 16.0
6 7 1 TRACE 18.0 13.0 127.0 13.0 229.0 14.0 161.0 20.0 152.0 11.0 12.0 45.0 145.0 87.0 13.0 15.0 150.0 71.0 155.0 15.0 14.0 17.0 15.0 25.0 16.0 34.0 20.0 13.0 13.0 13.0 15.0 14.0 229.0 11.0 13.0 12.0 304.0 23.0 176.0 13.0 130.0 13.0 138.0 22.0 115.0 13.0 19.0 14.0 57.0 8.0 49.0 144.0 13.0 12.0 112.0 15.0 10.0 19.0 15.0 15.0 95.0 14.0 15.0 8.0
7 8 1 TRACE 17.0 13.0 15.0 11.0 20.0 14.0 15.0 11.0 12.0 21.0 12.0 15.0 14.0 59.0 14.0 13.0 17.0 74.0 15.0 75.0 14.0 36.0 27.0 23.0 12.0 71.0 12.0 88.0 50.0 13.0 15.0 16.0 16.0 24.0 13.0 12.0 69.0 31.0 15.0 14.0 15.0 12.0 14.0 19.0 31.0 12.0 31.0 14.0 9.0 8.0 51.0 34.0 13.0 12.0 115.0 16.0 13.0 45.0 15.0 19.0 15.0 14.0 15.0 20.0
8 9 1 TRACE 17.0 13.0 14.0 13.0 20.0 14.0 26.0 8.0 12.0 13.0 12.0 13.0 14.0 12.0 19.0 14.0 17.0 15.0 15.0 56.0 24.0 47.0 14.0 12.0 11.0 19.0 13.0 37.0 21.0 14.0 24.0 14.0 16.0 26.0 11.0 12.0 12.0 13.0 15.0 13.0 15.0 49.0 15.0 20.0 25.0 25.0 38.0 8.0 30.0 7.0 13.0 16.0 12.0 13.0 37.0 15.0 22.0 70.0 8.0 19.0 14.0 9.0 14.0 7.0
9 10 1 TRACE 51.0 34.0 129.0 46.0 59.0 27.0 87.0 29.0 52.0 27.0 43.0 27.0 27.0 37.0 38.0 83.0 46.0 27.0 35.0 37.0 45.0 150.0 26.0 26.0 43.0 59.0 27.0 69.0 25.0 39.0 26.0 45.0 63.0 177.0 47.0 44.0 31.0 34.0 30.0 42.0 53.0 62.0 52.0 37.0 36.0 63.0 157.0 24.0 28.0 74.0 64.0 27.0 50.0 43.0 54.0 28.0 28.0 40.0 69.0 43.0 29.0 73.0 65.0 25.0
10 11 1 TRACE 21.0 16.0 19.0 26.0 17.0 24.0 20.0 16.0 17.0 28.0 16.0 16.0 17.0 16.0 16.0 17.0 16.0 17.0 17.0 16.0 16.0 16.0 18.0 16.0 16.0 16.0 16.0 76.0 17.0 23.0 17.0 28.0 17.0 60.0 16.0 39.0 16.0 38.0 16.0 16.0 20.0 18.0 17.0 17.0 17.0 20.0 23.0 17.0 16.0 17.0 17.0 17.0 22.0 28.0 19.0 16.0 16.0 116.0 16.0 20.0 16.0 20.0 15.0 16.0
11 12 1 TRACE 24.0 19.0 19.0 17.0 54.0 17.0 24.0 21.0 19.0 18.0 42.0 86.0 18.0 41.0 28.0 19.0 22.0 19.0 18.0 63.0 19.0 22.0 20.0 19.0 21.0 76.0 56.0 22.0 20.0 17.0 18.0 17.0 17.0 19.0 183.0 19.0 22.0 21.0 20.0 17.0 21.0 22.0 18.0 19.0 19.0 54.0 29.0 23.0 19.0 19.0 29.0 28.0 47.0 18.0 29.0 72.0 17.0 19.0 19.0 37.0 19.0 38.0 53.0 27.0
12 13 1 TRACE 26.0 21.0 20.0 31.0 27.0 45.0 43.0 20.0 19.0 18.0 36.0 22.0 20.0 27.0 23.0 19.0 20.0 21.0 21.0 24.0 21.0 20.0 29.0 54.0 20.0 22.0 18.0 21.0 27.0 17.0 20.0 22.0 48.0 19.0 213.0 18.0 21.0 21.0 20.0 21.0 20.0 29.0 20.0 21.0 22.0 19.0 23.0 18.0 19.0 46.0 21.0 19.0 21.0 21.0 21.0 61.0 21.0 28.0 21.0 19.0 30.0 19.0 18.0 25.0
13 14 1 TRACE 19.0 8.0 9.0 8.0 8.0 9.0 9.0 8.0 8.0 20.0 8.0 9.0 8.0 9.0 8.0 9.0 8.0 9.0 8.0 8.0 9.0 8.0 8.0 8.0 8.0 8.0 9.0 9.0 9.0 8.0 9.0 8.0 9.0 8.0 9.0 9.0 9.0 8.0 9.0 8.0 8.0 9.0 8.0 8.0 8.0 8.0 8.0 8.0 9.0 9.0 8.0 8.0 8.0 8.0 8.0 9.0 9.0 9.0 8.0 9.0 9.0 9.0 9.0 8.0
14 15 1 TRACE 22.0 15.0 14.0 15.0 15.0 93.0 15.0 15.0 14.0 25.0 87.0 20.0 14.0 15.0 15.0 19.0 15.0 14.0 15.0 63.0 31.0 15.0 23.0 15.0 17.0 15.0 15.0 32.0 16.0 14.0 15.0 100.0 14.0 15.0 402.0 16.0 15.0 87.0 15.0 14.0 15.0 15.0 14.0 15.0 15.0 15.0 14.0 15.0 20.0 15.0 15.0 14.0 14.0 15.0 15.0 28.0 15.0 38.0 15.0 29.0 15.0 54.0 15.0 15.0
15 16 1 TRACE 12.0 8.0 8.0 8.0 8.0 8.0 8.0 8.0 8.0 8.0 8.0 9.0 8.0 8.0 8.0 8.0 8.0 8.0 9.0 7.0 8.0 8.0 8.0 7.0 8.0 8.0 8.0 8.0 9.0 8.0 8.0 8.0 8.0 8.0 8.0 9.0 8.0 8.0 8.0 8.0 8.0 8.0 8.0 8.0 8.0 8.0 8.0 8.0 8.0 9.0 8.0 8.0 8.0 8.0 7.0 9.0 8.0 8.0 8.0 8.0 8.0 20.0 8.0 8.0
16 17 1 TRACE 56.0 31.0 31.0 30.0 43.0 42.0 37.0 67.0 32.0 29.0 106.0 27.0 29.0 31.0 48.0 32.0 39.0 30.0 30.0 70.0 28.0 32.0 70.0 186.0 51.0 30.0 70.0 237.0 27.0 46.0 28.0 69.0 31.0 69.0 31.0 34.0 36.0 79.0 30.0 44.0 31.0 107.0 31.0 30.0 34.0 61.0 46.0 30.0 28.0 66.0 31.0 29.0 98.0 31.0 30.0 62.0 31.0 36.0 30.0 77.0 32.0 58.0 34.0 35.0
17 18 1 TRACE 21.0 17.0 16.0 16.0 16.0 22.0 17.0 53.0 16.0 16.0 25.0 16.0 16.0 17.0 16.0 17.0 21.0 16.0 16.0 16.0 16.0 16.0 16.0 60.0 17.0 16.0 18.0 49.0 18.0 16.0 17.0 34.0 17.0 17.0 16.0 17.0 15.0 16.0 16.0 16.0 15.0 16.0 16.0 16.0 16.0 16.0 16.0 16.0 17.0 16.0 15.0 16.0 18.0 35.0 17.0 17.0 16.0 17.0 16.0 18.0 18.0 16.0 16.0 16.0
18 19 1 TRACE 22.0 17.0 28.0 20.0 18.0 48.0 19.0 18.0 22.0 18.0 20.0 17.0 19.0 17.0 18.0 18.0 29.0 20.0 20.0 19.0 19.0 18.0 23.0 163.0 45.0 18.0 17.0 35.0 29.0 38.0 18.0 35.0 29.0 17.0 19.0 17.0 17.0 20.0 58.0 18.0 20.0 21.0 17.0 46.0 20.0 20.0 43.0 19.0 28.0 19.0 19.0 18.0 47.0 17.0 17.0 18.0 17.0 332.0 18.0 42.0 17.0 36.0 33.0 26.0
19 20 1 TRACE 26.0 18.0 20.0 21.0 22.0 46.0 22.0 48.0 22.0 20.0 21.0 22.0 21.0 21.0 20.0 22.0 17.0 21.0 49.0 22.0 20.0 20.0 20.0 80.0 23.0 21.0 22.0 19.0 17.0 19.0 23.0 34.0 17.0 51.0 21.0 49.0 21.0 47.0 17.0 36.0 29.0 21.0 21.0 68.0 22.0 37.0 49.0 21.0 20.0 21.0 21.0 21.0 22.0 20.0 21.0 22.0 20.0 284.0 22.0 31.0 22.0 24.0 18.0 21.0
20 21 1 TRACE 19.0 15.0 14.0 15.0 15.0 14.0 14.0 14.0 14.0 14.0 14.0 16.0 15.0 14.0 14.0 15.0 14.0 14.0 14.0 14.0 15.0 14.0 14.0 14.0 14.0 14.0 15.0 15.0 15.0 14.0 15.0 14.0 27.0 15.0 15.0 16.0 14.0 15.0 14.0 15.0 14.0 32.0 14.0 15.0 14.0 14.0 14.0 14.0 15.0 14.0 15.0 14.0 14.0 14.0 14.0 14.0 14.0 15.0 14.0 14.0 14.0 14.0 14.0 14.0
21 22 1 TRACE 26.0 11.0 12.0 11.0 12.0 11.0 12.0 12.0 12.0 11.0 12.0 13.0 12.0 11.0 12.0 12.0 12.0 12.0 11.0 12.0 12.0 12.0 12.0 12.0 11.0 12.0 11.0 12.0 11.0 12.0 12.0 11.0 13.0 12.0 12.0 13.0 12.0 11.0 12.0 12.0 11.0 12.0 12.0 12.0 28.0 12.0 12.0 12.0 13.0 12.0 12.0 11.0 12.0 12.0 11.0 12.0 12.0 11.0 12.0 11.0 12.0 11.0 12.0 12.0
22 23 1 TRACE 111.0 34.0 46.0 75.0 38.0 37.0 44.0 54.0 42.0 37.0 43.0 34.0 36.0 74.0 73.0 43.0 37.0 37.0 71.0 35.0 64.0 40.0 35.0 52.0 70.0 35.0 42.0 37.0 50.0 80.0 36.0 37.0 30.0 76.0 67.0 64.0 73.0 130.0 95.0 33.0 39.0 33.0 60.0 92.0 40.0 377.0 73.0 36.0 45.0 38.0 37.0 50.0 62.0 130.0 37.0 34.0 35.0 73.0 35.0 228.0 35.0 37.0 35.0 36.0
23 24 1 TRACE 105.0 25.0 25.0 24.0 26.0 45.0 45.0 61.0 40.0 27.0 70.0 34.0 25.0 25.0 55.0 27.0 27.0 26.0 33.0 24.0 29.0 70.0 26.0 27.0 25.0 66.0 26.0 29.0 63.0 27.0 26.0 25.0 33.0 34.0 25.0 32.0 64.0 180.0 62.0 24.0 24.0 25.0 63.0 28.0 25.0 481.0 25.0 25.0 32.0 32.0 31.0 29.0 25.0 248.0 31.0 26.0 32.0 58.0 31.0 78.0 27.0 23.0 53.0 25.0
24 25 1 TRACE 52.0 21.0 19.0 20.0 21.0 20.0 19.0 63.0 22.0 21.0 20.0 22.0 20.0 20.0 23.0 20.0 20.0 21.0 21.0 58.0 221.0 26.0 20.0 39.0 21.0 22.0 21.0 21.0 62.0 20.0 22.0 20.0 21.0 21.0 21.0 21.0 23.0 20.0 20.0 20.0 20.0 30.0 21.0 21.0 21.0 22.0 60.0 20.0 20.0 33.0 21.0 21.0 21.0 71.0 22.0 20.0 22.0 58.0 59.0 34.0 20.0 20.0 20.0 20.0
25 26 1 TRACE 22.0 9.0 9.0 10.0 9.0 8.0 9.0 9.0 9.0 8.0 10.0 10.0 9.0 10.0 10.0 9.0 9.0 9.0 9.0 9.0 9.0 9.0 8.0 10.0 9.0 9.0 9.0 9.0 9.0 9.0 9.0 9.0 9.0 9.0 10.0 9.0 9.0 10.0 9.0 9.0 9.0 9.0 9.0 9.0 9.0 10.0 9.0 9.0 10.0 9.0 9.0 8.0 8.0 9.0 9.0 9.0 9.0 9.0 9.0 9.0 9.0 9.0 10.0 9.0 9.0 9.0 9.0 9.0 10.0 9.0 9.0 9.0 10.0 9.0 8.0 9.0 9.0 10.0 10.0 9.0 9.0 9.0 8.0 9.0 9.0 10.0 22.0 9.0 9.0 10.0 9.0 9.0 9.0 9.0 9.0 9.0 9.0 9.0 10.0 9.0 9.0 10.0 9.0 9.0 9.0 9.0 9.0 9.0 9.0 10.0 9.0 9.0 25.0 9.0 9.0 9.0 9.0 9.0 9.0 9.0 8.0 9.0 9.0 9.0 9.0 8.0 9.0 9.0 9.0 10.0 10.0 8.0 9.0 8.0 9.0 9.0 9.0 10.0 9.0 9.0 9.0 9.0 9.0 9.0 9.0 9.0 9.0 9.0 9.0 9.0 10.0 9.0 8.0 9.0 9.0 9.0 9.0 9.0 9.0 10.0 9.0 9.0 8.0 9.0 9.0 9.0 9.0 10.0 10.0 10.0 9.0 10.0 10.0 9.0 9.0 9.0 9.0 8.0 9.0 10.0 9.0 9.0 9.0 9.0 9.0 9.0 9.0 9.0 9.0 8.0 8.0 9.0 9.0 9.0 9.0 9.0 9.0 8.0 9.0 10.0 9.0 10.0 8.0 9.0 9.0 10.0 9.0 9.0 9.0 9.0 25.0 9.0 9.0 9.0 9.0 9.0 9.0 9.0
26 27 1 TRACE 11.0 7.0 8.0 8.0 8.0 8.0 7.0 7.0 8.0 7.0 7.0 8.0 8.0 8.0 9.0 8.0 8.0 7.0 7.0 7.0 7.0 7.0 7.0 8.0 8.0 7.0 7.0 7.0 7.0 8.0 7.0 7.0 7.0 8.0 8.0 7.0 8.0 7.0 8.0 7.0 8.0 8.0 7.0 8.0 8.0 7.0 7.0 7.0 8.0 8.0 7.0 7.0 7.0 7.0 8.0 8.0 7.0 8.0 7.0 8.0 8.0 7.0 7.0 8.0 7.0 8.0 8.0 7.0 19.0 7.0 7.0 8.0 8.0 7.0 7.0 7.0 8.0 8.0 8.0 8.0 8.0 7.0 7.0 7.0 7.0 8.0 8.0 7.0 7.0 7.0 7.0 7.0 8.0 7.0 7.0 7.0 7.0 8.0 7.0 7.0 7.0 8.0 7.0 7.0 8.0 7.0 7.0 8.0 7.0 8.0 8.0 7.0 21.0 8.0 8.0 7.0 7.0 7.0 7.0 7.0 7.0 8.0 8.0 8.0 8.0 7.0 8.0 8.0 8.0 7.0 8.0 7.0 7.0 7.0 7.0 8.0 8.0 8.0 7.0 7.0 8.0 7.0 8.0 7.0 10.0 8.0 8.0 8.0 8.0 7.0 8.0 8.0 7.0 7.0 7.0 7.0 8.0 7.0 8.0 9.0 8.0 8.0 7.0 7.0 7.0 7.0 7.0 8.0 8.0 7.0 7.0 8.0 7.0 7.0 7.0 7.0 8.0 7.0 7.0 8.0 7.0 8.0 8.0 7.0 8.0 7.0 7.0 8.0 7.0 7.0 7.0 7.0 7.0 8.0 8.0 8.0 8.0 7.0 7.0 8.0 7.0 8.0 7.0 8.0 7.0 8.0 8.0 7.0 8.0 8.0 8.0 8.0 8.0 7.0 7.0 7.0 7.0 8.0
27 28 1 TRACE 11.0 8.0 7.0 7.0 7.0 7.0 7.0 7.0 7.0 8.0 7.0 7.0 7.0 7.0 8.0 7.0 7.0 7.0 7.0 7.0 7.0 7.0 8.0 8.0 7.0 7.0 7.0 8.0 7.0 7.0 8.0 8.0 7.0 7.0 7.0 8.0 7.0 7.0 8.0 8.0 7.0 7.0 7.0 7.0 7.0 7.0 8.0 8.0 8.0 7.0 8.0 8.0 8.0 8.0 7.0 7.0 8.0 7.0 7.0 7.0 7.0 7.0 7.0 7.0 8.0 7.0 7.0 7.0 7.0 7.0 8.0 7.0 8.0 8.0 8.0 10.0 7.0 8.0 7.0 7.0 7.0 8.0 8.0 7.0 7.0 7.0 8.0 8.0 7.0 7.0 8.0 7.0 12.0 8.0 7.0 7.0 7.0 7.0 7.0 8.0 7.0 7.0 8.0 7.0 7.0 8.0 7.0 7.0 7.0 8.0 7.0 8.0 8.0 8.0 8.0 7.0 7.0 8.0 8.0 7.0 7.0 7.0 8.0 7.0 7.0 8.0 24.0 7.0 7.0 7.0 7.0 8.0 8.0 8.0 8.0 7.0 7.0 8.0 7.0 7.0 7.0 7.0 7.0 7.0 8.0 7.0 7.0 7.0 7.0 7.0 8.0 7.0 8.0 7.0 8.0 7.0 7.0 8.0 8.0 8.0 7.0 7.0 8.0 7.0 8.0 7.0 7.0 7.0 8.0 7.0 8.0 7.0 7.0 7.0 7.0 7.0 7.0 8.0 8.0 8.0 7.0 7.0 7.0 8.0 7.0 7.0 7.0 7.0 7.0 8.0 8.0 7.0 7.0 7.0 7.0 7.0 7.0 8.0 7.0 7.0 7.0 7.0 8.0 7.0 7.0 8.0 7.0 8.0 7.0 7.0 7.0 7.0 10.0 8.0 8.0 8.0 7.0 7.0
28 29 1 TRACE 13.0 8.0 9.0 9.0 9.0 8.0 8.0 8.0 8.0 8.0 8.0 9.0 8.0 9.0 9.0 8.0 8.0 8.0 8.0 8.0 8.0 8.0 8.0 9.0 9.0 8.0 9.0 8.0 8.0 8.0 8.0 8.0 8.0 8.0 9.0 8.0 9.0 8.0 8.0 8.0 12.0 9.0 8.0 8.0 9.0 8.0 8.0 8.0 9.0 9.0 8.0 8.0 8.0 8.0 8.0 8.0 8.0 8.0 8.0 9.0 9.0 8.0 8.0 8.0 8.0 9.0 8.0 8.0 9.0 8.0 8.0 9.0 9.0 8.0 8.0 9.0 9.0 9.0 8.0 8.0 9.0 8.0 8.0 8.0 8.0 9.0 9.0 8.0 8.0 8.0 8.0 8.0 21.0 8.0 8.0 8.0 8.0 9.0 8.0 8.0 8.0 8.0 8.0 8.0 8.0 8.0 8.0 9.0 12.0 10.0 9.0 8.0 10.0 9.0 9.0 8.0 8.0 8.0 8.0 8.0 8.0 9.0 8.0 8.0 9.0 8.0 21.0 8.0 8.0 8.0 9.0 8.0 8.0 8.0 8.0 8.0 8.0 8.0 8.0 8.0 9.0 8.0 8.0 8.0 9.0 8.0 8.0 8.0 9.0 8.0 9.0 8.0 8.0 8.0 8.0 8.0 9.0 8.0 9.0 9.0 8.0 9.0 8.0 8.0 8.0 8.0 8.0 9.0 9.0 8.0 8.0 9.0 8.0 8.0 9.0 8.0 9.0 8.0 8.0 9.0 8.0 9.0 9.0 8.0 8.0 8.0 8.0 8.0 8.0 8.0 8.0 8.0 8.0 8.0 8.0 9.0 9.0 8.0 8.0 9.0 8.0 9.0 8.0 8.0 8.0 9.0 9.0 8.0 8.0 9.0 9.0 9.0 10.0 8.0 8.0 8.0 8.0 9.0
29 30 1 TRACE 52.0 28.0 169.0 20.0 110.0 424.0 212.0 43.0 41.0 230.0 74.0 78.0 104.0 28.0 47.0 74.0 98.0 33.0 51.0 30.0 51.0 44.0 114.0 30.0 71.0 46.0 30.0 31.0 47.0 29.0 28.0 31.0 36.0 30.0 70.0 29.0 40.0 74.0 28.0 130.0 213.0 37.0 29.0 31.0 149.0 65.0 31.0 30.0 36.0 31.0 33.0 111.0 32.0 33.0 96.0 33.0 31.0 29.0 41.0 72.0 29.0 30.0 30.0 42.0 63.0 73.0 91.0 29.0 37.0 174.0 33.0 31.0 53.0 26.0 31.0 16.0 29.0 61.0 41.0 69.0 39.0 29.0 29.0 102.0 80.0 120.0 51.0 29.0 31.0 33.0 32.0 30.0 16.0 106.0 30.0 30.0 36.0 29.0 64.0 31.0 69.0 29.0 36.0 52.0 32.0 31.0 30.0 75.0 17.0 24.0 30.0 75.0 42.0 64.0 100.0 30.0 30.0 29.0 118.0 30.0 29.0 31.0 28.0 28.0 930.0 60.0 81.0 29.0 126.0 31.0 31.0 78.0 50.0 251.0 33.0 32.0 74.0 23.0 75.0 34.0 27.0 67.0 60.0 33.0 22.0 63.0 55.0 29.0 67.0 31.0 25.0 32.0 91.0 31.0 29.0 298.0 32.0 70.0 24.0 58.0 29.0 29.0 64.0 29.0 75.0 31.0 39.0 37.0 67.0 110.0 73.0 32.0 57.0 31.0 30.0 31.0 58.0 30.0 31.0 28.0 35.0 144.0 48.0 76.0 49.0 26.0 32.0 40.0 30.0 104.0 31.0 28.0 478.0 39.0 156.0 67.0 45.0 62.0 29.0 33.0 287.0 47.0 434.0 48.0 29.0 23.0 260.0 61.0 35.0 36.0 43.0 31.0 38.0 105.0 108.0 29.0 33.0 30.0
30 31 1 TRACE 21.0 8.0 16.0 8.0 8.0 253.0 62.0 8.0 47.0 20.0 52.0 17.0 8.0 16.0 9.0 42.0 36.0 22.0 8.0 16.0 15.0 8.0 18.0 9.0 8.0 17.0 16.0 8.0 9.0 8.0 8.0 16.0 15.0 8.0 16.0 8.0 15.0 9.0 15.0 22.0 21.0 8.0 15.0 15.0 32.0 16.0 15.0 8.0 25.0 15.0 8.0 16.0 16.0 8.0 8.0 16.0 16.0 8.0 8.0 17.0 15.0 8.0 8.0 8.0 8.0 8.0 8.0 16.0 9.0 8.0 15.0 17.0 9.0 17.0 8.0 8.0 15.0 8.0 16.0 19.0 15.0 8.0 15.0 15.0 15.0 118.0 41.0 8.0 8.0 15.0 15.0 17.0 15.0 16.0 16.0 8.0 8.0 15.0 9.0 9.0 15.0 16.0 8.0 28.0 16.0 55.0 9.0 15.0 15.0 29.0 42.0 56.0 9.0 9.0 16.0 70.0 16.0 8.0 15.0 8.0 16.0 21.0 14.0 16.0 230.0 9.0 9.0 8.0 38.0 8.0 16.0 41.0 9.0 9.0 49.0 16.0 8.0 8.0 15.0 8.0 8.0 16.0 15.0 8.0 15.0 52.0 8.0 16.0 16.0 8.0 9.0 8.0 16.0 8.0 8.0 33.0 15.0 8.0 37.0 9.0 8.0 15.0 15.0 8.0 8.0 7.0 16.0 15.0 51.0 52.0 15.0 8.0 18.0 15.0 8.0 8.0 16.0 15.0 8.0 16.0 22.0 16.0 15.0 16.0 8.0 53.0 16.0 9.0 16.0 16.0 8.0 9.0 20.0 9.0 8.0 16.0 22.0 8.0 16.0 8.0 8.0 9.0 8.0 253.0 8.0 26.0 16.0 9.0 58.0 17.0 8.0 8.0 17.0 17.0 16.0 9.0 8.0 15.0
31 32 1 TRACE 16.0 12.0 11.0 15.0 11.0 12.0 12.0 12.0 16.0 11.0 12.0 11.0 15.0 11.0 23.0 12.0 12.0 14.0 12.0 11.0 12.0 12.0 11.0 12.0 12.0 12.0 12.0 12.0 26.0 11.0 11.0 12.0 12.0 12.0 12.0 11.0 11.0 12.0 12.0 12.0 13.0 12.0 12.0 12.0 12.0 11.0 12.0 11.0 12.0 12.0 11.0 11.0 11.0 11.0 12.0 12.0 12.0 11.0 11.0 11.0 30.0 11.0 12.0 11.0 11.0 11.0 11.0 12.0 12.0 12.0 11.0 11.0 33.0 12.0 12.0 12.0 12.0 12.0 12.0 12.0 12.0 11.0 12.0 12.0 11.0 12.0 13.0 12.0 15.0 12.0 11.0 12.0 12.0 12.0 12.0 11.0 11.0 12.0 13.0 11.0 12.0 12.0 11.0 12.0 12.0 12.0 11.0 12.0 12.0 11.0 11.0 12.0 12.0 12.0 12.0 12.0 12.0 12.0 11.0 11.0 11.0 12.0 11.0 12.0 12.0 12.0 13.0 11.0 53.0 11.0 12.0 16.0 11.0 13.0 22.0 11.0 12.0 12.0 12.0 11.0 12.0 12.0 12.0 11.0 12.0 12.0 12.0 12.0 12.0 12.0 12.0 11.0 12.0 12.0 12.0 12.0 12.0 12.0 16.0 36.0 11.0 12.0 12.0 12.0 11.0 11.0 12.0 12.0 15.0 93.0 12.0 11.0 13.0 12.0 12.0 11.0 11.0 12.0 12.0 13.0 12.0 12.0 12.0 11.0 11.0 12.0 11.0 25.0 11.0 12.0 11.0 13.0 12.0 12.0 11.0 13.0 12.0 11.0 12.0 11.0 11.0 11.0 12.0 11.0 12.0 12.0 11.0 12.0 12.0 12.0 12.0 13.0 12.0 11.0 11.0 12.0 11.0 12.0
32 33 1 TRACE 55.0 17.0 111.0 20.0 16.0 530.0 55.0 16.0 24.0 17.0 16.0 53.0 16.0 16.0 15.0 16.0 69.0 18.0 17.0 16.0 16.0 17.0 19.0 17.0 20.0 16.0 16.0 17.0 17.0 16.0 16.0 16.0 16.0 35.0 17.0 16.0 16.0 17.0 17.0 18.0 18.0 16.0 16.0 16.0 22.0 17.0 16.0 51.0 67.0 16.0 16.0 17.0 16.0 19.0 16.0 17.0 24.0 16.0 16.0 16.0 18.0 51.0 16.0 16.0 16.0 17.0 16.0 16.0 17.0 16.0 16.0 16.0 16.0 19.0 16.0 17.0 16.0 32.0 52.0 16.0 15.0 16.0 16.0 16.0 16.0 16.0 33.0 16.0 18.0 16.0 16.0 16.0 17.0 16.0 17.0 19.0 16.0 16.0 17.0 16.0 16.0 16.0 17.0 16.0 17.0 48.0 16.0 16.0 17.0 16.0 16.0 17.0 18.0 16.0 17.0 17.0 16.0 38.0 17.0 51.0 16.0 16.0 20.0 16.0 127.0 16.0 18.0 16.0 16.0 16.0 17.0 16.0 16.0 25.0 32.0 16.0 17.0 17.0 16.0 24.0 17.0 16.0 16.0 16.0 17.0 18.0 16.0 16.0 50.0 16.0 17.0 16.0 16.0 17.0 56.0 17.0 16.0 17.0 17.0 27.0 17.0 16.0 17.0 16.0 16.0 17.0 16.0 17.0 48.0 17.0 16.0 16.0 16.0 46.0 17.0 16.0 16.0 17.0 16.0 50.0 17.0 51.0 17.0 16.0 21.0 17.0 16.0 17.0 16.0 17.0 19.0 16.0 16.0 16.0 17.0 47.0 16.0 16.0 16.0 16.0 16.0 24.0 16.0 326.0 16.0 22.0 147.0 16.0 100.0 16.0 17.0 16.0 17.0 79.0 17.0 16.0 16.0 17.0
33 34 1 TRACE 41.0 98.0 5883.0 53.0 154.0 140.0 75.0 65.0 102.0 78.0 36.0 41.0 164.0 32.0 46.0 69.0 89.0 18.0 68.0 149.0 65.0 89.0 53.0 105.0 23.0 144.0 103.0 54.0 68.0 71.0 59.0 84.0 63.0 55.0 34.0 141.0 280.0 70.0 97.0 246.0 18.0 45.0 44.0 61.0 41.0 106.0 70.0 19.0 175.0 83.0 48.0 80.0 135.0 24.0 80.0 86.0 146.0 105.0 69.0 125.0 49.0 17.0 85.0 142.0 57.0 41.0 57.0 71.0 64.0 20.0 232.0 66.0 36.0 225.0 62.0 61.0 59.0 67.0 35.0 146.0 54.0 62.0 98.0 84.0 65.0 294.0 168.0 46.0 46.0 124.0 143.0 44.0 41.0 216.0 58.0 55.0 77.0 67.0 27.0 63.0 32.0 181.0 97.0 33.0 94.0 45.0 128.0 193.0 66.0 39.0 79.0 72.0 79.0 35.0 262.0 38.0 39.0 44.0 96.0 16.0 33.0 133.0 58.0 43.0 265.0 62.0 20.0 69.0 106.0 60.0 213.0 147.0 52.0 210.0 395.0 52.0 55.0 92.0 55.0 34.0 51.0 259.0 58.0 57.0 94.0 61.0 29.0 82.0 44.0 66.0 54.0 106.0 51.0 68.0 21.0 115.0 128.0 60.0 39.0 28.0 54.0 102.0 68.0 47.0 87.0 130.0 63.0 50.0 49.0 236.0 95.0 90.0 54.0 30.0 49.0 51.0 232.0 77.0 72.0 69.0 59.0 209.0 125.0 133.0 19.0 69.0 182.0 29.0 67.0 59.0 25.0 97.0 305.0 64.0 68.0 95.0 65.0 52.0 47.0 55.0 29.0 51.0 118.0 239.0 88.0 120.0 45.0 102.0 46.0 59.0 57.0 53.0 38.0 191.0 41.0 48.0 60.0 57.0
34 35 1 TRACE 25.0 771.0 128.0 17.0 47.0 280.0 46.0 44.0 113.0 49.0 43.0 44.0 17.0 17.0 45.0 146.0 46.0 18.0 46.0 49.0 45.0 45.0 45.0 45.0 119.0 49.0 76.0 17.0 47.0 40.0 43.0 46.0 47.0 18.0 20.0 48.0 161.0 46.0 479.0 50.0 17.0 43.0 44.0 45.0 43.0 49.0 48.0 45.0 219.0 44.0 77.0 49.0 45.0 25.0 46.0 62.0 51.0 19.0 50.0 50.0 57.0 17.0 47.0 39.0 30.0 18.0 48.0 47.0 40.0 45.0 191.0 60.0 49.0 52.0 46.0 45.0 56.0 38.0 50.0 51.0 44.0 44.0 47.0 47.0 40.0 304.0 47.0 17.0 45.0 78.0 48.0 43.0 44.0 57.0 45.0 17.0 48.0 46.0 19.0 46.0 42.0 162.0 47.0 43.0 47.0 46.0 83.0 62.0 75.0 43.0 47.0 48.0 17.0 45.0 95.0 38.0 17.0 54.0 59.0 16.0 43.0 50.0 44.0 46.0 54.0 45.0 17.0 46.0 40.0 44.0 58.0 40.0 16.0 45.0 116.0 46.0 17.0 59.0 50.0 17.0 45.0 55.0 45.0 54.0 48.0 46.0 45.0 86.0 47.0 19.0 16.0 48.0 45.0 18.0 44.0 174.0 46.0 39.0 45.0 40.0 45.0 52.0 58.0 17.0 16.0 83.0 45.0 45.0 66.0 175.0 41.0 44.0 45.0 17.0 17.0 45.0 136.0 41.0 45.0 49.0 45.0 47.0 136.0 46.0 45.0 47.0 69.0 48.0 49.0 67.0 16.0 45.0 62.0 45.0 45.0 47.0 46.0 18.0 18.0 46.0 40.0 17.0 158.0 80.0 44.0 84.0 46.0 44.0 47.0 55.0 17.0 44.0 116.0 63.0 45.0 18.0 46.0 45.0
35 36 1 TRACE 20.0 84.0 107.0 15.0 44.0 359.0 42.0 39.0 52.0 57.0 40.0 41.0 15.0 16.0 41.0 44.0 41.0 22.0 138.0 47.0 43.0 42.0 43.0 42.0 62.0 47.0 42.0 15.0 48.0 40.0 42.0 45.0 42.0 16.0 15.0 49.0 155.0 80.0 98.0 43.0 41.0 40.0 43.0 48.0 39.0 91.0 76.0 42.0 331.0 43.0 78.0 52.0 43.0 16.0 42.0 192.0 49.0 19.0 49.0 56.0 42.0 20.0 45.0 38.0 17.0 16.0 44.0 51.0 47.0 42.0 49.0 43.0 41.0 49.0 43.0 40.0 77.0 36.0 42.0 149.0 42.0 45.0 48.0 41.0 37.0 98.0 42.0 16.0 42.0 66.0 42.0 40.0 41.0 53.0 42.0 16.0 45.0 87.0 19.0 43.0 41.0 129.0 41.0 40.0 84.0 43.0 43.0 50.0 43.0 82.0 44.0 43.0 17.0 41.0 109.0 38.0 15.0 74.0 66.0 16.0 39.0 48.0 42.0 41.0 51.0 42.0 16.0 44.0 35.0 41.0 49.0 37.0 15.0 42.0 107.0 41.0 16.0 66.0 54.0 15.0 43.0 76.0 42.0 43.0 55.0 62.0 40.0 108.0 91.0 15.0 55.0 48.0 43.0 16.0 41.0 162.0 44.0 52.0 43.0 37.0 42.0 49.0 43.0 16.0 15.0 55.0 43.0 41.0 42.0 59.0 48.0 46.0 43.0 15.0 16.0 47.0 169.0 37.0 41.0 84.0 43.0 86.0 104.0 43.0 44.0 62.0 86.0 41.0 51.0 42.0 16.0 40.0 72.0 42.0 41.0 54.0 41.0 16.0 16.0 74.0 52.0 16.0 161.0 118.0 53.0 86.0 43.0 40.0 41.0 44.0 16.0 41.0 46.0 51.0 41.0 16.0 135.0 46.0
36 37 1 TRACE 678.0 82.0 341.0 72.0 118.0 2605.0 726.0 196.0 49.0 58.0 29.0 52.0 112.0 124.0 244.0 100.0 56.0 80.0 28.0 277.0 88.0 29.0 62.0 56.0 35.0 130.0 246.0 86.0 73.0 62.0 29.0 63.0 41.0 66.0 98.0 283.0 468.0 41.0 68.0 307.0 71.0 27.0 46.0 39.0 44.0 303.0 31.0 270.0 186.0 33.0 31.0 140.0 68.0 69.0 34.0 104.0 61.0 56.0 366.0 71.0 29.0 100.0 48.0 259.0 70.0 70.0 81.0 234.0 29.0 166.0 186.0 34.0 92.0 196.0 38.0 42.0 236.0 28.0 303.0 310.0 45.0 39.0 72.0 39.0 35.0 151.0 41.0 75.0 162.0 90.0 39.0 26.0 71.0 214.0 33.0 106.0 44.0 64.0 73.0 29.0 42.0 156.0 84.0 34.0 85.0 69.0 28.0 149.0 68.0 29.0 61.0 67.0 70.0 80.0 350.0 66.0 88.0 105.0 29.0 147.0 68.0 106.0 45.0 45.0 215.0 36.0 162.0 45.0 160.0 213.0 220.0 61.0 86.0 342.0 542.0 130.0 86.0 104.0 58.0 96.0 52.0 183.0 37.0 271.0 67.0 202.0 68.0 124.0 138.0 77.0 80.0 111.0 234.0 288.0 49.0 129.0 46.0 53.0 53.0 107.0 28.0 74.0 37.0 73.0 164.0 59.0 39.0 28.0 36.0 509.0 28.0 27.0 32.0 98.0 83.0 77.0 253.0 41.0 40.0 77.0 75.0 28.0 82.0 89.0 64.0 102.0 451.0 34.0 106.0 33.0 74.0 82.0 205.0 36.0 39.0 148.0 31.0 97.0 71.0 36.0 253.0 89.0 110.0 655.0 59.0 65.0 39.0 27.0 71.0 56.0 76.0 67.0 28.0 189.0 43.0 89.0 654.0 35.0
37 38 1 TRACE 37.0 38.0 46.0 30.0 42.0 82.0 28.0 32.0 70.0 39.0 73.0 32.0 39.0 26.0 29.0 38.0 28.0 26.0 29.0 160.0 27.0 27.0 39.0 29.0 42.0 47.0 159.0 33.0 39.0 28.0 58.0 36.0 27.0 44.0 28.0 72.0 28.0 28.0 38.0 63.0 42.0 26.0 70.0 28.0 34.0 56.0 27.0 32.0 81.0 28.0 29.0 54.0 64.0 30.0 27.0 38.0 28.0 26.0 62.0 71.0 34.0 29.0 38.0 144.0 62.0 34.0 35.0 28.0 64.0 48.0 340.0 28.0 65.0 57.0 33.0 29.0 136.0 53.0 48.0 46.0 28.0 30.0 39.0 42.0 109.0 129.0 28.0 33.0 40.0 52.0 33.0 29.0 29.0 57.0 27.0 26.0 34.0 58.0 74.0 63.0 38.0 47.0 29.0 34.0 68.0 31.0 28.0 49.0 26.0 30.0 34.0 29.0 31.0 30.0 63.0 34.0 37.0 39.0 30.0 29.0 28.0 157.0 42.0 30.0 89.0 28.0 31.0 30.0 40.0 96.0 74.0 45.0 28.0 45.0 414.0 95.0 28.0 72.0 47.0 36.0 35.0 56.0 26.0 29.0 37.0 41.0 26.0 123.0 28.0 32.0 62.0 83.0 99.0 36.0 97.0 46.0 30.0 27.0 31.0 60.0 28.0 38.0 29.0 27.0 63.0 36.0 29.0 67.0 29.0 107.0 26.0 43.0 29.0 28.0 34.0 74.0 56.0 48.0 34.0 38.0 31.0 40.0 78.0 62.0 28.0 33.0 62.0 78.0 33.0 28.0 28.0 31.0 80.0 28.0 29.0 49.0 66.0 60.0 65.0 31.0 27.0 81.0 77.0 89.0 26.0 67.0 28.0 29.0 32.0 71.0 61.0 27.0 56.0 53.0 28.0 27.0 59.0 29.0
38 39 1 TRACE 29.0 25.0 33.0 30.0 24.0 54.0 24.0 32.0 34.0 32.0 58.0 24.0 32.0 29.0 24.0 25.0 25.0 31.0 23.0 95.0 23.0 26.0 63.0 23.0 24.0 27.0 125.0 29.0 33.0 23.0 42.0 25.0 23.0 26.0 24.0 35.0 24.0 23.0 166.0 89.0 21.0 35.0 86.0 23.0 23.0 35.0 23.0 22.0 27.0 24.0 24.0 22.0 60.0 25.0 26.0 30.0 64.0 25.0 66.0 27.0 22.0 25.0 23.0 89.0 69.0 49.0 25.0 65.0 25.0 23.0 621.0 57.0 24.0 25.0 24.0 38.0 26.0 24.0 40.0 26.0 26.0 24.0 32.0 27.0 89.0 66.0 26.0 26.0 34.0 27.0 28.0 63.0 32.0 35.0 25.0 26.0 63.0 85.0 54.0 58.0 41.0 25.0 31.0 23.0 25.0 42.0 25.0 26.0 25.0 23.0 65.0 24.0 26.0 59.0 35.0 68.0 22.0 26.0 25.0 25.0 63.0 63.0 30.0 24.0 70.0 24.0 24.0 32.0 54.0 87.0 520.0 22.0 25.0 54.0 225.0 83.0 25.0 24.0 22.0 55.0 25.0 26.0 24.0 25.0 25.0 24.0 23.0 35.0 24.0 24.0 32.0 36.0 27.0 76.0 146.0 55.0 24.0 30.0 24.0 24.0 24.0 26.0 63.0 31.0 26.0 25.0 24.0 67.0 27.0 219.0 24.0 48.0 49.0 33.0 35.0 63.0 26.0 37.0 26.0 25.0 25.0 33.0 26.0 22.0 23.0 25.0 62.0 25.0 32.0 23.0 26.0 24.0 155.0 24.0 24.0 55.0 69.0 63.0 46.0 25.0 88.0 360.0 45.0 41.0 28.0 26.0 31.0 69.0 27.0 60.0 57.0 26.0 24.0 26.0 32.0 25.0 26.0 23.0
39 25 1 TRACE 16.0 38.0 16.0 26.0 19.0 17.0 18.0 16.0 17.0 17.0 16.0 16.0 17.0 16.0 16.0 16.0 38.0 16.0 16.0 17.0 16.0 19.0 16.0 15.0 17.0 21.0 16.0 16.0 21.0 23.0 25.0 15.0 20.0 16.0 269.0 16.0 17.0 55.0 17.0 17.0 17.0 16.0 18.0 16.0 17.0 16.0 16.0 17.0 16.0 16.0 53.0 16.0 16.0 21.0 16.0 62.0 17.0 16.0 17.0 16.0 17.0 16.0 19.0 15.0 22.0 16.0 16.0 20.0 16.0 19.0 17.0 43.0 18.0 16.0 17.0 16.0 18.0 18.0 16.0 54.0 16.0 17.0 21.0 393.0 18.0 29.0 16.0 21.0 16.0 16.0
39 40 1 TRACE 40.0 112.0 29.0 27.0 26.0 41.0 26.0 25.0 25.0 25.0 31.0 43.0 28.0 33.0 35.0 29.0 31.0 24.0 54.0 33.0 222.0 25.0 26.0 25.0 63.0 36.0 27.0 31.0 66.0 26.0 25.0 26.0 68.0 35.0 57.0 54.0 142.0 261.0 79.0 288.0 30.0 26.0 72.0 34.0 44.0 72.0 164.0 34.0 63.0 25.0 24.0 26.0 26.0 178.0 24.0 25.0 363.0 37.0 27.0 25.0 27.0 30.0 24.0 30.0
39 51 1 TRACE 58.0 25.0 25.0 42.0 206.0 26.0 57.0 25.0 34.0 24.0 28.0 65.0 34.0 40.0 27.0 25.0 61.0 59.0 206.0 26.0 57.0 26.0 30.0 24.0 24.0 25.0 25.0 26.0 29.0 27.0 36.0 51.0 26.0 32.0 26.0 34.0 39.0 59.0 60.0 50.0 60.0 24.0 26.0 34.0 27.0 24.0 26.0 25.0 25.0 33.0 27.0 26.0 24.0 28.0 61.0 26.0 31.0 145.0 150.0 27.0 27.0 59.0 25.0 25.0
40 41 1 TRACE 36.0 36.0 23.0 19.0 24.0 36.0 19.0 33.0 20.0 24.0 22.0 25.0 19.0 31.0 39.0 22.0 30.0 24.0 19.0 21.0 31.0 46.0 19.0 36.0 51.0 21.0 28.0 46.0 22.0 37.0 26.0 37.0 22.0 49.0 22.0 35.0 46.0 19.0 43.0 46.0 22.0 46.0 25.0 26.0 25.0 33.0 20.0 25.0 23.0 41.0 19.0 45.0 23.0 30.0 21.0 22.0 46.0 26.0 20.0 24.0 27.0 21.0 44.0 19.0
41 42 1 TRACE 17.0 12.0 11.0 372.0 12.0 12.0 12.0 12.0 23.0 12.0 14.0 11.0 11.0 12.0 11.0 11.0 12.0 13.0 12.0 13.0 12.0 11.0 12.0 12.0 12.0 11.0 11.0 12.0 11.0 12.0 12.0 12.0 12.0 12.0 12.0 11.0 11.0 12.0 12.0 12.0 11.0 30.0 11.0 14.0 12.0 11.0 13.0 20.0 54.0 12.0 12.0 11.0 14.0 12.0 11.0 12.0 12.0 12.0 12.0 13.0 12.0 12.0 12.0 12.0 11.0 13.0 12.0 12.0 13.0 11.0 12.0 12.0 11.0 12.0 11.0 12.0 11.0 11.0 12.0 13.0 13.0 12.0 12.0 12.0 12.0 13.0 11.0 14.0 12.0 11.0 12.0 12.0 11.0 12.0 25.0 12.0 12.0 12.0 11.0 12.0 12.0 11.0 12.0 12.0 14.0 13.0 14.0 28.0 11.0 12.0 13.0 13.0 12.0 11.0 12.0 12.0 11.0 18.0 15.0 11.0 11.0 12.0 13.0 11.0 12.0 13.0 11.0 12.0 11.0 12.0 12.0 12.0 12.0 12.0 18.0 13.0 14.0 12.0 12.0 19.0 12.0 11.0 12.0 12.0 12.0 12.0 23.0 12.0 11.0 12.0 12.0 12.0 12.0 12.0 11.0 13.0 12.0 11.0 13.0 11.0 12.0 18.0 12.0 12.0 11.0 12.0 15.0 122.0 12.0 12.0 13.0 12.0 12.0 11.0 12.0 12.0 11.0 15.0 11.0 11.0 61.0 13.0 11.0 12.0 12.0 225.0 12.0 12.0 12.0 13.0 12.0 12.0 11.0 12.0 12.0 11.0 12.0 12.0 12.0 12.0 12.0 11.0 11.0
42 43 1 TRACE 16.0 11.0 11.0 14.0 10.0 11.0 15.0 10.0 11.0 10.0 12.0 11.0 10.0 11.0 11.0 10.0 11.0 12.0 10.0 11.0 10.0 11.0 10.0 11.0 11.0 10.0 11.0 10.0 11.0 11.0 11.0 11.0 11.0 11.0 11.0 27.0 11.0 10.0 11.0 11.0 11.0 12.0 10.0 12.0 10.0 11.0 10.0 11.0 11.0 11.0 11.0 11.0 12.0 11.0 11.0 15.0 10.0 11.0 11.0 12.0 10.0 11.0 10.0 11.0 11.0 11.0 10.0 11.0 11.0 11.0 11.0 11.0 11.0 11.0 10.0 11.0 11.0 10.0 11.0 10.0 10.0 11.0 11.0 10.0 11.0 12.0 11.0 11.0 11.0 11.0 11.0 11.0 11.0 11.0 12.0 10.0 10.0 10.0 11.0 10.0 11.0 11.0 11.0 11.0 11.0 12.0 12.0 11.0 11.0 10.0 10.0 11.0 11.0 11.0 11.0 11.0 11.0 11.0 11.0 11.0 10.0 11.0 10.0 10.0 11.0 12.0 11.0 10.0 11.0 11.0 11.0 11.0 11.0 11.0 11.0 12.0 13.0 10.0 10.0 11.0 10.0 10.0 11.0 11.0 11.0 10.0 11.0 10.0 11.0 11.0 10.0 15.0 11.0 11.0 11.0 11.0 11.0 10.0 11.0 11.0 10.0 11.0 11.0 10.0 10.0 11.0 11.0 11.0 11.0 10.0 11.0 11.0 11.0 11.0 11.0 10.0 10.0 11.0 11.0 11.0 11.0 11.0 11.0 10.0 11.0 11.0 11.0 11.0 11.0 11.0 11.0 10.0 10.0 11.0 11.0 11.0 11.0 10.0 10.0 10.0 11.0 11.0 10.0
43 44 1 TRACE 12.0 8.0 8.0 10.0 8.0 8.0 9.0 8.0 8.0 8.0 9.0 8.0 8.0 8.0 7.0 8.0 8.0 9.0 8.0 8.0 8.0 7.0 8.0 8.0 8.0 8.0 7.0 8.0 8.0 7.0 8.0 8.0 8.0 8.0 7.0 21.0 8.0 8.0 8.0 8.0 8.0 9.0 8.0 9.0 8.0 7.0 8.0 8.0 8.0 8.0 8.0 8.0 9.0 8.0 7.0 9.0 8.0 8.0 8.0 9.0 8.0 8.0 8.0 8.0 8.0 8.0 8.0 8.0 8.0 7.0 7.0 8.0 8.0 8.0 8.0 8.0 8.0 8.0 8.0 8.0 8.0 8.0 8.0 8.0 8.0 9.0 8.0 8.0 8.0 8.0 8.0 8.0 8.0 8.0 9.0 8.0 8.0 8.0 7.0 8.0 8.0 8.0 8.0 7.0 8.0 8.0 9.0 8.0 8.0 8.0 8.0 8.0 8.0 8.0 8.0 8.0 8.0 8.0 9.0 7.0 8.0 21.0 8.0 8.0 8.0 9.0 7.0 8.0 8.0 8.0 8.0 8.0 8.0 8.0 8.0 9.0 10.0 8.0 8.0 8.0 8.0 8.0 8.0 8.0 8.0 8.0 7.0 8.0 8.0 8.0 8.0 9.0 8.0 8.0 8.0 9.0 8.0 8.0 8.0 8.0 8.0 7.0 8.0 8.0 8.0 7.0 9.0 7.0 8.0 8.0 9.0 8.0 9.0 7.0 9.0 8.0 8.0 8.0 13.0 10.0 8.0 8.0 7.0 8.0 8.0 8.0 8.0 8.0 8.0 9.0 8.0 8.0 8.0 8.0 8.0 8.0 8.0 8.0 8.0 8.0 7.0 8.0 8.0
44 45 1 TRACE 47.0 21.0 23.0 228.0 65.0 25.0 22.0 27.0 88.0 28.0 18.0 25.0 31.0 34.0 29.0 87.0 28.0 98.0 25.0 65.0 29.0 186.0 1216.0 28.0 22.0 28.0 130.0 25.0 25.0 55.0 32.0 29.0 33.0 32.0 24.0 74.0 84.0 49.0 24.0 30.0 50.0 30.0 27.0 18.0 26.0 24.0 89.0 46.0 34.0 464.0 24.0 27.0 64.0 31.0 102.0 374.0 43.0 25.0 133.0 19.0 27.0 59.0 33.0 25.0 81.0 237.0 24.0 25.0 30.0 26.0 23.0 27.0 37.0 23.0 24.0 29.0 104.0 60.0 71.0 42.0 33.0 31.0 53.0 196.0 69.0 107.0 49.0 32.0 47.0 59.0 35.0 84.0 24.0 28.0 18.0 24.0 47.0 25.0 22.0 29.0 24.0 63.0 25.0 59.0 20.0 83.0 106.0 54.0 27.0 88.0 58.0 68.0 63.0 58.0 40.0 63.0 20.0 22.0 19.0 28.0 24.0 178.0 23.0 52.0 38.0 23.0 63.0 33.0 67.0 23.0 31.0 37.0 33.0 272.0 64.0 276.0 21.0 28.0 55.0 47.0 64.0 32.0 20.0 53.0 27.0 705.0 69.0 184.0 57.0 72.0 26.0 17.0 37.0 26.0 38.0 54.0 23.0 23.0 133.0 25.0 25.0 28.0 29.0 26.0 21.0 32.0 18.0 155.0 135.0 30.0 25.0 32.0 25.0 68.0 30.0 65.0 78.0 178.0 57.0 19.0 75.0 19.0 62.0 31.0 73.0 156.0 26.0 35.0 26.0 19.0 29.0 25.0 64.0 43.0 21.0 23.0 29.0 24.0 65.0 32.0 65.0 55.0 101.0
45 46 1 TRACE 20.0 16.0 16.0 47.0 77.0 15.0 18.0 15.0 52.0 15.0 16.0 16.0 16.0 16.0 15.0 17.0 15.0 16.0 16.0 46.0 17.0 16.0 18.0 52.0 16.0 15.0 17.0 50.0 17.0 17.0 15.0 15.0 15.0 16.0 16.0 27.0 17.0 15.0 15.0 16.0 49.0 29.0 52.0 16.0 55.0 15.0 19.0 16.0 15.0 317.0 118.0 15.0 16.0 15.0 16.0 75.0 15.0 16.0 25.0 16.0 17.0 16.0 16.0 18.0 64.0 16.0 15.0 15.0 18.0 15.0 36.0 15.0 23.0 16.0 16.0 43.0 63.0 15.0 50.0 17.0 32.0 16.0 15.0 42.0 16.0 15.0 15.0 16.0 75.0 15.0 16.0 16.0 15.0 15.0 16.0 16.0 82.0 15.0 22.0 15.0 37.0 47.0 15.0 16.0 20.0 16.0 24.0 16.0 15.0 66.0 17.0 18.0 15.0 15.0 16.0 15.0 15.0 17.0 15.0 16.0 16.0 45.0 17.0 16.0 16.0 16.0 67.0 17.0 48.0 16.0 19.0 25.0 20.0 85.0 32.0 67.0 17.0 15.0 54.0 39.0 53.0 56.0 16.0 38.0 15.0 17.0 35.0 20.0 17.0 24.0 42.0 16.0 153.0 16.0 15.0 17.0 17.0 15.0 15.0 15.0 27.0 14.0 16.0 15.0 15.0 17.0 15.0 29.0 16.0 16.0 24.0 15.0 16.0 20.0 16.0 16.0 17.0 16.0 16.0 15.0 24.0 16.0 95.0 15.0 22.0 31.0 16.0 16.0 15.0 15.0 17.0 15.0 17.0 28.0 15.0 15.0 44.0 15.0 16.0 23.0 15.0 16.0 21.0
46 47 1 TRACE 124.0 43.0 44.0 71.0 36.0 55.0 101.0 38.0 49.0 111.0 70.0 33.0 36.0 97.0 37.0 32.0 77.0 89.0 33.0 111.0 66.0 33.0 36.0 72.0 48.0 32.0 99.0 55.0 32.0 51.0 100.0 51.0 34.0 100.0 41.0 34.0 91.0 53.0 32.0 103.0 56.0 37.0 33.0 96.0 37.0 32.0 139.0 33.0 32.0 102.0 133.0 34.0 80.0 40.0 75.0 113.0 52.0 36.0 107.0 51.0 32.0 32.0 135.0 39.0 35.0 75.0 55.0 32.0 70.0 33.0 32.0 103.0 60.0 34.0 31.0 78.0 34.0 40.0 88.0 40.0 36.0 106.0 40.0 35.0 119.0 36.0 32.0 75.0 42.0 73.0 111.0 40.0 34.0 76.0 39.0 36.0 98.0 40.0 32.0 74.0 34.0 43.0 106.0 44.0 35.0 68.0 33.0 57.0 107.0 46.0 33.0 72.0 34.0 33.0 66.0 75.0 53.0 114.0 58.0 32.0 33.0 93.0 35.0 32.0 67.0 36.0 32.0 107.0 52.0 34.0 67.0 33.0 37.0 86.0 37.0 33.0 150.0 41.0 44.0 116.0 36.0 55.0 76.0 44.0 32.0 102.0 49.0 33.0 32.0 87.0 37.0 34.0 125.0 38.0 39.0 74.0 34.0 36.0 100.0 63.0 36.0 35.0 65.0 37.0 67.0 103.0 49.0 32.0 76.0 35.0 76.0 105.0 57.0 32.0 110.0 39.0 35.0 65.0 38.0 44.0 87.0 49.0 32.0 106.0 48.0 33.0 33.0 91.0 38.0 35.0 86.0 51.0 87.0 161.0 53.0 33.0 69.0 37.0 37.0 107.0 59.0 41.0 32.0
47 48 1 TRACE 13.0 9.0 12.0 9.0 12.0 7.0 13.0 13.0 14.0 12.0 8.0 9.0 13.0 14.0 10.0 8.0 28.0 21.0 15.0 13.0 8.0 10.0 13.0 13.0 21.0 8.0 10.0 10.0 13.0 10.0 8.0 10.0 9.0 14.0 12.0 7.0 27.0 9.0 15.0 12.0 9.0 10.0 11.0 11.0 10.0 8.0 11.0 10.0 14.0 12.0 9.0 21.0 10.0 11.0 13.0 8.0 10.0 12.0 12.0 12.0 8.0 13.0 11.0 12.0 11.0 8.0 9.0 10.0 18.0 14.0 7.0 9.0 11.0 15.0 13.0 8.0 9.0 14.0 9.0 10.0 9.0 14.0 9.0 14.0 13.0 8.0 10.0 12.0 16.0 11.0 8.0 9.0 11.0 13.0 11.0 10.0 17.0 12.0 10.0 14.0 8.0 16.0 10.0 26.0 12.0 8.0 48.0 13.0 13.0 14.0 8.0 9.0 12.0 15.0 10.0 8.0 173.0 11.0 16.0 14.0 8.0 9.0 13.0 18.0 12.0 8.0 9.0 12.0 13.0 11.0 8.0 10.0 14.0 16.0 10.0 8.0 10.0 10.0 12.0 13.0 8.0 10.0 13.0 21.0 9.0 8.0 9.0 12.0 10.0 10.0 8.0 23.0 14.0 15.0 14.0 7.0 10.0 11.0 9.0 11.0 8.0 11.0 11.0 12.0 11.0 8.0 9.0 10.0 17.0 15.0 8.0 10.0 12.0 14.0 13.0 9.0 53.0 9.0 13.0 11.0 7.0 24.0 12.0 17.0 13.0 8.0 9.0 11.0 14.0 13.0 8.0 10.0 11.0 13.0 11.0 8.0 9.0 10.0 18.0 13.0 8.0 23.0 9.0 14.0 13.0 8.0 30.0 21.0 14.0 10.0 8.0 9.0 11.0 11.0 11.0 9.0 10.0 10.0 18.0 18.0 8.0 9.0 10.0 14.0 13.0 8.0 9.0 12.0 13.0 11.0 8.0 230.0 11.0 22.0 14.0 8.0 10.0 13.0 13.0 11.0 7.0 14.0 11.0 13.0 11.0 8.0 11.0 11.0 17.0 13.0 9.0 10.0 16.0 12.0 11.0 8.0 9.0 11.0 13.0 11.0 8.0 20.0 12.0 18.0 13.0 8.0 44.0 10.0 13.0 13.0 8.0 9.0 10.0 13.0 12.0 8.0 9.0 11.0 17.0 15.0 8.0 9.0 10.0 14.0 13.0 8.0 9.0 10.0 12.0 11.0 8.0 10.0 10.0 12.0 12.0 9.0 15.0 10.0 13.0 13.0 8.0 9.0 23.0 13.0 11.0 8.0 10.0 10.0 12.0 11.0 8.0 9.0 9.0 9.0 12.0 7.0 65.0 9.0 13.0 12.0 7.0 9.0 14.0 11.0 11.0 8.0 14.0 9.0 15.0 13.0 8.0 10.0 10.0 13.0 21.0 8.0 38.0 11.0 9.0 10.0 8.0 9.0 9.0 18.0 12.0 7.0 10.0 9.0 12.0 11.0 8.0 11.0 11.0 13.0 11.0 7.0 9.0 9.0 16.0 16.0 8.0 18.0 11.0 13.0 12.0 8.0 21.0 10.0 13.0 10.0 8.0 48.0 11.0 11.0 11.0 9.0 21.0 11.0 16.0 14.0 8.0 9.0 12.0 14.0 11.0 7.0 25.0 10.0 14.0 10.0 8.0 9.0 50.0 17.0 13.0 8.0 10.0 9.0 15.0 12.0 7.0 9.0 10.0 13.0 12.0 8.0 9.0 12.0 26.0 11.0 7.0 11.0 11.0 13.0 13.0 8.0 9.0 11.0 13.0 10.0 8.0 10.0 11.0 15.0 10.0 8.0 10.0 10.0 12.0 10.0 7.0 9.0 10.0 11.0 10.0 8.0 9.0 9.0 13.0 12.0 8.0 47.0 10.0 17.0 13.0 7.0 9.0 10.0 11.0 10.0 8.0 34.0 13.0 18.0 16.0 8.0 10.0 12.0 45.0 9.0 8.0 9.0 9.0 11.0 10.0 8.0 9.0 11.0 39.0 10.0 8.0 15.0 22.0 9.0 11.0 8.0 9.0 11.0 12.0 12.0 9.0 10.0 13.0 15.0 10.0 8.0 9.0 10.0 12.0 11.0 8.0 49.0 10.0 11.0 10.0 8.0 9.0 9.0 14.0 12.0 7.0 9.0 9.0 12.0 10.0 8.0 9.0 10.0 12.0 10.0 8.0 11.0 9.0 14.0 12.0 8.0 9.0 11.0 11.0 12.0 8.0 10.0 12.0 12.0 10.0 8.0 10.0 11.0 11.0 10.0 7.0 9.0 11.0 11.0 11.0 8.0 9.0 12.0 11.0 11.0 8.0 9.0 11.0 14.0 12.0 8.0 10.0 9.0 11.0 12.0 8.0 10.0 10.0 12.0 11.0 8.0 61.0 10.0 13.0 30.0 8.0 15.0 9.0 11.0 10.0 8.0 10.0 11.0 12.0 10.0 8.0 11.0 17.0 14.0 13.0 8.0 9.0 9.0 13.0 11.0 8.0 9.0 10.0 12.0 10.0 8.0 10.0 9.0 10.0 10.0 8.0 10.0 10.0 35.0 15.0 8.0 9.0 11.0 11.0 11.0 8.0 49.0 14.0 12.0 10.0 8.0 9.0 10.0 14.0 13.0 8.0 44.0 11.0 12.0 11.0 8.0 12.0 11.0 12.0 14.0 8.0 9.0 11.0 14.0 10.0 9.0 10.0 21.0 12.0 10.0 7.0 11.0 11.0 12.0 10.0 8.0 13.0 14.0 14.0 12.0 8.0 10.0 9.0 12.0 11.0 10.0 10.0 9.0 12.0 11.0 8.0 25.0 10.0 11.0 12.0 8.0 13.0 11.0 14.0 12.0 8.0 15.0 11.0 12.0 53.0 8.0 40.0 11.0 18.0 13.0 8.0 44.0 9.0 51.0 39.0 8.0 10.0 10.0 12.0 11.0 8.0 18.0 16.0 21.0 10.0 8.0 10.0 11.0 13.0 13.0 8.0 10.0 10.0 12.0 10.0 8.0 10.0 9.0 18.0 14.0 7.0 14.0 10.0 17.0 11.0 8.0 9.0 9.0 13.0 10.0 8.0 10.0 13.0 12.0 14.0 8.0 29.0 12.0 13.0 12.0 7.0 10.0 10.0 13.0 10.0 8.0 13.0 10.0 10.0 10.0 8.0 42.0 12.0 14.0 13.0 8.0 171.0 11.0 12.0 11.0 8.0 9.0 11.0 13.0 11.0 8.0 10.0 11.0 16.0 13.0 8.0 12.0 11.0 16.0 13.0 8.0 17.0 10.0 11.0 10.0 9.0 10.0 9.0 15.0 14.0 7.0 9.0 10.0 14.0 15.0 8.0 9.0 10.0 12.0 12.0 8.0 10.0 9.0 13.0 11.0 8.0 10.0 10.0 11.0 11.0 7.0 9.0 10.0 12.0 17.0 8.0 10.0 9.0 13.0 12.0 7.0 18.0 10.0 48.0 46.0 9.0 12.0 10.0 12.0 21.0 8.0 10.0 10.0 9.0 9.0 8.0 10.0 9.0 10.0 12.0 8.0 9.0 10.0 12.0 11.0 8.0 9.0 10.0 13.0 12.0 8.0 13.0 10.0 16.0 14.0 8.0 9.0 10.0 13.0 11.0 8.0 10.0 10.0 14.0 10.0 8.0 10.0 10.0 16.0 12.0 8.0 15.0 10.0 12.0 12.0 9.0 10.0 9.0 12.0 11.0 8.0 10.0 14.0 15.0 9.0 7.0 9.0 20.0 13.0 13.0 8.0 9.0 10.0 13.0 12.0 8.0 10.0 11.0 17.0 19.0 8.0 9.0 10.0 14.0 12.0 8.0 9.0 10.0 13.0 11.0 8.0 10.0 10.0 14.0 13.0 8.0 16.0 9.0 9.0 10.0 8.0 9.0 11.0 13.0 11.0 8.0 17.0 9.0 17.0 14.0 7.0 9.0 9.0 15.0 12.0 8.0 10.0 9.0 13.0 11.0 8.0 10.0 9.0 15.0 10.0 8.0 10.0 12.0 13.0 12.0 13.0 10.0 9.0 10.0 10.0 7.0 9.0 10.0 12.0 10.0 8.0 9.0 44.0 13.0 16.0 8.0 9.0 12.0 14.0 11.0 8.0 11.0 10.0 9.0 10.0 8.0 10.0 11.0 16.0 13.0 8.0 10.0 9.0 10.0 10.0 10.0 9.0 9.0 13.0 11.0 8.0 36.0 12.0 9.0 10.0 8.0 10.0 10.0 12.0 11.0 8.0 9.0 11.0 11.0 10.0 8.0 18.0 13.0 9.0 13.0 8.0 9.0 11.0 11.0 11.0 8.0 9.0 9.0 11.0 11.0 9.0 38.0 11.0 13.0 14.0 8.0 10.0 10.0 10.0 10.0 8.0 9.0 11.0 11.0 11.0 8.0 9.0 10.0 11.0 9.0
48 49 1 TRACE 16.0 26.0 19.0 13.0 14.0 8.0 11.0 12.0 11.0 13.0 7.0 9.0 10.0 10.0 10.0 11.0 44.0 18.0 14.0 13.0 8.0 10.0 12.0 10.0 10.0 7.0 42.0 12.0 9.0 10.0 12.0 20.0 19.0 13.0 18.0 7.0 11.0 11.0 10.0 12.0 16.0 10.0 10.0 10.0 10.0 11.0 19.0 24.0 12.0 15.0 10.0 28.0 14.0 13.0 13.0 7.0 38.0 10.0 9.0 10.0 8.0 11.0 11.0 9.0 10.0 12.0 23.0 21.0 14.0 13.0 8.0 10.0 12.0 11.0 11.0 8.0 10.0 9.0 10.0 10.0 12.0 20.0 18.0 13.0 52.0 8.0 9.0 11.0 10.0 10.0 8.0 13.0 11.0 11.0 9.0 11.0 40.0 15.0 29.0 13.0 9.0 23.0 19.0 13.0 13.0 8.0 63.0 11.0 16.0 11.0 8.0 9.0 11.0 22.0 10.0 12.0 20.0 20.0 14.0 13.0 8.0 10.0 11.0 10.0 10.0 8.0 9.0 11.0 10.0 10.0 10.0 70.0 20.0 13.0 17.0 9.0 18.0 15.0 13.0 14.0 7.0 9.0 11.0 14.0 9.0 7.0 31.0 9.0 9.0 10.0 12.0 19.0 18.0 13.0 14.0 7.0 36.0 12.0 9.0 11.0 7.0 10.0 12.0 9.0 11.0 12.0 20.0 20.0 14.0 14.0 8.0 10.0 12.0 11.0 12.0 8.0 20.0 9.0 11.0 10.0 12.0 19.0 19.0 14.0 13.0 8.0 10.0 13.0 12.0 12.0 7.0 9.0 12.0 10.0 10.0 10.0 20.0 17.0 14.0 14.0 9.0 20.0 16.0 13.0 14.0 8.0 9.0 9.0 10.0 49.0 7.0 9.0 10.0 10.0 10.0 13.0 21.0 21.0 52.0 14.0 8.0 10.0 13.0 11.0 11.0 8.0 9.0 12.0 11.0 10.0 11.0 31.0 20.0 15.0 14.0 8.0 10.0 11.0 10.0 11.0 7.0 9.0 11.0 10.0 12.0 11.0 20.0 19.0 13.0 13.0 9.0 12.0 11.0 12.0 12.0 8.0 9.0 11.0 10.0 10.0 12.0 61.0 19.0 14.0 13.0 7.0 11.0 12.0 11.0 11.0 7.0 9.0 12.0 10.0 10.0 13.0 21.0 21.0 13.0 13.0 8.0 45.0 12.0 11.0 11.0 7.0 9.0 11.0 9.0 10.0 11.0 19.0 22.0 13.0 51.0 9.0 17.0 12.0 13.0 13.0 7.0 8.0 9.0 9.0 10.0 7.0 20.0 11.0 9.0 10.0 12.0 21.0 18.0 11.0 14.0 8.0 11.0 18.0 12.0 13.0 7.0 10.0 10.0 10.0 10.0 12.0 20.0 18.0 13.0 14.0 8.0 10.0 9.0 47.0 10.0 7.0 9.0 12.0 9.0 10.0 10.0 19.0 61.0 40.0 14.0 7.0 9.0 10.0 10.0 10.0 8.0 10.0 9.0 9.0 10.0 10.0 55.0 37.0 13.0 13.0 9.0 31.0 14.0 12.0 13.0 7.0 10.0 11.0 10.0 10.0 7.0 9.0 10.0 9.0 10.0 13.0 19.0 37.0 14.0 13.0 7.0 9.0 11.0 10.0 11.0 7.0 9.0 11.0 14.0 9.0 12.0 20.0 18.0 14.0 14.0 8.0 10.0 10.0 12.0 12.0 7.0 9.0 11.0 10.0 10.0 12.0 22.0 23.0 13.0 14.0 8.0 13.0 14.0 11.0 11.0 7.0 8.0 10.0 10.0 9.0 12.0 20.0 18.0 26.0 12.0 8.0 10.0 10.0 11.0 10.0 7.0 20.0 11.0 10.0 10.0 10.0 20.0 22.0 13.0 13.0 8.0 10.0 12.0 10.0 10.0 7.0 9.0 11.0 9.0 9.0 12.0 18.0 36.0 14.0 26.0 8.0 11.0 16.0 11.0 11.0 8.0 9.0 11.0 10.0 10.0 11.0 20.0 61.0 15.0 12.0 8.0 10.0 11.0 11.0 10.0 7.0 9.0 17.0 10.0 10.0 14.0 20.0 16.0 22.0 13.0 8.0 9.0 22.0 10.0 11.0 7.0 22.0 10.0 9.0 10.0 11.0 29.0 20.0 14.0 13.0 7.0 9.0 11.0 9.0 24.0 8.0 8.0 11.0 10.0 9.0 12.0 19.0 18.0 13.0 13.0 8.0 11.0 12.0 11.0 32.0 7.0 9.0 10.0 10.0 10.0 11.0 18.0 16.0 12.0 12.0 7.0 9.0 10.0 10.0 10.0 8.0 9.0 9.0 9.0 10.0 12.0 29.0 19.0 13.0 13.0 8.0 11.0 14.0 12.0 11.0 8.0 9.0 10.0 10.0 9.0 12.0 55.0 18.0 13.0 17.0 7.0 9.0 9.0 9.0 9.0 8.0 10.0 11.0 10.0 10.0 11.0 27.0 20.0 14.0 12.0 8.0 9.0 11.0 10.0 10.0 8.0 9.0 11.0 10.0 10.0 10.0 36.0 19.0 11.0 13.0 9.0 19.0 14.0 29.0 14.0 8.0 9.0 10.0 10.0 10.0 8.0 46.0 9.0 9.0 10.0 11.0 19.0 21.0 14.0 13.0 8.0 43.0 11.0 9.0 11.0 8.0 10.0 10.0 9.0 10.0 10.0 21.0 21.0 13.0 12.0 8.0 10.0 20.0 9.0 11.0 7.0 12.0 9.0 10.0 10.0 12.0 19.0 18.0 14.0 13.0 8.0 10.0 12.0 11.0 11.0 7.0 9.0 10.0 9.0 10.0 10.0 19.0 16.0 15.0 14.0 7.0 9.0 9.0 10.0 10.0 7.0 10.0 10.0 10.0 15.0 12.0 20.0 20.0 14.0 13.0 7.0 11.0 10.0 11.0 17.0 7.0 23.0 9.0 10.0 10.0 12.0 19.0 62.0 50.0 13.0 8.0 10.0 12.0 11.0 12.0 7.0 9.0 12.0 10.0 10.0 12.0 20.0 21.0 14.0 14.0 7.0 11.0 10.0 10.0 11.0 7.0 40.0 9.0 10.0 10.0 12.0 18.0 23.0 14.0 14.0 8.0 9.0 11.0 10.0 10.0 7.0 9.0 12.0 10.0 11.0 11.0 19.0 16.0 13.0 14.0 9.0 17.0 15.0 13.0 12.0 7.0 9.0 12.0 10.0 10.0 8.0 9.0 11.0 10.0 9.0 13.0 40.0 21.0 14.0 14.0 8.0 54.0 12.0 11.0 11.0 8.0 10.0 10.0 10.0 10.0 13.0 20.0 18.0 13.0 14.0 7.0 12.0 13.0 11.0 11.0 8.0 10.0 12.0 11.0 10.0 11.0 20.0 19.0 13.0 13.0 7.0 9.0 11.0 10.0 10.0 7.0 9.0 12.0 48.0 10.0 10.0 21.0 22.0 12.0 13.0 10.0 18.0 17.0 13.0 12.0 8.0 10.0 11.0 10.0 20.0 8.0 9.0 12.0 9.0 10.0 10.0 24.0 53.0 12.0 13.0 7.0 9.0 12.0 10.0 10.0 8.0 9.0 11.0 10.0 9.0 12.0 19.0 19.0 13.0 14.0 8.0 10.0 12.0 11.0 11.0 7.0 10.0 10.0 10.0 10.0 12.0 20.0 20.0 13.0 13.0 8.0 10.0 13.0 11.0 11.0 8.0 21.0 9.0 10.0 11.0 28.0 19.0 19.0 34.0 12.0 8.0 10.0 11.0 12.0 12.0 7.0 37.0 11.0 10.0 10.0 12.0 20.0 20.0 14.0 13.0 8.0 10.0 13.0 12.0 12.0 7.0 9.0 12.0 10.0 10.0 10.0 21.0 23.0 13.0 14.0 7.0 10.0 9.0 9.0 10.0 7.0 9.0 11.0 10.0 10.0 12.0 29.0 20.0 13.0 13.0 8.0 10.0 12.0 11.0 11.0 7.0 13.0 12.0 10.0 11.0 12.0 19.0 22.0 14.0 13.0 8.0 12.0 15.0 12.0 12.0 8.0 10.0 14.0 17.0 11.0 7.0 9.0 12.0 10.0 11.0 12.0 58.0 52.0 14.0 14.0 8.0 10.0 11.0 10.0 12.0 8.0 11.0 10.0 10.0 10.0 12.0 21.0 20.0 14.0 13.0 8.0 10.0 12.0 10.0 10.0 7.0 10.0 12.0 10.0 10.0 12.0 19.0 52.0 12.0 13.0 8.0 11.0 13.0 12.0 11.0 7.0 9.0 13.0 9.0 10.0 11.0 19.0 18.0 14.0 13.0 7.0 14.0 9.0 9.0 10.0 8.0 9.0 11.0 10.0 10.0 10.0 34.0 19.0 12.0 13.0 10.0 19.0 16.0 12.0 11.0 8.0 9.0 11.0 9.0 10.0 7.0 9.0 11.0 14.0 9.0
49 47 1 TRACE 72.0 54.0 51.0 38.0 31.0 25.0 24.0 22.0 30.0 19.0 17.0 16.0 45.0 32.0 31.0 27.0 69.0 29.0 20.0 18.0 21.0 22.0 18.0 16.0 161.0 50.0 39.0 33.0 27.0 25.0 23.0 21.0 30.0 18.0 24.0 18.0 86.0 71.0 57.0 52.0 46.0 30.0 28.0 24.0 21.0 16.0 18.0 16.0 19.0 20.0 17.0 16.0 67.0 48.0 36.0 30.0 41.0 43.0 24.0 20.0 69.0 20.0 18.0 17.0 83.0 34.0 31.0 26.0 18.0 20.0 19.0 18.0 22.0 20.0 18.0 16.0 85.0 69.0 82.0 61.0 39.0 37.0 31.0 25.0 19.0 23.0 20.0 17.0 18.0 21.0 17.0 19.0 84.0 36.0 30.0 26.0 21.0 23.0 22.0 19.0 20.0 21.0 18.0 16.0 121.0 67.0 52.0 51.0 34.0 33.0 30.0 24.0 97.0 20.0 19.0 18.0 55.0 19.0 55.0 21.0 94.0 43.0 36.0 31.0 67.0 28.0 64.0 23.0 19.0 19.0 19.0 16.0 70.0 52.0 39.0 33.0 29.0 29.0 25.0 21.0 18.0 17.0 16.0 16.0 54.0 44.0 36.0 31.0 22.0 25.0 23.0 21.0 58.0 20.0 18.0 16.0 112.0 75.0 60.0 51.0 50.0 35.0 29.0 24.0 18.0 28.0 16.0 17.0 26.0 18.0 19.0 16.0 73.0 42.0 34.0 30.0 25.0 23.0 23.0 19.0 25.0 21.0 19.0 16.0 42.0 41.0 29.0 26.0 43.0 22.0 20.0 17.0 24.0 16.0 18.0 16.0 67.0 55.0 42.0 36.0 26.0 24.0 24.0 22.0 22.0 21.0 18.0 16.0 48.0 45.0 34.0 30.0 60.0 28.0 23.0 20.0 17.0 18.0 19.0 16.0 61.0 48.0 36.0 31.0 48.0 30.0 24.0 20.0 21.0 22.0 18.0 17.0 106.0 66.0 51.0 45.0 32.0 48.0 28.0 24.0 24.0 21.0 18.0 17.0 17.0 21.0 18.0 16.0 73.0 55.0 54.0 40.0 50.0 25.0 29.0 21.0 17.0 21.0 18.0 16.0 47.0 37.0 33.0 27.0 19.0 19.0 21.0 18.0 24.0 16.0 58.0 18.0 38.0 37.0 27.0 27.0 25.0 73.0 17.0 17.0 16.0 16.0 16.0 16.0 84.0 75.0 58.0 48.0 36.0 34.0 29.0 24.0 21.0 17.0 18.0 17.0 21.0 17.0 18.0 16.0 43.0 35.0 28.0 26.0 32.0 23.0 20.0 18.0 17.0 17.0 18.0 18.0 52.0 42.0 33.0 31.0 25.0 25.0 20.0 19.0 19.0 19.0 18.0 16.0 66.0 57.0 42.0 37.0 24.0 30.0 25.0 22.0 21.0 20.0 18.0 16.0 51.0 40.0 33.0 31.0 20.0 21.0 21.0 21.0 18.0 20.0 18.0 17.0 40.0 35.0 29.0 27.0 31.0 18.0 19.0 16.0 24.0 18.0 18.0 17.0 91.0 61.0 46.0 36.0 44.0 35.0 27.0 28.0 22.0 21.0 17.0 17.0 44.0 38.0 34.0 29.0 19.0 20.0 39.0 38.0 18.0 19.0 16.0 17.0 59.0 42.0 35.0 65.0 25.0 26.0 20.0 21.0 51.0 20.0 17.0 17.0 43.0 37.0 31.0 27.0 98.0 21.0 20.0 19.0 43.0 17.0 18.0 17.0 89.0 52.0 42.0 36.0 29.0 29.0 28.0 22.0 339.0 18.0 18.0 16.0 36.0 33.0 45.0 28.0 41.0 21.0 19.0 17.0 28.0 19.0 18.0 16.0 91.0 54.0 43.0 36.0 26.0 35.0 24.0 22.0 17.0 17.0 18.0 16.0 40.0 40.0 31.0 27.0 68.0 19.0 20.0 18.0 16.0 18.0 18.0 16.0 41.0 30.0 27.0 25.0 18.0 19.0 17.0 17.0 17.0 17.0 18.0 17.0 88.0 77.0 64.0 68.0 48.0 34.0 29.0 24.0 48.0 21.0 19.0 17.0 21.0 16.0 18.0 16.0 39.0 38.0 30.0 26.0 60.0 17.0 19.0 17.0 16.0 18.0 19.0 59.0 41.0 37.0 27.0 66.0 23.0 29.0 17.0 18.0 16.0 16.0 17.0 16.0 70.0 48.0 41.0 35.0 25.0 26.0 26.0 22.0 18.0 17.0 18.0 16.0 38.0 33.0 32.0 26.0 17.0 17.0 18.0 16.0 17.0 16.0 18.0 16.0 64.0 42.0 35.0 31.0 20.0 22.0 23.0 23.0 23.0 16.0 18.0 16.0 61.0 48.0 40.0 74.0 30.0 30.0 27.0 22.0 21.0 18.0 18.0 16.0 59.0 45.0 35.0 30.0 21.0 35.0 21.0 21.0 34.0 21.0 17.0 17.0 46.0 37.0 32.0 27.0 20.0 19.0 21.0 18.0 31.0 17.0 18.0 17.0 77.0 71.0 57.0 47.0 30.0 29.0 29.0 24.0 17.0 17.0 18.0 17.0 21.0 21.0 18.0 16.0 62.0 49.0 35.0 30.0 21.0 30.0 23.0 20.0 17.0 17.0 18.0 28.0 61.0 70.0 39.0 34.0 31.0 30.0 24.0 23.0 18.0 21.0 18.0 16.0 46.0 37.0 36.0 28.0 23.0 21.0 19.0 18.0 19.0 20.0 17.0 17.0 89.0 76.0 65.0 61.0 45.0 35.0 33.0 24.0 32.0 19.0 18.0 29.0 24.0 22.0 58.0 25.0 48.0 37.0 39.0 29.0 21.0 23.0 19.0 18.0 18.0 19.0 17.0 17.0 62.0 47.0 37.0 33.0 26.0 26.0 24.0 22.0 16.0 16.0 19.0 17.0 50.0 43.0 33.0 29.0 24.0 25.0 23.0 20.0 18.0 17.0 17.0 17.0 81.0 52.0 42.0 46.0 28.0 28.0 25.0 22.0 31.0 22.0 18.0 16.0 68.0 51.0 41.0 36.0 67.0 30.0 25.0 21.0 24.0 22.0 18.0 17.0 45.0 37.0 28.0 26.0 18.0 18.0 27.0 39.0 18.0 18.0 18.0 17.0 56.0 47.0 36.0 32.0 25.0 25.0 23.0 20.0 16.0 25.0 18.0 17.0 96.0 69.0 49.0 43.0 32.0 32.0 29.0 24.0 19.0 17.0 91.0 54.0 57.0 21.0 19.0 21.0 64.0 50.0 39.0 30.0 32.0 28.0 23.0 23.0 19.0 17.0 27.0 51.0 57.0 45.0 34.0 30.0 24.0 25.0 60.0 26.0 18.0 18.0 18.0 16.0 71.0 57.0 55.0 42.0 28.0 28.0 26.0 24.0 20.0 20.0 18.0 17.0 38.0 33.0 55.0 26.0 20.0 17.0 19.0 18.0 20.0 20.0 17.0 17.0 77.0 72.0 64.0 58.0 80.0 36.0 32.0 30.0 19.0 23.0 18.0 17.0 52.0 20.0 18.0 18.0
49 50 1 TRACE 71.0 85.0 152.0 76.0 29.0 379.0 129.0 69.0 124.0 75.0 30.0 29.0 122.0 65.0 84.0 99.0 83.0 52.0 64.0 33.0 615.0 105.0 26.0 482.0 66.0 102.0 151.0 71.0 71.0 30.0 95.0 138.0 49.0 68.0 71.0 34.0 113.0 37.0 114.0 150.0 93.0 46.0 30.0 58.0 49.0 28.0 91.0 71.0 37.0 128.0 67.0 36.0 115.0 105.0 35.0 82.0 67.0 32.0 34.0 39.0 64.0 28.0 33.0 172.0 75.0 56.0 57.0 34.0 39.0 29.0 85.0 33.0 63.0 58.0 74.0 32.0 53.0 43.0 68.0 47.0 32.0 73.0 93.0 40.0 53.0 113.0 200.0 48.0 39.0 39.0 35.0 26.0 58.0 41.0 27.0 45.0 33.0 32.0 146.0 101.0 45.0 28.0 44.0 47.0 129.0 43.0 34.0 57.0 82.0 53.0 96.0 37.0 260.0 68.0 61.0 39.0 40.0 27.0 33.0 29.0 29.0 55.0 29.0 63.0 90.0 29.0 67.0 136.0 40.0 46.0 110.0 68.0 53.0 67.0 35.0 75.0 33.0 109.0 30.0 83.0 52.0 56.0 54.0 28.0 29.0 53.0 87.0 110.0 58.0 155.0 67.0 102.0 74.0 104.0 36.0 54.0 52.0 96.0 72.0 72.0 25.0 52.0 73.0 32.0 33.0 106.0 278.0 71.0 148.0 59.0 71.0 31.0 120.0 44.0 107.0 59.0 100.0 99.0 122.0 35.0 78.0 29.0 87.0 97.0 272.0 29.0 97.0 33.0 121.0 37.0 169.0 46.0 60.0 59.0 40.0 39.0 76.0 119.0 77.0 171.0 109.0 106.0 44.0
50 25 1 TRACE 30.0 65.0 19.0 23.0 20.0 19.0 19.0 20.0 20.0 18.0 20.0 115.0 19.0 50.0 18.0 19.0 19.0 19.0 19.0 20.0 19.0 19.0 20.0 18.0 19.0 19.0 25.0 26.0 21.0 19.0 19.0 19.0 140.0 19.0 25.0 18.0 19.0 19.0 20.0 19.0 20.0 20.0 20.0 20.0 25.0 18.0 51.0 19.0 19.0 20.0 22.0 19.0 21.0 20.0 19.0 20.0 19.0 230.0 21.0 20.0 20.0 19.0 20.0 19.0
50 41 1 TRACE 9.0 8.0 9.0 9.0 9.0 8.0 10.0 8.0 8.0 8.0 8.0 10.0 8.0 8.0 8.0 8.0 9.0 8.0 9.0 9.0 9.0 8.0 8.0 8.0 8.0 9.0 9.0 8.0 10.0 8.0 9.0 8.0 8.0 9.0 8.0 8.0 8.0 8.0 8.0 8.0 13.0 9.0 8.0 9.0 8.0 8.0 9.0 8.0 8.0 8.0 8.0 8.0 8.0 8.0 8.0 8.0 9.0 8.0 9.0 8.0 8.0 8.0 9.0 8.0 25.0 8.0 9.0 8.0 8.0 9.0 9.0 11.0 10.0 8.0 8.0 8.0 8.0 8.0 8.0 8.0 8.0 8.0 8.0 8.0 8.0 10.0 8.0 8.0 8.0 9.0 8.0 8.0 9.0 9.0 8.0 8.0 8.0 8.0 8.0 8.0 8.0 8.0 9.0 8.0 9.0 8.0 9.0 8.0 8.0 8.0 8.0 8.0 8.0 9.0 8.0 8.0 9.0 8.0 8.0 8.0 8.0 8.0 8.0 11.0 8.0 8.0 8.0 8.0 9.0 9.0 9.0 8.0 8.0 8.0 9.0 8.0 9.0 8.0 8.0
51 52 1 TRACE 164.0 177.0 156.0 158.0 187.0 154.0 167.0 157.0 153.0 165.0 155.0 174.0 153.0 305.0 193.0 153.0 164.0 170.0 161.0 156.0 189.0 154.0 158.0 154.0 163.0 153.0 152.0 156.0 153.0 153.0 152.0 158.0 152.0 161.0 154.0 201.0 155.0 223.0 156.0 156.0 190.0 191.0 154.0 156.0 155.0 181.0 153.0 154.0 154.0 155.0 155.0 166.0 352.0 155.0 154.0 155.0 154.0 188.0 328.0 154.0 155.0 169.0 157.0 154.0
52 53 1 TRACE 175.0 33.0 25.0 57.0 25.0 26.0 24.0 24.0 25.0 26.0 25.0 23.0 30.0 187.0 25.0 25.0 23.0 29.0 78.0 24.0 64.0 25.0 24.0 25.0 66.0 24.0 58.0 25.0 24.0 31.0 24.0 25.0 27.0 24.0 25.0 35.0 26.0 180.0 26.0 24.0 53.0 72.0 27.0 23.0 25.0 60.0 25.0 25.0 25.0 25.0 25.0 45.0 26.0 33.0 59.0 24.0 32.0 49.0 348.0 34.0 25.0 61.0 25.0 25.0
53 54 1 TRACE 24.0 20.0 42.0 16.0 20.0 19.0 23.0 18.0 19.0 17.0 16.0 19.0 18.0 32.0 20.0 20.0 18.0 18.0 17.0 18.0 20.0 19.0 20.0 53.0 90.0 17.0 86.0 18.0 18.0 39.0 20.0 21.0 14.0 17.0 15.0 78.0 19.0 12.0 15.0 17.0 17.0 19.0 22.0 16.0 16.0 18.0 17.0 16.0 13.0 13.0 13.0 19.0 15.0 16.0 16.0 18.0 15.0 18.0 509.0 18.0 60.0 32.0 14.0 14.0
54 55 1 TRACE 51.0 22.0 19.0 19.0 19.0 19.0 19.0 20.0 18.0 19.0 19.0 19.0 20.0 18.0 21.0 19.0 19.0 19.0 19.0 19.0 20.0 19.0 20.0 20.0 31.0 19.0 42.0 19.0 19.0 19.0 20.0 19.0 19.0 18.0 19.0 31.0 19.0 28.0 20.0 19.0 19.0 19.0 19.0 19.0 18.0 19.0 19.0 19.0 18.0 19.0 23.0 20.0 18.0 19.0 19.0 18.0 18.0 21.0 18.0 19.0 19.0 19.0 19.0 19.0
55 56 1 TRACE 10.0 9.0 7.0 7.0 8.0 7.0 7.0 8.0 7.0 8.0 7.0 8.0 8.0 7.0 9.0 8.0 8.0 8.0 8.0 8.0 8.0 7.0 8.0 8.0 8.0 7.0 7.0 7.0 8.0 8.0 10.0 7.0 8.0 7.0 8.0 7.0 8.0 7.0 8.0 8.0 8.0 8.0 8.0 8.0 7.0 7.0 8.0 7.0 7.0 7.0 8.0 8.0 8.0 7.0 8.0 7.0 7.0 8.0 7.0 7.0 8.0 7.0 8.0 8.0
56 57 1 TRACE 10.0 9.0 8.0 8.0 8.0 8.0 8.0 7.0 8.0 7.0 8.0 7.0 7.0 7.0 9.0 7.0 7.0 7.0 7.0 7.0 7.0 8.0 7.0 8.0 7.0 8.0 8.0 7.0 7.0 8.0 8.0 8.0 7.0 8.0 7.0 7.0 7.0 7.0 7.0 7.0 7.0 8.0 7.0 7.0 8.0 8.0 7.0 8.0 8.0 8.0 8.0 8.0 6.0 8.0 7.0 24.0 8.0 8.0 6.0 7.0 7.0 8.0 7.0 7.0
57 58 1 TRACE 22.0 8.0 7.0 7.0 8.0 7.0 7.0 7.0 8.0 7.0 7.0 8.0 7.0 7.0 8.0 8.0 7.0 7.0 7.0 8.0 8.0 7.0 7.0 8.0 18.0 7.0 7.0 8.0 8.0 8.0 7.0 7.0 8.0 7.0 8.0 8.0 8.0 7.0 7.0 7.0 8.0 8.0 7.0 7.0 7.0 8.0 8.0 7.0 8.0 7.0 7.0 7.0 7.0 7.0 8.0 20.0 7.0 8.0 7.0 8.0 7.0 7.0 8.0 7.0
58 59 1 TRACE 15.0 9.0 8.0 8.0 8.0 8.0 8.0 8.0 8.0 8.0 8.0 8.0 8.0 8.0 9.0 8.0 8.0 8.0 8.0 8.0 9.0 8.0 8.0 8.0 20.0 8.0 19.0 8.0 8.0 8.0 9.0 8.0 9.0 8.0 8.0 8.0 8.0 8.0 8.0 8.0 9.0 8.0 8.0 8.0 8.0 8.0 8.0 8.0 8.0 8.0 8.0 8.0 7.0 8.0 8.0 9.0 8.0 8.0 7.0 8.0 8.0 8.0 8.0 8.0
59 60 1 TRACE 8.0 8.0 7.0 7.0 7.0 7.0 7.0 8.0 7.0 8.0 7.0 8.0 8.0 18.0 19.0 7.0 7.0 8.0 7.0 7.0 8.0 7.0 7.0 7.0 18.0 7.0 19.0 7.0 8.0 7.0 7.0 8.0 7.0 7.0 7.0 7.0 7.0 18.0 8.0 7.0 8.0 7.0 8.0 8.0 7.0 7.0 7.0 7.0 7.0 7.0 7.0 8.0 7.0 7.0 7.0 8.0 7.0 8.0 7.0 7.0 7.0 8.0 7.0 8.0
60 61 1 TRACE 7.0 9.0 8.0 7.0 7.0 7.0 7.0 7.0 7.0 7.0 7.0 7.0 8.0 7.0 8.0 7.0 8.0 7.0 8.0 7.0 7.0 7.0 8.0 8.0 7.0 8.0 18.0 7.0 7.0 7.0 7.0 8.0 7.0 7.0 7.0 7.0 7.0 7.0 7.0 8.0 7.0 7.0 8.0 8.0 7.0 8.0 7.0 7.0 7.0 7.0 8.0 7.0 8.0 8.0 7.0 8.0 8.0 8.0 19.0 7.0 8.0 8.0 7.0 7.0
61 62 1 TRACE 7.0 8.0 7.0 7.0 8.0 8.0 8.0 7.0 7.0 7.0 7.0 7.0 7.0 7.0 7.0 7.0 8.0 7.0 8.0 7.0 7.0 8.0 7.0 8.0 7.0 8.0 8.0 7.0 7.0 8.0 7.0 7.0 7.0 7.0 8.0 7.0 7.0 7.0 7.0 8.0 7.0 7.0 7.0 7.0 8.0 8.0 7.0 8.0 7.0 8.0 7.0 7.0 7.0 7.0 7.0 8.0 8.0 8.0 7.0 8.0 8.0 7.0 8.0 7.0
62 1 1 TRACE 35.0 22.0 21.0 21.0 21.0 21.0 21.0 32.0 21.0 21.0 21.0 33.0 21.0 21.0 27.0 32.0 21.0 21.0 20.0 21.0 21.0 22.0 20.0 21.0 21.0 21.0 21.0 21.0 21.0 21.0 25.0 21.0 33.0 21.0 26.0 21.0 50.0 20.0 21.0 21.0 21.0 29.0 21.0 20.0 37.0 20.0 21.0 21.0 21.0 21.0 23.0 21.0 22.0 21.0 38.0 23.0 21.0 21.0 21.0 22.0 20.0 21.0 36.0
