0 1 CONSTANT 8.0
1 1 CONSTANT 8.0
2 1 CONSTANT 0.0
3 1 CONSTANT 8.0
4 1 CONSTANT 8.0
5 1 CONSTANT 8.0
6 1 CONSTANT 8.0
7 1 CONSTANT 8.0
8 1 CONSTANT 8.0
9 1 CONSTANT 0.0
10 1 CONSTANT 0.0
11 1 CONSTANT 0.0
12 1 CONSTANT 0.0
13 1 CONSTANT 8.0
14 1 CONSTANT 4.0
15 1 CONSTANT 4.0
16 1 CONSTANT 0.0
17 1 CONSTANT 0.0
18 1 CONSTANT 0.0
19 1 CONSTANT 0.0
20 1 CONSTANT 4.0
21 1 CONSTANT 8.0
22 1 CONSTANT 8.0
23 1 CONSTANT 8.0
24 1 CONSTANT 8.0
25 1 CONSTANT 4.0
26 1 CONSTANT 4.0
27 1 CONSTANT 8.0
28 1 TRACE 0.0 48.0 40.0 0.0 40.0 36.0 0.0 4.0 196.0 4.0 8.0 112.0 4.0 0.0 420.0 4.0 0.0 0.0 4.0 0.0 0.0 180.0 12.0 0.0 0.0 0.0 0.0 0.0 208.0 0.0 0.0 12.0 4.0 0.0 148.0 20.0 0.0 4.0 4.0 0.0 0.0 4.0 0.0 0.0 400.0 4.0 0.0 0.0 224.0 0.0 24.0 64.0 0.0 0.0 12.0 0.0 76.0 40.0 0.0 4.0 4.0 0.0 0.0 332.0 0.0 0.0 0.0 396.0 4.0 0.0 0.0 128.0 0.0 20.0 88.0 4.0 0.0 8.0 0.0 12.0 80.0 0.0 0.0 184.0 24.0 0.0 0.0 188.0 12.0 0.0 0.0 452.0 0.0 0.0 0.0 464.0 4.0 0.0 0.0 316.0 4.0 0.0 324.0 4.0 0.0 0.0 196.0 12.0 0.0 0.0 228.0 0.0 4.0 248.0 4.0 0.0 0.0 4.0 4.0 0.0 184.0 0.0 4.0 228.0 4.0 0.0 0.0 8.0 0.0 12.0 220.0 0.0 4.0 440.0 0.0 136.0 12.0 0.0 0.0 316.0 0.0 0.0 0.0 4.0 0.0 0.0 0.0 0.0 0.0 4.0 0.0 4.0 172.0 0.0 0.0 8.0 0.0 0.0 204.0 16.0 0.0 4.0 88.0 4.0 0.0 8.0 0.0 0.0 28.0 52.0 0.0 152.0 16.0 0.0 0.0 416.0 4.0 0.0 0.0 508.0 0.0 0.0 4.0 168.0 0.0 0.0 40.0 44.0 0.0 0.0 188.0 20.0 0.0 0.0 4.0 0.0 0.0 496.0 0.0 0.0 8.0 136.0 0.0 8.0 220.0 0.0 4.0 152.0 0.0 0.0 252.0 0.0 64.0 36.0
29 1 CONSTANT 4.0
30 1 TRACE 0.0 48.0 40.0 0.0 40.0 36.0 0.0 4.0 196.0 4.0 8.0 112.0 4.0 0.0 420.0 4.0 0.0 0.0 4.0 0.0 0.0 180.0 12.0 0.0 0.0 0.0 0.0 0.0 208.0 0.0 0.0 12.0 4.0 0.0 148.0 20.0 0.0 4.0 4.0 0.0 0.0 4.0 0.0 0.0 400.0 4.0 0.0 0.0 224.0 0.0 24.0 64.0 0.0 0.0 12.0 0.0 76.0 40.0 0.0 4.0 4.0 0.0 0.0 332.0 0.0 0.0 0.0 396.0 4.0 0.0 0.0 128.0 0.0 20.0 88.0 4.0 0.0 8.0 0.0 12.0 80.0 0.0 0.0 184.0 24.0 0.0 0.0 188.0 12.0 0.0 0.0 452.0 0.0 0.0 0.0 464.0 4.0 0.0 0.0 316.0 4.0 0.0 324.0 4.0 0.0 0.0 196.0 12.0 0.0 0.0 228.0 0.0 4.0 248.0 4.0 0.0 0.0 4.0 4.0 0.0 184.0 0.0 4.0 228.0 4.0 0.0 0.0 8.0 0.0 12.0 220.0 0.0 4.0 440.0 0.0 136.0 12.0 0.0 0.0 316.0 0.0 0.0 0.0 4.0 0.0 0.0 0.0 0.0 0.0 4.0 0.0 4.0 172.0 0.0 0.0 8.0 0.0 0.0 204.0 16.0 0.0 4.0 88.0 4.0 0.0 8.0 0.0 0.0 28.0 52.0 0.0 152.0 16.0 0.0 0.0 416.0 4.0 0.0 0.0 508.0 0.0 0.0 4.0 168.0 0.0 0.0 40.0 44.0 0.0 0.0 188.0 20.0 0.0 0.0 4.0 0.0 0.0 496.0 0.0 0.0 8.0 136.0 0.0 8.0 220.0 0.0 4.0 152.0 0.0 0.0 252.0 0.0 64.0 36.0
31 1 CONSTANT 8.0
32 1 CONSTANT 8.0
33 1 CONSTANT 4.0
34 1 CONSTANT 0.0
35 1 CONSTANT 0.0
36 1 CONSTANT 8.0
37 1 CONSTANT 8.0
38 1 CONSTANT 8.0
39 1 TRACE 8.0 0.0 0.0 8.0 0.0 0.0 8.0 0.0 0.0 8.0 0.0 0.0 8.0 0.0 8.0 0.0 8.0 0.0 0.0 8.0 8.0 0.0 0.0 8.0 0.0 0.0 8.0 0.0 0.0 8.0 0.0 0.0 8.0 8.0 0.0 0.0 8.0 0.0 0.0 8.0 0.0 0.0 8.0 0.0 8.0 0.0 8.0 0.0 0.0 8.0 0.0 0.0 8.0 0.0 0.0 8.0 0.0 0.0 8.0 0.0 0.0 8.0 0.0 8.0 0.0 8.0 0.0 8.0 0.0 8.0 0.0 0.0 8.0 0.0 0.0 8.0 0.0 0.0 8.0 0.0 0.0 8.0 8.0 0.0 0.0 8.0 8.0 0.0 0.0 8.0 0.0 8.0 0.0 8.0 0.0 8.0 0.0 8.0 0.0 0.0 8.0 0.0 8.0 0.0 8.0 8.0 0.0 0.0 8.0 0.0 0.0 8.0 0.0 8.0 0.0 8.0 0.0 0.0 8.0 0.0 0.0 8.0 0.0 8.0 0.0 8.0 0.0 0.0 8.0 0.0 0.0 8.0 0.0 0.0 8.0 0.0 0.0 8.0 0.0 8.0 0.0 8.0 0.0 0.0 8.0 0.0 0.0 8.0 0.0 0.0 8.0 0.0 0.0 8.0 0.0 0.0 8.0 8.0 0.0 0.0 8.0 0.0 0.0 8.0 0.0 0.0 8.0 8.0 0.0 0.0 8.0 0.0 0.0 8.0 0.0 8.0 0.0 8.0 0.0 8.0 0.0 8.0 0.0 0.0 8.0 8.0 0.0 0.0 8.0 8.0 0.0 0.0 8.0 0.0 0.0 8.0 0.0 8.0 0.0 8.0 0.0 0.0 8.0 0.0 0.0 8.0 0.0 0.0 8.0 0.0 0.0 8.0 0.0 0.0
40 1 CONSTANT 8.0
41 1 CONSTANT 8.0
42 1 CONSTANT 8.0
43 1 CONSTANT 9736.0
44 1 CONSTANT 9728.0
45 1 CONSTANT 8.0
46 1 CONSTANT 9736.0
47 1 CONSTANT 4.0
48 1 TRACE 587504.0 182720.0 111072.0 79328.0 9824.0 8640.0 8784.0 8144.0 64.0 0.0 0.0 16.0 584352.0 182432.0 111536.0 79344.0 8816.0 8592.0 8448.0 8112.0 64.0 16.0 0.0 16.0 661216.0 184336.0 113808.0 83232.0 47296.0 39600.0 34544.0 30528.0 272.0 224.0 112.0 208.0 674064.0 186112.0 114112.0 81920.0 27488.0 24448.0 22128.0 20096.0 192.0 144.0 48.0 192.0 590304.0 175408.0 111328.0 83376.0 93744.0 68528.0 54320.0 45568.0 528.0 368.0 320.0 368.0 407264.0 153424.0 103376.0 80928.0 234848.0 126688.0 86992.0 65712.0 1392.0 1200.0 1088.0 1168.0 0.0 0.0 0.0 0.0 431056.0 167600.0 105104.0 76032.0 4064.0 3280.0 3376.0 3312.0 0.0 0.0 0.0 16.0 515408.0 170832.0 113472.0 84784.0 148000.0 95920.0 69616.0 55712.0 816.0 656.0 608.0 688.0 0.0 0.0 0.0 0.0 659056.0 186528.0 116480.0 84528.0 49872.0 41232.0 34608.0 31024.0 288.0 176.0 144.0 240.0 344544.0 130480.0 90624.0 73744.0 288864.0 141792.0 94400.0 70432.0 1856.0 1520.0 1536.0 1472.0 0.0 0.0 0.0 0.0 434800.0 170768.0 106288.0 77296.0 3936.0 3296.0 3328.0 3424.0 16.0 0.0 0.0 32.0 372512.0 133248.0 88592.0 72544.0 253728.0 134288.0 91424.0 68688.0 1712.0 1232.0 1184.0 1232.0 0.0 0.0 0.0 0.0 335536.0 131504.0 95280.0 75728.0 306672.0 146016.0 95600.0 71168.0 2176.0 1760.0 1680.0 1664.0 0.0 0.0 0.0 0.0 580112.0 172368.0 110304.0 82272.0 98272.0 71520.0 55936.0 46848.0 528.0 448.0 352.0 464.0 656544.0 184208.0 115360.0 82528.0 50240.0 42288.0 35840.0 31520.0 272.0 144.0 192.0 256.0 623664.0 188656.0 113920.0 82224.0 12288.0 11712.0 10992.0 10160.0 128.0 32.0 16.0 48.0 319200.0 120176.0 88848.0 69824.0 312800.0 147968.0 96816.0 71696.0 2464.0 1920.0 1904.0 2032.0 16.0 0.0 0.0 0.0 581904.0 184816.0 111584.0 80416.0 8752.0 8240.0 8032.0 7712.0 64.0 0.0 16.0 64.0 489648.0 158944.0 106688.0 80976.0 160640.0 102416.0 72960.0 58352.0 1056.0 640.0 624.0 768.0 0.0 0.0 0.0 0.0 627152.0 180784.0 115488.0 84672.0 70736.0 55568.0 44592.0 38768.0 400.0 224.0 256.0 336.0 589040.0 177088.0 111424.0 82400.0 94208.0 69488.0 55024.0 45952.0 560.0 448.0 352.0 432.0 675472.0 188608.0 114848.0 83264.0 32720.0 29008.0 25696.0 23744.0 176.0 96.0 96.0 208.0 665024.0 188576.0 115696.0 80704.0 20592.0 18560.0 16704.0 16736.0 128.0 64.0 32.0 128.0 322208.0 119040.0 85728.0 67248.0 303584.0 146880.0 96688.0 71792.0 2048.0 1776.0 1840.0 1712.0 0.0 0.0 0.0 0.0 650976.0 186112.0 114352.0 81056.0 16832.0 15152.0 14256.0 13456.0 128.0 0.0 32.0 96.0 463312.0 170608.0 107200.0 76816.0 4720.0 4352.0 4064.0 3888.0 48.0 0.0 0.0 0.0 427040.0 168592.0 105216.0 75168.0 4096.0 3264.0 3392.0 3408.0 0.0 0.0 0.0 0.0 565440.0 172800.0 110048.0 82240.0 108000.0 77888.0 58496.0 49648.0 528.0 480.0 384.0 464.0 585648.0 176208.0 113808.0 83440.0 95120.0 70064.0 54912.0 46112.0 480.0 400.0 400.0 320.0 614992.0 179440.0 114624.0 83616.0 79360.0 60880.0 48848.0 41424.0 352.0 400.0 240.0 320.0 629568.0 180160.0 115136.0 83600.0 68976.0 54816.0 43904.0 37984.0 432.0 240.0 208.0 304.0 443728.0 169856.0 105696.0 76784.0 4208.0 3856.0 3824.0 3616.0 16.0 0.0 0.0 0.0 652400.0 183312.0 116160.0 82784.0 51904.0 43232.0 35296.0 32096.0 320.0 160.0 112.0 192.0 644224.0 182832.0 113808.0 82800.0 58480.0 47072.0 39728.0 34960.0 304.0 208.0 176.0 224.0 436432.0 150240.0 102624.0 79728.0 203280.0 118560.0 81776.0 63392.0 1136.0 960.0 912.0 944.0 0.0 0.0 0.0 0.0 665088.0 188080.0 116208.0 84048.0 44336.0 37056.0 31872.0 28896.0 256.0 128.0 128.0 256.0 653376.0 186992.0 117456.0 85136.0 55216.0 44592.0 37184.0 33392.0 272.0 240.0 176.0 272.0 495136.0 159920.0 103136.0 78112.0 155520.0 99936.0 72416.0 58944.0 912.0 640.0 672.0 624.0 0.0 0.0 0.0 0.0 653488.0 184080.0 115072.0 83120.0 51744.0 42288.0 35312.0 31440.0 304.0 176.0 112.0 256.0 588672.0 174464.0 110480.0 81904.0 93200.0 69184.0 54480.0 46064.0 544.0 400.0 384.0 432.0 434624.0 170528.0 108112.0 77136.0 4112.0 3296.0 3280.0 3408.0 16.0 0.0 0.0 32.0 626592.0 181520.0 115536.0 84832.0 72064.0 55776.0 45376.0 39824.0 384.0 224.0 192.0 336.0 478752.0 158272.0 107232.0 79888.0 168736.0 104960.0 74768.0 59568.0 928.0 672.0 688.0 688.0 0.0 0.0 0.0 0.0 467136.0 155552.0 104704.0 79248.0 179024.0 108640.0 76768.0 61136.0 1088.0 832.0 592.0 864.0 0.0 0.0 0.0 0.0 353888.0 131856.0 101216.0 78608.0 288576.0 142960.0 93248.0 69616.0 2016.0 1744.0 1552.0 1520.0 0.0 0.0 0.0 0.0 666816.0 187808.0 115040.0 82528.0 42576.0 35504.0 31184.0 28000.0 288.0 112.0 128.0 192.0 384560.0 145600.0 101152.0 77200.0 255680.0 133648.0 88976.0 67504.0 1712.0 1216.0 1392.0 1440.0 0.0 0.0 0.0 0.0 436608.0 169168.0 105136.0 75904.0 4128.0 3584.0 3472.0 3632.0 16.0 0.0 0.0 32.0 666640.0 189552.0 115232.0 81872.0 21088.0 19392.0 17760.0 17008.0 112.0 80.0 32.0 144.0 323488.0 120608.0 82704.0 66720.0 296048.0 146480.0 97072.0 71408.0 2240.0 1504.0 1472.0 1696.0 0.0 0.0 0.0 0.0 602048.0 185808.0 113008.0 79968.0 10304.0 9632.0 8960.0 9392.0 96.0 16.0 32.0 48.0 441760.0 171008.0 106736.0 76640.0 4064.0 3728.0 3440.0 3696.0 32.0 0.0 0.0 0.0 594976.0 176416.0 111248.0 84608.0 90848.0 67312.0 53392.0 44688.0 480.0 400.0 320.0 400.0 553328.0 168272.0 108944.0 82400.0 115712.0 81248.0 62400.0 51744.0 608.0 448.0 448.0 528.0 668208.0 184400.0 113712.0 82672.0 40080.0 33952.0 29296.0 26464.0 272.0 144.0 160.0 192.0 568224.0 185968.0 113488.0 81424.0 8144.0 7440.0 7184.0 6896.0 64.0 16.0 0.0 48.0 401136.0 167424.0 105936.0 75680.0 3408.0 2832.0 2800.0 2880.0 16.0 0.0 0.0 16.0 344624.0 128864.0 92816.0 75024.0 291328.0 142912.0 94208.0 70496.0 2128.0 1552.0 1568.0 1584.0 0.0 0.0 0.0 0.0 563776.0 174656.0 112032.0 83568.0 110608.0 77696.0 58928.0 49712.0 608.0 416.0 304.0 496.0 676464.0 188592.0 115360.0 82608.0 30336.0 26912.0 23584.0 22768.0 208.0 112.0 96.0 144.0 661632.0 185056.0 115952.0 82928.0 46288.0 38912.0 32768.0 30112.0 272.0 112.0 128.0 240.0 672560.0 188640.0 116624.0 82464.0 37024.0 31312.0 27056.0 25696.0 208.0 144.0 96.0 224.0 656048.0 187760.0 115120.0 83552.0 52144.0 41920.0 35968.0 32224.0 368.0 192.0 144.0 304.0 573776.0 185360.0 112544.0 80256.0 8240.0 8336.0 7632.0 7344.0 48.0 0.0 32.0 32.0
49 1 TRACE 9736.0 9736.0 9744.0 8.0 9736.0 9736.0 9744.0 8.0 9736.0 9736.0 9744.0 8.0 9736.0 9736.0 9744.0 8.0 9736.0 9736.0 9744.0 8.0 9736.0 9736.0 9744.0 8.0 9736.0 9736.0 9744.0 8.0 9736.0 9736.0 9744.0 8.0 9736.0 9736.0 9744.0 8.0 9736.0 9736.0 9744.0 8.0 9736.0 9736.0 9744.0 8.0 9736.0 9736.0 9744.0 8.0 9736.0 9736.0 9744.0 8.0 9736.0 9736.0 9744.0 8.0 9736.0 9736.0 9744.0 8.0 9736.0 9736.0 9744.0 8.0 9736.0 9736.0 9744.0 8.0 9736.0 9736.0 9744.0 8.0 9736.0 9736.0 9744.0 8.0 9736.0 9736.0 9744.0 8.0 9736.0 9736.0 9744.0 8.0 9736.0 9736.0 9744.0 8.0 9736.0 9736.0 9744.0 8.0 9736.0 9736.0 9744.0 8.0 9736.0 9736.0 9744.0 8.0 9736.0 9736.0 9744.0 8.0 9736.0 9736.0 9744.0 8.0 9736.0 9736.0 9744.0 8.0 9736.0 9736.0 9744.0 8.0 9736.0 9736.0 9744.0 8.0 9736.0 9736.0 9744.0 8.0 9736.0 9736.0 9744.0 8.0 9736.0 9736.0 9744.0 8.0 9736.0 9736.0 9744.0 8.0 9736.0 9736.0 9744.0 8.0 9736.0 9736.0 9744.0 8.0 9736.0 9736.0 9744.0 8.0 9736.0 9736.0 9744.0 8.0 9736.0 9736.0 9744.0 8.0 9736.0 9736.0 9744.0 8.0 9736.0 9736.0 9744.0 8.0 9736.0 9736.0 9744.0 8.0 9736.0 9736.0 9744.0 8.0 9736.0 9736.0 9744.0 8.0 9736.0 9736.0 9744.0 8.0 9736.0 9736.0 9744.0 8.0 9736.0 9736.0 9744.0 8.0 9736.0 9736.0 9744.0 8.0 9736.0 9736.0 9744.0 8.0 9736.0 9736.0 9744.0 8.0 9736.0 9736.0 9744.0 8.0 9736.0 9736.0 9744.0 8.0 9736.0 9736.0 9744.0 8.0 9736.0 9736.0 9744.0 8.0 9736.0 9736.0 9744.0 8.0 9736.0 9736.0 9744.0 8.0 9736.0 9736.0 9744.0 8.0 9736.0 9736.0 9744.0 8.0 9736.0 9736.0 9744.0 8.0 9736.0 9736.0 9744.0 8.0 9736.0 9736.0 9744.0 8.0 9736.0 9736.0 9744.0 8.0 9736.0 9736.0 9744.0 8.0 9736.0 9736.0 9744.0 8.0 9736.0 9736.0 9744.0 8.0 9736.0 9736.0 9744.0 8.0 9736.0 9736.0 9744.0 8.0 9736.0 9736.0 9744.0 8.0 9736.0 9736.0 9744.0 8.0 9736.0 9736.0 9744.0 8.0 9736.0 9736.0 9744.0 8.0 9736.0 9736.0 9744.0 8.0 9736.0 9736.0 9744.0 8.0 9736.0 9736.0 9744.0 8.0 9736.0 9736.0 9744.0 8.0 9736.0 9736.0 9744.0 8.0 9736.0 9736.0 9744.0 8.0 9736.0 9736.0 9744.0 8.0 9736.0 9736.0 9744.0 8.0 9736.0 9736.0 9744.0 8.0 9736.0 9736.0 9744.0 8.0 9736.0 9736.0 9744.0 8.0 9736.0 9736.0 9744.0 8.0 9736.0 9736.0 9744.0 8.0 9736.0 9736.0 9744.0 8.0 9736.0 9736.0 9744.0 8.0 9736.0 9736.0 9744.0 8.0 9736.0 9736.0 9744.0 8.0 9736.0 9736.0 9744.0 8.0 9736.0 9736.0 9744.0 8.0 9736.0 9736.0 9744.0 8.0 9736.0 9736.0 9744.0 8.0 9736.0 9736.0 9744.0 8.0 9736.0 9736.0 9744.0 8.0 9736.0 9736.0 9744.0 8.0 9736.0 9736.0 9744.0 8.0 9736.0 9736.0 9744.0 8.0 9736.0 9736.0 9744.0 8.0 9736.0 9736.0 9744.0 8.0 9736.0 9736.0 9744.0 8.0 9736.0 9736.0 9744.0 8.0 9736.0 9736.0 9744.0 8.0 9736.0 9736.0 9744.0 8.0 9736.0 9736.0 9744.0 8.0 9736.0 9736.0 9744.0 8.0 9736.0 9736.0 9744.0 8.0 9736.0 9736.0 9744.0 8.0 9736.0 9736.0 9744.0 8.0 9736.0 9736.0 9744.0 8.0 9736.0 9736.0 9744.0 8.0 9736.0 9736.0 9744.0 8.0 9736.0 9736.0 9744.0 8.0 9736.0 9736.0 9744.0 8.0 9736.0 9736.0 9744.0 8.0 9736.0 9736.0 9744.0 8.0 9736.0 9736.0 9744.0 8.0 9736.0 9736.0 9744.0 8.0 9736.0 9736.0 9744.0 8.0 9736.0 9736.0 9744.0 8.0 9736.0 9736.0 9744.0 8.0 9736.0 9736.0 9744.0 8.0 9736.0 9736.0 9744.0 8.0 9736.0 9736.0 9744.0 8.0 9736.0 9736.0 9744.0 8.0 9736.0 9736.0 9744.0 8.0 9736.0 9736.0 9744.0 8.0 9736.0 9736.0 9744.0 8.0 9736.0 9736.0 9744.0 8.0 9736.0 9736.0 9744.0 8.0 9736.0 9736.0 9744.0 8.0 9736.0 9736.0 9744.0 8.0 9736.0 9736.0 9744.0 8.0 9736.0 9736.0 9744.0 8.0 9736.0 9736.0 9744.0 8.0 9736.0 9736.0 9744.0 8.0 9736.0 9736.0 9744.0 8.0 9736.0 9736.0 9744.0 8.0 9736.0 9736.0 9744.0 8.0 9736.0 9736.0 9744.0 8.0 9736.0 9736.0 9744.0 8.0 9736.0 9736.0 9744.0 8.0 9736.0 9736.0 9744.0 8.0 9736.0 9736.0 9744.0 8.0 9736.0 9736.0 9744.0 8.0 9736.0 9736.0 9744.0 8.0 9736.0 9736.0 9744.0 8.0 9736.0 9736.0 9744.0 8.0 9736.0 9736.0 9744.0 8.0 9736.0 9736.0 9744.0 8.0 9736.0 9736.0 9744.0 8.0 9736.0 9736.0 9744.0 8.0 9736.0 9736.0 9744.0 8.0 9736.0 9736.0 9744.0 8.0 9736.0 9736.0 9744.0 8.0 9736.0 9736.0 9744.0 8.0 9736.0 9736.0 9744.0 8.0 9736.0 9736.0 9744.0 8.0 9736.0 9736.0 9744.0 8.0 9736.0 9736.0 9744.0 8.0 9736.0 9736.0 9744.0 8.0 9736.0 9736.0 9744.0 8.0 9736.0 9736.0 9744.0 8.0 9736.0 9736.0 9744.0 8.0 9736.0 9736.0 9744.0 8.0 9736.0 9736.0 9744.0 8.0 9736.0 9736.0 9744.0 8.0 9736.0 9736.0 9744.0 8.0 9736.0 9736.0 9744.0 8.0 9736.0 9736.0 9744.0 8.0 9736.0 9736.0 9744.0 8.0 9736.0 9736.0 9744.0 8.0 9736.0 9736.0 9744.0 8.0 9736.0 9736.0 9744.0 8.0 9736.0 9736.0 9744.0 8.0 9736.0 9736.0 9744.0 8.0 9736.0 9736.0 9744.0 8.0 9736.0 9736.0 9744.0 8.0 9736.0 9736.0 9744.0 8.0 9736.0 9736.0 9744.0 8.0 9736.0 9736.0 9744.0 8.0 9736.0 9736.0 9744.0 8.0 9736.0 9736.0 9744.0 8.0 9736.0 9736.0 9744.0 8.0 9736.0 9736.0 9744.0 8.0 9736.0 9736.0 9744.0 8.0 9736.0 9736.0 9744.0 8.0 9736.0 9736.0 9744.0 8.0 9736.0 9736.0 9744.0 8.0 9736.0 9736.0 9744.0 8.0 9736.0 9736.0 9744.0 8.0 9736.0 9736.0 9744.0 8.0 9736.0 9736.0 9744.0 8.0 9736.0 9736.0 9744.0 8.0 9736.0 9736.0 9744.0 8.0 9736.0 9736.0 9744.0 8.0 9736.0 9736.0 9744.0 8.0 9736.0 9736.0 9744.0 8.0 9736.0 9736.0 9744.0 8.0 9736.0 9736.0 9744.0 8.0 9736.0 9736.0 9744.0 8.0 9736.0 9736.0 9744.0 8.0 9736.0 9736.0 9744.0 8.0 9736.0 9736.0 9744.0 8.0 9736.0 9736.0 9744.0 8.0 9736.0 9736.0 9744.0 8.0 9736.0 9736.0 9744.0 8.0 9736.0 9736.0 9744.0 8.0 9736.0 9736.0 9744.0 8.0
50 1 CONSTANT 8.0
51 1 CONSTANT 8.0
52 1 CONSTANT 8.0
53 1 CONSTANT 8.0
54 1 CONSTANT 0.0
55 1 CONSTANT 0.0
56 1 CONSTANT 0.0
57 1 CONSTANT 0.0
58 1 CONSTANT 0.0
59 1 CONSTANT 0.0
60 1 CONSTANT 0.0
61 1 CONSTANT 0.0
62 1 CONSTANT 8.0
