0 1 1 TRACE 1672853992069172.0
1 2 1 TRACE 11207.0 77.0 76.0 75.0 75.0 86.0 74.0 75.0 75.0 74.0 74.0 76.0 74.0 74.0 76.0 75.0 75.0 74.0 75.0 76.0 104.0 75.0 78.0 75.0 75.0 75.0 75.0 74.0 75.0 72.0 73.0 72.0 85.0 73.0 73.0 73.0 72.0 74.0 72.0 146.0 74.0 72.0 72.0 73.0 71.0 72.0 73.0 72.0 72.0 72.0 72.0 72.0 83.0 72.0 71.0 72.0 72.0 72.0 72.0 73.0 72.0 74.0 72.0 73.0
2 3 1 TRACE 877.0 26.0 26.0 24.0 24.0 24.0 24.0 24.0 27.0 26.0 26.0 25.0 26.0 25.0 26.0 26.0 25.0 24.0 24.0 25.0 27.0 25.0 24.0 23.0 24.0 25.0 25.0 25.0 24.0 25.0 29.0 25.0 25.0 25.0 26.0 26.0 60.0 57.0 35.0 24.0 26.0 25.0 25.0 26.0 23.0 25.0 25.0 25.0 24.0 25.0 30.0 24.0 24.0 24.0 24.0 26.0 24.0 26.0 28.0 25.0 26.0 25.0 25.0 25.0
3 4 1 TRACE 39.0 20.0 19.0 21.0 19.0 19.0 18.0 19.0 19.0 19.0 19.0 18.0 18.0 18.0 19.0 19.0 18.0 19.0 18.0 19.0 20.0 19.0 18.0 19.0 48.0 19.0 18.0 19.0 26.0 18.0 19.0 18.0 18.0 19.0 18.0 18.0 24.0 67.0 64.0 86.0 65.0 57.0 18.0 19.0 19.0 20.0 19.0 19.0 19.0 19.0 19.0 18.0 18.0 20.0 19.0 19.0 19.0 20.0 19.0 19.0 19.0 36.0 19.0 19.0
4 5 1 TRACE 20.0 15.0 14.0 14.0 14.0 14.0 14.0 14.0 14.0 14.0 14.0 14.0 14.0 14.0 14.0 14.0 15.0 15.0 13.0 14.0 14.0 14.0 18.0 14.0 14.0 15.0 14.0 14.0 13.0 14.0 14.0 14.0 14.0 13.0 13.0 13.0 14.0 15.0 14.0 15.0 46.0 56.0 55.0 14.0 13.0 14.0 13.0 13.0 14.0 14.0 14.0 15.0 14.0 14.0 14.0 14.0 14.0 14.0 14.0 14.0 14.0 14.0 13.0 14.0
5 6 1 TRACE 41.0 19.0 17.0 17.0 17.0 17.0 17.0 15.0 14.0 13.0 14.0 14.0 13.0 13.0 15.0 15.0 13.0 13.0 15.0 24.0 13.0 16.0 12.0 14.0 12.0 14.0 13.0 15.0 13.0 36.0 12.0 12.0 12.0 11.0 12.0 16.0 15.0 15.0 16.0 15.0 15.0 15.0 13.0 14.0 14.0 14.0 16.0 15.0 16.0 13.0 13.0 11.0 14.0 39.0 12.0 12.0 11.0 11.0 11.0 11.0 12.0 12.0 15.0 11.0
6 7 1 TRACE 19.0 14.0 14.0 14.0 14.0 15.0 14.0 16.0 15.0 14.0 14.0 14.0 14.0 14.0 20.0 13.0 13.0 13.0 13.0 8.0 13.0 16.0 9.0 14.0 13.0 14.0 13.0 14.0 14.0 13.0 12.0 12.0 11.0 12.0 12.0 12.0 12.0 12.0 12.0 11.0 23.0 23.0 13.0 13.0 12.0 13.0 13.0 13.0 13.0 15.0 13.0 13.0 12.0 14.0 13.0 13.0 12.0 11.0 11.0 11.0 11.0 11.0 14.0 11.0
7 8 1 TRACE 18.0 14.0 14.0 15.0 14.0 14.0 14.0 14.0 14.0 13.0 14.0 13.0 14.0 15.0 8.0 12.0 13.0 13.0 13.0 8.0 12.0 15.0 8.0 14.0 13.0 14.0 14.0 13.0 12.0 13.0 12.0 12.0 11.0 12.0 12.0 13.0 12.0 11.0 23.0 12.0 11.0 12.0 13.0 13.0 13.0 13.0 14.0 14.0 13.0 14.0 13.0 13.0 14.0 13.0 13.0 13.0 14.0 13.0 13.0 13.0 14.0 14.0 13.0 13.0
8 9 1 TRACE 18.0 14.0 15.0 14.0 14.0 14.0 14.0 15.0 14.0 14.0 14.0 13.0 13.0 14.0 12.0 12.0 12.0 13.0 13.0 10.0 24.0 13.0 8.0 15.0 14.0 14.0 14.0 14.0 12.0 13.0 11.0 12.0 12.0 13.0 12.0 13.0 24.0 11.0 12.0 13.0 11.0 11.0 20.0 12.0 13.0 13.0 13.0 13.0 17.0 12.0 13.0 14.0 13.0 13.0 13.0 13.0 13.0 13.0 15.0 13.0 13.0 13.0 13.0 12.0
9 10 1 TRACE 49.0 35.0 28.0 32.0 33.0 33.0 35.0 27.0 26.0 25.0 36.0 25.0 25.0 37.0 24.0 24.0 23.0 23.0 24.0 23.0 23.0 23.0 34.0 35.0 23.0 34.0 33.0 23.0 24.0 32.0 28.0 24.0 28.0 23.0 23.0 23.0 22.0 23.0 30.0 31.0 24.0 23.0 38.0 23.0 22.0 25.0 22.0 22.0 27.0 23.0 24.0 24.0 34.0 33.0 24.0 24.0 34.0 23.0 32.0 23.0 23.0 28.0 24.0 32.0
10 11 1 TRACE 21.0 27.0 27.0 16.0 15.0 16.0 16.0 15.0 16.0 15.0 16.0 26.0 15.0 16.0 26.0 26.0 16.0 25.0 26.0 15.0 29.0 26.0 15.0 15.0 16.0 15.0 15.0 27.0 26.0 15.0 15.0 22.0 15.0 22.0 27.0 26.0 17.0 16.0 16.0 16.0 16.0 15.0 15.0 26.0 22.0 26.0 26.0 26.0 16.0 26.0 26.0 26.0 15.0 15.0 26.0 26.0 15.0 26.0 15.0 22.0 23.0 15.0 25.0 15.0
11 12 1 TRACE 22.0 16.0 16.0 15.0 16.0 15.0 15.0 15.0 15.0 15.0 15.0 16.0 15.0 15.0 15.0 16.0 16.0 23.0 16.0 15.0 15.0 16.0 15.0 16.0 15.0 16.0 15.0 16.0 16.0 16.0 15.0 15.0 26.0 15.0 15.0 16.0 15.0 15.0 16.0 15.0 15.0 16.0 16.0 15.0 15.0 16.0 16.0 15.0 15.0 16.0 16.0 15.0 15.0 15.0 15.0 16.0 15.0 15.0 15.0 15.0 15.0 15.0 15.0 15.0
12 13 1 TRACE 21.0 15.0 15.0 14.0 14.0 14.0 15.0 14.0 14.0 14.0 18.0 14.0 15.0 14.0 15.0 14.0 15.0 15.0 23.0 14.0 14.0 14.0 17.0 14.0 14.0 14.0 14.0 15.0 14.0 15.0 15.0 14.0 14.0 14.0 15.0 15.0 15.0 15.0 14.0 47.0 14.0 14.0 14.0 16.0 19.0 14.0 14.0 15.0 26.0 14.0 14.0 15.0 16.0 15.0 15.0 15.0 14.0 15.0 26.0 15.0 15.0 26.0 15.0 16.0
13 14 1 TRACE 23.0 9.0 9.0 9.0 9.0 9.0 9.0 9.0 9.0 8.0 9.0 13.0 9.0 9.0 9.0 8.0 9.0 9.0 9.0 9.0 8.0 9.0 9.0 8.0 9.0 9.0 9.0 8.0 9.0 8.0 9.0 8.0 8.0 8.0 9.0 8.0 9.0 9.0 9.0 8.0 9.0 9.0 9.0 9.0 9.0 9.0 8.0 8.0 9.0 9.0 8.0 9.0 8.0 8.0 8.0 8.0 9.0 9.0 9.0 8.0 9.0 9.0 8.0 9.0
14 15 1 TRACE 24.0 13.0 13.0 13.0 13.0 13.0 13.0 13.0 13.0 13.0 13.0 14.0 13.0 14.0 14.0 13.0 14.0 16.0 13.0 13.0 15.0 13.0 13.0 13.0 14.0 13.0 13.0 13.0 14.0 13.0 13.0 13.0 13.0 13.0 13.0 13.0 13.0 13.0 13.0 13.0 14.0 13.0 13.0 14.0 13.0 13.0 13.0 13.0 14.0 13.0 13.0 14.0 13.0 13.0 13.0 13.0 13.0 13.0 14.0 13.0 13.0 13.0 13.0 13.0
15 16 1 TRACE 12.0 17.0 8.0 8.0 8.0 8.0 8.0 8.0 8.0 8.0 8.0 8.0 8.0 8.0 8.0 8.0 8.0 8.0 8.0 8.0 7.0 8.0 8.0 8.0 8.0 8.0 8.0 8.0 8.0 8.0 8.0 8.0 8.0 8.0 8.0 8.0 8.0 8.0 7.0 8.0 8.0 8.0 8.0 8.0 8.0 8.0 8.0 8.0 8.0 8.0 8.0 8.0 8.0 8.0 8.0 8.0 8.0 8.0 8.0 8.0 8.0 8.0 8.0 7.0
16 17 1 TRACE 40.0 152.0 30.0 31.0 30.0 30.0 30.0 31.0 32.0 30.0 44.0 30.0 30.0 31.0 33.0 28.0 29.0 32.0 29.0 33.0 30.0 30.0 30.0 30.0 30.0 31.0 29.0 30.0 30.0 29.0 31.0 29.0 31.0 37.0 33.0 30.0 30.0 31.0 30.0 57.0 29.0 30.0 29.0 29.0 32.0 31.0 30.0 29.0 29.0 45.0 30.0 30.0 31.0 29.0 31.0 29.0 30.0 30.0 29.0 30.0 29.0 29.0 29.0 32.0
17 18 1 TRACE 20.0 18.0 15.0 16.0 16.0 15.0 17.0 16.0 16.0 15.0 16.0 15.0 15.0 16.0 16.0 15.0 55.0 46.0 16.0 15.0 15.0 15.0 15.0 16.0 15.0 15.0 15.0 15.0 15.0 16.0 16.0 16.0 15.0 16.0 16.0 15.0 16.0 16.0 15.0 15.0 16.0 16.0 16.0 16.0 17.0 16.0 16.0 16.0 16.0 17.0 16.0 16.0 16.0 16.0 15.0 17.0 16.0 16.0 16.0 15.0 16.0 16.0 16.0 16.0
18 19 1 TRACE 20.0 49.0 16.0 16.0 16.0 16.0 16.0 15.0 16.0 15.0 15.0 15.0 15.0 16.0 16.0 15.0 17.0 32.0 56.0 15.0 15.0 16.0 15.0 15.0 16.0 16.0 15.0 16.0 15.0 16.0 16.0 16.0 15.0 15.0 15.0 15.0 15.0 15.0 16.0 15.0 16.0 15.0 20.0 15.0 15.0 15.0 16.0 16.0 15.0 15.0 16.0 16.0 16.0 16.0 16.0 15.0 15.0 15.0 15.0 16.0 15.0 15.0 15.0 16.0
19 20 1 TRACE 20.0 54.0 14.0 14.0 14.0 14.0 15.0 15.0 15.0 14.0 15.0 14.0 15.0 16.0 15.0 14.0 17.0 34.0 15.0 14.0 15.0 14.0 14.0 15.0 14.0 16.0 17.0 14.0 14.0 24.0 14.0 14.0 14.0 14.0 15.0 14.0 15.0 14.0 14.0 14.0 20.0 14.0 15.0 15.0 14.0 15.0 14.0 15.0 14.0 15.0 14.0 14.0 14.0 20.0 14.0 14.0 15.0 15.0 15.0 14.0 14.0 15.0 14.0 21.0
20 21 1 TRACE 22.0 1136.0 17.0 17.0 16.0 16.0 16.0 16.0 16.0 16.0 16.0 16.0 16.0 17.0 16.0 17.0 16.0 16.0 16.0 17.0 16.0 16.0 17.0 16.0 16.0 16.0 16.0 16.0 16.0 16.0 16.0 16.0 16.0 16.0 16.0 16.0 16.0 15.0 16.0 16.0 16.0 15.0 16.0 16.0 16.0 16.0 16.0 16.0 16.0 16.0 16.0 16.0 16.0 17.0 16.0 15.0 16.0 15.0 16.0 16.0 16.0 16.0 15.0 16.0
21 22 1 TRACE 28.0 12.0 11.0 12.0 11.0 12.0 11.0 11.0 11.0 12.0 11.0 11.0 11.0 12.0 12.0 11.0 11.0 12.0 11.0 12.0 11.0 11.0 11.0 11.0 11.0 11.0 11.0 11.0 11.0 12.0 11.0 11.0 11.0 11.0 11.0 12.0 11.0 10.0 11.0 11.0 11.0 11.0 11.0 11.0 11.0 11.0 11.0 12.0 11.0 11.0 12.0 11.0 11.0 12.0 11.0 11.0 11.0 12.0 11.0 11.0 11.0 11.0 11.0 11.0
22 23 1 TRACE 173.0 194.0 139.0 91.0 143.0 134.0 139.0 141.0 139.0 141.0 139.0 134.0 135.0 140.0 137.0 138.0 140.0 135.0 164.0 91.0 92.0 139.0 134.0 105.0 134.0 139.0 134.0 138.0 137.0 138.0 143.0 138.0 138.0 138.0 138.0 134.0 135.0 140.0 138.0 133.0 134.0 140.0 134.0 85.0 135.0 138.0 134.0 133.0 138.0 138.0 134.0 137.0 136.0 136.0 138.0 139.0 138.0 139.0 82.0 133.0 90.0 138.0 133.0 136.0
23 24 1 TRACE 44.0 24.0 22.0 23.0 28.0 23.0 22.0 22.0 22.0 21.0 22.0 23.0 23.0 24.0 22.0 22.0 22.0 22.0 23.0 21.0 22.0 22.0 22.0 50.0 22.0 22.0 23.0 24.0 22.0 23.0 23.0 22.0 22.0 22.0 22.0 22.0 24.0 23.0 21.0 22.0 24.0 24.0 23.0 22.0 22.0 23.0 22.0 22.0 23.0 23.0 22.0 22.0 22.0 22.0 22.0 22.0 22.0 24.0 23.0 22.0 22.0 22.0 22.0 22.0
24 25 1 TRACE 76.0 22.0 20.0 20.0 22.0 21.0 21.0 21.0 21.0 21.0 20.0 21.0 21.0 21.0 21.0 20.0 21.0 21.0 21.0 21.0 20.0 20.0 21.0 20.0 21.0 21.0 22.0 22.0 21.0 20.0 21.0 21.0 20.0 22.0 21.0 21.0 21.0 21.0 21.0 21.0 22.0 20.0 22.0 62.0 21.0 21.0 22.0 20.0 20.0 20.0 20.0 21.0 20.0 20.0 21.0 21.0 21.0 21.0 21.0 20.0 20.0 20.0 21.0 20.0
25 26 1 TRACE 32.0 12.0 11.0 11.0 11.0 11.0 11.0 11.0 11.0 11.0 11.0 11.0 11.0 11.0 11.0 11.0 11.0 11.0 11.0 11.0 11.0 10.0 11.0 11.0 11.0 11.0 10.0 11.0 11.0 11.0 11.0 11.0 11.0 11.0 11.0 11.0 11.0 10.0 11.0 11.0 11.0 11.0 16.0 11.0 12.0 11.0 11.0 11.0 11.0 10.0 11.0 11.0 11.0 11.0 11.0 11.0 11.0 11.0 11.0 11.0 11.0 11.0 11.0 11.0 10.0 11.0 10.0 12.0 11.0 11.0 11.0 11.0 11.0 11.0 11.0 11.0 12.0 11.0 11.0 11.0 11.0 11.0 11.0 11.0 11.0 11.0 11.0 11.0 11.0 11.0 12.0 11.0 11.0 11.0 11.0 11.0 11.0 11.0 11.0 11.0 11.0 11.0 11.0 11.0 11.0 10.0 11.0 11.0 10.0 13.0 10.0 11.0 11.0 11.0 10.0 11.0 11.0 11.0 11.0 11.0 11.0 11.0 11.0 11.0 11.0 10.0 11.0 11.0 11.0 11.0 11.0 11.0 11.0 11.0 11.0 10.0 11.0 11.0 11.0 11.0 11.0 10.0 11.0 11.0 11.0 11.0 11.0 10.0 11.0 11.0 11.0 11.0 10.0 10.0 11.0 10.0 10.0 11.0 11.0 11.0 11.0 11.0 11.0 11.0 10.0 10.0 11.0 11.0 11.0 11.0 11.0 10.0 11.0 11.0 11.0 11.0 11.0 11.0 11.0 11.0 11.0 11.0 11.0 11.0 11.0 11.0 11.0 11.0 11.0 11.0 11.0 11.0 11.0 10.0 11.0 11.0 11.0 11.0 11.0 11.0 11.0 11.0 11.0 11.0 11.0 11.0 11.0 11.0 11.0 11.0 11.0 11.0 11.0 11.0 11.0 10.0 10.0 11.0 11.0 11.0 11.0 24.0
26 27 1 TRACE 11.0 7.0 7.0 8.0 8.0 8.0 7.0 8.0 8.0 7.0 7.0 7.0 8.0 8.0 7.0 8.0 7.0 8.0 7.0 7.0 7.0 7.0 7.0 8.0 8.0 7.0 7.0 8.0 8.0 8.0 7.0 7.0 8.0 7.0 8.0 7.0 7.0 7.0 8.0 8.0 8.0 8.0 7.0 7.0 8.0 7.0 8.0 7.0 7.0 8.0 8.0 8.0 8.0 8.0 7.0 8.0 7.0 8.0 8.0 7.0 8.0 7.0 8.0 8.0 8.0 8.0 7.0 8.0 7.0 8.0 8.0 7.0 7.0 8.0 7.0 8.0 8.0 8.0 8.0 8.0 7.0 8.0 7.0 7.0 8.0 7.0 8.0 7.0 8.0 8.0 8.0 7.0 7.0 8.0 7.0 7.0 8.0 8.0 7.0 7.0 8.0 8.0 8.0 8.0 8.0 7.0 7.0 8.0 8.0 8.0 7.0 7.0 8.0 7.0 7.0 7.0 8.0 8.0 8.0 8.0 7.0 8.0 8.0 8.0 8.0 7.0 8.0 8.0 7.0 8.0 8.0 7.0 8.0 7.0 8.0 8.0 8.0 8.0 7.0 7.0 7.0 7.0 8.0 7.0 7.0 7.0 8.0 7.0 8.0 8.0 7.0 7.0 8.0 7.0 7.0 8.0 7.0 8.0 8.0 8.0 8.0 7.0 8.0 8.0 8.0 7.0 8.0 8.0 7.0 8.0 7.0 7.0 8.0 7.0 8.0 8.0 8.0 8.0 8.0 8.0 8.0 7.0 7.0 8.0 8.0 7.0 8.0 7.0 7.0 8.0 8.0 8.0 7.0 7.0 7.0 8.0 8.0 7.0 8.0 7.0 7.0 8.0 8.0 8.0 7.0 8.0 7.0 7.0 8.0 8.0 7.0 8.0 7.0 8.0 7.0 7.0 7.0 8.0 8.0 7.0 7.0 9.0
27 28 1 TRACE 11.0 7.0 7.0 7.0 7.0 7.0 8.0 8.0 8.0 8.0 8.0 8.0 8.0 7.0 7.0 8.0 8.0 7.0 8.0 8.0 8.0 7.0 7.0 8.0 8.0 8.0 7.0 8.0 8.0 7.0 8.0 7.0 7.0 7.0 7.0 8.0 7.0 7.0 8.0 7.0 7.0 8.0 8.0 8.0 8.0 8.0 7.0 7.0 7.0 7.0 7.0 8.0 7.0 7.0 8.0 7.0 7.0 7.0 7.0 7.0 7.0 7.0 8.0 7.0 7.0 8.0 7.0 7.0 8.0 7.0 8.0 7.0 8.0 8.0 8.0 8.0 7.0 7.0 8.0 7.0 8.0 7.0 8.0 8.0 7.0 8.0 8.0 8.0 8.0 8.0 7.0 7.0 8.0 7.0 8.0 8.0 8.0 8.0 7.0 8.0 8.0 7.0 7.0 7.0 7.0 10.0 8.0 7.0 7.0 7.0 7.0 8.0 7.0 8.0 7.0 8.0 8.0 7.0 7.0 7.0 8.0 7.0 7.0 8.0 8.0 7.0 7.0 8.0 8.0 8.0 7.0 8.0 7.0 7.0 7.0 7.0 7.0 7.0 8.0 8.0 7.0 7.0 7.0 8.0 7.0 7.0 7.0 8.0 7.0 8.0 8.0 8.0 7.0 8.0 8.0 7.0 8.0 7.0 7.0 7.0 7.0 7.0 7.0 8.0 7.0 7.0 7.0 7.0 8.0 8.0 8.0 8.0 8.0 8.0 7.0 8.0 8.0 7.0 7.0 7.0 7.0 8.0 7.0 8.0 8.0 8.0 7.0 8.0 8.0 7.0 7.0 8.0 7.0 8.0 8.0 8.0 7.0 8.0 7.0 8.0 7.0 7.0 8.0 8.0 7.0 7.0 7.0 8.0 7.0 7.0 7.0 7.0 8.0 8.0 8.0 7.0 8.0 7.0 7.0 8.0 8.0 9.0
28 29 1 TRACE 13.0 10.0 9.0 8.0 8.0 9.0 8.0 8.0 9.0 8.0 8.0 8.0 8.0 9.0 9.0 9.0 8.0 13.0 8.0 8.0 12.0 9.0 9.0 8.0 8.0 8.0 8.0 8.0 9.0 8.0 9.0 9.0 8.0 9.0 8.0 8.0 8.0 8.0 8.0 8.0 8.0 8.0 9.0 8.0 9.0 8.0 8.0 9.0 8.0 9.0 9.0 9.0 9.0 8.0 9.0 8.0 9.0 9.0 8.0 8.0 9.0 9.0 9.0 8.0 9.0 8.0 9.0 9.0 8.0 9.0 8.0 9.0 9.0 8.0 8.0 9.0 8.0 8.0 9.0 8.0 8.0 8.0 8.0 9.0 8.0 8.0 8.0 8.0 8.0 8.0 8.0 9.0 8.0 9.0 8.0 8.0 8.0 8.0 9.0 8.0 8.0 8.0 9.0 8.0 8.0 10.0 9.0 8.0 9.0 9.0 9.0 9.0 9.0 9.0 9.0 9.0 8.0 9.0 8.0 9.0 8.0 8.0 9.0 8.0 8.0 9.0 9.0 9.0 8.0 8.0 9.0 9.0 8.0 9.0 9.0 9.0 9.0 8.0 8.0 8.0 9.0 9.0 8.0 9.0 9.0 8.0 8.0 9.0 8.0 8.0 8.0 8.0 9.0 9.0 9.0 9.0 9.0 8.0 8.0 8.0 9.0 9.0 8.0 8.0 9.0 8.0 8.0 8.0 8.0 8.0 8.0 9.0 8.0 9.0 8.0 8.0 8.0 8.0 9.0 9.0 9.0 9.0 9.0 8.0 9.0 8.0 10.0 9.0 8.0 8.0 9.0 8.0 8.0 8.0 9.0 8.0 8.0 8.0 8.0 9.0 9.0 9.0 9.0 8.0 9.0 8.0 9.0 8.0 9.0 8.0 8.0 8.0 8.0 9.0 8.0 9.0 8.0 9.0 8.0 8.0 8.0 10.0
29 30 1 TRACE 34.0 27.0 25.0 28.0 28.0 28.0 27.0 29.0 28.0 28.0 27.0 32.0 27.0 28.0 27.0 27.0 29.0 15.0 28.0 30.0 15.0 29.0 29.0 29.0 30.0 29.0 28.0 31.0 27.0 29.0 29.0 42.0 27.0 28.0 29.0 27.0 28.0 26.0 36.0 27.0 33.0 28.0 24.0 28.0 29.0 28.0 33.0 28.0 27.0 55.0 28.0 28.0 30.0 29.0 39.0 26.0 28.0 27.0 27.0 18.0 30.0 29.0 26.0 27.0 27.0 27.0 29.0 27.0 27.0 31.0 28.0 29.0 27.0 28.0 28.0 27.0 28.0 28.0 31.0 27.0 27.0 28.0 28.0 28.0 31.0 28.0 28.0 26.0 29.0 29.0 28.0 77.0 28.0 35.0 29.0 28.0 28.0 31.0 36.0 29.0 28.0 18.0 30.0 29.0 28.0 15.0 30.0 30.0 29.0 15.0 29.0 29.0 28.0 27.0 34.0 31.0 33.0 63.0 38.0 27.0 27.0 28.0 28.0 27.0 47.0 29.0 46.0 31.0 28.0 27.0 32.0 29.0 83.0 30.0 53.0 28.0 31.0 147.0 26.0 29.0 27.0 27.0 27.0 29.0 27.0 27.0 32.0 33.0 31.0 33.0 28.0 110.0 27.0 28.0 29.0 112.0 28.0 28.0 28.0 108.0 33.0 32.0 69.0 30.0 28.0 28.0 30.0 29.0 30.0 28.0 29.0 28.0 26.0 27.0 29.0 29.0 28.0 29.0 30.0 28.0 27.0 28.0 29.0 29.0 28.0 28.0 27.0 28.0 28.0 28.0 29.0 29.0 29.0 27.0 29.0 28.0 28.0 29.0 29.0 28.0 27.0 31.0 29.0 28.0 27.0 27.0 29.0 26.0 27.0 28.0 27.0 28.0 28.0 45.0 42.0 29.0 27.0 27.0 29.0 27.0 26.0 102.0
30 31 1 TRACE 23.0 18.0 14.0 15.0 8.0 15.0 9.0 15.0 14.0 13.0 17.0 8.0 14.0 10.0 15.0 9.0 9.0 13.0 8.0 8.0 14.0 14.0 14.0 14.0 15.0 8.0 8.0 14.0 13.0 14.0 13.0 15.0 8.0 14.0 14.0 15.0 9.0 8.0 8.0 9.0 13.0 14.0 14.0 14.0 15.0 8.0 13.0 15.0 8.0 9.0 14.0 15.0 8.0 14.0 15.0 10.0 8.0 13.0 13.0 14.0 8.0 13.0 20.0 9.0 13.0 15.0 14.0 8.0 14.0 13.0 9.0 14.0 15.0 8.0 13.0 14.0 14.0 13.0 14.0 9.0 14.0 15.0 8.0 19.0 14.0 13.0 15.0 13.0 14.0 14.0 13.0 15.0 8.0 8.0 8.0 8.0 14.0 14.0 15.0 8.0 14.0 9.0 14.0 14.0 9.0 13.0 14.0 13.0 14.0 8.0 14.0 14.0 9.0 14.0 13.0 13.0 13.0 14.0 18.0 14.0 14.0 14.0 14.0 13.0 12.0 8.0 14.0 14.0 8.0 8.0 14.0 14.0 8.0 8.0 8.0 14.0 14.0 29.0 13.0 14.0 13.0 14.0 13.0 15.0 13.0 14.0 13.0 14.0 14.0 13.0 13.0 9.0 14.0 14.0 14.0 9.0 14.0 15.0 9.0 8.0 14.0 8.0 8.0 14.0 9.0 8.0 14.0 15.0 14.0 8.0 14.0 13.0 14.0 13.0 14.0 8.0 8.0 13.0 9.0 13.0 14.0 14.0 14.0 8.0 14.0 9.0 13.0 15.0 9.0 13.0 15.0 13.0 8.0 13.0 15.0 14.0 8.0 13.0 15.0 13.0 13.0 13.0 14.0 13.0 9.0 14.0 14.0 8.0 9.0 13.0 14.0 9.0 14.0 15.0 8.0 8.0 8.0 14.0 13.0 8.0 14.0 16.0
31 32 1 TRACE 16.0 12.0 12.0 12.0 11.0 11.0 15.0 11.0 11.0 11.0 12.0 10.0 11.0 13.0 12.0 11.0 11.0 11.0 10.0 10.0 11.0 11.0 11.0 11.0 11.0 10.0 11.0 11.0 11.0 11.0 11.0 11.0 10.0 11.0 11.0 12.0 11.0 10.0 10.0 11.0 10.0 11.0 11.0 11.0 12.0 11.0 11.0 12.0 11.0 11.0 12.0 11.0 11.0 11.0 11.0 13.0 10.0 11.0 10.0 11.0 11.0 11.0 11.0 11.0 11.0 11.0 11.0 10.0 10.0 11.0 11.0 11.0 11.0 11.0 11.0 11.0 11.0 11.0 11.0 11.0 11.0 11.0 10.0 12.0 11.0 10.0 10.0 11.0 11.0 11.0 11.0 11.0 11.0 10.0 11.0 11.0 11.0 15.0 11.0 11.0 11.0 11.0 12.0 10.0 11.0 11.0 11.0 11.0 11.0 11.0 11.0 11.0 11.0 11.0 10.0 11.0 11.0 11.0 11.0 11.0 11.0 11.0 11.0 11.0 12.0 10.0 10.0 11.0 10.0 11.0 11.0 11.0 11.0 11.0 10.0 15.0 10.0 11.0 15.0 11.0 11.0 11.0 10.0 11.0 11.0 11.0 11.0 10.0 10.0 10.0 11.0 10.0 10.0 11.0 11.0 11.0 11.0 11.0 10.0 11.0 11.0 10.0 11.0 11.0 10.0 10.0 11.0 11.0 11.0 10.0 11.0 11.0 11.0 11.0 10.0 11.0 10.0 11.0 11.0 11.0 11.0 11.0 11.0 11.0 11.0 11.0 11.0 11.0 11.0 11.0 12.0 11.0 11.0 10.0 11.0 11.0 11.0 11.0 11.0 11.0 11.0 11.0 11.0 10.0 11.0 11.0 11.0 11.0 11.0 11.0 12.0 11.0 10.0 12.0 10.0 10.0 10.0 11.0 11.0 11.0 11.0 13.0
32 33 1 TRACE 21.0 16.0 16.0 16.0 15.0 16.0 16.0 17.0 16.0 15.0 16.0 15.0 16.0 16.0 16.0 16.0 14.0 16.0 15.0 15.0 16.0 15.0 16.0 15.0 15.0 15.0 15.0 16.0 16.0 15.0 16.0 15.0 14.0 15.0 16.0 14.0 14.0 15.0 15.0 15.0 16.0 56.0 16.0 15.0 16.0 15.0 15.0 15.0 15.0 15.0 14.0 19.0 15.0 15.0 17.0 16.0 15.0 15.0 16.0 16.0 16.0 14.0 16.0 15.0 16.0 15.0 17.0 15.0 15.0 16.0 15.0 15.0 17.0 15.0 15.0 16.0 15.0 15.0 16.0 15.0 15.0 16.0 16.0 15.0 15.0 16.0 16.0 15.0 15.0 15.0 19.0 15.0 14.0 15.0 59.0 15.0 15.0 16.0 56.0 15.0 15.0 16.0 14.0 16.0 15.0 16.0 57.0 15.0 17.0 15.0 15.0 15.0 15.0 16.0 56.0 15.0 15.0 15.0 60.0 15.0 16.0 16.0 15.0 15.0 16.0 16.0 15.0 16.0 14.0 14.0 14.0 15.0 15.0 28.0 16.0 17.0 16.0 21.0 15.0 16.0 16.0 16.0 15.0 16.0 15.0 16.0 15.0 16.0 17.0 16.0 19.0 15.0 16.0 15.0 15.0 15.0 15.0 15.0 15.0 15.0 15.0 15.0 59.0 16.0 15.0 60.0 20.0 16.0 15.0 56.0 16.0 15.0 16.0 15.0 15.0 14.0 14.0 14.0 14.0 15.0 16.0 15.0 16.0 15.0 15.0 15.0 15.0 15.0 15.0 14.0 15.0 15.0 15.0 15.0 15.0 15.0 15.0 15.0 15.0 15.0 14.0 14.0 15.0 15.0 14.0 15.0 15.0 14.0 15.0 15.0 15.0 15.0 15.0 16.0 15.0 15.0 15.0 16.0 15.0 15.0 15.0 18.0
33 34 1 TRACE 463.0 1170.0 384.0 359.0 747.0 416.0 189.0 3980.0 422.0 198.0 369.0 319.0 166.0 419.0 453.0 270.0 265.0 323.0 394.0 354.0 2641.0 424.0 309.0 635.0 425.0 288.0 161.0 2231.0 417.0 351.0 679.0 430.0 189.0 193.0 1125.0 426.0 350.0 445.0 313.0 331.0 1135.0 368.0 238.0 1103.0 433.0 280.0 494.0 401.0 270.0 201.0 849.0 427.0 172.0 336.0 440.0 266.0 275.0 207.0 1056.0 437.0 332.0 981.0 424.0 160.0 367.0 3785.0 415.0 326.0 374.0 390.0 326.0 458.0 410.0 332.0 903.0 432.0 198.0 1999.0 421.0 245.0 445.0 438.0 248.0 201.0 305.0 388.0 281.0 1375.0 443.0 274.0 667.0 469.0 430.0 374.0 316.0 270.0 237.0 610.0 423.0 337.0 159.0 326.0 3586.0 360.0 286.0 399.0 444.0 300.0 201.0 417.0 2246.0 410.0 194.0 1783.0 413.0 214.0 255.0 4230.0 373.0 155.0 514.0 425.0 228.0 316.0 385.0 354.0 563.0 350.0 252.0 334.0 407.0 346.0 272.0 316.0 302.0 3931.0 408.0 266.0 446.0 345.0 152.0 269.0 347.0 354.0 268.0 309.0 651.0 337.0 325.0 391.0 354.0 286.0 186.0 2117.0 412.0 246.0 1082.0 416.0 164.0 362.0 187.0 217.0 313.0 392.0 264.0 218.0 1205.0 414.0 170.0 291.0 3814.0 347.0 274.0 352.0 326.0 302.0 386.0 316.0 299.0 459.0 416.0 267.0 200.0 319.0 407.0 244.0 1123.0 409.0 197.0 466.0 434.0 395.0 304.0 317.0 5000.0 407.0 192.0 384.0 3393.0 409.0 222.0 397.0 356.0 186.0 322.0 341.0 350.0 195.0 210.0 728.0 416.0 300.0 414.0 470.0 193.0 369.0 299.0 3642.0 326.0 267.0 1149.0 455.0
34 35 1 TRACE 733.0 291.0 91.0 16.0 86.0 48.0 43.0 132.0 38.0 37.0 89.0 38.0 16.0 66.0 37.0 17.0 37.0 74.0 41.0 41.0 81.0 41.0 37.0 42.0 39.0 16.0 38.0 74.0 38.0 68.0 322.0 39.0 16.0 36.0 66.0 40.0 15.0 71.0 39.0 37.0 53.0 39.0 36.0 55.0 40.0 37.0 312.0 38.0 18.0 39.0 49.0 39.0 38.0 42.0 39.0 18.0 39.0 36.0 138.0 38.0 39.0 291.0 100.0 31.0 38.0 106.0 39.0 38.0 37.0 40.0 38.0 40.0 43.0 40.0 50.0 168.0 37.0 177.0 38.0 35.0 39.0 89.0 18.0 40.0 108.0 38.0 39.0 66.0 39.0 37.0 42.0 41.0 19.0 38.0 40.0 32.0 36.0 57.0 39.0 19.0 16.0 37.0 99.0 39.0 40.0 42.0 39.0 19.0 15.0 40.0 166.0 39.0 37.0 69.0 40.0 37.0 38.0 109.0 54.0 38.0 64.0 41.0 35.0 42.0 44.0 38.0 47.0 39.0 18.0 39.0 41.0 44.0 18.0 18.0 60.0 235.0 40.0 53.0 140.0 38.0 16.0 30.0 41.0 38.0 17.0 36.0 47.0 39.0 36.0 40.0 38.0 38.0 36.0 76.0 38.0 37.0 54.0 96.0 17.0 190.0 17.0 19.0 42.0 39.0 16.0 46.0 59.0 39.0 15.0 41.0 107.0 39.0 31.0 45.0 37.0 18.0 39.0 39.0 39.0 114.0 41.0 37.0 16.0 37.0 38.0 39.0 65.0 43.0 39.0 52.0 40.0 40.0 30.0 67.0 119.0 43.0 48.0 38.0 96.0 45.0 35.0 39.0 52.0 16.0 40.0 180.0 37.0 16.0 39.0 47.0 95.0 39.0 98.0 40.0 15.0 16.0 39.0 102.0 38.0 40.0 61.0 108.0
35 36 1 TRACE 45.0 115.0 38.0 15.0 51.0 37.0 49.0 173.0 35.0 33.0 40.0 36.0 15.0 42.0 34.0 14.0 34.0 69.0 36.0 66.0 126.0 35.0 55.0 42.0 36.0 15.0 35.0 110.0 35.0 128.0 47.0 36.0 14.0 38.0 98.0 37.0 14.0 38.0 35.0 35.0 70.0 35.0 34.0 66.0 47.0 41.0 146.0 36.0 19.0 35.0 59.0 36.0 35.0 37.0 35.0 15.0 34.0 32.0 131.0 62.0 36.0 57.0 40.0 64.0 42.0 173.0 36.0 38.0 34.0 35.0 33.0 43.0 36.0 34.0 60.0 44.0 34.0 164.0 35.0 37.0 39.0 36.0 14.0 32.0 167.0 37.0 32.0 87.0 47.0 33.0 44.0 36.0 14.0 37.0 37.0 31.0 33.0 47.0 39.0 16.0 15.0 33.0 157.0 37.0 35.0 39.0 36.0 16.0 15.0 33.0 182.0 35.0 38.0 91.0 36.0 32.0 35.0 178.0 46.0 32.0 80.0 36.0 31.0 37.0 48.0 32.0 42.0 34.0 14.0 34.0 38.0 35.0 15.0 15.0 35.0 199.0 35.0 43.0 58.0 284.0 15.0 29.0 43.0 35.0 15.0 32.0 46.0 36.0 31.0 36.0 35.0 33.0 34.0 109.0 36.0 33.0 75.0 58.0 15.0 38.0 15.0 15.0 36.0 38.0 15.0 34.0 72.0 36.0 14.0 33.0 173.0 34.0 28.0 36.0 34.0 14.0 85.0 33.0 35.0 41.0 35.0 33.0 15.0 37.0 36.0 33.0 73.0 37.0 36.0 41.0 44.0 35.0 35.0 34.0 199.0 35.0 33.0 34.0 153.0 35.0 34.0 39.0 35.0 14.0 35.0 44.0 301.0 14.0 34.0 52.0 42.0 34.0 84.0 35.0 14.0 15.0 35.0 367.0 34.0 33.0 82.0 53.0
36 37 1 TRACE 48.0 355.0 29.0 63.0 155.0 80.0 103.0 1807.0 27.0 23.0 109.0 26.0 73.0 76.0 83.0 46.0 27.0 45.0 27.0 30.0 1283.0 60.0 45.0 226.0 66.0 95.0 28.0 1221.0 30.0 25.0 153.0 30.0 48.0 30.0 557.0 28.0 56.0 52.0 29.0 28.0 492.0 82.0 61.0 527.0 30.0 36.0 114.0 54.0 51.0 30.0 267.0 32.0 26.0 118.0 34.0 45.0 26.0 29.0 534.0 36.0 29.0 414.0 29.0 67.0 29.0 1818.0 38.0 69.0 56.0 56.0 26.0 133.0 33.0 28.0 429.0 28.0 28.0 942.0 28.0 26.0 70.0 32.0 36.0 25.0 55.0 27.0 28.0 683.0 29.0 46.0 215.0 30.0 23.0 46.0 27.0 26.0 68.0 283.0 30.0 23.0 64.0 55.0 1691.0 74.0 73.0 150.0 35.0 25.0 71.0 29.0 1106.0 29.0 30.0 1019.0 29.0 26.0 45.0 1860.0 31.0 26.0 140.0 30.0 37.0 52.0 31.0 26.0 83.0 116.0 49.0 27.0 154.0 116.0 78.0 98.0 107.0 1827.0 27.0 24.0 110.0 34.0 61.0 25.0 76.0 110.0 110.0 28.0 186.0 97.0 27.0 51.0 26.0 44.0 37.0 1152.0 28.0 75.0 451.0 29.0 69.0 57.0 80.0 39.0 46.0 43.0 65.0 46.0 541.0 28.0 65.0 31.0 2095.0 59.0 36.0 36.0 109.0 53.0 47.0 27.0 32.0 95.0 34.0 25.0 63.0 33.0 28.0 27.0 696.0 29.0 27.0 79.0 34.0 26.0 26.0 36.0 2178.0 25.0 25.0 35.0 1729.0 27.0 25.0 73.0 91.0 80.0 27.0 104.0 32.0 96.0 28.0 364.0 30.0 95.0 68.0 33.0 46.0 23.0 31.0 1708.0 105.0 28.0 501.0 28.0
37 38 1 TRACE 42.0 123.0 25.0 24.0 77.0 25.0 31.0 427.0 24.0 24.0 42.0 25.0 23.0 47.0 25.0 24.0 24.0 35.0 24.0 27.0 281.0 27.0 30.0 70.0 25.0 25.0 27.0 262.0 25.0 24.0 68.0 25.0 23.0 27.0 147.0 25.0 31.0 41.0 24.0 25.0 134.0 25.0 26.0 141.0 25.0 25.0 56.0 24.0 24.0 25.0 102.0 33.0 25.0 43.0 24.0 23.0 24.0 25.0 145.0 25.0 26.0 127.0 25.0 28.0 27.0 465.0 26.0 27.0 31.0 25.0 24.0 58.0 25.0 25.0 163.0 24.0 27.0 232.0 25.0 56.0 48.0 26.0 24.0 24.0 39.0 25.0 26.0 155.0 25.0 26.0 77.0 25.0 25.0 36.0 24.0 25.0 26.0 85.0 26.0 24.0 24.0 28.0 384.0 23.0 25.0 49.0 27.0 25.0 24.0 26.0 250.0 24.0 27.0 215.0 26.0 26.0 32.0 433.0 36.0 25.0 90.0 24.0 25.0 37.0 39.0 25.0 50.0 25.0 25.0 24.0 54.0 25.0 25.0 24.0 28.0 406.0 25.0 33.0 55.0 26.0 23.0 24.0 49.0 26.0 24.0 24.0 74.0 25.0 26.0 38.0 24.0 25.0 25.0 246.0 25.0 26.0 128.0 25.0 25.0 45.0 24.0 24.0 31.0 26.0 24.0 26.0 136.0 25.0 24.0 27.0 403.0 26.0 24.0 32.0 37.0 24.0 36.0 25.0 27.0 90.0 26.0 24.0 24.0 74.0 25.0 26.0 153.0 25.0 25.0 48.0 25.0 24.0 24.0 30.0 463.0 24.0 24.0 29.0 366.0 25.0 25.0 48.0 25.0 24.0 24.0 53.0 27.0 24.0 25.0 104.0 25.0 25.0 44.0 25.0 24.0 24.0 27.0 404.0 25.0 26.0 133.0 38.0
38 39 1 TRACE 26.0 22.0 20.0 25.0 22.0 20.0 22.0 24.0 20.0 20.0 23.0 20.0 20.0 65.0 21.0 27.0 21.0 56.0 22.0 21.0 23.0 21.0 21.0 23.0 21.0 21.0 22.0 25.0 22.0 20.0 28.0 24.0 25.0 21.0 25.0 21.0 21.0 23.0 20.0 30.0 22.0 21.0 20.0 23.0 21.0 21.0 22.0 25.0 22.0 21.0 22.0 48.0 21.0 22.0 22.0 22.0 21.0 21.0 23.0 22.0 22.0 23.0 20.0 21.0 20.0 25.0 23.0 21.0 22.0 21.0 65.0 22.0 20.0 21.0 67.0 20.0 21.0 24.0 22.0 21.0 22.0 21.0 22.0 20.0 22.0 21.0 39.0 24.0 20.0 20.0 22.0 20.0 20.0 22.0 21.0 21.0 21.0 22.0 23.0 23.0 22.0 21.0 22.0 21.0 20.0 21.0 21.0 23.0 20.0 21.0 23.0 22.0 22.0 23.0 22.0 21.0 20.0 56.0 22.0 21.0 55.0 21.0 20.0 22.0 29.0 21.0 23.0 21.0 22.0 21.0 22.0 21.0 22.0 20.0 21.0 23.0 23.0 21.0 31.0 21.0 35.0 21.0 22.0 20.0 22.0 20.0 22.0 21.0 21.0 21.0 20.0 21.0 22.0 25.0 23.0 21.0 23.0 22.0 22.0 28.0 20.0 20.0 22.0 22.0 21.0 22.0 23.0 23.0 20.0 21.0 24.0 22.0 20.0 21.0 21.0 20.0 22.0 21.0 20.0 23.0 21.0 21.0 20.0 57.0 21.0 20.0 61.0 22.0 20.0 22.0 21.0 22.0 21.0 21.0 23.0 22.0 21.0 20.0 24.0 22.0 21.0 22.0 21.0 22.0 21.0 23.0 20.0 22.0 21.0 22.0 20.0 20.0 22.0 21.0 22.0 20.0 24.0 23.0 22.0 21.0 24.0 45.0
39 25 1 TRACE 16.0 16.0 17.0 16.0 16.0 16.0 17.0 17.0 17.0 16.0 17.0 16.0 15.0 17.0 16.0 16.0 16.0 16.0 15.0 16.0 16.0 16.0 15.0 16.0 16.0 19.0 17.0 16.0 18.0 16.0 17.0 17.0 16.0 17.0 17.0 16.0 16.0 16.0 16.0 16.0 16.0 17.0 16.0 17.0 17.0 17.0 20.0 17.0 17.0 16.0 16.0 17.0 17.0 16.0 16.0 16.0 17.0 17.0 15.0 15.0 16.0 17.0 16.0 17.0 17.0 17.0 16.0 16.0 16.0 17.0 16.0 16.0 16.0 16.0 17.0 16.0 16.0 16.0 17.0 17.0 17.0 17.0 16.0 16.0 17.0 16.0 16.0 16.0 16.0 16.0 16.0 16.0 15.0 17.0
39 40 1 TRACE 29.0 24.0 23.0 23.0 24.0 64.0 23.0 22.0 29.0 30.0 23.0 22.0 27.0 23.0 23.0 22.0 30.0 23.0 27.0 24.0 23.0 23.0 24.0 24.0 24.0 27.0 23.0 27.0 28.0 24.0 23.0 23.0 23.0 31.0 53.0 22.0 23.0 23.0 24.0 23.0 100.0 23.0 23.0 23.0 24.0 24.0 22.0 24.0 23.0 24.0 23.0 23.0 23.0 23.0 64.0 32.0 66.0 65.0 22.0 22.0 23.0 23.0 26.0 23.0
39 51 1 TRACE 29.0 22.0 22.0 23.0 23.0 23.0 23.0 24.0 23.0 23.0 28.0 23.0 28.0 22.0 23.0 28.0 25.0 23.0 23.0 27.0 26.0 23.0 23.0 23.0 23.0 23.0 23.0 24.0 22.0 24.0 23.0 23.0 23.0 23.0 23.0 22.0 23.0 23.0 24.0 23.0 23.0 23.0 22.0 23.0 23.0 23.0 23.0 29.0 23.0 23.0 23.0 22.0 25.0 23.0 23.0 27.0 23.0 29.0 23.0 23.0 24.0 24.0 23.0 36.0
40 41 1 TRACE 336.0 269.0 658.0 187.0 211.0 181.0 533.0 243.0 525.0 222.0 376.0 182.0 352.0 362.0 203.0 284.0 189.0 352.0 337.0 656.0 176.0 205.0 340.0 479.0 195.0 183.0 386.0 234.0 180.0 239.0 617.0 187.0 478.0 423.0 649.0 207.0 177.0 193.0 195.0 646.0 197.0 191.0 224.0 177.0 473.0 324.0 179.0 170.0 375.0 644.0 170.0 176.0 192.0 170.0 350.0 192.0 711.0 604.0 192.0 195.0 307.0 185.0 643.0 312.0
41 42 1 TRACE 17.0 11.0 12.0 12.0 10.0 10.0 12.0 11.0 11.0 12.0 11.0 11.0 11.0 12.0 11.0 11.0 11.0 11.0 11.0 10.0 12.0 11.0 10.0 13.0 11.0 11.0 12.0 11.0 11.0 11.0 12.0 10.0 12.0 12.0 11.0 11.0 12.0 12.0 11.0 12.0 11.0 11.0 12.0 11.0 11.0 12.0 16.0 11.0 12.0 12.0 11.0 12.0 11.0 11.0 12.0 11.0 11.0 11.0 11.0 11.0 12.0 10.0 11.0 12.0 11.0 11.0 11.0 12.0 11.0 11.0 12.0 11.0 11.0 11.0 11.0 11.0 11.0 11.0 11.0 12.0 11.0 11.0 11.0 12.0 11.0 10.0 12.0 11.0 10.0 11.0 11.0 11.0 11.0 12.0 11.0 11.0 12.0 11.0 10.0 11.0 11.0 10.0 11.0 11.0 11.0 12.0 11.0 10.0 12.0 10.0 11.0 12.0 11.0 10.0 12.0 12.0 10.0 11.0 12.0 11.0 11.0 11.0 12.0 11.0 11.0 11.0 10.0 12.0 13.0 11.0 12.0 11.0 10.0 13.0 11.0 11.0 11.0 13.0 11.0 11.0 12.0 11.0 11.0 12.0 11.0 11.0 12.0 11.0 12.0 11.0 11.0 12.0 11.0 11.0 13.0 11.0 11.0 12.0 12.0 11.0 11.0 11.0 11.0 11.0 12.0 11.0 12.0 10.0 12.0 11.0 12.0 11.0 11.0 12.0 11.0 11.0 11.0 12.0 11.0 11.0 11.0 11.0 11.0 11.0 12.0 11.0 11.0 12.0 11.0 10.0 13.0 11.0 12.0 12.0 11.0 11.0 12.0 11.0 10.0 12.0 11.0 11.0 12.0 12.0 22.0
42 43 1 TRACE 15.0 11.0 10.0 10.0 11.0 11.0 10.0 11.0 10.0 10.0 10.0 10.0 10.0 11.0 10.0 10.0 10.0 10.0 10.0 11.0 10.0 10.0 11.0 10.0 10.0 10.0 10.0 10.0 10.0 10.0 10.0 10.0 11.0 10.0 10.0 10.0 10.0 10.0 11.0 11.0 10.0 11.0 11.0 11.0 11.0 10.0 11.0 10.0 10.0 10.0 10.0 10.0 10.0 10.0 11.0 11.0 11.0 10.0 11.0 10.0 10.0 11.0 10.0 10.0 10.0 10.0 10.0 10.0 11.0 10.0 10.0 10.0 10.0 11.0 11.0 11.0 10.0 10.0 11.0 10.0 10.0 10.0 11.0 10.0 10.0 11.0 10.0 10.0 10.0 10.0 10.0 10.0 10.0 10.0 10.0 10.0 10.0 10.0 10.0 10.0 10.0 11.0 10.0 10.0 10.0 10.0 10.0 11.0 10.0 10.0 11.0 11.0 10.0 11.0 10.0 11.0 11.0 10.0 11.0 10.0 10.0 11.0 10.0 10.0 10.0 11.0 10.0 11.0 11.0 11.0 15.0 10.0 10.0 11.0 10.0 10.0 10.0 11.0 10.0 10.0 10.0 10.0 10.0 11.0 11.0 10.0 10.0 11.0 10.0 10.0 11.0 10.0 10.0 10.0 11.0 10.0 10.0 10.0 10.0 10.0 11.0 10.0 11.0 10.0 10.0 11.0 10.0 10.0 10.0 10.0 10.0 10.0 11.0 10.0 10.0 10.0 10.0 11.0 10.0 11.0 10.0 10.0 10.0 10.0 11.0 15.0 10.0 10.0 10.0 15.0 10.0 10.0 10.0 11.0 10.0 11.0 10.0 11.0 10.0 10.0 11.0 10.0 10.0 11.0 11.0
43 44 1 TRACE 14.0 9.0 9.0 9.0 9.0 9.0 9.0 9.0 9.0 9.0 9.0 9.0 8.0 9.0 9.0 9.0 9.0 9.0 9.0 9.0 10.0 9.0 8.0 9.0 9.0 9.0 9.0 9.0 9.0 9.0 9.0 9.0 9.0 9.0 9.0 9.0 9.0 10.0 9.0 9.0 9.0 9.0 9.0 9.0 9.0 9.0 9.0 9.0 9.0 9.0 9.0 9.0 9.0 9.0 9.0 9.0 9.0 9.0 9.0 9.0 10.0 9.0 9.0 9.0 9.0 8.0 9.0 9.0 10.0 9.0 9.0 9.0 9.0 9.0 9.0 9.0 9.0 9.0 9.0 9.0 9.0 9.0 8.0 10.0 10.0 9.0 9.0 9.0 9.0 9.0 9.0 9.0 9.0 9.0 9.0 9.0 9.0 8.0 9.0 9.0 9.0 8.0 9.0 9.0 9.0 9.0 9.0 9.0 9.0 9.0 9.0 8.0 9.0 9.0 9.0 9.0 9.0 8.0 9.0 9.0 9.0 8.0 9.0 9.0 9.0 9.0 9.0 9.0 9.0 9.0 10.0 9.0 9.0 9.0 9.0 8.0 9.0 9.0 9.0 8.0 9.0 9.0 9.0 9.0 9.0 9.0 9.0 9.0 9.0 8.0 9.0 9.0 9.0 8.0 10.0 8.0 9.0 9.0 9.0 9.0 9.0 10.0 8.0 8.0 9.0 9.0 9.0 9.0 9.0 9.0 9.0 9.0 9.0 9.0 9.0 9.0 9.0 9.0 8.0 9.0 9.0 9.0 8.0 9.0 9.0 10.0 9.0 9.0 9.0 10.0 9.0 9.0 9.0 9.0 10.0 9.0 9.0 8.0 9.0 9.0 9.0 9.0 9.0 10.0 9.0
44 45 1 TRACE 86.0 49.0 53.0 50.0 54.0 51.0 69.0 48.0 47.0 53.0 51.0 49.0 50.0 97.0 49.0 48.0 127.0 51.0 51.0 52.0 86.0 52.0 51.0 56.0 97.0 60.0 49.0 96.0 49.0 114.0 51.0 98.0 53.0 50.0 124.0 118.0 49.0 48.0 48.0 51.0 52.0 50.0 55.0 49.0 52.0 120.0 47.0 58.0 76.0 68.0 52.0 126.0 53.0 50.0 79.0 51.0 49.0 51.0 49.0 48.0 50.0 51.0 53.0 53.0 53.0 53.0 58.0 120.0 45.0 49.0 105.0 53.0 50.0 49.0 51.0 53.0 53.0 51.0 93.0 125.0 53.0 130.0 51.0 49.0 53.0 96.0 102.0 52.0 51.0 125.0 55.0 53.0 59.0 104.0 51.0 50.0 73.0 52.0 51.0 128.0 52.0 54.0 74.0 68.0 51.0 72.0 51.0 49.0 74.0 51.0 62.0 112.0 49.0 51.0 60.0 50.0 52.0 60.0 121.0 52.0 52.0 114.0 51.0 49.0 60.0 53.0 52.0 39.0 57.0 49.0 42.0 50.0 53.0 50.0 50.0 49.0 53.0 47.0 77.0 48.0 65.0 52.0 52.0 64.0 51.0 51.0 127.0 49.0 49.0 50.0 125.0 56.0 50.0 52.0 58.0 50.0 60.0 59.0 50.0 49.0 55.0 52.0 50.0 56.0 131.0 52.0 51.0 50.0 124.0 49.0 54.0 133.0 51.0 51.0 55.0 78.0 52.0 48.0 121.0 94.0 52.0 57.0 39.0 51.0 59.0 42.0 51.0 58.0 96.0 50.0 114.0 94.0 46.0 49.0 98.0 51.0 127.0 51.0 91.0 57.0 95.0 48.0 83.0 138.0 110.0
45 46 1 TRACE 20.0 20.0 17.0 15.0 14.0 15.0 16.0 15.0 15.0 16.0 16.0 15.0 15.0 15.0 15.0 15.0 17.0 18.0 16.0 16.0 16.0 16.0 17.0 15.0 16.0 23.0 15.0 16.0 16.0 15.0 16.0 16.0 16.0 15.0 16.0 16.0 16.0 15.0 51.0 15.0 17.0 17.0 16.0 15.0 15.0 18.0 14.0 17.0 22.0 18.0 15.0 15.0 15.0 15.0 15.0 18.0 16.0 17.0 15.0 15.0 15.0 16.0 16.0 16.0 15.0 17.0 15.0 18.0 16.0 15.0 18.0 18.0 15.0 16.0 16.0 17.0 15.0 15.0 16.0 15.0 16.0 16.0 17.0 16.0 17.0 16.0 16.0 15.0 16.0 17.0 30.0 15.0 16.0 16.0 16.0 17.0 16.0 17.0 54.0 15.0 15.0 16.0 16.0 18.0 15.0 15.0 16.0 16.0 16.0 16.0 18.0 17.0 15.0 16.0 16.0 15.0 21.0 18.0 19.0 16.0 17.0 17.0 17.0 16.0 17.0 19.0 17.0 15.0 18.0 16.0 16.0 17.0 15.0 16.0 15.0 17.0 15.0 17.0 16.0 15.0 17.0 15.0 16.0 18.0 15.0 16.0 16.0 16.0 16.0 18.0 17.0 16.0 18.0 16.0 29.0 16.0 17.0 18.0 15.0 17.0 18.0 17.0 17.0 17.0 16.0 16.0 17.0 16.0 17.0 15.0 18.0 16.0 16.0 15.0 15.0 17.0 16.0 16.0 17.0 15.0 16.0 16.0 14.0 15.0 15.0 15.0 15.0 16.0 16.0 16.0 20.0 22.0 15.0 17.0 16.0 16.0 16.0 16.0 16.0 17.0 16.0 17.0 16.0 29.0 32.0
46 47 1 TRACE 2257.0 546.0 387.0 2107.0 630.0 387.0 1211.0 435.0 386.0 2145.0 742.0 395.0 397.0 2180.0 690.0 392.0 2078.0 809.0 393.0 385.0 1266.0 454.0 385.0 2087.0 608.0 387.0 1273.0 455.0 387.0 2115.0 629.0 396.0 1443.0 505.0 395.0 2105.0 773.0 395.0 388.0 1532.0 516.0 388.0 1478.0 511.0 387.0 2186.0 659.0 388.0 1775.0 556.0 387.0 2129.0 731.0 390.0 1495.0 510.0 388.0 1588.0 531.0 386.0 1284.0 431.0 387.0 2061.0 954.0 408.0 386.0 2198.0 687.0 390.0 1551.0 524.0 388.0 1307.0 467.0 393.0 2253.0 700.0 390.0 2090.0 776.0 407.0 386.0 1412.0 494.0 422.0 2004.0 595.0 387.0 2083.0 828.0 391.0 377.0 1937.0 578.0 389.0 1225.0 434.0 388.0 2149.0 708.0 387.0 1272.0 439.0 425.0 1325.0 472.0 389.0 1206.0 431.0 372.0 2164.0 636.0 387.0 2084.0 793.0 393.0 376.0 2199.0 668.0 375.0 2129.0 658.0 377.0 1192.0 398.0 374.0 2123.0 651.0 378.0 2178.0 736.0 372.0 2024.0 586.0 371.0 2049.0 813.0 376.0 377.0 1266.0 430.0 369.0 1510.0 532.0 371.0 2113.0 762.0 397.0 375.0 2042.0 1019.0 402.0 381.0 1473.0 507.0 372.0 1195.0 403.0 371.0 2145.0 1090.0 390.0 370.0 2064.0 801.0 375.0 370.0 2127.0 731.0 373.0 2022.0 1022.0 385.0 370.0 1387.0 479.0 373.0 2132.0 700.0 374.0 1165.0 390.0 385.0 1246.0 407.0 373.0 2125.0 712.0 376.0 2125.0 689.0 398.0 1661.0 566.0 394.0 2107.0 715.0 444.0 1196.0 436.0 389.0 1465.0 766.0 609.0
47 48 1 TRACE 14.0 11.0 11.0 9.0 11.0 11.0 8.0 11.0 10.0 8.0 11.0 10.0 8.0 10.0 11.0 8.0 12.0 11.0 9.0 11.0 11.0 9.0 9.0 10.0 8.0 13.0 12.0 9.0 11.0 12.0 8.0 12.0 11.0 8.0 11.0 11.0 8.0 11.0 11.0 9.0 10.0 12.0 9.0 16.0 10.0 9.0 11.0 11.0 8.0 11.0 12.0 8.0 10.0 11.0 8.0 10.0 11.0 9.0 10.0 11.0 9.0 12.0 11.0 9.0 11.0 11.0 8.0 10.0 11.0 8.0 11.0 10.0 8.0 11.0 12.0 8.0 10.0 12.0 9.0 11.0 11.0 8.0 10.0 12.0 8.0 11.0 14.0 8.0 12.0 11.0 9.0 11.0 11.0 8.0 11.0 11.0 8.0 13.0 12.0 8.0 13.0 12.0 8.0 10.0 11.0 9.0 13.0 12.0 9.0 11.0 12.0 9.0 9.0 10.0 8.0 12.0 11.0 9.0 10.0 11.0 9.0 11.0 11.0 8.0 11.0 10.0 8.0 11.0 12.0 8.0 11.0 11.0 9.0 16.0 10.0 8.0 11.0 12.0 8.0 11.0 10.0 8.0 13.0 11.0 8.0 12.0 14.0 9.0 12.0 11.0 8.0 10.0 10.0 9.0 12.0 12.0 8.0 10.0 12.0 8.0 10.0 11.0 8.0 12.0 10.0 8.0 10.0 11.0 9.0 11.0 10.0 8.0 10.0 12.0 9.0 10.0 11.0 8.0 11.0 10.0 8.0 11.0 11.0 8.0 9.0 11.0 9.0 10.0 11.0 9.0 12.0 13.0 8.0 11.0 11.0 8.0 12.0 11.0 8.0 10.0 12.0 8.0 12.0 12.0 9.0 12.0 12.0 8.0 12.0 11.0 8.0 11.0 11.0 9.0 11.0 10.0 9.0 11.0 10.0 9.0 12.0 11.0 9.0 12.0 11.0 8.0 13.0 10.0 9.0 11.0 13.0 9.0 12.0 11.0 8.0 10.0 10.0 8.0 12.0 13.0 8.0 11.0 11.0 9.0 12.0 11.0 8.0 10.0 12.0 9.0 12.0 13.0 9.0 11.0 10.0 9.0 16.0 10.0 8.0 11.0 12.0 8.0 13.0 12.0 8.0 11.0 11.0 9.0 17.0 13.0 8.0 10.0 11.0 9.0 14.0 11.0 8.0 12.0 11.0 9.0 12.0 11.0 8.0 13.0 12.0 8.0 12.0 12.0 8.0 11.0 11.0 9.0 11.0 12.0 9.0 11.0 11.0 8.0 11.0 12.0 8.0 11.0 11.0 8.0 11.0 11.0 9.0 12.0 12.0 8.0 11.0 12.0 8.0 11.0 11.0 8.0 12.0 11.0 8.0 10.0 13.0 8.0 11.0 12.0 9.0 10.0 10.0 8.0 15.0 11.0 9.0 13.0 12.0 8.0 12.0 14.0 9.0 11.0 11.0 8.0 10.0 12.0 9.0 12.0 13.0 8.0 10.0 12.0 9.0 12.0 11.0 8.0 11.0 14.0 8.0 11.0 12.0 8.0 11.0 12.0 8.0 13.0 10.0 11.0 13.0 11.0 8.0 11.0 11.0 8.0 11.0 12.0 9.0 12.0 12.0 9.0 11.0 12.0 9.0 10.0 13.0 8.0 14.0 12.0 8.0 11.0 14.0 9.0 10.0 13.0 8.0 12.0 12.0 8.0 12.0 11.0 9.0 11.0 13.0 9.0 10.0 13.0 8.0 10.0 11.0 9.0 11.0 11.0 9.0 12.0 13.0 8.0 11.0 13.0 8.0 11.0 13.0 8.0 10.0 12.0 8.0 11.0 12.0 8.0 11.0 12.0 8.0 11.0 13.0 8.0 11.0 16.0 9.0 11.0 12.0 8.0 11.0 12.0 9.0 14.0 13.0 8.0 11.0 15.0 8.0 10.0 13.0 8.0 11.0 13.0 8.0 12.0 13.0 8.0 11.0 16.0 8.0 10.0 12.0 8.0 11.0 13.0 9.0 11.0 12.0 8.0 10.0 12.0 8.0 11.0 13.0 8.0 10.0 14.0 8.0 11.0 10.0 8.0 10.0 13.0 9.0 11.0 13.0 9.0 11.0 12.0 8.0 13.0 11.0 8.0 12.0 12.0 9.0 12.0 12.0 8.0 15.0 12.0 8.0 13.0 12.0 8.0 10.0 13.0 8.0 13.0 12.0 8.0 15.0 12.0 8.0 15.0 12.0 8.0 13.0 15.0 9.0 10.0 10.0 9.0 10.0 13.0 8.0 10.0 12.0 9.0 11.0 11.0 9.0 10.0 13.0 8.0 11.0 13.0 9.0 11.0 12.0 9.0 11.0 11.0 11.0 10.0 13.0 9.0 11.0 13.0 8.0 10.0 11.0 8.0 11.0 10.0 9.0 11.0 12.0 8.0 10.0 13.0 9.0 10.0 13.0 8.0 12.0 12.0 8.0 10.0 11.0 8.0 12.0 12.0 8.0 12.0 12.0 8.0 11.0 12.0 8.0 11.0 12.0 9.0 10.0 13.0 9.0 10.0 10.0 9.0 11.0 12.0 8.0 12.0 12.0 9.0 12.0 12.0 9.0 11.0 12.0 9.0 11.0 14.0 8.0 10.0 11.0 8.0 10.0 12.0 9.0 27.0 43.0 22.0 11.0 11.0 21.0 16.0 20.0
48 49 1 TRACE 263.0 88.0 67.0 13.0 27.0 36.0 8.0 10.0 11.0 181.0 87.0 67.0 19.0 35.0 32.0 8.0 10.0 11.0 127.0 86.0 64.0 9.0 19.0 17.0 7.0 10.0 10.0 148.0 87.0 65.0 47.0 58.0 47.0 8.0 11.0 10.0 8.0 11.0 10.0 161.0 93.0 66.0 37.0 48.0 43.0 8.0 11.0 11.0 130.0 90.0 66.0 59.0 65.0 53.0 8.0 12.0 11.0 7.0 10.0 10.0 157.0 92.0 64.0 9.0 21.0 19.0 8.0 10.0 10.0 180.0 89.0 66.0 20.0 39.0 34.0 8.0 11.0 10.0 158.0 90.0 64.0 9.0 18.0 19.0 7.0 10.0 10.0 177.0 90.0 61.0 22.0 40.0 37.0 8.0 11.0 10.0 182.0 89.0 65.0 11.0 24.0 23.0 7.0 10.0 10.0 140.0 91.0 65.0 53.0 59.0 51.0 8.0 11.0 11.0 8.0 10.0 10.0 184.0 88.0 85.0 13.0 28.0 25.0 8.0 10.0 10.0 183.0 95.0 63.0 12.0 26.0 23.0 8.0 10.0 10.0 168.0 98.0 66.0 30.0 52.0 39.0 8.0 10.0 11.0 185.0 92.0 64.0 16.0 31.0 30.0 7.0 10.0 10.0 155.0 92.0 65.0 44.0 57.0 49.0 8.0 11.0 11.0 184.0 92.0 66.0 12.0 25.0 24.0 8.0 11.0 10.0 186.0 90.0 66.0 14.0 27.0 24.0 8.0 10.0 10.0 130.0 85.0 63.0 8.0 17.0 18.0 8.0 10.0 10.0 104.0 76.0 60.0 82.0 77.0 59.0 8.0 12.0 12.0 8.0 10.0 10.0 169.0 95.0 66.0 29.0 49.0 40.0 7.0 10.0 10.0 185.0 96.0 68.0 14.0 27.0 25.0 8.0 10.0 10.0 167.0 87.0 136.0 10.0 22.0 18.0 7.0 9.0 10.0 160.0 87.0 65.0 37.0 50.0 45.0 7.0 10.0 11.0 137.0 92.0 64.0 53.0 63.0 50.0 8.0 11.0 11.0 7.0 9.0 11.0 182.0 90.0 65.0 12.0 23.0 22.0 7.0 10.0 10.0 181.0 91.0 68.0 19.0 36.0 34.0 7.0 10.0 10.0 129.0 79.0 63.0 58.0 65.0 51.0 8.0 11.0 11.0 7.0 10.0 10.0 178.0 88.0 67.0 17.0 34.0 33.0 8.0 12.0 11.0 130.0 91.0 62.0 9.0 18.0 17.0 7.0 10.0 10.0 152.0 86.0 66.0 39.0 55.0 45.0 8.0 11.0 11.0 155.0 98.0 65.0 9.0 20.0 20.0 7.0 10.0 10.0 165.0 89.0 64.0 10.0 21.0 25.0 7.0 9.0 12.0 121.0 87.0 61.0 9.0 14.0 14.0 7.0 10.0 11.0 169.0 90.0 64.0 24.0 41.0 37.0 8.0 9.0 10.0 129.0 112.0 66.0 56.0 65.0 51.0 8.0 12.0 16.0 7.0 14.0 11.0 159.0 84.0 66.0 34.0 49.0 44.0 7.0 10.0 10.0 161.0 91.0 76.0 31.0 47.0 43.0 8.0 11.0 10.0 122.0 92.0 64.0 8.0 15.0 14.0 8.0 11.0 10.0 162.0 100.0 68.0 30.0 46.0 47.0 8.0 12.0 10.0 157.0 84.0 67.0 35.0 49.0 43.0 7.0 11.0 11.0 175.0 91.0 68.0 20.0 36.0 35.0 7.0 11.0 10.0 130.0 88.0 65.0 55.0 65.0 50.0 8.0 11.0 11.0 8.0 11.0 10.0 157.0 95.0 65.0 9.0 21.0 18.0 8.0 11.0 10.0 179.0 98.0 66.0 13.0 28.0 24.0 7.0 12.0 10.0 136.0 83.0 64.0 51.0 62.0 49.0 8.0 12.0 11.0 8.0 11.0 10.0 94.0 77.0 59.0 91.0 77.0 61.0 8.0 13.0 13.0 7.0 11.0 10.0 179.0 90.0 65.0 12.0 28.0 24.0 8.0 11.0 10.0 123.0 84.0 63.0 9.0 14.0 17.0 8.0 11.0 10.0 80.0 89.0 59.0 104.0 79.0 58.0 8.0 14.0 13.0 7.0 11.0 10.0 128.0 81.0 64.0 57.0 63.0 52.0 8.0 11.0 12.0 8.0 10.0 10.0 161.0 96.0 65.0 35.0 50.0 42.0 8.0 10.0 11.0 89.0 74.0 58.0 92.0 80.0 59.0 8.0 12.0 13.0 8.0 11.0 10.0 176.0 94.0 64.0 14.0 24.0 22.0 7.0 11.0 11.0 157.0 92.0 68.0 35.0 50.0 45.0 8.0 10.0 11.0 105.0 83.0 59.0 9.0 14.0 14.0 8.0 10.0 10.0 130.0 85.0 61.0 9.0 20.0 18.0 7.0 11.0 10.0 157.0 96.0 68.0 35.0 49.0 42.0 7.0 11.0 10.0 162.0 87.0 67.0 31.0 51.0 41.0 8.0 11.0 10.0 182.0 90.0 65.0 14.0 29.0 27.0 8.0 10.0 10.0 149.0 90.0 67.0 42.0 56.0 49.0 8.0 11.0 14.0 122.0 92.0 64.0 9.0 20.0 17.0 8.0 11.0 10.0 179.0 135.0 112.0 26.0 56.0 37.0 9.0 11.0 10.0
49 47 1 TRACE 1486.0 1226.0 309.0 302.0 149.0 148.0 1180.0 852.0 365.0 347.0 148.0 148.0 664.0 504.0 198.0 197.0 144.0 146.0 1444.0 1100.0 472.0 428.0 151.0 152.0 147.0 144.0 1282.0 915.0 449.0 401.0 148.0 148.0 1448.0 1092.0 510.0 445.0 157.0 161.0 145.0 147.0 681.0 532.0 229.0 225.0 147.0 147.0 1107.0 798.0 383.0 363.0 146.0 148.0 686.0 536.0 234.0 226.0 146.0 155.0 1131.0 804.0 389.0 363.0 150.0 147.0 793.0 583.0 278.0 273.0 145.0 146.0 1400.0 1031.0 495.0 435.0 153.0 151.0 145.0 145.0 834.0 670.0 294.0 285.0 147.0 153.0 804.0 598.0 285.0 281.0 144.0 147.0 1215.0 861.0 419.0 386.0 150.0 149.0 956.0 716.0 335.0 323.0 148.0 156.0 1335.0 961.0 468.0 418.0 159.0 150.0 809.0 621.0 287.0 281.0 146.0 148.0 866.0 642.0 304.0 296.0 145.0 146.0 633.0 514.0 204.0 203.0 147.0 146.0 1510.0 1310.0 555.0 473.0 163.0 163.0 146.0 157.0 1211.0 860.0 445.0 403.0 148.0 148.0 847.0 628.0 302.0 293.0 145.0 146.0 708.0 552.0 241.0 237.0 146.0 147.0 1285.0 912.0 507.0 402.0 159.0 149.0 1409.0 1048.0 496.0 439.0 154.0 153.0 155.0 146.0 770.0 604.0 271.0 268.0 148.0 147.0 1077.0 764.0 368.0 345.0 147.0 147.0 1448.0 1115.0 529.0 448.0 152.0 152.0 146.0 146.0 1025.0 736.0 355.0 336.0 150.0 156.0 639.0 508.0 216.0 207.0 146.0 146.0 1309.0 931.0 453.0 414.0 153.0 145.0 689.0 542.0 233.0 229.0 149.0 145.0 730.0 562.0 248.0 242.0 145.0 160.0 625.0 524.0 197.0 194.0 146.0 145.0 1178.0 851.0 402.0 373.0 153.0 148.0 1398.0 1046.0 504.0 445.0 155.0 151.0 148.0 145.0 1212.0 885.0 422.0 378.0 144.0 149.0 1187.0 884.0 414.0 372.0 146.0 144.0 624.0 499.0 175.0 174.0 144.0 142.0 1250.0 882.0 408.0 371.0 150.0 143.0 1263.0 905.0 431.0 385.0 144.0 144.0 1080.0 773.0 350.0 329.0 144.0 147.0 1405.0 1044.0 499.0 429.0 147.0 148.0 142.0 142.0 684.0 532.0 205.0 209.0 145.0 143.0 830.0 615.0 272.0 262.0 145.0 144.0 1397.0 1034.0 485.0 425.0 153.0 146.0 146.0 141.0 1511.0 1329.0 573.0 483.0 158.0 158.0 142.0 142.0 799.0 590.0 259.0 251.0 145.0 143.0 624.0 512.0 176.0 176.0 142.0 142.0 1554.0 1432.0 585.0 481.0 170.0 161.0 147.0 141.0 1424.0 1080.0 502.0 432.0 153.0 148.0 141.0 142.0 1258.0 877.0 426.0 385.0 143.0 144.0 1521.0 1369.0 570.0 475.0 160.0 162.0 142.0 142.0 765.0 583.0 246.0 237.0 145.0 142.0 1271.0 892.0 428.0 381.0 150.0 145.0 606.0 500.0 165.0 166.0 144.0 142.0 644.0 515.0 183.0 180.0 143.0 142.0 1277.0 917.0 432.0 384.0 150.0 146.0 1241.0 893.0 421.0 370.0 146.0 145.0 895.0 662.0 294.0 280.0 141.0 143.0 1326.0 959.0 457.0 400.0 148.0 145.0 622.0 502.0 178.0 177.0 142.0 143.0 860.0 881.0 506.0 532.0 238.0 154.0
49 50 1 TRACE 241.0 53.0 30.0 77.0 52.0 32.0 75.0 40.0 28.0 98.0 70.0 29.0 30.0 83.0 58.0 31.0 78.0 66.0 35.0 31.0 87.0 36.0 29.0 78.0 55.0 37.0 77.0 41.0 29.0 80.0 52.0 32.0 78.0 40.0 31.0 92.0 65.0 44.0 45.0 77.0 41.0 39.0 90.0 42.0 31.0 225.0 65.0 50.0 78.0 48.0 29.0 109.0 60.0 31.0 81.0 43.0 32.0 78.0 43.0 29.0 75.0 34.0 30.0 98.0 70.0 31.0 31.0 106.0 56.0 29.0 139.0 42.0 33.0 79.0 37.0 53.0 79.0 58.0 32.0 117.0 64.0 32.0 32.0 77.0 38.0 43.0 78.0 49.0 30.0 80.0 66.0 30.0 31.0 77.0 48.0 31.0 85.0 34.0 31.0 111.0 78.0 30.0 76.0 36.0 37.0 76.0 38.0 30.0 72.0 35.0 32.0 78.0 55.0 30.0 107.0 66.0 33.0 30.0 79.0 61.0 34.0 176.0 70.0 38.0 84.0 64.0 34.0 91.0 56.0 33.0 151.0 59.0 56.0 99.0 58.0 29.0 123.0 100.0 43.0 52.0 90.0 56.0 51.0 80.0 44.0 42.0 99.0 65.0 29.0 29.0 106.0 85.0 60.0 31.0 78.0 48.0 30.0 88.0 36.0 29.0 79.0 86.0 30.0 46.0 155.0 81.0 33.0 33.0 162.0 58.0 33.0 92.0 157.0 33.0 31.0 128.0 40.0 31.0 103.0 83.0 31.0 261.0 75.0 29.0 144.0 76.0 30.0 97.0 82.0 53.0 123.0 57.0 33.0 79.0 57.0 38.0 108.0 76.0 30.0 77.0 36.0 52.0 133.0 52.0 85.0
50 25 1 TRACE 30.0 26.0 22.0 21.0 28.0 22.0 23.0 26.0 22.0 25.0 24.0 22.0 24.0 23.0 26.0 23.0 30.0 24.0 22.0 23.0 28.0 26.0 23.0 23.0 28.0 22.0 25.0 25.0 20.0 25.0 24.0 29.0 23.0 23.0 22.0 26.0 22.0 27.0 27.0 23.0 26.0 28.0 24.0 21.0 23.0 23.0 21.0 22.0 23.0 22.0 23.0 21.0 27.0 22.0 24.0 27.0 23.0 23.0 29.0 27.0 23.0 29.0 21.0 52.0
50 41 1 TRACE 9.0 9.0 9.0 8.0 9.0 9.0 9.0 9.0 9.0 9.0 9.0 9.0 8.0 8.0 8.0 8.0 8.0 8.0 8.0 8.0 9.0 8.0 9.0 9.0 9.0 9.0 8.0 9.0 9.0 9.0 9.0 8.0 9.0 9.0 8.0 9.0 8.0 9.0 9.0 9.0 9.0 9.0 9.0 8.0 8.0 9.0 10.0 9.0 9.0 8.0 9.0 9.0 9.0 8.0 9.0 9.0 9.0 9.0 8.0 8.0 8.0 9.0 9.0 8.0 8.0 9.0 9.0 8.0 9.0 8.0 9.0 9.0 9.0 8.0 9.0 8.0 9.0 8.0 9.0 9.0 9.0 8.0 9.0 9.0 8.0 8.0 8.0 8.0 9.0 9.0 8.0 8.0 8.0 11.0 8.0 9.0 8.0 9.0 9.0 9.0 9.0 9.0 9.0 9.0 9.0 9.0 9.0 8.0 9.0 9.0 8.0 8.0 8.0 9.0 8.0 8.0 9.0 9.0 9.0 10.0 9.0 9.0 9.0 8.0 9.0 8.0 8.0 9.0 9.0 8.0 8.0 9.0 11.0 9.0 9.0 9.0 8.0 9.0 8.0 10.0 9.0
51 52 1 TRACE 2246.0 2244.0 2248.0 2197.0 2201.0 2209.0 2209.0 2209.0 2202.0 2196.0 2200.0 2225.0 2190.0 2200.0 2231.0 2197.0 2206.0 2193.0 2187.0 2199.0 2203.0 2238.0 2204.0 2306.0 2218.0 2205.0 2194.0 2212.0 2164.0 2161.0 2164.0 2151.0 2173.0 2172.0 2180.0 2156.0 2167.0 2145.0 2146.0 2128.0 2147.0 2141.0 2160.0 2165.0 2144.0 2190.0 2151.0 2147.0 2154.0 2183.0 2161.0 2146.0 2182.0 2144.0 2227.0 2166.0 2150.0 2155.0 2139.0 2176.0 2133.0 2171.0 2131.0 2793.0
52 53 1 TRACE 68.0 56.0 57.0 57.0 57.0 56.0 57.0 58.0 65.0 57.0 58.0 56.0 58.0 57.0 60.0 67.0 56.0 57.0 58.0 57.0 83.0 58.0 57.0 57.0 58.0 75.0 57.0 57.0 57.0 57.0 56.0 57.0 57.0 57.0 56.0 57.0 57.0 57.0 65.0 57.0 56.0 56.0 56.0 57.0 60.0 80.0 58.0 58.0 61.0 56.0 56.0 56.0 56.0 58.0 57.0 57.0 58.0 57.0 67.0 57.0 56.0 56.0 58.0 95.0
53 54 1 TRACE 24.0 18.0 19.0 18.0 18.0 19.0 18.0 16.0 16.0 16.0 16.0 16.0 16.0 16.0 17.0 16.0 15.0 16.0 19.0 22.0 17.0 17.0 17.0 16.0 17.0 18.0 17.0 17.0 13.0 13.0 13.0 13.0 13.0 13.0 13.0 17.0 17.0 17.0 17.0 17.0 16.0 17.0 17.0 17.0 18.0 15.0 17.0 17.0 19.0 15.0 15.0 15.0 15.0 13.0 14.0 15.0 15.0 13.0 16.0 13.0 13.0 12.0 14.0 16.0
54 55 1 TRACE 46.0 19.0 20.0 18.0 19.0 20.0 20.0 19.0 19.0 18.0 19.0 19.0 19.0 19.0 18.0 18.0 20.0 19.0 44.0 19.0 20.0 19.0 20.0 19.0 18.0 20.0 18.0 31.0 18.0 19.0 20.0 18.0 19.0 19.0 18.0 18.0 19.0 18.0 20.0 19.0 19.0 19.0 19.0 18.0 19.0 20.0 20.0 18.0 19.0 19.0 18.0 30.0 19.0 20.0 20.0 31.0 18.0 18.0 19.0 19.0 19.0 18.0 19.0 24.0
55 56 1 TRACE 11.0 7.0 7.0 7.0 7.0 8.0 7.0 8.0 8.0 7.0 8.0 7.0 7.0 7.0 8.0 8.0 7.0 8.0 8.0 8.0 7.0 7.0 7.0 7.0 8.0 7.0 8.0 8.0 7.0 7.0 7.0 7.0 7.0 7.0 7.0 7.0 7.0 7.0 7.0 7.0 8.0 7.0 7.0 7.0 7.0 7.0 8.0 7.0 7.0 7.0 7.0 8.0 7.0 7.0 7.0 7.0 7.0 7.0 7.0 7.0 7.0 8.0 7.0 9.0
56 57 1 TRACE 23.0 7.0 7.0 7.0 7.0 7.0 7.0 7.0 7.0 7.0 7.0 7.0 7.0 23.0 7.0 6.0 7.0 7.0 7.0 7.0 7.0 7.0 7.0 7.0 7.0 7.0 7.0 7.0 7.0 7.0 7.0 7.0 7.0 7.0 7.0 7.0 7.0 7.0 7.0 7.0 7.0 6.0 7.0 7.0 7.0 7.0 7.0 7.0 7.0 7.0 7.0 7.0 7.0 7.0 7.0 8.0 7.0 7.0 7.0 7.0 7.0 7.0 7.0 9.0
57 58 1 TRACE 11.0 7.0 7.0 7.0 7.0 7.0 7.0 7.0 7.0 7.0 7.0 7.0 7.0 8.0 7.0 7.0 7.0 7.0 7.0 7.0 7.0 8.0 7.0 7.0 7.0 7.0 7.0 8.0 7.0 7.0 7.0 7.0 7.0 7.0 7.0 7.0 7.0 6.0 7.0 7.0 7.0 7.0 7.0 7.0 7.0 7.0 7.0 7.0 7.0 7.0 7.0 7.0 7.0 7.0 6.0 7.0 7.0 7.0 7.0 7.0 7.0 7.0 6.0 9.0
58 59 1 TRACE 16.0 9.0 8.0 8.0 8.0 8.0 8.0 8.0 8.0 8.0 8.0 8.0 8.0 8.0 8.0 8.0 7.0 8.0 9.0 8.0 8.0 8.0 7.0 8.0 8.0 8.0 8.0 19.0 8.0 8.0 8.0 8.0 8.0 8.0 8.0 8.0 8.0 8.0 8.0 7.0 8.0 8.0 8.0 8.0 8.0 8.0 8.0 8.0 8.0 7.0 8.0 9.0 8.0 8.0 8.0 8.0 8.0 8.0 8.0 7.0 7.0 8.0 8.0 10.0
59 60 1 TRACE 8.0 19.0 18.0 7.0 6.0 7.0 7.0 19.0 7.0 19.0 18.0 6.0 7.0 20.0 7.0 7.0 7.0 18.0 20.0 7.0 18.0 7.0 7.0 7.0 19.0 7.0 7.0 19.0 18.0 7.0 7.0 7.0 7.0 6.0 7.0 7.0 7.0 7.0 7.0 7.0 7.0 6.0 7.0 7.0 7.0 7.0 6.0 7.0 7.0 7.0 7.0 20.0 7.0 7.0 7.0 19.0 7.0 6.0 7.0 7.0 7.0 7.0 7.0 9.0
60 61 1 TRACE 8.0 7.0 8.0 18.0 19.0 19.0 8.0 7.0 8.0 7.0 8.0 19.0 19.0 7.0 19.0 19.0 18.0 7.0 7.0 19.0 7.0 8.0 8.0 8.0 7.0 7.0 18.0 7.0 7.0 19.0 8.0 7.0 19.0 19.0 18.0 19.0 18.0 18.0 18.0 19.0 19.0 19.0 18.0 19.0 18.0 19.0 19.0 18.0 18.0 18.0 18.0 7.0 18.0 18.0 19.0 7.0 19.0 19.0 19.0 18.0 19.0 19.0 18.0 9.0
61 62 1 TRACE 7.0 7.0 7.0 8.0 7.0 7.0 8.0 7.0 8.0 7.0 8.0 7.0 7.0 8.0 7.0 8.0 8.0 8.0 8.0 7.0 7.0 7.0 7.0 8.0 7.0 19.0 7.0 7.0 7.0 7.0 8.0 19.0 7.0 7.0 7.0 7.0 8.0 8.0 8.0 7.0 7.0 7.0 8.0 7.0 8.0 7.0 7.0 7.0 8.0 8.0 7.0 7.0 8.0 8.0 7.0 8.0 8.0 7.0 7.0 8.0 7.0 7.0 8.0 8.0
62 1 1 TRACE 25.0 23.0 20.0 20.0 21.0 21.0 20.0 20.0 20.0 20.0 20.0 20.0 20.0 24.0 27.0 21.0 21.0 21.0 23.0 21.0 21.0 20.0 20.0 20.0 20.0 22.0 21.0 21.0 20.0 20.0 21.0 21.0 21.0 21.0 21.0 23.0 21.0 21.0 20.0 21.0 21.0 21.0 21.0 21.0 21.0 20.0 21.0 21.0 20.0 21.0 20.0 21.0 20.0 21.0 21.0 22.0 21.0 20.0 21.0 21.0 20.0 21.0 20.0
