0 1 CONSTANT 8.0
1 1 CONSTANT 8.0
2 1 CONSTANT 0.0
3 1 CONSTANT 8.0
4 1 CONSTANT 8.0
5 1 CONSTANT 8.0
6 1 CONSTANT 8.0
7 1 CONSTANT 8.0
8 1 CONSTANT 8.0
9 1 CONSTANT 0.0
10 1 CONSTANT 0.0
11 1 CONSTANT 0.0
12 1 CONSTANT 0.0
13 1 CONSTANT 8.0
14 1 CONSTANT 4.0
15 1 CONSTANT 4.0
16 1 CONSTANT 0.0
17 1 CONSTANT 0.0
18 1 CONSTANT 0.0
19 1 CONSTANT 0.0
20 1 CONSTANT 4.0
21 1 CONSTANT 8.0
22 1 CONSTANT 8.0
23 1 CONSTANT 8.0
24 1 CONSTANT 8.0
25 1 CONSTANT 4.0
26 1 CONSTANT 4.0
27 1 CONSTANT 8.0
28 1 TRACE 0.0 0.0 8.0 0.0 0.0 0.0 236.0 4.0 0.0 0.0 92.0 52.0 0.0 0.0 0.0 16.0 4.0 0.0 12.0 0.0 0.0 16.0 0.0 0.0 12.0 0.0 0.0 936.0 0.0 0.0 0.0 16.0 0.0 0.0 0.0 880.0 4.0 0.0 4.0 960.0 0.0 0.0 4.0 12.0 0.0 4.0 256.0 0.0 0.0 0.0 8.0 0.0 0.0 36.0 100.0 0.0 0.0 0.0 4.0 0.0 0.0 12.0 0.0 4.0 548.0 4.0 0.0 4.0 16.0 228.0 4.0 0.0 28.0 132.0 0.0 0.0 0.0 16.0 0.0 84.0 52.0 0.0 0.0 8.0 508.0 4.0 0.0 16.0 192.0 0.0 0.0 12.0 288.0 0.0 0.0 0.0 4.0 0.0 0.0 12.0 0.0 0.0 4.0 0.0 0.0 220.0 36.0 0.0 0.0 20.0 4.0 8.0 308.0 4.0 0.0 28.0 136.0 0.0 0.0 0.0 0.0 424.0 0.0 0.0 0.0 324.0 4.0 0.0 0.0 4.0 4.0 0.0 20.0 0.0 0.0 0.0 80.0 52.0 0.0 0.0 8.0 456.0 4.0 0.0 8.0 312.0 0.0 0.0 0.0 904.0 4.0 0.0 0.0 4.0 0.0 0.0 576.0 0.0 0.0 0.0 12.0 0.0 4.0 212.0 4.0 0.0 0.0 260.0 4.0 0.0 204.0 32.0 0.0 0.0 12.0 152.0 0.0 0.0 0.0 228.0 36.0 0.0 0.0 0.0 328.0 0.0 4.0 0.0 420.0 0.0 0.0 0.0 0.0 888.0 8.0 0.0 0.0 12.0 0.0 0.0 0.0 8.0 0.0 8.0 460.0 20.0 0.0 0.0 8.0 652.0 0.0 0.0 0.0 108.0 48.0 0.0 0.0 8.0 1044.0 8.0 0.0 0.0 436.0 0.0 0.0 0.0 4.0 0.0 0.0 8.0 0.0 12.0 248.0 0.0 0.0 0.0 236.0 28.0 0.0 20.0 176.0 0.0 0.0 0.0 332.0 32.0 0.0
29 1 CONSTANT 4.0
30 1 TRACE 0.0 0.0 8.0 0.0 0.0 0.0 236.0 4.0 0.0 0.0 92.0 52.0 0.0 0.0 0.0 16.0 4.0 0.0 12.0 0.0 0.0 16.0 0.0 0.0 12.0 0.0 0.0 936.0 0.0 0.0 0.0 16.0 0.0 0.0 0.0 880.0 4.0 0.0 4.0 960.0 0.0 0.0 4.0 12.0 0.0 4.0 256.0 0.0 0.0 0.0 8.0 0.0 0.0 36.0 100.0 0.0 0.0 0.0 4.0 0.0 0.0 12.0 0.0 4.0 548.0 4.0 0.0 4.0 16.0 228.0 4.0 0.0 28.0 132.0 0.0 0.0 0.0 16.0 0.0 84.0 52.0 0.0 0.0 8.0 508.0 4.0 0.0 16.0 192.0 0.0 0.0 12.0 288.0 0.0 0.0 0.0 4.0 0.0 0.0 12.0 0.0 0.0 4.0 0.0 0.0 220.0 36.0 0.0 0.0 20.0 4.0 8.0 308.0 4.0 0.0 28.0 136.0 0.0 0.0 0.0 0.0 424.0 0.0 0.0 0.0 324.0 4.0 0.0 0.0 4.0 4.0 0.0 20.0 0.0 0.0 0.0 80.0 52.0 0.0 0.0 8.0 456.0 4.0 0.0 8.0 312.0 0.0 0.0 0.0 904.0 4.0 0.0 0.0 4.0 0.0 0.0 576.0 0.0 0.0 0.0 12.0 0.0 4.0 212.0 4.0 0.0 0.0 260.0 4.0 0.0 204.0 32.0 0.0 0.0 12.0 152.0 0.0 0.0 0.0 228.0 36.0 0.0 0.0 0.0 328.0 0.0 4.0 0.0 420.0 0.0 0.0 0.0 0.0 888.0 8.0 0.0 0.0 12.0 0.0 0.0 0.0 8.0 0.0 8.0 460.0 20.0 0.0 0.0 8.0 652.0 0.0 0.0 0.0 108.0 48.0 0.0 0.0 8.0 1044.0 8.0 0.0 0.0 436.0 0.0 0.0 0.0 4.0 0.0 0.0 8.0 0.0 12.0 248.0 0.0 0.0 0.0 236.0 28.0 0.0 20.0 176.0 0.0 0.0 0.0 332.0 32.0 0.0
31 1 CONSTANT 8.0
32 1 CONSTANT 8.0
33 1 CONSTANT 4.0
34 1 CONSTANT 0.0
35 1 CONSTANT 0.0
36 1 CONSTANT 8.0
37 1 CONSTANT 8.0
38 1 CONSTANT 8.0
39 1 TRACE 8.0 0.0 0.0 8.0 8.0 0.0 8.0 0.0 8.0 8.0 0.0 8.0 0.0 8.0 0.0 0.0 8.0 0.0 0.0 8.0 0.0 0.0 8.0 0.0 0.0 8.0 0.0 8.0 0.0 8.0 0.0 8.0 0.0 8.0 0.0 8.0 0.0 8.0 0.0 8.0 0.0 8.0 0.0 0.0 8.0 0.0 8.0 0.0 8.0 0.0 0.0 8.0 8.0 0.0 8.0 0.0 8.0 0.0 0.0 8.0 0.0 0.0 8.0 0.0 8.0 0.0 8.0 8.0 0.0 8.0 0.0 8.0 0.0 8.0 0.0 8.0 0.0 0.0 8.0 0.0 8.0 0.0 8.0 0.0 8.0 0.0 8.0 0.0 8.0 0.0 8.0 0.0 8.0 0.0 8.0 0.0 0.0 8.0 0.0 0.0 8.0 0.0 0.0 8.0 8.0 0.0 0.0 8.0 0.0 0.0 8.0 0.0 8.0 0.0 8.0 0.0 8.0 0.0 8.0 8.0 0.0 8.0 0.0 8.0 0.0 8.0 0.0 8.0 0.0 0.0 8.0 0.0 8.0 0.0 8.0 8.0 0.0 8.0 0.0 8.0 0.0 8.0 0.0 8.0 0.0 8.0 0.0 8.0 0.0 8.0 0.0 8.0 0.0 0.0 8.0 0.0 8.0 0.0 8.0 0.0 0.0 8.0 0.0 8.0 0.0 8.0 0.0 8.0 0.0 8.0 0.0 8.0 0.0 8.0 0.0 8.0 0.0 8.0 8.0 0.0 8.0 0.0 8.0 0.0 8.0 0.0 8.0 0.0 8.0 0.0 8.0 8.0 0.0 8.0 0.0 8.0 0.0 0.0 8.0 8.0 0.0 0.0 8.0 8.0 0.0 8.0 0.0 8.0 0.0 8.0 0.0 8.0 8.0 0.0 8.0 0.0 8.0 0.0 8.0 0.0 8.0 0.0 8.0 0.0 8.0 0.0 0.0 8.0 0.0 0.0 8.0 0.0 8.0 0.0 8.0 8.0 0.0 0.0 8.0 0.0 8.0 0.0 8.0 8.0 0.0 8.0 0.0
40 1 CONSTANT 8.0
41 1 CONSTANT 8.0
42 1 CONSTANT 8.0
43 1 CONSTANT 23048.0
44 1 CONSTANT 23040.0
45 1 CONSTANT 8.0
46 1 CONSTANT 23048.0
47 1 CONSTANT 4.0
48 1 TRACE 813104.0 300560.0 200192.0 155792.0 126928.0 462032.0 279632.0 200944.0 153824.0 122960.0 2000.0 2240.0 2080.0 2224.0 1760.0 0.0 0.0 0.0 0.0 0.0 1443488.0 428640.0 267984.0 195088.0 150656.0 56960.0 53536.0 48768.0 45072.0 41136.0 144.0 272.0 96.0 256.0 128.0 1234960.0 425168.0 265184.0 192272.0 146944.0 15760.0 16128.0 15552.0 14064.0 13648.0 16.0 64.0 16.0 32.0 64.0 646848.0 267664.0 183328.0 144240.0 125216.0 633312.0 331168.0 226496.0 169216.0 131872.0 3424.0 3824.0 3520.0 3424.0 2784.0 0.0 16.0 0.0 16.0 16.0 550960.0 209344.0 142208.0 111280.0 93296.0 655488.0 342704.0 233072.0 174768.0 135392.0 3488.0 3664.0 3632.0 3424.0 3232.0 0.0 0.0 0.0 16.0 0.0 656672.0 258432.0 181152.0 140480.0 119424.0 602432.0 324464.0 222592.0 167824.0 131472.0 3312.0 3280.0 2944.0 2864.0 3072.0 16.0 0.0 0.0 16.0 0.0 728928.0 279488.0 189600.0 153904.0 124480.0 546832.0 308480.0 214400.0 162112.0 128560.0 2720.0 3024.0 2976.0 2592.0 2272.0 0.0 0.0 0.0 16.0 0.0 1185248.0 379840.0 246816.0 182176.0 144192.0 210464.0 162240.0 129888.0 108656.0 91664.0 640.0 896.0 768.0 880.0 640.0 618800.0 244032.0 169264.0 134464.0 114288.0 649520.0 337520.0 231344.0 171968.0 134144.0 3408.0 3904.0 3456.0 3232.0 2928.0 16.0 0.0 0.0 16.0 16.0 1215216.0 382896.0 245872.0 183664.0 144064.0 191328.0 151584.0 122032.0 103200.0 88016.0 560.0 784.0 672.0 768.0 592.0 1176736.0 376448.0 243936.0 183024.0 143520.0 214736.0 164416.0 132576.0 109696.0 92288.0 560.0 864.0 704.0 784.0 592.0 759408.0 288464.0 198544.0 154128.0 125392.0 513936.0 298864.0 209280.0 159296.0 125648.0 2352.0 2512.0 2528.0 2368.0 2240.0 0.0 0.0 0.0 0.0 0.0 1437200.0 428144.0 265536.0 194128.0 148656.0 65360.0 60208.0 54512.0 50656.0 46320.0 128.0 224.0 192.0 288.0 208.0 976240.0 333120.0 221184.0 170608.0 135376.0 338080.0 229936.0 172160.0 137296.0 112192.0 1328.0 1568.0 1344.0 1408.0 1136.0 0.0 0.0 0.0 0.0 0.0 1390864.0 431984.0 269744.0 193424.0 148736.0 29296.0 28768.0 26928.0 25664.0 24192.0 48.0 96.0 64.0 96.0 80.0 1088016.0 360944.0 238512.0 177872.0 140912.0 267072.0 194496.0 150208.0 123472.0 101552.0 1056.0 1152.0 1104.0 1200.0 816.0 0.0 0.0 0.0 0.0 0.0 812912.0 294144.0 197376.0 152096.0 122368.0 449984.0 276080.0 199312.0 153904.0 123072.0 2064.0 2128.0 2112.0 2000.0 1632.0 0.0 0.0 0.0 16.0 0.0 1350416.0 409392.0 259104.0 188816.0 147392.0 122864.0 104016.0 88848.0 79168.0 68576.0 336.0 384.0 432.0 384.0 368.0 1442592.0 430736.0 267168.0 193856.0 149696.0 51296.0 47584.0 44048.0 41360.0 37552.0 96.0 160.0 128.0 192.0 128.0 1424464.0 432416.0 269536.0 194768.0 148928.0 37216.0 34768.0 33408.0 31024.0 29696.0 80.0 112.0 80.0 96.0 80.0 615072.0 248960.0 171264.0 134688.0 113808.0 647952.0 335536.0 228320.0 170448.0 132768.0 3392.0 3760.0 3504.0 3264.0 3136.0 16.0 0.0 0.0 16.0 0.0 1220848.0 424032.0 265600.0 190704.0 146464.0 16064.0 15088.0 15616.0 14304.0 13552.0 16.0 32.0 0.0 64.0 16.0 1359056.0 411280.0 258736.0 190592.0 148304.0 117312.0 100320.0 87664.0 76992.0 67328.0 304.0 448.0 416.0 416.0 256.0 1443600.0 430336.0 266160.0 195328.0 150048.0 53552.0 49168.0 45808.0 41344.0 38512.0 112.0 160.0 144.0 272.0 112.0 1439920.0 430304.0 266096.0 194320.0 150128.0 60800.0 56336.0 52368.0 47344.0 43840.0 160.0 240.0 240.0 192.0 160.0 936944.0 332848.0 218160.0 170320.0 136336.0 370432.0 243888.0 181344.0 141344.0 114592.0 1488.0 1760.0 1520.0 1616.0 1328.0 0.0 0.0 0.0 0.0 0.0 805552.0 307536.0 206432.0 158704.0 130368.0 478912.0 284224.0 202000.0 155072.0 123728.0 2096.0 2448.0 2096.0 2048.0 1824.0 0.0 0.0 0.0 16.0 0.0 1051408.0 354912.0 233952.0 176016.0 139904.0 290992.0 208576.0 159216.0 128656.0 105296.0 1072.0 1248.0 1136.0 1088.0 1024.0 0.0 0.0 0.0 0.0 0.0 966976.0 396000.0 254576.0 187600.0 143792.0 7808.0 7904.0 7872.0 7248.0 6912.0 16.0 16.0 0.0 48.0 16.0 607680.0 235680.0 166112.0 132480.0 109712.0 645136.0 337808.0 229568.0 171600.0 134336.0 3456.0 3616.0 3584.0 3360.0 3184.0 0.0 0.0 0.0 16.0 0.0 1418944.0 422208.0 262992.0 193056.0 149200.0 80864.0 73104.0 65232.0 58608.0 52688.0 240.0 320.0 272.0 304.0 272.0 1414624.0 434576.0 270512.0 194048.0 149072.0 34016.0 32800.0 31104.0 28768.0 27360.0 128.0 112.0 32.0 112.0 80.0 1399104.0 421184.0 263200.0 192208.0 149792.0 93856.0 83232.0 74032.0 66592.0 57600.0 224.0 336.0 304.0 400.0 272.0 1425728.0 422992.0 265216.0 193216.0 150320.0 76416.0 70512.0 62464.0 57760.0 51376.0 176.0 256.0 256.0 368.0 224.0 976784.0 345408.0 225984.0 172928.0 136528.0 342064.0 230320.0 173248.0 137152.0 111248.0 1456.0 1584.0 1328.0 1264.0 1136.0 0.0 0.0 0.0 0.0 0.0 631472.0 259440.0 182400.0 143504.0 122976.0 648672.0 334528.0 228224.0 169920.0 132288.0 3376.0 3552.0 3664.0 3424.0 3104.0 16.0 0.0 0.0 16.0 16.0 1189088.0 420656.0 264624.0 192272.0 147184.0 13840.0 13664.0 13840.0 12320.0 12080.0 32.0 48.0 0.0 32.0 48.0 1384464.0 415328.0 261296.0 193456.0 149728.0 102880.0 90384.0 79264.0 69696.0 62128.0 320.0 480.0 384.0 448.0 256.0 1438192.0 425776.0 267184.0 194704.0 151472.0 67760.0 62512.0 56432.0 51488.0 46256.0 224.0 240.0 224.0 304.0 224.0 1178352.0 378848.0 246160.0 181088.0 145104.0 211136.0 162512.0 130016.0 110592.0 91904.0 736.0 928.0 784.0 800.0 592.0 683776.0 268144.0 190496.0 146576.0 119840.0 576976.0 317712.0 219744.0 164992.0 130560.0 2960.0 3376.0 3104.0 2912.0 2608.0 0.0 0.0 0.0 16.0 0.0 1360000.0 413584.0 258304.0 191072.0 149120.0 117168.0 99632.0 88112.0 76656.0 66944.0 368.0 496.0 464.0 416.0 320.0 759664.0 289920.0 197264.0 154448.0 128352.0 519040.0 299136.0 209872.0 159616.0 125664.0 2832.0 2512.0 2480.0 2448.0 1968.0 16.0 0.0 0.0 16.0 0.0 1444384.0 428944.0 267104.0 194944.0 150400.0 57024.0 52448.0 49488.0 44800.0 40560.0 80.0 240.0 176.0 176.0 192.0 1436688.0 426960.0 263968.0 192288.0 149472.0 64992.0 58240.0 53728.0 50496.0 45120.0 160.0 352.0 144.0 208.0 192.0 943184.0 393120.0 254592.0 186352.0 142560.0 7328.0 7456.0 7184.0 6640.0 6896.0 32.0 16.0 0.0 64.0 16.0 1433936.0 435440.0 271152.0 194752.0 150304.0 41696.0 39312.0 37744.0 34512.0 32032.0 96.0 160.0 48.0 160.0 144.0 956400.0 398336.0 255392.0 186448.0 143472.0 8000.0 7888.0 7328.0 7008.0 6864.0 16.0 32.0 0.0 16.0 16.0 1418640.0 422160.0 264224.0 190640.0 150544.0 80368.0 72960.0 64672.0 60048.0 52704.0 224.0 288.0 304.0 368.0 288.0 1402528.0 421376.0 262928.0 193680.0 149632.0 91632.0 82128.0 72944.0 64896.0 58000.0 336.0 352.0 288.0 336.0 288.0 1221920.0 385072.0 247936.0 180816.0 146368.0 188176.0 150800.0 122304.0 103680.0 87088.0 752.0 688.0 672.0 752.0 528.0 976800.0 333264.0 220880.0 167520.0 135040.0 334736.0 229344.0 172160.0 136288.0 111408.0 1392.0 1520.0 1360.0 1520.0 1168.0 16.0 0.0 0.0 0.0 0.0 932352.0 330016.0 214992.0 164688.0 133120.0 369968.0 242032.0 181488.0 142864.0 115360.0 1568.0 1568.0 1616.0 1728.0 1232.0 0.0 0.0 0.0 0.0 0.0 777104.0 366176.0 240752.0 177568.0 137632.0 4816.0 5104.0 4864.0 4672.0 4256.0 32.0 0.0 0.0 32.0 0.0 1280480.0 399408.0 249696.0 186208.0 146608.0 157488.0 127696.0 108128.0 94064.0 79040.0 512.0 656.0 640.0 640.0 464.0 1249488.0 428352.0 266912.0 194768.0 147472.0 16912.0 17120.0 15872.0 14720.0 14352.0 16.0 16.0 0.0 64.0 64.0 1178032.0 380032.0 245456.0 181648.0 143568.0 212816.0 164768.0 132144.0 110416.0 92992.0 752.0 880.0 848.0 864.0 592.0 1379808.0 415200.0 261792.0 191248.0 150864.0 106720.0 94032.0 81328.0 72704.0 63616.0 240.0 464.0 480.0 304.0 352.0 1108592.0 367600.0 237952.0 179760.0 141472.0 253184.0 187616.0 148080.0 121696.0 99392.0 896.0 1280.0 1040.0 848.0 848.0 0.0 0.0 0.0 0.0 0.0 731936.0 270768.0 183440.0 142976.0 118912.0 523104.0 301984.0 211808.0 160480.0 126960.0 2208.0 2480.0 2608.0 2448.0 2352.0 16.0 0.0 0.0 16.0 0.0 1444000.0 434896.0 269552.0 195872.0 150992.0 55760.0 52240.0 48256.0 44528.0 40352.0 208.0 144.0 160.0 208.0 112.0 920848.0 393344.0 253968.0 185904.0 142144.0 7184.0 6992.0 6960.0 6368.0 6016.0 16.0 16.0 0.0 16.0 16.0 1433200.0 434752.0 269440.0 194528.0 149888.0 41152.0 39248.0 36928.0 34816.0 31856.0 128.0 176.0 112.0 160.0 128.0 909184.0 391504.0 252048.0 184048.0 141632.0 6656.0 6608.0 6784.0 6480.0 6064.0 16.0 16.0 0.0 16.0 32.0
49 1 TRACE 23056.0 23056.0 23056.0 23056.0 8.0 23056.0 23056.0 23056.0 23056.0 8.0 23056.0 23056.0 23056.0 23056.0 8.0 23056.0 23056.0 23056.0 23056.0 8.0 23056.0 23056.0 23056.0 23056.0 8.0 23056.0 23056.0 23056.0 23056.0 8.0 23056.0 23056.0 23056.0 23056.0 8.0 23056.0 23056.0 23056.0 23056.0 8.0 23056.0 23056.0 23056.0 23056.0 8.0 23056.0 23056.0 23056.0 23056.0 8.0 23056.0 23056.0 23056.0 23056.0 8.0 23056.0 23056.0 23056.0 23056.0 8.0 23056.0 23056.0 23056.0 23056.0 8.0 23056.0 23056.0 23056.0 23056.0 8.0 23056.0 23056.0 23056.0 23056.0 8.0 23056.0 23056.0 23056.0 23056.0 8.0 23056.0 23056.0 23056.0 23056.0 8.0 23056.0 23056.0 23056.0 23056.0 8.0 23056.0 23056.0 23056.0 23056.0 8.0 23056.0 23056.0 23056.0 23056.0 8.0 23056.0 23056.0 23056.0 23056.0 8.0 23056.0 23056.0 23056.0 23056.0 8.0 23056.0 23056.0 23056.0 23056.0 8.0 23056.0 23056.0 23056.0 23056.0 8.0 23056.0 23056.0 23056.0 23056.0 8.0 23056.0 23056.0 23056.0 23056.0 8.0 23056.0 23056.0 23056.0 23056.0 8.0 23056.0 23056.0 23056.0 23056.0 8.0 23056.0 23056.0 23056.0 23056.0 8.0 23056.0 23056.0 23056.0 23056.0 8.0 23056.0 23056.0 23056.0 23056.0 8.0 23056.0 23056.0 23056.0 23056.0 8.0 23056.0 23056.0 23056.0 23056.0 8.0 23056.0 23056.0 23056.0 23056.0 8.0 23056.0 23056.0 23056.0 23056.0 8.0 23056.0 23056.0 23056.0 23056.0 8.0 23056.0 23056.0 23056.0 23056.0 8.0 23056.0 23056.0 23056.0 23056.0 8.0 23056.0 23056.0 23056.0 23056.0 8.0 23056.0 23056.0 23056.0 23056.0 8.0 23056.0 23056.0 23056.0 23056.0 8.0 23056.0 23056.0 23056.0 23056.0 8.0 23056.0 23056.0 23056.0 23056.0 8.0 23056.0 23056.0 23056.0 23056.0 8.0 23056.0 23056.0 23056.0 23056.0 8.0 23056.0 23056.0 23056.0 23056.0 8.0 23056.0 23056.0 23056.0 23056.0 8.0 23056.0 23056.0 23056.0 23056.0 8.0 23056.0 23056.0 23056.0 23056.0 8.0 23056.0 23056.0 23056.0 23056.0 8.0 23056.0 23056.0 23056.0 23056.0 8.0 23056.0 23056.0 23056.0 23056.0 8.0 23056.0 23056.0 23056.0 23056.0 8.0 23056.0 23056.0 23056.0 23056.0 8.0 23056.0 23056.0 23056.0 23056.0 8.0 23056.0 23056.0 23056.0 23056.0 8.0 23056.0 23056.0 23056.0 23056.0 8.0 23056.0 23056.0 23056.0 23056.0 8.0 23056.0 23056.0 23056.0 23056.0 8.0 23056.0 23056.0 23056.0 23056.0 8.0 23056.0 23056.0 23056.0 23056.0 8.0 23056.0 23056.0 23056.0 23056.0 8.0 23056.0 23056.0 23056.0 23056.0 8.0 23056.0 23056.0 23056.0 23056.0 8.0 23056.0 23056.0 23056.0 23056.0 8.0 23056.0 23056.0 23056.0 23056.0 8.0 23056.0 23056.0 23056.0 23056.0 8.0 23056.0 23056.0 23056.0 23056.0 8.0 23056.0 23056.0 23056.0 23056.0 8.0 23056.0 23056.0 23056.0 23056.0 8.0 23056.0 23056.0 23056.0 23056.0 8.0 23056.0 23056.0 23056.0 23056.0 8.0 23056.0 23056.0 23056.0 23056.0 8.0 23056.0 23056.0 23056.0 23056.0 8.0 23056.0 23056.0 23056.0 23056.0 8.0 23056.0 23056.0 23056.0 23056.0 8.0 23056.0 23056.0 23056.0 23056.0 8.0 23056.0 23056.0 23056.0 23056.0 8.0 23056.0 23056.0 23056.0 23056.0 8.0 23056.0 23056.0 23056.0 23056.0 8.0 23056.0 23056.0 23056.0 23056.0 8.0 23056.0 23056.0 23056.0 23056.0 8.0 23056.0 23056.0 23056.0 23056.0 8.0 23056.0 23056.0 23056.0 23056.0 8.0 23056.0 23056.0 23056.0 23056.0 8.0 23056.0 23056.0 23056.0 23056.0 8.0 23056.0 23056.0 23056.0 23056.0 8.0 23056.0 23056.0 23056.0 23056.0 8.0 23056.0 23056.0 23056.0 23056.0 8.0 23056.0 23056.0 23056.0 23056.0 8.0 23056.0 23056.0 23056.0 23056.0 8.0 23056.0 23056.0 23056.0 23056.0 8.0 23056.0 23056.0 23056.0 23056.0 8.0 23056.0 23056.0 23056.0 23056.0 8.0 23056.0 23056.0 23056.0 23056.0 8.0 23056.0 23056.0 23056.0 23056.0 8.0 23056.0 23056.0 23056.0 23056.0 8.0 23056.0 23056.0 23056.0 23056.0 8.0 23056.0 23056.0 23056.0 23056.0 8.0 23056.0 23056.0 23056.0 23056.0 8.0 23056.0 23056.0 23056.0 23056.0 8.0 23056.0 23056.0 23056.0 23056.0 8.0 23056.0 23056.0 23056.0 23056.0 8.0 23056.0 23056.0 23056.0 23056.0 8.0 23056.0 23056.0 23056.0 23056.0 8.0 23056.0 23056.0 23056.0 23056.0 8.0 23056.0 23056.0 23056.0 23056.0 8.0 23056.0 23056.0 23056.0 23056.0 8.0 23056.0 23056.0 23056.0 23056.0 8.0 23056.0 23056.0 23056.0 23056.0 8.0 23056.0 23056.0 23056.0 23056.0 8.0 23056.0 23056.0 23056.0 23056.0 8.0 23056.0 23056.0 23056.0 23056.0 8.0 23056.0 23056.0 23056.0 23056.0 8.0 23056.0 23056.0 23056.0 23056.0 8.0 23056.0 23056.0 23056.0 23056.0 8.0 23056.0 23056.0 23056.0 23056.0 8.0 23056.0 23056.0 23056.0 23056.0 8.0 23056.0 23056.0 23056.0 23056.0 8.0 23056.0 23056.0 23056.0 23056.0 8.0 23056.0 23056.0 23056.0 23056.0 8.0 23056.0 23056.0 23056.0 23056.0 8.0 23056.0 23056.0 23056.0 23056.0 8.0 23056.0 23056.0 23056.0 23056.0 8.0 23056.0 23056.0 23056.0 23056.0 8.0 23056.0 23056.0 23056.0 23056.0 8.0 23056.0 23056.0 23056.0 23056.0 8.0 23056.0 23056.0 23056.0 23056.0 8.0 23056.0 23056.0 23056.0 23056.0 8.0 23056.0 23056.0 23056.0 23056.0 8.0 23056.0 23056.0 23056.0 23056.0 8.0 23056.0 23056.0 23056.0 23056.0 8.0 23056.0 23056.0 23056.0 23056.0 8.0 23056.0 23056.0 23056.0 23056.0 8.0 23056.0 23056.0 23056.0 23056.0 8.0 23056.0 23056.0 23056.0 23056.0 8.0 23056.0 23056.0 23056.0 23056.0 8.0 23056.0 23056.0 23056.0 23056.0 8.0 23056.0 23056.0 23056.0 23056.0 8.0 23056.0 23056.0 23056.0 23056.0 8.0 23056.0 23056.0 23056.0 23056.0 8.0 23056.0 23056.0 23056.0 23056.0 8.0 23056.0 23056.0 23056.0 23056.0 8.0 23056.0 23056.0 23056.0 23056.0 8.0 23056.0 23056.0 23056.0 23056.0 8.0 23056.0 23056.0 23056.0 23056.0 8.0 23056.0 23056.0 23056.0 23056.0 8.0 23056.0 23056.0 23056.0 23056.0 8.0 23056.0 23056.0 23056.0 23056.0 8.0 23056.0 23056.0 23056.0 23056.0 8.0 23056.0 23056.0 23056.0 23056.0 8.0 23056.0 23056.0 23056.0 23056.0 8.0 23056.0 23056.0 23056.0 23056.0 8.0 23056.0 23056.0 23056.0 23056.0 8.0 23056.0 23056.0 23056.0 23056.0 8.0 23056.0 23056.0 23056.0 23056.0 8.0 23056.0 23056.0 23056.0 23056.0 8.0 23056.0 23056.0 23056.0 23056.0 8.0 23056.0 23056.0 23056.0 23056.0 8.0 23056.0 23056.0 23056.0 23056.0 8.0 23056.0 23056.0 23056.0 23056.0 8.0 23056.0 23056.0 23056.0 23056.0 8.0 23056.0 23056.0 23056.0 23056.0 8.0 23056.0 23056.0 23056.0 23056.0 8.0 23056.0 23056.0 23056.0 23056.0 8.0 23056.0 23056.0 23056.0 23056.0 8.0 23056.0 23056.0 23056.0 23056.0 8.0 23056.0 23056.0 23056.0 23056.0 8.0 23056.0 23056.0 23056.0 23056.0 8.0 23056.0 23056.0 23056.0 23056.0 8.0 23056.0 23056.0 23056.0 23056.0 8.0 23056.0 23056.0 23056.0 23056.0 8.0 23056.0 23056.0 23056.0 23056.0 8.0 23056.0 23056.0 23056.0 23056.0 8.0 23056.0 23056.0 23056.0 23056.0 8.0 23056.0 23056.0 23056.0 23056.0 8.0 23056.0 23056.0 23056.0 23056.0 8.0 23056.0 23056.0 23056.0 23056.0 8.0 23056.0 23056.0 23056.0 23056.0 8.0 23056.0 23056.0 23056.0 23056.0 8.0 23056.0 23056.0 23056.0 23056.0 8.0 23056.0 23056.0 23056.0 23056.0 8.0 23056.0 23056.0 23056.0 23056.0 8.0 23056.0 23056.0 23056.0 23056.0 8.0 23056.0 23056.0 23056.0 23056.0 8.0 23056.0 23056.0 23056.0 23056.0 8.0 23056.0 23056.0 23056.0 23056.0 8.0 23056.0 23056.0 23056.0 23056.0 8.0 23056.0 23056.0 23056.0 23056.0 8.0 23056.0 23056.0 23056.0 23056.0 8.0 23056.0 23056.0 23056.0 23056.0 8.0 23056.0 23056.0 23056.0 23056.0 8.0 23056.0 23056.0 23056.0 23056.0 8.0 23056.0 23056.0 23056.0 23056.0 8.0 23056.0 23056.0 23056.0 23056.0 8.0 23056.0 23056.0 23056.0 23056.0 8.0 23056.0 23056.0 23056.0 23056.0 8.0 23056.0 23056.0 23056.0 23056.0 8.0 23056.0 23056.0 23056.0 23056.0 8.0 23056.0 23056.0 23056.0 23056.0 8.0 23056.0 23056.0 23056.0 23056.0 8.0 23056.0 23056.0 23056.0 23056.0 8.0 23056.0 23056.0 23056.0 23056.0 8.0 23056.0 23056.0 23056.0 23056.0 8.0 23056.0 23056.0 23056.0 23056.0 8.0 23056.0 23056.0 23056.0 23056.0 8.0 23056.0 23056.0 23056.0 23056.0 8.0 23056.0 23056.0 23056.0 23056.0 8.0 23056.0 23056.0 23056.0 23056.0 8.0 23056.0 23056.0 23056.0 23056.0 8.0 23056.0 23056.0 23056.0 23056.0 8.0 23056.0 23056.0 23056.0 23056.0 8.0 23056.0 23056.0 23056.0 23056.0 8.0 23056.0 23056.0 23056.0 23056.0 8.0 23056.0 23056.0 23056.0 23056.0 8.0
50 1 CONSTANT 8.0
51 1 CONSTANT 8.0
52 1 CONSTANT 8.0
53 1 CONSTANT 8.0
54 1 CONSTANT 0.0
55 1 CONSTANT 0.0
56 1 CONSTANT 0.0
57 1 CONSTANT 0.0
58 1 CONSTANT 0.0
59 1 CONSTANT 0.0
60 1 CONSTANT 0.0
61 1 CONSTANT 0.0
62 1 CONSTANT 8.0
