0 1 CONSTANT 8.0
1 1 CONSTANT 8.0
2 1 CONSTANT 0.0
3 1 CONSTANT 8.0
4 1 CONSTANT 8.0
5 1 CONSTANT 8.0
6 1 CONSTANT 8.0
7 1 CONSTANT 8.0
8 1 CONSTANT 8.0
9 1 CONSTANT 0.0
10 1 CONSTANT 0.0
11 1 CONSTANT 0.0
12 1 CONSTANT 0.0
13 1 CONSTANT 8.0
14 1 CONSTANT 4.0
15 1 CONSTANT 4.0
16 1 CONSTANT 0.0
17 1 CONSTANT 0.0
18 1 CONSTANT 0.0
19 1 CONSTANT 0.0
20 1 CONSTANT 4.0
21 1 CONSTANT 8.0
22 1 CONSTANT 8.0
23 1 CONSTANT 8.0
24 1 CONSTANT 8.0
25 1 CONSTANT 4.0
26 1 CONSTANT 4.0
27 1 CONSTANT 8.0
28 1 TRACE 0.0 0.0 28.0 0.0 0.0 0.0 0.0 0.0 72.0 0.0 0.0 0.0 4.0 4.0 0.0 4.0 8.0 0.0 0.0 4.0 20.0 0.0 0.0 8.0 0.0 0.0 0.0 36.0 0.0 0.0 20.0 0.0 0.0 0.0 28.0 0.0 0.0 12.0 0.0 0.0 0.0 4.0 0.0 0.0 4.0 0.0 0.0 0.0 0.0 0.0 0.0 8.0 0.0 0.0 0.0 0.0 0.0 4.0 8.0 0.0 0.0 0.0 64.0 0.0 0.0 0.0 36.0 0.0 0.0 4.0 20.0 0.0 0.0 0.0 0.0 4.0 0.0 0.0 0.0 0.0 0.0 68.0 0.0 0.0 4.0 0.0 0.0 0.0 8.0 0.0 0.0 20.0 0.0 0.0 4.0 12.0 0.0 0.0 4.0 32.0 0.0 0.0 0.0 0.0 0.0 0.0 0.0 4.0 0.0 12.0 0.0 0.0 4.0 16.0 0.0 0.0 28.0 0.0 0.0 0.0 24.0 0.0 0.0 12.0 16.0 0.0 4.0 0.0 32.0 0.0 0.0 4.0 24.0 0.0 0.0 0.0 0.0 0.0 36.0 0.0 0.0 8.0 8.0 0.0 0.0 8.0 12.0 0.0 0.0 0.0 24.0 0.0 0.0 4.0 92.0 0.0 0.0 0.0 56.0 0.0 0.0 0.0 44.0 0.0 0.0 0.0 0.0 0.0 0.0 0.0 0.0 16.0 0.0 0.0 0.0 44.0 0.0 0.0 0.0 16.0 0.0 0.0 0.0 0.0 0.0 64.0 0.0 0.0 0.0 0.0 0.0 0.0 20.0 0.0 0.0 4.0 0.0 0.0 0.0 0.0 0.0 0.0 0.0 0.0 0.0 60.0 0.0 0.0 0.0 8.0 0.0 0.0 4.0 52.0 0.0 0.0 8.0 12.0 0.0 0.0 0.0 0.0 0.0 0.0 0.0 0.0 72.0 0.0
29 1 CONSTANT 4.0
30 1 TRACE 0.0 0.0 28.0 0.0 0.0 0.0 0.0 0.0 72.0 0.0 0.0 0.0 4.0 4.0 0.0 4.0 8.0 0.0 0.0 4.0 20.0 0.0 0.0 8.0 0.0 0.0 0.0 36.0 0.0 0.0 20.0 0.0 0.0 0.0 28.0 0.0 0.0 12.0 0.0 0.0 0.0 4.0 0.0 0.0 4.0 0.0 0.0 0.0 0.0 0.0 0.0 8.0 0.0 0.0 0.0 0.0 0.0 4.0 8.0 0.0 0.0 0.0 64.0 0.0 0.0 0.0 36.0 0.0 0.0 4.0 20.0 0.0 0.0 0.0 0.0 4.0 0.0 0.0 0.0 0.0 0.0 68.0 0.0 0.0 4.0 0.0 0.0 0.0 8.0 0.0 0.0 20.0 0.0 0.0 4.0 12.0 0.0 0.0 4.0 32.0 0.0 0.0 0.0 0.0 0.0 0.0 0.0 4.0 0.0 12.0 0.0 0.0 4.0 16.0 0.0 0.0 28.0 0.0 0.0 0.0 24.0 0.0 0.0 12.0 16.0 0.0 4.0 0.0 32.0 0.0 0.0 4.0 24.0 0.0 0.0 0.0 0.0 0.0 36.0 0.0 0.0 8.0 8.0 0.0 0.0 8.0 12.0 0.0 0.0 0.0 24.0 0.0 0.0 4.0 92.0 0.0 0.0 0.0 56.0 0.0 0.0 0.0 44.0 0.0 0.0 0.0 0.0 0.0 0.0 0.0 0.0 16.0 0.0 0.0 0.0 44.0 0.0 0.0 0.0 16.0 0.0 0.0 0.0 0.0 0.0 64.0 0.0 0.0 0.0 0.0 0.0 0.0 20.0 0.0 0.0 4.0 0.0 0.0 0.0 0.0 0.0 0.0 0.0 0.0 0.0 60.0 0.0 0.0 0.0 8.0 0.0 0.0 4.0 52.0 0.0 0.0 8.0 12.0 0.0 0.0 0.0 0.0 0.0 0.0 0.0 0.0 72.0 0.0
31 1 CONSTANT 8.0
32 1 CONSTANT 8.0
33 1 CONSTANT 4.0
34 1 CONSTANT 0.0
35 1 CONSTANT 0.0
36 1 CONSTANT 8.0
37 1 CONSTANT 8.0
38 1 CONSTANT 8.0
39 1 TRACE 8.0 0.0 0.0 8.0 0.0 0.0 8.0 0.0 8.0 0.0 8.0 8.0 0.0 8.0 0.0 8.0 0.0 0.0 8.0 0.0 0.0 8.0 0.0 8.0 0.0 8.0 0.0 0.0 8.0 0.0 8.0 0.0 8.0 0.0 0.0 8.0 8.0 0.0 0.0 8.0 0.0 0.0 8.0 8.0 0.0 0.0 8.0 0.0 0.0 8.0 0.0 8.0 0.0 8.0 0.0 0.0 8.0 0.0 8.0 0.0 8.0 0.0 8.0 0.0 8.0 8.0 0.0 0.0 8.0 0.0 8.0 0.0 8.0 8.0 0.0 0.0 8.0 0.0 0.0 8.0 0.0 8.0 0.0 8.0 0.0 0.0 8.0 0.0 0.0 8.0 8.0 0.0 0.0 8.0 0.0 8.0 0.0 8.0 0.0 8.0 0.0 8.0 0.0 0.0 8.0 0.0 0.0 8.0 8.0 0.0 0.0 8.0 0.0 0.0 8.0 8.0 0.0 0.0 8.0 0.0 8.0 0.0 8.0 0.0 8.0 0.0 8.0 8.0 0.0 0.0 8.0 0.0 8.0 0.0 8.0 0.0 0.0 8.0 0.0 0.0 8.0 0.0 8.0 0.0 8.0 0.0 8.0 0.0 8.0 0.0 8.0 0.0 8.0 0.0 8.0 0.0 8.0 0.0 8.0 0.0 8.0 0.0 8.0 0.0 8.0 0.0 0.0 8.0 0.0 0.0 8.0 0.0 0.0 8.0 0.0 8.0 0.0 8.0 0.0 0.0 8.0 0.0 0.0 8.0 0.0 8.0 0.0 8.0 0.0 0.0 8.0 0.0 8.0 0.0 8.0 0.0 0.0 8.0 0.0 0.0 8.0 0.0 0.0 8.0 0.0 8.0 0.0 8.0 0.0 8.0 0.0 8.0 0.0 8.0 0.0 8.0 0.0 0.0 8.0 0.0 0.0 8.0 0.0 0.0 8.0 0.0 8.0 0.0
40 1 CONSTANT 8.0
41 1 CONSTANT 8.0
42 1 CONSTANT 8.0
43 1 CONSTANT 1656.0
44 1 CONSTANT 1648.0
45 1 CONSTANT 8.0
46 1 CONSTANT 1656.0
47 1 CONSTANT 4.0
48 1 TRACE 91072.0 31488.0 19520.0 14192.0 11136.0 9232.0 7536.0 2672.0 2304.0 2272.0 1888.0 1552.0 1984.0 1760.0 32.0 32.0 0.0 16.0 0.0 0.0 48.0 73744.0 27984.0 18448.0 13648.0 10832.0 10240.0 8048.0 12848.0 10512.0 9024.0 7088.0 5744.0 5728.0 4496.0 64.0 64.0 32.0 128.0 16.0 32.0 96.0 0.0 0.0 0.0 0.0 0.0 0.0 0.0 77856.0 29280.0 19184.0 13840.0 10960.0 9536.0 8032.0 10656.0 8320.0 7632.0 5856.0 4976.0 5024.0 4032.0 48.0 48.0 16.0 96.0 32.0 48.0 64.0 87920.0 31664.0 19824.0 13904.0 10928.0 8912.0 7344.0 1744.0 1648.0 1584.0 1456.0 992.0 1376.0 1264.0 0.0 32.0 0.0 16.0 0.0 0.0 16.0 69264.0 29312.0 19040.0 13472.0 10576.0 8720.0 7136.0 672.0 608.0 624.0 688.0 304.0 576.0 544.0 0.0 0.0 0.0 16.0 0.0 0.0 0.0 89600.0 31360.0 20160.0 13680.0 10848.0 9200.0 7232.0 2176.0 1888.0 1888.0 2000.0 1456.0 1696.0 1520.0 32.0 32.0 0.0 16.0 16.0 0.0 32.0 91616.0 31568.0 19296.0 13760.0 11216.0 9040.0 7296.0 2528.0 2160.0 2480.0 2288.0 1600.0 1984.0 1840.0 32.0 32.0 16.0 16.0 16.0 0.0 48.0 88160.0 30752.0 19808.0 13808.0 11552.0 9168.0 7296.0 5600.0 4448.0 4336.0 3504.0 2720.0 3472.0 3056.0 16.0 48.0 16.0 32.0 0.0 16.0 64.0 90608.0 32208.0 19808.0 13680.0 11536.0 9152.0 7264.0 3728.0 3024.0 2944.0 2816.0 1840.0 2576.0 2240.0 32.0 16.0 16.0 32.0 16.0 0.0 48.0 92592.0 32480.0 19600.0 13856.0 11600.0 9568.0 7408.0 3520.0 3120.0 3376.0 2864.0 2128.0 2416.0 2336.0 48.0 32.0 16.0 16.0 0.0 0.0 48.0 73104.0 30128.0 19184.0 13312.0 10528.0 8512.0 7024.0 880.0 752.0 672.0 880.0 480.0 672.0 688.0 0.0 16.0 0.0 16.0 0.0 0.0 0.0 82848.0 31280.0 19360.0 13840.0 10528.0 8832.0 7296.0 1328.0 1264.0 1216.0 1104.0 800.0 1040.0 1008.0 0.0 32.0 16.0 16.0 0.0 0.0 16.0 76384.0 30560.0 19200.0 13824.0 10752.0 8848.0 7344.0 944.0 848.0 816.0 688.0 528.0 624.0 640.0 0.0 16.0 0.0 16.0 0.0 0.0 16.0 66416.0 27248.0 17520.0 13200.0 9888.0 9488.0 7632.0 16752.0 12272.0 10256.0 8032.0 6560.0 5840.0 5024.0 80.0 80.0 64.0 112.0 32.0 48.0 80.0 0.0 0.0 0.0 0.0 0.0 0.0 0.0 90144.0 31872.0 19728.0 13696.0 10848.0 8896.0 7312.0 2048.0 1904.0 1856.0 1760.0 1424.0 1568.0 1504.0 16.0 32.0 16.0 16.0 0.0 0.0 32.0 69072.0 27360.0 18352.0 13136.0 10576.0 9408.0 8384.0 15088.0 11440.0 9552.0 7632.0 6192.0 5856.0 4800.0 48.0 64.0 16.0 96.0 48.0 64.0 80.0 0.0 0.0 0.0 0.0 0.0 0.0 0.0 87872.0 32000.0 19984.0 14000.0 11008.0 8832.0 7328.0 1760.0 1536.0 1488.0 1344.0 1136.0 1472.0 1216.0 16.0 32.0 0.0 16.0 0.0 0.0 32.0 81184.0 29920.0 19104.0 13776.0 11936.0 9648.0 7744.0 9184.0 7344.0 6928.0 5552.0 4160.0 4752.0 4016.0 16.0 32.0 16.0 64.0 16.0 16.0 64.0 55008.0 27152.0 18192.0 12800.0 9776.0 8448.0 6496.0 528.0 352.0 336.0 464.0 256.0 304.0 352.0 0.0 0.0 0.0 0.0 0.0 0.0 16.0 90656.0 30896.0 19216.0 13808.0 11520.0 9504.0 7440.0 4496.0 3568.0 3552.0 3040.0 2512.0 2960.0 2608.0 16.0 32.0 16.0 16.0 0.0 16.0 64.0 91328.0 31344.0 19904.0 13664.0 11200.0 8976.0 7200.0 3152.0 2656.0 2768.0 2416.0 1888.0 2256.0 2144.0 16.0 32.0 0.0 32.0 0.0 0.0 48.0 48848.0 24656.0 15408.0 10784.0 9872.0 8768.0 7232.0 29200.0 18960.0 14160.0 10448.0 8080.0 7120.0 5824.0 160.0 144.0 96.0 160.0 96.0 160.0 192.0 0.0 0.0 0.0 0.0 0.0 0.0 0.0 77264.0 29680.0 18880.0 13616.0 11264.0 9792.0 8048.0 11232.0 8464.0 7632.0 6320.0 4944.0 4912.0 4112.0 64.0 48.0 32.0 48.0 16.0 48.0 48.0 69760.0 27648.0 18704.0 13344.0 10992.0 10096.0 8304.0 15440.0 11632.0 10000.0 7472.0 6208.0 5616.0 4704.0 80.0 64.0 32.0 96.0 16.0 48.0 64.0 0.0 0.0 0.0 0.0 0.0 0.0 0.0 84944.0 30944.0 19392.0 13728.0 10544.0 8992.0 6896.0 1600.0 1520.0 1488.0 1312.0 992.0 1072.0 1216.0 16.0 16.0 0.0 16.0 0.0 0.0 16.0 57744.0 27440.0 17872.0 12800.0 9872.0 8112.0 6752.0 544.0 496.0 368.0 448.0 304.0 368.0 384.0 0.0 16.0 0.0 16.0 0.0 0.0 0.0 91088.0 31312.0 19424.0 13808.0 11472.0 8928.0 7264.0 2960.0 2448.0 2720.0 2336.0 1424.0 2064.0 1920.0 32.0 32.0 0.0 16.0 0.0 0.0 48.0 90032.0 31040.0 19312.0 13840.0 11136.0 9136.0 7456.0 4368.0 3728.0 3936.0 3184.0 2656.0 3200.0 2784.0 32.0 32.0 16.0 16.0 16.0 0.0 32.0 63472.0 25632.0 17024.0 12432.0 10224.0 8992.0 8016.0 17984.0 13392.0 10944.0 8288.0 6688.0 6080.0 5072.0 80.0 48.0 48.0 96.0 32.0 80.0 112.0 0.0 0.0 0.0 0.0 0.0 0.0 0.0 68528.0 27472.0 17328.0 12528.0 10640.0 9200.0 7936.0 14992.0 11472.0 9728.0 7808.0 6112.0 5520.0 4768.0 32.0 80.0 16.0 64.0 16.0 32.0 80.0 0.0 0.0 0.0 0.0 0.0 0.0 0.0 55312.0 26544.0 17984.0 12384.0 9664.0 8176.0 6816.0 384.0 336.0 384.0 416.0 192.0 336.0 256.0 0.0 0.0 0.0 16.0 0.0 0.0 0.0 89520.0 30912.0 19648.0 13728.0 11280.0 9312.0 7232.0 2512.0 2368.0 2080.0 2016.0 1424.0 1600.0 1696.0 16.0 32.0 0.0 16.0 0.0 0.0 16.0 54112.0 26000.0 17744.0 12576.0 9664.0 8368.0 6704.0 352.0 304.0 368.0 368.0 256.0 336.0 304.0 0.0 16.0 0.0 16.0 0.0 0.0 16.0 90736.0 31904.0 19632.0 13840.0 11456.0 9312.0 7152.0 4064.0 3360.0 3440.0 3184.0 2112.0 2704.0 2512.0 32.0 16.0 16.0 32.0 16.0 0.0 48.0 85280.0 31328.0 19424.0 13600.0 10992.0 9024.0 7344.0 1536.0 1376.0 1328.0 1376.0 1008.0 1168.0 1136.0 16.0 16.0 0.0 16.0 0.0 0.0 32.0 55984.0 26640.0 17808.0 12896.0 9808.0 8352.0 6816.0 416.0 368.0 352.0 432.0 256.0 320.0 304.0 0.0 0.0 0.0 16.0 0.0 0.0 16.0 90544.0 31232.0 19504.0 13888.0 11088.0 9296.0 7040.0 3456.0 2720.0 3056.0 2464.0 2080.0 2160.0 2112.0 32.0 32.0 0.0 16.0 0.0 16.0 32.0 61648.0 24640.0 16320.0 11760.0 10272.0 8768.0 7680.0 18640.0 14000.0 11664.0 8864.0 6768.0 6416.0 5232.0 96.0 96.0 32.0 64.0 64.0 80.0 64.0 0.0 0.0 0.0 0.0 0.0 0.0 0.0 52784.0 25744.0 17280.0 12400.0 9440.0 8144.0 6592.0 400.0 400.0 368.0 336.0 224.0 352.0 320.0 0.0 32.0 0.0 0.0 0.0 0.0 0.0 85360.0 31456.0 19600.0 13616.0 10896.0 8688.0 7264.0 1360.0 1328.0 1328.0 1328.0 928.0 1184.0 1056.0 16.0 32.0 0.0 16.0 0.0 0.0 32.0 88496.0 31136.0 19520.0 13392.0 11104.0 8992.0 7168.0 2256.0 1824.0 1936.0 1824.0 1136.0 1536.0 1424.0 16.0 32.0 0.0 16.0 0.0 0.0 32.0 90512.0 30816.0 19632.0 14144.0 11472.0 8816.0 7200.0 4032.0 3600.0 3600.0 2944.0 2336.0 3104.0 2496.0 16.0 48.0 0.0 32.0 0.0 0.0 32.0 73952.0 28352.0 18640.0 13104.0 10832.0 9216.0 8352.0 12752.0 10080.0 8928.0 6928.0 5872.0 5408.0 4384.0 64.0 96.0 32.0 48.0 16.0 32.0 64.0 79920.0 29568.0 18464.0 13184.0 10992.0 9104.0 8256.0 9440.0 7504.0 7472.0 5584.0 4896.0 4928.0 3824.0 32.0 48.0 16.0 96.0 16.0 16.0 48.0 81008.0 29472.0 19584.0 14448.0 10896.0 9280.0 7776.0 9392.0 7312.0 6704.0 5088.0 4576.0 4720.0 3952.0 32.0 32.0 16.0 80.0 16.0 48.0 64.0 64304.0 26592.0 16672.0 12560.0 10704.0 9296.0 7344.0 18080.0 12816.0 11104.0 8528.0 6656.0 6112.0 5136.0 80.0 112.0 80.0 80.0 48.0 80.0 80.0 0.0 0.0 0.0 0.0 0.0 0.0 0.0 65936.0 27184.0 17872.0 13152.0 10784.0 9232.0 8256.0 17040.0 12464.0 10592.0 7984.0 6656.0 6032.0 4960.0 80.0 96.0 64.0 96.0 16.0 48.0 64.0 0.0 0.0 0.0 0.0 0.0 0.0 0.0 57520.0 26832.0 18096.0 12768.0 9744.0 8416.0 6752.0 448.0 432.0 352.0 432.0 224.0 304.0 368.0 0.0 0.0 0.0 0.0 0.0 0.0 0.0 85680.0 30448.0 19280.0 13952.0 11104.0 9296.0 7504.0 6992.0 5728.0 5456.0 4512.0 3712.0 3904.0 3680.0 48.0 32.0 16.0 32.0 16.0 0.0 64.0 89360.0 32016.0 19872.0 13888.0 11376.0 9056.0 7504.0 2176.0 1728.0 1856.0 1808.0 1168.0 1600.0 1456.0 32.0 16.0 0.0 16.0 16.0 0.0 16.0 73616.0 29328.0 18384.0 13488.0 11488.0 9680.0 8368.0 13328.0 10112.0 9008.0 6832.0 5568.0 5568.0 4480.0 32.0 80.0 32.0 112.0 16.0 16.0 64.0 0.0 0.0 0.0 0.0 0.0 0.0 0.0 80256.0 28688.0 18640.0 13488.0 11088.0 9136.0 7504.0 9552.0 7792.0 6768.0 5456.0 4448.0 4608.0 3776.0 48.0 48.0 32.0 48.0 16.0 16.0 64.0 68640.0 27328.0 18672.0 13376.0 10768.0 9744.0 8064.0 16304.0 12656.0 10192.0 8000.0 6496.0 5856.0 5040.0 80.0 64.0 64.0 112.0 16.0 96.0 80.0 0.0 0.0 0.0 0.0 0.0 0.0 0.0 92080.0 32064.0 19840.0 14176.0 11376.0 9392.0 7456.0 3344.0 3008.0 3040.0 2512.0 2000.0 2176.0 1920.0 32.0 16.0 16.0 16.0 16.0 0.0 32.0 68464.0 28288.0 18560.0 13824.0 11120.0 9984.0 8288.0 16160.0 11984.0 9904.0 7760.0 6224.0 5776.0 4928.0 80.0 64.0 16.0 96.0 32.0 48.0 48.0 0.0 0.0 0.0 0.0 0.0 0.0 0.0 41888.0 18720.0 13024.0 10416.0 8720.0 7824.0 6336.0 33952.0 20912.0 15408.0 11184.0 8704.0 7488.0 6384.0 288.0 160.0 144.0 176.0 96.0 144.0 160.0 0.0 0.0 0.0 0.0 0.0 0.0 0.0 46288.0 22144.0 14816.0 11088.0 9872.0 9008.0 6976.0 33376.0 20496.0 14864.0 10912.0 8464.0 7120.0 6160.0 224.0 192.0 160.0 176.0 96.0 112.0 144.0 0.0 0.0 0.0 0.0 0.0 0.0 0.0 82560.0 30608.0 18864.0 13840.0 11456.0 9568.0 7504.0 8720.0 6704.0 6416.0 4928.0 3952.0 4352.0 3840.0 48.0 48.0 32.0 48.0 16.0 32.0 64.0 89200.0 31504.0 19680.0 13744.0 10752.0 8768.0 7296.0 1888.0 1712.0 1776.0 1504.0 1248.0 1504.0 1344.0 16.0 32.0 16.0 16.0 0.0 0.0 32.0 84080.0 30336.0 19520.0 13808.0 11424.0 9264.0 7984.0 8224.0 6192.0 6032.0 4800.0 3952.0 4176.0 3456.0 48.0 48.0 16.0 48.0 16.0 0.0 48.0 89184.0 32832.0 19920.0 14048.0 11168.0 9424.0 7392.0 2064.0 1600.0 1776.0 1632.0 1264.0 1504.0 1488.0 16.0 32.0 0.0 16.0 0.0 0.0 32.0 45536.0 22704.0 15824.0 12672.0 11216.0 10128.0 8176.0 36720.0 20944.0 15264.0 11408.0 8384.0 7424.0 5936.0 224.0 256.0 176.0 192.0 112.0 112.0 224.0 0.0 0.0 0.0 0.0 0.0 0.0 0.0 64240.0 27744.0 17360.0 12592.0 10544.0 9392.0 7664.0 18272.0 13216.0 10880.0 8464.0 6832.0 6160.0 5136.0 112.0 48.0 32.0 96.0 32.0 80.0 112.0 0.0 0.0 0.0 0.0 0.0 0.0 0.0 81056.0 30544.0 19424.0 13856.0 10784.0 9792.0 8096.0 9184.0 7344.0 6864.0 5264.0 4384.0 4576.0 3856.0 64.0 48.0 16.0 32.0 16.0 16.0 64.0
49 1 TRACE 1656.0 1656.0 1664.0 1656.0 1656.0 1656.0 8.0 1656.0 1656.0 1664.0 1656.0 1656.0 1656.0 8.0 1656.0 1656.0 1664.0 1656.0 1656.0 1656.0 8.0 1656.0 1656.0 1664.0 1656.0 1656.0 1656.0 8.0 1656.0 1656.0 1664.0 1656.0 1656.0 1656.0 8.0 1656.0 1656.0 1664.0 1656.0 1656.0 1656.0 8.0 1656.0 1656.0 1664.0 1656.0 1656.0 1656.0 8.0 1656.0 1656.0 1664.0 1656.0 1656.0 1656.0 8.0 1656.0 1656.0 1664.0 1656.0 1656.0 1656.0 8.0 1656.0 1656.0 1664.0 1656.0 1656.0 1656.0 8.0 1656.0 1656.0 1664.0 1656.0 1656.0 1656.0 8.0 1656.0 1656.0 1664.0 1656.0 1656.0 1656.0 8.0 1656.0 1656.0 1664.0 1656.0 1656.0 1656.0 8.0 1656.0 1656.0 1664.0 1656.0 1656.0 1656.0 8.0 1656.0 1656.0 1664.0 1656.0 1656.0 1656.0 8.0 1656.0 1656.0 1664.0 1656.0 1656.0 1656.0 8.0 1656.0 1656.0 1664.0 1656.0 1656.0 1656.0 8.0 1656.0 1656.0 1664.0 1656.0 1656.0 1656.0 8.0 1656.0 1656.0 1664.0 1656.0 1656.0 1656.0 8.0 1656.0 1656.0 1664.0 1656.0 1656.0 1656.0 8.0 1656.0 1656.0 1664.0 1656.0 1656.0 1656.0 8.0 1656.0 1656.0 1664.0 1656.0 1656.0 1656.0 8.0 1656.0 1656.0 1664.0 1656.0 1656.0 1656.0 8.0 1656.0 1656.0 1664.0 1656.0 1656.0 1656.0 8.0 1656.0 1656.0 1664.0 1656.0 1656.0 1656.0 8.0 1656.0 1656.0 1664.0 1656.0 1656.0 1656.0 8.0 1656.0 1656.0 1664.0 1656.0 1656.0 1656.0 8.0 1656.0 1656.0 1664.0 1656.0 1656.0 1656.0 8.0 1656.0 1656.0 1664.0 1656.0 1656.0 1656.0 8.0 1656.0 1656.0 1664.0 1656.0 1656.0 1656.0 8.0 1656.0 1656.0 1664.0 1656.0 1656.0 1656.0 8.0 1656.0 1656.0 1664.0 1656.0 1656.0 1656.0 8.0 1656.0 1656.0 1664.0 1656.0 1656.0 1656.0 8.0 1656.0 1656.0 1664.0 1656.0 1656.0 1656.0 8.0 1656.0 1656.0 1664.0 1656.0 1656.0 1656.0 8.0 1656.0 1656.0 1664.0 1656.0 1656.0 1656.0 8.0 1656.0 1656.0 1664.0 1656.0 1656.0 1656.0 8.0 1656.0 1656.0 1664.0 1656.0 1656.0 1656.0 8.0 1656.0 1656.0 1664.0 1656.0 1656.0 1656.0 8.0 1656.0 1656.0 1664.0 1656.0 1656.0 1656.0 8.0 1656.0 1656.0 1664.0 1656.0 1656.0 1656.0 8.0 1656.0 1656.0 1664.0 1656.0 1656.0 1656.0 8.0 1656.0 1656.0 1664.0 1656.0 1656.0 1656.0 8.0 1656.0 1656.0 1664.0 1656.0 1656.0 1656.0 8.0 1656.0 1656.0 1664.0 1656.0 1656.0 1656.0 8.0 1656.0 1656.0 1664.0 1656.0 1656.0 1656.0 8.0 1656.0 1656.0 1664.0 1656.0 1656.0 1656.0 8.0 1656.0 1656.0 1664.0 1656.0 1656.0 1656.0 8.0 1656.0 1656.0 1664.0 1656.0 1656.0 1656.0 8.0 1656.0 1656.0 1664.0 1656.0 1656.0 1656.0 8.0 1656.0 1656.0 1664.0 1656.0 1656.0 1656.0 8.0 1656.0 1656.0 1664.0 1656.0 1656.0 1656.0 8.0 1656.0 1656.0 1664.0 1656.0 1656.0 1656.0 8.0 1656.0 1656.0 1664.0 1656.0 1656.0 1656.0 8.0 1656.0 1656.0 1664.0 1656.0 1656.0 1656.0 8.0 1656.0 1656.0 1664.0 1656.0 1656.0 1656.0 8.0 1656.0 1656.0 1664.0 1656.0 1656.0 1656.0 8.0 1656.0 1656.0 1664.0 1656.0 1656.0 1656.0 8.0 1656.0 1656.0 1664.0 1656.0 1656.0 1656.0 8.0 1656.0 1656.0 1664.0 1656.0 1656.0 1656.0 8.0 1656.0 1656.0 1664.0 1656.0 1656.0 1656.0 8.0 1656.0 1656.0 1664.0 1656.0 1656.0 1656.0 8.0 1656.0 1656.0 1664.0 1656.0 1656.0 1656.0 8.0 1656.0 1656.0 1664.0 1656.0 1656.0 1656.0 8.0 1656.0 1656.0 1664.0 1656.0 1656.0 1656.0 8.0 1656.0 1656.0 1664.0 1656.0 1656.0 1656.0 8.0 1656.0 1656.0 1664.0 1656.0 1656.0 1656.0 8.0 1656.0 1656.0 1664.0 1656.0 1656.0 1656.0 8.0 1656.0 1656.0 1664.0 1656.0 1656.0 1656.0 8.0 1656.0 1656.0 1664.0 1656.0 1656.0 1656.0 8.0 1656.0 1656.0 1664.0 1656.0 1656.0 1656.0 8.0 1656.0 1656.0 1664.0 1656.0 1656.0 1656.0 8.0 1656.0 1656.0 1664.0 1656.0 1656.0 1656.0 8.0 1656.0 1656.0 1664.0 1656.0 1656.0 1656.0 8.0 1656.0 1656.0 1664.0 1656.0 1656.0 1656.0 8.0 1656.0 1656.0 1664.0 1656.0 1656.0 1656.0 8.0 1656.0 1656.0 1664.0 1656.0 1656.0 1656.0 8.0 1656.0 1656.0 1664.0 1656.0 1656.0 1656.0 8.0 1656.0 1656.0 1664.0 1656.0 1656.0 1656.0 8.0 1656.0 1656.0 1664.0 1656.0 1656.0 1656.0 8.0 1656.0 1656.0 1664.0 1656.0 1656.0 1656.0 8.0 1656.0 1656.0 1664.0 1656.0 1656.0 1656.0 8.0 1656.0 1656.0 1664.0 1656.0 1656.0 1656.0 8.0 1656.0 1656.0 1664.0 1656.0 1656.0 1656.0 8.0 1656.0 1656.0 1664.0 1656.0 1656.0 1656.0 8.0 1656.0 1656.0 1664.0 1656.0 1656.0 1656.0 8.0 1656.0 1656.0 1664.0 1656.0 1656.0 1656.0 8.0 1656.0 1656.0 1664.0 1656.0 1656.0 1656.0 8.0 1656.0 1656.0 1664.0 1656.0 1656.0 1656.0 8.0 1656.0 1656.0 1664.0 1656.0 1656.0 1656.0 8.0 1656.0 1656.0 1664.0 1656.0 1656.0 1656.0 8.0 1656.0 1656.0 1664.0 1656.0 1656.0 1656.0 8.0 1656.0 1656.0 1664.0 1656.0 1656.0 1656.0 8.0 1656.0 1656.0 1664.0 1656.0 1656.0 1656.0 8.0 1656.0 1656.0 1664.0 1656.0 1656.0 1656.0 8.0 1656.0 1656.0 1664.0 1656.0 1656.0 1656.0 8.0 1656.0 1656.0 1664.0 1656.0 1656.0 1656.0 8.0 1656.0 1656.0 1664.0 1656.0 1656.0 1656.0 8.0 1656.0 1656.0 1664.0 1656.0 1656.0 1656.0 8.0 1656.0 1656.0 1664.0 1656.0 1656.0 1656.0 8.0 1656.0 1656.0 1664.0 1656.0 1656.0 1656.0 8.0 1656.0 1656.0 1664.0 1656.0 1656.0 1656.0 8.0 1656.0 1656.0 1664.0 1656.0 1656.0 1656.0 8.0 1656.0 1656.0 1664.0 1656.0 1656.0 1656.0 8.0 1656.0 1656.0 1664.0 1656.0 1656.0 1656.0 8.0 1656.0 1656.0 1664.0 1656.0 1656.0 1656.0 8.0 1656.0 1656.0 1664.0 1656.0 1656.0 1656.0 8.0 1656.0 1656.0 1664.0 1656.0 1656.0 1656.0 8.0 1656.0 1656.0 1664.0 1656.0 1656.0 1656.0 8.0 1656.0 1656.0 1664.0 1656.0 1656.0 1656.0 8.0 1656.0 1656.0 1664.0 1656.0 1656.0 1656.0 8.0 1656.0 1656.0 1664.0 1656.0 1656.0 1656.0 8.0 1656.0 1656.0 1664.0 1656.0 1656.0 1656.0 8.0 1656.0 1656.0 1664.0 1656.0 1656.0 1656.0 8.0 1656.0 1656.0 1664.0 1656.0 1656.0 1656.0 8.0 1656.0 1656.0 1664.0 1656.0 1656.0 1656.0 8.0 1656.0 1656.0 1664.0 1656.0 1656.0 1656.0 8.0 1656.0 1656.0 1664.0 1656.0 1656.0 1656.0 8.0 1656.0 1656.0 1664.0 1656.0 1656.0 1656.0 8.0 1656.0 1656.0 1664.0 1656.0 1656.0 1656.0 8.0 1656.0 1656.0 1664.0 1656.0 1656.0 1656.0 8.0 1656.0 1656.0 1664.0 1656.0 1656.0 1656.0 8.0 1656.0 1656.0 1664.0 1656.0 1656.0 1656.0 8.0 1656.0 1656.0 1664.0 1656.0 1656.0 1656.0 8.0 1656.0 1656.0 1664.0 1656.0 1656.0 1656.0 8.0 1656.0 1656.0 1664.0 1656.0 1656.0 1656.0 8.0 1656.0 1656.0 1664.0 1656.0 1656.0 1656.0 8.0 1656.0 1656.0 1664.0 1656.0 1656.0 1656.0 8.0 1656.0 1656.0 1664.0 1656.0 1656.0 1656.0 8.0 1656.0 1656.0 1664.0 1656.0 1656.0 1656.0 8.0 1656.0 1656.0 1664.0 1656.0 1656.0 1656.0 8.0 1656.0 1656.0 1664.0 1656.0 1656.0 1656.0 8.0 1656.0 1656.0 1664.0 1656.0 1656.0 1656.0 8.0 1656.0 1656.0 1664.0 1656.0 1656.0 1656.0 8.0 1656.0 1656.0 1664.0 1656.0 1656.0 1656.0 8.0 1656.0 1656.0 1664.0 1656.0 1656.0 1656.0 8.0 1656.0 1656.0 1664.0 1656.0 1656.0 1656.0 8.0 1656.0 1656.0 1664.0 1656.0 1656.0 1656.0 8.0 1656.0 1656.0 1664.0 1656.0 1656.0 1656.0 8.0 1656.0 1656.0 1664.0 1656.0 1656.0 1656.0 8.0 1656.0 1656.0 1664.0 1656.0 1656.0 1656.0 8.0 1656.0 1656.0 1664.0 1656.0 1656.0 1656.0 8.0 1656.0 1656.0 1664.0 1656.0 1656.0 1656.0 8.0 1656.0 1656.0 1664.0 1656.0 1656.0 1656.0 8.0 1656.0 1656.0 1664.0 1656.0 1656.0 1656.0 8.0 1656.0 1656.0 1664.0 1656.0 1656.0 1656.0 8.0 1656.0 1656.0 1664.0 1656.0 1656.0 1656.0 8.0 1656.0 1656.0 1664.0 1656.0 1656.0 1656.0 8.0 1656.0 1656.0 1664.0 1656.0 1656.0 1656.0 8.0 1656.0 1656.0 1664.0 1656.0 1656.0 1656.0 8.0 1656.0 1656.0 1664.0 1656.0 1656.0 1656.0 8.0 1656.0 1656.0 1664.0 1656.0 1656.0 1656.0 8.0 1656.0 1656.0 1664.0 1656.0 1656.0 1656.0 8.0 1656.0 1656.0 1664.0 1656.0 1656.0 1656.0 8.0 1656.0 1656.0 1664.0 1656.0 1656.0 1656.0 8.0 1656.0 1656.0 1664.0 1656.0 1656.0 1656.0 8.0 1656.0 1656.0 1664.0 1656.0 1656.0 1656.0 8.0 1656.0 1656.0 1664.0 1656.0 1656.0 1656.0 8.0 1656.0 1656.0 1664.0 1656.0 1656.0 1656.0 8.0 1656.0 1656.0 1664.0 1656.0 1656.0 1656.0 8.0 1656.0 1656.0 1664.0 1656.0 1656.0 1656.0 8.0 1656.0 1656.0 1664.0 1656.0 1656.0 1656.0 8.0 1656.0 1656.0 1664.0 1656.0 1656.0 1656.0 8.0 1656.0 1656.0 1664.0 1656.0 1656.0 1656.0 8.0 1656.0 1656.0 1664.0 1656.0 1656.0 1656.0 8.0 1656.0 1656.0 1664.0 1656.0 1656.0 1656.0 8.0 1656.0 1656.0 1664.0 1656.0 1656.0 1656.0 8.0 1656.0 1656.0 1664.0 1656.0 1656.0 1656.0 8.0 1656.0 1656.0 1664.0 1656.0 1656.0 1656.0 8.0 1656.0 1656.0 1664.0 1656.0 1656.0 1656.0 8.0 1656.0 1656.0 1664.0 1656.0 1656.0 1656.0 8.0 1656.0 1656.0 1664.0 1656.0 1656.0 1656.0 8.0 1656.0 1656.0 1664.0 1656.0 1656.0 1656.0 8.0 1656.0 1656.0 1664.0 1656.0 1656.0 1656.0 8.0 1656.0 1656.0 1664.0 1656.0 1656.0 1656.0 8.0 1656.0 1656.0 1664.0 1656.0 1656.0 1656.0 8.0 1656.0 1656.0 1664.0 1656.0 1656.0 1656.0 8.0 1656.0 1656.0 1664.0 1656.0 1656.0 1656.0 8.0 1656.0 1656.0 1664.0 1656.0 1656.0 1656.0 8.0 1656.0 1656.0 1664.0 1656.0 1656.0 1656.0 8.0 1656.0 1656.0 1664.0 1656.0 1656.0 1656.0 8.0 1656.0 1656.0 1664.0 1656.0 1656.0 1656.0 8.0 1656.0 1656.0 1664.0 1656.0 1656.0 1656.0 8.0 1656.0 1656.0 1664.0 1656.0 1656.0 1656.0 8.0 1656.0 1656.0 1664.0 1656.0 1656.0 1656.0 8.0 1656.0 1656.0 1664.0 1656.0 1656.0 1656.0 8.0 1656.0 1656.0 1664.0 1656.0 1656.0 1656.0 8.0 1656.0 1656.0 1664.0 1656.0 1656.0 1656.0 8.0 1656.0 1656.0 1664.0 1656.0 1656.0 1656.0 8.0 1656.0 1656.0 1664.0 1656.0 1656.0 1656.0 8.0 1656.0 1656.0 1664.0 1656.0 1656.0 1656.0 8.0 1656.0 1656.0 1664.0 1656.0 1656.0 1656.0 8.0 1656.0 1656.0 1664.0 1656.0 1656.0 1656.0 8.0 1656.0 1656.0 1664.0 1656.0 1656.0 1656.0 8.0 1656.0 1656.0 1664.0 1656.0 1656.0 1656.0 8.0 1656.0 1656.0 1664.0 1656.0 1656.0 1656.0 8.0 1656.0 1656.0 1664.0 1656.0 1656.0 1656.0 8.0 1656.0 1656.0 1664.0 1656.0 1656.0 1656.0 8.0 1656.0 1656.0 1664.0 1656.0 1656.0 1656.0 8.0 1656.0 1656.0 1664.0 1656.0 1656.0 1656.0 8.0 1656.0 1656.0 1664.0 1656.0 1656.0 1656.0 8.0 1656.0 1656.0 1664.0 1656.0 1656.0 1656.0 8.0 1656.0 1656.0 1664.0 1656.0 1656.0 1656.0 8.0 1656.0 1656.0 1664.0 1656.0 1656.0 1656.0 8.0 1656.0 1656.0 1664.0 1656.0 1656.0 1656.0 8.0 1656.0 1656.0 1664.0 1656.0 1656.0 1656.0 8.0 1656.0 1656.0 1664.0 1656.0 1656.0 1656.0 8.0 1656.0 1656.0 1664.0 1656.0 1656.0 1656.0 8.0 1656.0 1656.0 1664.0 1656.0 1656.0 1656.0 8.0
50 1 CONSTANT 8.0
51 1 CONSTANT 8.0
52 1 CONSTANT 8.0
53 1 CONSTANT 8.0
54 1 CONSTANT 0.0
55 1 CONSTANT 0.0
56 1 CONSTANT 0.0
57 1 CONSTANT 0.0
58 1 CONSTANT 0.0
59 1 CONSTANT 0.0
60 1 CONSTANT 0.0
61 1 CONSTANT 0.0
62 1 CONSTANT 8.0
