0 1 1 TRACE 1672856159228480.0
1 2 1 TRACE 11161.0 47.0 59.0 59.0 59.0 59.0 59.0 59.0 59.0 68.0 77.0 59.0 59.0 61.0 59.0 59.0 59.0 59.0 60.0 59.0 47.0 59.0 61.0 47.0 59.0 59.0 58.0 58.0 58.0 47.0 58.0 59.0 58.0 60.0 58.0 59.0 59.0 59.0 59.0 58.0 58.0 58.0 58.0 58.0 58.0 58.0 46.0 58.0 59.0 46.0 59.0 46.0 57.0 59.0 58.0 58.0 58.0 59.0 79.0 55.0 83.0 71.0 57.0 59.0
2 3 1 TRACE 358.0 30.0 37.0 30.0 60.0 30.0 119.0 50.0 62.0 31.0 30.0 38.0 29.0 30.0 43.0 42.0 30.0 77.0 29.0 29.0 29.0 31.0 45.0 30.0 28.0 62.0 32.0 41.0 31.0 30.0 34.0 30.0 29.0 29.0 30.0 34.0 30.0 35.0 30.0 29.0 30.0 34.0 79.0 31.0 28.0 50.0 34.0 31.0 48.0 118.0 30.0 91.0 39.0 31.0 49.0 28.0 71.0 30.0 234.0 30.0 30.0 29.0 121.0 45.0
3 4 1 TRACE 43.0 39.0 129.0 45.0 61.0 25.0 25.0 85.0 28.0 25.0 42.0 24.0 30.0 24.0 37.0 41.0 24.0 24.0 25.0 58.0 534.0 25.0 25.0 56.0 57.0 61.0 56.0 28.0 43.0 57.0 54.0 61.0 59.0 58.0 24.0 26.0 27.0 25.0 30.0 57.0 62.0 27.0 60.0 38.0 25.0 57.0 41.0 24.0 39.0 603.0 33.0 70.0 120.0 70.0 25.0 55.0 61.0 51.0 85.0 31.0 54.0 24.0 150.0 52.0
4 5 1 TRACE 22.0 16.0 17.0 16.0 22.0 17.0 23.0 24.0 27.0 16.0 57.0 18.0 16.0 17.0 16.0 17.0 17.0 17.0 16.0 17.0 16.0 18.0 17.0 16.0 16.0 18.0 17.0 17.0 18.0 18.0 21.0 17.0 53.0 16.0 16.0 16.0 16.0 22.0 56.0 101.0 17.0 17.0 56.0 16.0 55.0 17.0 50.0 16.0 54.0 19.0 57.0 16.0 47.0 16.0 16.0 17.0 16.0 16.0 189.0 26.0 17.0 17.0 17.0 17.0
5 6 1 TRACE 45.0 191.0 32.0 61.0 17.0 20.0 17.0 13.0 14.0 19.0 14.0 13.0 18.0 69.0 13.0 59.0 14.0 13.0 14.0 16.0 43.0 16.0 14.0 14.0 17.0 52.0 19.0 16.0 15.0 68.0 13.0 50.0 33.0 60.0 53.0 14.0 13.0 100.0 11.0 24.0 56.0 27.0 23.0 13.0 17.0 14.0 11.0 12.0 24.0 16.0 12.0 12.0 11.0 13.0 17.0 16.0 41.0 17.0 115.0 13.0 14.0 14.0 46.0 16.0
6 7 1 TRACE 21.0 11.0 173.0 206.0 12.0 13.0 7.0 21.0 11.0 14.0 21.0 14.0 12.0 44.0 20.0 9.0 15.0 9.0 11.0 25.0 16.0 15.0 11.0 13.0 24.0 9.0 11.0 13.0 14.0 9.0 10.0 12.0 28.0 13.0 20.0 12.0 10.0 21.0 21.0 9.0 13.0 13.0 9.0 19.0 25.0 9.0 8.0 11.0 36.0 12.0 10.0 9.0 8.0 9.0 14.0 26.0 10.0 23.0 27.0 9.0 10.0 13.0 15.0 20.0
7 8 1 TRACE 20.0 8.0 50.0 23.0 20.0 24.0 9.0 9.0 43.0 9.0 9.0 20.0 24.0 57.0 9.0 22.0 22.0 9.0 20.0 10.0 14.0 20.0 9.0 9.0 49.0 10.0 9.0 20.0 8.0 23.0 9.0 9.0 15.0 11.0 9.0 21.0 9.0 52.0 8.0 17.0 13.0 10.0 8.0 10.0 13.0 9.0 8.0 54.0 125.0 13.0 8.0 9.0 7.0 9.0 21.0 13.0 11.0 9.0 19.0 16.0 9.0 20.0 15.0 8.0
8 9 1 TRACE 20.0 9.0 14.0 11.0 11.0 9.0 19.0 15.0 20.0 9.0 8.0 9.0 12.0 56.0 20.0 12.0 17.0 9.0 28.0 20.0 14.0 10.0 9.0 9.0 13.0 16.0 9.0 9.0 8.0 59.0 9.0 9.0 14.0 9.0 26.0 9.0 9.0 25.0 9.0 14.0 12.0 9.0 8.0 9.0 12.0 9.0 8.0 20.0 189.0 12.0 8.0 8.0 8.0 8.0 11.0 13.0 16.0 58.0 22.0 16.0 20.0 8.0 15.0 8.0
9 10 1 TRACE 53.0 30.0 31.0 31.0 67.0 29.0 45.0 40.0 55.0 34.0 28.0 49.0 29.0 47.0 29.0 53.0 29.0 111.0 55.0 40.0 82.0 100.0 45.0 60.0 36.0 30.0 28.0 29.0 65.0 29.0 27.0 47.0 30.0 41.0 63.0 100.0 41.0 29.0 235.0 41.0 54.0 54.0 43.0 59.0 29.0 61.0 50.0 29.0 47.0 88.0 28.0 66.0 89.0 56.0 40.0 43.0 32.0 161.0 111.0 69.0 28.0 65.0 64.0 34.0
10 11 1 TRACE 25.0 19.0 56.0 19.0 19.0 18.0 20.0 20.0 18.0 19.0 17.0 19.0 18.0 18.0 19.0 18.0 19.0 19.0 18.0 18.0 18.0 19.0 18.0 18.0 18.0 19.0 18.0 22.0 18.0 18.0 18.0 20.0 19.0 19.0 19.0 18.0 18.0 23.0 20.0 18.0 19.0 18.0 18.0 19.0 18.0 19.0 18.0 18.0 31.0 18.0 19.0 18.0 27.0 18.0 17.0 18.0 18.0 19.0 40.0 19.0 18.0 19.0 18.0 19.0
11 12 1 TRACE 26.0 21.0 19.0 24.0 20.0 19.0 20.0 19.0 20.0 32.0 25.0 531.0 22.0 19.0 19.0 19.0 19.0 19.0 20.0 19.0 20.0 31.0 19.0 36.0 24.0 18.0 138.0 44.0 43.0 48.0 34.0 19.0 20.0 19.0 48.0 20.0 19.0 20.0 19.0 28.0 19.0 20.0 47.0 44.0 20.0 22.0 18.0 39.0 19.0 93.0 20.0 19.0 92.0 41.0 30.0 88.0 26.0 165.0 31.0 20.0 19.0 19.0 19.0 18.0
12 13 1 TRACE 23.0 31.0 51.0 40.0 26.0 18.0 18.0 18.0 17.0 17.0 21.0 780.0 17.0 21.0 17.0 17.0 17.0 54.0 49.0 19.0 66.0 17.0 17.0 19.0 18.0 20.0 234.0 39.0 16.0 22.0 34.0 20.0 18.0 61.0 20.0 20.0 17.0 17.0 17.0 21.0 17.0 18.0 51.0 17.0 18.0 51.0 19.0 17.0 30.0 22.0 17.0 17.0 22.0 19.0 17.0 17.0 20.0 17.0 29.0 18.0 18.0 17.0 17.0 19.0
13 14 1 TRACE 22.0 9.0 9.0 9.0 9.0 9.0 9.0 9.0 9.0 9.0 9.0 9.0 8.0 8.0 9.0 9.0 9.0 9.0 9.0 9.0 9.0 8.0 9.0 9.0 9.0 9.0 9.0 9.0 9.0 8.0 9.0 9.0 9.0 9.0 9.0 8.0 9.0 10.0 9.0 8.0 9.0 8.0 9.0 9.0 9.0 9.0 9.0 9.0 9.0 8.0 9.0 9.0 9.0 9.0 8.0 9.0 9.0 9.0 11.0 9.0 9.0 9.0 9.0 9.0
14 15 1 TRACE 29.0 17.0 17.0 17.0 16.0 17.0 38.0 17.0 17.0 16.0 17.0 16.0 17.0 18.0 17.0 17.0 17.0 16.0 17.0 17.0 16.0 17.0 16.0 17.0 27.0 17.0 26.0 38.0 27.0 17.0 20.0 17.0 32.0 21.0 16.0 17.0 17.0 17.0 17.0 17.0 16.0 17.0 188.0 28.0 16.0 16.0 16.0 16.0 15.0 17.0 17.0 16.0 17.0 16.0 17.0 17.0 17.0 16.0 20.0 18.0 43.0 17.0 20.0 56.0
15 16 1 TRACE 13.0 9.0 8.0 8.0 8.0 9.0 8.0 8.0 8.0 8.0 8.0 8.0 9.0 9.0 8.0 8.0 8.0 8.0 8.0 8.0 8.0 8.0 8.0 8.0 8.0 8.0 8.0 8.0 9.0 8.0 8.0 9.0 9.0 8.0 8.0 8.0 9.0 8.0 8.0 9.0 8.0 8.0 9.0 9.0 8.0 9.0 8.0 8.0 8.0 8.0 8.0 8.0 8.0 8.0 8.0 8.0 8.0 8.0 10.0 8.0 8.0 8.0 8.0 9.0
16 17 1 TRACE 51.0 40.0 49.0 68.0 59.0 33.0 40.0 35.0 87.0 34.0 34.0 81.0 58.0 36.0 39.0 43.0 56.0 44.0 34.0 57.0 103.0 46.0 34.0 34.0 34.0 73.0 39.0 54.0 55.0 34.0 46.0 38.0 60.0 44.0 74.0 36.0 46.0 40.0 39.0 73.0 40.0 99.0 156.0 49.0 33.0 93.0 41.0 35.0 43.0 262.0 38.0 34.0 76.0 67.0 69.0 33.0 34.0 68.0 139.0 33.0 34.0 38.0 35.0 113.0
17 18 1 TRACE 23.0 23.0 19.0 18.0 19.0 19.0 18.0 19.0 19.0 19.0 19.0 19.0 26.0 19.0 19.0 19.0 18.0 32.0 18.0 19.0 23.0 18.0 19.0 18.0 18.0 21.0 18.0 18.0 19.0 18.0 18.0 18.0 19.0 18.0 20.0 23.0 18.0 29.0 18.0 18.0 19.0 19.0 18.0 18.0 18.0 18.0 18.0 18.0 17.0 19.0 18.0 18.0 21.0 19.0 18.0 18.0 18.0 19.0 30.0 19.0 17.0 18.0 18.0 19.0
18 19 1 TRACE 33.0 19.0 21.0 19.0 25.0 19.0 19.0 18.0 19.0 19.0 19.0 288.0 19.0 20.0 19.0 49.0 18.0 18.0 22.0 19.0 18.0 24.0 18.0 18.0 18.0 19.0 18.0 37.0 24.0 18.0 52.0 22.0 20.0 20.0 24.0 19.0 19.0 19.0 19.0 19.0 20.0 19.0 19.0 19.0 19.0 22.0 19.0 18.0 18.0 92.0 20.0 18.0 20.0 19.0 19.0 28.0 19.0 18.0 27.0 22.0 18.0 19.0 19.0 55.0
19 20 1 TRACE 29.0 18.0 20.0 25.0 18.0 17.0 20.0 18.0 17.0 18.0 17.0 20.0 18.0 17.0 24.0 17.0 17.0 21.0 56.0 17.0 22.0 18.0 19.0 17.0 17.0 17.0 47.0 34.0 21.0 18.0 18.0 17.0 17.0 20.0 44.0 18.0 18.0 17.0 17.0 17.0 48.0 18.0 18.0 17.0 17.0 17.0 49.0 17.0 18.0 56.0 17.0 18.0 18.0 22.0 70.0 17.0 17.0 18.0 29.0 28.0 17.0 30.0 17.0 26.0
20 21 1 TRACE 22.0 24.0 18.0 18.0 17.0 18.0 18.0 18.0 18.0 18.0 18.0 18.0 18.0 18.0 18.0 17.0 18.0 18.0 18.0 17.0 18.0 19.0 18.0 18.0 17.0 18.0 17.0 18.0 17.0 18.0 18.0 17.0 18.0 18.0 18.0 19.0 18.0 18.0 18.0 35.0 18.0 18.0 18.0 18.0 18.0 18.0 17.0 18.0 18.0 17.0 17.0 18.0 17.0 18.0 18.0 17.0 18.0 18.0 31.0 19.0 18.0 18.0 18.0 18.0
21 22 1 TRACE 30.0 14.0 13.0 14.0 13.0 13.0 13.0 13.0 14.0 13.0 13.0 14.0 13.0 13.0 13.0 14.0 13.0 13.0 13.0 14.0 13.0 13.0 14.0 13.0 13.0 13.0 13.0 14.0 14.0 13.0 13.0 13.0 13.0 14.0 13.0 13.0 14.0 13.0 13.0 13.0 13.0 13.0 13.0 13.0 13.0 13.0 13.0 13.0 13.0 13.0 13.0 13.0 13.0 14.0 13.0 13.0 13.0 13.0 14.0 14.0 13.0 13.0 13.0 14.0
22 23 1 TRACE 182.0 107.0 137.0 131.0 136.0 139.0 151.0 145.0 140.0 137.0 137.0 139.0 134.0 182.0 139.0 139.0 139.0 138.0 145.0 169.0 138.0 139.0 139.0 133.0 151.0 139.0 137.0 149.0 179.0 156.0 134.0 148.0 175.0 141.0 174.0 269.0 138.0 137.0 168.0 137.0 144.0 140.0 139.0 137.0 137.0 140.0 138.0 139.0 138.0 140.0 139.0 140.0 136.0 137.0 137.0 267.0 181.0 137.0 154.0 98.0 134.0 133.0 134.0 147.0
23 24 1 TRACE 53.0 26.0 753.0 42.0 47.0 29.0 28.0 97.0 28.0 65.0 120.0 27.0 30.0 73.0 26.0 34.0 27.0 35.0 27.0 30.0 39.0 53.0 32.0 64.0 41.0 27.0 27.0 39.0 132.0 27.0 58.0 27.0 160.0 33.0 28.0 76.0 67.0 103.0 59.0 28.0 68.0 27.0 45.0 59.0 36.0 28.0 34.0 29.0 27.0 489.0 27.0 64.0 27.0 28.0 26.0 57.0 50.0 31.0 85.0 33.0 29.0 62.0 64.0 42.0
24 25 1 TRACE 57.0 23.0 25.0 24.0 27.0 23.0 25.0 23.0 24.0 23.0 25.0 24.0 24.0 23.0 28.0 24.0 24.0 23.0 23.0 23.0 24.0 24.0 24.0 24.0 32.0 24.0 24.0 30.0 25.0 24.0 63.0 24.0 25.0 24.0 25.0 84.0 25.0 33.0 23.0 31.0 23.0 23.0 23.0 24.0 23.0 23.0 24.0 24.0 24.0 23.0 23.0 23.0 23.0 60.0 29.0 25.0 65.0 23.0 34.0 75.0 23.0 24.0 24.0 24.0
25 26 1 TRACE 31.0 12.0 12.0 12.0 11.0 12.0 11.0 11.0 11.0 12.0 11.0 11.0 11.0 11.0 12.0 11.0 11.0 12.0 11.0 11.0 11.0 12.0 11.0 11.0 11.0 11.0 11.0 11.0 12.0 11.0 12.0 11.0 11.0 12.0 12.0 11.0 12.0 12.0 11.0 11.0 11.0 11.0 12.0 11.0 12.0 12.0 11.0 11.0 12.0 11.0 11.0 11.0 12.0 11.0 11.0 12.0 11.0 11.0 11.0 11.0 11.0 11.0 11.0 11.0 15.0 11.0 12.0 11.0 11.0 11.0 11.0 12.0 11.0 12.0 11.0 12.0 12.0 11.0 12.0 11.0 11.0 12.0 11.0 11.0 11.0 11.0 11.0 11.0 11.0 11.0 11.0 11.0 11.0 11.0 11.0 11.0 11.0 12.0 11.0 14.0 12.0 11.0 11.0 12.0 11.0 11.0 11.0 11.0 11.0 11.0 11.0 12.0 11.0 11.0 11.0 12.0 11.0 11.0 12.0 11.0 11.0 11.0 11.0 11.0 11.0 12.0 12.0 11.0 11.0 12.0 12.0 11.0 11.0 11.0 12.0 11.0 11.0 11.0 11.0 11.0 11.0 12.0 11.0 11.0 11.0 12.0 11.0 11.0 11.0 12.0 12.0 11.0 11.0 11.0 11.0 11.0 11.0 11.0 11.0 11.0 12.0 12.0 11.0 11.0 11.0 11.0 11.0 12.0 11.0 11.0 12.0 11.0 11.0 11.0 11.0 11.0 11.0 12.0 11.0 11.0 11.0 11.0 11.0 11.0 11.0 11.0 11.0 11.0 11.0 11.0 11.0 11.0 12.0 11.0 11.0 11.0 11.0 12.0 12.0 11.0 11.0 11.0 12.0 11.0 12.0 11.0 12.0 11.0 11.0 11.0 12.0 11.0 11.0 11.0 11.0 11.0 12.0 11.0 11.0 12.0 11.0 11.0 12.0 14.0 12.0 15.0 12.0 12.0 12.0 13.0 11.0 11.0 11.0 11.0 11.0 11.0 12.0 11.0 11.0 11.0 11.0 11.0 12.0 12.0 11.0 11.0 11.0
26 27 1 TRACE 11.0 8.0 8.0 8.0 7.0 8.0 8.0 7.0 8.0 8.0 7.0 8.0 8.0 8.0 8.0 7.0 7.0 8.0 7.0 8.0 8.0 8.0 8.0 8.0 8.0 8.0 7.0 8.0 7.0 8.0 8.0 8.0 7.0 8.0 8.0 8.0 7.0 8.0 7.0 8.0 8.0 7.0 8.0 7.0 7.0 13.0 8.0 7.0 8.0 7.0 8.0 7.0 7.0 7.0 7.0 8.0 8.0 8.0 7.0 8.0 7.0 8.0 7.0 7.0 7.0 7.0 8.0 8.0 8.0 7.0 8.0 8.0 8.0 7.0 8.0 8.0 8.0 8.0 7.0 7.0 7.0 8.0 8.0 7.0 8.0 7.0 8.0 7.0 8.0 7.0 7.0 7.0 7.0 7.0 8.0 8.0 8.0 8.0 7.0 7.0 8.0 7.0 8.0 8.0 7.0 7.0 7.0 8.0 7.0 8.0 7.0 8.0 7.0 8.0 8.0 8.0 8.0 7.0 7.0 8.0 7.0 7.0 7.0 8.0 8.0 8.0 8.0 8.0 8.0 7.0 8.0 7.0 8.0 8.0 8.0 8.0 8.0 7.0 7.0 7.0 8.0 8.0 8.0 8.0 8.0 7.0 7.0 8.0 8.0 8.0 8.0 8.0 7.0 7.0 8.0 8.0 7.0 8.0 7.0 7.0 7.0 8.0 7.0 7.0 8.0 8.0 7.0 8.0 7.0 7.0 7.0 8.0 7.0 8.0 8.0 8.0 8.0 7.0 7.0 8.0 7.0 8.0 7.0 7.0 8.0 8.0 7.0 7.0 7.0 7.0 8.0 8.0 8.0 7.0 8.0 8.0 8.0 8.0 7.0 8.0 8.0 7.0 8.0 8.0 8.0 7.0 8.0 8.0 8.0 8.0 7.0 8.0 7.0 7.0 8.0 7.0 8.0 7.0 7.0 8.0 7.0 7.0 7.0 10.0 8.0 8.0 9.0 9.0 9.0 9.0 8.0 7.0 7.0 8.0 7.0 8.0 8.0 7.0 7.0 8.0 7.0 8.0 8.0 8.0 8.0 8.0 7.0
27 28 1 TRACE 10.0 8.0 8.0 7.0 8.0 8.0 8.0 8.0 7.0 8.0 8.0 7.0 8.0 7.0 8.0 8.0 7.0 8.0 8.0 7.0 7.0 8.0 8.0 8.0 7.0 7.0 8.0 7.0 7.0 7.0 7.0 8.0 8.0 8.0 8.0 8.0 7.0 8.0 8.0 8.0 8.0 8.0 8.0 8.0 8.0 7.0 7.0 7.0 7.0 7.0 7.0 7.0 8.0 7.0 8.0 7.0 8.0 7.0 7.0 7.0 7.0 8.0 7.0 8.0 7.0 7.0 8.0 7.0 7.0 7.0 7.0 8.0 8.0 7.0 7.0 8.0 8.0 8.0 8.0 7.0 7.0 7.0 8.0 7.0 8.0 7.0 7.0 7.0 8.0 8.0 7.0 7.0 8.0 7.0 7.0 7.0 7.0 8.0 7.0 8.0 8.0 8.0 8.0 8.0 7.0 8.0 8.0 7.0 7.0 8.0 7.0 8.0 7.0 8.0 8.0 8.0 7.0 7.0 7.0 8.0 7.0 8.0 8.0 8.0 8.0 8.0 8.0 8.0 7.0 8.0 7.0 7.0 8.0 8.0 8.0 7.0 8.0 8.0 7.0 7.0 8.0 8.0 8.0 8.0 8.0 8.0 8.0 8.0 8.0 8.0 8.0 7.0 7.0 7.0 8.0 7.0 8.0 7.0 8.0 7.0 8.0 8.0 11.0 7.0 8.0 7.0 7.0 8.0 7.0 7.0 8.0 8.0 7.0 7.0 8.0 8.0 7.0 7.0 7.0 7.0 8.0 8.0 7.0 7.0 8.0 8.0 8.0 7.0 8.0 7.0 8.0 7.0 8.0 7.0 7.0 7.0 8.0 7.0 7.0 7.0 8.0 8.0 11.0 7.0 8.0 8.0 7.0 8.0 7.0 8.0 7.0 7.0 8.0 8.0 8.0 7.0 8.0 7.0 8.0 8.0 8.0 8.0 7.0 10.0 8.0 9.0 9.0 8.0 8.0 8.0 7.0 7.0 7.0 8.0 7.0 8.0 8.0 7.0 7.0 8.0 7.0 8.0 8.0 8.0 7.0 8.0 7.0
28 29 1 TRACE 14.0 9.0 9.0 9.0 9.0 9.0 9.0 9.0 9.0 9.0 9.0 8.0 9.0 9.0 9.0 9.0 10.0 10.0 9.0 9.0 9.0 9.0 9.0 9.0 9.0 9.0 9.0 9.0 9.0 8.0 8.0 10.0 9.0 9.0 9.0 10.0 9.0 9.0 9.0 10.0 9.0 9.0 9.0 10.0 9.0 10.0 8.0 10.0 9.0 9.0 8.0 9.0 9.0 9.0 9.0 9.0 9.0 8.0 10.0 13.0 9.0 9.0 10.0 9.0 10.0 9.0 9.0 9.0 8.0 10.0 9.0 9.0 9.0 9.0 9.0 9.0 9.0 9.0 9.0 9.0 10.0 9.0 9.0 10.0 9.0 9.0 9.0 9.0 9.0 9.0 9.0 9.0 10.0 9.0 9.0 9.0 9.0 9.0 9.0 10.0 9.0 9.0 9.0 9.0 9.0 9.0 9.0 9.0 9.0 9.0 10.0 9.0 10.0 9.0 10.0 9.0 9.0 9.0 9.0 9.0 9.0 9.0 10.0 9.0 9.0 9.0 9.0 9.0 9.0 9.0 9.0 9.0 10.0 9.0 9.0 9.0 9.0 10.0 9.0 9.0 10.0 9.0 9.0 9.0 9.0 9.0 9.0 9.0 9.0 9.0 9.0 9.0 9.0 9.0 9.0 9.0 9.0 9.0 9.0 10.0 9.0 10.0 10.0 10.0 9.0 9.0 9.0 9.0 9.0 9.0 9.0 9.0 9.0 9.0 10.0 9.0 8.0 10.0 10.0 9.0 9.0 9.0 10.0 9.0 9.0 9.0 9.0 8.0 9.0 10.0 9.0 9.0 9.0 10.0 9.0 9.0 9.0 9.0 9.0 9.0 9.0 10.0 11.0 9.0 9.0 9.0 9.0 9.0 9.0 9.0 10.0 9.0 9.0 9.0 9.0 9.0 9.0 9.0 9.0 10.0 9.0 9.0 9.0 11.0 9.0 22.0 10.0 10.0 10.0 9.0 9.0 10.0 9.0 9.0 10.0 9.0 9.0 9.0 9.0 9.0 9.0 9.0 9.0 9.0 9.0 9.0 10.0
29 30 1 TRACE 44.0 111.0 305.0 45.0 36.0 37.0 57.0 35.0 28.0 30.0 30.0 34.0 83.0 28.0 28.0 37.0 409.0 26.0 30.0 45.0 44.0 30.0 56.0 67.0 29.0 118.0 37.0 28.0 35.0 32.0 29.0 27.0 60.0 64.0 108.0 45.0 78.0 74.0 30.0 207.0 374.0 70.0 68.0 30.0 31.0 24.0 29.0 29.0 31.0 29.0 35.0 64.0 30.0 30.0 31.0 37.0 33.0 63.0 64.0 20.0 64.0 30.0 30.0 34.0 22.0 65.0 27.0 29.0 42.0 30.0 29.0 28.0 67.0 66.0 120.0 62.0 52.0 30.0 138.0 30.0 100.0 34.0 31.0 35.0 58.0 63.0 54.0 27.0 29.0 101.0 62.0 47.0 29.0 29.0 30.0 95.0 46.0 28.0 71.0 22.0 40.0 58.0 49.0 98.0 30.0 82.0 31.0 84.0 32.0 32.0 62.0 86.0 41.0 46.0 93.0 35.0 112.0 29.0 28.0 65.0 69.0 36.0 56.0 30.0 71.0 63.0 33.0 50.0 46.0 29.0 39.0 34.0 30.0 30.0 29.0 31.0 29.0 37.0 31.0 29.0 66.0 140.0 31.0 63.0 29.0 63.0 65.0 29.0 75.0 29.0 62.0 29.0 29.0 30.0 28.0 72.0 102.0 30.0 30.0 29.0 64.0 25.0 19.0 30.0 65.0 64.0 28.0 73.0 65.0 66.0 26.0 29.0 29.0 58.0 68.0 63.0 36.0 27.0 37.0 29.0 29.0 72.0 106.0 65.0 52.0 37.0 549.0 85.0 58.0 30.0 34.0 70.0 62.0 65.0 29.0 64.0 28.0 29.0 62.0 23.0 29.0 30.0 20.0 65.0 29.0 72.0 62.0 28.0 60.0 69.0 27.0 67.0 29.0 69.0 41.0 30.0 32.0 30.0 279.0 65.0 56.0 82.0 26.0 98.0 142.0 82.0 61.0 78.0 31.0 234.0 114.0 31.0 62.0 41.0 38.0 104.0 76.0 59.0 28.0 65.0 31.0 32.0 67.0 67.0 38.0 54.0 77.0
30 31 1 TRACE 24.0 25.0 429.0 9.0 8.0 16.0 9.0 8.0 17.0 17.0 17.0 8.0 17.0 8.0 17.0 24.0 161.0 9.0 9.0 16.0 9.0 8.0 16.0 17.0 8.0 9.0 16.0 28.0 8.0 9.0 8.0 16.0 9.0 8.0 16.0 17.0 9.0 16.0 16.0 40.0 8.0 8.0 16.0 18.0 8.0 9.0 16.0 17.0 9.0 16.0 9.0 18.0 9.0 9.0 16.0 17.0 9.0 8.0 51.0 9.0 8.0 9.0 17.0 16.0 9.0 16.0 16.0 8.0 8.0 19.0 16.0 9.0 8.0 16.0 9.0 23.0 17.0 8.0 9.0 16.0 16.0 9.0 8.0 17.0 16.0 8.0 16.0 9.0 17.0 8.0 8.0 16.0 19.0 8.0 17.0 15.0 16.0 9.0 8.0 17.0 8.0 8.0 44.0 17.0 8.0 9.0 39.0 18.0 8.0 8.0 16.0 25.0 35.0 8.0 22.0 8.0 9.0 8.0 16.0 24.0 8.0 17.0 16.0 18.0 9.0 9.0 8.0 17.0 16.0 9.0 20.0 17.0 27.0 15.0 17.0 8.0 16.0 17.0 18.0 8.0 50.0 9.0 8.0 16.0 31.0 9.0 9.0 27.0 25.0 8.0 8.0 8.0 16.0 8.0 17.0 17.0 9.0 9.0 16.0 55.0 8.0 10.0 17.0 19.0 8.0 9.0 17.0 18.0 8.0 9.0 16.0 16.0 8.0 45.0 21.0 9.0 8.0 16.0 16.0 8.0 9.0 16.0 17.0 8.0 9.0 17.0 16.0 17.0 16.0 17.0 16.0 9.0 16.0 17.0 10.0 9.0 8.0 19.0 9.0 9.0 16.0 17.0 9.0 21.0 9.0 17.0 17.0 9.0 9.0 16.0 16.0 9.0 8.0 16.0 18.0 17.0 8.0 9.0 16.0 17.0 161.0 8.0 8.0 30.0 32.0 31.0 20.0 9.0 9.0 9.0 17.0 8.0 9.0 16.0 17.0 8.0 9.0 9.0 16.0 17.0 9.0 8.0 17.0 9.0 8.0 17.0 16.0
31 32 1 TRACE 18.0 13.0 14.0 12.0 13.0 13.0 14.0 12.0 14.0 13.0 13.0 12.0 15.0 13.0 13.0 13.0 14.0 13.0 13.0 13.0 13.0 13.0 13.0 13.0 13.0 13.0 13.0 13.0 13.0 13.0 12.0 14.0 13.0 13.0 13.0 13.0 13.0 13.0 13.0 13.0 22.0 13.0 13.0 13.0 13.0 12.0 13.0 13.0 13.0 13.0 13.0 13.0 14.0 13.0 13.0 14.0 13.0 13.0 14.0 13.0 14.0 13.0 13.0 14.0 14.0 14.0 13.0 12.0 12.0 14.0 14.0 13.0 13.0 13.0 13.0 13.0 13.0 13.0 57.0 13.0 13.0 13.0 13.0 13.0 13.0 13.0 13.0 13.0 13.0 14.0 13.0 13.0 14.0 13.0 13.0 13.0 13.0 13.0 13.0 14.0 13.0 21.0 13.0 13.0 13.0 13.0 13.0 19.0 13.0 12.0 13.0 21.0 13.0 25.0 14.0 13.0 14.0 12.0 13.0 14.0 12.0 13.0 13.0 13.0 16.0 13.0 14.0 13.0 13.0 13.0 13.0 13.0 14.0 13.0 13.0 13.0 12.0 14.0 13.0 13.0 13.0 14.0 12.0 12.0 14.0 13.0 12.0 13.0 13.0 13.0 13.0 13.0 13.0 13.0 20.0 13.0 26.0 13.0 14.0 14.0 13.0 14.0 14.0 13.0 13.0 13.0 13.0 13.0 12.0 12.0 14.0 13.0 13.0 13.0 13.0 14.0 13.0 14.0 13.0 12.0 13.0 13.0 13.0 27.0 12.0 13.0 13.0 14.0 13.0 14.0 13.0 21.0 13.0 13.0 20.0 12.0 12.0 14.0 13.0 13.0 14.0 13.0 13.0 14.0 13.0 12.0 13.0 14.0 13.0 13.0 14.0 13.0 13.0 14.0 13.0 13.0 13.0 13.0 13.0 13.0 20.0 13.0 13.0 26.0 15.0 29.0 15.0 15.0 13.0 14.0 13.0 13.0 13.0 13.0 13.0 13.0 13.0 13.0 13.0 14.0 13.0 13.0 13.0 13.0 12.0 13.0 14.0
32 33 1 TRACE 23.0 18.0 19.0 18.0 17.0 35.0 18.0 18.0 18.0 18.0 17.0 18.0 18.0 18.0 18.0 18.0 20.0 19.0 18.0 18.0 20.0 19.0 18.0 18.0 17.0 20.0 18.0 19.0 19.0 23.0 17.0 18.0 18.0 56.0 18.0 18.0 18.0 18.0 18.0 56.0 19.0 34.0 18.0 18.0 18.0 18.0 18.0 18.0 18.0 18.0 18.0 19.0 23.0 18.0 18.0 62.0 18.0 24.0 18.0 19.0 18.0 19.0 18.0 18.0 26.0 18.0 18.0 21.0 17.0 18.0 18.0 19.0 18.0 58.0 19.0 18.0 19.0 18.0 21.0 18.0 19.0 18.0 82.0 18.0 21.0 18.0 22.0 18.0 18.0 20.0 17.0 55.0 19.0 30.0 22.0 18.0 18.0 19.0 18.0 19.0 18.0 38.0 26.0 19.0 17.0 18.0 17.0 20.0 24.0 52.0 33.0 24.0 18.0 18.0 18.0 17.0 18.0 17.0 18.0 19.0 18.0 18.0 18.0 18.0 23.0 23.0 24.0 22.0 18.0 18.0 17.0 17.0 22.0 18.0 18.0 18.0 18.0 19.0 18.0 17.0 43.0 18.0 18.0 18.0 35.0 18.0 19.0 18.0 18.0 94.0 19.0 21.0 19.0 17.0 19.0 18.0 18.0 19.0 17.0 19.0 18.0 19.0 18.0 19.0 18.0 18.0 18.0 19.0 18.0 18.0 17.0 18.0 19.0 52.0 18.0 18.0 18.0 17.0 18.0 18.0 17.0 17.0 19.0 23.0 28.0 17.0 19.0 19.0 18.0 18.0 51.0 27.0 19.0 19.0 23.0 55.0 18.0 18.0 43.0 18.0 17.0 19.0 18.0 43.0 18.0 17.0 19.0 18.0 18.0 18.0 18.0 19.0 18.0 17.0 19.0 18.0 17.0 19.0 18.0 19.0 29.0 18.0 56.0 43.0 77.0 25.0 59.0 54.0 19.0 20.0 18.0 18.0 51.0 18.0 55.0 18.0 18.0 18.0 18.0 19.0 26.0 19.0 18.0 17.0 57.0 17.0 25.0
33 34 1 TRACE 729.0 1470.0 374.0 325.0 356.0 370.0 202.0 319.0 3238.0 314.0 217.0 576.0 476.0 292.0 176.0 584.0 413.0 246.0 260.0 270.0 313.0 223.0 403.0 370.0 362.0 255.0 323.0 366.0 386.0 206.0 370.0 345.0 351.0 265.0 1606.0 356.0 236.0 211.0 1710.0 688.0 421.0 268.0 633.0 433.0 328.0 202.0 786.0 364.0 251.0 283.0 450.0 421.0 272.0 208.0 276.0 344.0 245.0 374.0 363.0 303.0 262.0 344.0 1320.0 391.0 227.0 358.0 344.0 290.0 522.0 366.0 612.0 164.0 213.0 342.0 242.0 587.0 358.0 389.0 328.0 324.0 355.0 337.0 133.0 2328.0 416.0 231.0 201.0 318.0 331.0 228.0 211.0 375.0 396.0 300.0 207.0 400.0 329.0 237.0 266.0 335.0 194.0 199.0 418.0 366.0 357.0 374.0 934.0 363.0 287.0 166.0 334.0 321.0 163.0 483.0 350.0 310.0 199.0 300.0 372.0 311.0 296.0 230.0 1062.0 394.0 321.0 202.0 313.0 1725.0 390.0 233.0 247.0 330.0 400.0 348.0 163.0 265.0 1877.0 355.0 266.0 401.0 336.0 211.0 259.0 590.0 354.0 335.0 292.0 361.0 364.0 333.0 295.0 295.0 419.0 270.0 296.0 389.0 349.0 227.0 389.0 400.0 422.0 341.0 466.0 392.0 299.0 328.0 598.0 350.0 300.0 240.0 318.0 359.0 182.0 528.0 370.0 231.0 168.0 976.0 384.0 268.0 341.0 409.0 365.0 272.0 196.0 377.0 322.0 471.0 280.0 2823.0 329.0 205.0 326.0 318.0 248.0 219.0 363.0 369.0 269.0 256.0 839.0 358.0 392.0 227.0 300.0 1311.0 367.0 264.0 323.0 773.0 357.0 289.0 233.0 156.0 2646.0 354.0 237.0 241.0 243.0 2804.0 343.0 261.0 486.0 488.0 334.0 479.0 341.0 289.0 280.0 541.0 580.0 289.0 227.0 410.0 297.0 296.0 222.0 262.0 268.0 310.0 240.0 339.0 329.0 199.0 160.0 2706.0 300.0
34 35 1 TRACE 758.0 763.0 68.0 19.0 58.0 52.0 18.0 55.0 451.0 55.0 20.0 58.0 61.0 48.0 52.0 354.0 61.0 48.0 50.0 56.0 51.0 49.0 58.0 55.0 51.0 49.0 71.0 53.0 51.0 19.0 54.0 52.0 20.0 54.0 216.0 52.0 48.0 56.0 283.0 53.0 50.0 50.0 56.0 54.0 65.0 50.0 570.0 52.0 47.0 19.0 125.0 183.0 50.0 56.0 52.0 58.0 19.0 56.0 54.0 48.0 19.0 51.0 83.0 52.0 49.0 54.0 49.0 19.0 58.0 53.0 50.0 18.0 52.0 52.0 57.0 680.0 53.0 49.0 75.0 54.0 56.0 19.0 50.0 198.0 106.0 56.0 19.0 56.0 93.0 19.0 49.0 187.0 53.0 50.0 51.0 64.0 68.0 20.0 109.0 51.0 19.0 49.0 82.0 69.0 52.0 55.0 79.0 52.0 18.0 56.0 54.0 51.0 55.0 86.0 703.0 51.0 19.0 60.0 196.0 52.0 54.0 53.0 67.0 53.0 48.0 19.0 51.0 79.0 52.0 48.0 45.0 54.0 57.0 49.0 20.0 49.0 94.0 52.0 18.0 53.0 53.0 19.0 90.0 63.0 54.0 92.0 53.0 66.0 52.0 48.0 55.0 53.0 51.0 50.0 56.0 53.0 49.0 55.0 56.0 78.0 56.0 67.0 64.0 93.0 47.0 50.0 62.0 53.0 49.0 49.0 52.0 50.0 52.0 58.0 51.0 50.0 51.0 70.0 56.0 59.0 60.0 518.0 109.0 48.0 48.0 55.0 50.0 50.0 52.0 346.0 52.0 51.0 57.0 54.0 52.0 19.0 55.0 63.0 53.0 56.0 61.0 53.0 49.0 18.0 52.0 75.0 53.0 49.0 50.0 61.0 53.0 49.0 56.0 51.0 96.0 58.0 50.0 49.0 52.0 211.0 53.0 17.0 411.0 124.0 87.0 83.0 57.0 52.0 18.0 58.0 53.0 49.0 54.0 57.0 53.0 55.0 18.0 55.0 54.0 258.0 19.0 54.0 57.0 19.0 80.0 103.0 52.0
35 36 1 TRACE 62.0 96.0 49.0 16.0 54.0 48.0 17.0 95.0 315.0 49.0 16.0 62.0 50.0 46.0 46.0 280.0 49.0 45.0 63.0 60.0 79.0 45.0 54.0 51.0 48.0 47.0 62.0 58.0 46.0 17.0 51.0 47.0 17.0 58.0 113.0 56.0 46.0 49.0 367.0 54.0 50.0 46.0 54.0 123.0 55.0 48.0 258.0 49.0 49.0 18.0 129.0 106.0 45.0 52.0 48.0 49.0 16.0 52.0 57.0 64.0 16.0 109.0 102.0 49.0 46.0 51.0 80.0 16.0 51.0 50.0 46.0 16.0 47.0 49.0 461.0 771.0 51.0 53.0 42.0 179.0 48.0 17.0 50.0 262.0 53.0 47.0 16.0 53.0 46.0 17.0 46.0 66.0 85.0 50.0 53.0 79.0 51.0 16.0 86.0 46.0 17.0 55.0 66.0 62.0 47.0 51.0 91.0 52.0 57.0 46.0 51.0 47.0 53.0 73.0 562.0 51.0 17.0 48.0 258.0 49.0 45.0 48.0 85.0 59.0 51.0 17.0 46.0 105.0 49.0 47.0 45.0 53.0 56.0 51.0 17.0 46.0 128.0 55.0 16.0 58.0 47.0 17.0 84.0 64.0 49.0 46.0 47.0 54.0 49.0 47.0 55.0 47.0 54.0 45.0 54.0 58.0 52.0 47.0 54.0 50.0 50.0 47.0 54.0 62.0 45.0 46.0 62.0 48.0 47.0 44.0 57.0 47.0 58.0 63.0 51.0 52.0 47.0 80.0 48.0 46.0 47.0 452.0 74.0 46.0 64.0 52.0 46.0 46.0 47.0 176.0 52.0 46.0 53.0 50.0 53.0 16.0 51.0 52.0 44.0 56.0 72.0 48.0 52.0 17.0 49.0 122.0 55.0 46.0 64.0 69.0 74.0 48.0 48.0 49.0 132.0 56.0 52.0 46.0 50.0 297.0 48.0 16.0 214.0 112.0 91.0 56.0 52.0 48.0 17.0 61.0 50.0 46.0 69.0 57.0 50.0 47.0 17.0 49.0 50.0 48.0 16.0 52.0 53.0 16.0 49.0 166.0 47.0
36 37 1 TRACE 98.0 559.0 79.0 60.0 41.0 31.0 76.0 34.0 1213.0 314.0 78.0 188.0 111.0 48.0 34.0 189.0 61.0 52.0 51.0 83.0 32.0 96.0 132.0 82.0 30.0 41.0 251.0 52.0 30.0 83.0 62.0 31.0 59.0 36.0 748.0 110.0 49.0 61.0 746.0 169.0 31.0 95.0 81.0 358.0 249.0 40.0 268.0 102.0 96.0 29.0 63.0 57.0 168.0 31.0 71.0 103.0 140.0 95.0 36.0 61.0 113.0 226.0 744.0 45.0 55.0 112.0 74.0 136.0 93.0 108.0 140.0 76.0 86.0 41.0 31.0 139.0 54.0 31.0 61.0 58.0 33.0 155.0 58.0 1086.0 32.0 31.0 102.0 51.0 31.0 133.0 31.0 102.0 36.0 31.0 80.0 74.0 33.0 101.0 97.0 69.0 176.0 63.0 121.0 100.0 32.0 66.0 294.0 86.0 104.0 43.0 65.0 60.0 139.0 124.0 35.0 36.0 93.0 58.0 95.0 110.0 58.0 67.0 668.0 98.0 75.0 102.0 46.0 732.0 133.0 31.0 47.0 62.0 511.0 59.0 95.0 93.0 974.0 46.0 163.0 43.0 40.0 98.0 34.0 204.0 82.0 32.0 128.0 82.0 97.0 46.0 29.0 81.0 57.0 45.0 68.0 58.0 34.0 31.0 53.0 63.0 31.0 85.0 89.0 44.0 99.0 47.0 155.0 55.0 33.0 70.0 92.0 32.0 33.0 279.0 55.0 30.0 228.0 399.0 39.0 86.0 90.0 111.0 36.0 119.0 42.0 49.0 30.0 31.0 573.0 1168.0 120.0 73.0 121.0 112.0 45.0 130.0 122.0 36.0 78.0 31.0 277.0 104.0 31.0 132.0 53.0 613.0 36.0 30.0 84.0 340.0 89.0 30.0 30.0 67.0 1105.0 37.0 36.0 32.0 119.0 1243.0 73.0 133.0 87.0 80.0 84.0 283.0 46.0 89.0 108.0 136.0 309.0 41.0 33.0 66.0 116.0 32.0 50.0 110.0 120.0 996.0 89.0 84.0 32.0 113.0 35.0 1203.0 121.0
37 38 1 TRACE 40.0 110.0 50.0 47.0 51.0 30.0 29.0 31.0 249.0 31.0 29.0 105.0 50.0 47.0 30.0 68.0 36.0 28.0 51.0 74.0 30.0 35.0 51.0 33.0 29.0 29.0 72.0 30.0 31.0 30.0 34.0 30.0 65.0 66.0 147.0 67.0 35.0 32.0 168.0 484.0 308.0 65.0 86.0 70.0 65.0 29.0 79.0 29.0 33.0 63.0 83.0 39.0 83.0 46.0 31.0 45.0 65.0 82.0 29.0 80.0 103.0 68.0 180.0 35.0 64.0 79.0 31.0 29.0 45.0 30.0 64.0 31.0 74.0 255.0 30.0 93.0 31.0 68.0 106.0 135.0 67.0 63.0 64.0 217.0 34.0 61.0 32.0 36.0 30.0 31.0 61.0 68.0 67.0 65.0 60.0 41.0 64.0 29.0 67.0 66.0 64.0 52.0 47.0 40.0 29.0 65.0 138.0 68.0 29.0 60.0 36.0 134.0 28.0 102.0 68.0 34.0 33.0 64.0 52.0 30.0 32.0 70.0 86.0 37.0 68.0 36.0 54.0 175.0 34.0 67.0 64.0 40.0 70.0 57.0 61.0 66.0 151.0 65.0 29.0 37.0 28.0 62.0 34.0 60.0 70.0 65.0 32.0 48.0 32.0 28.0 68.0 33.0 29.0 31.0 80.0 30.0 67.0 31.0 48.0 30.0 32.0 68.0 61.0 29.0 33.0 32.0 83.0 68.0 31.0 41.0 56.0 29.0 65.0 92.0 40.0 29.0 36.0 99.0 30.0 34.0 80.0 118.0 30.0 53.0 33.0 37.0 29.0 190.0 52.0 217.0 33.0 61.0 77.0 79.0 71.0 32.0 40.0 67.0 33.0 64.0 112.0 30.0 29.0 30.0 35.0 154.0 45.0 37.0 43.0 79.0 68.0 68.0 28.0 32.0 226.0 33.0 61.0 63.0 32.0 211.0 67.0 29.0 67.0 57.0 61.0 72.0 79.0 31.0 36.0 57.0 217.0 36.0 38.0 64.0 32.0 37.0 63.0 31.0 49.0 58.0 41.0 69.0 30.0 31.0 75.0 204.0 41.0
38 39 1 TRACE 125.0 36.0 33.0 29.0 32.0 27.0 47.0 27.0 184.0 31.0 34.0 38.0 49.0 28.0 25.0 32.0 26.0 34.0 25.0 38.0 63.0 29.0 36.0 26.0 34.0 45.0 61.0 26.0 27.0 26.0 27.0 27.0 58.0 31.0 26.0 39.0 60.0 33.0 86.0 199.0 28.0 67.0 29.0 61.0 61.0 26.0 30.0 24.0 64.0 30.0 36.0 60.0 67.0 48.0 39.0 180.0 71.0 27.0 64.0 30.0 35.0 64.0 53.0 27.0 72.0 29.0 59.0 33.0 29.0 34.0 60.0 25.0 30.0 271.0 60.0 28.0 25.0 64.0 77.0 29.0 32.0 26.0 27.0 58.0 27.0 24.0 25.0 32.0 25.0 37.0 59.0 66.0 28.0 26.0 27.0 29.0 63.0 33.0 68.0 55.0 34.0 27.0 34.0 28.0 28.0 26.0 40.0 61.0 30.0 32.0 62.0 26.0 42.0 455.0 109.0 36.0 25.0 29.0 26.0 28.0 32.0 156.0 26.0 75.0 42.0 26.0 65.0 26.0 58.0 69.0 62.0 63.0 27.0 36.0 60.0 89.0 28.0 71.0 27.0 62.0 29.0 69.0 25.0 28.0 41.0 67.0 26.0 57.0 55.0 25.0 62.0 24.0 34.0 60.0 35.0 26.0 33.0 27.0 65.0 27.0 30.0 26.0 29.0 25.0 28.0 27.0 28.0 58.0 26.0 25.0 36.0 32.0 57.0 27.0 26.0 27.0 25.0 28.0 52.0 27.0 25.0 72.0 25.0 104.0 48.0 26.0 56.0 33.0 31.0 280.0 27.0 61.0 60.0 79.0 63.0 25.0 27.0 56.0 26.0 25.0 60.0 26.0 26.0 25.0 26.0 27.0 27.0 61.0 69.0 27.0 64.0 37.0 65.0 26.0 65.0 26.0 60.0 62.0 44.0 61.0 29.0 25.0 207.0 35.0 49.0 45.0 33.0 61.0 75.0 69.0 57.0 73.0 28.0 43.0 27.0 63.0 64.0 24.0 87.0 45.0 31.0 27.0 24.0 25.0 62.0 62.0 27.0
39 25 1 TRACE 20.0 19.0 18.0 18.0 18.0 19.0 18.0 18.0 19.0 17.0 18.0 18.0 19.0 18.0 19.0 20.0 19.0 20.0 18.0 19.0 19.0 18.0 23.0 86.0 36.0 21.0 21.0 18.0 49.0 19.0 20.0 18.0 20.0 54.0 19.0 19.0 54.0 24.0 18.0 18.0 23.0 18.0 18.0 19.0 19.0 20.0 19.0 18.0 18.0 18.0 59.0 20.0 17.0 22.0 18.0 24.0 19.0 19.0 18.0 19.0 57.0 19.0 20.0 19.0 59.0 19.0 18.0 19.0 23.0 19.0 18.0 18.0 18.0 19.0 18.0 48.0 19.0 17.0 17.0 18.0 18.0 23.0 20.0 17.0 19.0 18.0 18.0 23.0 19.0 19.0 59.0 20.0 19.0 17.0 60.0 18.0 19.0 18.0 18.0 17.0 19.0 19.0 19.0 18.0 60.0 23.0 19.0 23.0 93.0 24.0 18.0 60.0 55.0 18.0 18.0 18.0 48.0 18.0 20.0
39 40 1 TRACE 36.0 33.0 30.0 70.0 28.0 68.0 39.0 32.0 28.0 30.0 123.0 44.0 27.0 52.0 71.0 28.0 62.0 28.0 29.0 27.0 26.0 67.0 61.0 35.0 68.0 65.0 58.0 89.0 67.0 87.0 188.0 67.0 64.0 28.0 57.0 63.0 31.0 65.0 61.0 27.0 28.0 64.0 33.0 64.0 38.0 64.0 28.0 72.0 41.0 295.0 69.0 62.0 32.0 30.0 67.0 67.0 30.0 68.0 63.0 34.0 39.0 105.0 47.0 61.0
39 51 1 TRACE 39.0 29.0 31.0 29.0 28.0 64.0 26.0 61.0 33.0 60.0 101.0 66.0 62.0 200.0 165.0 33.0 27.0 69.0 101.0 270.0 31.0 28.0 27.0 27.0 30.0 62.0 68.0 28.0 27.0 31.0 28.0 63.0 49.0 33.0 27.0 41.0 65.0 67.0 64.0 28.0 37.0 28.0 29.0 34.0 27.0 74.0 38.0 66.0 63.0 27.0 27.0 31.0 28.0 62.0 66.0 30.0 71.0 97.0 66.0 68.0 61.0 31.0 63.0 28.0
40 41 1 TRACE 220.0 95.0 318.0 116.0 140.0 97.0 110.0 103.0 94.0 251.0 254.0 106.0 138.0 100.0 93.0 101.0 237.0 98.0 103.0 93.0 124.0 93.0 310.0 98.0 101.0 95.0 91.0 104.0 157.0 96.0 104.0 106.0 162.0 235.0 97.0 260.0 90.0 143.0 104.0 90.0 99.0 98.0 102.0 113.0 92.0 154.0 158.0 108.0 93.0 364.0 104.0 127.0 144.0 213.0 149.0 301.0 306.0 93.0 135.0 126.0 100.0 93.0 92.0 305.0
41 42 1 TRACE 20.0 14.0 13.0 15.0 14.0 14.0 13.0 15.0 14.0 14.0 15.0 13.0 13.0 15.0 30.0 13.0 15.0 14.0 13.0 13.0 14.0 13.0 13.0 15.0 13.0 13.0 15.0 14.0 13.0 14.0 15.0 14.0 14.0 15.0 13.0 13.0 15.0 13.0 12.0 15.0 13.0 13.0 15.0 14.0 13.0 15.0 14.0 14.0 14.0 15.0 13.0 13.0 15.0 14.0 13.0 15.0 15.0 13.0 13.0 15.0 14.0 14.0 14.0 13.0 13.0 13.0 15.0 14.0 13.0 15.0 13.0 13.0 14.0 15.0 13.0 13.0 14.0 13.0 13.0 13.0 55.0 14.0 13.0 15.0 21.0 17.0 29.0 14.0 17.0 19.0 13.0 27.0 13.0 13.0 15.0 13.0 13.0 16.0 19.0 13.0 20.0 15.0 13.0 13.0 15.0 15.0 18.0 14.0 13.0 13.0 16.0 13.0 13.0 14.0 13.0 14.0 16.0 13.0 14.0 15.0 14.0 13.0 14.0 15.0 13.0 13.0 15.0 14.0 13.0 15.0 13.0 13.0 65.0 14.0 13.0 13.0 15.0 13.0 18.0 15.0 14.0 13.0 15.0 23.0 16.0 15.0 14.0 13.0 12.0 15.0 13.0 13.0 15.0 13.0 13.0 14.0 13.0 13.0 15.0 13.0 13.0 13.0 15.0 13.0 13.0 15.0 13.0 13.0 15.0 13.0 13.0 15.0 14.0 13.0 15.0 14.0 14.0 15.0 14.0 14.0 15.0 13.0 16.0 15.0 16.0 13.0 15.0 14.0 14.0 13.0 29.0 16.0 15.0 37.0 13.0 13.0 14.0 14.0 184.0 15.0 21.0 13.0 13.0 15.0 13.0 13.0 13.0 14.0 13.0 13.0
42 43 1 TRACE 17.0 12.0 12.0 12.0 12.0 12.0 12.0 12.0 12.0 12.0 12.0 12.0 12.0 12.0 13.0 11.0 18.0 12.0 12.0 12.0 12.0 12.0 11.0 12.0 11.0 12.0 12.0 12.0 12.0 14.0 12.0 12.0 12.0 12.0 12.0 12.0 14.0 11.0 11.0 12.0 12.0 12.0 13.0 12.0 12.0 12.0 12.0 12.0 12.0 12.0 12.0 11.0 12.0 12.0 12.0 12.0 13.0 12.0 12.0 12.0 13.0 12.0 12.0 12.0 12.0 11.0 12.0 12.0 12.0 12.0 12.0 12.0 12.0 12.0 12.0 12.0 12.0 11.0 12.0 11.0 12.0 12.0 12.0 12.0 12.0 12.0 12.0 12.0 12.0 12.0 12.0 12.0 12.0 12.0 12.0 12.0 12.0 12.0 12.0 12.0 12.0 12.0 11.0 12.0 12.0 12.0 12.0 12.0 11.0 12.0 12.0 12.0 12.0 12.0 11.0 12.0 12.0 12.0 13.0 12.0 12.0 12.0 12.0 12.0 12.0 12.0 12.0 12.0 12.0 12.0 12.0 12.0 12.0 12.0 12.0 11.0 11.0 12.0 12.0 12.0 12.0 12.0 12.0 12.0 12.0 12.0 12.0 12.0 11.0 12.0 12.0 12.0 11.0 12.0 12.0 12.0 12.0 12.0 12.0 12.0 12.0 12.0 12.0 12.0 12.0 12.0 12.0 11.0 12.0 12.0 12.0 12.0 12.0 12.0 12.0 12.0 12.0 12.0 12.0 13.0 13.0 12.0 12.0 12.0 12.0 12.0 12.0 11.0 12.0 13.0 15.0 15.0 14.0 13.0 11.0 12.0 12.0 13.0 13.0 14.0 12.0 12.0 12.0 12.0 12.0 12.0 12.0 12.0 12.0 12.0
43 44 1 TRACE 13.0 8.0 8.0 8.0 8.0 9.0 9.0 9.0 9.0 8.0 8.0 9.0 8.0 9.0 9.0 8.0 9.0 9.0 8.0 9.0 9.0 8.0 8.0 8.0 8.0 9.0 9.0 9.0 9.0 9.0 9.0 8.0 9.0 9.0 9.0 8.0 9.0 8.0 8.0 8.0 8.0 8.0 8.0 9.0 8.0 8.0 9.0 9.0 9.0 8.0 8.0 8.0 9.0 9.0 8.0 8.0 10.0 8.0 9.0 9.0 9.0 9.0 9.0 8.0 8.0 9.0 8.0 9.0 9.0 9.0 9.0 9.0 9.0 8.0 9.0 9.0 9.0 9.0 9.0 8.0 9.0 9.0 9.0 8.0 9.0 8.0 9.0 9.0 9.0 9.0 8.0 13.0 9.0 9.0 8.0 8.0 9.0 9.0 9.0 9.0 8.0 9.0 8.0 8.0 9.0 9.0 9.0 9.0 8.0 9.0 9.0 9.0 9.0 9.0 8.0 9.0 9.0 9.0 9.0 8.0 8.0 9.0 9.0 9.0 8.0 8.0 8.0 8.0 9.0 9.0 9.0 8.0 9.0 9.0 9.0 8.0 8.0 8.0 10.0 9.0 9.0 8.0 9.0 8.0 8.0 9.0 9.0 9.0 8.0 9.0 8.0 8.0 8.0 8.0 9.0 8.0 9.0 8.0 9.0 9.0 8.0 9.0 9.0 8.0 9.0 8.0 8.0 8.0 9.0 9.0 9.0 9.0 9.0 9.0 9.0 9.0 8.0 8.0 9.0 10.0 9.0 9.0 8.0 8.0 9.0 8.0 9.0 9.0 9.0 9.0 22.0 11.0 10.0 10.0 8.0 9.0 9.0 9.0 9.0 9.0 9.0 8.0 8.0 8.0 9.0 8.0 8.0 9.0 8.0 8.0
44 45 1 TRACE 123.0 56.0 55.0 80.0 95.0 50.0 376.0 60.0 56.0 93.0 105.0 69.0 52.0 102.0 69.0 51.0 50.0 57.0 59.0 59.0 71.0 52.0 65.0 119.0 54.0 64.0 85.0 51.0 59.0 88.0 112.0 52.0 48.0 61.0 88.0 92.0 87.0 77.0 55.0 95.0 72.0 124.0 92.0 55.0 54.0 89.0 57.0 88.0 54.0 89.0 54.0 58.0 67.0 88.0 50.0 90.0 54.0 50.0 107.0 140.0 50.0 65.0 84.0 580.0 66.0 59.0 75.0 168.0 57.0 98.0 113.0 55.0 55.0 66.0 57.0 62.0 55.0 87.0 64.0 101.0 148.0 59.0 56.0 95.0 91.0 104.0 59.0 157.0 92.0 64.0 51.0 47.0 99.0 56.0 143.0 55.0 81.0 52.0 99.0 53.0 88.0 92.0 214.0 56.0 94.0 71.0 70.0 114.0 91.0 53.0 82.0 53.0 64.0 92.0 51.0 212.0 65.0 50.0 50.0 93.0 76.0 54.0 54.0 72.0 53.0 53.0 87.0 60.0 56.0 314.0 57.0 72.0 255.0 90.0 59.0 53.0 94.0 71.0 108.0 90.0 55.0 57.0 75.0 67.0 53.0 82.0 51.0 51.0 54.0 60.0 50.0 65.0 106.0 87.0 126.0 265.0 64.0 92.0 199.0 89.0 52.0 51.0 54.0 57.0 92.0 90.0 91.0 56.0 60.0 55.0 50.0 106.0 126.0 56.0 49.0 52.0 313.0 108.0 76.0 54.0 67.0 109.0 101.0 101.0 50.0 52.0 93.0 64.0 87.0 162.0 74.0 97.0 55.0 252.0 263.0 534.0 82.0 96.0 96.0 126.0 330.0 51.0 95.0 97.0 55.0 60.0 76.0 55.0 101.0 96.0
45 46 1 TRACE 24.0 19.0 17.0 19.0 18.0 20.0 18.0 19.0 17.0 23.0 23.0 28.0 17.0 20.0 31.0 19.0 20.0 19.0 19.0 17.0 19.0 18.0 18.0 19.0 18.0 17.0 19.0 22.0 59.0 18.0 18.0 18.0 17.0 18.0 18.0 19.0 17.0 18.0 25.0 20.0 17.0 17.0 19.0 35.0 18.0 25.0 19.0 19.0 18.0 19.0 18.0 18.0 23.0 18.0 20.0 18.0 20.0 20.0 17.0 18.0 17.0 20.0 24.0 18.0 18.0 22.0 18.0 18.0 18.0 20.0 20.0 19.0 18.0 53.0 28.0 19.0 18.0 17.0 17.0 19.0 19.0 18.0 17.0 17.0 18.0 178.0 33.0 18.0 30.0 18.0 17.0 18.0 19.0 17.0 21.0 17.0 29.0 20.0 39.0 19.0 27.0 19.0 17.0 18.0 20.0 44.0 23.0 24.0 19.0 18.0 18.0 18.0 22.0 18.0 18.0 19.0 19.0 22.0 17.0 18.0 19.0 18.0 18.0 51.0 17.0 18.0 19.0 20.0 18.0 71.0 19.0 22.0 47.0 19.0 19.0 18.0 19.0 18.0 226.0 18.0 17.0 18.0 47.0 17.0 38.0 18.0 19.0 52.0 17.0 19.0 19.0 21.0 20.0 19.0 17.0 18.0 18.0 26.0 83.0 19.0 36.0 18.0 20.0 36.0 19.0 18.0 17.0 18.0 19.0 23.0 18.0 18.0 41.0 17.0 20.0 19.0 19.0 19.0 18.0 20.0 19.0 23.0 53.0 19.0 19.0 19.0 19.0 19.0 17.0 67.0 29.0 21.0 20.0 28.0 51.0 18.0 18.0 19.0 18.0 44.0 18.0 19.0 19.0 17.0 19.0 17.0 19.0 21.0 82.0 33.0
46 47 1 TRACE 718.0 222.0 209.0 855.0 581.0 297.0 298.0 552.0 221.0 225.0 852.0 270.0 221.0 855.0 242.0 233.0 866.0 306.0 204.0 198.0 858.0 262.0 278.0 871.0 281.0 198.0 828.0 359.0 205.0 191.0 504.0 207.0 203.0 514.0 204.0 195.0 859.0 275.0 213.0 750.0 250.0 191.0 845.0 272.0 204.0 828.0 449.0 210.0 201.0 860.0 350.0 259.0 510.0 205.0 197.0 842.0 320.0 268.0 184.0 883.0 1152.0 1215.0 826.0 394.0 226.0 193.0 752.0 241.0 212.0 805.0 381.0 189.0 230.0 511.0 255.0 200.0 864.0 319.0 221.0 219.0 859.0 277.0 222.0 850.0 280.0 282.0 185.0 810.0 343.0 224.0 210.0 840.0 263.0 197.0 596.0 228.0 193.0 862.0 319.0 209.0 187.0 883.0 318.0 235.0 841.0 279.0 192.0 580.0 268.0 206.0 544.0 209.0 185.0 890.0 311.0 177.0 517.0 205.0 193.0 797.0 407.0 192.0 248.0 724.0 267.0 237.0 855.0 292.0 200.0 775.0 399.0 181.0 181.0 863.0 282.0 200.0 852.0 314.0 177.0 865.0 301.0 195.0 796.0 266.0 177.0 838.0 329.0 183.0 200.0 710.0 258.0 203.0 612.0 210.0 190.0 799.0 247.0 219.0 953.0 298.0 355.0 317.0 496.0 248.0 196.0 859.0 270.0 188.0 852.0 271.0 194.0 630.0 217.0 205.0 1064.0 323.0 679.0 611.0 225.0 177.0 645.0 204.0 176.0 475.0 223.0 191.0 815.0 309.0 187.0 189.0 1147.0 321.0 265.0 801.0 1058.0 711.0 944.0 264.0 185.0 842.0 312.0 225.0 209.0 816.0 335.0 187.0 183.0 633.0 375.0 179.0
47 48 1 TRACE 14.0 19.0 11.0 11.0 12.0 15.0 8.0 10.0 10.0 11.0 11.0 11.0 9.0 52.0 11.0 11.0 11.0 11.0 9.0 18.0 11.0 18.0 22.0 21.0 8.0 11.0 11.0 11.0 11.0 17.0 8.0 10.0 11.0 10.0 11.0 11.0 9.0 10.0 11.0 11.0 10.0 12.0 9.0 10.0 11.0 11.0 11.0 12.0 8.0 11.0 10.0 11.0 10.0 13.0 9.0 11.0 11.0 10.0 11.0 10.0 9.0 11.0 10.0 11.0 11.0 11.0 9.0 10.0 11.0 18.0 11.0 10.0 9.0 10.0 11.0 10.0 10.0 11.0 9.0 11.0 12.0 11.0 11.0 11.0 8.0 10.0 42.0 14.0 11.0 11.0 8.0 10.0 11.0 11.0 11.0 11.0 9.0 11.0 11.0 11.0 19.0 14.0 8.0 11.0 10.0 11.0 12.0 12.0 9.0 11.0 11.0 15.0 11.0 11.0 9.0 12.0 10.0 10.0 11.0 12.0 8.0 11.0 11.0 11.0 11.0 11.0 9.0 10.0 11.0 11.0 12.0 11.0 8.0 10.0 10.0 10.0 20.0 16.0 9.0 11.0 11.0 96.0 11.0 11.0 8.0 11.0 10.0 11.0 12.0 12.0 8.0 11.0 10.0 10.0 11.0 11.0 9.0 11.0 11.0 11.0 15.0 11.0 9.0 23.0 11.0 11.0 12.0 12.0 8.0 11.0 11.0 10.0 11.0 12.0 8.0 10.0 10.0 10.0 11.0 10.0 9.0 10.0 11.0 11.0 10.0 21.0 9.0 11.0 11.0 11.0 11.0 11.0 8.0 11.0 11.0 11.0 11.0 11.0 8.0 11.0 12.0 11.0 24.0 13.0 9.0 10.0 10.0 10.0 10.0 11.0 8.0 11.0 10.0 11.0 11.0 11.0 8.0 10.0 11.0 11.0 11.0 19.0 9.0 10.0 11.0 11.0 11.0 13.0 8.0 10.0 10.0 11.0 10.0 12.0 9.0 11.0 11.0 10.0 10.0 25.0 8.0 17.0 11.0 11.0 11.0 11.0 8.0 11.0 11.0 11.0 11.0 11.0 9.0 11.0 10.0 11.0 10.0 14.0 8.0 11.0 11.0 11.0 11.0 11.0 9.0 10.0 10.0 10.0 10.0 10.0 9.0 11.0 41.0 16.0 16.0 11.0 11.0 11.0 11.0 11.0 11.0 13.0 9.0 11.0 11.0 11.0 11.0 11.0 9.0 10.0 11.0 10.0 16.0 11.0 9.0 12.0 11.0 14.0 11.0 10.0 9.0 17.0 11.0 11.0 12.0 12.0 9.0 10.0 11.0 10.0 11.0 10.0 9.0 18.0 16.0 11.0 11.0 11.0 9.0 13.0 11.0 11.0 11.0 13.0 9.0 10.0 11.0 11.0 11.0 10.0 9.0 11.0 11.0 11.0 14.0 10.0 9.0 10.0 11.0 10.0 14.0 12.0 9.0 10.0 11.0 10.0 19.0 10.0 9.0 10.0 10.0 10.0 11.0 11.0 9.0 10.0 11.0 11.0 11.0 12.0 9.0 10.0 42.0 10.0 19.0 11.0 9.0 11.0 11.0 11.0 11.0 11.0 9.0 11.0 11.0 10.0 15.0 26.0 9.0 11.0 11.0 10.0 16.0 12.0 9.0 12.0 11.0 11.0 11.0 12.0 9.0 11.0 11.0 10.0 16.0 10.0 8.0 11.0 11.0 11.0 11.0 10.0 9.0 11.0 11.0 11.0 10.0 11.0 8.0 11.0 10.0 10.0 10.0 11.0 9.0 11.0 10.0 26.0 23.0 11.0 8.0 11.0 11.0 11.0 12.0 12.0 8.0 10.0 11.0 11.0 11.0 11.0 9.0 11.0 10.0 10.0 11.0 11.0 9.0 10.0 10.0 16.0 13.0 12.0 8.0 10.0 10.0 11.0 10.0 11.0 9.0 10.0 11.0 10.0 11.0 11.0 9.0 11.0 11.0 12.0 11.0 12.0 9.0 11.0 11.0 11.0 11.0 12.0 8.0 11.0 10.0 10.0 11.0 11.0 9.0 11.0 11.0 49.0 23.0 12.0 9.0 11.0 11.0 11.0 11.0 11.0 8.0 11.0 11.0 17.0 11.0 11.0 8.0 10.0 10.0 10.0 11.0 12.0 9.0 11.0 11.0 15.0 11.0 12.0 9.0 10.0 11.0 10.0 12.0 12.0 9.0 11.0 10.0 10.0 15.0 11.0 9.0 11.0 11.0 10.0 12.0 12.0 9.0 11.0 68.0 11.0 20.0 11.0 9.0 11.0 10.0 11.0 12.0 12.0 9.0 11.0 11.0 10.0 11.0 11.0 9.0 10.0 11.0 11.0 10.0 11.0 8.0 11.0 11.0 20.0 11.0 10.0 9.0 11.0 11.0 18.0 11.0 13.0 8.0 11.0 10.0 10.0 10.0 12.0 9.0 11.0 12.0 11.0 11.0 11.0 8.0 11.0 11.0 10.0 11.0 12.0 8.0 11.0 11.0 11.0 11.0 12.0 9.0 11.0 11.0 17.0 10.0 11.0 8.0 10.0 39.0 25.0 11.0 17.0 8.0 10.0 11.0 11.0 10.0 10.0 8.0 10.0 11.0 11.0 14.0 11.0 9.0 10.0 11.0 11.0 11.0 10.0 9.0 13.0 10.0 13.0 18.0 17.0 8.0 11.0 10.0 10.0 17.0 11.0 9.0 15.0 14.0 29.0 11.0 16.0 8.0 10.0 11.0 11.0 17.0 19.0 8.0 10.0 15.0 10.0 11.0 11.0 8.0 10.0 12.0 11.0 10.0 10.0 9.0 10.0 11.0 17.0 11.0 18.0 9.0 10.0 11.0 11.0 11.0 10.0 9.0 10.0 11.0 33.0 14.0 23.0 8.0 11.0 11.0 14.0 14.0 16.0 8.0 11.0 10.0 11.0 15.0 10.0 8.0 10.0 11.0 11.0 11.0 11.0 8.0 11.0 10.0 15.0 19.0 17.0 8.0 10.0 40.0 10.0 12.0 11.0 9.0 11.0 11.0 11.0 11.0 11.0 9.0 11.0 11.0 11.0 15.0 16.0 9.0 11.0 11.0 10.0 12.0 10.0 9.0 11.0 10.0 29.0 25.0 17.0 8.0 10.0 11.0 10.0 11.0 11.0 8.0 11.0 42.0 11.0 11.0 11.0 8.0 11.0 11.0 11.0 11.0 10.0 8.0 11.0 11.0 11.0 11.0 20.0 9.0 11.0 13.0 19.0 19.0 22.0 9.0 11.0 10.0 11.0 12.0 11.0 8.0 11.0 11.0 15.0 11.0 11.0 9.0 10.0 41.0 52.0 21.0 18.0 8.0 11.0 11.0 11.0 12.0 11.0 9.0 11.0 11.0 14.0 18.0 11.0 8.0 11.0 11.0 11.0 11.0 11.0 9.0 10.0 11.0 11.0 11.0 11.0 9.0 10.0 42.0 11.0 13.0 10.0 9.0 11.0 10.0 11.0 11.0 11.0 8.0 68.0 11.0 12.0 18.0 18.0 9.0 11.0 11.0 10.0 10.0 11.0 9.0 11.0 11.0 15.0 11.0 13.0 8.0 27.0 15.0 14.0 18.0 19.0 8.0 11.0 11.0 10.0 11.0 11.0 9.0 11.0 47.0 11.0 10.0 10.0 8.0 11.0 11.0 25.0 22.0 19.0 8.0 10.0 10.0 11.0 11.0 11.0 9.0 10.0 11.0 11.0 11.0 11.0 9.0 11.0 10.0 17.0 25.0 23.0 8.0 15.0 10.0 11.0 12.0 10.0 9.0 11.0 10.0 11.0 11.0 10.0 8.0 18.0 11.0 11.0 15.0 24.0 9.0 10.0 10.0 10.0 11.0 14.0 9.0 11.0 12.0 11.0 11.0 10.0 9.0 11.0 12.0 10.0 11.0 12.0 9.0 11.0 10.0 19.0 11.0 20.0 8.0 11.0 11.0 11.0 11.0 11.0 9.0 11.0 11.0 53.0 11.0 11.0 8.0 10.0 11.0 14.0 16.0 19.0 8.0 10.0 11.0 10.0 11.0 12.0 9.0 13.0 11.0 12.0 11.0 11.0 8.0 11.0 10.0 26.0 20.0 19.0 8.0 11.0 11.0 12.0 12.0 11.0 8.0 11.0 12.0 11.0 13.0 11.0 8.0 10.0 12.0 10.0 13.0 18.0 9.0 12.0 10.0 10.0 10.0 14.0 9.0 10.0 11.0 11.0 11.0 11.0 8.0 17.0 11.0 11.0 11.0 14.0 8.0 10.0 11.0 12.0 11.0 12.0 8.0 11.0 12.0 11.0 14.0 11.0 9.0 11.0 11.0 11.0 11.0 12.0 9.0 15.0 11.0 21.0 19.0 20.0 8.0 10.0 10.0 10.0 11.0 11.0 9.0 11.0 11.0 11.0 11.0 14.0 9.0 11.0 11.0 23.0 25.0 25.0 9.0 11.0 11.0 11.0 10.0 11.0 8.0 11.0 11.0 25.0 11.0 24.0 8.0 11.0 11.0 19.0 18.0 20.0 9.0 10.0 10.0 11.0 12.0 11.0 9.0 11.0 11.0 11.0 11.0 11.0 9.0 10.0 11.0 15.0 17.0 15.0 9.0 11.0 10.0 11.0 13.0 11.0 8.0 10.0 11.0 11.0 23.0 17.0 8.0 11.0 11.0 19.0 18.0 11.0 9.0 11.0 11.0 10.0 13.0 11.0 9.0 11.0 11.0 10.0 11.0 10.0 8.0 10.0 10.0 40.0 15.0 14.0 8.0 10.0 10.0 12.0 12.0 15.0 9.0 10.0 11.0 15.0 11.0 11.0 9.0 11.0 11.0 12.0 11.0 11.0 9.0 11.0 11.0 11.0 12.0 12.0 9.0 11.0 11.0 13.0 11.0 11.0 9.0 10.0 11.0 13.0 17.0 17.0 9.0 11.0 10.0 34.0 12.0 11.0 9.0 11.0 10.0 11.0 11.0 23.0 11.0 25.0 44.0 15.0 13.0 13.0 10.0 15.0 12.0 12.0 12.0 13.0 10.0 12.0 12.0 11.0 12.0 22.0 9.0 11.0 11.0 11.0 10.0 12.0 9.0 11.0 11.0 11.0 11.0 32.0 9.0 11.0 14.0 11.0 11.0 10.0 10.0 11.0 11.0 11.0 11.0 11.0 8.0 11.0 11.0 11.0 11.0 11.0 8.0 10.0 10.0 11.0 11.0 11.0 9.0 11.0 11.0 11.0 15.0 11.0 9.0 10.0 11.0 10.0 10.0 11.0 9.0 10.0 10.0 10.0 10.0 11.0 8.0 11.0 16.0 10.0 10.0 10.0 9.0 11.0 11.0 10.0 10.0 11.0 9.0 11.0 10.0 11.0 11.0 10.0 8.0 10.0 10.0 11.0 10.0 11.0 8.0 10.0 11.0 11.0 45.0 11.0 9.0 12.0 11.0 11.0 13.0 12.0 9.0 10.0 11.0 11.0 11.0 11.0 9.0 11.0 12.0 11.0 10.0 11.0
48 49 1 TRACE 78.0 66.0 37.0 32.0 29.0 27.0 9.0 14.0 14.0 13.0 14.0 14.0 8.0 522.0 11.0 9.0 9.0 10.0 47.0 45.0 78.0 29.0 27.0 25.0 20.0 38.0 34.0 26.0 25.0 36.0 7.0 10.0 10.0 10.0 10.0 10.0 8.0 10.0 10.0 10.0 10.0 10.0 48.0 49.0 33.0 31.0 26.0 27.0 8.0 12.0 11.0 11.0 12.0 12.0 8.0 38.0 14.0 10.0 11.0 10.0 67.0 52.0 39.0 30.0 27.0 25.0 11.0 21.0 20.0 19.0 21.0 23.0 8.0 10.0 11.0 9.0 10.0 10.0 68.0 89.0 49.0 30.0 30.0 26.0 10.0 20.0 20.0 20.0 19.0 21.0 7.0 10.0 10.0 10.0 10.0 10.0 49.0 46.0 68.0 28.0 28.0 30.0 17.0 31.0 27.0 24.0 23.0 23.0 8.0 10.0 10.0 10.0 10.0 11.0 8.0 9.0 10.0 9.0 10.0 10.0 65.0 61.0 76.0 30.0 28.0 26.0 12.0 24.0 26.0 20.0 20.0 21.0 7.0 10.0 10.0 10.0 10.0 11.0 59.0 56.0 62.0 73.0 29.0 30.0 13.0 29.0 23.0 23.0 21.0 22.0 7.0 10.0 10.0 10.0 10.0 10.0 46.0 46.0 40.0 28.0 29.0 26.0 21.0 50.0 29.0 27.0 25.0 23.0 8.0 10.0 10.0 10.0 10.0 10.0 8.0 10.0 11.0 10.0 10.0 11.0 58.0 53.0 42.0 31.0 28.0 26.0 8.0 12.0 12.0 14.0 12.0 12.0 8.0 10.0 10.0 11.0 10.0 10.0 59.0 61.0 70.0 30.0 28.0 26.0 8.0 12.0 18.0 13.0 13.0 13.0 8.0 10.0 11.0 10.0 10.0 10.0 62.0 59.0 50.0 29.0 45.0 39.0 13.0 26.0 23.0 22.0 21.0 21.0 7.0 10.0 10.0 10.0 10.0 10.0 70.0 48.0 39.0 31.0 28.0 28.0 9.0 21.0 19.0 18.0 18.0 58.0 7.0 10.0 12.0 10.0 10.0 10.0 59.0 55.0 60.0 29.0 29.0 42.0 14.0 33.0 25.0 23.0 22.0 22.0 8.0 14.0 9.0 9.0 16.0 10.0 34.0 50.0 28.0 26.0 25.0 25.0 32.0 40.0 31.0 27.0 26.0 97.0 9.0 11.0 10.0 10.0 11.0 11.0 8.0 10.0 10.0 10.0 10.0 10.0 58.0 49.0 40.0 29.0 27.0 26.0 13.0 29.0 23.0 23.0 22.0 26.0 8.0 9.0 10.0 10.0 10.0 10.0 60.0 52.0 36.0 35.0 63.0 28.0 9.0 12.0 13.0 13.0 13.0 13.0 8.0 10.0 10.0 10.0 10.0 10.0 54.0 45.0 70.0 30.0 28.0 25.0 16.0 29.0 26.0 24.0 23.0 24.0 8.0 10.0 10.0 10.0 11.0 10.0 8.0 10.0 10.0 9.0 10.0 10.0 61.0 50.0 39.0 30.0 30.0 28.0 14.0 28.0 28.0 22.0 22.0 21.0 8.0 10.0 12.0 9.0 11.0 10.0 34.0 42.0 29.0 28.0 26.0 24.0 32.0 45.0 51.0 29.0 25.0 28.0 8.0 10.0 12.0 11.0 11.0 11.0 8.0 10.0 11.0 10.0 10.0 11.0 69.0 50.0 37.0 34.0 28.0 28.0 10.0 21.0 19.0 19.0 19.0 20.0 7.0 11.0 12.0 10.0 10.0 10.0 34.0 39.0 45.0 25.0 29.0 24.0 33.0 44.0 32.0 28.0 26.0 25.0 8.0 10.0 10.0 11.0 11.0 11.0 8.0 10.0 10.0 10.0 10.0 10.0 49.0 50.0 34.0 31.0 62.0 26.0 8.0 11.0 14.0 11.0 11.0 12.0 8.0 10.0 10.0 10.0 10.0 10.0 51.0 48.0 54.0 30.0 31.0 26.0 17.0 31.0 28.0 24.0 24.0 23.0 7.0 9.0 10.0 10.0 10.0 10.0 8.0 10.0 10.0 10.0 34.0 9.0 58.0 80.0 35.0 29.0 27.0 27.0 14.0 28.0 32.0 23.0 22.0 22.0 7.0 10.0 10.0 10.0 10.0 11.0 54.0 52.0 68.0 29.0 30.0 26.0 15.0 29.0 33.0 24.0 23.0 21.0 8.0 10.0 10.0 10.0 10.0 10.0 8.0 10.0 12.0 10.0 10.0 11.0 43.0 45.0 33.0 27.0 27.0 25.0 22.0 37.0 29.0 27.0 25.0 24.0 8.0 10.0 10.0 10.0 10.0 11.0 8.0 10.0 10.0 10.0 10.0 11.0 62.0 51.0 43.0 30.0 27.0 25.0 17.0 24.0 62.0 21.0 20.0 22.0 7.0 11.0 12.0 10.0 10.0 11.0 67.0 64.0 39.0 30.0 26.0 25.0 9.0 19.0 17.0 17.0 18.0 17.0 7.0 10.0 10.0 9.0 10.0 10.0 49.0 45.0 39.0 29.0 28.0 25.0 18.0 33.0 62.0 25.0 23.0 24.0 7.0 11.0 9.0 9.0 10.0 10.0 8.0 10.0 15.0 10.0 10.0 10.0 63.0 101.0 39.0 31.0 31.0 25.0 12.0 34.0 33.0 21.0 21.0 21.0 8.0 10.0 10.0 10.0 10.0 11.0 63.0 57.0 68.0 29.0 31.0 26.0 12.0 24.0 25.0 20.0 20.0 21.0 7.0 10.0 9.0 9.0 10.0 10.0 67.0 54.0 41.0 31.0 27.0 26.0 9.0 17.0 20.0 23.0 17.0 18.0 8.0 13.0 11.0 15.0 39.0 10.0 57.0 69.0 37.0 30.0 28.0 27.0 8.0 13.0 21.0 13.0 13.0 14.0 7.0 10.0 11.0 10.0 10.0 10.0 55.0 50.0 36.0 29.0 27.0 26.0 14.0 31.0 30.0 24.0 22.0 85.0 7.0 33.0 20.0 10.0 10.0 10.0 54.0 54.0 36.0 30.0 28.0 26.0 9.0 12.0 14.0 12.0 12.0 12.0 8.0 10.0 16.0 10.0 10.0 10.0 32.0 47.0 31.0 25.0 28.0 24.0 33.0 45.0 31.0 29.0 56.0 26.0 8.0 45.0 15.0 11.0 10.0 11.0 8.0 10.0 10.0 10.0 10.0 10.0 67.0 52.0 43.0 31.0 30.0 25.0 10.0 20.0 24.0 19.0 20.0 19.0 12.0 10.0 10.0 10.0 10.0 10.0 62.0 48.0 44.0 29.0 29.0 25.0 11.0 55.0 24.0 21.0 21.0 20.0 8.0 11.0 10.0 10.0 10.0 10.0 31.0 67.0 53.0 25.0 28.0 24.0 33.0 49.0 31.0 29.0 27.0 26.0 8.0 11.0 10.0 11.0 11.0 11.0 7.0 10.0 12.0 10.0 11.0 10.0 57.0 49.0 87.0 30.0 28.0 28.0 14.0 62.0 25.0 24.0 22.0 23.0 8.0 10.0 9.0 10.0 10.0 10.0 57.0 54.0 69.0 29.0 28.0 27.0 13.0 30.0 27.0 22.0 22.0 22.0 8.0 10.0 11.0 9.0 10.0 11.0 60.0 99.0 103.0 29.0 30.0 27.0 12.0 35.0 29.0 22.0 22.0 21.0 7.0 10.0 11.0 9.0 10.0 10.0 65.0 76.0 44.0 30.0 28.0 29.0 11.0 25.0 31.0 19.0 20.0 20.0 8.0 11.0 10.0 10.0 10.0 10.0 47.0 82.0 32.0 30.0 26.0 28.0 19.0 40.0 32.0 24.0 24.0 25.0 8.0 10.0 11.0 10.0 10.0 11.0 19.0 10.0 11.0 9.0 10.0 11.0 69.0 62.0 45.0 30.0 29.0 27.0 10.0 24.0 19.0 18.0 19.0 18.0 8.0 10.0 10.0 10.0 10.0 10.0 67.0 53.0 38.0 31.0 50.0 25.0 9.0 26.0 25.0 16.0 17.0 18.0 7.0 10.0 12.0 10.0 10.0 11.0 65.0 59.0 34.0 29.0 28.0 27.0 11.0 24.0 26.0 20.0 20.0 21.0 8.0 10.0 10.0 10.0 10.0 10.0 49.0 55.0 31.0 28.0 27.0 26.0 17.0 48.0 32.0 25.0 24.0 23.0 8.0 11.0 10.0 10.0 10.0 11.0 8.0 10.0 10.0 10.0 10.0 10.0 46.0 47.0 35.0 36.0 26.0 32.0 8.0 12.0 12.0 11.0 11.0 12.0 8.0 10.0 10.0 9.0 10.0 10.0 62.0 54.0 35.0 30.0 30.0 27.0 12.0 34.0 37.0 21.0 20.0 21.0 8.0 10.0 10.0 10.0 10.0 10.0 56.0 57.0 49.0 30.0 29.0 27.0 14.0 28.0 27.0 23.0 24.0 22.0 8.0 10.0 11.0 11.0 11.0 10.0 69.0 81.0 41.0 31.0 27.0 26.0 10.0 25.0 24.0 17.0 17.0 18.0 7.0 10.0 10.0 10.0 10.0 10.0 61.0 55.0 35.0 35.0 27.0 26.0 8.0 13.0 20.0 13.0 13.0 13.0 8.0 10.0 10.0 10.0 10.0 10.0 68.0 78.0 36.0 31.0 32.0 28.0 9.0 29.0 30.0 17.0 18.0 54.0 8.0 10.0 10.0 10.0 10.0 10.0 48.0 47.0 34.0 30.0 30.0 25.0 8.0 11.0 21.0 12.0 12.0 12.0 8.0 10.0 11.0 10.0 11.0 11.0 50.0 50.0 34.0 29.0 29.0 25.0 8.0 11.0 15.0 11.0 11.0 12.0 8.0 10.0 11.0 10.0 10.0 11.0 47.0 51.0 58.0 27.0 28.0 27.0 19.0 34.0 36.0 26.0 24.0 25.0 8.0 10.0 10.0 11.0 11.0 11.0 8.0 26.0 13.0 11.0 11.0 23.0 73.0 77.0 65.0 41.0 50.0 30.0 13.0 27.0 25.0 23.0 28.0 28.0 10.0 11.0 12.0 12.0 12.0 12.0 77.0 79.0 37.0 31.0 63.0 26.0 11.0 22.0 20.0 19.0 20.0 20.0 8.0 10.0 23.0 10.0 11.0 10.0 60.0 52.0 34.0 30.0 28.0 25.0 13.0 28.0 23.0 22.0 21.0 21.0 7.0 10.0 10.0 10.0 10.0 18.0 46.0 72.0 34.0 28.0 30.0 25.0 19.0 35.0 28.0 32.0 25.0 23.0 8.0 10.0 10.0 10.0 10.0 10.0 7.0 10.0 11.0 10.0 10.0 10.0 47.0 48.0 34.0 34.0 30.0 24.0 18.0 34.0 27.0 25.0 25.0 23.0 8.0 10.0 46.0 10.0 10.0 10.0 8.0 10.0 10.0 10.0 10.0 10.0 46.0 49.0 35.0 32.0 31.0 36.0 9.0 11.0 11.0 11.0 12.0 12.0 8.0 10.0 10.0 10.0 10.0 9.0
49 47 1 TRACE 530.0 443.0 390.0 367.0 332.0 102.0 103.0 104.0 103.0 103.0 72.0 1225.0 76.0 72.0 97.0 654.0 539.0 465.0 441.0 392.0 202.0 175.0 169.0 163.0 157.0 72.0 73.0 72.0 72.0 77.0 70.0 70.0 72.0 71.0 71.0 268.0 216.0 202.0 178.0 162.0 90.0 91.0 81.0 87.0 86.0 70.0 112.0 72.0 73.0 71.0 531.0 371.0 287.0 250.0 224.0 160.0 140.0 136.0 131.0 136.0 71.0 77.0 72.0 71.0 71.0 446.0 321.0 270.0 235.0 210.0 135.0 133.0 147.0 133.0 129.0 71.0 72.0 71.0 71.0 71.0 632.0 452.0 403.0 326.0 291.0 185.0 176.0 164.0 161.0 158.0 73.0 72.0 72.0 73.0 71.0 75.0 71.0 72.0 71.0 72.0 519.0 366.0 300.0 267.0 235.0 159.0 146.0 141.0 140.0 134.0 70.0 71.0 72.0 71.0 71.0 564.0 399.0 368.0 307.0 256.0 167.0 154.0 153.0 157.0 142.0 75.0 72.0 71.0 71.0 71.0 590.0 489.0 400.0 352.0 311.0 204.0 209.0 191.0 165.0 154.0 72.0 73.0 73.0 78.0 79.0 71.0 112.0 72.0 78.0 71.0 298.0 229.0 195.0 181.0 165.0 97.0 95.0 94.0 93.0 92.0 72.0 71.0 72.0 72.0 70.0 317.0 227.0 197.0 184.0 167.0 91.0 94.0 94.0 93.0 93.0 71.0 112.0 73.0 72.0 71.0 539.0 389.0 319.0 282.0 239.0 154.0 152.0 155.0 148.0 139.0 70.0 71.0 72.0 72.0 72.0 456.0 289.0 253.0 221.0 200.0 123.0 125.0 121.0 121.0 118.0 70.0 112.0 72.0 72.0 71.0 571.0 399.0 331.0 297.0 253.0 162.0 159.0 154.0 154.0 144.0 71.0 71.0 71.0 72.0 72.0 622.0 524.0 488.0 440.0 404.0 218.0 197.0 180.0 169.0 157.0 80.0 75.0 120.0 75.0 76.0 71.0 71.0 71.0 71.0 71.0 570.0 406.0 329.0 297.0 260.0 162.0 157.0 156.0 152.0 143.0 70.0 73.0 71.0 72.0 72.0 301.0 232.0 203.0 188.0 176.0 104.0 97.0 131.0 97.0 96.0 71.0 72.0 72.0 72.0 71.0 600.0 420.0 341.0 307.0 270.0 174.0 165.0 159.0 154.0 146.0 70.0 72.0 71.0 71.0 72.0 70.0 72.0 71.0 72.0 72.0 553.0 394.0 326.0 290.0 248.0 158.0 153.0 152.0 149.0 139.0 72.0 110.0 72.0 72.0 72.0 594.0 543.0 492.0 446.0 395.0 272.0 194.0 179.0 172.0 158.0 102.0 109.0 82.0 113.0 75.0 70.0 70.0 72.0 71.0 73.0 450.0 320.0 266.0 227.0 215.0 164.0 134.0 132.0 129.0 161.0 70.0 110.0 70.0 72.0 71.0 598.0 533.0 470.0 442.0 409.0 229.0 196.0 178.0 168.0 158.0 81.0 76.0 76.0 75.0 75.0 73.0 76.0 73.0 72.0 72.0 311.0 217.0 191.0 169.0 168.0 80.0 126.0 83.0 83.0 87.0 71.0 71.0 71.0 72.0 72.0 578.0 442.0 355.0 320.0 271.0 181.0 168.0 163.0 165.0 150.0 75.0 72.0 71.0 71.0 72.0 71.0 71.0 119.0 131.0 71.0 545.0 449.0 360.0 304.0 261.0 167.0 154.0 147.0 152.0 145.0 104.0 69.0 75.0 72.0 69.0 571.0 417.0 337.0 308.0 264.0 175.0 164.0 156.0 157.0 149.0 68.0 74.0 102.0 106.0 72.0 92.0 112.0 70.0 73.0 71.0 584.0 486.0 411.0 356.0 311.0 203.0 183.0 171.0 163.0 156.0 69.0 71.0 70.0 77.0 71.0 106.0 80.0 99.0 70.0 71.0 535.0 376.0 302.0 276.0 243.0 158.0 147.0 139.0 143.0 137.0 70.0 113.0 78.0 73.0 73.0 351.0 260.0 225.0 205.0 184.0 112.0 110.0 114.0 110.0 109.0 73.0 71.0 79.0 73.0 78.0 575.0 467.0 372.0 336.0 288.0 192.0 175.0 156.0 161.0 145.0 69.0 70.0 115.0 69.0 71.0 96.0 73.0 68.0 69.0 67.0 529.0 375.0 309.0 274.0 245.0 142.0 139.0 141.0 132.0 130.0 67.0 68.0 73.0 69.0 70.0 519.0 365.0 284.0 279.0 234.0 142.0 137.0 173.0 128.0 124.0 91.0 68.0 71.0 69.0 73.0 354.0 253.0 221.0 202.0 182.0 103.0 105.0 103.0 99.0 101.0 80.0 70.0 70.0 67.0 84.0 298.0 235.0 199.0 220.0 170.0 85.0 92.0 87.0 89.0 87.0 68.0 72.0 69.0 69.0 69.0 573.0 416.0 340.0 276.0 263.0 179.0 158.0 151.0 152.0 140.0 67.0 73.0 69.0 70.0 70.0 289.0 223.0 195.0 178.0 166.0 82.0 82.0 80.0 83.0 82.0 92.0 68.0 69.0 67.0 69.0 600.0 531.0 460.0 447.0 399.0 230.0 197.0 178.0 163.0 200.0 70.0 72.0 73.0 77.0 75.0 68.0 71.0 67.0 106.0 68.0 455.0 321.0 261.0 237.0 204.0 122.0 123.0 120.0 125.0 113.0 69.0 67.0 70.0 67.0 68.0 535.0 375.0 308.0 317.0 245.0 149.0 167.0 133.0 132.0 129.0 68.0 69.0 70.0 69.0 112.0 735.0 532.0 479.0 448.0 398.0 247.0 198.0 179.0 172.0 155.0 72.0 71.0 72.0 73.0 72.0 82.0 70.0 79.0 67.0 69.0 561.0 404.0 335.0 282.0 262.0 163.0 161.0 151.0 143.0 139.0 68.0 69.0 70.0 74.0 110.0 560.0 392.0 322.0 291.0 254.0 161.0 152.0 151.0 143.0 136.0 74.0 71.0 70.0 72.0 70.0 543.0 380.0 312.0 288.0 251.0 221.0 145.0 140.0 136.0 129.0 83.0 70.0 69.0 69.0 111.0 536.0 343.0 280.0 252.0 225.0 131.0 127.0 126.0 123.0 116.0 67.0 72.0 69.0 69.0 70.0 587.0 465.0 380.0 334.0 294.0 211.0 175.0 165.0 155.0 149.0 68.0 69.0 71.0 71.0 103.0 85.0 72.0 92.0 67.0 68.0 384.0 287.0 242.0 217.0 194.0 120.0 117.0 110.0 112.0 106.0 72.0 81.0 69.0 68.0 68.0 364.0 261.0 223.0 204.0 190.0 131.0 102.0 106.0 105.0 101.0 109.0 70.0 70.0 69.0 109.0 514.0 386.0 292.0 272.0 234.0 167.0 134.0 128.0 130.0 124.0 69.0 69.0 69.0 70.0 69.0 577.0 455.0 377.0 325.0 286.0 231.0 190.0 161.0 153.0 144.0 87.0 70.0 70.0 71.0 105.0 89.0 68.0 69.0 72.0 70.0 265.0 213.0 191.0 172.0 157.0 77.0 77.0 77.0 79.0 77.0 67.0 67.0 67.0 68.0 67.0 539.0 378.0 307.0 273.0 238.0 153.0 141.0 133.0 132.0 128.0 94.0 70.0 70.0 68.0 113.0 569.0 409.0 331.0 299.0 258.0 163.0 158.0 153.0 141.0 133.0 93.0 68.0 68.0 68.0 71.0 377.0 280.0 233.0 219.0 192.0 108.0 111.0 109.0 108.0 106.0 67.0 72.0 70.0 69.0 114.0 351.0 235.0 202.0 184.0 169.0 125.0 97.0 90.0 89.0 89.0 72.0 74.0 68.0 68.0 69.0 370.0 297.0 228.0 205.0 180.0 112.0 104.0 104.0 106.0 143.0 69.0 69.0 69.0 70.0 73.0 270.0 220.0 188.0 174.0 164.0 78.0 100.0 79.0 79.0 77.0 66.0 68.0 68.0 69.0 68.0 253.0 211.0 188.0 170.0 163.0 96.0 99.0 77.0 77.0 78.0 66.0 67.0 68.0 68.0 68.0 585.0 461.0 374.0 339.0 382.0 193.0 176.0 161.0 154.0 145.0 74.0 71.0 69.0 72.0 73.0 114.0 162.0 217.0 164.0 108.0 700.0 420.0 388.0 328.0 289.0 157.0 153.0 146.0 153.0 136.0 77.0 78.0 80.0 77.0 77.0 476.0 348.0 284.0 259.0 245.0 136.0 167.0 143.0 162.0 134.0 280.0 68.0 70.0 70.0 82.0 539.0 396.0 320.0 288.0 251.0 154.0 149.0 143.0 135.0 135.0 67.0 69.0 93.0 68.0 71.0 542.0 474.0 380.0 339.0 293.0 200.0 180.0 169.0 154.0 151.0 68.0 69.0 70.0 69.0 69.0 73.0 67.0 68.0 67.0 66.0 586.0 431.0 367.0 328.0 284.0 194.0 175.0 164.0 157.0 144.0 68.0 70.0 80.0 69.0 70.0 67.0 70.0 68.0 67.0 101.0 271.0 219.0 191.0 197.0 162.0 82.0 77.0 77.0 78.0 76.0 137.0 67.0 69.0 73.0 68.0
49 50 1 TRACE 171.0 62.0 202.0 59.0 46.0 52.0 82.0 64.0 67.0 33.0 60.0 42.0 68.0 158.0 38.0 176.0 48.0 56.0 81.0 111.0 72.0 199.0 190.0 47.0 67.0 80.0 155.0 45.0 165.0 75.0 124.0 89.0 100.0 121.0 133.0 34.0 125.0 62.0 72.0 71.0 60.0 49.0 290.0 94.0 84.0 138.0 53.0 85.0 61.0 89.0 69.0 138.0 48.0 36.0 60.0 154.0 46.0 116.0 104.0 108.0 112.0 33.0 91.0 65.0 39.0 133.0 170.0 40.0 34.0 133.0 188.0 72.0 77.0 46.0 34.0 106.0 140.0 64.0 71.0 32.0 46.0 149.0 107.0 92.0 75.0 44.0 34.0 55.0 159.0 71.0 34.0 54.0 42.0 34.0 149.0 101.0 87.0 159.0 43.0 63.0 56.0 62.0 105.0 86.0 89.0 122.0 136.0 109.0 50.0 37.0 49.0 111.0 155.0 72.0 47.0 35.0 173.0 113.0 112.0 94.0 46.0 36.0 49.0 139.0 102.0 33.0 58.0 44.0 38.0 48.0 82.0 116.0 84.0 144.0 85.0 71.0 127.0 150.0 95.0 47.0 55.0 69.0 47.0 66.0 84.0 82.0 79.0 137.0 44.0 98.0 38.0 95.0 47.0 252.0 34.0 47.0 40.0 104.0 58.0 81.0 35.0 123.0 55.0 151.0 54.0 99.0 78.0 33.0 91.0 141.0 126.0 47.0 65.0 65.0 136.0 79.0 240.0 47.0 40.0 105.0 129.0 40.0 67.0 132.0 95.0 301.0 84.0 138.0 366.0 340.0 146.0 50.0 65.0 92.0 464.0 41.0 157.0 143.0 42.0 109.0 45.0 102.0 92.0 109.0 47.0 108.0 31.0 72.0 47.0 86.0
50 25 1 TRACE 84.0 26.0 23.0 25.0 31.0 24.0 60.0 26.0 23.0 25.0 648.0 26.0 24.0 25.0 23.0 27.0 23.0 28.0 26.0 23.0 24.0 27.0 24.0 27.0 26.0 24.0 22.0 26.0 29.0 23.0 32.0 25.0 24.0 25.0 27.0 22.0 24.0 23.0 25.0 24.0 27.0 26.0 26.0 24.0 23.0 24.0 24.0 26.0 43.0 63.0 26.0 64.0 26.0 24.0 30.0 23.0 23.0 56.0 26.0 24.0 35.0 23.0 21.0 57.0
50 41 1 TRACE 10.0 9.0 9.0 10.0 8.0 9.0 9.0 9.0 9.0 10.0 9.0 9.0 9.0 9.0 9.0 9.0 9.0 9.0 9.0 10.0 9.0 9.0 9.0 9.0 9.0 9.0 9.0 9.0 9.0 10.0 9.0 9.0 10.0 9.0 9.0 9.0 9.0 9.0 11.0 9.0 9.0 9.0 9.0 9.0 9.0 9.0 9.0 9.0 9.0 9.0 8.0 9.0 8.0 9.0 9.0 9.0 10.0 9.0 9.0 9.0 9.0 9.0 10.0 9.0 9.0 9.0 9.0 9.0 9.0 9.0 9.0 9.0 9.0 9.0 9.0 9.0 9.0 9.0 8.0 9.0 9.0 9.0 9.0 10.0 9.0 9.0 9.0 9.0 9.0 9.0 10.0 9.0 9.0 9.0 9.0 9.0 9.0 10.0 9.0 9.0 12.0 10.0 9.0 9.0 10.0 9.0 9.0 9.0 9.0 9.0 9.0 9.0 9.0 9.0 8.0 9.0 9.0 9.0 9.0 10.0 9.0 9.0 9.0 9.0 10.0 9.0 9.0 12.0 9.0 10.0 9.0 9.0 12.0 11.0 9.0 9.0 9.0 14.0 9.0 9.0 9.0 9.0 9.0 9.0 9.0 9.0
51 52 1 TRACE 1145.0 1176.0 1164.0 1213.0 1119.0 1117.0 1117.0 1122.0 1122.0 1124.0 1125.0 1126.0 1115.0 1121.0 1224.0 1141.0 1143.0 1118.0 1128.0 1117.0 1119.0 1121.0 1123.0 1118.0 1089.0 1093.0 1138.0 1127.0 1128.0 1098.0 1088.0 1091.0 1099.0 1104.0 1130.0 1108.0 1099.0 1130.0 1121.0 1160.0 1129.0 1115.0 1090.0 1107.0 1093.0 1387.0 1098.0 1087.0 1099.0 1155.0 1085.0 1107.0 1111.0 1110.0 1110.0 1098.0 1098.0 1576.0 1160.0 1088.0 1089.0 1085.0 1091.0 1145.0
52 53 1 TRACE 52.0 240.0 47.0 69.0 48.0 65.0 76.0 77.0 44.0 79.0 688.0 91.0 85.0 78.0 45.0 50.0 45.0 48.0 79.0 893.0 53.0 76.0 53.0 52.0 78.0 43.0 74.0 49.0 120.0 79.0 45.0 73.0 54.0 46.0 51.0 44.0 73.0 48.0 43.0 45.0 46.0 44.0 54.0 44.0 72.0 225.0 76.0 46.0 882.0 71.0 237.0 44.0 70.0 43.0 68.0 78.0 44.0 162.0 47.0 70.0 43.0 47.0 60.0 77.0
53 54 1 TRACE 26.0 34.0 16.0 18.0 18.0 24.0 25.0 25.0 24.0 24.0 221.0 18.0 20.0 19.0 16.0 20.0 19.0 21.0 15.0 1316.0 20.0 16.0 19.0 15.0 20.0 21.0 23.0 22.0 14.0 20.0 20.0 15.0 21.0 24.0 20.0 17.0 21.0 17.0 20.0 20.0 19.0 18.0 16.0 52.0 19.0 46.0 15.0 17.0 46.0 14.0 12.0 14.0 53.0 15.0 19.0 18.0 21.0 17.0 19.0 16.0 18.0 19.0 21.0 17.0
54 55 1 TRACE 45.0 21.0 20.0 20.0 20.0 19.0 20.0 20.0 19.0 20.0 20.0 20.0 20.0 33.0 21.0 20.0 20.0 20.0 20.0 21.0 20.0 19.0 21.0 19.0 20.0 20.0 21.0 21.0 20.0 19.0 20.0 32.0 21.0 19.0 19.0 19.0 20.0 21.0 24.0 20.0 21.0 20.0 20.0 19.0 20.0 19.0 20.0 20.0 21.0 20.0 19.0 19.0 20.0 20.0 21.0 20.0 19.0 25.0 34.0 34.0 33.0 19.0 20.0 20.0
55 56 1 TRACE 11.0 8.0 7.0 7.0 7.0 7.0 7.0 8.0 7.0 8.0 7.0 8.0 8.0 8.0 7.0 7.0 7.0 7.0 8.0 7.0 8.0 8.0 7.0 7.0 8.0 8.0 7.0 7.0 8.0 8.0 7.0 8.0 7.0 7.0 7.0 7.0 8.0 8.0 7.0 7.0 8.0 8.0 7.0 7.0 7.0 7.0 7.0 7.0 7.0 8.0 7.0 7.0 7.0 7.0 7.0 7.0 7.0 9.0 8.0 8.0 7.0 7.0 7.0 7.0
56 57 1 TRACE 23.0 6.0 7.0 7.0 7.0 7.0 7.0 7.0 7.0 7.0 7.0 7.0 7.0 7.0 7.0 7.0 7.0 7.0 6.0 7.0 7.0 7.0 7.0 7.0 7.0 7.0 7.0 7.0 7.0 7.0 7.0 7.0 7.0 7.0 7.0 7.0 7.0 7.0 7.0 7.0 7.0 7.0 7.0 7.0 7.0 7.0 7.0 7.0 7.0 7.0 7.0 7.0 7.0 7.0 7.0 7.0 7.0 9.0 8.0 7.0 8.0 7.0 7.0 7.0
57 58 1 TRACE 11.0 7.0 7.0 7.0 7.0 7.0 7.0 7.0 6.0 7.0 7.0 7.0 7.0 8.0 7.0 7.0 7.0 7.0 7.0 7.0 7.0 7.0 7.0 7.0 7.0 7.0 7.0 7.0 7.0 7.0 7.0 8.0 7.0 7.0 7.0 7.0 7.0 7.0 6.0 7.0 7.0 7.0 7.0 7.0 6.0 7.0 7.0 7.0 7.0 7.0 7.0 7.0 7.0 7.0 6.0 7.0 6.0 9.0 7.0 7.0 8.0 7.0 7.0 7.0
58 59 1 TRACE 16.0 8.0 8.0 8.0 8.0 8.0 8.0 8.0 8.0 8.0 8.0 8.0 8.0 9.0 8.0 8.0 9.0 8.0 8.0 8.0 9.0 8.0 12.0 8.0 8.0 8.0 8.0 8.0 8.0 8.0 8.0 8.0 7.0 8.0 8.0 8.0 8.0 8.0 8.0 8.0 8.0 8.0 8.0 8.0 8.0 8.0 8.0 8.0 8.0 8.0 7.0 7.0 7.0 8.0 8.0 7.0 8.0 10.0 9.0 9.0 8.0 7.0 8.0 8.0
59 60 1 TRACE 8.0 7.0 7.0 7.0 19.0 7.0 19.0 7.0 7.0 7.0 7.0 7.0 7.0 19.0 19.0 19.0 6.0 7.0 19.0 7.0 20.0 19.0 7.0 7.0 7.0 20.0 19.0 7.0 19.0 19.0 7.0 18.0 7.0 7.0 7.0 7.0 7.0 7.0 7.0 7.0 7.0 7.0 7.0 7.0 7.0 7.0 7.0 7.0 7.0 7.0 7.0 7.0 7.0 7.0 7.0 7.0 7.0 8.0 7.0 21.0 20.0 7.0 7.0 7.0
60 61 1 TRACE 7.0 8.0 20.0 19.0 7.0 19.0 8.0 20.0 8.0 20.0 19.0 8.0 19.0 8.0 8.0 7.0 20.0 19.0 8.0 8.0 7.0 7.0 7.0 19.0 20.0 7.0 8.0 19.0 8.0 7.0 19.0 20.0 20.0 20.0 19.0 20.0 19.0 20.0 19.0 8.0 19.0 19.0 20.0 20.0 8.0 20.0 20.0 20.0 20.0 9.0 19.0 8.0 8.0 20.0 19.0 19.0 20.0 9.0 7.0 8.0 8.0 20.0 20.0 19.0
61 62 1 TRACE 20.0 7.0 7.0 7.0 7.0 8.0 7.0 7.0 7.0 8.0 8.0 7.0 7.0 8.0 7.0 7.0 7.0 8.0 7.0 7.0 7.0 7.0 20.0 7.0 8.0 7.0 8.0 8.0 7.0 7.0 7.0 7.0 7.0 8.0 7.0 7.0 7.0 7.0 7.0 8.0 7.0 7.0 7.0 7.0 8.0 8.0 7.0 7.0 7.0 7.0 7.0 7.0 7.0 7.0 7.0 7.0 7.0 9.0 8.0 8.0 7.0 7.0 7.0 7.0
62 1 1 TRACE 25.0 24.0 24.0 24.0 24.0 23.0 24.0 24.0 24.0 27.0 24.0 28.0 23.0 26.0 23.0 28.0 25.0 31.0 24.0 31.0 24.0 48.0 28.0 24.0 25.0 24.0 25.0 24.0 34.0 24.0 29.0 24.0 24.0 24.0 24.0 24.0 24.0 24.0 25.0 24.0 24.0 23.0 24.0 24.0 24.0 185.0 23.0 24.0 176.0 24.0 39.0 24.0 24.0 24.0 23.0 24.0 25.0 32.0 24.0 24.0 25.0 24.0 24.0
