0 1 1 TRACE 1672854814708423.0
1 2 1 TRACE 10953.0 60.0 31.0 41.0 43.0 46.0 41.0 31.0 43.0 43.0 44.0 42.0 42.0 42.0 60.0 31.0 43.0 42.0 42.0 42.0 42.0 44.0 42.0 44.0 42.0 44.0 43.0 35.0 42.0 43.0 42.0 43.0 43.0 42.0 43.0 33.0 43.0 40.0 42.0 41.0 42.0 43.0 42.0 45.0 59.0 42.0 42.0 42.0 42.0 42.0 43.0 42.0 43.0 45.0 42.0 41.0 44.0 42.0 42.0 42.0 42.0 42.0 42.0 43.0
2 3 1 TRACE 599.0 25.0 25.0 34.0 23.0 24.0 49.0 59.0 26.0 24.0 25.0 24.0 24.0 25.0 26.0 87.0 24.0 24.0 24.0 24.0 26.0 192.0 24.0 24.0 24.0 25.0 24.0 25.0 25.0 24.0 34.0 27.0 24.0 26.0 24.0 25.0 28.0 95.0 56.0 28.0 24.0 25.0 24.0 24.0 25.0 35.0 48.0 24.0 24.0 24.0 24.0 24.0 24.0 25.0 25.0 24.0 24.0 25.0 34.0 23.0 27.0 35.0 24.0 24.0
3 4 1 TRACE 41.0 28.0 22.0 18.0 18.0 18.0 39.0 62.0 19.0 17.0 18.0 18.0 18.0 18.0 53.0 48.0 18.0 19.0 18.0 59.0 53.0 29.0 25.0 18.0 18.0 27.0 17.0 39.0 41.0 54.0 17.0 51.0 17.0 18.0 17.0 19.0 18.0 37.0 40.0 18.0 18.0 18.0 19.0 18.0 18.0 19.0 18.0 17.0 18.0 17.0 18.0 18.0 52.0 18.0 18.0 18.0 18.0 51.0 18.0 24.0 19.0 17.0 24.0 18.0
4 5 1 TRACE 19.0 13.0 13.0 13.0 14.0 13.0 14.0 13.0 13.0 20.0 13.0 13.0 13.0 12.0 14.0 15.0 13.0 13.0 32.0 12.0 13.0 46.0 45.0 13.0 13.0 13.0 13.0 13.0 50.0 20.0 13.0 16.0 13.0 13.0 13.0 13.0 13.0 28.0 15.0 12.0 18.0 12.0 13.0 12.0 13.0 13.0 13.0 13.0 13.0 13.0 12.0 13.0 13.0 13.0 13.0 44.0 14.0 14.0 13.0 13.0 14.0 15.0 13.0 13.0
5 6 1 TRACE 41.0 18.0 18.0 18.0 164.0 17.0 16.0 17.0 15.0 15.0 16.0 16.0 16.0 15.0 16.0 12.0 17.0 16.0 16.0 15.0 51.0 10.0 23.0 15.0 18.0 16.0 15.0 44.0 48.0 12.0 13.0 12.0 16.0 16.0 16.0 16.0 14.0 49.0 30.0 15.0 15.0 13.0 12.0 15.0 13.0 13.0 12.0 12.0 16.0 21.0 57.0 16.0 16.0 15.0 16.0 22.0 15.0 17.0 16.0 17.0 12.0 12.0 14.0 13.0
6 7 1 TRACE 19.0 15.0 15.0 15.0 9.0 12.0 12.0 14.0 208.0 11.0 12.0 10.0 182.0 13.0 13.0 8.0 13.0 12.0 12.0 13.0 13.0 9.0 13.0 13.0 15.0 14.0 14.0 10.0 24.0 12.0 13.0 14.0 13.0 12.0 12.0 13.0 13.0 14.0 20.0 14.0 13.0 13.0 14.0 12.0 13.0 13.0 13.0 14.0 14.0 15.0 13.0 13.0 13.0 13.0 13.0 13.0 13.0 13.0 14.0 13.0 12.0 12.0 13.0 13.0
7 8 1 TRACE 19.0 15.0 15.0 15.0 8.0 12.0 12.0 12.0 14.0 11.0 12.0 12.0 14.0 13.0 13.0 8.0 13.0 12.0 12.0 13.0 19.0 7.0 13.0 14.0 15.0 14.0 15.0 11.0 9.0 13.0 12.0 14.0 12.0 13.0 13.0 13.0 13.0 11.0 9.0 14.0 13.0 13.0 13.0 13.0 14.0 13.0 12.0 13.0 13.0 13.0 13.0 12.0 13.0 14.0 13.0 13.0 13.0 13.0 14.0 14.0 13.0 13.0 13.0 13.0
8 9 1 TRACE 18.0 15.0 16.0 15.0 8.0 12.0 12.0 40.0 14.0 11.0 12.0 11.0 14.0 14.0 20.0 7.0 12.0 12.0 11.0 14.0 7.0 8.0 25.0 13.0 14.0 52.0 15.0 8.0 27.0 13.0 14.0 14.0 12.0 13.0 13.0 29.0 15.0 13.0 20.0 13.0 13.0 13.0 13.0 31.0 11.0 13.0 13.0 13.0 13.0 12.0 13.0 12.0 13.0 12.0 14.0 13.0 13.0 8.0 13.0 13.0 13.0 13.0 14.0 14.0
9 10 1 TRACE 45.0 44.0 22.0 22.0 73.0 22.0 55.0 27.0 24.0 24.0 23.0 30.0 30.0 64.0 35.0 52.0 40.0 57.0 41.0 32.0 22.0 82.0 47.0 48.0 25.0 22.0 22.0 22.0 22.0 62.0 68.0 58.0 26.0 55.0 21.0 32.0 54.0 138.0 79.0 22.0 24.0 34.0 61.0 41.0 24.0 44.0 55.0 22.0 22.0 52.0 57.0 42.0 33.0 21.0 22.0 33.0 57.0 33.0 50.0 22.0 55.0 24.0 23.0 65.0
10 11 1 TRACE 18.0 13.0 30.0 14.0 14.0 14.0 26.0 14.0 14.0 26.0 14.0 15.0 13.0 14.0 38.0 14.0 15.0 14.0 15.0 24.0 13.0 15.0 14.0 15.0 25.0 14.0 14.0 13.0 14.0 17.0 24.0 14.0 14.0 14.0 15.0 14.0 15.0 32.0 59.0 26.0 25.0 25.0 14.0 15.0 26.0 15.0 25.0 14.0 15.0 15.0 20.0 14.0 25.0 15.0 14.0 26.0 14.0 13.0 14.0 25.0 16.0 25.0 25.0 14.0
11 12 1 TRACE 21.0 13.0 23.0 14.0 14.0 25.0 14.0 13.0 14.0 14.0 15.0 24.0 15.0 14.0 13.0 14.0 25.0 24.0 25.0 13.0 13.0 14.0 14.0 14.0 13.0 13.0 13.0 15.0 34.0 14.0 13.0 13.0 24.0 24.0 14.0 14.0 24.0 37.0 15.0 14.0 13.0 13.0 24.0 24.0 51.0 61.0 13.0 24.0 25.0 24.0 14.0 14.0 13.0 14.0 24.0 14.0 13.0 13.0 24.0 14.0 24.0 13.0 16.0 24.0
12 13 1 TRACE 22.0 13.0 17.0 24.0 24.0 25.0 13.0 27.0 14.0 24.0 14.0 14.0 14.0 49.0 17.0 14.0 24.0 13.0 13.0 13.0 14.0 14.0 48.0 13.0 13.0 13.0 25.0 14.0 29.0 14.0 13.0 13.0 40.0 14.0 13.0 16.0 14.0 40.0 26.0 25.0 13.0 24.0 14.0 13.0 25.0 13.0 13.0 14.0 15.0 13.0 13.0 14.0 13.0 36.0 13.0 13.0 13.0 14.0 13.0 25.0 13.0 24.0 25.0 13.0
13 14 1 TRACE 22.0 9.0 9.0 8.0 8.0 9.0 8.0 10.0 8.0 9.0 20.0 20.0 9.0 9.0 9.0 9.0 9.0 9.0 8.0 9.0 9.0 9.0 9.0 9.0 19.0 9.0 20.0 9.0 8.0 9.0 9.0 8.0 8.0 9.0 19.0 9.0 9.0 10.0 10.0 9.0 20.0 8.0 9.0 9.0 9.0 9.0 9.0 9.0 20.0 8.0 9.0 9.0 9.0 9.0 20.0 9.0 9.0 9.0 9.0 9.0 8.0 8.0 8.0 8.0
14 15 1 TRACE 23.0 13.0 13.0 13.0 13.0 12.0 26.0 13.0 13.0 13.0 12.0 13.0 13.0 13.0 13.0 12.0 13.0 12.0 12.0 13.0 13.0 13.0 13.0 13.0 15.0 13.0 12.0 13.0 13.0 13.0 13.0 13.0 13.0 13.0 13.0 13.0 12.0 14.0 14.0 13.0 13.0 13.0 13.0 13.0 13.0 13.0 12.0 23.0 13.0 13.0 13.0 12.0 12.0 13.0 13.0 14.0 13.0 12.0 12.0 13.0 13.0 13.0 13.0 13.0
15 16 1 TRACE 13.0 8.0 8.0 8.0 8.0 8.0 10.0 8.0 8.0 8.0 8.0 8.0 8.0 8.0 8.0 8.0 8.0 8.0 8.0 8.0 8.0 8.0 8.0 8.0 8.0 8.0 8.0 8.0 8.0 8.0 8.0 8.0 8.0 8.0 8.0 8.0 8.0 8.0 10.0 8.0 8.0 8.0 8.0 8.0 8.0 8.0 8.0 8.0 8.0 8.0 8.0 8.0 8.0 8.0 8.0 8.0 8.0 8.0 8.0 8.0 8.0 8.0 8.0 8.0
16 17 1 TRACE 38.0 26.0 25.0 28.0 27.0 26.0 33.0 22.0 33.0 27.0 24.0 69.0 67.0 30.0 72.0 26.0 24.0 25.0 26.0 26.0 29.0 28.0 24.0 26.0 50.0 26.0 28.0 24.0 30.0 24.0 26.0 25.0 25.0 26.0 23.0 59.0 26.0 178.0 37.0 25.0 24.0 24.0 65.0 78.0 37.0 25.0 24.0 33.0 65.0 24.0 23.0 28.0 25.0 25.0 24.0 23.0 24.0 61.0 26.0 26.0 60.0 27.0 24.0 40.0
17 18 1 TRACE 18.0 13.0 13.0 14.0 14.0 14.0 17.0 14.0 14.0 13.0 13.0 14.0 14.0 14.0 14.0 13.0 13.0 14.0 15.0 14.0 13.0 14.0 14.0 14.0 14.0 13.0 13.0 14.0 15.0 14.0 14.0 14.0 14.0 14.0 14.0 16.0 14.0 50.0 28.0 13.0 13.0 13.0 14.0 15.0 15.0 14.0 14.0 14.0 14.0 14.0 14.0 14.0 50.0 14.0 14.0 14.0 13.0 17.0 13.0 15.0 17.0 14.0 13.0 14.0
18 19 1 TRACE 20.0 14.0 13.0 15.0 13.0 14.0 14.0 15.0 14.0 13.0 16.0 13.0 15.0 20.0 17.0 15.0 16.0 16.0 13.0 15.0 13.0 14.0 14.0 14.0 14.0 14.0 53.0 14.0 14.0 16.0 13.0 14.0 15.0 22.0 25.0 35.0 14.0 14.0 14.0 15.0 15.0 14.0 16.0 20.0 15.0 15.0 15.0 52.0 14.0 14.0 14.0 12.0 14.0 16.0 23.0 17.0 14.0 15.0 14.0 13.0 23.0 14.0 15.0 14.0
19 20 1 TRACE 20.0 14.0 14.0 14.0 14.0 51.0 19.0 13.0 14.0 13.0 14.0 14.0 14.0 15.0 17.0 33.0 14.0 14.0 15.0 13.0 36.0 13.0 15.0 14.0 14.0 14.0 13.0 14.0 16.0 14.0 14.0 14.0 15.0 14.0 13.0 15.0 14.0 44.0 37.0 14.0 15.0 13.0 13.0 14.0 17.0 13.0 15.0 17.0 14.0 13.0 13.0 13.0 17.0 15.0 15.0 14.0 14.0 14.0 23.0 13.0 16.0 14.0 15.0 13.0
20 21 1 TRACE 18.0 14.0 14.0 14.0 14.0 14.0 14.0 14.0 20.0 14.0 14.0 13.0 14.0 14.0 14.0 15.0 14.0 14.0 13.0 14.0 14.0 14.0 13.0 14.0 13.0 13.0 14.0 14.0 14.0 14.0 14.0 13.0 14.0 13.0 14.0 14.0 13.0 18.0 16.0 14.0 15.0 29.0 13.0 14.0 13.0 13.0 14.0 14.0 33.0 13.0 14.0 14.0 14.0 13.0 13.0 13.0 14.0 13.0 13.0 38.0 14.0 13.0 14.0 14.0
21 22 1 TRACE 27.0 12.0 12.0 11.0 13.0 12.0 12.0 12.0 12.0 12.0 12.0 11.0 12.0 12.0 12.0 13.0 12.0 12.0 11.0 12.0 12.0 11.0 13.0 12.0 12.0 12.0 11.0 12.0 12.0 12.0 12.0 12.0 12.0 11.0 12.0 12.0 11.0 24.0 13.0 12.0 11.0 12.0 12.0 13.0 12.0 12.0 12.0 12.0 12.0 12.0 12.0 11.0 12.0 12.0 13.0 12.0 12.0 12.0 12.0 12.0 12.0 12.0 12.0 12.0
22 23 1 TRACE 102.0 65.0 66.0 64.0 80.0 72.0 70.0 54.0 63.0 71.0 69.0 70.0 69.0 71.0 81.0 66.0 82.0 51.0 70.0 70.0 72.0 70.0 78.0 70.0 69.0 71.0 100.0 77.0 57.0 85.0 83.0 65.0 68.0 69.0 91.0 65.0 69.0 132.0 102.0 53.0 64.0 65.0 50.0 67.0 101.0 69.0 63.0 65.0 49.0 80.0 81.0 67.0 105.0 79.0 64.0 66.0 83.0 66.0 65.0 53.0 65.0 65.0 66.0 66.0
23 24 1 TRACE 53.0 26.0 32.0 21.0 22.0 20.0 59.0 41.0 23.0 22.0 22.0 23.0 24.0 20.0 53.0 23.0 28.0 22.0 28.0 60.0 22.0 21.0 22.0 21.0 23.0 22.0 25.0 22.0 46.0 20.0 54.0 33.0 22.0 22.0 22.0 21.0 54.0 80.0 49.0 26.0 30.0 21.0 22.0 21.0 47.0 43.0 29.0 22.0 20.0 21.0 30.0 23.0 22.0 61.0 21.0 22.0 21.0 20.0 21.0 56.0 29.0 23.0 22.0 58.0
24 25 1 TRACE 61.0 18.0 31.0 17.0 18.0 19.0 22.0 25.0 18.0 18.0 18.0 17.0 18.0 58.0 20.0 19.0 17.0 17.0 19.0 21.0 18.0 52.0 19.0 18.0 17.0 18.0 19.0 18.0 18.0 17.0 23.0 30.0 17.0 17.0 17.0 18.0 20.0 47.0 29.0 18.0 17.0 19.0 18.0 19.0 17.0 18.0 19.0 18.0 17.0 17.0 18.0 18.0 17.0 17.0 17.0 17.0 17.0 18.0 34.0 18.0 17.0 21.0 17.0 38.0
25 26 1 TRACE 26.0 10.0 10.0 10.0 10.0 10.0 10.0 10.0 10.0 10.0 10.0 10.0 10.0 10.0 10.0 10.0 10.0 11.0 10.0 10.0 10.0 10.0 10.0 10.0 10.0 10.0 10.0 10.0 10.0 11.0 9.0 12.0 10.0 11.0 10.0 10.0 10.0 10.0 11.0 10.0 10.0 10.0 11.0 10.0 10.0 10.0 11.0 10.0 11.0 10.0 10.0 10.0 10.0 11.0 11.0 10.0 11.0 10.0 10.0 11.0 11.0 10.0 10.0 10.0 10.0 11.0 10.0 10.0 11.0 10.0 10.0 10.0 10.0 10.0 10.0 10.0 10.0 10.0 11.0 10.0 10.0 10.0 11.0 11.0 10.0 10.0 10.0 10.0 10.0 10.0 10.0 10.0 13.0 10.0 15.0 11.0 10.0 10.0 10.0 11.0 10.0 10.0 10.0 10.0 10.0 10.0 11.0 10.0 10.0 10.0 10.0 10.0 10.0 10.0 10.0 10.0 10.0 10.0 10.0 10.0 10.0 10.0 10.0 10.0 11.0 10.0 10.0 10.0 10.0 10.0 10.0 10.0 10.0 10.0 11.0 29.0 11.0 13.0 13.0 12.0 11.0 10.0 10.0 10.0 10.0 10.0 10.0 10.0 10.0 11.0 10.0 10.0 10.0 10.0 10.0 10.0 10.0 10.0 10.0 10.0 11.0 10.0 10.0 11.0 10.0 11.0 10.0 10.0 10.0 11.0 10.0 10.0 10.0 10.0 10.0 11.0 10.0 10.0 10.0 11.0 11.0 10.0 10.0 10.0 10.0 10.0 10.0 10.0 10.0 10.0 10.0 10.0 10.0 10.0 10.0 10.0 10.0 10.0 10.0 10.0 11.0 10.0 10.0 10.0 10.0 10.0 10.0 10.0 10.0 10.0 10.0 10.0 10.0 10.0 10.0 11.0 11.0 10.0 10.0 11.0 10.0 10.0 11.0 11.0 10.0 10.0 10.0 10.0 10.0 10.0 10.0 11.0 10.0
26 27 1 TRACE 12.0 8.0 7.0 7.0 7.0 7.0 7.0 7.0 7.0 7.0 8.0 7.0 7.0 7.0 8.0 8.0 8.0 8.0 8.0 8.0 8.0 8.0 7.0 7.0 7.0 8.0 7.0 8.0 7.0 8.0 8.0 8.0 8.0 8.0 8.0 8.0 7.0 7.0 8.0 7.0 7.0 8.0 8.0 8.0 7.0 8.0 7.0 8.0 8.0 7.0 8.0 7.0 8.0 8.0 8.0 7.0 8.0 7.0 8.0 8.0 8.0 8.0 8.0 8.0 8.0 8.0 7.0 8.0 8.0 8.0 7.0 7.0 7.0 7.0 7.0 7.0 8.0 8.0 8.0 7.0 7.0 7.0 8.0 8.0 8.0 8.0 7.0 7.0 7.0 8.0 7.0 8.0 7.0 8.0 7.0 7.0 7.0 7.0 7.0 8.0 7.0 8.0 7.0 8.0 8.0 7.0 8.0 7.0 8.0 7.0 8.0 8.0 7.0 7.0 7.0 8.0 7.0 7.0 8.0 7.0 8.0 7.0 8.0 8.0 7.0 8.0 7.0 7.0 7.0 8.0 7.0 8.0 8.0 8.0 20.0 20.0 9.0 9.0 10.0 9.0 9.0 8.0 8.0 8.0 7.0 7.0 8.0 8.0 8.0 7.0 7.0 7.0 8.0 7.0 7.0 7.0 7.0 8.0 8.0 8.0 8.0 8.0 8.0 8.0 7.0 8.0 7.0 8.0 7.0 8.0 8.0 8.0 7.0 8.0 8.0 8.0 8.0 7.0 7.0 8.0 8.0 7.0 8.0 7.0 8.0 7.0 8.0 8.0 7.0 8.0 8.0 8.0 8.0 7.0 8.0 8.0 8.0 8.0 8.0 8.0 8.0 7.0 8.0 8.0 7.0 8.0 7.0 7.0 7.0 7.0 7.0 7.0 7.0 8.0 8.0 8.0 8.0 7.0 8.0 8.0 7.0 7.0 8.0 8.0 8.0 8.0 7.0 8.0 8.0 7.0 8.0 7.0 8.0
27 28 1 TRACE 11.0 8.0 7.0 7.0 8.0 8.0 7.0 8.0 7.0 7.0 8.0 8.0 7.0 7.0 7.0 8.0 7.0 7.0 8.0 7.0 7.0 8.0 8.0 8.0 8.0 7.0 7.0 7.0 8.0 7.0 7.0 8.0 7.0 7.0 7.0 8.0 7.0 8.0 7.0 8.0 8.0 7.0 8.0 8.0 8.0 8.0 7.0 7.0 7.0 8.0 8.0 7.0 8.0 8.0 8.0 8.0 7.0 7.0 7.0 7.0 7.0 8.0 7.0 7.0 8.0 8.0 8.0 7.0 11.0 7.0 8.0 8.0 7.0 8.0 7.0 8.0 7.0 7.0 8.0 7.0 8.0 8.0 8.0 8.0 8.0 7.0 7.0 7.0 8.0 8.0 7.0 8.0 7.0 8.0 7.0 8.0 8.0 8.0 8.0 8.0 8.0 7.0 8.0 7.0 7.0 8.0 8.0 7.0 8.0 8.0 7.0 7.0 8.0 7.0 8.0 7.0 8.0 8.0 7.0 7.0 7.0 8.0 7.0 7.0 8.0 7.0 8.0 8.0 7.0 8.0 7.0 7.0 8.0 8.0 8.0 22.0 9.0 9.0 10.0 9.0 14.0 8.0 8.0 7.0 8.0 8.0 8.0 7.0 8.0 7.0 7.0 8.0 8.0 8.0 8.0 7.0 8.0 8.0 8.0 8.0 8.0 8.0 8.0 7.0 8.0 8.0 7.0 7.0 8.0 8.0 7.0 7.0 7.0 7.0 7.0 7.0 7.0 7.0 7.0 19.0 7.0 8.0 7.0 7.0 7.0 7.0 7.0 8.0 8.0 7.0 7.0 7.0 8.0 7.0 8.0 8.0 7.0 8.0 7.0 7.0 8.0 8.0 8.0 8.0 8.0 7.0 8.0 8.0 7.0 7.0 8.0 7.0 7.0 7.0 7.0 7.0 8.0 7.0 7.0 8.0 7.0 7.0 7.0 7.0 7.0 7.0 7.0 7.0 7.0 7.0 7.0 7.0 8.0
28 29 1 TRACE 12.0 8.0 9.0 9.0 8.0 9.0 9.0 8.0 9.0 9.0 8.0 8.0 9.0 9.0 9.0 8.0 9.0 8.0 8.0 8.0 8.0 8.0 9.0 8.0 8.0 8.0 9.0 8.0 12.0 9.0 9.0 9.0 8.0 8.0 9.0 9.0 9.0 8.0 8.0 9.0 9.0 9.0 9.0 9.0 8.0 8.0 9.0 8.0 8.0 9.0 8.0 9.0 8.0 9.0 9.0 8.0 8.0 9.0 8.0 8.0 8.0 8.0 8.0 9.0 9.0 9.0 8.0 8.0 10.0 9.0 9.0 8.0 8.0 9.0 8.0 9.0 8.0 9.0 8.0 9.0 8.0 9.0 8.0 8.0 8.0 9.0 9.0 9.0 8.0 8.0 8.0 8.0 10.0 9.0 9.0 8.0 8.0 9.0 8.0 8.0 8.0 8.0 8.0 9.0 8.0 8.0 8.0 9.0 8.0 8.0 9.0 8.0 9.0 9.0 9.0 9.0 8.0 8.0 8.0 9.0 8.0 9.0 9.0 8.0 8.0 9.0 9.0 8.0 9.0 8.0 9.0 9.0 8.0 9.0 22.0 24.0 10.0 11.0 11.0 10.0 10.0 9.0 8.0 8.0 9.0 8.0 8.0 9.0 8.0 9.0 9.0 9.0 8.0 8.0 9.0 9.0 8.0 8.0 9.0 9.0 9.0 8.0 8.0 8.0 8.0 8.0 9.0 9.0 9.0 8.0 8.0 8.0 9.0 9.0 8.0 8.0 9.0 9.0 9.0 8.0 8.0 9.0 8.0 9.0 9.0 9.0 8.0 8.0 9.0 9.0 9.0 8.0 8.0 9.0 8.0 8.0 9.0 15.0 8.0 8.0 8.0 8.0 8.0 8.0 9.0 9.0 9.0 9.0 9.0 9.0 8.0 9.0 9.0 9.0 8.0 8.0 8.0 8.0 8.0 8.0 8.0 9.0 8.0 8.0 9.0 9.0 9.0 9.0 9.0 8.0 8.0 9.0 9.0
29 30 1 TRACE 55.0 27.0 37.0 22.0 26.0 25.0 31.0 25.0 26.0 26.0 25.0 23.0 24.0 29.0 25.0 23.0 27.0 26.0 25.0 26.0 26.0 26.0 60.0 29.0 27.0 55.0 25.0 29.0 26.0 14.0 30.0 16.0 67.0 26.0 25.0 32.0 26.0 24.0 17.0 42.0 32.0 25.0 25.0 23.0 37.0 76.0 23.0 28.0 27.0 29.0 25.0 23.0 33.0 20.0 22.0 25.0 60.0 26.0 31.0 36.0 27.0 26.0 24.0 28.0 24.0 65.0 65.0 25.0 27.0 64.0 27.0 64.0 57.0 29.0 26.0 33.0 24.0 26.0 24.0 32.0 25.0 24.0 60.0 23.0 38.0 24.0 101.0 26.0 23.0 104.0 25.0 33.0 25.0 27.0 19.0 27.0 64.0 24.0 28.0 62.0 25.0 51.0 49.0 60.0 66.0 27.0 27.0 30.0 25.0 23.0 23.0 59.0 27.0 25.0 32.0 37.0 27.0 25.0 26.0 26.0 59.0 28.0 26.0 67.0 29.0 28.0 23.0 63.0 29.0 26.0 63.0 25.0 25.0 51.0 41.0 38.0 58.0 78.0 63.0 65.0 37.0 29.0 28.0 71.0 29.0 26.0 18.0 60.0 27.0 21.0 69.0 27.0 23.0 25.0 35.0 24.0 26.0 60.0 25.0 65.0 26.0 34.0 41.0 27.0 81.0 25.0 24.0 25.0 27.0 25.0 36.0 38.0 64.0 58.0 36.0 60.0 27.0 34.0 65.0 48.0 30.0 24.0 31.0 28.0 26.0 24.0 27.0 61.0 47.0 20.0 37.0 26.0 27.0 32.0 56.0 27.0 24.0 61.0 67.0 62.0 24.0 66.0 65.0 30.0 26.0 29.0 32.0 34.0 23.0 24.0 26.0 27.0 26.0 23.0 62.0 25.0 27.0 26.0 29.0 61.0 25.0 26.0 26.0 25.0 26.0 63.0 38.0 31.0 69.0 63.0 25.0 23.0 59.0
30 31 1 TRACE 24.0 17.0 14.0 8.0 13.0 14.0 8.0 8.0 14.0 14.0 13.0 8.0 14.0 8.0 14.0 13.0 15.0 8.0 8.0 8.0 14.0 8.0 8.0 13.0 14.0 13.0 13.0 14.0 8.0 9.0 8.0 14.0 8.0 8.0 14.0 13.0 13.0 8.0 13.0 14.0 8.0 14.0 15.0 8.0 8.0 8.0 13.0 14.0 13.0 14.0 9.0 9.0 8.0 13.0 9.0 14.0 13.0 13.0 8.0 14.0 13.0 9.0 19.0 14.0 13.0 8.0 19.0 14.0 8.0 8.0 13.0 9.0 13.0 13.0 8.0 8.0 13.0 14.0 8.0 9.0 14.0 14.0 9.0 14.0 8.0 13.0 13.0 9.0 13.0 14.0 8.0 14.0 14.0 13.0 9.0 14.0 13.0 14.0 8.0 14.0 8.0 8.0 8.0 14.0 20.0 8.0 8.0 13.0 13.0 8.0 14.0 14.0 9.0 13.0 13.0 8.0 14.0 13.0 14.0 8.0 50.0 13.0 8.0 13.0 8.0 13.0 14.0 14.0 21.0 8.0 14.0 8.0 13.0 13.0 10.0 9.0 26.0 28.0 10.0 10.0 15.0 15.0 8.0 14.0 15.0 13.0 13.0 14.0 14.0 14.0 14.0 8.0 8.0 14.0 13.0 8.0 8.0 14.0 12.0 8.0 9.0 8.0 13.0 8.0 13.0 14.0 9.0 13.0 15.0 8.0 9.0 8.0 52.0 8.0 9.0 14.0 13.0 8.0 14.0 13.0 14.0 8.0 14.0 13.0 53.0 8.0 9.0 8.0 14.0 14.0 9.0 13.0 14.0 14.0 14.0 13.0 8.0 9.0 8.0 15.0 8.0 9.0 13.0 13.0 14.0 8.0 13.0 13.0 8.0 8.0 14.0 20.0 8.0 13.0 9.0 13.0 8.0 14.0 14.0 9.0 8.0 13.0 13.0 8.0 13.0 14.0 8.0 14.0 50.0 8.0 8.0 15.0 15.0
31 32 1 TRACE 16.0 12.0 12.0 12.0 11.0 12.0 12.0 12.0 12.0 12.0 12.0 12.0 11.0 12.0 12.0 12.0 12.0 12.0 11.0 12.0 12.0 11.0 11.0 12.0 12.0 12.0 12.0 12.0 12.0 12.0 11.0 12.0 12.0 11.0 11.0 12.0 12.0 11.0 12.0 13.0 12.0 11.0 12.0 12.0 12.0 12.0 11.0 12.0 12.0 12.0 11.0 11.0 11.0 12.0 11.0 11.0 12.0 12.0 11.0 11.0 12.0 12.0 12.0 12.0 12.0 11.0 12.0 12.0 12.0 12.0 12.0 12.0 12.0 11.0 11.0 11.0 11.0 12.0 12.0 12.0 12.0 12.0 12.0 12.0 12.0 12.0 12.0 11.0 12.0 12.0 12.0 12.0 12.0 11.0 12.0 12.0 12.0 12.0 12.0 12.0 11.0 12.0 12.0 12.0 16.0 11.0 12.0 12.0 12.0 12.0 12.0 12.0 11.0 12.0 12.0 12.0 11.0 11.0 12.0 12.0 11.0 12.0 11.0 17.0 11.0 12.0 11.0 12.0 11.0 11.0 11.0 12.0 12.0 12.0 14.0 14.0 14.0 15.0 14.0 12.0 13.0 13.0 11.0 12.0 12.0 11.0 12.0 12.0 11.0 12.0 12.0 12.0 12.0 12.0 12.0 12.0 12.0 12.0 12.0 12.0 12.0 12.0 12.0 12.0 11.0 12.0 12.0 11.0 12.0 11.0 12.0 11.0 12.0 11.0 11.0 12.0 12.0 11.0 12.0 12.0 12.0 11.0 12.0 12.0 12.0 12.0 11.0 11.0 12.0 12.0 11.0 12.0 12.0 12.0 12.0 12.0 11.0 12.0 11.0 11.0 11.0 13.0 11.0 12.0 12.0 12.0 11.0 12.0 11.0 12.0 12.0 13.0 12.0 12.0 11.0 12.0 11.0 11.0 12.0 11.0 11.0 11.0 12.0 11.0 12.0 11.0 12.0 12.0 12.0 12.0 11.0 13.0 12.0
32 33 1 TRACE 17.0 13.0 25.0 13.0 13.0 13.0 12.0 12.0 13.0 13.0 13.0 13.0 13.0 13.0 13.0 13.0 12.0 13.0 12.0 51.0 13.0 12.0 54.0 13.0 13.0 13.0 13.0 13.0 19.0 14.0 12.0 50.0 12.0 13.0 12.0 12.0 13.0 13.0 12.0 12.0 13.0 12.0 13.0 12.0 20.0 12.0 13.0 13.0 12.0 13.0 12.0 12.0 12.0 13.0 13.0 12.0 13.0 13.0 13.0 12.0 13.0 13.0 13.0 51.0 13.0 13.0 13.0 13.0 13.0 12.0 12.0 13.0 48.0 13.0 19.0 52.0 12.0 55.0 12.0 13.0 12.0 12.0 13.0 12.0 13.0 13.0 13.0 12.0 13.0 13.0 13.0 13.0 14.0 13.0 13.0 13.0 13.0 13.0 13.0 21.0 13.0 13.0 13.0 12.0 15.0 13.0 12.0 13.0 12.0 13.0 13.0 13.0 12.0 12.0 13.0 13.0 12.0 12.0 13.0 13.0 12.0 48.0 13.0 14.0 13.0 12.0 12.0 12.0 13.0 13.0 13.0 13.0 50.0 13.0 27.0 53.0 26.0 33.0 16.0 15.0 14.0 13.0 13.0 19.0 13.0 12.0 13.0 12.0 12.0 13.0 13.0 13.0 13.0 13.0 12.0 12.0 13.0 12.0 13.0 13.0 13.0 18.0 13.0 12.0 12.0 17.0 12.0 12.0 13.0 51.0 13.0 12.0 13.0 12.0 12.0 50.0 13.0 13.0 13.0 12.0 14.0 50.0 13.0 12.0 14.0 13.0 12.0 13.0 13.0 13.0 13.0 13.0 13.0 13.0 13.0 13.0 12.0 13.0 13.0 49.0 12.0 14.0 18.0 13.0 13.0 13.0 12.0 13.0 13.0 13.0 14.0 13.0 51.0 13.0 12.0 13.0 12.0 12.0 12.0 13.0 13.0 12.0 13.0 12.0 19.0 52.0 12.0 13.0 13.0 13.0 48.0 26.0 13.0
33 34 1 TRACE 230.0 244.0 1671.0 140.0 159.0 138.0 133.0 136.0 1454.0 145.0 90.0 340.0 165.0 112.0 80.0 424.0 148.0 99.0 94.0 354.0 171.0 106.0 72.0 144.0 140.0 140.0 232.0 196.0 121.0 102.0 242.0 144.0 53.0 115.0 129.0 164.0 87.0 83.0 882.0 141.0 174.0 289.0 174.0 106.0 118.0 109.0 156.0 110.0 303.0 174.0 144.0 111.0 136.0 133.0 183.0 140.0 1237.0 211.0 153.0 131.0 92.0 93.0 128.0 1270.0 169.0 133.0 150.0 137.0 128.0 105.0 157.0 121.0 292.0 188.0 131.0 110.0 366.0 147.0 91.0 120.0 209.0 177.0 94.0 85.0 155.0 810.0 169.0 101.0 213.0 183.0 95.0 93.0 547.0 171.0 99.0 128.0 230.0 177.0 118.0 121.0 201.0 96.0 165.0 269.0 144.0 142.0 180.0 134.0 78.0 139.0 1085.0 147.0 99.0 472.0 198.0 100.0 100.0 325.0 156.0 131.0 381.0 148.0 101.0 105.0 204.0 117.0 76.0 352.0 144.0 133.0 112.0 127.0 595.0 194.0 43.0 213.0 324.0 243.0 115.0 183.0 117.0 197.0 124.0 283.0 178.0 130.0 546.0 143.0 132.0 198.0 173.0 99.0 124.0 530.0 142.0 134.0 92.0 657.0 172.0 74.0 150.0 115.0 92.0 110.0 138.0 145.0 105.0 221.0 147.0 131.0 130.0 283.0 144.0 97.0 109.0 309.0 141.0 90.0 83.0 168.0 196.0 56.0 135.0 421.0 160.0 136.0 126.0 176.0 1228.0 151.0 103.0 142.0 134.0 100.0 329.0 167.0 177.0 97.0 182.0 152.0 95.0 164.0 101.0 519.0 172.0 127.0 335.0 163.0 96.0 163.0 162.0 146.0 54.0 109.0 187.0 134.0 163.0 160.0 133.0 126.0 132.0 1140.0 209.0 149.0 428.0 173.0 157.0 345.0 140.0 103.0 106.0 526.0 171.0
34 35 1 TRACE 730.0 711.0 16.0 53.0 44.0 40.0 13.0 51.0 63.0 42.0 14.0 44.0 39.0 14.0 44.0 43.0 78.0 14.0 14.0 46.0 51.0 16.0 33.0 37.0 36.0 48.0 38.0 38.0 16.0 15.0 40.0 38.0 35.0 83.0 171.0 37.0 15.0 40.0 90.0 54.0 39.0 42.0 38.0 14.0 15.0 38.0 37.0 38.0 44.0 38.0 14.0 15.0 61.0 14.0 37.0 36.0 80.0 37.0 34.0 39.0 38.0 37.0 40.0 63.0 41.0 34.0 38.0 37.0 14.0 56.0 36.0 30.0 81.0 37.0 14.0 51.0 44.0 38.0 14.0 34.0 41.0 75.0 14.0 17.0 36.0 124.0 38.0 30.0 42.0 38.0 14.0 36.0 48.0 37.0 14.0 39.0 41.0 37.0 15.0 15.0 38.0 55.0 36.0 40.0 37.0 14.0 39.0 35.0 14.0 35.0 59.0 37.0 30.0 472.0 38.0 14.0 39.0 397.0 38.0 34.0 113.0 88.0 14.0 13.0 51.0 14.0 38.0 42.0 36.0 14.0 14.0 34.0 87.0 38.0 27.0 102.0 71.0 75.0 27.0 37.0 40.0 38.0 36.0 265.0 37.0 37.0 217.0 136.0 37.0 39.0 187.0 14.0 46.0 43.0 36.0 14.0 40.0 128.0 37.0 15.0 15.0 142.0 36.0 36.0 38.0 37.0 34.0 43.0 36.0 14.0 14.0 50.0 41.0 14.0 36.0 41.0 37.0 14.0 45.0 37.0 41.0 15.0 32.0 47.0 38.0 14.0 14.0 36.0 190.0 36.0 30.0 37.0 40.0 37.0 48.0 58.0 14.0 14.0 38.0 56.0 14.0 35.0 38.0 46.0 37.0 36.0 41.0 36.0 14.0 29.0 50.0 40.0 35.0 15.0 38.0 44.0 37.0 38.0 14.0 14.0 71.0 289.0 37.0 34.0 103.0 37.0 40.0 85.0 37.0 15.0 41.0 66.0 39.0
35 36 1 TRACE 43.0 41.0 15.0 34.0 36.0 34.0 13.0 62.0 89.0 34.0 13.0 55.0 33.0 12.0 43.0 46.0 87.0 12.0 12.0 56.0 35.0 14.0 29.0 34.0 32.0 33.0 36.0 33.0 13.0 14.0 37.0 37.0 32.0 33.0 37.0 34.0 13.0 35.0 71.0 34.0 32.0 50.0 34.0 12.0 12.0 43.0 38.0 70.0 42.0 66.0 14.0 13.0 37.0 51.0 34.0 34.0 96.0 49.0 28.0 40.0 32.0 33.0 35.0 84.0 37.0 43.0 34.0 38.0 13.0 51.0 32.0 28.0 69.0 34.0 13.0 32.0 46.0 42.0 13.0 35.0 38.0 34.0 13.0 14.0 34.0 67.0 41.0 29.0 38.0 35.0 13.0 34.0 57.0 34.0 14.0 33.0 36.0 68.0 13.0 13.0 122.0 34.0 33.0 39.0 33.0 13.0 34.0 74.0 12.0 31.0 78.0 33.0 32.0 265.0 33.0 12.0 34.0 126.0 79.0 31.0 125.0 56.0 13.0 13.0 35.0 13.0 38.0 44.0 33.0 12.0 13.0 33.0 57.0 46.0 58.0 79.0 66.0 61.0 14.0 52.0 47.0 34.0 31.0 550.0 36.0 33.0 362.0 35.0 33.0 135.0 35.0 13.0 52.0 46.0 36.0 13.0 34.0 176.0 49.0 13.0 12.0 148.0 31.0 32.0 35.0 34.0 32.0 36.0 33.0 12.0 12.0 38.0 53.0 13.0 33.0 43.0 34.0 12.0 36.0 35.0 34.0 12.0 32.0 52.0 35.0 14.0 12.0 33.0 87.0 33.0 33.0 34.0 33.0 35.0 40.0 33.0 12.0 12.0 36.0 191.0 13.0 29.0 74.0 732.0 33.0 32.0 40.0 33.0 12.0 28.0 38.0 34.0 36.0 19.0 34.0 33.0 33.0 34.0 12.0 13.0 34.0 81.0 32.0 35.0 97.0 34.0 32.0 41.0 35.0 14.0 33.0 74.0 660.0
36 37 1 TRACE 42.0 180.0 218.0 22.0 45.0 59.0 74.0 92.0 746.0 47.0 68.0 121.0 156.0 76.0 25.0 261.0 155.0 74.0 126.0 87.0 25.0 73.0 52.0 40.0 76.0 28.0 481.0 75.0 123.0 103.0 49.0 80.0 24.0 22.0 28.0 37.0 60.0 200.0 470.0 64.0 21.0 92.0 32.0 66.0 53.0 64.0 23.0 36.0 101.0 42.0 58.0 94.0 33.0 104.0 37.0 62.0 609.0 58.0 75.0 107.0 31.0 23.0 81.0 687.0 59.0 23.0 93.0 58.0 82.0 121.0 82.0 62.0 110.0 65.0 130.0 24.0 194.0 28.0 102.0 42.0 126.0 40.0 64.0 104.0 68.0 403.0 51.0 24.0 93.0 90.0 84.0 80.0 289.0 42.0 74.0 37.0 68.0 38.0 69.0 101.0 117.0 29.0 28.0 79.0 102.0 384.0 102.0 31.0 111.0 69.0 664.0 52.0 111.0 297.0 335.0 65.0 36.0 94.0 101.0 78.0 269.0 119.0 60.0 76.0 35.0 66.0 30.0 209.0 65.0 76.0 90.0 207.0 398.0 40.0 106.0 47.0 205.0 40.0 116.0 42.0 118.0 149.0 53.0 182.0 183.0 60.0 508.0 23.0 87.0 198.0 146.0 57.0 24.0 286.0 63.0 91.0 28.0 371.0 48.0 47.0 47.0 226.0 38.0 41.0 100.0 61.0 66.0 102.0 71.0 63.0 109.0 47.0 43.0 63.0 81.0 208.0 59.0 65.0 24.0 71.0 60.0 66.0 30.0 143.0 42.0 67.0 74.0 44.0 618.0 69.0 45.0 29.0 58.0 40.0 188.0 82.0 72.0 78.0 857.0 122.0 70.0 28.0 23.0 1024.0 50.0 81.0 219.0 97.0 66.0 47.0 54.0 67.0 23.0 63.0 53.0 55.0 88.0 437.0 69.0 72.0 25.0 566.0 67.0 56.0 263.0 28.0 23.0 108.0 63.0 150.0 58.0 354.0 25.0
37 38 1 TRACE 32.0 50.0 26.0 32.0 52.0 30.0 24.0 25.0 165.0 23.0 23.0 64.0 31.0 23.0 22.0 65.0 25.0 24.0 24.0 47.0 26.0 24.0 24.0 27.0 65.0 24.0 39.0 24.0 23.0 30.0 39.0 66.0 24.0 24.0 26.0 23.0 58.0 25.0 101.0 24.0 65.0 46.0 24.0 23.0 54.0 29.0 61.0 26.0 51.0 25.0 59.0 22.0 29.0 24.0 24.0 26.0 136.0 31.0 23.0 67.0 24.0 24.0 31.0 136.0 24.0 25.0 27.0 24.0 30.0 40.0 25.0 23.0 64.0 25.0 32.0 25.0 59.0 22.0 23.0 25.0 43.0 26.0 61.0 28.0 45.0 99.0 23.0 27.0 69.0 25.0 24.0 65.0 88.0 24.0 29.0 24.0 38.0 24.0 22.0 24.0 32.0 58.0 24.0 43.0 24.0 25.0 53.0 24.0 24.0 45.0 139.0 24.0 28.0 71.0 32.0 24.0 25.0 47.0 28.0 25.0 97.0 23.0 65.0 21.0 67.0 24.0 23.0 57.0 24.0 23.0 22.0 27.0 84.0 61.0 75.0 57.0 64.0 43.0 46.0 42.0 57.0 25.0 59.0 80.0 23.0 35.0 77.0 25.0 23.0 38.0 26.0 25.0 23.0 65.0 24.0 29.0 25.0 100.0 26.0 24.0 29.0 33.0 24.0 65.0 35.0 24.0 58.0 66.0 23.0 41.0 57.0 35.0 23.0 23.0 24.0 55.0 24.0 24.0 23.0 33.0 24.0 67.0 24.0 59.0 24.0 21.0 60.0 27.0 130.0 23.0 24.0 33.0 23.0 25.0 63.0 23.0 30.0 25.0 32.0 26.0 24.0 26.0 25.0 115.0 58.0 26.0 56.0 24.0 23.0 24.0 32.0 63.0 22.0 66.0 64.0 24.0 26.0 31.0 24.0 24.0 26.0 162.0 28.0 25.0 104.0 24.0 24.0 76.0 25.0 24.0 25.0 81.0 25.0
38 39 1 TRACE 26.0 22.0 22.0 21.0 40.0 19.0 21.0 70.0 22.0 24.0 27.0 38.0 26.0 20.0 19.0 56.0 21.0 20.0 22.0 21.0 18.0 19.0 20.0 20.0 22.0 20.0 22.0 20.0 64.0 25.0 50.0 55.0 19.0 20.0 20.0 19.0 23.0 20.0 54.0 21.0 21.0 21.0 19.0 20.0 21.0 28.0 60.0 59.0 21.0 46.0 59.0 20.0 22.0 58.0 20.0 21.0 22.0 20.0 20.0 21.0 20.0 20.0 25.0 22.0 56.0 19.0 20.0 19.0 26.0 26.0 20.0 20.0 26.0 19.0 26.0 21.0 22.0 58.0 21.0 20.0 21.0 20.0 23.0 25.0 24.0 29.0 22.0 18.0 22.0 19.0 31.0 24.0 30.0 57.0 75.0 44.0 23.0 20.0 21.0 20.0 21.0 21.0 58.0 22.0 20.0 62.0 59.0 19.0 20.0 62.0 23.0 22.0 29.0 23.0 20.0 21.0 19.0 23.0 40.0 21.0 23.0 20.0 23.0 27.0 33.0 18.0 19.0 22.0 18.0 56.0 19.0 20.0 22.0 44.0 46.0 51.0 39.0 55.0 41.0 45.0 46.0 21.0 41.0 23.0 21.0 58.0 22.0 60.0 57.0 21.0 59.0 32.0 20.0 28.0 21.0 20.0 55.0 23.0 19.0 20.0 20.0 65.0 20.0 53.0 54.0 20.0 21.0 37.0 19.0 22.0 20.0 56.0 22.0 20.0 20.0 22.0 66.0 21.0 27.0 21.0 20.0 22.0 21.0 55.0 19.0 22.0 59.0 20.0 22.0 29.0 19.0 19.0 19.0 20.0 32.0 20.0 20.0 19.0 22.0 20.0 21.0 18.0 54.0 23.0 22.0 20.0 22.0 29.0 70.0 19.0 55.0 20.0 27.0 59.0 23.0 19.0 19.0 22.0 20.0 20.0 20.0 54.0 22.0 21.0 22.0 23.0 20.0 58.0 21.0 26.0 20.0 23.0 21.0
39 25 1 TRACE 15.0 15.0 14.0 14.0 15.0 14.0 13.0 13.0 52.0 14.0 14.0 13.0 13.0 14.0 14.0 14.0 14.0 19.0 14.0 14.0 13.0 49.0 15.0 15.0 13.0 14.0 13.0 13.0 14.0 13.0 14.0 14.0 13.0 14.0 16.0 13.0 14.0 13.0 15.0 14.0 13.0 14.0 14.0 13.0 13.0 14.0 14.0 48.0 14.0 15.0 14.0 49.0 13.0 14.0 13.0 14.0 52.0 13.0 14.0 13.0 31.0 28.0 31.0 21.0 14.0 14.0 20.0 46.0 14.0 13.0 18.0 14.0 14.0 14.0 15.0 14.0 14.0 14.0 13.0 14.0 14.0 14.0 14.0 14.0 16.0 14.0 13.0 14.0 13.0 13.0 13.0 14.0 15.0 13.0 13.0 13.0 53.0 15.0 23.0 13.0 14.0 14.0 14.0 13.0 20.0
39 40 1 TRACE 31.0 29.0 25.0 27.0 36.0 23.0 23.0 23.0 26.0 48.0 29.0 24.0 61.0 22.0 23.0 23.0 21.0 22.0 22.0 27.0 36.0 22.0 67.0 59.0 59.0 40.0 23.0 60.0 22.0 23.0 38.0 23.0 22.0 23.0 22.0 22.0 22.0 59.0 64.0 24.0 23.0 28.0 60.0 26.0 24.0 25.0 23.0 26.0 22.0 22.0 58.0 31.0 24.0 22.0 23.0 22.0 22.0 26.0 23.0 24.0 60.0 57.0 24.0 23.0
39 51 1 TRACE 55.0 29.0 22.0 24.0 22.0 22.0 22.0 55.0 23.0 25.0 25.0 22.0 27.0 52.0 26.0 24.0 22.0 26.0 58.0 22.0 28.0 22.0 23.0 22.0 24.0 30.0 26.0 22.0 23.0 23.0 21.0 24.0 37.0 23.0 25.0 25.0 67.0 47.0 24.0 59.0 61.0 23.0 24.0 59.0 28.0 23.0 23.0 24.0 32.0 22.0 56.0 22.0 23.0 22.0 22.0 24.0 24.0 27.0 24.0 23.0 23.0 30.0 23.0 24.0
40 41 1 TRACE 81.0 61.0 200.0 80.0 115.0 79.0 59.0 69.0 67.0 59.0 158.0 86.0 60.0 80.0 61.0 195.0 62.0 195.0 60.0 60.0 83.0 98.0 74.0 148.0 66.0 121.0 83.0 62.0 73.0 59.0 194.0 119.0 79.0 105.0 62.0 97.0 138.0 197.0 68.0 82.0 130.0 69.0 117.0 125.0 59.0 67.0 73.0 66.0 99.0 64.0 103.0 197.0 59.0 100.0 63.0 118.0 95.0 64.0 61.0 63.0 194.0 121.0 78.0 137.0
41 42 1 TRACE 17.0 13.0 11.0 12.0 13.0 11.0 12.0 11.0 12.0 13.0 12.0 12.0 13.0 11.0 13.0 11.0 12.0 12.0 12.0 11.0 12.0 12.0 11.0 12.0 12.0 11.0 12.0 12.0 12.0 12.0 12.0 12.0 12.0 11.0 13.0 11.0 11.0 13.0 12.0 12.0 13.0 12.0 12.0 12.0 13.0 12.0 12.0 12.0 12.0 12.0 11.0 12.0 12.0 12.0 12.0 12.0 12.0 12.0 12.0 12.0 11.0 12.0 12.0 12.0 11.0 13.0 12.0 11.0 11.0 12.0 12.0 11.0 12.0 12.0 11.0 12.0 12.0 11.0 13.0 12.0 12.0 12.0 12.0 11.0 13.0 12.0 12.0 13.0 12.0 11.0 12.0 11.0 11.0 12.0 13.0 12.0 12.0 12.0 11.0 11.0 12.0 12.0 20.0 11.0 14.0 12.0 12.0 13.0 12.0 12.0 13.0 11.0 11.0 12.0 11.0 11.0 12.0 12.0 12.0 11.0 13.0 12.0 11.0 26.0 13.0 15.0 14.0 13.0 12.0 12.0 13.0 11.0 11.0 12.0 11.0 12.0 12.0 11.0 11.0 13.0 11.0 12.0 13.0 12.0 12.0 12.0 12.0 12.0 12.0 13.0 11.0 11.0 13.0 11.0 14.0 13.0 12.0 12.0 12.0 12.0 12.0 12.0 12.0 12.0 12.0 12.0 12.0 13.0 11.0 12.0 13.0 12.0 12.0 12.0 13.0 12.0 12.0 12.0 11.0 12.0 12.0 12.0 11.0 13.0 11.0 11.0 13.0 12.0 12.0 13.0 12.0 12.0 11.0 12.0 12.0 11.0 12.0 13.0 12.0 11.0 13.0 11.0 11.0 16.0 12.0 12.0 13.0 11.0 11.0
42 43 1 TRACE 16.0 11.0 11.0 13.0 11.0 11.0 11.0 12.0 11.0 16.0 11.0 11.0 11.0 10.0 11.0 11.0 11.0 11.0 11.0 11.0 11.0 11.0 11.0 11.0 11.0 11.0 11.0 11.0 11.0 11.0 11.0 11.0 12.0 11.0 11.0 11.0 15.0 11.0 11.0 11.0 11.0 11.0 12.0 11.0 12.0 11.0 11.0 11.0 10.0 10.0 10.0 11.0 11.0 11.0 11.0 11.0 11.0 11.0 12.0 11.0 11.0 11.0 11.0 11.0 11.0 11.0 11.0 11.0 11.0 11.0 11.0 11.0 11.0 11.0 11.0 12.0 11.0 11.0 11.0 11.0 11.0 11.0 11.0 11.0 12.0 11.0 11.0 12.0 11.0 10.0 11.0 11.0 11.0 11.0 11.0 11.0 11.0 11.0 12.0 11.0 11.0 12.0 12.0 11.0 11.0 12.0 11.0 11.0 11.0 12.0 11.0 11.0 11.0 11.0 11.0 10.0 11.0 11.0 11.0 11.0 11.0 11.0 11.0 24.0 12.0 13.0 12.0 12.0 11.0 12.0 11.0 11.0 10.0 11.0 11.0 11.0 11.0 11.0 11.0 11.0 11.0 12.0 11.0 11.0 11.0 11.0 11.0 11.0 11.0 11.0 11.0 11.0 12.0 11.0 11.0 11.0 11.0 11.0 11.0 11.0 11.0 11.0 11.0 11.0 11.0 11.0 11.0 11.0 11.0 11.0 11.0 11.0 11.0 11.0 11.0 12.0 11.0 11.0 11.0 11.0 11.0 11.0 11.0 11.0 10.0 11.0 11.0 10.0 11.0 11.0 12.0 11.0 11.0 10.0 11.0 11.0 11.0 12.0 11.0 11.0 11.0 11.0 11.0 11.0 11.0 11.0 12.0 11.0 11.0
43 44 1 TRACE 13.0 8.0 8.0 8.0 9.0 8.0 8.0 9.0 8.0 10.0 8.0 9.0 8.0 8.0 9.0 8.0 8.0 8.0 9.0 8.0 8.0 8.0 8.0 8.0 9.0 8.0 9.0 9.0 8.0 8.0 8.0 9.0 9.0 8.0 9.0 8.0 9.0 9.0 9.0 9.0 8.0 8.0 9.0 8.0 8.0 8.0 8.0 8.0 8.0 8.0 8.0 9.0 9.0 8.0 9.0 9.0 9.0 8.0 8.0 8.0 8.0 8.0 9.0 8.0 8.0 8.0 9.0 8.0 8.0 8.0 8.0 8.0 8.0 9.0 8.0 9.0 9.0 8.0 9.0 9.0 9.0 11.0 8.0 9.0 8.0 8.0 9.0 9.0 8.0 8.0 8.0 9.0 8.0 9.0 9.0 8.0 9.0 8.0 9.0 8.0 11.0 9.0 9.0 8.0 8.0 9.0 9.0 9.0 9.0 8.0 9.0 8.0 8.0 9.0 8.0 8.0 8.0 9.0 8.0 8.0 8.0 9.0 8.0 21.0 22.0 11.0 10.0 9.0 9.0 9.0 8.0 9.0 8.0 9.0 8.0 9.0 9.0 8.0 8.0 26.0 8.0 8.0 8.0 9.0 8.0 8.0 8.0 8.0 8.0 8.0 9.0 12.0 9.0 9.0 9.0 8.0 9.0 8.0 9.0 8.0 8.0 8.0 9.0 9.0 9.0 9.0 8.0 8.0 8.0 8.0 8.0 8.0 8.0 8.0 8.0 9.0 9.0 9.0 9.0 8.0 9.0 8.0 8.0 8.0 8.0 9.0 8.0 8.0 9.0 8.0 9.0 8.0 8.0 8.0 8.0 8.0 8.0 8.0 8.0 8.0 8.0 8.0 8.0 9.0 9.0 9.0 9.0 9.0 8.0
44 45 1 TRACE 72.0 33.0 28.0 26.0 58.0 33.0 29.0 67.0 81.0 67.0 31.0 47.0 82.0 31.0 76.0 33.0 51.0 51.0 30.0 29.0 53.0 33.0 59.0 31.0 73.0 30.0 38.0 70.0 30.0 29.0 52.0 31.0 28.0 73.0 76.0 32.0 27.0 83.0 61.0 27.0 57.0 58.0 28.0 35.0 53.0 38.0 28.0 56.0 31.0 29.0 28.0 41.0 29.0 29.0 32.0 30.0 29.0 30.0 40.0 61.0 28.0 89.0 63.0 28.0 29.0 91.0 33.0 29.0 29.0 37.0 29.0 29.0 48.0 39.0 42.0 63.0 30.0 72.0 82.0 35.0 34.0 29.0 51.0 31.0 46.0 29.0 103.0 36.0 76.0 31.0 71.0 29.0 28.0 40.0 45.0 30.0 38.0 56.0 30.0 30.0 29.0 104.0 29.0 30.0 38.0 28.0 29.0 54.0 29.0 29.0 40.0 73.0 32.0 93.0 31.0 29.0 29.0 47.0 30.0 29.0 41.0 29.0 37.0 39.0 83.0 60.0 91.0 32.0 36.0 30.0 42.0 32.0 32.0 46.0 76.0 30.0 47.0 73.0 30.0 56.0 31.0 61.0 31.0 29.0 29.0 31.0 30.0 30.0 30.0 53.0 28.0 29.0 42.0 37.0 31.0 53.0 36.0 36.0 52.0 30.0 70.0 37.0 73.0 29.0 77.0 38.0 29.0 64.0 69.0 31.0 67.0 72.0 32.0 28.0 79.0 69.0 35.0 72.0 30.0 31.0 39.0 71.0 31.0 41.0 71.0 28.0 75.0 31.0 29.0 31.0 30.0 30.0 68.0 30.0 45.0 73.0 40.0 36.0 30.0 49.0 32.0 30.0 37.0 31.0 32.0 31.0 33.0 28.0 69.0
45 46 1 TRACE 20.0 14.0 15.0 14.0 14.0 14.0 14.0 19.0 16.0 14.0 13.0 15.0 15.0 14.0 51.0 14.0 22.0 15.0 14.0 15.0 15.0 15.0 15.0 14.0 15.0 14.0 13.0 17.0 13.0 31.0 13.0 14.0 13.0 13.0 18.0 14.0 15.0 15.0 15.0 14.0 14.0 15.0 14.0 15.0 16.0 14.0 14.0 17.0 14.0 14.0 17.0 15.0 15.0 14.0 14.0 22.0 14.0 14.0 51.0 15.0 15.0 21.0 15.0 15.0 14.0 16.0 13.0 21.0 14.0 15.0 22.0 16.0 14.0 15.0 20.0 15.0 15.0 18.0 18.0 14.0 16.0 14.0 17.0 15.0 51.0 14.0 14.0 14.0 14.0 15.0 16.0 14.0 14.0 13.0 14.0 14.0 14.0 15.0 14.0 13.0 13.0 15.0 14.0 14.0 14.0 15.0 14.0 17.0 21.0 14.0 15.0 16.0 13.0 17.0 13.0 14.0 15.0 14.0 51.0 15.0 14.0 14.0 14.0 36.0 50.0 28.0 17.0 24.0 16.0 23.0 14.0 14.0 14.0 13.0 17.0 15.0 16.0 16.0 14.0 15.0 15.0 16.0 15.0 14.0 14.0 14.0 14.0 14.0 24.0 20.0 14.0 15.0 15.0 16.0 17.0 15.0 14.0 13.0 16.0 15.0 15.0 16.0 14.0 15.0 17.0 18.0 15.0 17.0 18.0 14.0 15.0 15.0 14.0 15.0 15.0 25.0 18.0 15.0 14.0 13.0 14.0 57.0 14.0 16.0 15.0 15.0 15.0 14.0 13.0 14.0 13.0 16.0 17.0 15.0 31.0 15.0 14.0 17.0 14.0 16.0 14.0 15.0 15.0 14.0 17.0 14.0 15.0 14.0 16.0
46 47 1 TRACE 746.0 223.0 125.0 124.0 572.0 239.0 125.0 133.0 333.0 175.0 124.0 520.0 235.0 121.0 437.0 150.0 120.0 520.0 171.0 122.0 552.0 288.0 124.0 121.0 576.0 190.0 121.0 582.0 185.0 126.0 574.0 303.0 132.0 163.0 347.0 140.0 124.0 651.0 162.0 121.0 554.0 254.0 124.0 122.0 524.0 169.0 123.0 568.0 227.0 125.0 121.0 342.0 129.0 123.0 588.0 203.0 146.0 124.0 336.0 151.0 124.0 558.0 268.0 127.0 124.0 556.0 273.0 123.0 157.0 512.0 157.0 123.0 439.0 151.0 145.0 545.0 178.0 121.0 353.0 153.0 122.0 584.0 182.0 123.0 371.0 147.0 129.0 574.0 174.0 123.0 576.0 214.0 123.0 121.0 585.0 171.0 155.0 555.0 256.0 128.0 136.0 341.0 172.0 124.0 388.0 181.0 124.0 536.0 160.0 124.0 412.0 147.0 125.0 566.0 211.0 124.0 148.0 431.0 156.0 143.0 358.0 140.0 128.0 647.0 188.0 139.0 700.0 292.0 134.0 166.0 494.0 167.0 137.0 377.0 136.0 123.0 609.0 205.0 118.0 407.0 143.0 117.0 368.0 141.0 118.0 564.0 329.0 121.0 121.0 577.0 182.0 131.0 627.0 175.0 119.0 578.0 209.0 119.0 416.0 153.0 150.0 569.0 196.0 128.0 399.0 145.0 118.0 344.0 125.0 120.0 561.0 280.0 121.0 118.0 475.0 150.0 151.0 587.0 223.0 122.0 375.0 140.0 157.0 423.0 158.0 118.0 573.0 191.0 118.0 574.0 229.0 119.0 117.0 573.0 202.0 148.0 143.0 372.0 125.0 119.0 375.0 144.0 117.0 510.0 162.0 118.0 352.0 135.0 152.0
47 48 1 TRACE 14.0 11.0 11.0 10.0 8.0 10.0 10.0 11.0 8.0 10.0 10.0 10.0 8.0 11.0 9.0 10.0 9.0 11.0 10.0 10.0 8.0 17.0 10.0 10.0 8.0 10.0 9.0 27.0 8.0 24.0 9.0 9.0 8.0 10.0 19.0 10.0 8.0 10.0 10.0 10.0 8.0 9.0 10.0 10.0 8.0 10.0 10.0 10.0 8.0 10.0 10.0 10.0 8.0 10.0 10.0 10.0 9.0 11.0 10.0 10.0 8.0 10.0 10.0 10.0 8.0 10.0 10.0 10.0 8.0 11.0 10.0 11.0 8.0 10.0 10.0 10.0 8.0 10.0 10.0 9.0 8.0 12.0 10.0 10.0 9.0 10.0 11.0 10.0 8.0 11.0 10.0 10.0 8.0 9.0 10.0 10.0 8.0 11.0 11.0 10.0 43.0 11.0 10.0 10.0 8.0 9.0 9.0 10.0 8.0 10.0 35.0 14.0 8.0 23.0 10.0 11.0 8.0 10.0 10.0 10.0 9.0 10.0 11.0 11.0 8.0 11.0 11.0 11.0 9.0 39.0 11.0 42.0 9.0 10.0 10.0 10.0 9.0 10.0 10.0 10.0 8.0 10.0 10.0 10.0 8.0 19.0 10.0 10.0 9.0 11.0 35.0 10.0 8.0 11.0 10.0 41.0 8.0 11.0 10.0 10.0 9.0 10.0 11.0 10.0 8.0 14.0 10.0 10.0 8.0 10.0 13.0 12.0 9.0 16.0 11.0 10.0 9.0 11.0 10.0 12.0 8.0 16.0 10.0 10.0 8.0 10.0 10.0 10.0 8.0 11.0 10.0 10.0 9.0 41.0 10.0 11.0 8.0 10.0 10.0 10.0 8.0 10.0 10.0 10.0 9.0 11.0 10.0 11.0 8.0 10.0 10.0 10.0 8.0 41.0 10.0 10.0 8.0 10.0 11.0 10.0 8.0 48.0 10.0 11.0 8.0 26.0 10.0 20.0 8.0 10.0 10.0 10.0 8.0 15.0 10.0 10.0 8.0 10.0 10.0 10.0 8.0 10.0 10.0 11.0 8.0 11.0 10.0 22.0 8.0 10.0 10.0 10.0 8.0 10.0 10.0 10.0 8.0 10.0 10.0 10.0 8.0 11.0 10.0 11.0 8.0 26.0 11.0 10.0 8.0 41.0 10.0 11.0 8.0 9.0 9.0 9.0 9.0 10.0 10.0 9.0 8.0 38.0 17.0 10.0 8.0 16.0 10.0 10.0 8.0 10.0 10.0 10.0 8.0 11.0 10.0 10.0 8.0 10.0 9.0 11.0 9.0 10.0 10.0 10.0 8.0 13.0 10.0 10.0 8.0 10.0 10.0 10.0 8.0 10.0 10.0 10.0 8.0 44.0 10.0 10.0 8.0 10.0 43.0 10.0 8.0 10.0 10.0 17.0 8.0 36.0 11.0 10.0 8.0 10.0 44.0 10.0 8.0 35.0 10.0 10.0 8.0 10.0 12.0 29.0 8.0 10.0 10.0 11.0 8.0 11.0 10.0 10.0 8.0 9.0 10.0 11.0 8.0 10.0 10.0 10.0 8.0 10.0 11.0 10.0 8.0 10.0 10.0 10.0 8.0 10.0 10.0 10.0 8.0 10.0 10.0 10.0 8.0 11.0 10.0 10.0 8.0 10.0 10.0 25.0 8.0 10.0 10.0 10.0 9.0 10.0 10.0 26.0 8.0 18.0 10.0 10.0 8.0 10.0 9.0 11.0 8.0 10.0 10.0 10.0 8.0 11.0 10.0 10.0 8.0 10.0 10.0 10.0 8.0 42.0 10.0 10.0 9.0 30.0 10.0 11.0 9.0 10.0 11.0 10.0 18.0 34.0 9.0 10.0 8.0 11.0 10.0 10.0 9.0 92.0 10.0 10.0 8.0 10.0 10.0 10.0 9.0 10.0 10.0 10.0 8.0 12.0 10.0 10.0 8.0 10.0 10.0 43.0 8.0 10.0 10.0 10.0 8.0 16.0 11.0 10.0 8.0 10.0 10.0 10.0 8.0 10.0 10.0 10.0 8.0 21.0 22.0 9.0 8.0 10.0 10.0 10.0 8.0 10.0 10.0 9.0 8.0 11.0 10.0 10.0 8.0 14.0 10.0 10.0 9.0 15.0 10.0 10.0 10.0 11.0 12.0 10.0 21.0 11.0 12.0 23.0 9.0 11.0 48.0 12.0 9.0 11.0 11.0 11.0 9.0 37.0 10.0 11.0 8.0 51.0 10.0 10.0 9.0 19.0 10.0 10.0 8.0 10.0 10.0 10.0 8.0 42.0 10.0 12.0 8.0 10.0 9.0 9.0 8.0 10.0 12.0 9.0 8.0 19.0 10.0 10.0 8.0 10.0 9.0 11.0 8.0 10.0 10.0 10.0 8.0 21.0 16.0 10.0 8.0 10.0 10.0 9.0 8.0 10.0 10.0 10.0 8.0 15.0 10.0 10.0 8.0 11.0 24.0 11.0 8.0 27.0 10.0 10.0 8.0 10.0 10.0 10.0 8.0 10.0 10.0 10.0 8.0 10.0 10.0 10.0 9.0 10.0 10.0 10.0 8.0 16.0 9.0 10.0 9.0 9.0 10.0 10.0 8.0 10.0 9.0 10.0 8.0 12.0 10.0 10.0 8.0 10.0 10.0 10.0 8.0 10.0 10.0 10.0 8.0 51.0 35.0 10.0 8.0 10.0 10.0 10.0 8.0 10.0 10.0 14.0 9.0 11.0 10.0 10.0 7.0 9.0 10.0 10.0 8.0 10.0 10.0 10.0 8.0 11.0 10.0 10.0 8.0 16.0 10.0 9.0 9.0 10.0 10.0 9.0 8.0 12.0 9.0 10.0 8.0 10.0 10.0 9.0 8.0 11.0 10.0 10.0 8.0 11.0 10.0 10.0 8.0 10.0 10.0 10.0 8.0 9.0 10.0 16.0 8.0 19.0 10.0 10.0 8.0 18.0 10.0 10.0 9.0 10.0 10.0 11.0 8.0 10.0 10.0 10.0 8.0 9.0 10.0 12.0 8.0 15.0 10.0 10.0 9.0 10.0 10.0 10.0 8.0 11.0 14.0 10.0 9.0 10.0 10.0 18.0 8.0 11.0 11.0 11.0 8.0 10.0 10.0 10.0 8.0 10.0 10.0 10.0 9.0 10.0 9.0 10.0 8.0 14.0 10.0 10.0 8.0 15.0 25.0 10.0 8.0 10.0 10.0 10.0 8.0 10.0 10.0 10.0 8.0 10.0 10.0 10.0 8.0 10.0 10.0 10.0 8.0 10.0 10.0 10.0 8.0 10.0 43.0 9.0 9.0 10.0 10.0 10.0 8.0 12.0 10.0 32.0 8.0 10.0 9.0 9.0 8.0 11.0 9.0 10.0 8.0 9.0 10.0 10.0 8.0 12.0 10.0 10.0 8.0 10.0 10.0 11.0 8.0 10.0 10.0 10.0 12.0 10.0 10.0 9.0 8.0 10.0 10.0 10.0 8.0 34.0 10.0 10.0 8.0 10.0 10.0 10.0 8.0 11.0 10.0 10.0 8.0 12.0 10.0 10.0 9.0 10.0 10.0 10.0 7.0 11.0 9.0 11.0 8.0 12.0 10.0 10.0 8.0 10.0 10.0 10.0 8.0 12.0 10.0 10.0 8.0 27.0 9.0 10.0
48 49 1 TRACE 56.0 37.0 28.0 27.0 15.0 28.0 22.0 22.0 8.0 10.0 10.0 9.0 8.0 10.0 9.0 9.0 39.0 36.0 30.0 26.0 19.0 32.0 23.0 23.0 8.0 11.0 10.0 11.0 8.0 47.0 10.0 9.0 36.0 35.0 26.0 24.0 8.0 10.0 11.0 10.0 8.0 9.0 10.0 9.0 54.0 38.0 28.0 25.0 10.0 21.0 18.0 19.0 7.0 10.0 9.0 10.0 54.0 37.0 27.0 25.0 9.0 17.0 16.0 32.0 8.0 34.0 10.0 9.0 54.0 38.0 28.0 25.0 10.0 20.0 18.0 18.0 7.0 9.0 10.0 10.0 36.0 98.0 28.0 26.0 23.0 34.0 24.0 26.0 7.0 11.0 10.0 10.0 7.0 9.0 9.0 10.0 52.0 39.0 30.0 27.0 13.0 24.0 19.0 20.0 7.0 10.0 9.0 10.0 50.0 38.0 29.0 25.0 12.0 24.0 20.0 22.0 8.0 10.0 10.0 10.0 28.0 33.0 28.0 25.0 30.0 34.0 37.0 26.0 8.0 11.0 11.0 12.0 8.0 10.0 9.0 9.0 46.0 50.0 60.0 24.0 8.0 12.0 12.0 12.0 8.0 10.0 10.0 10.0 54.0 37.0 29.0 25.0 10.0 20.0 18.0 19.0 8.0 10.0 10.0 10.0 37.0 35.0 28.0 27.0 21.0 33.0 25.0 24.0 7.0 41.0 11.0 10.0 8.0 10.0 10.0 10.0 54.0 38.0 29.0 26.0 10.0 20.0 17.0 18.0 8.0 10.0 9.0 9.0 43.0 37.0 29.0 27.0 16.0 29.0 22.0 24.0 8.0 10.0 10.0 9.0 8.0 10.0 10.0 10.0 38.0 45.0 26.0 24.0 8.0 10.0 16.0 11.0 7.0 10.0 9.0 10.0 45.0 55.0 29.0 26.0 15.0 30.0 22.0 22.0 8.0 10.0 10.0 10.0 8.0 10.0 9.0 10.0 37.0 37.0 29.0 24.0 8.0 11.0 11.0 11.0 7.0 9.0 9.0 10.0 36.0 35.0 30.0 26.0 22.0 62.0 24.0 29.0 8.0 10.0 10.0 10.0 8.0 9.0 10.0 10.0 35.0 34.0 27.0 27.0 24.0 33.0 24.0 26.0 7.0 10.0 10.0 10.0 8.0 9.0 9.0 10.0 55.0 38.0 28.0 25.0 9.0 34.0 18.0 18.0 7.0 10.0 9.0 10.0 55.0 37.0 28.0 25.0 9.0 18.0 17.0 18.0 8.0 10.0 9.0 10.0 54.0 38.0 29.0 37.0 11.0 22.0 18.0 19.0 11.0 9.0 10.0 10.0 48.0 37.0 34.0 24.0 9.0 12.0 12.0 12.0 8.0 10.0 10.0 10.0 50.0 36.0 29.0 25.0 12.0 33.0 20.0 20.0 8.0 10.0 9.0 10.0 53.0 40.0 28.0 25.0 8.0 68.0 13.0 17.0 7.0 10.0 10.0 10.0 71.0 38.0 28.0 26.0 11.0 23.0 18.0 20.0 8.0 9.0 10.0 10.0 46.0 36.0 30.0 27.0 14.0 26.0 21.0 28.0 7.0 10.0 10.0 10.0 8.0 10.0 9.0 9.0 53.0 39.0 28.0 25.0 10.0 20.0 19.0 19.0 8.0 10.0 10.0 10.0 36.0 35.0 27.0 27.0 21.0 32.0 24.0 25.0 8.0 10.0 10.0 10.0 8.0 10.0 9.0 10.0 40.0 36.0 27.0 24.0 8.0 10.0 11.0 11.0 7.0 10.0 9.0 10.0 54.0 51.0 28.0 28.0 9.0 18.0 14.0 15.0 7.0 10.0 9.0 10.0 54.0 37.0 27.0 25.0 10.0 21.0 18.0 18.0 7.0 10.0 10.0 10.0 54.0 38.0 28.0 26.0 9.0 18.0 16.0 17.0 8.0 17.0 10.0 12.0 44.0 37.0 29.0 27.0 16.0 29.0 56.0 22.0 7.0 10.0 10.0 10.0 7.0 19.0 10.0 10.0 54.0 39.0 28.0 24.0 9.0 20.0 16.0 18.0 8.0 9.0 9.0 9.0 50.0 37.0 27.0 28.0 8.0 18.0 12.0 12.0 8.0 10.0 10.0 15.0 60.0 47.0 30.0 39.0 12.0 29.0 21.0 35.0 8.0 37.0 11.0 26.0 32.0 35.0 27.0 27.0 27.0 41.0 26.0 24.0 8.0 11.0 10.0 11.0 8.0 10.0 10.0 19.0 53.0 38.0 28.0 25.0 10.0 20.0 18.0 19.0 7.0 10.0 9.0 9.0 49.0 42.0 27.0 26.0 9.0 14.0 12.0 14.0 7.0 10.0 9.0 10.0 50.0 37.0 27.0 25.0 11.0 24.0 19.0 20.0 7.0 10.0 10.0 9.0 52.0 38.0 27.0 30.0 9.0 18.0 16.0 14.0 7.0 9.0 21.0 10.0 56.0 39.0 27.0 24.0 9.0 13.0 13.0 13.0 8.0 10.0 9.0 10.0 33.0 44.0 27.0 24.0 23.0 31.0 25.0 23.0 7.0 10.0 10.0 11.0 8.0 10.0 10.0 9.0 50.0 53.0 28.0 24.0 12.0 25.0 20.0 21.0 7.0 10.0 10.0 9.0 51.0 37.0 29.0 27.0 11.0 32.0 20.0 19.0 8.0 9.0 10.0 10.0 49.0 40.0 28.0 28.0 13.0 23.0 20.0 22.0 7.0 10.0 10.0 10.0 53.0 38.0 28.0 26.0 9.0 20.0 16.0 18.0 7.0 11.0 10.0 9.0 46.0 37.0 28.0 26.0 14.0 26.0 21.0 24.0 8.0 9.0 10.0 11.0 53.0 38.0 27.0 26.0 9.0 18.0 16.0 17.0 7.0 9.0 10.0 10.0 37.0 35.0 27.0 23.0 8.0 12.0 11.0 12.0 7.0 10.0 10.0 10.0 36.0 34.0 28.0 26.0 21.0 32.0 24.0 23.0 8.0 9.0 10.0 15.0 7.0 10.0 10.0 10.0 55.0 40.0 28.0 27.0 9.0 18.0 18.0 18.0 7.0 10.0 10.0 10.0 47.0 37.0 29.0 28.0 13.0 25.0 22.0 21.0 8.0 9.0 10.0 10.0 52.0 38.0 27.0 25.0 9.0 14.0 13.0 15.0 7.0 10.0 11.0 10.0 54.0 38.0 28.0 25.0 9.0 19.0 17.0 20.0 7.0 11.0 10.0 9.0 47.0 37.0 28.0 27.0 13.0 24.0 21.0 20.0 7.0 10.0 9.0 9.0 40.0 37.0 29.0 27.0 18.0 60.0 24.0 22.0 7.0 10.0 10.0 10.0 8.0 10.0 9.0 10.0 45.0 38.0 27.0 27.0 15.0 27.0 21.0 53.0 8.0 15.0 10.0 11.0 7.0 9.0 10.0 10.0 38.0 35.0 27.0 25.0 8.0 39.0 11.0 11.0 7.0 10.0 10.0 9.0 52.0 46.0 31.0 26.0 8.0 17.0 13.0 15.0 8.0 10.0 10.0 10.0 53.0 38.0 28.0 29.0 10.0 20.0 17.0 20.0 8.0 11.0 10.0 10.0 49.0 37.0 28.0 25.0 8.0 13.0 26.0 13.0 8.0 9.0 10.0 10.0
49 47 1 TRACE 537.0 448.0 387.0 129.0 117.0 117.0 51.0 51.0 51.0 50.0 50.0 51.0 425.0 357.0 308.0 147.0 120.0 110.0 53.0 50.0 51.0 65.0 66.0 50.0 169.0 135.0 117.0 112.0 101.0 68.0 50.0 50.0 50.0 294.0 203.0 167.0 103.0 88.0 85.0 48.0 50.0 48.0 229.0 166.0 140.0 75.0 76.0 74.0 48.0 51.0 58.0 319.0 232.0 183.0 91.0 87.0 86.0 48.0 49.0 49.0 425.0 373.0 329.0 157.0 154.0 111.0 49.0 51.0 51.0 50.0 51.0 49.0 382.0 239.0 196.0 108.0 132.0 98.0 48.0 49.0 49.0 360.0 251.0 206.0 108.0 101.0 97.0 54.0 67.0 55.0 425.0 397.0 357.0 241.0 131.0 114.0 52.0 53.0 52.0 51.0 50.0 48.0 189.0 145.0 122.0 63.0 62.0 62.0 51.0 72.0 54.0 296.0 208.0 170.0 88.0 87.0 84.0 64.0 50.0 48.0 428.0 387.0 311.0 144.0 124.0 109.0 50.0 50.0 50.0 48.0 49.0 48.0 290.0 214.0 181.0 93.0 86.0 86.0 49.0 50.0 49.0 405.0 307.0 248.0 128.0 133.0 119.0 80.0 49.0 50.0 50.0 50.0 49.0 226.0 165.0 118.0 55.0 56.0 55.0 51.0 50.0 49.0 386.0 285.0 233.0 121.0 113.0 106.0 51.0 49.0 50.0 85.0 86.0 51.0 170.0 142.0 118.0 56.0 97.0 57.0 50.0 50.0 49.0 417.0 361.0 315.0 146.0 131.0 112.0 58.0 52.0 51.0 50.0 51.0 50.0 446.0 369.0 334.0 147.0 125.0 113.0 49.0 56.0 52.0 50.0 52.0 51.0 279.0 194.0 160.0 86.0 84.0 84.0 50.0 50.0 51.0 241.0 172.0 142.0 103.0 78.0 76.0 52.0 50.0 50.0 364.0 221.0 182.0 93.0 91.0 91.0 50.0 51.0 50.0 194.0 147.0 125.0 75.0 64.0 63.0 49.0 49.0 48.0 361.0 258.0 206.0 112.0 101.0 97.0 49.0 49.0 53.0 214.0 158.0 133.0 70.0 67.0 70.0 50.0 50.0 49.0 351.0 233.0 188.0 100.0 93.0 93.0 50.0 49.0 50.0 386.0 278.0 235.0 154.0 110.0 101.0 50.0 49.0 49.0 49.0 51.0 49.0 338.0 225.0 185.0 132.0 92.0 95.0 48.0 51.0 50.0 415.0 366.0 300.0 178.0 123.0 113.0 50.0 50.0 57.0 51.0 52.0 49.0 174.0 138.0 117.0 63.0 58.0 58.0 51.0 50.0 50.0 219.0 160.0 139.0 72.0 69.0 73.0 47.0 49.0 51.0 293.0 205.0 166.0 88.0 87.0 86.0 50.0 50.0 50.0 228.0 168.0 138.0 75.0 75.0 76.0 51.0 47.0 51.0 399.0 327.0 263.0 124.0 113.0 102.0 106.0 53.0 51.0 50.0 52.0 49.0 281.0 176.0 145.0 92.0 79.0 85.0 50.0 49.0 49.0 257.0 149.0 126.0 65.0 64.0 65.0 63.0 49.0 47.0 554.0 307.0 248.0 171.0 104.0 120.0 78.0 53.0 70.0 463.0 418.0 367.0 164.0 139.0 119.0 54.0 53.0 54.0 50.0 49.0 50.0 338.0 201.0 164.0 94.0 85.0 99.0 79.0 47.0 47.0 208.0 156.0 132.0 65.0 65.0 65.0 66.0 47.0 65.0 353.0 245.0 198.0 104.0 100.0 93.0 70.0 47.0 47.0 228.0 166.0 137.0 70.0 72.0 69.0 46.0 47.0 47.0 214.0 163.0 140.0 93.0 69.0 67.0 47.0 48.0 48.0 472.0 370.0 329.0 151.0 128.0 112.0 50.0 50.0 51.0 46.0 47.0 47.0 358.0 253.0 204.0 110.0 102.0 101.0 59.0 47.0 47.0 348.0 242.0 198.0 103.0 97.0 91.0 47.0 47.0 48.0 371.0 266.0 213.0 112.0 105.0 95.0 47.0 47.0 48.0 240.0 173.0 145.0 77.0 78.0 75.0 47.0 47.0 47.0 389.0 276.0 225.0 119.0 110.0 100.0 48.0 54.0 49.0 233.0 169.0 142.0 74.0 74.0 74.0 122.0 47.0 47.0 173.0 140.0 120.0 54.0 54.0 54.0 80.0 47.0 47.0 420.0 356.0 304.0 145.0 125.0 111.0 49.0 50.0 49.0 47.0 47.0 48.0 254.0 182.0 169.0 80.0 80.0 78.0 47.0 48.0 48.0 378.0 270.0 218.0 117.0 111.0 99.0 67.0 48.0 48.0 217.0 160.0 135.0 68.0 68.0 67.0 48.0 47.0 47.0 301.0 178.0 148.0 85.0 79.0 76.0 47.0 46.0 47.0 375.0 275.0 217.0 133.0 107.0 101.0 47.0 48.0 48.0 413.0 331.0 274.0 137.0 121.0 107.0 65.0 48.0 49.0 46.0 46.0 52.0 397.0 285.0 232.0 122.0 113.0 102.0 47.0 49.0 48.0 47.0 46.0 47.0 177.0 140.0 121.0 78.0 54.0 54.0 47.0 47.0 47.0 219.0 171.0 149.0 69.0 70.0 70.0 46.0 46.0 48.0 297.0 208.0 170.0 90.0 89.0 85.0 48.0 48.0 53.0 201.0 154.0 130.0 63.0 64.0 63.0 46.0 47.0 48.0
49 50 1 TRACE 74.0 131.0 40.0 35.0 142.0 52.0 25.0 34.0 143.0 24.0 49.0 150.0 38.0 42.0 137.0 42.0 22.0 111.0 93.0 52.0 36.0 132.0 59.0 40.0 38.0 36.0 90.0 84.0 93.0 183.0 89.0 139.0 54.0 34.0 85.0 70.0 99.0 68.0 84.0 38.0 123.0 66.0 35.0 76.0 128.0 72.0 72.0 81.0 136.0 88.0 78.0 111.0 72.0 71.0 73.0 63.0 66.0 41.0 85.0 30.0 31.0 71.0 52.0 155.0 76.0 58.0 44.0 38.0 96.0 90.0 43.0 64.0 146.0 64.0 92.0 57.0 126.0 24.0 79.0 61.0 56.0 77.0 83.0 56.0 133.0 25.0 38.0 114.0 54.0 69.0 113.0 150.0 85.0 40.0 48.0 85.0 64.0 93.0 61.0 113.0 78.0 128.0 115.0 43.0 52.0 53.0 108.0 79.0 79.0 90.0 160.0 82.0 45.0 111.0 68.0 62.0 74.0 35.0 92.0 96.0 43.0 70.0 92.0 251.0 217.0 121.0 242.0 85.0 42.0 52.0 55.0 111.0 77.0 44.0 76.0 78.0 58.0 70.0 60.0 97.0 91.0 51.0 100.0 99.0 51.0 35.0 43.0 106.0 60.0 50.0 138.0 52.0 34.0 77.0 66.0 75.0 52.0 36.0 72.0 186.0 68.0 72.0 70.0 69.0 130.0 87.0 39.0 51.0 26.0 105.0 84.0 52.0 70.0 66.0 61.0 30.0 28.0 35.0 58.0 51.0 340.0 40.0 23.0 70.0 85.0 36.0 62.0 77.0 50.0 87.0 41.0 60.0 24.0 62.0 61.0 23.0 55.0 49.0 24.0 23.0 53.0 55.0 39.0 74.0 56.0 39.0 70.0 28.0 63.0
50 25 1 TRACE 22.0 17.0 16.0 18.0 18.0 18.0 15.0 18.0 19.0 16.0 27.0 18.0 17.0 18.0 24.0 16.0 16.0 17.0 17.0 16.0 17.0 43.0 18.0 18.0 19.0 17.0 23.0 31.0 19.0 17.0 18.0 18.0 18.0 17.0 25.0 17.0 29.0 22.0 17.0 18.0 17.0 18.0 53.0 17.0 17.0 19.0 18.0 22.0 17.0 20.0 17.0 25.0 17.0 18.0 19.0 17.0 17.0 19.0 17.0 15.0 17.0 17.0 18.0 17.0
50 41 1 TRACE 9.0 9.0 9.0 9.0 8.0 9.0 9.0 9.0 10.0 8.0 9.0 9.0 9.0 8.0 9.0 8.0 9.0 9.0 9.0 9.0 9.0 9.0 10.0 9.0 9.0 9.0 9.0 9.0 9.0 9.0 8.0 9.0 9.0 9.0 9.0 8.0 9.0 9.0 9.0 9.0 9.0 9.0 9.0 9.0 15.0 9.0 9.0 9.0 9.0 9.0 9.0 9.0 8.0 10.0 8.0 9.0 9.0 9.0 9.0 9.0 9.0 9.0 9.0 9.0 8.0 9.0 9.0 8.0 9.0 8.0 9.0 12.0 8.0 10.0 9.0 9.0 9.0 9.0 8.0 9.0 9.0 8.0 8.0 9.0 9.0 9.0 10.0 11.0 10.0 10.0 10.0 9.0 9.0 9.0 9.0 9.0 9.0 9.0 9.0 9.0 9.0 9.0 9.0 8.0 9.0 9.0 9.0 11.0 10.0 9.0 8.0 9.0 8.0 9.0 9.0 8.0 8.0 9.0 9.0 9.0 9.0 10.0 9.0 9.0 9.0 9.0 8.0 9.0 9.0 9.0 9.0 8.0 9.0 8.0 9.0 8.0 9.0 9.0 8.0 9.0 8.0 8.0 9.0 9.0 9.0
51 52 1 TRACE 701.0 681.0 717.0 690.0 720.0 680.0 677.0 676.0 678.0 683.0 675.0 721.0 726.0 686.0 673.0 681.0 679.0 684.0 675.0 675.0 674.0 680.0 671.0 688.0 685.0 683.0 688.0 680.0 673.0 680.0 673.0 669.0 673.0 714.0 672.0 673.0 1075.0 906.0 673.0 672.0 664.0 669.0 664.0 676.0 676.0 677.0 671.0 684.0 661.0 668.0 696.0 674.0 703.0 661.0 672.0 679.0 666.0 678.0 691.0 706.0 709.0 677.0 672.0 673.0
52 53 1 TRACE 58.0 35.0 35.0 33.0 33.0 36.0 66.0 31.0 43.0 38.0 41.0 63.0 46.0 34.0 117.0 32.0 33.0 58.0 43.0 33.0 35.0 37.0 67.0 31.0 67.0 42.0 63.0 35.0 33.0 64.0 43.0 34.0 34.0 47.0 34.0 38.0 81.0 72.0 34.0 64.0 31.0 31.0 33.0 34.0 30.0 31.0 33.0 33.0 32.0 32.0 33.0 36.0 33.0 31.0 32.0 32.0 31.0 31.0 34.0 32.0 31.0 31.0 32.0 31.0
53 54 1 TRACE 25.0 19.0 18.0 19.0 17.0 20.0 54.0 20.0 19.0 17.0 15.0 17.0 16.0 15.0 17.0 15.0 19.0 19.0 18.0 19.0 20.0 21.0 16.0 18.0 21.0 20.0 19.0 18.0 15.0 19.0 16.0 13.0 17.0 18.0 17.0 18.0 80.0 24.0 16.0 20.0 18.0 18.0 18.0 16.0 16.0 15.0 14.0 14.0 17.0 17.0 21.0 17.0 19.0 18.0 16.0 18.0 20.0 20.0 20.0 21.0 15.0 51.0 14.0 15.0
54 55 1 TRACE 45.0 19.0 20.0 19.0 19.0 19.0 19.0 18.0 19.0 19.0 18.0 19.0 19.0 19.0 19.0 18.0 19.0 19.0 19.0 19.0 18.0 19.0 21.0 18.0 18.0 19.0 19.0 19.0 19.0 18.0 19.0 18.0 19.0 20.0 19.0 20.0 20.0 21.0 20.0 18.0 18.0 18.0 19.0 19.0 19.0 18.0 20.0 31.0 19.0 19.0 20.0 19.0 19.0 19.0 19.0 18.0 18.0 19.0 19.0 19.0 19.0 18.0 19.0 18.0
55 56 1 TRACE 10.0 8.0 7.0 7.0 7.0 7.0 21.0 8.0 7.0 7.0 7.0 7.0 7.0 7.0 8.0 7.0 7.0 7.0 7.0 7.0 7.0 7.0 8.0 7.0 7.0 7.0 7.0 7.0 7.0 7.0 7.0 7.0 8.0 7.0 21.0 7.0 7.0 8.0 7.0 7.0 7.0 7.0 7.0 7.0 7.0 7.0 7.0 8.0 7.0 7.0 7.0 7.0 8.0 7.0 7.0 7.0 7.0 7.0 7.0 8.0 7.0 8.0 7.0 7.0
56 57 1 TRACE 22.0 7.0 7.0 7.0 7.0 7.0 7.0 6.0 7.0 7.0 7.0 7.0 7.0 7.0 6.0 7.0 7.0 7.0 7.0 7.0 7.0 7.0 7.0 6.0 7.0 7.0 7.0 7.0 7.0 7.0 7.0 7.0 6.0 7.0 8.0 7.0 8.0 9.0 7.0 7.0 7.0 7.0 7.0 7.0 7.0 7.0 7.0 7.0 7.0 7.0 7.0 7.0 7.0 7.0 7.0 7.0 7.0 7.0 7.0 6.0 7.0 7.0 7.0 7.0
57 58 1 TRACE 11.0 7.0 7.0 7.0 7.0 7.0 8.0 7.0 7.0 7.0 7.0 7.0 7.0 7.0 7.0 7.0 7.0 7.0 7.0 7.0 7.0 7.0 7.0 7.0 7.0 7.0 7.0 7.0 7.0 7.0 7.0 7.0 7.0 7.0 7.0 7.0 7.0 8.0 7.0 7.0 7.0 7.0 7.0 7.0 7.0 7.0 7.0 7.0 7.0 7.0 6.0 8.0 7.0 7.0 7.0 7.0 7.0 7.0 7.0 7.0 7.0 7.0 7.0 7.0
58 59 1 TRACE 15.0 8.0 8.0 8.0 8.0 7.0 9.0 8.0 8.0 8.0 7.0 8.0 8.0 8.0 8.0 8.0 7.0 8.0 8.0 8.0 8.0 8.0 8.0 8.0 8.0 8.0 7.0 7.0 7.0 8.0 8.0 8.0 8.0 8.0 8.0 8.0 8.0 9.0 8.0 8.0 8.0 8.0 25.0 8.0 7.0 8.0 7.0 8.0 8.0 7.0 8.0 8.0 8.0 8.0 8.0 7.0 8.0 8.0 8.0 8.0 8.0 8.0 8.0 8.0
59 60 1 TRACE 19.0 6.0 7.0 7.0 18.0 7.0 7.0 18.0 19.0 7.0 7.0 19.0 18.0 19.0 7.0 19.0 7.0 7.0 7.0 6.0 7.0 7.0 18.0 7.0 7.0 18.0 7.0 19.0 18.0 19.0 7.0 7.0 7.0 7.0 19.0 7.0 7.0 9.0 7.0 7.0 7.0 7.0 8.0 7.0 7.0 6.0 7.0 8.0 7.0 7.0 7.0 7.0 7.0 7.0 7.0 7.0 7.0 7.0 7.0 7.0 7.0 7.0 7.0 7.0
60 61 1 TRACE 8.0 7.0 18.0 18.0 7.0 7.0 7.0 7.0 7.0 18.0 19.0 7.0 8.0 7.0 19.0 7.0 18.0 20.0 18.0 7.0 8.0 19.0 8.0 19.0 18.0 7.0 19.0 7.0 8.0 7.0 18.0 18.0 19.0 19.0 8.0 7.0 7.0 8.0 8.0 19.0 19.0 20.0 8.0 8.0 18.0 19.0 19.0 8.0 18.0 19.0 19.0 19.0 19.0 18.0 19.0 18.0 18.0 18.0 19.0 19.0 19.0 19.0 18.0 18.0
61 62 1 TRACE 7.0 7.0 7.0 7.0 8.0 8.0 19.0 8.0 7.0 7.0 7.0 7.0 7.0 7.0 7.0 7.0 8.0 7.0 7.0 7.0 8.0 7.0 7.0 7.0 8.0 7.0 7.0 7.0 7.0 7.0 7.0 7.0 8.0 7.0 7.0 7.0 7.0 8.0 7.0 7.0 7.0 7.0 7.0 7.0 7.0 7.0 7.0 7.0 8.0 7.0 7.0 7.0 7.0 8.0 8.0 7.0 8.0 8.0 7.0 7.0 7.0 8.0 8.0 7.0
62 1 1 TRACE 22.0 19.0 19.0 19.0 20.0 19.0 24.0 19.0 18.0 19.0 18.0 19.0 18.0 19.0 65.0 19.0 18.0 18.0 18.0 18.0 18.0 19.0 20.0 18.0 19.0 19.0 19.0 19.0 18.0 18.0 19.0 18.0 18.0 18.0 20.0 19.0 51.0 30.0 19.0 18.0 18.0 18.0 24.0 19.0 24.0 22.0 19.0 18.0 19.0 18.0 21.0 18.0 19.0 19.0 19.0 36.0 19.0 18.0 19.0 19.0 19.0 19.0 19.0
