0 1 1 TRACE 1672855026373790.0
1 2 1 TRACE 11342.0 160.0 138.0 165.0 143.0 134.0 132.0 132.0 132.0 132.0 143.0 135.0 130.0 131.0 127.0 126.0 141.0 130.0 138.0 121.0 122.0 122.0 139.0 121.0 147.0 132.0 122.0 141.0 121.0 129.0 121.0 133.0 132.0 129.0 124.0 154.0 121.0 121.0 121.0 122.0 134.0 122.0 121.0 121.0 128.0 133.0 120.0 121.0 132.0 133.0 121.0 124.0 121.0 124.0 122.0 121.0 135.0 121.0 122.0 154.0 122.0 136.0 121.0 121.0
2 3 1 TRACE 1038.0 48.0 43.0 28.0 24.0 112.0 25.0 24.0 25.0 27.0 94.0 60.0 24.0 25.0 26.0 26.0 35.0 54.0 24.0 25.0 88.0 56.0 54.0 95.0 24.0 98.0 100.0 27.0 103.0 316.0 108.0 77.0 26.0 43.0 80.0 49.0 85.0 31.0 106.0 26.0 60.0 27.0 25.0 82.0 44.0 25.0 106.0 103.0 25.0 87.0 96.0 25.0 93.0 26.0 26.0 95.0 64.0 80.0 25.0 46.0 24.0 24.0 98.0 24.0
3 4 1 TRACE 37.0 17.0 36.0 19.0 28.0 28.0 18.0 17.0 29.0 19.0 28.0 101.0 18.0 19.0 126.0 19.0 133.0 17.0 100.0 129.0 17.0 31.0 118.0 28.0 131.0 29.0 19.0 17.0 28.0 28.0 27.0 17.0 17.0 18.0 107.0 19.0 17.0 17.0 28.0 17.0 28.0 18.0 17.0 19.0 18.0 18.0 27.0 31.0 18.0 20.0 22.0 17.0 21.0 17.0 17.0 71.0 16.0 18.0 17.0 19.0 17.0 17.0 18.0 18.0
4 5 1 TRACE 17.0 24.0 14.0 14.0 12.0 11.0 12.0 12.0 13.0 13.0 23.0 17.0 12.0 12.0 12.0 12.0 20.0 101.0 24.0 25.0 12.0 12.0 14.0 12.0 12.0 13.0 24.0 13.0 23.0 14.0 23.0 23.0 12.0 13.0 16.0 13.0 23.0 12.0 23.0 13.0 12.0 12.0 12.0 23.0 14.0 12.0 22.0 23.0 13.0 12.0 12.0 13.0 12.0 13.0 13.0 12.0 23.0 25.0 12.0 23.0 12.0 12.0 23.0 12.0
5 6 1 TRACE 38.0 38.0 20.0 19.0 225.0 17.0 17.0 16.0 15.0 15.0 91.0 17.0 16.0 16.0 16.0 16.0 14.0 28.0 14.0 14.0 23.0 12.0 19.0 22.0 18.0 11.0 22.0 21.0 12.0 39.0 10.0 11.0 105.0 16.0 119.0 15.0 26.0 14.0 13.0 15.0 12.0 17.0 16.0 82.0 14.0 14.0 10.0 11.0 16.0 26.0 17.0 15.0 23.0 16.0 150.0 17.0 12.0 12.0 17.0 13.0 15.0 13.0 11.0 14.0
6 7 1 TRACE 18.0 13.0 16.0 15.0 13.0 14.0 13.0 22.0 162.0 20.0 13.0 12.0 153.0 15.0 14.0 13.0 11.0 15.0 11.0 11.0 8.0 10.0 15.0 9.0 15.0 8.0 8.0 27.0 13.0 15.0 12.0 8.0 24.0 22.0 18.0 23.0 19.0 13.0 9.0 13.0 10.0 12.0 13.0 11.0 8.0 13.0 8.0 8.0 14.0 10.0 14.0 12.0 8.0 13.0 15.0 10.0 13.0 8.0 14.0 21.0 15.0 14.0 8.0 15.0
7 8 1 TRACE 18.0 13.0 17.0 16.0 10.0 34.0 20.0 9.0 16.0 8.0 13.0 13.0 13.0 20.0 14.0 9.0 12.0 14.0 13.0 11.0 9.0 15.0 16.0 15.0 16.0 12.0 9.0 20.0 93.0 16.0 15.0 8.0 13.0 11.0 15.0 11.0 8.0 20.0 20.0 21.0 15.0 20.0 21.0 13.0 8.0 8.0 14.0 15.0 12.0 12.0 15.0 12.0 9.0 20.0 15.0 15.0 15.0 8.0 19.0 21.0 19.0 9.0 8.0 23.0
8 9 1 TRACE 16.0 13.0 16.0 15.0 9.0 10.0 19.0 8.0 14.0 7.0 12.0 12.0 11.0 84.0 14.0 8.0 14.0 14.0 15.0 13.0 14.0 14.0 16.0 14.0 14.0 14.0 8.0 19.0 15.0 14.0 15.0 11.0 12.0 11.0 16.0 10.0 8.0 19.0 12.0 19.0 15.0 19.0 19.0 12.0 8.0 19.0 14.0 13.0 22.0 11.0 14.0 11.0 13.0 8.0 14.0 14.0 89.0 14.0 19.0 8.0 19.0 8.0 13.0 19.0
9 10 1 TRACE 51.0 26.0 28.0 27.0 26.0 55.0 26.0 23.0 63.0 105.0 28.0 25.0 47.0 31.0 27.0 167.0 284.0 33.0 28.0 28.0 26.0 27.0 27.0 28.0 28.0 28.0 113.0 25.0 27.0 105.0 29.0 31.0 81.0 29.0 90.0 89.0 25.0 25.0 77.0 25.0 100.0 119.0 25.0 90.0 26.0 235.0 32.0 129.0 102.0 24.0 29.0 95.0 26.0 101.0 25.0 24.0 29.0 91.0 112.0 91.0 25.0 25.0 114.0 24.0
10 11 1 TRACE 19.0 14.0 16.0 16.0 14.0 16.0 14.0 15.0 15.0 15.0 16.0 14.0 14.0 14.0 15.0 14.0 29.0 13.0 15.0 13.0 20.0 16.0 15.0 17.0 14.0 13.0 18.0 14.0 15.0 15.0 18.0 14.0 15.0 16.0 15.0 15.0 15.0 15.0 15.0 13.0 15.0 13.0 13.0 14.0 15.0 13.0 14.0 14.0 15.0 15.0 13.0 14.0 14.0 18.0 14.0 15.0 13.0 15.0 14.0 14.0 14.0 15.0 15.0 14.0
11 12 1 TRACE 21.0 15.0 16.0 25.0 17.0 16.0 16.0 16.0 16.0 17.0 15.0 15.0 16.0 17.0 15.0 22.0 20.0 15.0 16.0 19.0 15.0 18.0 16.0 15.0 16.0 16.0 15.0 20.0 24.0 15.0 14.0 17.0 16.0 19.0 16.0 17.0 15.0 16.0 14.0 16.0 15.0 17.0 17.0 17.0 15.0 17.0 16.0 16.0 15.0 87.0 20.0 17.0 15.0 15.0 16.0 18.0 16.0 16.0 18.0 15.0 16.0 16.0 17.0 16.0
12 13 1 TRACE 21.0 18.0 16.0 14.0 18.0 131.0 19.0 17.0 17.0 15.0 21.0 18.0 17.0 16.0 89.0 59.0 25.0 17.0 24.0 15.0 16.0 15.0 16.0 17.0 16.0 17.0 111.0 128.0 16.0 21.0 17.0 17.0 16.0 17.0 17.0 19.0 20.0 107.0 106.0 22.0 106.0 89.0 17.0 17.0 16.0 17.0 15.0 16.0 18.0 13.0 14.0 16.0 20.0 17.0 17.0 16.0 18.0 16.0 16.0 17.0 16.0 101.0 16.0 17.0
13 14 1 TRACE 20.0 10.0 10.0 9.0 20.0 9.0 9.0 9.0 9.0 9.0 9.0 9.0 9.0 9.0 9.0 9.0 9.0 8.0 9.0 8.0 8.0 8.0 9.0 9.0 9.0 9.0 12.0 9.0 9.0 9.0 9.0 9.0 9.0 9.0 9.0 9.0 8.0 9.0 9.0 9.0 9.0 9.0 9.0 9.0 9.0 8.0 8.0 8.0 8.0 8.0 9.0 9.0 9.0 9.0 9.0 9.0 9.0 9.0 8.0 9.0 9.0 9.0 9.0 9.0
14 15 1 TRACE 21.0 12.0 14.0 13.0 13.0 12.0 13.0 13.0 12.0 12.0 13.0 12.0 13.0 12.0 12.0 13.0 13.0 13.0 13.0 12.0 13.0 12.0 12.0 13.0 15.0 13.0 14.0 89.0 12.0 12.0 13.0 17.0 14.0 12.0 13.0 11.0 12.0 13.0 13.0 12.0 12.0 13.0 12.0 12.0 12.0 99.0 12.0 12.0 12.0 12.0 12.0 12.0 12.0 12.0 12.0 13.0 12.0 12.0 12.0 73.0 12.0 13.0 12.0 13.0
15 16 1 TRACE 12.0 8.0 10.0 8.0 9.0 8.0 8.0 8.0 8.0 8.0 8.0 8.0 8.0 8.0 8.0 8.0 9.0 8.0 8.0 8.0 8.0 8.0 8.0 8.0 8.0 8.0 8.0 8.0 8.0 8.0 8.0 8.0 9.0 8.0 8.0 8.0 8.0 8.0 8.0 8.0 8.0 8.0 8.0 8.0 8.0 8.0 8.0 8.0 8.0 8.0 8.0 8.0 8.0 8.0 8.0 8.0 8.0 8.0 8.0 8.0 8.0 8.0 8.0 8.0
16 17 1 TRACE 54.0 40.0 41.0 35.0 82.0 41.0 36.0 37.0 44.0 36.0 119.0 37.0 53.0 37.0 37.0 34.0 60.0 42.0 36.0 56.0 104.0 36.0 143.0 36.0 34.0 36.0 34.0 145.0 137.0 36.0 35.0 33.0 56.0 52.0 40.0 36.0 35.0 36.0 43.0 34.0 40.0 39.0 34.0 35.0 37.0 35.0 38.0 36.0 116.0 38.0 40.0 40.0 39.0 110.0 118.0 44.0 128.0 37.0 40.0 50.0 36.0 54.0 36.0 35.0
17 18 1 TRACE 17.0 14.0 14.0 14.0 16.0 15.0 39.0 15.0 14.0 14.0 14.0 13.0 14.0 33.0 14.0 15.0 31.0 13.0 15.0 14.0 14.0 13.0 100.0 13.0 15.0 15.0 14.0 13.0 14.0 14.0 15.0 13.0 12.0 16.0 13.0 14.0 16.0 14.0 14.0 14.0 13.0 13.0 14.0 14.0 14.0 14.0 13.0 15.0 16.0 15.0 14.0 13.0 13.0 13.0 19.0 14.0 15.0 14.0 13.0 16.0 14.0 16.0 14.0 21.0
18 19 1 TRACE 20.0 15.0 15.0 15.0 23.0 15.0 15.0 21.0 15.0 15.0 82.0 15.0 15.0 13.0 15.0 16.0 14.0 16.0 15.0 15.0 15.0 14.0 14.0 16.0 21.0 17.0 15.0 15.0 18.0 16.0 20.0 16.0 13.0 17.0 17.0 14.0 14.0 15.0 15.0 14.0 16.0 18.0 15.0 103.0 16.0 16.0 21.0 16.0 15.0 15.0 15.0 16.0 16.0 16.0 14.0 16.0 15.0 15.0 17.0 17.0 15.0 14.0 15.0 15.0
19 20 1 TRACE 19.0 16.0 16.0 15.0 12.0 102.0 16.0 13.0 22.0 15.0 14.0 19.0 16.0 16.0 29.0 14.0 26.0 16.0 16.0 109.0 16.0 15.0 16.0 17.0 14.0 15.0 16.0 14.0 87.0 17.0 15.0 17.0 112.0 20.0 15.0 17.0 17.0 15.0 16.0 131.0 17.0 16.0 16.0 20.0 15.0 16.0 18.0 17.0 15.0 16.0 17.0 16.0 17.0 15.0 14.0 15.0 17.0 17.0 14.0 14.0 16.0 16.0 16.0 15.0
20 21 1 TRACE 21.0 18.0 16.0 16.0 16.0 16.0 17.0 16.0 16.0 16.0 17.0 16.0 17.0 16.0 19.0 17.0 128.0 16.0 17.0 16.0 17.0 82.0 16.0 17.0 16.0 17.0 16.0 18.0 18.0 16.0 17.0 17.0 21.0 17.0 16.0 16.0 16.0 16.0 17.0 17.0 17.0 16.0 16.0 22.0 16.0 17.0 16.0 16.0 16.0 16.0 16.0 16.0 17.0 16.0 17.0 17.0 17.0 16.0 16.0 16.0 16.0 17.0 16.0 16.0
21 22 1 TRACE 26.0 11.0 12.0 12.0 11.0 12.0 11.0 12.0 12.0 12.0 34.0 12.0 12.0 12.0 12.0 12.0 15.0 12.0 11.0 12.0 12.0 12.0 12.0 11.0 12.0 11.0 12.0 12.0 12.0 12.0 12.0 11.0 12.0 11.0 11.0 11.0 11.0 12.0 11.0 11.0 12.0 11.0 12.0 13.0 12.0 12.0 12.0 12.0 11.0 11.0 11.0 11.0 11.0 11.0 11.0 11.0 12.0 12.0 11.0 12.0 11.0 11.0 11.0 11.0
22 23 1 TRACE 485.0 247.0 353.0 358.0 350.0 434.0 349.0 353.0 349.0 351.0 369.0 347.0 356.0 354.0 356.0 352.0 423.0 211.0 350.0 352.0 438.0 389.0 354.0 347.0 199.0 242.0 293.0 349.0 331.0 437.0 346.0 200.0 303.0 342.0 363.0 348.0 347.0 196.0 350.0 345.0 349.0 350.0 345.0 202.0 303.0 351.0 349.0 348.0 349.0 350.0 349.0 345.0 348.0 346.0 369.0 345.0 348.0 355.0 351.0 359.0 350.0 302.0 350.0 190.0
23 24 1 TRACE 41.0 31.0 21.0 22.0 118.0 27.0 28.0 23.0 25.0 22.0 26.0 24.0 22.0 24.0 24.0 23.0 64.0 23.0 22.0 23.0 23.0 122.0 22.0 25.0 112.0 24.0 22.0 23.0 22.0 24.0 24.0 23.0 22.0 24.0 21.0 23.0 26.0 21.0 21.0 126.0 23.0 30.0 108.0 24.0 22.0 116.0 22.0 25.0 24.0 22.0 23.0 139.0 25.0 22.0 49.0 28.0 27.0 23.0 105.0 27.0 40.0 25.0 22.0 27.0
24 25 1 TRACE 53.0 18.0 18.0 17.0 17.0 19.0 19.0 17.0 18.0 16.0 18.0 17.0 16.0 19.0 18.0 17.0 33.0 18.0 18.0 16.0 23.0 16.0 17.0 20.0 30.0 16.0 17.0 19.0 17.0 17.0 16.0 16.0 17.0 18.0 16.0 17.0 17.0 17.0 18.0 16.0 18.0 18.0 22.0 21.0 18.0 22.0 18.0 17.0 17.0 25.0 17.0 22.0 20.0 20.0 19.0 17.0 26.0 19.0 18.0 20.0 17.0 16.0 16.0 35.0
25 26 1 TRACE 50.0 14.0 21.0 14.0 15.0 13.0 24.0 15.0 15.0 14.0 19.0 15.0 14.0 14.0 14.0 20.0 14.0 15.0 15.0 23.0 14.0 14.0 14.0 17.0 17.0 14.0 14.0 14.0 20.0 14.0 14.0 14.0 21.0 14.0 14.0 21.0 14.0 16.0 18.0 14.0 14.0 14.0 13.0 22.0 14.0 14.0 14.0 14.0 21.0 14.0 14.0 14.0 18.0 14.0 15.0 19.0 23.0 14.0 15.0 14.0 23.0 14.0 14.0 14.0 29.0 15.0 25.0 31.0 14.0 14.0 14.0 26.0 15.0 14.0 14.0 33.0 14.0 15.0 14.0 26.0 15.0 14.0 23.0 14.0 14.0 14.0 30.0 14.0 13.0 29.0 14.0 14.0 14.0 30.0 14.0 14.0 28.0 15.0 14.0 30.0 15.0 14.0 24.0 14.0 14.0 14.0 20.0 14.0 14.0 14.0 19.0 14.0 14.0 14.0 14.0 28.0 14.0 14.0 30.0 14.0 14.0 25.0 14.0 14.0 13.0 30.0 14.0 14.0 21.0 14.0 14.0 13.0 13.0 22.0 14.0 14.0 14.0 26.0 15.0 14.0 14.0 28.0 14.0 14.0 30.0 14.0 14.0 21.0 15.0 14.0 14.0 30.0 15.0 14.0 24.0 14.0 14.0 14.0 14.0 25.0 14.0 14.0 14.0 14.0 26.0 15.0 14.0 20.0 14.0 14.0 14.0 27.0 14.0 14.0 14.0 28.0 14.0 14.0 31.0 14.0 14.0 21.0 14.0 14.0 14.0 24.0 14.0 15.0 14.0 32.0 14.0 14.0 31.0 14.0 14.0 13.0 15.0 25.0 13.0 14.0 13.0 14.0 25.0 14.0 14.0 14.0 21.0 14.0 15.0 14.0 14.0 25.0 14.0 15.0 14.0 20.0 14.0 14.0 14.0 26.0 14.0 14.0 38.0 23.0 14.0 15.0 14.0 24.0 14.0 14.0 14.0 29.0 14.0 15.0 14.0 28.0 15.0 14.0 29.0 14.0 13.0 14.0 27.0 15.0 14.0 21.0 14.0
26 27 1 TRACE 14.0 8.0 8.0 7.0 8.0 7.0 8.0 7.0 8.0 7.0 7.0 8.0 7.0 8.0 8.0 8.0 7.0 8.0 8.0 8.0 8.0 7.0 8.0 9.0 8.0 7.0 8.0 7.0 7.0 8.0 7.0 8.0 7.0 8.0 7.0 8.0 7.0 8.0 9.0 7.0 7.0 8.0 7.0 9.0 7.0 7.0 7.0 8.0 7.0 8.0 8.0 7.0 7.0 8.0 8.0 20.0 7.0 7.0 8.0 7.0 8.0 7.0 8.0 8.0 7.0 8.0 8.0 8.0 7.0 8.0 7.0 8.0 8.0 7.0 8.0 7.0 7.0 8.0 7.0 8.0 8.0 8.0 7.0 8.0 7.0 7.0 7.0 7.0 7.0 8.0 8.0 7.0 8.0 8.0 7.0 7.0 7.0 8.0 7.0 9.0 8.0 8.0 7.0 7.0 7.0 7.0 7.0 8.0 7.0 8.0 7.0 7.0 7.0 7.0 7.0 8.0 7.0 8.0 8.0 7.0 8.0 7.0 8.0 7.0 7.0 8.0 7.0 8.0 7.0 8.0 8.0 7.0 7.0 8.0 7.0 7.0 7.0 7.0 8.0 8.0 8.0 7.0 8.0 8.0 8.0 7.0 8.0 7.0 8.0 7.0 20.0 8.0 8.0 7.0 8.0 7.0 7.0 8.0 7.0 7.0 7.0 7.0 8.0 7.0 8.0 8.0 7.0 9.0 7.0 7.0 8.0 8.0 8.0 8.0 7.0 8.0 7.0 7.0 7.0 7.0 7.0 8.0 7.0 8.0 8.0 8.0 7.0 7.0 8.0 8.0 7.0 7.0 7.0 8.0 8.0 7.0 7.0 7.0 7.0 7.0 7.0 7.0 8.0 7.0 7.0 7.0 7.0 7.0 8.0 7.0 8.0 7.0 8.0 8.0 8.0 10.0 7.0 8.0 7.0 7.0 8.0 7.0 9.0 8.0 7.0 8.0 7.0 7.0 7.0 7.0 8.0 8.0 7.0 8.0 7.0 8.0 8.0 7.0 8.0 7.0 7.0 8.0 7.0 8.0 7.0 7.0 8.0
27 28 1 TRACE 14.0 8.0 7.0 8.0 7.0 7.0 8.0 7.0 7.0 8.0 7.0 7.0 8.0 7.0 7.0 7.0 7.0 7.0 7.0 8.0 8.0 7.0 7.0 9.0 7.0 8.0 7.0 8.0 8.0 8.0 8.0 7.0 8.0 7.0 8.0 7.0 7.0 7.0 8.0 8.0 8.0 7.0 7.0 8.0 7.0 8.0 8.0 7.0 7.0 8.0 7.0 7.0 7.0 8.0 7.0 21.0 8.0 8.0 7.0 8.0 8.0 7.0 7.0 7.0 8.0 7.0 7.0 8.0 8.0 7.0 8.0 7.0 8.0 7.0 7.0 8.0 8.0 7.0 8.0 8.0 7.0 7.0 7.0 8.0 8.0 7.0 8.0 7.0 7.0 8.0 7.0 7.0 7.0 7.0 8.0 8.0 8.0 7.0 8.0 8.0 7.0 7.0 7.0 7.0 7.0 7.0 7.0 7.0 8.0 7.0 7.0 8.0 8.0 8.0 7.0 7.0 7.0 7.0 7.0 7.0 7.0 8.0 8.0 7.0 8.0 7.0 7.0 7.0 8.0 7.0 7.0 7.0 7.0 8.0 8.0 7.0 7.0 7.0 7.0 7.0 7.0 7.0 7.0 7.0 8.0 8.0 7.0 8.0 7.0 8.0 20.0 7.0 7.0 8.0 8.0 7.0 7.0 7.0 7.0 9.0 8.0 7.0 7.0 8.0 8.0 7.0 8.0 7.0 8.0 7.0 7.0 8.0 10.0 7.0 7.0 7.0 7.0 7.0 8.0 7.0 7.0 7.0 8.0 7.0 7.0 8.0 7.0 8.0 7.0 8.0 8.0 7.0 7.0 7.0 7.0 7.0 8.0 7.0 7.0 7.0 8.0 8.0 8.0 7.0 7.0 7.0 8.0 8.0 7.0 7.0 7.0 8.0 7.0 7.0 7.0 7.0 7.0 7.0 7.0 8.0 7.0 7.0 8.0 7.0 7.0 7.0 7.0 8.0 7.0 7.0 7.0 7.0 7.0 8.0 8.0 7.0 7.0 8.0 8.0 8.0 8.0 7.0 7.0 7.0 8.0 8.0 7.0
28 29 1 TRACE 16.0 8.0 8.0 8.0 8.0 9.0 10.0 8.0 9.0 8.0 9.0 9.0 8.0 9.0 8.0 9.0 8.0 9.0 8.0 9.0 9.0 8.0 8.0 10.0 9.0 8.0 8.0 8.0 9.0 8.0 8.0 8.0 8.0 8.0 8.0 8.0 8.0 10.0 9.0 8.0 8.0 8.0 9.0 8.0 8.0 8.0 8.0 9.0 8.0 8.0 8.0 8.0 9.0 9.0 8.0 10.0 9.0 8.0 8.0 8.0 10.0 9.0 9.0 8.0 9.0 8.0 8.0 8.0 8.0 8.0 8.0 9.0 9.0 8.0 8.0 9.0 8.0 8.0 8.0 8.0 8.0 9.0 9.0 8.0 8.0 8.0 8.0 8.0 8.0 8.0 8.0 8.0 9.0 9.0 8.0 8.0 9.0 9.0 8.0 8.0 9.0 8.0 9.0 8.0 8.0 8.0 9.0 8.0 8.0 8.0 9.0 8.0 8.0 8.0 9.0 8.0 8.0 9.0 8.0 8.0 9.0 9.0 9.0 8.0 8.0 8.0 8.0 8.0 9.0 9.0 8.0 8.0 8.0 9.0 8.0 8.0 8.0 9.0 8.0 8.0 8.0 9.0 8.0 8.0 8.0 8.0 8.0 9.0 9.0 8.0 10.0 8.0 9.0 8.0 9.0 8.0 8.0 8.0 8.0 8.0 8.0 8.0 9.0 8.0 9.0 9.0 8.0 9.0 8.0 8.0 8.0 9.0 9.0 9.0 8.0 8.0 8.0 9.0 8.0 8.0 8.0 8.0 8.0 9.0 9.0 8.0 8.0 8.0 8.0 9.0 8.0 8.0 9.0 8.0 9.0 8.0 9.0 9.0 8.0 8.0 8.0 8.0 9.0 8.0 8.0 9.0 9.0 8.0 19.0 8.0 9.0 9.0 8.0 9.0 9.0 9.0 8.0 8.0 8.0 9.0 8.0 9.0 9.0 9.0 8.0 8.0 8.0 9.0 8.0 12.0 9.0 8.0 8.0 8.0 8.0 8.0 8.0 8.0 8.0 8.0 8.0 9.0 9.0 8.0 8.0 8.0 8.0
29 30 1 TRACE 52.0 29.0 39.0 40.0 39.0 42.0 198.0 31.0 35.0 34.0 34.0 27.0 33.0 34.0 29.0 29.0 35.0 31.0 37.0 38.0 26.0 31.0 29.0 18.0 33.0 104.0 30.0 31.0 116.0 46.0 45.0 30.0 46.0 30.0 29.0 38.0 35.0 48.0 34.0 31.0 29.0 120.0 30.0 30.0 30.0 39.0 29.0 29.0 30.0 27.0 34.0 30.0 38.0 28.0 30.0 14.0 33.0 37.0 29.0 35.0 30.0 31.0 121.0 200.0 35.0 139.0 77.0 31.0 28.0 28.0 31.0 29.0 27.0 31.0 103.0 33.0 34.0 116.0 102.0 26.0 66.0 40.0 113.0 33.0 113.0 30.0 119.0 132.0 32.0 33.0 29.0 27.0 31.0 34.0 26.0 28.0 79.0 111.0 29.0 34.0 34.0 28.0 33.0 31.0 30.0 29.0 29.0 38.0 122.0 30.0 34.0 128.0 31.0 29.0 32.0 79.0 30.0 29.0 31.0 30.0 75.0 31.0 103.0 31.0 32.0 32.0 128.0 29.0 33.0 18.0 32.0 32.0 33.0 13.0 101.0 102.0 30.0 33.0 92.0 34.0 102.0 32.0 113.0 34.0 30.0 31.0 131.0 39.0 29.0 30.0 14.0 31.0 29.0 38.0 31.0 112.0 121.0 29.0 31.0 26.0 100.0 28.0 21.0 38.0 31.0 31.0 35.0 36.0 32.0 32.0 31.0 34.0 15.0 31.0 31.0 32.0 125.0 30.0 143.0 131.0 113.0 43.0 30.0 31.0 29.0 33.0 28.0 71.0 29.0 32.0 31.0 123.0 19.0 31.0 118.0 30.0 25.0 35.0 28.0 43.0 29.0 29.0 35.0 30.0 100.0 30.0 32.0 33.0 16.0 33.0 77.0 23.0 29.0 92.0 36.0 15.0 35.0 28.0 29.0 32.0 31.0 32.0 13.0 114.0 113.0 31.0 33.0 38.0 30.0 15.0 28.0 32.0 216.0 23.0 104.0 31.0 30.0 29.0 34.0 35.0 29.0 29.0 45.0 24.0 31.0 147.0 28.0
30 31 1 TRACE 21.0 18.0 15.0 1683.0 8.0 14.0 19.0 14.0 8.0 13.0 16.0 14.0 14.0 13.0 15.0 15.0 14.0 14.0 14.0 18.0 13.0 9.0 8.0 16.0 15.0 8.0 8.0 14.0 23.0 14.0 15.0 7.0 15.0 8.0 8.0 15.0 8.0 13.0 16.0 14.0 94.0 8.0 15.0 15.0 85.0 9.0 8.0 14.0 14.0 14.0 8.0 14.0 15.0 13.0 14.0 14.0 18.0 14.0 8.0 13.0 17.0 14.0 8.0 8.0 15.0 8.0 8.0 14.0 8.0 14.0 14.0 16.0 14.0 9.0 14.0 14.0 8.0 10.0 102.0 14.0 9.0 13.0 22.0 13.0 8.0 98.0 14.0 9.0 14.0 15.0 13.0 14.0 13.0 14.0 8.0 8.0 13.0 14.0 8.0 14.0 15.0 13.0 16.0 14.0 15.0 15.0 15.0 13.0 8.0 14.0 16.0 14.0 8.0 14.0 16.0 15.0 13.0 14.0 14.0 8.0 13.0 15.0 14.0 15.0 8.0 14.0 9.0 8.0 16.0 14.0 14.0 8.0 14.0 15.0 14.0 14.0 13.0 16.0 14.0 15.0 8.0 14.0 8.0 14.0 14.0 9.0 13.0 15.0 97.0 9.0 14.0 14.0 14.0 13.0 16.0 13.0 14.0 8.0 15.0 14.0 13.0 8.0 13.0 15.0 16.0 8.0 13.0 16.0 14.0 8.0 14.0 17.0 13.0 8.0 15.0 15.0 8.0 13.0 15.0 9.0 14.0 16.0 14.0 9.0 18.0 15.0 13.0 13.0 8.0 14.0 15.0 109.0 16.0 13.0 8.0 8.0 14.0 14.0 14.0 8.0 8.0 13.0 16.0 13.0 15.0 13.0 15.0 15.0 9.0 7.0 13.0 13.0 13.0 9.0 13.0 15.0 14.0 8.0 14.0 16.0 14.0 8.0 9.0 17.0 14.0 14.0 14.0 18.0 13.0 8.0 13.0 14.0 14.0 8.0 13.0 14.0 8.0 13.0 13.0 9.0 13.0 15.0 111.0 9.0 81.0 16.0 13.0
31 32 1 TRACE 15.0 11.0 12.0 36.0 11.0 11.0 12.0 11.0 11.0 11.0 11.0 12.0 11.0 11.0 11.0 11.0 11.0 11.0 11.0 11.0 11.0 11.0 11.0 14.0 11.0 11.0 11.0 11.0 11.0 11.0 11.0 10.0 11.0 10.0 11.0 12.0 11.0 11.0 11.0 11.0 11.0 11.0 12.0 11.0 11.0 11.0 11.0 11.0 12.0 12.0 11.0 11.0 12.0 11.0 11.0 12.0 11.0 11.0 11.0 11.0 23.0 11.0 11.0 10.0 11.0 11.0 22.0 12.0 11.0 11.0 12.0 12.0 11.0 11.0 11.0 11.0 10.0 14.0 11.0 12.0 11.0 13.0 11.0 12.0 11.0 11.0 11.0 11.0 11.0 11.0 11.0 11.0 11.0 12.0 11.0 10.0 11.0 11.0 10.0 11.0 11.0 11.0 12.0 11.0 11.0 11.0 11.0 11.0 10.0 11.0 12.0 11.0 11.0 11.0 11.0 12.0 11.0 11.0 11.0 11.0 15.0 11.0 12.0 11.0 11.0 12.0 10.0 10.0 12.0 11.0 11.0 10.0 12.0 11.0 11.0 11.0 11.0 12.0 11.0 11.0 10.0 11.0 15.0 11.0 11.0 11.0 11.0 11.0 11.0 11.0 12.0 12.0 11.0 11.0 12.0 11.0 11.0 10.0 11.0 11.0 11.0 11.0 11.0 12.0 12.0 11.0 11.0 11.0 11.0 10.0 11.0 11.0 11.0 10.0 10.0 11.0 11.0 11.0 11.0 11.0 11.0 11.0 11.0 11.0 12.0 12.0 11.0 11.0 11.0 11.0 11.0 11.0 12.0 11.0 11.0 11.0 11.0 12.0 11.0 10.0 10.0 11.0 11.0 11.0 11.0 11.0 11.0 11.0 11.0 10.0 11.0 11.0 15.0 10.0 11.0 12.0 11.0 10.0 11.0 12.0 11.0 10.0 12.0 12.0 11.0 11.0 11.0 12.0 11.0 11.0 11.0 11.0 11.0 12.0 11.0 11.0 11.0 12.0 12.0 11.0 11.0 11.0 12.0 12.0 11.0 11.0 11.0
32 33 1 TRACE 17.0 12.0 12.0 29.0 12.0 12.0 13.0 12.0 13.0 12.0 15.0 12.0 12.0 12.0 12.0 12.0 12.0 32.0 13.0 13.0 12.0 12.0 12.0 24.0 12.0 12.0 12.0 11.0 99.0 13.0 12.0 12.0 30.0 13.0 12.0 12.0 12.0 14.0 13.0 13.0 13.0 12.0 12.0 12.0 15.0 12.0 12.0 12.0 12.0 12.0 12.0 12.0 13.0 12.0 12.0 14.0 14.0 13.0 13.0 91.0 14.0 12.0 13.0 16.0 12.0 49.0 71.0 12.0 13.0 12.0 12.0 12.0 13.0 12.0 12.0 12.0 12.0 16.0 12.0 12.0 13.0 12.0 12.0 13.0 12.0 15.0 12.0 12.0 13.0 114.0 13.0 13.0 12.0 12.0 11.0 12.0 13.0 95.0 12.0 12.0 14.0 12.0 13.0 12.0 12.0 96.0 13.0 23.0 16.0 12.0 12.0 13.0 13.0 12.0 13.0 12.0 12.0 13.0 12.0 12.0 13.0 12.0 13.0 46.0 99.0 12.0 13.0 12.0 13.0 17.0 13.0 85.0 12.0 13.0 12.0 12.0 12.0 14.0 12.0 13.0 12.0 13.0 14.0 12.0 12.0 12.0 13.0 14.0 14.0 12.0 13.0 12.0 12.0 100.0 13.0 123.0 12.0 12.0 13.0 12.0 12.0 13.0 12.0 12.0 13.0 12.0 12.0 13.0 12.0 13.0 13.0 14.0 13.0 13.0 13.0 12.0 12.0 107.0 13.0 15.0 13.0 13.0 12.0 13.0 13.0 12.0 12.0 33.0 12.0 12.0 16.0 12.0 13.0 13.0 16.0 12.0 12.0 12.0 12.0 12.0 95.0 12.0 13.0 12.0 12.0 12.0 13.0 12.0 12.0 11.0 55.0 13.0 13.0 12.0 12.0 13.0 13.0 12.0 12.0 14.0 13.0 13.0 13.0 100.0 12.0 106.0 12.0 14.0 12.0 12.0 13.0 12.0 12.0 12.0 12.0 13.0 12.0 12.0 12.0 11.0 12.0 12.0 13.0 13.0 16.0 12.0 17.0
33 34 1 TRACE 1939.0 3148.0 1224.0 2108.0 613.0 1920.0 1175.0 987.0 716.0 1645.0 1182.0 986.0 503.0 565.0 5328.0 1099.0 605.0 415.0 1217.0 1228.0 985.0 531.0 404.0 3351.0 1134.0 969.0 497.0 2176.0 1111.0 849.0 877.0 1206.0 960.0 694.0 876.0 1031.0 535.0 1737.0 1171.0 922.0 478.0 551.0 8757.0 1132.0 692.0 885.0 664.0 5697.0 1017.0 679.0 696.0 1786.0 1178.0 1044.0 646.0 991.0 1230.0 1004.0 748.0 1087.0 1302.0 977.0 818.0 663.0 1060.0 768.0 992.0 920.0 468.0 614.0 8552.0 1080.0 567.0 754.0 715.0 1001.0 687.0 661.0 9773.0 1087.0 644.0 1670.0 1106.0 973.0 664.0 949.0 885.0 562.0 929.0 891.0 570.0 453.0 837.0 972.0 494.0 976.0 974.0 499.0 685.0 991.0 744.0 970.0 1136.0 1016.0 698.0 3775.0 1178.0 567.0 757.0 1715.0 930.0 770.0 452.0 610.0 10055.0 1125.0 396.0 762.0 942.0 608.0 1215.0 1023.0 973.0 547.0 489.0 1040.0 800.0 1822.0 1039.0 968.0 577.0 693.0 3982.0 966.0 569.0 378.0 1352.0 1132.0 1007.0 634.0 1022.0 951.0 797.0 791.0 1027.0 657.0 1690.0 979.0 649.0 680.0 869.0 875.0 844.0 1367.0 967.0 958.0 764.0 827.0 8650.0 915.0 566.0 504.0 766.0 9110.0 908.0 563.0 2948.0 889.0 808.0 836.0 1007.0 1153.0 915.0 670.0 827.0 865.0 576.0 606.0 943.0 849.0 1448.0 1102.0 569.0 712.0 5067.0 889.0 567.0 504.0 867.0 1027.0 803.0 4437.0 990.0 776.0 566.0 923.0 10271.0 1072.0 567.0 707.0 738.0 1078.0 1195.0 795.0 558.0 2887.0 922.0 771.0 566.0 517.0 5053.0 913.0 568.0 585.0 1716.0 992.0 797.0 712.0 1225.0 1166.0 1074.0 936.0 1591.0 900.0 799.0 607.0 964.0 1044.0 789.0 681.0 835.0 1055.0 569.0 739.0 832.0 921.0 555.0 581.0 992.0 759.0 711.0 12649.0 875.0 718.0 3708.0 979.0 568.0
34 35 1 TRACE 757.0 731.0 53.0 38.0 42.0 56.0 67.0 36.0 37.0 48.0 46.0 38.0 39.0 80.0 170.0 52.0 30.0 37.0 47.0 184.0 43.0 16.0 104.0 80.0 102.0 122.0 34.0 58.0 76.0 34.0 15.0 46.0 48.0 15.0 47.0 49.0 40.0 53.0 47.0 35.0 14.0 165.0 167.0 43.0 31.0 29.0 40.0 121.0 98.0 29.0 41.0 53.0 48.0 42.0 37.0 126.0 48.0 41.0 38.0 58.0 117.0 54.0 14.0 43.0 51.0 16.0 219.0 60.0 36.0 38.0 192.0 77.0 30.0 42.0 64.0 50.0 15.0 42.0 284.0 41.0 74.0 64.0 50.0 30.0 38.0 98.0 46.0 35.0 41.0 50.0 29.0 36.0 42.0 79.0 16.0 46.0 51.0 14.0 43.0 49.0 38.0 259.0 48.0 39.0 37.0 520.0 46.0 29.0 56.0 52.0 48.0 36.0 35.0 53.0 565.0 214.0 37.0 40.0 48.0 35.0 47.0 49.0 38.0 13.0 155.0 50.0 16.0 81.0 47.0 40.0 15.0 45.0 103.0 46.0 29.0 36.0 187.0 45.0 44.0 14.0 82.0 48.0 38.0 217.0 63.0 37.0 58.0 56.0 36.0 33.0 40.0 46.0 107.0 109.0 52.0 40.0 13.0 40.0 196.0 43.0 29.0 36.0 55.0 265.0 44.0 36.0 88.0 43.0 35.0 40.0 229.0 186.0 167.0 39.0 121.0 48.0 39.0 184.0 51.0 40.0 61.0 49.0 28.0 40.0 280.0 194.0 30.0 48.0 162.0 50.0 93.0 204.0 97.0 31.0 13.0 40.0 272.0 43.0 34.0 16.0 39.0 44.0 102.0 57.0 48.0 99.0 53.0 30.0 16.0 37.0 130.0 43.0 29.0 35.0 76.0 51.0 34.0 32.0 76.0 120.0 41.0 15.0 55.0 113.0 38.0 37.0 44.0 43.0 55.0 36.0 102.0 48.0 30.0 39.0 40.0 53.0 36.0 46.0 50.0 42.0 107.0 342.0 42.0 38.0 266.0 45.0 30.0
35 36 1 TRACE 76.0 119.0 51.0 34.0 33.0 84.0 37.0 59.0 32.0 55.0 34.0 34.0 31.0 43.0 386.0 93.0 27.0 109.0 46.0 148.0 33.0 13.0 40.0 170.0 35.0 33.0 31.0 77.0 62.0 27.0 12.0 39.0 35.0 13.0 38.0 43.0 33.0 68.0 89.0 32.0 13.0 374.0 340.0 35.0 28.0 32.0 34.0 264.0 127.0 28.0 32.0 244.0 262.0 32.0 30.0 45.0 35.0 33.0 35.0 59.0 58.0 33.0 12.0 36.0 33.0 37.0 94.0 126.0 30.0 32.0 343.0 60.0 27.0 32.0 73.0 39.0 13.0 38.0 349.0 33.0 31.0 69.0 38.0 26.0 31.0 105.0 32.0 30.0 35.0 33.0 26.0 31.0 41.0 45.0 12.0 38.0 35.0 12.0 40.0 34.0 121.0 128.0 54.0 33.0 31.0 283.0 35.0 27.0 32.0 67.0 53.0 35.0 30.0 33.0 475.0 35.0 30.0 65.0 34.0 30.0 51.0 33.0 33.0 12.0 58.0 32.0 13.0 101.0 34.0 32.0 77.0 34.0 283.0 44.0 26.0 31.0 144.0 35.0 72.0 13.0 53.0 34.0 31.0 171.0 34.0 31.0 77.0 36.0 37.0 31.0 36.0 33.0 32.0 72.0 34.0 32.0 13.0 35.0 340.0 43.0 29.0 34.0 46.0 346.0 34.0 33.0 394.0 34.0 33.0 33.0 81.0 89.0 72.0 35.0 111.0 34.0 60.0 60.0 37.0 35.0 84.0 39.0 27.0 63.0 228.0 65.0 27.0 13.0 36.0 34.0 35.0 184.0 129.0 27.0 12.0 33.0 426.0 34.0 27.0 12.0 33.0 45.0 98.0 34.0 53.0 113.0 35.0 27.0 12.0 32.0 242.0 35.0 27.0 33.0 73.0 81.0 33.0 28.0 148.0 59.0 34.0 11.0 142.0 38.0 33.0 120.0 50.0 35.0 34.0 29.0 59.0 33.0 27.0 108.0 58.0 35.0 29.0 37.0 44.0 36.0 102.0 436.0 52.0 33.0 320.0 35.0 27.0
36 37 1 TRACE 152.0 555.0 28.0 25.0 78.0 570.0 88.0 73.0 256.0 469.0 107.0 60.0 50.0 86.0 2998.0 174.0 107.0 138.0 194.0 36.0 69.0 41.0 72.0 1666.0 121.0 23.0 142.0 509.0 53.0 242.0 251.0 101.0 186.0 94.0 134.0 275.0 57.0 956.0 31.0 227.0 98.0 131.0 3171.0 93.0 22.0 36.0 214.0 2093.0 176.0 30.0 21.0 489.0 32.0 48.0 211.0 151.0 95.0 84.0 198.0 343.0 36.0 174.0 287.0 250.0 171.0 74.0 65.0 104.0 28.0 123.0 4113.0 282.0 148.0 49.0 315.0 370.0 102.0 193.0 5894.0 51.0 87.0 864.0 47.0 85.0 176.0 77.0 190.0 134.0 469.0 205.0 33.0 56.0 238.0 244.0 77.0 105.0 88.0 96.0 76.0 202.0 123.0 187.0 72.0 61.0 216.0 1579.0 29.0 31.0 245.0 573.0 181.0 370.0 85.0 29.0 4103.0 25.0 68.0 241.0 98.0 151.0 365.0 154.0 57.0 128.0 118.0 62.0 23.0 509.0 175.0 73.0 237.0 45.0 1624.0 198.0 144.0 94.0 119.0 125.0 61.0 163.0 53.0 82.0 73.0 65.0 108.0 234.0 526.0 166.0 188.0 83.0 290.0 267.0 87.0 328.0 204.0 68.0 292.0 239.0 4947.0 193.0 33.0 75.0 194.0 5064.0 80.0 146.0 1355.0 221.0 56.0 213.0 157.0 346.0 23.0 21.0 165.0 359.0 22.0 38.0 182.0 211.0 621.0 140.0 172.0 93.0 2409.0 122.0 142.0 52.0 116.0 78.0 200.0 1575.0 166.0 203.0 278.0 240.0 4335.0 44.0 134.0 100.0 37.0 304.0 160.0 253.0 82.0 1174.0 280.0 72.0 68.0 87.0 2329.0 338.0 69.0 119.0 631.0 550.0 269.0 96.0 141.0 59.0 114.0 321.0 345.0 183.0 214.0 193.0 339.0 169.0 273.0 219.0 128.0 56.0 42.0 45.0 124.0 269.0 70.0 80.0 157.0 172.0 126.0 4983.0 189.0 57.0 1790.0 300.0 129.0
37 38 1 TRACE 35.0 243.0 28.0 36.0 41.0 185.0 32.0 24.0 25.0 140.0 26.0 24.0 24.0 25.0 534.0 24.0 24.0 28.0 68.0 25.0 25.0 26.0 29.0 320.0 83.0 26.0 25.0 156.0 25.0 25.0 26.0 51.0 24.0 24.0 48.0 24.0 111.0 184.0 27.0 26.0 112.0 27.0 763.0 25.0 24.0 33.0 26.0 470.0 25.0 24.0 24.0 97.0 26.0 26.0 29.0 57.0 26.0 112.0 28.0 73.0 28.0 25.0 26.0 35.0 25.0 63.0 98.0 115.0 24.0 28.0 858.0 29.0 23.0 20.0 33.0 24.0 120.0 29.0 850.0 25.0 25.0 156.0 24.0 24.0 121.0 47.0 25.0 24.0 65.0 26.0 22.0 25.0 35.0 24.0 25.0 37.0 38.0 24.0 30.0 42.0 135.0 68.0 41.0 119.0 125.0 397.0 24.0 29.0 29.0 166.0 26.0 23.0 23.0 29.0 890.0 116.0 25.0 98.0 25.0 26.0 110.0 26.0 22.0 25.0 42.0 24.0 25.0 122.0 108.0 25.0 93.0 27.0 389.0 26.0 54.0 26.0 63.0 33.0 32.0 24.0 40.0 25.0 92.0 37.0 25.0 29.0 215.0 109.0 119.0 108.0 58.0 26.0 25.0 109.0 24.0 25.0 23.0 29.0 836.0 25.0 25.0 22.0 28.0 1401.0 30.0 25.0 298.0 29.0 99.0 25.0 61.0 24.0 23.0 27.0 41.0 22.0 28.0 33.0 26.0 24.0 166.0 29.0 24.0 88.0 506.0 24.0 119.0 26.0 37.0 25.0 26.0 397.0 101.0 23.0 24.0 33.0 973.0 24.0 123.0 24.0 63.0 75.0 26.0 24.0 30.0 289.0 24.0 23.0 28.0 25.0 503.0 24.0 23.0 27.0 205.0 114.0 24.0 27.0 70.0 26.0 106.0 24.0 115.0 27.0 25.0 82.0 124.0 26.0 122.0 43.0 46.0 25.0 24.0 29.0 46.0 23.0 23.0 37.0 24.0 23.0 34.0 1053.0 28.0 36.0 434.0 28.0 23.0
38 39 1 TRACE 27.0 23.0 32.0 55.0 30.0 26.0 20.0 21.0 21.0 26.0 22.0 28.0 19.0 21.0 99.0 26.0 25.0 100.0 24.0 32.0 41.0 21.0 22.0 25.0 66.0 21.0 23.0 24.0 21.0 40.0 25.0 23.0 21.0 20.0 21.0 21.0 22.0 97.0 21.0 24.0 20.0 21.0 23.0 23.0 94.0 17.0 22.0 25.0 22.0 19.0 23.0 24.0 20.0 22.0 24.0 48.0 22.0 25.0 21.0 24.0 20.0 22.0 114.0 22.0 100.0 37.0 62.0 24.0 20.0 26.0 23.0 22.0 20.0 37.0 21.0 21.0 18.0 21.0 24.0 23.0 132.0 105.0 113.0 22.0 21.0 23.0 31.0 105.0 24.0 21.0 120.0 20.0 22.0 22.0 21.0 62.0 46.0 20.0 125.0 20.0 21.0 25.0 31.0 23.0 92.0 26.0 58.0 24.0 20.0 23.0 135.0 22.0 19.0 21.0 26.0 24.0 20.0 87.0 21.0 20.0 24.0 21.0 22.0 20.0 22.0 23.0 20.0 22.0 22.0 22.0 20.0 23.0 23.0 22.0 56.0 20.0 64.0 21.0 117.0 25.0 22.0 20.0 22.0 20.0 20.0 138.0 74.0 22.0 58.0 21.0 23.0 20.0 20.0 25.0 20.0 25.0 26.0 22.0 23.0 23.0 30.0 104.0 22.0 143.0 24.0 23.0 107.0 19.0 25.0 21.0 33.0 21.0 22.0 20.0 24.0 26.0 19.0 43.0 21.0 21.0 24.0 22.0 127.0 23.0 24.0 90.0 111.0 19.0 21.0 21.0 20.0 26.0 91.0 24.0 19.0 21.0 92.0 23.0 21.0 21.0 22.0 24.0 23.0 22.0 61.0 87.0 88.0 21.0 20.0 21.0 81.0 23.0 20.0 21.0 61.0 20.0 23.0 19.0 24.0 20.0 25.0 18.0 25.0 21.0 22.0 22.0 22.0 21.0 23.0 19.0 23.0 33.0 27.0 21.0 22.0 22.0 20.0 21.0 21.0 21.0 22.0 98.0 35.0 39.0 24.0 23.0 30.0
39 25 1 TRACE 16.0 13.0 13.0 15.0 14.0 13.0 16.0 14.0 14.0 87.0 27.0 14.0 15.0 16.0 15.0 13.0 13.0 13.0 14.0 12.0 14.0 14.0 15.0 14.0 14.0 13.0 12.0 14.0 13.0 13.0 13.0 13.0 14.0 15.0 17.0 15.0 14.0 13.0 14.0 15.0 101.0 14.0 13.0 15.0 14.0 13.0 15.0 14.0 12.0 13.0 16.0 16.0 13.0 19.0 15.0 16.0 12.0 19.0 14.0 12.0 13.0 13.0 13.0 15.0 13.0 13.0 18.0 13.0 13.0 30.0 15.0 14.0 13.0 14.0 13.0 13.0 13.0 19.0 13.0 21.0 13.0 12.0 14.0 14.0 13.0 14.0 15.0 14.0 13.0 13.0 14.0 16.0 12.0 14.0 15.0 14.0 14.0 14.0 16.0 15.0 16.0 14.0 13.0 12.0 16.0 15.0 14.0 13.0 13.0 14.0 14.0 14.0 15.0 15.0 13.0 12.0 15.0 13.0 12.0
39 40 1 TRACE 35.0 29.0 26.0 95.0 27.0 29.0 24.0 72.0 23.0 28.0 26.0 75.0 23.0 30.0 48.0 26.0 61.0 27.0 57.0 28.0 82.0 25.0 23.0 23.0 27.0 98.0 109.0 27.0 25.0 30.0 27.0 26.0 23.0 22.0 25.0 23.0 24.0 23.0 40.0 26.0 23.0 30.0 73.0 103.0 23.0 27.0 21.0 91.0 29.0 22.0 26.0 30.0 25.0 25.0 29.0 28.0 24.0 73.0 27.0 23.0 35.0 27.0 47.0 28.0
39 51 1 TRACE 34.0 31.0 30.0 29.0 36.0 30.0 43.0 35.0 34.0 30.0 145.0 32.0 30.0 33.0 106.0 38.0 48.0 32.0 37.0 29.0 29.0 28.0 35.0 34.0 31.0 35.0 37.0 27.0 31.0 31.0 35.0 32.0 119.0 29.0 36.0 31.0 31.0 39.0 31.0 32.0 30.0 117.0 32.0 27.0 33.0 139.0 45.0 33.0 29.0 31.0 27.0 29.0 122.0 113.0 28.0 29.0 31.0 30.0 97.0 57.0 32.0 33.0 103.0 29.0
40 41 1 TRACE 524.0 525.0 460.0 942.0 389.0 757.0 492.0 362.0 351.0 573.0 1160.0 942.0 489.0 374.0 420.0 341.0 397.0 1265.0 339.0 1330.0 511.0 350.0 347.0 340.0 346.0 339.0 375.0 780.0 479.0 1361.0 380.0 418.0 346.0 415.0 751.0 371.0 348.0 344.0 482.0 355.0 408.0 1260.0 1693.0 724.0 369.0 347.0 341.0 469.0 963.0 344.0 761.0 1375.0 393.0 641.0 924.0 491.0 378.0 422.0 382.0 351.0 347.0 347.0 1486.0 826.0
41 42 1 TRACE 16.0 11.0 11.0 12.0 11.0 11.0 12.0 14.0 11.0 14.0 14.0 10.0 12.0 13.0 11.0 13.0 12.0 10.0 12.0 13.0 11.0 12.0 12.0 11.0 14.0 12.0 12.0 11.0 11.0 13.0 12.0 11.0 13.0 11.0 13.0 13.0 13.0 11.0 12.0 16.0 11.0 12.0 11.0 11.0 13.0 12.0 11.0 11.0 13.0 11.0 11.0 12.0 14.0 11.0 11.0 12.0 11.0 11.0 12.0 13.0 11.0 11.0 12.0 12.0 12.0 12.0 11.0 11.0 12.0 13.0 16.0 10.0 12.0 12.0 11.0 11.0 12.0 16.0 11.0 11.0 12.0 13.0 11.0 12.0 11.0 14.0 10.0 11.0 11.0 11.0 11.0 12.0 11.0 11.0 11.0 12.0 11.0 11.0 11.0 11.0 12.0 12.0 11.0 10.0 12.0 12.0 11.0 12.0 13.0 11.0 11.0 11.0 11.0 10.0 12.0 11.0 13.0 11.0 12.0 12.0 12.0 13.0 10.0 11.0 11.0 13.0 10.0 11.0 11.0 11.0 11.0 12.0 12.0 11.0 11.0 13.0 12.0 10.0 12.0 11.0 11.0 14.0 12.0 12.0 12.0 11.0 10.0 11.0 13.0 11.0 12.0 12.0 11.0 11.0 11.0 12.0 11.0 11.0 13.0 12.0 11.0 12.0 11.0 11.0 12.0 12.0 11.0 15.0 12.0 11.0 12.0 12.0 11.0 11.0 16.0 12.0 11.0 12.0 11.0 11.0 12.0 11.0 10.0 12.0 12.0 11.0 13.0 12.0 11.0 11.0 13.0 11.0 12.0 13.0 11.0 12.0 13.0 11.0 11.0 12.0 13.0 13.0 10.0 14.0 12.0 11.0 13.0 12.0 12.0 11.0 16.0 11.0 12.0
42 43 1 TRACE 15.0 10.0 10.0 11.0 11.0 10.0 10.0 11.0 11.0 10.0 11.0 10.0 12.0 11.0 10.0 10.0 11.0 10.0 10.0 11.0 10.0 10.0 10.0 11.0 13.0 11.0 10.0 10.0 10.0 11.0 10.0 11.0 10.0 10.0 13.0 11.0 12.0 11.0 11.0 11.0 10.0 10.0 10.0 10.0 11.0 11.0 10.0 10.0 11.0 10.0 11.0 11.0 11.0 10.0 11.0 10.0 10.0 10.0 10.0 11.0 11.0 12.0 11.0 10.0 10.0 11.0 10.0 10.0 10.0 11.0 29.0 10.0 11.0 10.0 10.0 10.0 10.0 11.0 10.0 10.0 11.0 11.0 10.0 10.0 10.0 11.0 10.0 10.0 10.0 10.0 10.0 12.0 11.0 11.0 11.0 10.0 10.0 11.0 10.0 10.0 11.0 10.0 10.0 10.0 10.0 10.0 10.0 11.0 11.0 10.0 10.0 10.0 10.0 10.0 10.0 11.0 10.0 10.0 10.0 11.0 10.0 10.0 10.0 10.0 10.0 11.0 10.0 10.0 12.0 10.0 10.0 11.0 11.0 10.0 10.0 11.0 10.0 10.0 11.0 10.0 11.0 13.0 11.0 11.0 10.0 10.0 10.0 10.0 10.0 10.0 10.0 10.0 10.0 11.0 10.0 11.0 10.0 10.0 11.0 11.0 11.0 11.0 10.0 11.0 11.0 11.0 10.0 10.0 10.0 10.0 10.0 10.0 10.0 10.0 10.0 11.0 10.0 10.0 10.0 10.0 10.0 10.0 10.0 13.0 10.0 10.0 11.0 10.0 11.0 10.0 11.0 11.0 11.0 11.0 10.0 10.0 11.0 10.0 10.0 11.0 11.0 11.0 10.0 11.0 10.0 11.0 11.0 11.0 11.0 10.0 11.0 10.0 12.0
43 44 1 TRACE 14.0 11.0 10.0 10.0 11.0 10.0 10.0 11.0 10.0 11.0 10.0 10.0 10.0 11.0 10.0 10.0 11.0 10.0 10.0 11.0 10.0 9.0 10.0 10.0 12.0 10.0 10.0 10.0 10.0 10.0 10.0 9.0 10.0 10.0 12.0 10.0 12.0 10.0 9.0 12.0 9.0 10.0 11.0 9.0 11.0 11.0 10.0 10.0 12.0 10.0 10.0 10.0 12.0 10.0 10.0 10.0 11.0 10.0 10.0 12.0 10.0 10.0 11.0 10.0 10.0 10.0 12.0 10.0 10.0 12.0 10.0 10.0 10.0 12.0 10.0 9.0 10.0 13.0 10.0 10.0 10.0 11.0 9.0 10.0 10.0 12.0 10.0 11.0 10.0 11.0 9.0 10.0 10.0 10.0 10.0 10.0 9.0 10.0 10.0 10.0 13.0 12.0 10.0 10.0 9.0 11.0 9.0 9.0 12.0 10.0 10.0 10.0 11.0 10.0 10.0 10.0 10.0 9.0 12.0 10.0 10.0 12.0 10.0 10.0 10.0 12.0 10.0 9.0 10.0 11.0 9.0 10.0 12.0 10.0 10.0 10.0 11.0 10.0 13.0 11.0 11.0 13.0 12.0 10.0 10.0 11.0 10.0 10.0 12.0 10.0 10.0 12.0 10.0 10.0 10.0 12.0 10.0 11.0 10.0 11.0 10.0 11.0 10.0 10.0 10.0 12.0 10.0 10.0 10.0 11.0 9.0 10.0 11.0 9.0 11.0 12.0 9.0 10.0 11.0 9.0 10.0 10.0 10.0 10.0 11.0 10.0 10.0 12.0 10.0 10.0 11.0 10.0 10.0 11.0 10.0 10.0 12.0 10.0 10.0 10.0 12.0 10.0 10.0 10.0 12.0 10.0 10.0 10.0 10.0 9.0 11.0 11.0 11.0
44 45 1 TRACE 198.0 72.0 69.0 160.0 70.0 73.0 199.0 69.0 167.0 153.0 66.0 70.0 213.0 72.0 70.0 83.0 69.0 76.0 175.0 90.0 72.0 226.0 187.0 146.0 62.0 96.0 166.0 71.0 82.0 141.0 70.0 71.0 85.0 67.0 63.0 88.0 62.0 144.0 65.0 67.0 69.0 219.0 142.0 70.0 167.0 71.0 69.0 244.0 66.0 72.0 71.0 386.0 81.0 73.0 69.0 118.0 72.0 70.0 273.0 75.0 154.0 74.0 99.0 71.0 65.0 133.0 70.0 68.0 226.0 72.0 65.0 76.0 93.0 72.0 73.0 74.0 238.0 67.0 173.0 71.0 79.0 189.0 142.0 70.0 72.0 146.0 75.0 72.0 220.0 71.0 68.0 142.0 71.0 70.0 175.0 73.0 147.0 124.0 66.0 70.0 132.0 69.0 69.0 149.0 73.0 66.0 70.0 233.0 80.0 72.0 74.0 177.0 68.0 99.0 130.0 76.0 63.0 83.0 71.0 65.0 237.0 159.0 70.0 148.0 291.0 70.0 149.0 73.0 187.0 74.0 86.0 85.0 71.0 66.0 167.0 203.0 81.0 67.0 56.0 71.0 157.0 508.0 85.0 144.0 89.0 72.0 71.0 221.0 69.0 70.0 238.0 69.0 67.0 70.0 89.0 165.0 68.0 67.0 156.0 72.0 69.0 114.0 70.0 69.0 230.0 74.0 69.0 68.0 76.0 71.0 99.0 109.0 76.0 70.0 166.0 66.0 71.0 143.0 161.0 69.0 92.0 71.0 70.0 168.0 66.0 70.0 216.0 151.0 65.0 203.0 67.0 74.0 222.0 79.0 157.0 224.0 180.0 73.0 63.0 76.0 70.0 64.0 159.0 73.0 70.0 68.0 66.0 69.0 71.0 69.0 67.0 71.0 106.0
45 46 1 TRACE 32.0 27.0 27.0 28.0 28.0 23.0 24.0 26.0 25.0 34.0 27.0 26.0 28.0 27.0 25.0 23.0 26.0 26.0 24.0 22.0 26.0 25.0 103.0 113.0 21.0 23.0 24.0 25.0 18.0 27.0 27.0 27.0 24.0 25.0 20.0 26.0 28.0 17.0 23.0 22.0 25.0 25.0 23.0 26.0 83.0 28.0 25.0 23.0 27.0 26.0 28.0 46.0 26.0 46.0 25.0 21.0 25.0 25.0 27.0 28.0 22.0 25.0 22.0 29.0 27.0 96.0 30.0 27.0 27.0 27.0 23.0 26.0 23.0 27.0 40.0 24.0 24.0 24.0 22.0 25.0 22.0 24.0 22.0 62.0 25.0 25.0 28.0 27.0 24.0 26.0 54.0 25.0 25.0 27.0 28.0 27.0 24.0 25.0 24.0 23.0 23.0 24.0 30.0 22.0 25.0 29.0 27.0 30.0 26.0 27.0 19.0 29.0 25.0 49.0 26.0 24.0 24.0 26.0 28.0 27.0 32.0 22.0 27.0 22.0 24.0 25.0 23.0 25.0 24.0 27.0 15.0 25.0 27.0 23.0 23.0 32.0 25.0 28.0 22.0 23.0 21.0 54.0 22.0 23.0 23.0 26.0 26.0 33.0 30.0 26.0 29.0 29.0 104.0 23.0 22.0 24.0 25.0 27.0 23.0 28.0 28.0 28.0 27.0 23.0 110.0 27.0 28.0 23.0 28.0 28.0 24.0 26.0 25.0 37.0 26.0 25.0 26.0 24.0 24.0 32.0 27.0 27.0 24.0 24.0 27.0 27.0 28.0 24.0 28.0 29.0 25.0 24.0 22.0 20.0 25.0 24.0 24.0 27.0 25.0 27.0 28.0 23.0 28.0 29.0 22.0 28.0 14.0 19.0 25.0 24.0 24.0 27.0 26.0
46 47 1 TRACE 5339.0 1495.0 765.0 5164.0 1534.0 762.0 5194.0 1616.0 839.0 4142.0 1062.0 765.0 5267.0 2390.0 775.0 4424.0 1270.0 810.0 5025.0 1629.0 840.0 4988.0 2755.0 767.0 769.0 4849.0 3245.0 781.0 760.0 4853.0 1659.0 759.0 4035.0 979.0 843.0 4269.0 1128.0 764.0 5411.0 2024.0 771.0 5142.0 2538.0 771.0 5063.0 2364.0 770.0 4607.0 3433.0 845.0 758.0 5347.0 3733.0 737.0 736.0 3686.0 1043.0 815.0 4260.0 3997.0 784.0 734.0 3655.0 988.0 807.0 4442.0 1822.0 735.0 4394.0 3098.0 751.0 728.0 4503.0 3145.0 733.0 746.0 4243.0 3600.0 771.0 741.0 4402.0 3263.0 778.0 694.0 4338.0 3765.0 758.0 730.0 4653.0 2515.0 708.0 3793.0 1245.0 749.0 4469.0 1672.0 733.0 3624.0 911.0 836.0 4363.0 3288.0 753.0 749.0 4731.0 2000.0 735.0 4338.0 3174.0 744.0 728.0 4745.0 1992.0 711.0 3814.0 1212.0 736.0 4782.0 2472.0 821.0 4566.0 3204.0 742.0 750.0 4235.0 3483.0 751.0 817.0 4398.0 1699.0 731.0 4608.0 2895.0 747.0 733.0 4681.0 2059.0 775.0 3690.0 940.0 765.0 4417.0 1019.0 854.0 3972.0 1324.0 736.0 4615.0 2518.0 734.0 4374.0 3072.0 674.0 732.0 4267.0 3495.0 752.0 730.0 4390.0 1700.0 739.0 3719.0 1207.0 827.0 4437.0 3379.0 748.0 739.0 3837.0 1302.0 771.0 3613.0 915.0 737.0 4741.0 2272.0 819.0 3995.0 1342.0 811.0 3759.0 1087.0 736.0 4356.0 1655.0 738.0 4701.0 2447.0 737.0 4695.0 1884.0 739.0 4717.0 2253.0 849.0 4361.0 3262.0 745.0 742.0 4361.0 3121.0 841.0 734.0 4330.0 3096.0 749.0 733.0 3470.0 911.0 734.0 3863.0 1285.0 741.0
47 48 1 TRACE 14.0 10.0 10.0 10.0 8.0 10.0 13.0 13.0 8.0 10.0 41.0 79.0 8.0 10.0 25.0 11.0 8.0 9.0 10.0 12.0 8.0 43.0 42.0 11.0 8.0 10.0 11.0 12.0 8.0 10.0 10.0 10.0 8.0 10.0 10.0 10.0 8.0 10.0 11.0 10.0 8.0 12.0 10.0 10.0 8.0 39.0 14.0 10.0 8.0 9.0 10.0 11.0 9.0 11.0 10.0 11.0 8.0 10.0 12.0 11.0 8.0 11.0 11.0 11.0 8.0 10.0 13.0 11.0 8.0 10.0 10.0 11.0 9.0 12.0 10.0 11.0 8.0 10.0 12.0 10.0 7.0 11.0 10.0 11.0 9.0 10.0 10.0 10.0 11.0 10.0 11.0 10.0 7.0 9.0 11.0 9.0 7.0 10.0 10.0 9.0 9.0 89.0 10.0 12.0 8.0 11.0 12.0 9.0 8.0 10.0 10.0 10.0 8.0 12.0 10.0 11.0 8.0 11.0 10.0 12.0 8.0 10.0 9.0 10.0 8.0 18.0 61.0 10.0 8.0 10.0 10.0 12.0 8.0 11.0 11.0 10.0 8.0 14.0 11.0 10.0 8.0 12.0 12.0 11.0 8.0 10.0 11.0 10.0 10.0 10.0 11.0 9.0 10.0 12.0 10.0 10.0 8.0 10.0 11.0 10.0 8.0 10.0 10.0 10.0 8.0 11.0 10.0 10.0 8.0 10.0 12.0 10.0 8.0 19.0 29.0 10.0 8.0 14.0 11.0 12.0 8.0 9.0 9.0 10.0 7.0 11.0 10.0 12.0 8.0 12.0 13.0 10.0 9.0 10.0 10.0 11.0 8.0 11.0 10.0 10.0 8.0 10.0 10.0 9.0 10.0 25.0 11.0 10.0 9.0 10.0 11.0 11.0 8.0 14.0 10.0 12.0 8.0 9.0 10.0 10.0 9.0 10.0 11.0 11.0 8.0 11.0 14.0 12.0 9.0 12.0 10.0 12.0 9.0 10.0 11.0 9.0 9.0 10.0 10.0 11.0 8.0 10.0 12.0 10.0 8.0 12.0 54.0 24.0 9.0 10.0 10.0 11.0 8.0 10.0 11.0 10.0 8.0 12.0 12.0 11.0 9.0 9.0 11.0 12.0 9.0 10.0 9.0 10.0 8.0 9.0 11.0 12.0 8.0 12.0 10.0 15.0 8.0 10.0 10.0 9.0 8.0 10.0 11.0 11.0 8.0 11.0 12.0 11.0 9.0 10.0 10.0 10.0 8.0 10.0 11.0 9.0 8.0 10.0 10.0 11.0 8.0 10.0 10.0 10.0 9.0 10.0 11.0 10.0 9.0 10.0 11.0 10.0 8.0 97.0 10.0 10.0 8.0 9.0 10.0 15.0 9.0 11.0 10.0 10.0 8.0 10.0 10.0 9.0 8.0 9.0 10.0 13.0 8.0 9.0 11.0 55.0 9.0 12.0 11.0 10.0 8.0 10.0 10.0 13.0 8.0 11.0 81.0 13.0 8.0 11.0 20.0 11.0 9.0 10.0 10.0 11.0 8.0 10.0 11.0 11.0 8.0 27.0 10.0 11.0 9.0 10.0 11.0 11.0 8.0 10.0 11.0 10.0 8.0 36.0 10.0 12.0 9.0 10.0 10.0 10.0 8.0 10.0 10.0 9.0 8.0 10.0 10.0 11.0 11.0 10.0 10.0 12.0 8.0 33.0 9.0 11.0 8.0 10.0 9.0 13.0 9.0 10.0 10.0 11.0 8.0 10.0 10.0 9.0 8.0 9.0 10.0 11.0 8.0 57.0 10.0 11.0 8.0 10.0 11.0 11.0 8.0 10.0 11.0 10.0 8.0 12.0 10.0 11.0 9.0 10.0 10.0 10.0 9.0 10.0 10.0 11.0 8.0 13.0 11.0 29.0 8.0 9.0 10.0 10.0 9.0 10.0 11.0 12.0 8.0 10.0 11.0 13.0 8.0 9.0 9.0 11.0 8.0 10.0 10.0 10.0 8.0 10.0 10.0 10.0 8.0 12.0 11.0 10.0 8.0 11.0 10.0 10.0 9.0 10.0 11.0 10.0 8.0 34.0 11.0 11.0 9.0 10.0 11.0 12.0 8.0 9.0 9.0 10.0 8.0 11.0 10.0 12.0 8.0 9.0 53.0 15.0 9.0 11.0 10.0 11.0 8.0 10.0 12.0 10.0 8.0 11.0 22.0 11.0 8.0 10.0 9.0 13.0 9.0 11.0 10.0 11.0 8.0 10.0 13.0 9.0 8.0 10.0 10.0 10.0 9.0 10.0 10.0 11.0 8.0 10.0 10.0 10.0 8.0 10.0 9.0 12.0 8.0 28.0 10.0 11.0 8.0 10.0 12.0 11.0 8.0 11.0 10.0 10.0 9.0 10.0 10.0 11.0 9.0 10.0 11.0 11.0 8.0 44.0 14.0 10.0 8.0 9.0 9.0 10.0 20.0 13.0 11.0 12.0 9.0 11.0 11.0 11.0 9.0 11.0 10.0 114.0 9.0 10.0 10.0 11.0 8.0 10.0 16.0 46.0 8.0 10.0 10.0 12.0 9.0 11.0 48.0 11.0 8.0 10.0 10.0 9.0 8.0 10.0 10.0 10.0 9.0 10.0 10.0 15.0 8.0 10.0 11.0 13.0 8.0 9.0 10.0 10.0 8.0 11.0 28.0 48.0 8.0 11.0 10.0 11.0 9.0 9.0 15.0 10.0 9.0 11.0 10.0 10.0 8.0 9.0 10.0 10.0 9.0 10.0 10.0 11.0 8.0 10.0 10.0 10.0 8.0 92.0 11.0 29.0 9.0 10.0 9.0 12.0 8.0 10.0 10.0 12.0 8.0 10.0 40.0 78.0 9.0 10.0 10.0 11.0 8.0 11.0 11.0 11.0 8.0 10.0 12.0 15.0 8.0 10.0 10.0 14.0 8.0 10.0 10.0 11.0 9.0 10.0 10.0 11.0 8.0 12.0 11.0 17.0 8.0 10.0 9.0 11.0 8.0 12.0 10.0 9.0 8.0 9.0 10.0 10.0 8.0 10.0 10.0 12.0 8.0 10.0 16.0 10.0 8.0 11.0 9.0 11.0 8.0 10.0 11.0 11.0 8.0 10.0 9.0 11.0 8.0 63.0 54.0 9.0 9.0 10.0 11.0 10.0 8.0 9.0 10.0 16.0 8.0 10.0 9.0 12.0 8.0 10.0 12.0 11.0 8.0 10.0 22.0 115.0 8.0 9.0 11.0 11.0 8.0 9.0 10.0 11.0 9.0 10.0 10.0 12.0 8.0 10.0 10.0 12.0 9.0 10.0 10.0 12.0 9.0 10.0 11.0 10.0 8.0 13.0 9.0 11.0 9.0 10.0 10.0 11.0 8.0 9.0 12.0 9.0 8.0 11.0 11.0 11.0 9.0 10.0 10.0 12.0 8.0 11.0 10.0 14.0 8.0 11.0 11.0 12.0 8.0 30.0 9.0 13.0 9.0 10.0 10.0 11.0 8.0 10.0 90.0 11.0 8.0 13.0 11.0 12.0 8.0 9.0 10.0 10.0 9.0 10.0 10.0 11.0 9.0 10.0 11.0 11.0 8.0 15.0 9.0 10.0 9.0 9.0 9.0 11.0 9.0 10.0 10.0 10.0 8.0 10.0 9.0 20.0 8.0 10.0 28.0 12.0 8.0 10.0 10.0 11.0 8.0 10.0 10.0 10.0 8.0 9.0 10.0 9.0
48 49 1 TRACE 335.0 204.0 114.0 82.0 26.0 37.0 39.0 33.0 8.0 11.0 11.0 10.0 329.0 166.0 123.0 82.0 22.0 39.0 39.0 37.0 8.0 11.0 10.0 9.0 317.0 169.0 118.0 83.0 26.0 54.0 38.0 35.0 8.0 12.0 11.0 9.0 295.0 163.0 114.0 92.0 11.0 26.0 18.0 22.0 8.0 11.0 10.0 10.0 311.0 180.0 100.0 82.0 48.0 65.0 54.0 65.0 8.0 11.0 13.0 10.0 317.0 196.0 115.0 79.0 13.0 27.0 23.0 23.0 7.0 11.0 11.0 9.0 324.0 175.0 117.0 92.0 22.0 39.0 37.0 35.0 8.0 23.0 11.0 10.0 245.0 162.0 108.0 77.0 72.0 89.0 64.0 69.0 8.0 10.0 10.0 11.0 7.0 9.0 11.0 9.0 205.0 158.0 100.0 79.0 100.0 116.0 85.0 66.0 9.0 12.0 11.0 11.0 8.0 10.0 10.0 9.0 353.0 172.0 121.0 89.0 19.0 40.0 37.0 34.0 8.0 10.0 10.0 11.0 258.0 162.0 123.0 78.0 10.0 20.0 19.0 33.0 9.0 9.0 10.0 12.0 354.0 163.0 135.0 94.0 11.0 21.0 18.0 20.0 9.0 9.0 10.0 9.0 353.0 188.0 120.0 74.0 34.0 52.0 44.0 41.0 8.0 10.0 10.0 11.0 272.0 166.0 109.0 79.0 56.0 75.0 64.0 53.0 8.0 13.0 10.0 11.0 271.0 167.0 113.0 84.0 49.0 70.0 58.0 50.0 8.0 11.0 10.0 11.0 180.0 133.0 100.0 81.0 120.0 121.0 96.0 69.0 10.0 13.0 12.0 12.0 7.0 9.0 11.0 12.0 155.0 154.0 101.0 71.0 175.0 154.0 98.0 70.0 8.0 13.0 12.0 11.0 7.0 9.0 9.0 9.0 208.0 151.0 117.0 83.0 9.0 18.0 16.0 17.0 7.0 10.0 12.0 9.0 196.0 125.0 89.0 69.0 161.0 163.0 97.0 74.0 9.0 13.0 12.0 14.0 8.0 10.0 10.0 10.0 239.0 150.0 104.0 82.0 9.0 17.0 15.0 19.0 8.0 11.0 9.0 9.0 309.0 168.0 110.0 89.0 23.0 42.0 39.0 36.0 8.0 9.0 9.0 9.0 220.0 158.0 104.0 78.0 87.0 109.0 80.0 74.0 9.0 11.0 12.0 12.0 7.0 10.0 11.0 9.0 206.0 152.0 98.0 78.0 99.0 115.0 83.0 75.0 9.0 11.0 12.0 11.0 8.0 11.0 10.0 9.0 157.0 129.0 98.0 74.0 140.0 126.0 96.0 72.0 9.0 18.0 13.0 13.0 7.0 10.0 9.0 9.0 196.0 148.0 103.0 81.0 100.0 117.0 83.0 64.0 9.0 10.0 10.0 11.0 7.0 9.0 9.0 12.0 141.0 126.0 93.0 68.0 158.0 225.0 95.0 71.0 10.0 14.0 12.0 13.0 8.0 10.0 9.0 11.0 268.0 163.0 108.0 82.0 50.0 69.0 61.0 51.0 8.0 11.0 10.0 10.0 307.0 165.0 112.0 89.0 12.0 23.0 21.0 25.0 7.0 10.0 9.0 10.0 309.0 160.0 115.0 93.0 21.0 39.0 36.0 35.0 8.0 10.0 10.0 10.0 189.0 149.0 110.0 78.0 8.0 17.0 15.0 16.0 7.0 9.0 11.0 10.0 245.0 130.0 105.0 77.0 96.0 121.0 85.0 81.0 8.0 11.0 12.0 12.0 8.0 10.0 11.0 10.0 295.0 170.0 120.0 80.0 33.0 51.0 47.0 44.0 8.0 10.0 10.0 10.0 201.0 154.0 102.0 93.0 103.0 118.0 84.0 78.0 9.0 12.0 11.0 12.0 7.0 10.0 9.0 11.0 292.0 168.0 117.0 82.0 34.0 101.0 46.0 42.0 9.0 9.0 10.0 9.0 306.0 167.0 116.0 80.0 12.0 25.0 23.0 25.0 8.0 10.0 10.0 9.0 321.0 172.0 92.0 79.0 53.0 73.0 58.0 55.0 8.0 11.0 10.0 12.0 199.0 148.0 100.0 80.0 103.0 119.0 85.0 78.0 8.0 11.0 12.0 11.0 7.0 9.0 10.0 9.0 181.0 132.0 97.0 80.0 117.0 117.0 93.0 72.0 9.0 13.0 12.0 12.0 8.0 10.0 10.0 10.0 315.0 171.0 114.0 92.0 21.0 48.0 37.0 35.0 8.0 9.0 9.0 10.0 287.0 177.0 110.0 77.0 94.0 94.0 74.0 69.0 8.0 11.0 10.0 11.0 8.0 10.0 11.0 9.0 296.0 167.0 107.0 80.0 36.0 53.0 47.0 45.0 8.0 10.0 11.0 11.0 208.0 147.0 112.0 84.0 9.0 17.0 15.0 19.0 7.0 10.0 9.0 9.0 224.0 161.0 113.0 85.0 10.0 18.0 16.0 17.0 8.0 10.0 10.0 14.0 309.0 175.0 114.0 79.0 13.0 25.0 23.0 27.0 7.0 10.0 10.0 10.0 318.0 200.0 104.0 80.0 54.0 155.0 59.0 54.0 8.0 11.0 10.0 11.0 207.0 156.0 103.0 77.0 95.0 115.0 81.0 73.0 8.0 11.0 14.0 11.0 8.0 9.0 11.0 10.0 175.0 137.0 98.0 76.0 122.0 119.0 79.0 71.0 9.0 12.0 11.0 17.0 7.0 11.0 10.0 9.0 314.0 164.0 112.0 90.0 22.0 41.0 38.0 35.0 8.0 14.0 10.0 10.0 280.0 161.0 113.0 81.0 10.0 19.0 18.0 28.0 8.0 10.0 9.0 9.0 227.0 136.0 95.0 74.0 111.0 112.0 91.0 68.0 9.0 12.0 93.0 13.0 8.0 9.0 11.0 9.0 306.0 181.0 117.0 83.0 13.0 91.0 21.0 22.0 8.0 9.0 11.0 10.0 188.0 145.0 108.0 80.0 9.0 16.0 14.0 18.0 8.0 9.0 10.0 9.0 352.0 198.0 111.0 81.0 40.0 60.0 53.0 47.0 7.0 10.0 10.0 9.0 317.0 191.0 116.0 86.0 13.0 27.0 23.0 25.0 7.0 13.0 10.0 9.0 292.0 162.0 116.0 84.0 11.0 20.0 88.0 19.0 10.0 11.0 10.0 9.0 306.0 172.0 114.0 80.0 20.0 38.0 44.0 41.0 8.0 9.0 10.0 10.0 280.0 170.0 89.0 81.0 48.0 68.0 64.0 48.0 9.0 11.0 10.0 11.0 300.0 177.0 113.0 80.0 33.0 51.0 47.0 40.0 8.0 10.0 11.0 13.0 286.0 167.0 112.0 96.0 46.0 65.0 50.0 48.0 8.0 12.0 9.0 12.0 208.0 145.0 85.0 83.0 102.0 128.0 93.0 64.0 9.0 12.0 12.0 10.0 7.0 13.0 9.0 85.0 218.0 153.0 105.0 78.0 92.0 123.0 81.0 77.0 8.0 12.0 11.0 11.0 8.0 9.0 9.0 10.0 207.0 129.0 105.0 76.0 99.0 116.0 84.0 73.0 8.0 12.0 11.0 11.0 7.0 10.0 9.0 11.0 163.0 146.0 101.0 75.0 8.0 15.0 16.0 16.0 7.0 10.0 9.0 10.0 304.0 163.0 114.0 79.0 12.0 23.0 23.0 25.0 8.0 9.0 11.0 12.0
49 47 1 TRACE 3797.0 2998.0 2596.0 629.0 604.0 581.0 256.0 255.0 258.0 3690.0 2940.0 2488.0 733.0 640.0 597.0 254.0 264.0 257.0 3754.0 2958.0 2518.0 778.0 685.0 575.0 259.0 253.0 257.0 2849.0 2263.0 1986.0 430.0 417.0 428.0 253.0 268.0 252.0 4148.0 3339.0 2934.0 1203.0 821.0 747.0 259.0 256.0 317.0 3037.0 2442.0 2062.0 475.0 503.0 486.0 254.0 253.0 251.0 3431.0 2764.0 2390.0 707.0 633.0 599.0 253.0 320.0 254.0 4293.0 3541.0 3160.0 1415.0 978.0 859.0 258.0 262.0 261.0 253.0 250.0 252.0 4099.0 3758.0 3438.0 1844.0 1293.0 867.0 269.0 267.0 268.0 250.0 251.0 251.0 3357.0 2729.0 2297.0 688.0 629.0 589.0 253.0 253.0 256.0 2592.0 2217.0 1893.0 380.0 383.0 381.0 250.0 250.0 252.0 2845.0 2337.0 1956.0 398.0 428.0 435.0 304.0 252.0 335.0 3866.0 3108.0 2621.0 929.0 746.0 684.0 321.0 255.0 259.0 4246.0 3359.0 3026.0 1430.0 898.0 774.0 260.0 267.0 260.0 4020.0 3231.0 2757.0 1191.0 839.0 756.0 257.0 255.0 259.0 3761.0 3698.0 3396.0 2051.0 1440.0 924.0 273.0 274.0 280.0 251.0 250.0 253.0 4040.0 3422.0 3181.0 2251.0 1625.0 1037.0 279.0 274.0 279.0 252.0 245.0 247.0 2568.0 2168.0 1827.0 320.0 293.0 311.0 244.0 242.0 245.0 3299.0 3112.0 3072.0 2219.0 1663.0 1054.0 280.0 372.0 282.0 244.0 242.0 253.0 2635.0 2160.0 1836.0 312.0 306.0 307.0 245.0 241.0 247.0 3515.0 2751.0 2385.0 752.0 600.0 564.0 258.0 248.0 250.0 3655.0 3047.0 2829.0 1767.0 1138.0 824.0 258.0 257.0 258.0 244.0 242.0 244.0 3397.0 3082.0 2816.0 1823.0 1244.0 857.0 257.0 258.0 262.0 244.0 242.0 245.0 3312.0 3135.0 2969.0 2182.0 1593.0 1005.0 281.0 308.0 274.0 263.0 244.0 334.0 3412.0 3042.0 2806.0 1820.0 1286.0 875.0 260.0 284.0 362.0 247.0 245.0 246.0 3249.0 3089.0 3060.0 2189.0 1664.0 1058.0 274.0 272.0 280.0 270.0 286.0 257.0 3703.0 3104.0 2635.0 1244.0 931.0 714.0 255.0 252.0 253.0 2985.0 2375.0 2038.0 491.0 411.0 408.0 244.0 250.0 249.0 3403.0 2751.0 2346.0 692.0 580.0 548.0 260.0 248.0 245.0 2527.0 2163.0 1856.0 304.0 384.0 304.0 247.0 247.0 247.0 3424.0 3112.0 2836.0 1909.0 1257.0 878.0 260.0 263.0 262.0 243.0 242.0 344.0 3612.0 2889.0 2521.0 907.0 685.0 610.0 247.0 342.0 250.0 3380.0 3102.0 2825.0 1950.0 1264.0 861.0 259.0 257.0 262.0 246.0 244.0 245.0 3623.0 2954.0 2497.0 991.0 931.0 632.0 248.0 249.0 248.0 2997.0 2417.0 2014.0 495.0 489.0 405.0 244.0 249.0 266.0 3542.0 3006.0 2665.0 1248.0 859.0 731.0 261.0 249.0 253.0 3543.0 3159.0 2862.0 1835.0 1256.0 881.0 277.0 269.0 262.0 247.0 243.0 335.0 3339.0 3176.0 2907.0 2067.0 1476.0 931.0 263.0 362.0 262.0 273.0 255.0 244.0 3362.0 2700.0 2296.0 780.0 577.0 541.0 278.0 245.0 249.0 3544.0 3037.0 2749.0 1562.0 1035.0 788.0 254.0 258.0 256.0 246.0 247.0 243.0 3631.0 2901.0 2552.0 950.0 707.0 643.0 247.0 248.0 250.0 2607.0 2179.0 1859.0 317.0 313.0 308.0 244.0 245.0 246.0 2899.0 2322.0 1947.0 340.0 334.0 343.0 279.0 284.0 263.0 3097.0 2413.0 2059.0 488.0 437.0 424.0 245.0 330.0 249.0 3545.0 2960.0 2662.0 1264.0 887.0 750.0 275.0 258.0 250.0 3472.0 3040.0 2812.0 1766.0 1210.0 856.0 256.0 260.0 256.0 245.0 241.0 246.0 3326.0 3151.0 2932.0 2046.0 1472.0 889.0 264.0 268.0 284.0 244.0 243.0 336.0 3408.0 2705.0 2322.0 716.0 590.0 559.0 248.0 248.0 247.0 2710.0 2247.0 1912.0 363.0 364.0 360.0 246.0 242.0 243.0 3372.0 3109.0 3023.0 2048.0 1441.0 929.0 262.0 261.0 256.0 247.0 245.0 341.0 2977.0 2369.0 1983.0 459.0 423.0 415.0 244.0 337.0 281.0 2735.0 2170.0 1845.0 307.0 300.0 305.0 245.0 245.0 248.0 3638.0 2973.0 2631.0 1065.0 763.0 675.0 250.0 249.0 248.0 3080.0 2422.0 2095.0 494.0 462.0 445.0 244.0 250.0 246.0 2837.0 2287.0 1950.0 380.0 366.0 334.0 247.0 244.0 244.0 3344.0 2711.0 2318.0 711.0 571.0 534.0 250.0 249.0 248.0 3662.0 2960.0 2915.0 1206.0 824.0 714.0 263.0 259.0 259.0 3556.0 2790.0 2505.0 866.0 672.0 607.0 248.0 250.0 253.0 3562.0 2934.0 2636.0 1115.0 814.0 711.0 249.0 251.0 253.0 3372.0 3086.0 3105.0 1952.0 1292.0 892.0 260.0 261.0 262.0 244.0 257.0 249.0 3462.0 3048.0 2834.0 1807.0 1207.0 780.0 261.0 257.0 261.0 246.0 244.0 246.0 3353.0 3181.0 2813.0 1806.0 1249.0 860.0 259.0 259.0 277.0 244.0 247.0 245.0 2459.0 2073.0 1779.0 286.0 289.0 285.0 243.0 248.0 267.0 3036.0 2405.0 2055.0 452.0 415.0 407.0 246.0 246.0 340.0
49 50 1 TRACE 223.0 123.0 28.0 188.0 132.0 134.0 393.0 464.0 87.0 692.0 139.0 30.0 354.0 76.0 46.0 586.0 70.0 83.0 580.0 174.0 109.0 252.0 196.0 169.0 79.0 113.0 97.0 73.0 124.0 181.0 60.0 31.0 409.0 58.0 31.0 390.0 182.0 45.0 273.0 122.0 90.0 114.0 83.0 31.0 285.0 89.0 46.0 433.0 118.0 29.0 209.0 225.0 300.0 173.0 60.0 242.0 103.0 166.0 106.0 190.0 46.0 27.0 240.0 55.0 33.0 219.0 58.0 48.0 113.0 182.0 149.0 140.0 192.0 227.0 157.0 64.0 220.0 543.0 30.0 109.0 203.0 98.0 62.0 53.0 176.0 186.0 30.0 28.0 113.0 79.0 153.0 118.0 40.0 80.0 113.0 90.0 84.0 130.0 191.0 46.0 287.0 283.0 239.0 31.0 229.0 122.0 37.0 180.0 112.0 125.0 61.0 137.0 70.0 79.0 111.0 41.0 103.0 113.0 246.0 106.0 111.0 178.0 114.0 27.0 118.0 142.0 31.0 307.0 257.0 58.0 70.0 114.0 145.0 139.0 46.0 308.0 99.0 50.0 200.0 31.0 218.0 503.0 171.0 31.0 298.0 81.0 30.0 501.0 172.0 96.0 334.0 312.0 127.0 27.0 131.0 372.0 35.0 69.0 170.0 60.0 124.0 255.0 107.0 46.0 283.0 105.0 60.0 51.0 140.0 59.0 56.0 159.0 191.0 115.0 113.0 161.0 98.0 112.0 105.0 27.0 115.0 128.0 131.0 142.0 58.0 179.0 115.0 77.0 111.0 453.0 104.0 46.0 144.0 165.0 127.0 248.0 150.0 76.0 33.0 115.0 379.0 125.0 68.0 392.0 318.0 62.0 62.0 354.0 83.0 105.0 163.0 42.0 91.0
50 25 1 TRACE 30.0 22.0 24.0 24.0 29.0 23.0 26.0 20.0 20.0 25.0 22.0 24.0 26.0 33.0 51.0 21.0 21.0 21.0 21.0 21.0 23.0 21.0 20.0 20.0 21.0 20.0 28.0 22.0 26.0 20.0 20.0 27.0 20.0 31.0 23.0 33.0 21.0 20.0 24.0 18.0 26.0 21.0 23.0 21.0 33.0 22.0 24.0 26.0 19.0 20.0 22.0 21.0 28.0 22.0 23.0 23.0 30.0 25.0 29.0 21.0 19.0 18.0 107.0 20.0
50 41 1 TRACE 9.0 8.0 9.0 9.0 9.0 9.0 11.0 9.0 9.0 9.0 22.0 8.0 9.0 9.0 9.0 8.0 11.0 9.0 9.0 10.0 9.0 9.0 8.0 11.0 11.0 8.0 9.0 9.0 8.0 8.0 9.0 9.0 9.0 9.0 9.0 10.0 9.0 9.0 8.0 8.0 9.0 9.0 9.0 8.0 9.0 9.0 9.0 9.0 9.0 8.0 8.0 9.0 8.0 9.0 9.0 9.0 9.0 8.0 8.0 8.0 9.0 8.0 9.0 8.0 9.0 8.0 8.0 9.0 9.0 8.0 9.0 9.0 8.0 9.0 8.0 8.0 8.0 9.0 9.0 9.0 9.0 11.0 9.0 8.0 9.0 9.0 9.0 8.0 8.0 9.0 9.0 8.0 9.0 9.0 9.0 9.0 8.0 9.0 9.0 10.0 9.0 9.0 9.0 10.0 9.0 9.0 9.0 9.0 9.0 9.0 9.0 9.0 9.0 9.0 9.0 8.0 8.0 9.0 9.0 8.0 9.0 8.0 9.0 9.0 9.0 8.0 9.0 9.0 8.0 9.0 9.0 9.0 9.0 9.0 9.0 9.0 9.0 9.0 9.0 9.0 9.0 8.0 9.0 9.0 9.0 9.0 9.0 9.0 9.0
51 52 1 TRACE 5054.0 4982.0 4943.0 4911.0 4925.0 4827.0 4976.0 5042.0 4973.0 4739.0 4794.0 4746.0 4700.0 4749.0 4757.0 4806.0 4908.0 4696.0 4856.0 4761.0 4710.0 4823.0 4797.0 4892.0 4821.0 4912.0 4745.0 4769.0 4697.0 4759.0 4773.0 4705.0 4808.0 4696.0 4800.0 4703.0 4791.0 4887.0 4666.0 4770.0 4730.0 4765.0 4844.0 4661.0 4696.0 4756.0 4772.0 4651.0 4600.0 4833.0 4725.0 4696.0 4683.0 4681.0 4713.0 4671.0 4728.0 4697.0 4762.0 4783.0 4783.0 4759.0 4773.0 4687.0
52 53 1 TRACE 116.0 97.0 126.0 96.0 181.0 99.0 100.0 97.0 98.0 98.0 187.0 97.0 97.0 102.0 97.0 141.0 104.0 99.0 96.0 109.0 98.0 99.0 103.0 124.0 98.0 96.0 189.0 391.0 102.0 96.0 97.0 96.0 97.0 102.0 100.0 98.0 101.0 100.0 97.0 105.0 97.0 98.0 99.0 104.0 96.0 204.0 98.0 100.0 98.0 179.0 100.0 102.0 97.0 99.0 187.0 97.0 97.0 98.0 97.0 192.0 96.0 206.0 96.0 97.0
53 54 1 TRACE 25.0 20.0 21.0 19.0 25.0 24.0 24.0 24.0 21.0 19.0 18.0 20.0 21.0 20.0 21.0 25.0 26.0 23.0 26.0 23.0 25.0 23.0 23.0 20.0 22.0 23.0 18.0 24.0 22.0 22.0 24.0 26.0 22.0 20.0 18.0 19.0 24.0 25.0 22.0 22.0 21.0 19.0 19.0 20.0 19.0 17.0 21.0 18.0 20.0 23.0 20.0 20.0 25.0 22.0 21.0 22.0 24.0 25.0 27.0 26.0 18.0 27.0 19.0 18.0
54 55 1 TRACE 81.0 23.0 22.0 22.0 23.0 22.0 22.0 23.0 22.0 23.0 23.0 22.0 22.0 22.0 23.0 36.0 37.0 23.0 24.0 23.0 22.0 24.0 23.0 36.0 24.0 23.0 25.0 22.0 22.0 24.0 24.0 24.0 23.0 23.0 23.0 25.0 23.0 23.0 23.0 24.0 23.0 23.0 23.0 22.0 23.0 23.0 23.0 23.0 23.0 24.0 45.0 23.0 23.0 23.0 22.0 22.0 25.0 23.0 23.0 25.0 35.0 24.0 23.0 23.0
55 56 1 TRACE 14.0 8.0 8.0 8.0 7.0 8.0 8.0 8.0 8.0 8.0 8.0 8.0 8.0 7.0 7.0 8.0 8.0 8.0 8.0 8.0 7.0 8.0 8.0 9.0 8.0 7.0 8.0 8.0 7.0 8.0 8.0 8.0 7.0 7.0 8.0 8.0 7.0 8.0 8.0 7.0 7.0 8.0 7.0 8.0 8.0 8.0 8.0 8.0 8.0 7.0 8.0 7.0 8.0 8.0 7.0 7.0 8.0 8.0 7.0 8.0 8.0 8.0 7.0 8.0
56 57 1 TRACE 13.0 7.0 7.0 7.0 8.0 7.0 7.0 8.0 8.0 7.0 7.0 7.0 7.0 7.0 7.0 7.0 8.0 7.0 7.0 8.0 8.0 7.0 7.0 8.0 7.0 7.0 7.0 7.0 8.0 7.0 8.0 7.0 8.0 7.0 7.0 8.0 8.0 8.0 8.0 7.0 7.0 8.0 8.0 7.0 7.0 7.0 7.0 7.0 8.0 8.0 8.0 8.0 7.0 7.0 7.0 8.0 7.0 7.0 8.0 7.0 7.0 7.0 8.0 7.0
57 58 1 TRACE 13.0 7.0 7.0 7.0 7.0 7.0 8.0 8.0 7.0 7.0 7.0 7.0 8.0 7.0 7.0 8.0 18.0 7.0 7.0 7.0 7.0 7.0 7.0 7.0 8.0 7.0 7.0 7.0 8.0 7.0 8.0 7.0 7.0 7.0 7.0 8.0 7.0 7.0 8.0 7.0 7.0 7.0 7.0 10.0 7.0 7.0 7.0 7.0 7.0 7.0 7.0 7.0 7.0 7.0 7.0 7.0 7.0 7.0 8.0 7.0 8.0 7.0 7.0 7.0
58 59 1 TRACE 20.0 9.0 8.0 8.0 9.0 8.0 9.0 20.0 8.0 8.0 9.0 8.0 8.0 9.0 9.0 21.0 21.0 9.0 20.0 8.0 9.0 9.0 8.0 21.0 9.0 9.0 21.0 8.0 9.0 9.0 8.0 8.0 25.0 8.0 8.0 9.0 8.0 9.0 9.0 9.0 9.0 9.0 8.0 9.0 9.0 9.0 9.0 9.0 8.0 9.0 9.0 9.0 8.0 8.0 8.0 9.0 8.0 8.0 9.0 8.0 20.0 9.0 9.0 9.0
59 60 1 TRACE 10.0 8.0 19.0 7.0 19.0 19.0 19.0 8.0 19.0 7.0 19.0 19.0 8.0 19.0 19.0 8.0 7.0 19.0 8.0 19.0 19.0 8.0 19.0 8.0 19.0 7.0 7.0 19.0 19.0 19.0 7.0 7.0 8.0 20.0 19.0 19.0 19.0 18.0 19.0 19.0 19.0 19.0 19.0 19.0 20.0 19.0 19.0 7.0 19.0 19.0 20.0 19.0 20.0 19.0 19.0 19.0 19.0 19.0 19.0 20.0 7.0 20.0 19.0 18.0
60 61 1 TRACE 9.0 7.0 8.0 8.0 8.0 7.0 8.0 7.0 8.0 18.0 8.0 8.0 8.0 7.0 7.0 8.0 8.0 8.0 8.0 8.0 7.0 7.0 8.0 8.0 8.0 8.0 8.0 7.0 7.0 7.0 20.0 18.0 8.0 7.0 7.0 8.0 8.0 7.0 8.0 8.0 7.0 7.0 8.0 8.0 7.0 7.0 7.0 7.0 7.0 7.0 18.0 8.0 7.0 7.0 7.0 8.0 8.0 8.0 8.0 8.0 8.0 7.0 8.0 8.0
61 62 1 TRACE 9.0 7.0 7.0 7.0 8.0 7.0 7.0 7.0 7.0 7.0 7.0 8.0 7.0 8.0 8.0 8.0 7.0 8.0 7.0 8.0 8.0 8.0 7.0 8.0 7.0 7.0 8.0 7.0 7.0 7.0 7.0 8.0 8.0 11.0 7.0 7.0 7.0 7.0 7.0 7.0 8.0 7.0 8.0 7.0 7.0 7.0 8.0 7.0 7.0 8.0 7.0 7.0 8.0 7.0 7.0 7.0 7.0 7.0 7.0 8.0 8.0 7.0 7.0 7.0
62 1 1 TRACE 25.0 30.0 19.0 18.0 18.0 19.0 18.0 30.0 18.0 18.0 44.0 19.0 18.0 19.0 18.0 31.0 35.0 18.0 30.0 18.0 18.0 74.0 18.0 31.0 18.0 30.0 33.0 18.0 52.0 18.0 19.0 18.0 25.0 32.0 44.0 18.0 18.0 18.0 18.0 70.0 18.0 19.0 18.0 25.0 19.0 19.0 30.0 18.0 18.0 31.0 18.0 18.0 18.0 19.0 19.0 59.0 18.0 18.0 18.0 18.0 31.0 19.0 18.0
