0 1 1 TRACE 1672855558051243.0
1 2 1 TRACE 11877.0 58.0 78.0 69.0 70.0 71.0 70.0 69.0 70.0 69.0 70.0 69.0 71.0 58.0 70.0 70.0 90.0 70.0 69.0 69.0 69.0 58.0 70.0 70.0 69.0 69.0 69.0 70.0 91.0 62.0 70.0 70.0 58.0 69.0 70.0 69.0 58.0 69.0 69.0 69.0 69.0 70.0 69.0 70.0 86.0 68.0 67.0 68.0 68.0 68.0 68.0 68.0 56.0 67.0 68.0 68.0 68.0 92.0 126.0 69.0 56.0 68.0 57.0 68.0
2 3 1 TRACE 711.0 255.0 88.0 78.0 32.0 26.0 26.0 143.0 26.0 28.0 25.0 26.0 25.0 27.0 41.0 25.0 54.0 27.0 35.0 58.0 26.0 28.0 77.0 25.0 71.0 26.0 28.0 25.0 62.0 78.0 27.0 26.0 55.0 129.0 26.0 200.0 49.0 26.0 115.0 26.0 70.0 51.0 25.0 26.0 27.0 40.0 47.0 48.0 43.0 115.0 26.0 331.0 128.0 26.0 219.0 48.0 26.0 37.0 123.0 27.0 183.0 66.0 28.0 278.0
3 4 1 TRACE 41.0 106.0 164.0 21.0 23.0 34.0 24.0 109.0 103.0 24.0 26.0 28.0 76.0 22.0 36.0 56.0 23.0 21.0 20.0 130.0 35.0 20.0 21.0 20.0 21.0 20.0 20.0 168.0 55.0 196.0 20.0 26.0 21.0 35.0 20.0 69.0 20.0 20.0 249.0 21.0 118.0 89.0 20.0 19.0 72.0 51.0 21.0 58.0 138.0 30.0 21.0 22.0 359.0 20.0 348.0 34.0 21.0 75.0 85.0 81.0 70.0 44.0 56.0 21.0
4 5 1 TRACE 21.0 56.0 46.0 53.0 22.0 15.0 15.0 14.0 19.0 15.0 15.0 14.0 14.0 48.0 36.0 14.0 14.0 14.0 14.0 45.0 41.0 29.0 14.0 14.0 14.0 14.0 15.0 58.0 23.0 22.0 15.0 14.0 14.0 15.0 16.0 108.0 14.0 14.0 180.0 14.0 97.0 67.0 14.0 15.0 16.0 14.0 15.0 36.0 57.0 26.0 16.0 14.0 89.0 15.0 20.0 15.0 15.0 14.0 66.0 15.0 51.0 15.0 33.0 14.0
5 6 1 TRACE 46.0 18.0 16.0 27.0 270.0 17.0 17.0 64.0 64.0 15.0 19.0 16.0 63.0 107.0 30.0 17.0 17.0 15.0 25.0 20.0 22.0 25.0 19.0 27.0 138.0 17.0 164.0 172.0 50.0 11.0 184.0 21.0 18.0 29.0 17.0 59.0 16.0 19.0 162.0 17.0 16.0 15.0 15.0 13.0 14.0 56.0 14.0 28.0 15.0 11.0 40.0 18.0 32.0 18.0 158.0 12.0 12.0 151.0 27.0 40.0 264.0 19.0 20.0 55.0
6 7 1 TRACE 20.0 14.0 248.0 34.0 68.0 13.0 170.0 20.0 159.0 13.0 13.0 12.0 71.0 92.0 9.0 13.0 122.0 13.0 133.0 254.0 15.0 25.0 25.0 16.0 12.0 14.0 17.0 13.0 15.0 8.0 12.0 13.0 125.0 23.0 13.0 45.0 174.0 10.0 136.0 48.0 64.0 11.0 145.0 13.0 261.0 20.0 13.0 47.0 13.0 8.0 11.0 131.0 20.0 13.0 49.0 40.0 12.0 17.0 26.0 76.0 19.0 20.0 8.0 14.0
7 8 1 TRACE 21.0 14.0 15.0 16.0 25.0 16.0 50.0 14.0 12.0 8.0 41.0 48.0 14.0 81.0 19.0 9.0 25.0 14.0 16.0 160.0 14.0 14.0 14.0 14.0 7.0 15.0 11.0 21.0 32.0 26.0 12.0 13.0 199.0 112.0 14.0 13.0 15.0 12.0 16.0 19.0 15.0 12.0 14.0 14.0 14.0 8.0 13.0 18.0 14.0 12.0 10.0 14.0 17.0 14.0 60.0 9.0 13.0 48.0 19.0 16.0 15.0 8.0 19.0 15.0
8 9 1 TRACE 19.0 24.0 14.0 14.0 13.0 8.0 17.0 42.0 12.0 8.0 9.0 15.0 15.0 12.0 8.0 9.0 14.0 19.0 37.0 177.0 24.0 13.0 14.0 14.0 8.0 8.0 11.0 8.0 13.0 17.0 12.0 12.0 284.0 11.0 19.0 11.0 12.0 11.0 15.0 10.0 95.0 11.0 14.0 25.0 15.0 8.0 8.0 21.0 13.0 12.0 8.0 15.0 13.0 23.0 15.0 20.0 13.0 14.0 67.0 16.0 15.0 10.0 7.0 15.0
9 10 1 TRACE 70.0 118.0 247.0 27.0 30.0 30.0 61.0 33.0 26.0 53.0 34.0 23.0 63.0 23.0 33.0 57.0 59.0 58.0 143.0 28.0 24.0 78.0 122.0 35.0 31.0 54.0 25.0 25.0 29.0 35.0 221.0 180.0 157.0 24.0 61.0 37.0 25.0 24.0 149.0 39.0 93.0 33.0 42.0 40.0 46.0 146.0 35.0 122.0 112.0 25.0 34.0 51.0 27.0 35.0 69.0 29.0 24.0 82.0 676.0 44.0 39.0 49.0 23.0 28.0
10 11 1 TRACE 26.0 16.0 48.0 27.0 15.0 16.0 50.0 16.0 16.0 52.0 16.0 17.0 15.0 16.0 16.0 16.0 15.0 15.0 15.0 19.0 17.0 68.0 18.0 16.0 16.0 17.0 16.0 17.0 25.0 19.0 16.0 16.0 16.0 16.0 16.0 218.0 16.0 39.0 16.0 15.0 15.0 26.0 17.0 16.0 20.0 35.0 15.0 22.0 70.0 16.0 16.0 15.0 16.0 15.0 16.0 20.0 27.0 38.0 18.0 18.0 29.0 15.0 16.0 24.0
11 12 1 TRACE 35.0 31.0 18.0 18.0 77.0 33.0 19.0 19.0 18.0 18.0 26.0 41.0 25.0 19.0 20.0 21.0 20.0 17.0 18.0 122.0 17.0 59.0 39.0 19.0 19.0 38.0 18.0 18.0 79.0 23.0 30.0 73.0 22.0 23.0 19.0 151.0 29.0 18.0 25.0 32.0 25.0 40.0 18.0 40.0 27.0 95.0 19.0 84.0 18.0 19.0 19.0 18.0 18.0 17.0 45.0 20.0 17.0 35.0 90.0 46.0 30.0 18.0 24.0 28.0
12 13 1 TRACE 69.0 17.0 17.0 16.0 17.0 34.0 16.0 17.0 17.0 17.0 17.0 17.0 50.0 18.0 17.0 16.0 16.0 18.0 17.0 76.0 16.0 19.0 51.0 131.0 17.0 59.0 21.0 16.0 24.0 20.0 28.0 35.0 70.0 75.0 18.0 138.0 23.0 19.0 26.0 19.0 50.0 34.0 17.0 16.0 45.0 19.0 16.0 23.0 27.0 52.0 16.0 36.0 42.0 16.0 26.0 18.0 16.0 29.0 72.0 17.0 17.0 16.0 16.0 16.0
13 14 1 TRACE 22.0 9.0 9.0 8.0 9.0 8.0 9.0 8.0 8.0 9.0 9.0 8.0 9.0 9.0 9.0 9.0 9.0 9.0 9.0 9.0 8.0 9.0 9.0 8.0 9.0 8.0 9.0 8.0 8.0 8.0 8.0 8.0 9.0 9.0 9.0 9.0 9.0 9.0 9.0 8.0 9.0 8.0 9.0 9.0 8.0 8.0 8.0 8.0 9.0 9.0 9.0 8.0 9.0 9.0 8.0 9.0 8.0 9.0 13.0 9.0 9.0 9.0 8.0 8.0
14 15 1 TRACE 75.0 15.0 15.0 16.0 16.0 25.0 16.0 15.0 15.0 15.0 16.0 24.0 15.0 16.0 16.0 15.0 15.0 15.0 22.0 24.0 16.0 27.0 66.0 21.0 17.0 17.0 15.0 16.0 16.0 38.0 86.0 94.0 83.0 30.0 30.0 35.0 15.0 33.0 24.0 19.0 20.0 18.0 15.0 16.0 57.0 16.0 16.0 30.0 250.0 38.0 15.0 38.0 15.0 15.0 15.0 161.0 16.0 22.0 58.0 17.0 16.0 81.0 16.0 16.0
15 16 1 TRACE 12.0 8.0 8.0 8.0 8.0 8.0 8.0 8.0 8.0 8.0 8.0 8.0 8.0 8.0 8.0 8.0 8.0 8.0 8.0 8.0 8.0 8.0 8.0 8.0 8.0 8.0 8.0 8.0 8.0 8.0 8.0 8.0 8.0 8.0 8.0 8.0 8.0 8.0 8.0 8.0 8.0 8.0 8.0 8.0 8.0 7.0 8.0 9.0 8.0 8.0 8.0 8.0 8.0 8.0 8.0 8.0 8.0 8.0 9.0 8.0 8.0 11.0 8.0 8.0
16 17 1 TRACE 142.0 79.0 31.0 30.0 36.0 79.0 37.0 45.0 41.0 31.0 31.0 83.0 122.0 71.0 58.0 31.0 38.0 53.0 34.0 57.0 40.0 41.0 73.0 39.0 41.0 58.0 91.0 29.0 31.0 43.0 41.0 79.0 344.0 39.0 29.0 191.0 185.0 64.0 39.0 104.0 36.0 53.0 64.0 36.0 70.0 59.0 31.0 193.0 61.0 33.0 94.0 35.0 62.0 32.0 47.0 102.0 75.0 135.0 83.0 64.0 33.0 41.0 31.0 32.0
17 18 1 TRACE 20.0 15.0 15.0 16.0 17.0 16.0 17.0 16.0 15.0 15.0 15.0 16.0 21.0 16.0 31.0 16.0 16.0 61.0 15.0 15.0 15.0 19.0 15.0 16.0 15.0 16.0 15.0 27.0 33.0 15.0 20.0 16.0 16.0 15.0 21.0 212.0 16.0 18.0 24.0 72.0 16.0 16.0 15.0 19.0 15.0 16.0 14.0 93.0 15.0 16.0 16.0 15.0 24.0 15.0 15.0 97.0 15.0 16.0 20.0 26.0 15.0 16.0 15.0 15.0
18 19 1 TRACE 36.0 33.0 19.0 18.0 23.0 19.0 18.0 18.0 52.0 19.0 32.0 98.0 17.0 80.0 37.0 20.0 18.0 18.0 19.0 17.0 34.0 20.0 18.0 96.0 18.0 54.0 18.0 17.0 85.0 24.0 18.0 19.0 33.0 35.0 18.0 146.0 44.0 121.0 68.0 30.0 18.0 20.0 32.0 47.0 52.0 52.0 58.0 25.0 58.0 18.0 55.0 47.0 30.0 29.0 17.0 46.0 17.0 18.0 31.0 21.0 19.0 17.0 18.0 65.0
19 20 1 TRACE 38.0 31.0 17.0 17.0 81.0 16.0 17.0 16.0 20.0 16.0 18.0 27.0 17.0 47.0 85.0 16.0 34.0 17.0 16.0 17.0 25.0 16.0 17.0 104.0 17.0 37.0 19.0 16.0 17.0 16.0 17.0 17.0 19.0 111.0 16.0 32.0 44.0 34.0 32.0 35.0 16.0 20.0 17.0 90.0 17.0 17.0 148.0 16.0 146.0 17.0 17.0 47.0 17.0 16.0 27.0 82.0 18.0 18.0 45.0 27.0 25.0 49.0 18.0 25.0
20 21 1 TRACE 22.0 17.0 17.0 17.0 17.0 17.0 17.0 17.0 17.0 17.0 17.0 17.0 17.0 41.0 17.0 17.0 18.0 17.0 17.0 17.0 18.0 22.0 17.0 17.0 17.0 17.0 18.0 17.0 39.0 18.0 17.0 17.0 17.0 18.0 17.0 17.0 17.0 17.0 18.0 17.0 17.0 17.0 18.0 18.0 17.0 17.0 17.0 17.0 17.0 16.0 17.0 18.0 17.0 17.0 17.0 17.0 17.0 17.0 33.0 17.0 17.0 18.0 17.0 17.0
21 22 1 TRACE 28.0 13.0 13.0 12.0 13.0 13.0 13.0 13.0 13.0 13.0 13.0 13.0 12.0 13.0 13.0 13.0 13.0 13.0 13.0 12.0 13.0 12.0 12.0 12.0 13.0 13.0 13.0 13.0 12.0 13.0 13.0 12.0 13.0 13.0 13.0 13.0 12.0 12.0 13.0 14.0 13.0 12.0 12.0 13.0 13.0 13.0 13.0 13.0 13.0 12.0 13.0 13.0 13.0 13.0 13.0 13.0 12.0 12.0 15.0 13.0 13.0 13.0 12.0 13.0
22 23 1 TRACE 202.0 129.0 189.0 163.0 159.0 174.0 163.0 158.0 195.0 192.0 158.0 158.0 125.0 199.0 164.0 126.0 158.0 168.0 159.0 159.0 168.0 199.0 271.0 165.0 179.0 156.0 158.0 154.0 211.0 163.0 158.0 548.0 163.0 157.0 179.0 183.0 137.0 231.0 164.0 160.0 154.0 155.0 518.0 158.0 158.0 164.0 162.0 165.0 244.0 196.0 100.0 152.0 182.0 478.0 156.0 156.0 156.0 159.0 253.0 152.0 177.0 351.0 156.0 190.0
23 24 1 TRACE 53.0 44.0 29.0 34.0 24.0 38.0 133.0 46.0 25.0 25.0 29.0 40.0 55.0 25.0 28.0 54.0 26.0 41.0 27.0 25.0 71.0 44.0 36.0 24.0 64.0 78.0 40.0 44.0 56.0 54.0 24.0 76.0 30.0 77.0 43.0 57.0 142.0 90.0 93.0 75.0 246.0 56.0 274.0 62.0 24.0 30.0 26.0 25.0 188.0 21.0 24.0 59.0 24.0 97.0 147.0 32.0 24.0 60.0 108.0 102.0 210.0 114.0 23.0 124.0
24 25 1 TRACE 51.0 50.0 19.0 20.0 19.0 72.0 67.0 41.0 19.0 21.0 20.0 26.0 21.0 22.0 19.0 28.0 19.0 19.0 20.0 23.0 19.0 20.0 52.0 34.0 20.0 24.0 19.0 148.0 73.0 46.0 20.0 108.0 19.0 20.0 63.0 33.0 21.0 21.0 19.0 20.0 19.0 21.0 125.0 19.0 20.0 20.0 27.0 20.0 20.0 48.0 19.0 19.0 86.0 20.0 23.0 55.0 20.0 36.0 46.0 18.0 41.0 20.0 19.0 57.0
25 26 1 TRACE 32.0 11.0 11.0 12.0 12.0 11.0 12.0 11.0 11.0 11.0 12.0 11.0 11.0 11.0 11.0 12.0 11.0 11.0 11.0 12.0 12.0 14.0 12.0 12.0 11.0 11.0 12.0 12.0 11.0 11.0 11.0 11.0 11.0 11.0 11.0 11.0 11.0 11.0 11.0 12.0 11.0 11.0 12.0 11.0 12.0 11.0 11.0 11.0 11.0 11.0 12.0 11.0 11.0 11.0 12.0 11.0 11.0 11.0 12.0 11.0 11.0 12.0 11.0 11.0 11.0 12.0 11.0 11.0 11.0 11.0 12.0 12.0 11.0 12.0 11.0 11.0 12.0 11.0 11.0 11.0 11.0 11.0 10.0 11.0 11.0 12.0 11.0 11.0 11.0 11.0 12.0 11.0 11.0 11.0 12.0 12.0 11.0 11.0 12.0 12.0 11.0 11.0 12.0 12.0 11.0 11.0 12.0 11.0 11.0 11.0 11.0 11.0 11.0 11.0 12.0 11.0 11.0 11.0 12.0 11.0 12.0 12.0 11.0 11.0 11.0 12.0 11.0 11.0 12.0 11.0 11.0 11.0 11.0 11.0 11.0 12.0 12.0 11.0 11.0 11.0 11.0 12.0 12.0 11.0 12.0 11.0 12.0 12.0 12.0 11.0 11.0 11.0 11.0 11.0 11.0 12.0 11.0 12.0 11.0 11.0 11.0 11.0 12.0 12.0 12.0 12.0 11.0 11.0 12.0 12.0 11.0 11.0 12.0 11.0 12.0 11.0 11.0 11.0 11.0 12.0 12.0 11.0 12.0 11.0 11.0 11.0 11.0 11.0 11.0 12.0 12.0 11.0 11.0 12.0 12.0 11.0 12.0 11.0 11.0 11.0 11.0 12.0 11.0 11.0 11.0 11.0 11.0 11.0 11.0 12.0 12.0 11.0 11.0 12.0 14.0 23.0 13.0 12.0 11.0 11.0 11.0 11.0 12.0 11.0 11.0 11.0 11.0 11.0 11.0 11.0 11.0 11.0 12.0 11.0 11.0 11.0 11.0 11.0
26 27 1 TRACE 11.0 7.0 7.0 16.0 8.0 7.0 8.0 7.0 7.0 7.0 8.0 8.0 7.0 7.0 7.0 7.0 7.0 8.0 8.0 8.0 7.0 7.0 8.0 8.0 7.0 7.0 7.0 8.0 7.0 7.0 7.0 7.0 10.0 7.0 7.0 8.0 7.0 8.0 7.0 8.0 7.0 7.0 7.0 8.0 8.0 7.0 8.0 7.0 7.0 8.0 8.0 7.0 7.0 7.0 7.0 7.0 8.0 7.0 8.0 8.0 7.0 8.0 7.0 7.0 7.0 8.0 7.0 8.0 7.0 7.0 8.0 7.0 7.0 8.0 7.0 7.0 7.0 7.0 7.0 8.0 7.0 8.0 7.0 8.0 8.0 8.0 7.0 7.0 7.0 7.0 8.0 7.0 7.0 8.0 8.0 7.0 7.0 7.0 8.0 7.0 8.0 8.0 8.0 8.0 7.0 7.0 7.0 7.0 7.0 7.0 7.0 7.0 7.0 7.0 8.0 8.0 7.0 7.0 8.0 7.0 7.0 7.0 7.0 8.0 7.0 8.0 7.0 7.0 8.0 7.0 7.0 8.0 7.0 7.0 8.0 8.0 7.0 7.0 8.0 7.0 7.0 8.0 7.0 7.0 8.0 8.0 8.0 7.0 7.0 7.0 7.0 8.0 7.0 8.0 8.0 7.0 7.0 7.0 8.0 7.0 7.0 7.0 7.0 7.0 7.0 8.0 7.0 7.0 8.0 7.0 7.0 8.0 7.0 7.0 8.0 7.0 7.0 7.0 7.0 7.0 8.0 7.0 8.0 8.0 7.0 7.0 8.0 8.0 7.0 8.0 8.0 7.0 7.0 7.0 7.0 8.0 7.0 7.0 7.0 7.0 7.0 8.0 7.0 7.0 7.0 7.0 10.0 8.0 8.0 8.0 7.0 7.0 8.0 19.0 10.0 9.0 9.0 7.0 8.0 7.0 8.0 7.0 7.0 7.0 7.0 7.0 7.0 7.0 7.0 7.0 7.0 7.0 7.0 7.0 7.0 8.0 7.0 7.0
27 28 1 TRACE 11.0 8.0 7.0 8.0 7.0 7.0 7.0 8.0 7.0 7.0 7.0 7.0 8.0 7.0 7.0 7.0 8.0 7.0 7.0 7.0 7.0 8.0 7.0 7.0 8.0 8.0 7.0 7.0 7.0 7.0 8.0 7.0 8.0 8.0 7.0 7.0 7.0 7.0 7.0 7.0 8.0 8.0 10.0 7.0 7.0 7.0 7.0 7.0 7.0 7.0 7.0 8.0 8.0 7.0 7.0 7.0 7.0 8.0 7.0 7.0 8.0 7.0 8.0 8.0 7.0 7.0 7.0 7.0 7.0 8.0 7.0 7.0 7.0 7.0 8.0 7.0 8.0 8.0 7.0 7.0 7.0 7.0 7.0 8.0 7.0 7.0 8.0 7.0 7.0 7.0 7.0 7.0 7.0 7.0 7.0 7.0 7.0 8.0 7.0 7.0 7.0 8.0 8.0 7.0 7.0 7.0 7.0 8.0 8.0 7.0 10.0 8.0 8.0 8.0 7.0 7.0 8.0 7.0 7.0 7.0 7.0 7.0 7.0 7.0 8.0 7.0 8.0 7.0 7.0 8.0 7.0 8.0 7.0 8.0 7.0 7.0 7.0 7.0 7.0 7.0 8.0 7.0 7.0 7.0 7.0 7.0 7.0 7.0 7.0 7.0 7.0 7.0 8.0 7.0 7.0 7.0 8.0 7.0 7.0 7.0 8.0 8.0 7.0 7.0 7.0 7.0 7.0 7.0 7.0 7.0 7.0 7.0 7.0 8.0 8.0 7.0 7.0 7.0 8.0 7.0 7.0 7.0 7.0 7.0 7.0 8.0 8.0 7.0 7.0 7.0 7.0 7.0 7.0 7.0 7.0 7.0 7.0 8.0 8.0 7.0 7.0 8.0 7.0 7.0 8.0 7.0 8.0 7.0 7.0 7.0 7.0 7.0 7.0 7.0 10.0 8.0 9.0 8.0 8.0 7.0 7.0 8.0 7.0 7.0 8.0 8.0 7.0 8.0 8.0 8.0 7.0 7.0 7.0 7.0 7.0 7.0 8.0 8.0
28 29 1 TRACE 13.0 9.0 8.0 9.0 9.0 8.0 10.0 8.0 8.0 9.0 9.0 9.0 8.0 9.0 8.0 8.0 8.0 8.0 8.0 9.0 8.0 9.0 9.0 9.0 8.0 8.0 8.0 9.0 9.0 8.0 8.0 8.0 9.0 9.0 8.0 8.0 8.0 9.0 8.0 9.0 8.0 8.0 9.0 9.0 8.0 8.0 9.0 8.0 8.0 8.0 8.0 8.0 9.0 8.0 9.0 8.0 9.0 8.0 9.0 8.0 8.0 8.0 8.0 8.0 9.0 8.0 8.0 8.0 8.0 8.0 9.0 8.0 8.0 8.0 8.0 8.0 8.0 8.0 9.0 9.0 8.0 8.0 8.0 8.0 9.0 8.0 8.0 8.0 8.0 9.0 8.0 8.0 8.0 9.0 9.0 8.0 8.0 9.0 8.0 8.0 8.0 8.0 9.0 8.0 8.0 9.0 8.0 8.0 8.0 8.0 10.0 8.0 8.0 8.0 9.0 9.0 8.0 8.0 9.0 8.0 8.0 8.0 8.0 8.0 8.0 8.0 8.0 8.0 8.0 8.0 8.0 8.0 8.0 8.0 8.0 9.0 8.0 9.0 9.0 8.0 8.0 9.0 8.0 8.0 9.0 8.0 8.0 8.0 8.0 8.0 8.0 9.0 8.0 9.0 9.0 8.0 8.0 8.0 8.0 8.0 8.0 8.0 8.0 9.0 8.0 8.0 8.0 8.0 9.0 8.0 8.0 9.0 8.0 8.0 8.0 8.0 8.0 9.0 8.0 8.0 9.0 8.0 8.0 9.0 8.0 8.0 9.0 9.0 8.0 9.0 8.0 8.0 8.0 9.0 8.0 8.0 8.0 9.0 8.0 8.0 8.0 8.0 8.0 8.0 8.0 9.0 10.0 8.0 9.0 9.0 8.0 8.0 9.0 8.0 11.0 10.0 10.0 9.0 12.0 9.0 9.0 8.0 9.0 8.0 8.0 8.0 8.0 8.0 8.0 9.0 8.0 8.0 9.0 8.0 8.0 8.0 8.0 8.0
29 30 1 TRACE 50.0 101.0 49.0 19.0 91.0 37.0 28.0 29.0 117.0 349.0 30.0 31.0 27.0 206.0 27.0 30.0 72.0 24.0 42.0 28.0 102.0 18.0 31.0 154.0 54.0 97.0 68.0 82.0 38.0 50.0 370.0 27.0 18.0 28.0 28.0 37.0 139.0 27.0 44.0 42.0 202.0 42.0 17.0 32.0 28.0 69.0 155.0 48.0 33.0 29.0 29.0 52.0 115.0 28.0 25.0 55.0 292.0 151.0 100.0 51.0 34.0 76.0 50.0 64.0 103.0 28.0 61.0 86.0 26.0 67.0 49.0 29.0 41.0 139.0 40.0 47.0 30.0 65.0 27.0 37.0 38.0 38.0 117.0 29.0 188.0 70.0 326.0 58.0 56.0 62.0 81.0 70.0 285.0 58.0 102.0 39.0 27.0 29.0 236.0 378.0 87.0 41.0 383.0 64.0 27.0 29.0 26.0 49.0 33.0 805.0 48.0 784.0 40.0 64.0 649.0 150.0 26.0 58.0 31.0 31.0 78.0 38.0 88.0 32.0 217.0 48.0 174.0 385.0 100.0 101.0 96.0 87.0 92.0 28.0 44.0 47.0 69.0 30.0 160.0 57.0 146.0 68.0 75.0 86.0 36.0 152.0 59.0 68.0 61.0 40.0 36.0 98.0 99.0 55.0 579.0 42.0 37.0 34.0 52.0 99.0 46.0 29.0 30.0 88.0 24.0 51.0 65.0 110.0 28.0 25.0 34.0 147.0 27.0 134.0 26.0 98.0 48.0 39.0 70.0 25.0 862.0 402.0 24.0 56.0 28.0 64.0 27.0 112.0 247.0 192.0 219.0 72.0 90.0 136.0 23.0 28.0 544.0 71.0 61.0 69.0 30.0 76.0 28.0 52.0 42.0 102.0 18.0 78.0 27.0 46.0 75.0 101.0 285.0 108.0 65.0 121.0 115.0 176.0 19.0 115.0 374.0 107.0 551.0 79.0 28.0 126.0 33.0 189.0 29.0 35.0 27.0 47.0 51.0 27.0 121.0 273.0 68.0 73.0
30 31 1 TRACE 25.0 25.0 1966.0 8.0 34.0 26.0 17.0 16.0 8.0 62.0 16.0 16.0 17.0 63.0 17.0 16.0 32.0 8.0 22.0 16.0 8.0 8.0 15.0 9.0 20.0 17.0 9.0 8.0 15.0 17.0 8.0 9.0 16.0 15.0 8.0 16.0 15.0 17.0 15.0 22.0 8.0 9.0 16.0 128.0 9.0 8.0 17.0 19.0 15.0 15.0 8.0 16.0 17.0 18.0 8.0 23.0 15.0 16.0 8.0 112.0 18.0 24.0 8.0 15.0 17.0 8.0 9.0 8.0 16.0 16.0 71.0 9.0 15.0 38.0 9.0 10.0 17.0 9.0 8.0 18.0 8.0 8.0 45.0 16.0 32.0 15.0 16.0 8.0 17.0 15.0 8.0 15.0 8.0 67.0 16.0 8.0 8.0 17.0 17.0 19.0 28.0 22.0 9.0 8.0 15.0 25.0 8.0 25.0 53.0 8.0 21.0 108.0 16.0 8.0 8.0 106.0 16.0 16.0 8.0 85.0 16.0 14.0 8.0 15.0 21.0 17.0 20.0 16.0 18.0 164.0 17.0 9.0 78.0 16.0 16.0 107.0 9.0 24.0 34.0 9.0 8.0 18.0 15.0 11.0 8.0 58.0 15.0 9.0 8.0 19.0 15.0 8.0 8.0 39.0 8.0 16.0 25.0 8.0 9.0 15.0 16.0 8.0 55.0 16.0 8.0 9.0 15.0 87.0 16.0 9.0 16.0 16.0 8.0 50.0 15.0 9.0 8.0 24.0 8.0 90.0 609.0 148.0 15.0 8.0 8.0 64.0 15.0 8.0 8.0 57.0 52.0 8.0 8.0 21.0 16.0 16.0 15.0 17.0 40.0 9.0 16.0 16.0 8.0 8.0 19.0 19.0 9.0 9.0 15.0 53.0 8.0 9.0 221.0 32.0 10.0 151.0 17.0 25.0 9.0 8.0 110.0 23.0 26.0 8.0 52.0 405.0 15.0 9.0 15.0 16.0 8.0 8.0 27.0 15.0 8.0 8.0 16.0 8.0
31 32 1 TRACE 18.0 13.0 22.0 13.0 13.0 13.0 13.0 13.0 12.0 14.0 13.0 13.0 13.0 12.0 13.0 13.0 13.0 12.0 13.0 19.0 13.0 13.0 25.0 13.0 12.0 13.0 32.0 12.0 12.0 13.0 12.0 13.0 15.0 12.0 12.0 12.0 13.0 12.0 13.0 12.0 13.0 12.0 13.0 53.0 12.0 12.0 12.0 13.0 12.0 13.0 12.0 20.0 12.0 13.0 13.0 16.0 12.0 15.0 12.0 13.0 13.0 12.0 13.0 12.0 13.0 13.0 13.0 12.0 13.0 13.0 13.0 13.0 12.0 13.0 12.0 17.0 13.0 13.0 12.0 13.0 12.0 12.0 13.0 12.0 13.0 17.0 13.0 13.0 12.0 12.0 13.0 13.0 13.0 13.0 13.0 12.0 12.0 13.0 13.0 13.0 13.0 17.0 13.0 12.0 13.0 12.0 13.0 13.0 13.0 15.0 14.0 13.0 13.0 12.0 21.0 13.0 12.0 13.0 12.0 13.0 12.0 13.0 12.0 12.0 13.0 17.0 13.0 16.0 31.0 17.0 13.0 59.0 12.0 13.0 14.0 17.0 12.0 13.0 12.0 13.0 12.0 13.0 13.0 16.0 12.0 13.0 13.0 12.0 13.0 19.0 13.0 13.0 12.0 12.0 13.0 12.0 22.0 12.0 12.0 12.0 13.0 13.0 12.0 13.0 13.0 13.0 13.0 13.0 13.0 13.0 13.0 13.0 12.0 12.0 13.0 12.0 62.0 13.0 39.0 12.0 51.0 14.0 13.0 12.0 12.0 13.0 12.0 12.0 25.0 60.0 21.0 13.0 19.0 13.0 13.0 13.0 12.0 13.0 26.0 13.0 12.0 13.0 12.0 12.0 18.0 13.0 13.0 34.0 12.0 14.0 14.0 13.0 13.0 13.0 15.0 71.0 16.0 13.0 13.0 13.0 222.0 13.0 12.0 12.0 13.0 14.0 13.0 12.0 27.0 25.0 12.0 12.0 17.0 13.0 12.0 12.0 13.0 12.0
32 33 1 TRACE 21.0 17.0 36.0 17.0 158.0 17.0 18.0 17.0 47.0 18.0 16.0 17.0 17.0 23.0 17.0 16.0 35.0 17.0 17.0 17.0 76.0 17.0 17.0 17.0 17.0 21.0 17.0 59.0 31.0 17.0 17.0 17.0 17.0 17.0 24.0 17.0 63.0 76.0 16.0 17.0 16.0 17.0 18.0 40.0 16.0 17.0 17.0 16.0 40.0 17.0 17.0 26.0 17.0 22.0 16.0 16.0 17.0 18.0 17.0 17.0 17.0 17.0 17.0 16.0 17.0 16.0 16.0 17.0 16.0 17.0 25.0 17.0 16.0 27.0 16.0 18.0 16.0 16.0 56.0 31.0 16.0 16.0 24.0 17.0 17.0 18.0 17.0 18.0 16.0 17.0 17.0 16.0 17.0 110.0 17.0 17.0 24.0 32.0 26.0 17.0 51.0 18.0 17.0 17.0 17.0 53.0 17.0 17.0 17.0 28.0 17.0 29.0 17.0 16.0 22.0 22.0 17.0 17.0 17.0 16.0 16.0 17.0 17.0 16.0 52.0 17.0 17.0 17.0 50.0 17.0 17.0 51.0 16.0 17.0 27.0 22.0 16.0 17.0 34.0 16.0 52.0 18.0 61.0 18.0 17.0 17.0 16.0 16.0 136.0 17.0 16.0 17.0 57.0 111.0 53.0 27.0 16.0 22.0 17.0 16.0 16.0 16.0 46.0 16.0 16.0 16.0 16.0 18.0 17.0 17.0 17.0 16.0 17.0 48.0 17.0 21.0 70.0 17.0 50.0 17.0 72.0 44.0 16.0 16.0 66.0 46.0 17.0 20.0 16.0 17.0 21.0 16.0 61.0 17.0 17.0 17.0 17.0 21.0 34.0 16.0 16.0 17.0 16.0 17.0 23.0 17.0 18.0 17.0 17.0 21.0 61.0 17.0 17.0 28.0 31.0 18.0 44.0 55.0 19.0 18.0 17.0 135.0 18.0 29.0 72.0 108.0 16.0 17.0 16.0 17.0 16.0 16.0 17.0 17.0 16.0 16.0 17.0 17.0
33 34 1 TRACE 702.0 863.0 1722.0 327.0 344.0 516.0 391.0 346.0 302.0 308.0 1885.0 429.0 238.0 340.0 3662.0 430.0 199.0 350.0 3508.0 432.0 470.0 460.0 383.0 335.0 724.0 445.0 229.0 203.0 1126.0 434.0 227.0 291.0 252.0 417.0 265.0 398.0 406.0 227.0 782.0 451.0 214.0 420.0 1555.0 408.0 257.0 290.0 387.0 296.0 300.0 379.0 251.0 484.0 423.0 354.0 198.0 1023.0 932.0 308.0 337.0 305.0 527.0 346.0 333.0 520.0 396.0 373.0 253.0 167.0 540.0 372.0 329.0 304.0 226.0 445.0 238.0 280.0 428.0 301.0 292.0 400.0 246.0 296.0 2249.0 497.0 224.0 362.0 485.0 468.0 592.0 449.0 332.0 243.0 327.0 3668.0 401.0 168.0 443.0 411.0 308.0 336.0 700.0 528.0 350.0 345.0 1546.0 439.0 351.0 727.0 445.0 315.0 197.0 1030.0 445.0 578.0 463.0 282.0 1906.0 417.0 222.0 276.0 350.0 363.0 406.0 382.0 311.0 285.0 426.0 344.0 191.0 449.0 449.0 366.0 308.0 526.0 482.0 309.0 355.0 1789.0 353.0 259.0 342.0 422.0 491.0 175.0 664.0 393.0 355.0 181.0 371.0 389.0 374.0 189.0 334.0 464.0 306.0 757.0 374.0 325.0 308.0 349.0 344.0 294.0 1367.0 463.0 303.0 171.0 395.0 374.0 383.0 289.0 321.0 358.0 224.0 1571.0 448.0 241.0 485.0 397.0 298.0 214.0 399.0 379.0 347.0 181.0 267.0 2299.0 435.0 159.0 259.0 3023.0 352.0 229.0 524.0 419.0 335.0 266.0 502.0 370.0 314.0 217.0 784.0 444.0 219.0 335.0 709.0 441.0 270.0 313.0 1368.0 409.0 211.0 310.0 604.0 645.0 519.0 382.0 1004.0 381.0 363.0 200.0 435.0 365.0 322.0 161.0 547.0 444.0 387.0 257.0 1010.0 534.0 372.0 529.0 430.0 401.0 288.0 662.0 402.0 316.0
34 35 1 TRACE 887.0 77.0 90.0 43.0 55.0 49.0 48.0 17.0 38.0 52.0 380.0 47.0 60.0 53.0 262.0 193.0 16.0 128.0 395.0 46.0 17.0 75.0 44.0 86.0 333.0 126.0 16.0 53.0 341.0 86.0 16.0 45.0 55.0 45.0 41.0 50.0 50.0 44.0 125.0 46.0 23.0 45.0 74.0 73.0 16.0 241.0 48.0 38.0 82.0 44.0 43.0 105.0 112.0 39.0 43.0 186.0 72.0 38.0 49.0 49.0 54.0 38.0 51.0 207.0 117.0 45.0 24.0 44.0 193.0 46.0 38.0 44.0 46.0 114.0 16.0 50.0 50.0 19.0 183.0 63.0 17.0 43.0 159.0 58.0 44.0 243.0 44.0 62.0 147.0 46.0 45.0 31.0 51.0 114.0 47.0 16.0 130.0 53.0 16.0 44.0 48.0 141.0 37.0 47.0 170.0 46.0 49.0 149.0 91.0 38.0 45.0 315.0 371.0 17.0 41.0 45.0 148.0 45.0 16.0 44.0 123.0 44.0 54.0 128.0 60.0 43.0 51.0 44.0 44.0 342.0 139.0 44.0 45.0 93.0 80.0 42.0 47.0 154.0 58.0 16.0 331.0 57.0 77.0 18.0 293.0 311.0 37.0 16.0 639.0 231.0 37.0 16.0 91.0 215.0 41.0 309.0 103.0 17.0 40.0 191.0 45.0 147.0 147.0 677.0 16.0 52.0 158.0 46.0 43.0 39.0 52.0 38.0 44.0 264.0 46.0 17.0 513.0 45.0 43.0 51.0 117.0 47.0 46.0 16.0 45.0 91.0 77.0 16.0 158.0 215.0 47.0 16.0 75.0 51.0 37.0 80.0 114.0 49.0 16.0 324.0 130.0 46.0 16.0 42.0 264.0 138.0 16.0 46.0 417.0 96.0 16.0 45.0 190.0 200.0 100.0 67.0 256.0 87.0 44.0 46.0 229.0 64.0 16.0 43.0 197.0 49.0 59.0 49.0 241.0 94.0 18.0 90.0 78.0 44.0 16.0 130.0 192.0 36.0
35 36 1 TRACE 207.0 47.0 38.0 38.0 40.0 47.0 46.0 14.0 35.0 43.0 314.0 67.0 36.0 104.0 217.0 40.0 15.0 116.0 332.0 42.0 15.0 151.0 40.0 44.0 134.0 203.0 16.0 47.0 139.0 97.0 14.0 45.0 50.0 46.0 38.0 50.0 41.0 39.0 79.0 42.0 15.0 50.0 106.0 77.0 49.0 134.0 41.0 35.0 59.0 40.0 42.0 78.0 66.0 36.0 40.0 70.0 98.0 42.0 36.0 48.0 53.0 50.0 41.0 134.0 75.0 40.0 21.0 39.0 331.0 205.0 34.0 39.0 44.0 85.0 15.0 44.0 39.0 14.0 130.0 41.0 14.0 38.0 138.0 42.0 40.0 482.0 40.0 41.0 214.0 43.0 36.0 14.0 42.0 259.0 41.0 15.0 70.0 44.0 14.0 45.0 56.0 119.0 35.0 40.0 171.0 43.0 40.0 195.0 119.0 39.0 40.0 276.0 46.0 15.0 36.0 42.0 459.0 43.0 14.0 40.0 143.0 39.0 42.0 741.0 40.0 72.0 259.0 56.0 45.0 339.0 109.0 35.0 40.0 320.0 143.0 35.0 407.0 120.0 42.0 14.0 69.0 47.0 40.0 37.0 315.0 79.0 35.0 14.0 121.0 49.0 36.0 14.0 60.0 98.0 39.0 175.0 144.0 15.0 37.0 380.0 39.0 92.0 306.0 125.0 15.0 40.0 183.0 45.0 40.0 45.0 59.0 35.0 40.0 210.0 84.0 15.0 470.0 43.0 109.0 40.0 165.0 45.0 38.0 14.0 42.0 137.0 42.0 14.0 176.0 197.0 42.0 14.0 111.0 44.0 36.0 83.0 116.0 44.0 14.0 43.0 266.0 123.0 14.0 38.0 251.0 91.0 14.0 41.0 257.0 127.0 14.0 288.0 117.0 190.0 76.0 49.0 69.0 116.0 35.0 41.0 555.0 113.0 15.0 39.0 302.0 78.0 45.0 44.0 334.0 71.0 15.0 69.0 115.0 52.0 14.0 71.0 62.0 34.0
36 37 1 TRACE 310.0 172.0 1158.0 505.0 24.0 204.0 118.0 205.0 23.0 150.0 1278.0 60.0 51.0 278.0 2050.0 184.0 116.0 90.0 2752.0 118.0 155.0 72.0 358.0 1138.0 911.0 99.0 101.0 178.0 470.0 89.0 115.0 24.0 92.0 65.0 46.0 76.0 167.0 92.0 325.0 174.0 198.0 350.0 823.0 250.0 87.0 150.0 97.0 31.0 1141.0 121.0 42.0 160.0 299.0 88.0 35.0 498.0 624.0 291.0 166.0 226.0 87.0 91.0 418.0 350.0 223.0 112.0 108.0 284.0 532.0 227.0 140.0 24.0 31.0 26.0 140.0 86.0 26.0 121.0 789.0 257.0 151.0 235.0 1159.0 26.0 59.0 379.0 42.0 68.0 605.0 46.0 24.0 88.0 102.0 1936.0 31.0 228.0 106.0 139.0 89.0 25.0 208.0 186.0 58.0 112.0 865.0 97.0 276.0 429.0 203.0 85.0 345.0 764.0 218.0 453.0 25.0 261.0 1818.0 137.0 109.0 308.0 81.0 96.0 190.0 242.0 202.0 54.0 168.0 106.0 159.0 244.0 339.0 246.0 392.0 333.0 151.0 172.0 195.0 981.0 415.0 154.0 77.0 114.0 122.0 104.0 503.0 167.0 287.0 360.0 58.0 99.0 347.0 94.0 34.0 25.0 608.0 273.0 690.0 119.0 94.0 418.0 135.0 31.0 921.0 27.0 119.0 71.0 1005.0 182.0 33.0 25.0 258.0 275.0 32.0 694.0 81.0 77.0 62.0 290.0 228.0 24.0 137.0 48.0 222.0 115.0 156.0 1107.0 315.0 99.0 151.0 1880.0 125.0 78.0 532.0 105.0 66.0 63.0 324.0 67.0 122.0 25.0 302.0 40.0 185.0 122.0 278.0 28.0 128.0 95.0 1275.0 1185.0 170.0 544.0 155.0 333.0 218.0 255.0 496.0 44.0 62.0 49.0 126.0 1206.0 90.0 41.0 697.0 144.0 23.0 38.0 743.0 195.0 113.0 202.0 46.0 118.0 132.0 157.0 155.0 290.0
37 38 1 TRACE 67.0 99.0 325.0 36.0 42.0 50.0 28.0 27.0 27.0 80.0 198.0 38.0 128.0 317.0 295.0 74.0 27.0 87.0 298.0 138.0 56.0 44.0 62.0 112.0 92.0 127.0 25.0 100.0 99.0 27.0 27.0 29.0 61.0 29.0 64.0 29.0 31.0 27.0 163.0 167.0 24.0 66.0 224.0 62.0 29.0 38.0 27.0 26.0 31.0 28.0 69.0 70.0 112.0 38.0 35.0 100.0 28.0 36.0 34.0 71.0 28.0 29.0 99.0 48.0 159.0 27.0 27.0 34.0 58.0 57.0 26.0 35.0 31.0 27.0 29.0 36.0 64.0 27.0 49.0 91.0 35.0 27.0 232.0 28.0 27.0 142.0 28.0 89.0 102.0 73.0 151.0 66.0 29.0 348.0 31.0 44.0 49.0 28.0 26.0 351.0 67.0 30.0 79.0 39.0 180.0 135.0 29.0 90.0 70.0 95.0 25.0 117.0 127.0 48.0 29.0 32.0 282.0 68.0 28.0 201.0 66.0 34.0 79.0 37.0 30.0 155.0 104.0 40.0 41.0 142.0 58.0 56.0 102.0 83.0 67.0 42.0 92.0 211.0 71.0 92.0 36.0 28.0 26.0 26.0 69.0 237.0 42.0 351.0 95.0 33.0 26.0 27.0 41.0 28.0 108.0 244.0 48.0 53.0 26.0 40.0 30.0 30.0 173.0 30.0 60.0 43.0 59.0 34.0 28.0 27.0 105.0 52.0 29.0 154.0 102.0 102.0 73.0 36.0 64.0 487.0 39.0 28.0 102.0 135.0 32.0 197.0 206.0 30.0 33.0 269.0 64.0 26.0 56.0 30.0 26.0 109.0 75.0 43.0 62.0 29.0 67.0 50.0 28.0 68.0 187.0 42.0 26.0 68.0 125.0 35.0 130.0 30.0 100.0 76.0 85.0 54.0 138.0 28.0 62.0 57.0 71.0 122.0 80.0 27.0 62.0 60.0 27.0 28.0 125.0 65.0 65.0 96.0 28.0 36.0 79.0 57.0 27.0 50.0
38 39 1 TRACE 39.0 95.0 126.0 39.0 28.0 38.0 29.0 24.0 63.0 34.0 26.0 37.0 61.0 40.0 26.0 31.0 37.0 37.0 74.0 337.0 63.0 25.0 23.0 80.0 25.0 104.0 29.0 45.0 30.0 82.0 31.0 64.0 26.0 22.0 21.0 31.0 61.0 22.0 169.0 33.0 25.0 34.0 110.0 23.0 24.0 26.0 22.0 23.0 24.0 22.0 28.0 35.0 24.0 66.0 85.0 25.0 74.0 34.0 22.0 43.0 23.0 105.0 62.0 25.0 101.0 43.0 23.0 82.0 25.0 47.0 59.0 23.0 30.0 57.0 24.0 25.0 156.0 22.0 23.0 32.0 27.0 38.0 70.0 23.0 56.0 35.0 23.0 27.0 27.0 81.0 120.0 33.0 94.0 63.0 25.0 86.0 26.0 22.0 95.0 197.0 24.0 41.0 44.0 23.0 23.0 79.0 28.0 24.0 104.0 29.0 145.0 61.0 56.0 28.0 23.0 32.0 61.0 25.0 23.0 82.0 26.0 26.0 47.0 25.0 45.0 423.0 61.0 23.0 50.0 99.0 36.0 222.0 41.0 55.0 101.0 25.0 83.0 53.0 257.0 35.0 33.0 23.0 23.0 25.0 49.0 93.0 63.0 197.0 41.0 25.0 95.0 63.0 45.0 66.0 20.0 70.0 20.0 86.0 41.0 22.0 23.0 23.0 60.0 22.0 24.0 36.0 56.0 27.0 25.0 83.0 81.0 53.0 61.0 25.0 23.0 22.0 33.0 22.0 23.0 287.0 25.0 24.0 44.0 34.0 35.0 30.0 65.0 24.0 60.0 25.0 60.0 22.0 30.0 47.0 31.0 24.0 44.0 72.0 68.0 22.0 124.0 60.0 25.0 74.0 43.0 22.0 30.0 63.0 25.0 123.0 27.0 65.0 21.0 98.0 76.0 47.0 91.0 58.0 37.0 71.0 62.0 257.0 77.0 25.0 37.0 24.0 58.0 24.0 169.0 56.0 56.0 138.0 23.0 98.0 333.0 25.0 79.0 67.0
39 25 1 TRACE 15.0 16.0 16.0 16.0 20.0 16.0 15.0 15.0 31.0 27.0 17.0 21.0 17.0 17.0 15.0 16.0 16.0 15.0 57.0 16.0 15.0 17.0 43.0 16.0 21.0 32.0 16.0 16.0 16.0 18.0 15.0 51.0 16.0 16.0 16.0 20.0 16.0 16.0 16.0 30.0 25.0 28.0 15.0 15.0 15.0 55.0 16.0 16.0 15.0 177.0 18.0 31.0 15.0 16.0 16.0 38.0 15.0 107.0 28.0 41.0 16.0 20.0 54.0 33.0 19.0 15.0 19.0 18.0 15.0 19.0 17.0 22.0 74.0 16.0 26.0 15.0 15.0 210.0 17.0 16.0 16.0 25.0 21.0 16.0 15.0 36.0 32.0 15.0 20.0 16.0 19.0 16.0 15.0 15.0 59.0 58.0 71.0 52.0 29.0 28.0 17.0 105.0 147.0 15.0 16.0 15.0 16.0 15.0 223.0 15.0
39 40 1 TRACE 134.0 32.0 30.0 37.0 63.0 30.0 177.0 42.0 62.0 26.0 36.0 104.0 25.0 25.0 32.0 26.0 27.0 34.0 26.0 25.0 25.0 25.0 153.0 216.0 26.0 35.0 24.0 63.0 31.0 28.0 39.0 44.0 39.0 25.0 38.0 86.0 49.0 58.0 28.0 97.0 35.0 33.0 186.0 64.0 119.0 68.0 78.0 28.0 39.0 34.0 31.0 27.0 64.0 107.0 133.0 25.0 26.0 44.0 91.0 27.0 35.0 62.0 28.0 29.0
39 51 1 TRACE 45.0 26.0 25.0 49.0 88.0 42.0 58.0 29.0 29.0 26.0 94.0 26.0 35.0 27.0 25.0 26.0 61.0 29.0 63.0 26.0 43.0 29.0 37.0 26.0 25.0 24.0 42.0 71.0 57.0 63.0 25.0 94.0 58.0 60.0 28.0 48.0 25.0 54.0 27.0 44.0 28.0 27.0 67.0 29.0 37.0 26.0 36.0 63.0 25.0 62.0 60.0 35.0 47.0 26.0 34.0 26.0 33.0 80.0 43.0 34.0 70.0 25.0 56.0 65.0
40 41 1 TRACE 148.0 135.0 347.0 444.0 440.0 126.0 192.0 237.0 122.0 124.0 185.0 273.0 125.0 123.0 138.0 241.0 131.0 138.0 150.0 122.0 127.0 125.0 351.0 133.0 163.0 469.0 140.0 201.0 297.0 158.0 198.0 324.0 127.0 125.0 127.0 185.0 143.0 324.0 130.0 152.0 135.0 123.0 182.0 127.0 291.0 137.0 125.0 274.0 134.0 130.0 343.0 431.0 133.0 137.0 190.0 160.0 252.0 138.0 237.0 145.0 152.0 240.0 136.0 154.0
41 42 1 TRACE 20.0 49.0 13.0 16.0 13.0 14.0 14.0 13.0 12.0 29.0 13.0 13.0 89.0 34.0 12.0 13.0 13.0 13.0 13.0 13.0 18.0 12.0 20.0 17.0 13.0 13.0 60.0 13.0 19.0 13.0 13.0 21.0 13.0 14.0 12.0 13.0 14.0 13.0 13.0 14.0 12.0 12.0 12.0 14.0 13.0 83.0 13.0 15.0 13.0 50.0 63.0 13.0 12.0 15.0 13.0 13.0 14.0 13.0 13.0 44.0 13.0 18.0 13.0 13.0 14.0 12.0 13.0 26.0 13.0 14.0 14.0 13.0 12.0 101.0 14.0 13.0 14.0 14.0 13.0 16.0 12.0 14.0 13.0 13.0 14.0 14.0 12.0 14.0 13.0 13.0 14.0 13.0 13.0 14.0 13.0 13.0 13.0 13.0 28.0 13.0 31.0 182.0 13.0 13.0 13.0 14.0 30.0 12.0 12.0 13.0 13.0 13.0 13.0 41.0 17.0 23.0 14.0 14.0 13.0 12.0 13.0 14.0 45.0 17.0 12.0 13.0 13.0 13.0 12.0 13.0 13.0 16.0 13.0 13.0 13.0 13.0 23.0 12.0 13.0 14.0 13.0 13.0 13.0 13.0 13.0 13.0 14.0 13.0 12.0 14.0 18.0 12.0 13.0 13.0 12.0 29.0 14.0 13.0 13.0 13.0 13.0 13.0 14.0 13.0 13.0 28.0 14.0 12.0 249.0 13.0 16.0 14.0 139.0 12.0 13.0 13.0 13.0 14.0 12.0 12.0 13.0 13.0 13.0 14.0 13.0 13.0 14.0 13.0 90.0 15.0 14.0 14.0 14.0 13.0 13.0 38.0 12.0 13.0 13.0 15.0 12.0 13.0 12.0 24.0 13.0 13.0 12.0
42 43 1 TRACE 16.0 12.0 12.0 11.0 12.0 11.0 12.0 11.0 12.0 11.0 12.0 12.0 12.0 11.0 11.0 11.0 11.0 11.0 12.0 12.0 12.0 12.0 12.0 11.0 11.0 12.0 12.0 11.0 12.0 12.0 11.0 11.0 11.0 11.0 12.0 12.0 12.0 11.0 11.0 11.0 12.0 11.0 11.0 11.0 11.0 12.0 12.0 11.0 12.0 11.0 12.0 11.0 12.0 12.0 11.0 11.0 17.0 11.0 11.0 12.0 11.0 11.0 11.0 12.0 12.0 12.0 11.0 11.0 11.0 12.0 11.0 11.0 11.0 11.0 12.0 11.0 11.0 12.0 12.0 11.0 12.0 12.0 11.0 12.0 12.0 14.0 12.0 12.0 11.0 11.0 12.0 12.0 11.0 12.0 12.0 12.0 11.0 12.0 12.0 12.0 11.0 12.0 12.0 11.0 11.0 12.0 12.0 12.0 11.0 11.0 12.0 11.0 12.0 12.0 11.0 16.0 12.0 11.0 12.0 12.0 12.0 11.0 11.0 11.0 12.0 11.0 12.0 12.0 11.0 12.0 11.0 12.0 12.0 11.0 11.0 12.0 12.0 12.0 11.0 11.0 11.0 12.0 12.0 12.0 11.0 11.0 11.0 11.0 11.0 11.0 11.0 12.0 11.0 11.0 12.0 11.0 12.0 12.0 12.0 12.0 11.0 11.0 12.0 11.0 12.0 12.0 12.0 12.0 12.0 11.0 11.0 12.0 12.0 11.0 12.0 68.0 12.0 11.0 12.0 12.0 11.0 11.0 12.0 11.0 11.0 11.0 12.0 11.0 14.0 14.0 12.0 12.0 11.0 11.0 12.0 12.0 12.0 12.0 12.0 12.0 11.0 11.0 12.0 16.0 12.0 12.0 11.0
43 44 1 TRACE 13.0 8.0 8.0 9.0 12.0 9.0 9.0 9.0 9.0 9.0 8.0 9.0 8.0 9.0 9.0 9.0 9.0 8.0 8.0 9.0 9.0 9.0 9.0 8.0 9.0 9.0 9.0 9.0 9.0 9.0 8.0 9.0 8.0 9.0 9.0 9.0 8.0 9.0 9.0 9.0 9.0 9.0 8.0 9.0 9.0 8.0 9.0 9.0 9.0 9.0 9.0 9.0 9.0 9.0 9.0 9.0 10.0 9.0 8.0 9.0 9.0 9.0 8.0 9.0 9.0 9.0 9.0 9.0 8.0 8.0 8.0 9.0 9.0 9.0 9.0 9.0 9.0 9.0 9.0 9.0 9.0 8.0 9.0 9.0 9.0 9.0 9.0 8.0 8.0 8.0 9.0 9.0 9.0 9.0 9.0 8.0 9.0 8.0 9.0 8.0 9.0 9.0 9.0 9.0 9.0 8.0 9.0 9.0 9.0 9.0 8.0 8.0 8.0 8.0 9.0 9.0 9.0 8.0 9.0 8.0 8.0 9.0 9.0 9.0 8.0 9.0 8.0 9.0 9.0 8.0 8.0 8.0 8.0 9.0 8.0 8.0 8.0 9.0 8.0 9.0 9.0 8.0 8.0 9.0 9.0 8.0 9.0 9.0 8.0 8.0 9.0 9.0 9.0 9.0 9.0 9.0 9.0 9.0 9.0 8.0 9.0 9.0 9.0 9.0 8.0 9.0 9.0 9.0 8.0 8.0 9.0 9.0 8.0 8.0 9.0 9.0 9.0 8.0 9.0 9.0 9.0 9.0 9.0 9.0 9.0 8.0 9.0 9.0 11.0 10.0 10.0 9.0 9.0 9.0 8.0 9.0 9.0 9.0 9.0 9.0 9.0 9.0 9.0 8.0 9.0 8.0 9.0
44 45 1 TRACE 166.0 195.0 136.0 298.0 76.0 269.0 267.0 78.0 52.0 113.0 54.0 368.0 115.0 215.0 57.0 119.0 58.0 55.0 51.0 150.0 55.0 60.0 179.0 351.0 122.0 110.0 250.0 54.0 54.0 109.0 157.0 62.0 178.0 86.0 142.0 177.0 333.0 59.0 56.0 53.0 55.0 54.0 56.0 102.0 52.0 94.0 103.0 80.0 157.0 126.0 121.0 58.0 284.0 104.0 56.0 53.0 52.0 96.0 491.0 137.0 55.0 122.0 65.0 81.0 214.0 53.0 101.0 259.0 73.0 95.0 56.0 166.0 60.0 114.0 118.0 221.0 109.0 528.0 60.0 69.0 98.0 145.0 61.0 142.0 108.0 133.0 93.0 231.0 91.0 98.0 60.0 54.0 63.0 58.0 626.0 108.0 136.0 55.0 98.0 123.0 337.0 97.0 160.0 79.0 431.0 143.0 201.0 127.0 581.0 113.0 54.0 61.0 317.0 126.0 73.0 134.0 53.0 56.0 54.0 107.0 127.0 123.0 63.0 82.0 234.0 154.0 125.0 149.0 59.0 374.0 58.0 355.0 164.0 55.0 409.0 59.0 303.0 258.0 61.0 117.0 133.0 63.0 112.0 57.0 90.0 61.0 122.0 95.0 60.0 52.0 114.0 136.0 171.0 282.0 52.0 120.0 89.0 62.0 61.0 539.0 148.0 56.0 89.0 53.0 54.0 69.0 51.0 51.0 143.0 52.0 152.0 81.0 216.0 486.0 157.0 90.0 108.0 63.0 54.0 66.0 100.0 93.0 97.0 342.0 132.0 66.0 100.0 109.0 192.0 201.0 105.0 99.0 726.0 52.0 76.0 123.0 86.0 55.0 120.0 84.0 91.0 154.0 194.0 525.0 55.0 422.0 110.0
45 46 1 TRACE 35.0 18.0 55.0 20.0 19.0 17.0 19.0 20.0 18.0 19.0 24.0 91.0 31.0 20.0 18.0 20.0 26.0 17.0 16.0 18.0 18.0 91.0 23.0 21.0 35.0 35.0 25.0 17.0 19.0 18.0 22.0 18.0 64.0 18.0 21.0 51.0 157.0 20.0 18.0 17.0 19.0 25.0 18.0 20.0 17.0 20.0 20.0 18.0 65.0 70.0 17.0 19.0 65.0 18.0 17.0 20.0 16.0 35.0 17.0 17.0 19.0 38.0 17.0 18.0 17.0 17.0 30.0 73.0 16.0 20.0 17.0 25.0 30.0 18.0 18.0 97.0 50.0 17.0 17.0 17.0 39.0 99.0 17.0 32.0 102.0 35.0 16.0 193.0 18.0 92.0 18.0 16.0 41.0 35.0 30.0 16.0 40.0 17.0 32.0 17.0 166.0 17.0 19.0 74.0 123.0 47.0 133.0 18.0 31.0 16.0 19.0 18.0 17.0 19.0 36.0 65.0 120.0 18.0 27.0 34.0 102.0 79.0 20.0 18.0 895.0 19.0 19.0 46.0 20.0 94.0 16.0 136.0 81.0 23.0 19.0 32.0 25.0 17.0 22.0 18.0 22.0 17.0 55.0 18.0 25.0 18.0 18.0 19.0 17.0 18.0 21.0 30.0 30.0 23.0 17.0 23.0 25.0 17.0 16.0 144.0 81.0 16.0 17.0 46.0 57.0 17.0 18.0 17.0 58.0 16.0 17.0 17.0 19.0 220.0 17.0 52.0 18.0 18.0 17.0 167.0 16.0 16.0 49.0 18.0 32.0 18.0 19.0 17.0 20.0 19.0 20.0 51.0 30.0 52.0 21.0 42.0 26.0 19.0 23.0 18.0 44.0 169.0 16.0 49.0 18.0 18.0 38.0
46 47 1 TRACE 1486.0 438.0 265.0 1292.0 473.0 283.0 766.0 291.0 268.0 752.0 340.0 356.0 787.0 285.0 263.0 1217.0 487.0 269.0 264.0 993.0 337.0 359.0 905.0 322.0 284.0 1210.0 578.0 270.0 265.0 1204.0 531.0 272.0 263.0 995.0 344.0 264.0 814.0 314.0 272.0 1253.0 492.0 281.0 263.0 1202.0 564.0 278.0 303.0 1291.0 413.0 265.0 906.0 328.0 264.0 1260.0 481.0 267.0 1355.0 527.0 346.0 1236.0 374.0 278.0 1207.0 595.0 278.0 271.0 1234.0 463.0 266.0 296.0 1234.0 486.0 296.0 284.0 773.0 289.0 264.0 1255.0 482.0 275.0 270.0 1131.0 356.0 264.0 806.0 275.0 271.0 1514.0 393.0 456.0 1126.0 362.0 320.0 789.0 300.0 271.0 1164.0 377.0 295.0 958.0 329.0 263.0 813.0 291.0 263.0 1246.0 462.0 332.0 264.0 1234.0 477.0 267.0 272.0 1243.0 462.0 267.0 263.0 1306.0 398.0 287.0 1313.0 533.0 265.0 779.0 494.0 269.0 1452.0 433.0 265.0 1213.0 452.0 293.0 1340.0 414.0 266.0 1200.0 567.0 276.0 323.0 1007.0 347.0 307.0 1264.0 460.0 280.0 272.0 785.0 291.0 255.0 1316.0 453.0 305.0 1211.0 529.0 257.0 263.0 800.0 304.0 259.0 1264.0 416.0 259.0 1314.0 431.0 256.0 770.0 285.0 256.0 735.0 269.0 262.0 1269.0 419.0 256.0 1372.0 401.0 256.0 1108.0 362.0 265.0 1184.0 358.0 261.0 822.0 310.0 254.0 1281.0 397.0 349.0 1133.0 380.0 265.0 1253.0 379.0 257.0 1210.0 366.0 295.0 878.0 314.0 256.0 1286.0 406.0 255.0 1239.0 364.0 315.0
47 48 1 TRACE 13.0 10.0 23.0 10.0 10.0 8.0 9.0 14.0 10.0 10.0 8.0 10.0 10.0 10.0 10.0 9.0 26.0 41.0 16.0 10.0 8.0 10.0 10.0 10.0 14.0 8.0 9.0 10.0 10.0 10.0 8.0 10.0 15.0 18.0 10.0 8.0 11.0 10.0 10.0 10.0 8.0 10.0 9.0 12.0 10.0 8.0 10.0 10.0 16.0 12.0 8.0 10.0 11.0 10.0 10.0 8.0 10.0 10.0 10.0 11.0 8.0 10.0 10.0 14.0 10.0 8.0 10.0 15.0 10.0 9.0 8.0 11.0 11.0 10.0 10.0 9.0 11.0 41.0 13.0 10.0 8.0 9.0 10.0 11.0 10.0 8.0 11.0 10.0 10.0 10.0 8.0 10.0 10.0 10.0 10.0 8.0 10.0 10.0 12.0 10.0 8.0 11.0 20.0 10.0 11.0 8.0 10.0 10.0 10.0 10.0 9.0 32.0 16.0 14.0 18.0 8.0 10.0 10.0 45.0 10.0 8.0 10.0 11.0 10.0 10.0 9.0 10.0 24.0 11.0 10.0 8.0 10.0 10.0 17.0 10.0 8.0 11.0 10.0 10.0 10.0 8.0 15.0 10.0 10.0 10.0 8.0 10.0 31.0 13.0 10.0 8.0 10.0 11.0 13.0 10.0 8.0 10.0 10.0 10.0 10.0 8.0 14.0 9.0 10.0 12.0 9.0 10.0 17.0 12.0 11.0 9.0 10.0 16.0 10.0 11.0 8.0 10.0 10.0 12.0 11.0 8.0 24.0 10.0 17.0 10.0 8.0 11.0 10.0 10.0 10.0 8.0 10.0 10.0 10.0 10.0 9.0 17.0 18.0 10.0 10.0 8.0 10.0 15.0 11.0 11.0 8.0 10.0 9.0 9.0 10.0 8.0 10.0 10.0 11.0 10.0 8.0 11.0 40.0 10.0 10.0 8.0 10.0 23.0 13.0 10.0 9.0 9.0 10.0 10.0 10.0 8.0 11.0 10.0 11.0 10.0 9.0 26.0 92.0 15.0 11.0 8.0 32.0 10.0 10.0 10.0 8.0 9.0 10.0 10.0 10.0 8.0 14.0 18.0 11.0 10.0 8.0 19.0 14.0 12.0 10.0 8.0 10.0 15.0 10.0 10.0 8.0 10.0 35.0 25.0 24.0 8.0 36.0 15.0 11.0 10.0 9.0 9.0 17.0 10.0 10.0 8.0 10.0 10.0 17.0 10.0 8.0 11.0 15.0 10.0 12.0 8.0 10.0 10.0 10.0 10.0 8.0 10.0 10.0 14.0 10.0 8.0 9.0 55.0 10.0 10.0 9.0 11.0 10.0 10.0 10.0 8.0 47.0 76.0 65.0 15.0 8.0 10.0 11.0 11.0 10.0 8.0 9.0 10.0 10.0 10.0 8.0 9.0 12.0 10.0 10.0 8.0 10.0 75.0 24.0 10.0 9.0 16.0 14.0 13.0 10.0 8.0 9.0 11.0 9.0 10.0 8.0 10.0 10.0 10.0 10.0 8.0 27.0 20.0 15.0 11.0 8.0 18.0 10.0 14.0 18.0 8.0 16.0 11.0 11.0 10.0 8.0 10.0 10.0 10.0 10.0 8.0 11.0 10.0 11.0 11.0 8.0 10.0 11.0 10.0 10.0 8.0 12.0 17.0 10.0 11.0 8.0 13.0 42.0 11.0 25.0 8.0 10.0 20.0 11.0 10.0 25.0 10.0 11.0 10.0 10.0 8.0 11.0 11.0 10.0 24.0 9.0 10.0 19.0 11.0 10.0 8.0 14.0 10.0 12.0 11.0 8.0 17.0 10.0 10.0 10.0 9.0 10.0 10.0 15.0 10.0 8.0 9.0 10.0 9.0 20.0 8.0 12.0 10.0 9.0 10.0 9.0 10.0 15.0 10.0 10.0 8.0 13.0 16.0 11.0 10.0 8.0 13.0 11.0 9.0 10.0 8.0 10.0 16.0 10.0 10.0 9.0 10.0 15.0 10.0 10.0 8.0 11.0 10.0 20.0 10.0 8.0 10.0 12.0 11.0 11.0 8.0 10.0 10.0 10.0 10.0 8.0 10.0 10.0 10.0 10.0 8.0 10.0 10.0 14.0 10.0 8.0 10.0 20.0 12.0 10.0 8.0 10.0 10.0 10.0 10.0 8.0 12.0 11.0 10.0 12.0 8.0 9.0 12.0 10.0 10.0 8.0 10.0 11.0 10.0 10.0 9.0 10.0 16.0 18.0 13.0 8.0 10.0 11.0 21.0 9.0 8.0 10.0 10.0 10.0 10.0 8.0 10.0 23.0 11.0 10.0 9.0 13.0 44.0 25.0 11.0 8.0 10.0 12.0 10.0 44.0 8.0 11.0 10.0 9.0 9.0 9.0 10.0 33.0 15.0 10.0 8.0 20.0 16.0 14.0 10.0 8.0 17.0 10.0 10.0 10.0 8.0 9.0 10.0 10.0 10.0 9.0 10.0 18.0 23.0 10.0 8.0 10.0 17.0 16.0 11.0 8.0 10.0 9.0 9.0 10.0 8.0 13.0 9.0 10.0 10.0 8.0 18.0 15.0 13.0 12.0 9.0 10.0 15.0 10.0 13.0 9.0 10.0 10.0 10.0 10.0 8.0 65.0 10.0 11.0 10.0 8.0 9.0 12.0 13.0 11.0 8.0 10.0 10.0 10.0 10.0 8.0 10.0 13.0 10.0 14.0 9.0 10.0 10.0 16.0 10.0 8.0 11.0 10.0 9.0 10.0 8.0 16.0 10.0 11.0 10.0 8.0 11.0 16.0 10.0 10.0 8.0 10.0 10.0 10.0 10.0 8.0 18.0 13.0 10.0 10.0 8.0 10.0 10.0 11.0 10.0 8.0 13.0 9.0 10.0 9.0 9.0 25.0 10.0 10.0 10.0 9.0 10.0 11.0 11.0 10.0 8.0 10.0 13.0 10.0 10.0 9.0 10.0 29.0 10.0 24.0 8.0 9.0 11.0 11.0 10.0 9.0 10.0 10.0 9.0 10.0 8.0 11.0 10.0 10.0 11.0 8.0 11.0 15.0 10.0 11.0 8.0 11.0 12.0 9.0 10.0 7.0 10.0 10.0 11.0 10.0 8.0 10.0 38.0 21.0 10.0 8.0 9.0 9.0 10.0 10.0 8.0 10.0 11.0 9.0 10.0 8.0 10.0 10.0 10.0 10.0 8.0 11.0 15.0 10.0 10.0 8.0 10.0 14.0 10.0 10.0 8.0 11.0 11.0 10.0 10.0 8.0 10.0 10.0 10.0 10.0 8.0 45.0 10.0 10.0 10.0 8.0 10.0 10.0 9.0 10.0 9.0 31.0 47.0 13.0 11.0 8.0 11.0 11.0 12.0 10.0 7.0 11.0 10.0 9.0 10.0 8.0 10.0 10.0 10.0 9.0 8.0 10.0 12.0 11.0 11.0 9.0 11.0 11.0 10.0 9.0 8.0 11.0 10.0 10.0 10.0 8.0 16.0 19.0 11.0 15.0 9.0 11.0 13.0 10.0 11.0 8.0 10.0 47.0 10.0 10.0 9.0 10.0 11.0 14.0 10.0 9.0 9.0 9.0 9.0 10.0 8.0 11.0 10.0 11.0 10.0 8.0 11.0 12.0 10.0 11.0 8.0 10.0 16.0 10.0 10.0 8.0 10.0 10.0 10.0 10.0 9.0 10.0 10.0 10.0 11.0 8.0 18.0 11.0 12.0 37.0 8.0 10.0 10.0 9.0 9.0 8.0 11.0 16.0 57.0 10.0 8.0 15.0 10.0 11.0 10.0 8.0 10.0 9.0 11.0 10.0 8.0 9.0 15.0 10.0 10.0 8.0 10.0 10.0 9.0 10.0 8.0 9.0 10.0 10.0 10.0 8.0 10.0 14.0 10.0 10.0 8.0 10.0 16.0 10.0 10.0 8.0 13.0 10.0 10.0 12.0 9.0 10.0 10.0 10.0 10.0 8.0 20.0 14.0 10.0 10.0 8.0 10.0 10.0 10.0 10.0 8.0 25.0 11.0 15.0 10.0 8.0 12.0 14.0 13.0 15.0 8.0 11.0 11.0 10.0 10.0 9.0 10.0 10.0 17.0 12.0 8.0 10.0 11.0 10.0 10.0 8.0 12.0 23.0 12.0 22.0 10.0 43.0 17.0 28.0 11.0 9.0 12.0 10.0 15.0 10.0 8.0 10.0 40.0 12.0 11.0 9.0 20.0 17.0 10.0 11.0 8.0 10.0 10.0 10.0 10.0 8.0 17.0 9.0 10.0 10.0 9.0 10.0 12.0 10.0 10.0 8.0 11.0 10.0 10.0 10.0 8.0 16.0 9.0 10.0 10.0 8.0 43.0 10.0 10.0 10.0 9.0 11.0 14.0 10.0 10.0 8.0 10.0 16.0 10.0 10.0 8.0 45.0 46.0 11.0 48.0 8.0 13.0 10.0 9.0 10.0 8.0 10.0 10.0 11.0 10.0 8.0 10.0 10.0 10.0 10.0 8.0 10.0 10.0 11.0 10.0 8.0 11.0 10.0 15.0 9.0
48 49 1 TRACE 123.0 91.0 45.0 37.0 33.0 19.0 56.0 31.0 27.0 28.0 8.0 10.0 10.0 10.0 10.0 97.0 61.0 44.0 38.0 63.0 17.0 44.0 29.0 26.0 24.0 8.0 10.0 9.0 10.0 10.0 94.0 60.0 46.0 37.0 32.0 8.0 15.0 13.0 15.0 13.0 8.0 9.0 9.0 9.0 10.0 71.0 61.0 42.0 35.0 31.0 8.0 12.0 11.0 12.0 11.0 8.0 9.0 44.0 12.0 10.0 73.0 82.0 43.0 36.0 32.0 8.0 12.0 11.0 12.0 11.0 7.0 11.0 10.0 11.0 10.0 77.0 58.0 41.0 35.0 30.0 33.0 41.0 35.0 35.0 35.0 8.0 10.0 10.0 9.0 9.0 7.0 10.0 10.0 10.0 9.0 112.0 74.0 44.0 37.0 32.0 10.0 20.0 20.0 19.0 19.0 8.0 10.0 9.0 14.0 9.0 111.0 68.0 44.0 37.0 31.0 10.0 19.0 18.0 19.0 23.0 8.0 10.0 10.0 9.0 10.0 64.0 52.0 39.0 34.0 31.0 46.0 50.0 38.0 40.0 29.0 9.0 11.0 11.0 11.0 10.0 8.0 10.0 10.0 10.0 9.0 71.0 60.0 39.0 35.0 30.0 39.0 53.0 37.0 32.0 29.0 8.0 10.0 10.0 10.0 11.0 7.0 11.0 9.0 10.0 10.0 112.0 67.0 45.0 38.0 32.0 11.0 21.0 20.0 20.0 58.0 7.0 10.0 10.0 10.0 11.0 105.0 69.0 45.0 37.0 33.0 9.0 18.0 16.0 16.0 21.0 7.0 9.0 9.0 9.0 9.0 78.0 150.0 53.0 35.0 32.0 34.0 48.0 34.0 31.0 28.0 7.0 11.0 9.0 10.0 12.0 7.0 9.0 9.0 10.0 10.0 66.0 78.0 41.0 36.0 31.0 44.0 48.0 40.0 34.0 32.0 8.0 10.0 10.0 11.0 13.0 8.0 10.0 44.0 10.0 9.0 97.0 77.0 45.0 37.0 33.0 18.0 54.0 32.0 27.0 30.0 8.0 9.0 10.0 10.0 10.0 110.0 66.0 45.0 38.0 31.0 9.0 18.0 20.0 18.0 18.0 7.0 10.0 10.0 10.0 10.0 92.0 55.0 42.0 37.0 33.0 20.0 36.0 30.0 28.0 29.0 7.0 9.0 9.0 10.0 9.0 101.0 60.0 44.0 44.0 33.0 16.0 28.0 28.0 31.0 23.0 7.0 9.0 9.0 9.0 9.0 107.0 60.0 45.0 38.0 33.0 13.0 60.0 25.0 24.0 23.0 7.0 10.0 9.0 10.0 9.0 57.0 49.0 38.0 43.0 28.0 52.0 50.0 40.0 36.0 33.0 8.0 11.0 11.0 13.0 16.0 7.0 10.0 9.0 10.0 11.0 82.0 54.0 45.0 37.0 34.0 27.0 41.0 37.0 29.0 30.0 7.0 9.0 9.0 10.0 9.0 8.0 9.0 9.0 9.0 9.0 77.0 60.0 41.0 36.0 31.0 33.0 62.0 47.0 32.0 28.0 7.0 11.0 9.0 10.0 10.0 7.0 10.0 9.0 9.0 10.0 92.0 62.0 45.0 42.0 42.0 8.0 13.0 13.0 13.0 13.0 8.0 10.0 10.0 10.0 10.0 80.0 57.0 43.0 45.0 31.0 31.0 44.0 36.0 30.0 29.0 8.0 11.0 10.0 10.0 10.0 7.0 10.0 10.0 10.0 22.0 111.0 63.0 44.0 38.0 33.0 11.0 24.0 25.0 23.0 24.0 8.0 10.0 9.0 11.0 10.0 68.0 59.0 43.0 36.0 35.0 8.0 11.0 12.0 11.0 11.0 7.0 10.0 11.0 10.0 9.0 102.0 59.0 43.0 37.0 34.0 15.0 29.0 25.0 24.0 25.0 8.0 10.0 9.0 10.0 9.0 111.0 62.0 45.0 37.0 33.0 12.0 23.0 23.0 22.0 22.0 7.0 10.0 9.0 9.0 10.0 103.0 65.0 45.0 37.0 33.0 9.0 15.0 16.0 17.0 18.0 7.0 9.0 9.0 9.0 10.0 109.0 62.0 45.0 39.0 33.0 12.0 23.0 28.0 22.0 22.0 8.0 10.0 10.0 10.0 9.0 112.0 66.0 43.0 36.0 32.0 10.0 19.0 19.0 19.0 19.0 7.0 10.0 10.0 9.0 10.0 95.0 60.0 43.0 37.0 32.0 8.0 14.0 19.0 14.0 13.0 7.0 9.0 10.0 9.0 9.0 84.0 54.0 43.0 36.0 32.0 27.0 81.0 39.0 30.0 30.0 7.0 10.0 10.0 10.0 11.0 7.0 10.0 10.0 9.0 9.0 80.0 54.0 42.0 36.0 37.0 30.0 44.0 33.0 30.0 30.0 8.0 10.0 9.0 11.0 9.0 7.0 9.0 9.0 9.0 10.0 83.0 58.0 41.0 38.0 31.0 27.0 39.0 32.0 32.0 27.0 8.0 10.0 9.0 9.0 10.0 7.0 10.0 9.0 21.0 9.0 102.0 65.0 43.0 38.0 33.0 16.0 29.0 27.0 59.0 25.0 8.0 10.0 10.0 9.0 10.0 103.0 63.0 44.0 38.0 32.0 14.0 27.0 25.0 24.0 23.0 8.0 9.0 9.0 10.0 9.0 94.0 65.0 43.0 36.0 33.0 8.0 14.0 14.0 13.0 13.0 7.0 10.0 10.0 9.0 13.0 91.0 61.0 43.0 36.0 32.0 21.0 35.0 33.0 28.0 29.0 8.0 10.0 17.0 10.0 9.0 108.0 69.0 44.0 37.0 75.0 13.0 24.0 24.0 22.0 21.0 8.0 10.0 9.0 9.0 10.0 96.0 63.0 43.0 37.0 33.0 18.0 33.0 27.0 26.0 26.0 8.0 10.0 9.0 11.0 10.0 62.0 47.0 41.0 33.0 32.0 47.0 53.0 38.0 33.0 31.0 8.0 11.0 11.0 11.0 10.0 7.0 10.0 10.0 11.0 11.0 119.0 62.0 44.0 37.0 40.0 11.0 21.0 21.0 20.0 19.0 7.0 9.0 9.0 10.0 9.0 80.0 67.0 41.0 39.0 31.0 26.0 40.0 34.0 29.0 26.0 7.0 10.0 10.0 10.0 15.0 7.0 10.0 10.0 10.0 10.0 97.0 99.0 46.0 37.0 33.0 8.0 16.0 17.0 17.0 17.0 8.0 10.0 10.0 10.0 9.0 96.0 75.0 45.0 37.0 33.0 17.0 37.0 28.0 25.0 24.0 8.0 10.0 10.0 9.0 9.0 75.0 61.0 40.0 35.0 51.0 33.0 44.0 36.0 31.0 28.0 8.0 11.0 10.0 9.0 10.0 8.0 10.0 9.0 16.0 10.0 102.0 65.0 44.0 39.0 32.0 9.0 17.0 16.0 17.0 22.0 7.0 10.0 10.0 10.0 10.0 93.0 61.0 45.0 36.0 34.0 18.0 33.0 28.0 27.0 26.0 7.0 10.0 10.0 10.0 10.0 113.0 57.0 44.0 38.0 33.0 20.0 41.0 30.0 29.0 32.0 7.0 10.0 10.0 9.0 10.0 89.0 64.0 43.0 38.0 33.0 8.0 14.0 14.0 13.0 13.0 7.0 9.0 10.0 10.0 9.0 73.0 65.0 44.0 36.0 34.0 8.0 13.0 12.0 13.0 15.0 7.0 10.0 9.0 9.0 9.0 92.0 60.0 42.0 70.0 33.0 19.0 34.0 28.0 26.0 25.0 7.0 16.0 9.0 9.0 10.0 96.0 61.0 73.0 39.0 33.0 16.0 38.0 28.0 26.0 24.0 7.0 9.0 9.0 10.0 9.0 108.0 67.0 44.0 38.0 33.0 12.0 23.0 24.0 22.0 21.0 7.0 10.0 10.0 10.0 11.0 106.0 64.0 44.0 37.0 66.0 11.0 23.0 23.0 23.0 20.0 8.0 9.0 10.0 9.0 11.0 104.0 70.0 44.0 39.0 31.0 9.0 18.0 17.0 19.0 19.0 7.0 10.0 10.0 9.0 9.0 98.0 72.0 44.0 37.0 32.0 16.0 29.0 27.0 24.0 24.0 8.0 30.0 11.0 12.0 12.0 117.0 101.0 48.0 41.0 34.0 11.0 21.0 20.0 20.0 20.0 8.0 10.0 10.0 10.0 30.0 103.0 62.0 43.0 39.0 31.0 14.0 26.0 24.0 24.0 22.0 8.0 10.0 10.0 9.0 10.0 105.0 61.0 43.0 37.0 33.0 13.0 26.0 25.0 22.0 23.0 7.0 10.0 9.0 10.0 10.0 108.0 71.0 45.0 37.0 33.0 10.0 54.0 18.0 21.0 18.0 7.0 10.0 10.0 9.0 9.0 95.0 70.0 45.0 38.0 33.0 17.0 33.0 28.0 31.0 25.0 7.0 10.0 9.0 9.0 10.0 105.0 63.0 74.0 37.0 33.0 13.0 24.0 24.0 23.0 22.0 8.0 10.0 9.0 9.0 9.0
49 47 1 TRACE 982.0 771.0 696.0 662.0 249.0 227.0 213.0 198.0 91.0 91.0 91.0 92.0 784.0 568.0 470.0 418.0 245.0 222.0 208.0 197.0 92.0 96.0 91.0 95.0 448.0 336.0 285.0 257.0 121.0 126.0 131.0 121.0 95.0 90.0 90.0 89.0 384.0 310.0 268.0 242.0 104.0 116.0 104.0 104.0 93.0 98.0 101.0 119.0 381.0 326.0 271.0 272.0 108.0 105.0 109.0 105.0 95.0 90.0 90.0 90.0 853.0 673.0 583.0 503.0 293.0 270.0 237.0 219.0 116.0 92.0 92.0 93.0 96.0 89.0 89.0 90.0 556.0 409.0 340.0 299.0 161.0 158.0 154.0 150.0 90.0 92.0 90.0 90.0 527.0 381.0 324.0 284.0 159.0 153.0 185.0 142.0 95.0 113.0 98.0 91.0 862.0 765.0 669.0 582.0 334.0 287.0 251.0 231.0 132.0 97.0 113.0 97.0 100.0 90.0 91.0 90.0 844.0 702.0 581.0 502.0 311.0 272.0 245.0 224.0 102.0 94.0 103.0 95.0 89.0 91.0 89.0 105.0 586.0 418.0 348.0 308.0 167.0 163.0 160.0 155.0 90.0 90.0 90.0 91.0 564.0 359.0 302.0 269.0 138.0 133.0 132.0 130.0 90.0 89.0 91.0 90.0 851.0 690.0 593.0 485.0 295.0 263.0 238.0 219.0 93.0 94.0 93.0 93.0 90.0 90.0 104.0 91.0 867.0 741.0 648.0 564.0 322.0 281.0 250.0 227.0 96.0 95.0 94.0 96.0 132.0 102.0 95.0 100.0 804.0 575.0 459.0 405.0 240.0 249.0 246.0 195.0 92.0 91.0 91.0 91.0 512.0 383.0 333.0 286.0 157.0 147.0 143.0 142.0 90.0 89.0 90.0 90.0 818.0 586.0 474.0 420.0 298.0 236.0 220.0 205.0 92.0 92.0 91.0 93.0 760.0 559.0 445.0 390.0 225.0 213.0 199.0 188.0 97.0 98.0 91.0 91.0 716.0 508.0 416.0 367.0 207.0 195.0 186.0 178.0 95.0 95.0 91.0 99.0 918.0 758.0 675.0 617.0 345.0 293.0 258.0 234.0 98.0 97.0 131.0 124.0 89.0 126.0 90.0 90.0 844.0 632.0 509.0 450.0 303.0 252.0 232.0 215.0 93.0 92.0 92.0 93.0 90.0 89.0 90.0 90.0 932.0 681.0 547.0 476.0 299.0 288.0 239.0 220.0 125.0 93.0 93.0 94.0 88.0 89.0 93.0 90.0 417.0 335.0 286.0 260.0 118.0 116.0 117.0 117.0 96.0 90.0 90.0 117.0 854.0 643.0 542.0 469.0 291.0 258.0 247.0 218.0 100.0 99.0 108.0 93.0 90.0 90.0 90.0 90.0 652.0 465.0 394.0 336.0 187.0 184.0 173.0 174.0 107.0 91.0 90.0 92.0 371.0 313.0 267.0 241.0 102.0 103.0 102.0 101.0 114.0 116.0 90.0 90.0 756.0 541.0 442.0 395.0 233.0 211.0 221.0 199.0 92.0 118.0 91.0 91.0 645.0 466.0 387.0 343.0 186.0 179.0 173.0 166.0 107.0 91.0 91.0 91.0 473.0 358.0 296.0 263.0 128.0 130.0 128.0 126.0 90.0 90.0 90.0 91.0 666.0 496.0 401.0 347.0 190.0 185.0 176.0 170.0 102.0 91.0 90.0 92.0 545.0 405.0 357.0 297.0 159.0 156.0 159.0 154.0 119.0 91.0 90.0 91.0 433.0 339.0 287.0 256.0 121.0 149.0 128.0 122.0 177.0 105.0 115.0 97.0 847.0 636.0 536.0 439.0 290.0 254.0 230.0 212.0 100.0 91.0 92.0 93.0 88.0 90.0 90.0 97.0 860.0 647.0 531.0 466.0 289.0 257.0 234.0 245.0 94.0 94.0 92.0 93.0 89.0 96.0 89.0 96.0 831.0 649.0 510.0 436.0 278.0 250.0 231.0 250.0 92.0 92.0 93.0 93.0 220.0 97.0 90.0 91.0 772.0 541.0 450.0 398.0 229.0 215.0 238.0 190.0 97.0 92.0 91.0 100.0 787.0 536.0 437.0 394.0 218.0 207.0 193.0 295.0 91.0 91.0 90.0 92.0 427.0 339.0 302.0 257.0 122.0 121.0 120.0 122.0 92.0 90.0 90.0 90.0 813.0 596.0 485.0 417.0 259.0 240.0 226.0 205.0 93.0 91.0 91.0 96.0 697.0 496.0 439.0 398.0 230.0 196.0 183.0 178.0 218.0 91.0 90.0 92.0 778.0 600.0 470.0 399.0 242.0 229.0 211.0 198.0 91.0 91.0 106.0 96.0 887.0 753.0 651.0 591.0 330.0 291.0 256.0 234.0 146.0 96.0 97.0 97.0 97.0 89.0 90.0 113.0 628.0 431.0 356.0 328.0 170.0 166.0 161.0 157.0 90.0 91.0 118.0 91.0 827.0 613.0 517.0 438.0 285.0 258.0 236.0 217.0 99.0 98.0 92.0 94.0 104.0 123.0 89.0 90.0 461.0 368.0 302.0 269.0 128.0 127.0 126.0 125.0 98.0 90.0 90.0 97.0 777.0 572.0 462.0 400.0 239.0 229.0 210.0 195.0 91.0 91.0 92.0 91.0 850.0 664.0 559.0 506.0 381.0 287.0 244.0 223.0 107.0 92.0 94.0 94.0 89.0 96.0 90.0 90.0 468.0 360.0 311.0 274.0 139.0 131.0 132.0 131.0 90.0 104.0 91.0 98.0 802.0 566.0 472.0 412.0 268.0 232.0 226.0 236.0 134.0 92.0 92.0 92.0 815.0 614.0 481.0 418.0 264.0 243.0 226.0 208.0 102.0 93.0 101.0 92.0 422.0 343.0 292.0 260.0 121.0 119.0 118.0 119.0 97.0 110.0 91.0 90.0 391.0 322.0 279.0 252.0 116.0 106.0 123.0 148.0 106.0 90.0 90.0 92.0 804.0 581.0 485.0 410.0 252.0 234.0 232.0 205.0 97.0 92.0 133.0 91.0 774.0 553.0 466.0 401.0 240.0 224.0 208.0 200.0 91.0 90.0 90.0 91.0 659.0 465.0 385.0 341.0 190.0 183.0 175.0 168.0 210.0 91.0 91.0 91.0 715.0 473.0 394.0 354.0 196.0 185.0 177.0 171.0 90.0 90.0 91.0 91.0 507.0 369.0 311.0 276.0 144.0 137.0 136.0 135.0 91.0 90.0 90.0 90.0 780.0 549.0 447.0 408.0 234.0 220.0 207.0 194.0 195.0 119.0 171.0 207.0 638.0 449.0 378.0 332.0 175.0 169.0 165.0 163.0 97.0 97.0 97.0 97.0 743.0 519.0 430.0 401.0 228.0 207.0 197.0 185.0 98.0 102.0 91.0 100.0 697.0 503.0 411.0 363.0 211.0 199.0 186.0 178.0 118.0 91.0 90.0 91.0 507.0 383.0 325.0 296.0 187.0 151.0 145.0 143.0 91.0 90.0 91.0 97.0 809.0 555.0 466.0 407.0 283.0 236.0 213.0 205.0 91.0 91.0 132.0 91.0 700.0 500.0 413.0 374.0 216.0 195.0 186.0 178.0 143.0 90.0 90.0 91.0
49 50 1 TRACE 515.0 638.0 121.0 1074.0 724.0 58.0 304.0 89.0 92.0 559.0 105.0 53.0 361.0 92.0 200.0 172.0 541.0 113.0 162.0 218.0 165.0 134.0 662.0 322.0 647.0 787.0 89.0 170.0 134.0 254.0 182.0 87.0 36.0 290.0 181.0 51.0 323.0 597.0 81.0 265.0 771.0 72.0 231.0 57.0 331.0 30.0 127.0 346.0 116.0 55.0 109.0 160.0 450.0 135.0 93.0 72.0 158.0 121.0 214.0 175.0 351.0 260.0 206.0 1090.0 59.0 72.0 122.0 552.0 378.0 86.0 354.0 49.0 238.0 29.0 314.0 252.0 120.0 110.0 774.0 42.0 51.0 104.0 124.0 195.0 270.0 49.0 59.0 125.0 105.0 229.0 340.0 420.0 117.0 245.0 33.0 105.0 86.0 80.0 203.0 189.0 758.0 54.0 143.0 105.0 243.0 386.0 75.0 295.0 114.0 581.0 145.0 196.0 299.0 300.0 101.0 201.0 730.0 54.0 98.0 331.0 96.0 191.0 105.0 2807.0 100.0 411.0 311.0 123.0 195.0 53.0 177.0 134.0 121.0 474.0 108.0 300.0 254.0 29.0 61.0 373.0 87.0 78.0 830.0 272.0 176.0 89.0 184.0 389.0 149.0 66.0 121.0 74.0 130.0 1024.0 91.0 52.0 79.0 152.0 259.0 320.0 45.0 158.0 79.0 238.0 99.0 219.0 189.0 51.0 116.0 264.0 32.0 265.0 603.0 540.0 51.0 48.0 140.0 127.0 35.0 185.0 54.0 79.0 120.0 305.0 36.0 78.0 182.0 934.0 109.0 253.0 133.0 70.0 475.0 132.0 271.0 1346.0 143.0 300.0 1136.0 719.0 677.0 1117.0 204.0 51.0 530.0 387.0 101.0
50 25 1 TRACE 31.0 23.0 36.0 20.0 20.0 27.0 22.0 20.0 19.0 20.0 20.0 52.0 19.0 20.0 22.0 21.0 24.0 38.0 28.0 35.0 19.0 19.0 20.0 199.0 21.0 19.0 23.0 21.0 32.0 130.0 20.0 24.0 22.0 20.0 64.0 36.0 36.0 21.0 65.0 79.0 52.0 20.0 23.0 19.0 21.0 47.0 19.0 20.0 26.0 24.0 20.0 29.0 29.0 23.0 71.0 22.0 20.0 38.0 22.0 72.0 22.0 21.0 29.0 85.0
50 41 1 TRACE 9.0 9.0 10.0 9.0 9.0 8.0 8.0 9.0 9.0 8.0 8.0 9.0 9.0 9.0 9.0 9.0 9.0 9.0 8.0 9.0 8.0 9.0 9.0 9.0 9.0 9.0 9.0 9.0 8.0 8.0 9.0 9.0 8.0 9.0 9.0 8.0 9.0 9.0 9.0 8.0 9.0 9.0 8.0 8.0 10.0 9.0 9.0 9.0 9.0 9.0 8.0 9.0 9.0 9.0 9.0 8.0 8.0 9.0 9.0 10.0 8.0 8.0 8.0 9.0 9.0 9.0 9.0 9.0 8.0 8.0 8.0 9.0 9.0 9.0 8.0 8.0 8.0 9.0 9.0 9.0 8.0 8.0 9.0 9.0 9.0 8.0 9.0 9.0 9.0 8.0 8.0 8.0 9.0 9.0 9.0 8.0 9.0 8.0 9.0 9.0 9.0 8.0 9.0 8.0 8.0 9.0 8.0 9.0 9.0 9.0 9.0 8.0 9.0 8.0 8.0 9.0 9.0 8.0 9.0 9.0 8.0 9.0 9.0 9.0 9.0 9.0 9.0 9.0 8.0 8.0 22.0 9.0 29.0 9.0 9.0 9.0 9.0 9.0 9.0 9.0 8.0 9.0 8.0
51 52 1 TRACE 2392.0 1463.0 1497.0 1466.0 1570.0 1452.0 1451.0 1452.0 1477.0 1468.0 1461.0 1465.0 1469.0 1562.0 1451.0 1481.0 1611.0 1469.0 1486.0 1468.0 1450.0 1456.0 1463.0 1463.0 1469.0 1469.0 1466.0 1464.0 1477.0 1536.0 1452.0 1563.0 1464.0 1460.0 1561.0 1493.0 1468.0 1594.0 1454.0 1468.0 1463.0 1468.0 1467.0 1460.0 1454.0 1450.0 1461.0 1462.0 1449.0 1443.0 1455.0 1448.0 1465.0 1447.0 1444.0 1457.0 1569.0 1925.0 1520.0 1458.0 1449.0 1442.0 1435.0 1676.0
52 53 1 TRACE 1441.0 51.0 70.0 51.0 49.0 51.0 157.0 51.0 149.0 57.0 116.0 74.0 48.0 136.0 51.0 48.0 344.0 65.0 48.0 61.0 90.0 90.0 48.0 96.0 48.0 56.0 135.0 61.0 214.0 64.0 58.0 48.0 84.0 50.0 385.0 68.0 49.0 124.0 93.0 122.0 60.0 48.0 87.0 52.0 177.0 48.0 55.0 53.0 53.0 59.0 220.0 173.0 49.0 65.0 83.0 101.0 71.0 95.0 115.0 78.0 48.0 49.0 196.0 49.0
53 54 1 TRACE 25.0 21.0 30.0 18.0 19.0 50.0 38.0 19.0 25.0 52.0 21.0 16.0 22.0 17.0 20.0 73.0 223.0 83.0 28.0 13.0 22.0 57.0 25.0 22.0 20.0 24.0 16.0 20.0 140.0 19.0 23.0 24.0 19.0 20.0 16.0 18.0 17.0 12.0 68.0 17.0 20.0 34.0 15.0 18.0 74.0 15.0 39.0 30.0 153.0 18.0 82.0 167.0 18.0 18.0 32.0 28.0 14.0 15.0 20.0 13.0 19.0 94.0 135.0 18.0
54 55 1 TRACE 46.0 19.0 19.0 18.0 19.0 18.0 19.0 19.0 18.0 19.0 19.0 18.0 20.0 20.0 19.0 19.0 18.0 19.0 19.0 19.0 19.0 18.0 20.0 19.0 19.0 19.0 18.0 18.0 19.0 19.0 19.0 19.0 18.0 18.0 18.0 20.0 19.0 19.0 19.0 19.0 19.0 19.0 20.0 19.0 18.0 20.0 20.0 18.0 19.0 18.0 20.0 19.0 19.0 19.0 20.0 19.0 19.0 23.0 19.0 18.0 18.0 20.0 20.0 19.0
55 56 1 TRACE 10.0 7.0 7.0 7.0 7.0 7.0 8.0 7.0 7.0 7.0 7.0 7.0 7.0 7.0 7.0 7.0 7.0 7.0 8.0 7.0 7.0 7.0 7.0 7.0 7.0 7.0 7.0 7.0 8.0 7.0 7.0 7.0 7.0 7.0 7.0 7.0 7.0 7.0 7.0 7.0 7.0 7.0 7.0 7.0 7.0 7.0 7.0 7.0 7.0 7.0 7.0 7.0 7.0 7.0 7.0 7.0 7.0 8.0 8.0 7.0 7.0 7.0 7.0 7.0
56 57 1 TRACE 21.0 7.0 7.0 7.0 7.0 7.0 6.0 7.0 7.0 7.0 7.0 7.0 7.0 7.0 7.0 7.0 7.0 7.0 7.0 7.0 7.0 6.0 7.0 7.0 7.0 7.0 7.0 7.0 6.0 7.0 7.0 7.0 7.0 7.0 7.0 7.0 7.0 7.0 6.0 7.0 6.0 7.0 6.0 7.0 7.0 7.0 7.0 6.0 7.0 7.0 7.0 7.0 7.0 7.0 7.0 6.0 7.0 8.0 7.0 7.0 7.0 7.0 7.0 7.0
57 58 1 TRACE 10.0 7.0 6.0 7.0 7.0 7.0 7.0 7.0 7.0 7.0 6.0 7.0 6.0 7.0 7.0 7.0 7.0 7.0 7.0 7.0 7.0 7.0 6.0 7.0 7.0 7.0 7.0 7.0 7.0 7.0 6.0 7.0 7.0 7.0 7.0 7.0 6.0 7.0 7.0 7.0 7.0 7.0 7.0 6.0 7.0 7.0 6.0 7.0 7.0 7.0 7.0 7.0 7.0 6.0 6.0 7.0 6.0 9.0 7.0 7.0 7.0 7.0 6.0 7.0
58 59 1 TRACE 16.0 8.0 8.0 8.0 8.0 8.0 7.0 8.0 8.0 8.0 8.0 8.0 8.0 8.0 8.0 8.0 8.0 8.0 8.0 7.0 8.0 8.0 8.0 9.0 8.0 8.0 7.0 8.0 8.0 8.0 8.0 8.0 8.0 8.0 7.0 8.0 8.0 8.0 8.0 7.0 7.0 8.0 7.0 8.0 8.0 7.0 8.0 8.0 8.0 8.0 8.0 8.0 8.0 8.0 8.0 7.0 8.0 10.0 8.0 8.0 8.0 7.0 8.0 8.0
59 60 1 TRACE 19.0 7.0 7.0 7.0 7.0 7.0 7.0 18.0 7.0 7.0 7.0 7.0 7.0 19.0 7.0 19.0 7.0 6.0 7.0 7.0 27.0 18.0 19.0 7.0 6.0 7.0 18.0 7.0 6.0 7.0 7.0 7.0 7.0 7.0 7.0 7.0 6.0 7.0 7.0 7.0 7.0 7.0 7.0 6.0 7.0 7.0 6.0 7.0 7.0 7.0 7.0 7.0 7.0 6.0 6.0 7.0 6.0 9.0 7.0 7.0 7.0 7.0 6.0 6.0
60 61 1 TRACE 8.0 7.0 18.0 19.0 19.0 8.0 8.0 8.0 18.0 18.0 19.0 7.0 8.0 7.0 19.0 7.0 19.0 19.0 19.0 7.0 8.0 7.0 7.0 19.0 19.0 19.0 7.0 8.0 7.0 19.0 19.0 6.0 19.0 19.0 18.0 19.0 19.0 19.0 19.0 18.0 19.0 18.0 18.0 19.0 19.0 18.0 19.0 19.0 8.0 19.0 18.0 19.0 19.0 19.0 19.0 18.0 19.0 8.0 18.0 19.0 19.0 19.0 19.0 19.0
61 62 1 TRACE 8.0 7.0 7.0 7.0 7.0 8.0 8.0 8.0 8.0 7.0 7.0 7.0 7.0 7.0 7.0 7.0 7.0 7.0 7.0 7.0 8.0 7.0 7.0 7.0 7.0 7.0 7.0 8.0 7.0 8.0 7.0 7.0 7.0 7.0 8.0 7.0 7.0 7.0 7.0 7.0 7.0 8.0 7.0 7.0 8.0 7.0 7.0 7.0 8.0 7.0 7.0 7.0 7.0 7.0 7.0 7.0 7.0 9.0 7.0 7.0 7.0 7.0 7.0 7.0
62 1 1 TRACE 23.0 21.0 21.0 20.0 20.0 21.0 21.0 21.0 21.0 21.0 21.0 22.0 45.0 21.0 21.0 21.0 21.0 21.0 21.0 21.0 35.0 21.0 20.0 20.0 25.0 21.0 21.0 21.0 44.0 21.0 21.0 52.0 21.0 21.0 23.0 33.0 21.0 21.0 21.0 21.0 26.0 21.0 22.0 21.0 22.0 21.0 21.0 20.0 21.0 21.0 27.0 107.0 21.0 24.0 21.0 20.0 63.0 83.0 22.0 47.0 21.0 54.0 21.0
