0 1 CONSTANT 8.0
1 1 CONSTANT 8.0
2 1 CONSTANT 0.0
3 1 CONSTANT 8.0
4 1 CONSTANT 8.0
5 1 CONSTANT 8.0
6 1 CONSTANT 8.0
7 1 CONSTANT 8.0
8 1 CONSTANT 8.0
9 1 CONSTANT 0.0
10 1 CONSTANT 0.0
11 1 CONSTANT 0.0
12 1 CONSTANT 0.0
13 1 CONSTANT 8.0
14 1 CONSTANT 4.0
15 1 CONSTANT 4.0
16 1 CONSTANT 0.0
17 1 CONSTANT 0.0
18 1 CONSTANT 0.0
19 1 CONSTANT 0.0
20 1 CONSTANT 4.0
21 1 CONSTANT 8.0
22 1 CONSTANT 8.0
23 1 CONSTANT 8.0
24 1 CONSTANT 8.0
25 1 CONSTANT 4.0
26 1 CONSTANT 4.0
27 1 CONSTANT 8.0
28 1 TRACE 0.0 0.0 232.0 24.0 0.0 0.0 0.0 0.0 244.0 8.0 0.0 0.0 244.0 8.0 0.0 0.0 148.0 40.0 0.0 4.0 0.0 20.0 0.0 0.0 568.0 12.0 0.0 4.0 552.0 8.0 0.0 0.0 16.0 0.0 12.0 108.0 0.0 0.0 0.0 404.0 8.0 0.0 0.0 20.0 0.0 16.0 104.0 8.0 0.0 4.0 12.0 0.0 4.0 164.0 4.0 0.0 0.0 16.0 0.0 16.0 100.0 4.0 0.0 0.0 160.0 28.0 0.0 0.0 0.0 32.0 72.0 4.0 0.0 12.0 160.0 4.0 0.0 0.0 328.0 4.0 0.0 0.0 432.0 8.0 0.0 0.0 468.0 8.0 0.0 0.0 24.0 0.0 0.0 28.0 40.0 4.0 0.0 4.0 360.0 12.0 0.0 20.0 84.0 4.0 0.0 48.0 60.0 0.0 0.0 4.0 380.0 4.0 0.0 0.0 48.0 52.0 0.0 0.0 0.0 28.0 4.0 4.0 132.0 28.0 0.0 0.0 0.0 224.0 0.0 0.0 0.0 324.0 8.0 0.0 0.0 16.0 0.0 0.0 312.0 4.0 4.0 0.0 20.0 0.0 0.0 408.0 8.0 0.0 0.0 20.0 0.0 0.0 164.0 36.0 0.0 0.0 0.0 20.0 0.0 0.0 0.0 20.0 0.0 0.0 8.0 0.0 0.0 16.0 0.0 0.0 20.0 0.0 0.0 216.0 8.0 0.0 0.0 20.0 0.0 0.0 24.0 0.0 0.0 340.0 8.0 0.0 0.0 348.0 8.0 0.0 4.0 304.0 8.0 0.0 0.0 12.0 140.0 4.0 0.0 0.0 16.0 0.0 0.0 188.0 36.0 0.0 8.0 168.0 8.0 0.0 56.0 52.0 4.0 0.0 0.0 16.0 0.0 4.0 320.0 8.0 0.0 4.0 216.0 4.0 0.0 8.0 520.0 12.0 0.0 0.0 12.0 0.0 8.0 88.0 4.0 0.0 0.0 308.0 4.0 0.0 0.0 8.0 0.0 56.0 56.0 0.0
29 1 CONSTANT 4.0
30 1 TRACE 0.0 0.0 232.0 24.0 0.0 0.0 0.0 0.0 244.0 8.0 0.0 0.0 244.0 8.0 0.0 0.0 148.0 40.0 0.0 4.0 0.0 20.0 0.0 0.0 568.0 12.0 0.0 4.0 552.0 8.0 0.0 0.0 16.0 0.0 12.0 108.0 0.0 0.0 0.0 404.0 8.0 0.0 0.0 20.0 0.0 16.0 104.0 8.0 0.0 4.0 12.0 0.0 4.0 164.0 4.0 0.0 0.0 16.0 0.0 16.0 100.0 4.0 0.0 0.0 160.0 28.0 0.0 0.0 0.0 32.0 72.0 4.0 0.0 12.0 160.0 4.0 0.0 0.0 328.0 4.0 0.0 0.0 432.0 8.0 0.0 0.0 468.0 8.0 0.0 0.0 24.0 0.0 0.0 28.0 40.0 4.0 0.0 4.0 360.0 12.0 0.0 20.0 84.0 4.0 0.0 48.0 60.0 0.0 0.0 4.0 380.0 4.0 0.0 0.0 48.0 52.0 0.0 0.0 0.0 28.0 4.0 4.0 132.0 28.0 0.0 0.0 0.0 224.0 0.0 0.0 0.0 324.0 8.0 0.0 0.0 16.0 0.0 0.0 312.0 4.0 4.0 0.0 20.0 0.0 0.0 408.0 8.0 0.0 0.0 20.0 0.0 0.0 164.0 36.0 0.0 0.0 0.0 20.0 0.0 0.0 0.0 20.0 0.0 0.0 8.0 0.0 0.0 16.0 0.0 0.0 20.0 0.0 0.0 216.0 8.0 0.0 0.0 20.0 0.0 0.0 24.0 0.0 0.0 340.0 8.0 0.0 0.0 348.0 8.0 0.0 4.0 304.0 8.0 0.0 0.0 12.0 140.0 4.0 0.0 0.0 16.0 0.0 0.0 188.0 36.0 0.0 8.0 168.0 8.0 0.0 56.0 52.0 4.0 0.0 0.0 16.0 0.0 4.0 320.0 8.0 0.0 4.0 216.0 4.0 0.0 8.0 520.0 12.0 0.0 0.0 12.0 0.0 8.0 88.0 4.0 0.0 0.0 308.0 4.0 0.0 0.0 8.0 0.0 56.0 56.0 0.0
31 1 CONSTANT 8.0
32 1 CONSTANT 8.0
33 1 CONSTANT 4.0
34 1 CONSTANT 0.0
35 1 CONSTANT 0.0
36 1 CONSTANT 8.0
37 1 CONSTANT 8.0
38 1 CONSTANT 8.0
39 1 TRACE 8.0 8.0 0.0 8.0 0.0 8.0 8.0 0.0 8.0 0.0 8.0 0.0 8.0 0.0 8.0 8.0 0.0 8.0 0.0 8.0 0.0 0.0 8.0 0.0 8.0 0.0 8.0 0.0 8.0 0.0 8.0 0.0 0.0 8.0 0.0 8.0 0.0 8.0 0.0 8.0 0.0 8.0 0.0 0.0 8.0 0.0 8.0 0.0 8.0 0.0 0.0 8.0 0.0 8.0 0.0 8.0 0.0 0.0 8.0 0.0 8.0 0.0 8.0 8.0 0.0 8.0 0.0 8.0 8.0 0.0 8.0 0.0 8.0 0.0 8.0 0.0 8.0 0.0 8.0 0.0 8.0 0.0 8.0 0.0 8.0 0.0 8.0 0.0 8.0 0.0 0.0 8.0 8.0 0.0 8.0 0.0 8.0 0.0 8.0 0.0 8.0 0.0 8.0 0.0 8.0 0.0 8.0 0.0 8.0 0.0 8.0 0.0 8.0 8.0 0.0 8.0 0.0 8.0 0.0 0.0 8.0 8.0 0.0 8.0 0.0 8.0 0.0 8.0 0.0 8.0 0.0 8.0 0.0 8.0 0.0 0.0 8.0 0.0 8.0 0.0 8.0 0.0 0.0 8.0 0.0 8.0 0.0 8.0 0.0 0.0 8.0 8.0 0.0 8.0 0.0 8.0 0.0 8.0 0.0 8.0 0.0 0.0 8.0 0.0 0.0 8.0 0.0 0.0 8.0 0.0 0.0 8.0 0.0 8.0 0.0 8.0 0.0 0.0 8.0 0.0 0.0 8.0 0.0 8.0 0.0 8.0 0.0 8.0 0.0 8.0 0.0 8.0 0.0 8.0 8.0 0.0 8.0 0.0 8.0 0.0 0.0 8.0 8.0 0.0 0.0 8.0 0.0 8.0 0.0 8.0 0.0 8.0 0.0 8.0 0.0 0.0 8.0 0.0 8.0 0.0 8.0 0.0 8.0 0.0 8.0 0.0 8.0 0.0 8.0 0.0 0.0 8.0 0.0 8.0 0.0 8.0 0.0 8.0 0.0 8.0 0.0 0.0 8.0 0.0 8.0 0.0
40 1 CONSTANT 8.0
41 1 CONSTANT 8.0
42 1 CONSTANT 8.0
43 1 CONSTANT 16008.0
44 1 CONSTANT 16000.0
45 1 CONSTANT 8.0
46 1 CONSTANT 16008.0
47 1 CONSTANT 4.0
48 1 TRACE 534640.0 257920.0 169680.0 125856.0 100432.0 82864.0 3104.0 3200.0 3168.0 3216.0 3232.0 3104.0 16.0 16.0 0.0 0.0 16.0 0.0 900880.0 291968.0 183952.0 136240.0 107648.0 88272.0 52656.0 48592.0 42384.0 39696.0 36496.0 33936.0 192.0 160.0 224.0 128.0 96.0 128.0 902688.0 293392.0 185168.0 136448.0 107760.0 88032.0 53248.0 49200.0 43184.0 39408.0 36512.0 34432.0 176.0 80.0 224.0 144.0 128.0 144.0 598128.0 267184.0 173728.0 128368.0 102448.0 83744.0 4016.0 4400.0 4096.0 4496.0 4032.0 3968.0 64.0 16.0 0.0 0.0 16.0 0.0 608560.0 230416.0 156624.0 117440.0 93008.0 76864.0 204960.0 148768.0 111872.0 89984.0 76624.0 66192.0 848.0 896.0 672.0 816.0 784.0 720.0 16.0 16.0 0.0 16.0 0.0 0.0 761072.0 266800.0 172816.0 127840.0 102672.0 84640.0 119616.0 97136.0 78688.0 68400.0 59616.0 53968.0 352.0 480.0 464.0 416.0 384.0 368.0 767568.0 267536.0 173088.0 126656.0 101552.0 84608.0 115920.0 96512.0 77232.0 66432.0 59280.0 52576.0 432.0 384.0 432.0 448.0 352.0 416.0 580944.0 226368.0 150944.0 117168.0 92864.0 77168.0 225984.0 158384.0 118432.0 93120.0 79456.0 67696.0 800.0 960.0 848.0 928.0 912.0 928.0 16.0 16.0 0.0 16.0 0.0 0.0 916192.0 298464.0 187792.0 136336.0 108128.0 87744.0 23008.0 22272.0 21216.0 20544.0 19024.0 18624.0 144.0 48.0 96.0 32.0 80.0 64.0 834256.0 277760.0 178560.0 131952.0 104048.0 85952.0 84560.0 74432.0 62880.0 55184.0 49600.0 45664.0 320.0 288.0 384.0 240.0 240.0 304.0 572672.0 225936.0 156432.0 117552.0 94832.0 78944.0 236752.0 162368.0 120096.0 94576.0 79952.0 68272.0 896.0 1056.0 880.0 992.0 912.0 880.0 16.0 16.0 0.0 0.0 0.0 0.0 917632.0 299616.0 188336.0 137920.0 108208.0 87360.0 22368.0 22608.0 20160.0 20016.0 18688.0 18848.0 112.0 48.0 64.0 64.0 64.0 80.0 641024.0 239856.0 160464.0 120640.0 94560.0 79760.0 185072.0 136720.0 103968.0 86160.0 74192.0 63552.0 672.0 736.0 720.0 848.0 640.0 752.0 16.0 16.0 0.0 0.0 16.0 0.0 927280.0 298864.0 185616.0 138128.0 108560.0 87120.0 32800.0 31536.0 28912.0 26352.0 25600.0 24880.0 128.0 96.0 128.0 48.0 96.0 112.0 472752.0 184800.0 129296.0 96816.0 77808.0 67168.0 298336.0 191344.0 137200.0 106720.0 88864.0 73808.0 1312.0 1312.0 1168.0 1328.0 1248.0 1264.0 0.0 0.0 0.0 0.0 16.0 0.0 913888.0 301504.0 187056.0 137088.0 107680.0 87296.0 20944.0 21264.0 20272.0 18960.0 18464.0 18288.0 144.0 48.0 112.0 64.0 64.0 64.0 617968.0 275792.0 176464.0 130496.0 103952.0 84320.0 4288.0 4368.0 4368.0 4368.0 4416.0 4368.0 32.0 16.0 0.0 16.0 16.0 16.0 845648.0 297984.0 185296.0 136256.0 106832.0 86864.0 11744.0 12496.0 11472.0 11408.0 11200.0 11504.0 112.0 32.0 16.0 16.0 48.0 32.0 927808.0 299968.0 187552.0 137872.0 108096.0 87504.0 30384.0 30832.0 26768.0 26480.0 24800.0 23840.0 160.0 128.0 112.0 48.0 80.0 144.0 872448.0 287552.0 183008.0 133920.0 106496.0 86160.0 67264.0 59040.0 52032.0 46304.0 41760.0 39872.0 272.0 224.0 256.0 112.0 224.0 256.0 817904.0 277824.0 177888.0 130768.0 103280.0 87488.0 93616.0 81104.0 67184.0 58736.0 52496.0 46384.0 352.0 320.0 320.0 256.0 272.0 320.0 797088.0 270576.0 175904.0 130128.0 104960.0 86736.0 103104.0 88064.0 71680.0 62032.0 54832.0 49440.0 336.0 448.0 400.0 352.0 352.0 272.0 386288.0 171328.0 123872.0 96096.0 75568.0 65104.0 397712.0 221616.0 152816.0 115600.0 94672.0 78048.0 2000.0 2064.0 1792.0 1984.0 1712.0 1856.0 16.0 16.0 0.0 0.0 0.0 0.0 784400.0 292560.0 183520.0 135904.0 106304.0 87008.0 8336.0 9040.0 8864.0 8592.0 8192.0 8368.0 48.0 32.0 0.0 16.0 64.0 0.0 859504.0 280880.0 179792.0 132992.0 106656.0 86048.0 74064.0 66544.0 55552.0 49792.0 44848.0 42400.0 272.0 192.0 240.0 208.0 224.0 256.0 853856.0 298096.0 184896.0 135664.0 107328.0 86192.0 12656.0 12688.0 12496.0 11968.0 11728.0 11808.0 112.0 32.0 48.0 32.0 32.0 16.0 762784.0 290928.0 182592.0 133248.0 105648.0 85344.0 8240.0 8272.0 7440.0 7808.0 7360.0 7232.0 80.0 16.0 32.0 16.0 48.0 0.0 846096.0 283280.0 180848.0 135520.0 107024.0 86688.0 80752.0 70768.0 60208.0 53264.0 47872.0 43648.0 304.0 304.0 352.0 160.0 272.0 320.0 780416.0 292416.0 183392.0 135216.0 106080.0 85520.0 8592.0 8304.0 8416.0 7888.0 7984.0 8208.0 80.0 32.0 16.0 16.0 48.0 48.0 381696.0 162144.0 117968.0 91760.0 73424.0 63216.0 394256.0 220800.0 153488.0 115392.0 94448.0 78080.0 1792.0 1792.0 1904.0 2096.0 2048.0 1648.0 32.0 16.0 0.0 0.0 16.0 0.0 566928.0 262192.0 170064.0 126048.0 100560.0 82384.0 3936.0 3920.0 3984.0 4096.0 3600.0 3600.0 16.0 16.0 0.0 16.0 16.0 0.0 922448.0 295968.0 186432.0 137376.0 107888.0 87424.0 39440.0 38880.0 33776.0 32096.0 30208.0 28832.0 256.0 128.0 176.0 128.0 112.0 112.0 866128.0 284688.0 183312.0 133840.0 106064.0 86320.0 69632.0 62992.0 53072.0 49216.0 44000.0 40928.0 240.0 272.0 288.0 208.0 208.0 240.0 580048.0 227568.0 153712.0 114192.0 91984.0 76752.0 227120.0 158480.0 118960.0 95024.0 79728.0 67904.0 784.0 912.0 752.0 896.0 912.0 800.0 16.0 16.0 0.0 0.0 0.0 0.0 877584.0 284656.0 181920.0 134288.0 107152.0 87536.0 65504.0 59088.0 51184.0 46448.0 41680.0 39088.0 288.0 224.0 288.0 176.0 256.0 192.0 457696.0 192848.0 138256.0 106512.0 83792.0 71360.0 330656.0 202368.0 141248.0 108832.0 89744.0 75392.0 1648.0 1696.0 1456.0 1792.0 1440.0 1296.0 32.0 0.0 0.0 0.0 0.0 0.0 850736.0 284448.0 180624.0 134128.0 106480.0 86672.0 78208.0 69360.0 58064.0 51808.0 46608.0 42784.0 288.0 240.0 240.0 272.0 192.0 272.0 692608.0 248080.0 166672.0 125840.0 97760.0 81840.0 159024.0 122224.0 95264.0 78800.0 68224.0 59728.0 480.0 624.0 624.0 608.0 560.0 656.0 16.0 0.0 0.0 0.0 0.0 0.0 573520.0 267552.0 174464.0 128592.0 103616.0 84512.0 3632.0 4240.0 3712.0 3856.0 3392.0 3696.0 48.0 16.0 0.0 16.0 32.0 0.0 542752.0 212688.0 146848.0 110128.0 89232.0 73808.0 255376.0 171904.0 126016.0 99840.0 83024.0 70448.0 928.0 960.0 976.0 1088.0 1056.0 1040.0 16.0 16.0 0.0 0.0 0.0 0.0 374448.0 170832.0 128000.0 97488.0 74752.0 63648.0 405216.0 224416.0 154304.0 115904.0 94288.0 78976.0 1856.0 2336.0 1968.0 2240.0 2336.0 1936.0 32.0 0.0 0.0 16.0 0.0 0.0 682544.0 248096.0 167248.0 123200.0 98464.0 80960.0 163104.0 125088.0 97504.0 80208.0 68624.0 60640.0 592.0 528.0 576.0 656.0 544.0 640.0 0.0 16.0 0.0 0.0 16.0 0.0 594416.0 234672.0 159216.0 119696.0 96656.0 79728.0 220496.0 155424.0 116656.0 91840.0 77936.0 67376.0 912.0 928.0 816.0 928.0 864.0 800.0 16.0 0.0 0.0 0.0 0.0 0.0 399568.0 178848.0 128768.0 97120.0 81856.0 68016.0 388992.0 220896.0 150608.0 115472.0 93312.0 77568.0 1728.0 2064.0 1856.0 2160.0 1936.0 1792.0 16.0 16.0 0.0 0.0 16.0 0.0 917616.0 294128.0 182672.0 135136.0 108144.0 87504.0 44112.0 41040.0 37904.0 34672.0 31808.0 30512.0 192.0 96.0 160.0 64.0 96.0 128.0 376560.0 160336.0 114864.0 85040.0 66384.0 56224.0 372128.0 216096.0 151120.0 114016.0 94368.0 78208.0 1536.0 1712.0 1600.0 1648.0 1680.0 1696.0 16.0 16.0 0.0 16.0 0.0 0.0 565168.0 219760.0 151648.0 112544.0 91088.0 74768.0 235056.0 161328.0 120784.0 95216.0 80000.0 69424.0 848.0 1072.0 800.0 1040.0 1008.0 1024.0 16.0 16.0 0.0 0.0 0.0 0.0 875520.0 285632.0 181488.0 134064.0 107376.0 87408.0 67456.0 59984.0 53040.0 47008.0 42192.0 39792.0 272.0 224.0 256.0 144.0 176.0 208.0 853856.0 283248.0 181808.0 134288.0 106976.0 87600.0 76480.0 67568.0 56768.0 51680.0 46048.0 42384.0 256.0 288.0 288.0 272.0 256.0 208.0 874672.0 285488.0 182000.0 134128.0 106608.0 87008.0 65056.0 59200.0 51424.0 45600.0 41568.0 39184.0 256.0 224.0 208.0 256.0 208.0 160.0 920352.0 300448.0 187344.0 136448.0 107184.0 87392.0 23104.0 23088.0 21136.0 20992.0 19600.0 19040.0 176.0 48.0 80.0 32.0 64.0 96.0 627200.0 238864.0 159968.0 121472.0 94432.0 79760.0 196912.0 144368.0 107600.0 87360.0 75648.0 64608.0 768.0 720.0 704.0 784.0 656.0 736.0 16.0 0.0 0.0 0.0 0.0 0.0 602704.0 269712.0 173360.0 129008.0 102752.0 84192.0 4048.0 4448.0 3888.0 4224.0 4128.0 3728.0 48.0 16.0 0.0 16.0 0.0 0.0 920368.0 296848.0 185040.0 137184.0 108096.0 88416.0 42512.0 40176.0 36160.0 32864.0 31168.0 29248.0 176.0 80.0 160.0 128.0 112.0 192.0 772304.0 292592.0 184160.0 135520.0 106368.0 86176.0 8000.0 8544.0 7984.0 8032.0 7472.0 8032.0 80.0 16.0 32.0 16.0 48.0 16.0 566464.0 222864.0 151360.0 113616.0 91632.0 74448.0 235328.0 162064.0 120160.0 95536.0 80800.0 68800.0 944.0 1056.0 864.0 1008.0 880.0 880.0 16.0 16.0 0.0 0.0 0.0 0.0 879920.0 286864.0 182512.0 133376.0 107584.0 85888.0 64272.0 57216.0 49952.0 45408.0 41088.0 38992.0 272.0 192.0 288.0 176.0 176.0 208.0 917680.0 294704.0 186880.0 136480.0 109488.0 88576.0 42864.0 41408.0 36000.0 33296.0 30992.0 29920.0 224.0 128.0 160.0 64.0 96.0 160.0 811888.0 276096.0 177920.0 131216.0 104672.0 86448.0 96624.0 82560.0 67312.0 59568.0 53744.0 47952.0 352.0 240.0 416.0 368.0 256.0 368.0 572688.0 228032.0 157904.0 117360.0 93600.0 77456.0 235488.0 161152.0 119600.0 95440.0 80192.0 68800.0 832.0 976.0 880.0 880.0 1056.0 1040.0 16.0 0.0 0.0 0.0 16.0 0.0 890032.0 301424.0 185984.0 138016.0 108032.0 86448.0 15600.0 16272.0 15776.0 14576.0 14512.0 14320.0 96.0 32.0 64.0 32.0 96.0 32.0 874912.0 285200.0 181040.0 134976.0 107920.0 86208.0 65632.0 61056.0 52208.0 46160.0 42208.0 40016.0 272.0 288.0 240.0 208.0 176.0 240.0 704544.0 249952.0 170832.0 125168.0 101360.0 82416.0 149632.0 117616.0 91504.0 77408.0 66256.0 59104.0 496.0 528.0 496.0 576.0 480.0 608.0 0.0 16.0 0.0 0.0 0.0 0.0 779184.0 291712.0 183680.0 136032.0 106640.0 85584.0 8384.0 8400.0 8704.0 8032.0 8288.0 8464.0 64.0 16.0 16.0 16.0 16.0 32.0
49 1 TRACE 16016.0 16008.0 16016.0 16008.0 16016.0 8.0 16016.0 16008.0 16016.0 16008.0 16016.0 8.0 16016.0 16008.0 16016.0 16008.0 16016.0 8.0 16016.0 16008.0 16016.0 16008.0 16016.0 8.0 16016.0 16008.0 16016.0 16008.0 16016.0 8.0 16016.0 16008.0 16016.0 16008.0 16016.0 8.0 16016.0 16008.0 16016.0 16008.0 16016.0 8.0 16016.0 16008.0 16016.0 16008.0 16016.0 8.0 16016.0 16008.0 16016.0 16008.0 16016.0 8.0 16016.0 16008.0 16016.0 16008.0 16016.0 8.0 16016.0 16008.0 16016.0 16008.0 16016.0 8.0 16016.0 16008.0 16016.0 16008.0 16016.0 8.0 16016.0 16008.0 16016.0 16008.0 16016.0 8.0 16016.0 16008.0 16016.0 16008.0 16016.0 8.0 16016.0 16008.0 16016.0 16008.0 16016.0 8.0 16016.0 16008.0 16016.0 16008.0 16016.0 8.0 16016.0 16008.0 16016.0 16008.0 16016.0 8.0 16016.0 16008.0 16016.0 16008.0 16016.0 8.0 16016.0 16008.0 16016.0 16008.0 16016.0 8.0 16016.0 16008.0 16016.0 16008.0 16016.0 8.0 16016.0 16008.0 16016.0 16008.0 16016.0 8.0 16016.0 16008.0 16016.0 16008.0 16016.0 8.0 16016.0 16008.0 16016.0 16008.0 16016.0 8.0 16016.0 16008.0 16016.0 16008.0 16016.0 8.0 16016.0 16008.0 16016.0 16008.0 16016.0 8.0 16016.0 16008.0 16016.0 16008.0 16016.0 8.0 16016.0 16008.0 16016.0 16008.0 16016.0 8.0 16016.0 16008.0 16016.0 16008.0 16016.0 8.0 16016.0 16008.0 16016.0 16008.0 16016.0 8.0 16016.0 16008.0 16016.0 16008.0 16016.0 8.0 16016.0 16008.0 16016.0 16008.0 16016.0 8.0 16016.0 16008.0 16016.0 16008.0 16016.0 8.0 16016.0 16008.0 16016.0 16008.0 16016.0 8.0 16016.0 16008.0 16016.0 16008.0 16016.0 8.0 16016.0 16008.0 16016.0 16008.0 16016.0 8.0 16016.0 16008.0 16016.0 16008.0 16016.0 8.0 16016.0 16008.0 16016.0 16008.0 16016.0 8.0 16016.0 16008.0 16016.0 16008.0 16016.0 8.0 16016.0 16008.0 16016.0 16008.0 16016.0 8.0 16016.0 16008.0 16016.0 16008.0 16016.0 8.0 16016.0 16008.0 16016.0 16008.0 16016.0 8.0 16016.0 16008.0 16016.0 16008.0 16016.0 8.0 16016.0 16008.0 16016.0 16008.0 16016.0 8.0 16016.0 16008.0 16016.0 16008.0 16016.0 8.0 16016.0 16008.0 16016.0 16008.0 16016.0 8.0 16016.0 16008.0 16016.0 16008.0 16016.0 8.0 16016.0 16008.0 16016.0 16008.0 16016.0 8.0 16016.0 16008.0 16016.0 16008.0 16016.0 8.0 16016.0 16008.0 16016.0 16008.0 16016.0 8.0 16016.0 16008.0 16016.0 16008.0 16016.0 8.0 16016.0 16008.0 16016.0 16008.0 16016.0 8.0 16016.0 16008.0 16016.0 16008.0 16016.0 8.0 16016.0 16008.0 16016.0 16008.0 16016.0 8.0 16016.0 16008.0 16016.0 16008.0 16016.0 8.0 16016.0 16008.0 16016.0 16008.0 16016.0 8.0 16016.0 16008.0 16016.0 16008.0 16016.0 8.0 16016.0 16008.0 16016.0 16008.0 16016.0 8.0 16016.0 16008.0 16016.0 16008.0 16016.0 8.0 16016.0 16008.0 16016.0 16008.0 16016.0 8.0 16016.0 16008.0 16016.0 16008.0 16016.0 8.0 16016.0 16008.0 16016.0 16008.0 16016.0 8.0 16016.0 16008.0 16016.0 16008.0 16016.0 8.0 16016.0 16008.0 16016.0 16008.0 16016.0 8.0 16016.0 16008.0 16016.0 16008.0 16016.0 8.0 16016.0 16008.0 16016.0 16008.0 16016.0 8.0 16016.0 16008.0 16016.0 16008.0 16016.0 8.0 16016.0 16008.0 16016.0 16008.0 16016.0 8.0 16016.0 16008.0 16016.0 16008.0 16016.0 8.0 16016.0 16008.0 16016.0 16008.0 16016.0 8.0 16016.0 16008.0 16016.0 16008.0 16016.0 8.0 16016.0 16008.0 16016.0 16008.0 16016.0 8.0 16016.0 16008.0 16016.0 16008.0 16016.0 8.0 16016.0 16008.0 16016.0 16008.0 16016.0 8.0 16016.0 16008.0 16016.0 16008.0 16016.0 8.0 16016.0 16008.0 16016.0 16008.0 16016.0 8.0 16016.0 16008.0 16016.0 16008.0 16016.0 8.0 16016.0 16008.0 16016.0 16008.0 16016.0 8.0 16016.0 16008.0 16016.0 16008.0 16016.0 8.0 16016.0 16008.0 16016.0 16008.0 16016.0 8.0 16016.0 16008.0 16016.0 16008.0 16016.0 8.0 16016.0 16008.0 16016.0 16008.0 16016.0 8.0 16016.0 16008.0 16016.0 16008.0 16016.0 8.0 16016.0 16008.0 16016.0 16008.0 16016.0 8.0 16016.0 16008.0 16016.0 16008.0 16016.0 8.0 16016.0 16008.0 16016.0 16008.0 16016.0 8.0 16016.0 16008.0 16016.0 16008.0 16016.0 8.0 16016.0 16008.0 16016.0 16008.0 16016.0 8.0 16016.0 16008.0 16016.0 16008.0 16016.0 8.0 16016.0 16008.0 16016.0 16008.0 16016.0 8.0 16016.0 16008.0 16016.0 16008.0 16016.0 8.0 16016.0 16008.0 16016.0 16008.0 16016.0 8.0 16016.0 16008.0 16016.0 16008.0 16016.0 8.0 16016.0 16008.0 16016.0 16008.0 16016.0 8.0 16016.0 16008.0 16016.0 16008.0 16016.0 8.0 16016.0 16008.0 16016.0 16008.0 16016.0 8.0 16016.0 16008.0 16016.0 16008.0 16016.0 8.0 16016.0 16008.0 16016.0 16008.0 16016.0 8.0 16016.0 16008.0 16016.0 16008.0 16016.0 8.0 16016.0 16008.0 16016.0 16008.0 16016.0 8.0 16016.0 16008.0 16016.0 16008.0 16016.0 8.0 16016.0 16008.0 16016.0 16008.0 16016.0 8.0 16016.0 16008.0 16016.0 16008.0 16016.0 8.0 16016.0 16008.0 16016.0 16008.0 16016.0 8.0 16016.0 16008.0 16016.0 16008.0 16016.0 8.0 16016.0 16008.0 16016.0 16008.0 16016.0 8.0 16016.0 16008.0 16016.0 16008.0 16016.0 8.0 16016.0 16008.0 16016.0 16008.0 16016.0 8.0 16016.0 16008.0 16016.0 16008.0 16016.0 8.0 16016.0 16008.0 16016.0 16008.0 16016.0 8.0 16016.0 16008.0 16016.0 16008.0 16016.0 8.0 16016.0 16008.0 16016.0 16008.0 16016.0 8.0 16016.0 16008.0 16016.0 16008.0 16016.0 8.0 16016.0 16008.0 16016.0 16008.0 16016.0 8.0 16016.0 16008.0 16016.0 16008.0 16016.0 8.0 16016.0 16008.0 16016.0 16008.0 16016.0 8.0 16016.0 16008.0 16016.0 16008.0 16016.0 8.0 16016.0 16008.0 16016.0 16008.0 16016.0 8.0 16016.0 16008.0 16016.0 16008.0 16016.0 8.0 16016.0 16008.0 16016.0 16008.0 16016.0 8.0 16016.0 16008.0 16016.0 16008.0 16016.0 8.0 16016.0 16008.0 16016.0 16008.0 16016.0 8.0 16016.0 16008.0 16016.0 16008.0 16016.0 8.0 16016.0 16008.0 16016.0 16008.0 16016.0 8.0 16016.0 16008.0 16016.0 16008.0 16016.0 8.0 16016.0 16008.0 16016.0 16008.0 16016.0 8.0 16016.0 16008.0 16016.0 16008.0 16016.0 8.0 16016.0 16008.0 16016.0 16008.0 16016.0 8.0 16016.0 16008.0 16016.0 16008.0 16016.0 8.0 16016.0 16008.0 16016.0 16008.0 16016.0 8.0 16016.0 16008.0 16016.0 16008.0 16016.0 8.0 16016.0 16008.0 16016.0 16008.0 16016.0 8.0 16016.0 16008.0 16016.0 16008.0 16016.0 8.0 16016.0 16008.0 16016.0 16008.0 16016.0 8.0 16016.0 16008.0 16016.0 16008.0 16016.0 8.0 16016.0 16008.0 16016.0 16008.0 16016.0 8.0 16016.0 16008.0 16016.0 16008.0 16016.0 8.0 16016.0 16008.0 16016.0 16008.0 16016.0 8.0 16016.0 16008.0 16016.0 16008.0 16016.0 8.0 16016.0 16008.0 16016.0 16008.0 16016.0 8.0 16016.0 16008.0 16016.0 16008.0 16016.0 8.0 16016.0 16008.0 16016.0 16008.0 16016.0 8.0 16016.0 16008.0 16016.0 16008.0 16016.0 8.0 16016.0 16008.0 16016.0 16008.0 16016.0 8.0 16016.0 16008.0 16016.0 16008.0 16016.0 8.0 16016.0 16008.0 16016.0 16008.0 16016.0 8.0 16016.0 16008.0 16016.0 16008.0 16016.0 8.0 16016.0 16008.0 16016.0 16008.0 16016.0 8.0 16016.0 16008.0 16016.0 16008.0 16016.0 8.0 16016.0 16008.0 16016.0 16008.0 16016.0 8.0 16016.0 16008.0 16016.0 16008.0 16016.0 8.0 16016.0 16008.0 16016.0 16008.0 16016.0 8.0 16016.0 16008.0 16016.0 16008.0 16016.0 8.0 16016.0 16008.0 16016.0 16008.0 16016.0 8.0 16016.0 16008.0 16016.0 16008.0 16016.0 8.0 16016.0 16008.0 16016.0 16008.0 16016.0 8.0 16016.0 16008.0 16016.0 16008.0 16016.0 8.0 16016.0 16008.0 16016.0 16008.0 16016.0 8.0 16016.0 16008.0 16016.0 16008.0 16016.0 8.0 16016.0 16008.0 16016.0 16008.0 16016.0 8.0 16016.0 16008.0 16016.0 16008.0 16016.0 8.0 16016.0 16008.0 16016.0 16008.0 16016.0 8.0 16016.0 16008.0 16016.0 16008.0 16016.0 8.0 16016.0 16008.0 16016.0 16008.0 16016.0 8.0 16016.0 16008.0 16016.0 16008.0 16016.0 8.0 16016.0 16008.0 16016.0 16008.0 16016.0 8.0 16016.0 16008.0 16016.0 16008.0 16016.0 8.0 16016.0 16008.0 16016.0 16008.0 16016.0 8.0 16016.0 16008.0 16016.0 16008.0 16016.0 8.0 16016.0 16008.0 16016.0 16008.0 16016.0 8.0 16016.0 16008.0 16016.0 16008.0 16016.0 8.0 16016.0 16008.0 16016.0 16008.0 16016.0 8.0 16016.0 16008.0 16016.0 16008.0 16016.0 8.0 16016.0 16008.0 16016.0 16008.0 16016.0 8.0 16016.0 16008.0 16016.0 16008.0 16016.0 8.0 16016.0 16008.0 16016.0 16008.0 16016.0 8.0 16016.0 16008.0 16016.0 16008.0 16016.0 8.0 16016.0 16008.0 16016.0 16008.0 16016.0 8.0 16016.0 16008.0 16016.0 16008.0 16016.0 8.0 16016.0 16008.0 16016.0 16008.0 16016.0 8.0 16016.0 16008.0 16016.0 16008.0 16016.0 8.0 16016.0 16008.0 16016.0 16008.0 16016.0 8.0 16016.0 16008.0 16016.0 16008.0 16016.0 8.0 16016.0 16008.0 16016.0 16008.0 16016.0 8.0 16016.0 16008.0 16016.0 16008.0 16016.0 8.0 16016.0 16008.0 16016.0 16008.0 16016.0 8.0 16016.0 16008.0 16016.0 16008.0 16016.0 8.0 16016.0 16008.0 16016.0 16008.0 16016.0 8.0 16016.0 16008.0 16016.0 16008.0 16016.0 8.0 16016.0 16008.0 16016.0 16008.0 16016.0 8.0 16016.0 16008.0 16016.0 16008.0 16016.0 8.0 16016.0 16008.0 16016.0 16008.0 16016.0 8.0 16016.0 16008.0 16016.0 16008.0 16016.0 8.0 16016.0 16008.0 16016.0 16008.0 16016.0 8.0 16016.0 16008.0 16016.0 16008.0 16016.0 8.0 16016.0 16008.0 16016.0 16008.0 16016.0 8.0 16016.0 16008.0 16016.0 16008.0 16016.0 8.0 16016.0 16008.0 16016.0 16008.0 16016.0 8.0 16016.0 16008.0 16016.0 16008.0 16016.0 8.0 16016.0 16008.0 16016.0 16008.0 16016.0 8.0 16016.0 16008.0 16016.0 16008.0 16016.0 8.0 16016.0 16008.0 16016.0 16008.0 16016.0 8.0 16016.0 16008.0 16016.0 16008.0 16016.0 8.0 16016.0 16008.0 16016.0 16008.0 16016.0 8.0 16016.0 16008.0 16016.0 16008.0 16016.0 8.0 16016.0 16008.0 16016.0 16008.0 16016.0 8.0 16016.0 16008.0 16016.0 16008.0 16016.0 8.0 16016.0 16008.0 16016.0 16008.0 16016.0 8.0 16016.0 16008.0 16016.0 16008.0 16016.0 8.0 16016.0 16008.0 16016.0 16008.0 16016.0 8.0 16016.0 16008.0 16016.0 16008.0 16016.0 8.0 16016.0 16008.0 16016.0 16008.0 16016.0 8.0 16016.0 16008.0 16016.0 16008.0 16016.0 8.0 16016.0 16008.0 16016.0 16008.0 16016.0 8.0
50 1 CONSTANT 8.0
51 1 CONSTANT 8.0
52 1 CONSTANT 8.0
53 1 CONSTANT 8.0
54 1 CONSTANT 0.0
55 1 CONSTANT 0.0
56 1 CONSTANT 0.0
57 1 CONSTANT 0.0
58 1 CONSTANT 0.0
59 1 CONSTANT 0.0
60 1 CONSTANT 0.0
61 1 CONSTANT 0.0
62 1 CONSTANT 8.0
