0 1 1 TRACE 1672856106486471.0
1 2 1 TRACE 11328.0 52.0 68.0 43.0 66.0 44.0 68.0 43.0 69.0 51.0 43.0 42.0 44.0 42.0 43.0 43.0 32.0 43.0 42.0 42.0 43.0 44.0 43.0 44.0 42.0 42.0 44.0 43.0 43.0 43.0 43.0 42.0 42.0 42.0 43.0 43.0 43.0 42.0 42.0 42.0 43.0 43.0 43.0 42.0 57.0 43.0 43.0 44.0 43.0 42.0 43.0 43.0 31.0 43.0 53.0 43.0 44.0 32.0 43.0 42.0 31.0 42.0 42.0 35.0
2 3 1 TRACE 889.0 28.0 30.0 31.0 31.0 53.0 65.0 32.0 63.0 28.0 30.0 31.0 28.0 29.0 30.0 28.0 41.0 29.0 37.0 30.0 31.0 98.0 34.0 62.0 85.0 28.0 31.0 36.0 30.0 37.0 58.0 29.0 32.0 33.0 29.0 29.0 35.0 29.0 36.0 28.0 46.0 29.0 31.0 277.0 31.0 28.0 28.0 30.0 78.0 30.0 31.0 28.0 29.0 34.0 29.0 52.0 76.0 33.0 30.0 69.0 30.0 91.0 32.0 29.0
3 4 1 TRACE 43.0 26.0 24.0 24.0 59.0 29.0 24.0 24.0 55.0 24.0 23.0 23.0 57.0 23.0 59.0 35.0 57.0 24.0 58.0 24.0 23.0 60.0 24.0 26.0 51.0 53.0 54.0 33.0 60.0 31.0 60.0 24.0 24.0 24.0 32.0 42.0 61.0 35.0 23.0 56.0 58.0 59.0 23.0 359.0 29.0 29.0 25.0 24.0 57.0 28.0 24.0 24.0 24.0 25.0 24.0 56.0 49.0 61.0 24.0 54.0 24.0 60.0 24.0 23.0
4 5 1 TRACE 25.0 16.0 16.0 16.0 16.0 28.0 59.0 16.0 16.0 16.0 16.0 16.0 20.0 16.0 15.0 16.0 16.0 16.0 16.0 22.0 16.0 26.0 16.0 16.0 17.0 16.0 17.0 16.0 16.0 15.0 17.0 16.0 16.0 22.0 16.0 16.0 16.0 16.0 17.0 16.0 17.0 50.0 16.0 16.0 17.0 17.0 16.0 15.0 16.0 16.0 16.0 24.0 17.0 16.0 16.0 17.0 43.0 20.0 15.0 17.0 15.0 26.0 16.0 15.0
5 6 1 TRACE 41.0 191.0 22.0 18.0 17.0 20.0 12.0 18.0 12.0 18.0 16.0 14.0 17.0 16.0 49.0 17.0 17.0 13.0 13.0 11.0 30.0 12.0 18.0 16.0 27.0 17.0 68.0 18.0 50.0 18.0 23.0 17.0 19.0 15.0 16.0 27.0 61.0 13.0 14.0 17.0 18.0 11.0 47.0 18.0 16.0 14.0 12.0 23.0 22.0 14.0 14.0 11.0 13.0 11.0 16.0 16.0 14.0 18.0 12.0 47.0 13.0 13.0 11.0 15.0
6 7 1 TRACE 21.0 11.0 156.0 176.0 13.0 14.0 28.0 15.0 9.0 14.0 15.0 13.0 13.0 15.0 9.0 11.0 12.0 13.0 44.0 9.0 37.0 9.0 17.0 13.0 13.0 14.0 29.0 14.0 9.0 14.0 8.0 13.0 15.0 14.0 13.0 12.0 8.0 13.0 13.0 13.0 23.0 9.0 11.0 15.0 12.0 14.0 14.0 14.0 8.0 14.0 14.0 8.0 9.0 13.0 12.0 23.0 18.0 90.0 14.0 13.0 14.0 14.0 14.0 14.0
7 8 1 TRACE 20.0 8.0 12.0 16.0 24.0 8.0 18.0 13.0 8.0 14.0 13.0 13.0 22.0 14.0 9.0 13.0 9.0 51.0 17.0 13.0 23.0 8.0 14.0 8.0 23.0 9.0 19.0 15.0 10.0 20.0 10.0 13.0 15.0 24.0 13.0 21.0 13.0 13.0 13.0 21.0 12.0 8.0 19.0 33.0 13.0 13.0 14.0 15.0 19.0 14.0 15.0 14.0 9.0 13.0 14.0 12.0 11.0 57.0 14.0 8.0 22.0 8.0 12.0 9.0
8 9 1 TRACE 20.0 7.0 11.0 16.0 11.0 8.0 16.0 19.0 23.0 8.0 8.0 19.0 12.0 21.0 8.0 9.0 8.0 12.0 9.0 19.0 12.0 13.0 32.0 8.0 12.0 11.0 16.0 8.0 8.0 10.0 8.0 8.0 27.0 8.0 8.0 8.0 9.0 9.0 8.0 9.0 11.0 19.0 8.0 13.0 23.0 8.0 20.0 9.0 11.0 19.0 8.0 19.0 14.0 19.0 12.0 22.0 10.0 76.0 20.0 12.0 9.0 12.0 19.0 10.0
9 10 1 TRACE 60.0 46.0 37.0 42.0 28.0 29.0 28.0 33.0 47.0 55.0 40.0 28.0 57.0 36.0 40.0 38.0 79.0 38.0 56.0 47.0 47.0 60.0 27.0 63.0 54.0 61.0 31.0 39.0 58.0 43.0 63.0 49.0 32.0 53.0 58.0 55.0 69.0 58.0 57.0 61.0 29.0 70.0 57.0 51.0 27.0 39.0 58.0 37.0 35.0 28.0 62.0 55.0 54.0 64.0 33.0 50.0 113.0 34.0 37.0 67.0 37.0 73.0 68.0 103.0
10 11 1 TRACE 25.0 19.0 19.0 19.0 18.0 18.0 19.0 17.0 17.0 19.0 17.0 28.0 17.0 17.0 20.0 16.0 57.0 18.0 22.0 17.0 18.0 28.0 20.0 18.0 18.0 19.0 19.0 18.0 18.0 19.0 18.0 19.0 18.0 18.0 18.0 20.0 19.0 18.0 24.0 22.0 18.0 19.0 19.0 20.0 19.0 23.0 18.0 18.0 21.0 18.0 50.0 18.0 23.0 22.0 18.0 17.0 85.0 19.0 17.0 17.0 18.0 19.0 17.0 21.0
11 12 1 TRACE 35.0 20.0 29.0 20.0 19.0 19.0 20.0 19.0 175.0 19.0 21.0 18.0 20.0 18.0 19.0 18.0 19.0 22.0 18.0 18.0 28.0 19.0 19.0 20.0 51.0 24.0 19.0 20.0 19.0 22.0 20.0 20.0 18.0 19.0 19.0 20.0 36.0 23.0 18.0 50.0 57.0 86.0 18.0 68.0 18.0 19.0 53.0 18.0 22.0 18.0 28.0 19.0 18.0 53.0 43.0 20.0 19.0 19.0 17.0 18.0 18.0 19.0 18.0 18.0
12 13 1 TRACE 23.0 17.0 18.0 44.0 19.0 18.0 17.0 18.0 87.0 18.0 27.0 19.0 18.0 21.0 19.0 20.0 25.0 16.0 26.0 21.0 17.0 17.0 18.0 49.0 27.0 21.0 20.0 16.0 17.0 28.0 17.0 18.0 26.0 19.0 20.0 18.0 21.0 18.0 17.0 44.0 26.0 38.0 32.0 95.0 18.0 18.0 24.0 19.0 50.0 18.0 37.0 18.0 17.0 16.0 23.0 17.0 19.0 19.0 30.0 18.0 21.0 17.0 19.0 20.0
13 14 1 TRACE 21.0 9.0 9.0 9.0 9.0 8.0 9.0 8.0 9.0 8.0 9.0 8.0 9.0 9.0 9.0 9.0 9.0 9.0 9.0 9.0 9.0 9.0 8.0 9.0 8.0 9.0 8.0 8.0 8.0 8.0 9.0 9.0 9.0 8.0 8.0 9.0 8.0 9.0 8.0 9.0 8.0 8.0 9.0 9.0 8.0 8.0 8.0 9.0 9.0 9.0 9.0 9.0 9.0 8.0 9.0 8.0 10.0 9.0 9.0 8.0 9.0 8.0 9.0 9.0
14 15 1 TRACE 26.0 15.0 17.0 15.0 16.0 16.0 17.0 16.0 16.0 16.0 16.0 17.0 16.0 17.0 16.0 16.0 17.0 16.0 17.0 16.0 17.0 16.0 16.0 15.0 16.0 16.0 30.0 213.0 16.0 16.0 15.0 16.0 15.0 16.0 16.0 16.0 17.0 16.0 16.0 16.0 15.0 79.0 16.0 47.0 22.0 16.0 16.0 16.0 16.0 16.0 16.0 16.0 17.0 43.0 17.0 16.0 30.0 17.0 16.0 16.0 17.0 17.0 16.0 16.0
15 16 1 TRACE 12.0 8.0 8.0 8.0 8.0 8.0 8.0 8.0 8.0 8.0 9.0 8.0 8.0 8.0 8.0 8.0 8.0 8.0 8.0 8.0 8.0 8.0 8.0 8.0 8.0 8.0 9.0 8.0 8.0 8.0 8.0 8.0 8.0 8.0 8.0 8.0 8.0 8.0 8.0 8.0 8.0 8.0 8.0 9.0 8.0 8.0 9.0 8.0 8.0 8.0 8.0 8.0 8.0 9.0 9.0 9.0 9.0 8.0 8.0 8.0 8.0 8.0 9.0 8.0
16 17 1 TRACE 44.0 41.0 40.0 38.0 42.0 34.0 35.0 33.0 68.0 78.0 35.0 35.0 59.0 34.0 67.0 61.0 33.0 43.0 68.0 65.0 35.0 36.0 33.0 35.0 54.0 35.0 53.0 48.0 39.0 38.0 44.0 39.0 59.0 38.0 63.0 36.0 35.0 36.0 35.0 53.0 37.0 105.0 34.0 101.0 124.0 70.0 68.0 36.0 65.0 68.0 34.0 36.0 33.0 45.0 112.0 71.0 73.0 35.0 33.0 93.0 34.0 35.0 36.0 92.0
17 18 1 TRACE 24.0 18.0 19.0 18.0 21.0 19.0 18.0 19.0 21.0 18.0 21.0 18.0 21.0 18.0 22.0 21.0 18.0 18.0 23.0 18.0 17.0 17.0 21.0 18.0 18.0 19.0 21.0 18.0 17.0 19.0 17.0 22.0 20.0 18.0 20.0 19.0 18.0 17.0 19.0 19.0 17.0 25.0 18.0 19.0 18.0 19.0 21.0 18.0 18.0 18.0 20.0 22.0 20.0 29.0 18.0 18.0 30.0 20.0 19.0 17.0 19.0 20.0 24.0 22.0
18 19 1 TRACE 24.0 17.0 37.0 17.0 18.0 18.0 24.0 18.0 22.0 19.0 18.0 19.0 17.0 18.0 18.0 18.0 18.0 18.0 19.0 18.0 19.0 17.0 55.0 18.0 27.0 19.0 19.0 36.0 23.0 18.0 17.0 19.0 17.0 18.0 19.0 18.0 18.0 19.0 18.0 18.0 18.0 21.0 19.0 29.0 71.0 17.0 18.0 18.0 19.0 18.0 19.0 18.0 18.0 41.0 19.0 20.0 27.0 21.0 18.0 22.0 18.0 22.0 19.0 17.0
19 20 1 TRACE 24.0 19.0 19.0 19.0 26.0 21.0 18.0 18.0 17.0 19.0 18.0 18.0 19.0 18.0 17.0 20.0 20.0 20.0 55.0 19.0 18.0 20.0 17.0 20.0 16.0 18.0 22.0 17.0 20.0 21.0 24.0 17.0 19.0 19.0 20.0 45.0 18.0 19.0 20.0 18.0 18.0 20.0 51.0 20.0 60.0 26.0 18.0 45.0 18.0 18.0 18.0 20.0 20.0 18.0 45.0 18.0 35.0 19.0 20.0 20.0 31.0 19.0 40.0 20.0
20 21 1 TRACE 22.0 17.0 16.0 16.0 17.0 16.0 17.0 17.0 16.0 16.0 16.0 16.0 17.0 17.0 18.0 17.0 17.0 16.0 16.0 16.0 16.0 17.0 16.0 15.0 16.0 16.0 17.0 16.0 16.0 16.0 17.0 16.0 16.0 16.0 16.0 16.0 16.0 16.0 17.0 16.0 16.0 29.0 17.0 17.0 16.0 16.0 16.0 17.0 16.0 17.0 17.0 16.0 16.0 16.0 17.0 16.0 17.0 17.0 16.0 17.0 16.0 16.0 17.0 16.0
21 22 1 TRACE 28.0 13.0 13.0 14.0 13.0 12.0 13.0 13.0 13.0 13.0 13.0 13.0 12.0 13.0 13.0 13.0 13.0 13.0 13.0 13.0 13.0 13.0 13.0 13.0 12.0 13.0 12.0 13.0 13.0 13.0 14.0 13.0 12.0 13.0 14.0 13.0 13.0 13.0 14.0 13.0 12.0 13.0 13.0 13.0 12.0 13.0 13.0 12.0 13.0 13.0 13.0 13.0 13.0 13.0 13.0 13.0 14.0 14.0 13.0 13.0 13.0 22.0 13.0 13.0
22 23 1 TRACE 123.0 91.0 81.0 106.0 85.0 87.0 89.0 86.0 87.0 89.0 87.0 114.0 87.0 87.0 94.0 101.0 86.0 87.0 87.0 85.0 88.0 85.0 152.0 119.0 91.0 88.0 85.0 87.0 95.0 89.0 77.0 88.0 90.0 88.0 84.0 92.0 85.0 119.0 82.0 93.0 86.0 100.0 87.0 117.0 106.0 89.0 118.0 83.0 85.0 89.0 86.0 85.0 88.0 95.0 132.0 95.0 119.0 66.0 81.0 82.0 83.0 72.0 82.0 79.0
23 24 1 TRACE 70.0 30.0 44.0 29.0 28.0 25.0 26.0 60.0 27.0 32.0 27.0 29.0 36.0 26.0 58.0 39.0 27.0 55.0 35.0 82.0 30.0 57.0 38.0 51.0 25.0 28.0 26.0 32.0 26.0 26.0 27.0 64.0 56.0 66.0 48.0 65.0 58.0 71.0 57.0 30.0 54.0 63.0 64.0 61.0 128.0 35.0 65.0 29.0 31.0 29.0 32.0 28.0 25.0 28.0 36.0 26.0 56.0 50.0 31.0 59.0 53.0 59.0 110.0 38.0
24 25 1 TRACE 57.0 23.0 21.0 23.0 22.0 22.0 22.0 22.0 25.0 24.0 22.0 24.0 62.0 22.0 21.0 24.0 23.0 37.0 21.0 22.0 24.0 62.0 24.0 61.0 22.0 53.0 24.0 63.0 22.0 23.0 22.0 37.0 25.0 25.0 25.0 25.0 25.0 30.0 26.0 28.0 24.0 26.0 22.0 22.0 51.0 37.0 20.0 22.0 21.0 22.0 22.0 22.0 24.0 25.0 24.0 24.0 35.0 23.0 31.0 21.0 24.0 65.0 24.0 35.0
25 26 1 TRACE 26.0 10.0 10.0 10.0 9.0 10.0 10.0 10.0 10.0 10.0 11.0 10.0 10.0 10.0 11.0 11.0 10.0 11.0 10.0 10.0 10.0 10.0 10.0 10.0 10.0 10.0 10.0 10.0 9.0 10.0 10.0 10.0 10.0 10.0 10.0 10.0 11.0 10.0 10.0 10.0 10.0 10.0 10.0 10.0 10.0 10.0 10.0 10.0 10.0 10.0 10.0 10.0 10.0 10.0 22.0 10.0 10.0 11.0 11.0 10.0 10.0 10.0 10.0 10.0 11.0 10.0 10.0 10.0 10.0 10.0 18.0 10.0 10.0 10.0 10.0 10.0 10.0 11.0 10.0 11.0 10.0 10.0 10.0 10.0 10.0 10.0 10.0 10.0 10.0 10.0 10.0 10.0 10.0 10.0 10.0 10.0 11.0 10.0 11.0 11.0 11.0 10.0 10.0 10.0 10.0 10.0 10.0 10.0 10.0 10.0 10.0 11.0 10.0 10.0 11.0 10.0 10.0 10.0 13.0 10.0 11.0 10.0 11.0 10.0 10.0 10.0 11.0 10.0 11.0 12.0 10.0 10.0 10.0 10.0 10.0 11.0 11.0 10.0 11.0 10.0 10.0 10.0 10.0 10.0 10.0 10.0 11.0 10.0 10.0 10.0 9.0 10.0 10.0 10.0 10.0 10.0 10.0 11.0 11.0 10.0 10.0 10.0 11.0 10.0 10.0 11.0 10.0 10.0 10.0 11.0 10.0 11.0 10.0 11.0 10.0 10.0 10.0 10.0 11.0 10.0 10.0 10.0 11.0 10.0 10.0 10.0 10.0 10.0 10.0 10.0 10.0 10.0 10.0 12.0 11.0 11.0 11.0 10.0 10.0 10.0 10.0 13.0 10.0 11.0 11.0 10.0 10.0 10.0 10.0 11.0 10.0 10.0 10.0 10.0 10.0 10.0 10.0 10.0 10.0 10.0 10.0
26 27 1 TRACE 12.0 7.0 8.0 7.0 8.0 7.0 8.0 7.0 7.0 7.0 8.0 8.0 7.0 8.0 7.0 8.0 7.0 8.0 7.0 7.0 7.0 8.0 7.0 7.0 8.0 8.0 7.0 8.0 7.0 8.0 7.0 8.0 7.0 7.0 7.0 7.0 8.0 7.0 8.0 7.0 7.0 7.0 7.0 8.0 7.0 8.0 8.0 8.0 7.0 7.0 7.0 7.0 7.0 8.0 8.0 7.0 7.0 8.0 8.0 8.0 7.0 8.0 8.0 7.0 7.0 8.0 8.0 8.0 7.0 8.0 7.0 7.0 7.0 7.0 7.0 7.0 7.0 8.0 8.0 8.0 8.0 8.0 7.0 7.0 7.0 7.0 8.0 8.0 7.0 8.0 7.0 7.0 7.0 7.0 8.0 8.0 7.0 7.0 8.0 8.0 7.0 7.0 7.0 8.0 7.0 7.0 7.0 7.0 7.0 7.0 8.0 8.0 7.0 8.0 8.0 7.0 7.0 7.0 7.0 8.0 8.0 8.0 8.0 7.0 8.0 7.0 7.0 8.0 8.0 8.0 7.0 7.0 7.0 8.0 8.0 8.0 8.0 7.0 8.0 7.0 7.0 8.0 7.0 7.0 7.0 8.0 8.0 8.0 7.0 7.0 8.0 7.0 8.0 8.0 7.0 7.0 7.0 8.0 8.0 8.0 7.0 8.0 8.0 7.0 7.0 8.0 7.0 7.0 7.0 7.0 7.0 8.0 7.0 8.0 7.0 7.0 7.0 8.0 7.0 7.0 7.0 7.0 8.0 7.0 7.0 8.0 8.0 7.0 7.0 8.0 7.0 7.0 8.0 22.0 8.0 8.0 8.0 8.0 8.0 7.0 7.0 7.0 7.0 8.0 8.0 8.0 7.0 7.0 7.0 7.0 7.0 8.0 8.0 7.0 7.0 7.0 7.0 7.0 8.0 8.0 7.0
27 28 1 TRACE 11.0 8.0 7.0 7.0 7.0 8.0 7.0 8.0 7.0 8.0 8.0 7.0 7.0 7.0 7.0 7.0 7.0 7.0 8.0 7.0 7.0 7.0 7.0 7.0 7.0 7.0 7.0 7.0 7.0 7.0 8.0 7.0 7.0 8.0 8.0 7.0 7.0 7.0 7.0 7.0 7.0 7.0 7.0 7.0 8.0 7.0 7.0 7.0 8.0 8.0 8.0 7.0 7.0 7.0 8.0 7.0 7.0 7.0 7.0 7.0 7.0 7.0 7.0 8.0 7.0 7.0 7.0 7.0 8.0 7.0 11.0 8.0 7.0 8.0 7.0 8.0 7.0 7.0 7.0 8.0 7.0 7.0 8.0 7.0 8.0 7.0 7.0 7.0 8.0 7.0 8.0 7.0 7.0 8.0 7.0 7.0 7.0 7.0 7.0 7.0 7.0 7.0 7.0 7.0 8.0 7.0 8.0 8.0 8.0 8.0 7.0 7.0 8.0 7.0 7.0 7.0 8.0 7.0 8.0 8.0 7.0 7.0 7.0 8.0 7.0 7.0 18.0 7.0 7.0 8.0 7.0 7.0 8.0 7.0 7.0 7.0 7.0 8.0 7.0 8.0 8.0 7.0 7.0 8.0 8.0 7.0 7.0 7.0 7.0 7.0 7.0 8.0 7.0 7.0 8.0 8.0 7.0 7.0 7.0 7.0 8.0 7.0 7.0 7.0 7.0 7.0 7.0 8.0 8.0 7.0 8.0 7.0 7.0 7.0 7.0 7.0 8.0 7.0 8.0 8.0 7.0 8.0 7.0 7.0 7.0 7.0 7.0 8.0 8.0 7.0 7.0 7.0 7.0 9.0 8.0 8.0 8.0 7.0 8.0 7.0 7.0 8.0 8.0 7.0 7.0 7.0 7.0 8.0 7.0 7.0 8.0 7.0 7.0 8.0 8.0 7.0 7.0 7.0 7.0 7.0 7.0
28 29 1 TRACE 12.0 8.0 9.0 9.0 9.0 8.0 9.0 8.0 8.0 9.0 9.0 9.0 9.0 8.0 9.0 8.0 8.0 9.0 8.0 8.0 8.0 8.0 8.0 8.0 8.0 8.0 9.0 9.0 8.0 8.0 8.0 9.0 8.0 9.0 8.0 8.0 9.0 8.0 9.0 8.0 8.0 8.0 8.0 9.0 8.0 9.0 9.0 9.0 8.0 9.0 8.0 8.0 9.0 9.0 8.0 8.0 8.0 9.0 9.0 9.0 9.0 9.0 8.0 9.0 8.0 9.0 8.0 9.0 8.0 9.0 10.0 8.0 9.0 8.0 8.0 8.0 8.0 9.0 8.0 9.0 9.0 8.0 8.0 8.0 9.0 8.0 9.0 9.0 9.0 8.0 8.0 9.0 8.0 8.0 8.0 9.0 8.0 9.0 8.0 9.0 8.0 8.0 8.0 8.0 8.0 8.0 8.0 8.0 8.0 8.0 9.0 9.0 8.0 9.0 8.0 8.0 8.0 8.0 9.0 8.0 9.0 8.0 9.0 8.0 8.0 9.0 9.0 8.0 8.0 10.0 8.0 8.0 8.0 9.0 9.0 9.0 9.0 8.0 9.0 8.0 8.0 9.0 9.0 8.0 8.0 8.0 9.0 8.0 9.0 8.0 8.0 8.0 9.0 9.0 8.0 8.0 8.0 8.0 8.0 8.0 8.0 8.0 9.0 8.0 9.0 9.0 9.0 8.0 9.0 8.0 8.0 9.0 8.0 8.0 8.0 9.0 8.0 8.0 8.0 9.0 9.0 8.0 9.0 9.0 8.0 8.0 8.0 8.0 8.0 8.0 8.0 8.0 8.0 11.0 9.0 9.0 9.0 9.0 9.0 9.0 8.0 9.0 8.0 9.0 8.0 9.0 9.0 8.0 8.0 8.0 8.0 8.0 8.0 8.0 9.0 9.0 8.0 9.0 8.0 8.0 9.0
29 30 1 TRACE 48.0 30.0 51.0 33.0 35.0 33.0 31.0 44.0 43.0 34.0 29.0 55.0 34.0 28.0 28.0 39.0 30.0 55.0 34.0 32.0 112.0 47.0 51.0 34.0 53.0 57.0 32.0 70.0 67.0 40.0 69.0 30.0 33.0 138.0 72.0 31.0 34.0 67.0 34.0 41.0 30.0 73.0 45.0 34.0 32.0 32.0 71.0 36.0 33.0 459.0 69.0 39.0 35.0 31.0 52.0 36.0 34.0 32.0 68.0 34.0 32.0 33.0 70.0 60.0 28.0 68.0 30.0 35.0 44.0 29.0 18.0 40.0 68.0 31.0 33.0 78.0 61.0 31.0 33.0 81.0 33.0 34.0 31.0 36.0 41.0 33.0 33.0 66.0 62.0 35.0 53.0 134.0 57.0 32.0 50.0 43.0 31.0 56.0 66.0 35.0 31.0 99.0 69.0 30.0 61.0 70.0 60.0 34.0 65.0 37.0 32.0 32.0 78.0 33.0 33.0 66.0 40.0 140.0 18.0 67.0 60.0 31.0 97.0 75.0 145.0 39.0 18.0 47.0 56.0 110.0 31.0 31.0 68.0 31.0 36.0 38.0 61.0 38.0 65.0 47.0 37.0 31.0 66.0 72.0 45.0 55.0 43.0 31.0 38.0 32.0 31.0 36.0 149.0 35.0 29.0 47.0 37.0 33.0 70.0 72.0 34.0 78.0 68.0 67.0 153.0 31.0 73.0 59.0 33.0 75.0 32.0 40.0 254.0 64.0 82.0 68.0 36.0 31.0 29.0 67.0 68.0 87.0 65.0 39.0 31.0 35.0 41.0 30.0 67.0 65.0 70.0 30.0 114.0 32.0 80.0 89.0 71.0 68.0 36.0 263.0 75.0 24.0 46.0 63.0 66.0 66.0 34.0 32.0 31.0 29.0 68.0 34.0 67.0 32.0 415.0 155.0 39.0 164.0 41.0 76.0 34.0
30 31 1 TRACE 24.0 9.0 20.0 8.0 17.0 17.0 8.0 8.0 8.0 17.0 16.0 20.0 15.0 17.0 15.0 17.0 16.0 17.0 9.0 8.0 16.0 18.0 16.0 9.0 17.0 21.0 16.0 8.0 15.0 17.0 18.0 9.0 144.0 172.0 48.0 9.0 21.0 16.0 17.0 16.0 17.0 8.0 16.0 8.0 9.0 16.0 40.0 17.0 9.0 16.0 8.0 8.0 16.0 8.0 8.0 16.0 17.0 17.0 9.0 16.0 17.0 8.0 8.0 25.0 8.0 8.0 21.0 8.0 8.0 16.0 8.0 16.0 16.0 9.0 8.0 16.0 9.0 15.0 17.0 9.0 16.0 8.0 16.0 9.0 9.0 16.0 16.0 17.0 15.0 9.0 8.0 17.0 17.0 8.0 8.0 29.0 8.0 9.0 25.0 17.0 9.0 9.0 8.0 16.0 17.0 8.0 17.0 8.0 9.0 8.0 21.0 16.0 50.0 17.0 9.0 18.0 16.0 290.0 9.0 20.0 16.0 16.0 9.0 16.0 16.0 16.0 16.0 24.0 17.0 10.0 8.0 16.0 9.0 16.0 16.0 8.0 16.0 16.0 15.0 9.0 15.0 17.0 8.0 17.0 17.0 9.0 20.0 17.0 8.0 8.0 17.0 22.0 8.0 21.0 16.0 9.0 18.0 18.0 16.0 8.0 16.0 54.0 8.0 26.0 16.0 16.0 9.0 17.0 17.0 9.0 19.0 17.0 116.0 8.0 16.0 33.0 8.0 8.0 16.0 17.0 9.0 16.0 16.0 16.0 8.0 17.0 17.0 8.0 8.0 17.0 9.0 17.0 30.0 10.0 36.0 19.0 9.0 9.0 16.0 78.0 16.0 9.0 17.0 16.0 9.0 16.0 17.0 15.0 9.0 16.0 16.0 16.0 8.0 17.0 99.0 8.0 16.0 16.0 9.0 52.0 16.0
31 32 1 TRACE 18.0 12.0 14.0 12.0 12.0 13.0 13.0 12.0 12.0 13.0 13.0 13.0 13.0 13.0 12.0 13.0 13.0 13.0 12.0 12.0 12.0 13.0 13.0 13.0 13.0 13.0 13.0 12.0 17.0 13.0 13.0 13.0 13.0 13.0 13.0 13.0 14.0 13.0 13.0 13.0 12.0 12.0 12.0 13.0 13.0 12.0 14.0 13.0 12.0 19.0 12.0 12.0 13.0 13.0 12.0 12.0 13.0 13.0 13.0 12.0 13.0 12.0 12.0 16.0 13.0 12.0 14.0 13.0 12.0 12.0 13.0 12.0 13.0 13.0 13.0 13.0 13.0 13.0 13.0 28.0 13.0 13.0 13.0 13.0 13.0 12.0 12.0 12.0 14.0 13.0 13.0 13.0 13.0 12.0 12.0 13.0 12.0 13.0 13.0 13.0 13.0 13.0 12.0 13.0 19.0 12.0 12.0 17.0 13.0 13.0 13.0 13.0 13.0 12.0 13.0 13.0 13.0 13.0 13.0 13.0 12.0 13.0 12.0 13.0 13.0 13.0 13.0 12.0 13.0 14.0 12.0 13.0 13.0 13.0 12.0 12.0 13.0 12.0 13.0 13.0 13.0 13.0 12.0 13.0 13.0 13.0 13.0 13.0 12.0 13.0 12.0 13.0 60.0 13.0 12.0 13.0 12.0 13.0 13.0 13.0 12.0 13.0 43.0 13.0 27.0 13.0 13.0 13.0 13.0 13.0 14.0 13.0 49.0 13.0 13.0 13.0 12.0 12.0 14.0 12.0 13.0 13.0 13.0 12.0 12.0 13.0 12.0 12.0 13.0 18.0 13.0 13.0 25.0 15.0 16.0 14.0 13.0 14.0 13.0 13.0 12.0 13.0 12.0 13.0 13.0 12.0 13.0 13.0 13.0 12.0 13.0 13.0 12.0 13.0 13.0 12.0 13.0 12.0 12.0 14.0 13.0
32 33 1 TRACE 59.0 17.0 29.0 18.0 17.0 26.0 17.0 26.0 24.0 17.0 17.0 21.0 56.0 18.0 17.0 17.0 17.0 18.0 17.0 17.0 16.0 17.0 17.0 17.0 17.0 21.0 16.0 17.0 19.0 18.0 18.0 17.0 17.0 18.0 17.0 17.0 18.0 17.0 45.0 17.0 17.0 17.0 55.0 17.0 17.0 18.0 24.0 17.0 17.0 18.0 18.0 23.0 16.0 18.0 17.0 17.0 17.0 18.0 18.0 18.0 17.0 16.0 18.0 22.0 18.0 17.0 19.0 17.0 30.0 18.0 18.0 17.0 16.0 17.0 16.0 17.0 16.0 17.0 17.0 18.0 18.0 16.0 18.0 16.0 45.0 17.0 17.0 17.0 17.0 17.0 17.0 17.0 17.0 17.0 18.0 16.0 17.0 16.0 16.0 18.0 18.0 167.0 16.0 17.0 18.0 51.0 17.0 19.0 17.0 17.0 18.0 19.0 17.0 17.0 17.0 16.0 17.0 18.0 18.0 25.0 17.0 18.0 23.0 17.0 17.0 17.0 18.0 24.0 17.0 35.0 17.0 17.0 16.0 17.0 17.0 18.0 17.0 17.0 18.0 17.0 17.0 17.0 23.0 50.0 18.0 18.0 39.0 18.0 17.0 17.0 18.0 17.0 17.0 22.0 17.0 16.0 18.0 17.0 16.0 17.0 17.0 51.0 41.0 18.0 29.0 18.0 51.0 17.0 17.0 18.0 18.0 16.0 26.0 18.0 16.0 21.0 19.0 18.0 17.0 17.0 17.0 17.0 17.0 19.0 17.0 16.0 17.0 17.0 16.0 19.0 61.0 17.0 41.0 36.0 41.0 19.0 18.0 18.0 18.0 17.0 19.0 18.0 18.0 18.0 28.0 17.0 30.0 17.0 18.0 17.0 17.0 17.0 18.0 16.0 122.0 20.0 17.0 17.0 18.0 21.0 18.0
33 34 1 TRACE 219.0 281.0 375.0 197.0 241.0 218.0 169.0 108.0 261.0 213.0 183.0 130.0 431.0 1064.0 109.0 108.0 527.0 187.0 169.0 199.0 248.0 205.0 169.0 134.0 152.0 1263.0 182.0 137.0 247.0 183.0 106.0 133.0 169.0 1124.0 236.0 201.0 188.0 223.0 126.0 334.0 205.0 198.0 188.0 179.0 115.0 237.0 196.0 163.0 189.0 301.0 115.0 127.0 191.0 137.0 158.0 292.0 182.0 164.0 86.0 470.0 210.0 121.0 242.0 208.0 153.0 222.0 201.0 106.0 129.0 184.0 170.0 530.0 202.0 208.0 192.0 167.0 176.0 243.0 215.0 153.0 121.0 199.0 181.0 179.0 202.0 190.0 134.0 202.0 153.0 146.0 180.0 680.0 202.0 110.0 225.0 202.0 154.0 170.0 344.0 202.0 197.0 20.0 124.0 184.0 100.0 155.0 205.0 190.0 128.0 174.0 202.0 136.0 240.0 222.0 112.0 254.0 231.0 143.0 235.0 185.0 157.0 96.0 122.0 376.0 198.0 156.0 212.0 302.0 151.0 54.0 223.0 228.0 176.0 216.0 187.0 192.0 199.0 248.0 188.0 112.0 142.0 189.0 123.0 389.0 191.0 182.0 218.0 196.0 981.0 107.0 2905.0 166.0 60.0 131.0 191.0 219.0 211.0 1249.0 194.0 69.0 363.0 166.0 165.0 139.0 1141.0 199.0 75.0 202.0 243.0 149.0 114.0 1096.0 180.0 140.0 187.0 209.0 152.0 149.0 512.0 169.0 189.0 298.0 261.0 133.0 199.0 811.0 221.0 165.0 393.0 168.0 83.0 512.0 242.0 238.0 139.0 214.0 172.0 104.0 384.0 165.0 150.0 199.0 1269.0 166.0 118.0 304.0 256.0 102.0 148.0 126.0 855.0 216.0 107.0 269.0 634.0 208.0 204.0 154.0 109.0 165.0 200.0
34 35 1 TRACE 28.0 776.0 54.0 81.0 84.0 55.0 50.0 17.0 57.0 107.0 47.0 49.0 63.0 53.0 18.0 51.0 69.0 52.0 18.0 50.0 55.0 53.0 49.0 46.0 50.0 1221.0 51.0 48.0 56.0 52.0 18.0 48.0 117.0 102.0 51.0 44.0 97.0 51.0 50.0 59.0 51.0 49.0 57.0 48.0 48.0 54.0 53.0 18.0 94.0 59.0 21.0 53.0 49.0 21.0 47.0 57.0 53.0 18.0 50.0 977.0 52.0 18.0 64.0 120.0 19.0 56.0 50.0 18.0 51.0 50.0 46.0 62.0 52.0 20.0 73.0 59.0 44.0 56.0 54.0 47.0 18.0 52.0 49.0 18.0 53.0 49.0 49.0 176.0 50.0 18.0 52.0 63.0 50.0 18.0 53.0 187.0 48.0 52.0 54.0 52.0 50.0 19.0 50.0 48.0 18.0 91.0 57.0 21.0 20.0 51.0 50.0 49.0 57.0 52.0 65.0 57.0 48.0 20.0 56.0 56.0 48.0 18.0 49.0 58.0 103.0 47.0 84.0 54.0 48.0 20.0 97.0 49.0 49.0 55.0 50.0 49.0 55.0 52.0 17.0 52.0 50.0 52.0 49.0 59.0 66.0 50.0 64.0 66.0 19.0 49.0 861.0 52.0 74.0 51.0 51.0 48.0 60.0 571.0 51.0 50.0 927.0 58.0 51.0 50.0 221.0 51.0 48.0 54.0 181.0 48.0 51.0 75.0 52.0 80.0 55.0 54.0 85.0 59.0 62.0 54.0 54.0 95.0 78.0 18.0 51.0 69.0 51.0 18.0 54.0 110.0 58.0 77.0 106.0 83.0 105.0 54.0 18.0 50.0 56.0 100.0 18.0 50.0 85.0 51.0 49.0 57.0 66.0 25.0 46.0 49.0 67.0 50.0 54.0 57.0 53.0 49.0 54.0 58.0 42.0 56.0 50.0
35 36 1 TRACE 22.0 154.0 48.0 48.0 59.0 99.0 45.0 16.0 65.0 50.0 45.0 44.0 59.0 47.0 16.0 45.0 73.0 49.0 17.0 47.0 53.0 49.0 54.0 44.0 49.0 318.0 47.0 46.0 91.0 52.0 16.0 51.0 52.0 193.0 46.0 41.0 85.0 46.0 46.0 54.0 49.0 45.0 51.0 47.0 44.0 666.0 52.0 18.0 151.0 46.0 18.0 52.0 46.0 17.0 44.0 52.0 57.0 15.0 55.0 1624.0 49.0 16.0 55.0 49.0 17.0 48.0 46.0 16.0 49.0 46.0 52.0 429.0 49.0 17.0 128.0 51.0 42.0 102.0 50.0 47.0 17.0 51.0 47.0 19.0 50.0 46.0 46.0 53.0 48.0 20.0 84.0 74.0 52.0 16.0 54.0 49.0 44.0 44.0 92.0 100.0 44.0 18.0 49.0 47.0 18.0 54.0 49.0 18.0 17.0 48.0 57.0 45.0 54.0 50.0 52.0 54.0 47.0 16.0 51.0 56.0 45.0 17.0 47.0 57.0 60.0 50.0 128.0 49.0 44.0 17.0 49.0 47.0 53.0 51.0 47.0 45.0 55.0 48.0 25.0 45.0 47.0 45.0 51.0 58.0 49.0 47.0 53.0 227.0 18.0 44.0 453.0 49.0 52.0 48.0 46.0 49.0 50.0 594.0 46.0 48.0 85.0 50.0 47.0 54.0 98.0 52.0 45.0 82.0 53.0 45.0 48.0 150.0 46.0 44.0 54.0 50.0 47.0 44.0 69.0 51.0 83.0 367.0 49.0 17.0 47.0 83.0 47.0 16.0 56.0 60.0 48.0 63.0 122.0 83.0 101.0 48.0 17.0 47.0 57.0 49.0 16.0 50.0 107.0 155.0 47.0 53.0 54.0 18.0 42.0 44.0 76.0 48.0 44.0 53.0 73.0 44.0 48.0 49.0 40.0 51.0 45.0
36 37 1 TRACE 962.0 195.0 65.0 31.0 121.0 35.0 53.0 85.0 45.0 72.0 30.0 85.0 176.0 90.0 113.0 84.0 231.0 97.0 78.0 85.0 190.0 80.0 36.0 31.0 125.0 622.0 119.0 175.0 172.0 90.0 129.0 37.0 141.0 35.0 31.0 60.0 74.0 85.0 50.0 120.0 65.0 28.0 107.0 63.0 53.0 56.0 59.0 120.0 106.0 30.0 113.0 80.0 44.0 82.0 31.0 129.0 61.0 99.0 79.0 137.0 95.0 105.0 123.0 33.0 96.0 41.0 56.0 87.0 120.0 45.0 44.0 507.0 77.0 196.0 443.0 67.0 269.0 207.0 111.0 30.0 116.0 116.0 36.0 75.0 42.0 47.0 51.0 308.0 55.0 61.0 35.0 361.0 36.0 135.0 74.0 54.0 48.0 146.0 126.0 85.0 38.0 105.0 37.0 73.0 109.0 50.0 61.0 102.0 135.0 83.0 84.0 74.0 120.0 36.0 100.0 48.0 75.0 183.0 110.0 126.0 65.0 100.0 62.0 192.0 33.0 80.0 87.0 83.0 78.0 123.0 121.0 46.0 104.0 82.0 92.0 175.0 127.0 67.0 124.0 31.0 48.0 182.0 49.0 173.0 72.0 32.0 67.0 35.0 127.0 103.0 135.0 150.0 73.0 86.0 70.0 38.0 67.0 709.0 227.0 42.0 119.0 103.0 287.0 60.0 830.0 84.0 49.0 58.0 37.0 72.0 156.0 672.0 51.0 40.0 73.0 68.0 31.0 45.0 171.0 89.0 34.0 126.0 76.0 87.0 44.0 448.0 63.0 123.0 157.0 198.0 70.0 258.0 171.0 98.0 82.0 52.0 74.0 145.0 179.0 89.0 97.0 58.0 691.0 76.0 69.0 89.0 42.0 95.0 28.0 56.0 419.0 95.0 111.0 108.0 34.0 39.0 358.0 49.0 66.0 105.0 33.0
37 38 1 TRACE 39.0 35.0 28.0 84.0 87.0 30.0 31.0 58.0 38.0 32.0 29.0 28.0 85.0 30.0 86.0 112.0 82.0 32.0 53.0 27.0 81.0 34.0 65.0 53.0 31.0 139.0 28.0 59.0 90.0 68.0 120.0 29.0 49.0 241.0 27.0 72.0 47.0 65.0 28.0 53.0 31.0 66.0 36.0 62.0 36.0 41.0 29.0 28.0 66.0 30.0 29.0 31.0 29.0 43.0 70.0 43.0 75.0 65.0 37.0 89.0 38.0 28.0 46.0 29.0 28.0 33.0 31.0 34.0 65.0 32.0 28.0 94.0 39.0 28.0 33.0 37.0 38.0 75.0 32.0 64.0 28.0 38.0 34.0 61.0 70.0 33.0 51.0 45.0 65.0 28.0 30.0 81.0 61.0 31.0 42.0 29.0 57.0 34.0 45.0 30.0 60.0 30.0 32.0 61.0 62.0 63.0 32.0 63.0 62.0 68.0 33.0 90.0 68.0 65.0 30.0 34.0 28.0 59.0 54.0 34.0 122.0 58.0 28.0 83.0 64.0 63.0 38.0 63.0 139.0 64.0 39.0 29.0 33.0 32.0 32.0 28.0 42.0 69.0 27.0 63.0 30.0 27.0 28.0 63.0 63.0 57.0 41.0 69.0 68.0 68.0 57.0 70.0 44.0 32.0 36.0 70.0 70.0 157.0 33.0 35.0 80.0 28.0 246.0 71.0 138.0 67.0 31.0 49.0 30.0 65.0 60.0 123.0 32.0 29.0 42.0 63.0 71.0 32.0 61.0 34.0 85.0 90.0 61.0 28.0 32.0 89.0 30.0 60.0 49.0 54.0 34.0 63.0 89.0 68.0 74.0 73.0 31.0 56.0 64.0 67.0 64.0 32.0 129.0 75.0 69.0 74.0 63.0 62.0 59.0 61.0 89.0 31.0 64.0 52.0 73.0 57.0 34.0 27.0 64.0 30.0 71.0
38 39 1 TRACE 31.0 52.0 70.0 25.0 27.0 23.0 37.0 30.0 26.0 25.0 24.0 66.0 65.0 25.0 35.0 57.0 28.0 25.0 40.0 65.0 28.0 29.0 56.0 30.0 26.0 28.0 26.0 64.0 30.0 56.0 200.0 23.0 37.0 26.0 27.0 59.0 63.0 53.0 26.0 26.0 31.0 68.0 87.0 60.0 31.0 29.0 25.0 23.0 28.0 27.0 49.0 36.0 80.0 62.0 63.0 62.0 33.0 33.0 25.0 31.0 26.0 26.0 61.0 24.0 62.0 26.0 67.0 29.0 28.0 41.0 66.0 31.0 26.0 36.0 64.0 27.0 62.0 70.0 28.0 25.0 26.0 56.0 25.0 29.0 27.0 24.0 28.0 27.0 35.0 57.0 26.0 27.0 61.0 26.0 27.0 64.0 62.0 65.0 26.0 59.0 62.0 62.0 65.0 33.0 64.0 30.0 25.0 69.0 28.0 31.0 28.0 111.0 31.0 61.0 28.0 27.0 56.0 65.0 29.0 65.0 42.0 63.0 25.0 26.0 25.0 24.0 37.0 24.0 26.0 26.0 71.0 26.0 28.0 28.0 100.0 30.0 25.0 29.0 31.0 54.0 38.0 57.0 24.0 52.0 26.0 31.0 30.0 24.0 66.0 28.0 113.0 44.0 24.0 29.0 35.0 46.0 27.0 57.0 59.0 45.0 53.0 25.0 54.0 66.0 63.0 59.0 24.0 28.0 31.0 32.0 27.0 27.0 43.0 68.0 65.0 55.0 60.0 29.0 26.0 23.0 56.0 59.0 63.0 25.0 26.0 63.0 26.0 60.0 61.0 24.0 27.0 28.0 50.0 57.0 56.0 38.0 67.0 39.0 107.0 67.0 60.0 61.0 67.0 67.0 61.0 28.0 25.0 56.0 28.0 60.0 29.0 27.0 59.0 27.0 25.0 26.0 29.0 25.0 33.0 24.0 23.0
39 25 1 TRACE 23.0 17.0 18.0 20.0 25.0 17.0 18.0 20.0 20.0 23.0 17.0 19.0 17.0 26.0 23.0 18.0 18.0 18.0 17.0 39.0 17.0 18.0 55.0 22.0 18.0 20.0 18.0 18.0 20.0 17.0 55.0 19.0 22.0 18.0 18.0 18.0 18.0 26.0 20.0 17.0 19.0 18.0 17.0 19.0 16.0 18.0 18.0 19.0 18.0 47.0 21.0 21.0 18.0 21.0 18.0 28.0 19.0 17.0 17.0 20.0 20.0 18.0 18.0 19.0 26.0 17.0 18.0 18.0 18.0 21.0 18.0 18.0 19.0 20.0 21.0 18.0 17.0 20.0 17.0 20.0 18.0 49.0 62.0 20.0 22.0 37.0 19.0 53.0 22.0 20.0 20.0 18.0 53.0
39 40 1 TRACE 37.0 28.0 33.0 696.0 28.0 61.0 40.0 35.0 43.0 31.0 27.0 66.0 51.0 27.0 29.0 28.0 35.0 32.0 26.0 31.0 28.0 30.0 35.0 63.0 33.0 48.0 34.0 63.0 27.0 60.0 29.0 28.0 62.0 47.0 31.0 35.0 115.0 61.0 27.0 29.0 63.0 34.0 60.0 53.0 48.0 29.0 38.0 27.0 28.0 38.0 29.0 27.0 59.0 63.0 66.0 27.0 83.0 73.0 58.0 28.0 61.0 26.0 60.0 28.0
39 51 1 TRACE 67.0 27.0 53.0 74.0 34.0 67.0 35.0 55.0 31.0 62.0 57.0 27.0 61.0 28.0 29.0 61.0 62.0 35.0 62.0 67.0 64.0 29.0 30.0 28.0 64.0 30.0 27.0 64.0 30.0 29.0 61.0 43.0 30.0 65.0 30.0 27.0 31.0 28.0 64.0 27.0 30.0 33.0 453.0 47.0 36.0 62.0 36.0 33.0 64.0 41.0 61.0 27.0 63.0 28.0 60.0 82.0 69.0 76.0 30.0 31.0 30.0 61.0 64.0 66.0
40 41 1 TRACE 71.0 65.0 60.0 80.0 100.0 65.0 172.0 78.0 59.0 57.0 72.0 60.0 62.0 56.0 56.0 65.0 80.0 61.0 56.0 55.0 95.0 56.0 64.0 57.0 55.0 57.0 124.0 60.0 71.0 55.0 56.0 52.0 65.0 55.0 56.0 87.0 59.0 54.0 53.0 75.0 52.0 76.0 62.0 76.0 53.0 184.0 79.0 169.0 58.0 167.0 60.0 86.0 74.0 133.0 70.0 95.0 57.0 82.0 170.0 63.0 120.0 63.0 54.0 52.0
41 42 1 TRACE 18.0 13.0 13.0 14.0 15.0 13.0 12.0 14.0 13.0 13.0 14.0 13.0 13.0 13.0 13.0 13.0 14.0 13.0 13.0 13.0 13.0 13.0 13.0 13.0 13.0 14.0 12.0 12.0 13.0 13.0 12.0 12.0 14.0 13.0 15.0 15.0 13.0 13.0 13.0 13.0 13.0 13.0 13.0 13.0 13.0 13.0 13.0 12.0 13.0 13.0 14.0 13.0 13.0 14.0 13.0 14.0 13.0 13.0 12.0 14.0 14.0 12.0 13.0 13.0 13.0 14.0 13.0 14.0 13.0 13.0 13.0 13.0 15.0 13.0 13.0 12.0 13.0 14.0 14.0 13.0 12.0 13.0 13.0 19.0 13.0 14.0 13.0 13.0 13.0 14.0 13.0 13.0 13.0 13.0 13.0 13.0 13.0 12.0 13.0 13.0 13.0 12.0 13.0 13.0 12.0 13.0 13.0 13.0 13.0 13.0 12.0 13.0 13.0 12.0 15.0 13.0 13.0 13.0 18.0 14.0 15.0 13.0 13.0 13.0 13.0 15.0 13.0 13.0 42.0 13.0 12.0 12.0 13.0 14.0 33.0 13.0 13.0 46.0 14.0 14.0 14.0 12.0 39.0 14.0 13.0 13.0 13.0 13.0 13.0 14.0 13.0 12.0 33.0 14.0 13.0 17.0 15.0 12.0 13.0 13.0 12.0 12.0 14.0 13.0 13.0 14.0 13.0 13.0 14.0 13.0 13.0 14.0 13.0 12.0 14.0 39.0 12.0 14.0 12.0 12.0 13.0 13.0 13.0 13.0 15.0 13.0 14.0 14.0 14.0 14.0 14.0 13.0 13.0 14.0 17.0 50.0 13.0 12.0 13.0 13.0 13.0 12.0 14.0 12.0 13.0 14.0 13.0 12.0 13.0 14.0 12.0 12.0 21.0
42 43 1 TRACE 16.0 12.0 13.0 12.0 13.0 12.0 11.0 12.0 12.0 12.0 12.0 12.0 12.0 12.0 11.0 11.0 12.0 12.0 11.0 11.0 12.0 11.0 11.0 11.0 11.0 11.0 11.0 12.0 12.0 12.0 11.0 11.0 11.0 11.0 13.0 12.0 12.0 11.0 12.0 11.0 12.0 12.0 12.0 11.0 11.0 11.0 11.0 11.0 12.0 12.0 11.0 12.0 12.0 12.0 12.0 12.0 13.0 11.0 12.0 12.0 12.0 11.0 12.0 11.0 11.0 11.0 11.0 12.0 12.0 12.0 12.0 12.0 11.0 11.0 12.0 11.0 12.0 12.0 11.0 11.0 12.0 12.0 12.0 12.0 12.0 11.0 12.0 12.0 12.0 12.0 12.0 12.0 11.0 12.0 11.0 11.0 12.0 12.0 12.0 12.0 12.0 12.0 11.0 12.0 11.0 12.0 12.0 12.0 11.0 12.0 12.0 12.0 11.0 11.0 12.0 11.0 12.0 11.0 12.0 12.0 12.0 12.0 11.0 12.0 11.0 11.0 12.0 12.0 11.0 12.0 11.0 12.0 11.0 12.0 12.0 13.0 11.0 12.0 11.0 12.0 12.0 11.0 12.0 11.0 12.0 11.0 12.0 12.0 12.0 12.0 11.0 12.0 11.0 12.0 12.0 12.0 12.0 11.0 12.0 12.0 11.0 12.0 12.0 12.0 12.0 12.0 11.0 12.0 12.0 12.0 12.0 12.0 12.0 11.0 11.0 11.0 11.0 13.0 12.0 12.0 12.0 11.0 11.0 11.0 14.0 12.0 13.0 13.0 13.0 13.0 13.0 17.0 11.0 12.0 12.0 12.0 11.0 11.0 11.0 12.0 12.0 11.0 12.0 11.0 11.0 11.0 11.0 11.0 11.0 12.0 11.0 12.0 11.0
43 44 1 TRACE 12.0 8.0 8.0 8.0 9.0 8.0 9.0 8.0 8.0 8.0 8.0 9.0 9.0 8.0 8.0 8.0 8.0 8.0 8.0 8.0 8.0 9.0 9.0 9.0 8.0 8.0 8.0 11.0 8.0 8.0 8.0 8.0 8.0 8.0 8.0 8.0 8.0 8.0 8.0 8.0 8.0 8.0 8.0 8.0 8.0 8.0 8.0 8.0 8.0 8.0 8.0 8.0 8.0 9.0 8.0 8.0 9.0 9.0 8.0 8.0 8.0 8.0 8.0 8.0 9.0 9.0 8.0 8.0 8.0 8.0 8.0 8.0 8.0 8.0 8.0 8.0 8.0 8.0 8.0 8.0 8.0 8.0 8.0 8.0 8.0 9.0 8.0 8.0 8.0 9.0 8.0 8.0 9.0 8.0 8.0 9.0 8.0 8.0 8.0 8.0 8.0 8.0 8.0 8.0 8.0 8.0 8.0 8.0 8.0 9.0 9.0 8.0 8.0 8.0 8.0 8.0 8.0 9.0 8.0 9.0 8.0 8.0 8.0 8.0 8.0 9.0 8.0 8.0 8.0 8.0 9.0 8.0 8.0 9.0 9.0 9.0 9.0 8.0 9.0 8.0 8.0 8.0 8.0 8.0 8.0 9.0 8.0 8.0 8.0 8.0 8.0 8.0 9.0 8.0 8.0 9.0 8.0 8.0 8.0 8.0 8.0 8.0 8.0 8.0 8.0 8.0 8.0 8.0 8.0 8.0 8.0 8.0 8.0 8.0 8.0 8.0 8.0 9.0 8.0 8.0 8.0 8.0 8.0 9.0 10.0 9.0 9.0 9.0 9.0 9.0 9.0 10.0 8.0 8.0 8.0 8.0 9.0 8.0 8.0 8.0 8.0 8.0 8.0 8.0 8.0 8.0 9.0 8.0 8.0 8.0 8.0 8.0 8.0
44 45 1 TRACE 73.0 52.0 51.0 68.0 54.0 45.0 49.0 60.0 45.0 43.0 1913.0 53.0 158.0 70.0 310.0 98.0 91.0 42.0 46.0 76.0 49.0 40.0 77.0 44.0 40.0 64.0 448.0 255.0 81.0 42.0 48.0 198.0 54.0 39.0 39.0 42.0 79.0 44.0 41.0 78.0 43.0 84.0 110.0 78.0 47.0 42.0 64.0 41.0 71.0 43.0 91.0 90.0 42.0 88.0 40.0 57.0 49.0 80.0 79.0 127.0 48.0 47.0 84.0 109.0 42.0 48.0 40.0 76.0 42.0 43.0 74.0 65.0 43.0 95.0 102.0 46.0 44.0 61.0 41.0 41.0 85.0 100.0 77.0 243.0 78.0 96.0 779.0 69.0 48.0 66.0 41.0 80.0 102.0 41.0 39.0 89.0 78.0 58.0 68.0 55.0 41.0 83.0 101.0 90.0 48.0 76.0 41.0 81.0 44.0 98.0 81.0 81.0 142.0 41.0 38.0 78.0 121.0 41.0 70.0 51.0 38.0 111.0 103.0 42.0 77.0 61.0 56.0 45.0 119.0 88.0 43.0 80.0 42.0 39.0 290.0 50.0 77.0 123.0 88.0 38.0 55.0 85.0 53.0 62.0 107.0 47.0 114.0 45.0 40.0 71.0 43.0 42.0 61.0 80.0 42.0 37.0 49.0 43.0 43.0 82.0 88.0 43.0 65.0 42.0 42.0 50.0 82.0 81.0 65.0 41.0 38.0 57.0 43.0 45.0 72.0 89.0 40.0 49.0 83.0 58.0 62.0 41.0 50.0 55.0 77.0 113.0 199.0 197.0 179.0 48.0 76.0 47.0 40.0 159.0 47.0 251.0 64.0 46.0 38.0 82.0 42.0 52.0 63.0 42.0 260.0 63.0 46.0 91.0 82.0 83.0 42.0 42.0 66.0
45 46 1 TRACE 27.0 17.0 19.0 39.0 17.0 22.0 23.0 19.0 23.0 59.0 18.0 33.0 17.0 18.0 17.0 19.0 20.0 20.0 17.0 22.0 18.0 18.0 19.0 17.0 19.0 19.0 24.0 146.0 16.0 19.0 19.0 83.0 19.0 18.0 17.0 18.0 16.0 24.0 18.0 20.0 20.0 18.0 19.0 17.0 19.0 19.0 19.0 21.0 20.0 19.0 20.0 20.0 18.0 17.0 19.0 19.0 21.0 29.0 17.0 73.0 20.0 17.0 53.0 52.0 21.0 20.0 19.0 25.0 17.0 18.0 20.0 20.0 19.0 19.0 29.0 18.0 18.0 18.0 29.0 20.0 18.0 28.0 22.0 22.0 59.0 59.0 20.0 17.0 17.0 17.0 20.0 25.0 18.0 17.0 52.0 19.0 16.0 22.0 19.0 34.0 51.0 19.0 19.0 20.0 20.0 20.0 18.0 20.0 17.0 18.0 16.0 54.0 54.0 18.0 17.0 18.0 17.0 19.0 16.0 19.0 20.0 17.0 19.0 17.0 16.0 21.0 24.0 18.0 35.0 18.0 18.0 17.0 17.0 19.0 17.0 21.0 22.0 23.0 19.0 20.0 18.0 17.0 17.0 19.0 31.0 19.0 19.0 290.0 21.0 21.0 17.0 20.0 18.0 70.0 20.0 21.0 21.0 19.0 24.0 58.0 16.0 18.0 17.0 19.0 53.0 22.0 18.0 17.0 19.0 18.0 20.0 55.0 18.0 20.0 19.0 18.0 20.0 22.0 18.0 18.0 19.0 19.0 18.0 18.0 24.0 55.0 21.0 36.0 20.0 19.0 27.0 19.0 20.0 36.0 26.0 16.0 18.0 18.0 18.0 21.0 21.0 19.0 19.0 22.0 19.0 18.0 16.0 50.0 16.0 18.0 20.0 20.0 17.0
46 47 1 TRACE 523.0 208.0 108.0 108.0 440.0 147.0 107.0 434.0 147.0 156.0 676.0 650.0 414.0 313.0 374.0 111.0 440.0 140.0 108.0 262.0 114.0 110.0 364.0 131.0 107.0 434.0 151.0 108.0 418.0 165.0 108.0 106.0 407.0 174.0 109.0 431.0 168.0 107.0 107.0 448.0 143.0 107.0 438.0 169.0 114.0 106.0 420.0 173.0 106.0 126.0 434.0 140.0 106.0 361.0 186.0 128.0 455.0 147.0 107.0 425.0 206.0 108.0 107.0 406.0 208.0 108.0 108.0 325.0 127.0 158.0 437.0 169.0 108.0 178.0 448.0 141.0 107.0 452.0 176.0 138.0 108.0 410.0 194.0 107.0 107.0 420.0 192.0 107.0 107.0 281.0 148.0 107.0 437.0 175.0 106.0 416.0 148.0 113.0 407.0 197.0 103.0 101.0 423.0 146.0 102.0 403.0 204.0 104.0 109.0 410.0 138.0 101.0 416.0 154.0 103.0 102.0 429.0 151.0 107.0 333.0 121.0 101.0 461.0 140.0 106.0 410.0 179.0 132.0 101.0 409.0 167.0 113.0 119.0 427.0 142.0 120.0 406.0 262.0 135.0 105.0 351.0 124.0 122.0 430.0 204.0 101.0 501.0 405.0 103.0 438.0 194.0 127.0 109.0 243.0 108.0 102.0 357.0 129.0 101.0 249.0 105.0 129.0 438.0 142.0 102.0 254.0 143.0 112.0 456.0 142.0 131.0 315.0 121.0 101.0 433.0 125.0 147.0 309.0 112.0 103.0 391.0 187.0 131.0 319.0 205.0 204.0 622.0 265.0 143.0 109.0 388.0 202.0 169.0 253.0 118.0 101.0 407.0 190.0 109.0 268.0 111.0 103.0 421.0 160.0 333.0 406.0 177.0 104.0 100.0 393.0 226.0 138.0 106.0
47 48 1 TRACE 14.0 20.0 69.0 53.0 10.0 11.0 8.0 10.0 11.0 10.0 29.0 10.0 8.0 10.0 1160.0 10.0 10.0 24.0 8.0 9.0 9.0 11.0 9.0 10.0 9.0 21.0 12.0 15.0 16.0 11.0 8.0 10.0 10.0 10.0 13.0 10.0 8.0 9.0 9.0 10.0 10.0 10.0 8.0 31.0 11.0 14.0 26.0 16.0 8.0 10.0 10.0 10.0 13.0 10.0 8.0 53.0 10.0 10.0 10.0 9.0 8.0 11.0 10.0 12.0 12.0 11.0 9.0 10.0 10.0 10.0 11.0 10.0 9.0 11.0 11.0 27.0 10.0 11.0 8.0 15.0 10.0 11.0 22.0 10.0 9.0 10.0 13.0 12.0 10.0 10.0 9.0 46.0 10.0 14.0 10.0 9.0 8.0 11.0 10.0 14.0 22.0 12.0 8.0 10.0 10.0 9.0 14.0 11.0 8.0 9.0 10.0 10.0 10.0 9.0 15.0 10.0 9.0 12.0 19.0 12.0 8.0 10.0 12.0 44.0 18.0 11.0 8.0 10.0 11.0 10.0 10.0 14.0 8.0 13.0 16.0 13.0 12.0 13.0 8.0 18.0 11.0 11.0 11.0 10.0 8.0 10.0 10.0 10.0 10.0 10.0 8.0 10.0 9.0 19.0 17.0 12.0 8.0 11.0 12.0 10.0 17.0 11.0 9.0 48.0 10.0 50.0 14.0 10.0 8.0 16.0 17.0 15.0 19.0 17.0 8.0 9.0 13.0 12.0 17.0 10.0 9.0 9.0 10.0 11.0 11.0 9.0 8.0 9.0 10.0 10.0 10.0 10.0 8.0 11.0 10.0 16.0 18.0 11.0 9.0 10.0 10.0 10.0 14.0 11.0 8.0 36.0 10.0 13.0 17.0 10.0 8.0 52.0 16.0 10.0 14.0 14.0 8.0 17.0 11.0 12.0 19.0 11.0 8.0 10.0 9.0 10.0 10.0 10.0 8.0 10.0 9.0 10.0 11.0 10.0 8.0 12.0 12.0 15.0 24.0 13.0 8.0 11.0 10.0 11.0 15.0 10.0 7.0 11.0 9.0 11.0 11.0 10.0 8.0 11.0 20.0 30.0 15.0 11.0 7.0 10.0 12.0 10.0 17.0 12.0 8.0 30.0 10.0 11.0 10.0 10.0 7.0 9.0 11.0 10.0 11.0 9.0 9.0 26.0 10.0 10.0 15.0 11.0 8.0 10.0 12.0 11.0 16.0 11.0 8.0 10.0 13.0 10.0 10.0 10.0 8.0 10.0 14.0 9.0 12.0 10.0 8.0 14.0 18.0 16.0 22.0 15.0 8.0 10.0 9.0 10.0 11.0 10.0 8.0 10.0 14.0 10.0 10.0 10.0 9.0 20.0 17.0 12.0 18.0 13.0 8.0 10.0 11.0 11.0 11.0 10.0 8.0 10.0 10.0 11.0 9.0 10.0 8.0 28.0 26.0 16.0 23.0 13.0 8.0 9.0 11.0 10.0 15.0 10.0 8.0 10.0 14.0 9.0 10.0 10.0 9.0 119.0 22.0 19.0 12.0 10.0 9.0 11.0 10.0 10.0 17.0 13.0 8.0 47.0 9.0 10.0 12.0 10.0 8.0 10.0 10.0 11.0 10.0 10.0 8.0 13.0 14.0 20.0 24.0 17.0 8.0 10.0 13.0 11.0 17.0 14.0 8.0 9.0 11.0 11.0 17.0 9.0 8.0 10.0 10.0 11.0 10.0 10.0 9.0 13.0 10.0 10.0 19.0 11.0 9.0 10.0 11.0 16.0 12.0 10.0 9.0 10.0 13.0 11.0 10.0 10.0 8.0 11.0 9.0 10.0 19.0 14.0 8.0 10.0 10.0 11.0 18.0 12.0 8.0 10.0 11.0 10.0 50.0 11.0 9.0 11.0 10.0 24.0 15.0 44.0 8.0 20.0 13.0 13.0 24.0 13.0 8.0 9.0 10.0 10.0 18.0 10.0 8.0 10.0 10.0 9.0 14.0 10.0 8.0 13.0 36.0 10.0 27.0 15.0 8.0 27.0 11.0 11.0 18.0 16.0 8.0 10.0 11.0 44.0 10.0 10.0 8.0 10.0 14.0 9.0 11.0 9.0 8.0 24.0 11.0 10.0 30.0 21.0 8.0 13.0 14.0 11.0 20.0 12.0 8.0 11.0 33.0 10.0 14.0 10.0 8.0 10.0 10.0 9.0 14.0 10.0 8.0 14.0 14.0 13.0 31.0 10.0 9.0 24.0 11.0 10.0 13.0 10.0 8.0 45.0 10.0 11.0 13.0 9.0 8.0 10.0 11.0 9.0 13.0 43.0 9.0 12.0 10.0 12.0 17.0 11.0 8.0 11.0 10.0 10.0 10.0 9.0 9.0 10.0 10.0 10.0 10.0 10.0 9.0 12.0 21.0 14.0 23.0 14.0 8.0 10.0 10.0 10.0 18.0 10.0 8.0 48.0 9.0 9.0 12.0 10.0 8.0 10.0 10.0 10.0 21.0 12.0 8.0 10.0 10.0 10.0 24.0 10.0 8.0 10.0 10.0 9.0 15.0 10.0 8.0 26.0 17.0 18.0 31.0 18.0 9.0 16.0 10.0 10.0 11.0 12.0 8.0 43.0 10.0 10.0 15.0 14.0 8.0 12.0 9.0 9.0 16.0 11.0 8.0 39.0 17.0 12.0 28.0 16.0 8.0 10.0 10.0 11.0 11.0 13.0 8.0 12.0 12.0 10.0 18.0 12.0 8.0 30.0 24.0 20.0 38.0 15.0 9.0 10.0 11.0 10.0 17.0 14.0 8.0 10.0 10.0 11.0 15.0 12.0 8.0 9.0 9.0 10.0 16.0 13.0 9.0 11.0 13.0 10.0 23.0 10.0 9.0 10.0 10.0 10.0 18.0 11.0 8.0 10.0 9.0 11.0 17.0 12.0 9.0 27.0 11.0 10.0 24.0 19.0 8.0 12.0 9.0 10.0 19.0 10.0 8.0 10.0 12.0 10.0 16.0 17.0 8.0 10.0 12.0 11.0 49.0 18.0 8.0 24.0 20.0 15.0 28.0 27.0 8.0 51.0 11.0 11.0 17.0 13.0 8.0 10.0 10.0 10.0 17.0 11.0 8.0 33.0 10.0 12.0 22.0 11.0 9.0 10.0 10.0 10.0 15.0 10.0 8.0 10.0 17.0 13.0 12.0 14.0 9.0 21.0 16.0 14.0 33.0 11.0 8.0 10.0 9.0 9.0 17.0 14.0 8.0 9.0 11.0 10.0 15.0 13.0 8.0 25.0 15.0 26.0 32.0 18.0 9.0 10.0 19.0 10.0 17.0 10.0 8.0 10.0 12.0 11.0 17.0 12.0 8.0 10.0 11.0 11.0 47.0 15.0 8.0 28.0 15.0 15.0 21.0 15.0 8.0 10.0 22.0 11.0 18.0 13.0 8.0 10.0 10.0 11.0 17.0 12.0 8.0 39.0 11.0 10.0 24.0 39.0 9.0 53.0 34.0 25.0 14.0 18.0 7.0 9.0 10.0 9.0 16.0 12.0 8.0 9.0 11.0 10.0 15.0 11.0 9.0 108.0 25.0 22.0 29.0 15.0 8.0 10.0 10.0 10.0 14.0 13.0 8.0 9.0 10.0 10.0 15.0 11.0 9.0 10.0 11.0 10.0 14.0 11.0 8.0 33.0 10.0 12.0 17.0 14.0 8.0 15.0 9.0 13.0 12.0 12.0 8.0 9.0 10.0 10.0 11.0 11.0 8.0 33.0 14.0 14.0 17.0 15.0 9.0 10.0 10.0 14.0 59.0 12.0 8.0 11.0 11.0 10.0 15.0 10.0 8.0 10.0 10.0 11.0 17.0 12.0 8.0 9.0 12.0 12.0 16.0 11.0 8.0 11.0 11.0 12.0 15.0 12.0 9.0 10.0 22.0 22.0 36.0 26.0 8.0 20.0 10.0 10.0 16.0 11.0 8.0 9.0 48.0 52.0 15.0 11.0 8.0 12.0 11.0 17.0 10.0 11.0 8.0 19.0 9.0 11.0 15.0 10.0 8.0 36.0 10.0 11.0 14.0 11.0 8.0 11.0 10.0 11.0 14.0 11.0 8.0 19.0 25.0 13.0 21.0 11.0 8.0 14.0 10.0 15.0 29.0 12.0 8.0 10.0 40.0 11.0 18.0 11.0 8.0 13.0 10.0 10.0 19.0 19.0 8.0 10.0 9.0 11.0 16.0 11.0 8.0 15.0 11.0 10.0 15.0 12.0 8.0 25.0 15.0 15.0 22.0 15.0 8.0 13.0 10.0 10.0 13.0 12.0 8.0 46.0 13.0 10.0 16.0 12.0 8.0 57.0 37.0 12.0 14.0 13.0 8.0 9.0 10.0 10.0 13.0 12.0 8.0 10.0 9.0 9.0 13.0 12.0 8.0 10.0 20.0 10.0 20.0 12.0 8.0 9.0 10.0 14.0 12.0 14.0 8.0 46.0 10.0 10.0 10.0 11.0 8.0 22.0 10.0 20.0 12.0 11.0 8.0 24.0 77.0 11.0 16.0 13.0 8.0 9.0 11.0 10.0 16.0 12.0 8.0 10.0 11.0 10.0 18.0 12.0 8.0 10.0 10.0 12.0 15.0 12.0 8.0 10.0 9.0 11.0 16.0 11.0 8.0 10.0 12.0 10.0 17.0 13.0 8.0 40.0 9.0 10.0 13.0 12.0 8.0 9.0 11.0 9.0 13.0 10.0 8.0 20.0 18.0 17.0 17.0 12.0 8.0 10.0 10.0 11.0 16.0 12.0 8.0 10.0 9.0 10.0 15.0 11.0 8.0 10.0 17.0 14.0 121.0 13.0 8.0 42.0 10.0 10.0 53.0 48.0 9.0 28.0 17.0 12.0 29.0 22.0 9.0 13.0 55.0 65.0 13.0 29.0 11.0 12.0 11.0 12.0 21.0 14.0 9.0 11.0 29.0 11.0 11.0 11.0 10.0 10.0 11.0 11.0 13.0 11.0 9.0 10.0 10.0 12.0 12.0 11.0 8.0 11.0 18.0 10.0 14.0 11.0 8.0 10.0 10.0 10.0 15.0 10.0 8.0 28.0 10.0 13.0 40.0 17.0 8.0 10.0 13.0 11.0 15.0 12.0 8.0 10.0 12.0 11.0 14.0 11.0 9.0 21.0 14.0 13.0 56.0 22.0 8.0 10.0 10.0 10.0 13.0 13.0 8.0 9.0 10.0 10.0 12.0 11.0 8.0 13.0 11.0 15.0 21.0 10.0 8.0 10.0 10.0 45.0 14.0 12.0 8.0 10.0 12.0 11.0 16.0 12.0 8.0 19.0 10.0 12.0 21.0 11.0 19.0 9.0 17.0 10.0 17.0 10.0 8.0 149.0 9.0 9.0 10.0 11.0 8.0 10.0 38.0 18.0 54.0 13.0 8.0 10.0 11.0 10.0 17.0 21.0 8.0 10.0 9.0 10.0 15.0 12.0 8.0 9.0 11.0 11.0 10.0 10.0 8.0 26.0 20.0 24.0 29.0 24.0 8.0 9.0 10.0 13.0 16.0 13.0 8.0 9.0 10.0 10.0 12.0 20.0 8.0 10.0 10.0 10.0 15.0 11.0
48 49 1 TRACE 31.0 28.0 26.0 21.0 20.0 20.0 17.0 29.0 27.0 21.0 28.0 20.0 8.0 11.0 26.0 10.0 10.0 9.0 7.0 9.0 9.0 10.0 9.0 9.0 41.0 35.0 31.0 22.0 22.0 23.0 10.0 24.0 23.0 19.0 18.0 18.0 7.0 9.0 9.0 9.0 11.0 10.0 35.0 32.0 26.0 23.0 22.0 20.0 11.0 21.0 21.0 18.0 18.0 19.0 10.0 11.0 19.0 10.0 10.0 9.0 41.0 34.0 28.0 23.0 23.0 20.0 9.0 21.0 17.0 16.0 16.0 17.0 7.0 10.0 10.0 29.0 10.0 10.0 40.0 34.0 38.0 24.0 22.0 20.0 8.0 12.0 13.0 13.0 17.0 12.0 7.0 10.0 17.0 10.0 9.0 9.0 38.0 33.0 34.0 23.0 29.0 21.0 10.0 19.0 22.0 17.0 17.0 19.0 8.0 9.0 10.0 10.0 10.0 9.0 25.0 32.0 31.0 21.0 22.0 22.0 8.0 46.0 10.0 14.0 11.0 47.0 7.0 10.0 10.0 10.0 9.0 10.0 41.0 35.0 28.0 31.0 23.0 21.0 9.0 20.0 19.0 17.0 18.0 13.0 8.0 10.0 9.0 9.0 9.0 9.0 33.0 32.0 30.0 22.0 23.0 23.0 11.0 42.0 32.0 18.0 18.0 19.0 7.0 90.0 9.0 9.0 10.0 37.0 28.0 30.0 33.0 22.0 23.0 20.0 13.0 24.0 26.0 19.0 20.0 19.0 7.0 10.0 10.0 10.0 9.0 10.0 8.0 9.0 10.0 9.0 10.0 10.0 40.0 47.0 29.0 23.0 23.0 21.0 9.0 19.0 18.0 17.0 17.0 23.0 7.0 13.0 44.0 10.0 10.0 10.0 27.0 31.0 59.0 22.0 22.0 21.0 13.0 28.0 25.0 20.0 19.0 20.0 7.0 10.0 11.0 10.0 10.0 10.0 8.0 10.0 9.0 9.0 9.0 9.0 37.0 33.0 34.0 22.0 23.0 28.0 10.0 20.0 20.0 17.0 19.0 18.0 7.0 12.0 9.0 10.0 17.0 9.0 26.0 31.0 25.0 22.0 23.0 20.0 12.0 31.0 34.0 20.0 23.0 20.0 8.0 13.0 10.0 10.0 11.0 10.0 7.0 13.0 10.0 9.0 10.0 9.0 28.0 31.0 25.0 22.0 26.0 21.0 13.0 26.0 28.0 19.0 20.0 20.0 7.0 9.0 10.0 10.0 10.0 10.0 8.0 11.0 11.0 10.0 10.0 9.0 38.0 32.0 40.0 22.0 23.0 24.0 9.0 20.0 20.0 18.0 19.0 18.0 7.0 10.0 10.0 10.0 10.0 9.0 41.0 43.0 30.0 23.0 22.0 20.0 8.0 21.0 21.0 14.0 15.0 14.0 7.0 14.0 10.0 9.0 9.0 10.0 35.0 34.0 27.0 23.0 23.0 23.0 10.0 43.0 31.0 18.0 18.0 18.0 7.0 10.0 11.0 9.0 10.0 10.0 19.0 28.0 21.0 28.0 21.0 27.0 18.0 34.0 32.0 21.0 21.0 21.0 8.0 10.0 9.0 10.0 10.0 11.0 7.0 9.0 9.0 9.0 9.0 10.0 19.0 28.0 24.0 21.0 21.0 21.0 18.0 36.0 31.0 20.0 21.0 47.0 8.0 9.0 9.0 9.0 10.0 9.0 8.0 11.0 9.0 10.0 10.0 10.0 41.0 36.0 28.0 22.0 22.0 21.0 9.0 13.0 15.0 13.0 13.0 13.0 7.0 10.0 11.0 9.0 10.0 10.0 28.0 48.0 48.0 21.0 23.0 20.0 12.0 33.0 25.0 19.0 19.0 20.0 8.0 10.0 15.0 10.0 11.0 10.0 7.0 10.0 9.0 9.0 9.0 12.0 38.0 35.0 26.0 22.0 23.0 59.0 9.0 22.0 23.0 17.0 18.0 17.0 8.0 9.0 13.0 9.0 10.0 10.0 29.0 30.0 31.0 21.0 22.0 21.0 13.0 40.0 33.0 19.0 20.0 20.0 8.0 9.0 14.0 10.0 12.0 11.0 7.0 23.0 9.0 9.0 10.0 46.0 21.0 28.0 26.0 20.0 23.0 22.0 16.0 28.0 29.0 21.0 21.0 20.0 7.0 11.0 9.0 10.0 10.0 11.0 7.0 9.0 10.0 9.0 10.0 9.0 27.0 33.0 25.0 21.0 23.0 22.0 13.0 25.0 25.0 21.0 20.0 19.0 7.0 12.0 10.0 9.0 10.0 14.0 8.0 9.0 14.0 9.0 10.0 12.0 37.0 34.0 26.0 22.0 27.0 20.0 8.0 12.0 15.0 11.0 11.0 11.0 8.0 9.0 9.0 10.0 9.0 10.0 36.0 32.0 26.0 24.0 23.0 21.0 10.0 25.0 21.0 18.0 18.0 18.0 8.0 10.0 9.0 9.0 10.0 10.0 40.0 34.0 35.0 23.0 23.0 21.0 9.0 18.0 20.0 17.0 17.0 18.0 8.0 10.0 10.0 9.0 10.0 9.0 20.0 29.0 23.0 21.0 21.0 19.0 17.0 30.0 26.0 21.0 26.0 20.0 7.0 9.0 10.0 10.0 10.0 11.0 7.0 9.0 15.0 10.0 10.0 10.0 35.0 32.0 36.0 23.0 23.0 26.0 11.0 39.0 31.0 24.0 19.0 20.0 8.0 18.0 11.0 9.0 9.0 10.0 19.0 28.0 22.0 22.0 22.0 22.0 17.0 28.0 31.0 21.0 22.0 21.0 8.0 35.0 10.0 10.0 10.0 10.0 7.0 9.0 14.0 9.0 10.0 10.0 40.0 35.0 32.0 23.0 25.0 20.0 10.0 25.0 21.0 17.0 18.0 19.0 7.0 9.0 12.0 9.0 11.0 11.0 31.0 32.0 27.0 22.0 23.0 20.0 11.0 24.0 29.0 18.0 19.0 18.0 7.0 9.0 14.0 9.0 10.0 12.0 7.0 10.0 15.0 9.0 52.0 10.0 33.0 32.0 41.0 23.0 21.0 23.0 11.0 59.0 25.0 18.0 18.0 19.0 7.0 9.0 12.0 9.0 9.0 11.0 40.0 38.0 29.0 23.0 23.0 22.0 9.0 14.0 17.0 13.0 14.0 14.0 8.0 35.0 10.0 9.0 12.0 13.0 36.0 32.0 36.0 22.0 22.0 63.0 10.0 23.0 28.0 18.0 18.0 19.0 7.0 13.0 13.0 9.0 10.0 11.0 28.0 37.0 50.0 21.0 23.0 20.0 13.0 28.0 23.0 20.0 19.0 20.0 8.0 9.0 13.0 10.0 10.0 10.0 7.0 10.0 15.0 10.0 47.0 13.0 27.0 31.0 24.0 23.0 21.0 23.0 13.0 57.0 28.0 20.0 20.0 21.0 7.0 9.0 14.0 10.0 10.0 11.0 7.0 9.0 49.0 10.0 10.0 24.0 35.0 40.0 28.0 22.0 38.0 22.0 10.0 21.0 23.0 17.0 18.0 19.0 7.0 9.0 12.0 9.0 9.0 11.0 18.0 27.0 29.0 20.0 21.0 22.0 18.0 29.0 28.0 21.0 21.0 21.0 8.0 10.0 11.0 9.0 10.0 10.0 8.0 10.0 12.0 9.0 10.0 10.0 41.0 35.0 35.0 22.0 22.0 22.0 8.0 19.0 17.0 14.0 14.0 14.0 7.0 9.0 11.0 9.0 10.0 11.0 37.0 33.0 26.0 23.0 23.0 57.0 10.0 22.0 23.0 17.0 17.0 18.0 7.0 10.0 10.0 9.0 10.0 10.0 40.0 33.0 30.0 22.0 23.0 22.0 8.0 18.0 17.0 14.0 13.0 16.0 7.0 10.0 11.0 10.0 10.0 10.0 20.0 54.0 37.0 21.0 21.0 20.0 16.0 28.0 26.0 21.0 53.0 21.0 7.0 10.0 16.0 10.0 10.0 10.0 7.0 10.0 9.0 9.0 10.0 10.0 23.0 32.0 27.0 21.0 29.0 20.0 7.0 10.0 11.0 11.0 11.0 10.0 7.0 10.0 18.0 9.0 9.0 10.0 40.0 33.0 47.0 22.0 23.0 21.0 8.0 18.0 56.0 14.0 16.0 16.0 8.0 9.0 29.0 9.0 11.0 11.0 24.0 34.0 28.0 28.0 22.0 21.0 8.0 10.0 14.0 10.0 11.0 11.0 7.0 10.0 9.0 9.0 10.0 14.0 36.0 33.0 26.0 22.0 22.0 22.0 10.0 20.0 22.0 26.0 19.0 18.0 7.0 12.0 10.0 10.0 11.0 11.0 33.0 41.0 64.0 23.0 22.0 21.0 7.0 10.0 14.0 11.0 11.0 10.0 7.0 10.0 12.0 9.0 10.0 10.0 36.0 33.0 26.0 22.0 23.0 22.0 10.0 28.0 23.0 24.0 17.0 20.0 7.0 10.0 9.0 9.0 10.0 11.0 40.0 36.0 29.0 23.0 23.0 20.0 8.0 13.0 21.0 13.0 12.0 13.0 8.0 10.0 12.0 9.0 10.0 10.0 40.0 33.0 37.0 23.0 22.0 20.0 8.0 56.0 23.0 16.0 14.0 15.0 7.0 14.0 9.0 10.0 10.0 9.0 33.0 32.0 35.0 29.0 23.0 22.0 8.0 11.0 10.0 11.0 11.0 11.0 8.0 9.0 12.0 9.0 10.0 11.0 39.0 37.0 46.0 22.0 23.0 22.0 9.0 19.0 18.0 16.0 17.0 17.0 8.0 10.0 11.0 9.0 9.0 10.0 39.0 43.0 46.0 22.0 26.0 27.0 9.0 24.0 52.0 25.0 54.0 19.0 20.0 14.0 12.0 21.0 12.0 53.0 20.0 30.0 31.0 33.0 23.0 34.0 22.0 34.0 26.0 23.0 22.0 21.0 9.0 11.0 11.0 10.0 11.0 12.0 9.0 11.0 14.0 11.0 11.0 11.0 42.0 35.0 26.0 22.0 27.0 36.0 9.0 18.0 29.0 14.0 13.0 15.0 7.0 10.0 11.0 9.0 11.0 10.0 24.0 32.0 35.0 22.0 23.0 22.0 7.0 10.0 12.0 10.0 10.0 10.0 7.0 9.0 12.0 10.0 9.0 10.0 39.0 35.0 32.0 23.0 26.0 23.0 9.0 20.0 23.0 17.0 17.0 21.0 7.0 9.0 17.0 9.0 10.0 11.0 36.0 33.0 37.0 23.0 25.0 24.0 8.0 10.0 16.0 11.0 11.0 13.0 8.0 10.0 14.0 10.0 10.0 11.0 38.0 48.0 41.0 22.0 22.0 21.0 9.0 19.0 18.0 17.0 17.0 19.0 8.0 10.0 9.0 9.0 10.0 10.0 25.0 263.0 24.0 22.0 37.0 49.0 14.0 26.0 27.0 20.0 31.0 43.0 7.0 10.0 12.0 9.0 10.0 10.0 7.0 9.0 13.0 10.0 9.0 10.0 18.0 30.0 32.0 20.0 21.0 19.0 19.0 39.0 31.0 21.0 21.0 21.0 8.0 10.0 16.0 10.0 10.0 10.0 8.0 9.0 12.0 10.0 10.0 10.0
49 47 1 TRACE 364.0 330.0 298.0 284.0 270.0 119.0 102.0 90.0 85.0 80.0 41.0 56.0 609.0 43.0 43.0 39.0 40.0 40.0 40.0 41.0 276.0 203.0 159.0 148.0 129.0 80.0 82.0 77.0 74.0 72.0 40.0 41.0 41.0 41.0 42.0 278.0 201.0 163.0 143.0 128.0 82.0 80.0 77.0 74.0 73.0 43.0 41.0 54.0 41.0 41.0 232.0 168.0 135.0 128.0 109.0 68.0 69.0 68.0 67.0 66.0 144.0 40.0 40.0 41.0 41.0 179.0 137.0 122.0 107.0 94.0 58.0 56.0 56.0 60.0 57.0 40.0 40.0 65.0 74.0 42.0 261.0 189.0 148.0 132.0 119.0 73.0 75.0 72.0 69.0 69.0 40.0 41.0 40.0 40.0 41.0 136.0 112.0 96.0 89.0 83.0 44.0 43.0 44.0 44.0 44.0 40.0 40.0 41.0 41.0 41.0 213.0 155.0 126.0 113.0 102.0 64.0 67.0 64.0 63.0 63.0 42.0 64.0 42.0 42.0 41.0 293.0 213.0 169.0 148.0 134.0 85.0 83.0 78.0 76.0 73.0 40.0 41.0 40.0 41.0 52.0 293.0 229.0 181.0 170.0 146.0 96.0 98.0 83.0 79.0 77.0 40.0 41.0 40.0 41.0 41.0 39.0 40.0 40.0 40.0 41.0 237.0 183.0 138.0 123.0 112.0 70.0 71.0 67.0 67.0 68.0 40.0 41.0 41.0 41.0 42.0 295.0 237.0 202.0 168.0 152.0 97.0 89.0 84.0 82.0 80.0 40.0 41.0 41.0 40.0 41.0 40.0 40.0 40.0 40.0 40.0 272.0 192.0 155.0 152.0 124.0 76.0 75.0 72.0 71.0 71.0 40.0 40.0 41.0 40.0 43.0 304.0 233.0 188.0 163.0 149.0 97.0 131.0 84.0 79.0 78.0 41.0 41.0 40.0 41.0 42.0 40.0 40.0 40.0 40.0 40.0 296.0 244.0 192.0 169.0 150.0 117.0 90.0 83.0 80.0 77.0 67.0 62.0 55.0 42.0 42.0 40.0 41.0 41.0 40.0 40.0 264.0 248.0 151.0 134.0 119.0 74.0 82.0 72.0 75.0 71.0 40.0 41.0 40.0 41.0 41.0 207.0 156.0 127.0 113.0 101.0 65.0 66.0 63.0 62.0 62.0 39.0 45.0 41.0 41.0 40.0 276.0 202.0 162.0 142.0 129.0 81.0 88.0 77.0 73.0 73.0 49.0 41.0 41.0 40.0 41.0 298.0 270.0 244.0 223.0 209.0 134.0 105.0 92.0 87.0 78.0 40.0 42.0 42.0 41.0 42.0 39.0 40.0 40.0 41.0 41.0 298.0 267.0 237.0 216.0 199.0 116.0 102.0 90.0 86.0 79.0 69.0 42.0 41.0 41.0 42.0 39.0 40.0 40.0 40.0 41.0 187.0 140.0 116.0 105.0 105.0 61.0 58.0 58.0 56.0 59.0 41.0 47.0 40.0 45.0 41.0 320.0 234.0 188.0 173.0 148.0 96.0 90.0 83.0 83.0 76.0 61.0 44.0 40.0 40.0 41.0 73.0 68.0 46.0 41.0 41.0 262.0 191.0 153.0 143.0 121.0 75.0 74.0 71.0 72.0 70.0 40.0 41.0 40.0 40.0 41.0 292.0 231.0 184.0 164.0 143.0 94.0 90.0 82.0 79.0 76.0 41.0 41.0 40.0 43.0 42.0 40.0 40.0 40.0 40.0 41.0 297.0 267.0 232.0 207.0 180.0 111.0 101.0 88.0 85.0 79.0 40.0 41.0 41.0 40.0 43.0 39.0 40.0 40.0 40.0 41.0 293.0 233.0 192.0 168.0 153.0 97.0 89.0 89.0 78.0 83.0 39.0 41.0 41.0 40.0 42.0 61.0 41.0 40.0 41.0 40.0 159.0 126.0 104.0 94.0 87.0 75.0 51.0 50.0 50.0 51.0 41.0 41.0 40.0 40.0 41.0 277.0 206.0 163.0 141.0 130.0 82.0 81.0 76.0 73.0 72.0 40.0 40.0 41.0 41.0 41.0 239.0 171.0 140.0 123.0 111.0 71.0 71.0 68.0 67.0 67.0 40.0 51.0 40.0 40.0 41.0 298.0 263.0 229.0 207.0 178.0 112.0 100.0 90.0 100.0 79.0 46.0 39.0 39.0 41.0 40.0 42.0 39.0 37.0 39.0 45.0 270.0 200.0 160.0 148.0 127.0 90.0 80.0 75.0 75.0 70.0 38.0 38.0 38.0 39.0 39.0 288.0 261.0 237.0 205.0 191.0 114.0 103.0 91.0 86.0 81.0 40.0 40.0 39.0 43.0 40.0 41.0 42.0 38.0 40.0 38.0 252.0 177.0 142.0 126.0 115.0 93.0 69.0 67.0 68.0 66.0 37.0 38.0 37.0 39.0 38.0 278.0 237.0 185.0 149.0 133.0 91.0 84.0 79.0 77.0 82.0 46.0 42.0 38.0 40.0 38.0 37.0 39.0 37.0 38.0 37.0 277.0 204.0 160.0 144.0 157.0 111.0 81.0 77.0 81.0 71.0 51.0 39.0 38.0 39.0 39.0 191.0 141.0 115.0 123.0 98.0 58.0 90.0 57.0 58.0 58.0 37.0 37.0 37.0 38.0 76.0 270.0 192.0 156.0 138.0 145.0 155.0 78.0 74.0 72.0 70.0 39.0 38.0 37.0 39.0 39.0 286.0 224.0 179.0 166.0 146.0 98.0 93.0 82.0 82.0 81.0 38.0 46.0 38.0 40.0 39.0 36.0 38.0 37.0 39.0 38.0 288.0 233.0 189.0 168.0 183.0 102.0 95.0 84.0 83.0 75.0 39.0 39.0 38.0 39.0 39.0 36.0 37.0 39.0 44.0 37.0 267.0 196.0 157.0 140.0 126.0 89.0 80.0 76.0 71.0 71.0 46.0 42.0 38.0 38.0 38.0 289.0 264.0 243.0 218.0 294.0 116.0 103.0 91.0 89.0 80.0 39.0 39.0 39.0 41.0 40.0 67.0 39.0 37.0 39.0 38.0 208.0 150.0 122.0 117.0 98.0 62.0 63.0 60.0 60.0 59.0 43.0 42.0 37.0 39.0 38.0 256.0 190.0 153.0 137.0 119.0 106.0 77.0 110.0 68.0 68.0 37.0 37.0 38.0 38.0 38.0 212.0 153.0 123.0 113.0 101.0 68.0 91.0 61.0 58.0 60.0 37.0 37.0 38.0 39.0 37.0 316.0 257.0 225.0 198.0 177.0 129.0 100.0 90.0 92.0 81.0 88.0 107.0 41.0 45.0 39.0 37.0 37.0 37.0 38.0 38.0 129.0 110.0 94.0 101.0 81.0 42.0 41.0 40.0 41.0 42.0 36.0 37.0 37.0 38.0 37.0 210.0 204.0 127.0 114.0 105.0 93.0 63.0 61.0 63.0 60.0 69.0 42.0 37.0 38.0 38.0 132.0 111.0 96.0 91.0 82.0 43.0 42.0 41.0 43.0 49.0 38.0 38.0 37.0 39.0 38.0 269.0 198.0 157.0 141.0 126.0 78.0 80.0 73.0 70.0 70.0 37.0 38.0 37.0 37.0 39.0 136.0 113.0 96.0 95.0 82.0 42.0 45.0 43.0 44.0 43.0 38.0 38.0 37.0 39.0 38.0 265.0 189.0 165.0 136.0 124.0 77.0 79.0 74.0 69.0 68.0 47.0 41.0 64.0 38.0 38.0 218.0 147.0 114.0 105.0 95.0 56.0 56.0 55.0 55.0 56.0 37.0 38.0 37.0 38.0 38.0 215.0 159.0 133.0 110.0 102.0 62.0 67.0 61.0 60.0 60.0 38.0 40.0 37.0 38.0 38.0 149.0 131.0 101.0 93.0 85.0 45.0 45.0 46.0 46.0 46.0 48.0 110.0 37.0 41.0 39.0 221.0 194.0 131.0 127.0 108.0 72.0 91.0 65.0 63.0 63.0 37.0 38.0 37.0 39.0 38.0 175.0 133.0 111.0 106.0 158.0 62.0 114.0 116.0 125.0 64.0 69.0 58.0 55.0 55.0 58.0 472.0 365.0 314.0 297.0 283.0 166.0 114.0 101.0 95.0 87.0 46.0 70.0 45.0 53.0 45.0 41.0 63.0 45.0 43.0 42.0 221.0 151.0 125.0 142.0 104.0 63.0 150.0 60.0 61.0 59.0 39.0 41.0 48.0 38.0 38.0 133.0 112.0 95.0 92.0 83.0 84.0 43.0 41.0 42.0 42.0 53.0 39.0 37.0 38.0 37.0 244.0 175.0 142.0 129.0 116.0 72.0 71.0 67.0 70.0 66.0 37.0 39.0 37.0 38.0 38.0 158.0 122.0 104.0 95.0 96.0 77.0 62.0 46.0 46.0 47.0 37.0 42.0 37.0 40.0 37.0 249.0 196.0 145.0 129.0 118.0 72.0 72.0 68.0 69.0 71.0 37.0 38.0 43.0 38.0 39.0 351.0 236.0 200.0 172.0 156.0 102.0 93.0 85.0 86.0 77.0 38.0 39.0 38.0 40.0 39.0 43.0 42.0 37.0 45.0 37.0 297.0 266.0 241.0 220.0 200.0 142.0 110.0 91.0 86.0 79.0 41.0 47.0 42.0 39.0 41.0 66.0 72.0 38.0 42.0 38.0
49 50 1 TRACE 99.0 71.0 34.0 101.0 129.0 112.0 85.0 118.0 129.0 63.0 433.0 101.0 131.0 78.0 169.0 34.0 70.0 90.0 74.0 294.0 35.0 61.0 93.0 106.0 53.0 278.0 123.0 34.0 132.0 58.0 52.0 93.0 133.0 125.0 65.0 156.0 55.0 50.0 116.0 63.0 146.0 154.0 244.0 75.0 65.0 136.0 110.0 128.0 74.0 70.0 49.0 52.0 96.0 119.0 139.0 135.0 71.0 65.0 76.0 97.0 89.0 123.0 81.0 297.0 136.0 71.0 92.0 118.0 106.0 93.0 191.0 94.0 33.0 30.0 47.0 54.0 163.0 83.0 88.0 83.0 45.0 219.0 91.0 90.0 76.0 145.0 93.0 72.0 87.0 140.0 78.0 111.0 137.0 144.0 75.0 136.0 171.0 84.0 139.0 127.0 64.0 40.0 105.0 132.0 120.0 157.0 131.0 103.0 112.0 151.0 103.0 85.0 86.0 86.0 103.0 34.0 48.0 161.0 110.0 99.0 130.0 36.0 76.0 137.0 81.0 85.0 38.0 99.0 33.0 172.0 96.0 124.0 31.0 162.0 78.0 93.0 44.0 133.0 141.0 62.0 146.0 77.0 116.0 100.0 40.0 99.0 115.0 34.0 148.0 114.0 100.0 33.0 112.0 45.0 66.0 139.0 43.0 53.0 32.0 109.0 37.0 31.0 143.0 128.0 46.0 41.0 59.0 88.0 79.0 36.0 32.0 103.0 59.0 65.0 68.0 86.0 180.0 131.0 81.0 67.0 41.0 36.0 94.0 681.0 292.0 287.0 72.0 201.0 74.0 68.0 74.0 74.0 159.0 70.0 366.0 54.0 80.0 70.0 135.0 100.0 33.0 45.0 152.0 35.0 112.0 40.0 50.0 135.0 97.0 44.0 123.0 229.0 71.0
50 25 1 TRACE 31.0 23.0 24.0 33.0 22.0 22.0 21.0 22.0 27.0 24.0 25.0 21.0 22.0 20.0 65.0 26.0 59.0 26.0 24.0 28.0 25.0 23.0 25.0 25.0 25.0 20.0 21.0 24.0 22.0 62.0 25.0 60.0 24.0 22.0 24.0 97.0 25.0 23.0 20.0 24.0 21.0 22.0 61.0 24.0 61.0 20.0 24.0 23.0 24.0 22.0 22.0 23.0 21.0 21.0 24.0 59.0 20.0 33.0 33.0 22.0 23.0 25.0 25.0 22.0
50 41 1 TRACE 9.0 9.0 8.0 9.0 8.0 8.0 9.0 9.0 9.0 9.0 9.0 8.0 9.0 9.0 8.0 8.0 8.0 8.0 8.0 9.0 8.0 8.0 8.0 12.0 9.0 8.0 8.0 9.0 9.0 9.0 9.0 9.0 9.0 9.0 8.0 9.0 9.0 9.0 9.0 8.0 8.0 9.0 9.0 17.0 9.0 9.0 9.0 9.0 9.0 8.0 11.0 8.0 8.0 9.0 9.0 8.0 8.0 8.0 9.0 8.0 9.0 8.0 8.0 9.0 9.0 8.0 9.0 8.0 8.0 9.0 8.0 8.0 8.0 8.0 9.0 9.0 9.0 9.0 9.0 9.0 11.0 8.0 8.0 8.0 12.0 9.0 8.0 9.0 9.0 8.0 8.0 9.0 8.0 8.0 9.0 9.0 8.0 9.0 10.0 9.0 9.0 8.0 9.0 9.0 8.0 8.0 8.0 8.0 9.0 8.0 8.0 8.0 8.0 8.0 9.0 9.0 9.0 9.0 8.0 9.0 9.0 8.0 9.0 9.0 9.0 8.0 9.0 9.0 11.0 9.0 10.0 10.0 10.0 9.0 9.0 8.0 8.0 9.0 9.0 8.0 8.0 9.0 9.0 9.0 8.0 8.0 8.0 8.0 9.0
51 52 1 TRACE 662.0 648.0 622.0 636.0 639.0 625.0 643.0 752.0 620.0 635.0 624.0 631.0 625.0 622.0 625.0 623.0 627.0 623.0 628.0 626.0 630.0 632.0 624.0 698.0 622.0 655.0 623.0 621.0 621.0 607.0 611.0 636.0 617.0 610.0 613.0 609.0 611.0 607.0 614.0 607.0 607.0 608.0 611.0 680.0 607.0 625.0 611.0 610.0 611.0 616.0 633.0 612.0 611.0 643.0 611.0 889.0 619.0 627.0 609.0 609.0 613.0 619.0 617.0 656.0
52 53 1 TRACE 58.0 79.0 48.0 77.0 54.0 66.0 36.0 68.0 42.0 68.0 35.0 72.0 37.0 37.0 60.0 37.0 36.0 37.0 36.0 35.0 45.0 36.0 69.0 82.0 36.0 80.0 37.0 36.0 35.0 37.0 99.0 45.0 37.0 36.0 36.0 40.0 65.0 41.0 69.0 72.0 37.0 38.0 37.0 35.0 37.0 51.0 36.0 37.0 71.0 36.0 35.0 41.0 36.0 307.0 104.0 139.0 58.0 68.0 36.0 70.0 67.0 36.0 37.0 65.0
53 54 1 TRACE 26.0 55.0 17.0 17.0 20.0 23.0 14.0 17.0 22.0 22.0 19.0 18.0 20.0 18.0 18.0 48.0 14.0 17.0 16.0 50.0 19.0 18.0 19.0 20.0 19.0 67.0 31.0 22.0 22.0 20.0 145.0 17.0 21.0 22.0 20.0 17.0 20.0 19.0 16.0 16.0 20.0 17.0 17.0 52.0 18.0 57.0 21.0 19.0 17.0 56.0 19.0 18.0 87.0 36.0 72.0 28.0 22.0 19.0 18.0 19.0 18.0 17.0 16.0 15.0
54 55 1 TRACE 44.0 19.0 19.0 36.0 20.0 24.0 19.0 21.0 19.0 19.0 19.0 18.0 19.0 18.0 18.0 19.0 18.0 18.0 19.0 19.0 19.0 19.0 20.0 18.0 19.0 19.0 19.0 19.0 19.0 18.0 19.0 19.0 21.0 19.0 19.0 19.0 19.0 18.0 19.0 19.0 19.0 18.0 18.0 20.0 19.0 19.0 19.0 18.0 18.0 19.0 19.0 18.0 19.0 20.0 19.0 20.0 33.0 32.0 19.0 18.0 19.0 19.0 18.0 18.0
55 56 1 TRACE 10.0 7.0 7.0 7.0 7.0 7.0 7.0 7.0 7.0 7.0 7.0 7.0 7.0 7.0 7.0 7.0 7.0 7.0 7.0 7.0 7.0 7.0 7.0 7.0 7.0 7.0 7.0 7.0 7.0 7.0 7.0 7.0 7.0 8.0 8.0 7.0 7.0 7.0 7.0 7.0 7.0 7.0 7.0 7.0 7.0 7.0 7.0 7.0 7.0 7.0 8.0 7.0 7.0 7.0 8.0 7.0 8.0 8.0 7.0 7.0 8.0 8.0 7.0 7.0
56 57 1 TRACE 22.0 11.0 7.0 8.0 7.0 7.0 6.0 7.0 7.0 6.0 7.0 6.0 7.0 6.0 6.0 7.0 7.0 7.0 7.0 7.0 7.0 7.0 7.0 7.0 7.0 7.0 7.0 7.0 7.0 7.0 7.0 7.0 7.0 7.0 7.0 7.0 7.0 6.0 7.0 7.0 6.0 7.0 6.0 7.0 6.0 6.0 7.0 7.0 6.0 7.0 6.0 7.0 7.0 7.0 7.0 7.0 7.0 18.0 6.0 7.0 7.0 7.0 6.0 7.0
57 58 1 TRACE 10.0 7.0 7.0 7.0 6.0 7.0 7.0 7.0 6.0 7.0 7.0 7.0 7.0 7.0 7.0 7.0 6.0 7.0 7.0 7.0 7.0 7.0 7.0 7.0 7.0 7.0 7.0 7.0 7.0 7.0 7.0 7.0 7.0 7.0 7.0 7.0 6.0 7.0 6.0 7.0 7.0 7.0 7.0 7.0 7.0 7.0 6.0 6.0 7.0 7.0 7.0 7.0 7.0 7.0 7.0 7.0 7.0 6.0 7.0 7.0 7.0 7.0 7.0 7.0
58 59 1 TRACE 15.0 9.0 8.0 8.0 8.0 8.0 7.0 8.0 8.0 8.0 8.0 8.0 8.0 7.0 7.0 8.0 8.0 8.0 8.0 7.0 8.0 8.0 8.0 8.0 8.0 8.0 8.0 8.0 7.0 8.0 8.0 7.0 8.0 7.0 7.0 8.0 8.0 7.0 8.0 8.0 7.0 8.0 7.0 8.0 7.0 7.0 8.0 8.0 7.0 8.0 7.0 7.0 8.0 8.0 8.0 8.0 9.0 8.0 7.0 8.0 7.0 7.0 7.0 8.0
59 60 1 TRACE 7.0 7.0 6.0 19.0 6.0 7.0 7.0 19.0 7.0 6.0 7.0 7.0 18.0 7.0 19.0 7.0 7.0 6.0 6.0 7.0 18.0 7.0 6.0 7.0 7.0 7.0 7.0 18.0 7.0 18.0 7.0 7.0 7.0 7.0 7.0 6.0 6.0 7.0 6.0 6.0 7.0 6.0 7.0 7.0 7.0 7.0 6.0 7.0 7.0 6.0 7.0 7.0 7.0 7.0 7.0 7.0 8.0 18.0 7.0 7.0 7.0 7.0 7.0 7.0
60 61 1 TRACE 8.0 7.0 19.0 7.0 19.0 19.0 8.0 7.0 7.0 19.0 19.0 19.0 7.0 19.0 7.0 8.0 19.0 19.0 19.0 19.0 8.0 8.0 7.0 7.0 19.0 19.0 7.0 8.0 7.0 7.0 18.0 18.0 19.0 19.0 19.0 19.0 19.0 19.0 19.0 19.0 18.0 19.0 19.0 19.0 19.0 19.0 19.0 20.0 19.0 19.0 19.0 19.0 19.0 18.0 19.0 19.0 7.0 8.0 19.0 19.0 18.0 18.0 19.0 18.0
61 62 1 TRACE 19.0 19.0 7.0 7.0 7.0 7.0 7.0 7.0 7.0 7.0 7.0 7.0 7.0 7.0 7.0 10.0 7.0 7.0 7.0 7.0 7.0 7.0 7.0 7.0 8.0 8.0 7.0 8.0 7.0 7.0 8.0 7.0 7.0 7.0 7.0 7.0 7.0 7.0 7.0 7.0 7.0 7.0 7.0 7.0 7.0 7.0 8.0 7.0 7.0 7.0 7.0 10.0 7.0 8.0 7.0 8.0 7.0 8.0 7.0 7.0 8.0 7.0 7.0 8.0
62 1 1 TRACE 37.0 26.0 22.0 25.0 22.0 24.0 22.0 24.0 21.0 27.0 22.0 21.0 22.0 21.0 22.0 27.0 22.0 22.0 27.0 21.0 22.0 22.0 22.0 22.0 27.0 22.0 23.0 22.0 24.0 22.0 22.0 22.0 23.0 22.0 21.0 22.0 22.0 22.0 22.0 22.0 22.0 22.0 23.0 32.0 21.0 22.0 22.0 27.0 21.0 22.0 23.0 39.0 22.0 23.0 22.0 40.0 22.0 22.0 22.0 56.0 22.0 23.0 24.0
