0 1 CONSTANT 8.0
1 1 CONSTANT 8.0
2 1 CONSTANT 0.0
3 1 CONSTANT 8.0
4 1 CONSTANT 8.0
5 1 CONSTANT 8.0
6 1 CONSTANT 8.0
7 1 CONSTANT 8.0
8 1 CONSTANT 8.0
9 1 CONSTANT 0.0
10 1 CONSTANT 0.0
11 1 CONSTANT 0.0
12 1 CONSTANT 0.0
13 1 CONSTANT 8.0
14 1 CONSTANT 4.0
15 1 CONSTANT 4.0
16 1 CONSTANT 0.0
17 1 CONSTANT 0.0
18 1 CONSTANT 0.0
19 1 CONSTANT 0.0
20 1 CONSTANT 4.0
21 1 CONSTANT 8.0
22 1 CONSTANT 8.0
23 1 CONSTANT 8.0
24 1 CONSTANT 8.0
25 1 CONSTANT 4.0
26 1 CONSTANT 4.0
27 1 CONSTANT 8.0
28 1 TRACE 0.0 32.0 16.0 0.0 8.0 32.0 0.0 0.0 4.0 8.0 4.0 4.0 4.0 4.0 0.0 0.0 4.0 4.0 0.0 12.0 12.0 4.0 148.0 4.0 0.0 4.0 144.0 0.0 40.0 0.0 4.0 44.0 8.0 0.0 0.0 8.0 0.0 16.0 12.0 4.0 0.0 0.0 0.0 28.0 4.0 0.0 32.0 8.0 0.0 32.0 0.0 0.0 8.0 116.0 0.0 0.0 0.0 0.0 24.0 8.0 0.0 12.0 16.0 0.0 4.0 20.0 0.0 8.0 20.0 4.0 4.0 32.0 0.0 12.0 52.0 4.0 0.0 0.0 4.0 8.0 144.0 4.0 0.0 48.0 0.0 28.0 12.0 0.0 4.0 44.0 4.0 32.0 8.0 0.0 4.0 16.0 4.0 12.0 12.0 0.0 4.0 0.0 4.0 0.0 180.0 4.0 92.0 0.0 4.0 44.0 4.0 0.0 0.0 8.0 0.0 0.0 100.0 0.0 0.0 16.0 12.0 4.0 0.0 92.0 4.0 4.0 148.0 0.0 4.0 24.0 12.0 0.0 0.0 140.0 0.0 0.0 44.0 0.0 0.0 52.0 0.0 0.0 32.0 4.0 0.0 4.0 36.0 0.0 0.0 100.0 0.0 4.0 4.0 4.0 4.0 0.0 12.0 68.0 0.0 4.0 0.0 28.0 0.0 48.0 4.0 0.0 0.0 32.0 0.0 8.0 36.0 0.0 20.0 0.0 4.0 0.0 24.0 28.0 0.0 4.0 0.0 24.0 16.0 0.0 12.0 16.0 0.0 8.0 84.0 0.0 8.0 12.0
29 1 CONSTANT 4.0
30 1 TRACE 0.0 32.0 16.0 0.0 8.0 32.0 0.0 0.0 4.0 8.0 4.0 4.0 4.0 4.0 0.0 0.0 4.0 4.0 0.0 12.0 12.0 4.0 148.0 4.0 0.0 4.0 144.0 0.0 40.0 0.0 4.0 44.0 8.0 0.0 0.0 8.0 0.0 16.0 12.0 4.0 0.0 0.0 0.0 28.0 4.0 0.0 32.0 8.0 0.0 32.0 0.0 0.0 8.0 116.0 0.0 0.0 0.0 0.0 24.0 8.0 0.0 12.0 16.0 0.0 4.0 20.0 0.0 8.0 20.0 4.0 4.0 32.0 0.0 12.0 52.0 4.0 0.0 0.0 4.0 8.0 144.0 4.0 0.0 48.0 0.0 28.0 12.0 0.0 4.0 44.0 4.0 32.0 8.0 0.0 4.0 16.0 4.0 12.0 12.0 0.0 4.0 0.0 4.0 0.0 180.0 4.0 92.0 0.0 4.0 44.0 4.0 0.0 0.0 8.0 0.0 0.0 100.0 0.0 0.0 16.0 12.0 4.0 0.0 92.0 4.0 4.0 148.0 0.0 4.0 24.0 12.0 0.0 0.0 140.0 0.0 0.0 44.0 0.0 0.0 52.0 0.0 0.0 32.0 4.0 0.0 4.0 36.0 0.0 0.0 100.0 0.0 4.0 4.0 4.0 4.0 0.0 12.0 68.0 0.0 4.0 0.0 28.0 0.0 48.0 4.0 0.0 0.0 32.0 0.0 8.0 36.0 0.0 20.0 0.0 4.0 0.0 24.0 28.0 0.0 4.0 0.0 24.0 16.0 0.0 12.0 16.0 0.0 8.0 84.0 0.0 8.0 12.0
31 1 CONSTANT 8.0
32 1 CONSTANT 8.0
33 1 CONSTANT 4.0
34 1 CONSTANT 0.0
35 1 CONSTANT 0.0
36 1 CONSTANT 8.0
37 1 CONSTANT 8.0
38 1 CONSTANT 8.0
39 1 TRACE 8.0 0.0 0.0 8.0 0.0 0.0 8.0 8.0 0.0 0.0 8.0 0.0 0.0 8.0 0.0 8.0 0.0 0.0 8.0 0.0 0.0 8.0 0.0 0.0 8.0 0.0 0.0 8.0 0.0 0.0 8.0 0.0 0.0 8.0 0.0 0.0 8.0 0.0 0.0 8.0 0.0 0.0 8.0 0.0 0.0 8.0 0.0 0.0 8.0 0.0 0.0 8.0 0.0 0.0 8.0 0.0 0.0 8.0 0.0 0.0 8.0 0.0 0.0 8.0 0.0 0.0 8.0 0.0 0.0 8.0 0.0 0.0 8.0 0.0 0.0 8.0 0.0 0.0 8.0 0.0 0.0 8.0 0.0 0.0 8.0 0.0 0.0 8.0 0.0 0.0 8.0 0.0 0.0 8.0 0.0 0.0 8.0 0.0 0.0 8.0 0.0 0.0 8.0 0.0 0.0 8.0 0.0 0.0 8.0 0.0 0.0 8.0 0.0 0.0 8.0 8.0 0.0 0.0 8.0 0.0 0.0 8.0 0.0 0.0 8.0 0.0 0.0 8.0 8.0 0.0 0.0 8.0 8.0 0.0 0.0 8.0 0.0 0.0 8.0 0.0 0.0 8.0 0.0 0.0 8.0 0.0 0.0 8.0 8.0 0.0 0.0 8.0 0.0 8.0 0.0 8.0 0.0 0.0 0.0 8.0 0.0 0.0 8.0 0.0 0.0 8.0 0.0 0.0 8.0 0.0 0.0 8.0 0.0 0.0 8.0 8.0 0.0 0.0 8.0 0.0 8.0 0.0 0.0 8.0 0.0 0.0 8.0 0.0 0.0 8.0 0.0 0.0
40 1 CONSTANT 8.0
41 1 CONSTANT 8.0
42 1 CONSTANT 8.0
43 1 CONSTANT 2824.0
44 1 CONSTANT 2816.0
45 1 CONSTANT 8.0
46 1 CONSTANT 2824.0
47 1 CONSTANT 4.0
48 1 TRACE 246096.0 53568.0 11824.0 9424.0 0.0 64.0 249472.0 54640.0 14704.0 11648.0 32.0 96.0 233120.0 53744.0 7696.0 6352.0 32.0 32.0 218656.0 52544.0 5248.0 4528.0 16.0 32.0 158064.0 47440.0 105104.0 41936.0 784.0 832.0 0.0 0.0 224544.0 53312.0 6128.0 5104.0 16.0 32.0 242000.0 53152.0 9872.0 8208.0 16.0 80.0 163136.0 48448.0 2128.0 1792.0 16.0 16.0 215728.0 56160.0 56096.0 29152.0 304.0 336.0 197840.0 51248.0 3600.0 2992.0 0.0 16.0 228144.0 52192.0 6800.0 5664.0 32.0 48.0 233344.0 53664.0 7792.0 6464.0 32.0 32.0 243744.0 53696.0 10912.0 8704.0 16.0 80.0 134944.0 37600.0 120032.0 44160.0 976.0 944.0 0.0 0.0 236432.0 52176.0 8032.0 6448.0 16.0 96.0 224560.0 51392.0 6160.0 5184.0 0.0 48.0 212336.0 51392.0 4464.0 4112.0 0.0 32.0 222976.0 54208.0 46160.0 26896.0 240.0 336.0 146400.0 43568.0 114512.0 43072.0 768.0 928.0 0.0 0.0 243696.0 54304.0 9632.0 7776.0 32.0 64.0 240416.0 52896.0 9328.0 7840.0 16.0 64.0 247248.0 53248.0 15088.0 12160.0 16.0 80.0 246896.0 53360.0 14160.0 11120.0 16.0 80.0 247712.0 53616.0 16992.0 12976.0 16.0 96.0 247360.0 55536.0 23168.0 16336.0 128.0 176.0 126000.0 43024.0 136320.0 45072.0 1264.0 1168.0 0.0 16.0 214096.0 56048.0 56752.0 30576.0 288.0 384.0 247152.0 54576.0 23568.0 16864.0 96.0 160.0 216016.0 51632.0 4912.0 4480.0 16.0 16.0 248560.0 54944.0 20416.0 14880.0 80.0 176.0 216256.0 51120.0 4896.0 4320.0 16.0 64.0 241488.0 53136.0 10032.0 8080.0 32.0 80.0 241184.0 52544.0 9680.0 7920.0 0.0 48.0 144800.0 41008.0 112944.0 43120.0 800.0 800.0 0.0 0.0 205376.0 55904.0 63904.0 32608.0 384.0 432.0 160576.0 47520.0 1888.0 1632.0 0.0 0.0 218080.0 50656.0 5552.0 4704.0 0.0 48.0 242688.0 52784.0 9840.0 8400.0 16.0 64.0 186304.0 49968.0 3024.0 2784.0 0.0 16.0 236288.0 52096.0 8336.0 7440.0 16.0 64.0 230240.0 53360.0 41600.0 25488.0 144.0 240.0 207200.0 53392.0 61424.0 32576.0 336.0 320.0 219360.0 52096.0 5264.0 4800.0 16.0 64.0 169216.0 47296.0 2464.0 2032.0 0.0 16.0 190544.0 50256.0 3088.0 2768.0 0.0 32.0 205568.0 49984.0 4368.0 3504.0 0.0 16.0 210352.0 52432.0 4320.0 3648.0 16.0 32.0 247872.0 56176.0 22592.0 15856.0 64.0 160.0 185184.0 50816.0 3008.0 2480.0 0.0 0.0 201168.0 52800.0 66112.0 32704.0 368.0 496.0 0.0 0.0 183552.0 48512.0 79568.0 36848.0 464.0 608.0 0.0 0.0 244192.0 56224.0 28800.0 19424.0 112.0 176.0 155632.0 47392.0 109952.0 41936.0 880.0 784.0 0.0 0.0 248464.0 53520.0 13920.0 10992.0 48.0 80.0 194928.0 51040.0 3616.0 2976.0 16.0 16.0 248960.0 53952.0 16704.0 12720.0 48.0 80.0 249616.0 55280.0 20112.0 15056.0 96.0 128.0 195136.0 50816.0 3344.0 2928.0 0.0 16.0 250592.0 54944.0 14272.0 11584.0 64.0 96.0 151968.0 49840.0 115184.0 42640.0 784.0 1008.0 0.0 0.0 246848.0 53136.0 12704.0 10224.0 16.0 64.0 241248.0 53968.0 9920.0 8064.0 32.0 80.0 230096.0 55648.0 42352.0 25792.0 144.0 272.0 244048.0 52832.0 11104.0 8928.0 16.0 48.0
49 1 TRACE 2824.0 8.0 2824.0 8.0 2824.0 8.0 2824.0 8.0 2824.0 8.0 2824.0 8.0 2824.0 8.0 2824.0 8.0 2824.0 8.0 2824.0 8.0 2824.0 8.0 2824.0 8.0 2824.0 8.0 2824.0 8.0 2824.0 8.0 2824.0 8.0 2824.0 8.0 2824.0 8.0 2824.0 8.0 2824.0 8.0 2824.0 8.0 2824.0 8.0 2824.0 8.0 2824.0 8.0 2824.0 8.0 2824.0 8.0 2824.0 8.0 2824.0 8.0 2824.0 8.0 2824.0 8.0 2824.0 8.0 2824.0 8.0 2824.0 8.0 2824.0 8.0 2824.0 8.0 2824.0 8.0 2824.0 8.0 2824.0 8.0 2824.0 8.0 2824.0 8.0 2824.0 8.0 2824.0 8.0 2824.0 8.0 2824.0 8.0 2824.0 8.0 2824.0 8.0 2824.0 8.0 2824.0 8.0 2824.0 8.0 2824.0 8.0 2824.0 8.0 2824.0 8.0 2824.0 8.0 2824.0 8.0 2824.0 8.0 2824.0 8.0 2824.0 8.0 2824.0 8.0 2824.0 8.0 2824.0 8.0 2824.0 8.0 2824.0 8.0 2824.0 8.0 2824.0 8.0 2824.0 8.0 2824.0 8.0 2824.0 8.0 2824.0 8.0 2824.0 8.0 2824.0 8.0 2824.0 8.0 2824.0 8.0 2824.0 8.0 2824.0 8.0 2824.0 8.0 2824.0 8.0 2824.0 8.0 2824.0 8.0 2824.0 8.0 2824.0 8.0 2824.0 8.0 2824.0 8.0 2824.0 8.0 2824.0 8.0 2824.0 8.0 2824.0 8.0 2824.0 8.0 2824.0 8.0 2824.0 8.0 2824.0 8.0 2824.0 8.0 2824.0 8.0 2824.0 8.0 2824.0 8.0 2824.0 8.0 2824.0 8.0 2824.0 8.0 2824.0 8.0 2824.0 8.0 2824.0 8.0 2824.0 8.0 2824.0 8.0 2824.0 8.0 2824.0 8.0 2824.0 8.0 2824.0 8.0 2824.0 8.0 2824.0 8.0 2824.0 8.0 2824.0 8.0 2824.0 8.0 2824.0 8.0 2824.0 8.0 2824.0 8.0 2824.0 8.0 2824.0 8.0 2824.0 8.0 2824.0 8.0 2824.0 8.0 2824.0 8.0 2824.0 8.0 2824.0 8.0 2824.0 8.0 2824.0 8.0 2824.0 8.0 2824.0 8.0 2824.0 8.0 2824.0 8.0 2824.0 8.0 2824.0 8.0 2824.0 8.0 2824.0 8.0 2824.0 8.0 2824.0 8.0 2824.0 8.0 2824.0 8.0 2824.0 8.0 2824.0 8.0 2824.0 8.0 2824.0 8.0 2824.0 8.0 2824.0 8.0 2824.0 8.0 2824.0 8.0 2824.0 8.0 2824.0 8.0 2824.0 8.0 2824.0 8.0 2824.0 8.0 2824.0 8.0 2824.0 8.0 2824.0 8.0 2824.0 8.0 2824.0 8.0 2824.0 8.0 2824.0 8.0 2824.0 8.0 2824.0 8.0 2824.0 8.0 2824.0 8.0 2824.0 8.0 2824.0 8.0 2824.0 8.0 2824.0 8.0 2824.0 8.0 2824.0 8.0 2824.0 8.0 2824.0 8.0 2824.0 8.0 2824.0 8.0 2824.0 8.0 2824.0 8.0 2824.0 8.0 2824.0 8.0 2824.0 8.0 2824.0 8.0 2824.0 8.0 2824.0 8.0 2824.0 8.0 2824.0 8.0 2824.0 8.0 2824.0 8.0 2824.0 8.0 2824.0 8.0 2824.0 8.0 2824.0 8.0 2824.0 8.0 2824.0 8.0 2824.0 8.0 2824.0 8.0 2824.0 8.0 2824.0 8.0 2824.0 8.0 2824.0 8.0 2824.0 8.0 2824.0 8.0 2824.0 8.0 2824.0 8.0 2824.0 8.0 2824.0 8.0 2824.0 8.0
50 1 TRACE 8.0 8.0 8.0 8.0 8.0 8.0 8.0 8.0 8.0 8.0 8.0 8.0 8.0 8.0 8.0 0.0 8.0 8.0 8.0 8.0 8.0 8.0 8.0 8.0 8.0 8.0 8.0 8.0 8.0 8.0 8.0 8.0 8.0 8.0 8.0 8.0 8.0 8.0 8.0 8.0 8.0 8.0 8.0 8.0 8.0 8.0 8.0 8.0 8.0 8.0 8.0 8.0 8.0 8.0 8.0 8.0 8.0 8.0 8.0 8.0 8.0 8.0 8.0 8.0 8.0 8.0 8.0 8.0 8.0 8.0 8.0 8.0 8.0 8.0 8.0 8.0 8.0 8.0 8.0 8.0 8.0 8.0 8.0 8.0 8.0 8.0 8.0 8.0 8.0 8.0 8.0 8.0 8.0 8.0 8.0 8.0 8.0 8.0 8.0 8.0 8.0 8.0 8.0 8.0 8.0 8.0 8.0 8.0 8.0 8.0 8.0 8.0 8.0 8.0 8.0 8.0 8.0 8.0 8.0 8.0 8.0 8.0 8.0 8.0 8.0 8.0 8.0 8.0 8.0 8.0 8.0 8.0 8.0 8.0 8.0 8.0 8.0 8.0 8.0 8.0 8.0 8.0 8.0 8.0 8.0 8.0 8.0 8.0 8.0 8.0 8.0 8.0 8.0 8.0 8.0 0.0 8.0 8.0 8.0 0.0 8.0 8.0 8.0 8.0 8.0 8.0 0.0 8.0 8.0 8.0 8.0 8.0 8.0 8.0 8.0 8.0 8.0 8.0 8.0 8.0 8.0 8.0 8.0 8.0 8.0 8.0 8.0 8.0 0.0 8.0 8.0 8.0 8.0 8.0 8.0 8.0 8.0 8.0 8.0 8.0 8.0
51 1 CONSTANT 8.0
52 1 CONSTANT 8.0
53 1 CONSTANT 8.0
54 1 CONSTANT 0.0
55 1 CONSTANT 0.0
56 1 CONSTANT 0.0
57 1 CONSTANT 0.0
58 1 CONSTANT 0.0
59 1 CONSTANT 0.0
60 1 CONSTANT 0.0
61 1 CONSTANT 0.0
62 1 CONSTANT 8.0
