0 1 1 TRACE 1672855307647568.0
1 2 1 TRACE 11706.0 18.0 18.0 19.0 18.0 19.0 19.0 20.0 18.0 20.0 19.0 19.0 57.0 20.0 19.0 19.0 20.0 50.0 19.0 20.0 21.0 18.0 20.0 21.0 57.0 20.0 20.0 19.0 19.0 19.0 19.0 19.0 19.0 20.0 19.0 19.0 19.0 20.0 18.0 18.0 18.0 20.0 19.0 18.0 18.0 20.0 19.0 18.0 19.0 22.0 19.0 19.0 20.0 18.0 19.0 19.0 19.0 19.0 19.0 18.0 20.0 21.0 19.0 19.0
2 3 1 TRACE 492.0 138.0 26.0 27.0 26.0 26.0 45.0 26.0 27.0 40.0 37.0 26.0 43.0 1315.0 27.0 61.0 27.0 27.0 27.0 27.0 26.0 236.0 27.0 30.0 26.0 27.0 26.0 33.0 27.0 28.0 26.0 26.0 26.0 27.0 26.0 62.0 27.0 28.0 47.0 39.0 41.0 26.0 27.0 27.0 71.0 26.0 42.0 114.0 27.0 26.0 26.0 56.0 26.0 561.0 27.0 423.0 26.0 63.0 35.0 68.0 27.0 26.0 191.0 34.0
3 4 1 TRACE 66.0 66.0 32.0 22.0 22.0 165.0 36.0 35.0 22.0 37.0 22.0 22.0 149.0 34.0 21.0 22.0 22.0 22.0 21.0 21.0 31.0 33.0 36.0 91.0 25.0 63.0 22.0 22.0 22.0 29.0 22.0 22.0 22.0 22.0 56.0 33.0 22.0 201.0 22.0 89.0 91.0 31.0 53.0 22.0 54.0 21.0 53.0 54.0 53.0 29.0 21.0 27.0 106.0 180.0 23.0 164.0 21.0 61.0 51.0 22.0 31.0 22.0 33.0 57.0
4 5 1 TRACE 22.0 24.0 16.0 16.0 16.0 18.0 54.0 16.0 16.0 16.0 16.0 18.0 77.0 15.0 15.0 16.0 15.0 16.0 16.0 16.0 16.0 14.0 16.0 38.0 16.0 17.0 16.0 16.0 16.0 16.0 16.0 16.0 15.0 16.0 17.0 16.0 15.0 16.0 15.0 19.0 16.0 34.0 16.0 15.0 123.0 15.0 16.0 16.0 16.0 16.0 23.0 16.0 92.0 16.0 16.0 18.0 16.0 16.0 16.0 17.0 16.0 20.0 26.0 17.0
5 6 1 TRACE 42.0 29.0 21.0 16.0 171.0 53.0 19.0 17.0 15.0 15.0 14.0 16.0 39.0 27.0 17.0 17.0 13.0 13.0 44.0 14.0 22.0 32.0 20.0 70.0 166.0 24.0 119.0 14.0 13.0 36.0 201.0 17.0 47.0 14.0 49.0 12.0 12.0 19.0 12.0 12.0 17.0 21.0 22.0 45.0 39.0 13.0 12.0 48.0 18.0 13.0 13.0 18.0 17.0 15.0 138.0 14.0 12.0 105.0 12.0 34.0 219.0 123.0 12.0 17.0
6 7 1 TRACE 20.0 74.0 153.0 12.0 152.0 9.0 156.0 13.0 150.0 13.0 13.0 11.0 117.0 14.0 16.0 16.0 118.0 11.0 93.0 54.0 15.0 15.0 15.0 15.0 16.0 11.0 22.0 49.0 13.0 60.0 27.0 13.0 119.0 13.0 13.0 21.0 181.0 13.0 119.0 20.0 146.0 16.0 129.0 12.0 123.0 13.0 14.0 8.0 41.0 49.0 82.0 114.0 12.0 12.0 9.0 16.0 14.0 16.0 9.0 12.0 18.0 41.0 8.0 14.0
7 8 1 TRACE 20.0 18.0 14.0 13.0 90.0 9.0 12.0 23.0 11.0 29.0 13.0 13.0 15.0 15.0 40.0 14.0 13.0 12.0 20.0 16.0 15.0 15.0 15.0 14.0 13.0 11.0 9.0 19.0 15.0 33.0 20.0 13.0 14.0 13.0 21.0 19.0 15.0 14.0 26.0 9.0 14.0 14.0 62.0 15.0 15.0 15.0 15.0 9.0 11.0 60.0 24.0 20.0 12.0 13.0 8.0 17.0 15.0 27.0 13.0 56.0 16.0 48.0 13.0 14.0
8 9 1 TRACE 20.0 14.0 15.0 13.0 13.0 9.0 14.0 24.0 12.0 33.0 13.0 22.0 15.0 14.0 15.0 23.0 15.0 11.0 24.0 21.0 15.0 15.0 15.0 15.0 12.0 21.0 15.0 20.0 12.0 40.0 23.0 13.0 15.0 13.0 9.0 9.0 14.0 15.0 14.0 8.0 15.0 28.0 18.0 13.0 15.0 15.0 20.0 9.0 21.0 109.0 20.0 14.0 12.0 13.0 10.0 18.0 15.0 15.0 12.0 15.0 15.0 173.0 20.0 21.0
9 10 1 TRACE 45.0 51.0 246.0 421.0 34.0 56.0 75.0 37.0 27.0 132.0 57.0 65.0 43.0 239.0 37.0 38.0 28.0 60.0 68.0 37.0 41.0 123.0 30.0 110.0 61.0 37.0 625.0 41.0 40.0 111.0 69.0 537.0 57.0 52.0 40.0 27.0 48.0 27.0 30.0 106.0 106.0 93.0 157.0 29.0 82.0 39.0 26.0 76.0 28.0 120.0 29.0 58.0 62.0 33.0 42.0 64.0 26.0 28.0 28.0 140.0 35.0 39.0 70.0 86.0
10 11 1 TRACE 22.0 59.0 18.0 82.0 19.0 30.0 19.0 18.0 17.0 18.0 18.0 18.0 29.0 18.0 18.0 17.0 17.0 18.0 17.0 18.0 17.0 17.0 17.0 17.0 21.0 19.0 18.0 17.0 28.0 31.0 17.0 40.0 18.0 18.0 18.0 60.0 18.0 17.0 19.0 20.0 36.0 22.0 17.0 17.0 50.0 18.0 20.0 17.0 17.0 18.0 33.0 18.0 39.0 18.0 17.0 18.0 18.0 18.0 18.0 18.0 18.0 34.0 31.0 19.0
11 12 1 TRACE 40.0 37.0 30.0 85.0 23.0 42.0 27.0 19.0 26.0 18.0 18.0 30.0 19.0 22.0 18.0 17.0 23.0 18.0 81.0 19.0 19.0 27.0 17.0 76.0 46.0 19.0 288.0 20.0 18.0 18.0 18.0 123.0 18.0 18.0 44.0 21.0 18.0 18.0 27.0 39.0 111.0 31.0 111.0 83.0 18.0 18.0 33.0 18.0 18.0 36.0 35.0 17.0 45.0 19.0 18.0 32.0 57.0 19.0 43.0 37.0 19.0 131.0 65.0 19.0
12 13 1 TRACE 33.0 18.0 34.0 18.0 18.0 33.0 31.0 17.0 18.0 18.0 19.0 18.0 18.0 19.0 17.0 19.0 18.0 18.0 18.0 17.0 18.0 51.0 17.0 46.0 17.0 17.0 17.0 17.0 17.0 19.0 17.0 17.0 18.0 17.0 24.0 50.0 17.0 17.0 23.0 22.0 71.0 23.0 69.0 49.0 26.0 17.0 80.0 17.0 17.0 17.0 18.0 17.0 17.0 17.0 18.0 39.0 21.0 18.0 17.0 22.0 17.0 17.0 18.0 17.0
13 14 1 TRACE 19.0 9.0 9.0 9.0 9.0 9.0 9.0 9.0 9.0 9.0 9.0 9.0 9.0 9.0 9.0 9.0 9.0 9.0 8.0 9.0 8.0 9.0 8.0 8.0 9.0 8.0 9.0 8.0 9.0 8.0 9.0 9.0 9.0 8.0 9.0 8.0 9.0 9.0 8.0 9.0 8.0 9.0 9.0 9.0 9.0 9.0 9.0 9.0 9.0 9.0 8.0 8.0 8.0 9.0 9.0 9.0 10.0 9.0 9.0 13.0 9.0 9.0 9.0 9.0
14 15 1 TRACE 25.0 17.0 106.0 17.0 23.0 73.0 16.0 31.0 16.0 59.0 32.0 17.0 16.0 19.0 16.0 16.0 17.0 17.0 17.0 16.0 16.0 62.0 17.0 46.0 16.0 17.0 16.0 22.0 17.0 81.0 17.0 17.0 17.0 17.0 18.0 25.0 16.0 17.0 17.0 44.0 16.0 21.0 109.0 54.0 16.0 16.0 133.0 18.0 16.0 82.0 16.0 16.0 111.0 16.0 16.0 15.0 17.0 17.0 41.0 20.0 16.0 131.0 22.0 18.0
15 16 1 TRACE 13.0 9.0 8.0 8.0 9.0 8.0 8.0 8.0 8.0 8.0 8.0 8.0 8.0 9.0 8.0 9.0 9.0 8.0 8.0 8.0 9.0 12.0 8.0 8.0 9.0 8.0 9.0 9.0 9.0 8.0 8.0 9.0 12.0 8.0 9.0 8.0 8.0 8.0 8.0 9.0 9.0 8.0 8.0 8.0 9.0 9.0 8.0 8.0 9.0 8.0 8.0 9.0 8.0 9.0 9.0 9.0 9.0 8.0 8.0 9.0 8.0 8.0 9.0 9.0
16 17 1 TRACE 38.0 26.0 54.0 45.0 28.0 118.0 30.0 113.0 239.0 289.0 45.0 31.0 38.0 37.0 26.0 26.0 33.0 27.0 27.0 27.0 27.0 29.0 33.0 65.0 28.0 26.0 26.0 196.0 53.0 30.0 26.0 55.0 28.0 26.0 93.0 88.0 26.0 27.0 32.0 45.0 27.0 73.0 124.0 38.0 47.0 99.0 40.0 59.0 25.0 103.0 69.0 28.0 386.0 30.0 26.0 37.0 34.0 31.0 57.0 27.0 45.0 297.0 90.0 26.0
17 18 1 TRACE 22.0 17.0 18.0 18.0 18.0 59.0 17.0 18.0 38.0 56.0 18.0 17.0 17.0 18.0 24.0 17.0 17.0 17.0 17.0 17.0 17.0 18.0 18.0 32.0 17.0 18.0 17.0 64.0 18.0 19.0 17.0 21.0 17.0 18.0 18.0 28.0 16.0 18.0 18.0 61.0 17.0 17.0 17.0 17.0 18.0 18.0 31.0 17.0 17.0 34.0 17.0 16.0 31.0 17.0 18.0 17.0 18.0 23.0 17.0 18.0 17.0 19.0 17.0 18.0
18 19 1 TRACE 23.0 18.0 45.0 33.0 18.0 52.0 18.0 19.0 33.0 170.0 19.0 18.0 18.0 18.0 18.0 17.0 151.0 17.0 88.0 18.0 18.0 18.0 18.0 58.0 18.0 19.0 19.0 372.0 18.0 24.0 25.0 28.0 18.0 18.0 20.0 32.0 20.0 19.0 18.0 58.0 18.0 18.0 19.0 18.0 18.0 41.0 19.0 18.0 18.0 18.0 18.0 18.0 54.0 28.0 18.0 19.0 18.0 18.0 52.0 18.0 18.0 42.0 27.0 18.0
19 20 1 TRACE 23.0 17.0 42.0 31.0 18.0 30.0 18.0 52.0 35.0 144.0 23.0 18.0 17.0 17.0 17.0 17.0 108.0 17.0 294.0 17.0 17.0 51.0 17.0 18.0 17.0 17.0 17.0 81.0 17.0 91.0 17.0 17.0 52.0 35.0 44.0 18.0 36.0 18.0 17.0 40.0 17.0 20.0 23.0 17.0 17.0 18.0 18.0 24.0 17.0 18.0 160.0 17.0 23.0 26.0 22.0 18.0 18.0 17.0 20.0 53.0 17.0 18.0 61.0 18.0
20 21 1 TRACE 24.0 15.0 15.0 16.0 15.0 17.0 15.0 16.0 17.0 16.0 17.0 15.0 15.0 15.0 15.0 15.0 15.0 15.0 16.0 15.0 15.0 17.0 15.0 16.0 33.0 16.0 15.0 15.0 15.0 16.0 15.0 15.0 17.0 15.0 16.0 16.0 16.0 49.0 15.0 25.0 15.0 15.0 15.0 15.0 16.0 16.0 16.0 17.0 15.0 16.0 16.0 16.0 15.0 17.0 16.0 15.0 16.0 16.0 16.0 16.0 16.0 16.0 15.0 15.0
21 22 1 TRACE 30.0 13.0 13.0 13.0 14.0 13.0 13.0 13.0 13.0 13.0 15.0 13.0 12.0 12.0 13.0 13.0 13.0 13.0 13.0 13.0 12.0 13.0 13.0 13.0 14.0 13.0 13.0 13.0 13.0 13.0 12.0 13.0 14.0 13.0 13.0 13.0 19.0 27.0 13.0 14.0 13.0 12.0 18.0 13.0 13.0 13.0 13.0 13.0 13.0 13.0 13.0 13.0 13.0 13.0 13.0 13.0 14.0 13.0 14.0 14.0 13.0 13.0 13.0 13.0
22 23 1 TRACE 295.0 33.0 23.0 46.0 37.0 316.0 24.0 125.0 24.0 125.0 56.0 57.0 24.0 32.0 44.0 25.0 80.0 27.0 446.0 34.0 92.0 24.0 24.0 58.0 25.0 25.0 41.0 26.0 25.0 24.0 29.0 24.0 25.0 27.0 26.0 25.0 26.0 25.0 25.0 184.0 25.0 33.0 29.0 136.0 25.0 58.0 25.0 25.0 25.0 23.0 58.0 26.0 147.0 49.0 24.0 24.0 72.0 58.0 232.0 52.0 25.0 29.0 24.0 32.0
23 24 1 TRACE 573.0 43.0 44.0 31.0 26.0 28.0 40.0 43.0 30.0 41.0 211.0 25.0 24.0 25.0 120.0 62.0 27.0 25.0 26.0 24.0 28.0 25.0 25.0 25.0 24.0 59.0 34.0 32.0 24.0 32.0 25.0 26.0 25.0 25.0 24.0 25.0 60.0 245.0 24.0 38.0 36.0 34.0 24.0 94.0 28.0 61.0 58.0 54.0 30.0 27.0 29.0 24.0 25.0 24.0 25.0 35.0 51.0 57.0 31.0 24.0 25.0 123.0 28.0 23.0
24 25 1 TRACE 179.0 22.0 35.0 22.0 22.0 61.0 22.0 23.0 22.0 22.0 206.0 23.0 22.0 22.0 22.0 22.0 22.0 21.0 22.0 22.0 22.0 22.0 62.0 24.0 28.0 25.0 55.0 22.0 21.0 21.0 22.0 22.0 23.0 68.0 22.0 21.0 22.0 62.0 63.0 59.0 22.0 23.0 21.0 21.0 23.0 23.0 23.0 22.0 22.0 21.0 37.0 29.0 67.0 22.0 21.0 23.0 22.0 22.0 22.0 23.0 21.0 22.0 30.0 22.0
25 26 1 TRACE 24.0 10.0 9.0 9.0 9.0 9.0 9.0 10.0 9.0 9.0 10.0 9.0 10.0 9.0 9.0 10.0 9.0 10.0 10.0 10.0 10.0 10.0 9.0 9.0 10.0 9.0 9.0 10.0 10.0 10.0 10.0 9.0 9.0 9.0 9.0 9.0 9.0 9.0 9.0 9.0 9.0 9.0 9.0 10.0 9.0 10.0 10.0 9.0 9.0 9.0 10.0 9.0 9.0 10.0 11.0 9.0 9.0 9.0 10.0 9.0 9.0 9.0 10.0 9.0 10.0 9.0 10.0 9.0 9.0 9.0 10.0 10.0 10.0 9.0 9.0 10.0 10.0 9.0 10.0 10.0 9.0 9.0 10.0 9.0 9.0 9.0 9.0 10.0 10.0 10.0 9.0 9.0 9.0 10.0 10.0 9.0 9.0 9.0 9.0 9.0 10.0 10.0 9.0 10.0 9.0 9.0 9.0 9.0 9.0 10.0 21.0 10.0 9.0 10.0 10.0 9.0 10.0 9.0 10.0 10.0 10.0 9.0 9.0 9.0 9.0 9.0 9.0 9.0 9.0 10.0 9.0 10.0 9.0 10.0 9.0 9.0 10.0 10.0 10.0 9.0 9.0 10.0 10.0 9.0 9.0 9.0 10.0 10.0 10.0 9.0 10.0 10.0 10.0 9.0 10.0 10.0 9.0 10.0 10.0 9.0 9.0 10.0 9.0 10.0 10.0 10.0 10.0 10.0 9.0 9.0 10.0 9.0 9.0 9.0 9.0 10.0 10.0 9.0 9.0 9.0 9.0 10.0 9.0 9.0 9.0 9.0 9.0 10.0 9.0
26 27 1 TRACE 11.0 8.0 7.0 8.0 8.0 8.0 7.0 8.0 8.0 7.0 8.0 8.0 8.0 7.0 7.0 8.0 7.0 8.0 8.0 8.0 8.0 8.0 8.0 8.0 8.0 7.0 7.0 8.0 8.0 8.0 7.0 7.0 8.0 7.0 7.0 7.0 7.0 7.0 8.0 7.0 7.0 8.0 7.0 8.0 7.0 7.0 8.0 7.0 7.0 8.0 8.0 8.0 8.0 8.0 8.0 8.0 7.0 8.0 8.0 8.0 7.0 7.0 8.0 7.0 8.0 7.0 8.0 7.0 7.0 8.0 7.0 8.0 8.0 8.0 8.0 8.0 8.0 8.0 7.0 8.0 7.0 7.0 8.0 8.0 8.0 8.0 7.0 8.0 8.0 8.0 7.0 7.0 7.0 8.0 8.0 7.0 8.0 7.0 7.0 7.0 8.0 8.0 7.0 8.0 7.0 7.0 8.0 7.0 7.0 8.0 20.0 8.0 7.0 8.0 8.0 7.0 7.0 7.0 8.0 8.0 8.0 7.0 7.0 7.0 7.0 8.0 8.0 7.0 7.0 8.0 8.0 8.0 8.0 7.0 8.0 8.0 8.0 8.0 8.0 7.0 7.0 8.0 8.0 7.0 7.0 7.0 8.0 7.0 8.0 7.0 8.0 7.0 8.0 8.0 8.0 8.0 8.0 8.0 8.0 8.0 7.0 8.0 7.0 8.0 8.0 8.0 8.0 8.0 8.0 7.0 8.0 7.0 8.0 7.0 8.0 8.0 8.0 7.0 7.0 8.0 7.0 8.0 7.0 7.0 7.0 8.0 7.0 8.0 8.0
27 28 1 TRACE 10.0 8.0 7.0 7.0 8.0 8.0 8.0 8.0 7.0 7.0 8.0 8.0 8.0 7.0 7.0 8.0 7.0 7.0 8.0 8.0 7.0 7.0 8.0 7.0 8.0 7.0 7.0 7.0 8.0 7.0 7.0 7.0 7.0 7.0 7.0 8.0 8.0 8.0 8.0 8.0 7.0 8.0 8.0 7.0 7.0 8.0 8.0 8.0 7.0 8.0 7.0 8.0 7.0 8.0 8.0 7.0 8.0 7.0 8.0 8.0 8.0 7.0 7.0 8.0 7.0 7.0 7.0 7.0 13.0 8.0 8.0 8.0 7.0 7.0 7.0 7.0 8.0 8.0 8.0 8.0 8.0 7.0 7.0 8.0 8.0 12.0 8.0 8.0 8.0 8.0 7.0 7.0 8.0 7.0 8.0 7.0 8.0 8.0 8.0 12.0 8.0 8.0 7.0 8.0 7.0 7.0 8.0 7.0 7.0 7.0 19.0 7.0 7.0 7.0 7.0 8.0 7.0 8.0 7.0 7.0 7.0 7.0 7.0 8.0 7.0 8.0 8.0 8.0 8.0 8.0 7.0 7.0 8.0 7.0 7.0 8.0 7.0 8.0 8.0 7.0 7.0 8.0 7.0 7.0 7.0 8.0 8.0 7.0 8.0 7.0 8.0 8.0 8.0 8.0 8.0 8.0 7.0 8.0 8.0 8.0 8.0 8.0 8.0 8.0 7.0 7.0 8.0 8.0 8.0 7.0 8.0 8.0 7.0 7.0 8.0 8.0 8.0 7.0 8.0 8.0 11.0 7.0 7.0 8.0 8.0 8.0 8.0 8.0 8.0
28 29 1 TRACE 13.0 10.0 9.0 9.0 9.0 9.0 9.0 9.0 9.0 9.0 9.0 9.0 10.0 9.0 9.0 9.0 9.0 9.0 9.0 9.0 9.0 9.0 9.0 8.0 10.0 9.0 9.0 9.0 9.0 9.0 9.0 9.0 9.0 9.0 9.0 9.0 9.0 9.0 9.0 9.0 9.0 9.0 9.0 9.0 9.0 9.0 9.0 9.0 9.0 9.0 9.0 9.0 8.0 9.0 9.0 8.0 9.0 9.0 9.0 9.0 9.0 9.0 9.0 9.0 9.0 9.0 8.0 10.0 10.0 9.0 9.0 9.0 9.0 9.0 9.0 9.0 9.0 9.0 9.0 9.0 9.0 9.0 9.0 9.0 9.0 10.0 9.0 9.0 9.0 9.0 10.0 10.0 9.0 9.0 9.0 9.0 9.0 9.0 9.0 10.0 9.0 10.0 9.0 9.0 9.0 9.0 9.0 9.0 9.0 9.0 9.0 8.0 9.0 8.0 9.0 9.0 9.0 9.0 9.0 8.0 9.0 9.0 9.0 9.0 9.0 9.0 9.0 9.0 9.0 9.0 8.0 9.0 9.0 9.0 8.0 10.0 9.0 9.0 10.0 9.0 9.0 9.0 9.0 9.0 9.0 9.0 9.0 9.0 9.0 9.0 9.0 9.0 9.0 9.0 9.0 9.0 9.0 9.0 9.0 9.0 9.0 14.0 9.0 10.0 9.0 9.0 9.0 9.0 9.0 9.0 9.0 9.0 8.0 9.0 9.0 10.0 9.0 9.0 9.0 9.0 10.0 9.0 9.0 9.0 9.0 9.0 9.0 10.0 9.0
29 30 1 TRACE 50.0 29.0 25.0 24.0 26.0 32.0 202.0 344.0 170.0 33.0 25.0 25.0 21.0 65.0 26.0 62.0 44.0 21.0 25.0 52.0 119.0 23.0 25.0 24.0 49.0 43.0 102.0 31.0 78.0 29.0 281.0 45.0 29.0 23.0 29.0 125.0 24.0 166.0 120.0 28.0 169.0 24.0 32.0 41.0 59.0 25.0 51.0 25.0 35.0 292.0 294.0 41.0 26.0 51.0 31.0 60.0 297.0 24.0 61.0 84.0 32.0 49.0 31.0 67.0 32.0 60.0 24.0 24.0 62.0 35.0 38.0 23.0 26.0 199.0 67.0 33.0 30.0 190.0 24.0 126.0 25.0 604.0 45.0 25.0 57.0 19.0 144.0 30.0 34.0 23.0 45.0 25.0 65.0 61.0 62.0 25.0 25.0 24.0 168.0 19.0 24.0 22.0 24.0 44.0 60.0 40.0 41.0 24.0 24.0 70.0 210.0 72.0 25.0 81.0 63.0 176.0 28.0 63.0 65.0 99.0 95.0 101.0 58.0 206.0 33.0 36.0 60.0 43.0 25.0 34.0 245.0 56.0 25.0 23.0 63.0 91.0 58.0 32.0 44.0 29.0 25.0 96.0 23.0 23.0 24.0 23.0 56.0 42.0 25.0 23.0 23.0 28.0 44.0 25.0 51.0 106.0 32.0 24.0 175.0 65.0 24.0 17.0 23.0 55.0 57.0 170.0 135.0 28.0 41.0 30.0 71.0 31.0 137.0 23.0 23.0 21.0 21.0 60.0 23.0 189.0 867.0 181.0 23.0 34.0 85.0 20.0 147.0 23.0 720.0
30 31 1 TRACE 21.0 24.0 16.0 9.0 16.0 15.0 25.0 16.0 16.0 17.0 35.0 15.0 16.0 53.0 19.0 9.0 27.0 16.0 9.0 27.0 27.0 9.0 8.0 8.0 20.0 8.0 42.0 8.0 92.0 17.0 32.0 8.0 16.0 9.0 27.0 17.0 9.0 15.0 105.0 17.0 9.0 8.0 17.0 15.0 8.0 8.0 16.0 8.0 9.0 17.0 44.0 8.0 15.0 16.0 9.0 17.0 21.0 9.0 16.0 8.0 9.0 9.0 9.0 8.0 15.0 9.0 9.0 22.0 16.0 9.0 29.0 9.0 8.0 47.0 16.0 29.0 17.0 8.0 16.0 50.0 16.0 87.0 55.0 8.0 15.0 16.0 9.0 16.0 39.0 17.0 16.0 17.0 9.0 9.0 8.0 17.0 8.0 15.0 9.0 16.0 16.0 9.0 16.0 15.0 31.0 8.0 8.0 22.0 16.0 195.0 8.0 16.0 15.0 8.0 17.0 17.0 8.0 8.0 8.0 9.0 16.0 16.0 9.0 8.0 9.0 9.0 48.0 8.0 16.0 16.0 9.0 8.0 17.0 8.0 16.0 34.0 8.0 54.0 17.0 9.0 8.0 30.0 9.0 8.0 15.0 15.0 16.0 16.0 8.0 16.0 16.0 8.0 8.0 16.0 9.0 48.0 16.0 25.0 16.0 52.0 8.0 17.0 17.0 9.0 15.0 34.0 10.0 16.0 15.0 9.0 40.0 15.0 112.0 8.0 15.0 9.0 9.0 15.0 8.0 16.0 163.0 8.0 16.0 16.0 9.0 15.0 40.0 9.0 8.0
31 32 1 TRACE 18.0 13.0 13.0 13.0 13.0 13.0 14.0 13.0 13.0 13.0 14.0 12.0 13.0 14.0 14.0 13.0 13.0 13.0 13.0 13.0 18.0 13.0 12.0 27.0 13.0 13.0 13.0 13.0 20.0 13.0 14.0 13.0 12.0 82.0 13.0 14.0 13.0 13.0 14.0 13.0 12.0 13.0 13.0 13.0 13.0 13.0 13.0 12.0 13.0 17.0 13.0 14.0 13.0 13.0 34.0 23.0 13.0 13.0 13.0 13.0 13.0 12.0 12.0 12.0 13.0 12.0 13.0 14.0 13.0 13.0 13.0 13.0 12.0 44.0 13.0 29.0 13.0 13.0 14.0 13.0 13.0 14.0 13.0 13.0 13.0 13.0 12.0 13.0 13.0 13.0 13.0 13.0 13.0 13.0 12.0 13.0 12.0 13.0 12.0 14.0 13.0 14.0 13.0 13.0 15.0 12.0 13.0 13.0 14.0 13.0 27.0 13.0 13.0 13.0 13.0 14.0 12.0 12.0 12.0 12.0 14.0 14.0 13.0 56.0 32.0 13.0 15.0 12.0 13.0 13.0 12.0 12.0 13.0 13.0 13.0 13.0 13.0 13.0 14.0 13.0 12.0 31.0 13.0 13.0 20.0 13.0 13.0 13.0 13.0 13.0 17.0 13.0 12.0 13.0 13.0 14.0 13.0 13.0 13.0 13.0 13.0 13.0 13.0 36.0 13.0 13.0 13.0 14.0 13.0 13.0 90.0 12.0 13.0 13.0 13.0 14.0 13.0 13.0 13.0 13.0 13.0 13.0 13.0 13.0 12.0 13.0 14.0 13.0 12.0
32 33 1 TRACE 23.0 17.0 216.0 17.0 17.0 17.0 18.0 24.0 17.0 37.0 18.0 18.0 17.0 19.0 17.0 17.0 17.0 18.0 17.0 18.0 43.0 17.0 17.0 17.0 18.0 16.0 18.0 17.0 17.0 17.0 83.0 17.0 18.0 22.0 17.0 23.0 17.0 17.0 18.0 17.0 18.0 17.0 17.0 18.0 46.0 17.0 52.0 17.0 74.0 17.0 22.0 17.0 17.0 17.0 49.0 18.0 17.0 17.0 17.0 17.0 51.0 30.0 18.0 17.0 17.0 17.0 16.0 19.0 17.0 17.0 17.0 29.0 17.0 36.0 18.0 51.0 17.0 57.0 17.0 18.0 17.0 20.0 62.0 17.0 51.0 18.0 98.0 17.0 17.0 18.0 17.0 17.0 17.0 17.0 19.0 31.0 17.0 17.0 17.0 19.0 18.0 24.0 17.0 17.0 29.0 69.0 17.0 118.0 17.0 27.0 19.0 18.0 17.0 17.0 17.0 19.0 53.0 18.0 17.0 18.0 17.0 19.0 17.0 23.0 31.0 18.0 19.0 17.0 17.0 18.0 18.0 17.0 17.0 17.0 17.0 17.0 17.0 40.0 18.0 17.0 17.0 17.0 17.0 17.0 25.0 17.0 17.0 17.0 24.0 17.0 19.0 51.0 17.0 17.0 17.0 18.0 17.0 17.0 18.0 18.0 17.0 18.0 18.0 27.0 17.0 18.0 18.0 17.0 17.0 31.0 46.0 16.0 19.0 23.0 17.0 18.0 18.0 18.0 17.0 20.0 19.0 17.0 17.0 17.0 17.0 17.0 19.0 45.0 51.0
33 34 1 TRACE 63.0 135.0 2599.0 35.0 71.0 43.0 62.0 67.0 78.0 29.0 34.0 101.0 49.0 33.0 66.0 55.0 67.0 37.0 57.0 28.0 31.0 36.0 37.0 116.0 24.0 43.0 33.0 55.0 123.0 33.0 29.0 26.0 35.0 62.0 440.0 34.0 42.0 82.0 26.0 35.0 18.0 40.0 156.0 31.0 23.0 49.0 111.0 42.0 30.0 656.0 32.0 35.0 48.0 73.0 48.0 39.0 32.0 44.0 93.0 23.0 21.0 36.0 42.0 100.0 118.0 42.0 64.0 33.0 29.0 34.0 39.0 37.0 63.0 79.0 258.0 47.0 40.0 61.0 66.0 56.0 34.0 119.0 30.0 105.0 48.0 38.0 74.0 69.0 30.0 29.0 92.0 34.0 86.0 47.0 61.0 29.0 37.0 77.0 240.0 28.0 31.0 28.0 171.0 122.0 117.0 18.0 46.0 33.0 92.0 49.0 24.0 117.0 36.0 19.0 81.0 27.0 21.0 75.0 19.0 134.0 49.0 30.0 57.0 314.0 105.0 97.0 42.0 79.0 54.0 37.0 27.0 26.0 37.0 38.0 65.0 31.0 50.0 71.0 153.0 30.0 62.0 84.0 37.0 76.0 32.0 29.0 79.0 43.0 54.0 78.0 28.0 24.0 123.0 107.0 22.0 34.0 30.0 32.0 87.0 26.0 45.0 34.0 35.0 30.0 99.0 30.0 38.0 64.0 34.0 62.0 191.0 79.0 28.0 66.0 66.0 54.0 47.0 85.0 41.0 37.0 36.0 38.0 95.0 59.0 122.0 46.0 61.0 515.0 521.0
34 35 1 TRACE 648.0 630.0 20.0 46.0 239.0 19.0 94.0 48.0 18.0 57.0 51.0 48.0 48.0 63.0 134.0 52.0 77.0 18.0 45.0 49.0 18.0 17.0 48.0 17.0 17.0 51.0 45.0 44.0 93.0 41.0 53.0 46.0 48.0 45.0 49.0 54.0 64.0 52.0 53.0 48.0 18.0 46.0 76.0 18.0 19.0 46.0 70.0 17.0 45.0 49.0 18.0 45.0 51.0 51.0 45.0 133.0 46.0 46.0 52.0 17.0 47.0 18.0 17.0 247.0 18.0 18.0 51.0 47.0 17.0 47.0 46.0 17.0 48.0 77.0 46.0 74.0 17.0 47.0 88.0 19.0 46.0 149.0 18.0 54.0 49.0 18.0 47.0 122.0 18.0 47.0 50.0 17.0 18.0 49.0 19.0 17.0 48.0 47.0 48.0 25.0 17.0 47.0 51.0 19.0 18.0 46.0 17.0 52.0 52.0 18.0 47.0 280.0 146.0 47.0 79.0 18.0 18.0 47.0 18.0 45.0 49.0 47.0 46.0 19.0 18.0 50.0 52.0 79.0 50.0 18.0 17.0 46.0 47.0 45.0 48.0 17.0 45.0 107.0 18.0 18.0 50.0 32.0 18.0 141.0 17.0 119.0 67.0 18.0 46.0 51.0 19.0 17.0 51.0 18.0 46.0 234.0 17.0 48.0 52.0 18.0 46.0 50.0 47.0 61.0 48.0 18.0 46.0 49.0 18.0 46.0 215.0 55.0 18.0 59.0 18.0 18.0 114.0 40.0 39.0 50.0 48.0 46.0 91.0 19.0 45.0 177.0 17.0 18.0 47.0
35 36 1 TRACE 53.0 54.0 16.0 41.0 128.0 16.0 57.0 50.0 16.0 42.0 76.0 44.0 67.0 45.0 162.0 48.0 99.0 23.0 54.0 45.0 16.0 16.0 44.0 15.0 16.0 129.0 42.0 42.0 105.0 37.0 16.0 48.0 42.0 43.0 50.0 42.0 89.0 49.0 17.0 46.0 16.0 43.0 124.0 16.0 16.0 47.0 85.0 16.0 42.0 46.0 16.0 42.0 47.0 15.0 41.0 176.0 41.0 43.0 55.0 16.0 43.0 16.0 15.0 62.0 16.0 15.0 69.0 48.0 15.0 53.0 46.0 16.0 44.0 39.0 226.0 82.0 17.0 42.0 162.0 16.0 60.0 107.0 16.0 43.0 107.0 16.0 72.0 143.0 16.0 43.0 46.0 16.0 15.0 43.0 16.0 16.0 45.0 43.0 85.0 34.0 16.0 41.0 54.0 56.0 16.0 46.0 16.0 45.0 49.0 16.0 44.0 250.0 20.0 44.0 466.0 16.0 21.0 42.0 16.0 42.0 46.0 38.0 42.0 16.0 16.0 44.0 46.0 41.0 119.0 16.0 15.0 49.0 42.0 41.0 47.0 16.0 41.0 46.0 54.0 15.0 77.0 16.0 16.0 85.0 40.0 43.0 48.0 16.0 41.0 58.0 16.0 16.0 49.0 16.0 42.0 47.0 15.0 44.0 50.0 16.0 41.0 93.0 49.0 42.0 45.0 16.0 42.0 47.0 15.0 51.0 148.0 16.0 21.0 48.0 17.0 17.0 56.0 79.0 38.0 44.0 43.0 43.0 97.0 16.0 41.0 318.0 16.0 15.0 44.0
36 37 1 TRACE 214.0 86.0 53.0 28.0 171.0 159.0 339.0 73.0 1753.0 586.0 42.0 174.0 32.0 42.0 264.0 108.0 126.0 343.0 35.0 43.0 202.0 62.0 45.0 72.0 82.0 189.0 72.0 28.0 341.0 188.0 90.0 31.0 31.0 41.0 38.0 28.0 336.0 71.0 119.0 1231.0 264.0 35.0 278.0 80.0 176.0 141.0 101.0 114.0 27.0 39.0 144.0 45.0 70.0 262.0 28.0 97.0 234.0 56.0 1063.0 107.0 67.0 173.0 79.0 36.0 116.0 69.0 49.0 62.0 107.0 63.0 66.0 78.0 49.0 266.0 288.0 154.0 107.0 115.0 83.0 83.0 162.0 446.0 141.0 28.0 304.0 585.0 138.0 531.0 98.0 30.0 54.0 82.0 71.0 53.0 75.0 210.0 59.0 103.0 34.0 110.0 72.0 33.0 199.0 301.0 127.0 174.0 347.0 108.0 59.0 112.0 125.0 63.0 504.0 31.0 51.0 359.0 77.0 30.0 97.0 27.0 62.0 730.0 49.0 355.0 84.0 157.0 47.0 29.0 90.0 85.0 124.0 125.0 30.0 36.0 65.0 144.0 64.0 56.0 168.0 79.0 799.0 175.0 151.0 50.0 274.0 201.0 136.0 90.0 40.0 72.0 204.0 120.0 60.0 223.0 36.0 41.0 94.0 207.0 57.0 533.0 28.0 30.0 57.0 28.0 60.0 300.0 50.0 41.0 266.0 263.0 161.0 93.0 52.0 53.0 90.0 74.0 43.0 36.0 30.0 56.0 35.0 58.0 204.0 82.0 42.0 46.0 86.0 118.0 32.0
37 38 1 TRACE 69.0 37.0 36.0 59.0 35.0 52.0 31.0 36.0 39.0 27.0 44.0 27.0 65.0 31.0 96.0 46.0 33.0 45.0 117.0 48.0 102.0 43.0 29.0 42.0 62.0 46.0 221.0 68.0 104.0 26.0 69.0 29.0 27.0 57.0 46.0 27.0 52.0 37.0 100.0 164.0 83.0 32.0 80.0 33.0 60.0 32.0 37.0 60.0 27.0 33.0 27.0 30.0 64.0 28.0 27.0 31.0 60.0 29.0 47.0 61.0 34.0 98.0 27.0 31.0 27.0 64.0 29.0 28.0 27.0 30.0 74.0 32.0 75.0 30.0 109.0 34.0 63.0 27.0 122.0 29.0 103.0 52.0 105.0 28.0 34.0 86.0 144.0 36.0 26.0 27.0 36.0 28.0 26.0 34.0 66.0 103.0 68.0 65.0 73.0 28.0 46.0 37.0 409.0 124.0 56.0 30.0 69.0 28.0 44.0 63.0 43.0 37.0 276.0 36.0 40.0 28.0 27.0 29.0 26.0 54.0 63.0 43.0 27.0 64.0 29.0 104.0 56.0 30.0 49.0 26.0 63.0 29.0 45.0 29.0 34.0 27.0 57.0 34.0 28.0 37.0 351.0 27.0 39.0 76.0 49.0 213.0 48.0 27.0 26.0 44.0 28.0 253.0 35.0 64.0 55.0 34.0 27.0 29.0 46.0 28.0 27.0 33.0 29.0 35.0 43.0 28.0 30.0 38.0 53.0 145.0 38.0 128.0 44.0 46.0 29.0 26.0 112.0 31.0 26.0 33.0 54.0 64.0 62.0 30.0 29.0 62.0 40.0 31.0 34.0
38 39 1 TRACE 29.0 25.0 23.0 23.0 24.0 23.0 48.0 29.0 27.0 22.0 65.0 25.0 28.0 22.0 92.0 65.0 106.0 31.0 112.0 24.0 38.0 32.0 22.0 23.0 26.0 42.0 763.0 29.0 141.0 23.0 61.0 28.0 23.0 32.0 29.0 27.0 82.0 25.0 53.0 22.0 22.0 22.0 31.0 44.0 24.0 67.0 71.0 25.0 23.0 24.0 26.0 23.0 26.0 24.0 53.0 24.0 33.0 24.0 49.0 27.0 37.0 80.0 24.0 61.0 28.0 62.0 22.0 50.0 24.0 24.0 60.0 31.0 89.0 24.0 50.0 30.0 23.0 60.0 133.0 23.0 58.0 26.0 88.0 59.0 34.0 506.0 124.0 29.0 23.0 24.0 25.0 30.0 23.0 57.0 110.0 38.0 67.0 24.0 166.0 25.0 24.0 23.0 85.0 62.0 50.0 24.0 57.0 23.0 24.0 53.0 58.0 24.0 90.0 114.0 47.0 29.0 22.0 22.0 23.0 61.0 35.0 54.0 24.0 76.0 34.0 54.0 55.0 23.0 55.0 37.0 61.0 35.0 33.0 29.0 59.0 36.0 30.0 47.0 23.0 23.0 37.0 44.0 22.0 66.0 28.0 483.0 37.0 22.0 24.0 27.0 22.0 54.0 24.0 61.0 119.0 23.0 23.0 42.0 24.0 23.0 23.0 25.0 23.0 24.0 31.0 25.0 23.0 59.0 32.0 97.0 29.0 49.0 55.0 36.0 22.0 22.0 22.0 22.0 21.0 63.0 23.0 61.0 74.0 25.0 24.0 60.0 30.0 24.0 23.0
39 25 1 TRACE 19.0 18.0 18.0 17.0 18.0 17.0 70.0 17.0 17.0 19.0 19.0 17.0 18.0 18.0 18.0 17.0 51.0 17.0 17.0 17.0 17.0 17.0 18.0 16.0 17.0 18.0 17.0 18.0 22.0 18.0 19.0 18.0 19.0 24.0 17.0 17.0 18.0 20.0 17.0 17.0 66.0 17.0 18.0 54.0 20.0 19.0 17.0 17.0 19.0 18.0 18.0 24.0 17.0 17.0 58.0 18.0 19.0 17.0 18.0 17.0 18.0 18.0 17.0
39 40 1 TRACE 31.0 26.0 27.0 66.0 45.0 76.0 28.0 25.0 113.0 225.0 24.0 26.0 25.0 24.0 55.0 41.0 26.0 28.0 33.0 29.0 55.0 61.0 63.0 26.0 91.0 35.0 37.0 28.0 30.0 29.0 27.0 33.0 58.0 23.0 98.0 30.0 27.0 27.0 26.0 33.0 33.0 25.0 32.0 89.0 26.0 57.0 36.0 49.0 57.0 27.0 51.0 32.0 28.0 26.0 36.0 26.0 61.0 26.0 26.0 25.0 59.0 55.0 37.0 25.0
39 51 1 TRACE 33.0 27.0 25.0 27.0 146.0 50.0 254.0 27.0 421.0 24.0 66.0 24.0 46.0 24.0 59.0 25.0 57.0 26.0 27.0 25.0 66.0 34.0 26.0 65.0 25.0 93.0 55.0 173.0 63.0 63.0 43.0 27.0 25.0 32.0 25.0 73.0 27.0 32.0 25.0 25.0 26.0 30.0 58.0 25.0 191.0 24.0 62.0 26.0 46.0 26.0 53.0 27.0 26.0 26.0 26.0 67.0 39.0 25.0 26.0 25.0 25.0 25.0
40 41 1 TRACE 35.0 21.0 22.0 20.0 15.0 19.0 17.0 15.0 21.0 18.0 15.0 15.0 23.0 16.0 23.0 23.0 18.0 18.0 16.0 25.0 15.0 17.0 15.0 16.0 17.0 20.0 21.0 18.0 19.0 19.0 19.0 15.0 16.0 15.0 21.0 17.0 21.0 22.0 32.0 15.0 17.0 15.0 15.0 19.0 16.0 25.0 18.0 18.0 20.0 21.0 21.0 22.0 17.0 21.0 16.0 19.0 18.0 22.0 17.0 16.0 15.0 20.0 17.0 15.0
41 42 1 TRACE 18.0 13.0 13.0 14.0 13.0 13.0 14.0 19.0 13.0 16.0 13.0 14.0 14.0 14.0 13.0 14.0 14.0 13.0 13.0 14.0 15.0 13.0 13.0 13.0 13.0 16.0 13.0 14.0 14.0 13.0 13.0 14.0 14.0 13.0 14.0 14.0 18.0 13.0 14.0 13.0 13.0 13.0 16.0 13.0 14.0 14.0 13.0 14.0 13.0 13.0 14.0 13.0 13.0 13.0 13.0 13.0 13.0 13.0 14.0 14.0 14.0 14.0 14.0 13.0 17.0 13.0 14.0 147.0 13.0 14.0 13.0 14.0 13.0 13.0 13.0 26.0 15.0 13.0 14.0 13.0 13.0 15.0 13.0 13.0 13.0 13.0 14.0 13.0 14.0 14.0 14.0 13.0 16.0 14.0 13.0 52.0 14.0 13.0 14.0 13.0 14.0 13.0 14.0 13.0 13.0 13.0 14.0 14.0 19.0 13.0 13.0 14.0 13.0 14.0 14.0 14.0 13.0 14.0 13.0 13.0 14.0 13.0 19.0 13.0 14.0 13.0 13.0 14.0 14.0 13.0 14.0 14.0 14.0 13.0 14.0 14.0 14.0 32.0 13.0 14.0 15.0 36.0 14.0 17.0 13.0 13.0 14.0 13.0 42.0 15.0 13.0 14.0 14.0 14.0 13.0 14.0 20.0 14.0 13.0 16.0 13.0 14.0 13.0 13.0 14.0 13.0 13.0 14.0 13.0 13.0 13.0 14.0 13.0 14.0 14.0 60.0 13.0 30.0 13.0 14.0 80.0 13.0 13.0 13.0 13.0 13.0 13.0 13.0 13.0 13.0 13.0 14.0 13.0 16.0 14.0 14.0 13.0 14.0 13.0 14.0 13.0
42 43 1 TRACE 16.0 12.0 12.0 12.0 12.0 12.0 12.0 12.0 12.0 12.0 12.0 12.0 12.0 12.0 11.0 12.0 12.0 12.0 12.0 11.0 13.0 12.0 11.0 12.0 12.0 12.0 12.0 12.0 12.0 12.0 12.0 11.0 11.0 12.0 12.0 11.0 11.0 11.0 12.0 12.0 11.0 11.0 12.0 12.0 12.0 13.0 12.0 12.0 12.0 12.0 12.0 25.0 12.0 11.0 12.0 12.0 11.0 18.0 12.0 12.0 11.0 12.0 12.0 12.0 12.0 12.0 12.0 12.0 12.0 12.0 12.0 12.0 12.0 12.0 18.0 12.0 12.0 12.0 12.0 12.0 11.0 13.0 12.0 13.0 12.0 12.0 11.0 12.0 12.0 12.0 12.0 12.0 12.0 12.0 12.0 12.0 12.0 12.0 12.0 12.0 12.0 12.0 11.0 12.0 12.0 13.0 12.0 12.0 13.0 12.0 11.0 12.0 12.0 11.0 12.0 12.0 12.0 12.0 12.0 12.0 12.0 12.0 12.0 11.0 18.0 12.0 11.0 12.0 12.0 12.0 12.0 12.0 12.0 12.0 11.0 11.0 11.0 12.0 11.0 11.0 12.0 12.0 12.0 12.0 12.0 12.0 12.0 12.0 11.0 12.0 11.0 12.0 12.0 12.0 12.0 12.0 12.0 12.0 11.0 12.0 12.0 12.0 12.0 13.0 11.0 11.0 12.0 12.0 12.0 12.0 11.0 11.0 12.0 12.0 11.0 13.0 13.0 12.0 12.0 12.0 12.0 12.0 12.0 12.0 11.0 11.0 12.0 12.0 11.0 12.0 12.0 12.0 12.0 12.0 12.0 13.0 12.0 12.0 12.0 12.0 12.0
43 44 1 TRACE 13.0 8.0 8.0 8.0 8.0 8.0 8.0 9.0 8.0 8.0 8.0 8.0 9.0 8.0 8.0 8.0 8.0 8.0 8.0 8.0 8.0 21.0 8.0 12.0 8.0 8.0 8.0 8.0 9.0 8.0 8.0 8.0 8.0 8.0 8.0 8.0 8.0 8.0 8.0 8.0 8.0 8.0 8.0 8.0 8.0 8.0 8.0 8.0 8.0 8.0 8.0 8.0 8.0 8.0 8.0 8.0 8.0 9.0 8.0 8.0 8.0 9.0 8.0 8.0 8.0 8.0 8.0 9.0 8.0 8.0 8.0 8.0 8.0 8.0 9.0 8.0 8.0 8.0 8.0 8.0 8.0 8.0 8.0 8.0 8.0 8.0 8.0 9.0 8.0 8.0 8.0 8.0 8.0 8.0 8.0 8.0 8.0 9.0 8.0 9.0 8.0 8.0 8.0 8.0 8.0 8.0 8.0 8.0 8.0 8.0 9.0 8.0 8.0 8.0 8.0 8.0 8.0 8.0 8.0 8.0 8.0 9.0 8.0 8.0 10.0 8.0 8.0 8.0 8.0 8.0 8.0 9.0 9.0 8.0 8.0 8.0 8.0 8.0 8.0 8.0 9.0 11.0 8.0 9.0 9.0 8.0 8.0 8.0 8.0 8.0 8.0 8.0 8.0 8.0 8.0 9.0 8.0 11.0 8.0 8.0 8.0 8.0 8.0 8.0 9.0 8.0 8.0 8.0 8.0 8.0 9.0 8.0 8.0 8.0 8.0 9.0 9.0 8.0 8.0 8.0 9.0 8.0 8.0 8.0 8.0 8.0 8.0 8.0 9.0 8.0 8.0 8.0 8.0 8.0 8.0 8.0 8.0 8.0 9.0 8.0 8.0
44 45 1 TRACE 30.0 39.0 22.0 16.0 35.0 58.0 33.0 62.0 57.0 54.0 23.0 23.0 26.0 17.0 20.0 70.0 18.0 17.0 18.0 18.0 16.0 20.0 19.0 227.0 132.0 58.0 47.0 16.0 131.0 27.0 61.0 22.0 24.0 43.0 30.0 18.0 199.0 20.0 20.0 132.0 18.0 17.0 18.0 66.0 19.0 18.0 19.0 18.0 91.0 18.0 19.0 154.0 23.0 17.0 101.0 19.0 18.0 18.0 17.0 398.0 18.0 62.0 48.0 63.0 110.0 25.0 19.0 33.0 17.0 20.0 80.0 168.0 22.0 30.0 18.0 19.0 18.0 30.0 90.0 20.0 19.0 47.0 52.0 16.0 18.0 44.0 23.0 31.0 172.0 18.0 26.0 19.0 224.0 18.0 60.0 17.0 28.0 19.0 71.0 31.0 19.0 25.0 19.0 35.0 19.0 27.0 64.0 353.0 17.0 18.0 17.0 17.0 67.0 18.0 59.0 77.0 28.0 20.0 290.0 18.0 20.0 273.0 72.0 47.0 19.0 49.0 20.0 30.0 41.0 22.0 31.0 31.0 37.0 89.0 18.0 170.0 75.0 161.0 23.0 20.0 61.0 25.0 17.0 17.0 18.0 16.0 19.0 20.0 158.0 25.0 178.0 17.0 125.0 89.0 58.0 17.0 311.0 26.0 51.0 18.0 42.0 18.0 54.0 15.0 16.0 17.0 83.0 36.0 67.0 19.0 58.0 18.0 62.0 18.0 63.0 25.0 76.0 68.0 83.0 21.0 465.0 73.0 17.0 18.0 17.0 18.0 17.0 24.0 150.0 19.0 147.0 64.0 267.0 71.0 83.0 18.0 19.0 20.0 35.0 33.0 18.0
45 46 1 TRACE 22.0 34.0 15.0 16.0 17.0 22.0 34.0 32.0 17.0 16.0 27.0 17.0 17.0 15.0 15.0 47.0 15.0 16.0 17.0 15.0 16.0 66.0 15.0 109.0 64.0 16.0 16.0 16.0 20.0 15.0 20.0 194.0 16.0 17.0 23.0 16.0 154.0 17.0 17.0 60.0 17.0 15.0 22.0 19.0 15.0 55.0 15.0 15.0 132.0 15.0 15.0 16.0 18.0 15.0 81.0 22.0 15.0 17.0 15.0 49.0 16.0 32.0 15.0 15.0 15.0 15.0 16.0 17.0 15.0 17.0 16.0 39.0 15.0 14.0 15.0 29.0 16.0 54.0 18.0 15.0 15.0 16.0 16.0 16.0 15.0 28.0 16.0 17.0 58.0 15.0 16.0 16.0 16.0 51.0 15.0 15.0 20.0 16.0 56.0 21.0 15.0 16.0 16.0 23.0 15.0 16.0 16.0 177.0 15.0 15.0 15.0 15.0 15.0 15.0 17.0 15.0 15.0 16.0 279.0 16.0 38.0 45.0 33.0 43.0 15.0 18.0 15.0 15.0 16.0 16.0 30.0 17.0 17.0 15.0 15.0 16.0 26.0 49.0 23.0 24.0 51.0 16.0 15.0 16.0 15.0 16.0 16.0 15.0 20.0 35.0 16.0 15.0 65.0 15.0 27.0 15.0 24.0 16.0 16.0 37.0 15.0 16.0 16.0 15.0 16.0 15.0 15.0 16.0 15.0 16.0 16.0 15.0 85.0 15.0 16.0 16.0 98.0 17.0 16.0 15.0 48.0 25.0 15.0 24.0 15.0 15.0 15.0 15.0 24.0 15.0 81.0 32.0 44.0 100.0 16.0 16.0 17.0 16.0 25.0 15.0 16.0
46 47 1 TRACE 54.0 95.0 24.0 46.0 26.0 26.0 57.0 99.0 25.0 49.0 28.0 25.0 47.0 36.0 26.0 39.0 26.0 50.0 43.0 42.0 26.0 50.0 33.0 197.0 26.0 56.0 27.0 38.0 45.0 50.0 50.0 65.0 44.0 25.0 47.0 28.0 25.0 35.0 26.0 239.0 46.0 31.0 26.0 25.0 35.0 25.0 25.0 34.0 27.0 25.0 40.0 45.0 30.0 40.0 27.0 26.0 46.0 28.0 25.0 44.0 26.0 25.0 46.0 34.0 26.0 25.0 43.0 35.0 25.0 47.0 28.0 104.0 46.0 42.0 51.0 44.0 27.0 24.0 37.0 26.0 29.0 38.0 26.0 25.0 76.0 27.0 25.0 38.0 26.0 25.0 37.0 25.0 25.0 37.0 26.0 25.0 45.0 31.0 158.0 25.0 65.0 29.0 25.0 56.0 34.0 26.0 25.0 37.0 55.0 28.0 68.0 59.0 26.0 25.0 35.0 25.0 25.0 36.0 25.0 25.0 38.0 28.0 25.0 100.0 31.0 25.0 25.0 41.0 26.0 25.0 45.0 33.0 32.0 26.0 56.0 44.0 26.0 38.0 26.0 26.0 59.0 29.0 25.0 72.0 25.0 25.0 37.0 26.0 25.0 41.0 26.0 57.0 52.0 26.0 95.0 36.0 27.0 26.0 75.0 34.0 25.0 70.0 25.0 25.0 39.0 26.0 25.0 36.0 26.0 25.0 46.0 50.0 26.0 38.0 69.0 25.0 39.0 49.0 40.0 54.0 26.0 185.0 40.0 26.0 25.0 45.0 27.0 25.0 46.0 28.0 25.0 36.0 29.0 123.0 39.0 70.0 30.0 64.0 72.0 25.0 25.0
47 48 1 TRACE 13.0 10.0 10.0 10.0 10.0 9.0 10.0 10.0 9.0 10.0 8.0 18.0 10.0 10.0 10.0 8.0 10.0 31.0 11.0 10.0 9.0 10.0 9.0 10.0 10.0 9.0 26.0 10.0 10.0 10.0 9.0 10.0 9.0 9.0 9.0 8.0 10.0 10.0 10.0 9.0 9.0 10.0 10.0 9.0 10.0 8.0 10.0 10.0 10.0 10.0 9.0 9.0 9.0 9.0 10.0 8.0 9.0 10.0 9.0 10.0 8.0 16.0 9.0 10.0 10.0 8.0 10.0 10.0 9.0 10.0 8.0 10.0 10.0 9.0 9.0 8.0 65.0 10.0 10.0 10.0 8.0 10.0 11.0 10.0 9.0 8.0 10.0 10.0 10.0 10.0 8.0 10.0 10.0 9.0 9.0 8.0 10.0 10.0 9.0 10.0 9.0 43.0 10.0 10.0 10.0 9.0 11.0 11.0 10.0 10.0 8.0 15.0 10.0 10.0 10.0 9.0 9.0 10.0 15.0 10.0 8.0 9.0 10.0 10.0 9.0 8.0 10.0 53.0 10.0 10.0 9.0 10.0 10.0 10.0 10.0 9.0 9.0 10.0 9.0 10.0 8.0 19.0 10.0 11.0 10.0 8.0 10.0 10.0 10.0 10.0 9.0 10.0 10.0 10.0 10.0 9.0 10.0 10.0 9.0 10.0 8.0 9.0 10.0 10.0 10.0 9.0 10.0 10.0 9.0 9.0 8.0 12.0 10.0 10.0 9.0 8.0 9.0 10.0 9.0 10.0 8.0 10.0 10.0 10.0 9.0 9.0 9.0 10.0 10.0 10.0 8.0 10.0 10.0 10.0 10.0 8.0 10.0 10.0 9.0 10.0 13.0 13.0 15.0 10.0 10.0 8.0 9.0 11.0 10.0 10.0 8.0 10.0 10.0 9.0 10.0 9.0 10.0 11.0 10.0 10.0 9.0 10.0 10.0 10.0 10.0 9.0 10.0 10.0 10.0 10.0 8.0 10.0 10.0 10.0 9.0 8.0 10.0 11.0 10.0 10.0 8.0 10.0 10.0 10.0 10.0 9.0 13.0 11.0 10.0 10.0 9.0 10.0 10.0 9.0 10.0 9.0 9.0 10.0 9.0 10.0 8.0 10.0 11.0 10.0 10.0 9.0 10.0 10.0 10.0 10.0 9.0 88.0 10.0 9.0 10.0 8.0 10.0 10.0 10.0 10.0 8.0 10.0 10.0 10.0 10.0 9.0 10.0 10.0 19.0 10.0 8.0 46.0 13.0 10.0 10.0 9.0 10.0 10.0 10.0 10.0 8.0 48.0 13.0 11.0 30.0 8.0 10.0 9.0 10.0 9.0 8.0 9.0 11.0 10.0 10.0 9.0 10.0 10.0 10.0 9.0 9.0 10.0 11.0 9.0 10.0 9.0 10.0 11.0 10.0 9.0 8.0 9.0 10.0 10.0 10.0 8.0 14.0 11.0 9.0 10.0 8.0 10.0 10.0 10.0 10.0 8.0 13.0 10.0 10.0 9.0 8.0 10.0 10.0 10.0 10.0 9.0 10.0 9.0 11.0 9.0 9.0 10.0 10.0 10.0 10.0 8.0 10.0 10.0 10.0 10.0 9.0 10.0 10.0 10.0 9.0 8.0 10.0 10.0 10.0 10.0 8.0 10.0 11.0 10.0 10.0 9.0 9.0 55.0 48.0 10.0 9.0 10.0 11.0 10.0 10.0 8.0 9.0 17.0 13.0 10.0 8.0 10.0 12.0 9.0 10.0 9.0 10.0 11.0 10.0 10.0 9.0 10.0 10.0 10.0 11.0 8.0 10.0 10.0 10.0 10.0 8.0 10.0 10.0 9.0 10.0 9.0 10.0 9.0 10.0 10.0 8.0 10.0 11.0 10.0 10.0 9.0 10.0 11.0 10.0 10.0 8.0 10.0 11.0 10.0 10.0 9.0 24.0 11.0 10.0 10.0 8.0 13.0 11.0 10.0 10.0 8.0 10.0 12.0 10.0 9.0 8.0 9.0 11.0 9.0 10.0 8.0 10.0 10.0 9.0 10.0 9.0 10.0 10.0 10.0 9.0 9.0 10.0 11.0 9.0 10.0 8.0 10.0 10.0 10.0 10.0 8.0 10.0 10.0 9.0 11.0 9.0 10.0 9.0 10.0 10.0 8.0 10.0 11.0 10.0 9.0 9.0 10.0 10.0 10.0 10.0 8.0 10.0 9.0 9.0 10.0 8.0 10.0 11.0 10.0 9.0 8.0 14.0 11.0 9.0 13.0 9.0 10.0 10.0 10.0 10.0 8.0 9.0 11.0 9.0 10.0 8.0 10.0 10.0 10.0 10.0 9.0 10.0 10.0 9.0 9.0 8.0 10.0 10.0 9.0 10.0 8.0 9.0 10.0 9.0 10.0 8.0 10.0 10.0 10.0 10.0 8.0 51.0 10.0 10.0 10.0 8.0 60.0 12.0 9.0 10.0 8.0 10.0 10.0 9.0 10.0 8.0 39.0 10.0 10.0 10.0 9.0 10.0 10.0 9.0 10.0 8.0 9.0 10.0 9.0 10.0 9.0 10.0 10.0 10.0 10.0 8.0 34.0 10.0 9.0 10.0 8.0 10.0 10.0 10.0 10.0 8.0 10.0 10.0 9.0 10.0 8.0 9.0 10.0 10.0 10.0 8.0 10.0 10.0 9.0 10.0 9.0 10.0 10.0 10.0 10.0 8.0 9.0 10.0 10.0 10.0 8.0 10.0 10.0 10.0 10.0 8.0 28.0 10.0 47.0 10.0 9.0 11.0 10.0 9.0 10.0 9.0 10.0 49.0 12.0 15.0 8.0 9.0 10.0 10.0 10.0 8.0 10.0 12.0 11.0 10.0 9.0 10.0 16.0 47.0 10.0 8.0 10.0 10.0 9.0 10.0 8.0 9.0 10.0 9.0 10.0 8.0 10.0 10.0 10.0 11.0 9.0 10.0 11.0 14.0 9.0 8.0 9.0 11.0 10.0 10.0 8.0 10.0 10.0 10.0 10.0 8.0 10.0 11.0 10.0 10.0 8.0 10.0 10.0 10.0 10.0 8.0 11.0 10.0 10.0 10.0 9.0 10.0 11.0 9.0 10.0 8.0 10.0 11.0 10.0 10.0 9.0 10.0 10.0 10.0 10.0 8.0 10.0 10.0 10.0 10.0 8.0 10.0 31.0 10.0 10.0 8.0 10.0 9.0 10.0 10.0 8.0 9.0 12.0 9.0 10.0 8.0 10.0 10.0 9.0 9.0 9.0 10.0 10.0 10.0 10.0 8.0 45.0 10.0 16.0 10.0 9.0 9.0 10.0 10.0 10.0 8.0 58.0 11.0 11.0 15.0 8.0 10.0 10.0 9.0 10.0 9.0 9.0 10.0 10.0 10.0 8.0 10.0 11.0 10.0 32.0 9.0 10.0 10.0 10.0 10.0 9.0 10.0 10.0 10.0 10.0 8.0 10.0 9.0 10.0 10.0 9.0 9.0 10.0 10.0 10.0 8.0 10.0 10.0 9.0 10.0 8.0 10.0 10.0 12.0 10.0 8.0 9.0 10.0 9.0 9.0 9.0 10.0 9.0 9.0 10.0 9.0 17.0 30.0 10.0 10.0 8.0 9.0 14.0 10.0 10.0 9.0 97.0 15.0 10.0 9.0 9.0 10.0 10.0 10.0 10.0 8.0 10.0 11.0 9.0 9.0 8.0 10.0 11.0 10.0 10.0 8.0 21.0 11.0 10.0 10.0 8.0 10.0 10.0 9.0 10.0 8.0 10.0 10.0 10.0 10.0 8.0 10.0 10.0 9.0 10.0 8.0 10.0 10.0 10.0 10.0 8.0 10.0 10.0 9.0 10.0 8.0 10.0 10.0 10.0 10.0 8.0 10.0 10.0 10.0 10.0 9.0 10.0 10.0 10.0 10.0 9.0 10.0 10.0 10.0 10.0 9.0 10.0 10.0 10.0 9.0 8.0 10.0 9.0 9.0 9.0 8.0 10.0 13.0 9.0 10.0 8.0 9.0 10.0 10.0 10.0 8.0 10.0 10.0 47.0 10.0 8.0 10.0 14.0 10.0 10.0 8.0 35.0 10.0 10.0 9.0 8.0 10.0 10.0 10.0 10.0 8.0 10.0 12.0 9.0 10.0 9.0 9.0 10.0 9.0 10.0 8.0 10.0 10.0 10.0 10.0 8.0 10.0 10.0 10.0 10.0 9.0 10.0 13.0 10.0 10.0 8.0 10.0 10.0 10.0 9.0 8.0 10.0 10.0 10.0 12.0 8.0 9.0 9.0 10.0 10.0 9.0 10.0 10.0 10.0 10.0 8.0 10.0 10.0 9.0 10.0 8.0 10.0 9.0 10.0 9.0 8.0 10.0 11.0 10.0 10.0 8.0 445.0 11.0 9.0 10.0
48 49 1 TRACE 13.0 16.0 11.0 11.0 11.0 8.0 10.0 9.0 9.0 9.0 8.0 26.0 10.0 10.0 10.0 9.0 17.0 12.0 11.0 10.0 7.0 10.0 10.0 10.0 10.0 8.0 10.0 12.0 10.0 10.0 9.0 12.0 12.0 11.0 10.0 7.0 9.0 9.0 9.0 10.0 8.0 9.0 10.0 9.0 10.0 9.0 65.0 12.0 10.0 11.0 8.0 11.0 10.0 10.0 10.0 7.0 10.0 10.0 9.0 9.0 9.0 16.0 11.0 11.0 11.0 8.0 10.0 10.0 10.0 10.0 8.0 10.0 10.0 9.0 10.0 9.0 16.0 11.0 10.0 10.0 8.0 11.0 10.0 10.0 10.0 8.0 9.0 10.0 9.0 10.0 9.0 14.0 12.0 11.0 11.0 8.0 11.0 10.0 9.0 10.0 8.0 11.0 10.0 9.0 10.0 9.0 13.0 10.0 11.0 11.0 8.0 39.0 11.0 10.0 11.0 8.0 10.0 46.0 9.0 10.0 8.0 9.0 10.0 9.0 10.0 9.0 13.0 12.0 14.0 10.0 8.0 11.0 10.0 10.0 10.0 8.0 9.0 10.0 10.0 10.0 10.0 30.0 11.0 11.0 11.0 8.0 11.0 9.0 10.0 11.0 7.0 12.0 10.0 10.0 10.0 9.0 13.0 12.0 11.0 11.0 9.0 11.0 11.0 11.0 10.0 8.0 10.0 10.0 9.0 10.0 10.0 12.0 12.0 11.0 11.0 9.0 11.0 11.0 10.0 10.0 7.0 9.0 9.0 9.0 10.0 9.0 13.0 11.0 11.0 10.0 26.0 10.0 10.0 18.0 10.0 7.0 9.0 10.0 9.0 9.0 9.0 18.0 12.0 11.0 10.0 8.0 15.0 11.0 11.0 10.0 7.0 9.0 10.0 10.0 10.0 8.0 10.0 10.0 9.0 10.0 9.0 14.0 11.0 10.0 10.0 8.0 10.0 10.0 10.0 10.0 7.0 9.0 10.0 10.0 10.0 8.0 17.0 11.0 11.0 10.0 7.0 10.0 9.0 10.0 10.0 8.0 14.0 11.0 10.0 9.0 9.0 13.0 11.0 11.0 11.0 8.0 10.0 11.0 10.0 10.0 7.0 19.0 10.0 9.0 10.0 9.0 13.0 11.0 10.0 11.0 8.0 14.0 10.0 10.0 10.0 7.0 10.0 10.0 10.0 9.0 10.0 13.0 11.0 11.0 10.0 8.0 11.0 10.0 10.0 11.0 8.0 16.0 10.0 10.0 10.0 9.0 30.0 11.0 10.0 11.0 7.0 12.0 11.0 45.0 11.0 7.0 10.0 10.0 9.0 10.0 8.0 12.0 11.0 10.0 11.0 9.0 17.0 11.0 10.0 46.0 8.0 25.0 10.0 9.0 10.0 8.0 17.0 10.0 10.0 9.0 10.0 18.0 11.0 11.0 10.0 8.0 15.0 10.0 10.0 10.0 7.0 35.0 9.0 10.0 10.0 10.0 17.0 15.0 11.0 10.0 8.0 13.0 11.0 11.0 10.0 8.0 10.0 10.0 9.0 10.0 9.0 31.0 12.0 11.0 11.0 9.0 11.0 10.0 10.0 10.0 8.0 9.0 10.0 10.0 10.0 9.0 13.0 12.0 11.0 11.0 8.0 12.0 10.0 10.0 10.0 8.0 11.0 10.0 10.0 9.0 9.0 16.0 11.0 10.0 11.0 7.0 53.0 10.0 10.0 9.0 8.0 10.0 10.0 9.0 27.0 10.0 91.0 12.0 11.0 10.0 8.0 9.0 10.0 10.0 10.0 8.0 9.0 9.0 10.0 10.0 9.0 12.0 11.0 11.0 10.0 8.0 9.0 10.0 10.0 10.0 7.0 13.0 10.0 9.0 10.0 9.0 15.0 12.0 11.0 11.0 7.0 19.0 10.0 10.0 9.0 8.0 10.0 10.0 9.0 10.0 10.0 24.0 12.0 11.0 11.0 8.0 11.0 11.0 9.0 10.0 7.0 11.0 10.0 10.0 9.0 10.0 12.0 16.0 10.0 11.0 8.0 10.0 10.0 10.0 10.0 8.0 33.0 10.0 10.0 48.0 8.0 12.0 11.0 11.0 11.0 8.0 13.0 11.0 10.0 11.0 8.0 10.0 10.0 9.0 9.0 8.0 11.0 10.0 9.0 10.0 9.0 16.0 11.0 11.0 47.0 8.0 32.0 11.0 10.0 11.0 8.0 10.0 10.0 10.0 10.0 9.0 18.0 11.0 11.0 12.0 8.0 14.0 11.0 11.0 10.0 7.0 11.0 10.0 10.0 10.0 8.0 9.0 10.0 9.0 10.0 9.0 12.0 11.0 11.0 11.0 8.0 10.0 9.0 10.0 9.0 8.0 10.0 9.0 10.0 9.0 8.0 12.0 12.0 10.0 10.0 9.0 16.0 11.0 11.0 11.0 7.0 10.0 11.0 9.0 10.0 8.0 12.0 13.0 9.0 10.0 9.0 17.0 11.0 10.0 11.0 8.0 9.0 10.0 9.0 11.0 7.0 10.0 9.0 9.0 10.0 9.0 12.0 11.0 11.0 11.0 8.0 14.0 9.0 10.0 10.0 7.0 9.0 9.0 10.0 9.0 9.0 13.0 12.0 11.0 11.0 8.0 10.0 10.0 10.0 9.0 7.0 10.0 10.0 9.0 10.0 9.0 12.0 12.0 10.0 11.0 8.0 11.0 11.0 11.0 42.0 7.0 10.0 10.0 9.0 9.0 8.0 13.0 10.0 10.0 46.0 10.0 13.0 11.0 11.0 11.0 8.0 14.0 14.0 44.0 10.0 8.0 11.0 10.0 9.0 16.0 8.0 12.0 12.0 11.0 12.0 9.0 51.0 11.0 44.0 10.0 8.0 10.0 11.0 9.0 10.0 8.0 11.0 10.0 10.0 9.0 9.0 12.0 14.0 11.0 11.0 8.0 11.0 11.0 10.0 10.0 7.0 27.0 10.0 10.0 10.0 9.0 14.0 12.0 11.0 11.0 8.0 12.0 10.0 10.0 9.0 7.0 10.0 10.0 9.0 10.0 9.0 13.0 11.0 11.0 11.0 8.0 13.0 10.0 10.0 10.0 8.0 13.0 10.0 10.0 10.0 9.0 13.0 11.0 11.0 11.0 8.0 10.0 10.0 10.0 10.0 8.0 9.0 10.0 10.0 10.0 10.0 14.0 11.0 11.0 10.0 8.0 12.0 10.0 9.0 10.0 7.0 11.0 10.0 9.0 10.0 9.0 18.0 11.0 10.0 49.0 8.0 14.0 10.0 10.0 10.0 8.0 11.0 11.0 10.0 10.0 10.0 14.0 12.0 12.0 11.0 7.0 10.0 9.0 10.0 14.0 8.0 10.0 9.0 9.0 10.0 9.0 12.0 12.0 11.0 11.0 8.0 9.0 10.0 10.0 10.0 8.0 33.0 10.0 9.0 10.0 9.0 35.0 11.0 10.0 11.0 8.0 10.0 10.0 9.0 10.0 8.0 10.0 10.0 9.0 10.0 9.0 12.0 11.0 11.0 11.0 8.0 10.0 10.0 9.0 10.0 8.0 10.0 9.0 9.0 9.0 9.0 18.0 12.0 11.0 11.0 8.0 10.0 11.0 10.0 10.0 8.0 10.0 10.0 10.0 10.0 9.0 13.0 11.0 10.0 11.0 8.0 10.0 10.0 10.0 10.0 8.0 11.0 10.0 9.0 9.0 9.0 52.0 12.0 11.0 11.0 8.0 11.0 11.0 10.0 10.0 7.0 10.0 10.0 10.0 10.0 10.0 14.0 12.0 11.0 11.0 7.0 10.0 9.0 10.0 10.0 8.0 10.0 9.0 10.0 10.0 10.0 13.0 11.0 10.0 11.0 7.0 11.0 9.0 10.0 10.0 8.0 9.0 10.0 10.0 10.0 9.0 13.0 11.0 11.0 11.0 8.0 10.0 10.0 10.0 10.0 7.0 10.0 9.0 10.0 10.0 10.0 14.0 13.0 11.0 11.0 7.0 10.0 10.0 10.0 9.0 7.0 87.0 10.0 11.0 10.0 10.0 12.0 12.0 10.0 11.0 8.0 58.0 10.0 11.0 10.0 7.0 19.0 10.0 9.0 9.0 9.0 76.0 11.0 11.0 10.0 8.0 11.0 10.0 10.0 10.0 7.0 9.0 9.0 10.0 10.0 10.0 12.0 16.0 11.0 11.0 8.0 10.0 10.0 10.0 10.0 7.0 10.0 10.0 10.0 10.0 10.0 12.0 12.0 10.0 12.0 8.0 10.0 10.0 9.0 10.0 8.0 9.0 10.0 9.0 10.0 9.0 12.0 11.0 11.0 10.0 8.0 11.0 11.0 10.0 10.0 8.0 11.0 10.0 9.0 10.0 8.0 13.0 10.0 10.0 10.0
49 47 1 TRACE 23.0 28.0 17.0 16.0 15.0 13.0 14.0 13.0 13.0 13.0 13.0 13.0 21.0 19.0 17.0 16.0 14.0 14.0 14.0 14.0 37.0 23.0 13.0 14.0 21.0 18.0 17.0 15.0 14.0 14.0 13.0 14.0 13.0 13.0 12.0 13.0 31.0 25.0 21.0 32.0 16.0 16.0 16.0 15.0 14.0 13.0 14.0 13.0 31.0 26.0 23.0 20.0 22.0 17.0 16.0 15.0 14.0 13.0 13.0 13.0 32.0 20.0 18.0 17.0 14.0 14.0 15.0 13.0 13.0 13.0 13.0 13.0 27.0 22.0 20.0 17.0 15.0 15.0 14.0 15.0 14.0 14.0 25.0 13.0 35.0 44.0 29.0 26.0 42.0 18.0 16.0 16.0 14.0 14.0 13.0 13.0 14.0 13.0 13.0 13.0 29.0 24.0 89.0 19.0 15.0 16.0 15.0 14.0 14.0 13.0 13.0 13.0 26.0 22.0 19.0 17.0 16.0 14.0 15.0 14.0 13.0 13.0 14.0 13.0 31.0 25.0 22.0 20.0 17.0 17.0 15.0 15.0 14.0 13.0 13.0 13.0 51.0 26.0 22.0 19.0 20.0 16.0 14.0 14.0 13.0 13.0 13.0 12.0 20.0 18.0 17.0 15.0 16.0 14.0 13.0 14.0 13.0 13.0 13.0 13.0 46.0 31.0 27.0 24.0 18.0 17.0 16.0 15.0 159.0 14.0 14.0 13.0 48.0 13.0 13.0 12.0 20.0 18.0 16.0 16.0 31.0 13.0 13.0 14.0 26.0 13.0 13.0 14.0 20.0 18.0 17.0 16.0 13.0 13.0 14.0 13.0 39.0 14.0 13.0 12.0 26.0 21.0 18.0 17.0 15.0 14.0 14.0 14.0 13.0 13.0 13.0 13.0 24.0 21.0 18.0 23.0 15.0 15.0 14.0 14.0 13.0 13.0 13.0 13.0 77.0 24.0 21.0 18.0 16.0 16.0 15.0 15.0 13.0 44.0 13.0 17.0 21.0 19.0 17.0 16.0 47.0 31.0 15.0 14.0 13.0 13.0 13.0 13.0 34.0 30.0 28.0 26.0 20.0 19.0 17.0 15.0 14.0 13.0 13.0 13.0 13.0 13.0 13.0 12.0 27.0 23.0 20.0 26.0 38.0 15.0 15.0 15.0 13.0 14.0 25.0 15.0 32.0 27.0 22.0 20.0 16.0 16.0 16.0 15.0 14.0 13.0 13.0 13.0 31.0 26.0 22.0 21.0 18.0 17.0 16.0 15.0 13.0 13.0 13.0 13.0 28.0 22.0 20.0 31.0 16.0 16.0 15.0 14.0 14.0 14.0 14.0 12.0 22.0 19.0 17.0 16.0 14.0 14.0 49.0 14.0 48.0 13.0 13.0 13.0 22.0 20.0 18.0 16.0 43.0 14.0 14.0 13.0 13.0 14.0 13.0 13.0 57.0 21.0 18.0 17.0 15.0 15.0 15.0 13.0 13.0 14.0 13.0 13.0 23.0 20.0 17.0 16.0 14.0 15.0 14.0 13.0 13.0 13.0 12.0 13.0 22.0 20.0 17.0 16.0 14.0 14.0 14.0 14.0 13.0 14.0 13.0 13.0 22.0 19.0 17.0 25.0 14.0 14.0 14.0 15.0 13.0 13.0 13.0 13.0 32.0 29.0 27.0 24.0 19.0 17.0 16.0 59.0 14.0 14.0 13.0 13.0 13.0 13.0 13.0 13.0 31.0 27.0 23.0 20.0 17.0 17.0 15.0 15.0 13.0 13.0 13.0 14.0 31.0 30.0 28.0 61.0 20.0 18.0 17.0 15.0 14.0 13.0 14.0 14.0 13.0 13.0 13.0 13.0 25.0 19.0 17.0 15.0 14.0 13.0 14.0 14.0 13.0 13.0 13.0 14.0 32.0 31.0 29.0 27.0 20.0 18.0 17.0 16.0 13.0 49.0 14.0 13.0 13.0 55.0 13.0 14.0 22.0 19.0 17.0 16.0 38.0 56.0 14.0 14.0 13.0 13.0 12.0 13.0 56.0 19.0 18.0 16.0 14.0 15.0 14.0 14.0 19.0 13.0 13.0 13.0 69.0 19.0 17.0 16.0 14.0 13.0 14.0 13.0 13.0 13.0 13.0 13.0 33.0 29.0 25.0 23.0 18.0 18.0 16.0 15.0 13.0 13.0 13.0 13.0 13.0 14.0 14.0 17.0 26.0 21.0 18.0 18.0 15.0 15.0 15.0 14.0 13.0 14.0 13.0 13.0 32.0 30.0 28.0 25.0 19.0 18.0 17.0 16.0 25.0 14.0 14.0 14.0 43.0 14.0 14.0 13.0 69.0 43.0 24.0 20.0 17.0 17.0 15.0 15.0 13.0 13.0 13.0 13.0 23.0 20.0 18.0 17.0 15.0 14.0 14.0 14.0 14.0 13.0 13.0 13.0 32.0 26.0 22.0 20.0 18.0 17.0 15.0 15.0 14.0 14.0 13.0 13.0 22.0 19.0 17.0 16.0 15.0 14.0 14.0 14.0 14.0 23.0 13.0 13.0 22.0 20.0 18.0 17.0 14.0 20.0 13.0 14.0 13.0 14.0 13.0 13.0 38.0 20.0 19.0 17.0 15.0 15.0 14.0 14.0 14.0 46.0 13.0 13.0 23.0 21.0 18.0 16.0 13.0 52.0 14.0 14.0 14.0 13.0 13.0 13.0 64.0 24.0 17.0 16.0 14.0 14.0 14.0 13.0 13.0 14.0 13.0 13.0 21.0 19.0 17.0 16.0 14.0 14.0 13.0 13.0 13.0 13.0 13.0 13.0 23.0 19.0 22.0 16.0 14.0 14.0 14.0 13.0 13.0 13.0 13.0 13.0 24.0 21.0 18.0 16.0 15.0 19.0 16.0 14.0 15.0 14.0 13.0 14.0 21.0 18.0 17.0 16.0 70.0 14.0 13.0 14.0 13.0 13.0 13.0 13.0 57.0 28.0 24.0 21.0 18.0 17.0 16.0 15.0 13.0 13.0 13.0 13.0 23.0 19.0 17.0 16.0 32.0 14.0 14.0 13.0 21.0 13.0 13.0 13.0 62.0 21.0 18.0 16.0 14.0 15.0 14.0 13.0 13.0 13.0 13.0 13.0 21.0 18.0 16.0 15.0 14.0 13.0 13.0 13.0 13.0 12.0 13.0 13.0 24.0 20.0 18.0 17.0 14.0 15.0 14.0 13.0 49.0 13.0 13.0 13.0 28.0 24.0 20.0 18.0 56.0 16.0 54.0 14.0 29.0 13.0 12.0 12.0 31.0 26.0 22.0 19.0 16.0 16.0 15.0 14.0 13.0 54.0 13.0 13.0 23.0 20.0 18.0 16.0 46.0 15.0 13.0 15.0 14.0 13.0 13.0 13.0 56.0 20.0 18.0 25.0 15.0 15.0 14.0 14.0 13.0 13.0 12.0 13.0 31.0 27.0 23.0 21.0 18.0 16.0 16.0 15.0 14.0 13.0 13.0 13.0 74.0 13.0 13.0 13.0
49 50 1 TRACE 46.0 44.0 78.0 29.0 63.0 28.0 167.0 28.0 55.0 62.0 83.0 72.0 59.0 42.0 56.0 34.0 56.0 43.0 52.0 28.0 233.0 30.0 80.0 28.0 35.0 125.0 66.0 190.0 86.0 92.0 30.0 62.0 50.0 71.0 48.0 137.0 265.0 60.0 1713.0 144.0 40.0 141.0 127.0 29.0 108.0 30.0 42.0 316.0 282.0 39.0 276.0 69.0 115.0 30.0 92.0 336.0 245.0 43.0 26.0 28.0 142.0 100.0 52.0 360.0 67.0 67.0 34.0 88.0 27.0 41.0 146.0 117.0 118.0 89.0 47.0 148.0 51.0 29.0 50.0 36.0 42.0 37.0 54.0 28.0 38.0 41.0 109.0 285.0 378.0 87.0 87.0 62.0 37.0 192.0 113.0 97.0 235.0 66.0 64.0 47.0 33.0 227.0 94.0 32.0 147.0 69.0 115.0 336.0 31.0 257.0 336.0 232.0 40.0 27.0 86.0 28.0 106.0 57.0 207.0 117.0 67.0 192.0 202.0 95.0 351.0 46.0 57.0 103.0 52.0 28.0 89.0 142.0 49.0 354.0 94.0 45.0 997.0 525.0 135.0 60.0 1008.0 52.0 33.0 29.0 28.0 26.0 47.0 79.0 76.0 36.0 103.0 37.0 103.0 31.0 113.0 226.0 72.0 66.0 30.0 36.0 40.0 285.0 52.0 53.0 28.0 197.0 58.0 39.0 76.0 72.0 70.0 99.0 126.0 183.0 37.0 52.0 108.0 42.0 57.0 98.0 378.0 56.0 42.0 46.0 54.0 189.0 30.0 41.0 53.0 76.0 26.0 109.0 136.0 90.0 29.0 43.0 34.0 68.0 786.0 64.0 652.0
50 25 1 TRACE 28.0 21.0 20.0 20.0 23.0 21.0 46.0 37.0 21.0 28.0 20.0 48.0 65.0 38.0 20.0 21.0 20.0 60.0 20.0 21.0 20.0 21.0 20.0 21.0 21.0 20.0 43.0 23.0 25.0 58.0 20.0 21.0 20.0 31.0 19.0 22.0 21.0 28.0 20.0 21.0 26.0 25.0 21.0 20.0 61.0 25.0 68.0 21.0 21.0 20.0 20.0 21.0 27.0 21.0 21.0 20.0 19.0 20.0 22.0 21.0 45.0 21.0
50 41 1 TRACE 9.0 9.0 9.0 8.0 9.0 9.0 9.0 9.0 9.0 9.0 9.0 8.0 9.0 26.0 9.0 9.0 9.0 9.0 9.0 9.0 9.0 9.0 8.0 9.0 9.0 9.0 8.0 9.0 12.0 9.0 9.0 9.0 8.0 9.0 9.0 8.0 9.0 8.0 8.0 9.0 9.0 9.0 9.0 9.0 9.0 9.0 9.0 9.0 9.0 8.0 9.0 12.0 9.0 9.0 8.0 9.0 9.0 8.0 9.0 9.0 10.0 8.0 12.0 9.0 9.0 9.0 9.0 8.0 8.0 9.0 8.0 8.0 9.0 9.0 9.0 9.0 9.0 9.0 9.0 9.0 9.0 9.0 9.0 9.0 9.0 8.0 8.0 9.0 9.0 9.0 10.0 9.0 9.0 9.0 9.0 9.0 9.0 9.0 9.0 9.0 9.0 9.0 9.0 9.0 9.0 9.0 9.0 9.0 12.0 9.0 9.0 8.0 8.0 8.0 8.0 8.0 9.0 9.0 9.0 9.0 9.0 9.0 9.0 8.0 9.0 9.0 9.0 8.0 8.0 9.0 9.0 12.0 9.0 8.0 9.0 9.0 9.0
50 51 1 TRACE 28.0 69.0
51 52 1 TRACE 156.0 85.0 76.0 77.0 162.0 78.0 185.0 73.0 178.0 74.0 73.0 76.0 91.0 77.0 74.0 76.0 72.0 108.0 71.0 78.0 76.0 149.0 73.0 131.0 87.0 90.0 93.0 93.0 93.0 171.0 181.0 147.0 78.0 80.0 145.0 75.0 75.0 77.0 73.0 77.0 86.0 76.0 76.0 75.0 366.0 97.0 74.0 73.0 76.0 74.0 75.0 78.0 76.0 76.0 76.0 77.0 74.0 74.0 74.0 75.0 74.0 74.0 73.0 93.0
52 53 1 TRACE 111.0 35.0 30.0 24.0 95.0 47.0 22.0 28.0 28.0 46.0 22.0 102.0 42.0 22.0 21.0 56.0 22.0 46.0 26.0 21.0 21.0 23.0 64.0 43.0 33.0 32.0 32.0 105.0 25.0 125.0 55.0 45.0 21.0 40.0 79.0 22.0 22.0 21.0 21.0 56.0 22.0 21.0 21.0 52.0 140.0 56.0 71.0 51.0 22.0 22.0 22.0 35.0 46.0 21.0 21.0 22.0 21.0 22.0 45.0 21.0 22.0 21.0 47.0 56.0
53 54 1 TRACE 148.0 22.0 15.0 15.0 44.0 20.0 150.0 15.0 19.0 20.0 37.0 66.0 26.0 19.0 15.0 18.0 15.0 34.0 15.0 15.0 22.0 21.0 23.0 22.0 26.0 17.0 16.0 15.0 15.0 51.0 59.0 41.0 18.0 16.0 26.0 15.0 15.0 15.0 16.0 17.0 19.0 19.0 18.0 68.0 76.0 19.0 15.0 14.0 15.0 15.0 15.0 18.0 19.0 31.0 15.0 15.0 15.0 15.0 14.0 469.0 15.0 14.0 14.0 45.0
54 55 1 TRACE 44.0 21.0 21.0 21.0 32.0 20.0 32.0 20.0 21.0 20.0 21.0 21.0 21.0 21.0 20.0 20.0 20.0 20.0 21.0 20.0 21.0 21.0 21.0 22.0 21.0 20.0 21.0 24.0 21.0 22.0 33.0 21.0 26.0 20.0 21.0 20.0 20.0 20.0 20.0 20.0 21.0 21.0 19.0 20.0 19.0 20.0 21.0 20.0 20.0 21.0 21.0 21.0 21.0 21.0 21.0 20.0 26.0 21.0 20.0 22.0 21.0 20.0 20.0 20.0
55 56 1 TRACE 11.0 7.0 8.0 8.0 8.0 8.0 20.0 8.0 8.0 8.0 8.0 8.0 8.0 8.0 7.0 8.0 8.0 8.0 8.0 8.0 8.0 8.0 8.0 8.0 8.0 8.0 8.0 8.0 8.0 19.0 8.0 8.0 8.0 8.0 8.0 8.0 8.0 8.0 8.0 7.0 9.0 8.0 7.0 8.0 7.0 7.0 7.0 8.0 8.0 8.0 8.0 8.0 8.0 11.0 8.0 8.0 8.0 8.0 8.0 7.0 7.0 8.0 8.0 8.0
56 57 1 TRACE 11.0 8.0 8.0 7.0 7.0 8.0 7.0 7.0 7.0 7.0 7.0 8.0 8.0 8.0 8.0 7.0 7.0 7.0 8.0 8.0 8.0 11.0 8.0 8.0 8.0 7.0 8.0 7.0 8.0 19.0 7.0 7.0 7.0 8.0 8.0 7.0 7.0 7.0 7.0 8.0 7.0 7.0 8.0 7.0 7.0 8.0 8.0 8.0 8.0 8.0 7.0 8.0 8.0 8.0 8.0 7.0 7.0 8.0 7.0 7.0 8.0 7.0 8.0 7.0
57 58 1 TRACE 23.0 7.0 7.0 8.0 19.0 11.0 7.0 8.0 8.0 8.0 8.0 8.0 7.0 7.0 7.0 8.0 8.0 8.0 7.0 7.0 7.0 8.0 7.0 7.0 7.0 7.0 8.0 8.0 7.0 19.0 8.0 8.0 7.0 7.0 7.0 8.0 8.0 8.0 7.0 7.0 19.0 7.0 7.0 7.0 7.0 7.0 7.0 8.0 7.0 7.0 8.0 8.0 7.0 7.0 7.0 8.0 8.0 7.0 7.0 7.0 8.0 8.0 7.0 8.0
58 59 1 TRACE 16.0 8.0 8.0 8.0 22.0 9.0 8.0 8.0 8.0 8.0 8.0 8.0 8.0 8.0 8.0 8.0 9.0 9.0 9.0 9.0 8.0 9.0 8.0 9.0 8.0 9.0 8.0 8.0 8.0 9.0 23.0 8.0 8.0 9.0 8.0 8.0 8.0 8.0 8.0 8.0 8.0 8.0 8.0 8.0 8.0 8.0 9.0 8.0 8.0 8.0 8.0 8.0 9.0 9.0 9.0 8.0 8.0 8.0 9.0 7.0 9.0 8.0 8.0 8.0
59 60 1 TRACE 8.0 8.0 8.0 7.0 19.0 7.0 20.0 8.0 7.0 7.0 7.0 7.0 8.0 8.0 8.0 8.0 7.0 7.0 8.0 7.0 8.0 7.0 8.0 8.0 8.0 8.0 7.0 7.0 8.0 7.0 18.0 7.0 8.0 7.0 8.0 8.0 7.0 7.0 8.0 7.0 7.0 7.0 7.0 7.0 7.0 8.0 7.0 11.0 8.0 8.0 7.0 8.0 7.0 7.0 8.0 8.0 8.0 8.0 8.0 19.0 7.0 7.0 8.0 8.0
60 61 1 TRACE 7.0 7.0 8.0 8.0 8.0 8.0 7.0 8.0 8.0 8.0 10.0 8.0 7.0 7.0 7.0 11.0 8.0 7.0 7.0 7.0 7.0 7.0 7.0 7.0 7.0 7.0 8.0 8.0 7.0 7.0 7.0 8.0 7.0 8.0 7.0 7.0 8.0 8.0 8.0 7.0 19.0 7.0 7.0 7.0 20.0 8.0 7.0 8.0 7.0 8.0 8.0 7.0 8.0 7.0 7.0 7.0 7.0 7.0 7.0 7.0 8.0 7.0 7.0 7.0
61 62 1 TRACE 20.0 7.0 7.0 7.0 7.0 7.0 7.0 7.0 8.0 7.0 8.0 7.0 8.0 8.0 8.0 8.0 8.0 8.0 7.0 8.0 7.0 8.0 8.0 8.0 8.0 7.0 7.0 8.0 7.0 7.0 7.0 8.0 7.0 8.0 7.0 7.0 7.0 7.0 7.0 7.0 8.0 7.0 7.0 7.0 7.0 7.0 7.0 7.0 7.0 7.0 8.0 8.0 8.0 7.0 8.0 7.0 7.0 7.0 8.0 7.0 8.0 8.0 8.0 7.0
62 1 1 TRACE 25.0 23.0 23.0 22.0 34.0 27.0 23.0 22.0 22.0 22.0 27.0 23.0 23.0 23.0 23.0 26.0 23.0 22.0 23.0 23.0 23.0 27.0 22.0 65.0 49.0 22.0 23.0 24.0 23.0 35.0 32.0 22.0 24.0 22.0 23.0 23.0 30.0 22.0 22.0 24.0 23.0 30.0 22.0 22.0 23.0 22.0 23.0 28.0 23.0 23.0 22.0 22.0 23.0 27.0 22.0 23.0 25.0 23.0 23.0 24.0 22.0 23.0 23.0
