0 1 CONSTANT 8.0
1 1 CONSTANT 8.0
2 1 CONSTANT 0.0
3 1 CONSTANT 8.0
4 1 CONSTANT 8.0
5 1 CONSTANT 8.0
6 1 CONSTANT 8.0
7 1 CONSTANT 8.0
8 1 CONSTANT 8.0
9 1 CONSTANT 0.0
10 1 CONSTANT 0.0
11 1 CONSTANT 0.0
12 1 CONSTANT 0.0
13 1 CONSTANT 8.0
14 1 CONSTANT 4.0
15 1 CONSTANT 4.0
16 1 CONSTANT 0.0
17 1 CONSTANT 0.0
18 1 CONSTANT 0.0
19 1 CONSTANT 0.0
20 1 CONSTANT 4.0
21 1 CONSTANT 8.0
22 1 CONSTANT 8.0
23 1 CONSTANT 8.0
24 1 CONSTANT 8.0
25 1 CONSTANT 4.0
26 1 CONSTANT 4.0
27 1 CONSTANT 8.0
28 1 TRACE 0.0 12.0 56.0 0.0 0.0 4.0 4.0 0.0 0.0 60.0 0.0 0.0 0.0 0.0 4.0 0.0 4.0 0.0 0.0 4.0 0.0 0.0 4.0 40.0 0.0 0.0 44.0 20.0 0.0 0.0 176.0 12.0 0.0 0.0 128.0 0.0 0.0 4.0 160.0 0.0 0.0 0.0 64.0 12.0 0.0 8.0 108.0 0.0 0.0 0.0 140.0 0.0 0.0 0.0 4.0 36.0 0.0 0.0 0.0 8.0 0.0 0.0 72.0 0.0 0.0 0.0 76.0 8.0 0.0 0.0 0.0 0.0 0.0 240.0 0.0 0.0 12.0 56.0 0.0 0.0 4.0 64.0 0.0 0.0 0.0 128.0 0.0 0.0 0.0 84.0 0.0 0.0 0.0 220.0 0.0 0.0 0.0 248.0 0.0 0.0 0.0 124.0 0.0 0.0 0.0 0.0 116.0 0.0 0.0 4.0 0.0 0.0 0.0 20.0 28.0 0.0 4.0 32.0 8.0 0.0 8.0 52.0 0.0 0.0 0.0 212.0 0.0 0.0 60.0 8.0 0.0 0.0 172.0 0.0 4.0 0.0 220.0 0.0 0.0 0.0 0.0 0.0 0.0 12.0 56.0 0.0 0.0 0.0 4.0 0.0 0.0 0.0 0.0 0.0 224.0 0.0 0.0 0.0 4.0 0.0 4.0 208.0 0.0 0.0 8.0 56.0 0.0 0.0 0.0 140.0 0.0 0.0 0.0 4.0 0.0 0.0 0.0 0.0 4.0 48.0 0.0 0.0 0.0 0.0 0.0 4.0 0.0 0.0 4.0 0.0 4.0 4.0 0.0 0.0 172.0 0.0 0.0 0.0 112.0 8.0 0.0 0.0 140.0 0.0 0.0 0.0 204.0 0.0 0.0 0.0 188.0 0.0 0.0 0.0 0.0 0.0 0.0 128.0 0.0 0.0 0.0 276.0 0.0 0.0 28.0 28.0 0.0 0.0 0.0 0.0 0.0 0.0 212.0 0.0 0.0 0.0 112.0 12.0
29 1 CONSTANT 4.0
30 1 TRACE 0.0 12.0 56.0 0.0 0.0 4.0 4.0 0.0 0.0 60.0 0.0 0.0 0.0 0.0 4.0 0.0 4.0 0.0 0.0 4.0 0.0 0.0 4.0 40.0 0.0 0.0 44.0 20.0 0.0 0.0 176.0 12.0 0.0 0.0 128.0 0.0 0.0 4.0 160.0 0.0 0.0 0.0 64.0 12.0 0.0 8.0 108.0 0.0 0.0 0.0 140.0 0.0 0.0 0.0 4.0 36.0 0.0 0.0 0.0 8.0 0.0 0.0 72.0 0.0 0.0 0.0 76.0 8.0 0.0 0.0 0.0 0.0 0.0 240.0 0.0 0.0 12.0 56.0 0.0 0.0 4.0 64.0 0.0 0.0 0.0 128.0 0.0 0.0 0.0 84.0 0.0 0.0 0.0 220.0 0.0 0.0 0.0 248.0 0.0 0.0 0.0 124.0 0.0 0.0 0.0 0.0 116.0 0.0 0.0 4.0 0.0 0.0 0.0 20.0 28.0 0.0 4.0 32.0 8.0 0.0 8.0 52.0 0.0 0.0 0.0 212.0 0.0 0.0 60.0 8.0 0.0 0.0 172.0 0.0 4.0 0.0 220.0 0.0 0.0 0.0 0.0 0.0 0.0 12.0 56.0 0.0 0.0 0.0 4.0 0.0 0.0 0.0 0.0 0.0 224.0 0.0 0.0 0.0 4.0 0.0 4.0 208.0 0.0 0.0 8.0 56.0 0.0 0.0 0.0 140.0 0.0 0.0 0.0 4.0 0.0 0.0 0.0 0.0 4.0 48.0 0.0 0.0 0.0 0.0 0.0 4.0 0.0 0.0 4.0 0.0 4.0 4.0 0.0 0.0 172.0 0.0 0.0 0.0 112.0 8.0 0.0 0.0 140.0 0.0 0.0 0.0 204.0 0.0 0.0 0.0 188.0 0.0 0.0 0.0 0.0 0.0 0.0 128.0 0.0 0.0 0.0 276.0 0.0 0.0 28.0 28.0 0.0 0.0 0.0 0.0 0.0 0.0 212.0 0.0 0.0 0.0 112.0 12.0
31 1 CONSTANT 8.0
32 1 CONSTANT 8.0
33 1 CONSTANT 4.0
34 1 CONSTANT 0.0
35 1 CONSTANT 0.0
36 1 CONSTANT 8.0
37 1 CONSTANT 8.0
38 1 CONSTANT 8.0
39 1 TRACE 8.0 0.0 8.0 0.0 8.0 0.0 0.0 8.0 0.0 8.0 0.0 8.0 0.0 0.0 8.0 0.0 0.0 8.0 0.0 0.0 8.0 8.0 0.0 8.0 0.0 8.0 0.0 0.0 8.0 8.0 0.0 0.0 8.0 0.0 8.0 0.0 8.0 0.0 8.0 0.0 8.0 8.0 0.0 0.0 8.0 0.0 8.0 0.0 8.0 0.0 8.0 0.0 8.0 8.0 0.0 8.0 0.0 8.0 0.0 0.0 8.0 0.0 8.0 0.0 8.0 8.0 0.0 0.0 8.0 0.0 0.0 8.0 0.0 8.0 0.0 8.0 0.0 8.0 0.0 8.0 0.0 8.0 0.0 8.0 0.0 8.0 0.0 8.0 0.0 8.0 0.0 8.0 0.0 8.0 0.0 8.0 0.0 8.0 0.0 8.0 0.0 8.0 0.0 8.0 8.0 0.0 8.0 0.0 8.0 0.0 0.0 8.0 8.0 0.0 8.0 0.0 8.0 0.0 0.0 8.0 0.0 8.0 0.0 8.0 0.0 8.0 0.0 8.0 0.0 0.0 8.0 0.0 8.0 0.0 8.0 0.0 8.0 0.0 8.0 0.0 0.0 8.0 8.0 0.0 8.0 0.0 8.0 0.0 0.0 8.0 0.0 0.0 8.0 0.0 8.0 0.0 8.0 0.0 0.0 8.0 0.0 8.0 0.0 8.0 0.0 8.0 0.0 8.0 0.0 8.0 0.0 8.0 0.0 0.0 8.0 0.0 0.0 8.0 0.0 0.0 8.0 0.0 0.0 8.0 0.0 0.0 8.0 0.0 0.0 8.0 0.0 0.0 8.0 0.0 8.0 0.0 8.0 8.0 0.0 0.0 8.0 0.0 8.0 0.0 8.0 0.0 8.0 0.0 8.0 0.0 8.0 0.0 8.0 0.0 0.0 8.0 0.0 8.0 0.0 8.0 0.0 8.0 0.0 8.0 0.0 8.0 0.0 8.0 0.0 0.0 8.0 0.0 8.0 0.0 8.0 8.0 0.0 0.0
40 1 CONSTANT 8.0
41 1 CONSTANT 8.0
42 1 CONSTANT 8.0
43 1 CONSTANT 6120.0
44 1 CONSTANT 6112.0
45 1 CONSTANT 8.0
46 1 CONSTANT 6120.0
47 1 CONSTANT 4.0
48 1 TRACE 327728.0 111072.0 72288.0 52160.0 42640.0 34080.0 27840.0 6752.0 6608.0 5920.0 6656.0 6256.0 6160.0 5184.0 48.0 64.0 16.0 32.0 16.0 0.0 16.0 228336.0 91456.0 65104.0 50288.0 40048.0 33008.0 28480.0 74736.0 52208.0 40000.0 34112.0 29472.0 24544.0 20544.0 192.0 384.0 288.0 352.0 224.0 368.0 240.0 0.0 0.0 0.0 0.0 16.0 0.0 0.0 339360.0 112160.0 72688.0 53232.0 44176.0 34240.0 28720.0 11712.0 10096.0 9296.0 9856.0 8656.0 8720.0 7504.0 32.0 96.0 32.0 64.0 48.0 16.0 48.0 261840.0 95664.0 66320.0 49024.0 41280.0 33664.0 27776.0 53888.0 40992.0 32640.0 29056.0 25472.0 21856.0 18720.0 144.0 256.0 144.0 288.0 224.0 208.0 160.0 0.0 16.0 0.0 0.0 0.0 0.0 0.0 167184.0 75392.0 56240.0 43552.0 36448.0 30960.0 26032.0 122672.0 73344.0 52240.0 42064.0 34944.0 28128.0 23648.0 480.0 640.0 416.0 736.0 416.0 624.0 464.0 0.0 0.0 0.0 0.0 16.0 0.0 0.0 159312.0 67904.0 49584.0 39392.0 35072.0 29472.0 25760.0 131568.0 76048.0 53840.0 43120.0 35824.0 29104.0 23840.0 320.0 816.0 640.0 832.0 528.0 624.0 464.0 0.0 16.0 16.0 0.0 16.0 0.0 0.0 313904.0 110176.0 71440.0 52672.0 43040.0 34096.0 27440.0 4992.0 4832.0 4528.0 4960.0 4304.0 4112.0 4032.0 32.0 32.0 32.0 16.0 16.0 0.0 16.0 287216.0 108048.0 69952.0 51552.0 42160.0 33552.0 27408.0 2976.0 3056.0 2976.0 3280.0 3296.0 3056.0 2720.0 0.0 32.0 16.0 16.0 16.0 0.0 0.0 157808.0 83408.0 57360.0 44480.0 36736.0 29472.0 24672.0 720.0 928.0 768.0 976.0 672.0 944.0 704.0 0.0 0.0 16.0 0.0 16.0 0.0 0.0 327008.0 106720.0 71184.0 52432.0 43408.0 34512.0 29152.0 21008.0 18464.0 15984.0 16144.0 14480.0 13424.0 11520.0 80.0 192.0 64.0 96.0 96.0 64.0 48.0 305232.0 104656.0 70624.0 52208.0 42944.0 33920.0 28800.0 30832.0 25856.0 21888.0 20592.0 19104.0 16576.0 14576.0 64.0 160.0 96.0 144.0 96.0 80.0 96.0 219392.0 98128.0 65984.0 49616.0 40880.0 32416.0 26560.0 1344.0 1664.0 1408.0 1904.0 1440.0 1712.0 1408.0 0.0 16.0 16.0 0.0 16.0 0.0 0.0 334352.0 108864.0 72416.0 52928.0 42880.0 34560.0 28832.0 14784.0 13072.0 12080.0 12320.0 10928.0 10416.0 9136.0 80.0 128.0 32.0 80.0 32.0 64.0 16.0 318688.0 107728.0 71504.0 51808.0 43440.0 35344.0 28960.0 25072.0 21056.0 18480.0 18096.0 16544.0 14688.0 12912.0 80.0 208.0 64.0 144.0 48.0 96.0 48.0 328448.0 111408.0 71552.0 52784.0 42768.0 34256.0 27888.0 6928.0 6688.0 6240.0 6400.0 6224.0 5504.0 5168.0 16.0 48.0 32.0 32.0 16.0 0.0 32.0 156336.0 71712.0 53728.0 41184.0 35840.0 29488.0 27072.0 136976.0 77312.0 54672.0 42976.0 36048.0 29600.0 24112.0 512.0 768.0 560.0 976.0 608.0 688.0 608.0 0.0 16.0 0.0 0.0 0.0 0.0 0.0 338256.0 110496.0 72592.0 53424.0 43760.0 34640.0 28192.0 10096.0 9584.0 8416.0 8816.0 8400.0 8080.0 6976.0 48.0 96.0 32.0 32.0 32.0 0.0 0.0 208736.0 96064.0 63728.0 48912.0 40144.0 32192.0 25904.0 1296.0 1520.0 1376.0 1520.0 1200.0 1344.0 1344.0 0.0 32.0 16.0 0.0 16.0 0.0 0.0 243920.0 94656.0 67472.0 51104.0 42144.0 35632.0 29664.0 66528.0 46976.0 37456.0 32384.0 27968.0 22928.0 20064.0 144.0 304.0 144.0 352.0 160.0 336.0 192.0 0.0 16.0 0.0 0.0 0.0 0.0 0.0 284032.0 100160.0 67568.0 51200.0 42032.0 35360.0 29456.0 41056.0 32576.0 26736.0 25136.0 22016.0 18912.0 16272.0 112.0 256.0 80.0 160.0 144.0 144.0 160.0 329536.0 108016.0 70704.0 51040.0 41600.0 34032.0 27648.0 7120.0 6800.0 6560.0 7312.0 6720.0 6064.0 5296.0 32.0 64.0 32.0 16.0 16.0 16.0 16.0 333680.0 110832.0 71696.0 52240.0 42896.0 34784.0 28064.0 8400.0 7952.0 7184.0 7600.0 7232.0 6560.0 6304.0 48.0 48.0 32.0 48.0 16.0 0.0 0.0 329888.0 108896.0 71760.0 53296.0 43776.0 35504.0 28544.0 19008.0 17008.0 14720.0 14960.0 13696.0 12416.0 11264.0 64.0 112.0 48.0 112.0 64.0 32.0 32.0 337392.0 110544.0 71376.0 52928.0 43552.0 34256.0 28592.0 12928.0 11888.0 10640.0 11120.0 10144.0 9664.0 8496.0 48.0 128.0 48.0 64.0 64.0 32.0 48.0 283504.0 98512.0 67760.0 50720.0 42496.0 34096.0 27920.0 41184.0 33184.0 27984.0 25440.0 21856.0 19136.0 16256.0 112.0 192.0 96.0 192.0 144.0 160.0 112.0 290912.0 102272.0 69728.0 52176.0 43248.0 35632.0 29536.0 38480.0 31344.0 25664.0 24272.0 21328.0 18496.0 15936.0 80.0 208.0 96.0 208.0 128.0 112.0 96.0 328896.0 108608.0 72192.0 53440.0 43232.0 36208.0 29360.0 19856.0 17488.0 15472.0 15104.0 13920.0 12256.0 10944.0 48.0 128.0 48.0 80.0 64.0 96.0 48.0 327280.0 108000.0 72608.0 52960.0 43760.0 34480.0 29088.0 20512.0 17552.0 15696.0 15808.0 14176.0 13168.0 11152.0 64.0 176.0 32.0 80.0 32.0 64.0 64.0 159264.0 73504.0 53312.0 43024.0 36816.0 30208.0 25712.0 134208.0 77008.0 54912.0 43568.0 35744.0 28848.0 24176.0 528.0 752.0 752.0 784.0 560.0 672.0 560.0 0.0 0.0 0.0 0.0 16.0 0.0 0.0 289344.0 107648.0 69968.0 51648.0 42048.0 33424.0 27120.0 3408.0 3312.0 2960.0 3584.0 3024.0 3072.0 3136.0 0.0 32.0 32.0 16.0 16.0 0.0 0.0 265792.0 104336.0 68784.0 51232.0 42032.0 33296.0 26896.0 2432.0 2496.0 2272.0 2704.0 2512.0 2352.0 2256.0 0.0 32.0 16.0 0.0 16.0 0.0 0.0 323760.0 109760.0 70704.0 52256.0 42752.0 33696.0 27264.0 5776.0 5840.0 5888.0 6000.0 5392.0 5264.0 4976.0 32.0 32.0 32.0 16.0 16.0 0.0 32.0 289376.0 102576.0 69584.0 52640.0 44368.0 35440.0 29872.0 38912.0 31632.0 25760.0 24192.0 20976.0 18272.0 16128.0 112.0 176.0 96.0 160.0 128.0 112.0 160.0 208224.0 95504.0 62672.0 48032.0 39584.0 31856.0 25888.0 1248.0 1456.0 1152.0 1744.0 1472.0 1456.0 1264.0 0.0 16.0 32.0 16.0 16.0 0.0 0.0 309040.0 106224.0 71440.0 53664.0 43424.0 36304.0 29248.0 29792.0 25072.0 21024.0 20480.0 17920.0 15936.0 13904.0 80.0 208.0 80.0 80.0 144.0 128.0 96.0 282160.0 99840.0 68416.0 51040.0 42752.0 34784.0 28528.0 41792.0 33504.0 27488.0 25824.0 21824.0 19552.0 16960.0 80.0 224.0 112.0 176.0 144.0 208.0 96.0 252592.0 95376.0 66576.0 49616.0 41568.0 35392.0 29184.0 57888.0 43808.0 34128.0 30512.0 26320.0 21840.0 18768.0 176.0 304.0 128.0 272.0 208.0 256.0 176.0 0.0 0.0 0.0 0.0 0.0 0.0 0.0 326208.0 110944.0 71472.0 52880.0 43072.0 34464.0 28160.0 6320.0 6144.0 5328.0 5968.0 5648.0 5632.0 4736.0 16.0 32.0 32.0 0.0 16.0 0.0 0.0 165056.0 73152.0 55760.0 41008.0 36208.0 30624.0 27888.0 131888.0 77104.0 53632.0 43296.0 35552.0 29040.0 24192.0 496.0 688.0 576.0 720.0 560.0 752.0 496.0 0.0 0.0 0.0 0.0 16.0 0.0 0.0 265648.0 98192.0 68128.0 51008.0 44032.0 35152.0 29680.0 52560.0 39360.0 31808.0 29040.0 24832.0 21392.0 18576.0 144.0 304.0 160.0 208.0 176.0 224.0 176.0 0.0 0.0 0.0 0.0 16.0 0.0 0.0 291568.0 103936.0 71040.0 52384.0 43840.0 35952.0 29184.0 38704.0 30448.0 25008.0 24528.0 20800.0 18128.0 15904.0 80.0 208.0 96.0 160.0 112.0 176.0 128.0 180848.0 78128.0 61056.0 45600.0 39008.0 32400.0 28336.0 115856.0 71248.0 50672.0 41200.0 33904.0 28048.0 23120.0 496.0 544.0 464.0 704.0 528.0 496.0 352.0 0.0 16.0 0.0 0.0 16.0 0.0 0.0 287920.0 101200.0 68896.0 51136.0 42032.0 34352.0 28512.0 38400.0 31296.0 25936.0 24416.0 21376.0 18400.0 16368.0 96.0 160.0 80.0 160.0 96.0 144.0 112.0 339152.0 111488.0 71712.0 52736.0 43424.0 35040.0 28592.0 9696.0 9040.0 8352.0 8704.0 7584.0 7632.0 6816.0 32.0 96.0 32.0 48.0 32.0 16.0 48.0 314800.0 105552.0 70528.0 52448.0 43264.0 35936.0 28624.0 27120.0 22656.0 19440.0 19344.0 17168.0 14912.0 13552.0 112.0 192.0 64.0 128.0 80.0 144.0 64.0 164736.0 73424.0 56256.0 42368.0 37920.0 31328.0 27360.0 131552.0 76272.0 53520.0 42240.0 35504.0 28800.0 24080.0 464.0 736.0 576.0 992.0 592.0 720.0 528.0 0.0 0.0 0.0 0.0 16.0 0.0 0.0 264384.0 94160.0 66416.0 50512.0 42496.0 35200.0 28880.0 51792.0 39808.0 31536.0 28576.0 24944.0 21264.0 18064.0 112.0 256.0 96.0 288.0 176.0 208.0 208.0 0.0 0.0 0.0 0.0 0.0 0.0 0.0 314704.0 109056.0 70608.0 51424.0 41952.0 33968.0 27424.0 5088.0 4992.0 4416.0 5472.0 4864.0 4720.0 4176.0 16.0 48.0 16.0 16.0 16.0 0.0 16.0 237184.0 96208.0 65744.0 50864.0 42336.0 34704.0 29520.0 70752.0 50304.0 38128.0 33280.0 28384.0 23776.0 20160.0 144.0 352.0 272.0 320.0 224.0 320.0 272.0 0.0 0.0 0.0 0.0 16.0 0.0 0.0 224464.0 87104.0 63680.0 48512.0 41936.0 34448.0 28336.0 77376.0 53136.0 40464.0 34992.0 29520.0 24288.0 21120.0 144.0 400.0 240.0 464.0 256.0 384.0 272.0 0.0 0.0 0.0 0.0 0.0 0.0 0.0 248208.0 90912.0 64304.0 48736.0 40816.0 33536.0 27904.0 60656.0 44432.0 35584.0 31216.0 26960.0 22608.0 19280.0 144.0 304.0 192.0 352.0 224.0 320.0 128.0 0.0 0.0 0.0 0.0 0.0 0.0 0.0 234064.0 92624.0 66032.0 52080.0 41200.0 35376.0 29968.0 74144.0 50496.0 39344.0 33456.0 28800.0 24096.0 20176.0 160.0 416.0 240.0 368.0 256.0 256.0 256.0 0.0 0.0 0.0 0.0 16.0 0.0 0.0 314576.0 106224.0 72256.0 52656.0 42640.0 35200.0 29024.0 26960.0 22912.0 19712.0 18960.0 17552.0 15632.0 13328.0 80.0 176.0 64.0 112.0 112.0 64.0 96.0 208256.0 96688.0 64352.0 49248.0 40272.0 32128.0 25952.0 1200.0 1456.0 1280.0 1536.0 1344.0 1456.0 1360.0 0.0 16.0 16.0 16.0 16.0 0.0 0.0 316752.0 106944.0 70016.0 54080.0 42992.0 35808.0 29504.0 25488.0 21840.0 19392.0 18256.0 16992.0 14848.0 13312.0 64.0 160.0 64.0 112.0 96.0 112.0 96.0 304448.0 105760.0 70464.0 53024.0 44624.0 35856.0 28800.0 30912.0 26464.0 22368.0 21408.0 18768.0 16288.0 14576.0 112.0 176.0 64.0 112.0 112.0 144.0 32.0 294720.0 103200.0 69840.0 52480.0 43328.0 35792.0 29216.0 35936.0 29376.0 24480.0 23056.0 20240.0 17472.0 15600.0 80.0 208.0 96.0 112.0 96.0 192.0 128.0 225552.0 90112.0 64736.0 47664.0 42256.0 34048.0 29520.0 77456.0 54496.0 40960.0 35008.0 29680.0 24464.0 20448.0 160.0 400.0 208.0 400.0 288.0 352.0 288.0 0.0 0.0 0.0 0.0 0.0 0.0 0.0 335984.0 110432.0 73232.0 53744.0 43312.0 35840.0 28864.0 15248.0 13472.0 11744.0 12432.0 11392.0 10000.0 9840.0 64.0 144.0 48.0 32.0 48.0 16.0 48.0 270976.0 96528.0 66544.0 51280.0 42512.0 34816.0 28944.0 48256.0 37392.0 30432.0 27200.0 23648.0 20368.0 17872.0 144.0 240.0 112.0 208.0 224.0 192.0 96.0 291920.0 108496.0 70064.0 52000.0 42560.0 33872.0 27456.0 3584.0 3600.0 3344.0 3552.0 3344.0 3296.0 3120.0 0.0 16.0 16.0 16.0 16.0 0.0 0.0 239136.0 90144.0 63824.0 49744.0 42144.0 33680.0 28656.0 68256.0 49920.0 38048.0 32864.0 27936.0 23584.0 20064.0 176.0 336.0 128.0 384.0 240.0 288.0 224.0 0.0 0.0 0.0 0.0 16.0 0.0 0.0 289696.0 100736.0 70368.0 52464.0 43440.0 35232.0 29200.0 39504.0 31344.0 26432.0 24016.0 21440.0 18752.0 15920.0 96.0 192.0 96.0 160.0 112.0 112.0 96.0 202752.0 94992.0 63776.0 49552.0 40608.0 32128.0 26496.0 1152.0 1296.0 1184.0 1424.0 1392.0 1312.0 1136.0 0.0 16.0 32.0 0.0 16.0 0.0 0.0
49 1 TRACE 6120.0 6120.0 6120.0 6128.0 6120.0 6120.0 8.0 6120.0 6120.0 6120.0 6128.0 6120.0 6120.0 8.0 6120.0 6120.0 6120.0 6128.0 6120.0 6120.0 8.0 6120.0 6120.0 6120.0 6128.0 6120.0 6120.0 8.0 6120.0 6120.0 6120.0 6128.0 6120.0 6120.0 8.0 6120.0 6120.0 6120.0 6128.0 6120.0 6120.0 8.0 6120.0 6120.0 6120.0 6128.0 6120.0 6120.0 8.0 6120.0 6120.0 6120.0 6128.0 6120.0 6120.0 8.0 6120.0 6120.0 6120.0 6128.0 6120.0 6120.0 8.0 6120.0 6120.0 6120.0 6128.0 6120.0 6120.0 8.0 6120.0 6120.0 6120.0 6128.0 6120.0 6120.0 8.0 6120.0 6120.0 6120.0 6128.0 6120.0 6120.0 8.0 6120.0 6120.0 6120.0 6128.0 6120.0 6120.0 8.0 6120.0 6120.0 6120.0 6128.0 6120.0 6120.0 8.0 6120.0 6120.0 6120.0 6128.0 6120.0 6120.0 8.0 6120.0 6120.0 6120.0 6128.0 6120.0 6120.0 8.0 6120.0 6120.0 6120.0 6128.0 6120.0 6120.0 8.0 6120.0 6120.0 6120.0 6128.0 6120.0 6120.0 8.0 6120.0 6120.0 6120.0 6128.0 6120.0 6120.0 8.0 6120.0 6120.0 6120.0 6128.0 6120.0 6120.0 8.0 6120.0 6120.0 6120.0 6128.0 6120.0 6120.0 8.0 6120.0 6120.0 6120.0 6128.0 6120.0 6120.0 8.0 6120.0 6120.0 6120.0 6128.0 6120.0 6120.0 8.0 6120.0 6120.0 6120.0 6128.0 6120.0 6120.0 8.0 6120.0 6120.0 6120.0 6128.0 6120.0 6120.0 8.0 6120.0 6120.0 6120.0 6128.0 6120.0 6120.0 8.0 6120.0 6120.0 6120.0 6128.0 6120.0 6120.0 8.0 6120.0 6120.0 6120.0 6128.0 6120.0 6120.0 8.0 6120.0 6120.0 6120.0 6128.0 6120.0 6120.0 8.0 6120.0 6120.0 6120.0 6128.0 6120.0 6120.0 8.0 6120.0 6120.0 6120.0 6128.0 6120.0 6120.0 8.0 6120.0 6120.0 6120.0 6128.0 6120.0 6120.0 8.0 6120.0 6120.0 6120.0 6128.0 6120.0 6120.0 8.0 6120.0 6120.0 6120.0 6128.0 6120.0 6120.0 8.0 6120.0 6120.0 6120.0 6128.0 6120.0 6120.0 8.0 6120.0 6120.0 6120.0 6128.0 6120.0 6120.0 8.0 6120.0 6120.0 6120.0 6128.0 6120.0 6120.0 8.0 6120.0 6120.0 6120.0 6128.0 6120.0 6120.0 8.0 6120.0 6120.0 6120.0 6128.0 6120.0 6120.0 8.0 6120.0 6120.0 6120.0 6128.0 6120.0 6120.0 8.0 6120.0 6120.0 6120.0 6128.0 6120.0 6120.0 8.0 6120.0 6120.0 6120.0 6128.0 6120.0 6120.0 8.0 6120.0 6120.0 6120.0 6128.0 6120.0 6120.0 8.0 6120.0 6120.0 6120.0 6128.0 6120.0 6120.0 8.0 6120.0 6120.0 6120.0 6128.0 6120.0 6120.0 8.0 6120.0 6120.0 6120.0 6128.0 6120.0 6120.0 8.0 6120.0 6120.0 6120.0 6128.0 6120.0 6120.0 8.0 6120.0 6120.0 6120.0 6128.0 6120.0 6120.0 8.0 6120.0 6120.0 6120.0 6128.0 6120.0 6120.0 8.0 6120.0 6120.0 6120.0 6128.0 6120.0 6120.0 8.0 6120.0 6120.0 6120.0 6128.0 6120.0 6120.0 8.0 6120.0 6120.0 6120.0 6128.0 6120.0 6120.0 8.0 6120.0 6120.0 6120.0 6128.0 6120.0 6120.0 8.0 6120.0 6120.0 6120.0 6128.0 6120.0 6120.0 8.0 6120.0 6120.0 6120.0 6128.0 6120.0 6120.0 8.0 6120.0 6120.0 6120.0 6128.0 6120.0 6120.0 8.0 6120.0 6120.0 6120.0 6128.0 6120.0 6120.0 8.0 6120.0 6120.0 6120.0 6128.0 6120.0 6120.0 8.0 6120.0 6120.0 6120.0 6128.0 6120.0 6120.0 8.0 6120.0 6120.0 6120.0 6128.0 6120.0 6120.0 8.0 6120.0 6120.0 6120.0 6128.0 6120.0 6120.0 8.0 6120.0 6120.0 6120.0 6128.0 6120.0 6120.0 8.0 6120.0 6120.0 6120.0 6128.0 6120.0 6120.0 8.0 6120.0 6120.0 6120.0 6128.0 6120.0 6120.0 8.0 6120.0 6120.0 6120.0 6128.0 6120.0 6120.0 8.0 6120.0 6120.0 6120.0 6128.0 6120.0 6120.0 8.0 6120.0 6120.0 6120.0 6128.0 6120.0 6120.0 8.0 6120.0 6120.0 6120.0 6128.0 6120.0 6120.0 8.0 6120.0 6120.0 6120.0 6128.0 6120.0 6120.0 8.0 6120.0 6120.0 6120.0 6128.0 6120.0 6120.0 8.0 6120.0 6120.0 6120.0 6128.0 6120.0 6120.0 8.0 6120.0 6120.0 6120.0 6128.0 6120.0 6120.0 8.0 6120.0 6120.0 6120.0 6128.0 6120.0 6120.0 8.0 6120.0 6120.0 6120.0 6128.0 6120.0 6120.0 8.0 6120.0 6120.0 6120.0 6128.0 6120.0 6120.0 8.0 6120.0 6120.0 6120.0 6128.0 6120.0 6120.0 8.0 6120.0 6120.0 6120.0 6128.0 6120.0 6120.0 8.0 6120.0 6120.0 6120.0 6128.0 6120.0 6120.0 8.0 6120.0 6120.0 6120.0 6128.0 6120.0 6120.0 8.0 6120.0 6120.0 6120.0 6128.0 6120.0 6120.0 8.0 6120.0 6120.0 6120.0 6128.0 6120.0 6120.0 8.0 6120.0 6120.0 6120.0 6128.0 6120.0 6120.0 8.0 6120.0 6120.0 6120.0 6128.0 6120.0 6120.0 8.0 6120.0 6120.0 6120.0 6128.0 6120.0 6120.0 8.0 6120.0 6120.0 6120.0 6128.0 6120.0 6120.0 8.0 6120.0 6120.0 6120.0 6128.0 6120.0 6120.0 8.0 6120.0 6120.0 6120.0 6128.0 6120.0 6120.0 8.0 6120.0 6120.0 6120.0 6128.0 6120.0 6120.0 8.0 6120.0 6120.0 6120.0 6128.0 6120.0 6120.0 8.0 6120.0 6120.0 6120.0 6128.0 6120.0 6120.0 8.0 6120.0 6120.0 6120.0 6128.0 6120.0 6120.0 8.0 6120.0 6120.0 6120.0 6128.0 6120.0 6120.0 8.0 6120.0 6120.0 6120.0 6128.0 6120.0 6120.0 8.0 6120.0 6120.0 6120.0 6128.0 6120.0 6120.0 8.0 6120.0 6120.0 6120.0 6128.0 6120.0 6120.0 8.0 6120.0 6120.0 6120.0 6128.0 6120.0 6120.0 8.0 6120.0 6120.0 6120.0 6128.0 6120.0 6120.0 8.0 6120.0 6120.0 6120.0 6128.0 6120.0 6120.0 8.0 6120.0 6120.0 6120.0 6128.0 6120.0 6120.0 8.0 6120.0 6120.0 6120.0 6128.0 6120.0 6120.0 8.0 6120.0 6120.0 6120.0 6128.0 6120.0 6120.0 8.0 6120.0 6120.0 6120.0 6128.0 6120.0 6120.0 8.0 6120.0 6120.0 6120.0 6128.0 6120.0 6120.0 8.0 6120.0 6120.0 6120.0 6128.0 6120.0 6120.0 8.0 6120.0 6120.0 6120.0 6128.0 6120.0 6120.0 8.0 6120.0 6120.0 6120.0 6128.0 6120.0 6120.0 8.0 6120.0 6120.0 6120.0 6128.0 6120.0 6120.0 8.0 6120.0 6120.0 6120.0 6128.0 6120.0 6120.0 8.0 6120.0 6120.0 6120.0 6128.0 6120.0 6120.0 8.0 6120.0 6120.0 6120.0 6128.0 6120.0 6120.0 8.0 6120.0 6120.0 6120.0 6128.0 6120.0 6120.0 8.0 6120.0 6120.0 6120.0 6128.0 6120.0 6120.0 8.0 6120.0 6120.0 6120.0 6128.0 6120.0 6120.0 8.0 6120.0 6120.0 6120.0 6128.0 6120.0 6120.0 8.0 6120.0 6120.0 6120.0 6128.0 6120.0 6120.0 8.0 6120.0 6120.0 6120.0 6128.0 6120.0 6120.0 8.0 6120.0 6120.0 6120.0 6128.0 6120.0 6120.0 8.0 6120.0 6120.0 6120.0 6128.0 6120.0 6120.0 8.0 6120.0 6120.0 6120.0 6128.0 6120.0 6120.0 8.0 6120.0 6120.0 6120.0 6128.0 6120.0 6120.0 8.0 6120.0 6120.0 6120.0 6128.0 6120.0 6120.0 8.0 6120.0 6120.0 6120.0 6128.0 6120.0 6120.0 8.0 6120.0 6120.0 6120.0 6128.0 6120.0 6120.0 8.0 6120.0 6120.0 6120.0 6128.0 6120.0 6120.0 8.0 6120.0 6120.0 6120.0 6128.0 6120.0 6120.0 8.0 6120.0 6120.0 6120.0 6128.0 6120.0 6120.0 8.0 6120.0 6120.0 6120.0 6128.0 6120.0 6120.0 8.0 6120.0 6120.0 6120.0 6128.0 6120.0 6120.0 8.0 6120.0 6120.0 6120.0 6128.0 6120.0 6120.0 8.0 6120.0 6120.0 6120.0 6128.0 6120.0 6120.0 8.0 6120.0 6120.0 6120.0 6128.0 6120.0 6120.0 8.0 6120.0 6120.0 6120.0 6128.0 6120.0 6120.0 8.0 6120.0 6120.0 6120.0 6128.0 6120.0 6120.0 8.0 6120.0 6120.0 6120.0 6128.0 6120.0 6120.0 8.0 6120.0 6120.0 6120.0 6128.0 6120.0 6120.0 8.0 6120.0 6120.0 6120.0 6128.0 6120.0 6120.0 8.0 6120.0 6120.0 6120.0 6128.0 6120.0 6120.0 8.0 6120.0 6120.0 6120.0 6128.0 6120.0 6120.0 8.0 6120.0 6120.0 6120.0 6128.0 6120.0 6120.0 8.0 6120.0 6120.0 6120.0 6128.0 6120.0 6120.0 8.0 6120.0 6120.0 6120.0 6128.0 6120.0 6120.0 8.0 6120.0 6120.0 6120.0 6128.0 6120.0 6120.0 8.0 6120.0 6120.0 6120.0 6128.0 6120.0 6120.0 8.0 6120.0 6120.0 6120.0 6128.0 6120.0 6120.0 8.0 6120.0 6120.0 6120.0 6128.0 6120.0 6120.0 8.0 6120.0 6120.0 6120.0 6128.0 6120.0 6120.0 8.0 6120.0 6120.0 6120.0 6128.0 6120.0 6120.0 8.0 6120.0 6120.0 6120.0 6128.0 6120.0 6120.0 8.0 6120.0 6120.0 6120.0 6128.0 6120.0 6120.0 8.0 6120.0 6120.0 6120.0 6128.0 6120.0 6120.0 8.0 6120.0 6120.0 6120.0 6128.0 6120.0 6120.0 8.0 6120.0 6120.0 6120.0 6128.0 6120.0 6120.0 8.0 6120.0 6120.0 6120.0 6128.0 6120.0 6120.0 8.0 6120.0 6120.0 6120.0 6128.0 6120.0 6120.0 8.0 6120.0 6120.0 6120.0 6128.0 6120.0 6120.0 8.0 6120.0 6120.0 6120.0 6128.0 6120.0 6120.0 8.0 6120.0 6120.0 6120.0 6128.0 6120.0 6120.0 8.0 6120.0 6120.0 6120.0 6128.0 6120.0 6120.0 8.0 6120.0 6120.0 6120.0 6128.0 6120.0 6120.0 8.0 6120.0 6120.0 6120.0 6128.0 6120.0 6120.0 8.0 6120.0 6120.0 6120.0 6128.0 6120.0 6120.0 8.0 6120.0 6120.0 6120.0 6128.0 6120.0 6120.0 8.0 6120.0 6120.0 6120.0 6128.0 6120.0 6120.0 8.0 6120.0 6120.0 6120.0 6128.0 6120.0 6120.0 8.0 6120.0 6120.0 6120.0 6128.0 6120.0 6120.0 8.0 6120.0 6120.0 6120.0 6128.0 6120.0 6120.0 8.0 6120.0 6120.0 6120.0 6128.0 6120.0 6120.0 8.0 6120.0 6120.0 6120.0 6128.0 6120.0 6120.0 8.0 6120.0 6120.0 6120.0 6128.0 6120.0 6120.0 8.0 6120.0 6120.0 6120.0 6128.0 6120.0 6120.0 8.0 6120.0 6120.0 6120.0 6128.0 6120.0 6120.0 8.0 6120.0 6120.0 6120.0 6128.0 6120.0 6120.0 8.0 6120.0 6120.0 6120.0 6128.0 6120.0 6120.0 8.0 6120.0 6120.0 6120.0 6128.0 6120.0 6120.0 8.0 6120.0 6120.0 6120.0 6128.0 6120.0 6120.0 8.0 6120.0 6120.0 6120.0 6128.0 6120.0 6120.0 8.0 6120.0 6120.0 6120.0 6128.0 6120.0 6120.0 8.0 6120.0 6120.0 6120.0 6128.0 6120.0 6120.0 8.0 6120.0 6120.0 6120.0 6128.0 6120.0 6120.0 8.0 6120.0 6120.0 6120.0 6128.0 6120.0 6120.0 8.0 6120.0 6120.0 6120.0 6128.0 6120.0 6120.0 8.0 6120.0 6120.0 6120.0 6128.0 6120.0 6120.0 8.0 6120.0 6120.0 6120.0 6128.0 6120.0 6120.0 8.0 6120.0 6120.0 6120.0 6128.0 6120.0 6120.0 8.0 6120.0 6120.0 6120.0 6128.0 6120.0 6120.0 8.0 6120.0 6120.0 6120.0 6128.0 6120.0 6120.0 8.0 6120.0 6120.0 6120.0 6128.0 6120.0 6120.0 8.0 6120.0 6120.0 6120.0 6128.0 6120.0 6120.0 8.0 6120.0 6120.0 6120.0 6128.0 6120.0 6120.0 8.0 6120.0 6120.0 6120.0 6128.0 6120.0 6120.0 8.0 6120.0 6120.0 6120.0 6128.0 6120.0 6120.0 8.0 6120.0 6120.0 6120.0 6128.0 6120.0 6120.0 8.0 6120.0 6120.0 6120.0 6128.0 6120.0 6120.0 8.0 6120.0 6120.0 6120.0 6128.0 6120.0 6120.0 8.0 6120.0 6120.0 6120.0 6128.0 6120.0 6120.0 8.0 6120.0 6120.0 6120.0 6128.0 6120.0 6120.0 8.0 6120.0 6120.0 6120.0 6128.0 6120.0 6120.0 8.0 6120.0 6120.0 6120.0 6128.0 6120.0 6120.0 8.0 6120.0 6120.0 6120.0 6128.0 6120.0 6120.0 8.0 6120.0 6120.0 6120.0 6128.0 6120.0 6120.0 8.0 6120.0 6120.0 6120.0 6128.0 6120.0 6120.0 8.0 6120.0 6120.0 6120.0 6128.0 6120.0 6120.0 8.0 6120.0 6120.0 6120.0 6128.0 6120.0 6120.0 8.0 6120.0 6120.0 6120.0 6128.0 6120.0 6120.0 8.0 6120.0 6120.0 6120.0 6128.0 6120.0 6120.0 8.0 6120.0 6120.0 6120.0 6128.0 6120.0 6120.0 8.0 6120.0 6120.0 6120.0 6128.0 6120.0 6120.0 8.0 6120.0 6120.0 6120.0 6128.0 6120.0 6120.0 8.0 6120.0 6120.0 6120.0 6128.0 6120.0 6120.0 8.0 6120.0 6120.0 6120.0 6128.0 6120.0 6120.0 8.0 6120.0 6120.0 6120.0 6128.0 6120.0 6120.0 8.0
50 1 CONSTANT 8.0
51 1 CONSTANT 8.0
52 1 CONSTANT 8.0
53 1 CONSTANT 8.0
54 1 CONSTANT 0.0
55 1 CONSTANT 0.0
56 1 CONSTANT 0.0
57 1 CONSTANT 0.0
58 1 CONSTANT 0.0
59 1 CONSTANT 0.0
60 1 CONSTANT 0.0
61 1 CONSTANT 0.0
62 1 CONSTANT 8.0
