0 1 1 TRACE 1672856680604381.0
1 2 1 TRACE 11739.0 58.0 69.0 69.0 69.0 72.0 68.0 69.0 69.0 69.0 69.0 71.0 69.0 69.0 69.0 68.0 68.0 69.0 69.0 69.0 92.0 67.0 74.0 67.0 66.0 67.0 68.0 68.0 67.0 67.0 67.0 68.0 67.0 59.0 74.0 67.0 85.0 67.0 67.0 68.0 68.0 67.0 67.0 67.0 67.0 57.0 67.0 68.0 68.0 68.0 67.0 69.0 97.0 56.0 67.0 90.0 67.0 69.0 67.0 68.0 92.0 67.0 68.0 67.0
2 3 1 TRACE 634.0 30.0 38.0 37.0 30.0 34.0 151.0 29.0 29.0 28.0 29.0 135.0 28.0 28.0 30.0 41.0 50.0 29.0 29.0 33.0 110.0 46.0 34.0 99.0 86.0 61.0 30.0 29.0 48.0 145.0 57.0 28.0 84.0 29.0 29.0 30.0 69.0 28.0 28.0 57.0 29.0 37.0 28.0 38.0 29.0 28.0 34.0 30.0 39.0 29.0 29.0 34.0 58.0 28.0 56.0 29.0 37.0 29.0 409.0 30.0 63.0 28.0 78.0 31.0
3 4 1 TRACE 44.0 24.0 47.0 24.0 47.0 25.0 59.0 30.0 27.0 58.0 61.0 33.0 24.0 24.0 60.0 59.0 40.0 58.0 28.0 59.0 61.0 61.0 46.0 62.0 49.0 25.0 55.0 60.0 24.0 54.0 63.0 67.0 55.0 23.0 24.0 56.0 49.0 59.0 41.0 30.0 56.0 50.0 24.0 25.0 24.0 37.0 46.0 28.0 54.0 42.0 22.0 63.0 67.0 55.0 61.0 27.0 40.0 23.0 56.0 36.0 56.0 102.0 55.0 58.0
4 5 1 TRACE 24.0 15.0 16.0 16.0 17.0 17.0 15.0 16.0 17.0 15.0 15.0 24.0 17.0 17.0 16.0 16.0 15.0 16.0 15.0 15.0 40.0 54.0 16.0 16.0 16.0 48.0 16.0 15.0 51.0 54.0 27.0 26.0 16.0 24.0 16.0 54.0 16.0 16.0 15.0 16.0 16.0 15.0 17.0 15.0 15.0 16.0 17.0 16.0 53.0 18.0 17.0 17.0 16.0 16.0 26.0 16.0 16.0 17.0 16.0 16.0 15.0 26.0 16.0 17.0
5 6 1 TRACE 44.0 15.0 181.0 146.0 162.0 172.0 19.0 17.0 17.0 33.0 58.0 27.0 18.0 17.0 29.0 27.0 16.0 26.0 116.0 126.0 49.0 20.0 13.0 13.0 11.0 11.0 47.0 51.0 37.0 12.0 47.0 17.0 11.0 24.0 13.0 13.0 11.0 63.0 36.0 15.0 12.0 20.0 17.0 16.0 17.0 17.0 17.0 18.0 11.0 17.0 18.0 27.0 15.0 17.0 45.0 16.0 16.0 16.0 20.0 84.0 11.0 19.0 12.0 49.0
6 7 1 TRACE 23.0 183.0 9.0 143.0 124.0 13.0 134.0 19.0 26.0 258.0 174.0 158.0 146.0 161.0 126.0 143.0 12.0 13.0 53.0 38.0 108.0 15.0 8.0 8.0 48.0 8.0 8.0 12.0 28.0 9.0 8.0 14.0 11.0 9.0 26.0 17.0 8.0 25.0 38.0 8.0 12.0 15.0 24.0 21.0 23.0 14.0 8.0 23.0 8.0 8.0 13.0 13.0 12.0 12.0 8.0 8.0 9.0 14.0 17.0 14.0 8.0 21.0 8.0 17.0
7 8 1 TRACE 22.0 17.0 9.0 15.0 15.0 11.0 15.0 9.0 9.0 54.0 15.0 16.0 17.0 16.0 17.0 16.0 12.0 23.0 17.0 16.0 23.0 14.0 8.0 14.0 18.0 8.0 12.0 12.0 12.0 8.0 17.0 12.0 8.0 9.0 8.0 9.0 44.0 12.0 40.0 11.0 64.0 26.0 9.0 8.0 8.0 20.0 9.0 12.0 9.0 8.0 9.0 23.0 11.0 12.0 15.0 11.0 13.0 12.0 17.0 9.0 8.0 10.0 8.0 8.0
8 9 1 TRACE 21.0 17.0 12.0 13.0 14.0 11.0 37.0 20.0 22.0 78.0 15.0 17.0 15.0 15.0 20.0 19.0 12.0 11.0 17.0 53.0 22.0 14.0 14.0 28.0 14.0 9.0 8.0 20.0 13.0 14.0 17.0 11.0 17.0 8.0 12.0 14.0 19.0 12.0 15.0 8.0 62.0 14.0 10.0 14.0 13.0 8.0 8.0 23.0 8.0 7.0 12.0 11.0 11.0 12.0 17.0 8.0 8.0 12.0 12.0 13.0 10.0 17.0 8.0 59.0
9 10 1 TRACE 52.0 194.0 49.0 36.0 30.0 29.0 62.0 45.0 29.0 174.0 44.0 64.0 32.0 36.0 69.0 107.0 32.0 50.0 31.0 35.0 85.0 28.0 71.0 63.0 31.0 72.0 29.0 38.0 34.0 105.0 100.0 77.0 73.0 28.0 32.0 67.0 57.0 90.0 30.0 69.0 133.0 66.0 30.0 80.0 55.0 77.0 62.0 49.0 79.0 68.0 28.0 50.0 55.0 53.0 58.0 61.0 94.0 68.0 493.0 56.0 53.0 69.0 58.0 70.0
10 11 1 TRACE 23.0 24.0 20.0 20.0 26.0 22.0 19.0 18.0 19.0 19.0 22.0 20.0 18.0 18.0 21.0 21.0 20.0 20.0 18.0 19.0 33.0 20.0 18.0 21.0 18.0 20.0 19.0 19.0 19.0 18.0 19.0 19.0 19.0 18.0 22.0 18.0 19.0 19.0 18.0 20.0 17.0 20.0 20.0 18.0 18.0 21.0 20.0 19.0 19.0 19.0 19.0 18.0 18.0 21.0 19.0 18.0 19.0 20.0 21.0 19.0 21.0 19.0 19.0 18.0
11 12 1 TRACE 43.0 36.0 25.0 22.0 17.0 24.0 20.0 20.0 21.0 20.0 18.0 57.0 21.0 20.0 25.0 19.0 19.0 80.0 22.0 22.0 32.0 22.0 19.0 17.0 53.0 17.0 18.0 20.0 18.0 19.0 27.0 19.0 19.0 20.0 17.0 19.0 21.0 55.0 21.0 233.0 20.0 18.0 20.0 20.0 21.0 18.0 19.0 21.0 25.0 19.0 20.0 25.0 18.0 17.0 22.0 22.0 18.0 17.0 31.0 19.0 23.0 18.0 58.0 19.0
12 13 1 TRACE 23.0 18.0 33.0 18.0 22.0 26.0 24.0 19.0 18.0 19.0 18.0 45.0 25.0 18.0 30.0 30.0 28.0 18.0 18.0 22.0 37.0 16.0 51.0 19.0 16.0 18.0 21.0 41.0 20.0 31.0 18.0 18.0 27.0 24.0 27.0 19.0 17.0 51.0 18.0 317.0 56.0 19.0 27.0 19.0 19.0 20.0 19.0 16.0 17.0 19.0 18.0 20.0 18.0 20.0 16.0 19.0 19.0 19.0 18.0 20.0 19.0 26.0 50.0 55.0
13 14 1 TRACE 21.0 8.0 8.0 9.0 9.0 9.0 8.0 9.0 8.0 9.0 9.0 8.0 9.0 9.0 8.0 8.0 8.0 9.0 9.0 9.0 9.0 8.0 9.0 8.0 9.0 9.0 8.0 9.0 9.0 9.0 8.0 9.0 8.0 8.0 9.0 9.0 8.0 8.0 9.0 9.0 8.0 9.0 9.0 9.0 8.0 10.0 9.0 9.0 10.0 8.0 8.0 8.0 9.0 9.0 9.0 8.0 8.0 9.0 9.0 8.0 8.0 9.0 9.0 9.0
14 15 1 TRACE 28.0 16.0 16.0 15.0 15.0 16.0 16.0 16.0 15.0 15.0 16.0 16.0 16.0 16.0 16.0 16.0 15.0 15.0 17.0 16.0 17.0 36.0 15.0 15.0 15.0 15.0 16.0 15.0 15.0 16.0 20.0 16.0 16.0 16.0 30.0 16.0 16.0 15.0 16.0 15.0 16.0 39.0 16.0 16.0 15.0 15.0 16.0 15.0 15.0 15.0 15.0 15.0 15.0 15.0 22.0 16.0 16.0 15.0 15.0 15.0 16.0 15.0 15.0 15.0
15 16 1 TRACE 13.0 7.0 8.0 8.0 8.0 8.0 8.0 8.0 8.0 8.0 8.0 8.0 8.0 8.0 7.0 8.0 8.0 8.0 8.0 8.0 20.0 9.0 8.0 8.0 8.0 8.0 8.0 8.0 8.0 8.0 8.0 8.0 7.0 8.0 8.0 7.0 8.0 8.0 8.0 8.0 8.0 8.0 11.0 8.0 8.0 8.0 7.0 8.0 8.0 8.0 8.0 8.0 8.0 8.0 8.0 8.0 8.0 8.0 8.0 8.0 8.0 8.0 8.0 8.0
16 17 1 TRACE 56.0 48.0 123.0 64.0 74.0 54.0 61.0 175.0 49.0 52.0 46.0 48.0 67.0 74.0 46.0 55.0 49.0 75.0 46.0 77.0 161.0 44.0 98.0 52.0 71.0 84.0 49.0 54.0 49.0 53.0 57.0 48.0 47.0 86.0 48.0 54.0 56.0 63.0 46.0 172.0 73.0 51.0 42.0 46.0 80.0 431.0 86.0 48.0 49.0 47.0 117.0 85.0 79.0 50.0 101.0 59.0 47.0 90.0 228.0 76.0 47.0 47.0 181.0 50.0
17 18 1 TRACE 25.0 20.0 19.0 23.0 19.0 21.0 19.0 19.0 18.0 19.0 21.0 19.0 19.0 20.0 54.0 19.0 20.0 20.0 20.0 19.0 34.0 19.0 19.0 19.0 19.0 19.0 19.0 23.0 20.0 19.0 19.0 18.0 21.0 21.0 19.0 19.0 19.0 19.0 19.0 20.0 19.0 19.0 18.0 19.0 20.0 21.0 17.0 25.0 20.0 19.0 21.0 18.0 21.0 18.0 19.0 19.0 18.0 20.0 21.0 21.0 31.0 19.0 26.0 19.0
18 19 1 TRACE 32.0 23.0 18.0 20.0 21.0 18.0 20.0 51.0 20.0 21.0 21.0 56.0 19.0 18.0 18.0 51.0 18.0 31.0 17.0 18.0 71.0 18.0 17.0 18.0 18.0 17.0 55.0 21.0 18.0 18.0 19.0 49.0 17.0 18.0 18.0 18.0 18.0 17.0 18.0 506.0 45.0 18.0 26.0 25.0 46.0 18.0 56.0 17.0 20.0 20.0 58.0 18.0 17.0 24.0 74.0 17.0 23.0 17.0 277.0 24.0 17.0 17.0 21.0 18.0
19 20 1 TRACE 21.0 18.0 18.0 18.0 17.0 19.0 21.0 53.0 30.0 19.0 21.0 46.0 19.0 24.0 20.0 22.0 19.0 19.0 18.0 19.0 102.0 20.0 21.0 19.0 19.0 20.0 20.0 27.0 26.0 19.0 18.0 24.0 51.0 129.0 17.0 18.0 20.0 19.0 18.0 342.0 23.0 21.0 19.0 17.0 24.0 20.0 41.0 17.0 30.0 34.0 22.0 24.0 20.0 19.0 38.0 54.0 19.0 51.0 299.0 44.0 55.0 19.0 29.0 17.0
20 21 1 TRACE 23.0 18.0 18.0 17.0 17.0 17.0 18.0 17.0 17.0 18.0 17.0 17.0 18.0 18.0 18.0 18.0 17.0 17.0 18.0 18.0 20.0 18.0 17.0 18.0 18.0 17.0 18.0 17.0 17.0 17.0 17.0 17.0 18.0 19.0 17.0 17.0 18.0 18.0 17.0 18.0 18.0 18.0 18.0 18.0 21.0 17.0 18.0 17.0 18.0 17.0 18.0 17.0 17.0 17.0 17.0 18.0 17.0 18.0 18.0 18.0 18.0 17.0 22.0 17.0
21 22 1 TRACE 29.0 13.0 13.0 13.0 13.0 13.0 13.0 13.0 13.0 13.0 13.0 13.0 13.0 13.0 13.0 13.0 13.0 13.0 13.0 13.0 16.0 13.0 13.0 20.0 12.0 13.0 12.0 12.0 13.0 13.0 13.0 12.0 13.0 13.0 13.0 13.0 13.0 13.0 13.0 13.0 13.0 13.0 14.0 13.0 13.0 13.0 13.0 13.0 13.0 13.0 13.0 12.0 13.0 13.0 12.0 13.0 13.0 13.0 13.0 13.0 13.0 13.0 14.0 13.0
22 23 1 TRACE 266.0 200.0 204.0 203.0 205.0 203.0 207.0 259.0 639.0 205.0 202.0 228.0 204.0 204.0 213.0 201.0 245.0 240.0 202.0 216.0 209.0 212.0 202.0 187.0 235.0 203.0 201.0 204.0 207.0 203.0 207.0 205.0 200.0 267.0 202.0 234.0 200.0 233.0 202.0 200.0 190.0 204.0 387.0 208.0 201.0 202.0 234.0 202.0 209.0 200.0 217.0 206.0 203.0 207.0 202.0 209.0 198.0 210.0 683.0 206.0 202.0 201.0 198.0 205.0
23 24 1 TRACE 53.0 107.0 34.0 28.0 28.0 28.0 30.0 38.0 103.0 30.0 66.0 32.0 67.0 31.0 27.0 78.0 64.0 61.0 65.0 64.0 47.0 26.0 63.0 63.0 26.0 64.0 65.0 30.0 65.0 68.0 28.0 28.0 28.0 65.0 28.0 65.0 27.0 28.0 27.0 27.0 62.0 26.0 279.0 28.0 33.0 71.0 28.0 28.0 64.0 51.0 64.0 70.0 39.0 63.0 33.0 64.0 35.0 60.0 28.0 66.0 67.0 83.0 28.0 67.0
24 25 1 TRACE 53.0 26.0 29.0 25.0 23.0 23.0 23.0 24.0 50.0 23.0 60.0 23.0 21.0 23.0 60.0 27.0 26.0 24.0 69.0 24.0 54.0 24.0 23.0 24.0 24.0 25.0 64.0 24.0 24.0 26.0 31.0 25.0 23.0 27.0 26.0 23.0 23.0 26.0 24.0 23.0 59.0 24.0 22.0 21.0 24.0 68.0 26.0 23.0 24.0 28.0 23.0 22.0 24.0 65.0 22.0 25.0 29.0 25.0 22.0 25.0 24.0 62.0 28.0 26.0
25 26 1 TRACE 35.0 13.0 12.0 12.0 13.0 12.0 12.0 12.0 12.0 13.0 13.0 11.0 12.0 12.0 12.0 12.0 12.0 12.0 13.0 12.0 13.0 13.0 12.0 12.0 12.0 12.0 12.0 12.0 12.0 12.0 12.0 13.0 12.0 12.0 12.0 12.0 12.0 12.0 12.0 12.0 12.0 12.0 14.0 12.0 12.0 13.0 12.0 12.0 12.0 12.0 12.0 12.0 12.0 12.0 12.0 12.0 12.0 12.0 12.0 12.0 12.0 13.0 11.0 13.0 12.0 12.0 12.0 12.0 12.0 12.0 12.0 13.0 13.0 12.0 12.0 12.0 12.0 15.0 13.0 12.0 15.0 12.0 12.0 12.0 12.0 12.0 12.0 11.0 12.0 13.0 12.0 12.0 12.0 12.0 12.0 12.0 12.0 12.0 12.0 12.0 12.0 12.0 12.0 12.0 12.0 12.0 13.0 12.0 14.0 12.0 12.0 12.0 12.0 12.0 12.0 12.0 13.0 12.0 12.0 12.0 12.0 12.0 15.0 12.0 12.0 12.0 13.0 12.0 12.0 12.0 12.0 12.0 13.0 12.0 14.0 12.0 12.0 12.0 13.0 12.0 12.0 12.0 12.0 12.0 12.0 12.0 12.0 12.0 12.0 12.0 12.0 13.0 12.0 12.0 13.0 11.0 12.0 12.0 11.0 12.0 12.0 12.0 12.0 12.0 12.0 15.0 12.0 12.0 12.0 12.0 13.0 12.0 12.0 12.0 12.0 12.0 12.0 12.0 12.0 12.0 12.0 12.0 12.0 12.0 12.0 12.0 12.0 12.0 12.0 13.0 12.0 13.0 13.0 12.0 13.0 12.0 13.0 12.0 12.0 12.0 12.0 13.0 12.0 12.0 12.0 12.0 12.0 12.0 12.0 12.0 12.0 12.0 12.0 12.0 12.0 12.0 12.0 12.0 13.0 12.0 12.0 12.0 12.0 13.0 12.0 12.0 12.0 12.0 13.0 12.0 11.0 12.0 12.0 12.0 12.0 12.0 12.0 12.0 12.0 12.0 12.0 12.0 12.0
26 27 1 TRACE 11.0 7.0 7.0 7.0 8.0 8.0 7.0 8.0 7.0 7.0 8.0 7.0 8.0 7.0 8.0 7.0 8.0 8.0 8.0 8.0 7.0 8.0 7.0 7.0 7.0 8.0 7.0 8.0 7.0 8.0 7.0 8.0 7.0 8.0 7.0 8.0 7.0 7.0 7.0 8.0 8.0 7.0 8.0 8.0 7.0 7.0 7.0 8.0 8.0 8.0 8.0 7.0 7.0 7.0 7.0 8.0 7.0 7.0 8.0 7.0 7.0 8.0 7.0 7.0 7.0 7.0 8.0 7.0 8.0 8.0 8.0 7.0 7.0 8.0 7.0 7.0 7.0 10.0 8.0 8.0 9.0 7.0 7.0 7.0 7.0 8.0 8.0 7.0 7.0 8.0 10.0 7.0 7.0 8.0 7.0 7.0 7.0 7.0 7.0 7.0 7.0 7.0 7.0 7.0 7.0 8.0 8.0 7.0 9.0 8.0 8.0 7.0 7.0 7.0 8.0 7.0 8.0 16.0 7.0 8.0 7.0 7.0 7.0 8.0 7.0 7.0 8.0 7.0 7.0 7.0 7.0 7.0 7.0 7.0 8.0 7.0 8.0 8.0 7.0 7.0 8.0 7.0 8.0 8.0 8.0 8.0 8.0 7.0 7.0 7.0 7.0 8.0 8.0 7.0 8.0 7.0 8.0 8.0 7.0 8.0 7.0 7.0 7.0 8.0 7.0 7.0 10.0 7.0 7.0 8.0 7.0 7.0 7.0 8.0 7.0 7.0 7.0 8.0 7.0 7.0 8.0 7.0 7.0 8.0 7.0 8.0 7.0 8.0 8.0 7.0 8.0 8.0 8.0 8.0 8.0 7.0 7.0 7.0 7.0 7.0 7.0 7.0 7.0 8.0 7.0 7.0 7.0 7.0 8.0 8.0 7.0 8.0 7.0 7.0 8.0 7.0 8.0 8.0 8.0 7.0 7.0 7.0 8.0 7.0 8.0 7.0 7.0 7.0 8.0 7.0 7.0 8.0 7.0 8.0 7.0 7.0 7.0 8.0 7.0 7.0 7.0 8.0 7.0
27 28 1 TRACE 11.0 7.0 7.0 8.0 7.0 7.0 8.0 7.0 7.0 7.0 7.0 8.0 7.0 8.0 7.0 10.0 7.0 8.0 8.0 7.0 7.0 7.0 7.0 8.0 7.0 7.0 8.0 7.0 8.0 8.0 7.0 7.0 8.0 7.0 7.0 8.0 7.0 8.0 8.0 7.0 8.0 7.0 7.0 7.0 8.0 8.0 8.0 7.0 7.0 7.0 7.0 8.0 8.0 7.0 8.0 7.0 7.0 7.0 7.0 8.0 8.0 7.0 8.0 7.0 8.0 7.0 7.0 7.0 7.0 7.0 7.0 7.0 7.0 7.0 7.0 8.0 7.0 10.0 8.0 20.0 9.0 7.0 7.0 8.0 7.0 7.0 7.0 8.0 7.0 7.0 8.0 8.0 7.0 7.0 8.0 7.0 8.0 8.0 7.0 8.0 7.0 7.0 8.0 7.0 8.0 7.0 7.0 7.0 9.0 7.0 7.0 7.0 7.0 7.0 7.0 7.0 7.0 7.0 7.0 7.0 7.0 7.0 7.0 7.0 8.0 8.0 7.0 7.0 7.0 8.0 7.0 7.0 7.0 8.0 7.0 7.0 7.0 7.0 7.0 8.0 7.0 7.0 7.0 7.0 7.0 7.0 7.0 7.0 8.0 8.0 8.0 7.0 7.0 7.0 7.0 7.0 7.0 7.0 8.0 8.0 7.0 8.0 8.0 7.0 8.0 8.0 8.0 8.0 7.0 7.0 7.0 8.0 7.0 7.0 7.0 8.0 8.0 7.0 8.0 8.0 7.0 7.0 8.0 7.0 7.0 7.0 7.0 7.0 7.0 7.0 7.0 7.0 7.0 7.0 7.0 7.0 8.0 8.0 10.0 7.0 7.0 7.0 7.0 7.0 7.0 7.0 8.0 7.0 7.0 7.0 7.0 7.0 8.0 7.0 7.0 7.0 7.0 7.0 7.0 7.0 8.0 8.0 7.0 7.0 7.0 8.0 8.0 7.0 7.0 8.0 8.0 7.0 7.0 7.0 8.0 8.0 8.0 7.0 7.0 8.0 7.0 7.0 8.0
28 29 1 TRACE 12.0 9.0 9.0 8.0 9.0 8.0 8.0 9.0 8.0 8.0 8.0 8.0 8.0 8.0 8.0 9.0 9.0 8.0 9.0 9.0 8.0 8.0 8.0 8.0 8.0 9.0 8.0 9.0 8.0 9.0 8.0 9.0 9.0 9.0 8.0 9.0 8.0 8.0 8.0 9.0 9.0 8.0 9.0 9.0 8.0 8.0 8.0 9.0 9.0 8.0 9.0 8.0 8.0 8.0 8.0 9.0 8.0 8.0 8.0 9.0 8.0 8.0 9.0 9.0 8.0 9.0 9.0 9.0 8.0 8.0 9.0 8.0 8.0 8.0 9.0 8.0 8.0 11.0 9.0 9.0 11.0 9.0 8.0 8.0 8.0 8.0 9.0 8.0 8.0 8.0 9.0 8.0 8.0 8.0 8.0 8.0 8.0 8.0 8.0 8.0 8.0 8.0 8.0 8.0 8.0 9.0 8.0 8.0 10.0 8.0 8.0 9.0 8.0 8.0 9.0 8.0 9.0 9.0 8.0 8.0 9.0 8.0 9.0 9.0 8.0 8.0 9.0 8.0 8.0 8.0 8.0 9.0 9.0 8.0 10.0 8.0 8.0 8.0 9.0 8.0 8.0 8.0 9.0 9.0 9.0 9.0 9.0 8.0 8.0 8.0 8.0 9.0 8.0 9.0 9.0 8.0 8.0 8.0 8.0 9.0 8.0 8.0 9.0 8.0 8.0 9.0 9.0 8.0 8.0 8.0 8.0 8.0 8.0 8.0 8.0 8.0 9.0 8.0 8.0 8.0 9.0 8.0 8.0 8.0 9.0 9.0 8.0 9.0 8.0 8.0 9.0 8.0 8.0 9.0 9.0 8.0 8.0 14.0 9.0 8.0 8.0 8.0 8.0 8.0 8.0 8.0 8.0 8.0 8.0 8.0 8.0 9.0 8.0 8.0 8.0 8.0 8.0 8.0 9.0 9.0 8.0 8.0 9.0 9.0 9.0 8.0 8.0 9.0 8.0 8.0 8.0 8.0 8.0 9.0 8.0 8.0 8.0 8.0 8.0 8.0 9.0 9.0 8.0
29 30 1 TRACE 42.0 33.0 36.0 52.0 92.0 31.0 33.0 31.0 57.0 30.0 34.0 48.0 32.0 30.0 30.0 73.0 30.0 122.0 36.0 39.0 37.0 201.0 43.0 43.0 30.0 38.0 33.0 33.0 34.0 49.0 77.0 62.0 31.0 40.0 65.0 33.0 74.0 36.0 29.0 33.0 36.0 31.0 35.0 88.0 73.0 47.0 108.0 30.0 77.0 47.0 49.0 74.0 68.0 38.0 31.0 36.0 28.0 33.0 73.0 35.0 67.0 63.0 67.0 39.0 67.0 33.0 31.0 59.0 30.0 34.0 714.0 37.0 37.0 67.0 62.0 34.0 32.0 153.0 145.0 89.0 75.0 60.0 48.0 70.0 74.0 72.0 40.0 36.0 31.0 49.0 18.0 30.0 20.0 37.0 61.0 65.0 38.0 67.0 78.0 72.0 73.0 69.0 33.0 36.0 51.0 69.0 33.0 30.0 37.0 36.0 39.0 78.0 30.0 62.0 33.0 72.0 27.0 35.0 77.0 36.0 30.0 30.0 17.0 37.0 20.0 77.0 38.0 83.0 34.0 65.0 29.0 33.0 28.0 346.0 19.0 77.0 29.0 70.0 65.0 69.0 100.0 67.0 67.0 68.0 31.0 30.0 65.0 70.0 29.0 132.0 29.0 73.0 30.0 53.0 31.0 31.0 68.0 33.0 59.0 58.0 42.0 35.0 69.0 68.0 53.0 17.0 36.0 48.0 31.0 41.0 36.0 34.0 71.0 55.0 61.0 33.0 31.0 35.0 68.0 73.0 33.0 72.0 59.0 30.0 35.0 66.0 59.0 36.0 65.0 31.0 32.0 33.0 105.0 33.0 115.0 90.0 31.0 67.0 30.0 34.0 69.0 312.0 74.0 69.0 95.0 34.0 30.0 32.0 67.0 66.0 70.0 63.0 54.0 64.0 29.0 65.0 31.0 67.0 36.0 29.0 30.0 49.0 76.0 38.0 72.0 70.0 30.0 103.0 31.0 34.0 62.0 63.0 70.0 29.0 71.0 36.0 37.0 29.0 33.0 37.0 68.0 33.0 33.0
30 31 1 TRACE 23.0 20.0 17.0 8.0 8.0 8.0 17.0 17.0 8.0 9.0 8.0 18.0 17.0 8.0 17.0 9.0 18.0 22.0 8.0 18.0 8.0 18.0 16.0 8.0 15.0 16.0 9.0 17.0 16.0 15.0 8.0 8.0 17.0 8.0 16.0 18.0 16.0 9.0 15.0 19.0 16.0 16.0 8.0 22.0 8.0 16.0 18.0 16.0 8.0 8.0 17.0 17.0 8.0 15.0 16.0 16.0 16.0 9.0 8.0 16.0 9.0 8.0 53.0 16.0 8.0 17.0 18.0 16.0 8.0 8.0 18.0 16.0 9.0 16.0 17.0 8.0 15.0 32.0 9.0 9.0 47.0 17.0 8.0 8.0 8.0 16.0 8.0 15.0 17.0 16.0 16.0 19.0 17.0 8.0 9.0 8.0 17.0 16.0 16.0 17.0 18.0 59.0 8.0 8.0 16.0 8.0 8.0 51.0 27.0 8.0 8.0 18.0 16.0 9.0 18.0 18.0 15.0 16.0 18.0 18.0 16.0 8.0 16.0 24.0 16.0 15.0 16.0 17.0 8.0 8.0 8.0 17.0 16.0 16.0 17.0 16.0 17.0 8.0 19.0 16.0 56.0 8.0 16.0 16.0 8.0 8.0 16.0 9.0 8.0 16.0 8.0 16.0 20.0 16.0 9.0 17.0 16.0 8.0 8.0 19.0 8.0 15.0 18.0 16.0 8.0 8.0 16.0 8.0 16.0 18.0 16.0 8.0 8.0 16.0 8.0 16.0 17.0 17.0 8.0 16.0 17.0 8.0 9.0 8.0 18.0 16.0 17.0 16.0 17.0 8.0 8.0 9.0 52.0 16.0 8.0 8.0 9.0 18.0 17.0 8.0 16.0 17.0 17.0 16.0 20.0 15.0 8.0 8.0 59.0 8.0 17.0 18.0 8.0 9.0 8.0 17.0 18.0 8.0 9.0 8.0 16.0 20.0 16.0 19.0 16.0 8.0 15.0 17.0 9.0 8.0 8.0 16.0 8.0 8.0 18.0 20.0 9.0 24.0 16.0 8.0 8.0 21.0 16.0
31 32 1 TRACE 17.0 13.0 13.0 13.0 13.0 13.0 13.0 14.0 13.0 12.0 12.0 13.0 13.0 12.0 13.0 13.0 13.0 14.0 13.0 12.0 12.0 13.0 12.0 12.0 13.0 12.0 12.0 13.0 14.0 13.0 13.0 13.0 13.0 13.0 12.0 14.0 13.0 12.0 12.0 13.0 13.0 12.0 12.0 13.0 13.0 13.0 13.0 13.0 12.0 12.0 12.0 13.0 12.0 14.0 13.0 13.0 14.0 13.0 13.0 12.0 20.0 12.0 13.0 13.0 12.0 12.0 13.0 13.0 12.0 12.0 13.0 13.0 12.0 12.0 13.0 12.0 13.0 26.0 13.0 26.0 26.0 12.0 13.0 12.0 13.0 13.0 12.0 13.0 13.0 13.0 13.0 13.0 14.0 13.0 12.0 12.0 13.0 13.0 13.0 12.0 12.0 13.0 13.0 12.0 12.0 12.0 13.0 13.0 13.0 13.0 12.0 13.0 13.0 13.0 12.0 12.0 14.0 13.0 12.0 13.0 13.0 13.0 13.0 12.0 13.0 12.0 13.0 12.0 13.0 12.0 12.0 13.0 13.0 12.0 13.0 12.0 13.0 13.0 13.0 13.0 13.0 12.0 12.0 13.0 12.0 13.0 12.0 12.0 12.0 13.0 13.0 13.0 13.0 13.0 13.0 12.0 13.0 12.0 12.0 13.0 12.0 12.0 13.0 13.0 12.0 13.0 13.0 12.0 13.0 12.0 12.0 12.0 13.0 13.0 14.0 13.0 13.0 13.0 13.0 13.0 13.0 12.0 13.0 13.0 12.0 12.0 12.0 13.0 12.0 13.0 13.0 13.0 13.0 14.0 13.0 13.0 13.0 13.0 14.0 12.0 12.0 13.0 13.0 14.0 13.0 12.0 13.0 12.0 12.0 14.0 17.0 12.0 13.0 13.0 12.0 12.0 13.0 12.0 12.0 12.0 12.0 13.0 13.0 13.0 13.0 12.0 13.0 12.0 13.0 12.0 12.0 12.0 13.0 12.0 13.0 13.0 12.0 12.0 12.0 13.0 13.0 15.0 17.0
32 33 1 TRACE 24.0 17.0 17.0 17.0 17.0 17.0 17.0 18.0 20.0 18.0 29.0 18.0 18.0 17.0 19.0 18.0 17.0 18.0 16.0 24.0 56.0 17.0 64.0 64.0 17.0 16.0 17.0 17.0 17.0 17.0 17.0 18.0 16.0 17.0 58.0 17.0 59.0 18.0 17.0 20.0 18.0 18.0 17.0 18.0 25.0 18.0 18.0 18.0 17.0 16.0 52.0 18.0 54.0 16.0 17.0 17.0 17.0 19.0 30.0 17.0 19.0 18.0 32.0 17.0 19.0 18.0 19.0 16.0 16.0 17.0 18.0 17.0 17.0 17.0 17.0 16.0 16.0 62.0 51.0 30.0 37.0 19.0 20.0 16.0 19.0 17.0 17.0 17.0 17.0 17.0 17.0 19.0 17.0 17.0 19.0 53.0 17.0 18.0 17.0 19.0 17.0 19.0 17.0 17.0 17.0 17.0 16.0 19.0 17.0 17.0 17.0 18.0 16.0 17.0 93.0 17.0 53.0 17.0 29.0 17.0 17.0 17.0 17.0 18.0 27.0 18.0 17.0 19.0 16.0 16.0 17.0 17.0 17.0 16.0 17.0 18.0 26.0 18.0 43.0 18.0 21.0 16.0 16.0 17.0 17.0 17.0 17.0 19.0 16.0 16.0 53.0 17.0 52.0 16.0 17.0 17.0 17.0 17.0 16.0 17.0 16.0 16.0 18.0 16.0 18.0 17.0 17.0 17.0 16.0 17.0 16.0 17.0 17.0 16.0 17.0 24.0 17.0 16.0 17.0 17.0 17.0 17.0 17.0 18.0 18.0 17.0 17.0 17.0 17.0 17.0 17.0 16.0 17.0 17.0 54.0 52.0 17.0 19.0 17.0 17.0 16.0 17.0 16.0 16.0 19.0 16.0 17.0 92.0 56.0 16.0 18.0 17.0 17.0 19.0 17.0 18.0 17.0 54.0 17.0 17.0 17.0 89.0 16.0 56.0 17.0 16.0 16.0 17.0 16.0 17.0 22.0 17.0 17.0 17.0 17.0 17.0 17.0 18.0 17.0 22.0 17.0 18.0 18.0
33 34 1 TRACE 1195.0 3181.0 538.0 352.0 341.0 434.0 2363.0 568.0 367.0 522.0 544.0 4142.0 542.0 371.0 347.0 310.0 4155.0 510.0 362.0 281.0 479.0 5985.0 516.0 339.0 459.0 557.0 457.0 920.0 567.0 381.0 455.0 511.0 579.0 456.0 727.0 600.0 486.0 330.0 683.0 604.0 490.0 328.0 510.0 505.0 479.0 919.0 570.0 536.0 286.0 572.0 4364.0 537.0 355.0 463.0 876.0 543.0 576.0 263.0 474.0 599.0 394.0 654.0 568.0 549.0 435.0 719.0 2107.0 958.0 425.0 676.0 1794.0 747.0 457.0 471.0 534.0 480.0 484.0 848.0 434.0 459.0 4214.0 519.0 306.0 367.0 441.0 476.0 378.0 721.0 467.0 475.0 313.0 3596.0 536.0 324.0 460.0 418.0 4816.0 456.0 337.0 748.0 554.0 366.0 323.0 960.0 583.0 294.0 574.0 466.0 436.0 489.0 478.0 495.0 470.0 413.0 1282.0 479.0 418.0 262.0 1270.0 559.0 476.0 276.0 690.0 492.0 407.0 373.0 1435.0 549.0 403.0 436.0 434.0 475.0 408.0 485.0 464.0 506.0 248.0 524.0 499.0 435.0 451.0 340.0 480.0 567.0 438.0 410.0 577.0 417.0 485.0 2294.0 292.0 1516.0 471.0 475.0 346.0 464.0 540.0 369.0 473.0 463.0 270.0 617.0 589.0 448.0 321.0 493.0 524.0 373.0 662.0 1479.0 504.0 429.0 469.0 538.0 340.0 660.0 553.0 479.0 269.0 1630.0 603.0 470.0 251.0 517.0 5050.0 447.0 295.0 1772.0 552.0 337.0 339.0 373.0 2324.0 610.0 333.0 814.0 508.0 613.0 546.0 294.0 350.0 582.0 374.0 681.0 553.0 421.0 410.0 423.0 461.0 480.0 1243.0 561.0 467.0 295.0 550.0 2453.0 588.0 380.0 266.0 442.0 531.0 429.0 777.0 474.0 526.0 405.0 1571.0 1158.0 329.0 281.0 421.0 530.0 293.0 812.0 743.0 479.0 429.0 1475.0 540.0 380.0 271.0 336.0 514.0
34 35 1 TRACE 768.0 96.0 72.0 50.0 22.0 146.0 210.0 56.0 51.0 20.0 59.0 127.0 54.0 51.0 17.0 117.0 123.0 55.0 49.0 18.0 57.0 159.0 53.0 45.0 65.0 61.0 56.0 68.0 102.0 54.0 18.0 67.0 54.0 55.0 61.0 56.0 51.0 51.0 87.0 170.0 55.0 18.0 314.0 60.0 52.0 156.0 55.0 51.0 19.0 61.0 133.0 91.0 52.0 107.0 92.0 55.0 51.0 18.0 58.0 54.0 18.0 64.0 57.0 51.0 57.0 61.0 55.0 52.0 18.0 275.0 56.0 76.0 54.0 60.0 54.0 55.0 61.0 140.0 55.0 223.0 129.0 55.0 50.0 20.0 60.0 53.0 54.0 67.0 328.0 51.0 61.0 203.0 53.0 88.0 18.0 63.0 191.0 53.0 52.0 168.0 61.0 50.0 53.0 298.0 55.0 19.0 62.0 84.0 58.0 18.0 64.0 67.0 53.0 55.0 74.0 202.0 51.0 87.0 204.0 55.0 57.0 51.0 87.0 103.0 62.0 53.0 104.0 54.0 49.0 20.0 57.0 58.0 51.0 59.0 55.0 66.0 18.0 173.0 171.0 51.0 18.0 52.0 53.0 55.0 18.0 57.0 178.0 58.0 60.0 54.0 64.0 189.0 57.0 51.0 53.0 55.0 54.0 17.0 57.0 53.0 51.0 61.0 115.0 53.0 19.0 60.0 55.0 74.0 93.0 66.0 51.0 18.0 58.0 54.0 77.0 105.0 66.0 90.0 55.0 82.0 63.0 49.0 22.0 66.0 149.0 90.0 90.0 129.0 92.0 77.0 22.0 52.0 95.0 64.0 51.0 20.0 64.0 96.0 52.0 53.0 54.0 55.0 52.0 63.0 97.0 52.0 19.0 58.0 56.0 53.0 78.0 55.0 53.0 26.0 52.0 95.0 55.0 50.0 18.0 56.0 54.0 52.0 60.0 169.0 54.0 217.0 125.0 56.0 49.0 19.0 58.0 55.0 21.0 94.0 57.0 83.0 53.0 81.0 55.0 50.0 56.0 54.0 53.0
35 36 1 TRACE 62.0 123.0 63.0 65.0 18.0 111.0 257.0 53.0 47.0 17.0 52.0 191.0 80.0 48.0 17.0 56.0 196.0 90.0 47.0 17.0 52.0 248.0 50.0 44.0 72.0 51.0 52.0 68.0 60.0 50.0 21.0 53.0 60.0 49.0 75.0 53.0 49.0 59.0 59.0 59.0 77.0 17.0 423.0 52.0 49.0 314.0 52.0 49.0 17.0 52.0 201.0 51.0 46.0 51.0 73.0 53.0 50.0 17.0 55.0 52.0 17.0 60.0 57.0 48.0 49.0 60.0 53.0 52.0 17.0 59.0 61.0 49.0 53.0 60.0 49.0 51.0 260.0 137.0 52.0 101.0 204.0 84.0 56.0 16.0 52.0 49.0 51.0 61.0 88.0 48.0 52.0 189.0 52.0 49.0 17.0 96.0 549.0 49.0 56.0 198.0 54.0 52.0 17.0 56.0 49.0 19.0 59.0 58.0 97.0 16.0 58.0 56.0 49.0 52.0 428.0 89.0 48.0 98.0 117.0 107.0 55.0 48.0 230.0 194.0 49.0 125.0 117.0 52.0 58.0 17.0 56.0 50.0 49.0 58.0 53.0 49.0 16.0 239.0 383.0 49.0 16.0 54.0 53.0 50.0 17.0 55.0 459.0 51.0 91.0 49.0 50.0 144.0 54.0 49.0 48.0 51.0 51.0 16.0 67.0 51.0 47.0 57.0 250.0 50.0 17.0 58.0 50.0 52.0 61.0 54.0 48.0 17.0 56.0 50.0 47.0 62.0 77.0 85.0 50.0 105.0 434.0 47.0 17.0 76.0 251.0 57.0 88.0 112.0 104.0 49.0 17.0 54.0 323.0 52.0 48.0 17.0 60.0 74.0 53.0 53.0 358.0 52.0 47.0 59.0 178.0 47.0 16.0 92.0 89.0 50.0 99.0 60.0 48.0 17.0 51.0 138.0 51.0 50.0 17.0 55.0 49.0 49.0 57.0 54.0 48.0 132.0 110.0 51.0 48.0 17.0 60.0 49.0 16.0 70.0 52.0 48.0 48.0 109.0 60.0 100.0 48.0 50.0 108.0
36 37 1 TRACE 75.0 1053.0 70.0 33.0 52.0 139.0 1043.0 53.0 29.0 137.0 36.0 1764.0 36.0 27.0 104.0 46.0 1802.0 35.0 36.0 114.0 176.0 2473.0 207.0 29.0 131.0 36.0 99.0 316.0 36.0 34.0 108.0 44.0 32.0 40.0 162.0 39.0 67.0 30.0 177.0 106.0 71.0 126.0 43.0 71.0 51.0 1297.0 124.0 90.0 79.0 76.0 2165.0 99.0 30.0 39.0 377.0 153.0 174.0 88.0 127.0 32.0 83.0 146.0 37.0 33.0 91.0 167.0 197.0 48.0 210.0 171.0 86.0 224.0 31.0 159.0 62.0 30.0 43.0 69.0 245.0 42.0 2111.0 45.0 29.0 129.0 58.0 131.0 99.0 247.0 41.0 68.0 80.0 1775.0 32.0 123.0 51.0 99.0 2640.0 109.0 79.0 369.0 61.0 101.0 63.0 107.0 32.0 105.0 114.0 158.0 251.0 189.0 97.0 169.0 127.0 85.0 670.0 35.0 70.0 34.0 545.0 118.0 103.0 83.0 1127.0 165.0 46.0 65.0 646.0 109.0 70.0 105.0 159.0 96.0 114.0 177.0 126.0 46.0 113.0 56.0 155.0 115.0 128.0 39.0 131.0 37.0 146.0 55.0 125.0 67.0 96.0 130.0 30.0 71.0 126.0 157.0 34.0 59.0 31.0 211.0 85.0 114.0 97.0 123.0 600.0 61.0 146.0 134.0 115.0 68.0 166.0 73.0 42.0 148.0 47.0 55.0 110.0 243.0 61.0 71.0 66.0 323.0 33.0 95.0 114.0 46.0 2620.0 85.0 35.0 598.0 74.0 65.0 105.0 43.0 2238.0 32.0 31.0 104.0 109.0 342.0 215.0 29.0 36.0 114.0 221.0 306.0 144.0 94.0 138.0 77.0 64.0 62.0 398.0 71.0 39.0 81.0 162.0 1329.0 94.0 50.0 110.0 65.0 84.0 72.0 80.0 135.0 32.0 32.0 882.0 80.0 29.0 144.0 100.0 53.0 86.0 477.0 39.0 51.0 135.0 844.0 78.0 34.0 29.0 77.0 36.0
37 38 1 TRACE 53.0 171.0 58.0 49.0 32.0 40.0 179.0 68.0 48.0 77.0 38.0 285.0 30.0 31.0 89.0 34.0 298.0 37.0 36.0 62.0 569.0 537.0 65.0 32.0 48.0 30.0 55.0 98.0 35.0 28.0 67.0 42.0 34.0 31.0 97.0 32.0 66.0 35.0 83.0 45.0 66.0 29.0 35.0 30.0 67.0 56.0 35.0 42.0 37.0 63.0 309.0 69.0 28.0 31.0 82.0 28.0 38.0 45.0 68.0 66.0 37.0 56.0 60.0 66.0 38.0 83.0 71.0 31.0 38.0 52.0 82.0 698.0 35.0 69.0 30.0 39.0 34.0 104.0 98.0 50.0 344.0 74.0 29.0 31.0 36.0 66.0 33.0 100.0 30.0 72.0 62.0 258.0 65.0 31.0 29.0 34.0 348.0 30.0 31.0 81.0 31.0 28.0 37.0 70.0 69.0 29.0 59.0 36.0 31.0 66.0 80.0 39.0 61.0 31.0 120.0 35.0 66.0 32.0 135.0 33.0 28.0 68.0 66.0 66.0 37.0 32.0 902.0 66.0 332.0 32.0 41.0 31.0 141.0 841.0 55.0 30.0 27.0 65.0 35.0 31.0 68.0 196.0 33.0 46.0 33.0 35.0 29.0 70.0 41.0 588.0 259.0 94.0 30.0 32.0 35.0 34.0 66.0 60.0 52.0 33.0 31.0 80.0 63.0 42.0 38.0 34.0 31.0 33.0 62.0 68.0 30.0 30.0 37.0 35.0 31.0 92.0 38.0 35.0 30.0 110.0 38.0 26.0 42.0 32.0 341.0 47.0 76.0 117.0 76.0 52.0 63.0 37.0 187.0 30.0 30.0 32.0 42.0 31.0 28.0 30.0 59.0 32.0 29.0 54.0 63.0 65.0 37.0 79.0 73.0 31.0 94.0 66.0 36.0 30.0 32.0 208.0 30.0 32.0 31.0 76.0 71.0 31.0 48.0 33.0 31.0 33.0 150.0 35.0 48.0 37.0 75.0 65.0 30.0 98.0 29.0 225.0 33.0 170.0 30.0 70.0 29.0 33.0 46.0
38 39 1 TRACE 33.0 28.0 29.0 34.0 34.0 31.0 38.0 28.0 25.0 65.0 39.0 32.0 28.0 41.0 68.0 33.0 29.0 56.0 33.0 63.0 879.0 428.0 33.0 31.0 27.0 28.0 28.0 26.0 26.0 37.0 67.0 27.0 53.0 68.0 62.0 74.0 69.0 39.0 32.0 26.0 40.0 26.0 43.0 36.0 29.0 63.0 64.0 41.0 65.0 64.0 68.0 27.0 36.0 28.0 72.0 28.0 41.0 28.0 26.0 30.0 70.0 32.0 64.0 27.0 63.0 30.0 66.0 65.0 28.0 28.0 26.0 449.0 65.0 27.0 27.0 29.0 62.0 95.0 96.0 42.0 64.0 41.0 56.0 25.0 65.0 32.0 28.0 39.0 70.0 62.0 68.0 29.0 71.0 48.0 32.0 84.0 64.0 30.0 36.0 28.0 27.0 24.0 418.0 193.0 60.0 67.0 52.0 58.0 27.0 26.0 62.0 60.0 66.0 32.0 50.0 25.0 60.0 29.0 68.0 24.0 68.0 27.0 30.0 43.0 26.0 24.0 545.0 28.0 56.0 26.0 31.0 62.0 179.0 706.0 28.0 92.0 26.0 137.0 44.0 28.0 61.0 47.0 27.0 27.0 26.0 62.0 64.0 62.0 28.0 114.0 57.0 28.0 30.0 27.0 25.0 63.0 30.0 62.0 63.0 60.0 70.0 68.0 80.0 63.0 27.0 26.0 66.0 39.0 27.0 25.0 26.0 62.0 28.0 28.0 31.0 81.0 27.0 26.0 62.0 70.0 26.0 33.0 60.0 54.0 41.0 32.0 28.0 30.0 60.0 28.0 27.0 27.0 62.0 32.0 65.0 27.0 52.0 245.0 26.0 25.0 67.0 62.0 26.0 28.0 32.0 26.0 26.0 29.0 29.0 67.0 65.0 78.0 65.0 25.0 28.0 30.0 28.0 25.0 60.0 62.0 62.0 26.0 40.0 24.0 27.0 28.0 64.0 26.0 67.0 58.0 64.0 65.0 27.0 68.0 33.0 62.0 32.0 30.0 26.0 59.0 65.0 67.0 63.0
39 25 1 TRACE 19.0 21.0 19.0 20.0 19.0 18.0 19.0 19.0 19.0 33.0 19.0 19.0 56.0 19.0 18.0 19.0 56.0 21.0 21.0 20.0 18.0 18.0 17.0 21.0 20.0 20.0 20.0 18.0 19.0 20.0 31.0 62.0 20.0 20.0 21.0 18.0 19.0 18.0 51.0 71.0 19.0 17.0 20.0 19.0 22.0 62.0 19.0 18.0 20.0 19.0 19.0 19.0 19.0 20.0 20.0 18.0 18.0 22.0 18.0 30.0 18.0 19.0 20.0 26.0 57.0 18.0 18.0 19.0 18.0 19.0 55.0 19.0 18.0 21.0 18.0 18.0 58.0 90.0 18.0 34.0 18.0 20.0 21.0 18.0 18.0 17.0 19.0 19.0 20.0 19.0 19.0 57.0 20.0 21.0 18.0 18.0 18.0 20.0 18.0 20.0 25.0 17.0 55.0 19.0 19.0 18.0 20.0 18.0 21.0 21.0 19.0 19.0 18.0 17.0 19.0
39 40 1 TRACE 41.0 37.0 41.0 41.0 35.0 62.0 28.0 28.0 30.0 29.0 28.0 45.0 36.0 64.0 28.0 27.0 28.0 60.0 28.0 27.0 38.0 27.0 30.0 65.0 43.0 59.0 60.0 59.0 57.0 29.0 62.0 66.0 625.0 65.0 79.0 92.0 26.0 48.0 65.0 66.0 32.0 30.0 71.0 66.0 61.0 33.0 65.0 63.0 30.0 26.0 61.0 30.0 29.0 30.0 63.0 29.0 27.0 56.0 28.0 29.0 26.0 59.0 29.0 69.0
39 51 1 TRACE 40.0 108.0 32.0 29.0 65.0 70.0 55.0 29.0 62.0 51.0 42.0 63.0 62.0 67.0 32.0 37.0 30.0 408.0 29.0 103.0 65.0 28.0 49.0 49.0 28.0 26.0 34.0 27.0 30.0 27.0 62.0 33.0 60.0 64.0 29.0 40.0 35.0 34.0 70.0 28.0 29.0 29.0 67.0 63.0 28.0 30.0 64.0 67.0 27.0 27.0 59.0 32.0 31.0 34.0 66.0 60.0 34.0 31.0 27.0 69.0 32.0 64.0 68.0 67.0
40 41 1 TRACE 333.0 327.0 428.0 433.0 508.0 123.0 209.0 123.0 192.0 138.0 123.0 180.0 451.0 180.0 123.0 133.0 140.0 142.0 128.0 124.0 468.0 120.0 152.0 430.0 484.0 161.0 121.0 136.0 136.0 192.0 207.0 155.0 241.0 122.0 131.0 129.0 123.0 119.0 123.0 128.0 119.0 120.0 141.0 123.0 151.0 122.0 155.0 201.0 491.0 227.0 326.0 129.0 120.0 142.0 122.0 202.0 336.0 120.0 129.0 222.0 125.0 155.0 259.0 120.0
41 42 1 TRACE 18.0 13.0 14.0 13.0 13.0 13.0 14.0 13.0 13.0 14.0 14.0 13.0 14.0 13.0 13.0 14.0 15.0 12.0 18.0 14.0 13.0 13.0 13.0 13.0 13.0 13.0 14.0 13.0 12.0 14.0 12.0 13.0 13.0 12.0 13.0 13.0 14.0 13.0 13.0 14.0 12.0 12.0 13.0 13.0 13.0 13.0 14.0 13.0 13.0 13.0 12.0 13.0 14.0 13.0 12.0 13.0 13.0 13.0 14.0 13.0 13.0 13.0 14.0 13.0 13.0 13.0 15.0 13.0 13.0 14.0 14.0 12.0 12.0 14.0 13.0 13.0 14.0 12.0 12.0 14.0 13.0 13.0 13.0 13.0 13.0 13.0 12.0 13.0 13.0 13.0 13.0 13.0 15.0 13.0 13.0 14.0 13.0 13.0 13.0 12.0 12.0 14.0 13.0 13.0 14.0 13.0 13.0 13.0 13.0 12.0 12.0 14.0 21.0 12.0 13.0 12.0 13.0 15.0 13.0 14.0 13.0 13.0 12.0 20.0 12.0 14.0 13.0 13.0 13.0 14.0 13.0 13.0 13.0 14.0 13.0 12.0 13.0 12.0 14.0 13.0 14.0 13.0 12.0 14.0 13.0 13.0 13.0 14.0 13.0 13.0 14.0 13.0 14.0 13.0 14.0 13.0 12.0 14.0 12.0 12.0 14.0 13.0 12.0 14.0 13.0 13.0 13.0 13.0 13.0 14.0 12.0 12.0 13.0 13.0 13.0 13.0 14.0 13.0 13.0 15.0 13.0 13.0 15.0 14.0 13.0 13.0 15.0 13.0 12.0 13.0 12.0 13.0 13.0 15.0 13.0 12.0 14.0 12.0 13.0 13.0 15.0 13.0 14.0 13.0 12.0 13.0 13.0 13.0 12.0 13.0 13.0 13.0 12.0
42 43 1 TRACE 16.0 12.0 12.0 12.0 12.0 12.0 13.0 11.0 12.0 12.0 12.0 11.0 12.0 11.0 11.0 12.0 11.0 12.0 12.0 12.0 12.0 12.0 13.0 12.0 12.0 12.0 12.0 13.0 12.0 12.0 12.0 11.0 12.0 12.0 12.0 11.0 12.0 11.0 12.0 12.0 12.0 12.0 12.0 12.0 12.0 13.0 12.0 12.0 12.0 12.0 12.0 12.0 12.0 12.0 11.0 12.0 12.0 12.0 12.0 11.0 12.0 12.0 12.0 12.0 12.0 12.0 13.0 12.0 11.0 12.0 12.0 12.0 11.0 12.0 18.0 12.0 12.0 12.0 11.0 12.0 12.0 12.0 12.0 11.0 11.0 12.0 12.0 11.0 11.0 12.0 11.0 12.0 11.0 11.0 12.0 12.0 12.0 12.0 12.0 12.0 12.0 12.0 12.0 11.0 12.0 12.0 12.0 12.0 12.0 12.0 12.0 12.0 12.0 12.0 12.0 11.0 12.0 12.0 12.0 12.0 12.0 12.0 13.0 12.0 12.0 12.0 12.0 11.0 12.0 12.0 12.0 12.0 11.0 11.0 12.0 12.0 12.0 12.0 11.0 12.0 13.0 12.0 11.0 12.0 12.0 11.0 11.0 11.0 11.0 11.0 12.0 12.0 11.0 12.0 11.0 12.0 11.0 13.0 12.0 17.0 11.0 12.0 11.0 11.0 12.0 16.0 12.0 12.0 12.0 12.0 12.0 11.0 12.0 12.0 12.0 12.0 12.0 11.0 11.0 11.0 12.0 12.0 12.0 12.0 12.0 12.0 12.0 12.0 12.0 13.0 12.0 12.0 12.0 11.0 11.0 12.0 12.0 12.0 12.0 11.0 11.0 12.0 12.0 12.0 12.0 12.0 12.0 12.0 11.0 12.0 12.0 11.0 11.0
43 44 1 TRACE 13.0 9.0 8.0 9.0 8.0 8.0 9.0 8.0 9.0 9.0 9.0 9.0 9.0 8.0 8.0 9.0 9.0 9.0 8.0 8.0 8.0 9.0 9.0 8.0 9.0 9.0 9.0 9.0 9.0 8.0 8.0 8.0 9.0 9.0 8.0 8.0 9.0 8.0 9.0 9.0 8.0 9.0 8.0 8.0 9.0 9.0 8.0 8.0 9.0 9.0 9.0 8.0 8.0 9.0 8.0 8.0 8.0 9.0 8.0 8.0 9.0 8.0 9.0 9.0 9.0 8.0 9.0 9.0 9.0 9.0 8.0 8.0 8.0 9.0 9.0 9.0 9.0 9.0 8.0 9.0 9.0 9.0 9.0 8.0 8.0 8.0 8.0 9.0 8.0 9.0 8.0 9.0 8.0 8.0 8.0 9.0 9.0 8.0 9.0 9.0 8.0 8.0 8.0 8.0 9.0 9.0 9.0 8.0 8.0 8.0 8.0 8.0 9.0 8.0 10.0 8.0 9.0 9.0 8.0 8.0 8.0 9.0 8.0 9.0 9.0 8.0 8.0 8.0 8.0 8.0 9.0 9.0 8.0 9.0 8.0 8.0 9.0 9.0 9.0 9.0 9.0 8.0 8.0 9.0 9.0 9.0 9.0 8.0 8.0 8.0 9.0 9.0 9.0 8.0 8.0 9.0 8.0 9.0 9.0 9.0 8.0 8.0 8.0 8.0 9.0 9.0 9.0 8.0 9.0 8.0 9.0 8.0 9.0 8.0 9.0 9.0 8.0 8.0 8.0 8.0 9.0 8.0 9.0 8.0 9.0 9.0 9.0 9.0 9.0 8.0 8.0 9.0 9.0 8.0 8.0 9.0 9.0 9.0 9.0 8.0 9.0 9.0 8.0 9.0 9.0 9.0 8.0 9.0 8.0 9.0 8.0 8.0 8.0
44 45 1 TRACE 96.0 259.0 96.0 99.0 93.0 118.0 103.0 74.0 116.0 104.0 80.0 74.0 72.0 174.0 72.0 158.0 106.0 74.0 103.0 78.0 77.0 116.0 128.0 77.0 71.0 118.0 114.0 74.0 71.0 118.0 111.0 104.0 80.0 81.0 76.0 108.0 70.0 79.0 105.0 106.0 72.0 69.0 111.0 151.0 73.0 128.0 114.0 70.0 72.0 120.0 75.0 76.0 118.0 109.0 77.0 156.0 272.0 1182.0 127.0 75.0 76.0 118.0 140.0 75.0 70.0 76.0 146.0 85.0 82.0 78.0 114.0 105.0 75.0 138.0 67.0 70.0 74.0 73.0 78.0 83.0 71.0 73.0 114.0 73.0 108.0 125.0 71.0 115.0 116.0 127.0 78.0 141.0 85.0 72.0 104.0 98.0 111.0 148.0 97.0 72.0 72.0 146.0 74.0 71.0 110.0 444.0 71.0 121.0 72.0 70.0 84.0 117.0 99.0 72.0 76.0 111.0 152.0 80.0 108.0 73.0 94.0 140.0 76.0 71.0 107.0 120.0 72.0 118.0 355.0 111.0 118.0 71.0 95.0 94.0 106.0 108.0 127.0 103.0 77.0 72.0 119.0 75.0 73.0 126.0 155.0 73.0 82.0 109.0 85.0 72.0 128.0 74.0 78.0 115.0 117.0 75.0 79.0 95.0 177.0 68.0 72.0 111.0 106.0 94.0 75.0 69.0 77.0 72.0 107.0 125.0 73.0 76.0 123.0 416.0 559.0 74.0 121.0 120.0 70.0 132.0 69.0 107.0 69.0 85.0 74.0 72.0 87.0 73.0 79.0 133.0 75.0 123.0 79.0 126.0 76.0 73.0 94.0 72.0 76.0 121.0 111.0 108.0 104.0 111.0 103.0 109.0 89.0 75.0 113.0 142.0 114.0 102.0 75.0
45 46 1 TRACE 22.0 17.0 17.0 17.0 16.0 21.0 17.0 18.0 17.0 18.0 17.0 17.0 18.0 18.0 17.0 18.0 20.0 19.0 19.0 18.0 20.0 19.0 17.0 18.0 17.0 18.0 18.0 17.0 20.0 19.0 21.0 15.0 19.0 44.0 20.0 19.0 20.0 18.0 22.0 22.0 17.0 15.0 20.0 18.0 18.0 18.0 19.0 17.0 19.0 19.0 17.0 16.0 19.0 18.0 19.0 17.0 17.0 17.0 16.0 63.0 19.0 17.0 16.0 19.0 22.0 17.0 20.0 19.0 19.0 20.0 23.0 17.0 17.0 61.0 20.0 18.0 18.0 17.0 19.0 17.0 16.0 18.0 18.0 18.0 17.0 18.0 19.0 19.0 25.0 16.0 21.0 18.0 20.0 20.0 18.0 17.0 18.0 17.0 17.0 20.0 17.0 20.0 17.0 19.0 17.0 20.0 16.0 20.0 19.0 18.0 19.0 18.0 16.0 17.0 17.0 17.0 17.0 17.0 19.0 20.0 19.0 17.0 20.0 18.0 17.0 20.0 17.0 16.0 18.0 23.0 19.0 18.0 16.0 21.0 19.0 16.0 20.0 17.0 16.0 18.0 19.0 16.0 51.0 18.0 19.0 17.0 19.0 25.0 18.0 61.0 20.0 50.0 17.0 20.0 19.0 17.0 34.0 20.0 18.0 17.0 19.0 22.0 21.0 18.0 19.0 17.0 19.0 18.0 15.0 18.0 18.0 16.0 17.0 18.0 18.0 20.0 18.0 18.0 18.0 16.0 17.0 20.0 16.0 17.0 19.0 16.0 19.0 18.0 17.0 17.0 21.0 64.0 18.0 16.0 18.0 18.0 18.0 18.0 19.0 20.0 17.0 18.0 16.0 19.0 17.0 57.0 17.0 21.0 17.0 18.0 18.0 17.0 17.0
46 47 1 TRACE 1096.0 482.0 303.0 743.0 358.0 274.0 708.0 286.0 358.0 705.0 277.0 251.0 731.0 393.0 248.0 1132.0 549.0 264.0 252.0 953.0 391.0 250.0 1067.0 487.0 291.0 273.0 1096.0 386.0 247.0 1171.0 425.0 260.0 1096.0 490.0 295.0 247.0 1181.0 404.0 250.0 675.0 368.0 254.0 956.0 363.0 250.0 1028.0 540.0 259.0 266.0 1140.0 432.0 264.0 1160.0 416.0 251.0 1219.0 2551.0 964.0 1137.0 450.0 279.0 248.0 1059.0 489.0 254.0 268.0 766.0 258.0 280.0 1055.0 528.0 251.0 335.0 1100.0 369.0 240.0 660.0 256.0 239.0 582.0 340.0 264.0 979.0 387.0 238.0 1243.0 479.0 241.0 293.0 1129.0 425.0 352.0 1110.0 420.0 274.0 891.0 340.0 243.0 811.0 339.0 250.0 1009.0 394.0 275.0 2614.0 1490.0 300.0 1059.0 467.0 248.0 286.0 1856.0 456.0 276.0 1103.0 422.0 252.0 1023.0 535.0 245.0 242.0 1018.0 514.0 305.0 239.0 1052.0 483.0 245.0 2886.0 1113.0 430.0 258.0 1016.0 522.0 244.0 241.0 1043.0 486.0 271.0 255.0 1138.0 438.0 239.0 1061.0 462.0 279.0 237.0 1063.0 395.0 239.0 1040.0 465.0 241.0 265.0 1005.0 364.0 239.0 814.0 325.0 238.0 645.0 249.0 258.0 786.0 316.0 261.0 707.0 311.0 243.0 1109.0 455.0 240.0 1021.0 1590.0 3989.0 238.0 1102.0 392.0 246.0 1051.0 471.0 242.0 238.0 848.0 368.0 287.0 697.0 273.0 238.0 1037.0 484.0 245.0 253.0 1132.0 427.0 240.0 793.0 314.0 331.0 1131.0 445.0 241.0 273.0 1073.0 371.0 246.0 742.0 329.0 237.0 1017.0 543.0 323.0 359.0
47 48 1 TRACE 14.0 46.0 43.0 31.0 10.0 10.0 10.0 8.0 34.0 13.0 13.0 10.0 3753.0 12.0 8.0 11.0 13.0 13.0 10.0 9.0 11.0 8.0 16.0 30.0 29.0 10.0 10.0 10.0 8.0 11.0 17.0 9.0 10.0 12.0 10.0 8.0 10.0 15.0 12.0 11.0 11.0 12.0 9.0 15.0 10.0 13.0 11.0 10.0 14.0 8.0 12.0 11.0 10.0 13.0 9.0 11.0 8.0 19.0 20.0 12.0 10.0 10.0 51.0 8.0 19.0 10.0 11.0 10.0 10.0 12.0 8.0 11.0 15.0 14.0 10.0 10.0 11.0 8.0 11.0 11.0 11.0 10.0 10.0 11.0 8.0 36.0 10.0 13.0 11.0 10.0 17.0 8.0 10.0 10.0 13.0 10.0 10.0 11.0 8.0 18.0 43.0 11.0 12.0 10.0 10.0 9.0 76.0 10.0 10.0 10.0 11.0 10.0 8.0 10.0 10.0 11.0 10.0 9.0 15.0 8.0 9.0 13.0 14.0 11.0 10.0 11.0 8.0 13.0 12.0 14.0 12.0 13.0 11.0 9.0 16.0 40.0 22.0 10.0 10.0 11.0 8.0 10.0 12.0 15.0 10.0 10.0 9.0 8.0 11.0 54.0 16.0 10.0 12.0 12.0 8.0 10.0 13.0 20.0 10.0 11.0 11.0 8.0 10.0 11.0 10.0 10.0 10.0 14.0 8.0 10.0 11.0 15.0 9.0 12.0 10.0 8.0 12.0 14.0 14.0 10.0 10.0 15.0 8.0 82.0 16.0 11.0 15.0 11.0 10.0 8.0 10.0 14.0 64.0 13.0 12.0 12.0 9.0 10.0 10.0 11.0 15.0 10.0 10.0 8.0 26.0 10.0 11.0 10.0 11.0 10.0 8.0 9.0 64.0 26.0 15.0 16.0 12.0 8.0 10.0 12.0 12.0 12.0 10.0 10.0 9.0 71.0 38.0 10.0 10.0 10.0 15.0 8.0 15.0 12.0 10.0 11.0 10.0 10.0 8.0 10.0 14.0 17.0 10.0 10.0 11.0 8.0 25.0 21.0 15.0 11.0 10.0 12.0 9.0 26.0 53.0 10.0 21.0 10.0 10.0 8.0 10.0 15.0 10.0 11.0 10.0 13.0 8.0 30.0 13.0 15.0 12.0 10.0 10.0 9.0 11.0 12.0 14.0 10.0 10.0 12.0 8.0 19.0 18.0 11.0 9.0 12.0 11.0 8.0 10.0 17.0 13.0 13.0 9.0 12.0 9.0 75.0 39.0 10.0 10.0 15.0 10.0 8.0 11.0 11.0 14.0 25.0 11.0 13.0 8.0 9.0 13.0 14.0 10.0 10.0 17.0 9.0 20.0 36.0 27.0 12.0 10.0 10.0 8.0 62.0 39.0 18.0 22.0 10.0 12.0 8.0 11.0 13.0 11.0 10.0 10.0 48.0 8.0 11.0 10.0 11.0 10.0 10.0 10.0 9.0 14.0 11.0 10.0 11.0 10.0 10.0 8.0 10.0 13.0 13.0 10.0 10.0 10.0 8.0 30.0 12.0 15.0 11.0 10.0 10.0 8.0 31.0 14.0 19.0 17.0 10.0 14.0 8.0 11.0 12.0 10.0 18.0 10.0 10.0 8.0 11.0 14.0 14.0 12.0 10.0 10.0 8.0 33.0 21.0 10.0 18.0 11.0 13.0 9.0 11.0 11.0 51.0 24.0 18.0 15.0 9.0 11.0 10.0 14.0 11.0 11.0 10.0 8.0 10.0 11.0 18.0 11.0 67.0 10.0 8.0 12.0 11.0 30.0 24.0 10.0 11.0 8.0 10.0 18.0 10.0 14.0 10.0 10.0 8.0 11.0 45.0 14.0 12.0 10.0 11.0 9.0 70.0 11.0 10.0 10.0 12.0 10.0 8.0 10.0 12.0 10.0 10.0 17.0 10.0 8.0 10.0 18.0 15.0 12.0 11.0 10.0 8.0 14.0 12.0 14.0 10.0 10.0 15.0 9.0 30.0 19.0 12.0 11.0 10.0 10.0 8.0 29.0 13.0 11.0 14.0 11.0 11.0 8.0 14.0 36.0 22.0 12.0 11.0 10.0 9.0 11.0 10.0 16.0 10.0 10.0 10.0 9.0 15.0 16.0 33.0 19.0 12.0 14.0 8.0 12.0 10.0 15.0 13.0 11.0 12.0 8.0 11.0 13.0 14.0 13.0 11.0 10.0 9.0 10.0 10.0 11.0 11.0 10.0 10.0 8.0 10.0 16.0 14.0 11.0 11.0 10.0 9.0 10.0 42.0 12.0 16.0 10.0 10.0 9.0 10.0 15.0 12.0 11.0 10.0 14.0 8.0 12.0 18.0 10.0 14.0 20.0 10.0 8.0 10.0 14.0 14.0 13.0 12.0 10.0 9.0 13.0 11.0 18.0 10.0 13.0 10.0 8.0 10.0 11.0 13.0 13.0 10.0 10.0 8.0 10.0 13.0 13.0 14.0 18.0 11.0 8.0 12.0 16.0 14.0 10.0 10.0 10.0 8.0 22.0 24.0 19.0 10.0 10.0 12.0 8.0 10.0 14.0 15.0 12.0 11.0 10.0 8.0 29.0 30.0 25.0 27.0 14.0 9.0 8.0 11.0 10.0 13.0 10.0 9.0 12.0 11.0 10.0 11.0 14.0 13.0 12.0 17.0 8.0 9.0 14.0 15.0 14.0 12.0 10.0 9.0 9.0 14.0 10.0 10.0 10.0 16.0 8.0 11.0 10.0 15.0 10.0 10.0 12.0 8.0 12.0 13.0 14.0 13.0 12.0 9.0 8.0 10.0 16.0 12.0 11.0 10.0 11.0 8.0 11.0 12.0 22.0 14.0 10.0 14.0 8.0 9.0 11.0 13.0 14.0 11.0 10.0 8.0 10.0 13.0 19.0 24.0 10.0 17.0 11.0 11.0 14.0 11.0 13.0 10.0 11.0 8.0 9.0 12.0 13.0 12.0 13.0 11.0 9.0 14.0 12.0 10.0 10.0 11.0 15.0 8.0 11.0 10.0 12.0 18.0 10.0 11.0 8.0 10.0 13.0 15.0 15.0 9.0 10.0 8.0 10.0 10.0 13.0 10.0 10.0 11.0 8.0 10.0 16.0 11.0 18.0 11.0 11.0 8.0 12.0 14.0 15.0 12.0 11.0 9.0 9.0 16.0 11.0 10.0 12.0 10.0 11.0 9.0 723.0 14.0 12.0 10.0 11.0 10.0 9.0 10.0 12.0 13.0 12.0 10.0 11.0 8.0 10.0 11.0 10.0 10.0 11.0 10.0 8.0 10.0 13.0 12.0 11.0 10.0 11.0 9.0 10.0 13.0 15.0 13.0 11.0 11.0 9.0 14.0 15.0 13.0 12.0 12.0 10.0 9.0 52.0 25.0 10.0 10.0 10.0 10.0 8.0 10.0 10.0 10.0 12.0 10.0 14.0 8.0 10.0 16.0 9.0 14.0 11.0 10.0 8.0 28.0 30.0 26.0 13.0 12.0 11.0 8.0 10.0 11.0 16.0 10.0 16.0 11.0 9.0 9.0 14.0 14.0 13.0 12.0 10.0 8.0 13.0 10.0 11.0 10.0 10.0 13.0 8.0 11.0 14.0 10.0 20.0 10.0 19.0 8.0 12.0 19.0 10.0 13.0 37.0 15.0 8.0 17.0 14.0 15.0 11.0 11.0 9.0 8.0 11.0 10.0 23.0 24.0 11.0 10.0 9.0 11.0 10.0 16.0 13.0 10.0 17.0 9.0 55.0 13.0 15.0 12.0 11.0 10.0 8.0 10.0 13.0 10.0 12.0 11.0 10.0 8.0 10.0 10.0 10.0 11.0 11.0 11.0 8.0 12.0 10.0 15.0 10.0 50.0 28.0 8.0 10.0 12.0 10.0 12.0 12.0 11.0 9.0 13.0 12.0 51.0 15.0 12.0 10.0 8.0 9.0 33.0 22.0 10.0 10.0 12.0 8.0 10.0 11.0 19.0 12.0 11.0 13.0 8.0 9.0 19.0 14.0 17.0 9.0 10.0 8.0 11.0 14.0 23.0 22.0 11.0 11.0 9.0 12.0 13.0 10.0 10.0 10.0 10.0 8.0 10.0 13.0 15.0 10.0 10.0 10.0 8.0 10.0 14.0 15.0 12.0 12.0 10.0 9.0 11.0 10.0 16.0 16.0 11.0 10.0 8.0 10.0 10.0 15.0 10.0 10.0 11.0 8.0 10.0 10.0 52.0 18.0 10.0 11.0 8.0 10.0 16.0 13.0 11.0 10.0 11.0 9.0 25.0 26.0 10.0 10.0 10.0 47.0 8.0 9.0 13.0 10.0 14.0 10.0 14.0 8.0 10.0 10.0 13.0 20.0 10.0 18.0 8.0 70.0 10.0 25.0 10.0 11.0 10.0 8.0 11.0 15.0 11.0 10.0 10.0 13.0 9.0 10.0 17.0 13.0 13.0 13.0 12.0 9.0 10.0 13.0 13.0 10.0 11.0 10.0 8.0 35.0 23.0 13.0 11.0 17.0 10.0 8.0 10.0 12.0 50.0 51.0 11.0 12.0 8.0 10.0 18.0 13.0 14.0 12.0 10.0 8.0 25.0 16.0 10.0 10.0 11.0 12.0 8.0 11.0 10.0 11.0 14.0 11.0 11.0 8.0 10.0 11.0 14.0 15.0 14.0 11.0 8.0 12.0 14.0 13.0 14.0 11.0 11.0 8.0 10.0 15.0 15.0 21.0 10.0 15.0 8.0 16.0 10.0 16.0 10.0 15.0 10.0 8.0 25.0 15.0 16.0 12.0 11.0 10.0 8.0 10.0 22.0 13.0 39.0 10.0 10.0 9.0 10.0 13.0 11.0 17.0 13.0 11.0 8.0 10.0 13.0 13.0 13.0 13.0 10.0 8.0 32.0 10.0 17.0 13.0 10.0 14.0 8.0 10.0 12.0 13.0 12.0 11.0 11.0 8.0 16.0 16.0 13.0 13.0 11.0 10.0 8.0 11.0 11.0 13.0 10.0 13.0 12.0 8.0 10.0 17.0 16.0 11.0 13.0 11.0 8.0 10.0 15.0 16.0 13.0 12.0 11.0 8.0 26.0 15.0 11.0 12.0 11.0 12.0 8.0 10.0 11.0 13.0 9.0 10.0 10.0 8.0 9.0 14.0 15.0 18.0 11.0 20.0 8.0 10.0 10.0 14.0 10.0 10.0 10.0 8.0 14.0 14.0 13.0 10.0 9.0 16.0 8.0 59.0 14.0 14.0 12.0 12.0 12.0 9.0 11.0 18.0 22.0 23.0 11.0 11.0 9.0 11.0 10.0 12.0 15.0 10.0 21.0 9.0 11.0 11.0 18.0 16.0 12.0 13.0 8.0 10.0 15.0 15.0 17.0 11.0 20.0 8.0 10.0 22.0 10.0 14.0 10.0 12.0 8.0 9.0 13.0 15.0 10.0 10.0 10.0 8.0 10.0 14.0 15.0 14.0 11.0 11.0 9.0 16.0 10.0 10.0 10.0 11.0 11.0 8.0 53.0 29.0 12.0 21.0 10.0 15.0 8.0 10.0 10.0 15.0 14.0 11.0 10.0 8.0 10.0 14.0 11.0 12.0 11.0 10.0 9.0 10.0 13.0 20.0 13.0 10.0 18.0 8.0 13.0 13.0 13.0 10.0 10.0 49.0 8.0 9.0 10.0 13.0 12.0 12.0 11.0 9.0 11.0 10.0 13.0 9.0 10.0 10.0 8.0 44.0 25.0 16.0 14.0 12.0 14.0 8.0 10.0 15.0 14.0 12.0 12.0 10.0 8.0 10.0 10.0 10.0 12.0 10.0 10.0 8.0 12.0 16.0 16.0 10.0 10.0 17.0 8.0 10.0 10.0 15.0 14.0 12.0 11.0 8.0 24.0 29.0 16.0 10.0 11.0 47.0 8.0 10.0 22.0 13.0 11.0 13.0 11.0 8.0 11.0 13.0 11.0 13.0 12.0 14.0 8.0 10.0 10.0 14.0 14.0 12.0 10.0 9.0 23.0 23.0 37.0 13.0 10.0 12.0 8.0 10.0 10.0 13.0 12.0 10.0 11.0 8.0 10.0 14.0 18.0 13.0 10.0 10.0 8.0 10.0 10.0 10.0 10.0 10.0 10.0 8.0 11.0 18.0 33.0 11.0 11.0 13.0 8.0 10.0 22.0 15.0 11.0 12.0 10.0 8.0 10.0 14.0 13.0 12.0 11.0 10.0 8.0 26.0 10.0 10.0 13.0 10.0 11.0 8.0 24.0 11.0 33.0 11.0 10.0 10.0 8.0 10.0 12.0 14.0 13.0 12.0 11.0 9.0 10.0 10.0 13.0 10.0 20.0 11.0 8.0 10.0 20.0 14.0 12.0 10.0 10.0 8.0 10.0 10.0 13.0 14.0 12.0 15.0 8.0 11.0 10.0 14.0 10.0 11.0 10.0 9.0 11.0 94.0 15.0 13.0 10.0 16.0 8.0 9.0 13.0 15.0 14.0 13.0 11.0 8.0 9.0 13.0 15.0 13.0 11.0 10.0
48 49 1 TRACE 85.0 60.0 53.0 45.0 35.0 32.0 27.0 8.0 17.0 13.0 14.0 29.0 32.0 14.0 7.0 15.0 10.0 10.0 10.0 11.0 11.0 79.0 68.0 43.0 40.0 35.0 67.0 38.0 8.0 14.0 13.0 13.0 14.0 14.0 14.0 8.0 9.0 10.0 10.0 10.0 12.0 10.0 61.0 61.0 45.0 39.0 34.0 28.0 25.0 8.0 12.0 11.0 13.0 30.0 17.0 17.0 8.0 12.0 10.0 10.0 10.0 13.0 12.0 60.0 56.0 41.0 39.0 33.0 30.0 26.0 8.0 11.0 12.0 12.0 11.0 14.0 12.0 7.0 10.0 10.0 9.0 10.0 11.0 10.0 47.0 51.0 39.0 37.0 32.0 29.0 25.0 7.0 10.0 11.0 11.0 11.0 14.0 10.0 7.0 11.0 20.0 10.0 10.0 10.0 9.0 47.0 39.0 37.0 39.0 32.0 47.0 28.0 43.0 51.0 44.0 37.0 37.0 27.0 41.0 8.0 10.0 11.0 12.0 11.0 17.0 11.0 7.0 13.0 10.0 10.0 10.0 13.0 11.0 93.0 59.0 53.0 44.0 35.0 30.0 27.0 10.0 19.0 18.0 19.0 19.0 20.0 19.0 7.0 16.0 10.0 10.0 10.0 10.0 9.0 54.0 52.0 38.0 34.0 43.0 27.0 26.0 30.0 47.0 40.0 32.0 31.0 43.0 30.0 7.0 10.0 10.0 10.0 10.0 10.0 10.0 7.0 13.0 10.0 14.0 9.0 12.0 11.0 90.0 58.0 43.0 40.0 38.0 31.0 29.0 11.0 24.0 24.0 23.0 69.0 22.0 19.0 8.0 12.0 10.0 11.0 10.0 10.0 10.0 84.0 63.0 48.0 38.0 35.0 36.0 27.0 13.0 25.0 27.0 25.0 25.0 21.0 21.0 7.0 10.0 41.0 10.0 10.0 11.0 10.0 54.0 46.0 39.0 40.0 31.0 38.0 26.0 30.0 43.0 34.0 34.0 31.0 25.0 25.0 7.0 9.0 9.0 11.0 10.0 13.0 10.0 8.0 10.0 10.0 11.0 10.0 14.0 11.0 87.0 57.0 44.0 38.0 38.0 28.0 30.0 12.0 40.0 23.0 23.0 24.0 34.0 25.0 7.0 13.0 10.0 10.0 10.0 11.0 9.0 57.0 60.0 44.0 38.0 33.0 30.0 28.0 8.0 13.0 11.0 11.0 11.0 15.0 11.0 7.0 9.0 9.0 10.0 10.0 11.0 10.0 93.0 74.0 44.0 39.0 35.0 31.0 26.0 10.0 19.0 19.0 18.0 25.0 45.0 18.0 7.0 12.0 10.0 10.0 9.0 13.0 10.0 44.0 44.0 35.0 35.0 31.0 27.0 25.0 42.0 50.0 40.0 37.0 33.0 29.0 25.0 8.0 28.0 10.0 11.0 10.0 11.0 12.0 8.0 41.0 10.0 10.0 11.0 16.0 10.0 78.0 107.0 42.0 37.0 34.0 30.0 32.0 15.0 37.0 30.0 28.0 26.0 23.0 21.0 7.0 14.0 10.0 11.0 10.0 11.0 10.0 82.0 61.0 43.0 60.0 34.0 29.0 35.0 13.0 25.0 30.0 25.0 25.0 23.0 22.0 7.0 12.0 10.0 9.0 10.0 13.0 10.0 85.0 65.0 43.0 38.0 37.0 29.0 27.0 13.0 25.0 26.0 29.0 22.0 23.0 24.0 8.0 11.0 14.0 10.0 10.0 12.0 11.0 68.0 57.0 40.0 40.0 34.0 28.0 27.0 19.0 34.0 30.0 31.0 31.0 40.0 23.0 7.0 51.0 11.0 11.0 10.0 15.0 10.0 7.0 13.0 14.0 10.0 10.0 12.0 50.0 55.0 46.0 41.0 41.0 32.0 28.0 27.0 30.0 41.0 36.0 34.0 35.0 29.0 29.0 7.0 10.0 12.0 10.0 10.0 14.0 10.0 8.0 15.0 9.0 10.0 10.0 43.0 10.0 59.0 57.0 47.0 40.0 37.0 36.0 27.0 8.0 12.0 12.0 12.0 13.0 11.0 22.0 8.0 11.0 10.0 10.0 10.0 35.0 10.0 50.0 44.0 37.0 34.0 31.0 27.0 26.0 36.0 81.0 37.0 32.0 33.0 36.0 26.0 8.0 11.0 11.0 12.0 11.0 13.0 11.0 7.0 18.0 11.0 10.0 10.0 11.0 13.0 89.0 59.0 47.0 43.0 34.0 30.0 26.0 11.0 24.0 21.0 21.0 22.0 20.0 19.0 7.0 54.0 13.0 10.0 9.0 10.0 12.0 59.0 60.0 46.0 39.0 33.0 34.0 26.0 8.0 13.0 12.0 13.0 12.0 12.0 14.0 7.0 12.0 11.0 10.0 10.0 13.0 12.0 46.0 76.0 46.0 37.0 33.0 28.0 28.0 8.0 10.0 12.0 11.0 11.0 13.0 11.0 8.0 11.0 12.0 10.0 10.0 12.0 11.0 90.0 68.0 58.0 41.0 36.0 31.0 27.0 10.0 21.0 50.0 55.0 21.0 21.0 19.0 7.0 9.0 11.0 10.0 9.0 13.0 10.0 59.0 49.0 39.0 37.0 33.0 31.0 25.0 24.0 66.0 35.0 35.0 31.0 32.0 28.0 8.0 9.0 12.0 11.0 10.0 14.0 11.0 8.0 12.0 11.0 48.0 10.0 14.0 10.0 82.0 60.0 43.0 70.0 36.0 29.0 28.0 13.0 27.0 25.0 25.0 24.0 27.0 20.0 8.0 11.0 11.0 10.0 10.0 13.0 10.0 77.0 57.0 45.0 39.0 69.0 71.0 34.0 14.0 28.0 38.0 27.0 24.0 29.0 22.0 7.0 9.0 9.0 10.0 10.0 11.0 9.0 91.0 69.0 44.0 38.0 37.0 52.0 28.0 10.0 18.0 18.0 19.0 18.0 19.0 18.0 7.0 10.0 13.0 10.0 10.0 10.0 11.0 89.0 68.0 47.0 41.0 37.0 30.0 26.0 9.0 22.0 16.0 26.0 17.0 18.0 18.0 8.0 10.0 12.0 10.0 10.0 11.0 9.0 95.0 63.0 79.0 40.0 33.0 29.0 32.0 11.0 22.0 21.0 21.0 21.0 19.0 18.0 7.0 13.0 11.0 10.0 10.0 14.0 9.0 94.0 66.0 46.0 41.0 34.0 28.0 26.0 9.0 19.0 18.0 18.0 18.0 17.0 17.0 8.0 10.0 11.0 10.0 10.0 11.0 10.0 61.0 51.0 43.0 38.0 32.0 28.0 27.0 22.0 42.0 35.0 32.0 31.0 25.0 25.0 7.0 10.0 11.0 11.0 10.0 16.0 18.0 7.0 13.0 13.0 10.0 10.0 12.0 11.0 79.0 55.0 43.0 36.0 32.0 28.0 33.0 13.0 27.0 29.0 28.0 25.0 25.0 21.0 7.0 9.0 10.0 9.0 11.0 12.0 12.0 75.0 69.0 60.0 39.0 34.0 29.0 26.0 15.0 30.0 27.0 27.0 26.0 23.0 23.0 7.0 10.0 10.0 11.0 10.0 12.0 11.0 46.0 42.0 36.0 32.0 30.0 29.0 26.0 41.0 56.0 38.0 34.0 34.0 27.0 24.0 8.0 12.0 11.0 12.0 11.0 11.0 12.0 8.0 14.0 11.0 10.0 10.0 14.0 9.0 49.0 45.0 38.0 36.0 30.0 26.0 25.0 37.0 48.0 37.0 35.0 32.0 27.0 24.0 8.0 11.0 11.0 11.0 11.0 12.0 12.0 7.0 9.0 11.0 10.0 10.0 12.0 10.0 60.0 53.0 43.0 39.0 34.0 28.0 26.0 22.0 38.0 34.0 33.0 29.0 27.0 23.0 8.0 10.0 14.0 12.0 11.0 12.0 11.0 8.0 11.0 11.0 10.0 11.0 13.0 10.0 74.0 59.0 44.0 35.0 48.0 37.0 26.0 15.0 34.0 30.0 28.0 25.0 30.0 22.0 7.0 19.0 10.0 10.0 10.0 15.0 11.0 49.0 47.0 41.0 36.0 31.0 29.0 26.0 37.0 45.0 39.0 37.0 32.0 28.0 25.0 7.0 11.0 11.0 11.0 11.0 13.0 10.0 8.0 10.0 11.0 11.0 11.0 14.0 10.0 55.0 53.0 44.0 37.0 32.0 27.0 32.0 28.0 43.0 36.0 34.0 33.0 25.0 30.0 8.0 10.0 11.0 10.0 11.0 13.0 11.0 7.0 9.0 12.0 10.0 10.0 13.0 10.0 77.0 55.0 43.0 43.0 33.0 28.0 30.0 15.0 30.0 27.0 25.0 26.0 25.0 25.0 7.0 10.0 18.0 11.0 14.0 10.0 11.0 63.0 49.0 45.0 40.0 33.0 27.0 26.0 21.0 38.0 31.0 37.0 29.0 25.0 24.0 8.0 10.0 11.0 10.0 10.0 13.0 13.0 7.0 10.0 11.0 10.0 12.0 12.0 11.0 92.0 58.0 43.0 40.0 33.0 29.0 28.0 11.0 26.0 21.0 20.0 25.0 22.0 18.0 8.0 10.0 12.0 9.0 10.0 11.0 14.0 59.0 54.0 42.0 41.0 32.0 26.0 29.0 24.0 38.0 32.0 37.0 28.0 29.0 23.0 7.0 9.0 11.0 11.0 11.0 12.0 11.0 7.0 11.0 13.0 10.0 10.0 13.0 53.0 89.0 61.0 50.0 41.0 35.0 34.0 29.0 11.0 81.0 25.0 21.0 22.0 19.0 20.0 7.0 14.0 11.0 10.0 10.0 14.0 10.0 90.0 63.0 57.0 46.0 36.0 30.0 32.0 9.0 16.0 17.0 18.0 17.0 18.0 20.0 7.0 9.0 12.0 10.0 9.0 11.0 48.0 46.0 53.0 39.0 38.0 35.0 28.0 26.0 8.0 11.0 13.0 11.0 11.0 13.0 10.0 7.0 13.0 10.0 10.0 9.0 11.0 11.0 92.0 71.0 45.0 41.0 35.0 30.0 26.0 9.0 17.0 17.0 17.0 18.0 19.0 18.0 8.0 9.0 12.0 10.0 10.0 13.0 11.0 80.0 61.0 44.0 39.0 37.0 28.0 28.0 8.0 13.0 15.0 14.0 15.0 13.0 13.0 7.0 10.0 13.0 11.0 11.0 12.0 11.0 75.0 80.0 55.0 39.0 35.0 29.0 27.0 15.0 53.0 28.0 29.0 28.0 23.0 26.0 8.0 40.0 11.0 10.0 11.0 12.0 9.0 43.0 42.0 37.0 35.0 30.0 25.0 27.0 41.0 50.0 39.0 36.0 35.0 60.0 53.0 7.0 11.0 11.0 12.0 12.0 50.0 11.0 7.0 38.0 13.0 10.0 11.0 10.0 11.0 87.0 60.0 43.0 45.0 36.0 29.0 30.0 12.0 25.0 31.0 25.0 23.0 20.0 20.0 8.0 10.0 12.0 10.0 10.0 12.0 11.0 59.0 51.0 71.0 35.0 31.0 36.0 28.0 24.0 42.0 35.0 34.0 30.0 25.0 25.0 8.0 10.0 11.0 11.0 11.0 18.0 11.0 7.0 14.0 18.0 9.0 10.0 19.0 10.0 91.0 61.0 54.0 40.0 36.0 60.0 61.0 9.0 18.0 19.0 18.0 19.0 19.0 18.0 7.0 9.0 9.0 10.0 10.0 12.0 11.0 73.0 66.0 53.0 42.0 33.0 32.0 27.0 8.0 12.0 16.0 13.0 13.0 17.0 13.0 7.0 27.0 11.0 10.0 10.0 13.0 10.0 57.0 80.0 40.0 37.0 32.0 29.0 26.0 27.0 44.0 35.0 38.0 29.0 29.0 24.0 8.0 10.0 11.0 11.0 10.0 51.0 11.0 7.0 10.0 9.0 10.0 36.0 13.0 11.0 74.0 63.0 42.0 37.0 57.0 31.0 32.0 16.0 29.0 28.0 29.0 26.0 23.0 26.0 7.0 9.0 9.0 11.0 10.0 12.0 9.0 90.0 63.0 46.0 45.0 36.0 29.0 27.0 9.0 20.0 54.0 21.0 19.0 20.0 16.0 7.0 18.0 10.0 10.0 10.0 10.0 9.0 69.0 60.0 47.0 36.0 34.0 29.0 26.0 17.0 43.0 30.0 30.0 28.0 37.0 22.0 7.0 10.0 10.0 10.0 10.0 14.0 11.0 8.0 15.0 10.0 10.0 10.0 14.0 10.0 88.0 61.0 59.0 40.0 36.0 33.0 27.0 11.0 31.0 22.0 21.0 23.0 23.0 19.0 7.0 10.0 14.0 10.0 10.0 12.0 11.0 84.0 67.0 48.0 38.0 32.0 29.0 29.0 9.0 21.0 17.0 17.0 17.0 16.0 14.0 8.0 9.0 11.0 10.0 10.0 12.0 10.0 43.0 42.0 39.0 37.0 30.0 26.0 26.0 42.0 47.0 43.0 37.0 32.0 27.0 28.0 7.0 10.0 12.0 11.0 11.0 14.0 11.0 7.0 9.0 11.0 10.0 11.0 14.0 11.0
49 47 1 TRACE 642.0 585.0 536.0 517.0 501.0 456.0 140.0 128.0 129.0 126.0 1408.0 1203.0 87.0 86.0 88.0 84.0 87.0 86.0 423.0 340.0 300.0 274.0 249.0 245.0 136.0 127.0 134.0 127.0 122.0 122.0 136.0 88.0 87.0 86.0 87.0 87.0 364.0 304.0 265.0 243.0 229.0 213.0 112.0 106.0 110.0 105.0 104.0 103.0 86.0 86.0 87.0 94.0 89.0 123.0 372.0 303.0 266.0 247.0 230.0 214.0 110.0 104.0 107.0 122.0 103.0 111.0 87.0 87.0 86.0 86.0 86.0 85.0 331.0 285.0 255.0 237.0 233.0 208.0 98.0 95.0 98.0 95.0 96.0 92.0 126.0 86.0 86.0 84.0 93.0 86.0 810.0 771.0 708.0 719.0 641.0 662.0 340.0 278.0 255.0 235.0 222.0 206.0 94.0 95.0 97.0 94.0 94.0 90.0 88.0 87.0 88.0 86.0 86.0 85.0 558.0 413.0 344.0 312.0 288.0 270.0 177.0 165.0 162.0 158.0 154.0 158.0 156.0 87.0 115.0 85.0 124.0 85.0 757.0 662.0 586.0 495.0 435.0 414.0 285.0 264.0 257.0 226.0 214.0 200.0 89.0 91.0 90.0 91.0 96.0 88.0 86.0 86.0 88.0 87.0 86.0 119.0 636.0 464.0 426.0 340.0 315.0 291.0 194.0 177.0 174.0 170.0 165.0 161.0 86.0 95.0 87.0 85.0 87.0 84.0 761.0 538.0 422.0 390.0 337.0 316.0 214.0 201.0 197.0 186.0 211.0 174.0 86.0 88.0 87.0 85.0 90.0 86.0 742.0 645.0 570.0 484.0 425.0 392.0 369.0 260.0 241.0 232.0 214.0 201.0 91.0 90.0 93.0 93.0 90.0 94.0 115.0 87.0 87.0 87.0 86.0 84.0 694.0 498.0 418.0 354.0 351.0 302.0 205.0 192.0 192.0 180.0 176.0 169.0 86.0 87.0 87.0 87.0 88.0 94.0 341.0 294.0 265.0 242.0 231.0 212.0 129.0 100.0 107.0 102.0 97.0 97.0 112.0 90.0 87.0 86.0 87.0 84.0 536.0 414.0 347.0 311.0 282.0 266.0 183.0 162.0 160.0 156.0 173.0 148.0 87.0 87.0 86.0 97.0 86.0 85.0 762.0 675.0 625.0 573.0 517.0 478.0 313.0 275.0 250.0 233.0 221.0 205.0 93.0 93.0 177.0 94.0 94.0 91.0 85.0 93.0 90.0 112.0 86.0 86.0 743.0 551.0 458.0 380.0 364.0 314.0 237.0 216.0 206.0 199.0 190.0 194.0 89.0 88.0 88.0 86.0 90.0 85.0 723.0 519.0 421.0 369.0 336.0 307.0 212.0 201.0 199.0 187.0 182.0 174.0 90.0 85.0 88.0 85.0 86.0 98.0 687.0 502.0 429.0 364.0 330.0 307.0 209.0 196.0 188.0 182.0 193.0 171.0 89.0 117.0 88.0 85.0 85.0 85.0 747.0 591.0 480.0 430.0 375.0 345.0 257.0 237.0 221.0 209.0 201.0 191.0 93.0 87.0 94.0 86.0 88.0 86.0 87.0 87.0 86.0 84.0 90.0 84.0 744.0 673.0 570.0 523.0 435.0 426.0 289.0 266.0 240.0 225.0 215.0 200.0 101.0 92.0 89.0 89.0 88.0 88.0 86.0 90.0 86.0 85.0 85.0 86.0 386.0 322.0 285.0 281.0 230.0 221.0 104.0 101.0 104.0 101.0 102.0 96.0 97.0 85.0 84.0 83.0 83.0 81.0 781.0 675.0 592.0 529.0 470.0 443.0 296.0 265.0 238.0 228.0 213.0 188.0 98.0 91.0 88.0 86.0 86.0 88.0 85.0 86.0 80.0 80.0 80.0 81.0 617.0 469.0 381.0 341.0 307.0 280.0 223.0 162.0 157.0 152.0 150.0 146.0 82.0 118.0 81.0 82.0 86.0 80.0 349.0 301.0 264.0 236.0 220.0 200.0 107.0 98.0 103.0 96.0 94.0 92.0 108.0 84.0 81.0 82.0 81.0 79.0 324.0 284.0 250.0 230.0 214.0 196.0 92.0 89.0 93.0 90.0 90.0 90.0 92.0 81.0 81.0 80.0 80.0 80.0 582.0 423.0 355.0 319.0 295.0 265.0 164.0 152.0 183.0 175.0 142.0 138.0 89.0 87.0 84.0 81.0 82.0 123.0 729.0 605.0 506.0 438.0 397.0 370.0 268.0 247.0 224.0 207.0 196.0 182.0 87.0 84.0 87.0 85.0 84.0 81.0 86.0 81.0 82.0 83.0 80.0 80.0 698.0 500.0 424.0 371.0 342.0 298.0 200.0 185.0 177.0 170.0 163.0 157.0 96.0 82.0 83.0 81.0 82.0 81.0 756.0 520.0 429.0 374.0 336.0 318.0 245.0 193.0 187.0 175.0 170.0 161.0 92.0 94.0 84.0 81.0 82.0 89.0 506.0 388.0 326.0 292.0 266.0 237.0 163.0 143.0 139.0 133.0 132.0 128.0 81.0 80.0 81.0 81.0 116.0 81.0 472.0 360.0 312.0 275.0 255.0 228.0 147.0 140.0 130.0 127.0 124.0 122.0 81.0 82.0 81.0 81.0 82.0 86.0 611.0 443.0 369.0 326.0 297.0 270.0 224.0 164.0 152.0 149.0 146.0 141.0 80.0 81.0 81.0 81.0 82.0 86.0 449.0 353.0 306.0 270.0 248.0 226.0 183.0 139.0 128.0 125.0 157.0 124.0 98.0 85.0 82.0 81.0 81.0 118.0 746.0 608.0 509.0 434.0 387.0 356.0 281.0 243.0 221.0 204.0 193.0 182.0 84.0 84.0 85.0 84.0 125.0 156.0 81.0 109.0 80.0 81.0 79.0 80.0 713.0 516.0 426.0 413.0 357.0 321.0 206.0 259.0 213.0 175.0 172.0 161.0 88.0 87.0 90.0 82.0 83.0 82.0 708.0 551.0 434.0 380.0 342.0 315.0 221.0 203.0 194.0 191.0 174.0 165.0 82.0 82.0 85.0 82.0 82.0 81.0 745.0 690.0 658.0 574.0 519.0 505.0 328.0 278.0 253.0 252.0 209.0 192.0 101.0 87.0 100.0 87.0 124.0 86.0 80.0 81.0 83.0 81.0 81.0 80.0 790.0 680.0 600.0 531.0 483.0 430.0 304.0 269.0 239.0 217.0 205.0 188.0 90.0 88.0 88.0 87.0 86.0 86.0 92.0 85.0 89.0 81.0 80.0 81.0 816.0 663.0 531.0 431.0 403.0 351.0 266.0 243.0 219.0 214.0 194.0 183.0 84.0 84.0 87.0 84.0 84.0 83.0 837.0 82.0 81.0 116.0 81.0 81.0 716.0 533.0 434.0 400.0 345.0 310.0 219.0 206.0 197.0 182.0 214.0 167.0 84.0 82.0 83.0 81.0 87.0 82.0 774.0 740.0 590.0 516.0 476.0 430.0 352.0 286.0 243.0 221.0 207.0 199.0 89.0 89.0 90.0 88.0 87.0 85.0 82.0 88.0 82.0 82.0 80.0 80.0 742.0 634.0 550.0 467.0 420.0 379.0 279.0 254.0 228.0 212.0 200.0 185.0 86.0 86.0 86.0 123.0 85.0 113.0 89.0 118.0 81.0 82.0 81.0 81.0 698.0 525.0 435.0 379.0 347.0 310.0 210.0 197.0 194.0 180.0 172.0 162.0 81.0 82.0 83.0 87.0 83.0 81.0 755.0 625.0 489.0 460.0 377.0 365.0 280.0 237.0 219.0 201.0 194.0 178.0 84.0 89.0 85.0 83.0 83.0 82.0 80.0 82.0 82.0 88.0 81.0 80.0 615.0 454.0 380.0 346.0 308.0 281.0 180.0 166.0 160.0 187.0 150.0 145.0 80.0 103.0 83.0 83.0 80.0 81.0 743.0 616.0 515.0 443.0 395.0 355.0 265.0 253.0 222.0 206.0 199.0 180.0 84.0 88.0 85.0 85.0 84.0 84.0 80.0 82.0 81.0 81.0 81.0 80.0 651.0 445.0 370.0 324.0 299.0 268.0 170.0 161.0 152.0 156.0 146.0 143.0 81.0 83.0 85.0 82.0 82.0 81.0 501.0 368.0 311.0 279.0 316.0 267.0 154.0 137.0 134.0 163.0 126.0 124.0 92.0 85.0 81.0 82.0 80.0 81.0 328.0 289.0 254.0 231.0 219.0 198.0 92.0 90.0 92.0 91.0 89.0 88.0 80.0 81.0 80.0 82.0 79.0 80.0 454.0 350.0 298.0 268.0 276.0 223.0 151.0 135.0 126.0 123.0 120.0 118.0 96.0 86.0 82.0 81.0 80.0 80.0 434.0 326.0 291.0 256.0 232.0 214.0 132.0 126.0 116.0 115.0 115.0 109.0 82.0 85.0 81.0 82.0 81.0 81.0 735.0 571.0 442.0 387.0 348.0 335.0 219.0 209.0 199.0 183.0 177.0 166.0 84.0 83.0 83.0 83.0 83.0 116.0 774.0 670.0 623.0 569.0 521.0 467.0 335.0 280.0 243.0 222.0 208.0 192.0 90.0 88.0 89.0 87.0 86.0 87.0 82.0 82.0 82.0 81.0 85.0 81.0 704.0 482.0 431.0 350.0 319.0 290.0 184.0 174.0 164.0 162.0 157.0 151.0 90.0 88.0 82.0 82.0 81.0 81.0 752.0 617.0 498.0 447.0 388.0 356.0 264.0 242.0 223.0 206.0 196.0 181.0 86.0 85.0 86.0 84.0 85.0 83.0 82.0 86.0 95.0 82.0 81.0 81.0 515.0 387.0 321.0 289.0 262.0 238.0 177.0 137.0 137.0 138.0 129.0 126.0 81.0 86.0 85.0 81.0 81.0 80.0 381.0 312.0 276.0 244.0 231.0 219.0 153.0 108.0 111.0 107.0 107.0 102.0 85.0 108.0 84.0 81.0 82.0 80.0 750.0 649.0 548.0 467.0 432.0 377.0 281.0 250.0 228.0 209.0 198.0 184.0 87.0 86.0 87.0 84.0 84.0 117.0 121.0 80.0 82.0 88.0 81.0 79.0 721.0 542.0 442.0 391.0 341.0 313.0 221.0 205.0 195.0 182.0 207.0 166.0 86.0 86.0 83.0 88.0 81.0 89.0 447.0 414.0 342.0 269.0 247.0 224.0 142.0 136.0 123.0 124.0 120.0 119.0 80.0 83.0 83.0 82.0 86.0 80.0 746.0 580.0 475.0 407.0 370.0 334.0 235.0 221.0 203.0 192.0 182.0 171.0 91.0 89.0 87.0 83.0 82.0 82.0 118.0 81.0 85.0 80.0 81.0 80.0 600.0 447.0 374.0 327.0 299.0 269.0 170.0 161.0 152.0 149.0 147.0 143.0 80.0 81.0 85.0 81.0 81.0 82.0 430.0 335.0 287.0 260.0 269.0 216.0 137.0 122.0 120.0 133.0 115.0 113.0 83.0 125.0 84.0 81.0 81.0 81.0 760.0 698.0 632.0 578.0 520.0 477.0 308.0 275.0 241.0 223.0 209.0 191.0 90.0 87.0 90.0 88.0 86.0 87.0 101.0 82.0 82.0 81.0 80.0 82.0
49 50 1 TRACE 58.0 1777.0 86.0 691.0 86.0 108.0 133.0 104.0 71.0 156.0 1296.0 1094.0 98.0 80.0 50.0 168.0 75.0 61.0 59.0 179.0 197.0 43.0 200.0 104.0 224.0 82.0 100.0 45.0 45.0 203.0 48.0 40.0 250.0 168.0 74.0 195.0 95.0 129.0 123.0 161.0 58.0 109.0 57.0 43.0 41.0 219.0 99.0 35.0 36.0 105.0 838.0 150.0 150.0 127.0 722.0 269.0 45.0 61.0 137.0 126.0 44.0 37.0 86.0 273.0 112.0 729.0 196.0 249.0 104.0 102.0 78.0 69.0 153.0 137.0 92.0 73.0 342.0 101.0 106.0 585.0 157.0 86.0 117.0 46.0 40.0 409.0 109.0 82.0 38.0 172.0 118.0 138.0 101.0 138.0 94.0 100.0 103.0 180.0 199.0 101.0 67.0 211.0 96.0 87.0 126.0 72.0 34.0 214.0 146.0 44.0 165.0 439.0 107.0 91.0 155.0 126.0 157.0 216.0 122.0 76.0 102.0 180.0 264.0 79.0 116.0 117.0 99.0 63.0 53.0 199.0 113.0 133.0 121.0 319.0 179.0 101.0 226.0 204.0 31.0 185.0 166.0 297.0 130.0 46.0 156.0 303.0 97.0 149.0 1224.0 183.0 206.0 174.0 134.0 136.0 164.0 57.0 177.0 94.0 74.0 66.0 143.0 112.0 65.0 122.0 148.0 133.0 142.0 181.0 150.0 263.0 81.0 31.0 188.0 113.0 56.0 70.0 185.0 141.0 119.0 309.0 142.0 152.0 88.0 56.0 63.0 259.0 735.0 143.0 46.0 492.0 123.0 84.0 34.0 934.0 228.0 54.0 87.0 139.0 1107.0 51.0 182.0 188.0 125.0 222.0 50.0 101.0 249.0 210.0 31.0 112.0 58.0 76.0 87.0
50 25 1 TRACE 34.0 24.0 23.0 34.0 24.0 23.0 26.0 58.0 26.0 28.0 24.0 26.0 24.0 25.0 23.0 27.0 30.0 25.0 25.0 44.0 25.0 25.0 25.0 25.0 22.0 26.0 24.0 25.0 26.0 27.0 24.0 25.0 27.0 25.0 27.0 29.0 27.0 24.0 27.0 26.0 23.0 22.0 27.0 23.0 26.0 22.0 29.0 27.0 22.0 25.0 23.0 28.0 25.0 32.0 24.0 28.0 24.0 42.0 27.0 24.0 27.0 26.0 23.0 23.0
50 41 1 TRACE 9.0 9.0 8.0 9.0 9.0 8.0 9.0 9.0 9.0 8.0 11.0 8.0 8.0 8.0 9.0 9.0 8.0 8.0 9.0 9.0 9.0 9.0 9.0 9.0 9.0 9.0 8.0 9.0 8.0 9.0 9.0 8.0 9.0 8.0 8.0 8.0 9.0 8.0 8.0 8.0 9.0 9.0 9.0 9.0 8.0 9.0 8.0 9.0 9.0 8.0 8.0 8.0 8.0 8.0 8.0 9.0 8.0 9.0 8.0 9.0 9.0 8.0 9.0 9.0 9.0 9.0 9.0 9.0 8.0 8.0 8.0 8.0 9.0 9.0 9.0 9.0 8.0 8.0 8.0 9.0 9.0 8.0 9.0 8.0 9.0 8.0 8.0 9.0 9.0 9.0 8.0 8.0 9.0 9.0 8.0 9.0 9.0 9.0 9.0 8.0 8.0 8.0 8.0 8.0 9.0 9.0 9.0 9.0 8.0 8.0 9.0 8.0 8.0 8.0 8.0 9.0 8.0 8.0 9.0 8.0 9.0 9.0 8.0 9.0 9.0 8.0 9.0 11.0 8.0 9.0 9.0 8.0 9.0 9.0 9.0 9.0 8.0 8.0 8.0 9.0 8.0 9.0 9.0 8.0 9.0 8.0 9.0 9.0 8.0
51 52 1 TRACE 1560.0 1479.0 1490.0 1457.0 1461.0 1485.0 1659.0 1458.0 1460.0 1460.0 1452.0 1459.0 1471.0 1471.0 1470.0 1473.0 1485.0 1456.0 1462.0 2098.0 2010.0 1430.0 1424.0 1435.0 1424.0 1457.0 1434.0 1405.0 1434.0 1421.0 1428.0 1479.0 1450.0 1421.0 1400.0 1396.0 1443.0 1443.0 1435.0 1426.0 1430.0 1440.0 1417.0 1413.0 1429.0 1396.0 1422.0 1418.0 1434.0 1425.0 1408.0 1440.0 1415.0 1405.0 1441.0 1418.0 1423.0 1709.0 1405.0 1427.0 1431.0 1449.0 1422.0 1420.0
52 53 1 TRACE 72.0 69.0 53.0 52.0 85.0 65.0 59.0 61.0 53.0 89.0 70.0 51.0 83.0 78.0 53.0 52.0 48.0 73.0 71.0 163.0 61.0 57.0 57.0 83.0 84.0 56.0 61.0 56.0 53.0 51.0 84.0 86.0 86.0 55.0 60.0 116.0 52.0 50.0 586.0 86.0 57.0 61.0 56.0 49.0 57.0 83.0 84.0 52.0 52.0 57.0 89.0 59.0 52.0 63.0 60.0 56.0 83.0 57.0 56.0 50.0 49.0 120.0 70.0 51.0
53 54 1 TRACE 28.0 15.0 24.0 21.0 23.0 23.0 23.0 110.0 57.0 57.0 19.0 23.0 23.0 21.0 20.0 22.0 22.0 56.0 26.0 33.0 21.0 20.0 21.0 22.0 20.0 19.0 46.0 22.0 63.0 21.0 19.0 22.0 22.0 20.0 20.0 72.0 22.0 19.0 32.0 22.0 18.0 20.0 21.0 22.0 22.0 21.0 21.0 24.0 54.0 21.0 21.0 20.0 21.0 21.0 20.0 18.0 18.0 19.0 22.0 17.0 16.0 25.0 19.0 17.0
54 55 1 TRACE 45.0 18.0 27.0 19.0 19.0 19.0 19.0 19.0 19.0 19.0 18.0 31.0 19.0 19.0 20.0 18.0 20.0 19.0 19.0 25.0 19.0 18.0 19.0 19.0 19.0 19.0 18.0 19.0 19.0 18.0 19.0 18.0 18.0 18.0 19.0 18.0 19.0 19.0 20.0 19.0 20.0 19.0 19.0 19.0 18.0 18.0 19.0 19.0 18.0 19.0 18.0 21.0 19.0 19.0 19.0 18.0 19.0 19.0 18.0 19.0 20.0 18.0 19.0 20.0
55 56 1 TRACE 11.0 7.0 8.0 7.0 7.0 7.0 7.0 7.0 7.0 7.0 7.0 8.0 8.0 7.0 7.0 7.0 7.0 7.0 7.0 21.0 7.0 7.0 7.0 7.0 7.0 7.0 7.0 7.0 7.0 7.0 7.0 7.0 8.0 7.0 7.0 7.0 8.0 8.0 7.0 7.0 7.0 7.0 7.0 7.0 7.0 7.0 8.0 7.0 7.0 7.0 7.0 7.0 7.0 7.0 7.0 7.0 7.0 7.0 7.0 7.0 7.0 7.0 7.0 7.0
56 57 1 TRACE 22.0 6.0 6.0 7.0 7.0 14.0 7.0 7.0 7.0 6.0 6.0 7.0 7.0 7.0 6.0 6.0 7.0 7.0 7.0 8.0 6.0 7.0 7.0 7.0 7.0 7.0 7.0 7.0 6.0 7.0 7.0 7.0 6.0 7.0 7.0 7.0 7.0 6.0 7.0 7.0 7.0 7.0 7.0 7.0 7.0 7.0 7.0 7.0 7.0 6.0 7.0 7.0 21.0 7.0 7.0 7.0 7.0 7.0 13.0 7.0 7.0 6.0 7.0 7.0
57 58 1 TRACE 11.0 7.0 7.0 6.0 7.0 7.0 7.0 7.0 7.0 7.0 7.0 7.0 7.0 7.0 7.0 7.0 7.0 7.0 7.0 21.0 7.0 7.0 7.0 7.0 7.0 7.0 7.0 7.0 7.0 7.0 6.0 7.0 7.0 7.0 6.0 7.0 7.0 7.0 7.0 7.0 7.0 7.0 6.0 7.0 6.0 7.0 7.0 7.0 7.0 7.0 6.0 7.0 8.0 6.0 7.0 7.0 7.0 7.0 7.0 7.0 7.0 7.0 7.0 7.0
58 59 1 TRACE 16.0 8.0 8.0 8.0 8.0 8.0 8.0 8.0 8.0 8.0 8.0 8.0 8.0 8.0 8.0 8.0 8.0 8.0 8.0 10.0 8.0 8.0 8.0 8.0 9.0 8.0 8.0 8.0 8.0 8.0 8.0 8.0 8.0 8.0 8.0 7.0 8.0 8.0 8.0 8.0 8.0 8.0 8.0 8.0 8.0 8.0 8.0 8.0 8.0 8.0 8.0 7.0 9.0 8.0 8.0 8.0 8.0 8.0 8.0 8.0 8.0 8.0 8.0 8.0
59 60 1 TRACE 8.0 6.0 6.0 7.0 7.0 7.0 7.0 6.0 7.0 7.0 6.0 19.0 6.0 7.0 6.0 18.0 7.0 6.0 7.0 21.0 6.0 7.0 7.0 7.0 7.0 7.0 7.0 7.0 6.0 7.0 7.0 6.0 7.0 7.0 7.0 7.0 6.0 7.0 7.0 7.0 7.0 7.0 7.0 6.0 7.0 6.0 7.0 7.0 7.0 7.0 7.0 7.0 8.0 7.0 7.0 6.0 7.0 7.0 7.0 7.0 7.0 6.0 7.0 7.0
60 61 1 TRACE 7.0 19.0 19.0 19.0 18.0 19.0 18.0 19.0 8.0 19.0 19.0 7.0 19.0 19.0 19.0 8.0 18.0 19.0 18.0 9.0 19.0 19.0 18.0 18.0 19.0 19.0 19.0 18.0 19.0 19.0 7.0 7.0 19.0 19.0 18.0 18.0 19.0 19.0 18.0 19.0 18.0 19.0 18.0 19.0 10.0 19.0 19.0 18.0 18.0 19.0 18.0 19.0 7.0 18.0 19.0 19.0 19.0 19.0 18.0 19.0 18.0 19.0 18.0 18.0
61 62 1 TRACE 8.0 7.0 7.0 7.0 8.0 7.0 8.0 7.0 7.0 7.0 7.0 18.0 7.0 7.0 7.0 7.0 7.0 7.0 8.0 8.0 7.0 7.0 7.0 7.0 7.0 7.0 7.0 7.0 7.0 7.0 7.0 18.0 7.0 8.0 7.0 8.0 7.0 7.0 7.0 7.0 8.0 7.0 8.0 7.0 8.0 7.0 7.0 7.0 7.0 7.0 7.0 7.0 7.0 8.0 7.0 7.0 7.0 7.0 7.0 7.0 7.0 7.0 7.0 7.0
62 1 1 TRACE 36.0 21.0 23.0 23.0 23.0 24.0 23.0 22.0 24.0 21.0 23.0 22.0 25.0 23.0 22.0 23.0 31.0 22.0 23.0 27.0 22.0 23.0 22.0 23.0 34.0 23.0 23.0 23.0 22.0 23.0 25.0 22.0 22.0 23.0 22.0 31.0 23.0 23.0 24.0 23.0 24.0 26.0 23.0 27.0 39.0 22.0 26.0 22.0 23.0 22.0 23.0 30.0 38.0 22.0 22.0 22.0 22.0 26.0 24.0 23.0 25.0 22.0 22.0
