0 1 1 TRACE 1672852806303338.0
1 2 1 TRACE 10910.0 401.0 410.0 377.0 369.0 437.0 372.0 374.0 401.0 388.0 398.0 428.0 420.0 400.0 396.0 367.0 378.0 397.0 409.0 370.0 381.0 394.0 382.0 398.0 376.0 378.0 404.0 376.0 406.0 379.0 371.0 378.0 422.0 420.0 374.0 394.0 378.0 366.0 373.0 370.0 366.0 369.0 367.0 380.0 369.0 376.0 370.0 382.0 377.0 370.0 377.0 376.0 358.0 407.0 370.0 391.0 374.0 367.0 400.0 381.0 374.0 413.0 374.0 394.0
2 3 1 TRACE 299.0 26.0 34.0 40.0 36.0 35.0 33.0 35.0 34.0 35.0 132.0 35.0 33.0 35.0 34.0 33.0 34.0 35.0 34.0 33.0 35.0 34.0 34.0 34.0 33.0 34.0 33.0 34.0 44.0 35.0 35.0 34.0 33.0 55.0 34.0 34.0 33.0 34.0 34.0 33.0 36.0 33.0 81.0 41.0 35.0 33.0 35.0 33.0 51.0 34.0 33.0 34.0 35.0 68.0 34.0 35.0 33.0 34.0 36.0 34.0 34.0 35.0 33.0 35.0
3 4 1 TRACE 30.0 14.0 14.0 14.0 13.0 13.0 13.0 13.0 13.0 14.0 18.0 14.0 13.0 13.0 13.0 13.0 15.0 14.0 13.0 15.0 13.0 13.0 14.0 13.0 13.0 13.0 14.0 14.0 14.0 13.0 14.0 13.0 13.0 13.0 13.0 13.0 14.0 13.0 14.0 13.0 13.0 13.0 14.0 16.0 13.0 13.0 14.0 14.0 17.0 13.0 14.0 13.0 13.0 14.0 14.0 13.0 14.0 14.0 14.0 13.0 13.0 13.0 13.0 13.0
4 5 1 TRACE 19.0 11.0 12.0 11.0 10.0 11.0 10.0 11.0 11.0 11.0 11.0 11.0 11.0 11.0 11.0 11.0 12.0 11.0 11.0 11.0 11.0 12.0 20.0 11.0 11.0 11.0 11.0 11.0 11.0 11.0 11.0 11.0 11.0 11.0 11.0 11.0 12.0 11.0 11.0 11.0 12.0 11.0 15.0 10.0 10.0 11.0 11.0 11.0 13.0 11.0 12.0 10.0 11.0 10.0 12.0 11.0 10.0 11.0 12.0 11.0 11.0 11.0 11.0 11.0
5 6 1 TRACE 39.0 14.0 16.0 15.0 15.0 15.0 15.0 15.0 15.0 15.0 15.0 15.0 22.0 15.0 15.0 15.0 17.0 15.0 14.0 14.0 15.0 16.0 17.0 15.0 14.0 15.0 14.0 15.0 15.0 14.0 15.0 15.0 13.0 12.0 19.0 12.0 12.0 12.0 110.0 12.0 12.0 12.0 13.0 18.0 13.0 12.0 13.0 13.0 14.0 13.0 12.0 13.0 113.0 13.0 12.0 12.0 12.0 12.0 12.0 12.0 13.0 13.0 12.0 12.0
6 7 1 TRACE 16.0 11.0 11.0 12.0 12.0 11.0 11.0 11.0 12.0 11.0 11.0 11.0 12.0 11.0 11.0 12.0 12.0 13.0 12.0 12.0 13.0 12.0 12.0 12.0 11.0 12.0 12.0 13.0 12.0 12.0 12.0 12.0 12.0 11.0 8.0 11.0 11.0 12.0 15.0 11.0 9.0 10.0 9.0 12.0 14.0 11.0 10.0 11.0 12.0 10.0 11.0 9.0 13.0 10.0 9.0 10.0 11.0 11.0 9.0 11.0 10.0 10.0 10.0 10.0
7 8 1 TRACE 16.0 11.0 12.0 12.0 11.0 12.0 11.0 12.0 12.0 12.0 12.0 11.0 12.0 12.0 11.0 12.0 12.0 12.0 12.0 12.0 12.0 11.0 12.0 12.0 12.0 12.0 13.0 12.0 12.0 12.0 13.0 12.0 12.0 12.0 9.0 11.0 12.0 11.0 11.0 11.0 11.0 12.0 9.0 11.0 11.0 11.0 11.0 11.0 11.0 12.0 12.0 12.0 13.0 11.0 12.0 11.0 12.0 10.0 12.0 11.0 11.0 109.0 12.0 12.0
8 9 1 TRACE 15.0 10.0 11.0 13.0 11.0 11.0 11.0 11.0 11.0 12.0 11.0 11.0 11.0 11.0 11.0 11.0 11.0 12.0 11.0 11.0 12.0 11.0 12.0 11.0 12.0 12.0 12.0 12.0 11.0 12.0 11.0 11.0 11.0 11.0 7.0 10.0 11.0 11.0 10.0 11.0 10.0 11.0 10.0 12.0 11.0 11.0 11.0 11.0 11.0 10.0 10.0 16.0 10.0 10.0 11.0 11.0 11.0 10.0 11.0 10.0 11.0 14.0 11.0 11.0
9 10 1 TRACE 40.0 23.0 25.0 23.0 49.0 23.0 24.0 23.0 23.0 23.0 25.0 23.0 116.0 22.0 23.0 23.0 23.0 24.0 24.0 23.0 24.0 25.0 24.0 31.0 25.0 25.0 24.0 24.0 23.0 30.0 24.0 23.0 24.0 26.0 27.0 24.0 24.0 24.0 116.0 24.0 25.0 24.0 24.0 115.0 25.0 25.0 26.0 24.0 26.0 24.0 37.0 26.0 24.0 24.0 25.0 26.0 24.0 29.0 24.0 24.0 24.0 27.0 24.0 26.0
10 11 1 TRACE 18.0 14.0 12.0 13.0 12.0 13.0 14.0 13.0 14.0 13.0 12.0 13.0 14.0 14.0 13.0 12.0 13.0 13.0 13.0 13.0 14.0 13.0 15.0 12.0 13.0 14.0 14.0 14.0 13.0 11.0 20.0 14.0 14.0 13.0 12.0 13.0 13.0 13.0 13.0 13.0 13.0 13.0 14.0 18.0 12.0 12.0 11.0 17.0 14.0 13.0 30.0 13.0 14.0 13.0 13.0 11.0 13.0 13.0 13.0 13.0 12.0 12.0 14.0 12.0
11 12 1 TRACE 16.0 12.0 12.0 12.0 12.0 12.0 12.0 12.0 12.0 13.0 12.0 12.0 12.0 12.0 12.0 12.0 11.0 12.0 13.0 12.0 13.0 12.0 12.0 13.0 12.0 12.0 12.0 12.0 12.0 12.0 11.0 12.0 13.0 12.0 103.0 12.0 11.0 12.0 12.0 12.0 12.0 12.0 12.0 12.0 13.0 12.0 104.0 12.0 12.0 12.0 11.0 14.0 12.0 12.0 12.0 17.0 12.0 12.0 12.0 11.0 12.0 13.0 121.0 12.0
12 13 1 TRACE 19.0 13.0 13.0 12.0 12.0 13.0 12.0 12.0 12.0 13.0 12.0 12.0 12.0 12.0 12.0 12.0 12.0 12.0 12.0 13.0 12.0 12.0 12.0 12.0 12.0 12.0 12.0 12.0 12.0 12.0 12.0 12.0 12.0 12.0 16.0 12.0 12.0 13.0 12.0 12.0 12.0 13.0 12.0 13.0 12.0 12.0 12.0 17.0 13.0 13.0 13.0 12.0 13.0 12.0 12.0 13.0 13.0 13.0 12.0 12.0 12.0 13.0 12.0 12.0
13 14 1 TRACE 21.0 10.0 10.0 9.0 10.0 10.0 10.0 9.0 10.0 10.0 11.0 11.0 11.0 9.0 10.0 10.0 10.0 10.0 10.0 9.0 10.0 10.0 10.0 11.0 11.0 10.0 10.0 10.0 10.0 10.0 10.0 10.0 10.0 11.0 11.0 10.0 9.0 11.0 10.0 11.0 10.0 10.0 10.0 10.0 10.0 10.0 10.0 9.0 10.0 10.0 10.0 10.0 11.0 11.0 11.0 11.0 10.0 10.0 10.0 10.0 11.0 11.0 10.0 10.0
14 15 1 TRACE 20.0 12.0 12.0 12.0 12.0 12.0 11.0 12.0 12.0 12.0 12.0 12.0 12.0 12.0 12.0 12.0 12.0 12.0 12.0 12.0 11.0 12.0 12.0 12.0 11.0 12.0 11.0 12.0 12.0 12.0 12.0 11.0 11.0 12.0 11.0 12.0 12.0 12.0 12.0 12.0 12.0 12.0 12.0 12.0 12.0 11.0 11.0 12.0 11.0 12.0 12.0 12.0 11.0 12.0 11.0 11.0 11.0 11.0 12.0 12.0 12.0 12.0 12.0 11.0
15 16 1 TRACE 13.0 8.0 8.0 9.0 9.0 8.0 8.0 8.0 8.0 9.0 8.0 8.0 8.0 8.0 8.0 9.0 8.0 8.0 8.0 8.0 8.0 8.0 8.0 8.0 9.0 8.0 9.0 9.0 9.0 9.0 9.0 8.0 9.0 8.0 8.0 8.0 8.0 8.0 8.0 8.0 8.0 8.0 8.0 9.0 9.0 9.0 9.0 9.0 8.0 8.0 8.0 8.0 9.0 8.0 8.0 9.0 8.0 9.0 8.0 8.0 8.0 8.0 8.0 8.0
16 17 1 TRACE 89.0 68.0 71.0 71.0 69.0 65.0 67.0 69.0 67.0 70.0 69.0 66.0 62.0 70.0 67.0 65.0 76.0 69.0 67.0 70.0 71.0 70.0 69.0 161.0 62.0 67.0 69.0 63.0 67.0 67.0 63.0 72.0 66.0 66.0 66.0 67.0 67.0 64.0 65.0 61.0 63.0 61.0 63.0 66.0 63.0 65.0 65.0 67.0 101.0 65.0 65.0 67.0 63.0 66.0 64.0 69.0 76.0 64.0 71.0 71.0 64.0 65.0 70.0 69.0
17 18 1 TRACE 17.0 13.0 12.0 13.0 13.0 13.0 13.0 13.0 13.0 14.0 15.0 13.0 13.0 13.0 13.0 13.0 29.0 12.0 13.0 14.0 13.0 14.0 13.0 13.0 13.0 13.0 12.0 13.0 13.0 17.0 12.0 13.0 12.0 12.0 13.0 13.0 12.0 13.0 13.0 13.0 14.0 12.0 13.0 13.0 12.0 12.0 14.0 12.0 13.0 13.0 14.0 13.0 14.0 13.0 13.0 12.0 14.0 13.0 13.0 14.0 13.0 13.0 15.0 14.0
18 19 1 TRACE 16.0 11.0 12.0 12.0 12.0 11.0 11.0 12.0 12.0 11.0 11.0 12.0 12.0 11.0 11.0 12.0 12.0 11.0 12.0 12.0 111.0 12.0 15.0 12.0 12.0 11.0 12.0 12.0 11.0 12.0 11.0 12.0 11.0 12.0 13.0 11.0 12.0 12.0 14.0 11.0 12.0 12.0 12.0 12.0 12.0 11.0 12.0 12.0 12.0 12.0 12.0 11.0 12.0 11.0 12.0 11.0 12.0 12.0 12.0 12.0 11.0 11.0 20.0 12.0
19 20 1 TRACE 18.0 12.0 12.0 12.0 12.0 13.0 12.0 12.0 12.0 12.0 12.0 12.0 12.0 12.0 12.0 12.0 13.0 12.0 12.0 12.0 12.0 11.0 12.0 12.0 12.0 12.0 13.0 12.0 11.0 12.0 12.0 13.0 12.0 12.0 12.0 12.0 12.0 12.0 12.0 12.0 12.0 12.0 12.0 12.0 12.0 14.0 13.0 14.0 12.0 12.0 19.0 12.0 12.0 13.0 12.0 11.0 12.0 12.0 11.0 13.0 12.0 13.0 13.0 12.0
20 21 1 TRACE 47.0 61.0 42.0 29.0 35.0 35.0 35.0 35.0 36.0 36.0 37.0 36.0 36.0 36.0 36.0 35.0 35.0 35.0 36.0 36.0 121.0 36.0 36.0 34.0 33.0 34.0 33.0 33.0 34.0 36.0 33.0 33.0 36.0 34.0 35.0 35.0 35.0 32.0 32.0 31.0 31.0 31.0 31.0 34.0 31.0 33.0 32.0 36.0 33.0 32.0 33.0 34.0 32.0 33.0 32.0 35.0 34.0 32.0 37.0 36.0 31.0 34.0 34.0 36.0
21 22 1 TRACE 25.0 14.0 11.0 11.0 11.0 12.0 11.0 12.0 11.0 11.0 11.0 11.0 11.0 11.0 11.0 11.0 11.0 12.0 12.0 11.0 12.0 11.0 11.0 12.0 11.0 12.0 12.0 11.0 11.0 12.0 11.0 11.0 12.0 12.0 11.0 12.0 11.0 12.0 12.0 12.0 12.0 11.0 11.0 12.0 12.0 12.0 11.0 12.0 12.0 11.0 11.0 12.0 11.0 11.0 11.0 11.0 11.0 11.0 11.0 12.0 11.0 12.0 12.0 11.0
22 23 1 TRACE 346.0 408.0 370.0 321.0 304.0 368.0 311.0 317.0 314.0 374.0 374.0 356.0 269.0 277.0 309.0 253.0 292.0 322.0 259.0 328.0 289.0 323.0 323.0 258.0 248.0 321.0 323.0 317.0 265.0 458.0 319.0 283.0 250.0 250.0 321.0 266.0 326.0 256.0 284.0 251.0 319.0 252.0 257.0 289.0 229.0 247.0 322.0 285.0 254.0 317.0 272.0 256.0 318.0 256.0 320.0 252.0 363.0 255.0 251.0 252.0 254.0 252.0 322.0 323.0
23 24 1 TRACE 38.0 2418.0 19.0 18.0 17.0 18.0 17.0 17.0 17.0 19.0 20.0 18.0 25.0 109.0 17.0 19.0 19.0 18.0 17.0 21.0 20.0 18.0 18.0 21.0 17.0 18.0 18.0 18.0 17.0 18.0 19.0 18.0 19.0 17.0 20.0 20.0 19.0 18.0 17.0 24.0 19.0 19.0 18.0 18.0 19.0 18.0 20.0 19.0 18.0 17.0 19.0 18.0 18.0 20.0 18.0 18.0 20.0 18.0 19.0 17.0 18.0 18.0 19.0 18.0
24 25 1 TRACE 54.0 1417.0 18.0 19.0 19.0 24.0 18.0 18.0 18.0 18.0 19.0 18.0 19.0 20.0 18.0 18.0 18.0 19.0 19.0 18.0 21.0 20.0 19.0 19.0 18.0 18.0 19.0 19.0 18.0 19.0 21.0 18.0 19.0 19.0 19.0 20.0 19.0 18.0 19.0 17.0 18.0 18.0 19.0 19.0 18.0 19.0 21.0 18.0 18.0 20.0 19.0 19.0 18.0 19.0 18.0 18.0 18.0 19.0 18.0 17.0 18.0 19.0 20.0 18.0
25 26 1 TRACE 47.0 15.0 34.0 29.0 15.0 35.0 15.0 25.0 15.0 34.0 15.0 23.0 15.0 34.0 25.0 15.0 15.0 34.0 16.0 23.0 15.0 34.0 15.0 20.0 15.0 34.0 16.0 25.0 15.0 34.0 16.0 24.0 15.0 34.0 16.0 25.0 15.0 34.0 15.0 26.0 14.0 34.0 16.0 26.0 15.0 15.0 34.0 29.0 15.0 34.0 16.0 28.0 15.0 34.0 15.0 28.0 16.0 34.0 25.0 15.0 35.0 15.0 24.0 15.0 34.0 15.0 20.0 15.0 35.0 15.0 22.0 15.0 34.0 15.0 21.0 15.0 34.0 16.0 22.0 14.0 34.0 16.0 26.0 15.0 35.0 16.0 27.0 15.0 35.0 15.0 29.0 15.0 34.0 25.0 16.0 34.0 15.0 23.0 16.0 34.0 15.0 25.0 16.0 35.0 26.0 15.0 35.0 16.0 20.0 15.0 33.0 15.0 22.0 15.0 34.0 26.0 15.0 15.0 34.0 15.0 23.0 15.0 15.0 35.0 16.0 22.0 16.0 35.0 27.0 15.0 34.0 15.0 23.0 15.0 34.0 15.0 28.0 16.0 34.0 16.0 22.0 16.0 35.0 26.0 15.0 34.0 25.0 15.0 35.0 25.0 14.0 34.0 25.0 15.0 34.0 25.0 15.0 34.0 26.0 15.0 34.0 16.0 20.0 15.0 34.0 26.0 15.0 35.0 25.0 15.0 34.0 26.0 15.0 35.0 15.0 22.0 15.0 34.0 16.0 26.0 15.0 34.0 25.0 15.0 34.0 25.0 15.0 34.0 15.0 23.0 15.0 35.0 25.0 15.0 34.0 26.0 15.0 34.0 26.0 15.0 34.0 15.0 25.0 15.0 34.0 15.0 20.0 15.0 34.0 26.0 15.0 34.0 15.0 28.0 15.0 34.0 16.0 22.0 14.0 34.0 25.0 15.0 14.0 35.0 27.0 15.0 38.0 25.0 15.0 34.0 15.0 27.0 15.0 60.0 15.0
26 27 1 TRACE 11.0 7.0 7.0 8.0 8.0 8.0 8.0 8.0 7.0 7.0 8.0 8.0 8.0 8.0 8.0 7.0 8.0 8.0 8.0 8.0 8.0 8.0 8.0 8.0 8.0 8.0 8.0 8.0 7.0 7.0 8.0 7.0 8.0 8.0 8.0 8.0 7.0 8.0 8.0 8.0 8.0 8.0 8.0 8.0 7.0 8.0 8.0 8.0 8.0 8.0 7.0 8.0 8.0 7.0 7.0 8.0 8.0 8.0 8.0 8.0 13.0 8.0 8.0 7.0 8.0 8.0 8.0 8.0 8.0 7.0 7.0 8.0 8.0 8.0 8.0 8.0 8.0 7.0 8.0 8.0 8.0 7.0 8.0 8.0 7.0 7.0 8.0 8.0 8.0 8.0 8.0 7.0 8.0 8.0 8.0 8.0 8.0 8.0 8.0 8.0 7.0 8.0 8.0 9.0 8.0 7.0 8.0 7.0 8.0 7.0 8.0 7.0 8.0 8.0 8.0 8.0 8.0 8.0 8.0 8.0 8.0 8.0 7.0 8.0 8.0 8.0 8.0 8.0 8.0 8.0 8.0 8.0 7.0 8.0 8.0 8.0 7.0 8.0 8.0 7.0 8.0 7.0 8.0 7.0 7.0 8.0 8.0 7.0 7.0 8.0 8.0 8.0 8.0 8.0 8.0 8.0 8.0 7.0 7.0 7.0 8.0 8.0 8.0 8.0 8.0 8.0 7.0 8.0 8.0 8.0 8.0 8.0 8.0 8.0 8.0 8.0 7.0 8.0 8.0 8.0 7.0 8.0 8.0 8.0 8.0 8.0 8.0 8.0 8.0 7.0 8.0 8.0 8.0 8.0 8.0 8.0 8.0 8.0 7.0 8.0 8.0 8.0 7.0 7.0 8.0 8.0 8.0 8.0 8.0 8.0 8.0 8.0 7.0 7.0 13.0 8.0 8.0 7.0 8.0 8.0 8.0 7.0 8.0 7.0 8.0 7.0 8.0 8.0 8.0 8.0 7.0 8.0 7.0 8.0 8.0
27 28 1 TRACE 11.0 7.0 7.0 7.0 8.0 8.0 7.0 8.0 7.0 7.0 8.0 8.0 7.0 8.0 8.0 7.0 8.0 8.0 8.0 8.0 8.0 8.0 8.0 8.0 8.0 8.0 7.0 8.0 7.0 7.0 8.0 7.0 7.0 8.0 8.0 8.0 7.0 8.0 8.0 8.0 7.0 8.0 8.0 8.0 8.0 7.0 7.0 7.0 8.0 8.0 7.0 8.0 8.0 8.0 7.0 8.0 8.0 8.0 8.0 8.0 8.0 8.0 8.0 8.0 8.0 8.0 8.0 8.0 8.0 7.0 7.0 8.0 8.0 8.0 8.0 8.0 8.0 8.0 8.0 8.0 8.0 7.0 8.0 8.0 8.0 7.0 8.0 7.0 8.0 8.0 8.0 8.0 8.0 8.0 8.0 8.0 8.0 8.0 8.0 8.0 7.0 7.0 8.0 8.0 7.0 7.0 7.0 8.0 8.0 7.0 8.0 7.0 8.0 8.0 8.0 8.0 7.0 8.0 8.0 7.0 8.0 8.0 7.0 8.0 8.0 8.0 7.0 8.0 8.0 8.0 8.0 7.0 7.0 8.0 8.0 7.0 7.0 8.0 8.0 7.0 8.0 8.0 7.0 7.0 7.0 8.0 8.0 8.0 7.0 8.0 8.0 8.0 8.0 13.0 8.0 8.0 8.0 7.0 7.0 8.0 8.0 8.0 8.0 7.0 8.0 8.0 7.0 7.0 8.0 8.0 7.0 12.0 8.0 7.0 8.0 8.0 7.0 8.0 8.0 8.0 7.0 8.0 8.0 8.0 8.0 8.0 8.0 8.0 8.0 8.0 8.0 7.0 8.0 8.0 8.0 8.0 8.0 8.0 7.0 8.0 7.0 8.0 7.0 7.0 8.0 8.0 7.0 8.0 8.0 7.0 8.0 8.0 7.0 8.0 8.0 8.0 8.0 7.0 8.0 8.0 8.0 7.0 8.0 7.0 8.0 7.0 8.0 8.0 8.0 8.0 7.0 8.0 7.0 9.0 7.0
28 29 1 TRACE 13.0 8.0 9.0 10.0 9.0 11.0 9.0 9.0 10.0 11.0 9.0 10.0 9.0 10.0 10.0 9.0 10.0 11.0 9.0 10.0 10.0 11.0 9.0 10.0 10.0 11.0 10.0 15.0 9.0 10.0 10.0 9.0 9.0 11.0 10.0 10.0 10.0 10.0 9.0 10.0 9.0 10.0 10.0 9.0 9.0 10.0 10.0 9.0 9.0 11.0 9.0 9.0 9.0 11.0 10.0 10.0 9.0 10.0 10.0 9.0 11.0 9.0 9.0 10.0 13.0 9.0 10.0 10.0 12.0 9.0 9.0 9.0 13.0 10.0 9.0 9.0 12.0 10.0 10.0 9.0 11.0 9.0 9.0 9.0 11.0 9.0 10.0 9.0 11.0 9.0 10.0 9.0 10.0 10.0 10.0 10.0 9.0 9.0 16.0 11.0 10.0 9.0 9.0 10.0 10.0 10.0 11.0 10.0 9.0 10.0 11.0 9.0 10.0 9.0 10.0 9.0 9.0 9.0 11.0 9.0 9.0 9.0 10.0 16.0 9.0 10.0 10.0 11.0 9.0 9.0 11.0 9.0 9.0 9.0 11.0 9.0 10.0 9.0 11.0 10.0 10.0 9.0 10.0 9.0 9.0 10.0 10.0 10.0 9.0 10.0 9.0 10.0 10.0 10.0 10.0 10.0 9.0 10.0 9.0 9.0 11.0 9.0 9.0 9.0 10.0 14.0 10.0 10.0 10.0 9.0 10.0 10.0 9.0 11.0 10.0 9.0 10.0 11.0 10.0 10.0 9.0 10.0 10.0 9.0 9.0 10.0 9.0 11.0 9.0 9.0 9.0 9.0 9.0 9.0 11.0 10.0 9.0 10.0 10.0 9.0 10.0 9.0 9.0 9.0 11.0 10.0 9.0 9.0 10.0 9.0 9.0 12.0 9.0 10.0 10.0 11.0 9.0 9.0 9.0 10.0 10.0 9.0 9.0 11.0 9.0 10.0 10.0 9.0 9.0 11.0 10.0 10.0 10.0 12.0 10.0
29 30 1 TRACE 36.0 25.0 46.0 57.0 21.0 26.0 23.0 27.0 27.0 26.0 25.0 27.0 23.0 22.0 26.0 21.0 22.0 24.0 26.0 26.0 22.0 25.0 25.0 32.0 21.0 31.0 25.0 20.0 22.0 24.0 26.0 30.0 22.0 26.0 24.0 26.0 22.0 24.0 19.0 26.0 22.0 25.0 25.0 27.0 22.0 21.0 21.0 23.0 25.0 24.0 27.0 30.0 23.0 24.0 25.0 25.0 21.0 31.0 27.0 22.0 16.0 23.0 26.0 21.0 26.0 26.0 33.0 23.0 23.0 25.0 30.0 22.0 117.0 25.0 33.0 22.0 24.0 22.0 32.0 22.0 25.0 23.0 24.0 25.0 23.0 25.0 23.0 24.0 25.0 24.0 23.0 22.0 24.0 26.0 22.0 25.0 25.0 28.0 14.0 24.0 25.0 36.0 23.0 23.0 28.0 22.0 28.0 23.0 30.0 23.0 27.0 33.0 31.0 22.0 24.0 27.0 133.0 22.0 26.0 26.0 27.0 27.0 22.0 15.0 26.0 27.0 27.0 23.0 25.0 23.0 27.0 25.0 29.0 21.0 32.0 23.0 19.0 23.0 26.0 25.0 33.0 120.0 24.0 27.0 22.0 22.0 29.0 21.0 24.0 28.0 22.0 24.0 26.0 15.0 22.0 27.0 21.0 25.0 26.0 22.0 25.0 25.0 33.0 21.0 22.0 20.0 24.0 23.0 26.0 20.0 24.0 25.0 30.0 23.0 42.0 28.0 22.0 23.0 25.0 26.0 22.0 23.0 28.0 25.0 120.0 26.0 22.0 25.0 25.0 27.0 22.0 22.0 28.0 23.0 23.0 22.0 21.0 24.0 135.0 22.0 24.0 23.0 26.0 129.0 25.0 25.0 30.0 22.0 22.0 27.0 22.0 23.0 28.0 22.0 15.0 25.0 27.0 31.0 22.0 28.0 28.0 29.0 22.0 23.0 27.0 23.0 19.0 28.0 23.0 26.0 26.0 26.0 31.0 14.0 25.0
30 31 1 TRACE 23.0 15.0 14.0 14.0 12.0 14.0 12.0 9.0 12.0 15.0 12.0 13.0 11.0 12.0 13.0 9.0 12.0 13.0 11.0 9.0 11.0 20.0 12.0 9.0 12.0 14.0 11.0 12.0 11.0 14.0 12.0 9.0 12.0 14.0 11.0 12.0 13.0 14.0 12.0 12.0 11.0 14.0 11.0 9.0 12.0 13.0 13.0 9.0 11.0 13.0 12.0 12.0 12.0 13.0 12.0 9.0 8.0 12.0 13.0 13.0 14.0 11.0 13.0 11.0 16.0 12.0 9.0 11.0 15.0 12.0 8.0 12.0 15.0 11.0 8.0 11.0 14.0 12.0 9.0 12.0 15.0 11.0 9.0 11.0 13.0 12.0 9.0 12.0 13.0 12.0 13.0 12.0 12.0 11.0 11.0 15.0 11.0 13.0 11.0 109.0 12.0 12.0 11.0 13.0 12.0 11.0 14.0 12.0 8.0 12.0 15.0 12.0 9.0 11.0 13.0 13.0 8.0 11.0 13.0 12.0 9.0 8.0 12.0 16.0 12.0 13.0 11.0 14.0 9.0 12.0 14.0 11.0 13.0 12.0 14.0 11.0 13.0 11.0 15.0 12.0 13.0 12.0 12.0 9.0 12.0 13.0 9.0 12.0 13.0 9.0 9.0 12.0 12.0 11.0 12.0 12.0 11.0 12.0 13.0 12.0 16.0 12.0 12.0 11.0 13.0 9.0 12.0 13.0 9.0 12.0 12.0 12.0 11.0 15.0 12.0 12.0 12.0 14.0 11.0 8.0 8.0 12.0 12.0 11.0 13.0 13.0 11.0 14.0 18.0 9.0 12.0 12.0 8.0 11.0 13.0 19.0 11.0 12.0 9.0 11.0 15.0 12.0 12.0 12.0 15.0 11.0 9.0 12.0 12.0 9.0 12.0 15.0 11.0 13.0 11.0 16.0 12.0 9.0 8.0 12.0 12.0 8.0 13.0 13.0 9.0 12.0 12.0 9.0 11.0 14.0 11.0 9.0 12.0 15.0 11.0
31 32 1 TRACE 15.0 11.0 11.0 11.0 11.0 11.0 11.0 11.0 11.0 11.0 11.0 11.0 16.0 11.0 11.0 11.0 11.0 11.0 11.0 11.0 11.0 12.0 11.0 11.0 11.0 11.0 11.0 10.0 11.0 14.0 11.0 10.0 11.0 17.0 11.0 11.0 10.0 11.0 11.0 11.0 11.0 12.0 11.0 11.0 10.0 11.0 11.0 11.0 11.0 11.0 11.0 11.0 11.0 11.0 11.0 10.0 11.0 11.0 11.0 11.0 11.0 11.0 12.0 11.0 11.0 11.0 10.0 11.0 12.0 12.0 10.0 11.0 12.0 11.0 10.0 10.0 11.0 11.0 10.0 10.0 12.0 11.0 10.0 10.0 11.0 11.0 11.0 11.0 11.0 11.0 16.0 11.0 11.0 14.0 11.0 11.0 11.0 11.0 11.0 11.0 11.0 11.0 11.0 12.0 11.0 11.0 11.0 11.0 11.0 11.0 12.0 11.0 10.0 11.0 12.0 11.0 11.0 10.0 17.0 11.0 11.0 10.0 10.0 12.0 10.0 11.0 11.0 11.0 11.0 11.0 12.0 11.0 11.0 11.0 11.0 11.0 11.0 11.0 12.0 11.0 11.0 11.0 12.0 11.0 11.0 11.0 11.0 10.0 11.0 11.0 11.0 12.0 11.0 11.0 11.0 11.0 11.0 11.0 11.0 11.0 12.0 11.0 11.0 11.0 11.0 10.0 11.0 11.0 11.0 12.0 11.0 11.0 11.0 12.0 11.0 11.0 11.0 11.0 11.0 11.0 10.0 11.0 11.0 11.0 11.0 11.0 11.0 12.0 12.0 11.0 11.0 11.0 10.0 10.0 12.0 11.0 10.0 11.0 11.0 16.0 11.0 11.0 10.0 11.0 12.0 11.0 10.0 11.0 11.0 11.0 11.0 13.0 11.0 11.0 11.0 12.0 11.0 11.0 10.0 12.0 12.0 10.0 11.0 11.0 11.0 10.0 11.0 11.0 11.0 12.0 11.0 11.0 11.0 12.0 11.0
32 33 1 TRACE 15.0 11.0 12.0 12.0 10.0 12.0 11.0 11.0 12.0 12.0 11.0 11.0 13.0 11.0 11.0 11.0 12.0 11.0 12.0 11.0 11.0 13.0 12.0 11.0 11.0 12.0 12.0 12.0 11.0 13.0 11.0 12.0 12.0 14.0 12.0 11.0 11.0 12.0 12.0 11.0 10.0 12.0 11.0 11.0 11.0 11.0 12.0 11.0 11.0 11.0 12.0 12.0 11.0 11.0 11.0 11.0 11.0 11.0 11.0 11.0 12.0 12.0 12.0 11.0 111.0 11.0 11.0 11.0 13.0 107.0 11.0 11.0 12.0 12.0 11.0 11.0 12.0 12.0 11.0 11.0 12.0 18.0 11.0 11.0 12.0 11.0 11.0 11.0 12.0 11.0 12.0 11.0 12.0 13.0 11.0 12.0 11.0 12.0 12.0 12.0 11.0 12.0 11.0 12.0 11.0 11.0 13.0 12.0 11.0 11.0 12.0 12.0 12.0 10.0 12.0 12.0 11.0 11.0 14.0 12.0 12.0 10.0 11.0 13.0 11.0 11.0 11.0 12.0 11.0 11.0 12.0 12.0 11.0 11.0 13.0 11.0 12.0 12.0 110.0 11.0 11.0 11.0 11.0 12.0 12.0 12.0 11.0 11.0 11.0 111.0 11.0 12.0 11.0 12.0 11.0 12.0 11.0 11.0 11.0 12.0 13.0 11.0 12.0 11.0 12.0 12.0 12.0 12.0 11.0 12.0 11.0 12.0 11.0 13.0 12.0 116.0 11.0 12.0 11.0 11.0 109.0 12.0 12.0 11.0 12.0 12.0 12.0 12.0 12.0 11.0 11.0 11.0 11.0 11.0 12.0 13.0 11.0 12.0 11.0 13.0 12.0 11.0 11.0 11.0 13.0 11.0 11.0 12.0 12.0 11.0 11.0 12.0 12.0 12.0 12.0 13.0 11.0 11.0 11.0 12.0 12.0 11.0 12.0 12.0 12.0 11.0 12.0 11.0 11.0 12.0 12.0 60.0 11.0 13.0 11.0
33 34 1 TRACE 1531.0 1523.0 2438.0 1082.0 1685.0 2497.0 1184.0 842.0 1539.0 2465.0 907.0 562.0 1075.0 1972.0 509.0 869.0 5267.0 1757.0 636.0 1074.0 1749.0 2333.0 681.0 561.0 2970.0 1953.0 649.0 786.0 1930.0 2059.0 635.0 1023.0 2068.0 2068.0 679.0 1043.0 2435.0 2068.0 876.0 551.0 2082.0 1826.0 804.0 1154.0 1042.0 12901.0 1612.0 954.0 4325.0 1522.0 631.0 663.0 3997.0 1528.0 635.0 894.0 696.0 2017.0 1020.0 3798.0 1579.0 636.0 932.0 1265.0 2284.0 1020.0 538.0 1511.0 2229.0 948.0 652.0 1297.0 2198.0 912.0 691.0 1537.0 2133.0 1174.0 662.0 2254.0 1645.0 638.0 707.0 3940.0 1557.0 631.0 730.0 3611.0 1565.0 650.0 558.0 1004.0 1574.0 752.0 1671.0 1812.0 635.0 593.0 4178.0 1513.0 638.0 715.0 1079.0 1821.0 770.0 1182.0 2009.0 1009.0 1063.0 1595.0 2028.0 911.0 508.0 1204.0 1850.0 498.0 1068.0 2381.0 1578.0 753.0 536.0 719.0 6947.0 1400.0 637.0 602.0 6819.0 1498.0 755.0 2182.0 1837.0 636.0 617.0 1747.0 2036.0 639.0 494.0 1465.0 2093.0 911.0 661.0 730.0 2133.0 1051.0 705.0 2174.0 658.0 1213.0 1845.0 613.0 565.0 2102.0 851.0 1195.0 1991.0 813.0 1034.0 2013.0 868.0 1097.0 2291.0 825.0 883.0 964.0 2047.0 1049.0 1404.0 1804.0 878.0 1008.0 1959.0 917.0 1360.0 2065.0 1166.0 1023.0 2357.0 1680.0 636.0 903.0 1177.0 1844.0 532.0 1166.0 1817.0 782.0 1876.0 1813.0 638.0 564.0 1095.0 1986.0 625.0 4746.0 1568.0 614.0 804.0 1987.0 970.0 1434.0 1946.0 635.0 980.0 1150.0 2137.0 634.0 992.0 1293.0 1712.0 730.0 1732.0 2153.0 909.0 672.0 1369.0 2183.0 911.0 642.0 1173.0 2017.0 1027.0 1068.0 6004.0 1497.0 629.0 710.0 2139.0 1237.0 1730.0 1926.0 880.0 1107.0 3340.0 1538.0 638.0
34 35 1 TRACE 743.0 754.0 50.0 28.0 43.0 49.0 38.0 40.0 44.0 50.0 33.0 35.0 36.0 48.0 15.0 43.0 93.0 49.0 21.0 41.0 43.0 52.0 32.0 38.0 61.0 50.0 31.0 36.0 48.0 47.0 31.0 40.0 45.0 50.0 23.0 27.0 52.0 48.0 34.0 37.0 47.0 47.0 36.0 30.0 35.0 218.0 48.0 39.0 82.0 46.0 32.0 36.0 71.0 47.0 22.0 15.0 40.0 50.0 39.0 69.0 45.0 31.0 36.0 34.0 51.0 34.0 40.0 38.0 48.0 34.0 37.0 39.0 48.0 32.0 38.0 42.0 45.0 32.0 36.0 51.0 47.0 33.0 41.0 77.0 45.0 31.0 39.0 75.0 46.0 22.0 38.0 37.0 46.0 37.0 48.0 46.0 32.0 37.0 78.0 46.0 22.0 38.0 35.0 150.0 30.0 43.0 50.0 31.0 42.0 39.0 48.0 32.0 25.0 38.0 47.0 14.0 40.0 56.0 46.0 22.0 15.0 38.0 114.0 47.0 22.0 38.0 119.0 45.0 42.0 48.0 47.0 31.0 37.0 40.0 46.0 23.0 39.0 40.0 49.0 35.0 26.0 34.0 47.0 36.0 34.0 48.0 35.0 36.0 47.0 15.0 40.0 48.0 28.0 148.0 51.0 40.0 33.0 46.0 40.0 36.0 46.0 34.0 27.0 36.0 46.0 39.0 37.0 47.0 27.0 37.0 49.0 41.0 38.0 49.0 32.0 36.0 53.0 65.0 32.0 19.0 44.0 47.0 38.0 35.0 47.0 39.0 44.0 48.0 33.0 25.0 39.0 48.0 36.0 86.0 45.0 29.0 37.0 55.0 38.0 42.0 46.0 32.0 28.0 44.0 48.0 32.0 41.0 37.0 46.0 37.0 41.0 50.0 31.0 37.0 39.0 50.0 33.0 16.0 43.0 48.0 14.0 39.0 115.0 46.0 40.0 36.0 48.0 41.0 42.0 49.0 31.0 43.0 67.0 45.0 31.0
35 36 1 TRACE 34.0 29.0 27.0 19.0 42.0 28.0 27.0 26.0 34.0 27.0 24.0 25.0 30.0 25.0 11.0 30.0 142.0 26.0 19.0 26.0 43.0 28.0 24.0 25.0 82.0 25.0 24.0 24.0 61.0 135.0 23.0 26.0 51.0 26.0 124.0 19.0 63.0 27.0 23.0 24.0 58.0 26.0 25.0 22.0 24.0 398.0 26.0 25.0 128.0 25.0 23.0 103.0 105.0 25.0 20.0 19.0 32.0 26.0 32.0 98.0 25.0 24.0 24.0 33.0 29.0 24.0 26.0 31.0 27.0 29.0 25.0 32.0 27.0 24.0 25.0 38.0 36.0 25.0 26.0 63.0 25.0 24.0 130.0 114.0 26.0 24.0 25.0 210.0 26.0 19.0 25.0 30.0 26.0 25.0 61.0 26.0 23.0 29.0 115.0 25.0 19.0 26.0 30.0 27.0 20.0 40.0 26.0 24.0 25.0 38.0 27.0 24.0 20.0 30.0 26.0 11.0 26.0 78.0 31.0 19.0 11.0 96.0 195.0 30.0 19.0 28.0 194.0 25.0 26.0 58.0 26.0 27.0 24.0 38.0 27.0 19.0 26.0 40.0 27.0 24.0 29.0 28.0 133.0 24.0 27.0 25.0 25.0 31.0 26.0 11.0 28.0 26.0 20.0 31.0 27.0 25.0 31.0 27.0 25.0 34.0 27.0 24.0 20.0 27.0 26.0 26.0 34.0 32.0 20.0 29.0 25.0 25.0 39.0 29.0 24.0 26.0 65.0 27.0 24.0 11.0 31.0 25.0 25.0 29.0 25.0 25.0 54.0 26.0 25.0 20.0 30.0 26.0 26.0 132.0 27.0 21.0 30.0 26.0 26.0 41.0 26.0 24.0 20.0 39.0 27.0 25.0 27.0 30.0 25.0 27.0 46.0 28.0 24.0 26.0 35.0 29.0 24.0 11.0 31.0 36.0 11.0 25.0 186.0 56.0 25.0 27.0 26.0 28.0 44.0 27.0 24.0 31.0 98.0 44.0 23.0
36 37 1 TRACE 40.0 120.0 27.0 22.0 211.0 47.0 21.0 22.0 210.0 52.0 241.0 21.0 188.0 25.0 20.0 24.0 2398.0 31.0 24.0 25.0 306.0 45.0 19.0 23.0 961.0 35.0 137.0 20.0 658.0 42.0 58.0 25.0 474.0 39.0 117.0 21.0 549.0 38.0 37.0 24.0 715.0 39.0 51.0 21.0 33.0 6166.0 47.0 98.0 1866.0 45.0 27.0 27.0 1722.0 69.0 162.0 22.0 114.0 85.0 26.0 1500.0 44.0 20.0 23.0 155.0 53.0 25.0 21.0 175.0 199.0 174.0 23.0 212.0 74.0 152.0 73.0 206.0 48.0 26.0 23.0 963.0 91.0 237.0 29.0 1535.0 126.0 31.0 24.0 1733.0 32.0 29.0 20.0 149.0 25.0 128.0 746.0 85.0 26.0 27.0 1825.0 52.0 169.0 23.0 188.0 28.0 35.0 295.0 139.0 20.0 23.0 343.0 64.0 38.0 45.0 102.0 25.0 27.0 25.0 1180.0 95.0 19.0 69.0 31.0 3625.0 163.0 19.0 25.0 3249.0 48.0 25.0 898.0 64.0 144.0 30.0 336.0 45.0 59.0 23.0 343.0 140.0 307.0 23.0 116.0 87.0 21.0 52.0 74.0 24.0 150.0 85.0 66.0 67.0 115.0 21.0 93.0 26.0 22.0 115.0 56.0 39.0 229.0 50.0 232.0 22.0 70.0 102.0 35.0 159.0 27.0 22.0 102.0 66.0 21.0 343.0 45.0 20.0 29.0 1007.0 127.0 29.0 74.0 139.0 223.0 22.0 150.0 55.0 24.0 751.0 37.0 132.0 85.0 149.0 26.0 25.0 1945.0 31.0 22.0 202.0 27.0 23.0 474.0 42.0 145.0 75.0 209.0 89.0 47.0 22.0 109.0 25.0 28.0 506.0 39.0 36.0 21.0 255.0 48.0 292.0 35.0 136.0 29.0 44.0 36.0 3323.0 31.0 22.0 50.0 50.0 25.0 417.0 39.0 264.0 27.0 1587.0 53.0 19.0
37 38 1 TRACE 31.0 36.0 25.0 19.0 188.0 29.0 19.0 21.0 156.0 22.0 20.0 19.0 88.0 21.0 18.0 21.0 938.0 22.0 21.0 19.0 249.0 22.0 19.0 21.0 612.0 22.0 20.0 20.0 412.0 22.0 19.0 21.0 364.0 22.0 19.0 20.0 424.0 22.0 20.0 20.0 464.0 22.0 20.0 20.0 27.0 1718.0 22.0 124.0 783.0 22.0 19.0 24.0 769.0 22.0 18.0 119.0 77.0 22.0 22.0 830.0 21.0 19.0 20.0 134.0 24.0 22.0 20.0 140.0 23.0 19.0 21.0 143.0 24.0 20.0 19.0 177.0 114.0 20.0 20.0 587.0 22.0 20.0 22.0 754.0 27.0 18.0 21.0 794.0 22.0 18.0 19.0 87.0 22.0 26.0 448.0 23.0 19.0 22.0 776.0 21.0 19.0 20.0 122.0 23.0 20.0 217.0 23.0 19.0 22.0 227.0 24.0 19.0 20.0 84.0 22.0 19.0 23.0 646.0 23.0 19.0 19.0 25.0 1044.0 23.0 19.0 20.0 980.0 21.0 24.0 470.0 21.0 20.0 22.0 249.0 24.0 20.0 21.0 213.0 23.0 19.0 21.0 40.0 23.0 19.0 37.0 22.0 20.0 86.0 23.0 19.0 39.0 22.0 20.0 75.0 22.0 20.0 55.0 32.0 20.0 138.0 23.0 20.0 21.0 43.0 22.0 19.0 122.0 22.0 21.0 73.0 22.0 19.0 216.0 21.0 19.0 20.0 558.0 23.0 19.0 18.0 81.0 23.0 19.0 96.0 21.0 21.0 471.0 25.0 119.0 18.0 87.0 22.0 20.0 779.0 21.0 113.0 77.0 20.0 21.0 299.0 23.0 25.0 19.0 181.0 24.0 20.0 21.0 90.0 22.0 20.0 316.0 22.0 20.0 20.0 182.0 24.0 20.0 19.0 79.0 22.0 19.0 23.0 1025.0 21.0 20.0 38.0 23.0 21.0 306.0 23.0 18.0 23.0 755.0 24.0 19.0
38 39 1 TRACE 23.0 19.0 14.0 15.0 17.0 17.0 26.0 17.0 17.0 16.0 20.0 15.0 117.0 15.0 15.0 16.0 18.0 20.0 15.0 17.0 17.0 17.0 20.0 17.0 18.0 18.0 20.0 16.0 18.0 15.0 18.0 17.0 18.0 17.0 21.0 16.0 19.0 17.0 20.0 15.0 17.0 15.0 19.0 15.0 16.0 19.0 19.0 19.0 18.0 16.0 20.0 19.0 17.0 15.0 20.0 16.0 18.0 16.0 16.0 22.0 17.0 19.0 15.0 17.0 15.0 20.0 54.0 17.0 16.0 21.0 16.0 17.0 17.0 20.0 15.0 17.0 19.0 19.0 17.0 18.0 16.0 19.0 17.0 18.0 19.0 19.0 17.0 18.0 16.0 19.0 17.0 18.0 15.0 17.0 17.0 15.0 19.0 17.0 19.0 18.0 20.0 16.0 17.0 17.0 16.0 17.0 15.0 19.0 15.0 17.0 18.0 19.0 16.0 18.0 15.0 16.0 17.0 17.0 20.0 15.0 15.0 17.0 17.0 20.0 15.0 20.0 18.0 16.0 16.0 17.0 17.0 18.0 16.0 17.0 16.0 19.0 16.0 17.0 18.0 20.0 16.0 16.0 15.0 15.0 16.0 16.0 16.0 18.0 16.0 15.0 16.0 15.0 15.0 20.0 18.0 16.0 16.0 16.0 15.0 17.0 22.0 20.0 16.0 16.0 15.0 17.0 18.0 15.0 25.0 18.0 16.0 16.0 18.0 33.0 19.0 15.0 17.0 16.0 18.0 15.0 19.0 18.0 17.0 17.0 16.0 16.0 18.0 16.0 21.0 17.0 18.0 15.0 16.0 17.0 15.0 18.0 17.0 17.0 17.0 109.0 16.0 19.0 16.0 17.0 15.0 20.0 16.0 17.0 15.0 16.0 17.0 17.0 21.0 17.0 17.0 17.0 18.0 15.0 19.0 16.0 15.0 15.0 18.0 123.0 16.0 17.0 15.0 15.0 17.0 15.0 20.0 17.0 18.0 16.0 19.0
39 25 1 TRACE 15.0 12.0 13.0 118.0 14.0 12.0 12.0 13.0 14.0 14.0 16.0 13.0 13.0 13.0 13.0 13.0 16.0 12.0 14.0 15.0 13.0 13.0 14.0 15.0 13.0 15.0 14.0 13.0 13.0 13.0 12.0 14.0 14.0 14.0 14.0 14.0 12.0 14.0 12.0 12.0 14.0 13.0 13.0 14.0 13.0 13.0 14.0 13.0 13.0 13.0 12.0 15.0 14.0 13.0 14.0 13.0 14.0 15.0 112.0 14.0 13.0 111.0 13.0 13.0 13.0 14.0 12.0 13.0 13.0 13.0 13.0 13.0 13.0 13.0 13.0 13.0 13.0 13.0 14.0 13.0 12.0 13.0 14.0 12.0 13.0 13.0 13.0 12.0 13.0 12.0 12.0 14.0 12.0 15.0 12.0 14.0 14.0 13.0 15.0 13.0 12.0 13.0 12.0 14.0 15.0 13.0 13.0
39 40 1 TRACE 33.0 24.0 26.0 26.0 34.0 27.0 29.0 29.0 27.0 29.0 28.0 34.0 34.0 32.0 24.0 30.0 24.0 26.0 27.0 25.0 32.0 31.0 30.0 27.0 27.0 32.0 29.0 23.0 25.0 24.0 32.0 36.0 34.0 32.0 26.0 30.0 23.0 22.0 25.0 23.0 24.0 26.0 24.0 25.0 25.0 23.0 33.0 31.0 27.0 24.0 28.0 22.0 31.0 25.0 27.0 28.0 134.0 25.0 26.0 26.0 33.0 22.0 29.0 32.0
39 51 1 TRACE 45.0 34.0 41.0 34.0 35.0 36.0 36.0 37.0 35.0 34.0 35.0 35.0 35.0 36.0 36.0 35.0 36.0 36.0 36.0 35.0 38.0 35.0 35.0 38.0 42.0 36.0 41.0 36.0 35.0 35.0 38.0 36.0 38.0 35.0 35.0 36.0 35.0 44.0 37.0 36.0 36.0 35.0 36.0 36.0 133.0 36.0 35.0 35.0 37.0 37.0 36.0 38.0 35.0 35.0 36.0 37.0 35.0 37.0 36.0 36.0 40.0 36.0 37.0 36.0
40 41 1 TRACE 1047.0 800.0 780.0 736.0 1553.0 807.0 1228.0 915.0 871.0 901.0 930.0 2576.0 1408.0 1398.0 719.0 1308.0 749.0 830.0 757.0 771.0 1102.0 1346.0 1381.0 732.0 1159.0 1458.0 821.0 797.0 806.0 724.0 1077.0 1823.0 1799.0 922.0 806.0 794.0 709.0 700.0 728.0 701.0 1002.0 713.0 761.0 703.0 745.0 719.0 803.0 1110.0 724.0 732.0 924.0 726.0 1439.0 722.0 878.0 872.0 728.0 840.0 780.0 723.0 1782.0 700.0 1062.0 1345.0
41 42 1 TRACE 16.0 14.0 12.0 10.0 12.0 14.0 13.0 11.0 14.0 13.0 13.0 15.0 37.0 10.0 13.0 14.0 11.0 12.0 15.0 13.0 13.0 13.0 14.0 12.0 14.0 14.0 12.0 13.0 14.0 12.0 14.0 13.0 12.0 15.0 13.0 13.0 15.0 12.0 12.0 27.0 13.0 12.0 13.0 12.0 12.0 14.0 13.0 10.0 12.0 14.0 12.0 12.0 15.0 13.0 12.0 14.0 14.0 11.0 14.0 13.0 12.0 14.0 14.0 12.0 14.0 13.0 13.0 13.0 12.0 12.0 14.0 12.0 12.0 14.0 14.0 10.0 12.0 14.0 13.0 13.0 14.0 13.0 13.0 14.0 16.0 11.0 12.0 14.0 13.0 12.0 14.0 13.0 12.0 14.0 13.0 11.0 12.0 14.0 13.0 13.0 14.0 12.0 12.0 14.0 11.0 12.0 13.0 13.0 12.0 15.0 13.0 12.0 15.0 14.0 12.0 14.0 14.0 10.0 12.0 14.0 14.0 11.0 12.0 17.0 14.0 11.0 12.0 15.0 14.0 12.0 12.0 14.0 13.0 10.0 12.0 14.0 13.0 11.0 12.0 16.0 13.0 12.0 15.0 14.0 11.0 12.0 14.0 13.0 10.0 12.0 14.0 14.0 11.0 13.0 13.0 13.0 13.0 14.0 12.0 12.0 14.0 16.0 11.0 12.0 14.0 13.0 11.0 13.0 14.0 13.0 12.0 14.0 13.0 11.0 12.0 14.0 12.0 12.0 15.0 14.0 10.0 13.0 14.0 13.0 12.0 15.0 13.0 12.0 14.0 14.0 11.0 12.0 14.0 14.0 12.0 16.0 13.0 11.0 14.0 14.0 11.0 12.0 13.0 11.0 11.0 15.0 14.0 11.0 12.0 14.0 13.0 13.0 13.0 13.0
42 43 1 TRACE 14.0 10.0 10.0 10.0 10.0 10.0 11.0 10.0 11.0 10.0 10.0 11.0 10.0 10.0 11.0 11.0 10.0 10.0 10.0 11.0 10.0 10.0 10.0 11.0 11.0 10.0 10.0 10.0 10.0 10.0 11.0 10.0 10.0 10.0 10.0 11.0 10.0 10.0 10.0 10.0 10.0 10.0 10.0 10.0 10.0 11.0 10.0 10.0 10.0 10.0 10.0 10.0 11.0 11.0 10.0 10.0 10.0 10.0 10.0 10.0 10.0 11.0 10.0 10.0 10.0 10.0 11.0 11.0 10.0 10.0 10.0 10.0 11.0 10.0 11.0 10.0 10.0 10.0 10.0 11.0 10.0 10.0 10.0 11.0 21.0 11.0 10.0 10.0 10.0 10.0 11.0 10.0 10.0 11.0 11.0 9.0 10.0 10.0 10.0 11.0 10.0 10.0 11.0 10.0 10.0 11.0 10.0 10.0 10.0 11.0 10.0 10.0 11.0 10.0 10.0 10.0 11.0 10.0 10.0 10.0 10.0 9.0 10.0 11.0 10.0 10.0 10.0 10.0 10.0 10.0 11.0 10.0 11.0 10.0 10.0 11.0 10.0 10.0 10.0 12.0 11.0 11.0 11.0 15.0 11.0 10.0 10.0 12.0 10.0 10.0 10.0 10.0 10.0 10.0 10.0 10.0 11.0 10.0 10.0 10.0 11.0 10.0 10.0 11.0 11.0 10.0 10.0 10.0 11.0 10.0 10.0 11.0 10.0 9.0 11.0 10.0 10.0 11.0 10.0 10.0 10.0 11.0 10.0 10.0 11.0 11.0 10.0 10.0 11.0 10.0 10.0 10.0 10.0 10.0 10.0 12.0 10.0 10.0 10.0 11.0 9.0 10.0 10.0 10.0 11.0 11.0 10.0 10.0 10.0 11.0 10.0 11.0 10.0 10.0
43 44 1 TRACE 17.0 18.0 17.0 13.0 12.0 18.0 16.0 13.0 18.0 16.0 13.0 19.0 16.0 12.0 16.0 18.0 14.0 14.0 18.0 16.0 14.0 18.0 16.0 14.0 18.0 15.0 14.0 18.0 16.0 14.0 18.0 15.0 14.0 18.0 15.0 20.0 17.0 13.0 15.0 18.0 15.0 17.0 18.0 15.0 13.0 19.0 16.0 13.0 15.0 18.0 15.0 13.0 18.0 16.0 13.0 18.0 16.0 13.0 19.0 16.0 13.0 18.0 16.0 14.0 18.0 16.0 15.0 19.0 15.0 15.0 18.0 15.0 13.0 18.0 16.0 12.0 13.0 18.0 15.0 16.0 18.0 16.0 13.0 18.0 18.0 13.0 13.0 18.0 13.0 14.0 19.0 16.0 12.0 19.0 16.0 13.0 15.0 18.0 15.0 16.0 18.0 14.0 16.0 18.0 13.0 15.0 18.0 16.0 14.0 18.0 16.0 13.0 18.0 16.0 13.0 19.0 17.0 12.0 12.0 18.0 17.0 13.0 13.0 19.0 16.0 13.0 13.0 19.0 17.0 12.0 13.0 18.0 17.0 12.0 14.0 19.0 16.0 12.0 14.0 20.0 16.0 13.0 19.0 18.0 12.0 14.0 18.0 16.0 13.0 13.0 18.0 16.0 13.0 13.0 18.0 16.0 14.0 18.0 16.0 13.0 19.0 17.0 13.0 13.0 18.0 16.0 13.0 14.0 18.0 16.0 13.0 19.0 16.0 13.0 15.0 18.0 15.0 13.0 19.0 16.0 12.0 13.0 18.0 16.0 17.0 18.0 16.0 13.0 18.0 14.0 13.0 14.0 18.0 15.0 14.0 20.0 16.0 13.0 19.0 17.0 13.0 17.0 18.0 14.0 13.0 18.0 17.0 12.0 14.0 18.0 15.0 16.0 19.0 16.0
44 45 1 TRACE 102.0 74.0 74.0 79.0 330.0 72.0 69.0 341.0 74.0 70.0 200.0 67.0 226.0 72.0 279.0 72.0 69.0 367.0 66.0 71.0 76.0 71.0 67.0 270.0 72.0 68.0 201.0 69.0 69.0 361.0 70.0 73.0 254.0 67.0 68.0 78.0 70.0 80.0 117.0 246.0 71.0 95.0 72.0 71.0 96.0 70.0 70.0 71.0 111.0 72.0 71.0 155.0 69.0 68.0 270.0 67.0 72.0 77.0 71.0 68.0 101.0 71.0 76.0 129.0 69.0 67.0 112.0 71.0 68.0 142.0 70.0 75.0 77.0 71.0 68.0 71.0 78.0 69.0 178.0 89.0 71.0 79.0 77.0 172.0 58.0 68.0 81.0 58.0 70.0 75.0 68.0 57.0 82.0 70.0 69.0 68.0 271.0 75.0 76.0 105.0 72.0 72.0 97.0 69.0 72.0 77.0 171.0 70.0 76.0 123.0 168.0 83.0 67.0 68.0 75.0 69.0 68.0 69.0 79.0 70.0 74.0 69.0 83.0 67.0 70.0 68.0 85.0 64.0 70.0 73.0 81.0 71.0 69.0 71.0 72.0 70.0 69.0 69.0 74.0 110.0 68.0 83.0 73.0 65.0 67.0 73.0 69.0 67.0 69.0 83.0 68.0 69.0 69.0 317.0 72.0 67.0 172.0 65.0 67.0 103.0 67.0 70.0 70.0 96.0 69.0 68.0 69.0 75.0 72.0 175.0 93.0 71.0 69.0 70.0 136.0 72.0 70.0 75.0 70.0 67.0 69.0 74.0 67.0 69.0 56.0 71.0 68.0 109.0 59.0 71.0 67.0 86.0 69.0 69.0 77.0 75.0 68.0 86.0 69.0 67.0 70.0 82.0 71.0 72.0 81.0 67.0 67.0 69.0 121.0 66.0 71.0 77.0 69.0 71.0
45 46 1 TRACE 20.0 16.0 14.0 14.0 14.0 16.0 17.0 14.0 17.0 17.0 15.0 17.0 16.0 13.0 15.0 16.0 15.0 18.0 115.0 16.0 15.0 21.0 16.0 15.0 16.0 16.0 14.0 17.0 16.0 15.0 16.0 18.0 16.0 16.0 16.0 15.0 16.0 14.0 14.0 16.0 15.0 15.0 16.0 15.0 14.0 17.0 17.0 13.0 15.0 16.0 115.0 15.0 17.0 16.0 15.0 17.0 17.0 15.0 17.0 17.0 15.0 16.0 17.0 16.0 16.0 16.0 15.0 16.0 15.0 15.0 16.0 15.0 14.0 18.0 17.0 14.0 14.0 17.0 16.0 14.0 17.0 16.0 15.0 80.0 18.0 15.0 14.0 28.0 17.0 14.0 18.0 17.0 14.0 18.0 17.0 18.0 14.0 16.0 16.0 16.0 16.0 15.0 15.0 16.0 14.0 15.0 17.0 15.0 14.0 17.0 16.0 14.0 17.0 16.0 15.0 18.0 17.0 13.0 14.0 17.0 17.0 14.0 14.0 17.0 16.0 14.0 14.0 17.0 20.0 14.0 14.0 18.0 16.0 14.0 15.0 17.0 17.0 14.0 14.0 19.0 110.0 15.0 17.0 17.0 14.0 14.0 17.0 16.0 13.0 14.0 17.0 16.0 13.0 14.0 17.0 16.0 15.0 17.0 16.0 15.0 17.0 17.0 13.0 15.0 18.0 16.0 17.0 14.0 16.0 17.0 15.0 17.0 17.0 14.0 15.0 17.0 15.0 15.0 17.0 16.0 13.0 14.0 16.0 17.0 15.0 16.0 16.0 14.0 17.0 16.0 14.0 14.0 110.0 17.0 14.0 19.0 17.0 14.0 17.0 17.0 14.0 15.0 17.0 14.0 14.0 17.0 17.0 13.0 14.0 17.0 16.0 15.0 16.0 15.0
46 47 1 TRACE 14916.0 11741.0 2834.0 1770.0 16004.0 8138.0 2278.0 15778.0 8374.0 2253.0 15173.0 9406.0 2412.0 1632.0 15442.0 4504.0 1790.0 16428.0 7719.0 2181.0 16891.0 5879.0 1979.0 17370.0 6834.0 2021.0 17290.0 6988.0 2102.0 17437.0 6766.0 2127.0 17239.0 6153.0 1995.0 11916.0 3139.0 1601.0 13185.0 4634.0 1798.0 13268.0 4798.0 1830.0 13035.0 8954.0 2313.0 1564.0 13421.0 5051.0 1886.0 13461.0 8116.0 2162.0 13487.0 8054.0 2210.0 13585.0 7972.0 2124.0 13972.0 7704.0 2101.0 14134.0 5713.0 1943.0 13421.0 4873.0 1837.0 13112.0 4676.0 1804.0 13106.0 8646.0 2240.0 1563.0 14382.0 6240.0 2036.0 13059.0 4563.0 1783.0 13452.0 9978.0 2315.0 1625.0 13855.0 7217.0 2069.0 13938.0 7235.0 2041.0 13319.0 8854.0 2281.0 1555.0 13866.0 5428.0 1925.0 12481.0 3856.0 1671.0 12758.0 4001.0 1697.0 14544.0 6150.0 2006.0 13910.0 7180.0 2072.0 13681.0 7345.0 2061.0 12661.0 10114.0 2572.0 1565.0 12726.0 10416.0 2601.0 1567.0 13069.0 8791.0 2243.0 1560.0 12679.0 10072.0 2500.0 1564.0 12982.0 8996.0 2318.0 1565.0 12802.0 9509.0 2378.0 1571.0 13438.0 8659.0 2216.0 12736.0 10110.0 2544.0 1564.0 13326.0 8285.0 2168.0 1563.0 12952.0 9046.0 2268.0 1563.0 13737.0 7389.0 2073.0 14074.0 5776.0 1953.0 13094.0 8884.0 2287.0 1564.0 13097.0 8670.0 2238.0 1556.0 14101.0 6112.0 2008.0 13366.0 8741.0 2254.0 1665.0 13019.0 4508.0 1785.0 13003.0 8852.0 2288.0 1563.0 14117.0 6881.0 2007.0 13593.0 7667.0 2090.0 13164.0 8696.0 2327.0 1561.0 14035.0 6782.0 2003.0 13725.0 7925.0 2146.0 13111.0 8898.0 2293.0 1564.0 12558.0 3872.0 1687.0 12961.0 10421.0 2593.0 1566.0 14052.0 6806.0 2014.0 13422.0 4895.0 1851.0
47 48 1 TRACE 16.0 12.0 9.0 11.0 9.0 12.0 8.0 10.0 10.0 12.0 9.0 11.0 9.0 11.0 10.0 12.0 9.0 11.0 9.0 10.0 10.0 13.0 9.0 11.0 8.0 10.0 9.0 10.0 10.0 11.0 9.0 11.0 8.0 11.0 10.0 12.0 9.0 12.0 9.0 11.0 9.0 11.0 9.0 11.0 8.0 11.0 10.0 11.0 9.0 11.0 9.0 11.0 10.0 12.0 9.0 11.0 8.0 11.0 9.0 12.0 9.0 11.0 8.0 11.0 11.0 12.0 8.0 11.0 9.0 11.0 10.0 12.0 9.0 11.0 8.0 11.0 10.0 12.0 8.0 11.0 9.0 11.0 9.0 12.0 9.0 11.0 8.0 10.0 10.0 13.0 9.0 12.0 9.0 11.0 9.0 10.0 9.0 12.0 9.0 11.0 9.0 11.0 10.0 12.0 9.0 12.0 8.0 11.0 10.0 12.0 9.0 11.0 8.0 11.0 10.0 12.0 9.0 11.0 9.0 18.0 9.0 13.0 9.0 11.0 8.0 12.0 10.0 12.0 9.0 11.0 8.0 11.0 10.0 11.0 9.0 10.0 8.0 11.0 10.0 11.0 9.0 12.0 8.0 11.0 10.0 111.0 9.0 11.0 9.0 10.0 8.0 11.0 9.0 13.0 9.0 11.0 9.0 10.0 10.0 11.0 9.0 12.0 8.0 11.0 9.0 13.0 10.0 13.0 9.0 11.0 9.0 11.0 10.0 13.0 9.0 12.0 8.0 10.0 10.0 12.0 9.0 11.0 9.0 11.0 10.0 14.0 9.0 11.0 9.0 11.0 9.0 12.0 9.0 11.0 9.0 11.0 9.0 12.0 10.0 11.0 10.0 10.0 9.0 13.0 10.0 11.0 8.0 11.0 9.0 10.0 9.0 12.0 8.0 11.0 8.0 12.0 10.0 13.0 9.0 11.0 9.0 13.0 9.0 13.0 9.0 11.0 9.0 11.0 11.0 13.0 9.0 11.0 8.0 11.0 8.0 11.0 10.0 12.0 9.0 11.0 8.0 11.0 8.0 11.0 11.0 12.0 9.0 11.0 8.0 11.0 9.0 10.0 10.0 12.0 9.0 11.0 8.0 11.0 8.0 11.0 10.0 13.0 8.0 11.0 8.0 11.0 9.0 11.0 10.0 12.0 9.0 11.0 9.0 11.0 9.0 11.0 10.0 14.0 10.0 12.0 8.0 11.0 10.0 13.0 9.0 11.0 8.0 11.0 8.0 12.0 10.0 12.0 9.0 11.0 9.0 10.0 8.0 11.0 10.0 13.0 9.0 11.0 9.0 11.0 9.0 10.0 10.0 12.0 9.0 11.0 9.0 11.0 9.0 12.0 9.0 11.0 9.0 11.0 10.0 12.0 9.0 11.0 9.0 11.0 8.0 10.0 10.0 13.0 9.0 11.0 9.0 11.0 8.0 10.0 9.0 12.0 9.0 11.0 9.0 12.0 10.0 14.0 9.0 11.0 9.0 11.0 8.0 10.0 9.0 11.0 9.0 10.0 9.0 11.0 10.0 12.0 9.0 11.0 8.0 10.0 8.0 11.0 10.0 12.0 9.0 11.0 9.0 10.0 10.0 13.0 8.0 10.0 9.0 11.0 10.0 12.0 9.0 11.0 9.0 11.0 9.0 10.0 9.0 12.0 8.0 11.0 8.0 11.0 10.0 15.0 10.0 11.0 8.0 11.0 10.0 13.0 9.0 11.0 9.0 11.0 9.0 11.0 9.0 11.0 9.0 11.0 8.0 11.0 11.0 13.0 9.0 11.0 9.0 11.0 8.0 10.0 9.0 15.0 9.0 11.0 9.0 11.0 9.0 12.0 9.0 11.0 9.0 11.0
48 49 1 TRACE 686.0 345.0 643.0 381.0 12.0 21.0 7.0 11.0 1057.0 424.0 221.0 243.0 9.0 13.0 1031.0 421.0 241.0 259.0 9.0 14.0 905.0 409.0 352.0 300.0 9.0 17.0 8.0 10.0 1220.0 427.0 52.0 59.0 9.0 11.0 1127.0 429.0 188.0 222.0 9.0 14.0 1250.0 435.0 110.0 107.0 9.0 11.0 1218.0 435.0 132.0 174.0 10.0 13.0 1205.0 451.0 172.0 144.0 9.0 12.0 1223.0 433.0 128.0 170.0 8.0 12.0 1308.0 444.0 120.0 164.0 9.0 12.0 865.0 404.0 18.0 34.0 9.0 11.0 1237.0 420.0 64.0 70.0 9.0 13.0 1251.0 421.0 72.0 76.0 9.0 13.0 874.0 397.0 381.0 311.0 10.0 18.0 8.0 10.0 1257.0 429.0 83.0 85.0 10.0 13.0 991.0 421.0 277.0 293.0 9.0 15.0 1008.0 418.0 260.0 270.0 9.0 15.0 1018.0 418.0 252.0 269.0 9.0 16.0 1057.0 426.0 225.0 249.0 9.0 15.0 1244.0 436.0 117.0 112.0 9.0 12.0 1253.0 420.0 75.0 80.0 8.0 12.0 1244.0 423.0 60.0 74.0 9.0 12.0 922.0 410.0 336.0 303.0 11.0 17.0 7.0 10.0 1223.0 433.0 127.0 174.0 9.0 12.0 1243.0 421.0 57.0 69.0 8.0 13.0 973.0 419.0 343.0 284.0 11.0 17.0 8.0 11.0 1086.0 429.0 195.0 241.0 9.0 17.0 1105.0 428.0 191.0 224.0 9.0 13.0 885.0 403.0 370.0 307.0 11.0 17.0 8.0 10.0 1256.0 428.0 87.0 129.0 9.0 14.0 1153.0 457.0 37.0 46.0 7.0 10.0 1186.0 424.0 42.0 52.0 20.0 11.0 1227.0 442.0 123.0 164.0 9.0 13.0 1142.0 432.0 184.0 219.0 10.0 15.0 1100.0 428.0 200.0 230.0 10.0 15.0 697.0 368.0 574.0 357.0 12.0 19.0 8.0 10.0 620.0 349.0 577.0 375.0 16.0 20.0 7.0 10.0 894.0 422.0 346.0 305.0 10.0 17.0 8.0 10.0 706.0 372.0 571.0 355.0 12.0 20.0 7.0 11.0 859.0 400.0 386.0 312.0 10.0 17.0 8.0 10.0 789.0 381.0 472.0 268.0 12.0 18.0 8.0 10.0 1006.0 500.0 269.0 279.0 9.0 15.0 713.0 359.0 574.0 354.0 12.0 21.0 8.0 10.0 969.0 420.0 288.0 284.0 10.0 45.0 7.0 11.0 839.0 403.0 399.0 249.0 10.0 17.0 8.0 10.0 1086.0 429.0 203.0 231.0 10.0 15.0 1248.0 434.0 102.0 148.0 9.0 13.0 872.0 403.0 364.0 309.0 10.0 17.0 8.0 10.0 928.0 404.0 334.0 305.0 10.0 16.0 8.0 11.0 1226.0 443.0 124.0 167.0 9.0 13.0 881.0 414.0 354.0 305.0 10.0 16.0 7.0 10.0 1237.0 417.0 61.0 67.0 8.0 13.0 884.0 403.0 370.0 306.0 10.0 17.0 8.0 10.0 1170.0 432.0 191.0 159.0 10.0 13.0 1064.0 424.0 225.0 249.0 10.0 15.0 902.0 411.0 352.0 301.0 10.0 17.0 8.0 10.0 1175.0 433.0 187.0 155.0 13.0 13.0 1398.0 476.0 224.0 241.0 9.0 14.0 862.0 405.0 371.0 308.0 11.0 19.0 8.0 10.0 1177.0 424.0 38.0 60.0 8.0 10.0 649.0 365.0 578.0 370.0 12.0 21.0 8.0 12.0 1179.0 435.0 182.0 159.0 9.0 13.0 1254.0 427.0 75.0 80.0 10.0 12.0
49 47 1 TRACE 11385.0 6836.0 905.0 622.0 11206.0 5528.0 661.0 11381.0 5682.0 665.0 11996.0 6268.0 723.0 620.0 8334.0 2413.0 626.0 10949.0 5270.0 652.0 9467.0 3816.0 741.0 10234.0 4564.0 644.0 10393.0 4724.0 646.0 10158.0 4486.0 645.0 9362.0 4045.0 622.0 6919.0 1073.0 603.0 7797.0 2605.0 615.0 7896.0 2778.0 612.0 9715.0 5827.0 671.0 604.0 8039.0 3039.0 613.0 9434.0 5377.0 648.0 9478.0 5234.0 646.0 9451.0 5258.0 650.0 9404.0 5095.0 640.0 8618.0 3792.0 621.0 7923.0 2835.0 612.0 7820.0 2632.0 616.0 9690.0 5653.0 665.0 609.0 9011.0 4112.0 625.0 7754.0 2569.0 610.0 9538.0 5888.0 718.0 645.0 9469.0 4869.0 633.0 9313.0 4811.0 630.0 9782.0 5738.0 675.0 607.0 8399.0 3442.0 616.0 7294.0 1768.0 606.0 7354.0 1910.0 619.0 9016.0 4037.0 623.0 9284.0 4753.0 633.0 9340.0 4878.0 637.0 9782.0 6331.0 763.0 603.0 9601.0 6376.0 787.0 604.0 9760.0 5678.0 665.0 604.0 9764.0 6295.0 761.0 604.0 9759.0 5815.0 681.0 607.0 9811.0 6084.0 700.0 604.0 11124.0 5392.0 652.0 9689.0 6331.0 758.0 716.0 9583.0 5431.0 651.0 609.0 9880.0 5856.0 669.0 605.0 9373.0 4901.0 632.0 8731.0 3788.0 617.0 9721.0 5741.0 669.0 603.0 9741.0 5651.0 668.0 607.0 8943.0 4021.0 623.0 9845.0 5698.0 669.0 606.0 7702.0 2472.0 610.0 9743.0 5751.0 671.0 610.0 9308.0 4609.0 631.0 9444.0 5065.0 636.0 9729.0 5680.0 664.0 605.0 9302.0 4556.0 625.0 11363.0 5118.0 737.0 9822.0 5776.0 671.0 696.0 7329.0 1798.0 607.0 9645.0 6368.0 792.0 605.0 9276.0 4562.0 625.0 7963.0 2875.0 610.0
49 50 1 TRACE 391.0 325.0 45.0 35.0 354.0 250.0 37.0 350.0 259.0 36.0 352.0 298.0 67.0 53.0 353.0 127.0 35.0 359.0 238.0 35.0 353.0 198.0 36.0 351.0 216.0 38.0 363.0 215.0 35.0 355.0 215.0 35.0 555.0 246.0 36.0 599.0 99.0 74.0 640.0 171.0 41.0 841.0 225.0 35.0 1041.0 469.0 40.0 75.0 1005.0 213.0 37.0 993.0 412.0 38.0 806.0 531.0 37.0 827.0 368.0 40.0 844.0 344.0 38.0 923.0 210.0 36.0 948.0 250.0 104.0 972.0 213.0 36.0 947.0 510.0 39.0 76.0 1069.0 266.0 36.0 868.0 166.0 40.0 1057.0 542.0 50.0 89.0 781.0 395.0 37.0 1019.0 339.0 120.0 905.0 500.0 42.0 180.0 904.0 261.0 35.0 682.0 173.0 57.0 594.0 187.0 42.0 938.0 299.0 35.0 905.0 309.0 37.0 1078.0 369.0 36.0 895.0 561.0 88.0 78.0 980.0 539.0 121.0 85.0 1018.0 433.0 46.0 82.0 1103.0 555.0 222.0 82.0 946.0 477.0 40.0 36.0 1037.0 616.0 157.0 91.0 1506.0 371.0 37.0 943.0 564.0 147.0 71.0 1009.0 390.0 38.0 85.0 892.0 564.0 128.0 110.0 1218.0 350.0 41.0 950.0 346.0 36.0 1025.0 454.0 129.0 79.0 891.0 398.0 39.0 65.0 1270.0 289.0 37.0 977.0 447.0 41.0 72.0 804.0 193.0 37.0 936.0 562.0 38.0 75.0 970.0 311.0 39.0 908.0 483.0 37.0 919.0 465.0 40.0 74.0 937.0 254.0 38.0 908.0 310.0 39.0 874.0 460.0 39.0 92.0 647.0 162.0 51.0 828.0 576.0 121.0 82.0 1181.0 329.0 37.0 888.0 173.0 85.0
50 25 1 TRACE 42.0 47.0 49.0 26.0 31.0 44.0 35.0 39.0 38.0 39.0 38.0 28.0 31.0 32.0 26.0 32.0 60.0 58.0 51.0 49.0 34.0 32.0 30.0 25.0 37.0 30.0 27.0 44.0 44.0 26.0 35.0 28.0 28.0 38.0 42.0 46.0 26.0 26.0 25.0 26.0 27.0 26.0 52.0 27.0 26.0 27.0 45.0 36.0 26.0 26.0 36.0 26.0 30.0 26.0 41.0 48.0 26.0 46.0 46.0 120.0 28.0 27.0 41.0 37.0
50 41 1 TRACE 10.0 9.0 8.0 10.0 9.0 10.0 10.0 10.0 10.0 9.0 9.0 10.0 11.0 10.0 10.0 9.0 10.0 9.0 10.0 10.0 10.0 9.0 10.0 9.0 10.0 9.0 9.0 10.0 10.0 9.0 11.0 9.0 9.0 10.0 9.0 10.0 10.0 10.0 9.0 10.0 10.0 10.0 10.0 9.0 9.0 10.0 9.0 10.0 9.0 10.0 10.0 9.0 10.0 9.0 11.0 10.0 11.0 11.0 9.0 11.0 10.0 10.0 9.0 11.0 10.0 9.0 9.0 10.0 9.0 9.0 10.0 9.0 10.0 9.0 10.0 10.0 11.0 10.0 10.0 10.0 9.0 10.0 10.0 9.0 14.0 10.0 9.0 11.0 10.0 9.0 10.0 10.0 8.0 10.0 10.0 9.0 13.0 10.0 10.0 10.0 10.0 10.0 9.0 9.0 10.0 10.0 9.0 10.0 10.0 11.0 10.0 10.0 13.0 9.0 11.0 10.0 9.0 10.0 9.0 10.0 10.0 9.0 10.0 10.0 10.0 10.0 9.0 10.0 10.0 10.0 10.0 11.0 10.0 9.0 10.0 9.0 12.0 9.0 11.0 10.0 9.0 10.0 9.0 10.0 10.0 9.0 10.0 10.0 10.0 9.0
51 52 1 TRACE 10068.0 9867.0 10007.0 9851.0 10044.0 9872.0 9969.0 9904.0 9963.0 9881.0 9819.0 9997.0 9874.0 9839.0 9817.0 9824.0 9819.0 9756.0 9702.0 9752.0 9877.0 9824.0 9907.0 9850.0 9837.0 9778.0 9806.0 9754.0 9739.0 9782.0 9792.0 9993.0 9734.0 9822.0 9753.0 9726.0 9858.0 9807.0 9801.0 9762.0 9774.0 9896.0 9750.0 9816.0 9867.0 9842.0 9735.0 9821.0 9801.0 9763.0 9829.0 9784.0 10086.0 9921.0 9785.0 9684.0 9781.0 9810.0 9827.0 9880.0 9990.0 9781.0 9822.0 9977.0
52 53 1 TRACE 186.0 178.0 177.0 175.0 171.0 177.0 172.0 176.0 174.0 176.0 171.0 171.0 173.0 177.0 185.0 175.0 173.0 177.0 180.0 180.0 171.0 172.0 171.0 175.0 172.0 175.0 176.0 174.0 178.0 172.0 174.0 173.0 172.0 178.0 172.0 177.0 172.0 173.0 173.0 175.0 174.0 169.0 178.0 174.0 175.0 175.0 176.0 175.0 177.0 174.0 172.0 174.0 174.0 172.0 169.0 174.0 176.0 173.0 178.0 175.0 174.0 174.0 174.0 173.0
53 54 1 TRACE 27.0 25.0 24.0 25.0 25.0 25.0 24.0 26.0 25.0 25.0 27.0 25.0 25.0 25.0 26.0 24.0 22.0 21.0 22.0 22.0 22.0 21.0 23.0 22.0 22.0 21.0 23.0 22.0 21.0 24.0 22.0 23.0 23.0 21.0 22.0 22.0 22.0 22.0 24.0 21.0 22.0 22.0 23.0 22.0 22.0 22.0 21.0 22.0 22.0 21.0 21.0 21.0 23.0 23.0 22.0 20.0 23.0 22.0 21.0 115.0 22.0 22.0 23.0 22.0
54 55 1 TRACE 52.0 35.0 32.0 32.0 56.0 31.0 33.0 46.0 34.0 33.0 34.0 46.0 32.0 34.0 33.0 32.0 33.0 32.0 45.0 31.0 33.0 32.0 33.0 33.0 33.0 33.0 33.0 33.0 32.0 34.0 34.0 33.0 33.0 31.0 32.0 45.0 31.0 45.0 43.0 32.0 33.0 32.0 32.0 32.0 33.0 31.0 32.0 32.0 32.0 32.0 32.0 32.0 34.0 34.0 34.0 32.0 33.0 34.0 32.0 32.0 31.0 33.0 34.0 33.0
55 56 1 TRACE 11.0 8.0 8.0 8.0 8.0 8.0 8.0 9.0 8.0 8.0 8.0 19.0 8.0 8.0 8.0 8.0 8.0 8.0 8.0 8.0 8.0 8.0 7.0 8.0 8.0 7.0 8.0 8.0 8.0 8.0 8.0 8.0 8.0 8.0 8.0 8.0 8.0 9.0 9.0 8.0 8.0 8.0 8.0 7.0 8.0 8.0 9.0 9.0 8.0 8.0 8.0 8.0 8.0 8.0 8.0 8.0 8.0 8.0 8.0 7.0 8.0 8.0 8.0 7.0
56 57 1 TRACE 10.0 7.0 8.0 7.0 8.0 7.0 7.0 8.0 8.0 7.0 7.0 7.0 7.0 8.0 8.0 7.0 8.0 7.0 7.0 7.0 8.0 23.0 8.0 7.0 7.0 8.0 7.0 8.0 8.0 8.0 7.0 7.0 7.0 8.0 7.0 8.0 8.0 7.0 8.0 8.0 8.0 7.0 7.0 8.0 8.0 7.0 7.0 8.0 8.0 7.0 7.0 7.0 7.0 7.0 7.0 7.0 8.0 8.0 8.0 7.0 7.0 8.0 8.0 8.0
57 58 1 TRACE 11.0 7.0 7.0 8.0 8.0 7.0 7.0 8.0 7.0 8.0 7.0 8.0 8.0 8.0 7.0 7.0 7.0 7.0 8.0 7.0 7.0 8.0 7.0 8.0 7.0 7.0 8.0 7.0 7.0 7.0 7.0 7.0 8.0 7.0 7.0 8.0 7.0 8.0 7.0 8.0 7.0 8.0 7.0 7.0 8.0 8.0 7.0 7.0 7.0 8.0 8.0 8.0 7.0 8.0 8.0 8.0 7.0 8.0 7.0 8.0 8.0 7.0 7.0 7.0
58 59 1 TRACE 28.0 9.0 9.0 10.0 10.0 10.0 10.0 10.0 9.0 10.0 10.0 10.0 10.0 9.0 9.0 9.0 9.0 10.0 22.0 10.0 10.0 11.0 9.0 10.0 9.0 9.0 10.0 9.0 9.0 10.0 10.0 10.0 10.0 10.0 10.0 23.0 9.0 22.0 10.0 9.0 10.0 9.0 10.0 10.0 10.0 9.0 9.0 9.0 10.0 9.0 10.0 26.0 10.0 9.0 10.0 9.0 9.0 9.0 9.0 9.0 9.0 10.0 10.0 9.0
59 60 1 TRACE 8.0 8.0 7.0 7.0 7.0 7.0 7.0 7.0 7.0 7.0 7.0 19.0 19.0 7.0 19.0 20.0 7.0 7.0 8.0 20.0 7.0 7.0 7.0 7.0 7.0 20.0 19.0 20.0 20.0 19.0 8.0 7.0 7.0 20.0 7.0 8.0 7.0 8.0 21.0 7.0 19.0 20.0 7.0 20.0 19.0 7.0 20.0 7.0 8.0 19.0 19.0 8.0 7.0 7.0 7.0 7.0 7.0 8.0 20.0 7.0 23.0 19.0 7.0 8.0
60 61 1 TRACE 8.0 8.0 7.0 8.0 21.0 7.0 7.0 20.0 7.0 7.0 7.0 9.0 8.0 21.0 7.0 8.0 20.0 8.0 7.0 8.0 21.0 8.0 20.0 8.0 19.0 8.0 8.0 7.0 8.0 7.0 8.0 7.0 20.0 8.0 19.0 8.0 9.0 8.0 8.0 20.0 9.0 8.0 20.0 8.0 8.0 20.0 8.0 20.0 8.0 9.0 8.0 8.0 20.0 9.0 20.0 20.0 20.0 21.0 8.0 8.0 8.0 7.0 20.0 21.0
61 62 1 TRACE 8.0 18.0 7.0 8.0 7.0 9.0 20.0 8.0 20.0 7.0 7.0 7.0 8.0 8.0 8.0 7.0 8.0 8.0 8.0 7.0 8.0 8.0 7.0 20.0 9.0 8.0 7.0 8.0 8.0 8.0 20.0 20.0 7.0 8.0 7.0 8.0 8.0 8.0 8.0 7.0 8.0 8.0 8.0 8.0 7.0 8.0 8.0 7.0 8.0 7.0 7.0 8.0 7.0 7.0 7.0 8.0 8.0 8.0 8.0 7.0 8.0 7.0 8.0 8.0
62 1 1 TRACE 32.0 20.0 29.0 31.0 22.0 20.0 20.0 21.0 21.0 30.0 31.0 20.0 20.0 20.0 20.0 20.0 20.0 21.0 77.0 20.0 20.0 27.0 21.0 20.0 19.0 24.0 20.0 20.0 20.0 20.0 20.0 20.0 20.0 20.0 21.0 33.0 20.0 34.0 21.0 20.0 20.0 20.0 20.0 20.0 21.0 21.0 20.0 20.0 20.0 21.0 20.0 26.0 21.0 20.0 21.0 21.0 20.0 20.0 20.0 21.0 28.0 20.0 20.0
