0 1 CONSTANT 8.0
1 1 CONSTANT 8.0
2 1 CONSTANT 0.0
3 1 CONSTANT 8.0
4 1 CONSTANT 8.0
5 1 CONSTANT 8.0
6 1 CONSTANT 8.0
7 1 CONSTANT 8.0
8 1 CONSTANT 8.0
9 1 CONSTANT 0.0
10 1 CONSTANT 0.0
11 1 CONSTANT 0.0
12 1 CONSTANT 0.0
13 1 CONSTANT 8.0
14 1 CONSTANT 4.0
15 1 CONSTANT 4.0
16 1 CONSTANT 0.0
17 1 CONSTANT 0.0
18 1 CONSTANT 0.0
19 1 CONSTANT 0.0
20 1 CONSTANT 4.0
21 1 CONSTANT 8.0
22 1 CONSTANT 8.0
23 1 CONSTANT 8.0
24 1 CONSTANT 8.0
25 1 CONSTANT 4.0
26 1 CONSTANT 4.0
27 1 CONSTANT 8.0
28 1 TRACE 0.0 0.0 12.0 0.0 0.0 48.0 0.0 0.0 36.0 0.0 0.0 8.0 28.0 0.0 4.0 16.0 20.0 0.0 0.0 0.0 0.0 4.0 0.0 0.0 4.0 24.0 0.0 0.0 0.0 0.0 0.0 16.0 4.0 0.0 4.0 20.0 0.0 0.0 4.0 0.0 0.0 20.0 0.0 0.0 4.0 12.0 0.0 0.0 0.0 0.0 0.0 68.0 0.0 0.0 64.0 0.0 0.0 72.0 0.0 0.0 0.0 52.0 0.0 0.0 0.0 0.0 0.0 4.0 24.0 0.0 0.0 0.0 0.0 0.0 0.0 0.0 0.0 0.0 4.0 36.0 0.0 0.0 0.0 56.0 0.0 0.0 0.0 80.0 0.0 0.0 8.0 8.0 0.0 0.0 0.0 4.0 0.0 12.0 0.0 0.0 0.0 12.0 4.0 0.0 0.0 44.0 0.0 0.0 0.0 36.0 0.0 0.0 0.0 88.0 0.0 0.0 68.0 0.0 0.0 4.0 12.0 4.0 0.0 8.0 0.0 0.0 4.0 20.0 0.0 0.0 0.0 8.0 0.0 0.0 8.0 0.0 0.0 0.0 0.0 0.0 0.0 0.0 32.0 0.0 0.0 4.0 12.0 0.0 8.0 4.0 0.0 0.0 0.0 0.0 8.0 8.0 0.0 0.0 0.0 52.0 0.0 0.0 4.0 44.0 0.0 0.0 4.0 56.0 0.0 0.0 0.0 24.0 4.0 12.0 12.0 0.0 0.0 0.0 60.0 0.0 0.0 0.0 0.0 16.0 0.0 0.0 0.0 0.0 0.0 56.0 0.0 0.0 0.0 28.0 0.0 0.0 8.0 76.0 0.0 0.0 16.0 0.0 4.0 44.0 0.0 0.0 12.0 12.0 0.0 0.0 0.0 16.0 8.0 0.0 8.0 32.0 0.0 0.0 0.0 108.0 0.0 0.0 4.0 80.0 0.0 0.0 24.0 4.0 0.0
29 1 CONSTANT 4.0
30 1 TRACE 0.0 0.0 12.0 0.0 0.0 48.0 0.0 0.0 36.0 0.0 0.0 8.0 28.0 0.0 4.0 16.0 20.0 0.0 0.0 0.0 0.0 4.0 0.0 0.0 4.0 24.0 0.0 0.0 0.0 0.0 0.0 16.0 4.0 0.0 4.0 20.0 0.0 0.0 4.0 0.0 0.0 20.0 0.0 0.0 4.0 12.0 0.0 0.0 0.0 0.0 0.0 68.0 0.0 0.0 64.0 0.0 0.0 72.0 0.0 0.0 0.0 52.0 0.0 0.0 0.0 0.0 0.0 4.0 24.0 0.0 0.0 0.0 0.0 0.0 0.0 0.0 0.0 0.0 4.0 36.0 0.0 0.0 0.0 56.0 0.0 0.0 0.0 80.0 0.0 0.0 8.0 8.0 0.0 0.0 0.0 4.0 0.0 12.0 0.0 0.0 0.0 12.0 4.0 0.0 0.0 44.0 0.0 0.0 0.0 36.0 0.0 0.0 0.0 88.0 0.0 0.0 68.0 0.0 0.0 4.0 12.0 4.0 0.0 8.0 0.0 0.0 4.0 20.0 0.0 0.0 0.0 8.0 0.0 0.0 8.0 0.0 0.0 0.0 0.0 0.0 0.0 0.0 32.0 0.0 0.0 4.0 12.0 0.0 8.0 4.0 0.0 0.0 0.0 0.0 8.0 8.0 0.0 0.0 0.0 52.0 0.0 0.0 4.0 44.0 0.0 0.0 4.0 56.0 0.0 0.0 0.0 24.0 4.0 12.0 12.0 0.0 0.0 0.0 60.0 0.0 0.0 0.0 0.0 16.0 0.0 0.0 0.0 0.0 0.0 56.0 0.0 0.0 0.0 28.0 0.0 0.0 8.0 76.0 0.0 0.0 16.0 0.0 4.0 44.0 0.0 0.0 12.0 12.0 0.0 0.0 0.0 16.0 8.0 0.0 8.0 32.0 0.0 0.0 0.0 108.0 0.0 0.0 4.0 80.0 0.0 0.0 24.0 4.0 0.0
31 1 CONSTANT 8.0
32 1 CONSTANT 8.0
33 1 CONSTANT 4.0
34 1 CONSTANT 0.0
35 1 CONSTANT 0.0
36 1 CONSTANT 8.0
37 1 CONSTANT 8.0
38 1 CONSTANT 8.0
39 1 TRACE 8.0 0.0 0.0 8.0 0.0 8.0 0.0 8.0 0.0 0.0 8.0 0.0 8.0 0.0 8.0 0.0 8.0 0.0 0.0 0.0 8.0 0.0 0.0 8.0 0.0 0.0 8.0 0.0 0.0 8.0 8.0 0.0 0.0 8.0 0.0 8.0 0.0 8.0 0.0 0.0 8.0 0.0 0.0 8.0 0.0 8.0 0.0 8.0 0.0 0.0 8.0 0.0 0.0 8.0 0.0 0.0 8.0 0.0 0.0 8.0 0.0 8.0 0.0 8.0 0.0 0.0 8.0 0.0 8.0 0.0 8.0 0.0 0.0 8.0 0.0 0.0 8.0 8.0 0.0 8.0 0.0 8.0 0.0 8.0 0.0 8.0 8.0 0.0 0.0 8.0 0.0 8.0 0.0 8.0 0.0 0.0 8.0 0.0 0.0 8.0 0.0 0.0 8.0 8.0 0.0 8.0 0.0 8.0 0.0 8.0 0.0 8.0 8.0 0.0 0.0 8.0 0.0 0.0 8.0 0.0 0.0 8.0 0.0 8.0 0.0 8.0 0.0 8.0 0.0 8.0 0.0 8.0 0.0 8.0 0.0 8.0 0.0 8.0 0.0 0.0 8.0 0.0 8.0 0.0 8.0 0.0 0.0 8.0 0.0 0.0 8.0 0.0 0.0 8.0 0.0 8.0 0.0 8.0 0.0 8.0 0.0 8.0 0.0 8.0 0.0 8.0 0.0 8.0 0.0 8.0 0.0 0.0 8.0 0.0 8.0 0.0 8.0 8.0 0.0 0.0 8.0 8.0 0.0 0.0 8.0 0.0 0.0 8.0 8.0 0.0 0.0 8.0 0.0 8.0 0.0 8.0 0.0 0.0 8.0 0.0 0.0 8.0 0.0 8.0 0.0 8.0 0.0 8.0 0.0 8.0 8.0 0.0 0.0 8.0 0.0 8.0 0.0 8.0 0.0 8.0 0.0 8.0 0.0 8.0 0.0 8.0 0.0 8.0 0.0
40 1 CONSTANT 8.0
41 1 CONSTANT 8.0
42 1 CONSTANT 8.0
43 1 CONSTANT 3240.0
44 1 CONSTANT 3232.0
45 1 CONSTANT 8.0
46 1 CONSTANT 3240.0
47 1 CONSTANT 4.0
48 1 TRACE 199744.0 58912.0 36400.0 25680.0 21136.0 5888.0 5808.0 5472.0 4960.0 4432.0 0.0 0.0 16.0 80.0 16.0 197504.0 59168.0 36624.0 27328.0 21216.0 14144.0 12352.0 11168.0 9392.0 8752.0 48.0 16.0 48.0 144.0 80.0 182992.0 59952.0 36496.0 25808.0 20848.0 2736.0 2688.0 2960.0 2832.0 2320.0 0.0 0.0 0.0 48.0 0.0 203952.0 59056.0 36576.0 27152.0 21312.0 9040.0 8192.0 7744.0 6608.0 6288.0 0.0 32.0 48.0 48.0 32.0 204512.0 59440.0 36544.0 26272.0 21392.0 7040.0 6960.0 6208.0 5648.0 5200.0 16.0 0.0 32.0 64.0 16.0 92352.0 35312.0 28208.0 21664.0 16192.0 86704.0 44992.0 30496.0 22080.0 18368.0 512.0 544.0 448.0 640.0 320.0 0.0 0.0 0.0 32.0 0.0 151840.0 54624.0 36416.0 27568.0 20960.0 41328.0 28208.0 21232.0 16624.0 14544.0 160.0 176.0 128.0 288.0 160.0 0.0 0.0 0.0 0.0 0.0 204000.0 58928.0 37520.0 26624.0 21392.0 7488.0 7312.0 6416.0 6160.0 5536.0 16.0 16.0 32.0 64.0 0.0 126416.0 45840.0 30944.0 23904.0 18112.0 55392.0 35792.0 26144.0 19504.0 16480.0 208.0 240.0 224.0 416.0 240.0 0.0 0.0 0.0 0.0 0.0 187760.0 58400.0 36688.0 26144.0 20864.0 3136.0 3360.0 3360.0 2896.0 2544.0 0.0 0.0 0.0 32.0 0.0 201216.0 58528.0 37008.0 26752.0 21392.0 11248.0 9600.0 8752.0 7824.0 7248.0 16.0 16.0 64.0 80.0 64.0 158416.0 54480.0 38256.0 28496.0 21808.0 37536.0 26752.0 20496.0 15520.0 13760.0 128.0 128.0 144.0 288.0 176.0 0.0 0.0 0.0 0.0 0.0 167536.0 57504.0 36384.0 25520.0 20592.0 2208.0 1920.0 2064.0 2016.0 1712.0 0.0 0.0 16.0 32.0 0.0 198512.0 59888.0 37200.0 26368.0 21328.0 4896.0 4864.0 4720.0 4080.0 3712.0 0.0 0.0 16.0 64.0 16.0 152912.0 50080.0 34960.0 26640.0 19920.0 39504.0 28288.0 21456.0 16336.0 14336.0 128.0 176.0 144.0 304.0 192.0 0.0 0.0 0.0 0.0 0.0 135664.0 52976.0 34768.0 24272.0 19888.0 976.0 1168.0 1216.0 1280.0 928.0 0.0 0.0 0.0 16.0 0.0 130208.0 53872.0 34624.0 24448.0 20080.0 1088.0 1088.0 1200.0 1168.0 832.0 0.0 0.0 0.0 32.0 0.0 118352.0 51456.0 33824.0 23888.0 19152.0 816.0 832.0 784.0 1072.0 704.0 0.0 0.0 0.0 16.0 0.0 191056.0 57504.0 37200.0 26912.0 20848.0 17904.0 15232.0 13216.0 10752.0 10128.0 32.0 64.0 64.0 144.0 48.0 126880.0 49616.0 34592.0 27296.0 20688.0 61888.0 36432.0 26272.0 19216.0 16288.0 192.0 336.0 288.0 400.0 256.0 0.0 0.0 0.0 0.0 0.0 204192.0 58384.0 36896.0 26688.0 20816.0 8608.0 8832.0 7744.0 6704.0 6288.0 0.0 0.0 32.0 80.0 16.0 143568.0 50992.0 36128.0 27232.0 20848.0 45504.0 31152.0 22576.0 17232.0 14816.0 144.0 176.0 176.0 336.0 192.0 0.0 0.0 0.0 0.0 0.0 124000.0 47536.0 34704.0 24960.0 20272.0 63008.0 37728.0 25920.0 19808.0 16912.0 192.0 272.0 352.0 480.0 240.0 0.0 0.0 0.0 0.0 0.0 197344.0 57792.0 36512.0 27248.0 20896.0 14720.0 13024.0 11040.0 9136.0 8800.0 16.0 16.0 80.0 128.0 48.0 189296.0 58144.0 36928.0 27008.0 21136.0 19472.0 16496.0 13696.0 11408.0 10464.0 80.0 32.0 80.0 160.0 96.0 136496.0 53856.0 34384.0 24320.0 19712.0 1136.0 1088.0 1312.0 1296.0 960.0 0.0 0.0 0.0 32.0 0.0 202800.0 59328.0 37008.0 25392.0 20784.0 7024.0 6352.0 5904.0 5584.0 5024.0 0.0 0.0 16.0 64.0 32.0 189696.0 58816.0 36832.0 25920.0 20960.0 3504.0 3584.0 3408.0 3104.0 2592.0 0.0 0.0 0.0 48.0 16.0 165680.0 56944.0 36080.0 25520.0 20240.0 2000.0 2016.0 2048.0 1872.0 1664.0 0.0 0.0 0.0 32.0 0.0 196160.0 58608.0 36992.0 26272.0 20992.0 4672.0 4320.0 4192.0 3920.0 3552.0 0.0 0.0 16.0 48.0 0.0 197840.0 58384.0 36416.0 27264.0 21456.0 13488.0 12144.0 11008.0 9056.0 8464.0 32.0 32.0 64.0 112.0 80.0 190000.0 57520.0 36800.0 27504.0 20256.0 17712.0 14912.0 12544.0 10560.0 10112.0 32.0 32.0 32.0 112.0 80.0 123088.0 52016.0 33840.0 24000.0 19520.0 928.0 1040.0 1104.0 976.0 688.0 0.0 0.0 0.0 32.0 0.0 127536.0 54016.0 34784.0 24288.0 19888.0 960.0 992.0 1008.0 1136.0 672.0 0.0 0.0 0.0 48.0 0.0 203104.0 60096.0 37232.0 26224.0 21216.0 6000.0 5600.0 5456.0 4960.0 4480.0 0.0 16.0 32.0 64.0 32.0 202112.0 59376.0 37008.0 25408.0 20976.0 5808.0 5856.0 5312.0 5136.0 4672.0 0.0 0.0 32.0 48.0 16.0 201696.0 60000.0 37376.0 25856.0 21216.0 6224.0 6192.0 5632.0 5472.0 5024.0 0.0 0.0 16.0 64.0 32.0 203792.0 59408.0 37552.0 26704.0 20832.0 7264.0 6896.0 6304.0 5920.0 5584.0 0.0 0.0 16.0 80.0 32.0 189424.0 58864.0 37456.0 26080.0 20512.0 3408.0 3264.0 3456.0 3088.0 2992.0 0.0 0.0 0.0 16.0 32.0 140016.0 49728.0 33408.0 25824.0 19856.0 47792.0 31776.0 23264.0 17984.0 15648.0 144.0 224.0 288.0 320.0 176.0 0.0 0.0 0.0 0.0 0.0 201232.0 59072.0 37248.0 27360.0 21056.0 11760.0 10448.0 9856.0 8304.0 7952.0 16.0 32.0 32.0 48.0 64.0 191984.0 58944.0 36976.0 26192.0 20720.0 3840.0 3616.0 3792.0 3344.0 3152.0 0.0 0.0 0.0 48.0 0.0 186160.0 58160.0 36656.0 25648.0 20624.0 3408.0 3472.0 3168.0 3072.0 2560.0 0.0 0.0 16.0 48.0 16.0 90784.0 36208.0 26656.0 21280.0 15632.0 85744.0 44512.0 30560.0 21920.0 18288.0 320.0 624.0 496.0 608.0 384.0 0.0 0.0 0.0 16.0 0.0 201392.0 60736.0 37680.0 26192.0 20848.0 5648.0 5712.0 5296.0 4864.0 4576.0 0.0 16.0 48.0 80.0 32.0 193856.0 58720.0 37936.0 27152.0 21072.0 16896.0 14208.0 11968.0 10288.0 9568.0 48.0 64.0 48.0 112.0 48.0 188416.0 57440.0 37248.0 27584.0 21824.0 19664.0 16784.0 13520.0 11280.0 10272.0 16.0 48.0 64.0 128.0 96.0 185744.0 55952.0 36384.0 28080.0 21088.0 21600.0 17312.0 14224.0 10992.0 11072.0 64.0 64.0 64.0 192.0 144.0 201312.0 59600.0 37536.0 26752.0 20928.0 11856.0 10720.0 9120.0 8496.0 7872.0 16.0 16.0 32.0 96.0 16.0 200880.0 60000.0 37520.0 26368.0 21440.0 5440.0 4976.0 5008.0 4416.0 4256.0 0.0 0.0 0.0 64.0 16.0 122464.0 50992.0 33424.0 23712.0 19056.0 704.0 1056.0 880.0 1008.0 912.0 0.0 0.0 0.0 32.0 0.0 202048.0 60240.0 37120.0 26864.0 21440.0 6080.0 5680.0 5680.0 5136.0 4736.0 16.0 16.0 0.0 48.0 0.0 159776.0 51840.0 35696.0 26304.0 20080.0 35616.0 25856.0 20032.0 15248.0 13968.0 112.0 128.0 128.0 336.0 160.0 0.0 0.0 0.0 0.0 0.0 126512.0 53856.0 34448.0 24352.0 19968.0 848.0 1072.0 880.0 1008.0 704.0 0.0 0.0 0.0 32.0 0.0 204864.0 60256.0 37616.0 27664.0 21424.0 9728.0 8320.0 7840.0 6784.0 6736.0 0.0 0.0 48.0 96.0 48.0 192896.0 57472.0 36784.0 26720.0 21760.0 17120.0 14224.0 11904.0 10672.0 9408.0 80.0 32.0 64.0 128.0 64.0 198688.0 58592.0 36672.0 25792.0 21024.0 5200.0 5280.0 4960.0 4592.0 4032.0 0.0 0.0 32.0 64.0 0.0 191920.0 57616.0 36992.0 27504.0 20944.0 17728.0 15104.0 12864.0 10240.0 10224.0 32.0 48.0 64.0 112.0 80.0 199984.0 59376.0 37232.0 26512.0 21024.0 5376.0 5088.0 4880.0 4448.0 4224.0 0.0 0.0 16.0 48.0 16.0 185616.0 58272.0 36304.0 25504.0 20480.0 3312.0 3440.0 3376.0 3024.0 2944.0 0.0 0.0 32.0 32.0 16.0 198592.0 58096.0 36944.0 26208.0 20656.0 14112.0 11984.0 10320.0 8928.0 8656.0 0.0 0.0 80.0 144.0 48.0 162016.0 54240.0 34736.0 26608.0 20416.0 32800.0 25456.0 19280.0 15328.0 13824.0 128.0 144.0 144.0 256.0 128.0 179392.0 55584.0 35920.0 26944.0 20480.0 23984.0 19456.0 15280.0 13168.0 11616.0 80.0 64.0 64.0 176.0 128.0 169328.0 57680.0 36048.0 25776.0 20144.0 2224.0 2240.0 2272.0 2128.0 1968.0 0.0 0.0 0.0 32.0 16.0
49 1 TRACE 3240.0 3240.0 3248.0 3240.0 8.0 3240.0 3240.0 3248.0 3240.0 8.0 3240.0 3240.0 3248.0 3240.0 8.0 3240.0 3240.0 3248.0 3240.0 8.0 3240.0 3240.0 3248.0 3240.0 8.0 3240.0 3240.0 3248.0 3240.0 8.0 3240.0 3240.0 3248.0 3240.0 8.0 3240.0 3240.0 3248.0 3240.0 8.0 3240.0 3240.0 3248.0 3240.0 8.0 3240.0 3240.0 3248.0 3240.0 8.0 3240.0 3240.0 3248.0 3240.0 8.0 3240.0 3240.0 3248.0 3240.0 8.0 3240.0 3240.0 3248.0 3240.0 8.0 3240.0 3240.0 3248.0 3240.0 8.0 3240.0 3240.0 3248.0 3240.0 8.0 3240.0 3240.0 3248.0 3240.0 8.0 3240.0 3240.0 3248.0 3240.0 8.0 3240.0 3240.0 3248.0 3240.0 8.0 3240.0 3240.0 3248.0 3240.0 8.0 3240.0 3240.0 3248.0 3240.0 8.0 3240.0 3240.0 3248.0 3240.0 8.0 3240.0 3240.0 3248.0 3240.0 8.0 3240.0 3240.0 3248.0 3240.0 8.0 3240.0 3240.0 3248.0 3240.0 8.0 3240.0 3240.0 3248.0 3240.0 8.0 3240.0 3240.0 3248.0 3240.0 8.0 3240.0 3240.0 3248.0 3240.0 8.0 3240.0 3240.0 3248.0 3240.0 8.0 3240.0 3240.0 3248.0 3240.0 8.0 3240.0 3240.0 3248.0 3240.0 8.0 3240.0 3240.0 3248.0 3240.0 8.0 3240.0 3240.0 3248.0 3240.0 8.0 3240.0 3240.0 3248.0 3240.0 8.0 3240.0 3240.0 3248.0 3240.0 8.0 3240.0 3240.0 3248.0 3240.0 8.0 3240.0 3240.0 3248.0 3240.0 8.0 3240.0 3240.0 3248.0 3240.0 8.0 3240.0 3240.0 3248.0 3240.0 8.0 3240.0 3240.0 3248.0 3240.0 8.0 3240.0 3240.0 3248.0 3240.0 8.0 3240.0 3240.0 3248.0 3240.0 8.0 3240.0 3240.0 3248.0 3240.0 8.0 3240.0 3240.0 3248.0 3240.0 8.0 3240.0 3240.0 3248.0 3240.0 8.0 3240.0 3240.0 3248.0 3240.0 8.0 3240.0 3240.0 3248.0 3240.0 8.0 3240.0 3240.0 3248.0 3240.0 8.0 3240.0 3240.0 3248.0 3240.0 8.0 3240.0 3240.0 3248.0 3240.0 8.0 3240.0 3240.0 3248.0 3240.0 8.0 3240.0 3240.0 3248.0 3240.0 8.0 3240.0 3240.0 3248.0 3240.0 8.0 3240.0 3240.0 3248.0 3240.0 8.0 3240.0 3240.0 3248.0 3240.0 8.0 3240.0 3240.0 3248.0 3240.0 8.0 3240.0 3240.0 3248.0 3240.0 8.0 3240.0 3240.0 3248.0 3240.0 8.0 3240.0 3240.0 3248.0 3240.0 8.0 3240.0 3240.0 3248.0 3240.0 8.0 3240.0 3240.0 3248.0 3240.0 8.0 3240.0 3240.0 3248.0 3240.0 8.0 3240.0 3240.0 3248.0 3240.0 8.0 3240.0 3240.0 3248.0 3240.0 8.0 3240.0 3240.0 3248.0 3240.0 8.0 3240.0 3240.0 3248.0 3240.0 8.0 3240.0 3240.0 3248.0 3240.0 8.0 3240.0 3240.0 3248.0 3240.0 8.0 3240.0 3240.0 3248.0 3240.0 8.0 3240.0 3240.0 3248.0 3240.0 8.0 3240.0 3240.0 3248.0 3240.0 8.0 3240.0 3240.0 3248.0 3240.0 8.0 3240.0 3240.0 3248.0 3240.0 8.0 3240.0 3240.0 3248.0 3240.0 8.0 3240.0 3240.0 3248.0 3240.0 8.0 3240.0 3240.0 3248.0 3240.0 8.0 3240.0 3240.0 3248.0 3240.0 8.0 3240.0 3240.0 3248.0 3240.0 8.0 3240.0 3240.0 3248.0 3240.0 8.0 3240.0 3240.0 3248.0 3240.0 8.0 3240.0 3240.0 3248.0 3240.0 8.0 3240.0 3240.0 3248.0 3240.0 8.0 3240.0 3240.0 3248.0 3240.0 8.0 3240.0 3240.0 3248.0 3240.0 8.0 3240.0 3240.0 3248.0 3240.0 8.0 3240.0 3240.0 3248.0 3240.0 8.0 3240.0 3240.0 3248.0 3240.0 8.0 3240.0 3240.0 3248.0 3240.0 8.0 3240.0 3240.0 3248.0 3240.0 8.0 3240.0 3240.0 3248.0 3240.0 8.0 3240.0 3240.0 3248.0 3240.0 8.0 3240.0 3240.0 3248.0 3240.0 8.0 3240.0 3240.0 3248.0 3240.0 8.0 3240.0 3240.0 3248.0 3240.0 8.0 3240.0 3240.0 3248.0 3240.0 8.0 3240.0 3240.0 3248.0 3240.0 8.0 3240.0 3240.0 3248.0 3240.0 8.0 3240.0 3240.0 3248.0 3240.0 8.0 3240.0 3240.0 3248.0 3240.0 8.0 3240.0 3240.0 3248.0 3240.0 8.0 3240.0 3240.0 3248.0 3240.0 8.0 3240.0 3240.0 3248.0 3240.0 8.0 3240.0 3240.0 3248.0 3240.0 8.0 3240.0 3240.0 3248.0 3240.0 8.0 3240.0 3240.0 3248.0 3240.0 8.0 3240.0 3240.0 3248.0 3240.0 8.0 3240.0 3240.0 3248.0 3240.0 8.0 3240.0 3240.0 3248.0 3240.0 8.0 3240.0 3240.0 3248.0 3240.0 8.0 3240.0 3240.0 3248.0 3240.0 8.0 3240.0 3240.0 3248.0 3240.0 8.0 3240.0 3240.0 3248.0 3240.0 8.0 3240.0 3240.0 3248.0 3240.0 8.0 3240.0 3240.0 3248.0 3240.0 8.0 3240.0 3240.0 3248.0 3240.0 8.0 3240.0 3240.0 3248.0 3240.0 8.0 3240.0 3240.0 3248.0 3240.0 8.0 3240.0 3240.0 3248.0 3240.0 8.0 3240.0 3240.0 3248.0 3240.0 8.0 3240.0 3240.0 3248.0 3240.0 8.0 3240.0 3240.0 3248.0 3240.0 8.0 3240.0 3240.0 3248.0 3240.0 8.0 3240.0 3240.0 3248.0 3240.0 8.0 3240.0 3240.0 3248.0 3240.0 8.0 3240.0 3240.0 3248.0 3240.0 8.0 3240.0 3240.0 3248.0 3240.0 8.0 3240.0 3240.0 3248.0 3240.0 8.0 3240.0 3240.0 3248.0 3240.0 8.0 3240.0 3240.0 3248.0 3240.0 8.0 3240.0 3240.0 3248.0 3240.0 8.0 3240.0 3240.0 3248.0 3240.0 8.0 3240.0 3240.0 3248.0 3240.0 8.0 3240.0 3240.0 3248.0 3240.0 8.0 3240.0 3240.0 3248.0 3240.0 8.0 3240.0 3240.0 3248.0 3240.0 8.0 3240.0 3240.0 3248.0 3240.0 8.0 3240.0 3240.0 3248.0 3240.0 8.0 3240.0 3240.0 3248.0 3240.0 8.0 3240.0 3240.0 3248.0 3240.0 8.0 3240.0 3240.0 3248.0 3240.0 8.0 3240.0 3240.0 3248.0 3240.0 8.0 3240.0 3240.0 3248.0 3240.0 8.0 3240.0 3240.0 3248.0 3240.0 8.0 3240.0 3240.0 3248.0 3240.0 8.0 3240.0 3240.0 3248.0 3240.0 8.0 3240.0 3240.0 3248.0 3240.0 8.0 3240.0 3240.0 3248.0 3240.0 8.0 3240.0 3240.0 3248.0 3240.0 8.0 3240.0 3240.0 3248.0 3240.0 8.0 3240.0 3240.0 3248.0 3240.0 8.0 3240.0 3240.0 3248.0 3240.0 8.0 3240.0 3240.0 3248.0 3240.0 8.0 3240.0 3240.0 3248.0 3240.0 8.0 3240.0 3240.0 3248.0 3240.0 8.0 3240.0 3240.0 3248.0 3240.0 8.0 3240.0 3240.0 3248.0 3240.0 8.0 3240.0 3240.0 3248.0 3240.0 8.0 3240.0 3240.0 3248.0 3240.0 8.0 3240.0 3240.0 3248.0 3240.0 8.0 3240.0 3240.0 3248.0 3240.0 8.0 3240.0 3240.0 3248.0 3240.0 8.0 3240.0 3240.0 3248.0 3240.0 8.0 3240.0 3240.0 3248.0 3240.0 8.0 3240.0 3240.0 3248.0 3240.0 8.0 3240.0 3240.0 3248.0 3240.0 8.0 3240.0 3240.0 3248.0 3240.0 8.0 3240.0 3240.0 3248.0 3240.0 8.0 3240.0 3240.0 3248.0 3240.0 8.0 3240.0 3240.0 3248.0 3240.0 8.0 3240.0 3240.0 3248.0 3240.0 8.0 3240.0 3240.0 3248.0 3240.0 8.0 3240.0 3240.0 3248.0 3240.0 8.0 3240.0 3240.0 3248.0 3240.0 8.0 3240.0 3240.0 3248.0 3240.0 8.0 3240.0 3240.0 3248.0 3240.0 8.0 3240.0 3240.0 3248.0 3240.0 8.0 3240.0 3240.0 3248.0 3240.0 8.0 3240.0 3240.0 3248.0 3240.0 8.0 3240.0 3240.0 3248.0 3240.0 8.0 3240.0 3240.0 3248.0 3240.0 8.0 3240.0 3240.0 3248.0 3240.0 8.0 3240.0 3240.0 3248.0 3240.0 8.0 3240.0 3240.0 3248.0 3240.0 8.0 3240.0 3240.0 3248.0 3240.0 8.0 3240.0 3240.0 3248.0 3240.0 8.0 3240.0 3240.0 3248.0 3240.0 8.0 3240.0 3240.0 3248.0 3240.0 8.0 3240.0 3240.0 3248.0 3240.0 8.0 3240.0 3240.0 3248.0 3240.0 8.0 3240.0 3240.0 3248.0 3240.0 8.0 3240.0 3240.0 3248.0 3240.0 8.0 3240.0 3240.0 3248.0 3240.0 8.0 3240.0 3240.0 3248.0 3240.0 8.0 3240.0 3240.0 3248.0 3240.0 8.0 3240.0 3240.0 3248.0 3240.0 8.0 3240.0 3240.0 3248.0 3240.0 8.0 3240.0 3240.0 3248.0 3240.0 8.0 3240.0 3240.0 3248.0 3240.0 8.0 3240.0 3240.0 3248.0 3240.0 8.0 3240.0 3240.0 3248.0 3240.0 8.0 3240.0 3240.0 3248.0 3240.0 8.0 3240.0 3240.0 3248.0 3240.0 8.0 3240.0 3240.0 3248.0 3240.0 8.0 3240.0 3240.0 3248.0 3240.0 8.0
50 1 CONSTANT 8.0
51 1 CONSTANT 8.0
52 1 CONSTANT 8.0
53 1 CONSTANT 8.0
54 1 CONSTANT 0.0
55 1 CONSTANT 0.0
56 1 CONSTANT 0.0
57 1 CONSTANT 0.0
58 1 CONSTANT 0.0
59 1 CONSTANT 0.0
60 1 CONSTANT 0.0
61 1 CONSTANT 0.0
62 1 CONSTANT 8.0
