0 1 1 TRACE 1672856044666414.0
1 2 1 TRACE 10956.0 26.0 38.0 32.0 36.0 26.0 37.0 37.0 37.0 37.0 34.0 37.0 36.0 36.0 26.0 36.0 38.0 36.0 36.0 37.0 25.0 36.0 36.0 37.0 31.0 33.0 38.0 36.0 36.0 37.0 38.0 33.0 25.0 25.0 37.0 37.0 37.0 37.0 38.0 37.0 38.0 31.0 37.0 37.0 53.0 26.0 36.0 37.0 37.0 36.0 36.0 37.0 37.0 37.0 37.0 36.0 37.0 38.0 37.0 37.0 25.0 34.0 36.0 62.0
2 3 1 TRACE 603.0 29.0 28.0 28.0 28.0 33.0 29.0 27.0 28.0 32.0 29.0 28.0 28.0 39.0 28.0 61.0 28.0 35.0 27.0 28.0 29.0 27.0 35.0 36.0 28.0 49.0 27.0 27.0 28.0 28.0 27.0 53.0 57.0 28.0 28.0 37.0 30.0 30.0 44.0 27.0 30.0 28.0 29.0 55.0 118.0 161.0 29.0 30.0 28.0 71.0 75.0 29.0 27.0 28.0 51.0 32.0 73.0 27.0 29.0 37.0 80.0 33.0 28.0 29.0
3 4 1 TRACE 51.0 23.0 24.0 28.0 28.0 25.0 23.0 22.0 23.0 24.0 24.0 24.0 26.0 64.0 30.0 40.0 23.0 62.0 38.0 23.0 59.0 173.0 64.0 24.0 27.0 24.0 66.0 33.0 24.0 23.0 41.0 56.0 54.0 51.0 34.0 56.0 39.0 23.0 67.0 56.0 24.0 52.0 30.0 23.0 47.0 60.0 24.0 23.0 23.0 24.0 36.0 23.0 24.0 59.0 55.0 29.0 24.0 23.0 58.0 27.0 34.0 24.0 51.0 34.0
4 5 1 TRACE 21.0 15.0 16.0 25.0 17.0 16.0 16.0 25.0 16.0 16.0 16.0 16.0 15.0 16.0 15.0 16.0 15.0 15.0 16.0 17.0 16.0 15.0 33.0 16.0 15.0 17.0 16.0 16.0 20.0 16.0 41.0 15.0 16.0 16.0 15.0 16.0 17.0 16.0 22.0 16.0 15.0 16.0 15.0 16.0 69.0 30.0 17.0 15.0 24.0 48.0 16.0 16.0 16.0 15.0 16.0 16.0 17.0 15.0 22.0 23.0 266.0 15.0 16.0 17.0
5 6 1 TRACE 42.0 164.0 15.0 14.0 16.0 13.0 17.0 37.0 17.0 17.0 21.0 52.0 20.0 23.0 15.0 24.0 15.0 14.0 19.0 13.0 17.0 22.0 14.0 13.0 22.0 16.0 17.0 17.0 12.0 24.0 27.0 15.0 27.0 48.0 16.0 15.0 14.0 13.0 49.0 47.0 19.0 52.0 15.0 16.0 16.0 59.0 26.0 13.0 17.0 11.0 14.0 13.0 15.0 12.0 17.0 23.0 17.0 17.0 17.0 12.0 17.0 13.0 12.0 12.0
6 7 1 TRACE 22.0 9.0 172.0 171.0 12.0 8.0 13.0 35.0 13.0 14.0 75.0 13.0 14.0 30.0 14.0 26.0 14.0 53.0 10.0 14.0 12.0 8.0 21.0 14.0 14.0 15.0 24.0 45.0 9.0 14.0 23.0 12.0 26.0 13.0 14.0 13.0 12.0 24.0 8.0 20.0 13.0 19.0 48.0 14.0 13.0 49.0 12.0 14.0 14.0 9.0 15.0 13.0 14.0 13.0 12.0 13.0 15.0 14.0 14.0 9.0 13.0 10.0 11.0 11.0
7 8 1 TRACE 21.0 8.0 12.0 16.0 12.0 13.0 14.0 9.0 13.0 13.0 9.0 19.0 14.0 17.0 15.0 9.0 16.0 16.0 25.0 14.0 12.0 8.0 10.0 13.0 19.0 14.0 8.0 9.0 8.0 15.0 8.0 9.0 28.0 9.0 14.0 9.0 14.0 36.0 19.0 10.0 13.0 9.0 8.0 15.0 12.0 48.0 16.0 14.0 14.0 8.0 8.0 14.0 14.0 22.0 13.0 14.0 9.0 15.0 19.0 11.0 14.0 12.0 13.0 13.0
8 9 1 TRACE 20.0 8.0 11.0 17.0 23.0 13.0 14.0 8.0 23.0 55.0 8.0 8.0 24.0 8.0 19.0 19.0 20.0 8.0 10.0 13.0 22.0 15.0 12.0 19.0 12.0 36.0 8.0 13.0 8.0 9.0 10.0 8.0 14.0 8.0 8.0 9.0 8.0 9.0 7.0 20.0 23.0 8.0 10.0 9.0 11.0 50.0 19.0 24.0 19.0 7.0 18.0 19.0 14.0 8.0 23.0 12.0 8.0 25.0 8.0 19.0 14.0 13.0 8.0 7.0
9 10 1 TRACE 49.0 58.0 57.0 64.0 45.0 48.0 38.0 28.0 28.0 46.0 28.0 73.0 36.0 56.0 39.0 45.0 53.0 90.0 48.0 57.0 165.0 31.0 102.0 29.0 28.0 28.0 28.0 54.0 49.0 63.0 50.0 52.0 28.0 42.0 85.0 51.0 61.0 36.0 86.0 54.0 54.0 56.0 72.0 45.0 250.0 60.0 47.0 43.0 42.0 27.0 42.0 30.0 58.0 31.0 58.0 44.0 55.0 52.0 50.0 63.0 51.0 58.0 61.0 28.0
10 11 1 TRACE 22.0 18.0 18.0 27.0 17.0 18.0 16.0 17.0 17.0 17.0 18.0 18.0 17.0 17.0 17.0 18.0 19.0 18.0 17.0 18.0 18.0 17.0 18.0 28.0 18.0 18.0 18.0 18.0 18.0 18.0 17.0 53.0 17.0 17.0 29.0 18.0 17.0 17.0 51.0 18.0 17.0 19.0 17.0 18.0 31.0 36.0 17.0 17.0 17.0 32.0 18.0 17.0 18.0 34.0 17.0 18.0 17.0 17.0 17.0 22.0 17.0 18.0 50.0 17.0
11 12 1 TRACE 56.0 19.0 29.0 20.0 20.0 19.0 19.0 49.0 19.0 18.0 18.0 52.0 18.0 50.0 17.0 25.0 20.0 19.0 18.0 20.0 37.0 18.0 18.0 18.0 52.0 31.0 23.0 55.0 19.0 52.0 30.0 33.0 19.0 24.0 19.0 47.0 26.0 19.0 19.0 70.0 18.0 25.0 19.0 19.0 32.0 21.0 27.0 23.0 18.0 24.0 19.0 20.0 50.0 19.0 49.0 43.0 32.0 18.0 19.0 50.0 42.0 20.0 18.0 48.0
12 13 1 TRACE 23.0 17.0 18.0 29.0 19.0 52.0 20.0 21.0 17.0 17.0 16.0 17.0 17.0 17.0 17.0 17.0 22.0 61.0 31.0 16.0 56.0 16.0 17.0 16.0 16.0 19.0 18.0 25.0 20.0 21.0 17.0 73.0 20.0 17.0 18.0 18.0 17.0 27.0 17.0 17.0 18.0 22.0 16.0 19.0 46.0 28.0 17.0 17.0 16.0 17.0 17.0 17.0 17.0 16.0 17.0 17.0 89.0 18.0 107.0 44.0 17.0 16.0 18.0 18.0
13 14 1 TRACE 22.0 9.0 9.0 9.0 8.0 9.0 9.0 8.0 9.0 9.0 8.0 9.0 9.0 9.0 8.0 9.0 9.0 8.0 8.0 8.0 9.0 9.0 9.0 9.0 9.0 9.0 8.0 8.0 8.0 9.0 9.0 9.0 8.0 9.0 8.0 9.0 9.0 9.0 8.0 9.0 9.0 9.0 8.0 8.0 11.0 10.0 9.0 9.0 8.0 8.0 9.0 9.0 18.0 8.0 8.0 9.0 9.0 9.0 8.0 8.0 8.0 8.0 9.0 8.0
14 15 1 TRACE 26.0 16.0 17.0 28.0 16.0 16.0 16.0 16.0 16.0 16.0 16.0 42.0 15.0 16.0 16.0 16.0 16.0 120.0 16.0 16.0 24.0 15.0 16.0 16.0 16.0 16.0 16.0 16.0 16.0 27.0 21.0 15.0 16.0 16.0 16.0 16.0 16.0 15.0 19.0 16.0 16.0 16.0 16.0 16.0 18.0 17.0 16.0 16.0 15.0 17.0 16.0 17.0 17.0 16.0 16.0 16.0 16.0 15.0 16.0 16.0 16.0 15.0 16.0 16.0
15 16 1 TRACE 13.0 8.0 8.0 8.0 8.0 8.0 8.0 8.0 8.0 8.0 8.0 8.0 8.0 8.0 8.0 8.0 8.0 8.0 8.0 8.0 8.0 8.0 8.0 8.0 8.0 8.0 8.0 8.0 8.0 8.0 8.0 8.0 8.0 8.0 8.0 8.0 8.0 8.0 9.0 8.0 8.0 8.0 8.0 8.0 10.0 9.0 8.0 8.0 7.0 9.0 8.0 9.0 9.0 8.0 8.0 8.0 8.0 8.0 8.0 8.0 8.0 8.0 7.0 8.0
16 17 1 TRACE 45.0 37.0 30.0 58.0 56.0 66.0 30.0 94.0 34.0 65.0 30.0 34.0 30.0 40.0 30.0 53.0 79.0 55.0 59.0 30.0 68.0 342.0 92.0 89.0 43.0 30.0 34.0 91.0 66.0 114.0 43.0 44.0 30.0 65.0 90.0 56.0 32.0 61.0 33.0 44.0 90.0 31.0 39.0 60.0 116.0 66.0 71.0 31.0 31.0 30.0 30.0 65.0 50.0 68.0 32.0 30.0 32.0 73.0 82.0 63.0 77.0 31.0 30.0 30.0
17 18 1 TRACE 22.0 18.0 17.0 18.0 19.0 17.0 18.0 19.0 18.0 17.0 19.0 18.0 18.0 17.0 18.0 18.0 18.0 17.0 17.0 17.0 20.0 18.0 18.0 18.0 18.0 17.0 18.0 17.0 18.0 17.0 16.0 40.0 17.0 18.0 18.0 17.0 18.0 17.0 17.0 17.0 18.0 19.0 17.0 18.0 43.0 24.0 17.0 17.0 17.0 17.0 26.0 18.0 18.0 18.0 18.0 17.0 18.0 17.0 17.0 25.0 19.0 28.0 18.0 17.0
18 19 1 TRACE 25.0 20.0 19.0 26.0 19.0 18.0 18.0 19.0 18.0 55.0 18.0 48.0 19.0 20.0 18.0 40.0 23.0 37.0 72.0 18.0 18.0 21.0 18.0 50.0 27.0 19.0 18.0 20.0 21.0 98.0 42.0 24.0 19.0 19.0 22.0 21.0 19.0 20.0 18.0 18.0 22.0 18.0 17.0 18.0 22.0 37.0 41.0 88.0 18.0 18.0 23.0 19.0 18.0 18.0 17.0 18.0 19.0 18.0 19.0 23.0 17.0 18.0 19.0 19.0
19 20 1 TRACE 43.0 42.0 17.0 40.0 22.0 17.0 17.0 17.0 16.0 43.0 17.0 17.0 17.0 48.0 17.0 21.0 63.0 17.0 28.0 17.0 17.0 25.0 16.0 42.0 17.0 20.0 17.0 17.0 17.0 60.0 18.0 19.0 16.0 17.0 17.0 17.0 17.0 17.0 21.0 16.0 16.0 51.0 19.0 17.0 60.0 18.0 17.0 184.0 47.0 20.0 30.0 19.0 16.0 25.0 16.0 27.0 63.0 17.0 17.0 17.0 16.0 16.0 17.0 52.0
20 21 1 TRACE 21.0 17.0 17.0 16.0 16.0 23.0 16.0 16.0 17.0 16.0 16.0 15.0 16.0 16.0 17.0 16.0 16.0 17.0 16.0 16.0 16.0 17.0 16.0 16.0 16.0 15.0 16.0 16.0 15.0 16.0 15.0 16.0 16.0 16.0 16.0 15.0 16.0 15.0 15.0 16.0 16.0 16.0 15.0 16.0 29.0 22.0 16.0 17.0 16.0 16.0 16.0 16.0 16.0 16.0 16.0 16.0 15.0 16.0 17.0 16.0 17.0 16.0 16.0 16.0
21 22 1 TRACE 28.0 13.0 12.0 13.0 14.0 12.0 13.0 13.0 13.0 13.0 13.0 13.0 13.0 13.0 13.0 12.0 13.0 13.0 13.0 13.0 13.0 14.0 14.0 13.0 12.0 13.0 13.0 12.0 13.0 13.0 13.0 13.0 13.0 13.0 13.0 13.0 13.0 13.0 13.0 13.0 13.0 13.0 13.0 14.0 25.0 15.0 13.0 14.0 13.0 13.0 12.0 13.0 12.0 13.0 13.0 13.0 13.0 12.0 12.0 13.0 13.0 13.0 13.0 13.0
22 23 1 TRACE 121.0 59.0 53.0 57.0 59.0 56.0 64.0 61.0 66.0 73.0 59.0 62.0 73.0 59.0 58.0 55.0 53.0 105.0 59.0 98.0 55.0 62.0 89.0 59.0 54.0 101.0 89.0 58.0 69.0 62.0 60.0 72.0 119.0 83.0 87.0 61.0 75.0 112.0 60.0 58.0 95.0 74.0 65.0 57.0 87.0 47.0 76.0 51.0 90.0 55.0 170.0 105.0 53.0 52.0 49.0 49.0 72.0 83.0 62.0 63.0 77.0 55.0 77.0 63.0
23 24 1 TRACE 90.0 30.0 38.0 62.0 30.0 67.0 25.0 71.0 30.0 35.0 30.0 57.0 54.0 63.0 55.0 28.0 56.0 62.0 25.0 29.0 26.0 33.0 68.0 26.0 62.0 82.0 65.0 27.0 80.0 25.0 37.0 37.0 55.0 60.0 42.0 29.0 26.0 261.0 182.0 26.0 28.0 25.0 94.0 34.0 57.0 37.0 33.0 30.0 56.0 60.0 84.0 60.0 27.0 61.0 40.0 61.0 258.0 55.0 61.0 26.0 51.0 58.0 25.0 56.0
24 25 1 TRACE 55.0 21.0 25.0 20.0 21.0 21.0 21.0 21.0 20.0 29.0 30.0 21.0 21.0 26.0 21.0 21.0 30.0 21.0 23.0 21.0 21.0 20.0 60.0 51.0 59.0 34.0 22.0 21.0 24.0 23.0 20.0 20.0 21.0 22.0 20.0 20.0 23.0 23.0 21.0 21.0 22.0 20.0 55.0 26.0 57.0 31.0 21.0 21.0 31.0 23.0 63.0 23.0 21.0 21.0 21.0 29.0 20.0 21.0 21.0 21.0 20.0 27.0 20.0 21.0
25 26 1 TRACE 24.0 10.0 10.0 9.0 10.0 10.0 10.0 9.0 10.0 9.0 10.0 10.0 10.0 10.0 10.0 10.0 10.0 9.0 10.0 10.0 10.0 9.0 10.0 10.0 10.0 10.0 9.0 10.0 9.0 10.0 9.0 9.0 10.0 10.0 9.0 9.0 10.0 10.0 9.0 10.0 10.0 9.0 10.0 12.0 10.0 9.0 10.0 10.0 10.0 10.0 10.0 11.0 9.0 10.0 9.0 10.0 9.0 9.0 10.0 9.0 10.0 10.0 10.0 9.0 10.0 10.0 9.0 10.0 10.0 9.0 10.0 10.0 10.0 10.0 10.0 9.0 10.0 10.0 9.0 10.0 9.0 9.0 10.0 10.0 9.0 10.0 10.0 10.0 10.0 10.0 9.0 10.0 9.0 10.0 11.0 10.0 10.0 9.0 9.0 10.0 10.0 9.0 9.0 10.0 9.0 10.0 9.0 10.0 9.0 10.0 9.0 10.0 10.0 9.0 10.0 9.0 9.0 9.0 9.0 9.0 10.0 10.0 10.0 10.0 9.0 10.0 10.0 10.0 9.0 9.0 9.0 10.0 10.0 9.0 10.0 12.0 10.0 9.0 10.0 9.0 10.0 9.0 10.0 12.0 9.0 10.0 10.0 9.0 9.0 9.0 10.0 9.0 10.0 10.0 11.0 11.0 11.0 11.0 10.0 10.0 9.0 10.0 10.0 10.0 9.0 10.0 10.0 10.0 10.0 10.0 10.0 10.0 9.0 9.0 9.0 10.0 9.0 9.0 10.0 10.0 10.0 10.0 10.0 10.0 9.0 9.0 10.0 10.0 9.0 9.0 10.0 9.0 10.0 10.0 10.0 9.0 10.0 9.0 9.0 9.0 10.0 10.0 10.0 10.0 10.0 9.0 9.0 10.0 12.0 9.0 9.0 12.0 10.0 10.0 9.0 9.0 10.0 9.0 9.0 10.0 10.0 9.0 9.0 10.0 10.0 9.0 10.0 10.0 10.0
26 27 1 TRACE 11.0 7.0 8.0 7.0 8.0 7.0 7.0 7.0 7.0 8.0 8.0 8.0 8.0 8.0 8.0 8.0 8.0 7.0 8.0 8.0 7.0 7.0 7.0 8.0 7.0 8.0 7.0 7.0 7.0 7.0 7.0 7.0 7.0 7.0 7.0 7.0 8.0 7.0 7.0 8.0 7.0 7.0 8.0 7.0 8.0 7.0 7.0 7.0 7.0 7.0 7.0 8.0 7.0 8.0 7.0 7.0 7.0 7.0 7.0 7.0 7.0 7.0 7.0 7.0 8.0 8.0 7.0 7.0 8.0 7.0 8.0 7.0 7.0 7.0 7.0 7.0 7.0 7.0 7.0 8.0 7.0 7.0 8.0 8.0 7.0 8.0 8.0 8.0 8.0 8.0 7.0 7.0 7.0 7.0 9.0 8.0 8.0 7.0 7.0 7.0 8.0 7.0 7.0 7.0 7.0 7.0 8.0 8.0 7.0 8.0 7.0 8.0 8.0 7.0 8.0 7.0 7.0 8.0 7.0 7.0 8.0 8.0 8.0 8.0 7.0 8.0 8.0 8.0 7.0 8.0 7.0 8.0 7.0 7.0 8.0 7.0 8.0 8.0 8.0 7.0 8.0 7.0 7.0 7.0 7.0 8.0 7.0 7.0 7.0 7.0 8.0 7.0 7.0 8.0 9.0 9.0 8.0 9.0 8.0 8.0 8.0 7.0 8.0 8.0 7.0 7.0 7.0 8.0 8.0 7.0 8.0 7.0 7.0 7.0 7.0 8.0 7.0 7.0 7.0 8.0 8.0 7.0 7.0 8.0 7.0 7.0 7.0 7.0 7.0 7.0 7.0 7.0 8.0 8.0 7.0 7.0 8.0 8.0 7.0 7.0 8.0 8.0 7.0 7.0 8.0 7.0 8.0 8.0 7.0 7.0 7.0 8.0 7.0 8.0 7.0 7.0 7.0 8.0 7.0 7.0 8.0 7.0 7.0 7.0 8.0 7.0 8.0 7.0 8.0
27 28 1 TRACE 10.0 7.0 7.0 8.0 7.0 7.0 7.0 8.0 7.0 7.0 7.0 7.0 7.0 8.0 7.0 7.0 7.0 8.0 7.0 7.0 8.0 8.0 8.0 7.0 8.0 8.0 7.0 8.0 7.0 7.0 8.0 7.0 8.0 8.0 7.0 8.0 7.0 8.0 8.0 7.0 7.0 17.0 7.0 7.0 7.0 7.0 7.0 8.0 7.0 7.0 7.0 7.0 8.0 7.0 8.0 7.0 8.0 8.0 7.0 7.0 7.0 7.0 8.0 7.0 7.0 8.0 7.0 8.0 7.0 7.0 7.0 7.0 7.0 8.0 7.0 7.0 7.0 7.0 7.0 7.0 7.0 8.0 7.0 7.0 7.0 7.0 8.0 7.0 7.0 7.0 8.0 8.0 7.0 7.0 8.0 7.0 7.0 8.0 8.0 7.0 7.0 8.0 7.0 7.0 8.0 8.0 7.0 7.0 8.0 7.0 8.0 7.0 7.0 8.0 7.0 7.0 8.0 7.0 7.0 8.0 7.0 7.0 7.0 7.0 8.0 7.0 7.0 7.0 8.0 7.0 7.0 7.0 7.0 8.0 7.0 7.0 7.0 8.0 7.0 8.0 7.0 8.0 7.0 7.0 8.0 7.0 7.0 7.0 8.0 7.0 7.0 8.0 7.0 8.0 20.0 9.0 8.0 8.0 7.0 8.0 7.0 8.0 7.0 7.0 7.0 7.0 7.0 7.0 7.0 8.0 7.0 7.0 7.0 8.0 7.0 7.0 7.0 8.0 7.0 7.0 7.0 7.0 8.0 7.0 7.0 7.0 8.0 7.0 7.0 7.0 8.0 8.0 7.0 7.0 7.0 7.0 7.0 7.0 8.0 8.0 7.0 7.0 7.0 8.0 7.0 8.0 7.0 7.0 7.0 8.0 8.0 8.0 7.0 7.0 8.0 8.0 8.0 7.0 8.0 7.0 7.0 8.0 7.0 8.0 7.0 7.0 7.0 7.0 7.0
28 29 1 TRACE 12.0 9.0 9.0 8.0 15.0 8.0 9.0 8.0 8.0 9.0 9.0 9.0 9.0 8.0 8.0 8.0 9.0 8.0 9.0 8.0 8.0 8.0 8.0 9.0 9.0 8.0 8.0 8.0 8.0 9.0 8.0 8.0 8.0 12.0 9.0 9.0 12.0 8.0 8.0 9.0 8.0 10.0 8.0 9.0 8.0 8.0 9.0 9.0 8.0 8.0 9.0 9.0 8.0 8.0 8.0 9.0 8.0 8.0 8.0 9.0 8.0 8.0 8.0 8.0 8.0 9.0 9.0 8.0 8.0 8.0 8.0 8.0 9.0 9.0 8.0 8.0 9.0 9.0 8.0 8.0 8.0 8.0 9.0 8.0 8.0 9.0 9.0 8.0 9.0 9.0 8.0 8.0 8.0 8.0 9.0 9.0 9.0 8.0 9.0 9.0 9.0 8.0 9.0 8.0 8.0 8.0 9.0 9.0 8.0 9.0 8.0 8.0 9.0 8.0 8.0 8.0 8.0 9.0 8.0 8.0 9.0 8.0 9.0 9.0 8.0 9.0 8.0 8.0 8.0 8.0 8.0 9.0 8.0 8.0 9.0 10.0 9.0 9.0 9.0 8.0 9.0 8.0 8.0 9.0 8.0 8.0 9.0 8.0 8.0 9.0 9.0 8.0 8.0 9.0 10.0 10.0 9.0 9.0 8.0 8.0 8.0 9.0 9.0 9.0 8.0 8.0 8.0 9.0 9.0 8.0 8.0 8.0 9.0 8.0 8.0 8.0 8.0 9.0 8.0 9.0 9.0 8.0 8.0 8.0 8.0 9.0 8.0 8.0 8.0 8.0 8.0 8.0 9.0 9.0 8.0 8.0 9.0 8.0 8.0 8.0 9.0 8.0 8.0 8.0 8.0 8.0 8.0 9.0 9.0 8.0 8.0 9.0 8.0 8.0 8.0 9.0 8.0 8.0 8.0 9.0 9.0 8.0 8.0 9.0 8.0 9.0 9.0 8.0 8.0
29 30 1 TRACE 61.0 40.0 30.0 37.0 24.0 41.0 30.0 53.0 30.0 53.0 33.0 38.0 62.0 30.0 36.0 63.0 37.0 31.0 43.0 125.0 31.0 128.0 29.0 29.0 30.0 30.0 65.0 32.0 31.0 62.0 34.0 42.0 38.0 23.0 69.0 66.0 33.0 35.0 31.0 52.0 32.0 28.0 30.0 19.0 32.0 52.0 66.0 29.0 29.0 98.0 75.0 29.0 31.0 70.0 80.0 90.0 29.0 87.0 29.0 69.0 53.0 43.0 74.0 37.0 60.0 26.0 152.0 41.0 46.0 30.0 30.0 30.0 51.0 62.0 75.0 60.0 43.0 64.0 54.0 46.0 40.0 66.0 30.0 70.0 37.0 89.0 27.0 62.0 68.0 22.0 46.0 30.0 34.0 35.0 25.0 42.0 31.0 90.0 56.0 48.0 73.0 88.0 78.0 28.0 62.0 119.0 125.0 32.0 40.0 102.0 39.0 32.0 43.0 29.0 29.0 80.0 74.0 31.0 29.0 65.0 76.0 29.0 63.0 80.0 72.0 64.0 60.0 290.0 28.0 64.0 34.0 101.0 50.0 58.0 35.0 18.0 70.0 66.0 81.0 31.0 75.0 90.0 38.0 18.0 29.0 29.0 78.0 30.0 98.0 29.0 28.0 72.0 102.0 89.0 120.0 140.0 45.0 62.0 69.0 302.0 60.0 29.0 48.0 50.0 62.0 61.0 56.0 29.0 38.0 29.0 71.0 92.0 59.0 63.0 95.0 39.0 61.0 63.0 34.0 63.0 31.0 29.0 29.0 32.0 101.0 37.0 33.0 62.0 59.0 49.0 66.0 63.0 99.0 55.0 29.0 39.0 41.0 81.0 34.0 64.0 99.0 29.0 72.0 72.0 53.0 64.0 30.0 141.0 17.0 198.0 49.0 19.0 33.0 29.0 31.0 90.0 28.0 30.0 68.0 78.0 29.0 36.0 44.0 28.0 31.0 29.0 61.0 31.0 48.0
30 31 1 TRACE 24.0 20.0 17.0 16.0 9.0 8.0 17.0 8.0 8.0 8.0 17.0 8.0 18.0 18.0 25.0 9.0 16.0 16.0 8.0 8.0 8.0 8.0 9.0 17.0 16.0 9.0 8.0 17.0 17.0 8.0 8.0 8.0 16.0 9.0 17.0 16.0 9.0 17.0 17.0 17.0 8.0 9.0 8.0 8.0 9.0 8.0 17.0 16.0 16.0 80.0 16.0 8.0 8.0 8.0 9.0 9.0 8.0 8.0 9.0 8.0 16.0 8.0 9.0 8.0 9.0 17.0 17.0 8.0 8.0 19.0 8.0 8.0 15.0 16.0 9.0 8.0 16.0 9.0 16.0 9.0 16.0 8.0 16.0 16.0 8.0 8.0 17.0 17.0 9.0 16.0 15.0 9.0 18.0 16.0 27.0 9.0 8.0 53.0 9.0 16.0 17.0 9.0 17.0 17.0 15.0 18.0 16.0 9.0 8.0 34.0 16.0 16.0 19.0 17.0 8.0 18.0 16.0 16.0 8.0 9.0 21.0 53.0 44.0 16.0 8.0 78.0 15.0 8.0 9.0 16.0 8.0 9.0 8.0 16.0 8.0 16.0 19.0 15.0 9.0 8.0 16.0 8.0 8.0 16.0 53.0 9.0 9.0 8.0 16.0 8.0 9.0 7.0 9.0 9.0 9.0 9.0 9.0 26.0 8.0 8.0 17.0 18.0 8.0 8.0 16.0 9.0 8.0 8.0 16.0 17.0 16.0 8.0 16.0 18.0 8.0 8.0 16.0 34.0 8.0 9.0 18.0 16.0 9.0 17.0 52.0 8.0 16.0 8.0 21.0 9.0 9.0 9.0 16.0 9.0 9.0 15.0 53.0 16.0 8.0 16.0 16.0 9.0 8.0 16.0 9.0 16.0 9.0 24.0 8.0 41.0 16.0 8.0 8.0 8.0 16.0 16.0 9.0 16.0 8.0 17.0 8.0 9.0 19.0 17.0 8.0 8.0 16.0 16.0 8.0
31 32 1 TRACE 18.0 13.0 13.0 13.0 13.0 12.0 13.0 12.0 12.0 13.0 12.0 13.0 13.0 13.0 13.0 12.0 13.0 13.0 12.0 12.0 12.0 13.0 13.0 13.0 13.0 13.0 17.0 12.0 12.0 18.0 12.0 12.0 13.0 12.0 13.0 13.0 13.0 12.0 13.0 13.0 13.0 12.0 12.0 13.0 12.0 12.0 12.0 13.0 13.0 124.0 13.0 12.0 13.0 41.0 12.0 13.0 12.0 13.0 12.0 12.0 12.0 12.0 13.0 12.0 13.0 14.0 13.0 12.0 13.0 12.0 13.0 12.0 13.0 13.0 12.0 12.0 12.0 13.0 12.0 13.0 13.0 12.0 12.0 13.0 12.0 27.0 13.0 13.0 13.0 13.0 13.0 12.0 12.0 13.0 12.0 13.0 12.0 12.0 13.0 12.0 13.0 12.0 13.0 13.0 13.0 13.0 13.0 12.0 12.0 13.0 13.0 13.0 29.0 13.0 13.0 13.0 13.0 12.0 12.0 12.0 14.0 13.0 17.0 12.0 12.0 12.0 13.0 12.0 13.0 13.0 13.0 13.0 12.0 13.0 12.0 14.0 13.0 13.0 13.0 12.0 13.0 13.0 12.0 13.0 14.0 14.0 13.0 12.0 13.0 13.0 13.0 12.0 13.0 13.0 13.0 14.0 14.0 13.0 13.0 12.0 93.0 13.0 12.0 12.0 12.0 13.0 12.0 12.0 12.0 12.0 13.0 12.0 13.0 13.0 13.0 12.0 13.0 12.0 12.0 12.0 13.0 13.0 12.0 13.0 13.0 13.0 13.0 12.0 14.0 12.0 13.0 12.0 13.0 12.0 13.0 13.0 13.0 13.0 12.0 13.0 13.0 13.0 12.0 17.0 13.0 12.0 12.0 13.0 13.0 13.0 13.0 13.0 13.0 12.0 13.0 12.0 13.0 13.0 13.0 13.0 12.0 13.0 13.0 13.0 13.0 12.0 12.0 13.0 12.0
32 33 1 TRACE 23.0 18.0 18.0 18.0 18.0 18.0 18.0 85.0 18.0 17.0 18.0 18.0 55.0 18.0 18.0 54.0 17.0 18.0 27.0 17.0 17.0 79.0 17.0 18.0 17.0 18.0 19.0 27.0 18.0 19.0 21.0 18.0 18.0 20.0 18.0 18.0 56.0 18.0 17.0 18.0 22.0 19.0 17.0 54.0 18.0 18.0 18.0 18.0 58.0 72.0 18.0 58.0 18.0 17.0 18.0 56.0 17.0 18.0 17.0 24.0 17.0 18.0 57.0 17.0 17.0 18.0 18.0 50.0 17.0 18.0 53.0 17.0 17.0 18.0 18.0 57.0 18.0 18.0 66.0 17.0 17.0 17.0 20.0 17.0 17.0 17.0 18.0 18.0 18.0 19.0 17.0 23.0 28.0 18.0 18.0 50.0 27.0 17.0 17.0 17.0 17.0 17.0 17.0 18.0 17.0 17.0 18.0 18.0 17.0 18.0 17.0 17.0 24.0 17.0 57.0 18.0 23.0 17.0 17.0 18.0 18.0 19.0 117.0 17.0 17.0 51.0 18.0 18.0 18.0 18.0 18.0 17.0 17.0 18.0 18.0 18.0 18.0 18.0 17.0 26.0 18.0 24.0 17.0 19.0 19.0 18.0 17.0 17.0 17.0 17.0 18.0 17.0 52.0 87.0 43.0 19.0 19.0 19.0 19.0 17.0 85.0 18.0 17.0 18.0 17.0 17.0 18.0 17.0 24.0 17.0 17.0 17.0 17.0 17.0 18.0 18.0 17.0 17.0 18.0 18.0 18.0 17.0 17.0 17.0 18.0 17.0 17.0 19.0 18.0 26.0 17.0 17.0 17.0 18.0 18.0 17.0 55.0 18.0 18.0 17.0 17.0 19.0 17.0 74.0 18.0 17.0 17.0 30.0 19.0 17.0 17.0 19.0 17.0 18.0 17.0 18.0 17.0 18.0 17.0 18.0 18.0 17.0 17.0 18.0 17.0 17.0 18.0 18.0 17.0
33 34 1 TRACE 120.0 114.0 278.0 111.0 87.0 101.0 124.0 75.0 76.0 137.0 126.0 81.0 82.0 179.0 117.0 103.0 68.0 126.0 103.0 103.0 122.0 20.0 82.0 406.0 120.0 97.0 90.0 299.0 174.0 89.0 71.0 101.0 83.0 154.0 132.0 165.0 72.0 78.0 152.0 134.0 85.0 88.0 107.0 73.0 79.0 90.0 722.0 129.0 101.0 170.0 125.0 77.0 99.0 27.0 139.0 56.0 164.0 88.0 71.0 248.0 149.0 93.0 94.0 134.0 139.0 383.0 100.0 28.0 119.0 180.0 74.0 100.0 465.0 1076.0 152.0 626.0 159.0 57.0 95.0 82.0 71.0 120.0 273.0 109.0 155.0 113.0 170.0 77.0 79.0 400.0 144.0 73.0 78.0 544.0 213.0 26.0 129.0 87.0 128.0 135.0 171.0 84.0 222.0 618.0 65.0 254.0 98.0 146.0 121.0 380.0 159.0 85.0 485.0 116.0 51.0 397.0 101.0 126.0 104.0 129.0 63.0 173.0 161.0 94.0 76.0 407.0 122.0 36.0 119.0 149.0 139.0 102.0 116.0 109.0 227.0 96.0 307.0 138.0 93.0 202.0 168.0 80.0 120.0 100.0 84.0 82.0 74.0 142.0 554.0 89.0 129.0 105.0 146.0 57.0 167.0 118.0 146.0 136.0 156.0 69.0 85.0 132.0 89.0 103.0 97.0 178.0 80.0 84.0 443.0 150.0 68.0 109.0 410.0 125.0 74.0 79.0 621.0 104.0 109.0 137.0 636.0 123.0 91.0 163.0 100.0 78.0 83.0 172.0 114.0 97.0 105.0 309.0 102.0 117.0 213.0 96.0 188.0 180.0 78.0 236.0 100.0 92.0 220.0 101.0 88.0 91.0 121.0 98.0 93.0 113.0 200.0 81.0 114.0 102.0 771.0 103.0 159.0 75.0 159.0 113.0 89.0 100.0 223.0 144.0 90.0 84.0 258.0 185.0 93.0
34 35 1 TRACE 746.0 771.0 58.0 69.0 27.0 47.0 50.0 44.0 17.0 56.0 53.0 18.0 49.0 69.0 49.0 18.0 69.0 96.0 18.0 18.0 52.0 88.0 47.0 165.0 51.0 18.0 54.0 262.0 50.0 53.0 17.0 50.0 49.0 82.0 55.0 49.0 17.0 52.0 53.0 50.0 16.0 22.0 47.0 49.0 27.0 48.0 63.0 50.0 82.0 56.0 49.0 17.0 17.0 49.0 45.0 17.0 77.0 48.0 18.0 51.0 51.0 18.0 60.0 19.0 46.0 71.0 50.0 17.0 73.0 50.0 45.0 78.0 67.0 83.0 19.0 46.0 49.0 81.0 52.0 16.0 25.0 68.0 68.0 49.0 50.0 51.0 48.0 19.0 53.0 236.0 48.0 82.0 130.0 58.0 51.0 18.0 48.0 50.0 81.0 245.0 49.0 60.0 57.0 77.0 50.0 57.0 47.0 17.0 84.0 59.0 49.0 50.0 55.0 47.0 48.0 57.0 47.0 18.0 48.0 17.0 50.0 55.0 50.0 18.0 86.0 58.0 50.0 17.0 50.0 147.0 17.0 17.0 47.0 49.0 50.0 50.0 57.0 65.0 18.0 53.0 60.0 16.0 46.0 48.0 50.0 19.0 17.0 51.0 50.0 18.0 17.0 84.0 33.0 31.0 70.0 19.0 47.0 58.0 45.0 41.0 55.0 51.0 17.0 45.0 52.0 45.0 17.0 62.0 58.0 49.0 30.0 48.0 147.0 113.0 17.0 48.0 221.0 48.0 17.0 49.0 63.0 48.0 41.0 54.0 50.0 16.0 17.0 53.0 50.0 16.0 17.0 107.0 51.0 17.0 44.0 48.0 91.0 51.0 47.0 71.0 50.0 18.0 260.0 78.0 17.0 17.0 50.0 47.0 46.0 51.0 50.0 16.0 18.0 48.0 508.0 48.0 45.0 17.0 53.0 69.0 17.0 47.0 315.0 49.0 17.0 46.0 53.0 55.0 17.0
35 36 1 TRACE 65.0 49.0 54.0 48.0 16.0 43.0 47.0 47.0 16.0 51.0 47.0 17.0 52.0 52.0 46.0 19.0 112.0 120.0 17.0 16.0 81.0 55.0 44.0 73.0 74.0 16.0 87.0 56.0 48.0 46.0 16.0 58.0 45.0 79.0 52.0 46.0 15.0 43.0 69.0 55.0 16.0 53.0 44.0 68.0 16.0 46.0 77.0 55.0 45.0 59.0 59.0 16.0 15.0 141.0 42.0 16.0 46.0 43.0 24.0 48.0 67.0 16.0 242.0 15.0 42.0 67.0 56.0 17.0 47.0 52.0 46.0 44.0 60.0 45.0 16.0 44.0 51.0 109.0 48.0 16.0 22.0 96.0 130.0 45.0 50.0 46.0 45.0 16.0 61.0 204.0 46.0 46.0 46.0 64.0 47.0 15.0 45.0 42.0 52.0 787.0 47.0 45.0 53.0 91.0 46.0 55.0 49.0 15.0 72.0 66.0 65.0 45.0 59.0 45.0 45.0 60.0 44.0 16.0 89.0 16.0 47.0 87.0 116.0 15.0 54.0 67.0 45.0 15.0 47.0 96.0 15.0 16.0 45.0 56.0 44.0 45.0 99.0 47.0 15.0 53.0 46.0 16.0 44.0 43.0 81.0 16.0 16.0 47.0 46.0 16.0 16.0 85.0 61.0 30.0 78.0 30.0 53.0 56.0 60.0 41.0 51.0 47.0 24.0 42.0 46.0 44.0 16.0 45.0 66.0 46.0 17.0 45.0 176.0 47.0 16.0 46.0 746.0 45.0 16.0 44.0 74.0 46.0 42.0 52.0 76.0 16.0 16.0 51.0 45.0 16.0 16.0 60.0 45.0 15.0 42.0 44.0 52.0 46.0 48.0 151.0 45.0 16.0 293.0 47.0 16.0 16.0 46.0 43.0 68.0 273.0 46.0 15.0 15.0 63.0 376.0 51.0 41.0 16.0 48.0 46.0 16.0 51.0 460.0 46.0 16.0 45.0 53.0 47.0 15.0
36 37 1 TRACE 50.0 78.0 844.0 82.0 73.0 114.0 78.0 68.0 145.0 82.0 106.0 145.0 48.0 90.0 73.0 106.0 34.0 348.0 82.0 159.0 36.0 62.0 88.0 361.0 33.0 83.0 35.0 146.0 85.0 31.0 105.0 475.0 49.0 30.0 843.0 149.0 93.0 73.0 183.0 77.0 84.0 51.0 43.0 41.0 125.0 38.0 444.0 62.0 28.0 129.0 254.0 83.0 108.0 97.0 61.0 90.0 35.0 65.0 107.0 130.0 34.0 95.0 102.0 97.0 61.0 214.0 47.0 183.0 42.0 162.0 27.0 66.0 310.0 137.0 116.0 75.0 36.0 31.0 71.0 121.0 90.0 365.0 550.0 96.0 28.0 90.0 53.0 129.0 65.0 823.0 106.0 29.0 266.0 315.0 41.0 171.0 61.0 61.0 31.0 87.0 65.0 73.0 119.0 179.0 69.0 152.0 64.0 97.0 31.0 319.0 128.0 41.0 262.0 99.0 69.0 200.0 62.0 54.0 65.0 98.0 57.0 121.0 39.0 83.0 32.0 301.0 58.0 213.0 88.0 31.0 109.0 135.0 69.0 131.0 27.0 107.0 188.0 43.0 132.0 49.0 127.0 97.0 28.0 101.0 77.0 90.0 163.0 105.0 130.0 115.0 91.0 53.0 197.0 223.0 821.0 96.0 31.0 114.0 57.0 117.0 95.0 58.0 81.0 34.0 80.0 30.0 85.0 61.0 274.0 43.0 96.0 85.0 235.0 383.0 114.0 39.0 1091.0 46.0 128.0 96.0 464.0 92.0 86.0 57.0 40.0 90.0 173.0 84.0 63.0 121.0 109.0 96.0 66.0 84.0 28.0 58.0 143.0 66.0 144.0 343.0 69.0 90.0 160.0 80.0 75.0 96.0 42.0 67.0 106.0 88.0 74.0 166.0 94.0 48.0 633.0 36.0 54.0 106.0 121.0 111.0 92.0 29.0 332.0 53.0 86.0 45.0 184.0 81.0 137.0
37 38 1 TRACE 36.0 36.0 60.0 29.0 28.0 33.0 45.0 67.0 26.0 40.0 31.0 33.0 76.0 45.0 63.0 61.0 29.0 42.0 35.0 116.0 34.0 47.0 50.0 74.0 49.0 38.0 63.0 47.0 65.0 61.0 27.0 37.0 27.0 69.0 73.0 102.0 65.0 36.0 38.0 54.0 29.0 29.0 30.0 63.0 37.0 71.0 81.0 58.0 58.0 53.0 66.0 63.0 42.0 73.0 60.0 61.0 32.0 28.0 33.0 45.0 62.0 31.0 68.0 35.0 46.0 59.0 61.0 62.0 62.0 56.0 35.0 29.0 59.0 29.0 37.0 40.0 27.0 28.0 30.0 56.0 32.0 61.0 74.0 74.0 27.0 32.0 93.0 63.0 28.0 83.0 35.0 30.0 29.0 104.0 31.0 41.0 34.0 62.0 28.0 47.0 69.0 27.0 44.0 81.0 33.0 50.0 38.0 32.0 64.0 69.0 26.0 35.0 61.0 58.0 32.0 91.0 68.0 28.0 63.0 34.0 63.0 50.0 27.0 30.0 66.0 96.0 67.0 51.0 39.0 57.0 68.0 70.0 34.0 35.0 68.0 28.0 90.0 28.0 51.0 76.0 27.0 48.0 29.0 35.0 68.0 30.0 67.0 43.0 30.0 66.0 44.0 43.0 77.0 65.0 66.0 89.0 79.0 71.0 51.0 68.0 45.0 62.0 70.0 26.0 42.0 67.0 27.0 28.0 95.0 68.0 31.0 63.0 98.0 66.0 57.0 65.0 86.0 29.0 66.0 29.0 108.0 114.0 33.0 62.0 30.0 27.0 46.0 38.0 59.0 69.0 32.0 56.0 27.0 41.0 57.0 30.0 50.0 68.0 27.0 82.0 60.0 60.0 44.0 67.0 64.0 59.0 123.0 26.0 69.0 80.0 28.0 60.0 52.0 63.0 86.0 40.0 62.0 65.0 73.0 28.0 66.0 29.0 77.0 31.0 28.0 26.0 77.0 76.0 73.0
38 39 1 TRACE 29.0 29.0 24.0 30.0 24.0 66.0 24.0 36.0 30.0 57.0 34.0 30.0 64.0 38.0 25.0 66.0 23.0 37.0 24.0 26.0 24.0 65.0 25.0 51.0 25.0 30.0 25.0 26.0 64.0 26.0 23.0 74.0 29.0 37.0 96.0 53.0 25.0 26.0 25.0 30.0 25.0 58.0 23.0 40.0 56.0 28.0 60.0 32.0 58.0 68.0 39.0 28.0 25.0 30.0 40.0 25.0 24.0 32.0 23.0 60.0 27.0 38.0 30.0 61.0 24.0 36.0 33.0 28.0 60.0 26.0 33.0 55.0 26.0 92.0 23.0 22.0 24.0 62.0 24.0 29.0 59.0 25.0 27.0 64.0 59.0 31.0 74.0 23.0 63.0 63.0 27.0 24.0 25.0 51.0 27.0 58.0 65.0 37.0 25.0 61.0 27.0 24.0 26.0 115.0 64.0 67.0 57.0 25.0 67.0 80.0 51.0 57.0 61.0 36.0 34.0 70.0 27.0 32.0 27.0 27.0 32.0 45.0 66.0 62.0 47.0 36.0 62.0 44.0 28.0 29.0 26.0 63.0 26.0 29.0 23.0 27.0 68.0 26.0 24.0 61.0 25.0 26.0 23.0 24.0 33.0 24.0 54.0 45.0 23.0 42.0 23.0 25.0 161.0 109.0 83.0 81.0 66.0 62.0 66.0 36.0 33.0 61.0 26.0 31.0 29.0 25.0 65.0 23.0 26.0 42.0 63.0 57.0 61.0 65.0 24.0 36.0 59.0 69.0 69.0 24.0 45.0 31.0 26.0 66.0 29.0 30.0 63.0 25.0 63.0 25.0 24.0 67.0 42.0 48.0 63.0 28.0 25.0 28.0 49.0 25.0 49.0 65.0 59.0 66.0 68.0 23.0 87.0 24.0 62.0 25.0 23.0 28.0 38.0 27.0 29.0 26.0 24.0 27.0 26.0 25.0 26.0 25.0 62.0 26.0 60.0 63.0 28.0 29.0 28.0
39 25 1 TRACE 17.0 18.0 17.0 18.0 16.0 19.0 19.0 17.0 17.0 55.0 18.0 17.0 56.0 17.0 17.0 18.0 17.0 17.0 17.0 17.0 19.0 17.0 20.0 22.0 16.0 17.0 16.0 17.0 17.0 17.0 17.0 26.0 33.0 17.0 17.0 16.0 36.0 16.0 17.0 17.0 18.0 16.0 23.0 17.0 17.0 18.0 31.0 27.0 16.0 18.0 17.0 17.0 17.0 17.0 17.0 19.0 18.0 17.0 17.0 16.0 16.0 17.0 19.0 17.0 17.0 61.0 28.0 17.0 30.0 17.0 18.0 16.0 28.0 18.0 48.0 19.0 16.0 17.0 54.0 17.0 17.0 16.0 16.0 28.0 16.0 17.0 17.0 18.0 17.0 16.0 18.0 20.0 20.0 16.0 17.0 17.0 17.0 17.0 17.0 17.0 17.0
39 40 1 TRACE 41.0 27.0 42.0 33.0 27.0 29.0 29.0 27.0 31.0 64.0 42.0 36.0 64.0 27.0 33.0 26.0 61.0 34.0 66.0 52.0 29.0 129.0 34.0 69.0 37.0 30.0 34.0 27.0 28.0 35.0 28.0 48.0 65.0 95.0 55.0 30.0 43.0 49.0 32.0 60.0 29.0 33.0 37.0 59.0 88.0 32.0 35.0 42.0 29.0 53.0 67.0 31.0 29.0 59.0 29.0 28.0 104.0 28.0 151.0 31.0 31.0 56.0 28.0 36.0
39 51 1 TRACE 60.0 35.0 33.0 49.0 29.0 34.0 27.0 65.0 27.0 27.0 67.0 30.0 26.0 28.0 31.0 34.0 27.0 54.0 27.0 58.0 471.0 65.0 30.0 26.0 80.0 58.0 29.0 37.0 34.0 97.0 61.0 67.0 59.0 26.0 27.0 58.0 62.0 26.0 33.0 27.0 27.0 28.0 26.0 105.0 54.0 31.0 28.0 61.0 63.0 27.0 28.0 29.0 60.0 27.0 60.0 27.0 55.0 63.0 26.0 50.0 26.0 32.0 67.0 29.0
40 41 1 TRACE 75.0 35.0 39.0 47.0 37.0 35.0 78.0 54.0 35.0 39.0 38.0 35.0 97.0 58.0 33.0 34.0 44.0 33.0 66.0 35.0 72.0 34.0 34.0 61.0 32.0 78.0 80.0 36.0 37.0 48.0 53.0 92.0 73.0 65.0 34.0 51.0 77.0 36.0 33.0 68.0 39.0 35.0 36.0 34.0 35.0 37.0 38.0 43.0 89.0 69.0 90.0 95.0 39.0 38.0 52.0 51.0 46.0 40.0 33.0 39.0 101.0 42.0 43.0 55.0
41 42 1 TRACE 18.0 13.0 14.0 14.0 13.0 12.0 12.0 14.0 13.0 14.0 13.0 12.0 12.0 14.0 13.0 13.0 13.0 32.0 13.0 13.0 13.0 14.0 13.0 14.0 13.0 13.0 12.0 13.0 13.0 74.0 13.0 48.0 179.0 13.0 13.0 13.0 13.0 13.0 13.0 12.0 13.0 14.0 13.0 23.0 13.0 13.0 12.0 13.0 33.0 12.0 14.0 13.0 13.0 13.0 12.0 13.0 13.0 12.0 13.0 13.0 13.0 13.0 14.0 13.0 13.0 14.0 12.0 13.0 14.0 12.0 13.0 14.0 14.0 13.0 13.0 42.0 13.0 13.0 13.0 14.0 13.0 12.0 13.0 13.0 12.0 13.0 13.0 30.0 13.0 14.0 13.0 15.0 15.0 13.0 12.0 13.0 14.0 13.0 12.0 14.0 13.0 13.0 13.0 15.0 12.0 15.0 13.0 13.0 14.0 12.0 13.0 13.0 13.0 12.0 13.0 12.0 13.0 13.0 14.0 12.0 12.0 14.0 12.0 13.0 13.0 25.0 13.0 13.0 14.0 17.0 12.0 101.0 13.0 13.0 13.0 13.0 14.0 13.0 13.0 13.0 12.0 15.0 14.0 12.0 13.0 13.0 13.0 13.0 14.0 14.0 14.0 14.0 14.0 14.0 13.0 13.0 13.0 13.0 35.0 14.0 13.0 37.0 13.0 14.0 13.0 13.0 13.0 13.0 12.0 14.0 13.0 13.0 13.0 12.0 12.0 13.0 13.0 12.0 14.0 12.0 12.0 13.0 13.0 12.0 13.0 13.0 13.0 14.0 13.0 12.0 13.0 13.0 13.0 13.0 13.0 12.0 13.0 14.0 12.0 12.0 14.0 12.0 13.0 13.0 12.0 14.0 13.0 13.0 12.0 13.0 13.0 12.0
42 43 1 TRACE 16.0 12.0 12.0 12.0 12.0 11.0 12.0 12.0 12.0 12.0 11.0 11.0 11.0 11.0 12.0 11.0 11.0 11.0 12.0 12.0 12.0 12.0 12.0 12.0 11.0 12.0 11.0 11.0 11.0 76.0 11.0 12.0 12.0 12.0 12.0 12.0 12.0 12.0 12.0 12.0 12.0 17.0 12.0 12.0 12.0 12.0 11.0 11.0 11.0 11.0 12.0 11.0 11.0 11.0 12.0 12.0 11.0 12.0 12.0 12.0 12.0 12.0 12.0 11.0 12.0 12.0 11.0 12.0 12.0 12.0 12.0 12.0 12.0 12.0 11.0 12.0 12.0 11.0 11.0 12.0 12.0 12.0 12.0 12.0 12.0 17.0 12.0 11.0 12.0 12.0 11.0 12.0 12.0 11.0 12.0 11.0 12.0 12.0 12.0 12.0 11.0 12.0 12.0 11.0 11.0 13.0 11.0 12.0 12.0 12.0 11.0 12.0 12.0 12.0 11.0 12.0 12.0 11.0 12.0 12.0 12.0 12.0 12.0 12.0 11.0 12.0 12.0 11.0 12.0 12.0 12.0 12.0 12.0 12.0 11.0 11.0 11.0 11.0 12.0 11.0 13.0 12.0 12.0 12.0 12.0 11.0 12.0 11.0 12.0 12.0 13.0 13.0 13.0 12.0 12.0 12.0 11.0 11.0 11.0 12.0 11.0 11.0 11.0 11.0 12.0 11.0 11.0 12.0 12.0 11.0 12.0 11.0 11.0 11.0 12.0 12.0 13.0 11.0 12.0 11.0 12.0 12.0 11.0 11.0 12.0 12.0 12.0 12.0 12.0 11.0 11.0 12.0 11.0 12.0 12.0 11.0 11.0 11.0 11.0 12.0 17.0 11.0 11.0 12.0 11.0 11.0 16.0 12.0 12.0 12.0 12.0 12.0
43 44 1 TRACE 12.0 8.0 8.0 8.0 8.0 8.0 8.0 8.0 8.0 8.0 8.0 8.0 8.0 8.0 8.0 8.0 8.0 8.0 8.0 8.0 7.0 8.0 8.0 8.0 8.0 8.0 8.0 9.0 8.0 8.0 8.0 8.0 8.0 8.0 8.0 11.0 8.0 8.0 8.0 8.0 8.0 10.0 8.0 9.0 8.0 8.0 8.0 8.0 8.0 8.0 8.0 8.0 7.0 8.0 7.0 8.0 8.0 8.0 8.0 8.0 8.0 8.0 8.0 9.0 8.0 8.0 8.0 8.0 8.0 8.0 8.0 8.0 8.0 8.0 8.0 8.0 8.0 8.0 8.0 8.0 8.0 8.0 8.0 9.0 8.0 9.0 8.0 8.0 8.0 8.0 8.0 8.0 8.0 8.0 8.0 8.0 8.0 8.0 8.0 9.0 8.0 9.0 8.0 7.0 8.0 9.0 8.0 8.0 8.0 8.0 8.0 8.0 8.0 8.0 8.0 8.0 8.0 8.0 8.0 8.0 8.0 8.0 8.0 8.0 8.0 8.0 8.0 8.0 8.0 9.0 8.0 9.0 9.0 8.0 8.0 8.0 9.0 8.0 8.0 8.0 8.0 8.0 8.0 8.0 8.0 8.0 8.0 8.0 8.0 9.0 9.0 9.0 9.0 8.0 8.0 8.0 8.0 8.0 8.0 8.0 7.0 8.0 8.0 8.0 8.0 8.0 8.0 8.0 8.0 8.0 8.0 8.0 8.0 8.0 8.0 8.0 8.0 8.0 8.0 8.0 8.0 8.0 8.0 8.0 9.0 8.0 8.0 8.0 9.0 8.0 8.0 8.0 8.0 8.0 8.0 8.0 8.0 8.0 7.0 8.0 9.0 8.0 8.0 8.0 8.0 8.0 9.0 8.0 8.0 9.0 9.0 8.0
44 45 1 TRACE 46.0 28.0 44.0 41.0 32.0 28.0 54.0 72.0 28.0 50.0 35.0 65.0 29.0 38.0 51.0 27.0 41.0 124.0 26.0 48.0 29.0 28.0 32.0 26.0 46.0 46.0 41.0 47.0 28.0 116.0 30.0 76.0 137.0 31.0 40.0 26.0 67.0 45.0 36.0 33.0 37.0 23.0 61.0 40.0 179.0 28.0 28.0 74.0 60.0 30.0 28.0 51.0 30.0 49.0 27.0 47.0 66.0 60.0 44.0 28.0 29.0 32.0 37.0 27.0 100.0 87.0 51.0 68.0 42.0 340.0 270.0 183.0 69.0 27.0 34.0 53.0 42.0 62.0 28.0 67.0 28.0 28.0 38.0 24.0 43.0 23.0 63.0 71.0 29.0 43.0 44.0 25.0 27.0 59.0 84.0 29.0 48.0 93.0 26.0 38.0 58.0 30.0 58.0 97.0 35.0 23.0 29.0 27.0 39.0 53.0 36.0 52.0 58.0 59.0 69.0 31.0 62.0 58.0 61.0 29.0 68.0 28.0 28.0 74.0 140.0 111.0 43.0 69.0 38.0 26.0 75.0 136.0 85.0 43.0 49.0 58.0 26.0 32.0 35.0 60.0 31.0 47.0 26.0 76.0 36.0 27.0 30.0 74.0 219.0 77.0 67.0 85.0 70.0 78.0 29.0 30.0 66.0 145.0 264.0 62.0 28.0 53.0 27.0 27.0 108.0 60.0 43.0 35.0 37.0 32.0 102.0 60.0 75.0 31.0 42.0 35.0 40.0 66.0 59.0 27.0 65.0 31.0 37.0 63.0 25.0 48.0 27.0 83.0 74.0 97.0 223.0 92.0 26.0 39.0 29.0 30.0 64.0 66.0 133.0 28.0 22.0 31.0 66.0 38.0 28.0 25.0 24.0 53.0 68.0 26.0 29.0 28.0
45 46 1 TRACE 21.0 17.0 37.0 19.0 16.0 16.0 16.0 16.0 17.0 16.0 20.0 24.0 17.0 18.0 53.0 18.0 16.0 34.0 16.0 17.0 16.0 20.0 17.0 18.0 17.0 19.0 17.0 18.0 21.0 17.0 16.0 19.0 16.0 18.0 17.0 23.0 16.0 18.0 19.0 18.0 17.0 19.0 18.0 16.0 17.0 16.0 17.0 17.0 17.0 17.0 18.0 17.0 17.0 16.0 19.0 17.0 21.0 16.0 18.0 23.0 20.0 19.0 20.0 18.0 16.0 17.0 16.0 32.0 17.0 53.0 149.0 17.0 16.0 16.0 15.0 16.0 16.0 17.0 20.0 20.0 18.0 17.0 18.0 17.0 16.0 18.0 17.0 15.0 18.0 18.0 21.0 18.0 19.0 16.0 52.0 17.0 46.0 52.0 18.0 17.0 16.0 20.0 18.0 19.0 16.0 18.0 19.0 18.0 16.0 18.0 17.0 16.0 20.0 16.0 17.0 17.0 20.0 15.0 18.0 17.0 20.0 17.0 17.0 16.0 17.0 24.0 16.0 17.0 16.0 15.0 16.0 18.0 16.0 16.0 17.0 17.0 17.0 17.0 16.0 16.0 19.0 16.0 18.0 18.0 20.0 19.0 26.0 16.0 37.0 23.0 30.0 17.0 26.0 17.0 30.0 21.0 17.0 18.0 96.0 18.0 18.0 36.0 18.0 19.0 18.0 31.0 35.0 16.0 18.0 21.0 18.0 16.0 16.0 16.0 17.0 20.0 16.0 22.0 53.0 19.0 15.0 25.0 17.0 19.0 18.0 18.0 17.0 50.0 29.0 18.0 76.0 17.0 19.0 27.0 17.0 19.0 20.0 18.0 16.0 17.0 17.0 17.0 20.0 18.0 20.0 16.0 17.0 18.0 19.0 20.0 17.0 17.0
46 47 1 TRACE 187.0 74.0 64.0 230.0 143.0 64.0 63.0 239.0 122.0 63.0 204.0 77.0 63.0 252.0 109.0 63.0 62.0 229.0 111.0 65.0 95.0 177.0 72.0 63.0 179.0 74.0 63.0 232.0 102.0 64.0 63.0 238.0 83.0 92.0 272.0 87.0 64.0 252.0 112.0 65.0 83.0 146.0 67.0 64.0 192.0 69.0 61.0 269.0 110.0 106.0 68.0 228.0 110.0 93.0 97.0 201.0 75.0 67.0 260.0 93.0 61.0 89.0 155.0 101.0 60.0 231.0 109.0 61.0 151.0 494.0 226.0 299.0 113.0 102.0 64.0 227.0 155.0 87.0 62.0 164.0 103.0 72.0 227.0 137.0 66.0 62.0 150.0 84.0 78.0 148.0 65.0 62.0 232.0 102.0 61.0 98.0 248.0 80.0 105.0 207.0 74.0 61.0 168.0 73.0 61.0 215.0 64.0 60.0 151.0 65.0 61.0 153.0 68.0 66.0 224.0 126.0 61.0 61.0 171.0 144.0 86.0 157.0 66.0 60.0 237.0 82.0 61.0 278.0 109.0 64.0 60.0 151.0 67.0 70.0 237.0 78.0 73.0 228.0 90.0 90.0 85.0 251.0 84.0 891.0 295.0 94.0 65.0 61.0 339.0 130.0 105.0 104.0 248.0 139.0 64.0 108.0 231.0 79.0 61.0 220.0 147.0 61.0 106.0 165.0 65.0 61.0 149.0 66.0 61.0 189.0 65.0 61.0 168.0 97.0 61.0 229.0 84.0 61.0 230.0 106.0 62.0 166.0 97.0 61.0 251.0 123.0 65.0 188.0 89.0 60.0 222.0 78.0 61.0 219.0 113.0 62.0 60.0 224.0 85.0 66.0 134.0 73.0 61.0 211.0 76.0 75.0 206.0 75.0 61.0 171.0 109.0 69.0
47 48 1 TRACE 13.0 18.0 10.0 12.0 12.0 20.0 8.0 9.0 39.0 11.0 12.0 12.0 8.0 11.0 9.0 9.0 9.0 10.0 8.0 9.0 10.0 10.0 10.0 11.0 8.0 10.0 16.0 10.0 10.0 9.0 8.0 28.0 9.0 9.0 10.0 9.0 7.0 9.0 9.0 10.0 44.0 12.0 8.0 10.0 10.0 9.0 9.0 10.0 8.0 23.0 10.0 45.0 10.0 12.0 8.0 9.0 21.0 10.0 9.0 10.0 9.0 10.0 9.0 9.0 10.0 10.0 8.0 10.0 10.0 9.0 20.0 9.0 8.0 9.0 10.0 9.0 9.0 10.0 9.0 10.0 10.0 10.0 9.0 10.0 7.0 26.0 10.0 43.0 32.0 10.0 8.0 9.0 10.0 9.0 10.0 10.0 8.0 10.0 10.0 10.0 10.0 10.0 8.0 9.0 10.0 9.0 10.0 10.0 8.0 62.0 10.0 10.0 11.0 9.0 8.0 9.0 9.0 9.0 10.0 10.0 8.0 10.0 9.0 9.0 9.0 9.0 9.0 10.0 10.0 10.0 10.0 10.0 8.0 10.0 11.0 41.0 10.0 12.0 8.0 10.0 10.0 10.0 10.0 10.0 8.0 10.0 10.0 10.0 10.0 10.0 8.0 9.0 10.0 10.0 25.0 10.0 8.0 10.0 9.0 10.0 10.0 10.0 8.0 10.0 10.0 10.0 10.0 9.0 8.0 11.0 48.0 10.0 11.0 12.0 8.0 9.0 10.0 9.0 10.0 9.0 8.0 10.0 9.0 9.0 9.0 10.0 8.0 10.0 10.0 11.0 10.0 10.0 8.0 10.0 10.0 9.0 10.0 12.0 8.0 9.0 9.0 10.0 9.0 10.0 8.0 18.0 10.0 9.0 10.0 10.0 8.0 9.0 14.0 10.0 10.0 10.0 8.0 10.0 9.0 10.0 9.0 9.0 8.0 10.0 10.0 9.0 10.0 10.0 8.0 10.0 9.0 12.0 9.0 10.0 8.0 9.0 9.0 9.0 9.0 9.0 8.0 9.0 69.0 11.0 10.0 10.0 9.0 10.0 13.0 10.0 41.0 10.0 8.0 9.0 10.0 9.0 10.0 10.0 8.0 9.0 10.0 9.0 10.0 10.0 9.0 10.0 10.0 9.0 10.0 10.0 8.0 43.0 29.0 9.0 10.0 9.0 8.0 51.0 9.0 9.0 10.0 10.0 8.0 10.0 10.0 10.0 10.0 10.0 8.0 12.0 11.0 10.0 40.0 10.0 8.0 10.0 10.0 11.0 9.0 10.0 8.0 10.0 10.0 9.0 10.0 9.0 8.0 9.0 10.0 9.0 10.0 10.0 8.0 9.0 9.0 11.0 10.0 9.0 8.0 10.0 10.0 9.0 10.0 10.0 8.0 9.0 10.0 9.0 9.0 10.0 8.0 10.0 44.0 29.0 10.0 10.0 8.0 13.0 10.0 42.0 11.0 10.0 8.0 10.0 10.0 9.0 10.0 9.0 8.0 10.0 10.0 10.0 10.0 10.0 8.0 33.0 12.0 10.0 10.0 10.0 8.0 10.0 9.0 9.0 10.0 10.0 8.0 11.0 9.0 10.0 10.0 10.0 8.0 10.0 9.0 9.0 10.0 10.0 8.0 15.0 9.0 10.0 13.0 9.0 8.0 10.0 11.0 9.0 9.0 10.0 8.0 10.0 10.0 10.0 11.0 10.0 8.0 10.0 10.0 9.0 21.0 9.0 8.0 10.0 10.0 10.0 10.0 10.0 9.0 58.0 10.0 10.0 10.0 10.0 9.0 10.0 9.0 9.0 9.0 10.0 8.0 118.0 9.0 10.0 10.0 10.0 9.0 10.0 10.0 10.0 9.0 9.0 8.0 10.0 11.0 10.0 23.0 10.0 8.0 10.0 9.0 10.0 9.0 10.0 8.0 9.0 10.0 9.0 10.0 10.0 9.0 9.0 11.0 10.0 10.0 10.0 8.0 10.0 15.0 10.0 10.0 10.0 8.0 10.0 10.0 9.0 10.0 11.0 8.0 9.0 10.0 10.0 12.0 11.0 8.0 10.0 10.0 9.0 10.0 9.0 8.0 10.0 16.0 9.0 10.0 10.0 8.0 10.0 10.0 9.0 10.0 9.0 9.0 10.0 10.0 10.0 31.0 10.0 9.0 9.0 9.0 10.0 10.0 10.0 9.0 10.0 10.0 10.0 10.0 15.0 8.0 10.0 27.0 10.0 10.0 10.0 8.0 10.0 11.0 10.0 10.0 10.0 8.0 10.0 10.0 10.0 10.0 11.0 8.0 48.0 10.0 10.0 10.0 10.0 9.0 10.0 9.0 10.0 14.0 17.0 9.0 10.0 10.0 10.0 10.0 10.0 9.0 10.0 10.0 9.0 11.0 11.0 8.0 9.0 10.0 9.0 10.0 10.0 8.0 11.0 15.0 10.0 10.0 10.0 8.0 10.0 9.0 10.0 10.0 9.0 8.0 10.0 9.0 10.0 10.0 10.0 8.0 10.0 11.0 10.0 9.0 9.0 8.0 17.0 12.0 10.0 9.0 9.0 8.0 10.0 10.0 9.0 9.0 10.0 8.0 10.0 10.0 10.0 17.0 10.0 9.0 10.0 9.0 10.0 10.0 9.0 9.0 10.0 10.0 10.0 9.0 10.0 8.0 9.0 15.0 9.0 10.0 10.0 7.0 10.0 10.0 9.0 10.0 26.0 8.0 10.0 9.0 9.0 9.0 10.0 8.0 10.0 10.0 20.0 10.0 10.0 8.0 10.0 10.0 10.0 9.0 10.0 8.0 10.0 10.0 44.0 9.0 11.0 9.0 10.0 10.0 44.0 10.0 10.0 9.0 10.0 9.0 10.0 10.0 10.0 8.0 10.0 9.0 10.0 10.0 10.0 8.0 10.0 9.0 9.0 9.0 11.0 7.0 11.0 10.0 9.0 10.0 10.0 7.0 17.0 16.0 9.0 10.0 10.0 8.0 10.0 9.0 10.0 9.0 10.0 11.0 10.0 9.0 19.0 10.0 10.0 8.0 43.0 12.0 10.0 10.0 10.0 7.0 9.0 10.0 10.0 9.0 10.0 8.0 21.0 10.0 10.0 9.0 10.0 8.0 10.0 10.0 9.0 10.0 9.0 8.0 10.0 10.0 9.0 10.0 10.0 8.0 36.0 17.0 12.0 10.0 10.0 8.0 9.0 10.0 9.0 9.0 10.0 8.0 48.0 10.0 10.0 27.0 12.0 9.0 35.0 11.0 10.0 10.0 10.0 8.0 9.0 21.0 9.0 9.0 10.0 8.0 9.0 10.0 10.0 12.0 10.0 8.0 10.0 10.0 10.0 45.0 11.0 8.0 42.0 11.0 9.0 10.0 9.0 8.0 9.0 10.0 10.0 9.0 10.0 8.0 47.0 10.0 10.0 9.0 10.0 8.0 10.0 10.0 10.0 40.0 10.0 8.0 10.0 10.0 9.0 9.0 10.0 8.0 10.0 10.0 10.0 9.0 11.0 9.0 20.0 9.0 10.0 32.0 10.0 8.0 10.0 9.0 10.0 10.0 10.0 8.0 10.0 10.0 10.0 9.0 10.0 8.0 10.0 12.0 10.0 10.0 10.0 8.0 11.0 11.0 10.0 10.0 10.0 8.0 10.0 11.0 10.0 10.0 9.0 8.0 9.0 10.0 9.0 10.0 10.0 8.0 16.0 10.0 10.0 23.0 10.0 8.0 10.0 9.0 10.0 10.0 10.0 8.0 72.0 11.0 22.0 10.0 10.0 9.0 10.0 9.0 10.0 16.0 25.0 8.0 10.0 10.0 11.0 10.0 9.0 8.0 17.0 10.0 10.0 9.0 10.0 8.0 200.0 12.0 25.0 36.0 16.0 9.0 27.0 52.0 12.0 12.0 14.0 21.0 34.0 12.0 11.0 11.0 20.0 10.0 97.0 12.0 23.0 21.0 25.0 10.0 12.0 36.0 14.0 12.0 11.0 9.0 11.0 10.0 11.0 11.0 11.0 9.0 11.0 13.0 19.0 11.0 11.0 8.0 10.0 11.0 11.0 10.0 10.0 8.0 10.0 11.0 11.0 10.0 10.0 9.0 31.0 21.0 10.0 9.0 10.0 8.0 10.0 10.0 12.0 10.0 10.0 8.0 11.0 10.0 9.0 9.0 9.0 8.0 9.0 13.0 58.0 10.0 10.0 8.0 10.0 9.0 10.0 10.0 10.0 8.0 10.0 12.0 9.0 32.0 9.0 8.0 10.0 10.0 9.0 10.0 9.0 8.0 27.0 10.0 33.0 11.0 10.0 7.0 16.0 10.0 10.0 9.0 9.0 8.0 10.0 10.0 9.0 10.0 10.0 8.0 10.0 9.0 10.0 10.0 42.0 7.0 10.0 9.0 10.0 9.0 10.0 7.0 15.0 10.0 9.0 9.0 9.0 8.0 9.0 13.0 10.0 10.0 10.0 8.0 15.0 10.0 9.0 10.0 9.0 8.0 10.0 10.0 10.0 54.0 11.0 8.0 10.0 84.0 184.0 10.0 10.0 8.0 15.0 10.0 9.0 10.0 10.0 11.0 9.0 10.0 10.0 10.0 10.0 11.0 10.0 11.0 10.0 17.0 9.0 8.0 10.0 10.0 10.0 9.0 10.0 8.0 9.0 9.0 10.0 9.0 10.0 8.0 9.0 11.0 9.0 9.0 10.0 8.0 10.0 9.0 15.0 10.0 10.0 8.0 10.0 20.0 9.0 10.0 10.0 10.0 40.0 10.0 10.0 10.0 10.0 8.0 10.0 10.0 9.0 10.0 9.0 8.0 30.0 10.0 10.0 9.0 10.0 9.0 10.0 11.0 10.0 10.0 10.0 8.0 10.0 10.0 10.0 10.0 10.0 8.0 41.0 10.0 10.0 10.0 9.0 8.0 10.0 10.0 10.0 10.0 33.0 8.0 10.0 10.0 10.0 10.0 10.0 8.0 10.0 9.0 10.0 10.0 10.0 8.0 11.0 18.0 9.0 10.0 9.0 8.0 11.0 12.0 9.0 9.0 10.0 8.0 10.0 11.0 10.0 11.0 10.0 8.0 10.0 10.0 10.0 10.0 10.0 8.0 10.0 15.0 12.0 9.0 10.0 8.0 10.0 10.0 9.0 9.0 10.0 8.0 10.0 10.0 10.0 10.0 38.0 8.0 10.0 9.0 9.0 10.0 19.0 8.0 9.0 27.0 10.0 9.0 10.0 8.0 10.0 15.0 11.0 10.0 10.0 8.0 29.0 10.0 37.0 10.0 10.0 8.0 10.0 9.0 10.0 9.0 10.0 8.0 10.0 9.0 9.0 9.0 9.0 8.0 10.0 9.0 9.0 9.0 9.0 7.0 14.0 10.0 9.0 10.0 10.0 7.0 38.0 11.0 10.0 10.0 10.0 8.0 10.0 9.0 10.0 10.0 22.0 8.0 11.0 11.0 10.0 9.0 10.0 8.0 11.0 10.0 9.0 10.0 10.0 9.0 10.0 38.0 11.0 10.0 10.0 8.0 10.0 10.0 10.0 10.0 10.0 8.0 15.0 10.0 10.0 10.0 10.0
48 49 1 TRACE 26.0 46.0 22.0 18.0 20.0 18.0 8.0 12.0 11.0 13.0 12.0 12.0 7.0 9.0 9.0 10.0 9.0 10.0 15.0 26.0 21.0 18.0 19.0 18.0 11.0 22.0 18.0 17.0 17.0 17.0 7.0 10.0 9.0 9.0 10.0 9.0 7.0 58.0 9.0 9.0 9.0 10.0 20.0 44.0 21.0 18.0 18.0 18.0 9.0 18.0 18.0 17.0 13.0 14.0 8.0 26.0 9.0 10.0 9.0 22.0 21.0 31.0 21.0 19.0 20.0 18.0 8.0 12.0 16.0 12.0 12.0 12.0 7.0 10.0 10.0 9.0 9.0 10.0 18.0 24.0 21.0 18.0 19.0 18.0 10.0 25.0 19.0 16.0 18.0 49.0 7.0 9.0 9.0 9.0 10.0 10.0 8.0 10.0 20.0 10.0 9.0 9.0 14.0 24.0 19.0 17.0 18.0 19.0 12.0 22.0 19.0 33.0 19.0 17.0 7.0 9.0 9.0 9.0 10.0 10.0 7.0 10.0 9.0 9.0 9.0 9.0 19.0 39.0 20.0 18.0 18.0 24.0 8.0 82.0 11.0 10.0 11.0 11.0 7.0 13.0 9.0 9.0 9.0 10.0 20.0 28.0 22.0 18.0 19.0 18.0 8.0 12.0 11.0 12.0 12.0 10.0 8.0 9.0 9.0 9.0 11.0 10.0 16.0 23.0 19.0 17.0 20.0 18.0 12.0 24.0 19.0 52.0 18.0 21.0 8.0 9.0 9.0 10.0 10.0 9.0 8.0 10.0 9.0 9.0 9.0 10.0 20.0 36.0 21.0 18.0 19.0 17.0 9.0 19.0 17.0 16.0 13.0 15.0 7.0 9.0 9.0 9.0 9.0 10.0 19.0 26.0 20.0 18.0 19.0 18.0 9.0 99.0 17.0 50.0 18.0 14.0 8.0 9.0 9.0 9.0 9.0 9.0 14.0 26.0 20.0 17.0 19.0 19.0 12.0 27.0 18.0 17.0 21.0 17.0 7.0 9.0 10.0 9.0 9.0 9.0 7.0 9.0 11.0 9.0 14.0 10.0 16.0 74.0 20.0 17.0 19.0 20.0 7.0 10.0 10.0 10.0 9.0 9.0 7.0 10.0 10.0 9.0 10.0 10.0 20.0 34.0 22.0 18.0 19.0 18.0 8.0 20.0 11.0 10.0 11.0 10.0 7.0 9.0 9.0 9.0 10.0 10.0 15.0 24.0 19.0 18.0 18.0 20.0 12.0 38.0 25.0 17.0 18.0 25.0 8.0 9.0 9.0 9.0 9.0 10.0 7.0 10.0 10.0 9.0 10.0 9.0 17.0 25.0 20.0 18.0 19.0 17.0 10.0 21.0 37.0 16.0 19.0 16.0 7.0 10.0 9.0 9.0 10.0 10.0 7.0 9.0 9.0 9.0 17.0 9.0 21.0 62.0 21.0 18.0 19.0 19.0 8.0 13.0 12.0 14.0 12.0 12.0 7.0 10.0 10.0 9.0 9.0 9.0 17.0 25.0 20.0 18.0 18.0 18.0 10.0 28.0 18.0 17.0 17.0 15.0 8.0 10.0 9.0 9.0 10.0 9.0 7.0 9.0 9.0 9.0 10.0 10.0 19.0 27.0 21.0 18.0 19.0 18.0 8.0 11.0 16.0 10.0 11.0 10.0 8.0 10.0 45.0 9.0 9.0 9.0 18.0 26.0 54.0 19.0 26.0 18.0 9.0 19.0 17.0 22.0 17.0 14.0 8.0 9.0 9.0 9.0 10.0 9.0 19.0 25.0 20.0 19.0 18.0 18.0 8.0 10.0 10.0 10.0 10.0 11.0 8.0 10.0 9.0 10.0 10.0 10.0 15.0 25.0 19.0 18.0 18.0 17.0 12.0 27.0 47.0 17.0 18.0 18.0 8.0 10.0 10.0 10.0 10.0 10.0 7.0 9.0 10.0 9.0 10.0 9.0 18.0 25.0 21.0 29.0 19.0 18.0 11.0 28.0 18.0 16.0 18.0 17.0 7.0 10.0 10.0 9.0 10.0 10.0 7.0 9.0 28.0 9.0 10.0 9.0 19.0 28.0 46.0 18.0 21.0 17.0 7.0 10.0 11.0 10.0 10.0 11.0 7.0 10.0 9.0 10.0 10.0 9.0 16.0 24.0 20.0 18.0 19.0 18.0 12.0 23.0 19.0 17.0 18.0 17.0 8.0 9.0 9.0 9.0 9.0 9.0 7.0 9.0 10.0 10.0 9.0 9.0 18.0 30.0 20.0 69.0 23.0 22.0 7.0 10.0 10.0 11.0 18.0 10.0 7.0 29.0 9.0 10.0 10.0 10.0 18.0 27.0 44.0 18.0 24.0 18.0 8.0 10.0 10.0 10.0 10.0 10.0 8.0 9.0 9.0 10.0 11.0 10.0 16.0 29.0 20.0 18.0 18.0 60.0 11.0 26.0 19.0 17.0 18.0 17.0 8.0 9.0 10.0 10.0 9.0 9.0 8.0 9.0 10.0 9.0 10.0 9.0 20.0 26.0 21.0 19.0 19.0 17.0 9.0 18.0 17.0 13.0 13.0 14.0 8.0 9.0 10.0 9.0 10.0 10.0 21.0 27.0 40.0 18.0 23.0 18.0 8.0 12.0 12.0 12.0 49.0 11.0 8.0 10.0 9.0 10.0 10.0 9.0 20.0 25.0 22.0 18.0 19.0 19.0 8.0 11.0 13.0 10.0 11.0 12.0 8.0 9.0 9.0 9.0 9.0 9.0 17.0 26.0 24.0 18.0 19.0 32.0 8.0 50.0 9.0 12.0 10.0 11.0 7.0 9.0 10.0 9.0 9.0 10.0 19.0 26.0 20.0 18.0 21.0 17.0 8.0 10.0 10.0 10.0 10.0 10.0 8.0 9.0 10.0 9.0 10.0 9.0 19.0 26.0 20.0 17.0 19.0 18.0 8.0 11.0 10.0 10.0 11.0 10.0 7.0 10.0 9.0 9.0 10.0 10.0 17.0 27.0 20.0 18.0 18.0 18.0 10.0 21.0 17.0 17.0 18.0 18.0 7.0 14.0 9.0 10.0 9.0 10.0 7.0 9.0 9.0 9.0 9.0 10.0 20.0 26.0 21.0 19.0 18.0 18.0 8.0 11.0 12.0 11.0 11.0 10.0 7.0 10.0 10.0 9.0 10.0 10.0 18.0 25.0 21.0 18.0 22.0 18.0 8.0 10.0 11.0 10.0 10.0 10.0 7.0 12.0 10.0 9.0 10.0 10.0 20.0 26.0 20.0 18.0 19.0 18.0 9.0 18.0 16.0 15.0 14.0 13.0 8.0 9.0 19.0 9.0 12.0 10.0 15.0 24.0 19.0 18.0 19.0 20.0 11.0 21.0 19.0 17.0 18.0 17.0 7.0 14.0 10.0 9.0 9.0 9.0 7.0 10.0 14.0 10.0 9.0 10.0 19.0 96.0 20.0 19.0 19.0 18.0 8.0 11.0 11.0 10.0 10.0 11.0 7.0 10.0 10.0 10.0 10.0 10.0 20.0 33.0 21.0 19.0 19.0 19.0 8.0 25.0 17.0 13.0 13.0 12.0 7.0 10.0 10.0 9.0 9.0 9.0 17.0 26.0 21.0 18.0 19.0 19.0 10.0 20.0 18.0 16.0 17.0 18.0 7.0 10.0 10.0 9.0 10.0 9.0 7.0 9.0 9.0 9.0 9.0 9.0 19.0 25.0 20.0 18.0 18.0 17.0 9.0 20.0 17.0 16.0 17.0 14.0 7.0 10.0 11.0 25.0 9.0 10.0 17.0 24.0 25.0 18.0 21.0 19.0 10.0 21.0 18.0 23.0 18.0 17.0 7.0 16.0 10.0 10.0 9.0 9.0 8.0 65.0 12.0 23.0 19.0 22.0 28.0 45.0 21.0 21.0 31.0 21.0 13.0 34.0 26.0 30.0 19.0 26.0 9.0 18.0 12.0 22.0 10.0 11.0 9.0 11.0 11.0 12.0 12.0 11.0 18.0 25.0 21.0 20.0 20.0 19.0 12.0 22.0 19.0 18.0 19.0 18.0 8.0 10.0 10.0 10.0 11.0 10.0 8.0 9.0 9.0 12.0 9.0 10.0 20.0 34.0 20.0 18.0 19.0 18.0 8.0 25.0 67.0 13.0 13.0 13.0 7.0 10.0 10.0 9.0 9.0 9.0 15.0 104.0 72.0 17.0 19.0 17.0 11.0 22.0 18.0 17.0 18.0 18.0 8.0 10.0 23.0 9.0 9.0 10.0 7.0 10.0 9.0 10.0 10.0 9.0 18.0 77.0 20.0 30.0 18.0 17.0 7.0 11.0 10.0 10.0 10.0 11.0 8.0 10.0 9.0 10.0 10.0 10.0 19.0 27.0 21.0 18.0 19.0 20.0 8.0 14.0 10.0 10.0 10.0 10.0 7.0 10.0 10.0 9.0 9.0 10.0 16.0 30.0 20.0 18.0 19.0 22.0 7.0 10.0 9.0 10.0 10.0 9.0 8.0 11.0 9.0 9.0 9.0 10.0 15.0 26.0 135.0 18.0 19.0 25.0 7.0 11.0 9.0 10.0 10.0 10.0 7.0 9.0 9.0 10.0 10.0 9.0 19.0 27.0 22.0 19.0 19.0 18.0 8.0 24.0 18.0 13.0 13.0 12.0 7.0 9.0 9.0 9.0 9.0 9.0 20.0 27.0 20.0 18.0 18.0 18.0 9.0 18.0 17.0 13.0 13.0 12.0 7.0 9.0 11.0 9.0 10.0 10.0 20.0 27.0 21.0 18.0 21.0 18.0 8.0 16.0 11.0 10.0 11.0 24.0 7.0 9.0 9.0 10.0 11.0 10.0 21.0 50.0 23.0 19.0 19.0 17.0 8.0 12.0 12.0 12.0 11.0 10.0 7.0 10.0 23.0 9.0 10.0 9.0 21.0 26.0 23.0 19.0 20.0 19.0 8.0 12.0 12.0 12.0 12.0 11.0 7.0 10.0 10.0 9.0 9.0 9.0 20.0 28.0 21.0 19.0 21.0 18.0 8.0 19.0 14.0 13.0 12.0 12.0 7.0 10.0 10.0 9.0 10.0 19.0 14.0 24.0 19.0 17.0 19.0 20.0 12.0 22.0 19.0 17.0 21.0 17.0 7.0 9.0 10.0 9.0 10.0 10.0 7.0 15.0 10.0 9.0 10.0 11.0 20.0 26.0 21.0 18.0 18.0 19.0 8.0 18.0 14.0 14.0 12.0 13.0 7.0 9.0 10.0 9.0 10.0 10.0 14.0 25.0 20.0 17.0 18.0 17.0 7.0 11.0 9.0 10.0 10.0 10.0 8.0 10.0 9.0 9.0 9.0 9.0 21.0 30.0 20.0 18.0 20.0 17.0 8.0 14.0 14.0 13.0 13.0 11.0 7.0 52.0 9.0 10.0 9.0 10.0 21.0 26.0 21.0 18.0 19.0 19.0 8.0 15.0 13.0 12.0 12.0 11.0 8.0 10.0 10.0 9.0 9.0 10.0 21.0 45.0 20.0 18.0 19.0 53.0 8.0 11.0 11.0 11.0 11.0 11.0 7.0 45.0 9.0 10.0 10.0 9.0
49 47 1 TRACE 119.0 91.0 70.0 69.0 56.0 35.0 34.0 74.0 2696.0 36.0 27.0 26.0 26.0 27.0 26.0 167.0 162.0 131.0 112.0 97.0 60.0 55.0 51.0 49.0 46.0 34.0 27.0 27.0 27.0 27.0 27.0 27.0 27.0 26.0 26.0 168.0 114.0 95.0 84.0 73.0 68.0 53.0 75.0 45.0 43.0 27.0 27.0 26.0 26.0 26.0 122.0 91.0 76.0 67.0 61.0 41.0 42.0 38.0 38.0 39.0 26.0 26.0 26.0 26.0 26.0 161.0 128.0 105.0 92.0 82.0 54.0 58.0 49.0 59.0 45.0 27.0 26.0 27.0 26.0 27.0 26.0 26.0 27.0 26.0 27.0 167.0 152.0 138.0 122.0 110.0 64.0 58.0 53.0 49.0 47.0 27.0 27.0 27.0 26.0 27.0 88.0 26.0 27.0 26.0 25.0 114.0 70.0 60.0 54.0 52.0 32.0 31.0 31.0 33.0 66.0 26.0 27.0 27.0 26.0 27.0 106.0 81.0 72.0 60.0 56.0 37.0 36.0 36.0 49.0 36.0 40.0 27.0 26.0 26.0 26.0 176.0 142.0 120.0 106.0 94.0 60.0 56.0 51.0 47.0 54.0 28.0 26.0 27.0 27.0 27.0 26.0 36.0 27.0 26.0 26.0 150.0 113.0 93.0 80.0 71.0 47.0 46.0 44.0 44.0 41.0 27.0 27.0 26.0 26.0 27.0 176.0 116.0 97.0 86.0 75.0 49.0 48.0 45.0 44.0 44.0 27.0 26.0 43.0 27.0 27.0 167.0 154.0 140.0 126.0 110.0 68.0 59.0 53.0 50.0 47.0 62.0 27.0 27.0 27.0 27.0 27.0 26.0 26.0 28.0 26.0 94.0 65.0 57.0 53.0 49.0 29.0 29.0 28.0 28.0 29.0 26.0 27.0 26.0 26.0 26.0 123.0 78.0 67.0 59.0 54.0 34.0 34.0 33.0 33.0 32.0 24.0 28.0 24.0 25.0 25.0 164.0 153.0 138.0 125.0 109.0 102.0 57.0 53.0 49.0 50.0 26.0 25.0 36.0 26.0 35.0 25.0 25.0 25.0 25.0 25.0 161.0 132.0 111.0 96.0 85.0 66.0 52.0 49.0 48.0 45.0 25.0 24.0 24.0 26.0 25.0 25.0 24.0 25.0 25.0 32.0 117.0 89.0 76.0 66.0 65.0 39.0 39.0 38.0 38.0 43.0 25.0 24.0 25.0 25.0 24.0 160.0 131.0 108.0 96.0 83.0 55.0 52.0 49.0 53.0 45.0 26.0 25.0 25.0 26.0 24.0 25.0 27.0 25.0 25.0 25.0 97.0 71.0 62.0 55.0 51.0 31.0 30.0 33.0 29.0 30.0 25.0 24.0 24.0 24.0 24.0 158.0 122.0 101.0 88.0 79.0 51.0 49.0 46.0 45.0 44.0 25.0 26.0 25.0 25.0 25.0 107.0 69.0 61.0 54.0 51.0 31.0 30.0 29.0 29.0 29.0 30.0 25.0 24.0 26.0 25.0 168.0 153.0 136.0 124.0 107.0 65.0 59.0 53.0 50.0 47.0 27.0 26.0 26.0 26.0 26.0 24.0 24.0 25.0 25.0 24.0 161.0 177.0 114.0 95.0 85.0 55.0 60.0 50.0 47.0 44.0 26.0 25.0 25.0 26.0 25.0 25.0 24.0 25.0 26.0 24.0 93.0 73.0 63.0 56.0 52.0 35.0 32.0 31.0 31.0 31.0 25.0 31.0 25.0 24.0 25.0 167.0 154.0 142.0 126.0 109.0 63.0 58.0 52.0 50.0 47.0 35.0 26.0 26.0 26.0 26.0 25.0 44.0 25.0 26.0 25.0 85.0 101.0 80.0 97.0 51.0 68.0 29.0 28.0 29.0 29.0 37.0 25.0 39.0 26.0 26.0 81.0 67.0 60.0 64.0 50.0 29.0 29.0 29.0 27.0 29.0 50.0 25.0 24.0 57.0 28.0 161.0 141.0 120.0 106.0 103.0 62.0 88.0 52.0 55.0 46.0 63.0 25.0 25.0 26.0 25.0 24.0 37.0 25.0 25.0 25.0 156.0 107.0 90.0 79.0 70.0 44.0 45.0 43.0 42.0 40.0 26.0 25.0 25.0 25.0 32.0 116.0 87.0 74.0 64.0 61.0 52.0 38.0 38.0 36.0 37.0 47.0 26.0 33.0 25.0 25.0 131.0 105.0 67.0 59.0 57.0 74.0 35.0 33.0 33.0 33.0 28.0 26.0 25.0 25.0 24.0 82.0 68.0 61.0 53.0 50.0 29.0 29.0 35.0 29.0 28.0 44.0 25.0 26.0 29.0 25.0 91.0 70.0 61.0 58.0 51.0 55.0 29.0 30.0 29.0 37.0 60.0 26.0 25.0 25.0 25.0 124.0 72.0 63.0 55.0 57.0 31.0 31.0 31.0 30.0 30.0 24.0 25.0 25.0 25.0 25.0 168.0 129.0 107.0 95.0 83.0 64.0 53.0 49.0 48.0 45.0 25.0 25.0 25.0 24.0 25.0 25.0 24.0 24.0 24.0 24.0 107.0 80.0 68.0 60.0 55.0 79.0 37.0 35.0 42.0 32.0 25.0 25.0 25.0 25.0 25.0 83.0 74.0 59.0 55.0 50.0 29.0 31.0 30.0 28.0 28.0 25.0 25.0 25.0 25.0 25.0 159.0 111.0 92.0 82.0 73.0 47.0 46.0 45.0 43.0 41.0 65.0 26.0 37.0 53.0 26.0 164.0 148.0 130.0 141.0 103.0 64.0 57.0 53.0 49.0 47.0 27.0 26.0 26.0 27.0 26.0 25.0 25.0 32.0 26.0 25.0 90.0 74.0 64.0 62.0 52.0 34.0 31.0 72.0 31.0 30.0 34.0 25.0 25.0 24.0 25.0 139.0 105.0 86.0 76.0 70.0 44.0 44.0 42.0 41.0 40.0 26.0 25.0 25.0 25.0 24.0 192.0 137.0 102.0 89.0 88.0 53.0 51.0 48.0 83.0 44.0 25.0 25.0 25.0 25.0 25.0 25.0 24.0 25.0 26.0 24.0 150.0 115.0 93.0 82.0 74.0 49.0 48.0 44.0 43.0 43.0 147.0 25.0 26.0 26.0 25.0 160.0 133.0 110.0 97.0 83.0 56.0 53.0 48.0 78.0 49.0 45.0 27.0 25.0 25.0 24.0 128.0 41.0 31.0 30.0 47.0 171.0 157.0 197.0 127.0 155.0 95.0 93.0 82.0 84.0 48.0 31.0 35.0 30.0 40.0 28.0 30.0 31.0 32.0 47.0 40.0 187.0 153.0 130.0 124.0 97.0 61.0 57.0 53.0 91.0 48.0 28.0 49.0 27.0 27.0 26.0 35.0 26.0 31.0 27.0 26.0 140.0 106.0 93.0 78.0 68.0 98.0 46.0 42.0 50.0 40.0 25.0 25.0 25.0 24.0 32.0 161.0 145.0 130.0 114.0 100.0 74.0 57.0 53.0 50.0 83.0 26.0 26.0 25.0 27.0 25.0 25.0 29.0 24.0 24.0 24.0 83.0 69.0 61.0 54.0 51.0 28.0 29.0 29.0 29.0 28.0 25.0 27.0 24.0 24.0 24.0 88.0 70.0 61.0 54.0 50.0 30.0 29.0 30.0 28.0 29.0 25.0 26.0 25.0 24.0 24.0 77.0 71.0 76.0 52.0 49.0 28.0 28.0 27.0 26.0 28.0 25.0 24.0 24.0 41.0 25.0 74.0 64.0 56.0 52.0 48.0 28.0 27.0 26.0 27.0 27.0 28.0 25.0 24.0 24.0 24.0 145.0 104.0 88.0 83.0 69.0 46.0 44.0 42.0 40.0 40.0 25.0 25.0 32.0 24.0 24.0 142.0 104.0 92.0 78.0 70.0 45.0 44.0 43.0 41.0 40.0 26.0 25.0 25.0 25.0 25.0 104.0 79.0 67.0 59.0 55.0 36.0 73.0 34.0 33.0 33.0 38.0 25.0 25.0 25.0 25.0 110.0 86.0 72.0 63.0 58.0 38.0 37.0 44.0 35.0 35.0 25.0 25.0 25.0 25.0 25.0 111.0 85.0 73.0 64.0 59.0 64.0 38.0 38.0 36.0 35.0 51.0 25.0 25.0 25.0 34.0 135.0 100.0 86.0 73.0 67.0 42.0 42.0 41.0 40.0 38.0 30.0 39.0 25.0 26.0 26.0 189.0 146.0 143.0 125.0 107.0 66.0 63.0 60.0 54.0 47.0 56.0 26.0 26.0 26.0 26.0 24.0 25.0 25.0 24.0 24.0 143.0 102.0 86.0 74.0 70.0 44.0 108.0 42.0 40.0 39.0 26.0 45.0 24.0 25.0 36.0 73.0 63.0 56.0 51.0 48.0 28.0 27.0 27.0 27.0 27.0 26.0 25.0 25.0 26.0 24.0 178.0 93.0 78.0 68.0 62.0 41.0 39.0 39.0 37.0 38.0 26.0 25.0 25.0 26.0 25.0 147.0 91.0 76.0 67.0 62.0 39.0 39.0 38.0 37.0 38.0 25.0 24.0 25.0 25.0 25.0 105.0 84.0 91.0 61.0 56.0 37.0 36.0 36.0 35.0 40.0 47.0 25.0 62.0 30.0 25.0
49 50 1 TRACE 72.0 8005.0 78.0 71.0 80.0 94.0 78.0 72.0 45.0 44.0 132.0 62.0 64.0 61.0 46.0 95.0 47.0 372.0 56.0 93.0 169.0 165.0 31.0 44.0 118.0 38.0 97.0 168.0 78.0 67.0 69.0 229.0 86.0 161.0 141.0 33.0 46.0 104.0 80.0 135.0 82.0 34.0 55.0 81.0 81.0 77.0 138.0 198.0 34.0 36.0 99.0 172.0 62.0 157.0 112.0 45.0 32.0 98.0 85.0 94.0 134.0 108.0 128.0 62.0 54.0 45.0 84.0 76.0 177.0 109.0 180.0 217.0 47.0 103.0 105.0 57.0 81.0 124.0 76.0 56.0 53.0 164.0 139.0 115.0 185.0 76.0 43.0 32.0 145.0 82.0 133.0 66.0 60.0 49.0 88.0 118.0 97.0 90.0 67.0 70.0 65.0 27.0 134.0 183.0 114.0 139.0 82.0 30.0 65.0 120.0 141.0 124.0 136.0 84.0 124.0 32.0 50.0 112.0 177.0 36.0 78.0 138.0 86.0 28.0 63.0 145.0 33.0 185.0 119.0 122.0 52.0 103.0 67.0 83.0 112.0 110.0 106.0 78.0 108.0 106.0 85.0 110.0 145.0 50.0 69.0 109.0 228.0 77.0 220.0 241.0 202.0 171.0 93.0 83.0 62.0 29.0 341.0 73.0 61.0 32.0 50.0 59.0 86.0 58.0 84.0 110.0 99.0 114.0 99.0 129.0 89.0 69.0 72.0 98.0 109.0 95.0 202.0 72.0 106.0 53.0 74.0 170.0 88.0 165.0 218.0 169.0 70.0 169.0 152.0 92.0 83.0 92.0 60.0 68.0 123.0 91.0 67.0 177.0 80.0 49.0 147.0 107.0 121.0 46.0 106.0 80.0 146.0 86.0 113.0 38.0 89.0 86.0
50 25 1 TRACE 29.0 23.0 22.0 20.0 20.0 19.0 20.0 22.0 20.0 21.0 21.0 42.0 20.0 20.0 21.0 19.0 20.0 19.0 21.0 20.0 20.0 20.0 55.0 20.0 19.0 20.0 26.0 18.0 21.0 31.0 19.0 19.0 23.0 20.0 21.0 20.0 55.0 20.0 52.0 20.0 20.0 25.0 21.0 37.0 21.0 19.0 55.0 18.0 20.0 20.0 23.0 20.0 61.0 21.0 20.0 28.0 20.0 19.0 20.0 20.0 20.0 27.0 30.0 26.0
50 41 1 TRACE 9.0 10.0 8.0 8.0 8.0 9.0 9.0 9.0 8.0 9.0 8.0 9.0 9.0 9.0 9.0 9.0 9.0 8.0 8.0 9.0 9.0 9.0 8.0 9.0 8.0 9.0 9.0 8.0 9.0 9.0 9.0 9.0 8.0 12.0 8.0 9.0 8.0 9.0 8.0 9.0 9.0 9.0 9.0 8.0 8.0 8.0 9.0 9.0 9.0 8.0 9.0 9.0 9.0 9.0 9.0 9.0 9.0 8.0 9.0 9.0 8.0 8.0 8.0 9.0 11.0 9.0 8.0 8.0 8.0 8.0 9.0 8.0 8.0 8.0 8.0 8.0 9.0 9.0 9.0 8.0 8.0 9.0 9.0 9.0 8.0 9.0 9.0 9.0 9.0 8.0 9.0 8.0 9.0 8.0 8.0 11.0 9.0 9.0 8.0 12.0 8.0 8.0 9.0 8.0 9.0 10.0 10.0 10.0 9.0 9.0 9.0 9.0 8.0 9.0 8.0 9.0 9.0 9.0 8.0 8.0 9.0 8.0 8.0 8.0 9.0 8.0 8.0 9.0 8.0 9.0 8.0 8.0 8.0 9.0 9.0 9.0 8.0 8.0 8.0 8.0 8.0 9.0 8.0 9.0 9.0 8.0 9.0 8.0
51 52 1 TRACE 367.0 352.0 374.0 346.0 360.0 347.0 375.0 350.0 348.0 366.0 373.0 357.0 357.0 341.0 366.0 351.0 342.0 346.0 342.0 367.0 342.0 336.0 337.0 343.0 344.0 379.0 342.0 341.0 350.0 365.0 341.0 338.0 339.0 343.0 344.0 343.0 346.0 347.0 345.0 346.0 367.0 344.0 344.0 598.0 416.0 335.0 346.0 370.0 426.0 345.0 345.0 345.0 344.0 345.0 365.0 369.0 347.0 347.0 345.0 392.0 346.0 345.0 345.0 344.0
52 53 1 TRACE 47.0 30.0 41.0 32.0 31.0 35.0 33.0 33.0 41.0 31.0 57.0 45.0 78.0 65.0 60.0 58.0 45.0 65.0 59.0 38.0 63.0 30.0 65.0 63.0 83.0 34.0 134.0 51.0 30.0 61.0 50.0 34.0 31.0 29.0 52.0 43.0 30.0 43.0 31.0 31.0 31.0 64.0 48.0 68.0 72.0 72.0 30.0 65.0 30.0 49.0 47.0 42.0 50.0 64.0 64.0 115.0 31.0 30.0 30.0 40.0 30.0 65.0 49.0 69.0
53 54 1 TRACE 26.0 24.0 31.0 13.0 16.0 13.0 21.0 21.0 13.0 13.0 24.0 15.0 21.0 18.0 20.0 16.0 14.0 17.0 13.0 22.0 92.0 24.0 12.0 13.0 18.0 19.0 13.0 19.0 23.0 20.0 13.0 13.0 31.0 19.0 14.0 18.0 24.0 17.0 23.0 48.0 28.0 14.0 13.0 27.0 23.0 47.0 24.0 28.0 18.0 12.0 13.0 14.0 25.0 13.0 18.0 16.0 13.0 24.0 24.0 17.0 23.0 12.0 12.0 14.0
54 55 1 TRACE 42.0 30.0 18.0 18.0 41.0 19.0 19.0 19.0 18.0 20.0 19.0 19.0 19.0 19.0 19.0 18.0 18.0 18.0 18.0 18.0 18.0 19.0 19.0 17.0 18.0 19.0 19.0 19.0 19.0 18.0 19.0 30.0 31.0 31.0 18.0 19.0 18.0 20.0 19.0 19.0 33.0 19.0 18.0 22.0 22.0 19.0 19.0 19.0 18.0 18.0 18.0 18.0 18.0 18.0 20.0 18.0 18.0 19.0 18.0 18.0 18.0 18.0 18.0 20.0
55 56 1 TRACE 11.0 19.0 7.0 8.0 7.0 7.0 7.0 7.0 7.0 7.0 7.0 7.0 7.0 13.0 7.0 7.0 7.0 7.0 7.0 8.0 7.0 7.0 7.0 7.0 7.0 7.0 7.0 7.0 7.0 7.0 7.0 8.0 8.0 8.0 7.0 7.0 7.0 7.0 7.0 7.0 7.0 7.0 7.0 9.0 8.0 7.0 7.0 7.0 7.0 7.0 7.0 7.0 7.0 7.0 7.0 7.0 7.0 7.0 7.0 7.0 7.0 7.0 7.0 7.0
56 57 1 TRACE 22.0 6.0 6.0 7.0 7.0 7.0 7.0 7.0 7.0 7.0 7.0 7.0 7.0 7.0 7.0 7.0 7.0 7.0 7.0 7.0 7.0 7.0 6.0 6.0 6.0 7.0 7.0 7.0 7.0 7.0 7.0 7.0 7.0 18.0 7.0 6.0 7.0 7.0 6.0 7.0 8.0 7.0 7.0 9.0 8.0 7.0 7.0 7.0 7.0 7.0 7.0 6.0 6.0 6.0 7.0 6.0 7.0 7.0 6.0 7.0 6.0 7.0 6.0 6.0
57 58 1 TRACE 11.0 7.0 7.0 7.0 8.0 6.0 7.0 6.0 7.0 7.0 6.0 7.0 7.0 7.0 7.0 7.0 7.0 7.0 7.0 7.0 7.0 7.0 7.0 7.0 7.0 7.0 7.0 7.0 6.0 7.0 6.0 7.0 7.0 7.0 7.0 7.0 7.0 7.0 7.0 7.0 7.0 7.0 7.0 8.0 8.0 7.0 7.0 6.0 7.0 7.0 6.0 7.0 7.0 7.0 7.0 7.0 7.0 7.0 7.0 7.0 7.0 7.0 7.0 7.0
58 59 1 TRACE 16.0 7.0 7.0 7.0 9.0 8.0 8.0 8.0 7.0 8.0 8.0 8.0 8.0 7.0 8.0 8.0 9.0 7.0 8.0 7.0 8.0 8.0 7.0 7.0 7.0 8.0 8.0 8.0 8.0 8.0 8.0 8.0 8.0 8.0 8.0 7.0 8.0 8.0 7.0 7.0 8.0 9.0 8.0 10.0 9.0 7.0 8.0 8.0 8.0 8.0 8.0 7.0 7.0 7.0 8.0 7.0 8.0 8.0 7.0 8.0 7.0 8.0 7.0 7.0
59 60 1 TRACE 7.0 19.0 7.0 7.0 7.0 18.0 7.0 18.0 7.0 7.0 6.0 6.0 6.0 19.0 18.0 7.0 7.0 6.0 18.0 10.0 18.0 18.0 19.0 7.0 7.0 7.0 7.0 6.0 6.0 7.0 6.0 7.0 8.0 18.0 7.0 7.0 7.0 6.0 7.0 7.0 7.0 6.0 7.0 9.0 8.0 7.0 6.0 7.0 6.0 7.0 6.0 7.0 7.0 7.0 6.0 7.0 7.0 6.0 7.0 7.0 7.0 7.0 7.0 7.0
60 61 1 TRACE 8.0 7.0 19.0 18.0 7.0 7.0 19.0 7.0 18.0 19.0 19.0 19.0 7.0 7.0 8.0 7.0 19.0 19.0 7.0 7.0 7.0 7.0 7.0 18.0 19.0 7.0 19.0 19.0 19.0 8.0 19.0 7.0 8.0 7.0 19.0 19.0 19.0 19.0 18.0 19.0 8.0 19.0 19.0 8.0 7.0 19.0 19.0 19.0 19.0 19.0 19.0 19.0 18.0 18.0 19.0 19.0 18.0 19.0 19.0 19.0 6.0 19.0 19.0 19.0
61 62 1 TRACE 19.0 7.0 7.0 7.0 7.0 7.0 7.0 7.0 8.0 7.0 7.0 7.0 7.0 7.0 8.0 7.0 7.0 7.0 7.0 7.0 7.0 7.0 7.0 7.0 7.0 7.0 7.0 7.0 7.0 7.0 7.0 7.0 7.0 8.0 7.0 7.0 7.0 7.0 8.0 7.0 8.0 7.0 7.0 9.0 8.0 7.0 7.0 7.0 7.0 7.0 7.0 8.0 7.0 8.0 7.0 7.0 8.0 7.0 7.0 7.0 19.0 7.0 7.0 7.0
62 1 1 TRACE 24.0 39.0 22.0 23.0 33.0 22.0 22.0 22.0 22.0 22.0 22.0 22.0 22.0 23.0 22.0 23.0 22.0 30.0 22.0 38.0 24.0 22.0 22.0 22.0 23.0 22.0 29.0 21.0 22.0 22.0 23.0 35.0 34.0 23.0 22.0 22.0 23.0 22.0 24.0 23.0 36.0 25.0 22.0 105.0 23.0 22.0 22.0 21.0 21.0 22.0 21.0 22.0 22.0 22.0 22.0 21.0 22.0 22.0 22.0 136.0 22.0 23.0 22.0
