0 1 1 TRACE 1672856632455786.0
1 2 1 TRACE 11146.0 38.0 49.0 49.0 51.0 51.0 50.0 49.0 49.0 51.0 49.0 49.0 48.0 49.0 50.0 40.0 48.0 49.0 73.0 50.0 49.0 51.0 50.0 49.0 49.0 52.0 49.0 49.0 49.0 50.0 49.0 43.0 48.0 49.0 50.0 49.0 50.0 49.0 49.0 49.0 49.0 49.0 50.0 50.0 49.0 51.0 50.0 63.0 50.0 50.0 49.0 40.0 49.0 50.0 49.0 49.0 49.0 37.0 50.0 49.0 49.0 55.0 49.0 49.0
2 3 1 TRACE 390.0 30.0 29.0 32.0 113.0 59.0 28.0 30.0 102.0 29.0 29.0 57.0 28.0 33.0 28.0 29.0 32.0 41.0 28.0 39.0 95.0 34.0 28.0 34.0 60.0 31.0 31.0 89.0 47.0 28.0 30.0 37.0 118.0 29.0 29.0 30.0 29.0 28.0 32.0 45.0 30.0 29.0 43.0 30.0 30.0 29.0 34.0 107.0 29.0 28.0 33.0 29.0 38.0 29.0 28.0 31.0 28.0 66.0 64.0 30.0 30.0 55.0 27.0 78.0
3 4 1 TRACE 48.0 40.0 47.0 44.0 68.0 24.0 30.0 24.0 63.0 29.0 32.0 28.0 28.0 26.0 57.0 23.0 58.0 42.0 23.0 25.0 58.0 24.0 30.0 38.0 24.0 57.0 61.0 50.0 28.0 58.0 60.0 29.0 28.0 28.0 30.0 24.0 42.0 28.0 24.0 60.0 58.0 24.0 45.0 60.0 23.0 23.0 23.0 78.0 33.0 23.0 61.0 59.0 26.0 57.0 56.0 23.0 26.0 64.0 55.0 63.0 57.0 25.0 26.0 59.0
4 5 1 TRACE 27.0 16.0 15.0 15.0 16.0 17.0 17.0 16.0 15.0 16.0 16.0 16.0 16.0 17.0 16.0 16.0 16.0 16.0 16.0 16.0 27.0 18.0 17.0 17.0 16.0 16.0 16.0 16.0 16.0 16.0 47.0 18.0 21.0 20.0 17.0 18.0 16.0 16.0 15.0 16.0 55.0 16.0 16.0 24.0 16.0 16.0 16.0 44.0 16.0 17.0 16.0 16.0 51.0 16.0 17.0 16.0 16.0 16.0 18.0 17.0 16.0 16.0 16.0 23.0
5 6 1 TRACE 44.0 14.0 191.0 165.0 197.0 164.0 17.0 18.0 43.0 18.0 14.0 29.0 53.0 20.0 18.0 17.0 53.0 36.0 140.0 207.0 25.0 20.0 21.0 19.0 60.0 16.0 17.0 34.0 18.0 19.0 22.0 24.0 130.0 13.0 42.0 13.0 14.0 16.0 26.0 17.0 23.0 19.0 19.0 12.0 16.0 16.0 18.0 30.0 14.0 14.0 17.0 53.0 16.0 20.0 13.0 158.0 13.0 16.0 23.0 17.0 14.0 21.0 16.0 12.0
6 7 1 TRACE 22.0 142.0 9.0 107.0 90.0 14.0 161.0 14.0 16.0 155.0 166.0 130.0 136.0 151.0 144.0 130.0 17.0 12.0 28.0 20.0 124.0 15.0 16.0 24.0 13.0 8.0 13.0 29.0 22.0 9.0 8.0 15.0 13.0 15.0 8.0 17.0 14.0 13.0 14.0 9.0 9.0 16.0 9.0 9.0 16.0 14.0 13.0 14.0 57.0 15.0 9.0 26.0 12.0 13.0 20.0 21.0 15.0 22.0 9.0 9.0 10.0 9.0 9.0 11.0
7 8 1 TRACE 23.0 17.0 9.0 16.0 29.0 12.0 16.0 9.0 14.0 18.0 18.0 16.0 16.0 15.0 16.0 16.0 23.0 12.0 17.0 12.0 20.0 17.0 8.0 8.0 9.0 13.0 8.0 12.0 8.0 52.0 8.0 12.0 13.0 9.0 10.0 9.0 9.0 13.0 8.0 10.0 19.0 22.0 9.0 9.0 9.0 20.0 9.0 18.0 21.0 20.0 10.0 12.0 12.0 12.0 11.0 12.0 20.0 12.0 22.0 9.0 8.0 8.0 8.0 24.0
8 9 1 TRACE 21.0 18.0 9.0 15.0 15.0 14.0 19.0 11.0 15.0 19.0 18.0 26.0 16.0 15.0 17.0 17.0 15.0 11.0 17.0 8.0 15.0 15.0 14.0 15.0 8.0 22.0 7.0 12.0 15.0 46.0 8.0 12.0 13.0 47.0 20.0 19.0 13.0 12.0 9.0 8.0 10.0 14.0 24.0 18.0 8.0 10.0 10.0 32.0 50.0 11.0 24.0 11.0 12.0 12.0 180.0 8.0 19.0 11.0 10.0 20.0 19.0 22.0 8.0 12.0
9 10 1 TRACE 98.0 182.0 54.0 49.0 65.0 47.0 29.0 39.0 46.0 79.0 33.0 72.0 75.0 73.0 51.0 65.0 71.0 53.0 62.0 29.0 70.0 28.0 46.0 56.0 28.0 28.0 43.0 63.0 39.0 29.0 45.0 71.0 67.0 57.0 61.0 85.0 58.0 28.0 36.0 66.0 31.0 29.0 56.0 84.0 86.0 46.0 39.0 121.0 60.0 57.0 73.0 96.0 28.0 38.0 261.0 54.0 61.0 28.0 53.0 66.0 64.0 59.0 28.0 90.0
10 11 1 TRACE 24.0 20.0 18.0 18.0 20.0 17.0 32.0 18.0 18.0 28.0 27.0 19.0 18.0 19.0 22.0 19.0 20.0 19.0 28.0 19.0 18.0 18.0 19.0 18.0 18.0 18.0 19.0 18.0 19.0 18.0 19.0 18.0 19.0 18.0 18.0 19.0 18.0 19.0 17.0 18.0 18.0 19.0 18.0 19.0 17.0 20.0 18.0 37.0 30.0 37.0 33.0 18.0 19.0 19.0 18.0 18.0 18.0 19.0 19.0 19.0 19.0 20.0 18.0 19.0
11 12 1 TRACE 33.0 20.0 31.0 23.0 29.0 18.0 17.0 19.0 60.0 22.0 18.0 18.0 26.0 20.0 17.0 24.0 19.0 52.0 29.0 22.0 21.0 17.0 26.0 54.0 58.0 17.0 24.0 19.0 67.0 27.0 21.0 30.0 55.0 18.0 18.0 19.0 20.0 18.0 20.0 38.0 128.0 48.0 18.0 20.0 25.0 19.0 17.0 29.0 27.0 17.0 33.0 21.0 44.0 16.0 278.0 18.0 50.0 17.0 53.0 20.0 53.0 19.0 18.0 51.0
12 13 1 TRACE 35.0 21.0 30.0 22.0 17.0 57.0 60.0 18.0 18.0 47.0 22.0 19.0 18.0 58.0 19.0 21.0 22.0 55.0 38.0 19.0 23.0 20.0 20.0 18.0 22.0 52.0 29.0 19.0 30.0 20.0 52.0 47.0 27.0 21.0 21.0 19.0 19.0 22.0 20.0 18.0 237.0 27.0 20.0 23.0 18.0 20.0 22.0 71.0 18.0 18.0 55.0 20.0 31.0 19.0 81.0 20.0 21.0 25.0 17.0 18.0 56.0 53.0 63.0 22.0
13 14 1 TRACE 21.0 9.0 9.0 8.0 9.0 9.0 9.0 8.0 9.0 9.0 8.0 9.0 8.0 9.0 9.0 8.0 9.0 9.0 8.0 9.0 9.0 8.0 8.0 8.0 9.0 9.0 9.0 8.0 9.0 9.0 9.0 8.0 9.0 9.0 9.0 9.0 9.0 9.0 9.0 8.0 9.0 9.0 9.0 8.0 9.0 9.0 8.0 10.0 9.0 9.0 9.0 9.0 9.0 8.0 9.0 9.0 8.0 9.0 9.0 9.0 9.0 9.0 9.0 8.0
14 15 1 TRACE 27.0 16.0 15.0 23.0 15.0 15.0 16.0 16.0 15.0 16.0 21.0 15.0 16.0 16.0 16.0 16.0 16.0 15.0 16.0 16.0 16.0 15.0 15.0 16.0 16.0 15.0 15.0 16.0 17.0 15.0 15.0 16.0 16.0 15.0 17.0 16.0 16.0 16.0 15.0 16.0 24.0 15.0 16.0 15.0 15.0 15.0 33.0 16.0 16.0 16.0 16.0 16.0 16.0 15.0 15.0 18.0 16.0 16.0 37.0 16.0 16.0 17.0 15.0 15.0
15 16 1 TRACE 13.0 8.0 8.0 8.0 8.0 8.0 8.0 8.0 11.0 8.0 8.0 8.0 8.0 8.0 8.0 8.0 8.0 8.0 8.0 8.0 8.0 8.0 8.0 8.0 7.0 8.0 8.0 8.0 8.0 8.0 8.0 8.0 8.0 8.0 8.0 7.0 8.0 8.0 8.0 8.0 9.0 8.0 8.0 8.0 8.0 7.0 8.0 8.0 8.0 9.0 8.0 8.0 8.0 8.0 8.0 8.0 8.0 7.0 8.0 7.0 8.0 8.0 8.0 8.0
16 17 1 TRACE 61.0 40.0 47.0 239.0 43.0 93.0 42.0 42.0 31.0 46.0 40.0 37.0 74.0 37.0 38.0 40.0 71.0 120.0 67.0 49.0 35.0 108.0 35.0 45.0 75.0 41.0 39.0 34.0 31.0 76.0 102.0 93.0 36.0 75.0 63.0 35.0 35.0 37.0 73.0 34.0 298.0 121.0 41.0 43.0 72.0 98.0 38.0 79.0 68.0 32.0 74.0 44.0 35.0 693.0 38.0 39.0 39.0 35.0 70.0 37.0 91.0 34.0 37.0 53.0
17 18 1 TRACE 26.0 18.0 20.0 18.0 20.0 18.0 29.0 18.0 18.0 18.0 24.0 19.0 18.0 20.0 19.0 18.0 17.0 18.0 19.0 19.0 19.0 19.0 20.0 18.0 18.0 19.0 18.0 18.0 18.0 18.0 18.0 18.0 19.0 20.0 19.0 20.0 19.0 21.0 18.0 20.0 18.0 18.0 20.0 19.0 53.0 23.0 18.0 22.0 22.0 26.0 20.0 20.0 20.0 17.0 18.0 19.0 18.0 19.0 20.0 18.0 19.0 20.0 18.0 19.0
18 19 1 TRACE 31.0 26.0 17.0 30.0 18.0 27.0 18.0 17.0 45.0 19.0 18.0 20.0 20.0 18.0 19.0 20.0 17.0 17.0 18.0 19.0 22.0 52.0 17.0 18.0 21.0 26.0 29.0 28.0 18.0 27.0 21.0 17.0 18.0 22.0 21.0 18.0 19.0 18.0 21.0 21.0 17.0 17.0 25.0 19.0 17.0 50.0 21.0 58.0 26.0 19.0 17.0 17.0 18.0 34.0 53.0 18.0 23.0 17.0 23.0 24.0 55.0 18.0 18.0 55.0
19 20 1 TRACE 23.0 29.0 41.0 25.0 20.0 19.0 17.0 20.0 29.0 20.0 19.0 53.0 20.0 18.0 21.0 20.0 19.0 20.0 19.0 20.0 20.0 60.0 19.0 22.0 27.0 19.0 20.0 17.0 21.0 41.0 117.0 22.0 20.0 21.0 19.0 24.0 19.0 20.0 21.0 20.0 19.0 22.0 20.0 58.0 22.0 49.0 20.0 33.0 18.0 51.0 30.0 29.0 19.0 19.0 22.0 19.0 25.0 21.0 19.0 20.0 20.0 28.0 19.0 18.0
20 21 1 TRACE 21.0 17.0 17.0 16.0 17.0 16.0 17.0 17.0 18.0 17.0 17.0 21.0 16.0 16.0 17.0 16.0 17.0 17.0 24.0 16.0 16.0 17.0 18.0 16.0 17.0 16.0 16.0 16.0 18.0 16.0 17.0 16.0 17.0 16.0 16.0 17.0 17.0 17.0 17.0 17.0 17.0 16.0 16.0 16.0 17.0 17.0 17.0 23.0 18.0 17.0 16.0 16.0 16.0 16.0 17.0 16.0 17.0 17.0 17.0 17.0 17.0 17.0 16.0 18.0
21 22 1 TRACE 28.0 13.0 13.0 12.0 13.0 13.0 13.0 12.0 13.0 13.0 22.0 13.0 12.0 13.0 13.0 12.0 12.0 12.0 12.0 12.0 13.0 13.0 13.0 13.0 13.0 13.0 13.0 13.0 14.0 12.0 13.0 13.0 12.0 13.0 12.0 13.0 13.0 13.0 13.0 13.0 12.0 13.0 12.0 12.0 12.0 17.0 12.0 14.0 14.0 30.0 13.0 12.0 12.0 12.0 12.0 21.0 12.0 12.0 13.0 12.0 12.0 13.0 13.0 13.0
22 23 1 TRACE 160.0 87.0 119.0 123.0 123.0 123.0 124.0 123.0 151.0 122.0 112.0 121.0 155.0 121.0 121.0 154.0 121.0 130.0 117.0 128.0 157.0 123.0 122.0 92.0 124.0 156.0 121.0 125.0 123.0 134.0 124.0 131.0 121.0 126.0 120.0 198.0 156.0 113.0 124.0 120.0 118.0 122.0 123.0 135.0 122.0 119.0 119.0 155.0 110.0 99.0 119.0 120.0 119.0 85.0 156.0 108.0 121.0 123.0 121.0 118.0 117.0 119.0 123.0 120.0
23 24 1 TRACE 49.0 66.0 37.0 48.0 27.0 73.0 81.0 33.0 68.0 28.0 29.0 29.0 29.0 30.0 29.0 35.0 33.0 65.0 61.0 36.0 34.0 28.0 29.0 45.0 66.0 68.0 66.0 61.0 59.0 72.0 35.0 63.0 66.0 70.0 62.0 32.0 63.0 27.0 29.0 62.0 33.0 28.0 27.0 35.0 28.0 27.0 62.0 75.0 44.0 27.0 34.0 28.0 41.0 27.0 28.0 28.0 64.0 52.0 211.0 28.0 53.0 26.0 79.0 61.0
24 25 1 TRACE 55.0 26.0 24.0 24.0 23.0 22.0 24.0 23.0 59.0 22.0 21.0 23.0 40.0 23.0 23.0 22.0 26.0 23.0 22.0 22.0 23.0 22.0 29.0 22.0 22.0 23.0 24.0 22.0 23.0 32.0 22.0 23.0 23.0 24.0 21.0 21.0 64.0 23.0 23.0 22.0 23.0 22.0 23.0 21.0 22.0 22.0 27.0 52.0 27.0 24.0 20.0 24.0 27.0 21.0 22.0 22.0 23.0 24.0 23.0 21.0 22.0 22.0 22.0 24.0
25 26 1 TRACE 31.0 12.0 11.0 11.0 12.0 18.0 10.0 11.0 11.0 10.0 10.0 11.0 11.0 11.0 10.0 10.0 11.0 11.0 10.0 10.0 10.0 10.0 11.0 11.0 10.0 11.0 11.0 10.0 11.0 11.0 10.0 10.0 10.0 10.0 10.0 11.0 10.0 10.0 10.0 11.0 11.0 10.0 11.0 11.0 11.0 11.0 11.0 10.0 11.0 10.0 11.0 11.0 11.0 10.0 10.0 11.0 11.0 11.0 10.0 10.0 11.0 10.0 10.0 11.0 10.0 10.0 11.0 10.0 10.0 11.0 11.0 10.0 10.0 11.0 10.0 10.0 11.0 11.0 11.0 10.0 10.0 11.0 11.0 10.0 10.0 11.0 11.0 10.0 10.0 11.0 10.0 11.0 11.0 11.0 11.0 11.0 12.0 10.0 10.0 10.0 11.0 10.0 11.0 10.0 10.0 10.0 10.0 10.0 11.0 10.0 10.0 11.0 11.0 11.0 10.0 11.0 11.0 11.0 11.0 11.0 11.0 10.0 11.0 10.0 11.0 10.0 11.0 10.0 10.0 11.0 10.0 11.0 10.0 12.0 10.0 10.0 10.0 11.0 10.0 11.0 11.0 11.0 10.0 11.0 11.0 11.0 13.0 11.0 10.0 11.0 10.0 10.0 11.0 11.0 10.0 10.0 11.0 11.0 11.0 10.0 11.0 10.0 11.0 11.0 10.0 11.0 11.0 10.0 10.0 10.0 11.0 11.0 10.0 11.0 10.0 11.0 24.0 12.0 12.0 11.0 11.0 11.0 11.0 11.0 10.0 11.0 10.0 10.0 10.0 11.0 10.0 11.0 11.0 11.0 11.0 11.0 11.0 10.0 11.0 11.0 10.0 11.0 11.0 10.0 10.0 11.0 10.0 10.0 10.0 11.0 11.0 11.0 10.0 10.0 10.0 11.0 10.0 11.0 10.0 11.0 10.0 11.0 11.0 11.0 10.0 10.0 10.0 10.0 10.0 10.0 11.0 11.0 10.0 10.0 11.0 11.0 11.0 10.0
26 27 1 TRACE 11.0 8.0 7.0 8.0 8.0 25.0 7.0 8.0 8.0 7.0 7.0 8.0 7.0 7.0 7.0 8.0 8.0 8.0 7.0 8.0 7.0 8.0 7.0 7.0 7.0 7.0 8.0 7.0 8.0 8.0 7.0 7.0 7.0 7.0 7.0 7.0 7.0 7.0 7.0 7.0 8.0 7.0 8.0 7.0 8.0 7.0 8.0 7.0 7.0 7.0 7.0 7.0 8.0 7.0 7.0 7.0 7.0 7.0 8.0 7.0 7.0 7.0 8.0 7.0 7.0 7.0 7.0 7.0 7.0 8.0 8.0 7.0 7.0 8.0 7.0 7.0 8.0 8.0 7.0 7.0 7.0 7.0 7.0 7.0 7.0 8.0 7.0 8.0 7.0 7.0 8.0 8.0 8.0 7.0 8.0 8.0 8.0 7.0 8.0 7.0 7.0 7.0 8.0 7.0 7.0 8.0 7.0 8.0 7.0 7.0 7.0 8.0 8.0 7.0 7.0 8.0 7.0 8.0 8.0 8.0 8.0 7.0 7.0 7.0 8.0 7.0 7.0 7.0 7.0 7.0 7.0 7.0 7.0 8.0 7.0 7.0 7.0 8.0 7.0 7.0 8.0 7.0 8.0 8.0 8.0 7.0 8.0 7.0 7.0 8.0 7.0 7.0 8.0 8.0 7.0 8.0 7.0 7.0 8.0 7.0 7.0 7.0 7.0 8.0 8.0 8.0 7.0 7.0 7.0 7.0 7.0 7.0 7.0 8.0 7.0 8.0 9.0 21.0 8.0 8.0 8.0 7.0 8.0 8.0 8.0 8.0 7.0 7.0 7.0 8.0 8.0 8.0 7.0 7.0 7.0 8.0 8.0 7.0 7.0 8.0 7.0 8.0 8.0 7.0 7.0 8.0 7.0 7.0 7.0 7.0 8.0 7.0 7.0 8.0 7.0 7.0 7.0 8.0 7.0 8.0 8.0 7.0 8.0 7.0 7.0 8.0 7.0 7.0 7.0 7.0 7.0 8.0 7.0 7.0 8.0 8.0 8.0 7.0
27 28 1 TRACE 11.0 7.0 7.0 7.0 7.0 8.0 8.0 7.0 7.0 7.0 7.0 7.0 7.0 7.0 8.0 7.0 7.0 7.0 8.0 8.0 8.0 7.0 7.0 8.0 7.0 7.0 7.0 7.0 7.0 7.0 8.0 8.0 7.0 10.0 8.0 7.0 8.0 8.0 8.0 7.0 8.0 7.0 7.0 8.0 7.0 7.0 7.0 7.0 7.0 7.0 8.0 7.0 7.0 8.0 8.0 7.0 7.0 7.0 7.0 7.0 7.0 8.0 7.0 7.0 8.0 7.0 8.0 7.0 7.0 7.0 7.0 8.0 7.0 7.0 7.0 7.0 7.0 7.0 7.0 8.0 7.0 8.0 7.0 7.0 7.0 7.0 7.0 7.0 7.0 8.0 8.0 7.0 7.0 7.0 8.0 7.0 8.0 7.0 8.0 7.0 7.0 7.0 8.0 8.0 7.0 7.0 7.0 8.0 8.0 7.0 7.0 7.0 7.0 7.0 8.0 7.0 7.0 7.0 7.0 7.0 7.0 7.0 7.0 8.0 7.0 7.0 7.0 8.0 8.0 8.0 8.0 7.0 7.0 7.0 8.0 8.0 8.0 7.0 8.0 7.0 7.0 8.0 7.0 7.0 8.0 7.0 7.0 7.0 8.0 7.0 7.0 8.0 7.0 7.0 7.0 8.0 7.0 7.0 7.0 8.0 7.0 8.0 7.0 7.0 7.0 8.0 8.0 7.0 8.0 7.0 7.0 8.0 8.0 7.0 8.0 7.0 20.0 9.0 9.0 8.0 8.0 7.0 7.0 7.0 11.0 7.0 7.0 8.0 7.0 7.0 7.0 7.0 7.0 7.0 7.0 7.0 7.0 8.0 8.0 7.0 8.0 7.0 7.0 7.0 7.0 7.0 8.0 7.0 7.0 7.0 7.0 7.0 7.0 7.0 7.0 7.0 8.0 7.0 8.0 7.0 7.0 8.0 7.0 7.0 8.0 7.0 7.0 8.0 8.0 7.0 7.0 7.0 8.0 8.0 7.0 7.0 7.0 8.0
28 29 1 TRACE 12.0 9.0 9.0 8.0 9.0 9.0 8.0 9.0 8.0 8.0 8.0 9.0 8.0 8.0 8.0 8.0 9.0 8.0 8.0 8.0 8.0 8.0 9.0 8.0 8.0 8.0 9.0 8.0 9.0 8.0 8.0 8.0 8.0 9.0 8.0 8.0 8.0 8.0 8.0 9.0 8.0 8.0 9.0 9.0 9.0 8.0 9.0 8.0 8.0 8.0 9.0 9.0 8.0 8.0 8.0 8.0 9.0 8.0 8.0 8.0 8.0 8.0 9.0 8.0 8.0 8.0 8.0 8.0 8.0 8.0 8.0 8.0 8.0 8.0 8.0 8.0 9.0 9.0 8.0 8.0 8.0 9.0 8.0 8.0 8.0 9.0 9.0 9.0 8.0 9.0 8.0 8.0 8.0 9.0 9.0 9.0 9.0 8.0 8.0 8.0 8.0 8.0 9.0 8.0 8.0 8.0 8.0 8.0 8.0 8.0 8.0 9.0 8.0 8.0 8.0 8.0 8.0 9.0 9.0 9.0 9.0 8.0 8.0 8.0 8.0 8.0 8.0 8.0 8.0 9.0 8.0 8.0 8.0 9.0 8.0 8.0 8.0 9.0 8.0 8.0 8.0 8.0 8.0 8.0 8.0 9.0 10.0 8.0 8.0 9.0 8.0 8.0 8.0 8.0 14.0 8.0 8.0 8.0 9.0 8.0 8.0 8.0 8.0 8.0 8.0 9.0 9.0 8.0 8.0 9.0 8.0 8.0 8.0 16.0 8.0 8.0 10.0 22.0 9.0 9.0 9.0 8.0 9.0 9.0 9.0 9.0 8.0 8.0 8.0 8.0 8.0 9.0 8.0 8.0 12.0 8.0 9.0 8.0 8.0 9.0 8.0 8.0 9.0 8.0 8.0 8.0 8.0 8.0 8.0 8.0 9.0 9.0 8.0 8.0 8.0 8.0 8.0 9.0 8.0 8.0 8.0 8.0 8.0 8.0 8.0 8.0 8.0 8.0 8.0 8.0 8.0 9.0 8.0 8.0 9.0 8.0 9.0 8.0
29 30 1 TRACE 71.0 49.0 36.0 31.0 119.0 17.0 38.0 53.0 31.0 30.0 31.0 51.0 31.0 36.0 31.0 45.0 30.0 125.0 31.0 64.0 31.0 38.0 28.0 56.0 119.0 30.0 37.0 66.0 37.0 47.0 32.0 31.0 78.0 31.0 68.0 73.0 30.0 34.0 36.0 44.0 68.0 71.0 63.0 50.0 87.0 32.0 30.0 72.0 30.0 79.0 36.0 74.0 48.0 32.0 74.0 68.0 60.0 36.0 60.0 61.0 36.0 59.0 38.0 74.0 31.0 29.0 29.0 63.0 45.0 70.0 66.0 73.0 32.0 32.0 29.0 33.0 31.0 29.0 31.0 69.0 66.0 67.0 70.0 65.0 70.0 31.0 29.0 31.0 71.0 29.0 30.0 32.0 69.0 74.0 64.0 54.0 66.0 63.0 84.0 29.0 39.0 73.0 32.0 32.0 31.0 71.0 50.0 33.0 32.0 67.0 62.0 39.0 52.0 66.0 60.0 64.0 67.0 68.0 68.0 63.0 33.0 68.0 32.0 39.0 63.0 67.0 57.0 64.0 71.0 66.0 52.0 28.0 67.0 34.0 37.0 63.0 31.0 29.0 32.0 31.0 67.0 29.0 29.0 35.0 29.0 32.0 18.0 49.0 68.0 30.0 72.0 67.0 81.0 28.0 73.0 75.0 36.0 78.0 36.0 67.0 97.0 69.0 70.0 64.0 31.0 38.0 63.0 64.0 71.0 35.0 71.0 57.0 29.0 34.0 33.0 78.0 55.0 31.0 91.0 55.0 42.0 64.0 58.0 28.0 22.0 29.0 36.0 29.0 34.0 70.0 76.0 30.0 28.0 30.0 20.0 50.0 43.0 73.0 56.0 68.0 41.0 211.0 272.0 91.0 64.0 65.0 34.0 72.0 65.0 28.0 107.0 27.0 32.0 59.0 49.0 179.0 56.0 30.0 30.0 63.0 67.0 28.0 71.0 62.0 28.0 74.0 65.0 35.0 70.0 71.0 59.0 61.0 68.0 75.0 65.0 68.0 68.0 35.0
30 31 1 TRACE 24.0 20.0 16.0 16.0 8.0 15.0 16.0 8.0 15.0 16.0 8.0 16.0 16.0 16.0 17.0 8.0 15.0 9.0 8.0 16.0 9.0 8.0 16.0 16.0 21.0 9.0 17.0 16.0 8.0 7.0 17.0 17.0 8.0 8.0 17.0 16.0 15.0 26.0 16.0 16.0 9.0 8.0 17.0 16.0 11.0 16.0 53.0 8.0 16.0 15.0 17.0 15.0 8.0 8.0 23.0 16.0 8.0 8.0 7.0 15.0 8.0 8.0 16.0 17.0 8.0 8.0 29.0 16.0 8.0 7.0 15.0 8.0 15.0 17.0 15.0 9.0 16.0 16.0 16.0 8.0 16.0 16.0 8.0 8.0 16.0 16.0 16.0 15.0 15.0 22.0 16.0 8.0 8.0 18.0 18.0 16.0 8.0 16.0 53.0 8.0 8.0 17.0 15.0 9.0 7.0 16.0 16.0 15.0 9.0 20.0 25.0 9.0 8.0 16.0 16.0 8.0 16.0 16.0 17.0 10.0 15.0 16.0 15.0 16.0 15.0 17.0 15.0 9.0 17.0 15.0 16.0 15.0 17.0 15.0 16.0 8.0 17.0 16.0 16.0 8.0 16.0 8.0 8.0 88.0 25.0 15.0 8.0 7.0 15.0 8.0 8.0 16.0 8.0 15.0 17.0 15.0 8.0 8.0 15.0 8.0 15.0 17.0 15.0 8.0 15.0 16.0 8.0 9.0 16.0 18.0 15.0 8.0 8.0 16.0 8.0 9.0 36.0 11.0 31.0 28.0 8.0 8.0 15.0 16.0 8.0 20.0 9.0 8.0 15.0 8.0 15.0 15.0 8.0 7.0 16.0 16.0 15.0 8.0 16.0 15.0 8.0 8.0 16.0 16.0 9.0 16.0 16.0 16.0 8.0 9.0 18.0 15.0 8.0 16.0 15.0 16.0 16.0 16.0 8.0 8.0 16.0 19.0 16.0 8.0 15.0 27.0 16.0 8.0 8.0 16.0 8.0 8.0 17.0 16.0 8.0 9.0 17.0 15.0
31 32 1 TRACE 18.0 13.0 13.0 13.0 14.0 13.0 13.0 12.0 12.0 13.0 12.0 13.0 12.0 13.0 13.0 11.0 13.0 12.0 13.0 13.0 12.0 12.0 12.0 13.0 13.0 12.0 12.0 13.0 13.0 12.0 13.0 13.0 13.0 13.0 13.0 13.0 13.0 13.0 12.0 13.0 12.0 13.0 12.0 13.0 17.0 12.0 13.0 12.0 13.0 12.0 13.0 12.0 12.0 13.0 12.0 13.0 13.0 12.0 12.0 13.0 13.0 13.0 13.0 13.0 12.0 12.0 13.0 13.0 12.0 12.0 13.0 13.0 12.0 13.0 12.0 13.0 13.0 12.0 13.0 12.0 12.0 12.0 12.0 12.0 12.0 12.0 13.0 14.0 13.0 13.0 13.0 13.0 12.0 13.0 13.0 12.0 13.0 13.0 14.0 12.0 13.0 13.0 12.0 12.0 13.0 13.0 13.0 12.0 12.0 15.0 13.0 12.0 12.0 12.0 13.0 12.0 13.0 12.0 13.0 16.0 13.0 12.0 13.0 13.0 12.0 13.0 13.0 13.0 12.0 13.0 13.0 13.0 14.0 13.0 13.0 13.0 12.0 13.0 12.0 12.0 13.0 13.0 12.0 13.0 13.0 13.0 13.0 12.0 13.0 12.0 12.0 12.0 12.0 12.0 13.0 12.0 12.0 13.0 12.0 12.0 13.0 13.0 13.0 12.0 13.0 13.0 13.0 13.0 13.0 13.0 13.0 12.0 13.0 12.0 12.0 15.0 17.0 15.0 27.0 14.0 12.0 12.0 13.0 13.0 13.0 13.0 13.0 13.0 13.0 12.0 13.0 13.0 13.0 12.0 13.0 13.0 12.0 12.0 13.0 13.0 12.0 12.0 13.0 12.0 12.0 12.0 13.0 13.0 13.0 13.0 13.0 13.0 13.0 12.0 12.0 12.0 12.0 13.0 12.0 12.0 12.0 13.0 13.0 12.0 12.0 13.0 14.0 12.0 11.0 13.0 12.0 12.0 13.0 12.0 12.0 13.0 12.0 12.0
32 33 1 TRACE 23.0 17.0 27.0 17.0 17.0 17.0 17.0 16.0 17.0 18.0 18.0 19.0 17.0 17.0 17.0 16.0 17.0 27.0 17.0 17.0 17.0 17.0 17.0 17.0 17.0 17.0 27.0 17.0 18.0 16.0 18.0 17.0 17.0 17.0 19.0 21.0 17.0 20.0 17.0 24.0 19.0 17.0 17.0 17.0 19.0 17.0 18.0 23.0 22.0 17.0 24.0 17.0 42.0 16.0 16.0 18.0 16.0 17.0 18.0 18.0 17.0 17.0 18.0 17.0 85.0 17.0 17.0 17.0 17.0 18.0 18.0 17.0 17.0 17.0 17.0 50.0 17.0 17.0 21.0 17.0 18.0 17.0 16.0 18.0 17.0 18.0 17.0 17.0 17.0 18.0 17.0 32.0 17.0 18.0 17.0 17.0 17.0 18.0 17.0 19.0 44.0 17.0 17.0 50.0 16.0 16.0 17.0 17.0 17.0 18.0 28.0 18.0 16.0 51.0 18.0 17.0 16.0 17.0 18.0 18.0 18.0 17.0 16.0 17.0 18.0 18.0 17.0 17.0 19.0 17.0 22.0 17.0 17.0 31.0 18.0 17.0 17.0 16.0 18.0 18.0 17.0 29.0 18.0 89.0 17.0 54.0 17.0 17.0 18.0 18.0 17.0 18.0 16.0 16.0 20.0 17.0 17.0 32.0 18.0 17.0 17.0 18.0 17.0 17.0 18.0 16.0 17.0 53.0 17.0 17.0 17.0 17.0 17.0 17.0 18.0 17.0 45.0 52.0 41.0 19.0 17.0 17.0 17.0 16.0 17.0 17.0 26.0 16.0 17.0 90.0 17.0 17.0 17.0 17.0 18.0 18.0 17.0 25.0 17.0 17.0 17.0 17.0 18.0 19.0 17.0 16.0 18.0 17.0 16.0 17.0 18.0 17.0 22.0 17.0 30.0 17.0 17.0 18.0 17.0 17.0 17.0 24.0 18.0 18.0 17.0 19.0 18.0 33.0 18.0 18.0 19.0 35.0 18.0 25.0 18.0 55.0 17.0 17.0
33 34 1 TRACE 606.0 1032.0 287.0 192.0 166.0 251.0 306.0 320.0 828.0 317.0 255.0 199.0 310.0 290.0 159.0 267.0 335.0 241.0 268.0 276.0 243.0 227.0 913.0 357.0 179.0 288.0 1135.0 279.0 153.0 299.0 3050.0 526.0 223.0 483.0 415.0 192.0 190.0 314.0 323.0 292.0 297.0 293.0 1902.0 297.0 82.0 575.0 310.0 149.0 260.0 452.0 345.0 255.0 111.0 220.0 940.0 305.0 227.0 266.0 279.0 324.0 224.0 679.0 282.0 179.0 162.0 270.0 1858.0 341.0 225.0 302.0 363.0 184.0 352.0 348.0 331.0 194.0 910.0 314.0 190.0 266.0 614.0 351.0 212.0 224.0 448.0 325.0 287.0 187.0 526.0 299.0 189.0 200.0 274.0 323.0 239.0 205.0 323.0 353.0 188.0 219.0 569.0 332.0 217.0 147.0 179.0 480.0 316.0 220.0 311.0 155.0 292.0 233.0 216.0 1120.0 276.0 220.0 195.0 1394.0 381.0 117.0 754.0 286.0 191.0 226.0 352.0 324.0 324.0 260.0 2046.0 291.0 249.0 379.0 303.0 211.0 145.0 364.0 354.0 210.0 268.0 303.0 243.0 293.0 191.0 647.0 463.0 188.0 195.0 309.0 300.0 193.0 195.0 236.0 222.0 290.0 326.0 287.0 275.0 294.0 319.0 159.0 300.0 285.0 217.0 180.0 537.0 305.0 188.0 181.0 364.0 315.0 190.0 261.0 212.0 331.0 215.0 279.0 301.0 186.0 985.0 282.0 180.0 309.0 286.0 163.0 249.0 223.0 209.0 345.0 229.0 113.0 203.0 290.0 187.0 450.0 318.0 172.0 208.0 355.0 1826.0 257.0 335.0 370.0 1262.0 661.0 233.0 353.0 287.0 214.0 196.0 352.0 287.0 248.0 157.0 263.0 245.0 421.0 483.0 339.0 173.0 216.0 222.0 300.0 219.0 146.0 981.0 311.0 168.0 166.0 281.0 284.0 212.0 267.0 305.0 206.0 121.0 185.0 1982.0 330.0
34 35 1 TRACE 747.0 748.0 60.0 18.0 55.0 55.0 62.0 59.0 66.0 56.0 18.0 50.0 54.0 59.0 18.0 56.0 54.0 22.0 59.0 57.0 19.0 53.0 70.0 54.0 73.0 52.0 74.0 57.0 19.0 56.0 356.0 55.0 20.0 95.0 109.0 50.0 52.0 58.0 55.0 22.0 19.0 54.0 88.0 57.0 51.0 61.0 60.0 19.0 72.0 61.0 55.0 18.0 18.0 58.0 66.0 56.0 17.0 21.0 102.0 54.0 34.0 65.0 56.0 17.0 18.0 58.0 87.0 52.0 19.0 57.0 53.0 53.0 120.0 177.0 51.0 55.0 71.0 54.0 18.0 55.0 71.0 90.0 18.0 55.0 135.0 60.0 17.0 53.0 65.0 58.0 18.0 18.0 58.0 60.0 53.0 17.0 248.0 60.0 17.0 20.0 83.0 70.0 19.0 24.0 56.0 60.0 55.0 18.0 52.0 58.0 54.0 19.0 52.0 73.0 56.0 18.0 53.0 1147.0 54.0 53.0 64.0 81.0 54.0 51.0 60.0 62.0 51.0 55.0 89.0 92.0 54.0 191.0 55.0 18.0 19.0 57.0 55.0 51.0 17.0 67.0 52.0 18.0 94.0 428.0 617.0 19.0 20.0 79.0 90.0 20.0 57.0 61.0 49.0 63.0 141.0 51.0 53.0 56.0 53.0 53.0 58.0 58.0 49.0 54.0 114.0 54.0 18.0 51.0 60.0 55.0 18.0 20.0 58.0 63.0 21.0 56.0 107.0 84.0 89.0 64.0 19.0 55.0 53.0 18.0 177.0 51.0 22.0 59.0 51.0 53.0 56.0 61.0 20.0 63.0 141.0 18.0 53.0 53.0 335.0 53.0 19.0 61.0 75.0 18.0 51.0 60.0 54.0 51.0 20.0 65.0 71.0 49.0 44.0 54.0 53.0 57.0 60.0 55.0 56.0 52.0 56.0 62.0 49.0 51.0 1158.0 54.0 17.0 19.0 281.0 54.0 18.0 61.0 55.0 52.0 21.0 51.0 218.0 55.0
35 36 1 TRACE 59.0 118.0 52.0 16.0 49.0 56.0 51.0 53.0 74.0 54.0 18.0 69.0 61.0 49.0 17.0 101.0 50.0 16.0 53.0 48.0 16.0 49.0 89.0 53.0 19.0 50.0 92.0 50.0 16.0 186.0 556.0 50.0 16.0 100.0 54.0 49.0 49.0 59.0 88.0 16.0 16.0 54.0 118.0 51.0 48.0 63.0 52.0 54.0 48.0 59.0 54.0 17.0 17.0 53.0 80.0 51.0 16.0 16.0 91.0 48.0 55.0 70.0 52.0 16.0 17.0 58.0 120.0 50.0 17.0 54.0 49.0 55.0 139.0 92.0 54.0 51.0 79.0 51.0 57.0 51.0 110.0 57.0 16.0 50.0 106.0 121.0 16.0 49.0 64.0 52.0 15.0 16.0 53.0 52.0 49.0 16.0 198.0 55.0 16.0 17.0 94.0 190.0 17.0 16.0 86.0 58.0 95.0 16.0 48.0 51.0 134.0 17.0 50.0 93.0 110.0 16.0 55.0 448.0 51.0 51.0 72.0 53.0 53.0 47.0 57.0 60.0 48.0 60.0 123.0 50.0 50.0 124.0 62.0 16.0 16.0 59.0 53.0 49.0 16.0 54.0 48.0 16.0 96.0 78.0 206.0 16.0 52.0 472.0 87.0 16.0 56.0 48.0 47.0 131.0 113.0 49.0 18.0 59.0 49.0 52.0 56.0 52.0 49.0 51.0 61.0 52.0 17.0 47.0 70.0 97.0 16.0 16.0 51.0 51.0 16.0 59.0 88.0 82.0 108.0 61.0 16.0 52.0 49.0 16.0 195.0 49.0 17.0 52.0 50.0 49.0 54.0 48.0 17.0 59.0 72.0 16.0 18.0 53.0 188.0 49.0 16.0 63.0 83.0 16.0 49.0 56.0 53.0 47.0 17.0 55.0 54.0 48.0 43.0 53.0 48.0 53.0 60.0 50.0 16.0 56.0 54.0 52.0 48.0 48.0 86.0 195.0 26.0 53.0 158.0 49.0 16.0 55.0 57.0 47.0 16.0 91.0 161.0 50.0
36 37 1 TRACE 177.0 379.0 115.0 97.0 56.0 50.0 32.0 43.0 226.0 793.0 178.0 36.0 173.0 49.0 148.0 50.0 45.0 60.0 134.0 61.0 131.0 105.0 582.0 117.0 67.0 207.0 572.0 95.0 106.0 37.0 1777.0 57.0 142.0 76.0 83.0 31.0 70.0 167.0 48.0 167.0 48.0 84.0 957.0 63.0 44.0 246.0 32.0 71.0 60.0 123.0 126.0 99.0 109.0 36.0 378.0 41.0 151.0 73.0 35.0 68.0 66.0 271.0 68.0 145.0 132.0 59.0 1010.0 43.0 101.0 111.0 30.0 46.0 450.0 35.0 29.0 172.0 345.0 113.0 62.0 84.0 305.0 548.0 93.0 104.0 304.0 51.0 162.0 71.0 780.0 225.0 100.0 139.0 130.0 41.0 31.0 137.0 145.0 121.0 96.0 428.0 82.0 36.0 175.0 101.0 60.0 111.0 34.0 107.0 28.0 74.0 85.0 129.0 91.0 587.0 42.0 86.0 33.0 673.0 41.0 44.0 393.0 33.0 29.0 51.0 70.0 107.0 56.0 93.0 1061.0 146.0 43.0 139.0 32.0 154.0 84.0 67.0 49.0 36.0 170.0 104.0 117.0 145.0 43.0 903.0 70.0 76.0 48.0 262.0 64.0 157.0 48.0 37.0 563.0 61.0 114.0 30.0 135.0 78.0 137.0 29.0 98.0 61.0 32.0 46.0 273.0 96.0 116.0 95.0 120.0 91.0 108.0 237.0 101.0 63.0 118.0 74.0 68.0 143.0 640.0 61.0 99.0 92.0 83.0 154.0 41.0 133.0 133.0 95.0 49.0 31.0 64.0 73.0 123.0 65.0 34.0 130.0 111.0 76.0 1573.0 117.0 162.0 168.0 310.0 281.0 67.0 77.0 62.0 32.0 140.0 101.0 94.0 61.0 28.0 79.0 69.0 31.0 132.0 69.0 78.0 52.0 94.0 51.0 137.0 113.0 584.0 41.0 68.0 72.0 104.0 62.0 293.0 146.0 73.0 93.0 67.0 164.0 1089.0 51.0
37 38 1 TRACE 41.0 81.0 37.0 56.0 37.0 36.0 32.0 44.0 102.0 37.0 68.0 39.0 65.0 31.0 52.0 43.0 46.0 69.0 41.0 32.0 69.0 78.0 99.0 70.0 37.0 34.0 146.0 44.0 32.0 32.0 219.0 34.0 64.0 82.0 73.0 73.0 60.0 82.0 67.0 306.0 30.0 43.0 152.0 29.0 71.0 60.0 33.0 30.0 29.0 82.0 63.0 65.0 33.0 71.0 82.0 69.0 71.0 30.0 34.0 39.0 39.0 64.0 70.0 37.0 33.0 33.0 165.0 38.0 35.0 75.0 69.0 68.0 47.0 66.0 30.0 258.0 109.0 37.0 30.0 68.0 102.0 62.0 29.0 32.0 67.0 31.0 64.0 62.0 96.0 85.0 34.0 70.0 43.0 37.0 37.0 30.0 43.0 38.0 36.0 34.0 50.0 35.0 44.0 62.0 31.0 88.0 70.0 63.0 30.0 37.0 35.0 31.0 32.0 100.0 31.0 28.0 37.0 124.0 33.0 36.0 80.0 31.0 32.0 67.0 58.0 65.0 39.0 70.0 158.0 32.0 30.0 82.0 35.0 68.0 31.0 40.0 30.0 65.0 34.0 67.0 62.0 69.0 30.0 114.0 30.0 40.0 66.0 107.0 65.0 75.0 42.0 32.0 36.0 43.0 34.0 34.0 34.0 64.0 57.0 67.0 79.0 33.0 71.0 33.0 72.0 32.0 64.0 32.0 79.0 32.0 34.0 55.0 71.0 68.0 41.0 41.0 103.0 83.0 121.0 38.0 66.0 73.0 67.0 65.0 44.0 31.0 36.0 69.0 65.0 30.0 71.0 65.0 30.0 83.0 31.0 64.0 67.0 65.0 192.0 67.0 37.0 512.0 227.0 43.0 66.0 48.0 70.0 26.0 32.0 40.0 36.0 36.0 69.0 35.0 67.0 31.0 57.0 29.0 49.0 33.0 78.0 34.0 70.0 67.0 98.0 145.0 40.0 65.0 65.0 63.0 37.0 40.0 66.0 53.0 29.0 38.0 180.0 37.0
38 39 1 TRACE 34.0 32.0 35.0 46.0 28.0 43.0 27.0 28.0 42.0 48.0 37.0 47.0 27.0 28.0 26.0 61.0 27.0 63.0 33.0 34.0 60.0 63.0 32.0 67.0 64.0 26.0 68.0 51.0 24.0 39.0 38.0 41.0 63.0 28.0 65.0 62.0 61.0 38.0 30.0 138.0 89.0 35.0 68.0 27.0 27.0 34.0 65.0 42.0 67.0 31.0 33.0 62.0 61.0 64.0 60.0 72.0 28.0 63.0 25.0 27.0 64.0 30.0 64.0 32.0 61.0 33.0 32.0 30.0 64.0 66.0 74.0 27.0 26.0 68.0 27.0 130.0 32.0 30.0 40.0 73.0 28.0 26.0 65.0 25.0 30.0 28.0 47.0 49.0 41.0 57.0 27.0 25.0 57.0 62.0 27.0 43.0 63.0 26.0 28.0 26.0 69.0 33.0 87.0 26.0 27.0 72.0 27.0 70.0 73.0 27.0 26.0 68.0 26.0 59.0 36.0 25.0 65.0 59.0 46.0 26.0 67.0 26.0 62.0 62.0 29.0 61.0 29.0 63.0 62.0 65.0 25.0 29.0 24.0 70.0 34.0 30.0 27.0 30.0 70.0 64.0 65.0 28.0 30.0 62.0 29.0 70.0 68.0 163.0 27.0 37.0 29.0 27.0 64.0 65.0 25.0 29.0 40.0 59.0 56.0 74.0 42.0 68.0 62.0 65.0 28.0 33.0 27.0 67.0 63.0 32.0 63.0 52.0 66.0 63.0 63.0 76.0 101.0 58.0 39.0 35.0 45.0 63.0 60.0 37.0 49.0 33.0 24.0 66.0 60.0 66.0 33.0 35.0 29.0 70.0 31.0 64.0 78.0 61.0 66.0 29.0 142.0 209.0 29.0 65.0 27.0 35.0 74.0 27.0 25.0 66.0 25.0 32.0 64.0 67.0 66.0 27.0 28.0 26.0 32.0 24.0 66.0 68.0 72.0 63.0 54.0 64.0 27.0 65.0 31.0 25.0 62.0 26.0 26.0 27.0 29.0 33.0 33.0 34.0
39 25 1 TRACE 29.0 17.0 27.0 18.0 18.0 18.0 18.0 56.0 18.0 21.0 18.0 17.0 19.0 18.0 17.0 18.0 17.0 39.0 21.0 18.0 56.0 50.0 18.0 17.0 17.0 18.0 17.0 24.0 18.0 18.0 18.0 18.0 18.0 17.0 20.0 17.0 18.0 18.0 17.0 17.0 19.0 17.0 19.0 18.0 18.0 35.0 20.0 17.0 18.0 18.0 18.0 18.0 20.0 18.0 18.0 22.0 18.0 19.0 18.0 19.0 20.0 18.0 18.0 18.0 19.0 16.0 55.0 18.0 18.0 19.0 39.0 17.0 19.0 18.0 17.0 17.0 19.0 17.0 17.0 18.0 18.0 24.0 18.0 29.0 18.0 17.0 17.0 23.0 18.0 18.0 18.0 20.0 33.0 18.0 59.0 19.0 19.0 21.0 19.0 18.0 18.0 18.0 17.0 19.0 17.0 18.0 54.0 19.0 19.0 18.0
39 40 1 TRACE 47.0 66.0 46.0 39.0 29.0 30.0 37.0 69.0 29.0 63.0 67.0 71.0 27.0 27.0 35.0 48.0 37.0 31.0 67.0 33.0 67.0 67.0 64.0 27.0 67.0 29.0 37.0 81.0 30.0 37.0 28.0 67.0 31.0 69.0 58.0 30.0 38.0 69.0 90.0 29.0 28.0 64.0 64.0 28.0 35.0 66.0 63.0 79.0 36.0 65.0 66.0 34.0 35.0 28.0 69.0 60.0 33.0 61.0 64.0 58.0 38.0 28.0 30.0 36.0
39 51 1 TRACE 36.0 29.0 61.0 30.0 32.0 31.0 36.0 35.0 28.0 30.0 340.0 67.0 30.0 29.0 59.0 32.0 28.0 44.0 70.0 29.0 66.0 29.0 76.0 64.0 65.0 59.0 67.0 65.0 36.0 31.0 64.0 77.0 29.0 65.0 57.0 32.0 27.0 67.0 30.0 27.0 63.0 67.0 31.0 29.0 27.0 63.0 113.0 59.0 29.0 65.0 64.0 30.0 68.0 64.0 67.0 28.0 64.0 62.0 27.0 63.0 37.0 63.0 28.0 28.0
40 41 1 TRACE 145.0 74.0 115.0 76.0 72.0 71.0 155.0 176.0 270.0 89.0 81.0 231.0 99.0 105.0 139.0 71.0 113.0 236.0 73.0 78.0 135.0 131.0 91.0 115.0 78.0 78.0 89.0 105.0 72.0 186.0 192.0 143.0 90.0 235.0 82.0 79.0 76.0 144.0 72.0 75.0 79.0 71.0 79.0 127.0 83.0 71.0 77.0 203.0 74.0 70.0 71.0 71.0 80.0 231.0 81.0 78.0 76.0 70.0 92.0 74.0 161.0 71.0 74.0 232.0
41 42 1 TRACE 18.0 13.0 13.0 14.0 21.0 12.0 13.0 14.0 12.0 13.0 14.0 15.0 13.0 13.0 13.0 13.0 13.0 14.0 13.0 13.0 12.0 13.0 13.0 13.0 13.0 13.0 13.0 12.0 14.0 13.0 13.0 13.0 13.0 13.0 14.0 13.0 12.0 13.0 14.0 13.0 14.0 13.0 13.0 14.0 12.0 13.0 14.0 13.0 13.0 13.0 13.0 13.0 13.0 15.0 12.0 13.0 14.0 13.0 13.0 13.0 15.0 13.0 13.0 13.0 13.0 13.0 14.0 13.0 12.0 14.0 13.0 13.0 14.0 13.0 12.0 13.0 13.0 12.0 13.0 13.0 12.0 14.0 13.0 13.0 13.0 13.0 12.0 14.0 13.0 12.0 13.0 13.0 13.0 13.0 15.0 12.0 12.0 13.0 16.0 13.0 13.0 14.0 13.0 13.0 13.0 12.0 14.0 12.0 14.0 14.0 13.0 12.0 13.0 12.0 12.0 14.0 13.0 12.0 13.0 14.0 12.0 13.0 13.0 13.0 12.0 13.0 14.0 13.0 12.0 12.0 13.0 13.0 12.0 13.0 14.0 12.0 12.0 14.0 12.0 13.0 15.0 13.0 13.0 14.0 13.0 13.0 13.0 13.0 12.0 15.0 14.0 13.0 24.0 26.0 27.0 14.0 14.0 14.0 13.0 13.0 13.0 14.0 13.0 13.0 13.0 13.0 13.0 13.0 13.0 14.0 13.0 13.0 13.0 14.0 13.0 12.0 13.0 13.0 13.0 14.0 15.0 13.0 14.0 12.0 12.0 13.0 13.0 12.0 13.0 13.0 12.0 12.0 13.0 12.0 13.0 13.0 13.0 12.0 14.0 12.0 19.0 13.0 13.0 13.0 12.0 13.0 13.0 12.0 14.0 13.0 12.0
42 43 1 TRACE 16.0 12.0 12.0 12.0 12.0 11.0 11.0 12.0 12.0 12.0 12.0 12.0 12.0 12.0 11.0 12.0 11.0 11.0 12.0 12.0 12.0 12.0 13.0 11.0 12.0 12.0 12.0 11.0 12.0 12.0 12.0 12.0 12.0 12.0 12.0 12.0 12.0 12.0 17.0 11.0 12.0 12.0 12.0 12.0 12.0 12.0 12.0 11.0 11.0 12.0 12.0 11.0 12.0 12.0 12.0 12.0 12.0 12.0 12.0 11.0 12.0 12.0 12.0 11.0 12.0 12.0 12.0 12.0 13.0 17.0 13.0 12.0 12.0 12.0 12.0 11.0 11.0 11.0 12.0 12.0 11.0 11.0 12.0 12.0 12.0 12.0 12.0 12.0 11.0 12.0 12.0 11.0 11.0 11.0 11.0 11.0 12.0 12.0 12.0 12.0 13.0 12.0 11.0 12.0 12.0 11.0 12.0 12.0 12.0 12.0 11.0 11.0 12.0 12.0 11.0 12.0 12.0 11.0 12.0 12.0 12.0 12.0 12.0 11.0 11.0 12.0 11.0 12.0 11.0 11.0 12.0 11.0 11.0 11.0 12.0 11.0 12.0 12.0 12.0 12.0 12.0 12.0 12.0 12.0 12.0 12.0 11.0 12.0 11.0 12.0 12.0 11.0 12.0 24.0 13.0 12.0 13.0 22.0 11.0 12.0 12.0 12.0 12.0 12.0 12.0 12.0 12.0 12.0 12.0 12.0 11.0 12.0 11.0 12.0 12.0 11.0 12.0 12.0 12.0 12.0 12.0 12.0 12.0 12.0 12.0 12.0 12.0 11.0 12.0 12.0 11.0 11.0 12.0 12.0 11.0 12.0 12.0 12.0 11.0 12.0 11.0 12.0 12.0 12.0 11.0 12.0 11.0 12.0 19.0 12.0 12.0
43 44 1 TRACE 12.0 8.0 9.0 8.0 8.0 9.0 8.0 8.0 8.0 8.0 9.0 8.0 8.0 8.0 8.0 9.0 8.0 8.0 8.0 9.0 8.0 8.0 9.0 8.0 8.0 9.0 8.0 8.0 8.0 9.0 8.0 8.0 8.0 8.0 8.0 9.0 8.0 8.0 9.0 8.0 8.0 8.0 8.0 9.0 8.0 9.0 8.0 8.0 8.0 9.0 8.0 8.0 8.0 9.0 8.0 8.0 8.0 9.0 9.0 8.0 8.0 8.0 9.0 8.0 9.0 8.0 9.0 9.0 8.0 9.0 9.0 8.0 8.0 9.0 8.0 9.0 8.0 15.0 8.0 8.0 8.0 8.0 8.0 8.0 8.0 9.0 8.0 9.0 8.0 8.0 8.0 8.0 8.0 8.0 9.0 8.0 8.0 8.0 9.0 8.0 9.0 8.0 8.0 9.0 8.0 8.0 8.0 8.0 8.0 8.0 9.0 8.0 8.0 8.0 8.0 9.0 8.0 8.0 8.0 9.0 8.0 8.0 9.0 8.0 8.0 8.0 8.0 8.0 8.0 8.0 8.0 8.0 9.0 8.0 9.0 9.0 8.0 8.0 8.0 8.0 8.0 8.0 8.0 9.0 9.0 9.0 8.0 8.0 8.0 9.0 8.0 8.0 9.0 21.0 10.0 9.0 10.0 8.0 8.0 9.0 8.0 9.0 9.0 8.0 8.0 9.0 8.0 8.0 9.0 9.0 8.0 8.0 8.0 8.0 8.0 8.0 8.0 8.0 8.0 9.0 9.0 8.0 8.0 8.0 9.0 8.0 9.0 8.0 8.0 9.0 8.0 8.0 8.0 8.0 8.0 8.0 8.0 8.0 8.0 8.0 8.0 8.0 8.0 8.0 8.0 8.0 9.0 8.0 9.0 8.0 9.0
44 45 1 TRACE 97.0 49.0 58.0 69.0 64.0 54.0 94.0 58.0 52.0 46.0 66.0 63.0 50.0 49.0 77.0 53.0 77.0 70.0 73.0 50.0 58.0 48.0 52.0 49.0 49.0 76.0 84.0 57.0 70.0 95.0 97.0 76.0 63.0 50.0 70.0 87.0 48.0 70.0 44.0 92.0 67.0 60.0 48.0 56.0 46.0 49.0 80.0 85.0 49.0 74.0 55.0 48.0 83.0 56.0 68.0 90.0 86.0 54.0 46.0 63.0 52.0 49.0 58.0 66.0 92.0 87.0 98.0 50.0 48.0 47.0 82.0 50.0 110.0 58.0 90.0 48.0 51.0 56.0 142.0 51.0 48.0 73.0 83.0 87.0 70.0 56.0 49.0 46.0 89.0 74.0 107.0 48.0 46.0 54.0 64.0 88.0 50.0 66.0 53.0 104.0 84.0 82.0 49.0 61.0 52.0 56.0 48.0 57.0 87.0 90.0 90.0 51.0 72.0 83.0 49.0 52.0 48.0 49.0 86.0 65.0 48.0 45.0 119.0 85.0 73.0 49.0 64.0 48.0 50.0 48.0 68.0 48.0 93.0 81.0 74.0 51.0 48.0 63.0 55.0 73.0 56.0 50.0 126.0 73.0 50.0 47.0 114.0 49.0 49.0 46.0 75.0 202.0 126.0 72.0 61.0 112.0 89.0 82.0 73.0 62.0 58.0 77.0 50.0 50.0 62.0 60.0 71.0 125.0 54.0 74.0 86.0 49.0 59.0 68.0 50.0 85.0 120.0 89.0 50.0 88.0 53.0 104.0 70.0 49.0 50.0 126.0 50.0 48.0 82.0 48.0 84.0 49.0 66.0 51.0 49.0 54.0 48.0 132.0 69.0 125.0 80.0 84.0 48.0 50.0 50.0 85.0 49.0 44.0 50.0 50.0 50.0
45 46 1 TRACE 24.0 19.0 20.0 42.0 20.0 18.0 20.0 17.0 19.0 20.0 19.0 20.0 18.0 18.0 19.0 18.0 51.0 28.0 17.0 18.0 18.0 56.0 18.0 27.0 17.0 21.0 16.0 21.0 20.0 52.0 17.0 18.0 25.0 17.0 19.0 22.0 19.0 19.0 17.0 18.0 19.0 18.0 18.0 19.0 18.0 17.0 22.0 20.0 17.0 18.0 26.0 19.0 16.0 19.0 17.0 19.0 17.0 21.0 17.0 20.0 18.0 18.0 16.0 18.0 19.0 17.0 21.0 19.0 20.0 18.0 24.0 19.0 18.0 52.0 22.0 17.0 17.0 17.0 19.0 17.0 19.0 19.0 19.0 19.0 22.0 20.0 20.0 21.0 19.0 19.0 28.0 18.0 17.0 18.0 18.0 20.0 19.0 19.0 17.0 20.0 20.0 55.0 19.0 18.0 18.0 18.0 26.0 18.0 17.0 19.0 19.0 19.0 18.0 20.0 19.0 17.0 18.0 18.0 35.0 29.0 18.0 16.0 17.0 16.0 19.0 18.0 18.0 20.0 29.0 18.0 19.0 22.0 18.0 19.0 20.0 18.0 18.0 16.0 17.0 18.0 20.0 18.0 17.0 18.0 18.0 17.0 21.0 19.0 16.0 20.0 29.0 28.0 73.0 27.0 22.0 18.0 19.0 23.0 19.0 50.0 27.0 20.0 19.0 18.0 22.0 17.0 19.0 18.0 18.0 19.0 17.0 18.0 16.0 20.0 20.0 16.0 20.0 19.0 19.0 28.0 18.0 24.0 19.0 43.0 18.0 19.0 19.0 19.0 21.0 19.0 19.0 19.0 19.0 19.0 17.0 19.0 18.0 18.0 25.0 19.0 20.0 16.0 18.0 19.0 19.0 20.0 17.0 17.0 17.0 19.0 19.0
46 47 1 TRACE 609.0 161.0 148.0 584.0 221.0 139.0 160.0 465.0 169.0 138.0 584.0 247.0 162.0 139.0 584.0 260.0 144.0 139.0 558.0 284.0 139.0 177.0 385.0 156.0 140.0 378.0 155.0 138.0 292.0 173.0 139.0 571.0 183.0 139.0 639.0 190.0 145.0 387.0 144.0 140.0 504.0 173.0 207.0 582.0 185.0 142.0 408.0 161.0 141.0 552.0 288.0 142.0 140.0 445.0 168.0 144.0 345.0 143.0 179.0 596.0 215.0 139.0 139.0 647.0 196.0 145.0 433.0 163.0 174.0 424.0 165.0 140.0 555.0 179.0 137.0 492.0 206.0 158.0 592.0 233.0 172.0 607.0 195.0 138.0 546.0 205.0 139.0 576.0 182.0 145.0 555.0 271.0 173.0 156.0 369.0 152.0 159.0 363.0 150.0 176.0 398.0 159.0 165.0 593.0 195.0 164.0 341.0 143.0 139.0 601.0 212.0 158.0 595.0 197.0 139.0 586.0 208.0 138.0 139.0 402.0 160.0 139.0 559.0 268.0 139.0 142.0 583.0 203.0 138.0 139.0 600.0 219.0 138.0 559.0 254.0 140.0 138.0 596.0 219.0 138.0 439.0 166.0 162.0 592.0 187.0 207.0 556.0 289.0 138.0 138.0 583.0 321.0 140.0 215.0 445.0 176.0 163.0 574.0 216.0 138.0 175.0 552.0 224.0 161.0 131.0 568.0 244.0 157.0 132.0 611.0 218.0 162.0 162.0 633.0 181.0 135.0 337.0 136.0 132.0 572.0 180.0 133.0 588.0 190.0 180.0 587.0 188.0 132.0 553.0 253.0 132.0 176.0 520.0 194.0 135.0 579.0 197.0 140.0 362.0 144.0 131.0 578.0 223.0 133.0 155.0 580.0 263.0 133.0 350.0 170.0 134.0
47 48 1 TRACE 13.0 13.0 27.0 13.0 10.0 10.0 10.0 8.0 829.0 10.0 10.0 10.0 20.0 16.0 8.0 9.0 34.0 14.0 24.0 10.0 11.0 8.0 60.0 17.0 25.0 15.0 11.0 10.0 8.0 10.0 10.0 10.0 10.0 10.0 11.0 8.0 9.0 16.0 14.0 10.0 13.0 11.0 8.0 10.0 26.0 12.0 10.0 12.0 11.0 9.0 15.0 27.0 22.0 10.0 10.0 10.0 8.0 12.0 14.0 12.0 19.0 29.0 10.0 8.0 10.0 9.0 13.0 10.0 12.0 10.0 9.0 11.0 15.0 16.0 10.0 10.0 10.0 8.0 10.0 10.0 14.0 10.0 10.0 16.0 8.0 9.0 10.0 15.0 9.0 10.0 11.0 8.0 29.0 11.0 14.0 10.0 10.0 10.0 9.0 10.0 10.0 10.0 11.0 10.0 10.0 8.0 23.0 30.0 14.0 11.0 10.0 13.0 9.0 45.0 13.0 24.0 10.0 13.0 11.0 8.0 13.0 10.0 14.0 10.0 12.0 11.0 8.0 10.0 10.0 15.0 10.0 11.0 10.0 8.0 21.0 17.0 19.0 10.0 11.0 10.0 8.0 10.0 10.0 14.0 10.0 10.0 11.0 9.0 10.0 10.0 14.0 10.0 10.0 10.0 9.0 10.0 33.0 29.0 10.0 10.0 11.0 8.0 10.0 11.0 13.0 14.0 10.0 10.0 8.0 15.0 11.0 14.0 10.0 10.0 10.0 8.0 11.0 11.0 10.0 41.0 10.0 15.0 8.0 10.0 12.0 13.0 10.0 13.0 11.0 8.0 11.0 12.0 12.0 10.0 9.0 10.0 8.0 108.0 16.0 18.0 10.0 24.0 17.0 8.0 10.0 11.0 15.0 10.0 11.0 15.0 8.0 11.0 14.0 13.0 11.0 10.0 11.0 8.0 10.0 10.0 10.0 11.0 9.0 10.0 8.0 11.0 15.0 19.0 10.0 10.0 12.0 8.0 17.0 11.0 15.0 12.0 10.0 11.0 8.0 10.0 12.0 10.0 30.0 16.0 10.0 8.0 10.0 10.0 10.0 10.0 17.0 10.0 8.0 10.0 12.0 10.0 10.0 12.0 10.0 8.0 11.0 10.0 10.0 10.0 10.0 13.0 8.0 11.0 18.0 10.0 10.0 20.0 11.0 8.0 10.0 10.0 11.0 10.0 15.0 10.0 8.0 16.0 13.0 12.0 10.0 22.0 10.0 8.0 36.0 13.0 10.0 10.0 15.0 12.0 8.0 10.0 10.0 13.0 10.0 14.0 10.0 8.0 27.0 13.0 10.0 11.0 10.0 10.0 8.0 10.0 16.0 10.0 10.0 10.0 11.0 8.0 9.0 11.0 11.0 11.0 11.0 10.0 8.0 10.0 10.0 10.0 10.0 17.0 46.0 8.0 9.0 12.0 10.0 10.0 10.0 10.0 9.0 10.0 11.0 10.0 10.0 11.0 10.0 8.0 10.0 11.0 10.0 70.0 12.0 10.0 8.0 10.0 12.0 14.0 10.0 10.0 10.0 7.0 62.0 23.0 11.0 10.0 15.0 10.0 8.0 12.0 46.0 10.0 15.0 14.0 10.0 8.0 11.0 14.0 13.0 10.0 9.0 10.0 8.0 26.0 10.0 11.0 11.0 10.0 11.0 8.0 38.0 11.0 10.0 10.0 13.0 10.0 8.0 10.0 15.0 11.0 10.0 12.0 12.0 8.0 10.0 10.0 13.0 10.0 15.0 11.0 8.0 10.0 10.0 11.0 10.0 14.0 10.0 9.0 10.0 10.0 10.0 11.0 10.0 9.0 8.0 13.0 10.0 22.0 10.0 31.0 10.0 8.0 10.0 10.0 13.0 10.0 13.0 10.0 8.0 12.0 10.0 11.0 9.0 13.0 13.0 9.0 11.0 11.0 10.0 10.0 10.0 10.0 8.0 57.0 17.0 11.0 10.0 12.0 12.0 11.0 10.0 10.0 10.0 10.0 19.0 10.0 9.0 44.0 13.0 14.0 11.0 10.0 11.0 8.0 50.0 13.0 19.0 11.0 10.0 11.0 8.0 10.0 12.0 10.0 9.0 12.0 10.0 8.0 11.0 19.0 11.0 26.0 11.0 11.0 8.0 10.0 14.0 11.0 11.0 10.0 10.0 8.0 10.0 13.0 11.0 10.0 11.0 11.0 8.0 34.0 27.0 13.0 10.0 11.0 15.0 8.0 10.0 10.0 10.0 10.0 13.0 9.0 8.0 44.0 13.0 10.0 10.0 16.0 10.0 8.0 10.0 11.0 11.0 10.0 11.0 10.0 8.0 10.0 11.0 10.0 10.0 17.0 10.0 8.0 10.0 10.0 11.0 10.0 14.0 10.0 8.0 10.0 11.0 9.0 10.0 9.0 9.0 8.0 17.0 10.0 10.0 10.0 10.0 10.0 8.0 13.0 10.0 13.0 9.0 12.0 11.0 9.0 10.0 11.0 10.0 10.0 9.0 11.0 9.0 13.0 14.0 52.0 10.0 16.0 12.0 8.0 9.0 10.0 18.0 10.0 10.0 11.0 8.0 14.0 11.0 17.0 10.0 10.0 10.0 8.0 11.0 12.0 10.0 10.0 17.0 12.0 8.0 11.0 11.0 10.0 10.0 15.0 10.0 8.0 11.0 10.0 10.0 10.0 10.0 10.0 8.0 38.0 42.0 12.0 10.0 17.0 11.0 8.0 9.0 10.0 16.0 10.0 18.0 15.0 9.0 11.0 10.0 11.0 10.0 10.0 10.0 8.0 12.0 16.0 14.0 10.0 11.0 16.0 9.0 10.0 10.0 11.0 10.0 12.0 11.0 8.0 10.0 11.0 13.0 10.0 12.0 10.0 8.0 10.0 10.0 20.0 10.0 10.0 11.0 8.0 17.0 9.0 14.0 10.0 17.0 10.0 8.0 10.0 10.0 11.0 9.0 14.0 9.0 8.0 80.0 19.0 10.0 10.0 10.0 13.0 7.0 11.0 11.0 10.0 10.0 15.0 10.0 9.0 10.0 10.0 44.0 10.0 15.0 11.0 8.0 10.0 14.0 14.0 30.0 10.0 11.0 8.0 11.0 10.0 10.0 10.0 14.0 10.0 8.0 11.0 10.0 13.0 10.0 17.0 10.0 8.0 10.0 10.0 10.0 10.0 10.0 11.0 8.0 10.0 11.0 16.0 9.0 25.0 10.0 8.0 9.0 10.0 13.0 10.0 18.0 11.0 8.0 10.0 17.0 12.0 11.0 9.0 11.0 9.0 9.0 10.0 14.0 10.0 12.0 11.0 8.0 14.0 11.0 10.0 10.0 57.0 10.0 8.0 10.0 10.0 10.0 10.0 10.0 10.0 8.0 10.0 13.0 13.0 10.0 10.0 11.0 8.0 22.0 12.0 13.0 10.0 15.0 11.0 8.0 58.0 16.0 9.0 10.0 10.0 10.0 8.0 21.0 16.0 15.0 10.0 15.0 11.0 7.0 11.0 16.0 11.0 10.0 10.0 10.0 8.0 9.0 10.0 10.0 10.0 10.0 10.0 8.0 9.0 10.0 12.0 10.0 10.0 12.0 8.0 75.0 49.0 10.0 10.0 14.0 10.0 8.0 10.0 12.0 10.0 10.0 14.0 9.0 8.0 13.0 11.0 10.0 10.0 10.0 11.0 8.0 11.0 11.0 15.0 10.0 13.0 10.0 8.0 14.0 10.0 15.0 10.0 15.0 10.0 8.0 11.0 10.0 13.0 11.0 10.0 10.0 8.0 19.0 26.0 9.0 10.0 48.0 32.0 8.0 10.0 10.0 15.0 9.0 14.0 10.0 8.0 9.0 10.0 14.0 10.0 14.0 10.0 8.0 10.0 10.0 10.0 10.0 10.0 10.0 8.0 12.0 10.0 17.0 10.0 17.0 10.0 8.0 37.0 10.0 12.0 10.0 10.0 11.0 8.0 10.0 10.0 14.0 10.0 15.0 9.0 8.0 10.0 10.0 10.0 10.0 10.0 10.0 8.0 40.0 10.0 12.0 10.0 10.0 10.0 8.0 12.0 10.0 12.0 9.0 57.0 10.0 8.0 10.0 11.0 10.0 28.0 23.0 23.0 8.0 10.0 10.0 10.0 10.0 13.0 11.0 11.0 10.0 11.0 45.0 11.0 10.0 12.0 8.0 22.0 10.0 19.0 11.0 10.0 12.0 8.0 10.0 12.0 10.0 10.0 10.0 10.0 8.0 110.0 11.0 11.0 10.0 13.0 12.0 8.0 502.0 14.0 10.0 10.0 13.0 10.0 9.0 43.0 11.0 10.0 10.0 11.0 13.0 8.0 23.0 12.0 10.0 10.0 38.0 19.0 8.0 10.0 10.0 14.0 10.0 16.0 11.0 9.0 10.0 10.0 10.0 9.0 15.0 9.0 8.0 10.0 11.0 10.0 10.0 14.0 10.0 8.0 10.0 10.0 14.0 10.0 15.0 12.0 9.0 10.0 10.0 11.0 10.0 10.0 10.0 8.0 10.0 9.0 10.0 10.0 11.0 12.0 8.0 9.0 9.0 17.0 10.0 14.0 10.0 8.0 94.0 11.0 9.0 10.0 18.0 11.0 8.0 16.0 10.0 35.0 165.0 46.0 10.0 8.0 192.0 12.0 43.0 10.0 50.0 10.0 8.0 30.0 28.0 11.0 18.0 11.0 23.0 10.0 22.0 11.0 24.0 99.0 39.0 24.0 9.0 47.0 17.0 17.0 11.0 23.0 11.0 9.0 17.0 11.0 11.0 12.0 20.0 13.0 9.0 12.0 12.0 13.0 11.0 57.0 11.0 8.0 10.0 10.0 10.0 10.0 10.0 14.0 8.0 20.0 10.0 22.0 10.0 11.0 10.0 8.0 10.0 15.0 13.0 10.0 15.0 15.0 8.0 10.0 10.0 14.0 10.0 10.0 10.0 8.0 10.0 24.0 11.0 29.0 10.0 10.0 8.0 16.0 10.0 12.0 10.0 12.0 12.0 8.0 10.0 10.0 15.0 10.0 10.0 10.0 8.0 12.0 26.0 11.0 10.0 10.0 11.0 8.0 41.0 14.0 10.0 10.0 10.0 10.0 8.0 13.0 13.0 13.0 10.0 9.0 18.0 8.0 9.0 10.0 12.0 10.0 12.0 15.0 7.0 22.0 19.0 14.0 10.0 10.0 10.0 9.0 10.0 10.0 10.0 10.0 10.0 10.0 8.0 23.0 15.0 19.0 10.0 21.0 10.0 8.0 10.0 10.0 14.0 10.0 10.0 10.0 8.0 40.0 14.0 14.0 11.0 12.0 11.0 8.0 9.0 10.0 10.0 10.0 10.0 10.0 8.0 11.0 19.0 10.0 10.0 9.0 12.0 8.0 49.0 23.0 13.0 10.0 10.0 10.0 8.0 40.0 15.0 15.0 10.0 12.0 16.0 8.0 10.0 10.0 13.0 10.0 10.0 10.0 8.0 18.0 10.0 13.0 10.0 11.0 10.0 8.0 10.0 24.0 10.0 12.0 10.0 11.0 8.0 36.0 23.0 11.0 10.0 10.0 12.0 8.0 232.0 22.0 20.0 10.0 11.0 10.0 8.0 18.0 18.0 10.0 31.0 13.0 10.0 8.0 19.0 16.0 10.0 10.0 10.0 11.0 8.0 13.0 11.0 12.0 10.0 11.0 10.0 8.0 9.0 52.0 12.0 10.0 9.0 10.0 8.0 10.0 10.0 12.0 10.0 29.0 11.0 8.0 11.0 15.0 12.0 9.0 11.0 10.0 9.0 11.0 11.0 10.0 10.0 10.0 10.0 8.0 10.0 12.0 12.0 10.0 10.0 12.0 8.0 10.0 14.0 12.0 9.0 12.0 10.0 8.0 10.0 9.0 10.0 10.0 10.0 10.0 9.0 44.0 15.0 14.0 41.0 19.0 12.0 8.0 10.0 10.0 11.0 10.0 12.0 11.0 8.0 19.0 10.0 12.0 10.0 11.0 11.0 8.0 10.0 10.0 10.0 10.0 28.0 10.0 8.0 10.0 10.0 13.0 10.0 10.0 11.0 8.0 70.0 11.0 10.0 10.0 11.0 10.0 8.0 49.0 45.0 11.0 10.0 10.0 11.0 8.0 17.0 11.0 14.0 11.0 12.0 10.0 8.0 10.0 10.0 13.0 10.0 14.0 12.0 9.0 9.0 11.0 11.0 10.0 10.0 10.0 8.0 9.0 12.0 13.0 10.0 16.0 13.0 8.0 11.0 46.0 50.0 11.0 14.0 10.0 9.0 10.0 21.0 12.0 10.0 58.0 11.0 9.0 27.0 19.0 10.0 10.0 34.0 10.0 8.0 14.0 12.0 14.0 9.0 11.0 13.0 8.0 10.0 14.0 12.0 10.0 11.0 10.0 8.0 11.0 12.0 12.0 10.0 11.0 12.0 8.0 10.0 10.0 13.0 10.0 10.0 11.0 8.0 10.0 10.0 10.0 10.0 10.0 12.0
48 49 1 TRACE 77.0 41.0 33.0 29.0 26.0 27.0 22.0 8.0 13.0 20.0 13.0 18.0 1546.0 15.0 8.0 41.0 17.0 10.0 10.0 13.0 13.0 39.0 34.0 30.0 26.0 29.0 26.0 23.0 15.0 29.0 28.0 23.0 23.0 24.0 20.0 7.0 19.0 9.0 10.0 9.0 10.0 12.0 7.0 10.0 10.0 10.0 10.0 10.0 11.0 54.0 49.0 34.0 28.0 28.0 30.0 29.0 8.0 23.0 40.0 18.0 17.0 17.0 27.0 7.0 9.0 14.0 10.0 9.0 10.0 11.0 42.0 48.0 30.0 25.0 41.0 36.0 22.0 12.0 26.0 24.0 27.0 36.0 19.0 22.0 8.0 9.0 9.0 10.0 10.0 12.0 11.0 7.0 10.0 9.0 10.0 9.0 14.0 11.0 27.0 33.0 30.0 22.0 24.0 22.0 22.0 20.0 41.0 26.0 26.0 24.0 28.0 21.0 8.0 13.0 10.0 11.0 9.0 11.0 11.0 7.0 10.0 10.0 12.0 9.0 10.0 11.0 26.0 31.0 64.0 25.0 24.0 23.0 21.0 21.0 47.0 28.0 25.0 25.0 26.0 20.0 7.0 9.0 10.0 11.0 19.0 9.0 11.0 8.0 9.0 10.0 10.0 9.0 12.0 33.0 50.0 44.0 32.0 29.0 26.0 36.0 21.0 9.0 28.0 13.0 13.0 12.0 17.0 15.0 8.0 10.0 9.0 10.0 10.0 12.0 9.0 46.0 41.0 38.0 27.0 41.0 68.0 23.0 8.0 17.0 12.0 12.0 12.0 12.0 12.0 8.0 36.0 9.0 9.0 9.0 62.0 11.0 25.0 41.0 36.0 27.0 26.0 23.0 39.0 7.0 10.0 10.0 11.0 10.0 14.0 11.0 8.0 381.0 9.0 10.0 9.0 12.0 10.0 51.0 67.0 35.0 29.0 27.0 23.0 21.0 10.0 35.0 18.0 19.0 22.0 20.0 19.0 7.0 10.0 19.0 10.0 10.0 13.0 10.0 48.0 67.0 33.0 27.0 24.0 23.0 58.0 10.0 22.0 22.0 19.0 23.0 24.0 19.0 7.0 14.0 10.0 11.0 11.0 10.0 10.0 36.0 37.0 33.0 26.0 30.0 30.0 21.0 8.0 49.0 11.0 11.0 11.0 11.0 13.0 7.0 10.0 9.0 13.0 9.0 10.0 10.0 52.0 49.0 32.0 27.0 28.0 23.0 21.0 9.0 19.0 18.0 17.0 22.0 18.0 19.0 7.0 10.0 9.0 12.0 9.0 10.0 11.0 50.0 55.0 38.0 29.0 26.0 22.0 21.0 10.0 31.0 21.0 19.0 19.0 19.0 38.0 8.0 9.0 10.0 12.0 10.0 10.0 10.0 52.0 45.0 32.0 27.0 28.0 58.0 26.0 9.0 39.0 13.0 14.0 14.0 15.0 14.0 8.0 12.0 10.0 10.0 10.0 10.0 9.0 25.0 62.0 30.0 38.0 23.0 23.0 21.0 22.0 48.0 31.0 26.0 25.0 22.0 21.0 7.0 12.0 10.0 49.0 9.0 10.0 10.0 7.0 13.0 10.0 10.0 10.0 10.0 10.0 53.0 58.0 33.0 28.0 25.0 25.0 22.0 9.0 31.0 18.0 18.0 23.0 15.0 16.0 8.0 19.0 10.0 10.0 15.0 10.0 10.0 35.0 36.0 31.0 32.0 28.0 24.0 22.0 8.0 10.0 11.0 12.0 11.0 11.0 12.0 8.0 9.0 14.0 14.0 9.0 11.0 11.0 40.0 36.0 32.0 24.0 26.0 24.0 21.0 14.0 27.0 59.0 37.0 28.0 22.0 49.0 8.0 9.0 9.0 11.0 9.0 10.0 10.0 7.0 9.0 10.0 11.0 9.0 10.0 12.0 48.0 49.0 32.0 25.0 27.0 22.0 22.0 12.0 37.0 22.0 20.0 23.0 22.0 19.0 8.0 10.0 9.0 13.0 9.0 10.0 11.0 53.0 48.0 33.0 29.0 28.0 26.0 29.0 8.0 17.0 13.0 14.0 14.0 14.0 14.0 8.0 10.0 11.0 10.0 10.0 10.0 25.0 53.0 50.0 33.0 27.0 24.0 51.0 29.0 9.0 16.0 14.0 16.0 14.0 14.0 15.0 7.0 11.0 9.0 11.0 10.0 10.0 11.0 52.0 44.0 32.0 29.0 26.0 26.0 22.0 16.0 20.0 22.0 23.0 23.0 19.0 17.0 8.0 12.0 10.0 10.0 9.0 10.0 11.0 54.0 42.0 36.0 25.0 25.0 26.0 25.0 9.0 18.0 19.0 17.0 21.0 18.0 17.0 8.0 10.0 9.0 12.0 9.0 10.0 10.0 45.0 37.0 74.0 69.0 26.0 22.0 22.0 11.0 24.0 23.0 22.0 26.0 25.0 26.0 8.0 10.0 9.0 11.0 10.0 10.0 10.0 47.0 38.0 35.0 25.0 25.0 26.0 24.0 11.0 51.0 22.0 49.0 20.0 19.0 25.0 8.0 10.0 9.0 10.0 10.0 10.0 10.0 52.0 39.0 33.0 28.0 27.0 27.0 22.0 9.0 21.0 26.0 36.0 19.0 18.0 18.0 7.0 10.0 9.0 11.0 9.0 10.0 10.0 52.0 40.0 37.0 29.0 25.0 26.0 22.0 9.0 19.0 19.0 21.0 20.0 19.0 18.0 8.0 9.0 18.0 12.0 9.0 10.0 10.0 26.0 31.0 28.0 43.0 24.0 22.0 21.0 22.0 54.0 27.0 26.0 24.0 31.0 21.0 8.0 9.0 10.0 10.0 10.0 10.0 11.0 7.0 9.0 10.0 13.0 10.0 10.0 10.0 46.0 39.0 63.0 41.0 33.0 24.0 63.0 8.0 12.0 12.0 15.0 12.0 12.0 48.0 7.0 10.0 10.0 12.0 9.0 10.0 10.0 42.0 62.0 33.0 27.0 26.0 24.0 23.0 8.0 12.0 11.0 12.0 12.0 13.0 13.0 8.0 10.0 9.0 17.0 9.0 10.0 11.0 52.0 106.0 37.0 28.0 24.0 23.0 26.0 9.0 14.0 13.0 13.0 13.0 13.0 13.0 7.0 10.0 9.0 12.0 10.0 10.0 11.0 46.0 38.0 33.0 25.0 42.0 53.0 22.0 12.0 28.0 25.0 21.0 21.0 20.0 19.0 7.0 9.0 9.0 12.0 10.0 10.0 11.0 34.0 50.0 30.0 26.0 26.0 26.0 21.0 8.0 10.0 11.0 12.0 10.0 11.0 12.0 8.0 9.0 10.0 10.0 9.0 10.0 10.0 49.0 39.0 40.0 27.0 26.0 22.0 23.0 10.0 20.0 20.0 20.0 22.0 22.0 19.0 7.0 10.0 10.0 10.0 10.0 10.0 10.0 45.0 36.0 31.0 28.0 26.0 23.0 22.0 12.0 31.0 21.0 56.0 26.0 20.0 19.0 7.0 10.0 10.0 13.0 9.0 12.0 11.0 41.0 47.0 31.0 27.0 26.0 23.0 22.0 16.0 25.0 31.0 22.0 29.0 20.0 25.0 8.0 45.0 10.0 11.0 10.0 10.0 11.0 7.0 9.0 9.0 11.0 10.0 10.0 10.0 51.0 40.0 34.0 25.0 32.0 23.0 22.0 8.0 14.0 13.0 15.0 13.0 17.0 12.0 8.0 10.0 10.0 13.0 9.0 10.0 11.0 27.0 31.0 29.0 31.0 24.0 22.0 22.0 22.0 32.0 54.0 34.0 24.0 31.0 22.0 7.0 9.0 12.0 11.0 9.0 10.0 12.0 7.0 9.0 9.0 11.0 10.0 10.0 10.0 43.0 80.0 33.0 25.0 53.0 53.0 23.0 12.0 72.0 25.0 22.0 22.0 26.0 20.0 8.0 10.0 10.0 10.0 10.0 10.0 10.0 7.0 10.0 9.0 13.0 10.0 10.0 10.0 46.0 40.0 34.0 27.0 25.0 23.0 26.0 12.0 25.0 24.0 20.0 29.0 19.0 24.0 8.0 10.0 9.0 12.0 9.0 10.0 11.0 30.0 69.0 32.0 25.0 24.0 21.0 32.0 19.0 34.0 32.0 25.0 25.0 22.0 20.0 7.0 10.0 10.0 11.0 9.0 19.0 11.0 7.0 9.0 9.0 10.0 10.0 10.0 10.0 46.0 224.0 32.0 58.0 26.0 21.0 21.0 11.0 23.0 22.0 21.0 21.0 20.0 19.0 8.0 43.0 9.0 11.0 10.0 10.0 10.0 54.0 44.0 32.0 27.0 27.0 36.0 22.0 8.0 38.0 17.0 17.0 16.0 16.0 15.0 8.0 9.0 10.0 12.0 10.0 10.0 10.0 50.0 39.0 49.0 65.0 28.0 30.0 22.0 10.0 20.0 21.0 19.0 20.0 19.0 18.0 7.0 10.0 13.0 12.0 9.0 45.0 10.0 27.0 31.0 29.0 23.0 24.0 22.0 49.0 21.0 32.0 35.0 24.0 30.0 25.0 27.0 7.0 9.0 11.0 11.0 11.0 10.0 11.0 8.0 10.0 9.0 12.0 10.0 10.0 11.0 42.0 37.0 33.0 27.0 26.0 32.0 271.0 13.0 37.0 39.0 61.0 115.0 29.0 54.0 7.0 61.0 12.0 24.0 48.0 21.0 11.0 10.0 10.0 46.0 11.0 22.0 22.0 12.0 52.0 41.0 35.0 30.0 27.0 25.0 24.0 8.0 14.0 13.0 14.0 13.0 13.0 16.0 8.0 11.0 10.0 10.0 16.0 11.0 12.0 39.0 36.0 31.0 24.0 25.0 22.0 22.0 14.0 52.0 25.0 24.0 23.0 22.0 20.0 7.0 9.0 10.0 10.0 9.0 10.0 10.0 8.0 9.0 15.0 10.0 10.0 14.0 10.0 36.0 40.0 48.0 28.0 36.0 25.0 22.0 15.0 31.0 33.0 23.0 27.0 22.0 20.0 7.0 10.0 9.0 11.0 9.0 13.0 44.0 7.0 14.0 13.0 11.0 10.0 10.0 10.0 40.0 56.0 30.0 25.0 24.0 22.0 21.0 13.0 25.0 24.0 22.0 24.0 22.0 21.0 7.0 9.0 9.0 10.0 10.0 48.0 13.0 7.0 10.0 10.0 10.0 10.0 11.0 10.0 38.0 34.0 33.0 24.0 25.0 22.0 24.0 14.0 35.0 28.0 23.0 23.0 24.0 20.0 7.0 9.0 11.0 11.0 10.0 16.0 11.0 8.0 43.0 10.0 9.0 10.0 11.0 11.0 48.0 46.0 70.0 32.0 28.0 22.0 23.0 10.0 23.0 21.0 19.0 21.0 21.0 18.0 8.0 9.0 10.0 10.0 10.0 12.0 10.0 33.0 40.0 30.0 27.0 25.0 24.0 21.0 8.0 10.0 12.0 11.0 11.0 14.0 12.0 7.0 9.0 9.0 10.0 9.0 10.0 10.0 48.0 59.0 33.0 27.0 28.0 23.0 21.0 9.0 27.0 30.0 22.0 21.0 22.0 19.0 8.0 267.0 10.0 10.0 9.0 12.0 11.0 46.0 57.0 30.0 34.0 24.0 25.0 21.0 11.0 58.0 21.0 19.0 22.0 21.0 19.0 8.0 10.0 10.0 10.0 9.0 11.0 11.0 46.0 38.0 67.0 28.0 26.0 23.0 22.0 11.0 27.0 26.0 44.0 20.0 21.0 20.0 8.0 14.0 10.0 10.0 10.0 12.0 11.0 37.0 35.0 35.0 28.0 24.0 22.0 21.0 15.0 27.0 27.0 24.0 22.0 27.0 21.0 7.0 12.0 10.0 10.0 9.0 10.0 11.0 7.0 10.0 9.0 23.0 10.0 12.0 10.0 51.0 57.0 33.0 28.0 24.0 23.0 33.0 9.0 20.0 22.0 19.0 19.0 18.0 17.0 8.0 9.0 10.0 10.0 10.0 10.0 10.0 42.0 47.0 32.0 28.0 24.0 28.0 22.0 11.0 88.0 24.0 22.0 23.0 22.0 19.0 7.0 10.0 9.0 10.0 10.0 11.0 11.0 45.0 40.0 32.0 28.0 32.0 27.0 21.0 8.0 18.0 12.0 11.0 11.0 13.0 11.0 8.0 10.0 10.0 10.0 9.0 10.0 10.0 39.0 67.0 87.0 27.0 24.0 23.0 22.0 14.0 27.0 24.0 22.0 25.0 21.0 20.0 7.0 12.0 10.0 13.0 42.0 11.0 11.0 8.0 10.0 9.0 10.0 9.0 10.0 11.0 45.0 71.0 30.0 25.0 25.0 24.0 38.0 11.0 26.0 21.0 26.0 23.0 21.0 20.0 7.0 10.0 9.0 10.0 9.0 10.0 10.0 33.0 37.0 30.0 58.0 28.0 26.0 21.0 7.0 10.0 11.0 11.0 11.0 18.0 12.0 7.0 9.0 10.0 10.0 14.0 10.0 10.0
49 47 1 TRACE 364.0 309.0 274.0 260.0 241.0 228.0 72.0 71.0 73.0 81.0 72.0 1681.0 50.0 50.0 51.0 51.0 55.0 51.0 415.0 359.0 313.0 283.0 265.0 250.0 146.0 124.0 114.0 108.0 107.0 124.0 57.0 49.0 50.0 50.0 53.0 50.0 98.0 52.0 52.0 51.0 52.0 50.0 286.0 202.0 168.0 151.0 136.0 124.0 79.0 79.0 96.0 82.0 82.0 74.0 82.0 51.0 51.0 50.0 54.0 50.0 388.0 301.0 243.0 241.0 190.0 173.0 116.0 111.0 106.0 113.0 99.0 96.0 51.0 52.0 52.0 51.0 55.0 50.0 52.0 50.0 50.0 51.0 54.0 50.0 409.0 368.0 332.0 302.0 272.0 241.0 148.0 131.0 121.0 114.0 107.0 99.0 52.0 50.0 52.0 89.0 52.0 50.0 50.0 49.0 51.0 51.0 52.0 50.0 403.0 387.0 326.0 304.0 272.0 247.0 153.0 134.0 123.0 114.0 109.0 102.0 52.0 52.0 52.0 59.0 51.0 50.0 51.0 51.0 51.0 56.0 52.0 50.0 224.0 171.0 146.0 134.0 121.0 113.0 67.0 67.0 67.0 66.0 69.0 64.0 50.0 50.0 52.0 51.0 54.0 71.0 232.0 163.0 139.0 128.0 118.0 108.0 62.0 61.0 63.0 73.0 64.0 60.0 50.0 50.0 50.0 51.0 55.0 50.0 186.0 138.0 127.0 115.0 109.0 103.0 51.0 52.0 53.0 53.0 53.0 51.0 49.0 50.0 51.0 50.0 53.0 50.0 333.0 248.0 201.0 176.0 158.0 146.0 93.0 90.0 92.0 89.0 87.0 83.0 51.0 50.0 49.0 66.0 51.0 49.0 365.0 268.0 224.0 201.0 170.0 154.0 138.0 103.0 97.0 96.0 92.0 89.0 50.0 48.0 50.0 51.0 52.0 50.0 182.0 153.0 132.0 123.0 112.0 105.0 56.0 56.0 56.0 57.0 91.0 54.0 50.0 51.0 50.0 52.0 51.0 50.0 299.0 218.0 178.0 159.0 145.0 147.0 85.0 85.0 85.0 84.0 81.0 78.0 61.0 53.0 53.0 51.0 53.0 50.0 357.0 255.0 208.0 187.0 165.0 182.0 97.0 94.0 95.0 93.0 90.0 85.0 50.0 51.0 52.0 51.0 52.0 50.0 239.0 182.0 153.0 139.0 127.0 117.0 75.0 88.0 73.0 72.0 69.0 68.0 50.0 50.0 51.0 73.0 60.0 51.0 430.0 364.0 331.0 316.0 272.0 249.0 154.0 135.0 122.0 116.0 108.0 106.0 51.0 51.0 55.0 55.0 53.0 50.0 51.0 50.0 63.0 51.0 50.0 50.0 292.0 195.0 165.0 149.0 134.0 121.0 79.0 82.0 79.0 78.0 75.0 72.0 50.0 51.0 51.0 52.0 51.0 51.0 178.0 149.0 133.0 123.0 112.0 104.0 55.0 55.0 56.0 55.0 56.0 54.0 56.0 52.0 50.0 51.0 52.0 51.0 398.0 320.0 258.0 226.0 204.0 180.0 121.0 116.0 108.0 106.0 101.0 103.0 92.0 50.0 51.0 51.0 54.0 50.0 65.0 50.0 51.0 50.0 54.0 54.0 403.0 283.0 231.0 204.0 182.0 167.0 107.0 105.0 103.0 100.0 95.0 91.0 61.0 52.0 50.0 51.0 52.0 50.0 241.0 182.0 153.0 139.0 128.0 116.0 72.0 72.0 74.0 73.0 70.0 68.0 50.0 49.0 50.0 50.0 55.0 50.0 252.0 185.0 157.0 144.0 130.0 160.0 75.0 73.0 76.0 75.0 111.0 71.0 50.0 49.0 51.0 51.0 52.0 51.0 328.0 235.0 197.0 172.0 154.0 140.0 91.0 92.0 91.0 90.0 85.0 83.0 49.0 49.0 51.0 52.0 95.0 50.0 285.0 212.0 172.0 163.0 138.0 128.0 82.0 82.0 83.0 82.0 81.0 77.0 50.0 50.0 51.0 50.0 53.0 50.0 373.0 288.0 228.0 204.0 179.0 160.0 108.0 105.0 101.0 100.0 96.0 91.0 61.0 50.0 51.0 50.0 53.0 50.0 389.0 282.0 233.0 202.0 181.0 168.0 105.0 102.0 102.0 100.0 96.0 91.0 60.0 54.0 54.0 70.0 88.0 55.0 337.0 238.0 196.0 173.0 154.0 141.0 92.0 89.0 96.0 88.0 85.0 82.0 50.0 50.0 51.0 51.0 51.0 50.0 377.0 245.0 199.0 176.0 155.0 143.0 91.0 99.0 91.0 89.0 86.0 82.0 58.0 54.0 55.0 50.0 50.0 50.0 399.0 364.0 343.0 308.0 275.0 249.0 229.0 136.0 122.0 115.0 138.0 102.0 52.0 52.0 52.0 52.0 52.0 50.0 51.0 50.0 52.0 52.0 50.0 50.0 209.0 169.0 141.0 143.0 117.0 109.0 63.0 71.0 64.0 62.0 62.0 61.0 51.0 50.0 50.0 51.0 51.0 50.0 197.0 159.0 137.0 128.0 116.0 107.0 59.0 58.0 60.0 60.0 60.0 57.0 52.0 52.0 50.0 51.0 50.0 51.0 231.0 178.0 150.0 137.0 146.0 115.0 69.0 69.0 71.0 70.0 69.0 67.0 50.0 49.0 50.0 51.0 51.0 50.0 373.0 281.0 228.0 220.0 179.0 179.0 221.0 109.0 99.0 99.0 95.0 105.0 49.0 50.0 50.0 50.0 52.0 50.0 203.0 147.0 132.0 123.0 113.0 105.0 55.0 53.0 57.0 56.0 56.0 53.0 50.0 48.0 50.0 51.0 50.0 50.0 421.0 266.0 221.0 192.0 171.0 155.0 100.0 98.0 97.0 96.0 92.0 88.0 49.0 49.0 50.0 50.0 50.0 51.0 372.0 283.0 232.0 207.0 182.0 162.0 129.0 104.0 101.0 102.0 97.0 92.0 50.0 53.0 83.0 50.0 49.0 50.0 396.0 307.0 246.0 217.0 194.0 173.0 120.0 114.0 107.0 105.0 100.0 94.0 50.0 50.0 49.0 51.0 50.0 50.0 49.0 48.0 49.0 51.0 50.0 51.0 235.0 179.0 151.0 138.0 126.0 115.0 70.0 69.0 70.0 71.0 69.0 71.0 50.0 49.0 54.0 51.0 51.0 50.0 398.0 362.0 320.0 305.0 271.0 244.0 154.0 147.0 128.0 115.0 108.0 101.0 84.0 53.0 52.0 52.0 51.0 51.0 50.0 50.0 50.0 52.0 50.0 51.0 459.0 296.0 244.0 216.0 190.0 170.0 141.0 117.0 107.0 103.0 99.0 93.0 50.0 50.0 82.0 51.0 50.0 50.0 50.0 50.0 49.0 51.0 51.0 49.0 388.0 278.0 228.0 204.0 182.0 161.0 105.0 105.0 101.0 99.0 95.0 90.0 50.0 49.0 50.0 51.0 51.0 51.0 396.0 364.0 317.0 295.0 256.0 224.0 180.0 137.0 119.0 113.0 106.0 100.0 53.0 50.0 51.0 51.0 53.0 50.0 50.0 49.0 79.0 125.0 51.0 50.0 378.0 279.0 227.0 200.0 174.0 159.0 104.0 103.0 101.0 99.0 95.0 121.0 51.0 49.0 50.0 57.0 49.0 50.0 287.0 196.0 164.0 146.0 132.0 122.0 103.0 77.0 79.0 76.0 76.0 72.0 57.0 54.0 51.0 51.0 50.0 51.0 353.0 270.0 215.0 190.0 199.0 150.0 97.0 102.0 96.0 96.0 91.0 86.0 51.0 54.0 50.0 51.0 49.0 50.0 398.0 366.0 330.0 304.0 271.0 248.0 189.0 140.0 122.0 115.0 107.0 102.0 61.0 56.0 53.0 51.0 52.0 51.0 50.0 50.0 49.0 52.0 51.0 50.0 380.0 299.0 241.0 212.0 188.0 201.0 136.0 153.0 145.0 136.0 150.0 135.0 58.0 100.0 78.0 72.0 93.0 119.0 89.0 82.0 62.0 114.0 48.0 80.0 362.0 190.0 164.0 149.0 135.0 124.0 83.0 74.0 82.0 70.0 71.0 66.0 52.0 51.0 52.0 53.0 52.0 51.0 438.0 332.0 260.0 231.0 199.0 180.0 131.0 166.0 113.0 106.0 100.0 104.0 47.0 47.0 51.0 49.0 51.0 47.0 57.0 49.0 47.0 47.0 50.0 46.0 385.0 337.0 308.0 237.0 207.0 184.0 128.0 148.0 112.0 106.0 100.0 95.0 47.0 47.0 49.0 48.0 50.0 48.0 45.0 46.0 82.0 62.0 49.0 65.0 383.0 294.0 246.0 214.0 189.0 171.0 119.0 114.0 110.0 103.0 98.0 92.0 47.0 48.0 48.0 48.0 50.0 47.0 46.0 46.0 50.0 48.0 50.0 46.0 385.0 318.0 265.0 230.0 220.0 182.0 149.0 117.0 111.0 107.0 98.0 103.0 64.0 50.0 52.0 49.0 51.0 48.0 52.0 47.0 47.0 48.0 50.0 46.0 345.0 264.0 210.0 188.0 167.0 150.0 95.0 95.0 93.0 91.0 88.0 83.0 47.0 47.0 48.0 48.0 49.0 46.0 180.0 148.0 133.0 128.0 110.0 103.0 56.0 55.0 54.0 53.0 53.0 51.0 46.0 46.0 46.0 47.0 87.0 47.0 344.0 253.0 211.0 184.0 163.0 149.0 102.0 93.0 92.0 90.0 87.0 82.0 47.0 47.0 80.0 79.0 52.0 47.0 360.0 265.0 215.0 201.0 171.0 152.0 147.0 97.0 128.0 94.0 89.0 90.0 77.0 50.0 47.0 49.0 49.0 47.0 359.0 271.0 223.0 198.0 172.0 156.0 104.0 139.0 99.0 109.0 91.0 88.0 46.0 47.0 47.0 47.0 50.0 47.0 385.0 333.0 264.0 239.0 206.0 188.0 130.0 122.0 111.0 109.0 101.0 94.0 47.0 47.0 47.0 48.0 50.0 47.0 55.0 54.0 81.0 47.0 48.0 46.0 306.0 217.0 181.0 162.0 150.0 133.0 127.0 84.0 86.0 80.0 78.0 77.0 48.0 46.0 47.0 48.0 49.0 46.0 382.0 285.0 234.0 205.0 183.0 163.0 111.0 111.0 103.0 99.0 95.0 91.0 47.0 82.0 51.0 48.0 50.0 47.0 210.0 164.0 142.0 130.0 118.0 109.0 59.0 59.0 60.0 60.0 61.0 63.0 56.0 57.0 49.0 48.0 49.0 47.0 392.0 320.0 255.0 225.0 197.0 181.0 124.0 118.0 109.0 106.0 101.0 93.0 47.0 48.0 50.0 49.0 48.0 47.0 50.0 50.0 46.0 48.0 49.0 46.0 389.0 276.0 225.0 199.0 177.0 167.0 105.0 102.0 99.0 97.0 93.0 123.0 46.0 47.0 48.0 48.0 50.0 46.0 177.0 149.0 131.0 123.0 110.0 103.0 51.0 54.0 54.0 53.0 54.0 51.0 75.0 108.0 50.0 47.0 48.0 46.0
49 50 1 TRACE 120.0 575.0 32.0 44.0 319.0 98.0 34.0 141.0 32.0 120.0 270.0 61.0 157.0 141.0 136.0 200.0 34.0 57.0 169.0 84.0 101.0 106.0 91.0 38.0 59.0 46.0 71.0 42.0 185.0 103.0 44.0 83.0 67.0 65.0 79.0 40.0 61.0 201.0 33.0 49.0 116.0 89.0 154.0 71.0 50.0 94.0 42.0 43.0 57.0 90.0 105.0 33.0 52.0 79.0 156.0 166.0 102.0 118.0 136.0 188.0 51.0 103.0 168.0 152.0 127.0 71.0 74.0 166.0 110.0 357.0 59.0 159.0 85.0 39.0 58.0 180.0 228.0 127.0 60.0 158.0 88.0 444.0 49.0 42.0 133.0 87.0 88.0 115.0 73.0 31.0 121.0 202.0 94.0 127.0 44.0 168.0 114.0 139.0 145.0 45.0 80.0 126.0 96.0 58.0 162.0 181.0 102.0 45.0 76.0 88.0 198.0 109.0 143.0 90.0 118.0 165.0 59.0 83.0 83.0 144.0 45.0 152.0 154.0 71.0 76.0 110.0 89.0 92.0 114.0 136.0 67.0 226.0 32.0 47.0 103.0 165.0 32.0 176.0 97.0 81.0 162.0 52.0 106.0 60.0 168.0 87.0 272.0 123.0 140.0 108.0 86.0 495.0 358.0 157.0 119.0 151.0 76.0 653.0 38.0 82.0 153.0 55.0 112.0 59.0 86.0 159.0 127.0 154.0 118.0 116.0 67.0 118.0 60.0 86.0 115.0 573.0 106.0 193.0 123.0 130.0 91.0 33.0 49.0 42.0 38.0 155.0 45.0 181.0 59.0 147.0 77.0 46.0 83.0 47.0 87.0 114.0 144.0 224.0 129.0 79.0 147.0 39.0 164.0 47.0 33.0 43.0 57.0 112.0 159.0 114.0 31.0
50 25 1 TRACE 30.0 22.0 24.0 22.0 23.0 23.0 31.0 27.0 29.0 25.0 25.0 21.0 26.0 27.0 23.0 26.0 22.0 23.0 22.0 56.0 29.0 31.0 25.0 28.0 24.0 34.0 23.0 23.0 22.0 22.0 24.0 23.0 25.0 24.0 24.0 24.0 22.0 62.0 23.0 21.0 25.0 23.0 24.0 22.0 26.0 24.0 108.0 22.0 23.0 22.0 22.0 23.0 36.0 22.0 26.0 24.0 25.0 21.0 30.0 29.0 23.0 22.0 25.0 21.0
50 41 1 TRACE 9.0 9.0 9.0 8.0 8.0 9.0 8.0 11.0 9.0 8.0 9.0 8.0 9.0 8.0 9.0 8.0 9.0 8.0 8.0 8.0 9.0 8.0 8.0 8.0 9.0 8.0 8.0 8.0 8.0 9.0 9.0 9.0 9.0 9.0 8.0 9.0 8.0 8.0 8.0 9.0 9.0 11.0 9.0 8.0 8.0 9.0 8.0 8.0 9.0 9.0 8.0 9.0 9.0 8.0 9.0 8.0 9.0 9.0 8.0 8.0 9.0 9.0 9.0 8.0 8.0 8.0 8.0 8.0 9.0 8.0 9.0 8.0 9.0 9.0 9.0 9.0 8.0 8.0 8.0 9.0 8.0 8.0 9.0 9.0 9.0 8.0 9.0 8.0 8.0 8.0 9.0 8.0 9.0 8.0 8.0 9.0 9.0 8.0 9.0 9.0 8.0 9.0 8.0 11.0 9.0 10.0 10.0 9.0 9.0 8.0 9.0 9.0 8.0 9.0 8.0 9.0 8.0 8.0 9.0 9.0 8.0 9.0 8.0 9.0 9.0 11.0 8.0 9.0 8.0 9.0 8.0 8.0 8.0 8.0 8.0 9.0 9.0 8.0 8.0 9.0 8.0 8.0 9.0 9.0 8.0 9.0 8.0
51 52 1 TRACE 854.0 809.0 835.0 801.0 821.0 801.0 800.0 804.0 806.0 804.0 805.0 825.0 792.0 807.0 799.0 936.0 805.0 807.0 808.0 802.0 801.0 798.0 832.0 802.0 800.0 801.0 812.0 800.0 803.0 797.0 792.0 808.0 802.0 791.0 803.0 812.0 799.0 808.0 810.0 812.0 799.0 804.0 798.0 798.0 803.0 826.0 977.0 795.0 782.0 782.0 811.0 782.0 780.0 781.0 778.0 783.0 783.0 784.0 852.0 785.0 778.0 785.0 782.0 775.0
52 53 1 TRACE 56.0 39.0 58.0 84.0 45.0 42.0 40.0 68.0 41.0 39.0 75.0 44.0 41.0 57.0 73.0 96.0 73.0 43.0 52.0 69.0 69.0 62.0 76.0 38.0 70.0 43.0 39.0 39.0 79.0 46.0 41.0 156.0 50.0 49.0 48.0 44.0 47.0 44.0 76.0 76.0 40.0 51.0 77.0 74.0 39.0 46.0 63.0 69.0 75.0 72.0 66.0 44.0 67.0 42.0 40.0 138.0 71.0 39.0 77.0 42.0 40.0 72.0 76.0 40.0
53 54 1 TRACE 28.0 15.0 31.0 42.0 23.0 23.0 21.0 24.0 21.0 20.0 24.0 22.0 23.0 22.0 21.0 21.0 20.0 21.0 23.0 24.0 21.0 22.0 23.0 22.0 22.0 23.0 28.0 24.0 20.0 22.0 20.0 24.0 19.0 26.0 51.0 19.0 19.0 20.0 21.0 22.0 20.0 21.0 18.0 17.0 22.0 21.0 14.0 23.0 21.0 34.0 19.0 21.0 22.0 21.0 17.0 56.0 17.0 20.0 21.0 15.0 19.0 23.0 20.0 20.0
54 55 1 TRACE 45.0 19.0 20.0 19.0 19.0 20.0 19.0 19.0 18.0 19.0 18.0 19.0 18.0 19.0 19.0 18.0 20.0 21.0 19.0 18.0 19.0 23.0 20.0 18.0 19.0 18.0 20.0 19.0 18.0 19.0 20.0 19.0 19.0 18.0 18.0 21.0 18.0 19.0 19.0 18.0 18.0 19.0 18.0 19.0 19.0 18.0 21.0 33.0 19.0 18.0 19.0 18.0 19.0 19.0 18.0 19.0 29.0 22.0 20.0 18.0 19.0 18.0 18.0 18.0
55 56 1 TRACE 10.0 7.0 7.0 7.0 7.0 8.0 8.0 7.0 7.0 7.0 7.0 7.0 7.0 7.0 7.0 7.0 7.0 7.0 7.0 8.0 7.0 7.0 7.0 7.0 7.0 7.0 7.0 7.0 7.0 7.0 7.0 8.0 7.0 7.0 7.0 7.0 7.0 7.0 7.0 7.0 7.0 7.0 7.0 7.0 7.0 7.0 8.0 8.0 7.0 7.0 7.0 7.0 7.0 7.0 7.0 7.0 19.0 7.0 7.0 7.0 7.0 7.0 7.0 7.0
56 57 1 TRACE 21.0 7.0 7.0 7.0 7.0 6.0 7.0 7.0 7.0 7.0 7.0 7.0 7.0 7.0 7.0 7.0 7.0 7.0 7.0 6.0 7.0 7.0 7.0 7.0 7.0 7.0 7.0 7.0 7.0 7.0 7.0 6.0 7.0 7.0 7.0 7.0 7.0 7.0 7.0 7.0 6.0 7.0 7.0 7.0 7.0 7.0 7.0 7.0 7.0 7.0 7.0 7.0 7.0 7.0 7.0 7.0 8.0 7.0 7.0 7.0 7.0 6.0 6.0 7.0
57 58 1 TRACE 10.0 7.0 6.0 7.0 6.0 7.0 7.0 7.0 7.0 6.0 7.0 7.0 7.0 7.0 7.0 7.0 7.0 6.0 7.0 7.0 6.0 6.0 6.0 7.0 7.0 7.0 7.0 6.0 7.0 7.0 7.0 7.0 7.0 7.0 7.0 7.0 7.0 7.0 6.0 7.0 7.0 7.0 6.0 7.0 6.0 7.0 7.0 7.0 7.0 7.0 6.0 7.0 7.0 7.0 6.0 7.0 7.0 6.0 6.0 7.0 7.0 7.0 7.0 7.0
58 59 1 TRACE 16.0 7.0 8.0 19.0 8.0 7.0 7.0 8.0 7.0 8.0 8.0 8.0 7.0 8.0 8.0 8.0 8.0 8.0 8.0 8.0 8.0 8.0 8.0 8.0 7.0 8.0 8.0 8.0 8.0 8.0 8.0 8.0 8.0 7.0 8.0 7.0 8.0 8.0 8.0 8.0 7.0 8.0 8.0 8.0 8.0 8.0 8.0 8.0 8.0 8.0 8.0 7.0 8.0 8.0 8.0 8.0 8.0 8.0 8.0 8.0 7.0 8.0 8.0 7.0
59 60 1 TRACE 7.0 7.0 6.0 7.0 6.0 7.0 7.0 18.0 7.0 6.0 7.0 7.0 7.0 7.0 7.0 7.0 7.0 6.0 7.0 19.0 6.0 18.0 6.0 7.0 7.0 7.0 6.0 6.0 7.0 7.0 7.0 7.0 7.0 7.0 7.0 7.0 7.0 6.0 6.0 7.0 7.0 7.0 6.0 6.0 7.0 6.0 8.0 7.0 6.0 6.0 6.0 7.0 6.0 7.0 7.0 6.0 7.0 7.0 6.0 7.0 7.0 7.0 7.0 7.0
60 61 1 TRACE 8.0 19.0 19.0 7.0 19.0 18.0 7.0 8.0 19.0 19.0 19.0 7.0 7.0 19.0 19.0 19.0 19.0 19.0 19.0 7.0 19.0 7.0 19.0 19.0 18.0 7.0 19.0 8.0 18.0 19.0 7.0 7.0 19.0 19.0 19.0 19.0 18.0 19.0 19.0 18.0 19.0 19.0 19.0 19.0 18.0 19.0 7.0 19.0 19.0 19.0 19.0 19.0 19.0 18.0 20.0 19.0 7.0 19.0 19.0 19.0 18.0 19.0 19.0 19.0
61 62 1 TRACE 7.0 7.0 7.0 7.0 7.0 8.0 7.0 8.0 7.0 7.0 7.0 7.0 7.0 8.0 7.0 7.0 7.0 7.0 7.0 7.0 7.0 7.0 7.0 7.0 7.0 7.0 7.0 7.0 8.0 7.0 7.0 19.0 7.0 7.0 7.0 7.0 8.0 7.0 7.0 7.0 7.0 7.0 7.0 7.0 8.0 7.0 7.0 8.0 7.0 7.0 7.0 7.0 7.0 8.0 7.0 7.0 7.0 8.0 7.0 7.0 7.0 7.0 7.0 7.0
62 1 1 TRACE 37.0 22.0 23.0 23.0 22.0 23.0 22.0 23.0 23.0 23.0 22.0 22.0 22.0 31.0 40.0 21.0 22.0 26.0 22.0 23.0 28.0 24.0 23.0 22.0 27.0 22.0 22.0 22.0 23.0 22.0 22.0 22.0 23.0 22.0 22.0 22.0 23.0 22.0 22.0 22.0 23.0 23.0 22.0 23.0 22.0 22.0 54.0 24.0 22.0 22.0 22.0 23.0 22.0 23.0 26.0 22.0 24.0 24.0 22.0 23.0 23.0 27.0 22.0
