0 1 1 TRACE 1672854701893400.0
1 2 1 TRACE 10927.0 18.0 19.0 19.0 18.0 26.0 18.0 20.0 19.0 16.0 16.0 16.0 18.0 20.0 19.0 18.0 18.0 19.0 21.0 19.0 18.0 21.0 16.0 17.0 16.0 36.0 19.0 19.0 18.0 16.0 16.0 17.0 17.0 16.0 20.0 17.0 16.0 16.0 24.0 36.0 25.0 18.0 17.0 19.0 16.0 27.0 16.0 16.0 17.0 18.0 17.0 17.0 18.0 16.0 17.0 16.0 17.0 17.0 16.0 18.0 18.0 16.0 17.0 17.0
2 3 1 TRACE 273.0 88.0 25.0 54.0 24.0 38.0 34.0 45.0 24.0 25.0 24.0 25.0 25.0 24.0 28.0 24.0 33.0 26.0 25.0 26.0 26.0 27.0 24.0 24.0 52.0 36.0 87.0 28.0 24.0 61.0 68.0 24.0 45.0 23.0 50.0 24.0 24.0 25.0 24.0 26.0 24.0 24.0 25.0 25.0 24.0 24.0 56.0 47.0 30.0 24.0 25.0 29.0 24.0 55.0 48.0 54.0 57.0 26.0 24.0 53.0 48.0 24.0 24.0 24.0
3 4 1 TRACE 36.0 32.0 17.0 18.0 19.0 18.0 18.0 21.0 18.0 17.0 18.0 19.0 18.0 18.0 23.0 17.0 19.0 19.0 18.0 18.0 17.0 17.0 24.0 52.0 18.0 43.0 31.0 20.0 20.0 19.0 17.0 18.0 18.0 17.0 21.0 17.0 19.0 17.0 19.0 19.0 55.0 52.0 17.0 18.0 18.0 61.0 36.0 24.0 18.0 52.0 55.0 20.0 17.0 18.0 18.0 17.0 17.0 25.0 56.0 28.0 18.0 17.0 17.0 18.0
4 5 1 TRACE 19.0 15.0 12.0 12.0 13.0 13.0 12.0 14.0 12.0 12.0 13.0 13.0 12.0 12.0 12.0 13.0 13.0 13.0 12.0 13.0 12.0 12.0 13.0 15.0 13.0 28.0 40.0 17.0 14.0 12.0 12.0 13.0 12.0 12.0 18.0 13.0 13.0 12.0 13.0 13.0 12.0 14.0 13.0 12.0 14.0 16.0 18.0 13.0 13.0 14.0 12.0 13.0 12.0 12.0 13.0 13.0 12.0 13.0 13.0 26.0 13.0 13.0 13.0 13.0
5 6 1 TRACE 40.0 19.0 19.0 18.0 171.0 19.0 18.0 18.0 17.0 17.0 16.0 18.0 16.0 15.0 16.0 15.0 17.0 17.0 18.0 16.0 16.0 15.0 43.0 16.0 17.0 26.0 21.0 18.0 16.0 15.0 13.0 45.0 19.0 15.0 16.0 16.0 17.0 16.0 15.0 14.0 46.0 15.0 15.0 49.0 56.0 17.0 16.0 13.0 50.0 53.0 16.0 16.0 16.0 15.0 15.0 15.0 13.0 24.0 12.0 13.0 13.0 13.0 13.0 13.0
6 7 1 TRACE 19.0 15.0 15.0 14.0 11.0 14.0 14.0 15.0 154.0 13.0 13.0 14.0 166.0 13.0 14.0 13.0 15.0 14.0 14.0 13.0 13.0 14.0 12.0 13.0 18.0 15.0 25.0 15.0 15.0 14.0 13.0 11.0 14.0 13.0 13.0 14.0 14.0 14.0 12.0 14.0 9.0 13.0 13.0 9.0 14.0 13.0 9.0 14.0 15.0 12.0 12.0 12.0 13.0 13.0 12.0 13.0 11.0 11.0 11.0 10.0 14.0 13.0 14.0 13.0
7 8 1 TRACE 18.0 15.0 14.0 15.0 8.0 14.0 41.0 13.0 16.0 14.0 14.0 26.0 13.0 14.0 14.0 13.0 13.0 14.0 12.0 13.0 13.0 13.0 13.0 13.0 11.0 15.0 23.0 15.0 15.0 15.0 14.0 11.0 14.0 13.0 12.0 13.0 14.0 13.0 13.0 13.0 9.0 13.0 13.0 9.0 14.0 8.0 12.0 14.0 13.0 13.0 13.0 12.0 13.0 13.0 13.0 13.0 13.0 12.0 12.0 12.0 14.0 14.0 13.0 14.0
8 9 1 TRACE 18.0 25.0 14.0 15.0 7.0 14.0 21.0 13.0 12.0 14.0 14.0 13.0 23.0 13.0 14.0 13.0 14.0 14.0 13.0 13.0 13.0 13.0 15.0 14.0 15.0 20.0 12.0 38.0 15.0 15.0 14.0 10.0 13.0 13.0 12.0 13.0 14.0 14.0 15.0 13.0 10.0 14.0 14.0 10.0 24.0 9.0 19.0 13.0 13.0 14.0 13.0 12.0 13.0 13.0 13.0 13.0 12.0 11.0 11.0 12.0 13.0 14.0 14.0 14.0
9 10 1 TRACE 68.0 37.0 23.0 64.0 42.0 43.0 35.0 21.0 22.0 21.0 23.0 23.0 25.0 40.0 33.0 22.0 21.0 27.0 21.0 22.0 37.0 22.0 46.0 23.0 29.0 89.0 52.0 50.0 60.0 56.0 24.0 22.0 32.0 42.0 48.0 22.0 21.0 22.0 21.0 22.0 33.0 24.0 45.0 22.0 24.0 23.0 35.0 48.0 32.0 43.0 21.0 22.0 21.0 20.0 21.0 33.0 24.0 70.0 32.0 35.0 59.0 23.0 23.0 57.0
10 11 1 TRACE 22.0 14.0 14.0 14.0 16.0 14.0 24.0 26.0 15.0 14.0 15.0 22.0 16.0 24.0 25.0 14.0 21.0 15.0 20.0 21.0 26.0 15.0 15.0 25.0 30.0 34.0 27.0 17.0 16.0 33.0 25.0 15.0 14.0 16.0 25.0 14.0 14.0 15.0 15.0 15.0 15.0 14.0 15.0 16.0 15.0 15.0 15.0 16.0 14.0 14.0 25.0 23.0 35.0 26.0 14.0 25.0 15.0 25.0 25.0 14.0 14.0 15.0 16.0 25.0
11 12 1 TRACE 21.0 13.0 13.0 13.0 21.0 13.0 13.0 13.0 14.0 15.0 13.0 25.0 13.0 13.0 24.0 24.0 24.0 25.0 25.0 25.0 24.0 24.0 13.0 24.0 24.0 26.0 29.0 14.0 13.0 26.0 13.0 14.0 25.0 24.0 13.0 25.0 14.0 13.0 14.0 14.0 13.0 13.0 13.0 33.0 15.0 54.0 13.0 14.0 17.0 13.0 13.0 24.0 24.0 13.0 33.0 25.0 14.0 12.0 26.0 14.0 13.0 14.0 14.0 25.0
12 13 1 TRACE 21.0 17.0 14.0 17.0 16.0 17.0 16.0 13.0 15.0 14.0 32.0 25.0 16.0 16.0 13.0 25.0 24.0 25.0 26.0 14.0 14.0 25.0 17.0 15.0 25.0 32.0 78.0 20.0 18.0 16.0 13.0 24.0 15.0 25.0 17.0 14.0 26.0 25.0 25.0 25.0 16.0 50.0 25.0 52.0 53.0 16.0 23.0 15.0 15.0 17.0 19.0 25.0 25.0 14.0 13.0 13.0 15.0 16.0 13.0 15.0 16.0 15.0 15.0 14.0
13 14 1 TRACE 19.0 9.0 9.0 9.0 9.0 9.0 9.0 17.0 9.0 9.0 9.0 9.0 9.0 9.0 8.0 8.0 8.0 9.0 9.0 8.0 8.0 8.0 9.0 9.0 8.0 10.0 11.0 10.0 9.0 9.0 8.0 8.0 9.0 9.0 9.0 9.0 9.0 9.0 9.0 19.0 8.0 9.0 20.0 8.0 9.0 9.0 8.0 9.0 9.0 8.0 9.0 9.0 9.0 9.0 9.0 8.0 9.0 8.0 9.0 9.0 9.0 19.0 9.0 9.0
14 15 1 TRACE 21.0 13.0 13.0 14.0 13.0 13.0 13.0 14.0 13.0 24.0 13.0 13.0 13.0 13.0 12.0 12.0 12.0 12.0 13.0 14.0 12.0 12.0 14.0 13.0 13.0 26.0 15.0 14.0 13.0 14.0 13.0 12.0 13.0 13.0 13.0 13.0 13.0 25.0 13.0 12.0 13.0 13.0 13.0 13.0 13.0 13.0 13.0 14.0 13.0 13.0 14.0 13.0 12.0 13.0 13.0 12.0 13.0 12.0 13.0 13.0 13.0 25.0 24.0 13.0
15 16 1 TRACE 13.0 8.0 8.0 8.0 8.0 8.0 8.0 8.0 7.0 8.0 8.0 8.0 8.0 9.0 8.0 7.0 8.0 8.0 8.0 9.0 8.0 8.0 9.0 7.0 8.0 22.0 10.0 9.0 9.0 8.0 8.0 8.0 8.0 8.0 8.0 9.0 8.0 8.0 9.0 8.0 8.0 8.0 7.0 8.0 8.0 8.0 7.0 8.0 7.0 8.0 8.0 8.0 8.0 8.0 9.0 8.0 9.0 8.0 8.0 9.0 9.0 8.0 9.0 8.0
16 17 1 TRACE 34.0 23.0 22.0 28.0 25.0 24.0 29.0 21.0 35.0 24.0 23.0 25.0 26.0 26.0 27.0 23.0 26.0 26.0 26.0 24.0 27.0 28.0 46.0 23.0 33.0 47.0 58.0 30.0 26.0 28.0 34.0 39.0 31.0 27.0 24.0 21.0 23.0 22.0 24.0 43.0 24.0 27.0 23.0 82.0 52.0 30.0 25.0 26.0 25.0 26.0 23.0 23.0 23.0 29.0 25.0 26.0 21.0 28.0 32.0 23.0 28.0 22.0 23.0 59.0
17 18 1 TRACE 19.0 13.0 14.0 14.0 15.0 14.0 19.0 14.0 15.0 14.0 13.0 15.0 14.0 14.0 14.0 14.0 15.0 15.0 15.0 15.0 15.0 15.0 14.0 15.0 18.0 16.0 16.0 15.0 15.0 15.0 13.0 15.0 16.0 15.0 15.0 14.0 15.0 15.0 14.0 42.0 15.0 16.0 17.0 39.0 17.0 14.0 14.0 15.0 15.0 15.0 14.0 15.0 15.0 14.0 14.0 15.0 15.0 15.0 13.0 15.0 18.0 13.0 15.0 18.0
18 19 1 TRACE 17.0 13.0 13.0 13.0 22.0 28.0 14.0 13.0 12.0 14.0 13.0 13.0 13.0 13.0 26.0 13.0 14.0 14.0 13.0 13.0 13.0 13.0 25.0 13.0 24.0 54.0 39.0 15.0 14.0 15.0 16.0 14.0 14.0 13.0 12.0 13.0 33.0 15.0 13.0 13.0 13.0 13.0 13.0 14.0 14.0 13.0 14.0 13.0 13.0 19.0 13.0 14.0 15.0 13.0 14.0 14.0 16.0 14.0 13.0 14.0 13.0 14.0 18.0 13.0
19 20 1 TRACE 34.0 17.0 17.0 16.0 17.0 13.0 17.0 16.0 23.0 18.0 16.0 16.0 16.0 14.0 17.0 16.0 16.0 16.0 17.0 17.0 17.0 17.0 14.0 17.0 35.0 26.0 20.0 19.0 17.0 18.0 34.0 17.0 15.0 16.0 16.0 39.0 18.0 16.0 54.0 16.0 49.0 22.0 17.0 30.0 15.0 17.0 16.0 16.0 17.0 16.0 16.0 17.0 15.0 16.0 17.0 16.0 16.0 17.0 16.0 16.0 17.0 16.0 20.0 16.0
20 21 1 TRACE 17.0 13.0 12.0 13.0 12.0 12.0 13.0 13.0 13.0 12.0 13.0 12.0 13.0 13.0 12.0 12.0 12.0 12.0 13.0 13.0 13.0 12.0 14.0 12.0 13.0 14.0 16.0 13.0 14.0 13.0 13.0 13.0 13.0 12.0 12.0 13.0 13.0 12.0 13.0 13.0 13.0 13.0 13.0 13.0 13.0 13.0 12.0 13.0 13.0 12.0 13.0 12.0 13.0 13.0 13.0 12.0 14.0 13.0 12.0 13.0 13.0 12.0 13.0 13.0
21 22 1 TRACE 27.0 12.0 11.0 12.0 12.0 11.0 12.0 12.0 11.0 11.0 12.0 12.0 12.0 12.0 12.0 12.0 11.0 11.0 12.0 12.0 12.0 12.0 12.0 12.0 11.0 15.0 26.0 13.0 12.0 12.0 12.0 12.0 12.0 12.0 12.0 11.0 11.0 12.0 13.0 17.0 12.0 12.0 11.0 12.0 12.0 12.0 12.0 13.0 11.0 12.0 12.0 11.0 11.0 12.0 11.0 11.0 13.0 11.0 12.0 12.0 12.0 12.0 11.0 12.0
22 23 1 TRACE 34.0 44.0 28.0 27.0 37.0 30.0 31.0 26.0 24.0 25.0 25.0 25.0 28.0 25.0 24.0 26.0 28.0 26.0 25.0 24.0 28.0 24.0 24.0 29.0 58.0 61.0 38.0 45.0 42.0 42.0 22.0 25.0 22.0 38.0 25.0 29.0 22.0 63.0 28.0 23.0 35.0 23.0 42.0 36.0 25.0 38.0 26.0 25.0 24.0 31.0 24.0 25.0 24.0 24.0 65.0 27.0 62.0 22.0 26.0 24.0 33.0 24.0 30.0 24.0
23 24 1 TRACE 32.0 21.0 22.0 47.0 23.0 23.0 23.0 21.0 22.0 22.0 20.0 21.0 21.0 34.0 20.0 22.0 22.0 22.0 23.0 22.0 31.0 23.0 21.0 21.0 61.0 51.0 64.0 26.0 23.0 54.0 22.0 22.0 21.0 24.0 22.0 28.0 66.0 21.0 21.0 55.0 22.0 20.0 24.0 37.0 22.0 21.0 21.0 35.0 21.0 22.0 21.0 22.0 24.0 21.0 21.0 58.0 26.0 24.0 23.0 21.0 21.0 21.0 22.0 20.0
24 25 1 TRACE 46.0 20.0 19.0 29.0 20.0 20.0 20.0 20.0 21.0 19.0 19.0 19.0 19.0 19.0 20.0 19.0 19.0 19.0 20.0 19.0 20.0 19.0 18.0 20.0 20.0 44.0 20.0 24.0 20.0 19.0 19.0 19.0 18.0 19.0 20.0 26.0 21.0 24.0 18.0 20.0 21.0 18.0 21.0 20.0 19.0 19.0 19.0 27.0 19.0 20.0 18.0 19.0 31.0 19.0 19.0 19.0 52.0 18.0 19.0 18.0 18.0 19.0 19.0 29.0
25 26 1 TRACE 23.0 10.0 9.0 9.0 9.0 9.0 9.0 9.0 9.0 10.0 9.0 9.0 9.0 9.0 9.0 10.0 9.0 9.0 9.0 9.0 9.0 9.0 8.0 9.0 9.0 9.0 8.0 10.0 9.0 9.0 9.0 9.0 10.0 9.0 10.0 8.0 9.0 9.0 9.0 10.0 10.0 10.0 10.0 9.0 9.0 10.0 9.0 9.0 9.0 9.0 9.0 10.0 9.0 9.0 9.0 8.0 9.0 9.0 9.0 9.0 10.0 9.0 9.0 10.0 9.0 9.0 9.0 10.0 10.0 9.0 10.0 9.0 9.0 10.0 9.0 21.0 11.0 10.0 10.0 10.0 11.0 10.0 10.0 10.0 10.0 10.0 10.0 10.0 9.0 10.0 10.0 9.0 9.0 10.0 9.0 9.0 10.0 9.0 10.0 10.0 10.0 9.0 9.0 9.0 10.0 9.0 9.0 10.0 9.0 9.0 12.0 9.0 9.0 10.0 9.0 9.0 10.0 9.0 9.0 10.0 9.0 9.0 9.0 9.0 9.0 9.0 10.0 10.0 10.0 9.0 9.0 9.0 10.0 10.0 9.0 9.0 8.0 9.0 9.0 9.0 10.0 9.0 9.0 9.0 9.0 9.0 9.0 9.0 9.0 9.0 9.0 9.0 9.0 9.0 9.0 9.0 10.0 9.0 9.0 9.0 9.0 9.0 9.0 9.0 10.0 9.0 9.0 10.0 10.0 9.0 9.0 9.0 10.0 9.0 9.0 10.0 10.0 9.0 10.0 9.0 10.0 9.0 9.0 10.0 9.0 9.0 9.0 9.0 9.0 9.0 9.0
26 27 1 TRACE 11.0 8.0 7.0 7.0 8.0 7.0 7.0 8.0 7.0 8.0 8.0 8.0 8.0 8.0 7.0 8.0 7.0 8.0 8.0 8.0 7.0 8.0 7.0 8.0 7.0 8.0 7.0 7.0 8.0 8.0 8.0 8.0 8.0 7.0 8.0 7.0 7.0 7.0 8.0 7.0 8.0 8.0 8.0 8.0 8.0 7.0 7.0 7.0 8.0 7.0 8.0 8.0 7.0 8.0 8.0 7.0 8.0 8.0 8.0 7.0 7.0 7.0 7.0 8.0 8.0 8.0 8.0 8.0 8.0 7.0 8.0 7.0 7.0 8.0 7.0 8.0 8.0 7.0 9.0 9.0 22.0 9.0 8.0 9.0 8.0 8.0 8.0 8.0 8.0 7.0 7.0 8.0 8.0 8.0 7.0 8.0 8.0 7.0 8.0 8.0 8.0 7.0 7.0 8.0 8.0 8.0 7.0 8.0 7.0 8.0 7.0 7.0 8.0 8.0 7.0 7.0 8.0 7.0 7.0 8.0 7.0 8.0 7.0 7.0 7.0 8.0 8.0 7.0 8.0 7.0 7.0 7.0 7.0 8.0 8.0 7.0 7.0 8.0 7.0 8.0 7.0 8.0 8.0 8.0 7.0 8.0 8.0 7.0 7.0 8.0 8.0 7.0 8.0 7.0 7.0 8.0 7.0 7.0 8.0 8.0 7.0 7.0 7.0 7.0 8.0 8.0 7.0 8.0 8.0 7.0 7.0 8.0 8.0 7.0 8.0 8.0 8.0 7.0 7.0 8.0 7.0 7.0 8.0 8.0 8.0 7.0 8.0 8.0 7.0 8.0 7.0
27 28 1 TRACE 10.0 7.0 8.0 7.0 7.0 7.0 8.0 7.0 8.0 7.0 7.0 7.0 7.0 7.0 8.0 7.0 7.0 7.0 7.0 7.0 7.0 7.0 8.0 7.0 8.0 7.0 7.0 7.0 7.0 7.0 7.0 8.0 8.0 8.0 7.0 8.0 7.0 8.0 7.0 7.0 8.0 7.0 7.0 7.0 7.0 7.0 7.0 7.0 7.0 7.0 7.0 7.0 7.0 7.0 7.0 8.0 7.0 8.0 8.0 8.0 7.0 7.0 8.0 7.0 7.0 7.0 7.0 8.0 8.0 8.0 7.0 7.0 7.0 7.0 8.0 19.0 20.0 20.0 8.0 9.0 9.0 9.0 8.0 8.0 8.0 8.0 8.0 8.0 8.0 7.0 7.0 7.0 7.0 7.0 7.0 7.0 7.0 7.0 7.0 8.0 8.0 8.0 7.0 7.0 7.0 7.0 7.0 7.0 8.0 7.0 8.0 8.0 7.0 7.0 8.0 7.0 8.0 7.0 7.0 7.0 7.0 7.0 8.0 8.0 7.0 8.0 8.0 8.0 7.0 7.0 7.0 7.0 7.0 8.0 8.0 7.0 7.0 7.0 8.0 7.0 7.0 7.0 7.0 7.0 7.0 7.0 7.0 7.0 8.0 8.0 8.0 8.0 7.0 7.0 8.0 7.0 7.0 8.0 8.0 8.0 7.0 8.0 7.0 7.0 7.0 7.0 8.0 7.0 8.0 7.0 8.0 7.0 7.0 8.0 7.0 8.0 8.0 7.0 7.0 8.0 11.0 7.0 7.0 7.0 7.0 8.0 7.0 7.0 8.0 7.0 8.0
28 29 1 TRACE 12.0 9.0 8.0 9.0 9.0 8.0 8.0 8.0 8.0 8.0 8.0 8.0 9.0 9.0 8.0 9.0 8.0 9.0 9.0 9.0 8.0 8.0 8.0 8.0 8.0 8.0 8.0 8.0 8.0 8.0 9.0 9.0 9.0 8.0 8.0 8.0 9.0 8.0 9.0 8.0 9.0 8.0 9.0 8.0 8.0 8.0 8.0 8.0 9.0 8.0 9.0 8.0 9.0 9.0 8.0 8.0 8.0 9.0 9.0 8.0 8.0 8.0 8.0 9.0 8.0 8.0 8.0 9.0 9.0 8.0 9.0 8.0 9.0 8.0 8.0 21.0 9.0 9.0 9.0 10.0 10.0 9.0 10.0 10.0 9.0 9.0 9.0 9.0 9.0 8.0 8.0 8.0 8.0 8.0 8.0 9.0 8.0 8.0 8.0 9.0 9.0 8.0 8.0 8.0 8.0 8.0 9.0 13.0 8.0 9.0 9.0 8.0 9.0 9.0 8.0 8.0 9.0 8.0 8.0 8.0 8.0 9.0 8.0 8.0 8.0 9.0 9.0 8.0 8.0 8.0 8.0 8.0 8.0 8.0 8.0 8.0 8.0 8.0 8.0 8.0 9.0 9.0 8.0 16.0 8.0 9.0 9.0 8.0 8.0 9.0 8.0 8.0 9.0 8.0 8.0 9.0 9.0 8.0 9.0 9.0 8.0 8.0 8.0 9.0 8.0 9.0 8.0 9.0 9.0 8.0 8.0 8.0 9.0 8.0 8.0 9.0 9.0 8.0 8.0 9.0 10.0 8.0 8.0 8.0 9.0 8.0 8.0 8.0 8.0 8.0 8.0
29 30 1 TRACE 45.0 26.0 27.0 25.0 39.0 26.0 26.0 25.0 25.0 39.0 29.0 25.0 26.0 27.0 27.0 35.0 26.0 26.0 27.0 25.0 67.0 55.0 26.0 44.0 26.0 60.0 26.0 42.0 35.0 39.0 28.0 24.0 23.0 67.0 25.0 26.0 66.0 25.0 26.0 31.0 23.0 87.0 25.0 38.0 39.0 34.0 26.0 33.0 25.0 26.0 27.0 16.0 40.0 26.0 26.0 27.0 65.0 23.0 57.0 69.0 33.0 25.0 96.0 47.0 34.0 25.0 35.0 42.0 23.0 28.0 25.0 26.0 25.0 55.0 110.0 49.0 52.0 75.0 53.0 68.0 15.0 41.0 31.0 33.0 28.0 28.0 29.0 40.0 27.0 26.0 28.0 26.0 47.0 63.0 28.0 26.0 29.0 40.0 23.0 44.0 32.0 37.0 35.0 26.0 28.0 26.0 24.0 18.0 30.0 39.0 17.0 39.0 36.0 60.0 25.0 27.0 58.0 25.0 26.0 61.0 59.0 63.0 27.0 26.0 34.0 22.0 60.0 33.0 28.0 27.0 27.0 26.0 22.0 23.0 24.0 31.0 25.0 27.0 25.0 25.0 38.0 29.0 36.0 16.0 40.0 29.0 25.0 59.0 27.0 23.0 61.0 36.0 26.0 66.0 25.0 34.0 63.0 33.0 82.0 66.0 27.0 26.0 64.0 26.0 62.0 64.0 78.0 48.0 24.0 26.0 28.0 26.0 32.0 25.0 63.0 22.0 23.0 19.0 23.0 33.0 17.0 62.0 25.0 27.0 25.0 50.0 25.0 31.0 15.0 39.0 23.0
30 31 1 TRACE 20.0 8.0 13.0 8.0 7.0 13.0 8.0 13.0 13.0 13.0 28.0 8.0 14.0 13.0 13.0 8.0 8.0 13.0 8.0 23.0 13.0 14.0 8.0 13.0 8.0 8.0 13.0 8.0 8.0 13.0 13.0 13.0 13.0 25.0 8.0 8.0 13.0 8.0 13.0 15.0 13.0 13.0 8.0 8.0 14.0 8.0 13.0 8.0 8.0 14.0 8.0 8.0 13.0 50.0 8.0 13.0 14.0 9.0 14.0 8.0 8.0 13.0 15.0 8.0 8.0 13.0 9.0 9.0 15.0 13.0 13.0 13.0 13.0 8.0 8.0 29.0 27.0 30.0 25.0 16.0 15.0 16.0 16.0 15.0 9.0 9.0 14.0 9.0 9.0 13.0 13.0 14.0 8.0 13.0 13.0 8.0 13.0 8.0 14.0 13.0 13.0 8.0 13.0 13.0 19.0 8.0 13.0 14.0 14.0 13.0 47.0 13.0 18.0 9.0 13.0 13.0 8.0 14.0 13.0 8.0 13.0 37.0 8.0 13.0 8.0 14.0 8.0 13.0 8.0 7.0 14.0 8.0 9.0 14.0 14.0 8.0 13.0 8.0 9.0 8.0 8.0 13.0 14.0 8.0 13.0 13.0 14.0 52.0 14.0 13.0 14.0 14.0 9.0 13.0 13.0 8.0 14.0 8.0 14.0 13.0 14.0 9.0 7.0 13.0 8.0 9.0 13.0 13.0 9.0 8.0 14.0 13.0 14.0 13.0 13.0 9.0 14.0 14.0 8.0 8.0 14.0 9.0 13.0 13.0 8.0 8.0 12.0 14.0 9.0 13.0 14.0
31 32 1 TRACE 17.0 12.0 12.0 12.0 12.0 12.0 11.0 11.0 11.0 11.0 12.0 11.0 13.0 12.0 11.0 11.0 11.0 12.0 11.0 12.0 12.0 12.0 11.0 12.0 11.0 11.0 11.0 12.0 11.0 11.0 12.0 12.0 12.0 12.0 11.0 12.0 12.0 11.0 12.0 12.0 12.0 12.0 11.0 11.0 12.0 12.0 11.0 12.0 11.0 12.0 12.0 11.0 12.0 12.0 11.0 12.0 11.0 12.0 12.0 11.0 12.0 12.0 11.0 12.0 11.0 12.0 11.0 12.0 12.0 11.0 12.0 12.0 12.0 20.0 11.0 12.0 13.0 13.0 13.0 13.0 14.0 12.0 13.0 13.0 13.0 12.0 13.0 12.0 11.0 12.0 12.0 12.0 11.0 11.0 11.0 11.0 12.0 11.0 12.0 13.0 13.0 11.0 12.0 11.0 12.0 11.0 12.0 12.0 11.0 11.0 13.0 11.0 13.0 12.0 12.0 11.0 12.0 12.0 11.0 11.0 11.0 13.0 11.0 12.0 11.0 12.0 11.0 11.0 12.0 11.0 12.0 12.0 12.0 12.0 12.0 11.0 12.0 11.0 11.0 11.0 12.0 11.0 11.0 12.0 11.0 11.0 12.0 11.0 12.0 12.0 12.0 11.0 11.0 12.0 12.0 11.0 12.0 12.0 13.0 12.0 12.0 11.0 12.0 11.0 12.0 11.0 11.0 12.0 12.0 11.0 11.0 12.0 11.0 12.0 16.0 12.0 13.0 12.0 12.0 12.0 13.0 11.0 12.0 12.0 11.0 12.0 11.0 11.0 11.0 12.0 12.0
32 33 1 TRACE 17.0 12.0 12.0 12.0 12.0 12.0 13.0 12.0 12.0 12.0 13.0 12.0 13.0 12.0 12.0 34.0 12.0 12.0 12.0 13.0 13.0 12.0 12.0 12.0 12.0 13.0 12.0 13.0 12.0 13.0 13.0 12.0 13.0 12.0 13.0 12.0 12.0 12.0 13.0 13.0 13.0 13.0 12.0 13.0 13.0 12.0 12.0 12.0 12.0 12.0 53.0 12.0 12.0 13.0 12.0 13.0 12.0 14.0 13.0 12.0 13.0 12.0 12.0 13.0 13.0 12.0 13.0 13.0 13.0 13.0 12.0 12.0 13.0 14.0 74.0 39.0 20.0 16.0 100.0 14.0 16.0 87.0 21.0 14.0 51.0 15.0 13.0 52.0 20.0 13.0 49.0 12.0 12.0 12.0 17.0 12.0 12.0 12.0 21.0 13.0 15.0 18.0 12.0 12.0 13.0 12.0 12.0 48.0 13.0 13.0 13.0 12.0 12.0 13.0 13.0 13.0 12.0 13.0 12.0 12.0 13.0 14.0 13.0 12.0 12.0 13.0 13.0 12.0 12.0 12.0 17.0 13.0 13.0 13.0 13.0 13.0 12.0 12.0 17.0 51.0 12.0 50.0 13.0 13.0 50.0 13.0 12.0 12.0 12.0 13.0 23.0 12.0 12.0 12.0 12.0 12.0 12.0 12.0 14.0 13.0 13.0 12.0 12.0 13.0 24.0 12.0 13.0 12.0 13.0 12.0 13.0 12.0 13.0 13.0 14.0 13.0 13.0 14.0 13.0 12.0 47.0 13.0 13.0 49.0 51.0 13.0 12.0 12.0 12.0 12.0 12.0
33 34 1 TRACE 57.0 66.0 50.0 48.0 75.0 69.0 49.0 91.0 59.0 32.0 79.0 53.0 30.0 102.0 87.0 15.0 76.0 74.0 43.0 94.0 70.0 40.0 47.0 69.0 40.0 44.0 185.0 113.0 40.0 61.0 95.0 32.0 64.0 88.0 49.0 67.0 93.0 51.0 170.0 38.0 104.0 40.0 44.0 81.0 57.0 55.0 138.0 71.0 49.0 152.0 21.0 41.0 148.0 46.0 48.0 98.0 42.0 46.0 124.0 61.0 39.0 80.0 48.0 51.0 40.0 144.0 81.0 88.0 68.0 90.0 47.0 144.0 125.0 63.0 34.0 116.0 33.0 140.0 38.0 48.0 156.0 72.0 40.0 216.0 37.0 42.0 164.0 25.0 93.0 84.0 41.0 68.0 27.0 126.0 70.0 72.0 100.0 69.0 43.0 82.0 51.0 28.0 74.0 53.0 33.0 79.0 44.0 34.0 103.0 38.0 34.0 79.0 49.0 41.0 69.0 43.0 58.0 70.0 76.0 42.0 37.0 173.0 44.0 36.0 69.0 39.0 112.0 43.0 36.0 62.0 41.0 44.0 42.0 90.0 49.0 52.0 111.0 48.0 42.0 22.0 72.0 129.0 38.0 40.0 44.0 48.0 29.0 88.0 42.0 40.0 45.0 38.0 84.0 86.0 80.0 69.0 148.0 54.0 34.0 76.0 43.0 42.0 48.0 174.0 16.0 40.0 57.0 76.0 45.0 50.0 103.0 48.0 34.0 101.0 40.0 47.0 77.0 42.0 46.0 92.0 40.0 40.0 111.0 74.0 25.0 65.0 112.0 40.0 98.0 76.0 42.0
34 35 1 TRACE 24.0 627.0 51.0 24.0 41.0 68.0 49.0 46.0 38.0 41.0 361.0 39.0 37.0 43.0 39.0 15.0 41.0 38.0 36.0 43.0 37.0 17.0 39.0 40.0 14.0 42.0 43.0 20.0 38.0 43.0 90.0 38.0 39.0 80.0 15.0 40.0 42.0 182.0 74.0 37.0 40.0 38.0 15.0 41.0 37.0 40.0 389.0 38.0 39.0 244.0 14.0 37.0 44.0 58.0 38.0 41.0 39.0 38.0 54.0 39.0 37.0 39.0 38.0 16.0 38.0 42.0 37.0 38.0 40.0 38.0 37.0 43.0 43.0 14.0 156.0 103.0 41.0 83.0 79.0 39.0 54.0 44.0 42.0 46.0 41.0 42.0 107.0 17.0 40.0 41.0 38.0 14.0 47.0 42.0 38.0 37.0 49.0 38.0 50.0 61.0 63.0 36.0 41.0 39.0 14.0 41.0 38.0 36.0 42.0 38.0 36.0 39.0 40.0 31.0 48.0 38.0 36.0 60.0 39.0 37.0 37.0 71.0 38.0 14.0 45.0 15.0 45.0 37.0 15.0 38.0 39.0 39.0 37.0 42.0 37.0 38.0 43.0 39.0 16.0 37.0 56.0 113.0 38.0 35.0 49.0 40.0 45.0 58.0 37.0 37.0 37.0 37.0 38.0 51.0 39.0 44.0 57.0 38.0 38.0 42.0 38.0 15.0 51.0 164.0 38.0 66.0 39.0 44.0 37.0 33.0 57.0 37.0 36.0 39.0 93.0 37.0 40.0 40.0 15.0 56.0 38.0 41.0 39.0 47.0 14.0 41.0 57.0 38.0 37.0 675.0 38.0
35 36 1 TRACE 18.0 40.0 67.0 39.0 36.0 43.0 32.0 127.0 69.0 150.0 1282.0 73.0 34.0 40.0 36.0 13.0 39.0 36.0 35.0 39.0 34.0 18.0 41.0 36.0 14.0 40.0 44.0 13.0 36.0 66.0 37.0 33.0 37.0 36.0 13.0 37.0 35.0 34.0 98.0 35.0 38.0 72.0 14.0 40.0 77.0 35.0 917.0 47.0 35.0 142.0 13.0 34.0 40.0 37.0 94.0 44.0 36.0 36.0 41.0 35.0 36.0 38.0 36.0 13.0 34.0 40.0 35.0 36.0 37.0 35.0 35.0 41.0 41.0 13.0 136.0 73.0 38.0 54.0 48.0 51.0 77.0 41.0 36.0 43.0 37.0 35.0 42.0 14.0 37.0 38.0 36.0 13.0 34.0 39.0 35.0 36.0 39.0 35.0 35.0 43.0 44.0 36.0 40.0 35.0 13.0 37.0 37.0 32.0 40.0 35.0 40.0 35.0 37.0 30.0 64.0 35.0 34.0 37.0 36.0 35.0 33.0 56.0 36.0 13.0 47.0 13.0 39.0 36.0 25.0 67.0 36.0 65.0 33.0 39.0 36.0 34.0 40.0 35.0 13.0 74.0 35.0 43.0 35.0 33.0 41.0 47.0 32.0 40.0 36.0 34.0 34.0 35.0 32.0 37.0 37.0 34.0 41.0 35.0 35.0 40.0 36.0 12.0 42.0 45.0 35.0 36.0 36.0 37.0 68.0 30.0 149.0 35.0 32.0 36.0 51.0 35.0 45.0 37.0 13.0 36.0 35.0 39.0 37.0 37.0 50.0 37.0 88.0 42.0 63.0 430.0 35.0
36 37 1 TRACE 685.0 34.0 36.0 71.0 75.0 171.0 24.0 144.0 762.0 26.0 89.0 30.0 31.0 54.0 56.0 62.0 48.0 51.0 29.0 89.0 70.0 59.0 78.0 60.0 72.0 53.0 177.0 71.0 33.0 79.0 27.0 28.0 31.0 32.0 75.0 50.0 267.0 26.0 222.0 25.0 79.0 41.0 70.0 40.0 29.0 27.0 586.0 35.0 69.0 1156.0 114.0 34.0 101.0 49.0 28.0 81.0 41.0 33.0 133.0 31.0 77.0 52.0 50.0 64.0 76.0 104.0 28.0 36.0 70.0 35.0 24.0 78.0 30.0 136.0 48.0 63.0 123.0 126.0 26.0 90.0 65.0 110.0 59.0 142.0 36.0 36.0 116.0 93.0 28.0 83.0 43.0 66.0 61.0 70.0 39.0 29.0 82.0 28.0 25.0 57.0 29.0 89.0 48.0 45.0 112.0 63.0 26.0 28.0 99.0 26.0 48.0 65.0 43.0 40.0 42.0 190.0 25.0 33.0 34.0 26.0 36.0 155.0 30.0 70.0 29.0 101.0 98.0 32.0 91.0 35.0 34.0 35.0 46.0 100.0 26.0 32.0 133.0 36.0 61.0 39.0 26.0 88.0 26.0 30.0 56.0 27.0 23.0 56.0 33.0 53.0 44.0 62.0 32.0 92.0 25.0 28.0 130.0 76.0 26.0 96.0 77.0 65.0 47.0 148.0 34.0 26.0 68.0 26.0 357.0 72.0 75.0 42.0 25.0 42.0 149.0 36.0 38.0 102.0 63.0 63.0 49.0 59.0 70.0 26.0 25.0 58.0 198.0 25.0 30.0 608.0 51.0
37 38 1 TRACE 44.0 32.0 24.0 29.0 27.0 26.0 23.0 30.0 69.0 26.0 40.0 30.0 42.0 36.0 25.0 23.0 33.0 65.0 27.0 36.0 29.0 30.0 26.0 22.0 38.0 25.0 53.0 24.0 25.0 33.0 25.0 26.0 30.0 31.0 24.0 33.0 71.0 27.0 58.0 24.0 38.0 65.0 27.0 31.0 63.0 30.0 50.0 29.0 25.0 78.0 25.0 49.0 43.0 24.0 27.0 42.0 25.0 26.0 49.0 23.0 25.0 72.0 24.0 39.0 26.0 42.0 23.0 23.0 33.0 26.0 24.0 38.0 30.0 75.0 48.0 52.0 52.0 66.0 65.0 41.0 52.0 40.0 28.0 52.0 25.0 26.0 52.0 24.0 26.0 68.0 25.0 33.0 30.0 38.0 35.0 45.0 38.0 25.0 60.0 37.0 30.0 25.0 39.0 25.0 28.0 33.0 25.0 24.0 46.0 23.0 28.0 62.0 58.0 25.0 38.0 25.0 23.0 37.0 24.0 24.0 37.0 64.0 23.0 63.0 27.0 24.0 39.0 23.0 23.0 28.0 32.0 61.0 24.0 67.0 31.0 23.0 76.0 23.0 25.0 27.0 25.0 41.0 24.0 37.0 29.0 32.0 35.0 36.0 42.0 26.0 28.0 25.0 24.0 79.0 24.0 24.0 50.0 28.0 35.0 39.0 28.0 24.0 26.0 76.0 25.0 26.0 31.0 25.0 30.0 25.0 57.0 60.0 25.0 32.0 25.0 57.0 28.0 24.0 58.0 61.0 23.0 27.0 38.0 25.0 33.0 33.0 38.0 23.0 31.0 105.0 33.0
38 39 1 TRACE 25.0 23.0 20.0 26.0 40.0 20.0 28.0 21.0 62.0 19.0 23.0 62.0 23.0 21.0 40.0 20.0 30.0 27.0 26.0 23.0 49.0 34.0 28.0 32.0 20.0 21.0 22.0 24.0 45.0 21.0 21.0 20.0 21.0 23.0 20.0 21.0 87.0 21.0 29.0 20.0 21.0 24.0 22.0 21.0 37.0 23.0 31.0 28.0 21.0 25.0 20.0 26.0 25.0 20.0 20.0 29.0 27.0 21.0 21.0 26.0 22.0 24.0 21.0 21.0 21.0 24.0 21.0 25.0 28.0 20.0 19.0 50.0 32.0 50.0 51.0 36.0 69.0 53.0 45.0 80.0 52.0 23.0 27.0 24.0 22.0 21.0 63.0 48.0 21.0 27.0 20.0 20.0 22.0 22.0 22.0 59.0 22.0 18.0 20.0 22.0 25.0 22.0 21.0 21.0 26.0 22.0 21.0 19.0 25.0 21.0 25.0 26.0 19.0 31.0 26.0 39.0 34.0 22.0 19.0 19.0 58.0 23.0 20.0 20.0 62.0 54.0 21.0 20.0 57.0 20.0 19.0 23.0 20.0 25.0 21.0 21.0 31.0 20.0 29.0 21.0 22.0 22.0 21.0 41.0 20.0 21.0 61.0 61.0 21.0 20.0 61.0 19.0 20.0 21.0 60.0 19.0 25.0 20.0 20.0 24.0 20.0 64.0 20.0 23.0 21.0 23.0 22.0 23.0 21.0 20.0 25.0 53.0 57.0 22.0 20.0 22.0 19.0 27.0 22.0 20.0 19.0 20.0 23.0 20.0 21.0 20.0 63.0 22.0 26.0 64.0 26.0
39 25 1 TRACE 22.0 20.0 14.0 15.0 14.0 15.0 16.0 15.0 15.0 14.0 24.0 14.0 16.0 15.0 15.0 17.0 15.0 14.0 21.0 15.0 14.0 15.0 16.0 15.0 14.0 15.0 31.0 33.0 27.0 17.0 17.0 28.0 15.0 15.0 17.0 15.0 15.0 15.0 14.0 21.0 14.0 16.0 15.0 14.0 52.0 17.0 16.0 15.0 15.0 14.0 14.0 22.0 15.0 14.0 15.0 15.0 14.0 14.0 22.0 18.0 54.0 18.0 14.0 14.0 14.0 15.0 16.0 20.0
39 40 1 TRACE 30.0 23.0 23.0 23.0 40.0 40.0 22.0 23.0 23.0 24.0 41.0 22.0 61.0 24.0 25.0 29.0 23.0 22.0 28.0 63.0 24.0 28.0 22.0 23.0 31.0 56.0 49.0 33.0 29.0 24.0 23.0 27.0 23.0 22.0 23.0 23.0 24.0 58.0 60.0 23.0 27.0 23.0 23.0 33.0 60.0 25.0 22.0 60.0 61.0 28.0 34.0 22.0 24.0 23.0 62.0 60.0 22.0 23.0 22.0 56.0 22.0 22.0 36.0 26.0
39 51 1 TRACE 28.0 22.0 25.0 24.0 60.0 58.0 25.0 23.0 23.0 27.0 23.0 22.0 24.0 23.0 25.0 24.0 23.0 63.0 67.0 64.0 23.0 23.0 23.0 39.0 70.0 28.0 25.0 27.0 43.0 26.0 23.0 29.0 23.0 22.0 57.0 36.0 25.0 22.0 23.0 22.0 67.0 22.0 22.0 22.0 25.0 60.0 59.0 26.0 23.0 27.0 22.0 25.0 48.0 24.0 24.0 22.0 62.0 25.0 30.0
40 41 1 TRACE 37.0 22.0 21.0 31.0 29.0 25.0 30.0 19.0 42.0 25.0 20.0 24.0 41.0 33.0 23.0 36.0 40.0 37.0 25.0 38.0 24.0 36.0 25.0 31.0 35.0 33.0 27.0 45.0 47.0 28.0 28.0 31.0 27.0 24.0 23.0 29.0 21.0 21.0 20.0 40.0 18.0 30.0 19.0 18.0 29.0 33.0 18.0 33.0 20.0 28.0 20.0 26.0 37.0 29.0 39.0 21.0 19.0 31.0 21.0 21.0 21.0 23.0 29.0 25.0
41 42 1 TRACE 17.0 12.0 11.0 12.0 11.0 11.0 11.0 12.0 11.0 13.0 12.0 12.0 12.0 11.0 11.0 13.0 12.0 11.0 12.0 12.0 12.0 12.0 12.0 11.0 12.0 11.0 12.0 13.0 11.0 12.0 12.0 11.0 11.0 12.0 11.0 12.0 13.0 12.0 17.0 13.0 12.0 11.0 12.0 11.0 12.0 12.0 12.0 11.0 12.0 11.0 11.0 12.0 11.0 11.0 12.0 11.0 11.0 13.0 11.0 12.0 12.0 12.0 13.0 12.0 12.0 11.0 13.0 14.0 13.0 12.0 12.0 12.0 25.0 14.0 12.0 13.0 13.0 14.0 13.0 14.0 13.0 14.0 13.0 13.0 15.0 12.0 12.0 13.0 12.0 23.0 12.0 12.0 12.0 12.0 11.0 11.0 13.0 12.0 11.0 12.0 11.0 11.0 12.0 12.0 12.0 13.0 12.0 11.0 12.0 11.0 11.0 12.0 12.0 12.0 12.0 11.0 12.0 12.0 12.0 12.0 12.0 12.0 11.0 11.0 13.0 12.0 11.0 12.0 12.0 11.0 11.0 11.0 12.0 12.0 13.0 12.0 12.0 12.0 12.0 12.0 11.0 11.0 11.0 12.0 12.0 12.0 11.0 11.0 11.0 11.0 12.0 11.0 11.0 12.0 11.0 11.0 13.0 12.0 11.0 13.0 11.0 11.0 12.0 12.0 11.0 12.0 11.0 11.0 12.0 11.0 12.0 12.0 12.0 12.0 13.0 12.0 11.0 12.0 12.0 11.0 12.0 12.0 12.0 12.0 13.0 12.0 11.0 11.0 12.0 11.0 12.0 12.0 12.0 13.0 12.0 12.0
42 43 1 TRACE 16.0 11.0 11.0 10.0 11.0 11.0 11.0 11.0 11.0 11.0 11.0 10.0 11.0 10.0 10.0 12.0 11.0 10.0 11.0 10.0 11.0 11.0 11.0 11.0 11.0 10.0 11.0 11.0 11.0 10.0 11.0 11.0 11.0 11.0 11.0 11.0 12.0 12.0 11.0 12.0 11.0 10.0 11.0 10.0 11.0 11.0 11.0 11.0 11.0 10.0 11.0 11.0 10.0 11.0 11.0 11.0 11.0 11.0 10.0 11.0 11.0 11.0 11.0 11.0 10.0 10.0 11.0 11.0 12.0 11.0 11.0 11.0 23.0 13.0 11.0 12.0 12.0 13.0 12.0 13.0 13.0 27.0 12.0 12.0 12.0 12.0 11.0 12.0 11.0 11.0 11.0 17.0 11.0 11.0 10.0 10.0 11.0 11.0 11.0 11.0 10.0 10.0 12.0 11.0 11.0 11.0 11.0 11.0 11.0 11.0 11.0 11.0 11.0 11.0 11.0 11.0 11.0 11.0 11.0 10.0 11.0 11.0 10.0 11.0 12.0 11.0 11.0 10.0 17.0 11.0 11.0 10.0 11.0 11.0 11.0 11.0 11.0 11.0 10.0 10.0 10.0 10.0 10.0 11.0 10.0 11.0 10.0 10.0 11.0 11.0 11.0 11.0 11.0 11.0 10.0 10.0 11.0 11.0 11.0 11.0 11.0 10.0 11.0 11.0 11.0 11.0 11.0 10.0 11.0 11.0 11.0 11.0 11.0 11.0 12.0 11.0 10.0 11.0 11.0 10.0 11.0 11.0 12.0 12.0 13.0 11.0 11.0 11.0 11.0 10.0 11.0 11.0 11.0 12.0 11.0 11.0
43 44 1 TRACE 12.0 8.0 8.0 7.0 8.0 8.0 8.0 8.0 8.0 8.0 8.0 7.0 8.0 8.0 8.0 8.0 8.0 7.0 8.0 8.0 8.0 8.0 8.0 8.0 8.0 8.0 8.0 8.0 8.0 7.0 8.0 8.0 8.0 8.0 8.0 8.0 8.0 8.0 8.0 9.0 8.0 7.0 8.0 8.0 8.0 8.0 8.0 8.0 8.0 8.0 8.0 7.0 7.0 8.0 8.0 8.0 8.0 8.0 7.0 11.0 7.0 8.0 8.0 8.0 8.0 8.0 8.0 8.0 9.0 8.0 8.0 8.0 20.0 10.0 8.0 9.0 9.0 10.0 9.0 9.0 9.0 10.0 9.0 8.0 8.0 8.0 8.0 9.0 8.0 8.0 8.0 9.0 8.0 8.0 7.0 7.0 9.0 8.0 8.0 8.0 8.0 8.0 8.0 8.0 8.0 8.0 8.0 8.0 8.0 8.0 8.0 8.0 8.0 8.0 8.0 8.0 7.0 8.0 8.0 7.0 8.0 8.0 7.0 8.0 30.0 8.0 8.0 7.0 9.0 8.0 8.0 8.0 7.0 8.0 8.0 8.0 8.0 7.0 7.0 7.0 8.0 7.0 7.0 8.0 8.0 8.0 8.0 7.0 7.0 8.0 8.0 8.0 8.0 8.0 7.0 8.0 8.0 8.0 8.0 8.0 8.0 8.0 8.0 9.0 8.0 8.0 8.0 8.0 8.0 8.0 8.0 8.0 8.0 8.0 9.0 8.0 8.0 8.0 8.0 7.0 8.0 9.0 8.0 8.0 8.0 8.0 8.0 8.0 8.0 8.0 8.0 8.0 8.0 8.0 8.0 8.0
44 45 1 TRACE 35.0 43.0 37.0 20.0 20.0 19.0 36.0 21.0 18.0 19.0 19.0 19.0 25.0 19.0 18.0 17.0 37.0 19.0 17.0 16.0 39.0 29.0 20.0 17.0 17.0 25.0 19.0 38.0 20.0 26.0 55.0 40.0 20.0 18.0 32.0 40.0 47.0 17.0 55.0 16.0 18.0 35.0 21.0 20.0 19.0 42.0 28.0 20.0 20.0 20.0 19.0 28.0 22.0 20.0 50.0 21.0 20.0 16.0 21.0 17.0 18.0 19.0 55.0 19.0 54.0 58.0 16.0 16.0 55.0 17.0 17.0 51.0 34.0 22.0 162.0 71.0 63.0 37.0 68.0 32.0 26.0 15.0 24.0 30.0 58.0 17.0 34.0 52.0 19.0 34.0 21.0 15.0 35.0 20.0 21.0 17.0 73.0 17.0 18.0 56.0 21.0 20.0 57.0 39.0 22.0 60.0 21.0 19.0 57.0 20.0 20.0 56.0 21.0 20.0 42.0 24.0 20.0 19.0 21.0 20.0 48.0 56.0 19.0 20.0 17.0 36.0 22.0 23.0 15.0 34.0 26.0 20.0 19.0 53.0 22.0 17.0 17.0 21.0 58.0 19.0 21.0 57.0 70.0 18.0 22.0 61.0 19.0 25.0 61.0 21.0 37.0 62.0 20.0 40.0 63.0 18.0 21.0 61.0 20.0 19.0 59.0 18.0 17.0 57.0 17.0 25.0 58.0 20.0 24.0 55.0 19.0 30.0 16.0 54.0 16.0 25.0 19.0 58.0 21.0 32.0 56.0 18.0 20.0 17.0 15.0 15.0 56.0 20.0 17.0 57.0 31.0 57.0 52.0 22.0 59.0 58.0
45 46 1 TRACE 26.0 13.0 13.0 14.0 13.0 13.0 14.0 14.0 22.0 13.0 13.0 12.0 13.0 13.0 12.0 13.0 12.0 12.0 13.0 13.0 12.0 13.0 14.0 12.0 13.0 13.0 13.0 14.0 13.0 14.0 13.0 13.0 18.0 14.0 13.0 15.0 13.0 13.0 12.0 13.0 13.0 12.0 14.0 12.0 13.0 14.0 13.0 12.0 14.0 14.0 13.0 22.0 12.0 12.0 13.0 12.0 18.0 13.0 13.0 15.0 14.0 13.0 13.0 15.0 13.0 13.0 13.0 13.0 13.0 12.0 13.0 12.0 29.0 15.0 35.0 16.0 16.0 15.0 20.0 15.0 15.0 52.0 14.0 13.0 14.0 14.0 13.0 13.0 13.0 13.0 12.0 13.0 12.0 52.0 12.0 13.0 14.0 13.0 12.0 13.0 13.0 12.0 13.0 13.0 12.0 13.0 13.0 12.0 12.0 13.0 13.0 13.0 13.0 13.0 13.0 13.0 13.0 13.0 13.0 13.0 13.0 13.0 13.0 13.0 14.0 13.0 14.0 13.0 13.0 12.0 13.0 12.0 12.0 12.0 13.0 13.0 13.0 13.0 14.0 13.0 13.0 13.0 13.0 13.0 13.0 13.0 13.0 14.0 13.0 14.0 13.0 13.0 13.0 14.0 13.0 13.0 12.0 13.0 13.0 13.0 13.0 13.0 13.0 13.0 24.0 13.0 14.0 13.0 12.0 13.0 13.0 13.0 13.0 13.0 13.0 12.0 12.0 13.0 13.0 12.0 13.0 13.0 13.0 13.0 13.0 13.0 12.0 13.0 13.0 12.0 13.0 14.0 15.0 12.0 13.0 13.0
46 47 1 TRACE 113.0 45.0 36.0 108.0 45.0 33.0 99.0 40.0 32.0 70.0 38.0 40.0 76.0 37.0 34.0 116.0 37.0 34.0 73.0 36.0 32.0 97.0 45.0 33.0 65.0 34.0 33.0 83.0 38.0 32.0 133.0 46.0 33.0 109.0 59.0 56.0 65.0 33.0 33.0 75.0 41.0 48.0 84.0 52.0 34.0 67.0 34.0 33.0 65.0 34.0 34.0 66.0 35.0 40.0 81.0 38.0 33.0 93.0 36.0 32.0 93.0 77.0 66.0 67.0 52.0 32.0 94.0 39.0 77.0 71.0 36.0 44.0 168.0 134.0 49.0 89.0 75.0 106.0 93.0 80.0 131.0 71.0 43.0 70.0 87.0 35.0 57.0 77.0 37.0 51.0 70.0 49.0 108.0 67.0 36.0 84.0 75.0 36.0 78.0 77.0 39.0 75.0 80.0 36.0 75.0 68.0 37.0 76.0 93.0 40.0 78.0 127.0 41.0 76.0 132.0 41.0 79.0 64.0 75.0 35.0 129.0 56.0 33.0 35.0 72.0 94.0 32.0 96.0 96.0 55.0 133.0 53.0 76.0 49.0 104.0 36.0 75.0 110.0 33.0 78.0 138.0 53.0 52.0 34.0 70.0 34.0 77.0 102.0 42.0 80.0 71.0 35.0 77.0 134.0 73.0 79.0 86.0 37.0 76.0 73.0 63.0 77.0 73.0 35.0 109.0 98.0 85.0 34.0 131.0 47.0 64.0 99.0 54.0 40.0 33.0 67.0 36.0 41.0 98.0 39.0 42.0 105.0 44.0 78.0 100.0 41.0 40.0 90.0 39.0 40.0 69.0 43.0 67.0 80.0 45.0 68.0
47 48 1 TRACE 13.0 18.0 10.0 13.0 8.0 9.0 10.0 10.0 8.0 9.0 11.0 11.0 8.0 10.0 18.0 17.0 8.0 10.0 11.0 11.0 8.0 10.0 11.0 11.0 8.0 15.0 17.0 16.0 8.0 10.0 11.0 11.0 7.0 10.0 11.0 10.0 8.0 10.0 13.0 13.0 8.0 10.0 10.0 10.0 8.0 10.0 11.0 11.0 8.0 10.0 20.0 12.0 8.0 9.0 12.0 10.0 8.0 10.0 11.0 10.0 8.0 9.0 12.0 12.0 8.0 9.0 37.0 11.0 8.0 10.0 10.0 10.0 8.0 9.0 12.0 13.0 8.0 10.0 9.0 9.0 8.0 10.0 12.0 11.0 8.0 10.0 19.0 14.0 7.0 9.0 11.0 11.0 8.0 10.0 11.0 10.0 8.0 9.0 11.0 11.0 8.0 30.0 11.0 11.0 8.0 15.0 10.0 10.0 8.0 12.0 11.0 12.0 8.0 10.0 11.0 10.0 8.0 10.0 10.0 11.0 8.0 11.0 18.0 15.0 7.0 9.0 11.0 11.0 8.0 13.0 11.0 11.0 9.0 26.0 11.0 13.0 8.0 10.0 10.0 10.0 8.0 10.0 11.0 10.0 8.0 10.0 12.0 11.0 8.0 10.0 9.0 10.0 8.0 10.0 10.0 10.0 8.0 10.0 10.0 10.0 8.0 10.0 9.0 14.0 8.0 10.0 11.0 11.0 8.0 53.0 13.0 14.0 7.0 10.0 11.0 11.0 8.0 9.0 10.0 15.0 7.0 16.0 11.0 10.0 8.0 10.0 10.0 10.0 8.0 10.0 15.0 10.0 8.0 10.0 13.0 11.0 8.0 10.0 11.0 10.0 8.0 15.0 9.0 12.0 7.0 11.0 13.0 12.0 8.0 10.0 10.0 10.0 11.0 10.0 10.0 11.0 8.0 10.0 13.0 14.0 7.0 10.0 11.0 10.0 8.0 9.0 12.0 12.0 8.0 10.0 9.0 13.0 7.0 9.0 11.0 10.0 8.0 10.0 10.0 10.0 8.0 10.0 10.0 13.0 7.0 10.0 9.0 13.0 8.0 9.0 11.0 10.0 8.0 9.0 10.0 10.0 8.0 10.0 9.0 10.0 8.0 9.0 11.0 10.0 9.0 10.0 10.0 17.0 9.0 10.0 10.0 11.0 8.0 10.0 9.0 12.0 8.0 22.0 14.0 10.0 8.0 10.0 10.0 10.0 8.0 10.0 17.0 10.0 8.0 10.0 49.0 25.0 9.0 20.0 36.0 42.0 10.0 11.0 11.0 24.0 24.0 12.0 57.0 17.0 9.0 10.0 38.0 12.0 9.0 11.0 10.0 50.0 10.0 11.0 29.0 15.0 9.0 10.0 17.0 13.0 9.0 11.0 13.0 21.0 8.0 11.0 17.0 11.0 9.0 11.0 11.0 12.0 8.0 10.0 61.0 12.0 9.0 10.0 15.0 13.0 8.0 10.0 16.0 12.0 9.0 10.0 63.0 12.0 9.0 10.0 15.0 14.0 9.0 46.0 10.0 10.0 7.0 10.0 51.0 10.0 8.0 50.0 16.0 13.0 8.0 9.0 17.0 15.0 7.0 9.0 12.0 11.0 8.0 49.0 14.0 12.0 8.0 44.0 11.0 10.0 8.0 10.0 10.0 13.0 9.0 10.0 13.0 12.0 9.0 10.0 10.0 10.0 9.0 10.0 11.0 10.0 8.0 10.0 16.0 36.0 8.0 9.0 10.0 10.0 8.0 10.0 10.0 10.0 9.0 49.0 13.0 13.0 8.0 10.0 13.0 12.0 8.0 10.0 11.0 10.0 8.0 10.0 14.0 11.0 8.0 10.0 11.0 10.0 8.0 10.0 12.0 12.0 8.0 12.0 15.0 13.0 8.0 9.0 10.0 10.0 8.0 9.0 10.0 11.0 8.0 14.0 15.0 15.0 7.0 10.0 11.0 10.0 8.0 9.0 11.0 11.0 8.0 10.0 18.0 17.0 8.0 10.0 12.0 12.0 8.0 9.0 10.0 11.0 8.0 10.0 10.0 11.0 8.0 9.0 11.0 10.0 7.0 9.0 10.0 10.0 8.0 10.0 27.0 21.0 8.0 10.0 11.0 11.0 8.0 10.0 10.0 11.0 8.0 9.0 10.0 11.0 9.0 10.0 9.0 13.0 7.0 10.0 12.0 11.0 7.0 10.0 11.0 11.0 8.0 10.0 18.0 18.0 8.0 10.0 10.0 13.0 8.0 9.0 11.0 10.0 8.0 10.0 26.0 16.0 8.0 10.0 11.0 11.0 8.0 9.0 10.0 10.0 8.0 10.0 9.0 12.0 9.0 10.0 11.0 13.0 9.0 10.0 10.0 11.0 9.0 10.0 10.0 11.0 8.0 10.0 15.0 13.0 8.0 10.0 11.0 10.0 8.0 9.0 11.0 10.0 8.0 10.0 17.0 17.0 8.0 10.0 18.0 17.0 8.0 10.0 10.0 10.0 8.0 9.0 11.0 10.0 8.0 9.0 12.0 11.0 8.0 10.0 11.0 10.0 8.0 10.0 13.0 13.0 8.0 10.0 19.0 17.0 8.0 10.0 11.0 10.0 8.0 9.0 11.0 10.0 8.0 11.0 12.0 11.0 8.0 10.0 11.0 11.0 8.0 9.0 11.0 10.0 8.0 10.0 16.0 16.0 8.0 10.0 12.0 11.0 7.0 10.0 11.0 10.0 8.0 10.0 10.0 15.0 8.0 9.0 10.0 10.0 8.0 10.0 11.0 10.0 8.0 12.0 13.0 12.0 7.0 10.0 10.0 10.0 8.0 9.0 10.0 9.0 8.0 10.0 10.0 13.0 8.0 10.0 9.0 9.0 7.0 10.0 9.0 13.0 8.0 9.0 10.0 12.0 8.0 10.0 9.0 12.0 8.0 10.0 10.0 10.0 8.0 10.0 15.0 15.0 8.0 10.0 10.0 10.0 8.0 10.0 10.0 10.0 9.0 14.0 27.0 20.0 8.0 10.0 12.0 11.0 8.0 10.0 10.0 11.0 8.0 20.0 10.0 12.0 7.0 10.0 12.0 12.0 8.0 9.0 11.0 11.0 8.0 9.0 11.0 10.0 8.0 12.0 20.0 17.0 8.0 12.0 10.0 10.0 8.0 9.0 9.0 11.0 9.0 11.0 19.0 16.0 8.0 28.0 10.0 11.0 8.0 10.0 10.0 10.0 8.0 10.0 15.0 13.0 8.0 11.0 11.0 30.0 8.0 10.0 10.0 10.0 8.0 19.0 13.0 51.0 8.0 9.0 11.0 11.0 8.0 9.0 11.0 11.0 8.0 9.0 12.0 12.0 8.0 9.0 10.0 11.0 8.0 10.0 12.0 12.0 8.0 11.0 12.0 16.0 8.0 10.0 10.0 10.0 8.0 10.0 10.0 10.0
48 49 1 TRACE 15.0 28.0 17.0 15.0 8.0 13.0 13.0 13.0 8.0 9.0 10.0 10.0 11.0 21.0 17.0 14.0 9.0 16.0 12.0 12.0 8.0 11.0 9.0 10.0 11.0 20.0 18.0 14.0 8.0 15.0 12.0 12.0 7.0 9.0 10.0 10.0 12.0 22.0 17.0 13.0 7.0 11.0 11.0 11.0 7.0 10.0 10.0 11.0 12.0 41.0 17.0 13.0 8.0 12.0 11.0 10.0 7.0 10.0 9.0 10.0 12.0 24.0 17.0 14.0 8.0 16.0 11.0 12.0 8.0 11.0 10.0 10.0 11.0 24.0 17.0 14.0 7.0 12.0 10.0 10.0 7.0 12.0 10.0 11.0 11.0 31.0 17.0 14.0 8.0 15.0 12.0 13.0 8.0 11.0 10.0 10.0 10.0 22.0 14.0 13.0 7.0 13.0 10.0 10.0 7.0 10.0 11.0 11.0 12.0 20.0 14.0 14.0 8.0 12.0 11.0 11.0 10.0 10.0 10.0 10.0 11.0 21.0 17.0 14.0 8.0 16.0 12.0 12.0 7.0 10.0 10.0 10.0 13.0 25.0 17.0 16.0 8.0 11.0 11.0 11.0 8.0 10.0 10.0 10.0 11.0 20.0 14.0 13.0 8.0 11.0 10.0 10.0 7.0 11.0 9.0 13.0 12.0 21.0 14.0 12.0 18.0 11.0 10.0 13.0 7.0 11.0 10.0 10.0 12.0 23.0 18.0 14.0 7.0 12.0 11.0 11.0 7.0 12.0 10.0 10.0 11.0 24.0 14.0 14.0 7.0 10.0 11.0 11.0 8.0 11.0 9.0 10.0 10.0 22.0 14.0 13.0 8.0 10.0 10.0 10.0 8.0 10.0 11.0 11.0 11.0 20.0 14.0 14.0 7.0 10.0 10.0 10.0 7.0 10.0 10.0 10.0 12.0 28.0 17.0 14.0 7.0 15.0 11.0 11.0 7.0 14.0 10.0 11.0 11.0 26.0 14.0 13.0 7.0 12.0 10.0 10.0 8.0 13.0 10.0 11.0 12.0 22.0 18.0 13.0 8.0 11.0 11.0 14.0 7.0 9.0 10.0 10.0 11.0 20.0 13.0 13.0 8.0 10.0 10.0 11.0 7.0 11.0 10.0 10.0 13.0 20.0 17.0 14.0 9.0 11.0 11.0 11.0 7.0 10.0 10.0 13.0 12.0 19.0 15.0 13.0 8.0 10.0 11.0 10.0 7.0 10.0 10.0 10.0 11.0 28.0 20.0 16.0 19.0 11.0 14.0 28.0 10.0 23.0 12.0 35.0 13.0 44.0 20.0 15.0 8.0 56.0 23.0 12.0 19.0 11.0 12.0 15.0 14.0 35.0 26.0 15.0 9.0 12.0 13.0 63.0 8.0 11.0 56.0 29.0 12.0 21.0 15.0 13.0 8.0 11.0 11.0 18.0 8.0 15.0 11.0 12.0 11.0 22.0 15.0 14.0 8.0 50.0 10.0 12.0 8.0 10.0 10.0 15.0 12.0 27.0 17.0 14.0 8.0 14.0 12.0 11.0 7.0 9.0 10.0 10.0 12.0 20.0 18.0 14.0 8.0 39.0 11.0 13.0 7.0 9.0 11.0 10.0 12.0 20.0 14.0 15.0 8.0 56.0 11.0 11.0 8.0 10.0 10.0 13.0 13.0 20.0 18.0 15.0 8.0 55.0 11.0 11.0 8.0 10.0 10.0 10.0 12.0 33.0 18.0 16.0 7.0 55.0 11.0 11.0 7.0 9.0 10.0 11.0 12.0 23.0 17.0 14.0 8.0 59.0 25.0 12.0 8.0 9.0 10.0 10.0 12.0 24.0 15.0 13.0 7.0 14.0 10.0 10.0 7.0 14.0 10.0 10.0 12.0 24.0 17.0 13.0 7.0 17.0 11.0 12.0 7.0 9.0 10.0 10.0 12.0 27.0 17.0 13.0 8.0 17.0 12.0 11.0 8.0 9.0 9.0 11.0 11.0 21.0 17.0 14.0 8.0 17.0 12.0 12.0 8.0 10.0 10.0 10.0 10.0 23.0 13.0 13.0 8.0 9.0 10.0 10.0 7.0 10.0 9.0 10.0 10.0 16.0 17.0 13.0 9.0 20.0 14.0 13.0 8.0 11.0 10.0 10.0 7.0 11.0 10.0 10.0 13.0 38.0 14.0 17.0 7.0 10.0 10.0 10.0 7.0 11.0 10.0 11.0 11.0 33.0 17.0 13.0 8.0 12.0 13.0 15.0 7.0 10.0 10.0 10.0 9.0 29.0 17.0 14.0 9.0 21.0 14.0 13.0 7.0 10.0 10.0 10.0 7.0 9.0 10.0 23.0 12.0 26.0 17.0 14.0 8.0 11.0 11.0 10.0 8.0 9.0 10.0 10.0 11.0 29.0 14.0 13.0 8.0 11.0 11.0 10.0 7.0 9.0 9.0 10.0 10.0 23.0 16.0 13.0 9.0 69.0 14.0 16.0 8.0 10.0 10.0 10.0 8.0 10.0 10.0 10.0 11.0 21.0 15.0 13.0 8.0 11.0 10.0 11.0 8.0 13.0 10.0 11.0 12.0 33.0 18.0 14.0 9.0 15.0 13.0 12.0 7.0 10.0 10.0 10.0 12.0 24.0 14.0 13.0 7.0 11.0 10.0 10.0 8.0 10.0 10.0 10.0 11.0 21.0 17.0 14.0 8.0 13.0 12.0 12.0 7.0 10.0 9.0 10.0 12.0 27.0 14.0 16.0 8.0 12.0 10.0 11.0 8.0 10.0 10.0 10.0 11.0 20.0 14.0 14.0 7.0 11.0 10.0 11.0 8.0 10.0 9.0 10.0 12.0 21.0 17.0 14.0 14.0 11.0 11.0 10.0 7.0 9.0 10.0 24.0 11.0 31.0 14.0 13.0 7.0 10.0 9.0 13.0 7.0 10.0 9.0 15.0 12.0 23.0 17.0 14.0 8.0 12.0 12.0 11.0 7.0 10.0 16.0 12.0 10.0 25.0 18.0 13.0 10.0 19.0 14.0 13.0 8.0 11.0 18.0 10.0 8.0 14.0 10.0 13.0 11.0 26.0 14.0 52.0 7.0 11.0 10.0 10.0 8.0 9.0 10.0 11.0 11.0 28.0 17.0 54.0 8.0 16.0 12.0 12.0 8.0 10.0 10.0 10.0 12.0 32.0 18.0 53.0 9.0 31.0 12.0 21.0 7.0 10.0 10.0 11.0 12.0 25.0 17.0 51.0 9.0 13.0 12.0 15.0 8.0 9.0 10.0 11.0 12.0 24.0 17.0 18.0 8.0 12.0 11.0 12.0 8.0 9.0 10.0 10.0 11.0 23.0 14.0 13.0 7.0 9.0 11.0 11.0 8.0 9.0 10.0 10.0 12.0 27.0 17.0 14.0 8.0 10.0 11.0 10.0 8.0 12.0 9.0 10.0
49 47 1 TRACE 60.0 78.0 55.0 28.0 29.0 23.0 19.0 17.0 18.0 60.0 47.0 40.0 29.0 25.0 23.0 20.0 17.0 17.0 54.0 44.0 36.0 26.0 23.0 22.0 16.0 16.0 17.0 39.0 33.0 27.0 21.0 20.0 19.0 19.0 18.0 17.0 45.0 36.0 30.0 25.0 21.0 19.0 19.0 17.0 16.0 46.0 38.0 31.0 30.0 21.0 20.0 19.0 17.0 16.0 41.0 33.0 29.0 22.0 19.0 19.0 25.0 16.0 16.0 64.0 50.0 42.0 29.0 25.0 24.0 20.0 18.0 16.0 37.0 30.0 27.0 19.0 19.0 18.0 49.0 18.0 17.0 45.0 37.0 31.0 75.0 20.0 21.0 20.0 17.0 17.0 73.0 47.0 38.0 45.0 24.0 23.0 17.0 16.0 16.0 50.0 66.0 49.0 23.0 22.0 22.0 17.0 16.0 16.0 34.0 31.0 27.0 53.0 18.0 17.0 16.0 16.0 53.0 40.0 34.0 39.0 41.0 30.0 29.0 35.0 17.0 16.0 45.0 37.0 30.0 48.0 21.0 20.0 45.0 24.0 50.0 38.0 32.0 29.0 17.0 18.0 18.0 20.0 16.0 18.0 36.0 30.0 26.0 21.0 18.0 17.0 36.0 18.0 16.0 35.0 32.0 27.0 22.0 18.0 19.0 19.0 18.0 18.0 49.0 37.0 30.0 57.0 21.0 20.0 19.0 17.0 15.0 53.0 39.0 48.0 52.0 19.0 18.0 17.0 16.0 16.0 48.0 47.0 32.0 34.0 32.0 31.0 18.0 18.0 17.0 44.0 31.0 29.0 31.0 27.0 34.0 21.0 17.0 16.0 51.0 40.0 35.0 31.0 23.0 22.0 29.0 27.0 27.0 40.0 33.0 29.0 21.0 20.0 19.0 17.0 16.0 16.0 74.0 53.0 86.0 36.0 32.0 22.0 19.0 35.0 57.0 57.0 50.0 67.0 22.0 32.0 33.0 17.0 21.0 24.0 75.0 43.0 37.0 25.0 25.0 22.0 25.0 25.0 18.0 36.0 33.0 28.0 28.0 49.0 54.0 20.0 17.0 18.0 37.0 33.0 27.0 23.0 18.0 28.0 18.0 16.0 16.0 43.0 36.0 30.0 41.0 22.0 20.0 28.0 27.0 27.0 42.0 33.0 28.0 22.0 19.0 47.0 20.0 18.0 15.0 37.0 32.0 27.0 21.0 18.0 18.0 18.0 50.0 27.0 42.0 34.0 30.0 20.0 21.0 20.0 17.0 16.0 16.0 63.0 37.0 30.0 23.0 20.0 21.0 18.0 18.0 17.0 43.0 36.0 31.0 28.0 21.0 20.0 17.0 16.0 16.0 41.0 32.0 27.0 56.0 18.0 18.0 30.0 16.0 15.0 51.0 41.0 34.0 59.0 22.0 21.0 19.0 18.0 17.0 53.0 43.0 34.0 66.0 23.0 22.0 19.0 18.0 16.0 71.0 45.0 37.0 103.0 23.0 22.0 19.0 19.0 16.0 110.0 30.0 28.0 19.0 19.0 17.0 51.0 17.0 16.0 109.0 59.0 46.0 34.0 29.0 24.0 55.0 17.0 16.0 18.0 17.0 16.0 55.0 49.0 43.0 21.0 21.0 18.0 18.0 17.0 17.0 107.0 47.0 39.0 29.0 33.0 57.0 18.0 18.0 18.0 69.0 54.0 53.0 114.0 29.0 25.0 19.0 19.0 16.0 28.0 26.0 27.0 48.0 33.0 28.0 63.0 19.0 18.0 17.0 17.0 17.0 55.0 31.0 27.0 29.0 18.0 19.0 18.0 17.0 16.0 68.0 60.0 52.0 41.0 32.0 24.0 19.0 18.0 17.0 18.0 17.0 16.0 39.0 31.0 27.0 25.0 18.0 18.0 23.0 16.0 15.0 59.0 46.0 38.0 33.0 24.0 25.0 19.0 18.0 18.0 40.0 34.0 28.0 26.0 20.0 19.0 19.0 18.0 17.0 56.0 43.0 35.0 31.0 23.0 22.0 19.0 18.0 16.0 77.0 42.0 44.0 58.0 20.0 19.0 19.0 18.0 16.0 34.0 30.0 26.0 29.0 37.0 19.0 19.0 18.0 17.0 41.0 35.0 30.0 21.0 20.0 19.0 29.0 27.0 27.0 36.0 31.0 26.0 30.0 27.0 28.0 18.0 17.0 17.0 51.0 40.0 34.0 24.0 22.0 23.0 30.0 26.0 18.0 69.0 55.0 50.0 31.0 29.0 26.0 18.0 18.0 17.0 41.0 21.0 21.0 87.0 31.0 28.0 22.0 18.0 18.0 19.0 17.0 16.0 81.0 62.0 35.0 27.0 22.0 22.0 19.0 19.0 16.0 60.0 46.0 39.0 29.0 25.0 23.0 18.0 17.0 16.0 55.0 43.0 37.0 27.0 24.0 22.0 17.0 17.0 25.0 48.0 39.0 33.0 26.0 22.0 21.0 19.0 17.0 17.0 42.0 33.0 28.0 22.0 21.0 18.0 18.0 17.0 15.0 68.0 36.0 29.0 21.0 21.0 28.0 18.0 16.0 17.0
49 50 1 TRACE 44.0 26.0 31.0 77.0 63.0 42.0 44.0 46.0 50.0 35.0 40.0 34.0 29.0 26.0 26.0 83.0 31.0 52.0 58.0 37.0 48.0 39.0 37.0 80.0 30.0 84.0 34.0 71.0 36.0 56.0 28.0 39.0 64.0 32.0 34.0 94.0 73.0 65.0 66.0 42.0 27.0 37.0 34.0 32.0 25.0 78.0 67.0 28.0 79.0 48.0 33.0 74.0 48.0 30.0 38.0 39.0 44.0 26.0 37.0 76.0 51.0 37.0 34.0 37.0 24.0 71.0 26.0 24.0 57.0 26.0 69.0 68.0 231.0 116.0 52.0 186.0 103.0 110.0 245.0 147.0 94.0 28.0 29.0 34.0 58.0 54.0 26.0 43.0 49.0 24.0 82.0 27.0 25.0 35.0 33.0 27.0 68.0 25.0 90.0 32.0 26.0 32.0 69.0 26.0 24.0 73.0 28.0 26.0 70.0 43.0 31.0 65.0 34.0 27.0 30.0 34.0 23.0 81.0 24.0 39.0 35.0 52.0 25.0 35.0 31.0 54.0 32.0 43.0 59.0 24.0 42.0 36.0 54.0 24.0 34.0 27.0 59.0 41.0 28.0 61.0 41.0 32.0 55.0 28.0 48.0 35.0 43.0 37.0 42.0 278.0 45.0 47.0 59.0 29.0 44.0 55.0 39.0 29.0 54.0 35.0 25.0 26.0 42.0 24.0 23.0 26.0 37.0 24.0 38.0 44.0 28.0 80.0 45.0 40.0 27.0 34.0 60.0 57.0 38.0 52.0 50.0 52.0 26.0 70.0 52.0 28.0 66.0 40.0 40.0 68.0 48.0 30.0 70.0 34.0 24.0 74.0
50 25 1 TRACE 39.0 18.0 20.0 18.0 18.0 18.0 18.0 19.0 55.0 54.0 19.0 31.0 18.0 22.0 17.0 29.0 18.0 18.0 18.0 19.0 19.0 20.0 19.0 30.0 45.0 21.0 21.0 20.0 20.0 18.0 25.0 17.0 18.0 18.0 20.0 18.0 18.0 19.0 18.0 19.0 19.0 17.0 17.0 19.0 25.0 18.0 19.0 18.0 20.0 21.0 18.0 32.0 18.0 18.0 20.0 21.0 25.0 19.0 23.0
50 41 1 TRACE 10.0 8.0 9.0 8.0 9.0 8.0 9.0 9.0 8.0 9.0 9.0 9.0 9.0 9.0 9.0 9.0 8.0 8.0 8.0 9.0 8.0 8.0 9.0 9.0 8.0 9.0 9.0 8.0 8.0 9.0 9.0 8.0 8.0 9.0 8.0 8.0 8.0 8.0 9.0 8.0 9.0 11.0 9.0 8.0 9.0 9.0 9.0 9.0 12.0 9.0 10.0 11.0 10.0 10.0 10.0 9.0 9.0 9.0 9.0 9.0 9.0 8.0 8.0 9.0 9.0 9.0 8.0 9.0 8.0 8.0 9.0 9.0 8.0 8.0 8.0 8.0 8.0 8.0 9.0 8.0 9.0 9.0 8.0 9.0 8.0 9.0 8.0 8.0 8.0 8.0 9.0 9.0 9.0 8.0 8.0 8.0 8.0 9.0 8.0 9.0 8.0 8.0 8.0 8.0 8.0 9.0 8.0 9.0 9.0 9.0 9.0 9.0 8.0 8.0 9.0 9.0 9.0 9.0 8.0 9.0 9.0 8.0 9.0 9.0 9.0 9.0 8.0 8.0 9.0 9.0 8.0 9.0
50 51 1 TRACE 31.0 26.0 28.0 27.0 62.0
51 52 1 TRACE 147.0 143.0 139.0 143.0 170.0 140.0 139.0 138.0 139.0 139.0 139.0 140.0 139.0 139.0 139.0 139.0 146.0 158.0 139.0 140.0 137.0 142.0 138.0 140.0 202.0 183.0 124.0 130.0 148.0 137.0 134.0 136.0 140.0 168.0 134.0 139.0 135.0 135.0 135.0 137.0 133.0 140.0 133.0 133.0 166.0 141.0 134.0 134.0 134.0 134.0 136.0 135.0 139.0 137.0 136.0 135.0 135.0 136.0 135.0 128.0 128.0 135.0 135.0 139.0
52 53 1 TRACE 28.0 62.0 54.0 26.0 36.0 56.0 51.0 58.0 20.0 21.0 20.0 20.0 20.0 49.0 59.0 75.0 21.0 21.0 21.0 21.0 21.0 21.0 24.0 21.0 51.0 45.0 23.0 32.0 24.0 20.0 29.0 27.0 21.0 21.0 42.0 20.0 20.0 20.0 20.0 20.0 20.0 22.0 20.0 21.0 23.0 19.0 20.0 20.0 39.0 43.0 21.0 20.0 21.0 21.0 21.0 20.0 20.0 22.0 39.0 20.0 58.0 20.0 21.0 27.0
53 54 1 TRACE 27.0 19.0 25.0 20.0 24.0 17.0 22.0 22.0 18.0 17.0 38.0 18.0 16.0 14.0 15.0 14.0 18.0 18.0 18.0 18.0 15.0 18.0 19.0 17.0 21.0 49.0 28.0 19.0 16.0 15.0 13.0 17.0 18.0 18.0 18.0 18.0 18.0 16.0 17.0 16.0 17.0 18.0 16.0 17.0 17.0 16.0 16.0 15.0 17.0 18.0 17.0 23.0 17.0 18.0 18.0 17.0 20.0 39.0 20.0 15.0 14.0 14.0 15.0 15.0
54 55 1 TRACE 44.0 21.0 21.0 21.0 20.0 27.0 19.0 20.0 19.0 19.0 20.0 20.0 20.0 19.0 19.0 20.0 20.0 20.0 21.0 20.0 19.0 20.0 19.0 20.0 21.0 22.0 21.0 20.0 19.0 20.0 20.0 19.0 20.0 22.0 20.0 20.0 20.0 19.0 20.0 19.0 19.0 20.0 24.0 19.0 19.0 20.0 19.0 20.0 20.0 20.0 25.0 22.0 20.0 20.0 19.0 19.0 19.0 19.0 20.0 27.0 20.0 19.0 19.0 19.0
55 56 1 TRACE 12.0 10.0 7.0 8.0 7.0 8.0 7.0 7.0 8.0 7.0 8.0 8.0 7.0 7.0 7.0 8.0 7.0 7.0 8.0 8.0 8.0 8.0 7.0 8.0 9.0 9.0 8.0 8.0 7.0 8.0 8.0 8.0 8.0 8.0 8.0 8.0 7.0 7.0 8.0 7.0 8.0 8.0 7.0 7.0 7.0 7.0 7.0 8.0 7.0 7.0 8.0 7.0 7.0 8.0 8.0 7.0 7.0 8.0 8.0 8.0 8.0 8.0 8.0 7.0
56 57 1 TRACE 11.0 7.0 8.0 7.0 8.0 8.0 8.0 8.0 7.0 8.0 7.0 7.0 8.0 8.0 8.0 7.0 8.0 8.0 7.0 7.0 8.0 8.0 8.0 7.0 9.0 8.0 8.0 7.0 8.0 7.0 7.0 8.0 7.0 8.0 7.0 7.0 8.0 8.0 7.0 8.0 7.0 10.0 8.0 8.0 8.0 8.0 8.0 7.0 8.0 8.0 7.0 8.0 8.0 8.0 7.0 8.0 8.0 7.0 7.0 7.0 7.0 7.0 8.0 8.0
57 58 1 TRACE 11.0 8.0 7.0 8.0 7.0 7.0 7.0 7.0 8.0 7.0 8.0 7.0 7.0 7.0 7.0 7.0 7.0 7.0 7.0 8.0 8.0 7.0 7.0 8.0 8.0 8.0 8.0 8.0 7.0 7.0 8.0 8.0 8.0 8.0 8.0 7.0 7.0 7.0 8.0 7.0 8.0 8.0 7.0 7.0 7.0 7.0 7.0 7.0 7.0 7.0 8.0 7.0 7.0 8.0 7.0 8.0 7.0 8.0 8.0 8.0 7.0 8.0 7.0 7.0
58 59 1 TRACE 62.0 8.0 8.0 8.0 8.0 8.0 8.0 8.0 8.0 8.0 9.0 8.0 8.0 8.0 8.0 8.0 8.0 8.0 8.0 8.0 8.0 8.0 8.0 8.0 21.0 9.0 9.0 8.0 8.0 8.0 8.0 8.0 8.0 9.0 8.0 9.0 8.0 8.0 9.0 8.0 8.0 9.0 8.0 8.0 8.0 8.0 8.0 8.0 8.0 12.0 8.0 8.0 8.0 8.0 8.0 8.0 8.0 8.0 8.0 8.0 8.0 8.0 8.0 8.0
59 60 1 TRACE 24.0 7.0 8.0 7.0 7.0 8.0 7.0 8.0 7.0 7.0 7.0 8.0 7.0 8.0 8.0 8.0 8.0 7.0 8.0 7.0 7.0 8.0 7.0 7.0 19.0 8.0 8.0 7.0 7.0 8.0 7.0 7.0 7.0 7.0 7.0 8.0 7.0 7.0 7.0 8.0 10.0 8.0 8.0 8.0 7.0 7.0 7.0 8.0 7.0 8.0 7.0 8.0 8.0 7.0 8.0 7.0 7.0 7.0 7.0 7.0 8.0 7.0 8.0 8.0
60 61 1 TRACE 8.0 8.0 8.0 7.0 8.0 7.0 8.0 7.0 7.0 8.0 7.0 7.0 8.0 7.0 8.0 8.0 8.0 8.0 7.0 7.0 7.0 7.0 7.0 7.0 8.0 8.0 7.0 7.0 8.0 7.0 7.0 8.0 7.0 19.0 7.0 7.0 8.0 8.0 7.0 8.0 7.0 7.0 7.0 8.0 7.0 8.0 7.0 7.0 8.0 7.0 8.0 8.0 8.0 7.0 7.0 7.0 7.0 7.0 7.0 7.0 7.0 7.0 8.0 8.0
61 62 1 TRACE 7.0 7.0 7.0 8.0 7.0 7.0 8.0 7.0 7.0 7.0 7.0 7.0 8.0 7.0 8.0 7.0 7.0 8.0 7.0 7.0 8.0 7.0 8.0 8.0 8.0 7.0 8.0 7.0 8.0 7.0 8.0 7.0 7.0 8.0 7.0 7.0 8.0 7.0 7.0 7.0 7.0 7.0 7.0 7.0 8.0 7.0 7.0 7.0 10.0 7.0 8.0 7.0 7.0 8.0 7.0 8.0 8.0 8.0 8.0 8.0 7.0 7.0 7.0 7.0
62 1 1 TRACE 28.0 24.0 31.0 30.0 56.0 23.0 30.0 30.0 18.0 18.0 19.0 19.0 31.0 30.0 31.0 18.0 30.0 31.0 27.0 29.0 33.0 19.0 19.0 19.0 42.0 20.0 19.0 18.0 19.0 18.0 18.0 18.0 18.0 19.0 19.0 18.0 18.0 17.0 18.0 27.0 25.0 24.0 21.0 18.0 18.0 18.0 18.0 18.0 25.0 24.0 21.0 19.0 19.0 18.0 19.0 19.0 18.0 19.0 19.0 20.0 18.0 19.0 18.0
