0 1 1 TRACE 1672857184157255.0
1 2 1 TRACE 10902.0 55.0 46.0 54.0 53.0 54.0 69.0 57.0 58.0 53.0 54.0 54.0 54.0 54.0 55.0 55.0 70.0 54.0 54.0 54.0 54.0 54.0 54.0 54.0 45.0 54.0 54.0 54.0 54.0 54.0 54.0 54.0 84.0 54.0 54.0 68.0 55.0 54.0 54.0 54.0 54.0 54.0 53.0 54.0 57.0 45.0 54.0 53.0 67.0 79.0 48.0 52.0 53.0 44.0 52.0 52.0 53.0 53.0 56.0 53.0 53.0 55.0 45.0 54.0
2 3 1 TRACE 530.0 44.0 137.0 101.0 89.0 65.0 51.0 55.0 33.0 93.0 57.0 119.0 90.0 28.0 29.0 30.0 31.0 29.0 30.0 72.0 78.0 42.0 57.0 79.0 103.0 38.0 29.0 32.0 66.0 44.0 34.0 50.0 63.0 74.0 102.0 47.0 73.0 32.0 49.0 29.0 31.0 45.0 28.0 31.0 45.0 28.0 28.0 29.0 34.0 40.0 32.0 40.0 64.0 194.0 85.0 58.0 77.0 38.0 28.0 55.0 36.0 30.0 44.0 63.0
3 4 1 TRACE 59.0 42.0 113.0 58.0 64.0 377.0 24.0 46.0 65.0 55.0 61.0 59.0 61.0 71.0 48.0 26.0 23.0 22.0 101.0 85.0 49.0 30.0 27.0 58.0 94.0 40.0 31.0 29.0 21.0 59.0 54.0 53.0 29.0 21.0 35.0 20.0 59.0 57.0 25.0 60.0 60.0 48.0 27.0 109.0 21.0 160.0 26.0 26.0 85.0 39.0 63.0 30.0 25.0 50.0 57.0 61.0 33.0 53.0 28.0 26.0 20.0 103.0 22.0 26.0
4 5 1 TRACE 22.0 46.0 18.0 13.0 13.0 163.0 13.0 30.0 84.0 13.0 25.0 16.0 14.0 18.0 13.0 14.0 27.0 14.0 14.0 18.0 14.0 14.0 14.0 14.0 215.0 19.0 14.0 14.0 15.0 14.0 17.0 15.0 24.0 52.0 13.0 14.0 14.0 25.0 14.0 16.0 195.0 14.0 14.0 20.0 15.0 24.0 15.0 19.0 14.0 32.0 20.0 48.0 14.0 210.0 44.0 28.0 34.0 16.0 13.0 14.0 14.0 13.0 14.0 25.0
5 6 1 TRACE 40.0 323.0 207.0 159.0 151.0 154.0 57.0 26.0 33.0 15.0 49.0 62.0 49.0 129.0 185.0 31.0 18.0 20.0 43.0 37.0 28.0 62.0 19.0 11.0 18.0 43.0 19.0 21.0 16.0 28.0 20.0 206.0 45.0 11.0 14.0 32.0 22.0 66.0 58.0 57.0 89.0 67.0 48.0 28.0 16.0 12.0 16.0 12.0 20.0 29.0 41.0 22.0 21.0 310.0 30.0 11.0 15.0 17.0 16.0 24.0 17.0 15.0 18.0 13.0
6 7 1 TRACE 106.0 11.0 121.0 88.0 32.0 149.0 143.0 102.0 155.0 124.0 137.0 162.0 136.0 42.0 20.0 104.0 15.0 24.0 8.0 8.0 11.0 15.0 8.0 26.0 14.0 21.0 14.0 13.0 12.0 13.0 8.0 17.0 14.0 39.0 27.0 16.0 70.0 8.0 8.0 12.0 15.0 26.0 14.0 8.0 12.0 66.0 9.0 9.0 14.0 10.0 15.0 8.0 12.0 13.0 8.0 9.0 11.0 9.0 15.0 8.0 25.0 19.0 21.0 9.0
7 8 1 TRACE 51.0 9.0 13.0 25.0 17.0 18.0 16.0 65.0 16.0 15.0 9.0 16.0 17.0 53.0 16.0 16.0 14.0 38.0 10.0 8.0 13.0 19.0 20.0 8.0 13.0 9.0 8.0 9.0 12.0 8.0 8.0 17.0 14.0 8.0 7.0 23.0 14.0 11.0 12.0 7.0 24.0 12.0 8.0 7.0 12.0 118.0 22.0 8.0 19.0 9.0 14.0 8.0 11.0 11.0 18.0 7.0 11.0 13.0 8.0 8.0 12.0 17.0 8.0 8.0
8 9 1 TRACE 22.0 9.0 12.0 20.0 12.0 14.0 17.0 35.0 11.0 19.0 9.0 33.0 17.0 22.0 23.0 16.0 14.0 7.0 57.0 9.0 12.0 7.0 10.0 9.0 13.0 8.0 7.0 8.0 11.0 8.0 7.0 17.0 14.0 13.0 14.0 18.0 15.0 15.0 16.0 7.0 11.0 12.0 9.0 14.0 22.0 36.0 8.0 8.0 13.0 15.0 13.0 8.0 11.0 11.0 17.0 13.0 11.0 12.0 8.0 12.0 25.0 17.0 8.0 7.0
9 10 1 TRACE 158.0 66.0 105.0 93.0 45.0 53.0 65.0 194.0 65.0 51.0 67.0 65.0 81.0 61.0 67.0 103.0 59.0 172.0 95.0 101.0 75.0 24.0 65.0 66.0 604.0 26.0 29.0 40.0 118.0 90.0 62.0 1284.0 61.0 61.0 95.0 77.0 66.0 63.0 72.0 37.0 31.0 27.0 67.0 67.0 104.0 56.0 84.0 96.0 63.0 157.0 76.0 92.0 128.0 40.0 65.0 64.0 58.0 37.0 96.0 39.0 24.0 32.0 27.0 24.0
10 11 1 TRACE 49.0 15.0 24.0 21.0 24.0 17.0 17.0 27.0 288.0 25.0 17.0 19.0 17.0 20.0 20.0 35.0 20.0 23.0 20.0 17.0 16.0 18.0 18.0 18.0 151.0 17.0 17.0 18.0 20.0 17.0 48.0 92.0 20.0 19.0 18.0 19.0 24.0 18.0 19.0 30.0 30.0 27.0 19.0 18.0 19.0 17.0 16.0 18.0 19.0 52.0 18.0 17.0 19.0 523.0 25.0 19.0 93.0 18.0 17.0 445.0 22.0 20.0 18.0 22.0
11 12 1 TRACE 38.0 26.0 17.0 40.0 16.0 18.0 24.0 18.0 56.0 20.0 176.0 27.0 23.0 18.0 17.0 41.0 81.0 27.0 52.0 18.0 16.0 25.0 17.0 24.0 16.0 25.0 18.0 17.0 16.0 20.0 23.0 1243.0 52.0 16.0 18.0 18.0 16.0 17.0 18.0 19.0 334.0 15.0 27.0 17.0 17.0 35.0 57.0 20.0 25.0 41.0 20.0 50.0 39.0 20.0 50.0 52.0 16.0 17.0 38.0 226.0 16.0 16.0 15.0 20.0
12 13 1 TRACE 25.0 44.0 18.0 25.0 19.0 45.0 27.0 474.0 133.0 21.0 136.0 18.0 19.0 18.0 18.0 15.0 98.0 53.0 23.0 19.0 19.0 30.0 19.0 17.0 82.0 19.0 17.0 16.0 19.0 21.0 15.0 161.0 25.0 18.0 17.0 25.0 18.0 21.0 19.0 43.0 300.0 19.0 38.0 19.0 54.0 18.0 15.0 17.0 18.0 65.0 23.0 20.0 35.0 336.0 20.0 34.0 18.0 18.0 21.0 627.0 19.0 31.0 19.0 18.0
13 14 1 TRACE 21.0 9.0 9.0 9.0 8.0 9.0 8.0 8.0 8.0 8.0 8.0 8.0 8.0 8.0 8.0 8.0 8.0 9.0 9.0 8.0 9.0 8.0 9.0 8.0 9.0 9.0 9.0 9.0 8.0 9.0 8.0 9.0 8.0 8.0 8.0 8.0 9.0 9.0 8.0 8.0 9.0 8.0 9.0 9.0 9.0 8.0 9.0 8.0 8.0 9.0 11.0 8.0 8.0 9.0 9.0 8.0 8.0 8.0 9.0 13.0 9.0 9.0 8.0 8.0
14 15 1 TRACE 27.0 15.0 14.0 26.0 14.0 14.0 13.0 14.0 14.0 14.0 18.0 14.0 14.0 14.0 13.0 40.0 14.0 13.0 14.0 14.0 14.0 14.0 14.0 14.0 34.0 13.0 14.0 14.0 13.0 14.0 14.0 36.0 14.0 14.0 13.0 14.0 14.0 14.0 13.0 14.0 13.0 25.0 13.0 14.0 13.0 14.0 14.0 38.0 14.0 14.0 18.0 14.0 13.0 38.0 14.0 14.0 14.0 14.0 14.0 14.0 14.0 68.0 15.0 14.0
15 16 1 TRACE 13.0 8.0 8.0 8.0 8.0 8.0 10.0 8.0 8.0 8.0 9.0 8.0 7.0 8.0 8.0 8.0 8.0 8.0 8.0 8.0 9.0 7.0 8.0 8.0 8.0 8.0 8.0 7.0 8.0 8.0 8.0 8.0 8.0 7.0 8.0 8.0 8.0 8.0 8.0 8.0 8.0 8.0 8.0 8.0 8.0 8.0 8.0 7.0 8.0 7.0 8.0 8.0 8.0 8.0 8.0 8.0 8.0 7.0 8.0 8.0 8.0 8.0 8.0 7.0
16 17 1 TRACE 63.0 50.0 41.0 58.0 43.0 50.0 30.0 604.0 402.0 71.0 150.0 68.0 39.0 56.0 83.0 34.0 87.0 40.0 112.0 36.0 54.0 44.0 46.0 35.0 39.0 34.0 37.0 65.0 74.0 37.0 44.0 169.0 76.0 75.0 38.0 41.0 55.0 68.0 69.0 44.0 536.0 88.0 74.0 46.0 69.0 83.0 37.0 71.0 78.0 128.0 35.0 58.0 35.0 393.0 72.0 74.0 94.0 40.0 35.0 32.0 36.0 49.0 35.0 42.0
17 18 1 TRACE 26.0 18.0 18.0 38.0 19.0 20.0 16.0 396.0 19.0 58.0 69.0 23.0 18.0 21.0 19.0 16.0 36.0 20.0 16.0 18.0 20.0 19.0 30.0 18.0 17.0 17.0 18.0 16.0 18.0 235.0 27.0 243.0 21.0 21.0 36.0 18.0 15.0 61.0 18.0 25.0 146.0 20.0 16.0 14.0 18.0 52.0 17.0 17.0 18.0 35.0 26.0 18.0 22.0 71.0 18.0 18.0 18.0 24.0 24.0 23.0 18.0 33.0 18.0 18.0
18 19 1 TRACE 34.0 28.0 21.0 60.0 15.0 19.0 39.0 22.0 381.0 14.0 354.0 20.0 18.0 40.0 15.0 18.0 43.0 23.0 17.0 24.0 15.0 15.0 17.0 17.0 18.0 18.0 16.0 75.0 23.0 17.0 19.0 17.0 49.0 23.0 30.0 21.0 29.0 15.0 23.0 31.0 298.0 25.0 18.0 26.0 17.0 14.0 25.0 58.0 52.0 45.0 17.0 17.0 21.0 30.0 56.0 63.0 18.0 15.0 21.0 14.0 22.0 30.0 22.0 15.0
19 20 1 TRACE 42.0 20.0 24.0 50.0 17.0 16.0 50.0 508.0 402.0 54.0 784.0 37.0 23.0 20.0 23.0 17.0 26.0 33.0 17.0 14.0 31.0 20.0 18.0 19.0 19.0 19.0 19.0 100.0 15.0 449.0 22.0 65.0 15.0 48.0 59.0 26.0 17.0 51.0 20.0 22.0 179.0 38.0 19.0 44.0 24.0 21.0 16.0 16.0 15.0 27.0 33.0 18.0 18.0 94.0 15.0 16.0 17.0 48.0 17.0 17.0 52.0 37.0 15.0 40.0
20 21 1 TRACE 20.0 16.0 15.0 15.0 15.0 15.0 16.0 16.0 15.0 15.0 16.0 15.0 15.0 16.0 15.0 16.0 16.0 15.0 15.0 16.0 29.0 16.0 15.0 15.0 15.0 16.0 15.0 15.0 15.0 16.0 15.0 32.0 15.0 15.0 15.0 15.0 15.0 16.0 16.0 15.0 16.0 15.0 16.0 16.0 16.0 32.0 15.0 15.0 15.0 27.0 16.0 15.0 15.0 15.0 16.0 16.0 15.0 15.0 16.0 15.0 16.0 15.0 15.0 15.0
21 22 1 TRACE 27.0 13.0 12.0 11.0 12.0 12.0 12.0 12.0 12.0 12.0 12.0 12.0 12.0 12.0 12.0 12.0 11.0 12.0 12.0 12.0 12.0 12.0 12.0 12.0 12.0 12.0 11.0 11.0 12.0 12.0 11.0 12.0 11.0 11.0 11.0 12.0 11.0 12.0 12.0 12.0 12.0 11.0 12.0 12.0 12.0 12.0 12.0 12.0 11.0 13.0 13.0 11.0 11.0 12.0 12.0 16.0 12.0 11.0 12.0 12.0 12.0 11.0 11.0 12.0
22 23 1 TRACE 251.0 158.0 181.0 184.0 143.0 184.0 367.0 183.0 187.0 181.0 179.0 178.0 182.0 182.0 179.0 188.0 192.0 212.0 183.0 179.0 183.0 178.0 178.0 177.0 180.0 182.0 189.0 223.0 181.0 185.0 218.0 175.0 184.0 171.0 181.0 180.0 182.0 189.0 191.0 178.0 138.0 182.0 215.0 212.0 184.0 138.0 177.0 177.0 215.0 292.0 182.0 141.0 178.0 180.0 194.0 176.0 197.0 177.0 205.0 179.0 180.0 178.0 180.0 179.0
23 24 1 TRACE 62.0 31.0 24.0 28.0 26.0 28.0 119.0 111.0 359.0 28.0 640.0 30.0 27.0 38.0 63.0 26.0 60.0 65.0 65.0 62.0 36.0 28.0 36.0 27.0 309.0 67.0 67.0 66.0 27.0 47.0 57.0 61.0 32.0 63.0 62.0 66.0 70.0 26.0 66.0 63.0 226.0 57.0 66.0 67.0 27.0 33.0 64.0 26.0 32.0 159.0 264.0 67.0 33.0 36.0 27.0 64.0 31.0 47.0 75.0 805.0 65.0 68.0 26.0 41.0
24 25 1 TRACE 54.0 23.0 35.0 22.0 24.0 22.0 37.0 300.0 173.0 57.0 521.0 21.0 25.0 24.0 25.0 22.0 23.0 22.0 29.0 23.0 18.0 24.0 25.0 22.0 115.0 25.0 22.0 22.0 23.0 39.0 20.0 22.0 55.0 23.0 22.0 26.0 25.0 22.0 27.0 65.0 27.0 25.0 24.0 63.0 38.0 23.0 60.0 22.0 22.0 35.0 87.0 24.0 24.0 25.0 22.0 24.0 21.0 19.0 22.0 22.0 23.0 67.0 22.0 27.0
25 26 1 TRACE 33.0 11.0 12.0 11.0 11.0 11.0 11.0 13.0 11.0 11.0 11.0 12.0 12.0 11.0 12.0 11.0 12.0 12.0 12.0 11.0 12.0 11.0 12.0 11.0 11.0 11.0 12.0 11.0 12.0 11.0 12.0 11.0 11.0 11.0 12.0 11.0 11.0 11.0 12.0 12.0 12.0 12.0 12.0 11.0 12.0 11.0 12.0 11.0 22.0 12.0 11.0 12.0 12.0 12.0 12.0 12.0 11.0 12.0 11.0 11.0 11.0 11.0 12.0 13.0 11.0 11.0 12.0 12.0 11.0 11.0 11.0 11.0 12.0 26.0 11.0 12.0 12.0 11.0 11.0 11.0 14.0 12.0 13.0 12.0 11.0 12.0 11.0 11.0 12.0 11.0 11.0 11.0 12.0 12.0 11.0 12.0 13.0 11.0 12.0 11.0 12.0 11.0 12.0 11.0 12.0 11.0 11.0 12.0 12.0 12.0 11.0 12.0 11.0 12.0 11.0 12.0 12.0 11.0 11.0 12.0 12.0 11.0 12.0 12.0 11.0 11.0 12.0 11.0 12.0 12.0 11.0 11.0 11.0 11.0 11.0 11.0 12.0 11.0 11.0 11.0 11.0 11.0 11.0 11.0 11.0 11.0 12.0 12.0 12.0 11.0 11.0 12.0 11.0 12.0 11.0 11.0 11.0 11.0 11.0 11.0 11.0 12.0 11.0 11.0 12.0 11.0 11.0 11.0 12.0 12.0 11.0 11.0 11.0 12.0 11.0 12.0 11.0 11.0 12.0 12.0 11.0 11.0 11.0 11.0 12.0 11.0 11.0 11.0 12.0 13.0 13.0 13.0 12.0 12.0 12.0 11.0 12.0 12.0 12.0 11.0 11.0 12.0 11.0 11.0 11.0 13.0 11.0 12.0 11.0 11.0 12.0 11.0 11.0 11.0 11.0 11.0 11.0 11.0 11.0 11.0 11.0 12.0 12.0 11.0 11.0 12.0 11.0 11.0 11.0 11.0 11.0 11.0 11.0 11.0 11.0 12.0 12.0 11.0 12.0 12.0 11.0 11.0 11.0 11.0 11.0 11.0 11.0 11.0 24.0 11.0 11.0 11.0 11.0
26 27 1 TRACE 10.0 7.0 7.0 7.0 7.0 8.0 7.0 8.0 7.0 7.0 7.0 8.0 8.0 7.0 7.0 7.0 8.0 8.0 7.0 7.0 7.0 8.0 8.0 7.0 7.0 7.0 8.0 7.0 8.0 7.0 8.0 7.0 7.0 8.0 8.0 7.0 8.0 8.0 7.0 8.0 8.0 7.0 7.0 7.0 8.0 8.0 7.0 7.0 8.0 7.0 7.0 8.0 8.0 8.0 7.0 7.0 10.0 7.0 7.0 7.0 7.0 7.0 8.0 8.0 7.0 7.0 8.0 8.0 7.0 7.0 7.0 8.0 8.0 8.0 7.0 8.0 8.0 7.0 8.0 7.0 8.0 8.0 8.0 7.0 7.0 8.0 7.0 7.0 8.0 7.0 7.0 7.0 8.0 8.0 7.0 8.0 19.0 7.0 7.0 7.0 8.0 7.0 8.0 7.0 8.0 8.0 7.0 7.0 8.0 8.0 8.0 7.0 7.0 8.0 8.0 7.0 8.0 8.0 7.0 8.0 7.0 7.0 8.0 8.0 7.0 7.0 8.0 7.0 8.0 7.0 7.0 7.0 7.0 7.0 8.0 7.0 8.0 7.0 8.0 8.0 8.0 7.0 8.0 7.0 7.0 8.0 8.0 8.0 8.0 7.0 7.0 8.0 8.0 8.0 7.0 7.0 7.0 7.0 7.0 7.0 7.0 8.0 8.0 8.0 7.0 7.0 7.0 7.0 8.0 8.0 7.0 7.0 8.0 8.0 8.0 8.0 8.0 7.0 8.0 7.0 7.0 7.0 8.0 7.0 8.0 7.0 8.0 7.0 7.0 19.0 20.0 8.0 8.0 7.0 8.0 7.0 8.0 8.0 8.0 7.0 7.0 8.0 7.0 7.0 7.0 8.0 7.0 7.0 7.0 7.0 8.0 7.0 7.0 7.0 7.0 7.0 7.0 7.0 7.0 7.0 8.0 8.0 8.0 8.0 7.0 8.0 7.0 8.0 7.0 8.0 7.0 7.0 7.0 7.0 7.0 8.0 7.0 7.0 8.0 8.0 7.0 7.0 7.0 7.0 7.0 7.0 7.0 7.0 8.0 7.0 7.0 8.0 7.0
27 28 1 TRACE 10.0 7.0 7.0 8.0 8.0 7.0 8.0 8.0 8.0 7.0 7.0 7.0 7.0 8.0 7.0 8.0 8.0 7.0 7.0 7.0 7.0 7.0 7.0 7.0 8.0 7.0 7.0 8.0 7.0 8.0 7.0 8.0 8.0 8.0 7.0 8.0 7.0 8.0 7.0 7.0 7.0 8.0 7.0 7.0 7.0 8.0 7.0 8.0 7.0 7.0 7.0 7.0 7.0 8.0 7.0 8.0 8.0 8.0 8.0 8.0 8.0 8.0 7.0 7.0 7.0 8.0 7.0 7.0 7.0 7.0 7.0 7.0 7.0 7.0 8.0 7.0 7.0 7.0 8.0 7.0 7.0 7.0 8.0 7.0 8.0 7.0 7.0 8.0 7.0 8.0 7.0 7.0 7.0 7.0 7.0 7.0 8.0 8.0 7.0 7.0 7.0 7.0 7.0 7.0 7.0 8.0 8.0 7.0 7.0 7.0 7.0 7.0 8.0 7.0 7.0 7.0 7.0 7.0 8.0 7.0 7.0 7.0 7.0 7.0 8.0 7.0 7.0 7.0 7.0 7.0 8.0 7.0 7.0 7.0 7.0 7.0 7.0 8.0 7.0 7.0 8.0 7.0 7.0 8.0 7.0 7.0 7.0 7.0 7.0 7.0 7.0 7.0 7.0 7.0 7.0 8.0 7.0 7.0 8.0 7.0 8.0 7.0 7.0 8.0 7.0 8.0 8.0 7.0 7.0 7.0 8.0 8.0 7.0 7.0 7.0 7.0 8.0 8.0 7.0 7.0 7.0 8.0 7.0 8.0 7.0 8.0 7.0 8.0 7.0 8.0 9.0 8.0 8.0 7.0 8.0 7.0 8.0 7.0 7.0 8.0 8.0 7.0 8.0 8.0 7.0 8.0 7.0 7.0 7.0 7.0 7.0 7.0 8.0 8.0 8.0 7.0 8.0 7.0 8.0 7.0 7.0 7.0 7.0 7.0 7.0 7.0 7.0 7.0 8.0 7.0 8.0 8.0 8.0 8.0 8.0 7.0 7.0 8.0 7.0 7.0 8.0 8.0 7.0 7.0 8.0 8.0 7.0 8.0 8.0 7.0 8.0 7.0 8.0
28 29 1 TRACE 12.0 8.0 8.0 8.0 8.0 8.0 8.0 9.0 8.0 8.0 8.0 8.0 8.0 8.0 8.0 8.0 9.0 9.0 8.0 8.0 8.0 9.0 8.0 9.0 8.0 8.0 9.0 8.0 9.0 8.0 8.0 8.0 8.0 9.0 9.0 8.0 9.0 8.0 8.0 9.0 9.0 8.0 8.0 8.0 9.0 8.0 9.0 8.0 8.0 8.0 8.0 8.0 8.0 9.0 9.0 8.0 10.0 9.0 8.0 8.0 8.0 8.0 8.0 9.0 8.0 8.0 9.0 8.0 8.0 8.0 8.0 9.0 9.0 20.0 8.0 8.0 9.0 8.0 9.0 8.0 9.0 9.0 9.0 8.0 8.0 8.0 8.0 8.0 9.0 8.0 8.0 8.0 8.0 8.0 8.0 9.0 9.0 8.0 8.0 8.0 9.0 8.0 8.0 8.0 8.0 8.0 8.0 8.0 9.0 8.0 8.0 8.0 8.0 9.0 8.0 8.0 8.0 8.0 8.0 9.0 8.0 8.0 8.0 8.0 8.0 8.0 9.0 8.0 8.0 8.0 8.0 8.0 8.0 8.0 8.0 8.0 9.0 8.0 8.0 10.0 8.0 8.0 8.0 8.0 8.0 8.0 9.0 9.0 8.0 8.0 8.0 8.0 8.0 9.0 8.0 8.0 8.0 8.0 8.0 8.0 8.0 8.0 8.0 9.0 8.0 8.0 8.0 8.0 8.0 9.0 8.0 8.0 8.0 8.0 7.0 9.0 8.0 8.0 9.0 8.0 8.0 8.0 8.0 8.0 9.0 8.0 9.0 8.0 8.0 9.0 22.0 9.0 9.0 8.0 9.0 9.0 9.0 9.0 9.0 8.0 8.0 8.0 8.0 8.0 8.0 8.0 8.0 8.0 8.0 8.0 8.0 8.0 8.0 8.0 8.0 8.0 8.0 9.0 8.0 8.0 8.0 9.0 8.0 12.0 8.0 9.0 8.0 8.0 8.0 9.0 8.0 8.0 8.0 8.0 8.0 9.0 8.0 8.0 8.0 8.0 8.0 8.0 8.0 8.0 8.0 8.0 8.0 8.0 9.0 8.0 8.0 8.0 8.0
29 30 1 TRACE 73.0 30.0 48.0 48.0 54.0 29.0 32.0 71.0 52.0 40.0 50.0 49.0 31.0 49.0 37.0 172.0 29.0 33.0 33.0 50.0 30.0 114.0 133.0 29.0 31.0 38.0 30.0 43.0 30.0 52.0 30.0 33.0 30.0 31.0 33.0 37.0 191.0 49.0 161.0 104.0 31.0 63.0 69.0 32.0 32.0 31.0 31.0 64.0 22.0 28.0 31.0 29.0 42.0 32.0 29.0 783.0 17.0 50.0 83.0 30.0 144.0 31.0 32.0 16.0 40.0 83.0 66.0 57.0 50.0 28.0 60.0 34.0 245.0 16.0 31.0 35.0 28.0 32.0 32.0 52.0 91.0 65.0 82.0 33.0 41.0 72.0 33.0 35.0 82.0 48.0 40.0 62.0 29.0 39.0 46.0 48.0 43.0 70.0 36.0 29.0 36.0 70.0 64.0 71.0 35.0 43.0 63.0 51.0 32.0 31.0 78.0 42.0 31.0 30.0 67.0 61.0 35.0 61.0 50.0 45.0 60.0 67.0 33.0 33.0 81.0 35.0 85.0 30.0 72.0 59.0 34.0 63.0 30.0 62.0 56.0 33.0 36.0 72.0 64.0 274.0 61.0 73.0 66.0 56.0 79.0 62.0 1048.0 106.0 71.0 64.0 31.0 34.0 64.0 47.0 28.0 34.0 64.0 32.0 37.0 40.0 68.0 31.0 31.0 38.0 67.0 30.0 30.0 663.0 35.0 38.0 30.0 38.0 31.0 29.0 81.0 32.0 27.0 33.0 62.0 30.0 56.0 68.0 28.0 55.0 33.0 36.0 35.0 70.0 56.0 97.0 100.0 54.0 67.0 39.0 133.0 220.0 34.0 100.0 268.0 37.0 40.0 69.0 62.0 37.0 68.0 33.0 35.0 33.0 30.0 66.0 31.0 73.0 36.0 68.0 35.0 31.0 30.0 74.0 34.0 66.0 66.0 68.0 300.0 59.0 35.0 68.0 34.0 71.0 30.0 107.0 63.0 30.0 62.0 267.0 86.0 29.0 68.0 62.0 64.0 61.0 63.0 65.0 62.0 32.0 76.0 53.0 35.0 30.0 15.0 34.0 51.0 41.0 55.0
30 31 1 TRACE 21.0 28.0 34.0 17.0 8.0 8.0 16.0 8.0 16.0 15.0 16.0 8.0 17.0 16.0 16.0 17.0 8.0 8.0 29.0 17.0 8.0 8.0 8.0 16.0 18.0 8.0 8.0 17.0 18.0 8.0 8.0 16.0 16.0 8.0 8.0 15.0 41.0 8.0 706.0 8.0 17.0 16.0 8.0 16.0 17.0 16.0 8.0 8.0 19.0 15.0 8.0 15.0 18.0 15.0 8.0 17.0 22.0 16.0 8.0 16.0 17.0 8.0 8.0 8.0 17.0 16.0 9.0 20.0 16.0 8.0 8.0 8.0 21.0 16.0 8.0 8.0 16.0 18.0 19.0 8.0 9.0 16.0 14.0 9.0 8.0 15.0 17.0 8.0 8.0 15.0 17.0 8.0 17.0 8.0 8.0 17.0 16.0 8.0 15.0 16.0 17.0 17.0 10.0 8.0 18.0 15.0 8.0 16.0 18.0 8.0 16.0 16.0 16.0 8.0 8.0 16.0 16.0 8.0 18.0 8.0 8.0 19.0 51.0 18.0 39.0 17.0 8.0 8.0 15.0 16.0 16.0 25.0 15.0 21.0 8.0 16.0 16.0 8.0 17.0 18.0 8.0 8.0 18.0 16.0 8.0 16.0 36.0 8.0 8.0 8.0 16.0 8.0 15.0 18.0 8.0 8.0 15.0 54.0 47.0 9.0 8.0 15.0 18.0 9.0 9.0 8.0 15.0 17.0 8.0 8.0 18.0 794.0 8.0 9.0 15.0 17.0 16.0 8.0 18.0 16.0 8.0 8.0 8.0 16.0 17.0 8.0 22.0 17.0 8.0 35.0 34.0 20.0 9.0 9.0 8.0 373.0 16.0 9.0 18.0 16.0 8.0 8.0 8.0 16.0 16.0 9.0 15.0 17.0 16.0 8.0 8.0 25.0 17.0 16.0 8.0 16.0 53.0 9.0 8.0 17.0 16.0 8.0 8.0 18.0 19.0 8.0 9.0 16.0 17.0 17.0 8.0 8.0 8.0 17.0 60.0 8.0 8.0 16.0 16.0 8.0 8.0 16.0 16.0 8.0 8.0 16.0 18.0 23.0 8.0 8.0 16.0 17.0 53.0
31 32 1 TRACE 17.0 12.0 13.0 12.0 11.0 11.0 11.0 11.0 11.0 11.0 13.0 12.0 12.0 12.0 11.0 12.0 12.0 11.0 12.0 11.0 12.0 12.0 11.0 11.0 11.0 11.0 11.0 11.0 11.0 11.0 12.0 12.0 12.0 11.0 12.0 12.0 12.0 13.0 12.0 11.0 12.0 11.0 12.0 12.0 12.0 12.0 11.0 11.0 12.0 12.0 15.0 12.0 13.0 12.0 11.0 12.0 12.0 12.0 11.0 12.0 12.0 12.0 11.0 11.0 12.0 12.0 11.0 16.0 12.0 11.0 12.0 11.0 12.0 12.0 11.0 11.0 12.0 12.0 12.0 11.0 12.0 12.0 12.0 12.0 16.0 12.0 12.0 11.0 11.0 12.0 12.0 12.0 13.0 11.0 11.0 12.0 11.0 11.0 12.0 12.0 12.0 12.0 15.0 11.0 12.0 17.0 32.0 12.0 13.0 11.0 12.0 12.0 15.0 12.0 12.0 12.0 12.0 11.0 12.0 11.0 11.0 12.0 12.0 12.0 12.0 12.0 12.0 11.0 12.0 12.0 11.0 11.0 12.0 12.0 12.0 12.0 12.0 11.0 11.0 13.0 12.0 12.0 11.0 11.0 11.0 11.0 13.0 12.0 11.0 11.0 11.0 11.0 30.0 12.0 11.0 11.0 12.0 12.0 12.0 11.0 13.0 11.0 13.0 11.0 11.0 11.0 12.0 12.0 11.0 11.0 12.0 12.0 12.0 11.0 12.0 11.0 12.0 11.0 12.0 12.0 12.0 12.0 11.0 12.0 11.0 11.0 11.0 12.0 12.0 13.0 28.0 13.0 13.0 12.0 13.0 12.0 12.0 13.0 12.0 12.0 11.0 12.0 11.0 12.0 12.0 13.0 12.0 12.0 12.0 16.0 11.0 11.0 12.0 12.0 11.0 12.0 12.0 12.0 11.0 12.0 11.0 11.0 12.0 12.0 12.0 12.0 11.0 11.0 12.0 11.0 11.0 12.0 12.0 11.0 12.0 12.0 11.0 12.0 11.0 12.0 12.0 12.0 12.0 12.0 13.0 12.0 12.0 11.0 12.0 11.0 12.0 12.0 12.0
32 33 1 TRACE 46.0 184.0 16.0 16.0 61.0 17.0 17.0 17.0 16.0 16.0 16.0 314.0 15.0 16.0 16.0 124.0 16.0 16.0 17.0 16.0 16.0 18.0 16.0 17.0 18.0 17.0 18.0 17.0 16.0 17.0 16.0 17.0 16.0 17.0 16.0 16.0 17.0 15.0 644.0 17.0 16.0 16.0 16.0 16.0 16.0 43.0 16.0 17.0 20.0 17.0 15.0 28.0 23.0 17.0 16.0 16.0 39.0 16.0 17.0 16.0 19.0 17.0 54.0 17.0 17.0 16.0 17.0 15.0 36.0 17.0 15.0 17.0 41.0 19.0 18.0 18.0 17.0 19.0 16.0 16.0 31.0 16.0 16.0 16.0 15.0 17.0 16.0 16.0 16.0 16.0 18.0 16.0 23.0 16.0 16.0 16.0 19.0 16.0 16.0 350.0 16.0 17.0 16.0 17.0 17.0 16.0 15.0 21.0 18.0 51.0 16.0 16.0 15.0 18.0 17.0 42.0 17.0 23.0 16.0 17.0 16.0 18.0 54.0 17.0 16.0 51.0 42.0 16.0 21.0 18.0 16.0 17.0 16.0 16.0 51.0 16.0 18.0 16.0 17.0 59.0 16.0 57.0 16.0 19.0 56.0 16.0 119.0 35.0 58.0 17.0 50.0 52.0 16.0 18.0 49.0 17.0 16.0 16.0 16.0 17.0 15.0 24.0 16.0 17.0 18.0 18.0 21.0 19.0 18.0 19.0 26.0 351.0 16.0 17.0 16.0 17.0 16.0 16.0 16.0 16.0 35.0 16.0 17.0 17.0 16.0 16.0 16.0 16.0 24.0 52.0 61.0 26.0 20.0 19.0 52.0 27.0 17.0 76.0 60.0 16.0 18.0 90.0 17.0 48.0 16.0 16.0 17.0 17.0 17.0 17.0 17.0 18.0 18.0 18.0 16.0 16.0 17.0 17.0 16.0 16.0 17.0 16.0 17.0 17.0 17.0 17.0 17.0 16.0 16.0 17.0 16.0 17.0 19.0 17.0 17.0 17.0 16.0 17.0 16.0 18.0 17.0 16.0 17.0 18.0 19.0 17.0 17.0 17.0 16.0 16.0 16.0 25.0 56.0
33 34 1 TRACE 980.0 1141.0 702.0 470.0 314.0 389.0 416.0 333.0 478.0 440.0 299.0 337.0 425.0 252.0 905.0 550.0 483.0 284.0 777.0 465.0 527.0 300.0 327.0 1425.0 496.0 480.0 589.0 758.0 488.0 481.0 554.0 603.0 459.0 483.0 319.0 665.0 538.0 484.0 282.0 544.0 500.0 451.0 344.0 750.0 489.0 449.0 199.0 503.0 493.0 476.0 196.0 565.0 619.0 475.0 372.0 332.0 468.0 481.0 295.0 679.0 406.0 427.0 345.0 323.0 3453.0 489.0 335.0 3565.0 514.0 528.0 365.0 266.0 2081.0 423.0 401.0 295.0 562.0 452.0 517.0 270.0 386.0 3369.0 483.0 386.0 227.0 409.0 473.0 281.0 468.0 482.0 274.0 525.0 410.0 1299.0 282.0 3121.0 412.0 351.0 310.0 398.0 531.0 520.0 302.0 482.0 478.0 548.0 293.0 1583.0 659.0 327.0 325.0 2187.0 440.0 321.0 384.0 456.0 224.0 451.0 464.0 333.0 555.0 555.0 377.0 351.0 1051.0 442.0 534.0 337.0 394.0 511.0 388.0 288.0 405.0 211.0 364.0 3216.0 467.0 246.0 545.0 481.0 521.0 314.0 428.0 434.0 244.0 780.0 589.0 325.0 181.0 473.0 366.0 346.0 1078.0 507.0 375.0 421.0 396.0 4382.0 1853.0 392.0 386.0 541.0 471.0 405.0 336.0 390.0 2197.0 2141.0 385.0 270.0 705.0 785.0 391.0 350.0 690.0 456.0 387.0 353.0 616.0 483.0 433.0 339.0 394.0 3257.0 467.0 368.0 910.0 481.0 522.0 352.0 894.0 516.0 409.0 381.0 192.0 2456.0 495.0 2854.0 1499.0 507.0 439.0 254.0 288.0 3001.0 448.0 438.0 334.0 2871.0 501.0 378.0 326.0 312.0 418.0 352.0 231.0 409.0 401.0 287.0 357.0 1178.0 446.0 489.0 251.0 692.0 427.0 474.0 227.0 348.0 3041.0 501.0 432.0 257.0 446.0 1094.0 435.0 424.0 304.0 1093.0 505.0 424.0 409.0 946.0 466.0 482.0 390.0 508.0 482.0 464.0 249.0 271.0 614.0 489.0 710.0
34 35 1 TRACE 789.0 867.0 61.0 89.0 20.0 149.0 50.0 56.0 57.0 17.0 18.0 55.0 50.0 99.0 60.0 53.0 17.0 53.0 62.0 54.0 19.0 19.0 60.0 90.0 51.0 20.0 57.0 239.0 84.0 21.0 55.0 235.0 58.0 20.0 49.0 63.0 52.0 19.0 19.0 62.0 98.0 25.0 45.0 57.0 51.0 46.0 59.0 55.0 54.0 48.0 47.0 61.0 59.0 48.0 48.0 52.0 53.0 19.0 54.0 710.0 63.0 20.0 18.0 59.0 110.0 52.0 53.0 194.0 54.0 54.0 21.0 55.0 91.0 52.0 19.0 50.0 101.0 53.0 19.0 19.0 51.0 154.0 54.0 20.0 53.0 63.0 92.0 20.0 69.0 63.0 17.0 56.0 48.0 18.0 48.0 110.0 53.0 21.0 61.0 62.0 54.0 49.0 18.0 61.0 60.0 47.0 53.0 122.0 52.0 47.0 120.0 92.0 51.0 19.0 57.0 50.0 18.0 60.0 51.0 22.0 61.0 54.0 47.0 65.0 61.0 105.0 19.0 49.0 60.0 52.0 51.0 75.0 51.0 16.0 52.0 254.0 54.0 49.0 75.0 63.0 20.0 45.0 134.0 50.0 50.0 62.0 58.0 20.0 18.0 58.0 19.0 51.0 74.0 52.0 20.0 49.0 54.0 642.0 59.0 21.0 56.0 61.0 60.0 20.0 21.0 53.0 90.0 192.0 21.0 47.0 64.0 60.0 21.0 46.0 56.0 59.0 47.0 53.0 64.0 475.0 21.0 22.0 61.0 114.0 53.0 89.0 62.0 52.0 19.0 124.0 98.0 69.0 20.0 19.0 61.0 93.0 52.0 58.0 133.0 60.0 21.0 20.0 52.0 109.0 54.0 20.0 47.0 104.0 93.0 20.0 47.0 220.0 53.0 46.0 49.0 92.0 50.0 18.0 62.0 119.0 59.0 17.0 55.0 62.0 89.0 19.0 116.0 48.0 106.0 54.0 26.0 53.0 53.0 66.0 138.0 20.0 51.0 333.0 54.0 28.0 49.0 109.0 105.0 21.0 57.0 57.0 143.0 20.0 18.0 55.0 66.0 60.0 47.0
35 36 1 TRACE 61.0 259.0 95.0 50.0 14.0 160.0 61.0 45.0 54.0 16.0 17.0 51.0 74.0 54.0 73.0 100.0 19.0 51.0 70.0 112.0 15.0 16.0 52.0 104.0 56.0 16.0 73.0 374.0 53.0 16.0 51.0 218.0 51.0 15.0 47.0 84.0 55.0 14.0 15.0 64.0 95.0 16.0 42.0 62.0 51.0 45.0 53.0 56.0 58.0 53.0 46.0 60.0 51.0 44.0 45.0 50.0 90.0 16.0 56.0 592.0 50.0 15.0 16.0 48.0 171.0 49.0 50.0 247.0 56.0 18.0 14.0 49.0 129.0 48.0 16.0 59.0 100.0 59.0 15.0 16.0 51.0 178.0 48.0 16.0 46.0 53.0 48.0 15.0 53.0 48.0 15.0 55.0 43.0 17.0 90.0 174.0 49.0 17.0 44.0 58.0 51.0 41.0 18.0 59.0 58.0 42.0 56.0 101.0 205.0 45.0 96.0 128.0 52.0 16.0 53.0 44.0 15.0 53.0 44.0 16.0 55.0 51.0 42.0 49.0 80.0 57.0 17.0 46.0 139.0 46.0 51.0 59.0 51.0 15.0 47.0 176.0 56.0 58.0 71.0 99.0 15.0 52.0 122.0 46.0 46.0 67.0 55.0 16.0 16.0 65.0 17.0 51.0 94.0 56.0 15.0 94.0 54.0 249.0 50.0 16.0 49.0 58.0 58.0 17.0 16.0 53.0 142.0 49.0 27.0 43.0 119.0 50.0 16.0 46.0 174.0 56.0 45.0 46.0 59.0 176.0 17.0 15.0 58.0 205.0 49.0 90.0 224.0 56.0 18.0 92.0 94.0 90.0 18.0 16.0 50.0 153.0 47.0 48.0 112.0 48.0 15.0 15.0 50.0 164.0 48.0 16.0 51.0 163.0 50.0 17.0 61.0 98.0 55.0 41.0 49.0 93.0 45.0 15.0 89.0 84.0 55.0 20.0 47.0 61.0 211.0 16.0 49.0 49.0 166.0 48.0 16.0 55.0 55.0 225.0 50.0 15.0 48.0 126.0 64.0 17.0 47.0 120.0 50.0 17.0 80.0 57.0 149.0 16.0 56.0 47.0 55.0 50.0 57.0
36 37 1 TRACE 120.0 361.0 414.0 41.0 109.0 556.0 191.0 57.0 88.0 153.0 128.0 6020.0 52.0 29.0 367.0 162.0 35.0 120.0 311.0 37.0 152.0 80.0 34.0 510.0 41.0 63.0 32.0 1074.0 34.0 103.0 126.0 429.0 234.0 109.0 102.0 246.0 85.0 102.0 1157.0 188.0 34.0 106.0 90.0 174.0 65.0 39.0 40.0 147.0 140.0 39.0 37.0 91.0 50.0 80.0 56.0 121.0 74.0 130.0 33.0 164.0 131.0 130.0 110.0 88.0 1811.0 100.0 77.0 1963.0 64.0 29.0 96.0 45.0 1060.0 74.0 123.0 44.0 75.0 83.0 119.0 110.0 74.0 1554.0 35.0 55.0 36.0 114.0 29.0 57.0 970.0 28.0 99.0 130.0 60.0 97.0 72.0 1553.0 59.0 132.0 27.0 4648.0 52.0 115.0 90.0 64.0 110.0 113.0 30.0 913.0 163.0 65.0 39.0 1116.0 54.0 127.0 158.0 30.0 112.0 120.0 32.0 147.0 413.0 37.0 111.0 81.0 395.0 107.0 38.0 97.0 37.0 41.0 68.0 57.0 97.0 117.0 149.0 1543.0 39.0 79.0 137.0 52.0 210.0 62.0 134.0 54.0 44.0 253.0 62.0 79.0 306.0 91.0 155.0 486.0 556.0 50.0 115.0 65.0 89.0 1956.0 1784.0 29.0 28.0 182.0 31.0 78.0 139.0 113.0 1175.0 99.0 97.0 75.0 123.0 482.0 171.0 44.0 1474.0 47.0 56.0 112.0 269.0 32.0 27.0 75.0 71.0 1724.0 69.0 66.0 688.0 32.0 89.0 166.0 217.0 223.0 118.0 97.0 46.0 1879.0 53.0 1008.0 920.0 63.0 64.0 107.0 82.0 1641.0 3074.0 135.0 121.0 1800.0 31.0 110.0 68.0 132.0 160.0 87.0 41.0 44.0 77.0 124.0 66.0 574.0 88.0 59.0 41.0 386.0 55.0 168.0 28.0 171.0 1826.0 77.0 42.0 58.0 1151.0 2948.0 54.0 179.0 90.0 288.0 233.0 81.0 143.0 619.0 55.0 29.0 184.0 171.0 112.0 71.0 115.0 55.0 171.0 41.0 105.0
37 38 1 TRACE 75.0 50.0 47.0 47.0 48.0 31.0 290.0 47.0 44.0 23.0 43.0 180.0 42.0 34.0 83.0 30.0 37.0 147.0 91.0 34.0 30.0 100.0 36.0 101.0 30.0 74.0 56.0 1122.0 30.0 65.0 32.0 75.0 34.0 31.0 30.0 81.0 42.0 37.0 80.0 54.0 31.0 35.0 58.0 64.0 37.0 33.0 31.0 54.0 34.0 34.0 64.0 73.0 30.0 36.0 30.0 71.0 65.0 29.0 38.0 72.0 30.0 63.0 30.0 75.0 297.0 37.0 33.0 266.0 33.0 32.0 69.0 41.0 169.0 72.0 30.0 29.0 46.0 37.0 26.0 37.0 73.0 260.0 32.0 61.0 32.0 45.0 62.0 62.0 42.0 62.0 29.0 59.0 31.0 393.0 37.0 242.0 38.0 61.0 31.0 328.0 28.0 35.0 36.0 81.0 70.0 63.0 33.0 172.0 29.0 28.0 31.0 188.0 35.0 40.0 41.0 31.0 31.0 37.0 45.0 65.0 98.0 49.0 31.0 32.0 80.0 30.0 125.0 68.0 32.0 31.0 30.0 34.0 33.0 38.0 33.0 321.0 38.0 55.0 75.0 63.0 29.0 83.0 71.0 33.0 63.0 140.0 43.0 30.0 31.0 44.0 538.0 73.0 85.0 32.0 63.0 68.0 32.0 287.0 66.0 163.0 31.0 81.0 30.0 30.0 30.0 66.0 215.0 61.0 66.0 36.0 58.0 133.0 81.0 35.0 94.0 28.0 70.0 31.0 68.0 66.0 61.0 42.0 39.0 261.0 34.0 31.0 61.0 31.0 31.0 118.0 147.0 43.0 38.0 58.0 38.0 192.0 44.0 178.0 134.0 41.0 135.0 40.0 69.0 279.0 474.0 278.0 31.0 228.0 39.0 68.0 37.0 76.0 67.0 70.0 53.0 37.0 71.0 37.0 67.0 83.0 72.0 82.0 41.0 99.0 138.0 69.0 31.0 73.0 243.0 71.0 96.0 209.0 67.0 292.0 34.0 69.0 65.0 92.0 41.0 68.0 76.0 77.0 45.0 68.0 65.0 62.0 61.0 30.0 71.0 36.0 85.0 30.0 57.0
38 39 1 TRACE 38.0 52.0 39.0 60.0 48.0 27.0 31.0 40.0 33.0 43.0 41.0 118.0 46.0 27.0 33.0 31.0 54.0 48.0 29.0 51.0 29.0 169.0 45.0 28.0 33.0 62.0 52.0 550.0 36.0 202.0 32.0 93.0 24.0 74.0 27.0 39.0 35.0 68.0 617.0 27.0 37.0 67.0 27.0 39.0 33.0 29.0 27.0 27.0 23.0 52.0 69.0 60.0 32.0 27.0 36.0 28.0 28.0 29.0 29.0 34.0 69.0 33.0 31.0 29.0 54.0 26.0 25.0 68.0 28.0 26.0 27.0 25.0 67.0 32.0 33.0 28.0 67.0 42.0 121.0 78.0 69.0 27.0 26.0 68.0 28.0 29.0 67.0 66.0 26.0 71.0 67.0 24.0 67.0 32.0 33.0 60.0 72.0 67.0 67.0 809.0 25.0 58.0 30.0 67.0 51.0 85.0 46.0 85.0 69.0 64.0 27.0 71.0 35.0 25.0 54.0 26.0 65.0 35.0 22.0 70.0 32.0 34.0 28.0 101.0 28.0 50.0 58.0 83.0 33.0 23.0 65.0 28.0 25.0 63.0 26.0 139.0 31.0 68.0 28.0 28.0 248.0 97.0 34.0 25.0 70.0 28.0 26.0 30.0 72.0 40.0 267.0 62.0 36.0 23.0 53.0 69.0 31.0 29.0 38.0 43.0 32.0 174.0 62.0 42.0 35.0 41.0 26.0 29.0 39.0 64.0 64.0 388.0 138.0 39.0 56.0 29.0 74.0 24.0 27.0 26.0 70.0 27.0 33.0 38.0 67.0 54.0 33.0 30.0 45.0 199.0 110.0 36.0 38.0 113.0 44.0 69.0 44.0 297.0 531.0 67.0 31.0 32.0 45.0 91.0 439.0 354.0 67.0 66.0 34.0 62.0 42.0 26.0 27.0 79.0 34.0 63.0 63.0 32.0 26.0 35.0 69.0 53.0 67.0 52.0 102.0 60.0 25.0 77.0 33.0 64.0 70.0 242.0 377.0 188.0 61.0 64.0 64.0 37.0 28.0 69.0 84.0 27.0 51.0 65.0 34.0 27.0 28.0 64.0 68.0 56.0 66.0 26.0 28.0
39 25 1 TRACE 20.0 20.0 28.0 34.0 15.0 18.0 16.0 40.0 85.0 14.0 17.0 14.0 18.0 18.0 18.0 23.0 17.0 29.0 20.0 15.0 21.0 18.0 17.0 18.0 23.0 52.0 54.0 24.0 18.0 54.0 17.0 28.0 20.0 18.0 18.0 30.0 19.0 16.0 65.0 30.0 19.0 18.0 57.0 33.0 18.0 21.0 19.0 17.0 24.0 18.0 25.0 18.0 29.0 19.0 18.0 27.0 21.0 18.0 17.0 18.0 115.0 16.0 26.0 22.0 17.0 18.0 21.0 17.0 19.0 17.0 16.0 18.0 19.0 18.0 20.0 51.0 18.0 17.0 16.0 18.0 19.0 17.0 49.0 17.0 18.0 18.0 18.0 19.0 50.0 18.0 27.0 69.0 22.0 15.0 51.0 272.0 56.0 19.0 20.0 178.0 53.0 20.0 15.0 18.0 16.0 17.0 18.0 18.0 52.0 100.0 17.0 18.0 17.0 18.0 41.0 24.0 21.0 23.0 17.0 17.0 19.0 19.0 18.0 19.0 25.0
39 40 1 TRACE 67.0 51.0 28.0 446.0 27.0 51.0 61.0 403.0 226.0 39.0 37.0 38.0 31.0 31.0 29.0 58.0 57.0 30.0 58.0 60.0 31.0 62.0 33.0 32.0 67.0 697.0 63.0 75.0 77.0 46.0 30.0 35.0 40.0 30.0 48.0 67.0 30.0 50.0 34.0 73.0 66.0 42.0 27.0 69.0 44.0 32.0 49.0 48.0 28.0 115.0 66.0 366.0 65.0 76.0 34.0 34.0 49.0 45.0 28.0 104.0 36.0 29.0 40.0 66.0
39 51 1 TRACE 59.0 142.0 32.0 37.0 24.0 28.0 40.0 410.0 36.0 62.0 62.0 97.0 68.0 30.0 38.0 37.0 66.0 36.0 34.0 114.0 63.0 63.0 83.0 73.0 66.0 63.0 99.0 63.0 28.0 28.0 31.0 32.0 50.0 55.0 28.0 34.0 197.0 32.0 59.0 297.0 52.0 43.0 49.0 35.0 146.0 59.0 75.0 80.0 74.0 42.0 34.0 30.0 89.0 34.0 61.0 59.0 62.0 67.0 134.0 29.0 65.0 66.0 68.0 41.0
40 41 1 TRACE 121.0 112.0 102.0 106.0 160.0 162.0 201.0 148.0 119.0 129.0 135.0 117.0 103.0 108.0 102.0 128.0 339.0 332.0 278.0 109.0 347.0 99.0 99.0 100.0 334.0 110.0 104.0 235.0 286.0 99.0 100.0 105.0 164.0 96.0 97.0 340.0 123.0 98.0 152.0 99.0 176.0 384.0 143.0 281.0 119.0 137.0 129.0 326.0 141.0 157.0 270.0 206.0 320.0 316.0 101.0 96.0 187.0 131.0 321.0 184.0 175.0 143.0 119.0 107.0
41 42 1 TRACE 16.0 12.0 12.0 13.0 13.0 12.0 12.0 12.0 12.0 11.0 11.0 13.0 11.0 11.0 13.0 12.0 12.0 12.0 12.0 11.0 14.0 13.0 12.0 11.0 13.0 11.0 12.0 13.0 11.0 11.0 12.0 12.0 14.0 13.0 12.0 11.0 12.0 12.0 12.0 12.0 11.0 11.0 13.0 12.0 14.0 13.0 12.0 12.0 13.0 12.0 11.0 12.0 12.0 11.0 12.0 11.0 11.0 13.0 12.0 11.0 13.0 12.0 12.0 12.0 11.0 12.0 12.0 11.0 11.0 12.0 12.0 11.0 12.0 13.0 12.0 12.0 11.0 12.0 12.0 12.0 11.0 13.0 12.0 11.0 12.0 13.0 11.0 13.0 11.0 12.0 13.0 12.0 12.0 12.0 12.0 12.0 11.0 14.0 11.0 12.0 11.0 12.0 12.0 11.0 12.0 12.0 11.0 13.0 11.0 11.0 12.0 12.0 11.0 11.0 11.0 13.0 13.0 11.0 13.0 13.0 12.0 12.0 11.0 12.0 11.0 13.0 11.0 13.0 12.0 11.0 12.0 11.0 12.0 12.0 12.0 12.0 13.0 11.0 12.0 11.0 12.0 13.0 12.0 11.0 12.0 12.0 12.0 13.0 13.0 11.0 13.0 12.0 11.0 13.0 11.0 11.0 12.0 11.0 12.0 15.0 14.0 13.0 12.0 12.0 12.0 13.0 11.0 11.0 13.0 11.0 12.0 12.0 11.0 12.0 12.0 11.0 12.0 13.0 13.0 12.0 11.0 12.0 12.0 11.0 12.0 11.0 12.0 12.0 12.0 11.0 13.0 12.0 12.0 12.0 13.0 11.0 12.0 13.0 13.0 13.0 12.0 11.0 12.0 11.0 12.0
42 43 1 TRACE 15.0 11.0 11.0 11.0 11.0 11.0 10.0 11.0 11.0 11.0 11.0 12.0 11.0 11.0 10.0 11.0 11.0 11.0 11.0 11.0 11.0 12.0 11.0 10.0 12.0 11.0 11.0 10.0 11.0 11.0 11.0 12.0 11.0 12.0 11.0 11.0 11.0 11.0 11.0 11.0 11.0 11.0 11.0 11.0 13.0 11.0 11.0 11.0 11.0 11.0 10.0 12.0 11.0 11.0 11.0 11.0 10.0 11.0 11.0 11.0 11.0 10.0 10.0 11.0 11.0 11.0 11.0 11.0 11.0 11.0 11.0 11.0 11.0 11.0 11.0 22.0 11.0 11.0 12.0 11.0 11.0 11.0 11.0 11.0 11.0 10.0 11.0 11.0 11.0 10.0 11.0 11.0 12.0 11.0 10.0 11.0 10.0 11.0 10.0 11.0 11.0 11.0 10.0 10.0 11.0 11.0 10.0 10.0 10.0 11.0 11.0 11.0 11.0 11.0 11.0 11.0 11.0 11.0 12.0 11.0 10.0 11.0 11.0 11.0 10.0 13.0 11.0 11.0 11.0 11.0 11.0 10.0 11.0 11.0 10.0 11.0 11.0 11.0 11.0 11.0 11.0 11.0 11.0 11.0 11.0 11.0 11.0 12.0 11.0 11.0 11.0 11.0 11.0 11.0 11.0 11.0 11.0 11.0 11.0 13.0 24.0 12.0 12.0 11.0 10.0 11.0 11.0 10.0 11.0 11.0 10.0 11.0 11.0 10.0 11.0 11.0 15.0 11.0 10.0 11.0 11.0 11.0 11.0 11.0 11.0 11.0 11.0 11.0 11.0 11.0 11.0 11.0 11.0 11.0 12.0 11.0 11.0 11.0 12.0 11.0 11.0 11.0 11.0 11.0 10.0
43 44 1 TRACE 13.0 8.0 8.0 9.0 8.0 8.0 8.0 8.0 9.0 8.0 8.0 8.0 8.0 9.0 8.0 8.0 9.0 9.0 9.0 8.0 9.0 8.0 8.0 8.0 9.0 8.0 8.0 8.0 8.0 9.0 8.0 9.0 8.0 8.0 9.0 9.0 8.0 9.0 8.0 9.0 8.0 8.0 9.0 9.0 8.0 8.0 9.0 9.0 8.0 8.0 8.0 8.0 9.0 9.0 9.0 8.0 8.0 8.0 8.0 8.0 8.0 8.0 8.0 9.0 8.0 8.0 8.0 8.0 9.0 8.0 8.0 8.0 9.0 8.0 8.0 9.0 8.0 10.0 8.0 9.0 8.0 9.0 9.0 9.0 8.0 9.0 8.0 8.0 8.0 8.0 9.0 9.0 9.0 8.0 8.0 8.0 8.0 8.0 9.0 8.0 8.0 11.0 8.0 8.0 8.0 8.0 8.0 8.0 8.0 8.0 8.0 8.0 8.0 8.0 9.0 8.0 9.0 9.0 8.0 9.0 8.0 8.0 8.0 8.0 8.0 8.0 8.0 9.0 8.0 9.0 9.0 8.0 9.0 8.0 8.0 9.0 8.0 8.0 9.0 8.0 8.0 8.0 9.0 8.0 8.0 9.0 8.0 8.0 9.0 8.0 8.0 9.0 9.0 8.0 8.0 8.0 8.0 8.0 8.0 10.0 21.0 10.0 8.0 8.0 8.0 9.0 8.0 8.0 8.0 8.0 8.0 8.0 8.0 8.0 8.0 8.0 10.0 9.0 9.0 8.0 8.0 8.0 9.0 8.0 8.0 8.0 9.0 8.0 11.0 8.0 8.0 9.0 8.0 9.0 9.0 9.0 8.0 9.0 9.0 9.0 9.0 8.0 8.0 8.0 8.0
44 45 1 TRACE 105.0 1021.0 60.0 80.0 87.0 72.0 171.0 65.0 67.0 258.0 66.0 50.0 64.0 69.0 58.0 82.0 62.0 95.0 77.0 66.0 99.0 62.0 99.0 63.0 436.0 106.0 88.0 93.0 106.0 107.0 93.0 102.0 45.0 79.0 73.0 47.0 98.0 68.0 64.0 122.0 77.0 123.0 93.0 76.0 65.0 104.0 69.0 85.0 95.0 62.0 103.0 65.0 76.0 79.0 67.0 67.0 72.0 70.0 141.0 78.0 99.0 61.0 74.0 73.0 97.0 70.0 102.0 175.0 79.0 63.0 108.0 108.0 89.0 74.0 103.0 59.0 102.0 45.0 78.0 62.0 76.0 90.0 60.0 58.0 93.0 60.0 62.0 74.0 62.0 64.0 69.0 97.0 71.0 101.0 62.0 115.0 95.0 72.0 67.0 104.0 102.0 65.0 104.0 141.0 63.0 62.0 110.0 758.0 61.0 62.0 61.0 95.0 489.0 329.0 84.0 69.0 90.0 67.0 88.0 59.0 110.0 68.0 64.0 60.0 72.0 61.0 66.0 65.0 95.0 63.0 67.0 95.0 75.0 62.0 78.0 60.0 55.0 135.0 80.0 60.0 60.0 108.0 59.0 125.0 87.0 63.0 471.0 57.0 55.0 59.0 111.0 66.0 99.0 73.0 107.0 88.0 90.0 62.0 101.0 170.0 87.0 95.0 91.0 63.0 66.0 85.0 294.0 341.0 72.0 84.0 95.0 97.0 84.0 99.0 100.0 125.0 64.0 64.0 60.0 189.0 59.0 58.0 92.0 83.0 94.0 63.0 290.0 70.0 44.0 80.0 154.0 101.0 136.0 102.0 74.0 58.0 92.0 56.0 57.0 116.0 62.0 65.0 66.0 61.0 106.0
45 46 1 TRACE 30.0 40.0 23.0 38.0 24.0 31.0 52.0 22.0 23.0 47.0 64.0 21.0 23.0 25.0 22.0 25.0 21.0 23.0 22.0 23.0 22.0 22.0 23.0 24.0 44.0 29.0 22.0 68.0 22.0 25.0 25.0 82.0 23.0 29.0 25.0 20.0 23.0 24.0 24.0 27.0 27.0 22.0 23.0 154.0 55.0 24.0 24.0 25.0 29.0 24.0 25.0 1333.0 24.0 25.0 23.0 33.0 40.0 23.0 37.0 57.0 23.0 23.0 23.0 25.0 25.0 23.0 23.0 24.0 24.0 31.0 31.0 58.0 22.0 24.0 29.0 66.0 23.0 20.0 24.0 56.0 25.0 355.0 23.0 23.0 24.0 24.0 24.0 25.0 24.0 28.0 36.0 25.0 18.0 22.0 23.0 23.0 22.0 24.0 23.0 26.0 24.0 24.0 32.0 24.0 24.0 25.0 56.0 56.0 35.0 23.0 23.0 22.0 40.0 27.0 22.0 26.0 23.0 27.0 21.0 28.0 23.0 29.0 22.0 23.0 27.0 22.0 24.0 15.0 23.0 23.0 22.0 26.0 23.0 28.0 24.0 24.0 25.0 56.0 24.0 22.0 60.0 30.0 22.0 32.0 23.0 22.0 991.0 22.0 24.0 31.0 23.0 22.0 23.0 24.0 82.0 24.0 23.0 23.0 60.0 78.0 42.0 37.0 26.0 18.0 26.0 305.0 24.0 132.0 23.0 24.0 32.0 23.0 22.0 23.0 23.0 24.0 56.0 23.0 24.0 58.0 22.0 23.0 25.0 26.0 32.0 25.0 70.0 23.0 23.0 27.0 24.0 25.0 26.0 61.0 33.0 24.0 24.0 23.0 23.0 27.0 21.0 23.0 21.0 22.0 21.0
46 47 1 TRACE 950.0 2908.0 206.0 783.0 360.0 186.0 277.0 826.0 304.0 270.0 240.0 785.0 366.0 193.0 182.0 618.0 238.0 188.0 626.0 238.0 182.0 740.0 208.0 193.0 3379.0 241.0 186.0 839.0 234.0 180.0 714.0 234.0 209.0 840.0 288.0 182.0 803.0 327.0 181.0 812.0 332.0 182.0 827.0 384.0 180.0 804.0 275.0 222.0 744.0 229.0 179.0 1212.0 255.0 181.0 459.0 202.0 267.0 527.0 192.0 180.0 839.0 318.0 222.0 500.0 187.0 181.0 781.0 288.0 215.0 184.0 783.0 289.0 209.0 181.0 814.0 273.0 181.0 195.0 484.0 187.0 184.0 960.0 255.0 181.0 887.0 315.0 180.0 568.0 233.0 182.0 513.0 191.0 193.0 850.0 339.0 180.0 188.0 762.0 363.0 191.0 180.0 812.0 259.0 180.0 1178.0 297.0 182.0 796.0 408.0 216.0 196.0 767.0 389.0 266.0 188.0 571.0 187.0 181.0 807.0 311.0 182.0 846.0 313.0 236.0 199.0 707.0 246.0 231.0 791.0 298.0 212.0 181.0 587.0 214.0 200.0 418.0 254.0 180.0 785.0 237.0 181.0 499.0 194.0 181.0 831.0 2242.0 209.0 845.0 272.0 196.0 774.0 226.0 179.0 563.0 174.0 174.0 673.0 303.0 169.0 1034.0 298.0 260.0 519.0 179.0 215.0 544.0 241.0 204.0 496.0 220.0 169.0 545.0 225.0 179.0 834.0 316.0 202.0 809.0 414.0 170.0 189.0 620.0 272.0 220.0 695.0 219.0 186.0 474.0 177.0 169.0 523.0 191.0 201.0 559.0 233.0 186.0 680.0 226.0 216.0 801.0 256.0 178.0 848.0 256.0 197.0
47 48 1 TRACE 13.0 9.0 19.0 33.0 18.0 15.0 10.0 10.0 10.0 18.0 9.0 28.0 35.0 27.0 25.0 13.0 8.0 18.0 16.0 21.0 22.0 16.0 13.0 11.0 9.0 10.0 11.0 53.0 40.0 10.0 11.0 10.0 8.0 20.0 11.0 10.0 26.0 27.0 23.0 20.0 8.0 9.0 16.0 15.0 18.0 16.0 11.0 15.0 7.0 67.0 15.0 14.0 20.0 16.0 15.0 10.0 8.0 28.0 10.0 13.0 10.0 10.0 11.0 10.0 9.0 31.0 22.0 10.0 74.0 26.0 18.0 10.0 8.0 10.0 10.0 15.0 18.0 15.0 14.0 10.0 8.0 9.0 9.0 23.0 20.0 17.0 15.0 9.0 8.0 10.0 10.0 28.0 23.0 9.0 11.0 11.0 8.0 23.0 19.0 14.0 14.0 10.0 51.0 24.0 8.0 31.0 16.0 18.0 20.0 16.0 12.0 10.0 8.0 20.0 15.0 16.0 25.0 18.0 15.0 10.0 8.0 10.0 11.0 21.0 21.0 25.0 10.0 12.0 8.0 15.0 11.0 21.0 15.0 31.0 23.0 15.0 8.0 12.0 16.0 16.0 20.0 29.0 10.0 10.0 8.0 10.0 13.0 9.0 26.0 49.0 14.0 10.0 8.0 26.0 20.0 30.0 30.0 26.0 18.0 16.0 7.0 9.0 9.0 10.0 17.0 13.0 10.0 10.0 9.0 10.0 10.0 10.0 26.0 21.0 16.0 10.0 9.0 9.0 19.0 33.0 34.0 32.0 13.0 13.0 8.0 12.0 13.0 16.0 10.0 19.0 12.0 10.0 9.0 10.0 27.0 31.0 33.0 16.0 26.0 11.0 8.0 10.0 9.0 9.0 29.0 28.0 37.0 19.0 8.0 26.0 15.0 19.0 24.0 16.0 13.0 10.0 8.0 11.0 28.0 10.0 29.0 21.0 12.0 13.0 8.0 10.0 16.0 25.0 31.0 31.0 25.0 13.0 8.0 10.0 10.0 14.0 19.0 11.0 14.0 10.0 8.0 56.0 39.0 29.0 26.0 18.0 11.0 11.0 8.0 23.0 11.0 27.0 31.0 29.0 25.0 10.0 8.0 33.0 10.0 16.0 21.0 10.0 14.0 11.0 9.0 35.0 27.0 28.0 42.0 19.0 10.0 12.0 8.0 10.0 10.0 28.0 33.0 29.0 27.0 11.0 8.0 24.0 44.0 18.0 21.0 16.0 14.0 10.0 9.0 9.0 10.0 9.0 27.0 17.0 11.0 15.0 8.0 20.0 22.0 28.0 36.0 20.0 13.0 13.0 8.0 14.0 10.0 17.0 20.0 15.0 49.0 11.0 8.0 9.0 30.0 27.0 27.0 19.0 11.0 10.0 8.0 21.0 16.0 27.0 29.0 29.0 23.0 12.0 7.0 15.0 15.0 17.0 21.0 12.0 10.0 10.0 8.0 12.0 21.0 22.0 29.0 18.0 12.0 15.0 8.0 10.0 11.0 15.0 9.0 29.0 24.0 12.0 8.0 10.0 12.0 16.0 20.0 15.0 14.0 14.0 8.0 22.0 10.0 10.0 24.0 15.0 12.0 10.0 8.0 10.0 18.0 30.0 30.0 28.0 23.0 17.0 8.0 14.0 16.0 19.0 21.0 9.0 9.0 10.0 9.0 10.0 25.0 11.0 25.0 19.0 15.0 10.0 8.0 9.0 17.0 27.0 32.0 26.0 22.0 14.0 8.0 10.0 20.0 16.0 20.0 15.0 10.0 16.0 9.0 32.0 10.0 9.0 20.0 23.0 19.0 13.0 8.0 9.0 16.0 19.0 19.0 21.0 10.0 10.0 8.0 16.0 16.0 16.0 21.0 10.0 15.0 11.0 8.0 46.0 34.0 10.0 19.0 25.0 21.0 13.0 8.0 20.0 10.0 21.0 23.0 20.0 15.0 14.0 8.0 9.0 13.0 15.0 20.0 16.0 13.0 10.0 9.0 71.0 38.0 10.0 18.0 23.0 14.0 9.0 8.0 14.0 24.0 26.0 25.0 24.0 18.0 12.0 8.0 10.0 15.0 17.0 22.0 18.0 18.0 10.0 27.0 9.0 10.0 23.0 23.0 21.0 11.0 15.0 8.0 9.0 15.0 13.0 18.0 19.0 22.0 19.0 7.0 10.0 10.0 18.0 18.0 16.0 15.0 10.0 9.0 23.0 24.0 47.0 14.0 12.0 11.0 11.0 8.0 10.0 25.0 21.0 20.0 15.0 13.0 9.0 7.0 18.0 15.0 17.0 14.0 14.0 14.0 11.0 8.0 10.0 10.0 24.0 10.0 16.0 12.0 10.0 8.0 10.0 15.0 19.0 21.0 18.0 23.0 20.0 8.0 9.0 9.0 16.0 20.0 17.0 14.0 11.0 8.0 12.0 42.0 30.0 19.0 17.0 14.0 11.0 9.0 10.0 28.0 10.0 31.0 12.0 10.0 13.0 8.0 12.0 20.0 24.0 26.0 29.0 21.0 13.0 7.0 9.0 13.0 16.0 12.0 20.0 9.0 9.0 8.0 9.0 16.0 16.0 24.0 70.0 11.0 10.0 8.0 10.0 10.0 22.0 27.0 17.0 11.0 10.0 8.0 23.0 10.0 24.0 35.0 29.0 21.0 13.0 8.0 29.0 16.0 17.0 19.0 16.0 13.0 10.0 8.0 15.0 9.0 14.0 10.0 17.0 14.0 45.0 8.0 57.0 11.0 14.0 15.0 27.0 10.0 10.0 8.0 9.0 16.0 21.0 25.0 18.0 17.0 12.0 7.0 9.0 10.0 10.0 20.0 14.0 14.0 9.0 8.0 54.0 32.0 10.0 23.0 30.0 10.0 10.0 8.0 21.0 30.0 20.0 24.0 31.0 14.0 11.0 8.0 10.0 27.0 9.0 10.0 14.0 16.0 14.0 8.0 9.0 10.0 14.0 18.0 18.0 11.0 10.0 9.0 10.0 26.0 19.0 23.0 13.0 16.0 15.0 8.0 27.0 9.0 12.0 19.0 15.0 13.0 14.0 8.0 10.0 10.0 10.0 16.0 13.0 16.0 13.0 8.0 9.0 26.0 16.0 23.0 11.0 34.0 11.0 7.0 9.0 13.0 13.0 10.0 16.0 13.0 10.0 9.0 23.0 10.0 11.0 16.0 17.0 14.0 10.0 8.0 10.0 25.0 15.0 25.0 22.0 20.0 11.0 8.0 9.0 23.0 13.0 20.0 10.0 14.0 10.0 9.0 10.0 9.0 10.0 14.0 65.0 30.0 11.0 8.0 9.0 15.0 12.0 10.0 10.0 26.0 12.0 8.0 13.0 23.0 14.0 18.0 12.0 13.0 10.0 8.0 17.0 15.0 13.0 21.0 14.0 10.0 10.0 8.0 10.0 10.0 10.0 13.0 10.0 12.0 11.0 8.0 17.0 20.0 19.0 16.0 18.0 11.0 12.0 8.0 11.0 10.0 9.0 18.0 10.0 10.0 10.0 8.0 22.0 12.0 12.0 20.0 18.0 14.0 10.0 8.0 19.0 33.0 27.0 21.0 17.0 13.0 10.0 8.0 12.0 10.0 12.0 25.0 34.0 25.0 12.0 8.0 9.0 9.0 12.0 20.0 15.0 12.0 10.0 9.0 10.0 16.0 20.0 20.0 9.0 13.0 11.0 8.0 28.0 11.0 11.0 30.0 38.0 27.0 10.0 7.0 9.0 9.0 13.0 11.0 17.0 12.0 9.0 9.0 10.0 10.0 22.0 10.0 9.0 12.0 20.0 8.0 31.0 80.0 75.0 29.0 28.0 23.0 10.0 8.0 13.0 12.0 13.0 20.0 20.0 15.0 10.0 8.0 13.0 17.0 14.0 18.0 18.0 14.0 9.0 8.0 38.0 22.0 22.0 10.0 14.0 10.0 10.0 9.0 22.0 10.0 10.0 59.0 34.0 28.0 11.0 8.0 31.0 16.0 14.0 18.0 18.0 10.0 10.0 8.0 12.0 19.0 9.0 19.0 17.0 10.0 10.0 8.0 27.0 39.0 24.0 17.0 25.0 20.0 10.0 8.0 9.0 25.0 13.0 18.0 21.0 10.0 10.0 8.0 10.0 10.0 10.0 20.0 18.0 13.0 11.0 8.0 14.0 25.0 22.0 14.0 11.0 12.0 10.0 8.0 11.0 10.0 14.0 25.0 31.0 26.0 12.0 8.0 12.0 15.0 28.0 18.0 15.0 13.0 10.0 8.0 10.0 10.0 32.0 74.0 9.0 12.0 12.0 8.0 21.0 22.0 9.0 10.0 32.0 22.0 14.0 8.0 18.0 11.0 15.0 16.0 17.0 14.0 11.0 7.0 10.0 11.0 10.0 13.0 10.0 13.0 9.0 8.0 10.0 10.0 15.0 13.0 21.0 12.0 14.0 8.0 10.0 18.0 16.0 30.0 31.0 25.0 11.0 8.0 42.0 16.0 33.0 19.0 10.0 14.0 9.0 8.0 10.0 10.0 10.0 10.0 14.0 12.0 10.0 8.0 37.0 28.0 14.0 14.0 10.0 14.0 9.0 8.0 10.0 10.0 9.0 42.0 10.0 83.0 10.0 8.0 9.0 26.0 11.0 19.0 18.0 13.0 9.0 9.0 17.0 23.0 10.0 19.0 40.0 17.0 11.0 8.0 10.0 20.0 14.0 14.0 14.0 25.0 12.0 8.0 9.0 19.0 12.0 19.0 20.0 23.0 12.0 9.0 10.0 10.0 14.0 18.0 28.0 20.0 12.0 8.0 10.0 14.0 19.0 13.0 16.0 14.0 10.0 8.0 10.0 10.0 11.0 20.0 20.0 10.0 10.0 9.0 10.0 26.0 9.0 29.0 20.0 12.0 13.0 8.0 10.0 20.0 17.0 30.0 31.0 11.0 11.0 8.0 12.0 10.0 45.0 10.0 16.0 14.0 10.0 8.0 10.0 12.0 14.0 9.0 20.0 12.0 11.0 8.0 10.0 28.0 11.0 18.0 14.0 26.0 47.0 8.0 10.0 10.0 12.0 21.0 19.0 14.0 10.0 8.0 62.0 20.0 22.0 24.0 14.0 11.0 10.0 8.0 12.0 13.0 23.0 26.0 35.0 26.0 11.0 8.0 9.0 16.0 12.0 19.0 17.0 14.0 10.0 9.0 16.0 25.0 10.0 18.0 14.0 11.0 14.0 8.0 9.0 20.0 16.0 29.0 11.0 35.0 10.0 8.0 13.0 10.0 10.0 10.0 11.0 11.0 9.0 8.0 36.0 40.0 34.0 24.0 19.0 12.0 10.0 8.0 9.0 10.0 13.0 16.0 34.0 23.0 13.0 8.0 20.0 14.0 29.0 41.0 21.0 17.0 13.0 8.0 9.0 17.0 18.0 9.0 16.0 15.0 14.0 8.0 9.0 9.0 17.0 21.0 23.0 10.0 10.0 8.0 17.0 24.0 14.0 11.0 17.0 17.0 11.0 8.0 27.0 20.0 35.0 9.0 10.0 14.0 11.0 8.0 10.0 14.0 18.0 31.0 14.0 23.0 10.0 8.0 10.0 10.0 12.0 22.0 21.0 17.0 12.0 9.0 32.0 234.0 11.0 34.0 12.0 26.0 30.0 9.0 12.0 93.0 40.0 51.0 20.0 13.0 12.0 9.0 11.0 10.0 11.0 10.0 22.0 39.0 12.0 8.0 10.0 11.0 10.0 17.0 16.0 11.0 12.0 8.0 9.0 24.0 18.0 18.0 19.0 13.0 11.0 8.0 10.0 16.0 16.0 22.0 9.0 18.0 14.0 8.0 55.0 41.0 13.0 16.0 15.0 12.0 11.0 8.0 11.0 10.0 15.0 15.0 16.0 12.0 11.0 8.0 10.0 10.0 17.0 15.0 16.0 12.0 9.0 8.0 16.0 35.0 21.0 16.0 18.0 14.0 46.0 8.0 11.0 16.0 10.0 14.0 11.0 12.0 11.0 8.0 13.0 13.0 15.0 18.0 16.0 13.0 10.0 8.0 56.0 37.0 20.0 16.0 19.0 12.0 10.0 8.0 9.0 13.0 10.0 17.0 16.0 10.0 14.0 8.0 16.0 15.0 15.0 17.0 18.0 13.0 11.0 8.0 54.0 20.0 10.0 15.0 19.0 10.0 10.0 8.0 21.0 10.0 14.0 40.0 35.0 13.0 12.0 9.0 9.0 11.0 9.0 43.0 16.0 11.0 12.0 8.0 34.0 41.0 33.0 29.0 14.0 12.0 12.0 8.0 10.0 12.0 15.0 10.0 10.0 13.0 13.0 8.0 9.0 10.0 15.0 18.0 15.0 12.0 12.0 8.0 9.0 15.0 15.0 16.0 11.0 10.0 11.0 8.0 10.0 21.0 17.0 20.0 15.0 12.0 17.0 9.0 11.0 10.0 21.0 13.0 9.0 12.0 12.0 8.0 10.0 12.0 16.0 18.0 18.0 13.0 11.0 8.0 85.0 43.0 19.0 11.0 10.0 15.0 10.0 8.0 9.0 10.0 18.0 10.0 17.0 14.0 16.0 8.0 15.0 19.0 14.0 17.0 16.0 22.0 10.0 8.0 51.0 31.0 27.0 16.0 19.0 12.0 12.0 8.0 10.0 10.0 17.0 13.0 19.0 12.0 9.0 8.0 9.0 12.0 15.0 52.0 22.0 52.0 12.0 8.0 10.0 21.0 21.0 11.0 23.0 16.0 10.0 8.0 28.0 16.0 17.0 9.0 20.0 9.0 11.0 8.0 13.0 10.0 9.0 20.0 16.0 12.0 10.0 8.0 10.0 11.0 25.0 22.0 13.0 18.0 13.0 8.0 11.0 18.0 16.0 10.0 16.0 10.0 14.0 8.0 91.0 17.0 14.0 17.0 15.0 15.0 11.0 8.0 9.0 14.0 10.0 19.0 17.0 12.0 15.0 8.0 10.0 22.0 16.0 21.0 15.0 14.0 14.0 8.0 9.0 10.0 66.0 9.0 17.0 10.0 10.0 8.0 10.0 26.0 18.0 16.0 16.0 11.0 11.0 9.0 9.0 17.0 15.0 10.0 22.0 14.0 16.0 8.0 18.0 23.0 16.0 18.0 15.0 12.0 12.0 9.0 9.0 10.0 14.0 14.0 13.0 12.0 11.0 8.0 9.0 16.0 9.0 17.0 19.0 21.0 11.0 8.0 9.0 14.0 15.0 17.0 14.0 19.0 11.0
48 49 1 TRACE 60.0 93.0 90.0 32.0 32.0 23.0 45.0 21.0 12.0 22.0 21.0 23.0 21.0 22.0 21.0 37.0 7.0 11.0 23.0 9.0 10.0 10.0 15.0 12.0 45.0 43.0 40.0 29.0 28.0 24.0 24.0 21.0 17.0 30.0 40.0 27.0 23.0 23.0 40.0 21.0 7.0 12.0 18.0 10.0 10.0 10.0 10.0 10.0 7.0 440.0 20.0 9.0 10.0 10.0 21.0 12.0 51.0 46.0 33.0 39.0 27.0 26.0 28.0 22.0 13.0 23.0 32.0 22.0 22.0 20.0 23.0 23.0 7.0 22.0 10.0 10.0 10.0 11.0 13.0 13.0 7.0 10.0 15.0 10.0 10.0 10.0 12.0 14.0 44.0 37.0 42.0 30.0 30.0 23.0 24.0 23.0 17.0 32.0 30.0 27.0 27.0 47.0 28.0 59.0 7.0 12.0 17.0 10.0 10.0 11.0 15.0 13.0 8.0 11.0 20.0 10.0 10.0 10.0 20.0 14.0 64.0 53.0 39.0 31.0 32.0 28.0 22.0 30.0 9.0 16.0 28.0 19.0 16.0 19.0 24.0 21.0 7.0 12.0 21.0 9.0 10.0 10.0 10.0 10.0 64.0 51.0 39.0 31.0 33.0 26.0 22.0 22.0 9.0 17.0 34.0 17.0 17.0 17.0 25.0 23.0 7.0 10.0 22.0 10.0 11.0 20.0 10.0 14.0 62.0 75.0 38.0 31.0 31.0 24.0 22.0 20.0 8.0 14.0 76.0 13.0 13.0 16.0 14.0 19.0 8.0 20.0 20.0 10.0 10.0 10.0 12.0 9.0 63.0 52.0 43.0 32.0 32.0 24.0 35.0 24.0 9.0 28.0 18.0 18.0 19.0 55.0 17.0 22.0 7.0 23.0 19.0 9.0 10.0 10.0 16.0 13.0 62.0 42.0 45.0 30.0 32.0 27.0 34.0 23.0 10.0 23.0 35.0 23.0 18.0 38.0 19.0 25.0 7.0 9.0 23.0 9.0 10.0 10.0 13.0 14.0 63.0 54.0 47.0 31.0 32.0 24.0 27.0 22.0 9.0 18.0 18.0 19.0 18.0 18.0 20.0 19.0 7.0 33.0 20.0 10.0 10.0 13.0 14.0 13.0 60.0 47.0 41.0 30.0 31.0 24.0 34.0 23.0 10.0 22.0 39.0 23.0 20.0 20.0 20.0 28.0 8.0 11.0 14.0 10.0 10.0 10.0 16.0 13.0 87.0 50.0 36.0 33.0 32.0 25.0 28.0 21.0 10.0 18.0 36.0 20.0 20.0 19.0 23.0 26.0 8.0 10.0 10.0 10.0 10.0 48.0 12.0 9.0 54.0 41.0 43.0 36.0 32.0 24.0 35.0 23.0 12.0 41.0 34.0 24.0 23.0 22.0 21.0 29.0 7.0 12.0 18.0 9.0 13.0 10.0 10.0 10.0 57.0 62.0 41.0 30.0 30.0 24.0 28.0 21.0 11.0 25.0 22.0 41.0 20.0 20.0 21.0 42.0 8.0 9.0 18.0 10.0 10.0 10.0 16.0 10.0 52.0 41.0 35.0 30.0 32.0 24.0 28.0 20.0 12.0 31.0 42.0 22.0 24.0 22.0 25.0 24.0 7.0 10.0 20.0 10.0 11.0 9.0 17.0 12.0 64.0 46.0 43.0 51.0 28.0 24.0 24.0 21.0 10.0 21.0 36.0 19.0 17.0 17.0 21.0 26.0 7.0 9.0 17.0 9.0 10.0 10.0 10.0 10.0 40.0 40.0 33.0 33.0 30.0 24.0 28.0 30.0 8.0 10.0 22.0 13.0 11.0 11.0 10.0 18.0 8.0 12.0 22.0 10.0 13.0 10.0 14.0 13.0 41.0 47.0 39.0 31.0 31.0 23.0 26.0 28.0 8.0 34.0 10.0 11.0 11.0 12.0 15.0 16.0 7.0 10.0 26.0 10.0 20.0 10.0 16.0 14.0 50.0 54.0 36.0 31.0 31.0 25.0 26.0 22.0 8.0 12.0 22.0 11.0 11.0 12.0 16.0 21.0 8.0 26.0 21.0 15.0 10.0 10.0 32.0 10.0 59.0 44.0 36.0 30.0 31.0 24.0 28.0 20.0 11.0 23.0 38.0 27.0 20.0 20.0 21.0 20.0 7.0 9.0 9.0 10.0 10.0 10.0 13.0 14.0 40.0 43.0 38.0 30.0 26.0 52.0 25.0 33.0 7.0 9.0 19.0 11.0 22.0 12.0 12.0 10.0 7.0 47.0 21.0 10.0 9.0 11.0 16.0 10.0 46.0 40.0 36.0 29.0 31.0 24.0 24.0 20.0 16.0 31.0 33.0 36.0 24.0 22.0 24.0 22.0 8.0 11.0 17.0 9.0 10.0 9.0 15.0 15.0 8.0 18.0 30.0 11.0 10.0 10.0 17.0 11.0 48.0 40.0 53.0 30.0 29.0 23.0 22.0 21.0 15.0 32.0 37.0 26.0 25.0 23.0 25.0 28.0 7.0 9.0 19.0 34.0 11.0 11.0 9.0 11.0 7.0 9.0 21.0 9.0 13.0 10.0 13.0 9.0 50.0 41.0 41.0 30.0 30.0 24.0 32.0 21.0 14.0 29.0 44.0 25.0 24.0 22.0 30.0 28.0 7.0 11.0 25.0 10.0 10.0 9.0 12.0 14.0 7.0 27.0 18.0 10.0 10.0 10.0 50.0 13.0 42.0 43.0 36.0 30.0 31.0 28.0 22.0 42.0 8.0 10.0 17.0 10.0 12.0 11.0 13.0 14.0 7.0 9.0 17.0 11.0 10.0 10.0 13.0 17.0 58.0 39.0 37.0 31.0 28.0 29.0 24.0 22.0 11.0 20.0 26.0 31.0 20.0 21.0 22.0 30.0 7.0 24.0 17.0 9.0 11.0 10.0 10.0 13.0 53.0 43.0 38.0 30.0 30.0 26.0 24.0 21.0 24.0 30.0 52.0 33.0 21.0 21.0 22.0 25.0 8.0 17.0 13.0 11.0 10.0 10.0 12.0 10.0 55.0 43.0 37.0 35.0 31.0 30.0 23.0 23.0 8.0 10.0 24.0 18.0 13.0 12.0 11.0 13.0 7.0 9.0 18.0 11.0 11.0 9.0 12.0 12.0 50.0 48.0 36.0 32.0 30.0 28.0 25.0 25.0 8.0 11.0 23.0 15.0 12.0 12.0 13.0 11.0 7.0 10.0 16.0 14.0 11.0 11.0 13.0 16.0 47.0 43.0 35.0 29.0 30.0 39.0 22.0 21.0 15.0 28.0 38.0 27.0 23.0 21.0 23.0 28.0 7.0 11.0 11.0 10.0 10.0 10.0 18.0 13.0 8.0 11.0 16.0 10.0 11.0 13.0 9.0 10.0 40.0 40.0 32.0 30.0 29.0 24.0 27.0 25.0 19.0 34.0 31.0 28.0 26.0 25.0 24.0 31.0 8.0 11.0 10.0 16.0 10.0 10.0 13.0 20.0 8.0 9.0 18.0 13.0 10.0 9.0 15.0 12.0 55.0 43.0 35.0 30.0 31.0 23.0 37.0 21.0 12.0 23.0 30.0 32.0 21.0 21.0 21.0 30.0 8.0 10.0 19.0 18.0 10.0 10.0 12.0 13.0 64.0 54.0 38.0 31.0 30.0 24.0 27.0 25.0 8.0 17.0 39.0 30.0 17.0 17.0 18.0 39.0 7.0 9.0 16.0 12.0 10.0 12.0 11.0 17.0 34.0 34.0 30.0 33.0 26.0 23.0 23.0 22.0 26.0 35.0 72.0 26.0 26.0 23.0 24.0 22.0 7.0 12.0 12.0 10.0 10.0 11.0 13.0 14.0 7.0 17.0 18.0 10.0 10.0 10.0 13.0 15.0 39.0 35.0 51.0 29.0 34.0 26.0 21.0 21.0 19.0 37.0 28.0 26.0 27.0 43.0 21.0 36.0 7.0 13.0 15.0 11.0 9.0 26.0 11.0 10.0 8.0 14.0 18.0 9.0 9.0 10.0 11.0 15.0 41.0 75.0 35.0 32.0 30.0 26.0 26.0 53.0 8.0 13.0 22.0 12.0 11.0 12.0 13.0 11.0 8.0 10.0 23.0 9.0 10.0 11.0 12.0 14.0 54.0 45.0 34.0 31.0 31.0 24.0 22.0 23.0 13.0 25.0 22.0 28.0 21.0 22.0 22.0 29.0 7.0 29.0 18.0 10.0 10.0 11.0 12.0 14.0 44.0 39.0 33.0 29.0 28.0 24.0 23.0 22.0 16.0 33.0 28.0 25.0 23.0 24.0 24.0 29.0 7.0 94.0 19.0 11.0 10.0 10.0 12.0 15.0 7.0 37.0 10.0 10.0 9.0 9.0 13.0 52.0 64.0 46.0 45.0 32.0 28.0 27.0 23.0 25.0 9.0 23.0 31.0 29.0 17.0 18.0 18.0 30.0 7.0 12.0 19.0 12.0 10.0 11.0 11.0 14.0 50.0 42.0 35.0 34.0 26.0 24.0 27.0 20.0 14.0 29.0 26.0 28.0 21.0 20.0 23.0 24.0 7.0 10.0 10.0 9.0 14.0 10.0 10.0 14.0 7.0 45.0 10.0 12.0 10.0 10.0 13.0 14.0 64.0 63.0 37.0 30.0 32.0 26.0 22.0 21.0 8.0 22.0 26.0 31.0 17.0 17.0 18.0 28.0 7.0 47.0 18.0 14.0 10.0 11.0 23.0 12.0 31.0 41.0 32.0 31.0 26.0 25.0 25.0 30.0 7.0 10.0 18.0 11.0 11.0 11.0 13.0 14.0 8.0 9.0 17.0 15.0 10.0 11.0 10.0 14.0 63.0 47.0 40.0 34.0 30.0 28.0 28.0 26.0 10.0 19.0 33.0 31.0 19.0 19.0 18.0 28.0 7.0 10.0 9.0 11.0 10.0 10.0 12.0 13.0 51.0 57.0 35.0 33.0 30.0 25.0 25.0 29.0 8.0 10.0 23.0 24.0 21.0 51.0 15.0 15.0 8.0 10.0 10.0 11.0 10.0 11.0 12.0 17.0 61.0 45.0 37.0 31.0 32.0 26.0 23.0 23.0 10.0 18.0 29.0 21.0 18.0 19.0 19.0 30.0 7.0 9.0 11.0 12.0 10.0 10.0 11.0 15.0 65.0 42.0 100.0 29.0 32.0 24.0 24.0 22.0 10.0 58.0 31.0 31.0 20.0 18.0 20.0 32.0 7.0 10.0 9.0 9.0 10.0 10.0 13.0 9.0 62.0 53.0 35.0 31.0 33.0 31.0 24.0 22.0 9.0 30.0 23.0 28.0 18.0 18.0 19.0 28.0 7.0 17.0 52.0 9.0 10.0 10.0 12.0 14.0 40.0 47.0 39.0 30.0 28.0 25.0 26.0 30.0 8.0 10.0 19.0 13.0 10.0 11.0 12.0 34.0 8.0 13.0 17.0 12.0 10.0 10.0 12.0 15.0 62.0 53.0 36.0 30.0 30.0 25.0 23.0 25.0 9.0 17.0 31.0 30.0 17.0 18.0 18.0 38.0 8.0 9.0 27.0 12.0 10.0 10.0 12.0 18.0 61.0 50.0 57.0 44.0 46.0 28.0 31.0 61.0 12.0 30.0 23.0 20.0 22.0 42.0 25.0 48.0 8.0 10.0 15.0 44.0 12.0 12.0 24.0 25.0 48.0 51.0 42.0 29.0 31.0 26.0 23.0 28.0 8.0 10.0 11.0 12.0 12.0 13.0 13.0 11.0 7.0 10.0 14.0 10.0 10.0 9.0 10.0 11.0 58.0 63.0 39.0 31.0 30.0 24.0 34.0 23.0 8.0 12.0 12.0 13.0 13.0 14.0 16.0 13.0 10.0 9.0 21.0 10.0 10.0 10.0 12.0 9.0 40.0 56.0 35.0 31.0 30.0 28.0 24.0 26.0 8.0 13.0 11.0 11.0 11.0 10.0 13.0 12.0 7.0 11.0 12.0 9.0 10.0 10.0 12.0 11.0 41.0 55.0 40.0 30.0 31.0 27.0 22.0 24.0 7.0 10.0 16.0 10.0 10.0 11.0 19.0 11.0 8.0 11.0 14.0 10.0 10.0 10.0 13.0 12.0 52.0 38.0 36.0 32.0 31.0 27.0 23.0 21.0 13.0 49.0 24.0 21.0 23.0 22.0 19.0 19.0 8.0 10.0 21.0 10.0 10.0 10.0 20.0 10.0 43.0 39.0 33.0 28.0 27.0 24.0 25.0 21.0 17.0 33.0 40.0 26.0 23.0 21.0 22.0 20.0 10.0 9.0 17.0 9.0 15.0 10.0 13.0 11.0 8.0 9.0 14.0 10.0 10.0 10.0 46.0 10.0 61.0 56.0 39.0 31.0 31.0 26.0 25.0 22.0 9.0 12.0 14.0 17.0 14.0 12.0 20.0 21.0 7.0 11.0 12.0 9.0 10.0 10.0 12.0 12.0 63.0 50.0 38.0 31.0 38.0 25.0 22.0 22.0 9.0 20.0 18.0 17.0 17.0 17.0 20.0 16.0 7.0 10.0 11.0 11.0 10.0 10.0 9.0 10.0 40.0 43.0 34.0 29.0 30.0 24.0 22.0 21.0 8.0 10.0 19.0 18.0 11.0 11.0 13.0 10.0 8.0 9.0 15.0 10.0 14.0 36.0 12.0 13.0 59.0 55.0 51.0 32.0 30.0 27.0 23.0 22.0 8.0 22.0 15.0 13.0 13.0 14.0 14.0 14.0 12.0 10.0 10.0 10.0 10.0 10.0 15.0 10.0 62.0 81.0 40.0 31.0 33.0 26.0 29.0 21.0 8.0 19.0 26.0 18.0 24.0 22.0 16.0 16.0 7.0 13.0 9.0 10.0 10.0 10.0 9.0 12.0 62.0 54.0 48.0 37.0 32.0 23.0 25.0 22.0 8.0 19.0 20.0 17.0 17.0 17.0 18.0 16.0 8.0 8.0 20.0 9.0 10.0 10.0 15.0 11.0 55.0 48.0 37.0 31.0 32.0 24.0 24.0 20.0 11.0 39.0 29.0 21.0 20.0 19.0 21.0 18.0 8.0 11.0 11.0 9.0 11.0 9.0 52.0 12.0 58.0 43.0 38.0 31.0 30.0 25.0 23.0 23.0 10.0 37.0 26.0 20.0 20.0 20.0 18.0 31.0 8.0 19.0 12.0 9.0 10.0 10.0 9.0 11.0
49 47 1 TRACE 693.0 570.0 474.0 445.0 418.0 402.0 400.0 180.0 173.0 133.0 125.0 122.0 120.0 117.0 65.0 102.0 64.0 74.0 64.0 64.0 65.0 551.0 473.0 402.0 361.0 332.0 354.0 344.0 198.0 195.0 215.0 150.0 159.0 134.0 128.0 68.0 68.0 65.0 64.0 65.0 86.0 69.0 945.0 72.0 66.0 64.0 64.0 64.0 65.0 549.0 500.0 342.0 306.0 313.0 246.0 244.0 177.0 156.0 140.0 163.0 130.0 153.0 134.0 79.0 72.0 64.0 64.0 64.0 64.0 64.0 63.0 64.0 64.0 65.0 64.0 64.0 64.0 573.0 477.0 388.0 338.0 303.0 282.0 306.0 210.0 173.0 164.0 161.0 161.0 146.0 128.0 66.0 66.0 64.0 64.0 64.0 65.0 63.0 88.0 74.0 64.0 68.0 64.0 65.0 64.0 406.0 288.0 242.0 198.0 183.0 187.0 164.0 139.0 115.0 101.0 107.0 92.0 92.0 92.0 64.0 73.0 63.0 64.0 64.0 67.0 68.0 432.0 307.0 259.0 212.0 192.0 203.0 189.0 127.0 114.0 100.0 100.0 97.0 103.0 96.0 105.0 65.0 83.0 68.0 67.0 64.0 64.0 342.0 279.0 248.0 192.0 174.0 191.0 171.0 89.0 103.0 88.0 87.0 86.0 126.0 86.0 63.0 71.0 64.0 83.0 68.0 68.0 76.0 677.0 320.0 259.0 228.0 206.0 202.0 211.0 137.0 116.0 110.0 107.0 104.0 118.0 102.0 64.0 69.0 63.0 64.0 64.0 64.0 65.0 531.0 351.0 316.0 241.0 220.0 214.0 196.0 166.0 131.0 118.0 113.0 109.0 112.0 135.0 112.0 65.0 63.0 65.0 70.0 64.0 65.0 450.0 302.0 257.0 232.0 205.0 252.0 215.0 131.0 109.0 110.0 108.0 103.0 104.0 113.0 75.0 65.0 64.0 65.0 90.0 65.0 64.0 486.0 359.0 292.0 259.0 228.0 226.0 243.0 158.0 151.0 121.0 117.0 114.0 111.0 114.0 63.0 138.0 64.0 63.0 64.0 64.0 65.0 545.0 364.0 309.0 248.0 227.0 221.0 196.0 121.0 132.0 118.0 117.0 116.0 122.0 109.0 99.0 70.0 63.0 64.0 64.0 67.0 65.0 529.0 407.0 323.0 278.0 249.0 284.0 246.0 183.0 162.0 141.0 133.0 125.0 125.0 122.0 81.0 69.0 63.0 65.0 67.0 68.0 67.0 526.0 435.0 315.0 271.0 243.0 233.0 209.0 142.0 178.0 137.0 134.0 121.0 119.0 117.0 64.0 64.0 63.0 65.0 65.0 64.0 64.0 545.0 446.0 368.0 296.0 257.0 247.0 221.0 168.0 153.0 141.0 139.0 127.0 129.0 120.0 67.0 64.0 64.0 63.0 75.0 78.0 64.0 440.0 409.0 289.0 279.0 209.0 204.0 198.0 131.0 125.0 110.0 107.0 106.0 104.0 102.0 96.0 65.0 64.0 65.0 65.0 84.0 67.0 686.0 229.0 205.0 175.0 154.0 169.0 142.0 71.0 71.0 71.0 70.0 70.0 90.0 72.0 64.0 70.0 63.0 65.0 65.0 65.0 64.0 293.0 203.0 220.0 178.0 165.0 145.0 145.0 88.0 71.0 71.0 70.0 69.0 71.0 70.0 70.0 78.0 66.0 67.0 64.0 64.0 65.0 312.0 210.0 197.0 183.0 161.0 158.0 170.0 85.0 78.0 73.0 75.0 74.0 74.0 76.0 64.0 69.0 63.0 65.0 65.0 64.0 69.0 558.0 399.0 317.0 278.0 242.0 235.0 207.0 185.0 150.0 145.0 133.0 121.0 118.0 119.0 73.0 64.0 63.0 65.0 64.0 64.0 65.0 277.0 233.0 183.0 177.0 194.0 160.0 145.0 104.0 69.0 69.0 70.0 72.0 73.0 81.0 69.0 68.0 64.0 65.0 65.0 64.0 100.0 570.0 457.0 369.0 340.0 281.0 266.0 241.0 212.0 173.0 158.0 145.0 146.0 133.0 128.0 64.0 65.0 64.0 64.0 64.0 65.0 63.0 63.0 106.0 64.0 65.0 63.0 63.0 65.0 541.0 451.0 422.0 314.0 278.0 274.0 234.0 180.0 163.0 154.0 149.0 134.0 135.0 126.0 63.0 65.0 64.0 64.0 64.0 84.0 68.0 63.0 67.0 63.0 97.0 74.0 67.0 68.0 553.0 435.0 342.0 303.0 263.0 251.0 262.0 169.0 177.0 149.0 143.0 131.0 131.0 123.0 65.0 66.0 63.0 64.0 64.0 66.0 64.0 83.0 70.0 66.0 76.0 63.0 65.0 65.0 247.0 227.0 190.0 177.0 154.0 167.0 143.0 71.0 70.0 70.0 70.0 70.0 70.0 70.0 67.0 65.0 64.0 65.0 65.0 64.0 64.0 504.0 391.0 354.0 264.0 235.0 248.0 212.0 151.0 143.0 130.0 123.0 119.0 128.0 117.0 82.0 85.0 77.0 67.0 65.0 64.0 65.0 544.0 415.0 328.0 285.0 255.0 242.0 218.0 174.0 170.0 139.0 136.0 141.0 131.0 121.0 70.0 65.0 64.0 65.0 65.0 64.0 65.0 319.0 241.0 250.0 186.0 168.0 158.0 153.0 84.0 86.0 79.0 87.0 84.0 86.0 89.0 94.0 72.0 64.0 75.0 65.0 64.0 64.0 307.0 239.0 199.0 182.0 169.0 189.0 151.0 114.0 77.0 74.0 74.0 75.0 75.0 104.0 64.0 66.0 64.0 66.0 78.0 64.0 65.0 545.0 450.0 366.0 314.0 285.0 250.0 240.0 183.0 170.0 161.0 173.0 160.0 134.0 130.0 65.0 65.0 64.0 65.0 65.0 64.0 64.0 64.0 64.0 63.0 64.0 65.0 92.0 70.0 553.0 494.0 455.0 365.0 325.0 302.0 294.0 201.0 186.0 167.0 160.0 160.0 148.0 136.0 69.0 100.0 74.0 66.0 79.0 68.0 67.0 64.0 63.0 64.0 64.0 64.0 63.0 65.0 531.0 400.0 320.0 284.0 248.0 242.0 248.0 211.0 152.0 140.0 132.0 123.0 123.0 120.0 105.0 64.0 64.0 65.0 64.0 65.0 64.0 376.0 290.0 241.0 215.0 205.0 187.0 172.0 122.0 123.0 101.0 98.0 97.0 96.0 101.0 64.0 64.0 64.0 97.0 64.0 65.0 64.0 558.0 538.0 456.0 409.0 382.0 363.0 357.0 270.0 231.0 169.0 150.0 146.0 144.0 160.0 101.0 66.0 65.0 66.0 65.0 66.0 66.0 83.0 87.0 63.0 73.0 64.0 65.0 64.0 544.0 485.0 411.0 408.0 316.0 290.0 299.0 188.0 205.0 180.0 156.0 141.0 141.0 136.0 69.0 64.0 64.0 66.0 64.0 81.0 69.0 69.0 63.0 73.0 64.0 64.0 70.0 65.0 278.0 198.0 185.0 175.0 155.0 149.0 151.0 79.0 70.0 71.0 75.0 88.0 77.0 79.0 64.0 105.0 64.0 64.0 63.0 64.0 64.0 539.0 398.0 325.0 287.0 251.0 240.0 262.0 243.0 163.0 141.0 134.0 126.0 122.0 121.0 68.0 70.0 65.0 68.0 64.0 64.0 64.0 594.0 467.0 379.0 330.0 291.0 276.0 246.0 183.0 180.0 182.0 197.0 136.0 133.0 128.0 63.0 64.0 64.0 64.0 64.0 64.0 65.0 70.0 96.0 67.0 69.0 75.0 66.0 66.0 472.0 312.0 258.0 266.0 199.0 193.0 181.0 109.0 123.0 107.0 105.0 101.0 101.0 105.0 63.0 90.0 92.0 64.0 92.0 64.0 66.0 559.0 465.0 348.0 377.0 267.0 251.0 226.0 173.0 152.0 151.0 143.0 149.0 140.0 134.0 114.0 66.0 77.0 73.0 99.0 64.0 65.0 66.0 64.0 64.0 64.0 63.0 66.0 64.0 371.0 276.0 245.0 209.0 186.0 178.0 190.0 104.0 112.0 98.0 108.0 93.0 93.0 96.0 67.0 63.0 63.0 65.0 64.0 68.0 111.0 246.0 242.0 187.0 168.0 154.0 146.0 141.0 66.0 68.0 68.0 73.0 68.0 66.0 67.0 63.0 65.0 64.0 64.0 64.0 81.0 67.0 530.0 358.0 298.0 244.0 221.0 210.0 199.0 122.0 135.0 117.0 114.0 110.0 155.0 128.0 114.0 170.0 67.0 88.0 65.0 64.0 65.0 290.0 224.0 199.0 170.0 161.0 160.0 148.0 109.0 75.0 78.0 83.0 73.0 75.0 88.0 77.0 95.0 64.0 65.0 63.0 64.0 63.0 490.0 357.0 284.0 252.0 224.0 217.0 194.0 121.0 124.0 120.0 121.0 113.0 111.0 110.0 64.0 64.0 64.0 64.0 64.0 63.0 64.0 514.0 359.0 303.0 256.0 226.0 224.0 197.0 126.0 135.0 119.0 115.0 145.0 118.0 131.0 224.0 65.0 73.0 78.0 67.0 66.0 76.0 404.0 300.0 248.0 229.0 202.0 198.0 191.0 109.0 135.0 110.0 117.0 102.0 103.0 103.0 68.0 61.0 61.0 91.0 62.0 60.0 62.0 311.0 219.0 188.0 162.0 157.0 154.0 141.0 70.0 72.0 66.0 69.0 67.0 94.0 70.0 68.0 75.0 61.0 74.0 63.0 62.0 63.0 367.0 278.0 231.0 249.0 203.0 187.0 173.0 95.0 101.0 99.0 98.0 106.0 95.0 105.0 61.0 63.0 61.0 64.0 60.0 60.0 61.0 752.0 468.0 405.0 351.0 328.0 330.0 280.0 218.0 164.0 164.0 130.0 159.0 150.0 164.0 115.0 80.0 82.0 105.0 71.0 69.0 93.0 284.0 244.0 231.0 189.0 163.0 158.0 148.0 84.0 77.0 71.0 70.0 71.0 75.0 77.0 69.0 64.0 60.0 101.0 96.0 93.0 63.0 332.0 229.0 217.0 195.0 172.0 167.0 167.0 88.0 126.0 90.0 85.0 83.0 85.0 84.0 62.0 64.0 61.0 62.0 61.0 62.0 88.0 290.0 204.0 185.0 175.0 157.0 148.0 183.0 66.0 67.0 83.0 70.0 70.0 70.0 72.0 71.0 61.0 61.0 63.0 61.0 61.0 62.0 248.0 199.0 189.0 178.0 155.0 152.0 169.0 70.0 73.0 84.0 69.0 69.0 72.0 68.0 68.0 61.0 60.0 63.0 61.0 61.0 62.0 569.0 417.0 352.0 289.0 252.0 240.0 243.0 156.0 151.0 145.0 138.0 124.0 126.0 123.0 77.0 78.0 73.0 66.0 61.0 63.0 61.0 571.0 452.0 370.0 326.0 289.0 270.0 240.0 187.0 177.0 158.0 178.0 164.0 163.0 129.0 63.0 62.0 62.0 63.0 61.0 63.0 62.0 71.0 65.0 61.0 62.0 90.0 65.0 66.0 339.0 263.0 216.0 199.0 178.0 180.0 154.0 120.0 99.0 97.0 90.0 96.0 100.0 86.0 60.0 61.0 60.0 63.0 61.0 61.0 61.0 409.0 295.0 251.0 255.0 206.0 197.0 179.0 157.0 117.0 105.0 99.0 105.0 100.0 94.0 77.0 63.0 62.0 61.0 61.0 62.0 64.0 258.0 210.0 189.0 178.0 157.0 190.0 143.0 71.0 70.0 67.0 67.0 70.0 70.0 91.0 62.0 64.0 60.0 64.0 60.0 61.0 62.0 350.0 253.0 229.0 193.0 174.0 162.0 177.0 97.0 84.0 84.0 100.0 84.0 91.0 87.0 103.0 66.0 74.0 61.0 60.0 61.0 60.0 358.0 271.0 230.0 204.0 183.0 164.0 161.0 106.0 96.0 93.0 104.0 87.0 99.0 91.0 95.0 62.0 60.0 63.0 60.0 64.0 61.0 391.0 284.0 266.0 212.0 190.0 225.0 168.0 146.0 102.0 100.0 101.0 94.0 96.0 94.0 61.0 63.0 60.0 97.0 102.0 73.0 63.0 521.0 392.0 304.0 282.0 240.0 233.0 210.0 186.0 139.0 133.0 145.0 118.0 119.0 114.0 68.0 66.0 60.0 63.0 61.0 70.0 64.0 531.0 412.0 310.0 258.0 237.0 230.0 205.0 147.0 132.0 133.0 124.0 116.0 116.0 116.0 147.0 61.0 61.0 63.0 69.0 61.0 63.0
49 50 1 TRACE 154.0 85.0 317.0 241.0 65.0 91.0 98.0 70.0 302.0 179.0 173.0 2442.0 53.0 58.0 56.0 126.0 121.0 1649.0 69.0 176.0 77.0 249.0 43.0 98.0 325.0 77.0 99.0 240.0 45.0 76.0 174.0 106.0 106.0 121.0 72.0 68.0 159.0 175.0 32.0 260.0 140.0 39.0 143.0 158.0 61.0 146.0 247.0 102.0 51.0 200.0 108.0 5475.0 102.0 87.0 93.0 136.0 69.0 220.0 314.0 56.0 248.0 134.0 41.0 64.0 68.0 28.0 185.0 161.0 28.0 40.0 177.0 108.0 37.0 26.0 140.0 63.0 108.0 33.0 130.0 269.0 140.0 246.0 88.0 82.0 184.0 48.0 59.0 166.0 93.0 99.0 98.0 86.0 100.0 179.0 105.0 97.0 162.0 372.0 163.0 26.0 92.0 134.0 134.0 40.0 242.0 72.0 34.0 150.0 39.0 68.0 78.0 2328.0 417.0 117.0 218.0 168.0 69.0 99.0 145.0 97.0 95.0 44.0 176.0 127.0 30.0 121.0 197.0 1243.0 139.0 162.0 36.0 61.0 119.0 155.0 73.0 220.0 132.0 220.0 262.0 53.0 36.0 106.0 39.0 35.0 130.0 5385.0 1116.0 131.0 46.0 27.0 193.0 149.0 39.0 78.0 98.0 41.0 130.0 31.0 89.0 496.0 91.0 116.0 128.0 185.0 84.0 209.0 1670.0 137.0 141.0 192.0 129.0 162.0 106.0 75.0 84.0 129.0 55.0 219.0 91.0 98.0 75.0 188.0 66.0 120.0 170.0 101.0 169.0 258.0 88.0 94.0 248.0 730.0 236.0 152.0 58.0 153.0 99.0 124.0 56.0 177.0 42.0 182.0 565.0 179.0 92.0
50 25 1 TRACE 35.0 22.0 21.0 21.0 74.0 24.0 90.0 24.0 25.0 25.0 26.0 24.0 71.0 25.0 26.0 19.0 22.0 77.0 25.0 25.0 20.0 22.0 27.0 28.0 62.0 25.0 25.0 26.0 23.0 51.0 22.0 25.0 24.0 21.0 25.0 22.0 27.0 31.0 19.0 22.0 30.0 286.0 26.0 23.0 47.0 24.0 25.0 23.0 65.0 29.0 26.0 33.0 64.0 28.0 25.0 62.0 65.0 19.0 21.0 24.0 26.0 28.0 61.0 26.0
50 41 1 TRACE 9.0 9.0 9.0 8.0 9.0 9.0 9.0 9.0 9.0 8.0 9.0 8.0 9.0 9.0 10.0 9.0 8.0 9.0 9.0 9.0 9.0 9.0 11.0 9.0 9.0 9.0 9.0 9.0 8.0 8.0 9.0 9.0 10.0 9.0 8.0 9.0 9.0 8.0 8.0 9.0 8.0 9.0 9.0 8.0 8.0 9.0 9.0 9.0 9.0 9.0 11.0 9.0 8.0 9.0 9.0 8.0 9.0 8.0 8.0 8.0 8.0 9.0 9.0 10.0 9.0 8.0 8.0 9.0 9.0 9.0 9.0 8.0 9.0 8.0 9.0 8.0 8.0 9.0 9.0 8.0 10.0 8.0 11.0 9.0 8.0 9.0 8.0 9.0 10.0 9.0 9.0 8.0 9.0 9.0 10.0 8.0 9.0 9.0 9.0 9.0 9.0 9.0 10.0 8.0 9.0 8.0 9.0 19.0 9.0 8.0 11.0 11.0 9.0 9.0 8.0 9.0 8.0 9.0 9.0 9.0 9.0 9.0 9.0 9.0 8.0 8.0 9.0 9.0 9.0 10.0 8.0 9.0 9.0 10.0 8.0 11.0 10.0 10.0 8.0 9.0 9.0
51 52 1 TRACE 1221.0 1371.0 1240.0 1195.0 1177.0 1166.0 1191.0 1168.0 1242.0 1174.0 1175.0 1209.0 1215.0 1215.0 1240.0 1181.0 1196.0 1271.0 1229.0 1173.0 1246.0 1155.0 1228.0 1169.0 1255.0 1210.0 1252.0 1184.0 1159.0 1157.0 1204.0 1185.0 1166.0 1157.0 1166.0 1199.0 1383.0 1226.0 1165.0 1164.0 1164.0 1186.0 1219.0 1211.0 1186.0 1214.0 1149.0 1155.0 1179.0 1289.0 1141.0 1191.0 1154.0 1139.0 1196.0 1182.0 1133.0 1206.0 1144.0 1191.0 1132.0 1198.0 1166.0 1286.0
52 53 1 TRACE 77.0 402.0 45.0 187.0 56.0 71.0 91.0 151.0 51.0 47.0 99.0 163.0 55.0 46.0 81.0 78.0 79.0 81.0 45.0 45.0 74.0 76.0 78.0 343.0 50.0 70.0 83.0 82.0 82.0 84.0 75.0 47.0 54.0 42.0 89.0 49.0 45.0 47.0 49.0 554.0 47.0 84.0 85.0 76.0 78.0 58.0 52.0 69.0 104.0 88.0 82.0 105.0 730.0 54.0 55.0 47.0 52.0 52.0 79.0 42.0 49.0 117.0 82.0 44.0
53 54 1 TRACE 28.0 12.0 22.0 498.0 24.0 14.0 21.0 313.0 23.0 29.0 22.0 22.0 21.0 26.0 23.0 17.0 20.0 25.0 28.0 21.0 22.0 27.0 21.0 24.0 19.0 20.0 20.0 22.0 57.0 25.0 57.0 55.0 21.0 20.0 60.0 19.0 23.0 24.0 21.0 436.0 21.0 58.0 85.0 15.0 19.0 23.0 30.0 18.0 20.0 21.0 25.0 18.0 23.0 23.0 14.0 17.0 23.0 19.0 22.0 16.0 20.0 24.0 20.0 14.0
54 55 1 TRACE 59.0 20.0 19.0 18.0 19.0 33.0 19.0 18.0 19.0 19.0 18.0 19.0 19.0 18.0 19.0 18.0 19.0 19.0 18.0 18.0 18.0 18.0 18.0 18.0 18.0 19.0 18.0 19.0 19.0 18.0 18.0 18.0 19.0 20.0 33.0 22.0 31.0 18.0 20.0 18.0 18.0 18.0 19.0 19.0 18.0 31.0 18.0 18.0 18.0 20.0 18.0 18.0 19.0 18.0 19.0 18.0 18.0 31.0 18.0 19.0 22.0 19.0 18.0 19.0
55 56 1 TRACE 13.0 7.0 7.0 7.0 7.0 9.0 7.0 11.0 7.0 7.0 8.0 7.0 7.0 7.0 7.0 7.0 7.0 8.0 7.0 7.0 7.0 7.0 7.0 7.0 7.0 7.0 7.0 7.0 7.0 7.0 7.0 7.0 7.0 7.0 8.0 7.0 8.0 7.0 7.0 7.0 7.0 7.0 7.0 7.0 22.0 7.0 7.0 7.0 7.0 8.0 7.0 7.0 7.0 7.0 7.0 7.0 7.0 7.0 7.0 7.0 7.0 7.0 7.0 7.0
56 57 1 TRACE 23.0 7.0 7.0 6.0 7.0 8.0 7.0 19.0 7.0 7.0 7.0 7.0 7.0 7.0 7.0 7.0 7.0 7.0 7.0 7.0 7.0 7.0 7.0 7.0 6.0 7.0 7.0 7.0 7.0 7.0 7.0 7.0 7.0 7.0 7.0 6.0 7.0 7.0 7.0 7.0 7.0 7.0 7.0 7.0 7.0 7.0 7.0 7.0 6.0 7.0 7.0 7.0 6.0 7.0 7.0 7.0 7.0 18.0 7.0 7.0 7.0 6.0 7.0 7.0
57 58 1 TRACE 11.0 7.0 7.0 7.0 7.0 8.0 7.0 20.0 7.0 7.0 7.0 6.0 7.0 7.0 7.0 7.0 7.0 7.0 7.0 7.0 7.0 7.0 7.0 6.0 7.0 7.0 6.0 7.0 6.0 7.0 7.0 6.0 7.0 7.0 8.0 7.0 7.0 7.0 6.0 7.0 6.0 7.0 7.0 7.0 7.0 7.0 7.0 7.0 7.0 7.0 7.0 7.0 7.0 7.0 6.0 7.0 7.0 8.0 7.0 7.0 7.0 7.0 7.0 7.0
58 59 1 TRACE 18.0 8.0 8.0 8.0 8.0 10.0 12.0 9.0 8.0 8.0 8.0 8.0 7.0 8.0 8.0 8.0 8.0 8.0 8.0 8.0 8.0 8.0 8.0 8.0 8.0 8.0 8.0 8.0 8.0 8.0 8.0 8.0 8.0 8.0 9.0 8.0 8.0 8.0 8.0 8.0 8.0 9.0 8.0 8.0 9.0 9.0 8.0 7.0 8.0 9.0 8.0 7.0 8.0 8.0 8.0 7.0 8.0 9.0 8.0 8.0 8.0 8.0 8.0 8.0
59 60 1 TRACE 8.0 7.0 7.0 6.0 7.0 20.0 19.0 19.0 7.0 7.0 7.0 18.0 19.0 18.0 19.0 6.0 6.0 6.0 18.0 7.0 7.0 18.0 7.0 7.0 6.0 18.0 19.0 18.0 19.0 18.0 7.0 7.0 7.0 7.0 20.0 6.0 19.0 7.0 7.0 7.0 7.0 7.0 7.0 7.0 7.0 20.0 7.0 7.0 6.0 7.0 6.0 7.0 6.0 6.0 7.0 7.0 7.0 19.0 7.0 7.0 7.0 6.0 7.0 7.0
60 61 1 TRACE 8.0 18.0 19.0 18.0 7.0 9.0 19.0 7.0 19.0 19.0 19.0 8.0 7.0 8.0 7.0 7.0 18.0 19.0 7.0 19.0 19.0 7.0 8.0 18.0 7.0 7.0 7.0 8.0 7.0 8.0 19.0 18.0 19.0 19.0 8.0 7.0 8.0 19.0 19.0 18.0 7.0 19.0 19.0 19.0 7.0 7.0 18.0 18.0 7.0 7.0 19.0 19.0 19.0 19.0 18.0 19.0 19.0 7.0 7.0 18.0 7.0 19.0 18.0 7.0
61 62 1 TRACE 20.0 7.0 7.0 7.0 7.0 8.0 7.0 8.0 7.0 7.0 7.0 8.0 7.0 7.0 7.0 7.0 7.0 7.0 7.0 7.0 7.0 7.0 8.0 7.0 8.0 7.0 7.0 7.0 7.0 8.0 7.0 7.0 7.0 7.0 7.0 7.0 8.0 7.0 7.0 7.0 7.0 7.0 7.0 7.0 7.0 8.0 7.0 11.0 20.0 8.0 7.0 7.0 7.0 7.0 7.0 7.0 7.0 18.0 7.0 7.0 7.0 10.0 7.0 7.0
62 1 1 TRACE 24.0 126.0 19.0 19.0 19.0 21.0 22.0 22.0 19.0 19.0 19.0 19.0 20.0 18.0 19.0 20.0 20.0 19.0 19.0 19.0 19.0 19.0 19.0 106.0 20.0 19.0 18.0 19.0 19.0 19.0 22.0 32.0 19.0 19.0 23.0 22.0 19.0 19.0 19.0 19.0 19.0 20.0 19.0 21.0 36.0 20.0 19.0 33.0 20.0 40.0 19.0 20.0 142.0 19.0 20.0 20.0 19.0 20.0 25.0 20.0 22.0 37.0 19.0
