0 1 CONSTANT 8.0
1 1 CONSTANT 8.0
2 1 CONSTANT 0.0
3 1 CONSTANT 8.0
4 1 CONSTANT 8.0
5 1 CONSTANT 8.0
6 1 CONSTANT 8.0
7 1 CONSTANT 8.0
8 1 CONSTANT 8.0
9 1 CONSTANT 0.0
10 1 CONSTANT 0.0
11 1 CONSTANT 0.0
12 1 CONSTANT 0.0
13 1 CONSTANT 8.0
14 1 CONSTANT 4.0
15 1 CONSTANT 4.0
16 1 CONSTANT 0.0
17 1 CONSTANT 0.0
18 1 CONSTANT 0.0
19 1 CONSTANT 0.0
20 1 CONSTANT 4.0
21 1 CONSTANT 8.0
22 1 CONSTANT 8.0
23 1 CONSTANT 8.0
24 1 CONSTANT 8.0
25 1 CONSTANT 4.0
26 1 CONSTANT 4.0
27 1 CONSTANT 8.0
28 1 TRACE 0.0 0.0 0.0 0.0 0.0 40.0 0.0 0.0 0.0 8.0 8.0 4.0 0.0 20.0 0.0 8.0 0.0 0.0 28.0 0.0 0.0 0.0 20.0 0.0 24.0 0.0 0.0 0.0 20.0 8.0 0.0 0.0 20.0 0.0 0.0 24.0 0.0 0.0 4.0 0.0 12.0 8.0 0.0 0.0 0.0 0.0 0.0 28.0 0.0 0.0 0.0 0.0 0.0 0.0 0.0 8.0 8.0 0.0 4.0 40.0 0.0 36.0 0.0 0.0 0.0 4.0 0.0 4.0 32.0 0.0 0.0 16.0 0.0 8.0 12.0 0.0 4.0 4.0 0.0 0.0 0.0 0.0 4.0 20.0 0.0 0.0 0.0 16.0 0.0 0.0 8.0 4.0 8.0 12.0 0.0 0.0 24.0 0.0 0.0 16.0 0.0 0.0 12.0 0.0 4.0 12.0 4.0 0.0 0.0 16.0 0.0 0.0 12.0 4.0 0.0 0.0 0.0 0.0 0.0 20.0 0.0 0.0 12.0 0.0 0.0 8.0 0.0 8.0 12.0 0.0 0.0 0.0 0.0 4.0 4.0 0.0 24.0 0.0 0.0 0.0 16.0 0.0 0.0 16.0 0.0 0.0 0.0 0.0 20.0 0.0 0.0 16.0 4.0 0.0 8.0 12.0 0.0 0.0 12.0 0.0 4.0 16.0 0.0 4.0 16.0 0.0 0.0 4.0 4.0 0.0 0.0 0.0 0.0 0.0 36.0 0.0 0.0 0.0 0.0 16.0 0.0 0.0 0.0 0.0 0.0 36.0 0.0 0.0 0.0 0.0 0.0 0.0 36.0 0.0 0.0 0.0
29 1 CONSTANT 4.0
30 1 TRACE 0.0 0.0 0.0 0.0 0.0 40.0 0.0 0.0 0.0 8.0 8.0 4.0 0.0 20.0 0.0 8.0 0.0 0.0 28.0 0.0 0.0 0.0 20.0 0.0 24.0 0.0 0.0 0.0 20.0 8.0 0.0 0.0 20.0 0.0 0.0 24.0 0.0 0.0 4.0 0.0 12.0 8.0 0.0 0.0 0.0 0.0 0.0 28.0 0.0 0.0 0.0 0.0 0.0 0.0 0.0 8.0 8.0 0.0 4.0 40.0 0.0 36.0 0.0 0.0 0.0 4.0 0.0 4.0 32.0 0.0 0.0 16.0 0.0 8.0 12.0 0.0 4.0 4.0 0.0 0.0 0.0 0.0 4.0 20.0 0.0 0.0 0.0 16.0 0.0 0.0 8.0 4.0 8.0 12.0 0.0 0.0 24.0 0.0 0.0 16.0 0.0 0.0 12.0 0.0 4.0 12.0 4.0 0.0 0.0 16.0 0.0 0.0 12.0 4.0 0.0 0.0 0.0 0.0 0.0 20.0 0.0 0.0 12.0 0.0 0.0 8.0 0.0 8.0 12.0 0.0 0.0 0.0 0.0 4.0 4.0 0.0 24.0 0.0 0.0 0.0 16.0 0.0 0.0 16.0 0.0 0.0 0.0 0.0 20.0 0.0 0.0 16.0 4.0 0.0 8.0 12.0 0.0 0.0 12.0 0.0 4.0 16.0 0.0 4.0 16.0 0.0 0.0 4.0 4.0 0.0 0.0 0.0 0.0 0.0 36.0 0.0 0.0 0.0 0.0 16.0 0.0 0.0 0.0 0.0 0.0 36.0 0.0 0.0 0.0 0.0 0.0 0.0 36.0 0.0 0.0 0.0
31 1 CONSTANT 8.0
32 1 CONSTANT 8.0
33 1 CONSTANT 4.0
34 1 CONSTANT 0.0
35 1 CONSTANT 0.0
36 1 CONSTANT 8.0
37 1 CONSTANT 8.0
38 1 CONSTANT 8.0
39 1 TRACE 8.0 0.0 0.0 8.0 0.0 0.0 8.0 0.0 8.0 0.0 0.0 8.0 0.0 0.0 8.0 0.0 0.0 8.0 0.0 0.0 8.0 0.0 0.0 8.0 0.0 0.0 8.0 8.0 0.0 0.0 8.0 0.0 0.0 8.0 0.0 0.0 8.0 0.0 0.0 8.0 0.0 0.0 8.0 0.0 0.0 8.0 0.0 0.0 8.0 0.0 0.0 8.0 0.0 0.0 8.0 0.0 0.0 8.0 0.0 0.0 8.0 0.0 0.0 8.0 0.0 0.0 8.0 0.0 0.0 8.0 0.0 0.0 8.0 0.0 0.0 8.0 0.0 0.0 8.0 0.0 0.0 8.0 0.0 0.0 8.0 8.0 0.0 0.0 8.0 0.0 0.0 8.0 0.0 0.0 8.0 0.0 0.0 8.0 0.0 0.0 8.0 0.0 0.0 8.0 0.0 0.0 8.0 8.0 0.0 0.0 8.0 8.0 0.0 0.0 8.0 0.0 0.0 8.0 0.0 0.0 8.0 0.0 0.0 8.0 0.0 0.0 8.0 0.0 0.0 8.0 0.0 0.0 8.0 0.0 0.0 8.0 0.0 0.0 8.0 0.0 0.0 8.0 0.0 0.0 8.0 0.0 8.0 0.0 0.0 8.0 8.0 0.0 0.0 8.0 0.0 0.0 8.0 0.0 0.0 8.0 0.0 0.0 8.0 0.0 0.0 8.0 8.0 0.0 0.0 8.0 0.0 0.0 8.0 0.0 0.0 8.0 0.0 8.0 0.0 0.0 8.0 0.0 0.0 8.0 0.0 8.0 0.0 8.0 0.0 0.0 8.0 0.0 0.0 8.0 0.0 0.0
40 1 CONSTANT 8.0
41 1 CONSTANT 8.0
42 1 CONSTANT 8.0
43 1 CONSTANT 856.0
44 1 CONSTANT 848.0
45 1 CONSTANT 8.0
46 1 CONSTANT 856.0
47 1 CONSTANT 4.0
48 1 TRACE 32416.0 10112.0 7216.0 5504.0 4640.0 3856.0 3472.0 9072.0 6448.0 5136.0 4368.0 3440.0 3280.0 2592.0 64.0 32.0 64.0 80.0 80.0 48.0 0.0 0.0 0.0 0.0 0.0 0.0 0.0 0.0 40880.0 12608.0 8720.0 6320.0 5312.0 4432.0 3520.0 5008.0 4080.0 3312.0 2928.0 2304.0 2336.0 1904.0 32.0 16.0 32.0 16.0 0.0 16.0 0.0 32800.0 10928.0 7440.0 5728.0 4864.0 3792.0 3568.0 8656.0 6464.0 5184.0 4288.0 3504.0 3360.0 2496.0 48.0 32.0 64.0 32.0 48.0 80.0 16.0 0.0 0.0 0.0 0.0 0.0 0.0 0.0 39536.0 14864.0 9312.0 6864.0 5360.0 4576.0 3312.0 592.0 272.0 512.0 544.0 448.0 480.0 544.0 0.0 0.0 16.0 0.0 0.0 0.0 0.0 46160.0 14624.0 9568.0 6928.0 5616.0 4704.0 3456.0 2416.0 1952.0 1696.0 1632.0 1488.0 1584.0 1344.0 16.0 16.0 48.0 16.0 0.0 32.0 0.0 28880.0 13008.0 8512.0 6480.0 4832.0 4240.0 3376.0 256.0 144.0 256.0 288.0 288.0 240.0 160.0 0.0 0.0 16.0 0.0 0.0 0.0 0.0 26928.0 12768.0 8432.0 6320.0 4592.0 4240.0 3200.0 224.0 160.0 240.0 208.0 224.0 224.0 192.0 0.0 0.0 0.0 0.0 0.0 0.0 0.0 46128.0 14528.0 9328.0 6928.0 5296.0 4480.0 3568.0 1728.0 1600.0 1440.0 1280.0 1280.0 1360.0 1072.0 16.0 0.0 32.0 0.0 16.0 16.0 0.0 27968.0 12784.0 8768.0 6448.0 4912.0 4432.0 3376.0 240.0 128.0 144.0 192.0 192.0 192.0 208.0 0.0 0.0 0.0 0.0 0.0 0.0 0.0 30272.0 13312.0 8784.0 6496.0 4944.0 4464.0 3312.0 304.0 128.0 256.0 224.0 288.0 208.0 240.0 0.0 0.0 16.0 0.0 0.0 0.0 0.0 44624.0 14048.0 9120.0 6512.0 5600.0 4704.0 3808.0 3104.0 2784.0 2272.0 2032.0 1744.0 1904.0 1664.0 16.0 16.0 32.0 16.0 16.0 32.0 0.0 46480.0 13952.0 9264.0 6656.0 5328.0 4400.0 3424.0 1728.0 1472.0 1264.0 1216.0 1072.0 1232.0 1024.0 32.0 0.0 32.0 16.0 0.0 0.0 0.0 19152.0 5776.0 4336.0 4016.0 3472.0 2912.0 2464.0 17456.0 10448.0 7456.0 5568.0 4608.0 3968.0 3216.0 96.0 48.0 112.0 96.0 160.0 80.0 64.0 0.0 0.0 0.0 0.0 0.0 0.0 0.0 36496.0 13968.0 8880.0 6512.0 4992.0 4384.0 3248.0 512.0 384.0 400.0 400.0 384.0 448.0 432.0 0.0 0.0 16.0 0.0 0.0 0.0 0.0 23424.0 7952.0 5920.0 4240.0 4352.0 3360.0 3072.0 14656.0 8912.0 6880.0 5232.0 3984.0 3904.0 2992.0 112.0 80.0 64.0 80.0 144.0 32.0 80.0 0.0 0.0 0.0 0.0 0.0 0.0 0.0 44992.0 13872.0 9056.0 6624.0 5824.0 4704.0 3632.0 3504.0 2912.0 2496.0 2096.0 1872.0 1824.0 1568.0 16.0 32.0 16.0 16.0 0.0 48.0 0.0 33904.0 12016.0 8192.0 6064.0 5728.0 4656.0 3648.0 8944.0 6608.0 4800.0 4208.0 3392.0 3056.0 2432.0 16.0 32.0 80.0 32.0 48.0 48.0 32.0 0.0 0.0 0.0 0.0 0.0 0.0 0.0 31584.0 10048.0 7536.0 6160.0 4752.0 3920.0 3296.0 9216.0 6928.0 5168.0 4352.0 3472.0 3248.0 2608.0 32.0 64.0 64.0 16.0 64.0 80.0 16.0 0.0 0.0 0.0 0.0 0.0 0.0 0.0 36224.0 14688.0 8976.0 6720.0 5184.0 4544.0 3472.0 480.0 272.0 416.0 432.0 464.0 416.0 256.0 0.0 0.0 32.0 0.0 0.0 0.0 0.0 42832.0 13008.0 8672.0 6352.0 5488.0 4544.0 3632.0 4064.0 3424.0 2960.0 2656.0 2208.0 2240.0 1888.0 32.0 32.0 16.0 16.0 0.0 32.0 0.0 26224.0 12080.0 8224.0 6208.0 4576.0 4256.0 3216.0 192.0 112.0 208.0 160.0 224.0 192.0 160.0 0.0 0.0 16.0 0.0 0.0 0.0 0.0 16832.0 5696.0 4256.0 3552.0 3456.0 2432.0 2688.0 20432.0 10848.0 7760.0 5856.0 4368.0 4144.0 3312.0 80.0 64.0 208.0 160.0 144.0 112.0 96.0 0.0 0.0 0.0 0.0 0.0 0.0 0.0 42688.0 13856.0 9136.0 6816.0 5712.0 4496.0 3856.0 4176.0 3536.0 3056.0 2544.0 2064.0 2288.0 1776.0 16.0 32.0 32.0 32.0 16.0 32.0 0.0 47184.0 14192.0 9408.0 6784.0 5376.0 4656.0 3440.0 1984.0 1936.0 1616.0 1632.0 1424.0 1520.0 1376.0 0.0 16.0 16.0 16.0 0.0 16.0 0.0 45744.0 14832.0 9376.0 6768.0 5328.0 4672.0 3536.0 1088.0 848.0 944.0 800.0 832.0 896.0 768.0 0.0 0.0 32.0 16.0 0.0 16.0 0.0 27520.0 12560.0 8368.0 6432.0 4784.0 4208.0 3280.0 272.0 160.0 192.0 144.0 240.0 240.0 224.0 0.0 0.0 16.0 0.0 0.0 0.0 0.0 32400.0 11152.0 8080.0 6224.0 5440.0 4464.0 3120.0 9088.0 6304.0 5216.0 4256.0 3616.0 3248.0 2544.0 64.0 32.0 64.0 64.0 80.0 48.0 0.0 0.0 0.0 0.0 0.0 0.0 0.0 0.0 44640.0 14928.0 9424.0 7104.0 5232.0 4672.0 3392.0 912.0 736.0 832.0 704.0 736.0 816.0 688.0 16.0 16.0 32.0 0.0 0.0 0.0 0.0 46224.0 14640.0 9424.0 6656.0 5264.0 4560.0 3536.0 1248.0 1088.0 1072.0 1024.0 1040.0 944.0 912.0 0.0 16.0 16.0 0.0 0.0 16.0 0.0 45168.0 15248.0 9520.0 6848.0 5264.0 4720.0 3392.0 1216.0 752.0 928.0 784.0 848.0 784.0 832.0 0.0 32.0 32.0 0.0 0.0 32.0 0.0 39424.0 14352.0 9200.0 6752.0 5152.0 4624.0 3600.0 544.0 304.0 528.0 416.0 512.0 448.0 400.0 0.0 16.0 0.0 0.0 0.0 0.0 0.0 46928.0 14192.0 9568.0 6864.0 5472.0 4512.0 3504.0 1936.0 1648.0 1392.0 1456.0 1232.0 1472.0 1072.0 32.0 0.0 32.0 16.0 0.0 16.0 0.0 46560.0 14208.0 9472.0 6880.0 5344.0 4288.0 3568.0 2336.0 2080.0 1648.0 1632.0 1488.0 1616.0 1248.0 0.0 16.0 32.0 0.0 0.0 32.0 0.0 45632.0 14816.0 9584.0 6992.0 5360.0 4768.0 3648.0 912.0 832.0 832.0 752.0 672.0 624.0 736.0 0.0 16.0 16.0 0.0 0.0 0.0 0.0 45008.0 14736.0 9520.0 6832.0 5440.0 4592.0 3408.0 928.0 864.0 864.0 672.0 736.0 832.0 800.0 0.0 0.0 32.0 0.0 0.0 16.0 0.0 46256.0 14816.0 9488.0 6960.0 5280.0 4528.0 3488.0 1248.0 1056.0 1088.0 912.0 1056.0 976.0 816.0 16.0 16.0 32.0 16.0 0.0 0.0 0.0 26928.0 12528.0 8512.0 6192.0 4864.0 4288.0 3216.0 224.0 112.0 192.0 160.0 192.0 192.0 192.0 0.0 0.0 16.0 0.0 0.0 0.0 0.0 25568.0 8560.0 5824.0 4752.0 4320.0 3728.0 2896.0 13072.0 8832.0 6448.0 5344.0 4128.0 3840.0 2960.0 96.0 48.0 96.0 48.0 96.0 64.0 48.0 0.0 0.0 0.0 0.0 0.0 0.0 0.0 45280.0 13872.0 8896.0 6432.0 5424.0 4544.0 3760.0 3040.0 2448.0 2288.0 2048.0 1936.0 1872.0 1376.0 16.0 32.0 48.0 16.0 16.0 16.0 0.0 45456.0 14752.0 9408.0 6640.0 5264.0 4608.0 3680.0 1008.0 768.0 928.0 864.0 912.0 880.0 688.0 0.0 16.0 16.0 0.0 0.0 16.0 0.0 43488.0 15296.0 9520.0 7040.0 5104.0 4704.0 3456.0 1056.0 528.0 736.0 624.0 736.0 576.0 608.0 0.0 16.0 32.0 0.0 0.0 16.0 0.0 39616.0 14096.0 9088.0 6864.0 5264.0 4512.0 3392.0 624.0 480.0 544.0 480.0 400.0 512.0 528.0 0.0 0.0 16.0 0.0 0.0 0.0 0.0 35216.0 11984.0 8032.0 6352.0 4880.0 4160.0 3600.0 7456.0 5536.0 4624.0 3872.0 3408.0 2944.0 2384.0 32.0 32.0 64.0 48.0 32.0 48.0 0.0 0.0 0.0 0.0 0.0 0.0 0.0 0.0 24672.0 8832.0 6528.0 5600.0 4608.0 4272.0 3840.0 15872.0 9232.0 6832.0 5424.0 4144.0 3632.0 2912.0 80.0 96.0 128.0 64.0 144.0 96.0 80.0 0.0 0.0 16.0 0.0 0.0 0.0 0.0 29552.0 13152.0 9104.0 6480.0 4992.0 4432.0 3536.0 352.0 176.0 224.0 288.0 240.0 272.0 160.0 0.0 0.0 16.0 0.0 0.0 0.0 0.0 45840.0 14816.0 9280.0 6832.0 5296.0 4480.0 3424.0 1008.0 1008.0 992.0 784.0 880.0 1008.0 880.0 0.0 16.0 16.0 16.0 0.0 16.0 0.0 43808.0 14752.0 9520.0 6912.0 5216.0 4784.0 3536.0 752.0 656.0 768.0 672.0 720.0 656.0 688.0 0.0 16.0 32.0 0.0 0.0 0.0 0.0 34432.0 11968.0 7808.0 6000.0 5424.0 4144.0 3584.0 8208.0 5856.0 4640.0 4032.0 3200.0 3056.0 2528.0 64.0 32.0 64.0 64.0 48.0 64.0 0.0 0.0 0.0 0.0 0.0 0.0 0.0 0.0 46688.0 14400.0 9344.0 6544.0 5632.0 4656.0 3520.0 1872.0 1568.0 1456.0 1440.0 1152.0 1344.0 1056.0 16.0 16.0 16.0 16.0 0.0 16.0 0.0 35696.0 14112.0 9056.0 6784.0 5152.0 4624.0 3312.0 288.0 256.0 336.0 320.0 384.0 352.0 448.0 0.0 16.0 16.0 0.0 0.0 0.0 0.0 40848.0 14240.0 9104.0 7072.0 5040.0 4496.0 3376.0 608.0 512.0 528.0 368.0 592.0 528.0 496.0 0.0 0.0 32.0 0.0 0.0 16.0 0.0 46736.0 14448.0 9648.0 6672.0 5536.0 4848.0 3728.0 2048.0 1760.0 1504.0 1408.0 1376.0 1264.0 1152.0 0.0 32.0 32.0 0.0 0.0 16.0 0.0 46672.0 14304.0 9472.0 6992.0 5488.0 4480.0 3520.0 1488.0 1328.0 1216.0 1088.0 992.0 1104.0 944.0 0.0 32.0 32.0 0.0 0.0 0.0 0.0 44016.0 14720.0 9488.0 6880.0 5456.0 4560.0 3408.0 880.0 816.0 832.0 608.0 688.0 720.0 704.0 0.0 0.0 0.0 0.0 0.0 32.0 0.0 34352.0 13888.0 9152.0 6752.0 5056.0 4544.0 3424.0 352.0 256.0 400.0 352.0 288.0 240.0 256.0 0.0 0.0 16.0 0.0 0.0 0.0 0.0 32704.0 10768.0 7520.0 5856.0 4816.0 4240.0 3408.0 9152.0 6560.0 5264.0 4448.0 3584.0 3248.0 2592.0 32.0 16.0 64.0 16.0 64.0 48.0 0.0 0.0 0.0 0.0 0.0 0.0 0.0 0.0 41168.0 12832.0 8512.0 6608.0 5440.0 4400.0 3728.0 4704.0 3856.0 3296.0 2736.0 2544.0 2416.0 2016.0 48.0 32.0 64.0 32.0 16.0 32.0 0.0 34016.0 10944.0 7968.0 5760.0 5088.0 4032.0 3488.0 8048.0 5888.0 4880.0 4176.0 3232.0 3136.0 2512.0 32.0 32.0 64.0 32.0 32.0 32.0 16.0 0.0 0.0 0.0 0.0 0.0 0.0 0.0 45616.0 14880.0 9280.0 6704.0 5216.0 4528.0 3680.0 1152.0 784.0 928.0 816.0 800.0 832.0 672.0 0.0 16.0 32.0 0.0 0.0 16.0 0.0 31120.0 10448.0 7920.0 5808.0 4880.0 4032.0 3184.0 9504.0 6480.0 4976.0 4288.0 3408.0 3344.0 2640.0 80.0 48.0 80.0 16.0 48.0 64.0 48.0 0.0 0.0 0.0 0.0 0.0 0.0 0.0 42256.0 12896.0 8992.0 6624.0 5440.0 4192.0 3824.0 4304.0 3776.0 3024.0 2864.0 2400.0 2384.0 1776.0 32.0 32.0 48.0 16.0 32.0 32.0 0.0 17024.0 5664.0 4384.0 4160.0 3584.0 3200.0 3024.0 22480.0 11984.0 8304.0 6080.0 4592.0 4160.0 3088.0 144.0 112.0 144.0 128.0 208.0 144.0 176.0 0.0 0.0 16.0 0.0 0.0 0.0 0.0 42032.0 12944.0 8720.0 6432.0 5520.0 4192.0 3792.0 4304.0 3600.0 3216.0 2704.0 2336.0 2512.0 1808.0 32.0 32.0 32.0 16.0 16.0 32.0 0.0 23968.0 7664.0 6016.0 4544.0 4336.0 3360.0 3072.0 14672.0 9136.0 6656.0 5376.0 4080.0 3808.0 3040.0 80.0 64.0 96.0 48.0 96.0 96.0 16.0 0.0 0.0 0.0 0.0 0.0 0.0 0.0
49 1 TRACE 864.0 864.0 864.0 864.0 864.0 864.0 8.0 864.0 864.0 864.0 864.0 864.0 864.0 8.0 864.0 864.0 864.0 864.0 864.0 864.0 8.0 864.0 864.0 864.0 864.0 864.0 864.0 8.0 864.0 864.0 864.0 864.0 864.0 864.0 8.0 864.0 864.0 864.0 864.0 864.0 864.0 8.0 864.0 864.0 864.0 864.0 864.0 864.0 8.0 864.0 864.0 864.0 864.0 864.0 864.0 8.0 864.0 864.0 864.0 864.0 864.0 864.0 8.0 864.0 864.0 864.0 864.0 864.0 864.0 8.0 864.0 864.0 864.0 864.0 864.0 864.0 8.0 864.0 864.0 864.0 864.0 864.0 864.0 8.0 864.0 864.0 864.0 864.0 864.0 864.0 8.0 864.0 864.0 864.0 864.0 864.0 864.0 8.0 864.0 864.0 864.0 864.0 864.0 864.0 8.0 864.0 864.0 864.0 864.0 864.0 864.0 8.0 864.0 864.0 864.0 864.0 864.0 864.0 8.0 864.0 864.0 864.0 864.0 864.0 864.0 8.0 864.0 864.0 864.0 864.0 864.0 864.0 8.0 864.0 864.0 864.0 864.0 864.0 864.0 8.0 864.0 864.0 864.0 864.0 864.0 864.0 8.0 864.0 864.0 864.0 864.0 864.0 864.0 8.0 864.0 864.0 864.0 864.0 864.0 864.0 8.0 864.0 864.0 864.0 864.0 864.0 864.0 8.0 864.0 864.0 864.0 864.0 864.0 864.0 8.0 864.0 864.0 864.0 864.0 864.0 864.0 8.0 864.0 864.0 864.0 864.0 864.0 864.0 8.0 864.0 864.0 864.0 864.0 864.0 864.0 8.0 864.0 864.0 864.0 864.0 864.0 864.0 8.0 864.0 864.0 864.0 864.0 864.0 864.0 8.0 864.0 864.0 864.0 864.0 864.0 864.0 8.0 864.0 864.0 864.0 864.0 864.0 864.0 8.0 864.0 864.0 864.0 864.0 864.0 864.0 8.0 864.0 864.0 864.0 864.0 864.0 864.0 8.0 864.0 864.0 864.0 864.0 864.0 864.0 8.0 864.0 864.0 864.0 864.0 864.0 864.0 8.0 864.0 864.0 864.0 864.0 864.0 864.0 8.0 864.0 864.0 864.0 864.0 864.0 864.0 8.0 864.0 864.0 864.0 864.0 864.0 864.0 8.0 864.0 864.0 864.0 864.0 864.0 864.0 8.0 864.0 864.0 864.0 864.0 864.0 864.0 8.0 864.0 864.0 864.0 864.0 864.0 864.0 8.0 864.0 864.0 864.0 864.0 864.0 864.0 8.0 864.0 864.0 864.0 864.0 864.0 864.0 8.0 864.0 864.0 864.0 864.0 864.0 864.0 8.0 864.0 864.0 864.0 864.0 864.0 864.0 8.0 864.0 864.0 864.0 864.0 864.0 864.0 8.0 864.0 864.0 864.0 864.0 864.0 864.0 8.0 864.0 864.0 864.0 864.0 864.0 864.0 8.0 864.0 864.0 864.0 864.0 864.0 864.0 8.0 864.0 864.0 864.0 864.0 864.0 864.0 8.0 864.0 864.0 864.0 864.0 864.0 864.0 8.0 864.0 864.0 864.0 864.0 864.0 864.0 8.0 864.0 864.0 864.0 864.0 864.0 864.0 8.0 864.0 864.0 864.0 864.0 864.0 864.0 8.0 864.0 864.0 864.0 864.0 864.0 864.0 8.0 864.0 864.0 864.0 864.0 864.0 864.0 8.0 864.0 864.0 864.0 864.0 864.0 864.0 8.0 864.0 864.0 864.0 864.0 864.0 864.0 8.0 864.0 864.0 864.0 864.0 864.0 864.0 8.0 864.0 864.0 864.0 864.0 864.0 864.0 8.0 864.0 864.0 864.0 864.0 864.0 864.0 8.0 864.0 864.0 864.0 864.0 864.0 864.0 8.0 864.0 864.0 864.0 864.0 864.0 864.0 8.0 864.0 864.0 864.0 864.0 864.0 864.0 8.0 864.0 864.0 864.0 864.0 864.0 864.0 8.0 864.0 864.0 864.0 864.0 864.0 864.0 8.0 864.0 864.0 864.0 864.0 864.0 864.0 8.0 864.0 864.0 864.0 864.0 864.0 864.0 8.0 864.0 864.0 864.0 864.0 864.0 864.0 8.0 864.0 864.0 864.0 864.0 864.0 864.0 8.0 864.0 864.0 864.0 864.0 864.0 864.0 8.0 864.0 864.0 864.0 864.0 864.0 864.0 8.0 864.0 864.0 864.0 864.0 864.0 864.0 8.0 864.0 864.0 864.0 864.0 864.0 864.0 8.0 864.0 864.0 864.0 864.0 864.0 864.0 8.0 864.0 864.0 864.0 864.0 864.0 864.0 8.0 864.0 864.0 864.0 864.0 864.0 864.0 8.0 864.0 864.0 864.0 864.0 864.0 864.0 8.0 864.0 864.0 864.0 864.0 864.0 864.0 8.0 864.0 864.0 864.0 864.0 864.0 864.0 8.0 864.0 864.0 864.0 864.0 864.0 864.0 8.0 864.0 864.0 864.0 864.0 864.0 864.0 8.0 864.0 864.0 864.0 864.0 864.0 864.0 8.0 864.0 864.0 864.0 864.0 864.0 864.0 8.0 864.0 864.0 864.0 864.0 864.0 864.0 8.0 864.0 864.0 864.0 864.0 864.0 864.0 8.0 864.0 864.0 864.0 864.0 864.0 864.0 8.0 864.0 864.0 864.0 864.0 864.0 864.0 8.0 864.0 864.0 864.0 864.0 864.0 864.0 8.0 864.0 864.0 864.0 864.0 864.0 864.0 8.0 864.0 864.0 864.0 864.0 864.0 864.0 8.0 864.0 864.0 864.0 864.0 864.0 864.0 8.0 864.0 864.0 864.0 864.0 864.0 864.0 8.0 864.0 864.0 864.0 864.0 864.0 864.0 8.0 864.0 864.0 864.0 864.0 864.0 864.0 8.0 864.0 864.0 864.0 864.0 864.0 864.0 8.0 864.0 864.0 864.0 864.0 864.0 864.0 8.0 864.0 864.0 864.0 864.0 864.0 864.0 8.0 864.0 864.0 864.0 864.0 864.0 864.0 8.0 864.0 864.0 864.0 864.0 864.0 864.0 8.0 864.0 864.0 864.0 864.0 864.0 864.0 8.0 864.0 864.0 864.0 864.0 864.0 864.0 8.0 864.0 864.0 864.0 864.0 864.0 864.0 8.0 864.0 864.0 864.0 864.0 864.0 864.0 8.0 864.0 864.0 864.0 864.0 864.0 864.0 8.0 864.0 864.0 864.0 864.0 864.0 864.0 8.0 864.0 864.0 864.0 864.0 864.0 864.0 8.0 864.0 864.0 864.0 864.0 864.0 864.0 8.0 864.0 864.0 864.0 864.0 864.0 864.0 8.0 864.0 864.0 864.0 864.0 864.0 864.0 8.0 864.0 864.0 864.0 864.0 864.0 864.0 8.0 864.0 864.0 864.0 864.0 864.0 864.0 8.0 864.0 864.0 864.0 864.0 864.0 864.0 8.0 864.0 864.0 864.0 864.0 864.0 864.0 8.0 864.0 864.0 864.0 864.0 864.0 864.0 8.0 864.0 864.0 864.0 864.0 864.0 864.0 8.0 864.0 864.0 864.0 864.0 864.0 864.0 8.0 864.0 864.0 864.0 864.0 864.0 864.0 8.0 864.0 864.0 864.0 864.0 864.0 864.0 8.0 864.0 864.0 864.0 864.0 864.0 864.0 8.0 864.0 864.0 864.0 864.0 864.0 864.0 8.0 864.0 864.0 864.0 864.0 864.0 864.0 8.0 864.0 864.0 864.0 864.0 864.0 864.0 8.0 864.0 864.0 864.0 864.0 864.0 864.0 8.0 864.0 864.0 864.0 864.0 864.0 864.0 8.0 864.0 864.0 864.0 864.0 864.0 864.0 8.0 864.0 864.0 864.0 864.0 864.0 864.0 8.0 864.0 864.0 864.0 864.0 864.0 864.0 8.0 864.0 864.0 864.0 864.0 864.0 864.0 8.0 864.0 864.0 864.0 864.0 864.0 864.0 8.0 864.0 864.0 864.0 864.0 864.0 864.0 8.0 864.0 864.0 864.0 864.0 864.0 864.0 8.0 864.0 864.0 864.0 864.0 864.0 864.0 8.0 864.0 864.0 864.0 864.0 864.0 864.0 8.0 864.0 864.0 864.0 864.0 864.0 864.0 8.0 864.0 864.0 864.0 864.0 864.0 864.0 8.0 864.0 864.0 864.0 864.0 864.0 864.0 8.0 864.0 864.0 864.0 864.0 864.0 864.0 8.0 864.0 864.0 864.0 864.0 864.0 864.0 8.0 864.0 864.0 864.0 864.0 864.0 864.0 8.0 864.0 864.0 864.0 864.0 864.0 864.0 8.0 864.0 864.0 864.0 864.0 864.0 864.0 8.0 864.0 864.0 864.0 864.0 864.0 864.0 8.0 864.0 864.0 864.0 864.0 864.0 864.0 8.0 864.0 864.0 864.0 864.0 864.0 864.0 8.0 864.0 864.0 864.0 864.0 864.0 864.0 8.0 864.0 864.0 864.0 864.0 864.0 864.0 8.0 864.0 864.0 864.0 864.0 864.0 864.0 8.0 864.0 864.0 864.0 864.0 864.0 864.0 8.0 864.0 864.0 864.0 864.0 864.0 864.0 8.0 864.0 864.0 864.0 864.0 864.0 864.0 8.0 864.0 864.0 864.0 864.0 864.0 864.0 8.0 864.0 864.0 864.0 864.0 864.0 864.0 8.0 864.0 864.0 864.0 864.0 864.0 864.0 8.0 864.0 864.0 864.0 864.0 864.0 864.0 8.0 864.0 864.0 864.0 864.0 864.0 864.0 8.0 864.0 864.0 864.0 864.0 864.0 864.0 8.0 864.0 864.0 864.0 864.0 864.0 864.0 8.0 864.0 864.0 864.0 864.0 864.0 864.0 8.0 864.0 864.0 864.0 864.0 864.0 864.0 8.0 864.0 864.0 864.0 864.0 864.0 864.0 8.0 864.0 864.0 864.0 864.0 864.0 864.0 8.0 864.0 864.0 864.0 864.0 864.0 864.0 8.0 864.0 864.0 864.0 864.0 864.0 864.0 8.0 864.0 864.0 864.0 864.0 864.0 864.0 8.0 864.0 864.0 864.0 864.0 864.0 864.0 8.0 864.0 864.0 864.0 864.0 864.0 864.0 8.0 864.0 864.0 864.0 864.0 864.0 864.0 8.0 864.0 864.0 864.0 864.0 864.0 864.0 8.0 864.0 864.0 864.0 864.0 864.0 864.0 8.0 864.0 864.0 864.0 864.0 864.0 864.0 8.0 864.0 864.0 864.0 864.0 864.0 864.0 8.0 864.0 864.0 864.0 864.0 864.0 864.0 8.0 864.0 864.0 864.0 864.0 864.0 864.0 8.0 864.0 864.0 864.0 864.0 864.0 864.0 8.0 864.0 864.0 864.0 864.0 864.0 864.0 8.0 864.0 864.0 864.0 864.0 864.0 864.0 8.0 864.0 864.0 864.0 864.0 864.0 864.0 8.0 864.0 864.0 864.0 864.0 864.0 864.0 8.0 864.0 864.0 864.0 864.0 864.0 864.0 8.0 864.0 864.0 864.0 864.0 864.0 864.0 8.0 864.0 864.0 864.0 864.0 864.0 864.0 8.0 864.0 864.0 864.0 864.0 864.0 864.0 8.0 864.0 864.0 864.0 864.0 864.0 864.0 8.0 864.0 864.0 864.0 864.0 864.0 864.0 8.0 864.0 864.0 864.0 864.0 864.0 864.0 8.0 864.0 864.0 864.0 864.0 864.0 864.0 8.0 864.0 864.0 864.0 864.0 864.0 864.0 8.0 864.0 864.0 864.0 864.0 864.0 864.0 8.0 864.0 864.0 864.0 864.0 864.0 864.0 8.0 864.0 864.0 864.0 864.0 864.0 864.0 8.0 864.0 864.0 864.0 864.0 864.0 864.0 8.0 864.0 864.0 864.0 864.0 864.0 864.0 8.0 864.0 864.0 864.0 864.0 864.0 864.0 8.0 864.0 864.0 864.0 864.0 864.0 864.0 8.0 864.0 864.0 864.0 864.0 864.0 864.0 8.0 864.0 864.0 864.0 864.0 864.0 864.0 8.0 864.0 864.0 864.0 864.0 864.0 864.0 8.0 864.0 864.0 864.0 864.0 864.0 864.0 8.0 864.0 864.0 864.0 864.0 864.0 864.0 8.0 864.0 864.0 864.0 864.0 864.0 864.0 8.0 864.0 864.0 864.0 864.0 864.0 864.0 8.0 864.0 864.0 864.0 864.0 864.0 864.0 8.0 864.0 864.0 864.0 864.0 864.0 864.0 8.0 864.0 864.0 864.0 864.0 864.0 864.0 8.0 864.0 864.0 864.0 864.0 864.0 864.0 8.0 864.0 864.0 864.0 864.0 864.0 864.0 8.0 864.0 864.0 864.0 864.0 864.0 864.0 8.0
50 1 TRACE 8.0 8.0 8.0 8.0 8.0 8.0 8.0 8.0 8.0 8.0 0.0 8.0 8.0 8.0 8.0 8.0 8.0 8.0 8.0 8.0 8.0 8.0 8.0 8.0 8.0 8.0 8.0 8.0 8.0 8.0 8.0 8.0 8.0 8.0 8.0 8.0 8.0 8.0 8.0 8.0 8.0 8.0 8.0 8.0 8.0 8.0 8.0 8.0 8.0 8.0 8.0 8.0 8.0 8.0 8.0 8.0 8.0 8.0 8.0 8.0 8.0 8.0 8.0 8.0 8.0 8.0 8.0 8.0 8.0 8.0 8.0 8.0 8.0 8.0 8.0 8.0 8.0 8.0 8.0 8.0 8.0 8.0 8.0 8.0 8.0 8.0 8.0 8.0 8.0 8.0 8.0 8.0 8.0 8.0 8.0 8.0 8.0 8.0 8.0 8.0 8.0 8.0 8.0 8.0 8.0 8.0 8.0 8.0 8.0 8.0 8.0 8.0 8.0 8.0 8.0 8.0 8.0 8.0 8.0 8.0 8.0 8.0 8.0 8.0 8.0 8.0 8.0 8.0 8.0 8.0 8.0 8.0 8.0 8.0 8.0 8.0 8.0 8.0 8.0 8.0 8.0 8.0 8.0 8.0 8.0 8.0 8.0 8.0 8.0 8.0 8.0 8.0 8.0 8.0 8.0 0.0 8.0 8.0 8.0 8.0 8.0 8.0 8.0 8.0 8.0 8.0 8.0 8.0 8.0 8.0 8.0 8.0 8.0 8.0 8.0 8.0 8.0 8.0 8.0 8.0 8.0 8.0 8.0 8.0 8.0 8.0 8.0 0.0 8.0 8.0 8.0 8.0 8.0 8.0 8.0 8.0 8.0 8.0 8.0 8.0 8.0 8.0 8.0 8.0 8.0 8.0 8.0 8.0 8.0
51 1 CONSTANT 8.0
52 1 CONSTANT 8.0
53 1 CONSTANT 8.0
54 1 CONSTANT 0.0
55 1 CONSTANT 0.0
56 1 CONSTANT 0.0
57 1 CONSTANT 0.0
58 1 CONSTANT 0.0
59 1 CONSTANT 0.0
60 1 CONSTANT 0.0
61 1 CONSTANT 0.0
62 1 CONSTANT 8.0
