0 1 CONSTANT 8.0
1 1 CONSTANT 8.0
2 1 CONSTANT 0.0
3 1 CONSTANT 8.0
4 1 CONSTANT 8.0
5 1 CONSTANT 8.0
6 1 CONSTANT 8.0
7 1 CONSTANT 8.0
8 1 CONSTANT 8.0
9 1 CONSTANT 0.0
10 1 CONSTANT 0.0
11 1 CONSTANT 0.0
12 1 CONSTANT 0.0
13 1 CONSTANT 8.0
14 1 CONSTANT 4.0
15 1 CONSTANT 4.0
16 1 CONSTANT 0.0
17 1 CONSTANT 0.0
18 1 CONSTANT 0.0
19 1 CONSTANT 0.0
20 1 CONSTANT 4.0
21 1 CONSTANT 8.0
22 1 CONSTANT 8.0
23 1 CONSTANT 8.0
24 1 CONSTANT 8.0
25 1 CONSTANT 4.0
26 1 CONSTANT 4.0
27 1 CONSTANT 8.0
28 1 TRACE 0.0 12.0 152.0 0.0 4.0 256.0 1716.0 8.0 0.0 0.0 3840.0 280.0 0.0 4.0 4.0 832.0 724.0 8.0 4.0 32.0 6384.0 24.0 0.0 4.0 180.0 0.0 4.0 3188.0 320.0 4.0 20.0 4572.0 28.0 0.0 0.0 2184.0 340.0 0.0 0.0 220.0 1852.0 8.0 4.0 0.0 8896.0 44.0 0.0 4.0 84.0 0.0 8.0 100.0 4.0 0.0 120.0 0.0 0.0 188.0 0.0 4.0 132.0 0.0 68.0 1712.0 12.0 0.0 0.0 152.0 0.0 0.0 6036.0 20.0 0.0 0.0 92.0 1616.0 12.0 0.0 80.0 3968.0 16.0 0.0 0.0 2308.0 364.0 0.0 0.0 0.0 2144.0 356.0 4.0 12.0 64.0 0.0 4.0 196.0 4.0 0.0 216.0 1184.0 8.0 4.0 0.0 784.0 696.0 4.0 4.0 0.0 176.0 0.0 80.0 2716.0 16.0 0.0 80.0 3408.0 20.0 4.0 28.0 6580.0 24.0 0.0 0.0 376.0 1152.0 12.0 4.0 0.0 92.0 3636.0 20.0 0.0 4.0 272.0 1368.0 12.0 4.0 12.0 10512.0 40.0 4.0 80.0 3124.0 16.0 4.0 16.0 9268.0 36.0 0.0 192.0 1660.0 8.0 0.0 4.0 100.0 3432.0 20.0 0.0 92.0 3020.0 16.0 4.0 0.0 11312.0 48.0 4.0 16.0 11768.0 52.0 0.0 0.0 148.0 0.0 16.0 6124.0 36.0 0.0 8.0 180.0 0.0 0.0 2356.0 332.0 0.0 36.0 2992.0 20.0 0.0 0.0 108.0 2736.0 16.0 0.0 0.0 112.0 4.0 4.0 11964.0 40.0 4.0 24.0 3284.0 28.0 0.0 52.0 3004.0 20.0 0.0 0.0 3176.0 324.0 4.0 4.0 12364.0 48.0 0.0 736.0 672.0 8.0 0.0 0.0 32.0 2748.0 24.0 0.0 8.0 176.0 0.0 4.0 2496.0 424.0 4.0 60.0 2828.0 8.0 0.0 224.0 1844.0 12.0 0.0 0.0 84.0 0.0 4.0 2480.0 392.0 4.0 0.0 92.0 2684.0 16.0 0.0 4.0 5436.0 240.0
29 1 CONSTANT 4.0
30 1 TRACE 0.0 12.0 152.0 0.0 4.0 256.0 1716.0 8.0 0.0 0.0 3840.0 280.0 0.0 4.0 4.0 832.0 724.0 8.0 4.0 32.0 6384.0 24.0 0.0 4.0 180.0 0.0 4.0 3188.0 320.0 4.0 20.0 4572.0 28.0 0.0 0.0 2184.0 340.0 0.0 0.0 220.0 1852.0 8.0 4.0 0.0 8896.0 44.0 0.0 4.0 84.0 0.0 8.0 100.0 4.0 0.0 120.0 0.0 0.0 188.0 0.0 4.0 132.0 0.0 68.0 1712.0 12.0 0.0 0.0 152.0 0.0 0.0 6036.0 20.0 0.0 0.0 92.0 1616.0 12.0 0.0 80.0 3968.0 16.0 0.0 0.0 2308.0 364.0 0.0 0.0 0.0 2144.0 356.0 4.0 12.0 64.0 0.0 4.0 196.0 4.0 0.0 216.0 1184.0 8.0 4.0 0.0 784.0 696.0 4.0 4.0 0.0 176.0 0.0 80.0 2716.0 16.0 0.0 80.0 3408.0 20.0 4.0 28.0 6580.0 24.0 0.0 0.0 376.0 1152.0 12.0 4.0 0.0 92.0 3636.0 20.0 0.0 4.0 272.0 1368.0 12.0 4.0 12.0 10512.0 40.0 4.0 80.0 3124.0 16.0 4.0 16.0 9268.0 36.0 0.0 192.0 1660.0 8.0 0.0 4.0 100.0 3432.0 20.0 0.0 92.0 3020.0 16.0 4.0 0.0 11312.0 48.0 4.0 16.0 11768.0 52.0 0.0 0.0 148.0 0.0 16.0 6124.0 36.0 0.0 8.0 180.0 0.0 0.0 2356.0 332.0 0.0 36.0 2992.0 20.0 0.0 0.0 108.0 2736.0 16.0 0.0 0.0 112.0 4.0 4.0 11964.0 40.0 4.0 24.0 3284.0 28.0 0.0 52.0 3004.0 20.0 0.0 0.0 3176.0 324.0 4.0 4.0 12364.0 48.0 0.0 736.0 672.0 8.0 0.0 0.0 32.0 2748.0 24.0 0.0 8.0 176.0 0.0 4.0 2496.0 424.0 4.0 60.0 2828.0 8.0 0.0 224.0 1844.0 12.0 0.0 0.0 84.0 0.0 4.0 2480.0 392.0 4.0 0.0 92.0 2684.0 16.0 0.0 4.0 5436.0 240.0
31 1 CONSTANT 8.0
32 1 CONSTANT 8.0
33 1 CONSTANT 4.0
34 1 CONSTANT 0.0
35 1 CONSTANT 0.0
36 1 CONSTANT 8.0
37 1 CONSTANT 8.0
38 1 CONSTANT 8.0
39 1 TRACE 8.0 0.0 0.0 8.0 8.0 0.0 8.0 0.0 8.0 8.0 0.0 8.0 0.0 8.0 8.0 0.0 8.0 0.0 8.0 0.0 8.0 0.0 8.0 0.0 0.0 8.0 8.0 0.0 0.0 8.0 0.0 8.0 0.0 8.0 8.0 0.0 0.0 8.0 8.0 0.0 8.0 0.0 8.0 0.0 8.0 0.0 8.0 0.0 0.0 8.0 0.0 0.0 8.0 0.0 0.0 8.0 0.0 0.0 8.0 0.0 0.0 8.0 0.0 8.0 0.0 8.0 0.0 0.0 8.0 0.0 8.0 0.0 8.0 8.0 0.0 8.0 0.0 8.0 0.0 8.0 0.0 8.0 8.0 0.0 8.0 0.0 8.0 8.0 0.0 0.0 8.0 0.0 0.0 8.0 0.0 0.0 8.0 8.0 0.0 8.0 0.0 8.0 8.0 0.0 8.0 0.0 8.0 0.0 0.0 8.0 0.0 8.0 0.0 8.0 0.0 8.0 0.0 8.0 0.0 8.0 0.0 8.0 8.0 0.0 8.0 0.0 8.0 8.0 0.0 8.0 0.0 8.0 8.0 0.0 8.0 0.0 8.0 0.0 8.0 0.0 8.0 0.0 8.0 0.0 8.0 0.0 8.0 0.0 8.0 0.0 8.0 0.0 8.0 8.0 0.0 8.0 0.0 8.0 0.0 8.0 0.0 8.0 0.0 8.0 0.0 8.0 0.0 8.0 0.0 8.0 0.0 0.0 8.0 0.0 8.0 0.0 8.0 0.0 0.0 8.0 8.0 0.0 0.0 8.0 0.0 8.0 0.0 8.0 8.0 0.0 8.0 0.0 8.0 0.0 0.0 8.0 0.0 8.0 0.0 8.0 0.0 8.0 0.0 8.0 0.0 8.0 0.0 8.0 8.0 0.0 0.0 8.0 0.0 8.0 0.0 8.0 0.0 8.0 0.0 8.0 8.0 0.0 8.0 0.0 8.0 0.0 0.0 8.0 8.0 0.0 0.0 8.0 0.0 8.0 0.0 8.0 0.0 8.0 0.0 8.0 0.0 0.0 8.0 8.0 0.0 8.0 0.0 8.0 0.0 8.0 0.0 8.0 8.0 0.0 0.0
40 1 CONSTANT 8.0
41 1 CONSTANT 8.0
42 1 CONSTANT 8.0
43 1 CONSTANT 277232.0
44 1 CONSTANT 277224.0
45 1 CONSTANT 8.0
46 1 CONSTANT 277232.0
47 1 CONSTANT 4.0
48 1 TRACE 14237824.0 4615072.0 11314912.0 4826576.0 68720.0 69104.0 384.0 144.0 24486592.0 5868512.0 1068976.0 945760.0 3664.0 2864.0 16266352.0 5428640.0 153632.0 151856.0 608.0 320.0 21993440.0 5787216.0 453168.0 425552.0 1520.0 1248.0 23054144.0 5748256.0 3473264.0 2471504.0 12896.0 11536.0 13521072.0 4614432.0 12147472.0 4937728.0 81376.0 78672.0 400.0 128.0 17333584.0 5530320.0 183408.0 181744.0 752.0 400.0 23868576.0 5786704.0 2705088.0 2048672.0 9120.0 8816.0 18132656.0 5596448.0 211728.0 203520.0 816.0 384.0 24567488.0 5880080.0 1142320.0 999312.0 3904.0 3344.0 21685584.0 5619264.0 4629136.0 3007680.0 18432.0 17152.0 17831488.0 5177536.0 7953584.0 4117824.0 38688.0 38000.0 224.0 32.0 17297968.0 5174144.0 8484624.0 4237920.0 43600.0 41504.0 224.0 32.0 16242400.0 5005616.0 9453808.0 4456016.0 51056.0 50352.0 256.0 112.0 12128944.0 4286320.0 13506688.0 5131712.0 100192.0 98720.0 400.0 112.0 14990864.0 4735376.0 10571328.0 4690912.0 61920.0 59520.0 288.0 112.0 24519696.0 5876720.0 1121216.0 982608.0 3488.0 3136.0 14682672.0 4816544.0 10999728.0 4749824.0 65312.0 65824.0 304.0 160.0 23147312.0 5748176.0 3384032.0 2424496.0 12448.0 11520.0 24505808.0 5877600.0 1102848.0 970448.0 3408.0 3296.0 24141392.0 5803456.0 2460000.0 1906288.0 8352.0 7744.0 18171600.0 5568656.0 215168.0 207776.0 800.0 400.0 18426064.0 5593808.0 225456.0 218816.0 784.0 448.0 19726336.0 5401760.0 6299168.0 3629168.0 27872.0 26480.0 160.0 48.0 12330208.0 4241472.0 13209776.0 5106976.0 94256.0 92672.0 448.0 176.0 23838256.0 5868384.0 774640.0 704544.0 2272.0 2256.0 21834080.0 5791104.0 431232.0 410608.0 1488.0 1040.0 11747408.0 4106448.0 13791792.0 5192672.0 104256.0 102096.0 416.0 176.0 24655216.0 5860080.0 1672064.0 1389488.0 5664.0 5072.0 24449168.0 5835216.0 2090288.0 1675024.0 7008.0 6672.0 22840688.0 5717664.0 3655920.0 2564944.0 13328.0 12816.0 23756416.0 5859184.0 741344.0 681152.0 2608.0 2336.0 24341280.0 5819696.0 2222096.0 1761968.0 7424.0 6912.0 24149680.0 5883600.0 874336.0 787344.0 2896.0 2448.0 21040480.0 5563952.0 5186640.0 3226000.0 21408.0 20272.0 24502864.0 5838816.0 2002112.0 1612576.0 6288.0 5984.0 21551056.0 5618416.0 4753920.0 3056784.0 18960.0 17888.0 24531536.0 5870368.0 1111920.0 976960.0 3536.0 3072.0 24428496.0 5827536.0 2092848.0 1677216.0 6816.0 6464.0 24558752.0 5843488.0 1880784.0 1527968.0 6032.0 5632.0 20675312.0 5569056.0 5505376.0 3340608.0 23120.0 21824.0 20397856.0 5493664.0 5712032.0 3424768.0 23760.0 23280.0 12911728.0 4295808.0 12546720.0 5031632.0 84880.0 83536.0 320.0 176.0 23009904.0 5742064.0 3506032.0 2475200.0 12256.0 11888.0 12345936.0 4260496.0 13194912.0 5108112.0 94320.0 92976.0 384.0 176.0 18208240.0 5593088.0 215040.0 207136.0 720.0 304.0 24570080.0 5852400.0 1895840.0 1547360.0 6208.0 5456.0 24646512.0 5858032.0 1722608.0 1426688.0 5792.0 4944.0 16404000.0 5095280.0 9352688.0 4427248.0 50176.0 49536.0 240.0 64.0 20410864.0 5502144.0 5712304.0 3427408.0 24096.0 23248.0 24468720.0 5816160.0 2004608.0 1623584.0 6464.0 5792.0 24585360.0 5859424.0 1884400.0 1538640.0 6320.0 5648.0 17027616.0 5485568.0 175840.0 174080.0 768.0 320.0 20181040.0 5488064.0 5912048.0 3491440.0 24976.0 23552.0 21617888.0 5768176.0 416032.0 396176.0 1520.0 1104.0 24628720.0 5854496.0 1747904.0 1438912.0 5696.0 5408.0 12471904.0 4319952.0 13119184.0 5089280.0 93952.0 92464.0 400.0 160.0 18440720.0 5601040.0 222896.0 216368.0 960.0 416.0 24642976.0 5860624.0 1742128.0 1438672.0 5856.0 5344.0 24588848.0 5866384.0 1179792.0 1027280.0 3808.0 3568.0 16962336.0 5165424.0 8838528.0 4311040.0 45088.0 44576.0 192.0 64.0 18782320.0 5634800.0 237056.0 228304.0 816.0 480.0 24663024.0 5851952.0 1702176.0 1415120.0 5648.0 4976.0 14866704.0 5309520.0 123392.0 123024.0 528.0 192.0
49 1 TRACE 277232.0 8.0 277232.0 8.0 277232.0 8.0 277232.0 8.0 277232.0 8.0 277232.0 8.0 277232.0 8.0 277232.0 8.0 277232.0 8.0 277232.0 8.0 277232.0 8.0 277232.0 8.0 277232.0 8.0 277232.0 8.0 277232.0 8.0 277232.0 8.0 277232.0 8.0 277232.0 8.0 277232.0 8.0 277232.0 8.0 277232.0 8.0 277232.0 8.0 277232.0 8.0 277232.0 8.0 277232.0 8.0 277232.0 8.0 277232.0 8.0 277232.0 8.0 277232.0 8.0 277232.0 8.0 277232.0 8.0 277232.0 8.0 277232.0 8.0 277232.0 8.0 277232.0 8.0 277232.0 8.0 277232.0 8.0 277232.0 8.0 277232.0 8.0 277232.0 8.0 277232.0 8.0 277232.0 8.0 277232.0 8.0 277232.0 8.0 277232.0 8.0 277232.0 8.0 277232.0 8.0 277232.0 8.0 277232.0 8.0 277232.0 8.0 277232.0 8.0 277232.0 8.0 277232.0 8.0 277232.0 8.0 277232.0 8.0 277232.0 8.0 277232.0 8.0 277232.0 8.0 277232.0 8.0 277232.0 8.0 277232.0 8.0 277232.0 8.0 277232.0 8.0 277232.0 8.0 277232.0 8.0 277232.0 8.0 277232.0 8.0 277232.0 8.0 277232.0 8.0 277232.0 8.0 277232.0 8.0 277232.0 8.0 277232.0 8.0 277232.0 8.0 277232.0 8.0 277232.0 8.0 277232.0 8.0 277232.0 8.0 277232.0 8.0 277232.0 8.0 277232.0 8.0 277232.0 8.0 277232.0 8.0 277232.0 8.0 277232.0 8.0 277232.0 8.0 277232.0 8.0 277232.0 8.0 277232.0 8.0 277232.0 8.0 277232.0 8.0 277232.0 8.0 277232.0 8.0 277232.0 8.0 277232.0 8.0 277232.0 8.0 277232.0 8.0 277232.0 8.0 277232.0 8.0 277232.0 8.0 277232.0 8.0 277232.0 8.0 277232.0 8.0 277232.0 8.0 277232.0 8.0 277232.0 8.0 277232.0 8.0 277232.0 8.0 277232.0 8.0 277232.0 8.0 277232.0 8.0 277232.0 8.0 277232.0 8.0 277232.0 8.0 277232.0 8.0 277232.0 8.0 277232.0 8.0 277232.0 8.0 277232.0 8.0 277232.0 8.0 277232.0 8.0 277232.0 8.0 277232.0 8.0 277232.0 8.0 277232.0 8.0 277232.0 8.0 277232.0 8.0 277232.0 8.0 277232.0 8.0 277232.0 8.0 277232.0 8.0 277232.0 8.0 277232.0 8.0 277232.0 8.0 277232.0 8.0 277232.0 8.0 277232.0 8.0 277232.0 8.0 277232.0 8.0 277232.0 8.0 277232.0 8.0 277232.0 8.0 277232.0 8.0 277232.0 8.0 277232.0 8.0 277232.0 8.0 277232.0 8.0 277232.0 8.0 277232.0 8.0 277232.0 8.0 277232.0 8.0 277232.0 8.0 277232.0 8.0 277232.0 8.0 277232.0 8.0 277232.0 8.0 277232.0 8.0 277232.0 8.0 277232.0 8.0 277232.0 8.0 277232.0 8.0 277232.0 8.0 277232.0 8.0 277232.0 8.0 277232.0 8.0 277232.0 8.0 277232.0 8.0 277232.0 8.0 277232.0 8.0 277232.0 8.0 277232.0 8.0 277232.0 8.0 277232.0 8.0 277232.0 8.0 277232.0 8.0 277232.0 8.0 277232.0 8.0 277232.0 8.0 277232.0 8.0 277232.0 8.0 277232.0 8.0 277232.0 8.0 277232.0 8.0 277232.0 8.0 277232.0 8.0 277232.0 8.0 277232.0 8.0 277232.0 8.0 277232.0 8.0 277232.0 8.0 277232.0 8.0 277232.0 8.0 277232.0 8.0 277232.0 8.0 277232.0 8.0 277232.0 8.0 277232.0 8.0 277232.0 8.0 277232.0 8.0 277232.0 8.0 277232.0 8.0 277232.0 8.0 277232.0 8.0 277232.0 8.0 277232.0 8.0 277232.0 8.0 277232.0 8.0 277232.0 8.0
50 1 CONSTANT 8.0
51 1 CONSTANT 8.0
52 1 CONSTANT 8.0
53 1 CONSTANT 8.0
54 1 CONSTANT 0.0
55 1 CONSTANT 0.0
56 1 CONSTANT 0.0
57 1 CONSTANT 0.0
58 1 CONSTANT 0.0
59 1 CONSTANT 0.0
60 1 CONSTANT 0.0
61 1 CONSTANT 0.0
62 1 CONSTANT 8.0
