0 1 1 TRACE 1672856526864258.0
1 2 1 TRACE 11414.0 21.0 21.0 21.0 21.0 21.0 21.0 21.0 21.0 22.0 21.0 24.0 20.0 21.0 22.0 21.0 20.0 21.0 20.0 22.0 22.0 21.0 22.0 21.0 21.0 21.0 25.0 20.0 21.0 20.0 20.0 21.0 21.0 20.0 21.0 30.0 21.0 21.0 20.0 33.0 21.0 21.0 21.0 20.0 21.0 20.0 21.0 22.0 20.0 20.0 22.0 22.0 21.0 21.0 20.0 20.0 21.0 20.0 22.0 20.0 20.0 21.0 20.0 21.0
2 3 1 TRACE 1291.0 30.0 28.0 37.0 40.0 59.0 39.0 69.0 29.0 29.0 72.0 73.0 81.0 36.0 29.0 68.0 29.0 28.0 67.0 29.0 130.0 333.0 31.0 216.0 64.0 52.0 41.0 36.0 111.0 64.0 68.0 27.0 29.0 28.0 55.0 809.0 27.0 27.0 53.0 28.0 42.0 662.0 47.0 81.0 29.0 67.0 45.0 50.0 70.0 31.0 76.0 32.0 31.0 69.0 31.0 60.0 28.0 31.0 28.0 41.0 87.0 51.0 82.0 41.0
3 4 1 TRACE 77.0 23.0 41.0 25.0 37.0 64.0 37.0 57.0 35.0 42.0 23.0 129.0 63.0 68.0 24.0 55.0 28.0 39.0 54.0 38.0 69.0 188.0 44.0 46.0 66.0 77.0 30.0 57.0 52.0 61.0 62.0 31.0 58.0 55.0 56.0 264.0 30.0 26.0 59.0 44.0 23.0 64.0 25.0 24.0 23.0 24.0 28.0 56.0 28.0 23.0 30.0 58.0 24.0 24.0 53.0 56.0 61.0 28.0 44.0 29.0 58.0 44.0 57.0 31.0
4 5 1 TRACE 22.0 16.0 16.0 16.0 16.0 21.0 16.0 21.0 19.0 54.0 17.0 27.0 27.0 16.0 56.0 17.0 16.0 17.0 16.0 16.0 65.0 17.0 49.0 16.0 33.0 15.0 48.0 20.0 17.0 16.0 17.0 16.0 16.0 16.0 16.0 16.0 15.0 16.0 16.0 16.0 16.0 16.0 16.0 47.0 16.0 16.0 16.0 16.0 17.0 16.0 17.0 16.0 16.0 16.0 60.0 51.0 19.0 27.0 16.0 16.0 17.0 16.0 16.0 16.0
5 6 1 TRACE 41.0 15.0 180.0 217.0 161.0 193.0 17.0 12.0 18.0 11.0 18.0 15.0 51.0 35.0 11.0 49.0 19.0 16.0 163.0 152.0 36.0 32.0 11.0 20.0 61.0 51.0 11.0 17.0 44.0 17.0 20.0 20.0 21.0 86.0 42.0 217.0 15.0 238.0 44.0 29.0 53.0 20.0 18.0 11.0 51.0 17.0 16.0 21.0 34.0 22.0 18.0 18.0 16.0 63.0 42.0 23.0 45.0 26.0 16.0 15.0 26.0 13.0 66.0 15.0
6 7 1 TRACE 23.0 139.0 13.0 246.0 102.0 13.0 133.0 7.0 37.0 101.0 136.0 127.0 165.0 90.0 103.0 128.0 13.0 13.0 30.0 18.0 146.0 25.0 9.0 16.0 16.0 8.0 9.0 13.0 19.0 9.0 8.0 14.0 12.0 18.0 8.0 14.0 15.0 16.0 19.0 13.0 20.0 18.0 11.0 9.0 10.0 15.0 11.0 13.0 19.0 15.0 20.0 14.0 13.0 12.0 19.0 18.0 9.0 15.0 15.0 15.0 19.0 16.0 10.0 16.0
7 8 1 TRACE 22.0 17.0 12.0 12.0 14.0 12.0 15.0 43.0 30.0 14.0 15.0 17.0 20.0 27.0 15.0 19.0 12.0 14.0 17.0 15.0 24.0 31.0 8.0 17.0 22.0 14.0 9.0 11.0 22.0 8.0 8.0 14.0 19.0 8.0 8.0 14.0 15.0 17.0 8.0 18.0 18.0 52.0 22.0 9.0 19.0 8.0 48.0 11.0 20.0 15.0 19.0 12.0 13.0 12.0 8.0 8.0 13.0 16.0 25.0 26.0 8.0 8.0 18.0 25.0
8 9 1 TRACE 21.0 17.0 10.0 48.0 14.0 17.0 15.0 27.0 16.0 14.0 43.0 17.0 15.0 15.0 14.0 19.0 12.0 22.0 16.0 8.0 33.0 28.0 8.0 53.0 21.0 18.0 8.0 10.0 10.0 10.0 11.0 22.0 8.0 8.0 7.0 13.0 8.0 16.0 8.0 25.0 10.0 20.0 18.0 8.0 8.0 8.0 8.0 11.0 9.0 8.0 8.0 11.0 22.0 12.0 10.0 8.0 8.0 38.0 8.0 19.0 17.0 8.0 18.0 19.0
9 10 1 TRACE 63.0 245.0 40.0 32.0 29.0 64.0 66.0 66.0 35.0 65.0 64.0 749.0 66.0 118.0 67.0 66.0 43.0 67.0 64.0 40.0 126.0 497.0 57.0 42.0 39.0 71.0 53.0 27.0 67.0 65.0 51.0 45.0 95.0 67.0 31.0 71.0 50.0 49.0 66.0 31.0 32.0 62.0 50.0 72.0 89.0 59.0 116.0 32.0 88.0 27.0 74.0 69.0 34.0 105.0 71.0 43.0 36.0 64.0 32.0 51.0 44.0 34.0 63.0 41.0
10 11 1 TRACE 27.0 18.0 18.0 18.0 26.0 21.0 19.0 18.0 20.0 18.0 18.0 18.0 18.0 19.0 19.0 30.0 18.0 20.0 19.0 26.0 33.0 20.0 18.0 18.0 18.0 18.0 18.0 27.0 19.0 18.0 18.0 20.0 22.0 18.0 18.0 19.0 57.0 18.0 20.0 19.0 19.0 57.0 19.0 19.0 17.0 19.0 52.0 18.0 21.0 18.0 18.0 18.0 18.0 17.0 19.0 19.0 20.0 18.0 18.0 18.0 25.0 18.0 18.0 19.0
11 12 1 TRACE 23.0 121.0 19.0 128.0 18.0 19.0 37.0 18.0 17.0 18.0 57.0 266.0 22.0 19.0 18.0 31.0 52.0 17.0 28.0 27.0 46.0 19.0 20.0 35.0 27.0 20.0 18.0 35.0 18.0 19.0 28.0 49.0 17.0 45.0 29.0 39.0 17.0 235.0 22.0 36.0 23.0 17.0 19.0 49.0 18.0 20.0 17.0 18.0 17.0 54.0 27.0 27.0 18.0 19.0 20.0 17.0 72.0 17.0 18.0 19.0 23.0 28.0 52.0 18.0
12 13 1 TRACE 26.0 18.0 24.0 474.0 22.0 20.0 35.0 24.0 20.0 20.0 18.0 21.0 20.0 19.0 19.0 32.0 22.0 22.0 17.0 106.0 61.0 770.0 54.0 17.0 20.0 19.0 19.0 21.0 21.0 20.0 25.0 40.0 19.0 24.0 17.0 19.0 54.0 298.0 50.0 58.0 61.0 54.0 18.0 23.0 20.0 20.0 24.0 58.0 20.0 17.0 19.0 47.0 25.0 21.0 22.0 19.0 74.0 307.0 20.0 50.0 21.0 18.0 20.0 19.0
13 14 1 TRACE 25.0 9.0 9.0 19.0 9.0 9.0 9.0 8.0 9.0 8.0 8.0 9.0 9.0 9.0 8.0 9.0 9.0 9.0 8.0 9.0 9.0 10.0 8.0 9.0 8.0 9.0 9.0 8.0 8.0 9.0 9.0 8.0 8.0 8.0 9.0 9.0 9.0 9.0 8.0 9.0 9.0 9.0 9.0 9.0 9.0 9.0 8.0 9.0 9.0 9.0 8.0 8.0 9.0 9.0 9.0 8.0 8.0 8.0 8.0 9.0 8.0 8.0 11.0 9.0
14 15 1 TRACE 25.0 16.0 16.0 16.0 15.0 33.0 16.0 15.0 16.0 16.0 16.0 15.0 15.0 15.0 15.0 15.0 15.0 16.0 15.0 16.0 21.0 17.0 15.0 27.0 15.0 15.0 15.0 15.0 21.0 16.0 16.0 15.0 15.0 15.0 16.0 16.0 16.0 16.0 15.0 15.0 16.0 16.0 15.0 15.0 18.0 16.0 16.0 16.0 16.0 16.0 15.0 16.0 16.0 16.0 15.0 16.0 16.0 15.0 16.0 16.0 15.0 15.0 18.0 15.0
15 16 1 TRACE 12.0 8.0 8.0 11.0 8.0 8.0 8.0 8.0 8.0 8.0 8.0 8.0 8.0 8.0 8.0 8.0 8.0 8.0 8.0 8.0 9.0 9.0 8.0 8.0 8.0 8.0 8.0 8.0 8.0 8.0 8.0 8.0 8.0 8.0 7.0 8.0 8.0 8.0 8.0 8.0 8.0 8.0 8.0 9.0 8.0 8.0 8.0 8.0 8.0 8.0 8.0 8.0 8.0 8.0 8.0 8.0 8.0 8.0 8.0 8.0 8.0 8.0 8.0 8.0
16 17 1 TRACE 46.0 38.0 38.0 981.0 63.0 67.0 29.0 48.0 53.0 38.0 84.0 32.0 69.0 33.0 33.0 72.0 34.0 32.0 49.0 105.0 75.0 450.0 72.0 49.0 68.0 58.0 63.0 33.0 39.0 32.0 36.0 77.0 67.0 52.0 41.0 37.0 36.0 34.0 66.0 112.0 50.0 69.0 37.0 63.0 82.0 37.0 32.0 38.0 39.0 32.0 37.0 53.0 83.0 48.0 55.0 68.0 123.0 42.0 34.0 68.0 45.0 41.0 33.0 32.0
17 18 1 TRACE 23.0 28.0 19.0 18.0 18.0 19.0 19.0 19.0 41.0 19.0 18.0 24.0 18.0 18.0 20.0 24.0 18.0 17.0 27.0 18.0 32.0 19.0 18.0 20.0 19.0 18.0 19.0 19.0 19.0 19.0 18.0 19.0 18.0 20.0 24.0 18.0 18.0 17.0 18.0 18.0 19.0 19.0 18.0 18.0 55.0 19.0 27.0 17.0 18.0 18.0 20.0 18.0 17.0 18.0 18.0 19.0 18.0 18.0 16.0 18.0 17.0 18.0 17.0 18.0
18 19 1 TRACE 23.0 18.0 36.0 445.0 30.0 25.0 18.0 17.0 28.0 19.0 19.0 17.0 54.0 18.0 18.0 19.0 56.0 18.0 42.0 46.0 45.0 19.0 36.0 18.0 18.0 25.0 18.0 17.0 21.0 17.0 17.0 19.0 19.0 17.0 31.0 25.0 21.0 22.0 37.0 49.0 17.0 17.0 25.0 51.0 17.0 17.0 17.0 17.0 54.0 28.0 18.0 27.0 36.0 27.0 24.0 29.0 54.0 18.0 49.0 26.0 19.0 53.0 19.0 20.0
19 20 1 TRACE 24.0 20.0 20.0 336.0 21.0 24.0 19.0 19.0 19.0 22.0 19.0 23.0 22.0 25.0 26.0 20.0 21.0 20.0 21.0 25.0 31.0 378.0 19.0 20.0 21.0 19.0 42.0 19.0 19.0 22.0 21.0 20.0 19.0 20.0 20.0 27.0 22.0 18.0 35.0 23.0 21.0 40.0 20.0 25.0 25.0 48.0 26.0 21.0 17.0 19.0 38.0 19.0 33.0 60.0 23.0 17.0 40.0 21.0 19.0 44.0 51.0 18.0 22.0 22.0
20 21 1 TRACE 21.0 16.0 15.0 17.0 15.0 15.0 16.0 15.0 16.0 16.0 15.0 15.0 17.0 16.0 15.0 16.0 15.0 15.0 16.0 16.0 29.0 17.0 16.0 15.0 15.0 16.0 15.0 15.0 15.0 16.0 15.0 15.0 15.0 15.0 16.0 15.0 15.0 17.0 15.0 15.0 16.0 15.0 15.0 16.0 15.0 16.0 16.0 16.0 15.0 20.0 15.0 16.0 16.0 15.0 15.0 15.0 15.0 16.0 15.0 15.0 15.0 15.0 16.0 15.0
21 22 1 TRACE 28.0 24.0 13.0 13.0 13.0 13.0 13.0 12.0 13.0 12.0 13.0 13.0 14.0 13.0 13.0 12.0 13.0 13.0 12.0 13.0 16.0 14.0 13.0 13.0 13.0 12.0 13.0 13.0 13.0 13.0 12.0 12.0 17.0 13.0 12.0 13.0 12.0 13.0 13.0 13.0 12.0 13.0 13.0 13.0 13.0 13.0 12.0 12.0 12.0 13.0 12.0 12.0 12.0 12.0 13.0 13.0 13.0 12.0 12.0 13.0 12.0 13.0 13.0 13.0
22 23 1 TRACE 45.0 77.0 40.0 488.0 57.0 40.0 41.0 49.0 58.0 45.0 68.0 41.0 51.0 38.0 40.0 40.0 39.0 65.0 39.0 41.0 80.0 37.0 73.0 109.0 41.0 42.0 38.0 73.0 75.0 39.0 69.0 39.0 34.0 39.0 38.0 67.0 67.0 39.0 71.0 105.0 39.0 80.0 39.0 39.0 65.0 39.0 104.0 42.0 70.0 34.0 70.0 70.0 49.0 41.0 69.0 66.0 56.0 48.0 68.0 79.0 39.0 73.0 68.0 40.0
23 24 1 TRACE 57.0 71.0 47.0 101.0 38.0 28.0 42.0 56.0 60.0 29.0 36.0 36.0 35.0 63.0 28.0 41.0 28.0 33.0 30.0 26.0 54.0 78.0 62.0 107.0 34.0 35.0 27.0 67.0 33.0 61.0 61.0 65.0 48.0 69.0 26.0 62.0 67.0 28.0 27.0 67.0 26.0 60.0 63.0 65.0 31.0 61.0 61.0 26.0 62.0 27.0 63.0 60.0 34.0 30.0 38.0 30.0 60.0 63.0 61.0 63.0 62.0 62.0 28.0 28.0
24 25 1 TRACE 49.0 26.0 22.0 34.0 23.0 22.0 21.0 21.0 22.0 22.0 26.0 22.0 22.0 23.0 23.0 23.0 22.0 22.0 21.0 22.0 55.0 24.0 25.0 21.0 22.0 22.0 45.0 59.0 22.0 24.0 21.0 22.0 23.0 23.0 22.0 21.0 22.0 23.0 22.0 26.0 22.0 22.0 21.0 24.0 29.0 30.0 31.0 21.0 24.0 22.0 23.0 23.0 22.0 63.0 24.0 32.0 22.0 22.0 60.0 23.0 23.0 23.0 22.0 86.0
25 26 1 TRACE 23.0 9.0 9.0 10.0 9.0 9.0 9.0 8.0 9.0 9.0 9.0 10.0 8.0 9.0 9.0 9.0 9.0 10.0 9.0 9.0 9.0 8.0 9.0 9.0 9.0 9.0 10.0 9.0 9.0 10.0 10.0 10.0 9.0 9.0 9.0 9.0 9.0 9.0 9.0 9.0 9.0 9.0 10.0 8.0 9.0 10.0 9.0 10.0 9.0 8.0 9.0 9.0 8.0 9.0 9.0 9.0 9.0 9.0 9.0 11.0 12.0 11.0 12.0 10.0 10.0 9.0 10.0 9.0 9.0 10.0 9.0 9.0 9.0 9.0 9.0 10.0 9.0 9.0 9.0 8.0 9.0 9.0 9.0 9.0 9.0 9.0 9.0 9.0 9.0 9.0 9.0 9.0 10.0 9.0 9.0 9.0 9.0 9.0 8.0 10.0 9.0 9.0 9.0 9.0 10.0 9.0 9.0 9.0 11.0 9.0 9.0 9.0 9.0 9.0 9.0 9.0 9.0 9.0 9.0 9.0 9.0 9.0 9.0 9.0 10.0 9.0 9.0 9.0 9.0 9.0 9.0 9.0 9.0 9.0 9.0 9.0 8.0 9.0 9.0 9.0 9.0 9.0 9.0 9.0 9.0 9.0 9.0 10.0 9.0 10.0 10.0 9.0 9.0 10.0 9.0 9.0 9.0 9.0 9.0 9.0 10.0 9.0 9.0 9.0 9.0 10.0 9.0 9.0 9.0 9.0 9.0 8.0 10.0 9.0 9.0 9.0 9.0 9.0 10.0 9.0 10.0 9.0 9.0 9.0 9.0 9.0 9.0 9.0 9.0 9.0 10.0 9.0 9.0 9.0 9.0 9.0
26 27 1 TRACE 10.0 8.0 7.0 7.0 8.0 7.0 7.0 7.0 7.0 8.0 7.0 7.0 7.0 7.0 7.0 8.0 7.0 7.0 8.0 7.0 7.0 7.0 7.0 7.0 7.0 7.0 7.0 7.0 7.0 7.0 8.0 8.0 8.0 7.0 8.0 8.0 7.0 7.0 7.0 8.0 8.0 8.0 8.0 7.0 7.0 8.0 7.0 7.0 8.0 7.0 8.0 8.0 7.0 8.0 7.0 7.0 10.0 7.0 8.0 10.0 20.0 9.0 10.0 8.0 8.0 7.0 7.0 7.0 7.0 8.0 8.0 8.0 7.0 8.0 7.0 7.0 7.0 7.0 7.0 7.0 8.0 7.0 7.0 8.0 8.0 8.0 7.0 8.0 7.0 7.0 7.0 10.0 7.0 8.0 8.0 8.0 7.0 8.0 7.0 8.0 7.0 8.0 7.0 7.0 8.0 8.0 8.0 7.0 8.0 8.0 8.0 7.0 8.0 7.0 8.0 7.0 7.0 7.0 7.0 8.0 8.0 7.0 7.0 7.0 8.0 8.0 7.0 7.0 7.0 7.0 7.0 7.0 7.0 7.0 7.0 8.0 7.0 7.0 7.0 8.0 8.0 7.0 8.0 7.0 7.0 8.0 8.0 8.0 7.0 8.0 7.0 7.0 7.0 7.0 7.0 8.0 7.0 8.0 8.0 8.0 8.0 8.0 8.0 7.0 7.0 7.0 7.0 7.0 8.0 7.0 7.0 7.0 8.0 7.0 8.0 8.0 7.0 7.0 8.0 7.0 7.0 8.0 8.0 7.0 8.0 8.0 7.0 7.0 8.0 8.0 8.0 7.0 8.0 7.0 8.0 8.0
27 28 1 TRACE 11.0 7.0 8.0 7.0 7.0 7.0 7.0 8.0 8.0 7.0 7.0 7.0 8.0 8.0 7.0 7.0 8.0 7.0 7.0 7.0 7.0 8.0 7.0 7.0 8.0 8.0 7.0 7.0 8.0 7.0 7.0 7.0 7.0 7.0 7.0 7.0 8.0 8.0 8.0 7.0 7.0 7.0 7.0 8.0 8.0 7.0 7.0 7.0 7.0 8.0 7.0 7.0 7.0 7.0 8.0 8.0 8.0 8.0 7.0 9.0 9.0 9.0 9.0 8.0 8.0 8.0 7.0 7.0 8.0 8.0 7.0 7.0 8.0 7.0 7.0 7.0 7.0 8.0 8.0 8.0 7.0 7.0 8.0 7.0 7.0 7.0 8.0 7.0 7.0 8.0 8.0 8.0 7.0 7.0 7.0 7.0 7.0 7.0 8.0 7.0 7.0 7.0 8.0 7.0 7.0 7.0 7.0 7.0 7.0 7.0 7.0 7.0 7.0 7.0 7.0 7.0 7.0 8.0 7.0 7.0 7.0 8.0 7.0 7.0 7.0 7.0 8.0 7.0 8.0 7.0 7.0 7.0 8.0 7.0 7.0 7.0 8.0 7.0 8.0 7.0 7.0 7.0 7.0 8.0 10.0 7.0 7.0 7.0 8.0 7.0 7.0 8.0 7.0 7.0 7.0 7.0 8.0 7.0 7.0 7.0 7.0 7.0 7.0 8.0 7.0 7.0 8.0 8.0 7.0 8.0 8.0 8.0 7.0 7.0 7.0 7.0 8.0 7.0 7.0 8.0 7.0 7.0 7.0 7.0 7.0 7.0 8.0 7.0 7.0 7.0 7.0 7.0 7.0 7.0 7.0 7.0
28 29 1 TRACE 12.0 9.0 9.0 8.0 8.0 8.0 8.0 8.0 8.0 8.0 8.0 8.0 8.0 8.0 8.0 9.0 8.0 8.0 9.0 8.0 8.0 8.0 8.0 8.0 8.0 8.0 8.0 8.0 8.0 8.0 9.0 8.0 9.0 8.0 8.0 9.0 8.0 8.0 8.0 9.0 9.0 9.0 9.0 8.0 8.0 8.0 8.0 9.0 9.0 8.0 8.0 8.0 8.0 8.0 8.0 8.0 9.0 8.0 9.0 10.0 21.0 10.0 22.0 9.0 9.0 8.0 8.0 8.0 8.0 9.0 9.0 9.0 8.0 9.0 8.0 8.0 8.0 8.0 8.0 8.0 8.0 8.0 8.0 9.0 8.0 8.0 8.0 8.0 8.0 8.0 8.0 9.0 8.0 9.0 9.0 8.0 8.0 9.0 8.0 9.0 8.0 8.0 8.0 8.0 9.0 8.0 8.0 9.0 9.0 9.0 9.0 8.0 8.0 8.0 8.0 8.0 8.0 8.0 8.0 8.0 9.0 8.0 8.0 8.0 9.0 9.0 8.0 8.0 8.0 8.0 8.0 8.0 8.0 8.0 8.0 9.0 8.0 8.0 8.0 9.0 8.0 8.0 9.0 8.0 9.0 8.0 9.0 8.0 8.0 9.0 8.0 8.0 8.0 8.0 8.0 9.0 8.0 8.0 9.0 9.0 9.0 8.0 9.0 8.0 8.0 8.0 8.0 8.0 9.0 8.0 8.0 8.0 9.0 8.0 9.0 8.0 8.0 8.0 9.0 8.0 8.0 9.0 9.0 8.0 8.0 9.0 8.0 8.0 9.0 8.0 9.0 8.0 8.0 8.0 8.0 8.0
29 30 1 TRACE 42.0 48.0 42.0 76.0 33.0 106.0 28.0 51.0 33.0 36.0 68.0 38.0 33.0 32.0 30.0 31.0 31.0 33.0 48.0 29.0 36.0 29.0 37.0 66.0 49.0 69.0 28.0 28.0 28.0 28.0 29.0 29.0 105.0 29.0 28.0 30.0 79.0 40.0 34.0 65.0 64.0 71.0 28.0 66.0 29.0 30.0 31.0 33.0 29.0 78.0 69.0 29.0 66.0 70.0 38.0 31.0 28.0 29.0 30.0 148.0 50.0 77.0 31.0 354.0 56.0 40.0 28.0 41.0 30.0 60.0 51.0 49.0 29.0 68.0 43.0 103.0 58.0 30.0 57.0 65.0 28.0 32.0 37.0 74.0 34.0 45.0 33.0 52.0 67.0 69.0 66.0 37.0 53.0 71.0 65.0 36.0 66.0 34.0 69.0 29.0 30.0 28.0 38.0 28.0 28.0 39.0 31.0 67.0 17.0 63.0 65.0 30.0 63.0 169.0 29.0 78.0 29.0 67.0 28.0 71.0 33.0 66.0 67.0 29.0 29.0 36.0 41.0 66.0 65.0 66.0 29.0 29.0 36.0 29.0 50.0 30.0 64.0 32.0 27.0 36.0 65.0 97.0 37.0 64.0 30.0 64.0 28.0 29.0 34.0 65.0 61.0 28.0 68.0 51.0 67.0 39.0 65.0 49.0 144.0 39.0 29.0 33.0 102.0 30.0 30.0 26.0 28.0 29.0 33.0 42.0 64.0 36.0 73.0 108.0 55.0 28.0 58.0 64.0 31.0 107.0 68.0 33.0 29.0 46.0 100.0 29.0 29.0 39.0 29.0 39.0 28.0 72.0 67.0 31.0 66.0 63.0
30 31 1 TRACE 20.0 18.0 15.0 8.0 16.0 21.0 8.0 8.0 16.0 15.0 16.0 15.0 8.0 15.0 9.0 16.0 16.0 9.0 16.0 17.0 8.0 8.0 16.0 8.0 16.0 15.0 8.0 16.0 16.0 16.0 20.0 16.0 17.0 8.0 15.0 17.0 8.0 8.0 17.0 15.0 20.0 15.0 8.0 26.0 17.0 8.0 16.0 16.0 8.0 8.0 8.0 9.0 8.0 8.0 8.0 16.0 16.0 8.0 16.0 50.0 9.0 35.0 29.0 10.0 8.0 19.0 8.0 16.0 16.0 16.0 17.0 16.0 9.0 15.0 16.0 21.0 16.0 19.0 8.0 8.0 8.0 8.0 17.0 16.0 8.0 8.0 15.0 26.0 9.0 51.0 16.0 16.0 26.0 16.0 9.0 16.0 15.0 15.0 8.0 18.0 9.0 15.0 17.0 16.0 17.0 15.0 17.0 8.0 20.0 16.0 15.0 8.0 15.0 15.0 8.0 17.0 16.0 9.0 16.0 17.0 8.0 15.0 15.0 8.0 16.0 15.0 9.0 15.0 15.0 8.0 16.0 8.0 9.0 16.0 15.0 9.0 16.0 15.0 9.0 15.0 15.0 8.0 16.0 16.0 8.0 8.0 9.0 15.0 16.0 16.0 16.0 52.0 16.0 8.0 17.0 18.0 8.0 16.0 17.0 8.0 16.0 15.0 53.0 15.0 16.0 9.0 8.0 18.0 15.0 8.0 8.0 8.0 8.0 8.0 15.0 8.0 8.0 33.0 15.0 33.0 9.0 8.0 16.0 9.0 7.0 16.0 8.0 8.0 8.0 15.0 9.0 8.0 17.0 8.0 8.0 15.0
31 32 1 TRACE 17.0 13.0 12.0 13.0 13.0 13.0 13.0 12.0 13.0 13.0 13.0 13.0 12.0 12.0 12.0 12.0 12.0 13.0 13.0 13.0 12.0 12.0 12.0 12.0 13.0 12.0 13.0 12.0 13.0 12.0 13.0 13.0 17.0 13.0 13.0 12.0 13.0 13.0 12.0 13.0 14.0 12.0 13.0 14.0 12.0 12.0 12.0 13.0 12.0 12.0 12.0 13.0 12.0 12.0 12.0 13.0 13.0 13.0 13.0 26.0 13.0 18.0 14.0 13.0 13.0 13.0 13.0 13.0 13.0 13.0 13.0 13.0 12.0 12.0 12.0 14.0 13.0 13.0 13.0 12.0 13.0 12.0 13.0 13.0 12.0 12.0 13.0 13.0 12.0 13.0 13.0 13.0 13.0 12.0 13.0 13.0 12.0 12.0 13.0 13.0 12.0 12.0 12.0 13.0 12.0 12.0 13.0 12.0 14.0 13.0 13.0 12.0 12.0 13.0 12.0 13.0 13.0 13.0 13.0 12.0 13.0 13.0 13.0 13.0 13.0 13.0 12.0 12.0 13.0 13.0 13.0 12.0 12.0 13.0 13.0 12.0 13.0 12.0 12.0 13.0 12.0 13.0 13.0 13.0 13.0 12.0 12.0 13.0 13.0 13.0 12.0 13.0 12.0 12.0 12.0 12.0 13.0 12.0 12.0 12.0 13.0 13.0 13.0 13.0 13.0 13.0 13.0 12.0 13.0 12.0 12.0 13.0 13.0 12.0 12.0 12.0 13.0 13.0 13.0 12.0 17.0 12.0 13.0 12.0 12.0 12.0 12.0 12.0 12.0 12.0 12.0 12.0 13.0 12.0 12.0 13.0
32 33 1 TRACE 22.0 17.0 17.0 18.0 17.0 18.0 17.0 18.0 18.0 16.0 17.0 19.0 16.0 17.0 16.0 17.0 17.0 17.0 17.0 17.0 18.0 18.0 17.0 30.0 18.0 17.0 17.0 16.0 17.0 17.0 32.0 17.0 18.0 17.0 17.0 17.0 26.0 17.0 17.0 17.0 17.0 17.0 17.0 17.0 17.0 16.0 16.0 16.0 17.0 17.0 17.0 16.0 16.0 23.0 16.0 16.0 18.0 17.0 53.0 49.0 33.0 32.0 26.0 19.0 22.0 17.0 17.0 18.0 18.0 16.0 17.0 17.0 18.0 17.0 17.0 19.0 17.0 53.0 17.0 55.0 55.0 17.0 16.0 17.0 16.0 50.0 17.0 17.0 17.0 57.0 17.0 17.0 16.0 21.0 16.0 17.0 19.0 18.0 19.0 17.0 53.0 28.0 24.0 18.0 17.0 17.0 17.0 16.0 18.0 17.0 17.0 57.0 17.0 17.0 16.0 17.0 17.0 17.0 18.0 17.0 17.0 52.0 17.0 17.0 16.0 17.0 17.0 16.0 24.0 18.0 18.0 17.0 17.0 17.0 17.0 17.0 17.0 23.0 52.0 16.0 17.0 53.0 17.0 54.0 17.0 24.0 17.0 17.0 18.0 17.0 16.0 53.0 17.0 17.0 21.0 17.0 17.0 17.0 17.0 17.0 17.0 16.0 53.0 17.0 55.0 49.0 17.0 17.0 17.0 18.0 16.0 17.0 56.0 17.0 54.0 17.0 17.0 18.0 17.0 17.0 18.0 17.0 17.0 17.0 24.0 17.0 17.0 17.0 16.0 17.0 17.0 57.0 18.0 17.0 17.0 39.0
33 34 1 TRACE 97.0 72.0 45.0 57.0 86.0 125.0 72.0 95.0 359.0 183.0 61.0 43.0 117.0 86.0 68.0 313.0 61.0 82.0 344.0 111.0 68.0 161.0 77.0 44.0 251.0 65.0 64.0 47.0 307.0 72.0 49.0 85.0 61.0 73.0 102.0 74.0 31.0 55.0 100.0 61.0 189.0 133.0 73.0 53.0 86.0 83.0 87.0 71.0 77.0 92.0 89.0 66.0 67.0 51.0 70.0 299.0 78.0 87.0 57.0 143.0 77.0 369.0 203.0 1515.0 74.0 59.0 67.0 168.0 73.0 48.0 117.0 103.0 70.0 159.0 95.0 53.0 298.0 72.0 103.0 39.0 231.0 57.0 132.0 66.0 96.0 25.0 130.0 96.0 136.0 119.0 111.0 45.0 208.0 66.0 65.0 112.0 100.0 53.0 80.0 61.0 38.0 126.0 89.0 57.0 166.0 671.0 56.0 86.0 104.0 100.0 61.0 31.0 285.0 1062.0 84.0 146.0 161.0 63.0 99.0 97.0 70.0 122.0 67.0 66.0 155.0 63.0 60.0 178.0 92.0 27.0 76.0 57.0 88.0 69.0 60.0 57.0 267.0 62.0 29.0 218.0 111.0 22.0 164.0 71.0 60.0 77.0 81.0 100.0 63.0 124.0 56.0 146.0 107.0 69.0 142.0 56.0 111.0 93.0 128.0 69.0 262.0 141.0 54.0 161.0 69.0 70.0 70.0 281.0 77.0 45.0 73.0 66.0 22.0 94.0 286.0 164.0 135.0 59.0 127.0 66.0 23.0 95.0 90.0 55.0 127.0 115.0 147.0 105.0 104.0 67.0 76.0 40.0 63.0 46.0 142.0 89.0
34 35 1 TRACE 651.0 673.0 18.0 62.0 97.0 69.0 20.0 54.0 53.0 64.0 53.0 18.0 58.0 54.0 70.0 64.0 53.0 52.0 64.0 53.0 18.0 60.0 59.0 52.0 63.0 54.0 50.0 67.0 63.0 63.0 87.0 62.0 85.0 52.0 58.0 54.0 18.0 58.0 56.0 53.0 64.0 59.0 51.0 64.0 17.0 50.0 57.0 54.0 19.0 75.0 19.0 17.0 83.0 18.0 62.0 61.0 58.0 53.0 57.0 134.0 92.0 111.0 109.0 32.0 63.0 71.0 53.0 89.0 59.0 72.0 56.0 65.0 52.0 60.0 52.0 53.0 76.0 54.0 19.0 53.0 18.0 53.0 58.0 61.0 18.0 53.0 59.0 53.0 50.0 70.0 54.0 53.0 60.0 52.0 52.0 59.0 55.0 17.0 57.0 63.0 53.0 59.0 54.0 51.0 59.0 254.0 17.0 51.0 675.0 54.0 18.0 52.0 74.0 61.0 50.0 53.0 18.0 53.0 92.0 258.0 86.0 125.0 52.0 49.0 62.0 57.0 53.0 61.0 53.0 49.0 54.0 18.0 51.0 54.0 52.0 88.0 63.0 52.0 47.0 59.0 53.0 50.0 266.0 54.0 18.0 53.0 52.0 58.0 53.0 52.0 50.0 63.0 52.0 54.0 60.0 54.0 87.0 57.0 96.0 52.0 58.0 67.0 53.0 121.0 54.0 28.0 52.0 62.0 51.0 18.0 55.0 17.0 53.0 55.0 54.0 19.0 60.0 52.0 178.0 53.0 20.0 54.0 18.0 18.0 85.0 55.0 18.0 19.0 55.0 53.0 17.0 54.0 66.0 17.0 52.0 18.0
35 36 1 TRACE 58.0 58.0 17.0 49.0 56.0 50.0 16.0 62.0 49.0 61.0 48.0 16.0 55.0 50.0 49.0 62.0 48.0 79.0 64.0 49.0 17.0 59.0 50.0 51.0 61.0 47.0 47.0 50.0 62.0 48.0 71.0 57.0 53.0 50.0 56.0 50.0 17.0 96.0 44.0 50.0 59.0 49.0 48.0 57.0 15.0 46.0 55.0 49.0 16.0 50.0 16.0 15.0 160.0 17.0 51.0 82.0 50.0 49.0 55.0 114.0 129.0 146.0 112.0 18.0 49.0 53.0 73.0 54.0 52.0 48.0 91.0 59.0 48.0 59.0 49.0 48.0 62.0 54.0 15.0 50.0 16.0 49.0 243.0 49.0 17.0 52.0 89.0 50.0 47.0 58.0 56.0 49.0 62.0 55.0 49.0 60.0 50.0 17.0 56.0 49.0 53.0 58.0 65.0 48.0 60.0 61.0 17.0 51.0 541.0 51.0 17.0 50.0 88.0 50.0 47.0 69.0 16.0 49.0 100.0 60.0 49.0 60.0 49.0 53.0 58.0 53.0 49.0 63.0 50.0 47.0 52.0 17.0 50.0 52.0 47.0 51.0 98.0 49.0 47.0 329.0 50.0 53.0 59.0 49.0 16.0 297.0 48.0 62.0 66.0 48.0 59.0 94.0 48.0 50.0 59.0 51.0 50.0 56.0 156.0 50.0 56.0 54.0 48.0 60.0 49.0 17.0 66.0 63.0 50.0 16.0 51.0 16.0 19.0 57.0 87.0 16.0 52.0 53.0 216.0 52.0 16.0 49.0 16.0 16.0 52.0 51.0 16.0 16.0 54.0 83.0 16.0 72.0 51.0 16.0 52.0 16.0
36 37 1 TRACE 49.0 63.0 105.0 48.0 96.0 118.0 99.0 40.0 1057.0 159.0 62.0 159.0 114.0 62.0 48.0 294.0 49.0 81.0 351.0 78.0 118.0 61.0 35.0 148.0 290.0 72.0 30.0 74.0 233.0 30.0 29.0 57.0 52.0 93.0 144.0 58.0 93.0 35.0 30.0 74.0 187.0 104.0 28.0 73.0 114.0 64.0 73.0 86.0 102.0 82.0 147.0 94.0 76.0 105.0 71.0 138.0 73.0 137.0 108.0 184.0 77.0 429.0 247.0 381.0 93.0 75.0 33.0 92.0 53.0 28.0 88.0 32.0 40.0 141.0 42.0 64.0 216.0 29.0 175.0 88.0 100.0 30.0 228.0 53.0 84.0 87.0 532.0 96.0 123.0 75.0 58.0 74.0 122.0 53.0 45.0 57.0 58.0 105.0 77.0 33.0 50.0 173.0 95.0 45.0 151.0 63.0 91.0 65.0 113.0 77.0 128.0 101.0 310.0 91.0 41.0 79.0 104.0 31.0 126.0 60.0 31.0 82.0 98.0 62.0 78.0 63.0 71.0 395.0 35.0 29.0 113.0 172.0 30.0 66.0 96.0 32.0 221.0 88.0 29.0 796.0 101.0 54.0 378.0 92.0 100.0 66.0 53.0 58.0 102.0 28.0 64.0 174.0 74.0 64.0 177.0 86.0 67.0 83.0 176.0 49.0 109.0 40.0 59.0 148.0 94.0 87.0 88.0 174.0 138.0 109.0 77.0 95.0 55.0 42.0 69.0 172.0 87.0 61.0 130.0 65.0 100.0 96.0 106.0 94.0 54.0 36.0 119.0 96.0 64.0 35.0 135.0 51.0 61.0 176.0 74.0 121.0
37 38 1 TRACE 38.0 34.0 33.0 38.0 62.0 46.0 30.0 44.0 30.0 58.0 43.0 48.0 72.0 37.0 33.0 75.0 46.0 69.0 95.0 65.0 52.0 86.0 30.0 67.0 101.0 84.0 36.0 30.0 73.0 34.0 57.0 35.0 72.0 67.0 81.0 67.0 38.0 36.0 45.0 32.0 102.0 69.0 54.0 31.0 32.0 61.0 50.0 77.0 70.0 69.0 68.0 62.0 36.0 39.0 64.0 55.0 70.0 71.0 39.0 86.0 96.0 155.0 36.0 66.0 47.0 58.0 45.0 72.0 61.0 31.0 75.0 65.0 67.0 77.0 46.0 37.0 85.0 30.0 65.0 68.0 66.0 30.0 75.0 66.0 52.0 70.0 41.0 41.0 37.0 74.0 65.0 31.0 49.0 30.0 63.0 75.0 35.0 28.0 45.0 30.0 65.0 77.0 34.0 69.0 42.0 30.0 29.0 29.0 40.0 66.0 29.0 31.0 62.0 510.0 36.0 35.0 31.0 31.0 52.0 31.0 34.0 43.0 65.0 37.0 44.0 30.0 37.0 47.0 29.0 29.0 69.0 67.0 52.0 32.0 38.0 67.0 70.0 65.0 36.0 97.0 51.0 68.0 45.0 36.0 80.0 68.0 29.0 49.0 34.0 46.0 67.0 74.0 66.0 38.0 88.0 67.0 64.0 46.0 63.0 65.0 41.0 59.0 31.0 71.0 28.0 65.0 63.0 85.0 66.0 31.0 42.0 41.0 32.0 36.0 67.0 28.0 31.0 39.0 53.0 54.0 63.0 34.0 63.0 37.0 75.0 30.0 57.0 36.0 36.0 38.0 41.0 35.0 63.0 91.0 67.0 34.0
38 39 1 TRACE 38.0 46.0 25.0 43.0 33.0 32.0 26.0 27.0 39.0 34.0 34.0 31.0 75.0 43.0 26.0 29.0 48.0 47.0 29.0 64.0 31.0 36.0 40.0 26.0 64.0 65.0 25.0 45.0 29.0 30.0 64.0 40.0 41.0 27.0 63.0 63.0 35.0 34.0 26.0 62.0 61.0 26.0 31.0 25.0 34.0 34.0 37.0 27.0 54.0 27.0 32.0 37.0 26.0 36.0 27.0 31.0 67.0 64.0 26.0 182.0 58.0 53.0 70.0 68.0 64.0 62.0 26.0 32.0 24.0 37.0 63.0 25.0 63.0 63.0 64.0 33.0 56.0 54.0 24.0 27.0 28.0 55.0 36.0 25.0 41.0 60.0 35.0 62.0 34.0 29.0 26.0 36.0 61.0 30.0 61.0 36.0 62.0 55.0 34.0 25.0 63.0 63.0 62.0 66.0 66.0 36.0 63.0 60.0 31.0 33.0 32.0 64.0 34.0 343.0 43.0 68.0 35.0 24.0 32.0 62.0 28.0 66.0 24.0 29.0 26.0 63.0 62.0 65.0 27.0 25.0 36.0 62.0 33.0 61.0 65.0 67.0 26.0 66.0 26.0 33.0 29.0 65.0 27.0 67.0 66.0 26.0 25.0 27.0 26.0 63.0 59.0 65.0 64.0 25.0 64.0 25.0 69.0 30.0 66.0 32.0 65.0 145.0 26.0 70.0 27.0 25.0 61.0 67.0 61.0 34.0 60.0 59.0 100.0 32.0 81.0 29.0 68.0 26.0 49.0 34.0 52.0 31.0 25.0 52.0 69.0 27.0 66.0 25.0 35.0 24.0 32.0 65.0 40.0 56.0 61.0 64.0
39 25 1 TRACE 19.0 17.0 17.0 18.0 19.0 24.0 18.0 19.0 40.0 24.0 18.0 28.0 18.0 38.0 19.0 35.0 58.0 18.0 18.0 55.0 17.0 38.0 20.0 19.0 22.0 17.0 17.0 19.0 54.0 17.0 18.0 17.0 18.0 18.0 45.0 18.0 21.0 20.0 18.0 55.0 17.0 19.0 23.0 17.0 18.0 19.0 18.0 26.0 18.0 18.0 17.0 18.0 54.0 21.0 18.0 18.0 18.0 22.0 54.0 18.0 18.0 24.0 18.0 17.0 51.0 18.0 18.0 19.0 17.0 17.0 18.0
39 40 1 TRACE 36.0 29.0 27.0 43.0 101.0 42.0 55.0 36.0 28.0 59.0 39.0 63.0 42.0 61.0 31.0 29.0 62.0 36.0 62.0 65.0 95.0 65.0 60.0 59.0 29.0 34.0 30.0 66.0 30.0 28.0 27.0 27.0 65.0 34.0 67.0 36.0 65.0 68.0 50.0 65.0 28.0 32.0 29.0 29.0 27.0 27.0 41.0 60.0 62.0 65.0 30.0 28.0 70.0 29.0 66.0 88.0 62.0 39.0 37.0 37.0 32.0 26.0 64.0 65.0
39 51 1 TRACE 42.0 53.0 57.0 39.0 28.0 32.0 32.0 60.0 30.0 63.0 34.0 30.0 65.0 33.0 58.0 63.0 52.0 31.0 107.0 116.0 36.0 29.0 30.0 63.0 38.0 34.0 39.0 59.0 26.0 27.0 66.0 27.0 65.0 711.0 49.0 979.0 64.0 29.0 33.0 39.0 61.0 27.0 45.0 74.0 40.0 61.0 38.0 67.0 27.0 79.0 58.0 27.0 45.0 110.0 116.0 29.0 28.0 59.0 35.0 39.0 63.0
40 41 1 TRACE 35.0 21.0 20.0 34.0 23.0 43.0 46.0 25.0 44.0 42.0 25.0 25.0 19.0 36.0 19.0 22.0 20.0 20.0 37.0 21.0 47.0 25.0 22.0 25.0 28.0 45.0 20.0 29.0 28.0 29.0 35.0 25.0 24.0 28.0 29.0 27.0 44.0 20.0 22.0 29.0 31.0 34.0 20.0 21.0 43.0 28.0 30.0 20.0 25.0 38.0 33.0 25.0 26.0 31.0 39.0 20.0 20.0 20.0 28.0 21.0 23.0 19.0 21.0 20.0
41 42 1 TRACE 18.0 12.0 15.0 12.0 13.0 12.0 12.0 12.0 13.0 12.0 12.0 14.0 12.0 13.0 17.0 12.0 13.0 13.0 12.0 13.0 14.0 13.0 13.0 13.0 13.0 13.0 13.0 13.0 13.0 14.0 13.0 12.0 13.0 13.0 13.0 13.0 13.0 13.0 13.0 13.0 13.0 15.0 14.0 12.0 12.0 13.0 13.0 13.0 13.0 13.0 12.0 13.0 14.0 13.0 13.0 12.0 13.0 13.0 13.0 12.0 14.0 12.0 13.0 13.0 13.0 13.0 14.0 14.0 13.0 16.0 13.0 12.0 12.0 13.0 13.0 13.0 13.0 13.0 13.0 13.0 17.0 13.0 13.0 12.0 12.0 13.0 14.0 12.0 12.0 13.0 12.0 12.0 13.0 13.0 13.0 13.0 13.0 12.0 14.0 12.0 13.0 14.0 13.0 13.0 13.0 13.0 13.0 13.0 13.0 12.0 13.0 13.0 13.0 13.0 12.0 13.0 13.0 13.0 12.0 13.0 13.0 12.0 13.0 13.0 13.0 12.0 13.0 13.0 13.0 14.0 13.0 12.0 13.0 12.0 13.0 13.0 13.0 12.0 12.0 14.0 13.0 13.0 13.0 13.0 13.0 12.0 13.0 12.0 12.0 14.0 15.0 13.0 13.0 12.0 12.0 13.0 13.0 13.0 13.0 13.0 13.0 15.0 14.0 13.0 13.0 14.0 13.0 13.0 14.0 12.0 12.0 13.0 12.0 13.0 13.0 13.0 14.0 13.0 13.0 13.0 13.0 13.0 13.0 12.0 13.0 13.0 13.0 12.0 14.0 12.0 12.0 13.0 13.0 12.0 12.0 13.0 12.0 13.0 13.0 13.0 13.0 12.0 13.0 13.0 13.0 16.0 12.0 12.0 13.0
42 43 1 TRACE 16.0 12.0 12.0 11.0 11.0 13.0 12.0 11.0 12.0 12.0 11.0 12.0 12.0 12.0 12.0 12.0 13.0 11.0 11.0 12.0 12.0 12.0 12.0 11.0 11.0 16.0 12.0 12.0 12.0 12.0 12.0 12.0 11.0 12.0 12.0 11.0 12.0 12.0 12.0 11.0 12.0 12.0 12.0 12.0 12.0 12.0 11.0 12.0 11.0 11.0 12.0 12.0 12.0 12.0 11.0 11.0 12.0 11.0 12.0 11.0 12.0 12.0 12.0 12.0 12.0 12.0 12.0 12.0 12.0 12.0 12.0 12.0 12.0 12.0 12.0 12.0 12.0 12.0 12.0 11.0 12.0 12.0 12.0 12.0 12.0 12.0 12.0 12.0 11.0 11.0 11.0 11.0 12.0 12.0 12.0 12.0 12.0 11.0 13.0 11.0 12.0 12.0 11.0 12.0 12.0 11.0 12.0 12.0 12.0 12.0 12.0 12.0 12.0 12.0 11.0 12.0 11.0 12.0 12.0 11.0 11.0 11.0 11.0 11.0 12.0 11.0 12.0 12.0 11.0 12.0 12.0 11.0 12.0 12.0 11.0 12.0 12.0 11.0 11.0 12.0 11.0 12.0 21.0 12.0 12.0 11.0 12.0 12.0 11.0 12.0 12.0 12.0 11.0 11.0 12.0 11.0 12.0 43.0 12.0 12.0 12.0 12.0 12.0 11.0 12.0 12.0 12.0 12.0 12.0 12.0 11.0 12.0 11.0 11.0 12.0 12.0 12.0 12.0 11.0 12.0 12.0 11.0 12.0 11.0 11.0 12.0 12.0 11.0 12.0 16.0 11.0 11.0 11.0 11.0 11.0 12.0 11.0 12.0 12.0 12.0 12.0 11.0 12.0 11.0 12.0 12.0 12.0 12.0 12.0
43 44 1 TRACE 12.0 8.0 8.0 7.0 8.0 8.0 8.0 8.0 8.0 8.0 8.0 8.0 8.0 8.0 9.0 8.0 8.0 8.0 8.0 8.0 8.0 7.0 8.0 8.0 7.0 8.0 7.0 8.0 8.0 8.0 8.0 8.0 8.0 8.0 8.0 8.0 8.0 8.0 8.0 7.0 8.0 8.0 8.0 8.0 8.0 8.0 7.0 8.0 8.0 8.0 8.0 7.0 8.0 7.0 7.0 7.0 7.0 8.0 8.0 7.0 7.0 8.0 8.0 8.0 7.0 8.0 8.0 9.0 8.0 8.0 8.0 8.0 8.0 8.0 8.0 8.0 8.0 8.0 8.0 8.0 9.0 8.0 8.0 8.0 8.0 8.0 8.0 8.0 7.0 8.0 7.0 10.0 7.0 8.0 8.0 8.0 8.0 8.0 8.0 8.0 8.0 8.0 8.0 8.0 8.0 7.0 8.0 8.0 7.0 8.0 7.0 7.0 8.0 8.0 8.0 8.0 8.0 8.0 7.0 8.0 8.0 7.0 8.0 8.0 7.0 8.0 8.0 7.0 8.0 8.0 7.0 7.0 8.0 8.0 7.0 8.0 8.0 7.0 7.0 7.0 8.0 7.0 8.0 8.0 7.0 8.0 8.0 8.0 8.0 8.0 7.0 8.0 7.0 8.0 8.0 8.0 8.0 13.0 8.0 8.0 9.0 8.0 8.0 8.0 8.0 8.0 8.0 8.0 8.0 8.0 8.0 8.0 8.0 7.0 8.0 8.0 8.0 11.0 8.0 8.0 8.0 8.0 8.0 7.0 8.0 8.0 8.0 7.0 8.0 9.0 8.0 8.0 8.0 8.0 8.0 8.0 8.0 8.0 8.0 8.0 7.0 8.0 8.0 8.0 8.0 8.0 8.0 8.0 8.0
44 45 1 TRACE 40.0 63.0 22.0 23.0 54.0 23.0 33.0 26.0 60.0 42.0 25.0 27.0 25.0 29.0 25.0 35.0 21.0 28.0 26.0 67.0 64.0 24.0 32.0 43.0 59.0 22.0 59.0 25.0 25.0 36.0 29.0 45.0 28.0 24.0 30.0 35.0 58.0 30.0 53.0 26.0 63.0 21.0 61.0 40.0 25.0 27.0 26.0 70.0 33.0 37.0 21.0 66.0 29.0 56.0 24.0 24.0 27.0 33.0 30.0 81.0 26.0 27.0 67.0 27.0 205.0 143.0 172.0 148.0 48.0 23.0 58.0 26.0 35.0 112.0 28.0 23.0 61.0 33.0 26.0 27.0 47.0 58.0 53.0 24.0 69.0 49.0 100.0 60.0 23.0 25.0 26.0 26.0 58.0 55.0 67.0 32.0 23.0 66.0 28.0 26.0 25.0 27.0 25.0 27.0 35.0 83.0 26.0 62.0 28.0 57.0 58.0 42.0 28.0 25.0 29.0 67.0 43.0 657.0 284.0 72.0 92.0 133.0 119.0 26.0 72.0 66.0 29.0 23.0 22.0 34.0 58.0 24.0 25.0 52.0 23.0 70.0 62.0 24.0 24.0 21.0 26.0 28.0 59.0 27.0 64.0 24.0 61.0 101.0 57.0 28.0 21.0 27.0 64.0 26.0 25.0 62.0 26.0 28.0 24.0 25.0 23.0 22.0 28.0 78.0 26.0 25.0 34.0 26.0 29.0 67.0 42.0 36.0 66.0 23.0 27.0 26.0 40.0 22.0 25.0 96.0 59.0 27.0 824.0 24.0 29.0 63.0 25.0 62.0 26.0 19.0 24.0 68.0 60.0 24.0 53.0 22.0 22.0 59.0 26.0 64.0 24.0 62.0 62.0 32.0 24.0 22.0 27.0 34.0 25.0
45 46 1 TRACE 22.0 17.0 16.0 19.0 15.0 16.0 23.0 17.0 15.0 16.0 16.0 18.0 19.0 17.0 17.0 17.0 15.0 18.0 16.0 16.0 18.0 16.0 16.0 18.0 15.0 17.0 17.0 25.0 17.0 17.0 16.0 15.0 16.0 17.0 16.0 18.0 17.0 17.0 18.0 18.0 56.0 16.0 16.0 16.0 17.0 17.0 17.0 19.0 17.0 17.0 16.0 17.0 52.0 15.0 15.0 17.0 17.0 17.0 16.0 15.0 17.0 17.0 17.0 17.0 39.0 43.0 63.0 64.0 21.0 17.0 16.0 17.0 17.0 16.0 16.0 16.0 18.0 16.0 16.0 17.0 17.0 16.0 16.0 19.0 16.0 16.0 17.0 16.0 15.0 18.0 18.0 16.0 17.0 18.0 19.0 16.0 16.0 15.0 17.0 17.0 17.0 18.0 18.0 16.0 18.0 17.0 20.0 21.0 16.0 16.0 17.0 42.0 15.0 17.0 18.0 17.0 17.0 16.0 17.0 15.0 16.0 17.0 17.0 17.0 16.0 16.0 19.0 17.0 20.0 16.0 16.0 19.0 17.0 20.0 17.0 17.0 54.0 16.0 16.0 18.0 18.0 16.0 17.0 16.0 16.0 17.0 16.0 16.0 26.0 17.0 17.0 16.0 15.0 17.0 17.0 15.0 19.0 20.0 17.0 16.0 17.0 17.0 17.0 31.0 16.0 18.0 15.0 17.0 18.0 17.0 16.0 16.0 17.0 17.0 19.0 15.0 16.0 17.0 18.0 16.0 18.0 19.0 51.0 16.0 25.0 16.0 16.0 16.0 17.0 16.0 18.0 53.0 17.0 17.0 62.0 17.0 17.0 16.0 16.0 17.0 16.0 16.0 16.0 17.0 19.0 20.0 17.0 17.0 16.0
46 47 1 TRACE 134.0 46.0 35.0 33.0 96.0 42.0 33.0 94.0 45.0 34.0 42.0 91.0 35.0 33.0 87.0 38.0 35.0 62.0 50.0 33.0 66.0 61.0 34.0 79.0 38.0 52.0 80.0 63.0 33.0 90.0 34.0 36.0 91.0 41.0 34.0 98.0 37.0 33.0 92.0 52.0 35.0 37.0 69.0 36.0 33.0 92.0 87.0 35.0 33.0 94.0 39.0 33.0 97.0 45.0 40.0 33.0 128.0 45.0 33.0 38.0 66.0 44.0 33.0 147.0 40.0 67.0 106.0 63.0 134.0 107.0 57.0 72.0 34.0 95.0 71.0 34.0 90.0 38.0 71.0 123.0 39.0 33.0 76.0 34.0 33.0 125.0 45.0 34.0 32.0 101.0 37.0 34.0 74.0 65.0 33.0 97.0 37.0 33.0 66.0 68.0 33.0 86.0 38.0 34.0 117.0 66.0 61.0 72.0 36.0 33.0 89.0 56.0 65.0 73.0 103.0 63.0 78.0 34.0 33.0 92.0 48.0 34.0 33.0 93.0 62.0 66.0 71.0 67.0 33.0 69.0 68.0 69.0 104.0 37.0 33.0 126.0 44.0 36.0 67.0 95.0 51.0 66.0 38.0 96.0 34.0 35.0 84.0 66.0 44.0 69.0 37.0 64.0 128.0 45.0 33.0 39.0 81.0 42.0 33.0 72.0 35.0 34.0 122.0 36.0 67.0 113.0 60.0 36.0 87.0 66.0 33.0 90.0 37.0 106.0 65.0 34.0 47.0 94.0 45.0 38.0 34.0 96.0 42.0 188.0 111.0 45.0 35.0 34.0 110.0 37.0 34.0 93.0 46.0 34.0 34.0 128.0 61.0 45.0 104.0 58.0 35.0 33.0 96.0 41.0 67.0 91.0 51.0 33.0 33.0
47 48 1 TRACE 13.0 10.0 10.0 12.0 10.0 10.0 10.0 7.0 10.0 42.0 12.0 10.0 10.0 12.0 8.0 9.0 16.0 11.0 11.0 9.0 9.0 8.0 15.0 13.0 11.0 10.0 10.0 10.0 7.0 47.0 12.0 14.0 9.0 15.0 10.0 8.0 10.0 38.0 13.0 12.0 10.0 9.0 8.0 12.0 13.0 11.0 10.0 12.0 9.0 8.0 13.0 17.0 28.0 39.0 31.0 10.0 8.0 9.0 10.0 12.0 9.0 10.0 10.0 8.0 24.0 13.0 12.0 11.0 9.0 9.0 8.0 9.0 21.0 10.0 10.0 9.0 9.0 8.0 9.0 11.0 15.0 11.0 9.0 10.0 7.0 9.0 9.0 11.0 10.0 10.0 9.0 7.0 10.0 10.0 11.0 15.0 9.0 10.0 8.0 45.0 10.0 10.0 11.0 10.0 11.0 8.0 10.0 15.0 13.0 11.0 14.0 9.0 8.0 9.0 9.0 11.0 11.0 17.0 10.0 8.0 9.0 16.0 16.0 12.0 10.0 9.0 8.0 35.0 10.0 14.0 11.0 10.0 10.0 7.0 43.0 10.0 12.0 18.0 43.0 46.0 8.0 90.0 15.0 21.0 11.0 9.0 10.0 8.0 9.0 10.0 10.0 10.0 9.0 9.0 8.0 15.0 31.0 10.0 10.0 10.0 9.0 8.0 15.0 11.0 10.0 31.0 10.0 10.0 8.0 9.0 10.0 13.0 10.0 9.0 9.0 8.0 46.0 10.0 37.0 10.0 10.0 10.0 8.0 10.0 13.0 16.0 10.0 10.0 10.0 8.0 10.0 10.0 11.0 9.0 9.0 10.0 8.0 10.0 21.0 12.0 10.0 10.0 10.0 8.0 10.0 14.0 13.0 11.0 10.0 15.0 8.0 44.0 26.0 9.0 9.0 9.0 10.0 8.0 16.0 11.0 12.0 10.0 9.0 10.0 8.0 34.0 17.0 17.0 12.0 10.0 10.0 8.0 13.0 12.0 12.0 10.0 9.0 10.0 7.0 66.0 46.0 11.0 11.0 10.0 10.0 8.0 17.0 10.0 9.0 10.0 10.0 10.0 7.0 9.0 10.0 11.0 10.0 10.0 10.0 8.0 36.0 12.0 13.0 11.0 10.0 10.0 8.0 15.0 16.0 15.0 10.0 10.0 10.0 8.0 10.0 10.0 12.0 10.0 9.0 9.0 7.0 10.0 12.0 12.0 10.0 10.0 10.0 8.0 45.0 49.0 11.0 10.0 10.0 12.0 8.0 9.0 15.0 14.0 11.0 39.0 11.0 8.0 10.0 10.0 12.0 12.0 11.0 9.0 8.0 10.0 11.0 12.0 11.0 10.0 10.0 7.0 43.0 15.0 10.0 10.0 9.0 9.0 8.0 10.0 21.0 10.0 10.0 10.0 10.0 8.0 10.0 10.0 11.0 10.0 9.0 11.0 8.0 27.0 14.0 11.0 11.0 10.0 9.0 8.0 10.0 10.0 12.0 23.0 10.0 10.0 8.0 35.0 13.0 12.0 10.0 10.0 9.0 8.0 10.0 17.0 13.0 11.0 10.0 9.0 9.0 10.0 10.0 14.0 11.0 10.0 10.0 8.0 9.0 10.0 11.0 10.0 10.0 10.0 8.0 9.0 16.0 12.0 11.0 11.0 10.0 7.0 11.0 17.0 12.0 11.0 10.0 10.0 8.0 32.0 13.0 10.0 9.0 10.0 9.0 8.0 10.0 10.0 12.0 11.0 10.0 9.0 8.0 47.0 25.0 12.0 11.0 12.0 9.0 8.0 10.0 10.0 10.0 10.0 13.0 10.0 8.0 10.0 10.0 12.0 10.0 10.0 10.0 8.0 58.0 10.0 12.0 10.0 9.0 9.0 8.0 41.0 15.0 12.0 10.0 9.0 10.0 8.0 10.0 18.0 14.0 10.0 11.0 23.0 8.0 91.0 54.0 15.0 9.0 29.0 23.0 8.0 9.0 9.0 18.0 22.0 9.0 18.0 9.0 12.0 26.0 38.0 22.0 10.0 10.0 9.0 12.0 12.0 13.0 21.0 30.0 11.0 8.0 11.0 24.0 43.0 12.0 12.0 11.0 8.0 22.0 15.0 14.0 13.0 10.0 10.0 8.0 10.0 10.0 10.0 10.0 10.0 10.0 8.0 10.0 9.0 11.0 10.0 10.0 10.0 8.0 40.0 14.0 10.0 32.0 10.0 10.0 8.0 11.0 10.0 13.0 10.0 10.0 9.0 7.0 16.0 10.0 11.0 10.0 10.0 11.0 8.0 52.0 15.0 11.0 10.0 11.0 9.0 8.0 10.0 10.0 15.0 11.0 9.0 10.0 8.0 9.0 10.0 11.0 11.0 9.0 10.0 8.0 10.0 10.0 11.0 10.0 10.0 10.0 8.0 9.0 12.0 13.0 10.0 10.0 9.0 8.0 10.0 10.0 10.0 10.0 10.0 9.0 8.0 9.0 10.0 11.0 11.0 9.0 43.0 8.0 19.0 12.0 13.0 11.0 9.0 9.0 8.0 29.0 10.0 11.0 11.0 9.0 9.0 8.0 38.0 11.0 12.0 11.0 11.0 10.0 7.0 10.0 10.0 10.0 10.0 11.0 9.0 7.0 48.0 11.0 12.0 49.0 16.0 9.0 8.0 9.0 18.0 10.0 11.0 10.0 10.0 8.0 48.0 13.0 12.0 10.0 9.0 9.0 8.0 9.0 18.0 15.0 11.0 10.0 10.0 8.0 12.0 12.0 12.0 10.0 10.0 9.0 8.0 10.0 14.0 12.0 11.0 10.0 10.0 8.0 9.0 12.0 13.0 10.0 10.0 9.0 8.0 10.0 10.0 10.0 11.0 9.0 10.0 8.0 10.0 11.0 12.0 10.0 10.0 9.0 8.0 9.0 18.0 14.0 11.0 10.0 10.0 8.0 42.0 14.0 12.0 10.0 10.0 10.0 8.0 9.0 14.0 16.0 11.0 9.0 10.0 8.0 10.0 9.0 11.0 10.0 10.0 9.0 8.0 10.0 10.0 11.0 10.0 10.0 10.0 7.0 10.0 17.0 12.0 10.0 9.0 9.0 7.0 13.0 13.0 17.0 10.0 9.0 10.0 8.0 11.0 19.0 9.0 10.0 65.0 10.0 7.0 10.0 9.0 11.0 11.0 10.0 10.0 8.0 9.0 10.0 14.0 16.0 10.0 10.0 7.0 10.0 10.0 13.0 10.0 10.0 10.0 8.0 11.0 10.0 12.0 11.0 10.0 9.0 8.0 21.0 12.0 15.0 9.0 10.0 10.0 7.0 49.0 55.0 11.0 10.0 9.0 9.0 8.0 13.0 40.0 12.0 11.0 10.0 10.0 8.0 10.0 14.0 15.0 10.0 10.0 10.0 8.0 10.0 10.0 11.0 10.0 22.0 10.0 8.0 10.0 10.0 11.0 10.0 10.0 9.0 7.0 57.0 15.0 14.0 11.0 9.0 10.0 8.0 10.0 11.0 16.0 9.0 10.0 9.0 7.0 10.0 10.0 11.0 11.0 10.0 10.0 8.0 22.0 19.0 10.0 10.0 10.0 9.0 8.0 317.0 11.0 11.0 11.0 10.0 14.0 8.0 303.0 11.0 21.0 10.0 10.0 9.0 7.0 204.0 13.0 10.0 10.0 9.0 10.0 8.0 245.0 25.0 13.0 11.0 10.0 9.0 8.0 748.0 10.0 10.0 10.0 10.0 10.0 8.0 918.0 12.0 12.0 10.0 10.0 10.0 8.0 11.0 15.0 20.0 9.0 10.0 10.0 8.0 9.0 10.0 17.0 10.0 10.0 10.0 8.0 10.0 10.0 12.0 11.0 9.0 9.0 8.0 43.0 14.0 16.0 10.0 9.0 9.0 8.0 9.0 9.0 10.0 10.0 9.0 10.0 8.0 30.0 24.0 11.0 10.0 9.0 10.0 8.0 71.0 14.0 13.0 11.0 10.0 10.0 8.0 10.0 10.0 10.0 10.0 10.0 13.0 7.0 21.0 10.0 11.0 11.0 9.0 10.0 8.0 9.0 10.0 13.0 11.0 10.0 9.0 8.0 9.0 10.0 10.0 10.0 9.0 10.0 8.0 48.0 10.0 11.0 11.0 37.0 10.0 8.0 10.0 10.0 16.0 10.0 43.0 10.0 8.0 10.0 12.0 13.0 10.0 12.0 10.0 8.0 10.0 9.0 11.0 10.0 10.0 9.0 8.0 10.0 9.0 12.0 9.0 9.0 10.0 8.0 10.0 10.0 11.0 10.0 10.0 10.0 7.0 43.0 58.0 17.0 9.0 9.0 11.0 7.0 9.0 13.0 11.0 11.0 9.0 10.0 7.0 10.0 9.0 10.0 11.0 10.0 10.0 8.0 10.0 10.0 15.0 10.0 10.0 9.0 11.0 10.0 10.0 10.0 10.0 10.0 10.0 8.0 60.0 10.0 12.0 11.0 10.0 9.0 8.0 10.0 12.0 23.0 11.0 10.0 10.0 8.0 10.0 10.0 10.0 10.0 9.0 10.0 8.0 10.0 10.0 11.0 11.0 10.0 10.0 8.0 10.0 10.0 14.0 11.0 10.0 10.0 8.0 15.0 10.0 13.0 9.0 10.0 9.0 8.0 10.0 10.0 49.0 48.0 13.0 10.0 8.0 9.0 9.0 10.0 10.0 42.0 10.0 7.0 14.0 13.0 13.0 11.0 10.0 9.0 7.0 36.0 13.0 11.0 11.0 10.0 9.0 8.0 15.0 10.0 11.0 11.0 9.0 10.0 8.0 30.0 11.0 10.0 11.0 9.0 9.0 9.0 10.0 10.0 20.0 10.0 15.0 10.0 8.0 55.0 46.0 10.0 11.0 10.0 9.0 8.0 10.0 10.0 10.0 10.0 9.0 9.0 8.0 10.0 16.0 11.0 10.0 9.0 10.0 8.0 42.0 24.0 10.0 11.0 9.0 10.0 8.0 9.0 10.0 11.0 11.0 10.0 10.0 8.0 10.0 14.0 11.0 15.0 9.0 10.0 8.0 10.0 15.0 12.0 11.0 10.0 10.0 8.0 10.0 10.0 12.0 10.0 9.0 10.0 7.0 17.0 10.0 12.0 10.0 9.0 10.0 7.0 38.0 13.0 10.0 10.0 10.0 10.0 8.0 23.0 26.0 17.0 10.0 10.0 49.0 8.0 9.0 9.0 14.0 11.0 51.0 10.0 8.0 10.0 21.0 13.0 9.0 9.0 14.0 8.0 10.0 10.0 14.0 10.0 9.0 10.0 8.0 9.0 14.0 12.0 11.0 10.0 9.0 7.0 10.0 11.0 9.0 11.0 10.0 10.0 7.0 9.0 14.0 10.0 16.0 10.0 10.0 8.0 10.0 10.0 11.0 10.0 10.0 10.0 8.0 9.0 10.0 12.0 10.0 10.0 15.0 8.0 30.0 10.0 15.0 13.0 9.0 11.0 8.0 56.0 13.0 13.0 11.0 10.0 10.0 7.0 359.0 13.0 11.0 10.0 10.0 9.0 7.0 164.0 10.0 16.0 12.0 10.0 10.0 8.0 155.0 11.0 13.0 10.0 10.0 10.0 8.0 133.0 12.0 10.0 11.0 11.0 32.0 8.0 184.0 18.0 12.0 10.0 10.0 10.0 7.0 10.0 9.0 9.0 10.0 10.0 10.0 8.0 9.0 10.0 23.0 10.0 43.0 11.0 8.0 27.0 9.0 11.0 10.0 9.0 9.0 8.0 10.0 13.0 10.0 10.0 9.0 10.0 8.0 10.0 10.0 12.0 11.0 9.0 10.0 8.0 9.0 10.0 11.0 10.0 9.0 9.0 8.0 9.0 10.0 11.0 10.0 10.0 10.0 8.0 12.0 40.0 15.0 10.0 9.0 11.0 8.0 10.0 12.0 14.0 10.0 9.0 10.0 8.0 10.0 13.0 12.0 10.0 10.0 9.0 8.0 10.0 11.0 10.0 10.0 10.0 10.0 8.0 9.0 10.0 10.0 10.0 9.0 9.0 8.0 9.0 10.0 11.0 11.0 10.0 10.0 7.0 9.0 12.0 11.0 11.0 9.0 10.0 8.0 10.0 10.0 19.0 9.0 10.0 11.0 7.0 9.0 10.0 9.0 10.0 12.0 10.0 7.0 16.0 10.0 11.0 10.0 10.0 10.0 8.0 10.0 55.0 15.0 14.0 10.0 10.0 8.0 10.0 10.0 13.0 10.0 10.0 14.0 8.0 10.0 13.0 12.0 11.0 9.0 9.0 8.0 9.0 14.0 11.0 11.0 15.0 10.0 8.0 10.0 10.0 10.0 9.0 9.0 10.0 8.0 10.0 16.0 12.0 11.0 10.0 10.0 8.0 60.0 20.0 12.0 15.0 10.0 18.0 8.0 9.0 10.0 12.0 11.0 17.0 10.0
48 49 1 TRACE 15.0 21.0 17.0 13.0 13.0 13.0 12.0 8.0 13.0 14.0 13.0 12.0 13.0 1178.0 8.0 9.0 9.0 10.0 10.0 10.0 9.0 7.0 24.0 9.0 9.0 9.0 10.0 9.0 11.0 20.0 16.0 14.0 12.0 15.0 12.0 8.0 20.0 12.0 12.0 11.0 30.0 11.0 7.0 17.0 10.0 10.0 29.0 10.0 10.0 11.0 65.0 22.0 25.0 23.0 12.0 12.0 8.0 13.0 15.0 22.0 11.0 13.0 11.0 8.0 10.0 10.0 10.0 9.0 10.0 9.0 7.0 36.0 9.0 10.0 9.0 10.0 9.0 11.0 19.0 18.0 13.0 12.0 13.0 12.0 7.0 9.0 10.0 10.0 10.0 11.0 10.0 7.0 10.0 9.0 10.0 9.0 16.0 9.0 12.0 94.0 18.0 15.0 12.0 14.0 12.0 8.0 20.0 11.0 11.0 29.0 10.0 21.0 8.0 9.0 9.0 11.0 10.0 11.0 10.0 11.0 35.0 18.0 14.0 13.0 14.0 11.0 7.0 10.0 10.0 10.0 10.0 11.0 10.0 8.0 14.0 9.0 47.0 10.0 9.0 12.0 10.0 24.0 18.0 14.0 13.0 13.0 11.0 8.0 9.0 10.0 10.0 10.0 10.0 9.0 8.0 10.0 10.0 9.0 9.0 10.0 11.0 12.0 29.0 18.0 15.0 12.0 12.0 12.0 8.0 10.0 12.0 36.0 11.0 12.0 10.0 7.0 9.0 10.0 10.0 9.0 10.0 10.0 10.0 20.0 18.0 15.0 13.0 13.0 12.0 8.0 10.0 10.0 9.0 9.0 11.0 10.0 7.0 11.0 9.0 10.0 9.0 11.0 10.0 11.0 33.0 39.0 19.0 13.0 13.0 12.0 8.0 14.0 10.0 10.0 9.0 11.0 10.0 8.0 12.0 9.0 10.0 10.0 11.0 10.0 11.0 22.0 19.0 14.0 13.0 15.0 12.0 8.0 11.0 11.0 11.0 11.0 11.0 11.0 7.0 17.0 10.0 9.0 10.0 11.0 10.0 12.0 30.0 22.0 20.0 13.0 12.0 12.0 7.0 10.0 11.0 10.0 10.0 11.0 10.0 7.0 10.0 10.0 10.0 10.0 11.0 9.0 9.0 18.0 14.0 14.0 11.0 11.0 13.0 10.0 18.0 14.0 13.0 13.0 14.0 11.0 7.0 9.0 10.0 9.0 10.0 18.0 9.0 8.0 18.0 10.0 10.0 10.0 12.0 10.0 11.0 27.0 18.0 14.0 13.0 13.0 12.0 8.0 10.0 10.0 10.0 9.0 10.0 10.0 7.0 10.0 10.0 10.0 9.0 12.0 10.0 9.0 25.0 14.0 13.0 12.0 12.0 12.0 8.0 19.0 14.0 18.0 13.0 14.0 11.0 7.0 10.0 12.0 10.0 9.0 9.0 10.0 7.0 10.0 10.0 10.0 10.0 11.0 9.0 12.0 19.0 20.0 14.0 13.0 15.0 11.0 8.0 28.0 12.0 11.0 11.0 12.0 26.0 7.0 10.0 11.0 10.0 10.0 10.0 10.0 11.0 20.0 22.0 13.0 12.0 13.0 11.0 8.0 12.0 12.0 13.0 12.0 13.0 10.0 7.0 10.0 10.0 10.0 15.0 10.0 9.0 7.0 11.0 9.0 10.0 9.0 10.0 10.0 11.0 19.0 17.0 13.0 12.0 12.0 12.0 9.0 13.0 14.0 12.0 18.0 11.0 12.0 7.0 46.0 10.0 9.0 14.0 10.0 10.0 7.0 9.0 9.0 9.0 9.0 9.0 10.0 10.0 22.0 34.0 14.0 12.0 13.0 11.0 7.0 10.0 11.0 10.0 10.0 11.0 9.0 7.0 13.0 9.0 10.0 10.0 12.0 10.0 12.0 20.0 18.0 14.0 13.0 13.0 13.0 8.0 41.0 26.0 12.0 23.0 14.0 13.0 7.0 9.0 10.0 23.0 22.0 38.0 12.0 25.0 22.0 27.0 27.0 24.0 13.0 20.0 21.0 11.0 12.0 12.0 22.0 12.0 22.0 8.0 11.0 29.0 24.0 12.0 12.0 12.0 10.0 18.0 18.0 14.0 12.0 52.0 12.0 10.0 20.0 15.0 12.0 13.0 13.0 12.0 7.0 10.0 10.0 10.0 10.0 12.0 9.0 8.0 10.0 12.0 10.0 9.0 10.0 10.0 11.0 22.0 20.0 20.0 13.0 13.0 12.0 8.0 12.0 12.0 11.0 11.0 12.0 11.0 7.0 11.0 10.0 9.0 10.0 10.0 10.0 12.0 22.0 18.0 14.0 13.0 13.0 12.0 8.0 10.0 12.0 10.0 11.0 18.0 10.0 8.0 10.0 10.0 10.0 9.0 10.0 10.0 11.0 20.0 18.0 14.0 13.0 13.0 11.0 9.0 10.0 10.0 10.0 24.0 11.0 9.0 7.0 10.0 11.0 10.0 9.0 10.0 13.0 11.0 20.0 18.0 14.0 13.0 14.0 11.0 8.0 10.0 9.0 10.0 10.0 11.0 10.0 7.0 19.0 10.0 10.0 10.0 10.0 10.0 10.0 19.0 17.0 14.0 13.0 12.0 11.0 8.0 13.0 14.0 12.0 47.0 12.0 10.0 8.0 9.0 10.0 28.0 10.0 9.0 10.0 8.0 12.0 10.0 10.0 10.0 10.0 9.0 12.0 20.0 19.0 14.0 12.0 14.0 12.0 8.0 14.0 10.0 11.0 11.0 12.0 10.0 7.0 9.0 9.0 10.0 10.0 11.0 9.0 12.0 21.0 19.0 46.0 13.0 14.0 12.0 8.0 34.0 10.0 10.0 20.0 10.0 10.0 7.0 9.0 10.0 10.0 10.0 11.0 9.0 12.0 23.0 18.0 14.0 13.0 13.0 11.0 8.0 14.0 10.0 10.0 9.0 10.0 10.0 7.0 9.0 10.0 10.0 9.0 11.0 10.0 11.0 56.0 16.0 15.0 13.0 14.0 12.0 7.0 10.0 10.0 11.0 10.0 11.0 9.0 8.0 10.0 10.0 10.0 10.0 10.0 9.0 12.0 20.0 19.0 13.0 14.0 12.0 12.0 8.0 11.0 10.0 12.0 50.0 11.0 11.0 7.0 10.0 11.0 10.0 9.0 10.0 48.0 12.0 25.0 17.0 13.0 13.0 13.0 12.0 7.0 11.0 11.0 11.0 11.0 11.0 10.0 7.0 9.0 10.0 10.0 10.0 10.0 9.0 11.0 19.0 18.0 14.0 12.0 13.0 12.0 7.0 10.0 15.0 10.0 11.0 11.0 9.0 7.0 10.0 9.0 10.0 10.0 9.0 10.0 12.0 23.0 19.0 13.0 13.0 13.0 11.0 8.0 10.0 10.0 10.0 10.0 21.0 10.0 8.0 9.0 11.0 10.0 10.0 11.0 10.0 12.0 20.0 19.0 14.0 13.0 13.0 49.0 8.0 11.0 10.0 10.0 9.0 11.0 10.0 7.0 10.0 10.0 10.0 10.0 10.0 10.0 10.0 21.0 21.0 14.0 13.0 14.0 11.0 7.0 10.0 10.0 10.0 10.0 54.0 31.0 7.0 341.0 12.0 10.0 10.0 11.0 9.0 10.0 19.0 17.0 15.0 12.0 12.0 12.0 9.0 200.0 13.0 13.0 12.0 13.0 11.0 7.0 238.0 10.0 10.0 10.0 10.0 10.0 7.0 36.0 10.0 10.0 10.0 11.0 10.0 12.0 19.0 18.0 14.0 13.0 13.0 12.0 8.0 10.0 13.0 11.0 10.0 12.0 11.0 8.0 9.0 10.0 10.0 10.0 10.0 9.0 11.0 49.0 18.0 13.0 12.0 13.0 11.0 8.0 10.0 10.0 10.0 10.0 10.0 10.0 8.0 10.0 10.0 9.0 10.0 10.0 9.0 12.0 20.0 20.0 14.0 13.0 13.0 12.0 8.0 10.0 10.0 10.0 11.0 10.0 10.0 7.0 9.0 10.0 10.0 10.0 10.0 10.0 11.0 23.0 19.0 14.0 13.0 13.0 12.0 7.0 9.0 10.0 11.0 10.0 11.0 10.0 8.0 12.0 10.0 10.0 47.0 16.0 11.0 11.0 20.0 18.0 15.0 13.0 14.0 12.0 8.0 13.0 12.0 12.0 11.0 12.0 11.0 7.0 9.0 10.0 10.0 17.0 9.0 9.0 8.0 10.0 10.0 10.0 10.0 9.0 9.0 10.0 19.0 16.0 14.0 12.0 12.0 12.0 9.0 53.0 14.0 14.0 12.0 13.0 12.0 7.0 10.0 10.0 10.0 10.0 10.0 9.0 7.0 9.0 9.0 10.0 10.0 10.0 10.0 11.0 29.0 17.0 13.0 12.0 13.0 12.0 8.0 9.0 10.0 10.0 10.0 10.0 10.0 8.0 10.0 11.0 10.0 17.0 10.0 9.0 12.0 58.0 19.0 14.0 12.0 13.0 11.0 8.0 11.0 10.0 10.0 10.0 11.0 10.0 8.0 9.0 9.0 10.0 10.0 11.0 10.0 12.0 23.0 18.0 14.0 13.0 13.0 11.0 8.0 10.0 10.0 10.0 10.0 10.0 10.0 7.0 9.0 11.0 13.0 13.0 10.0 10.0 11.0 19.0 17.0 14.0 13.0 11.0 11.0 8.0 35.0 14.0 13.0 12.0 13.0 11.0 7.0 25.0 10.0 9.0 9.0 11.0 9.0 8.0 10.0 9.0 10.0 10.0 11.0 10.0 12.0 20.0 19.0 12.0 13.0 14.0 11.0 9.0 11.0 11.0 10.0 10.0 10.0 10.0 8.0 10.0 10.0 10.0 10.0 10.0 10.0 11.0 20.0 17.0 19.0 13.0 13.0 11.0 7.0 9.0 9.0 9.0 10.0 10.0 10.0 7.0 10.0 10.0 9.0 10.0 10.0 9.0 12.0 20.0 17.0 15.0 13.0 13.0 12.0 8.0 12.0 10.0 10.0 9.0 11.0 9.0 8.0 13.0 10.0 9.0 10.0 11.0 10.0 12.0 20.0 18.0 14.0 12.0 13.0 12.0 7.0 11.0 12.0 11.0 16.0 10.0 11.0 7.0 10.0 10.0 10.0 11.0 9.0 10.0 12.0 37.0 18.0 14.0 12.0 14.0 13.0 8.0 10.0 11.0 11.0 10.0 10.0 11.0 8.0 42.0 10.0 11.0 9.0 9.0 10.0 11.0 20.0 17.0 14.0 13.0 13.0 12.0 11.0 10.0 10.0 10.0 10.0 10.0 9.0 7.0 10.0 9.0 10.0 10.0 11.0 9.0 11.0 24.0 54.0 15.0 12.0 14.0 12.0 8.0 9.0 10.0 11.0 9.0 10.0 10.0 7.0 10.0 12.0 9.0 10.0 10.0 10.0 11.0 28.0 17.0 13.0 13.0 18.0 12.0 9.0 172.0 14.0 12.0 12.0 13.0 10.0 7.0 10.0 10.0 10.0 9.0 10.0 9.0 8.0 9.0 11.0 11.0 10.0 10.0 10.0 11.0 1028.0 21.0 48.0 14.0 20.0 12.0 8.0 159.0 11.0 10.0 14.0 12.0 11.0 7.0 10.0 11.0 10.0 9.0 10.0 9.0 11.0 20.0 26.0 14.0 13.0 12.0 12.0 9.0 13.0 15.0 13.0 12.0 16.0 12.0 7.0 9.0 9.0 10.0 9.0 10.0 9.0 7.0 15.0 10.0 9.0 9.0 10.0 10.0 12.0 20.0 17.0 14.0 13.0 12.0 12.0 8.0 49.0 11.0 11.0 10.0 10.0 10.0 8.0 10.0 12.0 10.0 10.0 10.0 10.0 11.0 19.0 63.0 16.0 13.0 13.0 12.0 8.0 20.0 42.0 12.0 13.0 11.0 11.0 8.0 22.0 10.0 10.0 10.0 9.0 9.0 8.0 9.0 14.0 9.0 10.0 10.0 10.0 12.0 19.0 19.0 13.0 13.0 13.0 11.0 8.0 12.0 11.0 11.0 19.0 11.0 10.0 7.0 38.0 10.0 10.0 10.0 10.0 9.0 9.0 17.0 12.0 14.0 11.0 11.0 13.0 13.0 20.0 18.0 13.0 12.0 12.0 12.0 7.0 10.0 10.0 10.0 10.0 18.0 10.0 7.0 10.0 50.0 10.0 10.0 10.0 10.0 11.0 30.0 19.0 14.0 13.0 48.0 13.0 8.0 12.0 12.0 11.0 11.0 12.0 11.0 7.0 16.0 10.0 10.0 10.0 10.0 10.0 10.0 16.0 13.0 13.0 12.0 11.0 12.0 9.0 19.0 15.0 13.0 12.0 14.0 11.0 7.0 39.0 11.0 10.0 10.0 10.0 9.0 7.0 10.0 10.0 10.0 10.0 10.0 10.0
49 47 1 TRACE 72.0 58.0 51.0 49.0 41.0 35.0 27.0 26.0 25.0 23.0 23.0 78.0 17.0 16.0 16.0 15.0 17.0 16.0 15.0 15.0 17.0 15.0 17.0 16.0 64.0 49.0 44.0 43.0 36.0 31.0 23.0 23.0 24.0 21.0 22.0 20.0 15.0 15.0 16.0 15.0 16.0 18.0 109.0 52.0 54.0 43.0 47.0 45.0 32.0 30.0 25.0 32.0 26.0 22.0 20.0 15.0 16.0 15.0 16.0 16.0 26.0 15.0 17.0 15.0 16.0 16.0 40.0 34.0 31.0 27.0 27.0 24.0 49.0 18.0 17.0 17.0 19.0 18.0 59.0 16.0 15.0 15.0 17.0 17.0 56.0 50.0 37.0 33.0 33.0 28.0 21.0 20.0 22.0 19.0 20.0 21.0 17.0 31.0 16.0 16.0 17.0 16.0 38.0 31.0 30.0 26.0 26.0 23.0 16.0 17.0 18.0 16.0 17.0 16.0 15.0 18.0 15.0 16.0 16.0 15.0 35.0 32.0 31.0 26.0 26.0 23.0 17.0 17.0 16.0 16.0 17.0 17.0 15.0 16.0 22.0 22.0 37.0 17.0 46.0 67.0 39.0 31.0 30.0 42.0 34.0 25.0 20.0 20.0 21.0 19.0 16.0 16.0 16.0 55.0 16.0 16.0 34.0 33.0 32.0 26.0 26.0 24.0 16.0 17.0 16.0 22.0 20.0 15.0 16.0 16.0 15.0 16.0 16.0 16.0 74.0 33.0 29.0 27.0 26.0 24.0 17.0 52.0 54.0 18.0 19.0 16.0 16.0 16.0 15.0 16.0 17.0 16.0 61.0 45.0 40.0 33.0 34.0 29.0 26.0 21.0 21.0 21.0 21.0 20.0 16.0 15.0 16.0 15.0 16.0 16.0 47.0 42.0 35.0 30.0 28.0 28.0 66.0 20.0 19.0 19.0 20.0 18.0 15.0 16.0 16.0 16.0 16.0 16.0 62.0 61.0 63.0 61.0 58.0 49.0 61.0 29.0 27.0 25.0 24.0 23.0 16.0 16.0 16.0 16.0 16.0 16.0 15.0 16.0 16.0 47.0 20.0 52.0 38.0 32.0 30.0 27.0 26.0 44.0 17.0 39.0 17.0 17.0 26.0 17.0 57.0 17.0 16.0 15.0 17.0 15.0 96.0 63.0 61.0 58.0 46.0 41.0 30.0 30.0 27.0 26.0 24.0 22.0 16.0 42.0 17.0 56.0 18.0 16.0 16.0 16.0 16.0 15.0 16.0 16.0 69.0 48.0 43.0 34.0 34.0 30.0 23.0 22.0 22.0 21.0 22.0 20.0 16.0 16.0 16.0 15.0 22.0 16.0 62.0 58.0 47.0 40.0 40.0 34.0 34.0 62.0 29.0 22.0 23.0 21.0 16.0 17.0 16.0 16.0 16.0 16.0 15.0 15.0 16.0 15.0 16.0 16.0 75.0 58.0 55.0 50.0 41.0 37.0 27.0 57.0 26.0 23.0 25.0 22.0 15.0 16.0 16.0 16.0 51.0 18.0 18.0 18.0 31.0 15.0 20.0 15.0 81.0 34.0 29.0 27.0 26.0 31.0 17.0 18.0 17.0 17.0 17.0 17.0 15.0 16.0 15.0 15.0 16.0 16.0 61.0 49.0 40.0 43.0 36.0 31.0 23.0 22.0 22.0 53.0 52.0 91.0 87.0 59.0 49.0 30.0 36.0 16.0 42.0 37.0 35.0 52.0 38.0 24.0 20.0 20.0 19.0 20.0 23.0 30.0 17.0 19.0 30.0 30.0 27.0 19.0 72.0 62.0 60.0 55.0 57.0 81.0 37.0 32.0 68.0 26.0 31.0 24.0 16.0 17.0 16.0 24.0 16.0 16.0 57.0 17.0 16.0 16.0 16.0 28.0 57.0 70.0 44.0 42.0 35.0 31.0 26.0 26.0 22.0 21.0 23.0 21.0 15.0 18.0 16.0 51.0 19.0 16.0 122.0 43.0 37.0 31.0 31.0 27.0 29.0 21.0 21.0 19.0 20.0 19.0 15.0 15.0 15.0 15.0 17.0 15.0 44.0 38.0 36.0 27.0 29.0 25.0 20.0 20.0 19.0 19.0 18.0 18.0 18.0 70.0 16.0 15.0 16.0 16.0 35.0 31.0 32.0 25.0 25.0 23.0 48.0 16.0 17.0 16.0 17.0 16.0 17.0 16.0 16.0 15.0 15.0 16.0 69.0 59.0 52.0 49.0 44.0 33.0 27.0 26.0 27.0 23.0 23.0 22.0 19.0 16.0 16.0 16.0 52.0 16.0 15.0 15.0 16.0 15.0 16.0 16.0 46.0 37.0 32.0 28.0 29.0 24.0 19.0 18.0 18.0 18.0 19.0 18.0 16.0 16.0 15.0 15.0 17.0 16.0 49.0 40.0 34.0 36.0 29.0 25.0 20.0 26.0 20.0 19.0 19.0 19.0 16.0 16.0 16.0 16.0 16.0 15.0 44.0 38.0 33.0 29.0 29.0 25.0 18.0 19.0 18.0 18.0 19.0 18.0 21.0 16.0 47.0 15.0 16.0 15.0 42.0 39.0 32.0 27.0 27.0 25.0 17.0 18.0 18.0 17.0 18.0 17.0 15.0 17.0 16.0 16.0 16.0 16.0 75.0 40.0 36.0 32.0 30.0 26.0 20.0 39.0 25.0 20.0 22.0 25.0 60.0 17.0 15.0 15.0 15.0 16.0 53.0 45.0 38.0 33.0 32.0 28.0 21.0 20.0 20.0 20.0 21.0 19.0 16.0 17.0 16.0 15.0 16.0 16.0 42.0 36.0 32.0 29.0 28.0 25.0 18.0 18.0 18.0 19.0 19.0 19.0 51.0 26.0 15.0 15.0 56.0 15.0 44.0 36.0 34.0 28.0 28.0 25.0 20.0 19.0 19.0 19.0 19.0 18.0 59.0 16.0 15.0 22.0 17.0 16.0 46.0 65.0 35.0 29.0 28.0 26.0 20.0 19.0 19.0 56.0 19.0 19.0 16.0 16.0 16.0 15.0 16.0 16.0 37.0 34.0 30.0 26.0 25.0 23.0 16.0 17.0 17.0 16.0 17.0 16.0 50.0 17.0 15.0 16.0 16.0 16.0 62.0 64.0 94.0 55.0 45.0 39.0 41.0 27.0 26.0 24.0 25.0 23.0 15.0 19.0 16.0 17.0 17.0 16.0 16.0 16.0 16.0 15.0 17.0 15.0 54.0 50.0 76.0 70.0 32.0 30.0 55.0 22.0 21.0 21.0 21.0 19.0 21.0 16.0 16.0 15.0 17.0 15.0 42.0 36.0 34.0 28.0 28.0 30.0 20.0 20.0 25.0 18.0 18.0 18.0 15.0 16.0 15.0 15.0 16.0 16.0 80.0 75.0 34.0 28.0 27.0 25.0 18.0 18.0 18.0 18.0 18.0 58.0 16.0 16.0 16.0 15.0 15.0 15.0 41.0 35.0 33.0 26.0 27.0 25.0 18.0 19.0 28.0 18.0 18.0 18.0 17.0 25.0 16.0 15.0 22.0 22.0 104.0 57.0 47.0 46.0 40.0 33.0 26.0 25.0 24.0 55.0 24.0 22.0 45.0 16.0 15.0 16.0 15.0 16.0 16.0 16.0 16.0 21.0 16.0 16.0 71.0 65.0 62.0 52.0 51.0 45.0 30.0 29.0 26.0 25.0 26.0 23.0 21.0 17.0 16.0 15.0 18.0 17.0 18.0 18.0 17.0 16.0 16.0 16.0 37.0 33.0 31.0 26.0 27.0 24.0 19.0 18.0 18.0 18.0 18.0 16.0 56.0 16.0 17.0 15.0 15.0 17.0 45.0 40.0 33.0 28.0 30.0 25.0 19.0 19.0 19.0 18.0 19.0 18.0 16.0 16.0 16.0 15.0 16.0 16.0 45.0 36.0 34.0 27.0 29.0 25.0 18.0 18.0 17.0 18.0 19.0 18.0 25.0 16.0 16.0 16.0 16.0 16.0 68.0 56.0 50.0 42.0 40.0 34.0 57.0 25.0 25.0 23.0 23.0 61.0 16.0 16.0 15.0 15.0 16.0 15.0 15.0 17.0 15.0 16.0 17.0 16.0 50.0 40.0 41.0 31.0 28.0 26.0 22.0 21.0 38.0 19.0 19.0 19.0 15.0 16.0 17.0 15.0 16.0 16.0 38.0 34.0 67.0 28.0 26.0 24.0 17.0 18.0 17.0 17.0 18.0 17.0 17.0 19.0 16.0 16.0 17.0 16.0 42.0 35.0 33.0 28.0 29.0 25.0 18.0 17.0 17.0 18.0 17.0 26.0 16.0 15.0 17.0 15.0 16.0 15.0 89.0 43.0 36.0 31.0 31.0 28.0 21.0 20.0 21.0 19.0 22.0 19.0 16.0 17.0 40.0 35.0 15.0 16.0 46.0 38.0 36.0 29.0 31.0 26.0 20.0 20.0 19.0 19.0 20.0 18.0 15.0 16.0 16.0 23.0 22.0 52.0 41.0 44.0 32.0 28.0 27.0 25.0 21.0 19.0 19.0 17.0 18.0 18.0 16.0 15.0 22.0 17.0 17.0 16.0 42.0 33.0 30.0 26.0 27.0 24.0 16.0 58.0 17.0 17.0 54.0 19.0 17.0 17.0 15.0 15.0 20.0 17.0 69.0 59.0 53.0 40.0 41.0 34.0 29.0 26.0 26.0 23.0 23.0 21.0 17.0 16.0 15.0 16.0 15.0 17.0 15.0 16.0 16.0 15.0 16.0 17.0 58.0 48.0 45.0 42.0 35.0 31.0 23.0 23.0 29.0 22.0 21.0 33.0 15.0 15.0 16.0 16.0 16.0 17.0 74.0 56.0 51.0 48.0 40.0 35.0 33.0 29.0 25.0 22.0 23.0 22.0 17.0 38.0 16.0 16.0 17.0 16.0 19.0 15.0 16.0 15.0 16.0 16.0 46.0 38.0 33.0 28.0 29.0 25.0 19.0 19.0 19.0 18.0 19.0 18.0 47.0 16.0 15.0 16.0 16.0 16.0 63.0 59.0 47.0 47.0 41.0 37.0 27.0 25.0 28.0 24.0 29.0 24.0 16.0 16.0 16.0 16.0 22.0 56.0 15.0 15.0 17.0 15.0 16.0 15.0 71.0 52.0 47.0 43.0 35.0 31.0 24.0 23.0 23.0 21.0 21.0 21.0 16.0 16.0 15.0 15.0 23.0 16.0 73.0 69.0 70.0 67.0 103.0 63.0 35.0 31.0 29.0 29.0 26.0 24.0 18.0 16.0 16.0 16.0 17.0 16.0 16.0 18.0 16.0 16.0 15.0 16.0 59.0 51.0 45.0 43.0 36.0 31.0 24.0 23.0 23.0 21.0 22.0 21.0 16.0 15.0 16.0 15.0 16.0 17.0 108.0 65.0 61.0 54.0 47.0 42.0 31.0 31.0 27.0 24.0 25.0 22.0 15.0 16.0 16.0 16.0 15.0 16.0 50.0 21.0 16.0 15.0 16.0 15.0
49 50 1 TRACE 132.0 2228.0 77.0 60.0 46.0 324.0 115.0 35.0 76.0 61.0 97.0 63.0 63.0 146.0 33.0 49.0 55.0 144.0 192.0 28.0 70.0 117.0 35.0 63.0 132.0 32.0 105.0 71.0 60.0 151.0 84.0 66.0 104.0 94.0 119.0 73.0 30.0 105.0 153.0 139.0 185.0 29.0 75.0 65.0 115.0 158.0 67.0 32.0 71.0 85.0 157.0 173.0 109.0 60.0 77.0 117.0 115.0 70.0 40.0 110.0 115.0 153.0 119.0 105.0 198.0 338.0 190.0 213.0 2080.0 48.0 75.0 143.0 93.0 125.0 56.0 38.0 56.0 191.0 116.0 113.0 70.0 45.0 206.0 91.0 119.0 65.0 31.0 30.0 147.0 164.0 110.0 89.0 125.0 37.0 147.0 181.0 85.0 32.0 155.0 115.0 111.0 90.0 29.0 85.0 125.0 73.0 111.0 36.0 31.0 101.0 314.0 41.0 44.0 53.0 39.0 667.0 112.0 70.0 86.0 111.0 80.0 32.0 35.0 38.0 77.0 153.0 131.0 34.0 178.0 133.0 47.0 111.0 137.0 29.0 43.0 35.0 86.0 44.0 38.0 135.0 30.0 142.0 88.0 77.0 54.0 104.0 102.0 92.0 59.0 149.0 158.0 30.0 81.0 38.0 71.0 136.0 91.0 92.0 87.0 42.0 106.0 82.0 131.0 136.0 69.0 38.0 132.0 232.0 101.0 94.0 29.0 84.0 99.0 66.0 70.0 93.0 352.0 119.0 76.0 69.0 74.0 62.0 32.0 96.0 111.0 44.0 51.0 108.0 125.0 98.0 84.0 245.0 31.0 107.0 112.0 128.0 107.0 68.0 99.0 70.0 82.0 31.0 114.0 177.0 102.0 118.0 108.0 33.0 77.0
50 25 1 TRACE 27.0 27.0 65.0 22.0 28.0 21.0 21.0 22.0 22.0 23.0 21.0 21.0 30.0 23.0 26.0 21.0 21.0 21.0 63.0 36.0 49.0 60.0 21.0 21.0 23.0 21.0 22.0 22.0 22.0 21.0 23.0 26.0 21.0 22.0 20.0 28.0 21.0 22.0 63.0 21.0 21.0 19.0 22.0 57.0 20.0 22.0 60.0 23.0 59.0 21.0 22.0 22.0 20.0 21.0 22.0 22.0 21.0 22.0 21.0 23.0 21.0
50 41 1 TRACE 9.0 10.0 8.0 8.0 9.0 9.0 9.0 8.0 8.0 8.0 8.0 9.0 8.0 8.0 9.0 8.0 9.0 8.0 9.0 8.0 8.0 8.0 9.0 8.0 8.0 8.0 8.0 8.0 11.0 8.0 9.0 9.0 8.0 8.0 8.0 9.0 9.0 8.0 8.0 9.0 8.0 9.0 8.0 9.0 8.0 10.0 9.0 9.0 9.0 8.0 8.0 8.0 8.0 9.0 8.0 8.0 9.0 8.0 8.0 9.0 8.0 8.0 8.0 8.0 9.0 8.0 9.0 9.0 8.0 8.0 9.0 8.0 9.0 9.0 8.0 9.0 9.0 8.0 8.0 8.0 8.0 8.0 8.0 8.0 9.0 8.0 8.0 9.0 9.0 8.0 8.0 8.0 9.0 8.0 8.0 8.0 9.0 8.0 8.0 8.0 8.0 8.0 8.0 11.0 8.0 8.0 9.0 8.0 8.0 9.0 9.0 11.0 8.0 8.0 8.0 8.0 8.0 9.0 8.0 8.0 9.0 8.0 9.0 9.0 8.0 8.0 8.0 8.0 9.0 8.0 8.0 8.0 9.0 8.0 9.0 8.0 8.0 9.0 8.0 8.0 8.0 8.0 8.0 8.0 8.0
50 51 1 TRACE 40.0 73.0 38.0
51 52 1 TRACE 167.0 164.0 148.0 152.0 170.0 147.0 181.0 143.0 199.0 147.0 164.0 144.0 154.0 147.0 161.0 147.0 170.0 162.0 183.0 292.0 262.0 159.0 147.0 146.0 147.0 158.0 161.0 151.0 146.0 158.0 144.0 145.0 154.0 144.0 571.0 171.0 166.0 161.0 170.0 157.0 145.0 157.0 149.0 145.0 156.0 157.0 161.0 149.0 146.0 152.0 145.0 161.0 234.0 166.0 156.0 182.0 385.0 145.0 153.0 146.0 161.0 155.0 180.0 187.0
52 53 1 TRACE 32.0 41.0 26.0 27.0 26.0 31.0 61.0 49.0 58.0 37.0 41.0 31.0 31.0 61.0 26.0 56.0 57.0 64.0 60.0 117.0 181.0 30.0 32.0 48.0 56.0 61.0 31.0 53.0 60.0 26.0 27.0 33.0 51.0 25.0 420.0 29.0 457.0 31.0 61.0 35.0 49.0 58.0 61.0 29.0 26.0 28.0 27.0 27.0 57.0 26.0 54.0 31.0 52.0 57.0 30.0 60.0 174.0 91.0 46.0 52.0 30.0 32.0 56.0 62.0
53 54 1 TRACE 29.0 13.0 19.0 22.0 43.0 22.0 20.0 19.0 17.0 21.0 20.0 20.0 19.0 18.0 18.0 21.0 20.0 19.0 20.0 53.0 22.0 22.0 56.0 18.0 16.0 17.0 16.0 21.0 18.0 18.0 19.0 22.0 17.0 17.0 417.0 16.0 1014.0 21.0 22.0 20.0 18.0 21.0 19.0 16.0 18.0 18.0 15.0 21.0 21.0 27.0 20.0 19.0 18.0 19.0 15.0 79.0 13.0 18.0 18.0 25.0 17.0 17.0 15.0 27.0
54 55 1 TRACE 44.0 19.0 19.0 21.0 20.0 20.0 42.0 19.0 44.0 19.0 40.0 19.0 19.0 46.0 20.0 19.0 30.0 19.0 31.0 30.0 20.0 31.0 19.0 20.0 19.0 19.0 19.0 19.0 19.0 19.0 20.0 20.0 19.0 19.0 18.0 31.0 20.0 19.0 35.0 19.0 20.0 20.0 19.0 21.0 19.0 19.0 19.0 20.0 19.0 21.0 20.0 20.0 21.0 20.0 20.0 19.0 18.0 41.0 20.0 20.0 21.0 20.0 29.0 31.0
55 56 1 TRACE 12.0 7.0 8.0 8.0 8.0 8.0 7.0 8.0 19.0 7.0 8.0 8.0 8.0 8.0 8.0 7.0 20.0 8.0 7.0 7.0 8.0 19.0 7.0 7.0 7.0 7.0 8.0 7.0 7.0 8.0 8.0 8.0 8.0 7.0 7.0 8.0 7.0 7.0 8.0 8.0 8.0 8.0 8.0 8.0 8.0 7.0 8.0 7.0 7.0 8.0 8.0 8.0 8.0 8.0 7.0 8.0 7.0 8.0 8.0 8.0 8.0 8.0 20.0 7.0
56 57 1 TRACE 11.0 8.0 7.0 8.0 7.0 7.0 8.0 7.0 7.0 7.0 7.0 7.0 7.0 7.0 8.0 8.0 10.0 7.0 8.0 8.0 8.0 8.0 8.0 8.0 8.0 8.0 8.0 8.0 8.0 7.0 7.0 8.0 7.0 8.0 6.0 7.0 7.0 8.0 7.0 7.0 8.0 7.0 7.0 7.0 7.0 8.0 7.0 8.0 8.0 7.0 10.0 7.0 18.0 7.0 7.0 7.0 7.0 7.0 7.0 7.0 7.0 8.0 7.0 19.0
57 58 1 TRACE 11.0 7.0 7.0 7.0 8.0 7.0 7.0 7.0 8.0 8.0 8.0 8.0 7.0 7.0 7.0 7.0 8.0 8.0 7.0 8.0 8.0 7.0 8.0 7.0 7.0 7.0 7.0 7.0 7.0 8.0 8.0 7.0 8.0 7.0 7.0 8.0 7.0 8.0 19.0 7.0 7.0 8.0 8.0 8.0 8.0 7.0 8.0 8.0 7.0 8.0 8.0 8.0 6.0 7.0 8.0 7.0 7.0 8.0 7.0 7.0 7.0 7.0 7.0 7.0
58 59 1 TRACE 16.0 8.0 8.0 9.0 9.0 8.0 8.0 8.0 8.0 8.0 8.0 8.0 8.0 8.0 8.0 8.0 8.0 8.0 8.0 7.0 9.0 8.0 8.0 8.0 8.0 8.0 8.0 8.0 8.0 9.0 9.0 8.0 8.0 8.0 7.0 8.0 8.0 8.0 8.0 8.0 8.0 8.0 9.0 9.0 8.0 8.0 9.0 8.0 8.0 8.0 8.0 8.0 8.0 8.0 8.0 7.0 8.0 9.0 8.0 8.0 8.0 8.0 8.0 18.0
59 60 1 TRACE 7.0 8.0 7.0 7.0 8.0 8.0 7.0 8.0 21.0 7.0 8.0 7.0 8.0 8.0 8.0 7.0 7.0 7.0 7.0 8.0 7.0 7.0 7.0 7.0 7.0 7.0 7.0 7.0 7.0 8.0 8.0 7.0 7.0 8.0 7.0 7.0 7.0 7.0 19.0 8.0 7.0 7.0 7.0 7.0 7.0 7.0 8.0 7.0 7.0 7.0 7.0 7.0 6.0 8.0 7.0 7.0 7.0 8.0 7.0 8.0 7.0 7.0 8.0 18.0
60 61 1 TRACE 8.0 8.0 8.0 8.0 7.0 8.0 7.0 8.0 7.0 8.0 8.0 7.0 8.0 8.0 7.0 7.0 8.0 7.0 8.0 7.0 8.0 8.0 7.0 8.0 7.0 7.0 7.0 8.0 7.0 7.0 7.0 8.0 7.0 8.0 18.0 7.0 19.0 7.0 19.0 7.0 8.0 7.0 7.0 7.0 7.0 8.0 7.0 7.0 7.0 7.0 8.0 7.0 19.0 8.0 7.0 6.0 19.0 7.0 8.0 8.0 8.0 7.0 8.0 8.0
61 62 1 TRACE 8.0 7.0 7.0 8.0 7.0 7.0 8.0 7.0 19.0 8.0 8.0 7.0 7.0 7.0 7.0 7.0 7.0 7.0 8.0 7.0 8.0 7.0 8.0 8.0 7.0 8.0 8.0 7.0 8.0 7.0 7.0 7.0 7.0 7.0 7.0 8.0 7.0 8.0 7.0 7.0 8.0 7.0 7.0 7.0 7.0 8.0 7.0 8.0 8.0 7.0 7.0 7.0 7.0 7.0 7.0 7.0 7.0 7.0 8.0 7.0 7.0 8.0 7.0 7.0
62 1 1 TRACE 24.0 22.0 22.0 22.0 22.0 22.0 23.0 22.0 26.0 22.0 25.0 22.0 22.0 24.0 22.0 22.0 26.0 22.0 23.0 34.0 36.0 22.0 22.0 22.0 23.0 56.0 22.0 22.0 22.0 22.0 34.0 21.0 23.0 22.0 28.0 21.0 23.0 22.0 23.0 32.0 23.0 26.0 22.0 23.0 22.0 21.0 34.0 22.0 22.0 23.0 26.0 27.0 21.0 21.0 21.0 24.0 22.0 22.0 21.0 21.0 22.0 22.0 22.0
