0 1 1 TRACE 1672856836986261.0
1 2 1 TRACE 11317.0 19.0 17.0 17.0 17.0 20.0 17.0 18.0 16.0 17.0 18.0 17.0 16.0 19.0 17.0 17.0 18.0 16.0 16.0 18.0 16.0 25.0 17.0 22.0 53.0 19.0 16.0 16.0 17.0 18.0 16.0 17.0 19.0 21.0 21.0 55.0 17.0 17.0 17.0 18.0 19.0 16.0 16.0 17.0 17.0 16.0 17.0 16.0 16.0 20.0 16.0 20.0 20.0 23.0 17.0 16.0 16.0 16.0 17.0 18.0 17.0 16.0 17.0 23.0
2 3 1 TRACE 761.0 75.0 49.0 27.0 77.0 36.0 43.0 27.0 76.0 27.0 26.0 27.0 84.0 110.0 35.0 59.0 27.0 64.0 110.0 27.0 55.0 28.0 98.0 27.0 31.0 27.0 51.0 38.0 33.0 28.0 68.0 56.0 27.0 38.0 43.0 66.0 27.0 96.0 83.0 60.0 26.0 39.0 44.0 112.0 51.0 42.0 28.0 42.0 54.0 28.0 40.0 64.0 27.0 130.0 27.0 48.0 28.0 83.0 27.0 58.0 67.0 170.0 27.0 42.0
3 4 1 TRACE 69.0 34.0 24.0 62.0 56.0 24.0 25.0 30.0 61.0 27.0 32.0 57.0 77.0 71.0 62.0 41.0 26.0 48.0 56.0 57.0 56.0 34.0 57.0 56.0 74.0 30.0 36.0 60.0 35.0 23.0 62.0 62.0 21.0 57.0 56.0 149.0 28.0 55.0 57.0 58.0 61.0 36.0 36.0 52.0 34.0 54.0 34.0 54.0 22.0 55.0 21.0 53.0 51.0 330.0 55.0 42.0 203.0 28.0 55.0 54.0 54.0 93.0 55.0 37.0
4 5 1 TRACE 23.0 30.0 23.0 15.0 32.0 14.0 19.0 20.0 15.0 15.0 15.0 17.0 25.0 15.0 15.0 17.0 15.0 15.0 25.0 20.0 16.0 15.0 15.0 15.0 26.0 15.0 15.0 15.0 15.0 15.0 14.0 15.0 14.0 15.0 15.0 46.0 15.0 15.0 21.0 17.0 15.0 15.0 27.0 27.0 49.0 21.0 14.0 15.0 16.0 21.0 162.0 55.0 19.0 36.0 15.0 15.0 14.0 14.0 17.0 15.0 14.0 26.0 15.0 15.0
5 6 1 TRACE 43.0 290.0 127.0 133.0 134.0 20.0 19.0 17.0 93.0 15.0 20.0 18.0 47.0 107.0 112.0 62.0 20.0 17.0 44.0 77.0 19.0 20.0 14.0 73.0 33.0 17.0 14.0 65.0 21.0 18.0 18.0 49.0 19.0 51.0 58.0 22.0 17.0 22.0 41.0 48.0 73.0 19.0 12.0 12.0 15.0 14.0 22.0 14.0 19.0 46.0 20.0 57.0 16.0 60.0 15.0 15.0 16.0 23.0 52.0 14.0 53.0 12.0 55.0 18.0
6 7 1 TRACE 22.0 11.0 122.0 119.0 15.0 133.0 113.0 144.0 153.0 129.0 146.0 233.0 122.0 22.0 43.0 131.0 27.0 19.0 17.0 20.0 13.0 19.0 8.0 18.0 16.0 12.0 14.0 19.0 14.0 14.0 19.0 19.0 15.0 19.0 9.0 16.0 12.0 8.0 8.0 8.0 13.0 14.0 8.0 9.0 13.0 19.0 13.0 20.0 16.0 12.0 9.0 13.0 14.0 17.0 13.0 14.0 12.0 8.0 40.0 8.0 11.0 14.0 8.0 16.0
7 8 1 TRACE 21.0 11.0 19.0 12.0 18.0 16.0 29.0 13.0 17.0 16.0 16.0 23.0 16.0 15.0 17.0 16.0 26.0 8.0 18.0 8.0 12.0 8.0 13.0 266.0 13.0 9.0 9.0 8.0 12.0 23.0 8.0 8.0 15.0 8.0 8.0 16.0 12.0 11.0 15.0 13.0 12.0 9.0 8.0 8.0 12.0 8.0 9.0 19.0 15.0 8.0 25.0 12.0 12.0 19.0 9.0 9.0 15.0 8.0 19.0 8.0 12.0 12.0 8.0 9.0
8 9 1 TRACE 21.0 9.0 17.0 12.0 39.0 17.0 17.0 13.0 12.0 19.0 16.0 16.0 16.0 16.0 16.0 15.0 14.0 8.0 18.0 9.0 11.0 10.0 16.0 36.0 15.0 10.0 7.0 11.0 11.0 19.0 9.0 15.0 25.0 8.0 8.0 18.0 11.0 17.0 16.0 17.0 12.0 7.0 8.0 15.0 11.0 13.0 9.0 8.0 14.0 8.0 27.0 11.0 11.0 15.0 8.0 12.0 17.0 11.0 42.0 11.0 14.0 7.0 42.0 8.0
9 10 1 TRACE 118.0 42.0 112.0 82.0 41.0 105.0 44.0 40.0 64.0 48.0 95.0 67.0 95.0 49.0 43.0 28.0 63.0 89.0 90.0 49.0 45.0 73.0 44.0 29.0 65.0 38.0 135.0 73.0 62.0 53.0 53.0 57.0 62.0 25.0 44.0 64.0 36.0 35.0 63.0 89.0 68.0 30.0 47.0 58.0 72.0 102.0 30.0 83.0 76.0 31.0 31.0 127.0 50.0 30.0 32.0 99.0 67.0 97.0 46.0 49.0 61.0 48.0 104.0 80.0
10 11 1 TRACE 36.0 70.0 17.0 32.0 18.0 47.0 16.0 18.0 22.0 21.0 17.0 17.0 34.0 59.0 19.0 18.0 19.0 17.0 30.0 18.0 20.0 19.0 16.0 16.0 20.0 16.0 29.0 18.0 19.0 16.0 17.0 25.0 22.0 16.0 16.0 33.0 16.0 17.0 15.0 18.0 45.0 16.0 17.0 27.0 20.0 23.0 16.0 17.0 53.0 16.0 273.0 21.0 21.0 20.0 16.0 17.0 17.0 16.0 18.0 16.0 18.0 21.0 18.0 51.0
11 12 1 TRACE 24.0 18.0 23.0 15.0 22.0 25.0 26.0 23.0 27.0 20.0 19.0 15.0 15.0 22.0 22.0 20.0 16.0 30.0 59.0 54.0 16.0 15.0 17.0 55.0 26.0 19.0 59.0 23.0 17.0 16.0 50.0 16.0 16.0 20.0 16.0 24.0 25.0 21.0 17.0 20.0 16.0 17.0 17.0 15.0 399.0 40.0 16.0 19.0 16.0 16.0 25.0 19.0 16.0 20.0 22.0 16.0 27.0 23.0 17.0 30.0 52.0 16.0 17.0 15.0
12 13 1 TRACE 24.0 31.0 17.0 24.0 25.0 16.0 26.0 24.0 41.0 43.0 18.0 20.0 16.0 53.0 24.0 29.0 20.0 16.0 38.0 17.0 18.0 17.0 17.0 33.0 16.0 50.0 27.0 16.0 19.0 18.0 16.0 18.0 51.0 22.0 21.0 33.0 30.0 18.0 57.0 15.0 18.0 17.0 29.0 15.0 211.0 21.0 44.0 29.0 20.0 19.0 139.0 18.0 17.0 17.0 19.0 17.0 38.0 26.0 52.0 16.0 72.0 54.0 18.0 24.0
13 14 1 TRACE 19.0 11.0 9.0 9.0 9.0 9.0 8.0 9.0 9.0 9.0 8.0 9.0 9.0 9.0 8.0 9.0 9.0 9.0 9.0 9.0 8.0 9.0 8.0 8.0 8.0 9.0 8.0 9.0 9.0 9.0 9.0 9.0 9.0 8.0 9.0 9.0 9.0 9.0 9.0 9.0 9.0 9.0 9.0 8.0 8.0 9.0 9.0 9.0 8.0 9.0 9.0 9.0 9.0 9.0 8.0 9.0 9.0 9.0 9.0 9.0 8.0 9.0 9.0 8.0
14 15 1 TRACE 22.0 17.0 16.0 14.0 15.0 14.0 14.0 15.0 15.0 15.0 15.0 14.0 20.0 15.0 15.0 14.0 14.0 15.0 14.0 33.0 14.0 15.0 14.0 14.0 16.0 14.0 15.0 14.0 15.0 15.0 15.0 15.0 14.0 14.0 15.0 14.0 15.0 15.0 15.0 16.0 24.0 14.0 15.0 15.0 14.0 14.0 19.0 15.0 14.0 15.0 15.0 15.0 38.0 14.0 14.0 15.0 14.0 15.0 15.0 25.0 14.0 14.0 15.0 14.0
15 16 1 TRACE 12.0 9.0 8.0 8.0 9.0 8.0 8.0 8.0 8.0 8.0 7.0 7.0 9.0 9.0 8.0 8.0 8.0 7.0 8.0 8.0 8.0 8.0 8.0 8.0 8.0 8.0 7.0 8.0 8.0 8.0 8.0 8.0 8.0 11.0 7.0 8.0 7.0 8.0 8.0 8.0 9.0 8.0 8.0 8.0 8.0 8.0 8.0 8.0 8.0 8.0 8.0 8.0 8.0 7.0 8.0 8.0 8.0 8.0 8.0 8.0 8.0 8.0 8.0 8.0
16 17 1 TRACE 59.0 75.0 31.0 36.0 31.0 65.0 42.0 49.0 40.0 110.0 42.0 38.0 27.0 115.0 61.0 55.0 48.0 29.0 88.0 35.0 33.0 77.0 31.0 65.0 40.0 66.0 80.0 70.0 46.0 44.0 41.0 69.0 62.0 29.0 31.0 59.0 29.0 43.0 60.0 67.0 37.0 38.0 49.0 34.0 85.0 63.0 88.0 38.0 35.0 82.0 207.0 60.0 64.0 60.0 31.0 34.0 71.0 49.0 65.0 31.0 60.0 31.0 107.0 56.0
17 18 1 TRACE 20.0 22.0 24.0 19.0 23.0 25.0 16.0 17.0 23.0 16.0 17.0 16.0 16.0 18.0 19.0 27.0 36.0 19.0 39.0 18.0 21.0 24.0 19.0 15.0 18.0 16.0 16.0 20.0 22.0 16.0 18.0 16.0 18.0 15.0 17.0 26.0 18.0 16.0 21.0 18.0 26.0 17.0 44.0 19.0 17.0 19.0 17.0 18.0 18.0 17.0 347.0 17.0 17.0 16.0 19.0 18.0 16.0 36.0 23.0 17.0 21.0 17.0 16.0 20.0
18 19 1 TRACE 25.0 52.0 18.0 20.0 25.0 46.0 21.0 16.0 20.0 26.0 26.0 45.0 32.0 46.0 44.0 16.0 17.0 15.0 16.0 16.0 36.0 42.0 22.0 51.0 17.0 24.0 19.0 16.0 15.0 26.0 16.0 16.0 17.0 15.0 54.0 46.0 16.0 19.0 15.0 25.0 21.0 15.0 22.0 16.0 21.0 17.0 38.0 21.0 17.0 27.0 209.0 57.0 22.0 37.0 33.0 16.0 55.0 19.0 16.0 18.0 34.0 24.0 47.0 16.0
19 20 1 TRACE 29.0 36.0 32.0 24.0 25.0 51.0 32.0 26.0 96.0 49.0 49.0 19.0 16.0 50.0 51.0 49.0 16.0 16.0 16.0 17.0 41.0 23.0 18.0 16.0 20.0 25.0 17.0 18.0 16.0 25.0 17.0 18.0 23.0 37.0 16.0 57.0 16.0 17.0 25.0 17.0 17.0 19.0 345.0 20.0 35.0 46.0 19.0 39.0 44.0 18.0 358.0 17.0 18.0 54.0 16.0 21.0 28.0 17.0 53.0 19.0 27.0 17.0 22.0 22.0
20 21 1 TRACE 19.0 27.0 15.0 15.0 15.0 15.0 14.0 15.0 15.0 15.0 15.0 15.0 18.0 16.0 14.0 15.0 14.0 14.0 14.0 15.0 14.0 15.0 15.0 15.0 15.0 14.0 15.0 15.0 14.0 15.0 14.0 14.0 14.0 15.0 14.0 14.0 14.0 14.0 15.0 14.0 15.0 14.0 15.0 15.0 14.0 15.0 14.0 15.0 15.0 14.0 14.0 14.0 14.0 14.0 15.0 15.0 14.0 15.0 16.0 14.0 15.0 14.0 14.0 15.0
21 22 1 TRACE 28.0 14.0 13.0 13.0 13.0 13.0 12.0 13.0 13.0 12.0 13.0 13.0 13.0 14.0 12.0 13.0 13.0 12.0 13.0 15.0 12.0 13.0 13.0 13.0 13.0 13.0 13.0 13.0 13.0 13.0 13.0 13.0 12.0 13.0 12.0 13.0 13.0 12.0 13.0 12.0 13.0 12.0 13.0 13.0 13.0 12.0 13.0 13.0 12.0 12.0 13.0 13.0 13.0 13.0 13.0 13.0 13.0 13.0 13.0 12.0 12.0 13.0 13.0 13.0
22 23 1 TRACE 49.0 72.0 37.0 44.0 35.0 75.0 30.0 23.0 60.0 57.0 34.0 35.0 24.0 62.0 56.0 62.0 23.0 26.0 63.0 54.0 34.0 63.0 51.0 57.0 26.0 62.0 39.0 62.0 32.0 24.0 43.0 63.0 63.0 26.0 61.0 66.0 63.0 27.0 59.0 63.0 55.0 112.0 77.0 25.0 35.0 43.0 41.0 43.0 24.0 27.0 36.0 63.0 62.0 59.0 63.0 28.0 61.0 61.0 54.0 26.0 65.0 36.0 27.0 61.0
23 24 1 TRACE 146.0 74.0 36.0 32.0 37.0 72.0 55.0 30.0 45.0 75.0 190.0 33.0 46.0 34.0 33.0 33.0 55.0 51.0 40.0 24.0 53.0 46.0 29.0 58.0 60.0 59.0 27.0 62.0 61.0 39.0 40.0 61.0 69.0 43.0 62.0 69.0 82.0 24.0 63.0 84.0 35.0 124.0 34.0 37.0 58.0 52.0 60.0 59.0 33.0 28.0 61.0 26.0 62.0 65.0 62.0 61.0 26.0 61.0 60.0 61.0 59.0 61.0 62.0 67.0
24 25 1 TRACE 158.0 30.0 21.0 34.0 21.0 19.0 23.0 23.0 25.0 34.0 21.0 26.0 62.0 21.0 23.0 22.0 23.0 26.0 33.0 20.0 21.0 22.0 25.0 25.0 21.0 57.0 26.0 64.0 57.0 22.0 22.0 20.0 24.0 22.0 24.0 19.0 57.0 26.0 19.0 20.0 22.0 58.0 21.0 21.0 20.0 20.0 25.0 24.0 24.0 20.0 25.0 22.0 55.0 21.0 25.0 19.0 22.0 19.0 26.0 20.0 58.0 19.0 55.0 20.0
25 26 1 TRACE 23.0 9.0 11.0 11.0 10.0 9.0 9.0 9.0 10.0 9.0 9.0 9.0 10.0 10.0 9.0 9.0 9.0 9.0 9.0 9.0 9.0 9.0 9.0 9.0 9.0 9.0 9.0 9.0 9.0 9.0 9.0 9.0 9.0 9.0 9.0 9.0 9.0 9.0 9.0 8.0 9.0 9.0 9.0 9.0 9.0 10.0 9.0 9.0 10.0 9.0 9.0 9.0 9.0 9.0 9.0 9.0 10.0 10.0 9.0 9.0 9.0 9.0 9.0 9.0 9.0 9.0 9.0 10.0 9.0 9.0 9.0 9.0 9.0 9.0 9.0 9.0 9.0 9.0 10.0 9.0 9.0 9.0 9.0 10.0 20.0 9.0 9.0 9.0 9.0 9.0 9.0 9.0 9.0 9.0 9.0 9.0 9.0 9.0 9.0 9.0 9.0 9.0 9.0 9.0 9.0 9.0 9.0 9.0 9.0 10.0 9.0 9.0 9.0 9.0 9.0 9.0 9.0 8.0 9.0 9.0 8.0 10.0 9.0 9.0 10.0 9.0 9.0 9.0 10.0 9.0 9.0 9.0 9.0 9.0 8.0 10.0 9.0 9.0 9.0 9.0 9.0 9.0 22.0 9.0 9.0 9.0 9.0 10.0 9.0 9.0 9.0 9.0 9.0 9.0 9.0 9.0 9.0 9.0 9.0 9.0 10.0 9.0 9.0 9.0 9.0 9.0 9.0 9.0 9.0 9.0 9.0 10.0 8.0 9.0 9.0 9.0 9.0 9.0 9.0 9.0 9.0 8.0 9.0 10.0 9.0 9.0 10.0 9.0 9.0
26 27 1 TRACE 11.0 7.0 9.0 8.0 8.0 8.0 7.0 8.0 8.0 7.0 7.0 7.0 8.0 8.0 8.0 7.0 7.0 7.0 7.0 8.0 8.0 8.0 8.0 7.0 7.0 7.0 7.0 8.0 10.0 8.0 7.0 8.0 7.0 7.0 7.0 8.0 7.0 7.0 8.0 7.0 8.0 7.0 7.0 7.0 7.0 8.0 8.0 8.0 8.0 7.0 7.0 7.0 8.0 8.0 7.0 7.0 8.0 7.0 8.0 7.0 8.0 7.0 7.0 7.0 7.0 8.0 7.0 7.0 8.0 8.0 8.0 8.0 8.0 8.0 8.0 8.0 7.0 7.0 7.0 8.0 7.0 7.0 8.0 7.0 7.0 8.0 7.0 7.0 8.0 7.0 7.0 8.0 7.0 8.0 8.0 7.0 7.0 7.0 7.0 7.0 8.0 7.0 7.0 7.0 8.0 7.0 7.0 7.0 7.0 8.0 8.0 7.0 7.0 7.0 7.0 8.0 8.0 7.0 8.0 7.0 7.0 7.0 8.0 7.0 8.0 7.0 8.0 8.0 7.0 7.0 8.0 7.0 7.0 7.0 7.0 8.0 8.0 8.0 7.0 8.0 7.0 8.0 8.0 7.0 7.0 7.0 8.0 7.0 8.0 7.0 7.0 7.0 8.0 8.0 8.0 8.0 7.0 7.0 7.0 7.0 7.0 7.0 8.0 7.0 8.0 7.0 8.0 7.0 8.0 7.0 8.0 8.0 7.0 8.0 7.0 7.0 8.0 7.0 7.0 7.0 7.0 7.0 8.0 7.0 7.0 10.0 7.0 7.0 7.0
27 28 1 TRACE 10.0 7.0 9.0 8.0 8.0 8.0 7.0 11.0 7.0 7.0 7.0 8.0 8.0 8.0 7.0 11.0 7.0 8.0 8.0 7.0 8.0 7.0 7.0 7.0 8.0 8.0 7.0 7.0 8.0 7.0 8.0 7.0 8.0 8.0 7.0 7.0 7.0 8.0 8.0 8.0 7.0 8.0 8.0 8.0 8.0 8.0 7.0 7.0 7.0 7.0 8.0 8.0 7.0 7.0 8.0 8.0 8.0 7.0 7.0 7.0 7.0 8.0 7.0 7.0 8.0 7.0 8.0 7.0 7.0 7.0 7.0 7.0 7.0 7.0 7.0 7.0 8.0 7.0 7.0 7.0 8.0 8.0 7.0 7.0 8.0 7.0 7.0 7.0 7.0 7.0 7.0 7.0 7.0 7.0 7.0 8.0 7.0 7.0 8.0 7.0 7.0 8.0 7.0 7.0 7.0 7.0 7.0 7.0 7.0 7.0 7.0 8.0 7.0 7.0 8.0 7.0 7.0 8.0 7.0 7.0 8.0 7.0 7.0 7.0 7.0 8.0 7.0 7.0 7.0 7.0 7.0 8.0 8.0 8.0 8.0 7.0 7.0 7.0 7.0 7.0 7.0 7.0 7.0 7.0 7.0 7.0 7.0 7.0 7.0 8.0 8.0 7.0 7.0 7.0 7.0 7.0 7.0 8.0 7.0 7.0 7.0 7.0 8.0 7.0 7.0 8.0 7.0 7.0 7.0 7.0 7.0 7.0 7.0 7.0 7.0 8.0 7.0 8.0 8.0 8.0 7.0 8.0 7.0 7.0 8.0 7.0 7.0 8.0 8.0
28 29 1 TRACE 12.0 8.0 11.0 10.0 10.0 8.0 8.0 9.0 8.0 8.0 8.0 8.0 9.0 9.0 8.0 10.0 8.0 8.0 8.0 8.0 9.0 8.0 9.0 8.0 8.0 8.0 8.0 8.0 9.0 8.0 8.0 8.0 8.0 8.0 8.0 9.0 8.0 8.0 9.0 8.0 8.0 8.0 8.0 8.0 8.0 9.0 9.0 9.0 9.0 8.0 8.0 8.0 9.0 9.0 8.0 8.0 9.0 8.0 8.0 8.0 9.0 8.0 8.0 8.0 8.0 9.0 8.0 8.0 9.0 8.0 8.0 8.0 8.0 8.0 9.0 8.0 8.0 8.0 8.0 9.0 8.0 8.0 9.0 9.0 8.0 8.0 8.0 8.0 8.0 8.0 8.0 9.0 8.0 8.0 8.0 8.0 8.0 8.0 8.0 8.0 9.0 8.0 8.0 8.0 8.0 8.0 8.0 8.0 8.0 9.0 9.0 8.0 8.0 8.0 8.0 9.0 8.0 8.0 9.0 8.0 8.0 8.0 8.0 8.0 9.0 8.0 9.0 8.0 8.0 8.0 9.0 8.0 8.0 8.0 8.0 9.0 8.0 8.0 8.0 8.0 8.0 9.0 8.0 9.0 8.0 8.0 8.0 8.0 9.0 8.0 8.0 8.0 9.0 8.0 9.0 8.0 8.0 8.0 8.0 8.0 8.0 8.0 8.0 9.0 8.0 8.0 8.0 8.0 9.0 8.0 9.0 9.0 8.0 8.0 8.0 8.0 8.0 8.0 8.0 9.0 9.0 8.0 9.0 8.0 8.0 9.0 8.0 8.0 8.0
29 30 1 TRACE 260.0 109.0 81.0 40.0 30.0 157.0 34.0 141.0 41.0 52.0 50.0 104.0 50.0 48.0 40.0 32.0 43.0 41.0 46.0 124.0 31.0 28.0 31.0 37.0 101.0 40.0 93.0 35.0 17.0 71.0 92.0 38.0 29.0 35.0 32.0 36.0 35.0 77.0 66.0 71.0 47.0 59.0 58.0 34.0 53.0 36.0 28.0 27.0 28.0 51.0 64.0 33.0 51.0 67.0 37.0 58.0 62.0 49.0 34.0 67.0 77.0 154.0 65.0 26.0 34.0 27.0 62.0 43.0 33.0 22.0 28.0 70.0 70.0 57.0 43.0 53.0 43.0 32.0 73.0 60.0 123.0 119.0 68.0 31.0 53.0 37.0 43.0 57.0 67.0 57.0 20.0 53.0 28.0 26.0 64.0 190.0 59.0 27.0 28.0 30.0 59.0 26.0 39.0 66.0 65.0 62.0 64.0 62.0 61.0 24.0 62.0 29.0 58.0 28.0 46.0 75.0 63.0 28.0 63.0 32.0 67.0 111.0 63.0 82.0 85.0 70.0 78.0 34.0 27.0 28.0 42.0 36.0 61.0 86.0 85.0 35.0 38.0 61.0 110.0 28.0 36.0 58.0 1782.0 26.0 65.0 72.0 94.0 80.0 27.0 34.0 43.0 64.0 69.0 39.0 66.0 37.0 67.0 68.0 65.0 66.0 61.0 35.0 27.0 61.0 32.0 56.0 39.0 48.0 66.0 62.0 29.0 25.0 77.0 28.0 64.0 59.0 67.0 32.0 36.0 25.0 76.0 73.0 40.0 31.0 59.0 17.0 64.0 59.0 61.0
30 31 1 TRACE 24.0 22.0 18.0 9.0 9.0 42.0 9.0 24.0 16.0 15.0 15.0 16.0 16.0 9.0 15.0 8.0 16.0 16.0 8.0 16.0 9.0 9.0 15.0 8.0 133.0 16.0 9.0 8.0 16.0 16.0 8.0 15.0 8.0 8.0 16.0 8.0 8.0 15.0 9.0 16.0 8.0 52.0 15.0 8.0 16.0 8.0 16.0 27.0 8.0 16.0 16.0 15.0 8.0 8.0 15.0 8.0 9.0 15.0 8.0 8.0 16.0 16.0 8.0 17.0 16.0 8.0 16.0 15.0 15.0 9.0 16.0 9.0 16.0 26.0 15.0 16.0 15.0 10.0 8.0 16.0 8.0 8.0 16.0 8.0 16.0 15.0 8.0 22.0 16.0 16.0 17.0 8.0 8.0 16.0 15.0 119.0 16.0 8.0 16.0 38.0 15.0 8.0 36.0 16.0 15.0 16.0 8.0 8.0 16.0 8.0 15.0 16.0 8.0 27.0 24.0 8.0 9.0 15.0 8.0 15.0 16.0 8.0 8.0 16.0 8.0 16.0 16.0 8.0 16.0 16.0 8.0 16.0 28.0 8.0 25.0 8.0 8.0 17.0 8.0 16.0 16.0 8.0 17.0 15.0 16.0 16.0 51.0 8.0 15.0 61.0 8.0 15.0 15.0 8.0 8.0 15.0 18.0 17.0 8.0 8.0 16.0 18.0 8.0 48.0 16.0 8.0 8.0 8.0 8.0 8.0 15.0 9.0 8.0 16.0 8.0 8.0 15.0 8.0 8.0 16.0 8.0 17.0 15.0 8.0 19.0 8.0 8.0 16.0 16.0
31 32 1 TRACE 18.0 26.0 26.0 14.0 14.0 14.0 12.0 14.0 13.0 13.0 14.0 14.0 13.0 14.0 13.0 12.0 12.0 13.0 13.0 13.0 13.0 13.0 12.0 12.0 13.0 13.0 13.0 13.0 13.0 12.0 12.0 12.0 12.0 12.0 12.0 12.0 13.0 12.0 13.0 12.0 12.0 13.0 13.0 12.0 12.0 12.0 13.0 12.0 12.0 12.0 13.0 12.0 12.0 12.0 13.0 13.0 13.0 14.0 12.0 12.0 12.0 13.0 12.0 12.0 12.0 13.0 13.0 13.0 13.0 13.0 12.0 12.0 13.0 13.0 13.0 12.0 12.0 15.0 17.0 13.0 13.0 12.0 12.0 12.0 12.0 12.0 13.0 13.0 12.0 12.0 13.0 13.0 12.0 12.0 13.0 13.0 13.0 13.0 13.0 13.0 12.0 13.0 12.0 13.0 13.0 13.0 12.0 13.0 12.0 13.0 13.0 13.0 12.0 13.0 12.0 13.0 12.0 13.0 12.0 13.0 12.0 12.0 12.0 13.0 12.0 13.0 13.0 12.0 12.0 12.0 12.0 13.0 13.0 13.0 14.0 12.0 12.0 14.0 12.0 12.0 13.0 13.0 13.0 13.0 12.0 13.0 13.0 17.0 13.0 13.0 12.0 12.0 13.0 12.0 12.0 13.0 13.0 13.0 12.0 12.0 13.0 13.0 13.0 12.0 13.0 12.0 13.0 12.0 12.0 12.0 12.0 13.0 12.0 13.0 12.0 12.0 12.0 13.0 12.0 12.0 12.0 13.0 13.0 12.0 13.0 12.0 12.0 12.0 13.0
32 33 1 TRACE 46.0 82.0 29.0 25.0 18.0 17.0 17.0 16.0 15.0 17.0 15.0 41.0 15.0 16.0 15.0 16.0 16.0 15.0 15.0 48.0 15.0 16.0 46.0 15.0 76.0 16.0 35.0 15.0 16.0 15.0 17.0 16.0 16.0 16.0 17.0 17.0 17.0 15.0 16.0 18.0 16.0 55.0 22.0 17.0 36.0 17.0 16.0 17.0 16.0 16.0 16.0 16.0 55.0 16.0 15.0 39.0 16.0 15.0 16.0 16.0 48.0 87.0 15.0 63.0 16.0 15.0 15.0 16.0 50.0 15.0 16.0 16.0 16.0 42.0 16.0 16.0 17.0 16.0 18.0 16.0 16.0 16.0 22.0 16.0 17.0 46.0 17.0 15.0 17.0 18.0 18.0 16.0 16.0 52.0 22.0 22.0 16.0 27.0 16.0 15.0 15.0 16.0 16.0 15.0 15.0 16.0 16.0 56.0 16.0 16.0 15.0 16.0 16.0 20.0 17.0 17.0 49.0 16.0 82.0 26.0 16.0 27.0 16.0 17.0 20.0 17.0 17.0 15.0 16.0 16.0 15.0 16.0 17.0 16.0 20.0 16.0 16.0 15.0 23.0 20.0 15.0 15.0 16.0 54.0 16.0 15.0 50.0 16.0 15.0 16.0 16.0 16.0 16.0 15.0 15.0 16.0 17.0 16.0 54.0 16.0 15.0 21.0 15.0 18.0 15.0 16.0 49.0 17.0 16.0 16.0 20.0 15.0 54.0 15.0 21.0 22.0 16.0 17.0 16.0 15.0 16.0 16.0 17.0 22.0 87.0 25.0 17.0 16.0 16.0
33 34 1 TRACE 173.0 127.0 64.0 26.0 66.0 108.0 43.0 61.0 85.0 31.0 81.0 28.0 38.0 34.0 41.0 80.0 31.0 207.0 25.0 29.0 42.0 52.0 316.0 45.0 40.0 60.0 22.0 80.0 36.0 51.0 54.0 95.0 67.0 111.0 55.0 26.0 58.0 30.0 75.0 28.0 67.0 29.0 27.0 35.0 56.0 36.0 50.0 60.0 31.0 32.0 65.0 65.0 60.0 40.0 88.0 22.0 47.0 98.0 28.0 108.0 30.0 28.0 25.0 127.0 43.0 50.0 44.0 91.0 27.0 46.0 46.0 85.0 50.0 142.0 30.0 154.0 31.0 23.0 64.0 74.0 55.0 20.0 27.0 83.0 48.0 28.0 69.0 204.0 127.0 86.0 28.0 33.0 76.0 30.0 52.0 35.0 81.0 36.0 189.0 47.0 30.0 55.0 55.0 64.0 42.0 63.0 74.0 24.0 554.0 40.0 217.0 41.0 33.0 475.0 31.0 27.0 20.0 33.0 22.0 29.0 277.0 227.0 42.0 144.0 123.0 900.0 556.0 49.0 66.0 85.0 44.0 69.0 27.0 65.0 28.0 149.0 38.0 114.0 63.0 111.0 29.0 41.0 3719.0 30.0 65.0 62.0 431.0 100.0 99.0 375.0 30.0 201.0 30.0 45.0 45.0 40.0 42.0 144.0 118.0 102.0 116.0 54.0 66.0 154.0 34.0 54.0 19.0 29.0 32.0 22.0 79.0 31.0 22.0 117.0 125.0 53.0 64.0 55.0 124.0 36.0 151.0 34.0 64.0 28.0 35.0 64.0 121.0 42.0 72.0
34 35 1 TRACE 52.0 1018.0 93.0 19.0 139.0 42.0 46.0 56.0 20.0 47.0 223.0 18.0 16.0 54.0 45.0 48.0 67.0 49.0 41.0 49.0 19.0 52.0 40.0 48.0 85.0 20.0 21.0 56.0 83.0 17.0 66.0 43.0 17.0 56.0 58.0 54.0 62.0 50.0 48.0 21.0 47.0 76.0 17.0 52.0 17.0 46.0 57.0 50.0 44.0 48.0 53.0 18.0 17.0 49.0 51.0 17.0 49.0 77.0 16.0 47.0 50.0 51.0 43.0 48.0 48.0 40.0 51.0 86.0 29.0 50.0 49.0 50.0 52.0 18.0 47.0 51.0 53.0 16.0 54.0 47.0 17.0 52.0 48.0 48.0 53.0 64.0 85.0 51.0 43.0 50.0 17.0 17.0 51.0 50.0 48.0 53.0 43.0 46.0 62.0 22.0 16.0 49.0 47.0 47.0 53.0 48.0 17.0 54.0 49.0 46.0 84.0 41.0 83.0 51.0 57.0 18.0 55.0 19.0 49.0 52.0 48.0 19.0 53.0 17.0 47.0 87.0 18.0 46.0 48.0 55.0 49.0 55.0 18.0 50.0 43.0 17.0 50.0 44.0 49.0 70.0 17.0 41.0 52.0 48.0 46.0 64.0 61.0 99.0 52.0 44.0 86.0 55.0 17.0 16.0 50.0 44.0 47.0 53.0 42.0 49.0 51.0 17.0 72.0 97.0 43.0 47.0 51.0 17.0 18.0 51.0 49.0 17.0 115.0 46.0 17.0 63.0 77.0 20.0 58.0 51.0 46.0 88.0 48.0 52.0 60.0 19.0 47.0 56.0 48.0
35 36 1 TRACE 59.0 102.0 73.0 18.0 60.0 40.0 44.0 50.0 17.0 44.0 309.0 16.0 14.0 48.0 42.0 46.0 48.0 46.0 45.0 47.0 15.0 48.0 39.0 47.0 49.0 16.0 15.0 54.0 105.0 14.0 60.0 40.0 15.0 52.0 45.0 22.0 80.0 46.0 46.0 15.0 45.0 44.0 16.0 48.0 16.0 44.0 49.0 44.0 52.0 44.0 49.0 18.0 15.0 47.0 52.0 53.0 44.0 95.0 16.0 42.0 45.0 53.0 39.0 56.0 45.0 40.0 50.0 45.0 16.0 48.0 44.0 45.0 56.0 23.0 48.0 51.0 17.0 22.0 55.0 43.0 15.0 49.0 44.0 44.0 53.0 41.0 49.0 87.0 39.0 46.0 27.0 14.0 47.0 45.0 44.0 53.0 42.0 45.0 51.0 70.0 15.0 47.0 52.0 42.0 50.0 42.0 15.0 51.0 66.0 44.0 50.0 39.0 46.0 86.0 41.0 15.0 48.0 18.0 44.0 63.0 52.0 15.0 57.0 15.0 43.0 92.0 15.0 46.0 48.0 55.0 46.0 50.0 16.0 52.0 40.0 15.0 190.0 42.0 49.0 72.0 15.0 41.0 415.0 43.0 43.0 55.0 77.0 114.0 61.0 42.0 46.0 61.0 15.0 16.0 89.0 39.0 46.0 53.0 41.0 45.0 54.0 15.0 64.0 56.0 46.0 50.0 47.0 14.0 15.0 46.0 109.0 15.0 116.0 43.0 16.0 89.0 41.0 15.0 48.0 43.0 44.0 48.0 45.0 53.0 54.0 16.0 50.0 97.0 44.0
36 37 1 TRACE 806.0 242.0 52.0 138.0 107.0 74.0 42.0 96.0 227.0 70.0 216.0 120.0 125.0 88.0 48.0 64.0 62.0 74.0 44.0 34.0 91.0 99.0 72.0 36.0 36.0 113.0 66.0 62.0 42.0 108.0 51.0 108.0 123.0 108.0 64.0 53.0 35.0 38.0 92.0 57.0 25.0 57.0 108.0 36.0 129.0 37.0 45.0 54.0 226.0 59.0 57.0 149.0 102.0 60.0 65.0 68.0 50.0 89.0 56.0 72.0 66.0 66.0 29.0 92.0 56.0 70.0 67.0 35.0 95.0 55.0 53.0 65.0 61.0 171.0 38.0 113.0 62.0 162.0 65.0 62.0 103.0 474.0 60.0 70.0 683.0 33.0 62.0 742.0 72.0 43.0 78.0 111.0 68.0 42.0 285.0 123.0 154.0 48.0 74.0 103.0 82.0 116.0 27.0 64.0 69.0 77.0 105.0 35.0 90.0 33.0 57.0 110.0 122.0 36.0 134.0 87.0 83.0 82.0 74.0 65.0 54.0 107.0 75.0 180.0 66.0 392.0 117.0 74.0 128.0 31.0 38.0 70.0 111.0 96.0 45.0 120.0 202.0 75.0 38.0 221.0 128.0 70.0 2388.0 60.0 67.0 61.0 573.0 30.0 137.0 1171.0 30.0 131.0 128.0 90.0 32.0 80.0 60.0 43.0 80.0 62.0 90.0 124.0 214.0 86.0 77.0 51.0 54.0 86.0 118.0 74.0 31.0 109.0 89.0 44.0 91.0 119.0 52.0 147.0 109.0 61.0 28.0 41.0 82.0 29.0 101.0 119.0 30.0 35.0 65.0
37 38 1 TRACE 137.0 86.0 73.0 40.0 46.0 49.0 82.0 50.0 63.0 33.0 37.0 54.0 53.0 47.0 63.0 50.0 41.0 38.0 38.0 41.0 26.0 38.0 52.0 48.0 58.0 49.0 32.0 31.0 34.0 62.0 40.0 69.0 34.0 50.0 68.0 34.0 34.0 40.0 34.0 29.0 72.0 66.0 33.0 40.0 65.0 62.0 41.0 46.0 64.0 47.0 35.0 44.0 30.0 37.0 58.0 72.0 42.0 69.0 28.0 65.0 32.0 39.0 38.0 31.0 66.0 67.0 39.0 38.0 37.0 37.0 32.0 77.0 72.0 39.0 37.0 68.0 70.0 130.0 46.0 32.0 35.0 37.0 33.0 29.0 39.0 64.0 48.0 67.0 75.0 34.0 34.0 65.0 58.0 35.0 270.0 33.0 101.0 63.0 66.0 128.0 36.0 44.0 292.0 40.0 34.0 63.0 30.0 65.0 135.0 35.0 195.0 68.0 72.0 39.0 53.0 63.0 88.0 55.0 66.0 39.0 71.0 62.0 65.0 109.0 63.0 340.0 68.0 64.0 66.0 34.0 69.0 42.0 46.0 74.0 89.0 65.0 37.0 52.0 36.0 66.0 66.0 33.0 1267.0 39.0 69.0 45.0 67.0 61.0 35.0 112.0 32.0 39.0 67.0 38.0 47.0 27.0 65.0 68.0 41.0 35.0 73.0 120.0 40.0 48.0 65.0 35.0 41.0 63.0 67.0 31.0 176.0 69.0 38.0 64.0 66.0 32.0 60.0 29.0 69.0 387.0 63.0 64.0 40.0 65.0 38.0 41.0 72.0 45.0 65.0
38 39 1 TRACE 110.0 92.0 54.0 45.0 31.0 34.0 70.0 54.0 34.0 32.0 71.0 23.0 45.0 32.0 67.0 66.0 47.0 32.0 81.0 63.0 32.0 51.0 42.0 51.0 27.0 76.0 63.0 29.0 60.0 78.0 30.0 62.0 36.0 45.0 81.0 24.0 26.0 37.0 37.0 44.0 60.0 28.0 29.0 64.0 61.0 61.0 46.0 25.0 63.0 28.0 33.0 26.0 22.0 59.0 30.0 64.0 30.0 31.0 33.0 62.0 33.0 65.0 27.0 63.0 74.0 61.0 32.0 31.0 53.0 42.0 30.0 30.0 34.0 61.0 56.0 29.0 64.0 33.0 34.0 64.0 24.0 61.0 68.0 63.0 62.0 29.0 55.0 30.0 64.0 33.0 50.0 23.0 26.0 61.0 204.0 39.0 31.0 63.0 27.0 61.0 30.0 46.0 40.0 53.0 46.0 39.0 43.0 24.0 192.0 36.0 250.0 63.0 87.0 38.0 25.0 65.0 57.0 25.0 63.0 59.0 51.0 66.0 64.0 57.0 62.0 62.0 62.0 52.0 43.0 75.0 22.0 29.0 53.0 66.0 82.0 61.0 63.0 31.0 72.0 69.0 70.0 360.0 866.0 31.0 68.0 35.0 202.0 66.0 63.0 58.0 37.0 68.0 64.0 31.0 26.0 30.0 223.0 58.0 53.0 84.0 40.0 56.0 42.0 63.0 69.0 62.0 45.0 61.0 62.0 34.0 33.0 45.0 60.0 56.0 64.0 62.0 25.0 26.0 58.0 191.0 25.0 63.0 61.0 68.0 49.0 64.0 64.0 30.0 38.0
39 25 1 TRACE 101.0 26.0 18.0 16.0 42.0 21.0 16.0 21.0 16.0 22.0 39.0 15.0 18.0 20.0 22.0 18.0 16.0 53.0 19.0 18.0 16.0 17.0 22.0 26.0 18.0 20.0 15.0 17.0 19.0 45.0 17.0 34.0 54.0 22.0 18.0 15.0 19.0 146.0 16.0 49.0 56.0 97.0 22.0 16.0 21.0 19.0 20.0 20.0 20.0 19.0 16.0 15.0 44.0 18.0 20.0 26.0 16.0 21.0 18.0 16.0 16.0 19.0
39 40 1 TRACE 132.0 34.0 48.0 65.0 39.0 69.0 59.0 113.0 49.0 35.0 38.0 78.0 100.0 34.0 27.0 67.0 66.0 55.0 30.0 40.0 28.0 64.0 44.0 64.0 34.0 66.0 68.0 34.0 32.0 38.0 43.0 34.0 62.0 36.0 57.0 55.0 37.0 105.0 81.0 30.0 32.0 58.0 223.0 64.0 27.0 38.0 61.0 64.0 233.0 38.0 63.0 68.0 60.0 33.0 62.0 66.0 40.0 41.0 65.0 63.0 59.0 83.0 61.0 94.0
39 51 1 TRACE 70.0 61.0 56.0 36.0 36.0 48.0 61.0 46.0 40.0 66.0 43.0 26.0 64.0 45.0 66.0 35.0 45.0 39.0 34.0 62.0 55.0 26.0 29.0 40.0 75.0 64.0 70.0 62.0 62.0 40.0 67.0 60.0 64.0 42.0 34.0 141.0 63.0 42.0 35.0 39.0 57.0 66.0 66.0 36.0 29.0 63.0 31.0 60.0 593.0 57.0 65.0 51.0 63.0 51.0 66.0 64.0 65.0 36.0 49.0 164.0 58.0 62.0 31.0
40 41 1 TRACE 29.0 15.0 14.0 14.0 14.0 12.0 13.0 14.0 14.0 12.0 13.0 13.0 12.0 13.0 16.0 12.0 14.0 14.0 16.0 15.0 16.0 12.0 13.0 13.0 14.0 14.0 13.0 13.0 15.0 14.0 12.0 16.0 14.0 14.0 13.0 13.0 12.0 14.0 14.0 13.0 14.0 13.0 14.0 13.0 15.0 13.0 13.0 14.0 14.0 14.0 15.0 16.0 14.0 14.0 15.0 19.0 12.0 13.0 13.0 13.0 14.0 13.0 14.0 14.0
41 42 1 TRACE 18.0 14.0 15.0 14.0 14.0 13.0 15.0 12.0 12.0 13.0 12.0 12.0 13.0 12.0 13.0 13.0 12.0 12.0 13.0 12.0 12.0 12.0 53.0 14.0 12.0 13.0 12.0 12.0 13.0 12.0 12.0 13.0 12.0 13.0 12.0 14.0 12.0 13.0 12.0 12.0 13.0 12.0 12.0 12.0 15.0 12.0 13.0 12.0 12.0 12.0 12.0 12.0 13.0 12.0 13.0 13.0 12.0 13.0 12.0 12.0 12.0 13.0 12.0 12.0 15.0 12.0 12.0 13.0 13.0 13.0 12.0 13.0 13.0 12.0 12.0 12.0 13.0 12.0 13.0 13.0 12.0 12.0 12.0 12.0 12.0 13.0 12.0 12.0 13.0 12.0 12.0 13.0 12.0 15.0 13.0 12.0 13.0 12.0 14.0 12.0 13.0 13.0 14.0 12.0 13.0 12.0 12.0 13.0 12.0 13.0 13.0 12.0 12.0 12.0 12.0 13.0 12.0 12.0 12.0 13.0 12.0 12.0 12.0 12.0 12.0 12.0 13.0 12.0 12.0 13.0 12.0 12.0 12.0 13.0 12.0 12.0 13.0 13.0 12.0 12.0 13.0 13.0 13.0 12.0 12.0 14.0 13.0 12.0 12.0 13.0 13.0 12.0 13.0 13.0 12.0 13.0 13.0 12.0 13.0 12.0 13.0 13.0 13.0 23.0 13.0 13.0 13.0 13.0 12.0 12.0 13.0 12.0 12.0 15.0 12.0 12.0 13.0 12.0 12.0 12.0 13.0 12.0 12.0 12.0 12.0 12.0 13.0 12.0 12.0 20.0 12.0 12.0 13.0 12.0 12.0 13.0 12.0 12.0 13.0 13.0 12.0
42 43 1 TRACE 17.0 13.0 13.0 13.0 13.0 13.0 12.0 12.0 12.0 11.0 12.0 12.0 11.0 12.0 11.0 12.0 11.0 11.0 12.0 12.0 11.0 12.0 14.0 11.0 11.0 12.0 12.0 12.0 11.0 11.0 12.0 12.0 12.0 12.0 12.0 12.0 12.0 11.0 12.0 12.0 13.0 12.0 11.0 11.0 12.0 11.0 12.0 12.0 11.0 11.0 11.0 12.0 12.0 12.0 12.0 11.0 11.0 11.0 12.0 12.0 12.0 12.0 12.0 11.0 12.0 11.0 12.0 12.0 12.0 12.0 12.0 12.0 12.0 12.0 12.0 12.0 11.0 12.0 12.0 12.0 24.0 11.0 12.0 12.0 12.0 12.0 11.0 11.0 12.0 12.0 11.0 12.0 12.0 12.0 12.0 11.0 12.0 11.0 13.0 12.0 11.0 12.0 12.0 11.0 11.0 12.0 11.0 11.0 11.0 12.0 12.0 11.0 12.0 12.0 12.0 11.0 12.0 12.0 12.0 12.0 12.0 12.0 12.0 12.0 11.0 12.0 11.0 12.0 11.0 11.0 12.0 16.0 12.0 12.0 11.0 11.0 12.0 11.0 12.0 12.0 11.0 12.0 12.0 11.0 11.0 11.0 12.0 12.0 12.0 11.0 11.0 11.0 12.0 12.0 11.0 11.0 11.0 11.0 11.0 13.0 12.0 12.0 12.0 11.0 11.0 11.0 12.0 11.0 11.0 17.0 11.0 11.0 11.0 13.0 12.0 11.0 11.0 11.0 12.0 11.0 11.0 12.0 11.0 12.0 12.0 11.0 12.0 11.0 11.0 12.0 12.0 12.0 12.0 11.0 11.0 12.0 11.0 11.0 12.0 12.0 11.0
43 44 1 TRACE 24.0 9.0 8.0 9.0 9.0 9.0 9.0 8.0 8.0 8.0 8.0 8.0 8.0 7.0 8.0 7.0 8.0 8.0 7.0 8.0 8.0 7.0 10.0 8.0 7.0 8.0 7.0 8.0 8.0 8.0 8.0 8.0 8.0 7.0 8.0 8.0 8.0 8.0 8.0 8.0 8.0 8.0 8.0 8.0 8.0 8.0 8.0 8.0 8.0 8.0 8.0 7.0 8.0 8.0 7.0 8.0 8.0 8.0 8.0 8.0 10.0 8.0 8.0 8.0 8.0 7.0 8.0 8.0 7.0 8.0 7.0 7.0 8.0 7.0 8.0 7.0 8.0 7.0 8.0 8.0 20.0 8.0 7.0 7.0 8.0 7.0 8.0 8.0 8.0 8.0 8.0 8.0 7.0 8.0 8.0 8.0 7.0 8.0 9.0 7.0 8.0 8.0 8.0 7.0 8.0 8.0 7.0 8.0 8.0 7.0 8.0 8.0 8.0 8.0 7.0 8.0 8.0 8.0 7.0 8.0 8.0 8.0 8.0 7.0 8.0 8.0 8.0 7.0 8.0 8.0 7.0 8.0 8.0 8.0 8.0 7.0 8.0 7.0 8.0 7.0 8.0 7.0 8.0 8.0 8.0 8.0 8.0 8.0 7.0 8.0 8.0 7.0 8.0 8.0 8.0 8.0 8.0 8.0 8.0 7.0 7.0 8.0 7.0 8.0 8.0 8.0 8.0 8.0 7.0 8.0 8.0 8.0 8.0 8.0 8.0 8.0 8.0 8.0 8.0 8.0 8.0 8.0 8.0 8.0 8.0 8.0 7.0 8.0 8.0 8.0 8.0 8.0 8.0 8.0 14.0 8.0 8.0 8.0 7.0 7.0 8.0
44 45 1 TRACE 190.0 79.0 36.0 30.0 349.0 32.0 21.0 22.0 29.0 60.0 32.0 20.0 22.0 36.0 50.0 41.0 27.0 96.0 23.0 69.0 27.0 20.0 60.0 51.0 55.0 48.0 21.0 58.0 31.0 21.0 40.0 93.0 33.0 74.0 34.0 20.0 84.0 78.0 37.0 28.0 23.0 21.0 25.0 34.0 30.0 53.0 20.0 20.0 23.0 20.0 32.0 20.0 27.0 21.0 65.0 24.0 64.0 22.0 23.0 92.0 18.0 57.0 28.0 61.0 32.0 24.0 125.0 60.0 19.0 58.0 26.0 65.0 49.0 61.0 51.0 20.0 22.0 55.0 55.0 264.0 502.0 31.0 55.0 38.0 55.0 21.0 22.0 23.0 23.0 19.0 35.0 62.0 58.0 20.0 27.0 23.0 61.0 60.0 17.0 57.0 52.0 22.0 20.0 95.0 55.0 58.0 20.0 95.0 30.0 23.0 89.0 20.0 20.0 56.0 22.0 20.0 33.0 22.0 21.0 94.0 25.0 53.0 27.0 19.0 95.0 38.0 22.0 58.0 70.0 25.0 21.0 16.0 34.0 74.0 160.0 132.0 33.0 57.0 57.0 23.0 46.0 88.0 30.0 21.0 126.0 64.0 25.0 57.0 21.0 21.0 89.0 56.0 216.0 22.0 126.0 59.0 22.0 19.0 62.0 378.0 40.0 22.0 91.0 156.0 22.0 27.0 64.0 55.0 56.0 16.0 62.0 21.0 32.0 20.0 61.0 54.0 27.0 20.0 36.0 93.0 30.0 36.0 45.0 70.0 20.0 56.0 32.0 57.0 24.0 57.0 19.0 39.0 19.0 21.0 37.0 21.0 22.0 23.0 45.0 45.0 58.0
45 46 1 TRACE 40.0 37.0 28.0 16.0 19.0 17.0 36.0 14.0 15.0 52.0 15.0 15.0 15.0 15.0 16.0 15.0 15.0 15.0 15.0 15.0 16.0 16.0 16.0 15.0 15.0 16.0 15.0 15.0 15.0 15.0 15.0 16.0 16.0 87.0 25.0 16.0 14.0 19.0 16.0 16.0 16.0 15.0 15.0 15.0 43.0 14.0 15.0 15.0 16.0 15.0 15.0 16.0 16.0 14.0 25.0 15.0 17.0 15.0 15.0 16.0 15.0 15.0 15.0 15.0 16.0 27.0 72.0 16.0 15.0 14.0 16.0 15.0 15.0 15.0 15.0 24.0 23.0 14.0 14.0 45.0 15.0 15.0 16.0 52.0 15.0 15.0 15.0 15.0 16.0 34.0 27.0 54.0 15.0 15.0 16.0 14.0 48.0 14.0 17.0 18.0 15.0 15.0 14.0 15.0 52.0 14.0 17.0 15.0 16.0 16.0 20.0 15.0 15.0 17.0 15.0 15.0 16.0 15.0 15.0 15.0 15.0 16.0 23.0 15.0 20.0 15.0 16.0 17.0 14.0 15.0 15.0 15.0 15.0 15.0 15.0 15.0 16.0 15.0 40.0 20.0 15.0 40.0 15.0 14.0 15.0 15.0 15.0 15.0 15.0 17.0 15.0 15.0 15.0 15.0 41.0 15.0 15.0 15.0 16.0 253.0 14.0 16.0 15.0 15.0 15.0 31.0 49.0 16.0 15.0 14.0 14.0 15.0 15.0 15.0 52.0 15.0 15.0 19.0 46.0 15.0 25.0 16.0 15.0 15.0 15.0 14.0 49.0 15.0 15.0 35.0 15.0 15.0 16.0 17.0 15.0 17.0 19.0 26.0 15.0 16.0 15.0
46 47 1 TRACE 50.0 1036.0 149.0 46.0 23.0 31.0 26.0 29.0 20.0 25.0 23.0 39.0 25.0 84.0 20.0 28.0 34.0 131.0 28.0 23.0 25.0 38.0 42.0 23.0 19.0 25.0 74.0 20.0 26.0 20.0 21.0 28.0 25.0 20.0 61.0 21.0 20.0 26.0 74.0 24.0 29.0 23.0 29.0 52.0 28.0 23.0 23.0 39.0 95.0 24.0 57.0 20.0 66.0 39.0 87.0 24.0 21.0 19.0 23.0 19.0 21.0 24.0 19.0 20.0 28.0 21.0 82.0 27.0 25.0 20.0 26.0 20.0 20.0 27.0 20.0 56.0 24.0 20.0 22.0 29.0 89.0 20.0 28.0 20.0 23.0 29.0 25.0 21.0 26.0 20.0 20.0 25.0 20.0 21.0 27.0 43.0 21.0 20.0 30.0 21.0 21.0 25.0 21.0 20.0 36.0 21.0 20.0 28.0 59.0 30.0 27.0 26.0 19.0 140.0 34.0 24.0 143.0 24.0 19.0 38.0 20.0 19.0 28.0 23.0 20.0 83.0 30.0 21.0 38.0 84.0 24.0 21.0 85.0 261.0 85.0 85.0 47.0 21.0 28.0 24.0 55.0 20.0 43.0 52.0 70.0 40.0 27.0 59.0 52.0 56.0 20.0 19.0 33.0 59.0 21.0 25.0 20.0 110.0 24.0 21.0 20.0 53.0 20.0 20.0 32.0 32.0 20.0 25.0 22.0 52.0 24.0 20.0 20.0 24.0 21.0 20.0 27.0 42.0 20.0 20.0 29.0 78.0 29.0 27.0 20.0 90.0 26.0 20.0 20.0 63.0 55.0 27.0 27.0 63.0 39.0 25.0 20.0 43.0 37.0 24.0 20.0
47 48 1 TRACE 16.0 13.0 53.0 11.0 10.0 11.0 16.0 48.0 9.0 12.0 366.0 22.0 12.0 49.0 11.0 11.0 8.0 11.0 10.0 31.0 47.0 17.0 11.0 12.0 9.0 15.0 13.0 11.0 11.0 17.0 11.0 10.0 8.0 184.0 13.0 13.0 11.0 11.0 11.0 11.0 8.0 26.0 16.0 16.0 16.0 13.0 10.0 11.0 8.0 10.0 12.0 9.0 10.0 21.0 10.0 10.0 8.0 9.0 11.0 10.0 10.0 12.0 10.0 11.0 7.0 9.0 30.0 10.0 10.0 13.0 10.0 10.0 8.0 9.0 41.0 31.0 10.0 10.0 11.0 10.0 8.0 18.0 11.0 10.0 10.0 12.0 11.0 10.0 8.0 10.0 9.0 13.0 12.0 28.0 10.0 9.0 8.0 25.0 10.0 10.0 9.0 13.0 11.0 9.0 8.0 10.0 10.0 10.0 10.0 10.0 55.0 9.0 8.0 9.0 9.0 10.0 9.0 13.0 10.0 9.0 7.0 10.0 19.0 10.0 10.0 13.0 10.0 10.0 8.0 18.0 11.0 10.0 10.0 13.0 11.0 9.0 8.0 10.0 10.0 11.0 10.0 14.0 10.0 10.0 8.0 9.0 10.0 10.0 10.0 13.0 10.0 10.0 7.0 9.0 9.0 65.0 10.0 12.0 10.0 11.0 8.0 33.0 11.0 10.0 9.0 13.0 12.0 9.0 8.0 9.0 9.0 11.0 24.0 15.0 11.0 10.0 9.0 21.0 10.0 10.0 15.0 9.0 10.0 10.0 8.0 9.0 10.0 11.0 9.0 14.0 10.0 9.0 8.0 9.0 10.0 10.0 9.0 13.0 11.0 10.0 8.0 9.0 9.0 9.0 10.0 10.0 11.0 10.0 8.0 16.0 21.0 12.0 9.0 13.0 11.0 15.0 7.0 9.0 9.0 9.0 10.0 14.0 10.0 10.0 8.0 10.0 10.0 10.0 10.0 13.0 10.0 10.0 8.0 9.0 10.0 11.0 10.0 34.0 11.0 9.0 8.0 9.0 36.0 12.0 10.0 12.0 11.0 10.0 8.0 10.0 17.0 10.0 10.0 15.0 11.0 9.0 8.0 9.0 10.0 13.0 9.0 31.0 11.0 9.0 8.0 29.0 9.0 12.0 9.0 15.0 11.0 9.0 8.0 10.0 10.0 11.0 9.0 13.0 11.0 9.0 7.0 41.0 18.0 10.0 18.0 11.0 11.0 10.0 8.0 9.0 10.0 10.0 10.0 12.0 11.0 10.0 8.0 20.0 14.0 13.0 10.0 13.0 10.0 10.0 8.0 10.0 9.0 18.0 10.0 24.0 11.0 11.0 8.0 9.0 9.0 11.0 10.0 18.0 78.0 9.0 8.0 64.0 12.0 11.0 11.0 10.0 34.0 10.0 8.0 34.0 11.0 10.0 10.0 14.0 11.0 9.0 8.0 9.0 10.0 10.0 9.0 13.0 10.0 10.0 8.0 23.0 10.0 12.0 9.0 13.0 10.0 9.0 8.0 94.0 14.0 11.0 9.0 13.0 10.0 9.0 8.0 10.0 11.0 23.0 9.0 13.0 11.0 10.0 8.0 9.0 16.0 13.0 9.0 13.0 11.0 10.0 8.0 9.0 12.0 12.0 10.0 35.0 11.0 10.0 8.0 11.0 16.0 10.0 9.0 13.0 10.0 9.0 8.0 9.0 11.0 9.0 9.0 86.0 49.0 10.0 8.0 9.0 9.0 13.0 10.0 13.0 10.0 10.0 8.0 32.0 11.0 10.0 9.0 13.0 10.0 9.0 8.0 38.0 11.0 9.0 10.0 13.0 11.0 9.0 8.0 10.0 10.0 10.0 10.0 12.0 11.0 10.0 8.0 10.0 9.0 12.0 10.0 10.0 10.0 9.0 8.0 10.0 10.0 9.0 9.0 12.0 12.0 10.0 8.0 9.0 10.0 11.0 10.0 12.0 15.0 9.0 8.0 49.0 60.0 47.0 10.0 14.0 11.0 9.0 8.0 10.0 29.0 15.0 9.0 19.0 12.0 9.0 8.0 74.0 11.0 12.0 10.0 14.0 11.0 10.0 8.0 9.0 10.0 10.0 10.0 27.0 66.0 10.0 8.0 9.0 10.0 10.0 9.0 14.0 10.0 9.0 7.0 37.0 10.0 10.0 9.0 14.0 11.0 10.0 8.0 9.0 13.0 12.0 9.0 14.0 11.0 9.0 8.0 9.0 9.0 12.0 9.0 56.0 14.0 44.0 8.0 19.0 9.0 25.0 11.0 11.0 10.0 9.0 8.0 9.0 10.0 12.0 10.0 13.0 10.0 10.0 8.0 10.0 10.0 10.0 9.0 12.0 10.0 9.0 8.0 9.0 9.0 12.0 9.0 18.0 12.0 10.0 7.0 19.0 39.0 12.0 10.0 15.0 12.0 9.0 8.0 10.0 18.0 17.0 10.0 10.0 10.0 10.0 8.0 9.0 11.0 13.0 9.0 14.0 11.0 9.0 8.0 9.0 10.0 10.0 10.0 14.0 11.0 11.0 8.0 37.0 9.0 9.0 10.0 14.0 10.0 11.0 8.0 9.0 9.0 11.0 9.0 12.0 11.0 9.0 8.0 10.0 11.0 10.0 17.0 10.0 10.0 9.0 8.0 9.0 10.0 9.0 10.0 16.0 11.0 9.0 7.0 33.0 9.0 12.0 9.0 17.0 10.0 9.0 8.0 10.0 9.0 12.0 9.0 16.0 11.0 10.0 8.0 9.0 10.0 36.0 9.0 16.0 11.0 10.0 8.0 23.0 10.0 13.0 9.0 10.0 9.0 9.0 8.0 32.0 63.0 78.0 12.0 11.0 10.0 9.0 8.0 42.0 10.0 9.0 9.0 13.0 10.0 10.0 8.0 9.0 15.0 10.0 9.0 12.0 10.0 10.0 8.0 9.0 17.0 11.0 9.0 13.0 10.0 9.0 7.0 10.0 90.0 16.0 10.0 12.0 10.0 9.0 8.0 9.0 10.0 10.0 10.0 13.0 11.0 9.0 7.0 56.0 9.0 11.0 9.0 14.0 11.0 9.0 7.0 49.0 11.0 9.0 10.0 13.0 16.0 10.0 8.0 9.0 10.0 9.0 10.0 52.0 13.0 10.0 8.0 9.0 11.0 10.0 9.0 13.0 10.0 9.0 8.0 9.0 10.0 10.0 9.0 15.0 12.0 9.0 8.0 9.0 17.0 12.0 9.0 16.0 11.0 10.0 7.0 9.0 9.0 14.0 9.0 16.0 11.0 10.0 7.0 10.0 13.0 44.0 12.0 10.0 52.0 10.0 7.0 10.0 48.0 11.0 9.0 10.0 26.0 9.0 7.0 10.0 10.0 10.0 10.0 14.0 11.0 9.0 7.0 9.0 15.0 12.0 9.0 14.0 9.0 10.0 21.0 12.0 10.0 10.0 10.0 13.0 10.0 11.0 7.0 47.0 14.0 10.0 9.0 13.0 11.0 10.0 8.0 38.0 10.0 12.0 9.0 13.0 10.0 10.0 8.0 14.0 50.0 9.0 10.0 9.0 10.0 10.0 8.0 9.0 23.0 13.0 9.0 13.0 11.0 9.0 8.0 9.0 10.0 14.0 9.0 14.0 10.0 10.0 7.0 9.0 10.0 11.0 9.0 21.0 11.0 9.0 7.0 9.0 9.0 12.0 9.0 15.0 11.0 10.0 10.0 10.0 9.0 10.0 9.0 12.0 11.0 10.0 7.0 10.0 10.0 11.0 10.0 12.0 10.0 9.0 8.0 10.0 9.0 12.0 10.0 14.0 11.0 9.0 8.0 9.0 11.0 14.0 9.0 15.0 11.0 9.0 8.0 10.0 9.0 9.0 9.0 13.0 11.0 9.0 8.0 42.0 36.0 11.0 47.0 10.0 11.0 9.0 7.0 9.0 10.0 13.0 9.0 10.0 10.0 9.0 8.0 10.0 13.0 11.0 19.0 13.0 11.0 9.0 7.0 10.0 14.0 10.0 9.0 14.0 11.0 10.0 8.0 24.0 9.0 11.0 50.0 56.0 9.0 9.0 8.0 20.0 28.0 10.0 9.0 10.0 11.0 9.0 8.0 10.0 10.0 10.0 9.0 13.0 10.0 9.0 8.0 9.0 19.0 10.0 10.0 15.0 9.0 11.0 8.0 9.0 10.0 10.0 10.0 16.0 12.0 45.0 8.0 45.0 9.0 11.0 10.0 21.0 10.0 16.0 8.0 12.0 11.0 10.0 10.0 13.0 10.0 9.0 8.0 10.0 11.0 11.0 11.0 11.0 10.0 10.0 8.0 30.0 10.0 10.0 9.0 12.0 10.0 45.0 8.0 10.0 9.0 10.0 9.0 12.0 11.0 9.0 7.0 9.0 10.0 13.0 9.0 13.0 10.0 9.0 8.0 10.0 19.0 14.0 9.0 12.0 13.0 15.0 7.0 10.0 11.0 24.0 10.0 13.0 10.0 9.0 8.0 21.0 17.0 11.0 9.0 14.0 11.0 10.0 8.0 9.0 10.0 10.0 10.0 12.0 10.0 9.0 8.0 28.0 9.0 17.0 10.0 13.0 11.0 9.0 8.0 16.0 10.0 10.0 9.0 13.0 10.0 10.0 8.0 10.0 21.0 38.0 12.0 9.0 48.0 10.0 7.0 10.0 10.0 10.0 10.0 10.0 11.0 10.0 8.0 11.0 10.0 11.0 9.0 15.0 10.0 10.0 7.0 10.0 10.0 10.0 9.0 13.0 11.0 9.0 8.0 9.0 44.0 17.0 10.0 12.0 13.0 10.0 7.0 9.0 9.0 11.0 9.0 14.0 10.0 9.0 7.0 11.0 11.0 10.0 10.0 13.0 11.0 10.0 8.0 9.0 9.0 10.0 9.0 13.0 11.0 10.0 8.0 9.0 14.0 12.0 46.0 54.0 9.0 9.0 8.0 9.0 14.0 9.0 9.0 13.0 11.0 10.0 8.0 22.0 11.0 10.0 9.0 11.0 10.0 43.0 8.0 9.0 10.0 13.0 9.0 13.0 10.0 9.0 8.0 13.0 10.0 10.0 9.0 14.0 11.0 9.0 8.0 10.0 10.0 11.0 9.0 11.0 10.0 10.0 8.0 10.0 10.0 20.0 10.0 12.0 11.0 9.0 7.0 9.0 9.0 14.0 10.0 14.0 10.0 9.0 8.0 9.0 10.0 13.0 10.0 9.0 10.0 10.0 8.0 11.0 10.0 11.0 9.0 16.0 56.0 10.0 8.0 10.0 10.0 14.0 9.0 16.0 12.0 9.0 7.0 9.0 10.0 10.0 9.0 14.0 10.0 10.0 8.0 36.0 10.0 11.0 9.0 19.0 10.0 10.0 8.0 12.0 10.0 10.0 10.0 12.0 10.0 9.0 8.0 10.0 14.0 10.0 10.0 12.0 10.0 9.0 8.0 9.0 10.0 10.0 10.0 12.0 10.0 9.0 8.0 10.0 13.0 12.0 10.0 13.0 10.0 10.0 8.0 907.0 15.0 11.0 9.0 13.0 11.0 10.0 8.0 9.0 10.0 11.0 9.0 15.0 11.0 9.0 8.0 152.0 11.0 10.0 9.0 16.0 10.0 9.0 8.0 21.0 10.0 13.0 9.0 16.0 12.0 10.0 8.0 9.0 41.0 12.0 10.0 15.0 11.0 10.0 8.0 45.0 49.0 11.0 15.0 9.0 10.0 10.0 8.0 111.0 11.0 9.0 10.0 14.0 11.0 9.0 7.0 54.0 12.0 11.0 10.0 10.0 10.0 15.0 8.0 57.0 10.0 11.0 10.0 13.0 10.0 9.0 8.0 10.0 10.0 13.0 10.0 36.0 12.0 10.0 7.0 10.0 10.0 10.0 17.0 12.0 11.0 9.0 8.0 9.0 10.0 14.0 10.0 16.0 12.0 10.0 8.0 9.0 10.0 14.0 10.0 11.0 12.0 10.0 8.0 15.0 49.0 17.0 39.0 10.0 10.0 27.0 8.0 9.0 10.0 14.0 9.0 35.0 11.0 10.0 8.0 9.0 10.0 11.0 10.0 15.0 11.0 10.0 8.0 9.0 9.0 11.0 10.0 14.0 11.0 9.0 7.0 9.0 10.0 12.0 13.0 16.0 12.0 10.0 8.0 9.0 10.0 10.0 9.0 13.0 10.0 9.0 8.0 75.0 10.0 11.0 9.0 11.0 10.0 9.0 8.0 10.0 9.0 11.0 10.0 16.0 12.0 10.0 7.0 9.0 10.0 11.0 10.0 13.0 10.0 9.0 8.0 9.0 15.0 10.0 10.0 14.0 10.0 9.0 8.0 34.0 10.0 9.0 9.0 12.0 10.0 10.0 7.0 11.0 15.0 10.0 10.0 24.0 10.0 9.0 7.0 9.0 26.0 14.0 9.0 13.0 11.0 10.0 7.0 9.0 10.0 10.0 10.0 11.0 10.0 10.0 8.0 9.0 16.0 10.0 10.0 12.0 11.0 9.0 8.0 9.0 10.0 12.0 9.0 13.0 10.0 10.0 8.0 10.0 9.0 9.0 9.0 13.0 10.0 10.0 7.0 45.0 39.0 10.0 10.0 13.0 10.0 10.0 8.0 9.0 9.0 12.0 9.0 13.0 10.0 9.0 8.0 9.0 9.0 9.0 15.0 10.0 10.0 9.0 8.0 10.0 10.0 12.0 10.0 11.0 10.0 10.0 8.0 9.0 9.0 47.0 9.0 42.0 12.0 9.0 8.0 14.0 60.0 9.0 10.0 14.0 11.0 10.0 8.0 9.0 10.0 14.0 10.0 21.0 12.0 16.0 8.0 9.0 10.0 12.0 9.0 13.0 9.0 10.0 8.0 10.0 78.0 11.0 10.0 10.0 10.0 10.0 8.0 9.0 10.0 13.0 9.0 15.0 11.0 9.0 8.0 10.0 9.0 12.0 9.0 16.0 9.0 9.0 8.0 17.0 10.0 10.0 9.0 15.0 11.0 10.0 7.0 9.0 10.0 14.0 10.0 54.0 13.0 10.0 7.0 9.0 45.0 13.0 10.0 13.0 18.0 11.0
48 49 1 TRACE 15.0 12.0 29.0 22.0 21.0 35.0 10.0 22.0 20.0 11.0 11.0 12.0 12.0 22.0 11.0 11.0 18.0 10.0 12.0 13.0 14.0 12.0 11.0 23.0 9.0 15.0 13.0 11.0 11.0 11.0 11.0 11.0 8.0 15.0 13.0 11.0 11.0 11.0 10.0 11.0 8.0 12.0 11.0 39.0 10.0 10.0 10.0 10.0 9.0 10.0 13.0 10.0 10.0 10.0 10.0 10.0 7.0 12.0 10.0 10.0 10.0 10.0 22.0 9.0 7.0 10.0 13.0 10.0 10.0 10.0 10.0 10.0 12.0 10.0 14.0 11.0 10.0 9.0 10.0 10.0 8.0 11.0 9.0 10.0 10.0 10.0 10.0 10.0 7.0 9.0 13.0 10.0 10.0 11.0 9.0 11.0 8.0 36.0 10.0 11.0 10.0 11.0 10.0 10.0 8.0 36.0 10.0 10.0 10.0 10.0 10.0 43.0 7.0 9.0 10.0 10.0 10.0 10.0 10.0 9.0 8.0 11.0 11.0 10.0 9.0 10.0 10.0 10.0 7.0 11.0 10.0 10.0 10.0 10.0 9.0 10.0 7.0 9.0 14.0 10.0 10.0 10.0 9.0 10.0 8.0 43.0 11.0 10.0 10.0 10.0 9.0 9.0 7.0 16.0 20.0 12.0 10.0 11.0 10.0 10.0 8.0 10.0 10.0 10.0 10.0 10.0 10.0 9.0 7.0 10.0 9.0 9.0 9.0 10.0 10.0 10.0 9.0 11.0 10.0 10.0 11.0 10.0 10.0 10.0 8.0 9.0 10.0 10.0 9.0 10.0 9.0 10.0 7.0 9.0 14.0 10.0 9.0 10.0 10.0 9.0 9.0 10.0 11.0 10.0 10.0 10.0 10.0 10.0 7.0 14.0 10.0 10.0 10.0 10.0 10.0 11.0 7.0 12.0 13.0 9.0 9.0 10.0 9.0 10.0 8.0 11.0 14.0 10.0 10.0 10.0 10.0 10.0 7.0 9.0 10.0 11.0 10.0 10.0 10.0 11.0 8.0 9.0 9.0 9.0 10.0 9.0 10.0 10.0 8.0 15.0 11.0 10.0 10.0 10.0 10.0 10.0 8.0 42.0 9.0 11.0 10.0 10.0 9.0 10.0 8.0 11.0 14.0 10.0 9.0 10.0 10.0 11.0 8.0 10.0 16.0 10.0 10.0 10.0 10.0 10.0 7.0 12.0 79.0 9.0 10.0 10.0 10.0 10.0 8.0 9.0 10.0 10.0 9.0 9.0 10.0 10.0 8.0 16.0 11.0 10.0 10.0 10.0 10.0 10.0 7.0 9.0 22.0 23.0 10.0 9.0 17.0 10.0 8.0 9.0 10.0 10.0 46.0 9.0 10.0 9.0 8.0 15.0 11.0 12.0 10.0 10.0 11.0 10.0 8.0 12.0 10.0 10.0 10.0 9.0 9.0 10.0 8.0 15.0 10.0 10.0 10.0 9.0 9.0 10.0 7.0 12.0 11.0 10.0 9.0 10.0 10.0 9.0 8.0 12.0 11.0 46.0 10.0 17.0 10.0 10.0 8.0 11.0 13.0 10.0 10.0 10.0 9.0 11.0 7.0 9.0 11.0 10.0 9.0 10.0 10.0 10.0 8.0 10.0 11.0 10.0 10.0 10.0 10.0 10.0 8.0 11.0 21.0 10.0 10.0 10.0 9.0 11.0 8.0 10.0 10.0 10.0 9.0 14.0 14.0 9.0 8.0 10.0 9.0 10.0 10.0 10.0 9.0 10.0 7.0 11.0 10.0 10.0 10.0 10.0 10.0 10.0 8.0 12.0 10.0 10.0 10.0 10.0 10.0 10.0 7.0 9.0 10.0 10.0 10.0 10.0 10.0 10.0 7.0 10.0 10.0 11.0 9.0 10.0 9.0 9.0 8.0 66.0 11.0 10.0 9.0 14.0 10.0 10.0 7.0 9.0 13.0 10.0 10.0 10.0 11.0 9.0 7.0 20.0 13.0 15.0 9.0 11.0 10.0 10.0 8.0 10.0 49.0 10.0 9.0 10.0 9.0 23.0 7.0 16.0 10.0 10.0 10.0 10.0 10.0 9.0 8.0 9.0 9.0 11.0 9.0 9.0 10.0 47.0 8.0 27.0 11.0 10.0 9.0 10.0 9.0 22.0 7.0 11.0 9.0 10.0 10.0 9.0 9.0 10.0 7.0 10.0 9.0 10.0 9.0 10.0 10.0 9.0 7.0 10.0 13.0 10.0 45.0 14.0 42.0 12.0 7.0 12.0 9.0 11.0 10.0 10.0 10.0 11.0 8.0 10.0 10.0 10.0 9.0 10.0 10.0 10.0 8.0 10.0 11.0 10.0 10.0 10.0 10.0 9.0 8.0 9.0 10.0 11.0 10.0 10.0 10.0 13.0 8.0 10.0 10.0 10.0 9.0 10.0 10.0 9.0 8.0 34.0 30.0 10.0 10.0 9.0 9.0 10.0 7.0 10.0 11.0 10.0 9.0 10.0 9.0 11.0 8.0 34.0 10.0 10.0 9.0 19.0 10.0 11.0 8.0 11.0 10.0 10.0 10.0 10.0 9.0 10.0 7.0 9.0 13.0 10.0 9.0 10.0 10.0 10.0 7.0 26.0 10.0 9.0 10.0 10.0 9.0 10.0 8.0 16.0 10.0 10.0 10.0 11.0 10.0 11.0 7.0 10.0 12.0 11.0 10.0 11.0 10.0 11.0 7.0 9.0 10.0 10.0 9.0 11.0 9.0 10.0 8.0 11.0 15.0 13.0 10.0 11.0 9.0 11.0 8.0 26.0 10.0 10.0 15.0 9.0 9.0 9.0 8.0 10.0 19.0 13.0 10.0 41.0 9.0 9.0 8.0 10.0 10.0 10.0 10.0 10.0 10.0 10.0 7.0 9.0 10.0 11.0 9.0 10.0 10.0 10.0 7.0 9.0 10.0 10.0 10.0 10.0 10.0 10.0 8.0 13.0 11.0 11.0 10.0 46.0 10.0 11.0 7.0 9.0 9.0 11.0 9.0 10.0 10.0 13.0 7.0 10.0 9.0 10.0 10.0 10.0 10.0 10.0 8.0 12.0 11.0 9.0 10.0 10.0 11.0 10.0 7.0 9.0 10.0 9.0 47.0 13.0 10.0 45.0 8.0 9.0 10.0 10.0 9.0 9.0 10.0 9.0 8.0 10.0 11.0 12.0 10.0 10.0 16.0 11.0 8.0 10.0 9.0 11.0 9.0 10.0 10.0 11.0 7.0 9.0 13.0 11.0 10.0 10.0 9.0 32.0 8.0 20.0 10.0 10.0 10.0 9.0 11.0 10.0 7.0 11.0 14.0 10.0 9.0 10.0 10.0 11.0 7.0 9.0 9.0 10.0 10.0 10.0 10.0 10.0 7.0 9.0 13.0 10.0 9.0 10.0 9.0 10.0 8.0 12.0 11.0 10.0 10.0 10.0 44.0 12.0 7.0 21.0 10.0 10.0 10.0 11.0 10.0 10.0 7.0 13.0 11.0 10.0 9.0 10.0 9.0 10.0 8.0 13.0 11.0 9.0 10.0 9.0 10.0 10.0 8.0 9.0 11.0 10.0 10.0 10.0 10.0 11.0 7.0 9.0 10.0 10.0 9.0 10.0 9.0 9.0 8.0 10.0 11.0 10.0 10.0 10.0 10.0 9.0 7.0 10.0 9.0 10.0 10.0 10.0 10.0 10.0 8.0 9.0 9.0 10.0 9.0 9.0 10.0 10.0 8.0 10.0 11.0 10.0 10.0 10.0 10.0 10.0 7.0 10.0 9.0 10.0 10.0 10.0 10.0 10.0 7.0 9.0 10.0 10.0 10.0 10.0 9.0 9.0 9.0 11.0 11.0 10.0 10.0 10.0 10.0 11.0 8.0 20.0 93.0 10.0 10.0 11.0 9.0 10.0 8.0 10.0 14.0 10.0 9.0 10.0 9.0 10.0 9.0 43.0 12.0 10.0 10.0 11.0 10.0 10.0 7.0 10.0 11.0 9.0 10.0 10.0 10.0 10.0 8.0 10.0 12.0 11.0 9.0 39.0 9.0 44.0 8.0 10.0 13.0 10.0 9.0 10.0 10.0 10.0 8.0 44.0 9.0 10.0 9.0 13.0 9.0 9.0 7.0 16.0 9.0 9.0 10.0 10.0 9.0 9.0 8.0 11.0 11.0 10.0 10.0 10.0 10.0 12.0 7.0 11.0 12.0 10.0 10.0 10.0 10.0 11.0 7.0 11.0 10.0 10.0 10.0 10.0 9.0 9.0 8.0 10.0 12.0 10.0 10.0 10.0 9.0 10.0 8.0 26.0 11.0 10.0 10.0 10.0 22.0 10.0 7.0 9.0 9.0 10.0 10.0 9.0 10.0 10.0 7.0 9.0 10.0 10.0 10.0 10.0 10.0 10.0 8.0 10.0 12.0 10.0 11.0 10.0 10.0 10.0 8.0 16.0 10.0 10.0 9.0 10.0 9.0 11.0 7.0 10.0 9.0 10.0 9.0 9.0 10.0 10.0 8.0 10.0 11.0 9.0 10.0 10.0 10.0 10.0 14.0 11.0 9.0 22.0 9.0 10.0 10.0 10.0 7.0 10.0 9.0 10.0 9.0 10.0 9.0 10.0 7.0 9.0 28.0 11.0 9.0 10.0 10.0 9.0 8.0 10.0 13.0 10.0 10.0 10.0 9.0 10.0 7.0 10.0 13.0 10.0 9.0 9.0 10.0 10.0 7.0 10.0 9.0 10.0 10.0 9.0 10.0 9.0 8.0 47.0 11.0 10.0 10.0 10.0 10.0 11.0 7.0 10.0 16.0 10.0 10.0 10.0 9.0 10.0 8.0 10.0 10.0 10.0 9.0 9.0 9.0 11.0 8.0 10.0 12.0 10.0 9.0 10.0 10.0 11.0 8.0 9.0 13.0 10.0 10.0 10.0 16.0 11.0 8.0 10.0 9.0 10.0 9.0 9.0 9.0 10.0 8.0 11.0 10.0 10.0 9.0 10.0 9.0 12.0 8.0 9.0 14.0 10.0 9.0 10.0 9.0 23.0 7.0 10.0 10.0 10.0 9.0 10.0 10.0 10.0 7.0 9.0 10.0 9.0 9.0 45.0 21.0 14.0 8.0 11.0 10.0 10.0 10.0 10.0 10.0 10.0 7.0 9.0 9.0 10.0 10.0 10.0 9.0 9.0 7.0 10.0 10.0 10.0 15.0 9.0 10.0 9.0 8.0 10.0 11.0 11.0 10.0 11.0 11.0 10.0 7.0 9.0 10.0 9.0 9.0 10.0 9.0 11.0 7.0 10.0 10.0 9.0 10.0 10.0 9.0 10.0 8.0 11.0 11.0 10.0 9.0 10.0 10.0 10.0 8.0 10.0 10.0 10.0 10.0 10.0 9.0 9.0 8.0 9.0 10.0 10.0 10.0 10.0 10.0 10.0 8.0 18.0 11.0 10.0 10.0 10.0 9.0 10.0 7.0 9.0 10.0 10.0 10.0 9.0 10.0 10.0 7.0 97.0 10.0 10.0 9.0 10.0 9.0 10.0 8.0 10.0 12.0 15.0 9.0 10.0 10.0 10.0 7.0 10.0 10.0 10.0 10.0 11.0 9.0 10.0 8.0 9.0 11.0 10.0 10.0 10.0 10.0 10.0 8.0 10.0 14.0 10.0 10.0 10.0 10.0 11.0 7.0 9.0 12.0 10.0 10.0 11.0 9.0 10.0 7.0 10.0 10.0 9.0 10.0 9.0 20.0 9.0 8.0 13.0 11.0 10.0 10.0 10.0 9.0 10.0 8.0 12.0 9.0 9.0 10.0 10.0 9.0 10.0 8.0 10.0 58.0 12.0 10.0 10.0 9.0 9.0 8.0 10.0 11.0 11.0 10.0 11.0 10.0 10.0 7.0 9.0 12.0 11.0 10.0 10.0 10.0 10.0 8.0 10.0 9.0 10.0 9.0 11.0 10.0 9.0 8.0 12.0 15.0 15.0 10.0 9.0 43.0 10.0 7.0 13.0 14.0 10.0 9.0 9.0 10.0 10.0 7.0 9.0 10.0 10.0 9.0 10.0 9.0 10.0 8.0 39.0 12.0 11.0 10.0 10.0 10.0 9.0 7.0 10.0 9.0 19.0 45.0 11.0 9.0 11.0 7.0 26.0 9.0 10.0 9.0 10.0 9.0 9.0 8.0 12.0 10.0 10.0 9.0 11.0 10.0 11.0 7.0 10.0 10.0 10.0 9.0 10.0 10.0 10.0 7.0 9.0 9.0 10.0 9.0 9.0 9.0 10.0 7.0 9.0 19.0 10.0 9.0 10.0 9.0 9.0 9.0 12.0 11.0 9.0 10.0 10.0 9.0 10.0 7.0 10.0 11.0 10.0 10.0 20.0 10.0 10.0 8.0 9.0 9.0 10.0 10.0 10.0 10.0 9.0 8.0 10.0 11.0 11.0 10.0 10.0 9.0 11.0 7.0 29.0 12.0 10.0 10.0 10.0 10.0 11.0 8.0 9.0 10.0 10.0 10.0 15.0 10.0 9.0 8.0 11.0 10.0 10.0 10.0 10.0 9.0 10.0 7.0 10.0 14.0 10.0 9.0 42.0 10.0 10.0 8.0 10.0 10.0 9.0 9.0 10.0 9.0 10.0 8.0 10.0 10.0 10.0 11.0 9.0 9.0 10.0 7.0 10.0 10.0 10.0 9.0 10.0 10.0 10.0 8.0 9.0 47.0 15.0 9.0 11.0 9.0 9.0 8.0 12.0 13.0 10.0 10.0 10.0 10.0 10.0 8.0 10.0 10.0 23.0 10.0 11.0 10.0 11.0 7.0 9.0 9.0 10.0 10.0 11.0 9.0 10.0 8.0 10.0 14.0 10.0 10.0 10.0 10.0 10.0 8.0 22.0 14.0 10.0 10.0 11.0 10.0 11.0 7.0 13.0 16.0 10.0 9.0 10.0 9.0 9.0 8.0 12.0 10.0 10.0 10.0 11.0 10.0 13.0 7.0 9.0 12.0 10.0 43.0 13.0 11.0 11.0 7.0 9.0 10.0 10.0 9.0 11.0 29.0 10.0
49 47 1 TRACE 56.0 22.0 16.0 25.0 25.0 14.0 44.0 1838.0 67.0 26.0 27.0 14.0 14.0 14.0 32.0 17.0 14.0 26.0 12.0 24.0 25.0 16.0 16.0 15.0 21.0 14.0 13.0 14.0 12.0 12.0 13.0 23.0 12.0 12.0 13.0 19.0 13.0 13.0 58.0 11.0 12.0 13.0 15.0 15.0 15.0 16.0 14.0 12.0 12.0 12.0 12.0 12.0 11.0 12.0 18.0 12.0 29.0 12.0 11.0 12.0 12.0 11.0 12.0 18.0 14.0 13.0 51.0 34.0 16.0 15.0 12.0 11.0 11.0 11.0 12.0 12.0 12.0 11.0 17.0 11.0 12.0 39.0 11.0 12.0 15.0 14.0 13.0 14.0 14.0 12.0 13.0 12.0 11.0 11.0 17.0 12.0 44.0 12.0 11.0 12.0 11.0 12.0 12.0 11.0 12.0 17.0 16.0 14.0 14.0 13.0 12.0 14.0 12.0 12.0 11.0 12.0 11.0 12.0 12.0 12.0 45.0 11.0 12.0 12.0 11.0 18.0 17.0 16.0 15.0 15.0 14.0 13.0 14.0 13.0 18.0 12.0 13.0 12.0 32.0 13.0 11.0 12.0 11.0 11.0 12.0 11.0 12.0 45.0 11.0 11.0 27.0 23.0 12.0 12.0 17.0 30.0 23.0 13.0 14.0 12.0 13.0 12.0 11.0 11.0 13.0 27.0 11.0 12.0 41.0 12.0 11.0 12.0 11.0 11.0 12.0 16.0 15.0 13.0 18.0 13.0 12.0 14.0 24.0 11.0 11.0 12.0 13.0 12.0 12.0 11.0 14.0 51.0 12.0 11.0 11.0 13.0 16.0 44.0 13.0 14.0 14.0 12.0 13.0 18.0 13.0 11.0 13.0 18.0 11.0 14.0 79.0 13.0 10.0 12.0 13.0 10.0 18.0 15.0 15.0 41.0 14.0 13.0 12.0 13.0 12.0 12.0 11.0 13.0 12.0 11.0 13.0 11.0 35.0 11.0 12.0 12.0 11.0 13.0 16.0 33.0 13.0 13.0 13.0 11.0 13.0 12.0 11.0 14.0 11.0 12.0 11.0 46.0 27.0 11.0 11.0 11.0 12.0 11.0 12.0 60.0 15.0 13.0 13.0 13.0 12.0 13.0 27.0 19.0 12.0 26.0 25.0 12.0 12.0 11.0 12.0 11.0 12.0 11.0 11.0 11.0 17.0 63.0 19.0 18.0 17.0 46.0 36.0 13.0 13.0 12.0 12.0 13.0 12.0 12.0 45.0 11.0 11.0 12.0 12.0 18.0 12.0 21.0 12.0 11.0 11.0 11.0 11.0 12.0 17.0 17.0 15.0 57.0 20.0 14.0 15.0 14.0 14.0 11.0 12.0 13.0 12.0 13.0 45.0 12.0 11.0 12.0 12.0 11.0 12.0 30.0 46.0 11.0 11.0 11.0 11.0 13.0 17.0 16.0 17.0 16.0 18.0 15.0 15.0 13.0 13.0 13.0 13.0 13.0 12.0 12.0 12.0 12.0 11.0 12.0 12.0 11.0 13.0 41.0 11.0 11.0 11.0 11.0 11.0 12.0 17.0 16.0 14.0 13.0 13.0 12.0 14.0 13.0 19.0 12.0 25.0 12.0 11.0 13.0 11.0 11.0 11.0 46.0 11.0 11.0 13.0 89.0 14.0 13.0 13.0 13.0 11.0 12.0 11.0 15.0 11.0 11.0 12.0 11.0 12.0 11.0 11.0 11.0 11.0 11.0 11.0 12.0 38.0 13.0 12.0 14.0 13.0 12.0 26.0 18.0 11.0 11.0 12.0 12.0 11.0 11.0 11.0 11.0 11.0 11.0 12.0 34.0 16.0 33.0 13.0 12.0 13.0 13.0 11.0 13.0 11.0 11.0 11.0 12.0 12.0 11.0 12.0 11.0 11.0 11.0 11.0 12.0 11.0 12.0 17.0 17.0 14.0 14.0 14.0 14.0 18.0 35.0 47.0 17.0 12.0 11.0 11.0 12.0 11.0 11.0 11.0 12.0 12.0 11.0 12.0 43.0 16.0 15.0 14.0 15.0 13.0 14.0 12.0 13.0 12.0 13.0 13.0 11.0 26.0 11.0 11.0 12.0 12.0 11.0 11.0 46.0 15.0 14.0 14.0 13.0 21.0 15.0 13.0 12.0 11.0 11.0 11.0 12.0 11.0 12.0 27.0 11.0 18.0 11.0 12.0 11.0 12.0 23.0 17.0 15.0 14.0 14.0 12.0 50.0 12.0 12.0 12.0 13.0 13.0 12.0 13.0 12.0 11.0 11.0 12.0 13.0 12.0 11.0 14.0 17.0 13.0 13.0 13.0 12.0 14.0 12.0 59.0 11.0 12.0 12.0 12.0 13.0 12.0 12.0 11.0 12.0 12.0 11.0 13.0 15.0 17.0 13.0 15.0 14.0 12.0 14.0 57.0 11.0 11.0 12.0 14.0 13.0 11.0 19.0 12.0 11.0 11.0 11.0 15.0 12.0 16.0 15.0 13.0 14.0 14.0 12.0 13.0 11.0 12.0 11.0 12.0 11.0 11.0 12.0 11.0 12.0 10.0 12.0 12.0 11.0 12.0 16.0 15.0 42.0 13.0 13.0 13.0 15.0 33.0 48.0 14.0 13.0 13.0 12.0 32.0 12.0 27.0 13.0 11.0 11.0 11.0 12.0 16.0 13.0 13.0 12.0 12.0 12.0 14.0 11.0 12.0 27.0 11.0 11.0 11.0 12.0 11.0 11.0 11.0 11.0 11.0 44.0 13.0 15.0 14.0 13.0 14.0 13.0 11.0 15.0 11.0 14.0 11.0 12.0 13.0 11.0 12.0 11.0 14.0 12.0 12.0 12.0 11.0 13.0 17.0 16.0 17.0 54.0 57.0 19.0 14.0 63.0 13.0 12.0 13.0 55.0 12.0 14.0 12.0 11.0 11.0 11.0 12.0 10.0 12.0 11.0 11.0 11.0 11.0 12.0 12.0 13.0 17.0 16.0 16.0 13.0 14.0 12.0 14.0 12.0 12.0 24.0 12.0 12.0 11.0 13.0 12.0 19.0 11.0 12.0 12.0 11.0 11.0 15.0 14.0 13.0 13.0 21.0 17.0 14.0 14.0 12.0 12.0 12.0 12.0 11.0 12.0 11.0 16.0 11.0 12.0 12.0 11.0 17.0 16.0 14.0 12.0 13.0 14.0 12.0 13.0 19.0 12.0 11.0 12.0 12.0 10.0 13.0 13.0 12.0 11.0 13.0 11.0 10.0 12.0 88.0 17.0 14.0 14.0 14.0 13.0 13.0 50.0 13.0 11.0 13.0 12.0 11.0 13.0 11.0 12.0 11.0 12.0 12.0 11.0 12.0 16.0 14.0 13.0 14.0 13.0 12.0 13.0 12.0 11.0 14.0 12.0 12.0 12.0 12.0 13.0 14.0 11.0 12.0 49.0 11.0 13.0 23.0 16.0 15.0 14.0 13.0 13.0 13.0 13.0 13.0 13.0 15.0 12.0 11.0 13.0 20.0 16.0 20.0 11.0 11.0 13.0 13.0 16.0 14.0 14.0 13.0 54.0 13.0 14.0 38.0 11.0 11.0 12.0 12.0 11.0 12.0 11.0 14.0 11.0 11.0 11.0 13.0 11.0 98.0 14.0 13.0 50.0 55.0 44.0 13.0 11.0 20.0 11.0 13.0 12.0 12.0 11.0 44.0 11.0 11.0 11.0 12.0 11.0 13.0 17.0 17.0 16.0 22.0 15.0 14.0 14.0 24.0 13.0 12.0 13.0 13.0 25.0 15.0 11.0 12.0 11.0 11.0 12.0 11.0 12.0 14.0 12.0 11.0 12.0 12.0 11.0 12.0 16.0 15.0 13.0 14.0 13.0 11.0 14.0 12.0 11.0 11.0 11.0 12.0 12.0 12.0 11.0 11.0 33.0 12.0 12.0 10.0 13.0 54.0 18.0 16.0 21.0 15.0 14.0 15.0 14.0 27.0 17.0 13.0 12.0 11.0 13.0 11.0 11.0 11.0 11.0 11.0 11.0 12.0 11.0 11.0 24.0 11.0 11.0 11.0 11.0 66.0 14.0 13.0 13.0 54.0 19.0 12.0 22.0 122.0 12.0 12.0 12.0 11.0 13.0 17.0 11.0 10.0 11.0 12.0 11.0 12.0 17.0 17.0 15.0 13.0 14.0 48.0 14.0 12.0 50.0 12.0 12.0 12.0 11.0 12.0 11.0 11.0 11.0 11.0 11.0 10.0 18.0 14.0 14.0 13.0 14.0 13.0 11.0 13.0 11.0 12.0 11.0 13.0 13.0 40.0 15.0 11.0 23.0 24.0 12.0 12.0 11.0 13.0 19.0 17.0 16.0 16.0 16.0 14.0 15.0 15.0 16.0 12.0 13.0 13.0 26.0 13.0 11.0 13.0 11.0 12.0 12.0 11.0 12.0 11.0 11.0 11.0 13.0 13.0 11.0 47.0 46.0 14.0 13.0 12.0 13.0 12.0 14.0 12.0 12.0 11.0 12.0 11.0 11.0 13.0 11.0 12.0 11.0 12.0 13.0 11.0 12.0 26.0 13.0 12.0 13.0 13.0 45.0 13.0 15.0 11.0 11.0 12.0 12.0 11.0 13.0 11.0 11.0 48.0 11.0 13.0 11.0 13.0 107.0 15.0 21.0 14.0 13.0 12.0 12.0 13.0 12.0 12.0 11.0 11.0 12.0 12.0 12.0 11.0 31.0 11.0 11.0 12.0 12.0 15.0 14.0 48.0 15.0 12.0 12.0 13.0 18.0 12.0 11.0 11.0 12.0 17.0 12.0 12.0 12.0 11.0 12.0 12.0 11.0 12.0 14.0 58.0 13.0 15.0 13.0 11.0 13.0 11.0 11.0 11.0 11.0 11.0 11.0 52.0 11.0 11.0 11.0 12.0 12.0 10.0 13.0 14.0 13.0 13.0 13.0 14.0 11.0 13.0 11.0 11.0 11.0 11.0 46.0 19.0 12.0 11.0 11.0 12.0 13.0 11.0 11.0 14.0 33.0 15.0 13.0 18.0 14.0 12.0 14.0 12.0 12.0 11.0 12.0 13.0 11.0 13.0 11.0 11.0 11.0 11.0 18.0 25.0 12.0 14.0 14.0 13.0 14.0 12.0 12.0 14.0 12.0 13.0 11.0 13.0 12.0 11.0 13.0 11.0 12.0 11.0 19.0 11.0 15.0 11.0 13.0 16.0 13.0 48.0 17.0 15.0 12.0 11.0 14.0 11.0 13.0 12.0 11.0 13.0 11.0 51.0 11.0 13.0 12.0 11.0 13.0 19.0 18.0 13.0 14.0 13.0 11.0 14.0 11.0 12.0 11.0 12.0 11.0 10.0 11.0 13.0 11.0 11.0 11.0 12.0 11.0 13.0 17.0 54.0 19.0 16.0 15.0 14.0 15.0 13.0 13.0 12.0 19.0 13.0 11.0 12.0 11.0 12.0 10.0 12.0 12.0 11.0 12.0 11.0 12.0 13.0 11.0 11.0 11.0 12.0 17.0 16.0 15.0 14.0 15.0 46.0 16.0 13.0 12.0 14.0 12.0 11.0 12.0 13.0 11.0 15.0 11.0 12.0 12.0 11.0 12.0 16.0 48.0 14.0 17.0 14.0 12.0 14.0 11.0 15.0 11.0 12.0 11.0 12.0 13.0 11.0 12.0 12.0 12.0 12.0 13.0 11.0 15.0 15.0 13.0 13.0 14.0 12.0 13.0 12.0 12.0 12.0 11.0 13.0 14.0 13.0 16.0 16.0 11.0 11.0 11.0 12.0 12.0 18.0 18.0 15.0 15.0 14.0 12.0 13.0 12.0 12.0 11.0 12.0 12.0 11.0 13.0 12.0 11.0 12.0 12.0 11.0 13.0 12.0 16.0 16.0 14.0 14.0 14.0 12.0 13.0 12.0 51.0 12.0 28.0 15.0 11.0 15.0 12.0 12.0 11.0 12.0 12.0 11.0 11.0 15.0 15.0 13.0 12.0 52.0 14.0 14.0 11.0 15.0 11.0 12.0 12.0 11.0 13.0 11.0 49.0 11.0 12.0 12.0 45.0 11.0 16.0 15.0 14.0 16.0 14.0 12.0 14.0 13.0 13.0 11.0 18.0 12.0 11.0 15.0 11.0 15.0 11.0 10.0 13.0 11.0 11.0
49 50 1 TRACE 173.0 61.0 30.0 271.0 69.0 369.0 100.0 57.0 54.0 29.0 55.0 31.0 128.0 32.0 50.0 109.0 74.0 104.0 71.0 29.0 57.0 169.0 136.0 72.0 65.0 92.0 145.0 30.0 61.0 83.0 183.0 76.0 30.0 131.0 160.0 26.0 81.0 79.0 117.0 27.0 26.0 70.0 42.0 145.0 43.0 57.0 57.0 145.0 218.0 30.0 80.0 70.0 148.0 29.0 29.0 163.0 31.0 29.0 85.0 69.0 32.0 60.0 198.0 116.0 28.0 31.0 186.0 77.0 54.0 45.0 124.0 110.0 29.0 25.0 210.0 87.0 42.0 31.0 164.0 67.0 42.0 29.0 145.0 75.0 31.0 30.0 127.0 105.0 82.0 66.0 151.0 74.0 82.0 52.0 28.0 138.0 128.0 92.0 58.0 174.0 85.0 65.0 40.0 191.0 132.0 100.0 102.0 142.0 45.0 95.0 42.0 29.0 69.0 32.0 30.0 59.0 31.0 143.0 28.0 29.0 99.0 72.0 56.0 191.0 100.0 52.0 28.0 156.0 88.0 30.0 42.0 191.0 26.0 28.0 75.0 168.0 44.0 64.0 52.0 194.0 29.0 92.0 79.0 28.0 180.0 74.0 31.0 49.0 136.0 100.0 58.0 46.0 290.0 147.0 37.0 29.0 163.0 1037.0 32.0 94.0 239.0 109.0 544.0 59.0 103.0 157.0 67.0 48.0 164.0 106.0 361.0 33.0 152.0 121.0 104.0 80.0 121.0 110.0 130.0 69.0 178.0 30.0 84.0 48.0 145.0 42.0 73.0 30.0 173.0 28.0 103.0 28.0 203.0 28.0 94.0 69.0 224.0 47.0 94.0 92.0 125.0
50 25 1 TRACE 42.0 18.0 23.0 24.0 39.0 70.0 20.0 22.0 18.0 21.0 42.0 20.0 20.0 25.0 21.0 21.0 55.0 25.0 21.0 26.0 22.0 20.0 18.0 80.0 21.0 21.0 19.0 48.0 63.0 45.0 24.0 22.0 48.0 23.0 22.0 24.0 25.0 22.0 22.0 20.0 23.0 355.0 21.0 20.0 55.0 21.0 21.0 29.0 127.0 26.0 19.0 20.0 49.0 21.0 18.0 20.0 21.0 18.0 24.0 56.0 23.0 21.0 23.0
50 41 1 TRACE 21.0 11.0 10.0 9.0 8.0 9.0 8.0 8.0 8.0 9.0 8.0 8.0 9.0 9.0 8.0 9.0 8.0 8.0 8.0 8.0 8.0 9.0 8.0 11.0 8.0 9.0 8.0 8.0 8.0 8.0 8.0 8.0 8.0 8.0 9.0 8.0 8.0 9.0 8.0 9.0 9.0 8.0 8.0 9.0 8.0 8.0 9.0 9.0 9.0 8.0 9.0 8.0 8.0 8.0 8.0 8.0 9.0 9.0 8.0 9.0 8.0 8.0 9.0 11.0 8.0 8.0 8.0 8.0 8.0 11.0 8.0 8.0 8.0 8.0 9.0 8.0 8.0 8.0 8.0 9.0 8.0 9.0 8.0 9.0 8.0 9.0 9.0 9.0 8.0 8.0 8.0 8.0 8.0 8.0 9.0 9.0 8.0 8.0 8.0 9.0 9.0 8.0 8.0 8.0 9.0 8.0 8.0 8.0 8.0 8.0 9.0 9.0 8.0 8.0 8.0 9.0 8.0 8.0 8.0 8.0 8.0 8.0 8.0 8.0 8.0 9.0 9.0 8.0 8.0 9.0 9.0 8.0 8.0 8.0 8.0 9.0 8.0
50 51 1 TRACE 38.0
51 52 1 TRACE 108.0 70.0 73.0 78.0 52.0 46.0 51.0 76.0 74.0 98.0 77.0 55.0 78.0 78.0 47.0 78.0 50.0 51.0 47.0 85.0 50.0 82.0 50.0 71.0 55.0 80.0 48.0 46.0 45.0 82.0 73.0 73.0 79.0 79.0 49.0 75.0 75.0 83.0 50.0 47.0 79.0 73.0 85.0 76.0 47.0 78.0 83.0 75.0 78.0 46.0 83.0 123.0 46.0 46.0 79.0 77.0 84.0 81.0 49.0 50.0 364.0 81.0 46.0 85.0
52 53 1 TRACE 43.0 32.0 21.0 24.0 31.0 32.0 45.0 42.0 31.0 49.0 23.0 22.0 21.0 117.0 47.0 21.0 22.0 40.0 22.0 50.0 21.0 23.0 42.0 48.0 56.0 57.0 31.0 40.0 22.0 55.0 57.0 26.0 22.0 57.0 22.0 25.0 52.0 54.0 22.0 21.0 49.0 54.0 56.0 56.0 22.0 22.0 86.0 22.0 21.0 343.0 44.0 59.0 22.0 44.0 57.0 25.0 44.0 25.0 35.0 22.0 592.0 22.0 21.0 22.0
53 54 1 TRACE 32.0 24.0 14.0 35.0 18.0 13.0 44.0 14.0 18.0 138.0 14.0 13.0 18.0 21.0 13.0 13.0 21.0 14.0 26.0 15.0 29.0 13.0 23.0 16.0 17.0 25.0 13.0 35.0 30.0 22.0 13.0 14.0 21.0 22.0 25.0 14.0 17.0 19.0 14.0 17.0 18.0 13.0 24.0 17.0 29.0 14.0 20.0 14.0 20.0 13.0 16.0 17.0 29.0 14.0 17.0 14.0 20.0 14.0 14.0 13.0 21.0 13.0 36.0 14.0
54 55 1 TRACE 49.0 20.0 19.0 19.0 20.0 19.0 20.0 19.0 20.0 31.0 24.0 19.0 20.0 19.0 19.0 19.0 20.0 19.0 20.0 19.0 20.0 19.0 20.0 19.0 20.0 19.0 19.0 21.0 20.0 19.0 19.0 24.0 20.0 20.0 20.0 20.0 20.0 20.0 20.0 20.0 20.0 19.0 19.0 19.0 20.0 19.0 19.0 19.0 20.0 17.0 20.0 44.0 20.0 19.0 20.0 19.0 20.0 19.0 19.0 20.0 19.0 19.0 19.0 23.0
55 56 1 TRACE 14.0 8.0 8.0 8.0 8.0 7.0 8.0 7.0 8.0 8.0 8.0 7.0 8.0 8.0 8.0 8.0 8.0 8.0 8.0 7.0 8.0 8.0 8.0 7.0 7.0 7.0 8.0 8.0 7.0 8.0 7.0 8.0 7.0 8.0 8.0 8.0 8.0 7.0 8.0 8.0 8.0 8.0 8.0 7.0 8.0 7.0 7.0 7.0 7.0 7.0 8.0 8.0 8.0 7.0 8.0 8.0 7.0 7.0 8.0 8.0 7.0 8.0 8.0 8.0
56 57 1 TRACE 16.0 7.0 7.0 7.0 7.0 8.0 7.0 8.0 7.0 7.0 7.0 8.0 7.0 7.0 7.0 7.0 7.0 7.0 7.0 8.0 7.0 7.0 7.0 7.0 7.0 8.0 7.0 8.0 8.0 7.0 8.0 7.0 8.0 7.0 7.0 7.0 8.0 8.0 7.0 7.0 7.0 7.0 7.0 8.0 7.0 8.0 7.0 8.0 8.0 6.0 7.0 7.0 7.0 8.0 7.0 7.0 8.0 8.0 7.0 8.0 7.0 7.0 7.0 14.0
57 58 1 TRACE 13.0 8.0 7.0 7.0 7.0 7.0 7.0 7.0 7.0 7.0 8.0 8.0 7.0 7.0 7.0 8.0 7.0 8.0 7.0 8.0 7.0 8.0 7.0 8.0 8.0 7.0 8.0 7.0 7.0 8.0 7.0 8.0 7.0 7.0 7.0 7.0 8.0 7.0 7.0 8.0 7.0 8.0 7.0 7.0 7.0 7.0 8.0 7.0 7.0 7.0 7.0 7.0 7.0 7.0 7.0 8.0 7.0 7.0 7.0 7.0 7.0 8.0 7.0 7.0
58 59 1 TRACE 18.0 9.0 8.0 8.0 8.0 8.0 8.0 8.0 8.0 19.0 8.0 8.0 8.0 8.0 8.0 9.0 8.0 8.0 8.0 8.0 8.0 8.0 8.0 8.0 8.0 8.0 8.0 8.0 8.0 9.0 8.0 8.0 8.0 8.0 8.0 8.0 8.0 8.0 8.0 9.0 8.0 8.0 8.0 8.0 8.0 8.0 8.0 8.0 8.0 7.0 8.0 8.0 8.0 8.0 8.0 8.0 8.0 8.0 8.0 8.0 8.0 7.0 8.0 8.0
59 60 1 TRACE 8.0 8.0 7.0 8.0 7.0 7.0 7.0 7.0 8.0 20.0 7.0 7.0 7.0 8.0 7.0 7.0 7.0 8.0 7.0 7.0 8.0 7.0 8.0 7.0 7.0 7.0 7.0 7.0 7.0 8.0 7.0 8.0 7.0 8.0 8.0 7.0 7.0 7.0 7.0 8.0 8.0 8.0 8.0 7.0 8.0 7.0 8.0 7.0 7.0 7.0 7.0 8.0 7.0 7.0 8.0 10.0 7.0 7.0 8.0 7.0 6.0 8.0 8.0 8.0
60 61 1 TRACE 9.0 7.0 8.0 8.0 8.0 7.0 8.0 7.0 7.0 18.0 7.0 7.0 8.0 7.0 8.0 7.0 8.0 7.0 8.0 7.0 7.0 7.0 7.0 7.0 7.0 8.0 7.0 7.0 7.0 7.0 7.0 7.0 7.0 7.0 8.0 8.0 7.0 7.0 8.0 7.0 7.0 7.0 8.0 7.0 8.0 7.0 7.0 7.0 7.0 19.0 8.0 7.0 8.0 7.0 8.0 7.0 7.0 8.0 8.0 8.0 19.0 7.0 8.0 7.0
61 62 1 TRACE 9.0 7.0 7.0 7.0 8.0 7.0 8.0 8.0 7.0 8.0 7.0 7.0 7.0 7.0 8.0 7.0 7.0 7.0 8.0 8.0 7.0 7.0 7.0 7.0 7.0 8.0 7.0 8.0 7.0 7.0 7.0 7.0 8.0 7.0 7.0 7.0 7.0 8.0 7.0 7.0 7.0 7.0 7.0 7.0 7.0 8.0 7.0 8.0 8.0 7.0 7.0 7.0 8.0 7.0 7.0 7.0 8.0 8.0 7.0 8.0 7.0 7.0 7.0 7.0
62 1 1 TRACE 25.0 20.0 20.0 20.0 20.0 20.0 23.0 21.0 20.0 21.0 24.0 20.0 20.0 39.0 20.0 20.0 20.0 20.0 21.0 21.0 20.0 20.0 20.0 52.0 20.0 20.0 20.0 21.0 21.0 20.0 26.0 24.0 20.0 21.0 20.0 20.0 20.0 20.0 20.0 23.0 21.0 20.0 20.0 20.0 20.0 20.0 27.0 21.0 20.0 20.0 30.0 22.0 21.0 20.0 21.0 27.0 19.0 20.0 26.0 20.0 20.0 20.0 20.0
