0 1 CONSTANT 8.0
1 1 CONSTANT 8.0
2 1 CONSTANT 0.0
3 1 CONSTANT 8.0
4 1 CONSTANT 8.0
5 1 CONSTANT 8.0
6 1 CONSTANT 8.0
7 1 CONSTANT 8.0
8 1 CONSTANT 8.0
9 1 CONSTANT 0.0
10 1 CONSTANT 0.0
11 1 CONSTANT 0.0
12 1 CONSTANT 0.0
13 1 CONSTANT 8.0
14 1 CONSTANT 4.0
15 1 CONSTANT 4.0
16 1 CONSTANT 0.0
17 1 CONSTANT 0.0
18 1 CONSTANT 0.0
19 1 CONSTANT 0.0
20 1 CONSTANT 4.0
21 1 CONSTANT 8.0
22 1 CONSTANT 8.0
23 1 CONSTANT 8.0
24 1 CONSTANT 8.0
25 1 CONSTANT 4.0
26 1 CONSTANT 4.0
27 1 CONSTANT 8.0
28 1 TRACE 0.0 4.0 280.0 0.0 0.0 4.0 540.0 0.0 0.0 0.0 0.0 4.0 0.0 4.0 4.0 0.0 584.0 0.0 0.0 0.0 4.0 0.0 8.0 332.0 0.0 0.0 0.0 316.0 0.0 0.0 0.0 4.0 0.0 0.0 144.0 0.0 4.0 4.0 4.0 0.0 0.0 4.0 0.0 16.0 300.0 0.0 0.0 280.0 12.0 0.0 4.0 420.0 0.0 0.0 4.0 752.0 4.0 0.0 0.0 272.0 12.0 0.0 0.0 244.0 8.0 0.0 0.0 4.0 0.0 4.0 244.0 0.0 0.0 0.0 624.0 0.0 0.0 0.0 40.0 108.0 0.0 0.0 0.0 672.0 0.0 4.0 0.0 796.0 0.0 0.0 16.0 104.0 0.0 0.0 0.0 664.0 0.0 0.0 0.0 352.0 12.0 0.0 4.0 0.0 0.0 4.0 504.0 4.0 0.0 0.0 484.0 0.0 4.0 0.0 652.0 4.0 0.0 0.0 28.0 88.0 0.0 0.0 28.0 76.0 0.0 0.0 156.0 0.0 0.0 0.0 4.0 4.0 0.0 4.0 0.0 0.0 576.0 4.0 0.0 0.0 4.0 0.0 0.0 4.0 0.0 0.0 4.0 0.0 16.0 148.0 0.0 0.0 4.0 256.0 0.0 0.0 16.0 64.0 0.0 0.0 0.0 152.0 0.0 0.0 0.0 0.0 0.0 0.0 292.0 8.0 0.0 0.0 620.0 0.0 0.0 0.0 4.0 0.0 0.0 0.0 4.0 232.0 16.0 0.0 0.0 556.0 0.0 0.0 4.0 512.0 4.0 0.0 0.0 8.0 392.0 0.0 0.0 76.0 44.0 0.0 0.0 0.0 88.0 48.0 0.0 16.0 64.0 0.0 0.0 0.0 272.0 0.0 0.0 80.0 36.0 0.0 4.0 412.0 0.0 0.0 0.0 192.0 0.0 0.0 24.0 60.0 0.0 0.0 0.0 4.0 0.0 0.0 224.0 16.0 0.0 12.0 80.0
29 1 CONSTANT 4.0
30 1 TRACE 0.0 4.0 280.0 0.0 0.0 4.0 540.0 0.0 0.0 0.0 0.0 4.0 0.0 4.0 4.0 0.0 584.0 0.0 0.0 0.0 4.0 0.0 8.0 332.0 0.0 0.0 0.0 316.0 0.0 0.0 0.0 4.0 0.0 0.0 144.0 0.0 4.0 4.0 4.0 0.0 0.0 4.0 0.0 16.0 300.0 0.0 0.0 280.0 12.0 0.0 4.0 420.0 0.0 0.0 4.0 752.0 4.0 0.0 0.0 272.0 12.0 0.0 0.0 244.0 8.0 0.0 0.0 4.0 0.0 4.0 244.0 0.0 0.0 0.0 624.0 0.0 0.0 0.0 40.0 108.0 0.0 0.0 0.0 672.0 0.0 4.0 0.0 796.0 0.0 0.0 16.0 104.0 0.0 0.0 0.0 664.0 0.0 0.0 0.0 352.0 12.0 0.0 4.0 0.0 0.0 4.0 504.0 4.0 0.0 0.0 484.0 0.0 4.0 0.0 652.0 4.0 0.0 0.0 28.0 88.0 0.0 0.0 28.0 76.0 0.0 0.0 156.0 0.0 0.0 0.0 4.0 4.0 0.0 4.0 0.0 0.0 576.0 4.0 0.0 0.0 4.0 0.0 0.0 4.0 0.0 0.0 4.0 0.0 16.0 148.0 0.0 0.0 4.0 256.0 0.0 0.0 16.0 64.0 0.0 0.0 0.0 152.0 0.0 0.0 0.0 0.0 0.0 0.0 292.0 8.0 0.0 0.0 620.0 0.0 0.0 0.0 4.0 0.0 0.0 0.0 4.0 232.0 16.0 0.0 0.0 556.0 0.0 0.0 4.0 512.0 4.0 0.0 0.0 8.0 392.0 0.0 0.0 76.0 44.0 0.0 0.0 0.0 88.0 48.0 0.0 16.0 64.0 0.0 0.0 0.0 272.0 0.0 0.0 80.0 36.0 0.0 4.0 412.0 0.0 0.0 0.0 192.0 0.0 0.0 24.0 60.0 0.0 0.0 0.0 4.0 0.0 0.0 224.0 16.0 0.0 12.0 80.0
31 1 CONSTANT 8.0
32 1 CONSTANT 8.0
33 1 CONSTANT 4.0
34 1 CONSTANT 0.0
35 1 CONSTANT 0.0
36 1 CONSTANT 8.0
37 1 CONSTANT 8.0
38 1 CONSTANT 8.0
39 1 TRACE 8.0 0.0 8.0 0.0 8.0 0.0 8.0 0.0 8.0 0.0 0.0 8.0 0.0 0.0 8.0 0.0 8.0 0.0 8.0 0.0 0.0 8.0 0.0 8.0 0.0 8.0 0.0 8.0 0.0 8.0 0.0 0.0 8.0 0.0 8.0 0.0 8.0 0.0 0.0 8.0 0.0 0.0 8.0 0.0 8.0 0.0 8.0 0.0 0.0 8.0 0.0 8.0 0.0 8.0 0.0 8.0 0.0 8.0 8.0 0.0 0.0 8.0 8.0 0.0 0.0 8.0 0.0 0.0 8.0 0.0 8.0 0.0 8.0 0.0 8.0 0.0 8.0 8.0 0.0 8.0 0.0 8.0 0.0 8.0 0.0 8.0 0.0 8.0 0.0 8.0 0.0 8.0 0.0 8.0 0.0 8.0 0.0 8.0 8.0 0.0 0.0 8.0 0.0 0.0 8.0 8.0 0.0 0.0 8.0 0.0 8.0 0.0 8.0 0.0 8.0 0.0 8.0 8.0 0.0 8.0 0.0 8.0 0.0 0.0 8.0 0.0 8.0 0.0 8.0 0.0 0.0 8.0 0.0 0.0 8.0 0.0 8.0 0.0 8.0 0.0 0.0 8.0 0.0 0.0 8.0 0.0 0.0 8.0 0.0 8.0 0.0 8.0 0.0 8.0 0.0 8.0 0.0 8.0 0.0 8.0 0.0 8.0 0.0 8.0 0.0 0.0 8.0 8.0 0.0 0.0 8.0 0.0 8.0 0.0 8.0 0.0 0.0 8.0 0.0 0.0 8.0 0.0 0.0 8.0 0.0 8.0 0.0 8.0 0.0 8.0 0.0 8.0 8.0 0.0 8.0 0.0 8.0 0.0 8.0 0.0 8.0 8.0 0.0 0.0 8.0 0.0 8.0 0.0 8.0 0.0 8.0 0.0 8.0 0.0 0.0 8.0 0.0 8.0 0.0 8.0 0.0 8.0 0.0 8.0 0.0 8.0 0.0 8.0 0.0 0.0 8.0 8.0 0.0 0.0 8.0 0.0 0.0
40 1 CONSTANT 8.0
41 1 CONSTANT 8.0
42 1 CONSTANT 8.0
43 1 CONSTANT 18728.0
44 1 CONSTANT 18720.0
45 1 CONSTANT 8.0
46 1 CONSTANT 18728.0
47 1 CONSTANT 4.0
48 1 TRACE 1259952.0 356560.0 230960.0 163440.0 100272.0 81808.0 70432.0 63632.0 288.0 272.0 352.0 208.0 1157024.0 342496.0 225424.0 162240.0 163792.0 122208.0 100032.0 84096.0 608.0 432.0 688.0 480.0 898608.0 298064.0 198976.0 153296.0 341328.0 211904.0 155936.0 119136.0 1504.0 1472.0 1472.0 1280.0 0.0 0.0 16.0 32.0 607680.0 235056.0 166320.0 130480.0 597696.0 287504.0 193552.0 141504.0 3584.0 3456.0 3312.0 3184.0 0.0 16.0 16.0 16.0 1148928.0 341216.0 221872.0 161424.0 168656.0 127024.0 103840.0 86560.0 656.0 560.0 560.0 384.0 870800.0 291296.0 198048.0 153328.0 365120.0 219264.0 158912.0 122608.0 1744.0 1472.0 1472.0 1312.0 0.0 16.0 16.0 16.0 1246560.0 357888.0 227808.0 163168.0 106208.0 87424.0 75744.0 66032.0 416.0 192.0 352.0 256.0 1243264.0 355888.0 226624.0 163216.0 109968.0 88208.0 76864.0 66160.0 400.0 272.0 352.0 304.0 856784.0 280720.0 187392.0 145376.0 359392.0 220080.0 160928.0 122672.0 1696.0 1584.0 1632.0 1184.0 0.0 0.0 16.0 16.0 1291808.0 367376.0 229040.0 162928.0 49440.0 44096.0 40752.0 37840.0 160.0 64.0 272.0 80.0 876784.0 296000.0 201296.0 152064.0 359312.0 217072.0 158320.0 121312.0 1728.0 1344.0 1664.0 1248.0 0.0 16.0 16.0 16.0 678016.0 242576.0 181936.0 143632.0 536592.0 275040.0 185344.0 136880.0 2896.0 2944.0 2800.0 2320.0 0.0 16.0 16.0 32.0 1255488.0 353248.0 227072.0 163872.0 100336.0 83744.0 72496.0 63488.0 400.0 288.0 384.0 192.0 886320.0 332864.0 212368.0 153440.0 8064.0 7424.0 7872.0 7088.0 16.0 16.0 48.0 32.0 1199152.0 343952.0 223328.0 161984.0 135600.0 107904.0 90240.0 77408.0 480.0 256.0 464.0 288.0 1070736.0 326896.0 215200.0 159984.0 217776.0 155024.0 122656.0 97888.0 880.0 768.0 960.0 656.0 869440.0 331824.0 211968.0 150384.0 7552.0 7120.0 7376.0 6784.0 0.0 32.0 48.0 48.0 885888.0 333824.0 213456.0 150896.0 7616.0 7312.0 7584.0 7648.0 0.0 32.0 64.0 32.0 626064.0 236224.0 165104.0 133904.0 578560.0 283952.0 191888.0 140016.0 3424.0 3200.0 3072.0 2912.0 0.0 16.0 16.0 16.0 1280752.0 357136.0 226768.0 161952.0 78896.0 67152.0 59760.0 52832.0 272.0 208.0 288.0 160.0 1110832.0 337488.0 222176.0 163248.0 196656.0 143920.0 114432.0 93440.0 768.0 656.0 736.0 432.0 1280272.0 364064.0 228496.0 163664.0 39232.0 36112.0 33328.0 30384.0 128.0 80.0 144.0 80.0 1091232.0 335280.0 220272.0 160176.0 203728.0 147824.0 116368.0 95712.0 736.0 544.0 800.0 528.0 1061424.0 325632.0 216080.0 157808.0 224416.0 156736.0 124224.0 100096.0 944.0 832.0 864.0 640.0 1243184.0 366848.0 227776.0 162272.0 28416.0 27008.0 25488.0 24208.0 112.0 16.0 144.0 80.0 1111152.0 334608.0 222416.0 162752.0 192720.0 142064.0 113312.0 92864.0 800.0 608.0 672.0 528.0 817872.0 325856.0 209184.0 150400.0 6432.0 6096.0 6528.0 5744.0 0.0 16.0 80.0 32.0 904416.0 304496.0 205536.0 157936.0 337456.0 210128.0 153104.0 118720.0 1664.0 1216.0 1392.0 1248.0 0.0 16.0 16.0 0.0 688000.0 304816.0 199216.0 143440.0 4608.0 4240.0 4640.0 4128.0 0.0 16.0 16.0 16.0 1171088.0 342640.0 222176.0 160736.0 153056.0 117312.0 97712.0 82912.0 640.0 496.0 528.0 288.0 1087376.0 329952.0 217488.0 160768.0 204688.0 148112.0 118416.0 95536.0 848.0 784.0 736.0 592.0 1286448.0 362896.0 228704.0 161424.0 42352.0 38144.0 34768.0 33184.0 64.0 80.0 208.0 80.0 1243168.0 368832.0 228672.0 162320.0 29088.0 27456.0 26160.0 24304.0 80.0 64.0 176.0 64.0 1297568.0 366496.0 231648.0 164112.0 58640.0 50784.0 46592.0 43040.0 176.0 144.0 192.0 80.0 888384.0 294816.0 201584.0 154304.0 347776.0 214528.0 155120.0 120288.0 1776.0 1344.0 1680.0 1168.0 0.0 0.0 32.0 16.0 669472.0 243968.0 172736.0 135984.0 536624.0 273168.0 187424.0 138496.0 3008.0 2688.0 2832.0 2448.0 0.0 16.0 16.0 32.0 1133520.0 333056.0 217856.0 156496.0 176096.0 131200.0 106608.0 89632.0 720.0 608.0 704.0 336.0 871392.0 298064.0 203040.0 153776.0 363360.0 218368.0 157600.0 121248.0 1712.0 1552.0 1520.0 1312.0 0.0 16.0 16.0 16.0 594784.0 248320.0 184352.0 148416.0 655936.0 295840.0 196368.0 142288.0 4224.0 3872.0 3744.0 3904.0 0.0 16.0 32.0 32.0 618912.0 239264.0 172640.0 138160.0 600960.0 288320.0 193216.0 141696.0 3696.0 3200.0 3552.0 2752.0 0.0 16.0 16.0 0.0 1297184.0 361680.0 228896.0 164512.0 56768.0 50576.0 45568.0 40800.0 160.0 144.0 240.0 128.0 1272416.0 353632.0 225232.0 160416.0 86944.0 73984.0 65184.0 57696.0 288.0 256.0 320.0 144.0 1200592.0 364176.0 226480.0 160080.0 23200.0 21520.0 21440.0 20032.0 80.0 48.0 160.0 64.0 1292784.0 367616.0 229488.0 163520.0 49232.0 44448.0 40832.0 37568.0 192.0 128.0 288.0 80.0 872992.0 300688.0 205360.0 154336.0 365312.0 218432.0 158960.0 121216.0 1792.0 1616.0 1616.0 1488.0 0.0 16.0 16.0 16.0 836624.0 326208.0 209968.0 150448.0 6432.0 6672.0 6480.0 6432.0 16.0 16.0 64.0 48.0 1095728.0 328352.0 215216.0 159312.0 199200.0 147072.0 117296.0 94352.0 736.0 640.0 784.0 480.0 885152.0 299456.0 207600.0 156272.0 356288.0 216240.0 156896.0 120656.0 1696.0 1488.0 1696.0 1232.0 0.0 16.0 16.0 0.0 871696.0 289376.0 196160.0 151408.0 361760.0 219536.0 159904.0 122016.0 1824.0 1664.0 1824.0 1152.0 0.0 16.0 16.0 16.0 895312.0 337264.0 214976.0 153296.0 8112.0 8032.0 7696.0 7280.0 0.0 16.0 32.0 32.0 1148656.0 342432.0 224192.0 164784.0 170160.0 127152.0 104960.0 86480.0 592.0 640.0 640.0 480.0 1150688.0 340256.0 222992.0 160336.0 165584.0 125072.0 101840.0 85760.0 608.0 496.0 704.0 368.0 1193440.0 347072.0 225200.0 162096.0 142144.0 111056.0 92352.0 78640.0 416.0 384.0 544.0 368.0 1148000.0 357504.0 225088.0 159392.0 18352.0 16752.0 16624.0 15680.0 64.0 16.0 80.0 48.0 1092432.0 357792.0 223552.0 158784.0 15120.0 14560.0 14224.0 13088.0 48.0 32.0 96.0 32.0 1233760.0 363152.0 226528.0 160816.0 27888.0 25392.0 24368.0 23616.0 96.0 48.0 160.0 64.0 1267728.0 356512.0 226496.0 163776.0 93776.0 77152.0 68128.0 60000.0 304.0 208.0 400.0 240.0 1107232.0 356016.0 222944.0 158080.0 15904.0 15040.0 15136.0 13568.0 32.0 16.0 96.0 48.0 1223648.0 350576.0 228272.0 162528.0 121504.0 97552.0 81776.0 70736.0 528.0 336.0 416.0 256.0 1285504.0 359456.0 229472.0 162688.0 76496.0 65408.0 58032.0 53472.0 272.0 240.0 304.0 192.0 1214880.0 361680.0 226400.0 161440.0 26512.0 23088.0 22144.0 20896.0 80.0 48.0 160.0 80.0 898368.0 299280.0 204256.0 155216.0 346512.0 212608.0 154736.0 119424.0 1504.0 1472.0 1632.0 1312.0 0.0 16.0 16.0 0.0 844176.0 328656.0 210176.0 150096.0 6736.0 6752.0 7024.0 6656.0 32.0 32.0 16.0 48.0 1241120.0 365440.0 229904.0 162320.0 28320.0 27504.0 24704.0 23472.0 112.0 48.0 176.0 80.0
49 1 TRACE 18728.0 18736.0 18728.0 8.0 18728.0 18736.0 18728.0 8.0 18728.0 18736.0 18728.0 8.0 18728.0 18736.0 18728.0 8.0 18728.0 18736.0 18728.0 8.0 18728.0 18736.0 18728.0 8.0 18728.0 18736.0 18728.0 8.0 18728.0 18736.0 18728.0 8.0 18728.0 18736.0 18728.0 8.0 18728.0 18736.0 18728.0 8.0 18728.0 18736.0 18728.0 8.0 18728.0 18736.0 18728.0 8.0 18728.0 18736.0 18728.0 8.0 18728.0 18736.0 18728.0 8.0 18728.0 18736.0 18728.0 8.0 18728.0 18736.0 18728.0 8.0 18728.0 18736.0 18728.0 8.0 18728.0 18736.0 18728.0 8.0 18728.0 18736.0 18728.0 8.0 18728.0 18736.0 18728.0 8.0 18728.0 18736.0 18728.0 8.0 18728.0 18736.0 18728.0 8.0 18728.0 18736.0 18728.0 8.0 18728.0 18736.0 18728.0 8.0 18728.0 18736.0 18728.0 8.0 18728.0 18736.0 18728.0 8.0 18728.0 18736.0 18728.0 8.0 18728.0 18736.0 18728.0 8.0 18728.0 18736.0 18728.0 8.0 18728.0 18736.0 18728.0 8.0 18728.0 18736.0 18728.0 8.0 18728.0 18736.0 18728.0 8.0 18728.0 18736.0 18728.0 8.0 18728.0 18736.0 18728.0 8.0 18728.0 18736.0 18728.0 8.0 18728.0 18736.0 18728.0 8.0 18728.0 18736.0 18728.0 8.0 18728.0 18736.0 18728.0 8.0 18728.0 18736.0 18728.0 8.0 18728.0 18736.0 18728.0 8.0 18728.0 18736.0 18728.0 8.0 18728.0 18736.0 18728.0 8.0 18728.0 18736.0 18728.0 8.0 18728.0 18736.0 18728.0 8.0 18728.0 18736.0 18728.0 8.0 18728.0 18736.0 18728.0 8.0 18728.0 18736.0 18728.0 8.0 18728.0 18736.0 18728.0 8.0 18728.0 18736.0 18728.0 8.0 18728.0 18736.0 18728.0 8.0 18728.0 18736.0 18728.0 8.0 18728.0 18736.0 18728.0 8.0 18728.0 18736.0 18728.0 8.0 18728.0 18736.0 18728.0 8.0 18728.0 18736.0 18728.0 8.0 18728.0 18736.0 18728.0 8.0 18728.0 18736.0 18728.0 8.0 18728.0 18736.0 18728.0 8.0 18728.0 18736.0 18728.0 8.0 18728.0 18736.0 18728.0 8.0 18728.0 18736.0 18728.0 8.0 18728.0 18736.0 18728.0 8.0 18728.0 18736.0 18728.0 8.0 18728.0 18736.0 18728.0 8.0 18728.0 18736.0 18728.0 8.0 18728.0 18736.0 18728.0 8.0 18728.0 18736.0 18728.0 8.0 18728.0 18736.0 18728.0 8.0 18728.0 18736.0 18728.0 8.0 18728.0 18736.0 18728.0 8.0 18728.0 18736.0 18728.0 8.0 18728.0 18736.0 18728.0 8.0 18728.0 18736.0 18728.0 8.0 18728.0 18736.0 18728.0 8.0 18728.0 18736.0 18728.0 8.0 18728.0 18736.0 18728.0 8.0 18728.0 18736.0 18728.0 8.0 18728.0 18736.0 18728.0 8.0 18728.0 18736.0 18728.0 8.0 18728.0 18736.0 18728.0 8.0 18728.0 18736.0 18728.0 8.0 18728.0 18736.0 18728.0 8.0 18728.0 18736.0 18728.0 8.0 18728.0 18736.0 18728.0 8.0 18728.0 18736.0 18728.0 8.0 18728.0 18736.0 18728.0 8.0 18728.0 18736.0 18728.0 8.0 18728.0 18736.0 18728.0 8.0 18728.0 18736.0 18728.0 8.0 18728.0 18736.0 18728.0 8.0 18728.0 18736.0 18728.0 8.0 18728.0 18736.0 18728.0 8.0 18728.0 18736.0 18728.0 8.0 18728.0 18736.0 18728.0 8.0 18728.0 18736.0 18728.0 8.0 18728.0 18736.0 18728.0 8.0 18728.0 18736.0 18728.0 8.0 18728.0 18736.0 18728.0 8.0 18728.0 18736.0 18728.0 8.0 18728.0 18736.0 18728.0 8.0 18728.0 18736.0 18728.0 8.0 18728.0 18736.0 18728.0 8.0 18728.0 18736.0 18728.0 8.0 18728.0 18736.0 18728.0 8.0 18728.0 18736.0 18728.0 8.0 18728.0 18736.0 18728.0 8.0 18728.0 18736.0 18728.0 8.0 18728.0 18736.0 18728.0 8.0 18728.0 18736.0 18728.0 8.0 18728.0 18736.0 18728.0 8.0 18728.0 18736.0 18728.0 8.0 18728.0 18736.0 18728.0 8.0 18728.0 18736.0 18728.0 8.0 18728.0 18736.0 18728.0 8.0 18728.0 18736.0 18728.0 8.0 18728.0 18736.0 18728.0 8.0 18728.0 18736.0 18728.0 8.0 18728.0 18736.0 18728.0 8.0 18728.0 18736.0 18728.0 8.0 18728.0 18736.0 18728.0 8.0 18728.0 18736.0 18728.0 8.0 18728.0 18736.0 18728.0 8.0 18728.0 18736.0 18728.0 8.0 18728.0 18736.0 18728.0 8.0 18728.0 18736.0 18728.0 8.0 18728.0 18736.0 18728.0 8.0 18728.0 18736.0 18728.0 8.0 18728.0 18736.0 18728.0 8.0 18728.0 18736.0 18728.0 8.0 18728.0 18736.0 18728.0 8.0 18728.0 18736.0 18728.0 8.0 18728.0 18736.0 18728.0 8.0 18728.0 18736.0 18728.0 8.0 18728.0 18736.0 18728.0 8.0 18728.0 18736.0 18728.0 8.0 18728.0 18736.0 18728.0 8.0 18728.0 18736.0 18728.0 8.0 18728.0 18736.0 18728.0 8.0 18728.0 18736.0 18728.0 8.0 18728.0 18736.0 18728.0 8.0 18728.0 18736.0 18728.0 8.0 18728.0 18736.0 18728.0 8.0 18728.0 18736.0 18728.0 8.0 18728.0 18736.0 18728.0 8.0 18728.0 18736.0 18728.0 8.0 18728.0 18736.0 18728.0 8.0 18728.0 18736.0 18728.0 8.0 18728.0 18736.0 18728.0 8.0 18728.0 18736.0 18728.0 8.0 18728.0 18736.0 18728.0 8.0 18728.0 18736.0 18728.0 8.0 18728.0 18736.0 18728.0 8.0 18728.0 18736.0 18728.0 8.0 18728.0 18736.0 18728.0 8.0 18728.0 18736.0 18728.0 8.0 18728.0 18736.0 18728.0 8.0 18728.0 18736.0 18728.0 8.0 18728.0 18736.0 18728.0 8.0 18728.0 18736.0 18728.0 8.0 18728.0 18736.0 18728.0 8.0 18728.0 18736.0 18728.0 8.0 18728.0 18736.0 18728.0 8.0 18728.0 18736.0 18728.0 8.0 18728.0 18736.0 18728.0 8.0 18728.0 18736.0 18728.0 8.0 18728.0 18736.0 18728.0 8.0 18728.0 18736.0 18728.0 8.0 18728.0 18736.0 18728.0 8.0 18728.0 18736.0 18728.0 8.0 18728.0 18736.0 18728.0 8.0 18728.0 18736.0 18728.0 8.0 18728.0 18736.0 18728.0 8.0 18728.0 18736.0 18728.0 8.0 18728.0 18736.0 18728.0 8.0 18728.0 18736.0 18728.0 8.0 18728.0 18736.0 18728.0 8.0 18728.0 18736.0 18728.0 8.0 18728.0 18736.0 18728.0 8.0 18728.0 18736.0 18728.0 8.0 18728.0 18736.0 18728.0 8.0 18728.0 18736.0 18728.0 8.0 18728.0 18736.0 18728.0 8.0 18728.0 18736.0 18728.0 8.0 18728.0 18736.0 18728.0 8.0 18728.0 18736.0 18728.0 8.0 18728.0 18736.0 18728.0 8.0 18728.0 18736.0 18728.0 8.0 18728.0 18736.0 18728.0 8.0 18728.0 18736.0 18728.0 8.0 18728.0 18736.0 18728.0 8.0 18728.0 18736.0 18728.0 8.0 18728.0 18736.0 18728.0 8.0 18728.0 18736.0 18728.0 8.0 18728.0 18736.0 18728.0 8.0 18728.0 18736.0 18728.0 8.0 18728.0 18736.0 18728.0 8.0 18728.0 18736.0 18728.0 8.0 18728.0 18736.0 18728.0 8.0 18728.0 18736.0 18728.0 8.0 18728.0 18736.0 18728.0 8.0 18728.0 18736.0 18728.0 8.0 18728.0 18736.0 18728.0 8.0 18728.0 18736.0 18728.0 8.0 18728.0 18736.0 18728.0 8.0 18728.0 18736.0 18728.0 8.0 18728.0 18736.0 18728.0 8.0 18728.0 18736.0 18728.0 8.0 18728.0 18736.0 18728.0 8.0 18728.0 18736.0 18728.0 8.0
50 1 CONSTANT 8.0
51 1 CONSTANT 8.0
52 1 CONSTANT 8.0
53 1 CONSTANT 8.0
54 1 CONSTANT 0.0
55 1 CONSTANT 0.0
56 1 CONSTANT 0.0
57 1 CONSTANT 0.0
58 1 CONSTANT 0.0
59 1 CONSTANT 0.0
60 1 CONSTANT 0.0
61 1 CONSTANT 0.0
62 1 CONSTANT 8.0
