0 1 1 TRACE 1672853366177852.0
1 2 1 TRACE 12740.0 2053.0 2084.0 2067.0 2090.0 2079.0 2069.0 2078.0 2069.0 2070.0 2076.0 2069.0 2083.0 2077.0 2051.0 2059.0 2081.0 2065.0 2079.0 2087.0 2070.0 2069.0 2088.0 2083.0 2068.0 2080.0 2079.0 2087.0 2064.0 2067.0 2105.0 2080.0 2046.0 2051.0 2066.0 2070.0 2069.0 2069.0 2073.0 2066.0 2075.0 2078.0 2091.0 2082.0 2071.0 2070.0 2065.0 2058.0 2080.0 2072.0 2061.0 2069.0 2083.0 2086.0 2062.0 2085.0 2076.0 2075.0 2099.0 2074.0 2069.0 2065.0 2056.0 2083.0
2 3 1 TRACE 62.0 34.0 41.0 41.0 42.0 41.0 41.0 40.0 41.0 41.0 40.0 39.0 41.0 40.0 41.0 44.0 41.0 38.0 41.0 40.0 41.0 43.0 41.0 40.0 40.0 39.0 39.0 45.0 40.0 40.0 41.0 65.0 42.0 43.0 46.0 102.0 40.0 40.0 41.0 41.0 40.0 40.0 42.0 40.0 41.0 371.0 42.0 44.0 44.0 41.0 42.0 44.0 42.0 41.0 38.0 40.0 40.0 40.0 46.0 41.0 40.0 113.0 43.0 46.0
3 4 1 TRACE 36.0 15.0 14.0 14.0 13.0 14.0 13.0 13.0 13.0 13.0 14.0 13.0 14.0 13.0 15.0 14.0 14.0 14.0 13.0 13.0 13.0 13.0 14.0 14.0 15.0 15.0 14.0 13.0 15.0 25.0 14.0 21.0 14.0 15.0 13.0 19.0 13.0 14.0 14.0 14.0 14.0 13.0 14.0 14.0 14.0 28.0 13.0 13.0 15.0 14.0 13.0 14.0 14.0 15.0 15.0 13.0 14.0 14.0 14.0 14.0 14.0 21.0 15.0 116.0
4 5 1 TRACE 18.0 10.0 10.0 12.0 11.0 10.0 11.0 10.0 11.0 11.0 10.0 11.0 10.0 12.0 11.0 11.0 12.0 11.0 11.0 10.0 10.0 10.0 11.0 11.0 10.0 12.0 10.0 11.0 13.0 10.0 10.0 11.0 11.0 11.0 10.0 20.0 11.0 11.0 11.0 10.0 11.0 12.0 13.0 11.0 11.0 26.0 11.0 10.0 12.0 11.0 12.0 10.0 11.0 11.0 12.0 11.0 11.0 11.0 11.0 11.0 11.0 10.0 10.0 112.0
5 6 1 TRACE 39.0 14.0 18.0 17.0 25.0 19.0 18.0 18.0 18.0 19.0 18.0 17.0 18.0 18.0 19.0 19.0 18.0 17.0 16.0 16.0 17.0 17.0 18.0 18.0 17.0 17.0 17.0 19.0 18.0 18.0 17.0 18.0 19.0 18.0 17.0 17.0 16.0 18.0 17.0 18.0 17.0 18.0 16.0 17.0 16.0 15.0 17.0 17.0 20.0 18.0 19.0 18.0 19.0 17.0 19.0 19.0 18.0 18.0 16.0 18.0 17.0 17.0 18.0 16.0
6 7 1 TRACE 16.0 11.0 11.0 11.0 11.0 12.0 11.0 11.0 11.0 11.0 11.0 11.0 11.0 12.0 12.0 11.0 13.0 15.0 11.0 14.0 12.0 10.0 12.0 11.0 12.0 14.0 12.0 12.0 11.0 11.0 11.0 11.0 13.0 12.0 12.0 8.0 11.0 11.0 11.0 11.0 12.0 112.0 11.0 12.0 11.0 8.0 11.0 12.0 14.0 115.0 12.0 15.0 13.0 12.0 13.0 12.0 13.0 13.0 12.0 13.0 12.0 13.0 12.0 7.0
7 8 1 TRACE 15.0 11.0 12.0 11.0 12.0 11.0 11.0 12.0 11.0 11.0 12.0 12.0 11.0 11.0 11.0 12.0 13.0 11.0 11.0 10.0 11.0 8.0 11.0 12.0 11.0 9.0 12.0 12.0 12.0 12.0 12.0 12.0 11.0 11.0 11.0 8.0 12.0 11.0 11.0 12.0 11.0 14.0 11.0 11.0 11.0 9.0 12.0 11.0 12.0 17.0 12.0 12.0 12.0 14.0 12.0 12.0 12.0 14.0 12.0 14.0 12.0 12.0 12.0 24.0
8 9 1 TRACE 15.0 10.0 11.0 16.0 11.0 11.0 10.0 11.0 11.0 11.0 11.0 11.0 11.0 11.0 11.0 11.0 10.0 12.0 11.0 11.0 11.0 8.0 11.0 11.0 11.0 11.0 12.0 11.0 11.0 12.0 11.0 11.0 12.0 11.0 11.0 7.0 11.0 11.0 11.0 11.0 12.0 11.0 11.0 12.0 11.0 8.0 11.0 11.0 12.0 11.0 12.0 12.0 12.0 12.0 12.0 12.0 11.0 12.0 12.0 9.0 12.0 12.0 12.0 16.0
9 10 1 TRACE 41.0 25.0 24.0 63.0 51.0 24.0 24.0 25.0 26.0 25.0 25.0 24.0 25.0 25.0 26.0 24.0 36.0 26.0 25.0 26.0 25.0 26.0 25.0 26.0 25.0 25.0 25.0 130.0 26.0 26.0 26.0 26.0 27.0 26.0 106.0 26.0 26.0 26.0 26.0 26.0 26.0 27.0 25.0 26.0 26.0 52.0 26.0 26.0 25.0 32.0 26.0 31.0 26.0 26.0 26.0 40.0 27.0 27.0 27.0 30.0 26.0 26.0 27.0 27.0
10 11 1 TRACE 17.0 13.0 15.0 14.0 13.0 12.0 13.0 12.0 12.0 12.0 11.0 12.0 11.0 12.0 12.0 12.0 12.0 12.0 12.0 12.0 12.0 12.0 13.0 11.0 13.0 12.0 110.0 16.0 11.0 12.0 11.0 12.0 11.0 13.0 12.0 11.0 12.0 12.0 11.0 12.0 13.0 13.0 11.0 11.0 12.0 16.0 11.0 14.0 13.0 12.0 12.0 11.0 12.0 12.0 12.0 12.0 12.0 14.0 11.0 12.0 11.0 12.0 12.0 14.0
11 12 1 TRACE 17.0 12.0 12.0 12.0 12.0 14.0 12.0 12.0 12.0 13.0 12.0 11.0 12.0 11.0 12.0 12.0 13.0 13.0 13.0 13.0 14.0 13.0 13.0 12.0 13.0 12.0 23.0 12.0 13.0 13.0 11.0 13.0 12.0 12.0 12.0 11.0 12.0 12.0 12.0 13.0 11.0 11.0 13.0 12.0 12.0 36.0 12.0 12.0 12.0 11.0 12.0 12.0 13.0 12.0 12.0 12.0 12.0 13.0 12.0 12.0 12.0 13.0 12.0 13.0
12 13 1 TRACE 18.0 14.0 13.0 15.0 14.0 14.0 14.0 14.0 15.0 14.0 15.0 14.0 14.0 15.0 15.0 14.0 14.0 14.0 14.0 14.0 14.0 13.0 13.0 14.0 14.0 14.0 11.0 14.0 14.0 13.0 14.0 13.0 16.0 14.0 16.0 14.0 14.0 14.0 15.0 15.0 14.0 15.0 15.0 14.0 15.0 17.0 14.0 13.0 15.0 14.0 14.0 13.0 44.0 15.0 14.0 13.0 12.0 14.0 13.0 13.0 15.0 12.0 13.0 19.0
13 14 1 TRACE 21.0 12.0 16.0 12.0 12.0 12.0 12.0 12.0 12.0 12.0 12.0 12.0 13.0 12.0 12.0 13.0 12.0 12.0 12.0 12.0 12.0 12.0 12.0 12.0 12.0 12.0 11.0 12.0 12.0 13.0 13.0 12.0 12.0 12.0 13.0 12.0 13.0 12.0 12.0 11.0 12.0 12.0 13.0 12.0 12.0 12.0 12.0 12.0 13.0 13.0 12.0 12.0 12.0 12.0 13.0 12.0 13.0 12.0 13.0 12.0 12.0 12.0 13.0 13.0
14 15 1 TRACE 21.0 14.0 17.0 14.0 14.0 14.0 14.0 14.0 15.0 15.0 14.0 14.0 14.0 15.0 103.0 14.0 20.0 13.0 15.0 13.0 14.0 15.0 14.0 14.0 15.0 103.0 14.0 14.0 15.0 14.0 14.0 14.0 15.0 15.0 15.0 14.0 14.0 14.0 14.0 14.0 14.0 15.0 15.0 14.0 14.0 13.0 14.0 15.0 14.0 14.0 14.0 15.0 14.0 14.0 14.0 14.0 14.0 14.0 14.0 15.0 15.0 15.0 14.0 15.0
15 16 1 TRACE 14.0 9.0 8.0 8.0 9.0 9.0 8.0 9.0 9.0 8.0 9.0 8.0 9.0 8.0 9.0 9.0 10.0 9.0 8.0 9.0 9.0 9.0 8.0 8.0 8.0 9.0 9.0 8.0 8.0 8.0 9.0 8.0 9.0 9.0 8.0 8.0 9.0 8.0 8.0 8.0 9.0 9.0 8.0 8.0 9.0 8.0 8.0 9.0 9.0 9.0 9.0 8.0 9.0 9.0 8.0 8.0 9.0 9.0 9.0 9.0 9.0 9.0 8.0 8.0
16 17 1 TRACE 245.0 240.0 267.0 240.0 338.0 239.0 240.0 240.0 239.0 239.0 239.0 245.0 239.0 249.0 243.0 255.0 277.0 240.0 239.0 239.0 240.0 238.0 238.0 240.0 240.0 241.0 241.0 241.0 241.0 240.0 241.0 254.0 239.0 239.0 282.0 238.0 338.0 238.0 241.0 247.0 240.0 237.0 238.0 242.0 239.0 343.0 239.0 239.0 239.0 240.0 239.0 255.0 262.0 241.0 237.0 257.0 241.0 240.0 243.0 239.0 249.0 240.0 240.0 238.0
17 18 1 TRACE 15.0 12.0 12.0 12.0 13.0 12.0 12.0 12.0 11.0 12.0 12.0 12.0 12.0 11.0 12.0 11.0 13.0 12.0 12.0 12.0 11.0 11.0 12.0 12.0 11.0 13.0 12.0 12.0 11.0 13.0 12.0 12.0 12.0 13.0 13.0 12.0 15.0 12.0 11.0 11.0 12.0 12.0 12.0 12.0 22.0 13.0 12.0 13.0 12.0 13.0 12.0 14.0 116.0 12.0 24.0 14.0 12.0 12.0 12.0 11.0 12.0 12.0 12.0 12.0
18 19 1 TRACE 18.0 30.0 14.0 115.0 13.0 12.0 13.0 13.0 12.0 12.0 12.0 11.0 12.0 11.0 11.0 13.0 16.0 11.0 13.0 13.0 13.0 13.0 12.0 12.0 13.0 12.0 12.0 12.0 12.0 12.0 13.0 12.0 12.0 12.0 13.0 12.0 22.0 12.0 11.0 11.0 12.0 12.0 13.0 12.0 12.0 21.0 13.0 12.0 12.0 12.0 12.0 11.0 16.0 11.0 12.0 12.0 12.0 13.0 12.0 12.0 12.0 13.0 13.0 12.0
19 20 1 TRACE 18.0 13.0 14.0 13.0 13.0 13.0 12.0 12.0 13.0 14.0 13.0 12.0 12.0 13.0 13.0 13.0 15.0 12.0 13.0 13.0 13.0 11.0 13.0 14.0 14.0 13.0 13.0 14.0 13.0 13.0 13.0 13.0 12.0 13.0 13.0 13.0 12.0 13.0 12.0 12.0 13.0 12.0 13.0 13.0 11.0 13.0 13.0 13.0 13.0 13.0 13.0 13.0 12.0 12.0 11.0 12.0 12.0 13.0 12.0 12.0 12.0 14.0 12.0 13.0
20 21 1 TRACE 145.0 142.0 141.0 140.0 139.0 139.0 140.0 174.0 140.0 140.0 139.0 140.0 140.0 140.0 140.0 144.0 140.0 151.0 140.0 139.0 139.0 139.0 140.0 140.0 140.0 140.0 140.0 140.0 140.0 140.0 140.0 142.0 139.0 139.0 140.0 140.0 147.0 139.0 139.0 140.0 151.0 139.0 140.0 140.0 140.0 163.0 139.0 139.0 140.0 140.0 140.0 140.0 140.0 139.0 140.0 139.0 140.0 140.0 140.0 140.0 139.0 140.0 139.0 140.0
21 22 1 TRACE 26.0 12.0 11.0 11.0 11.0 17.0 11.0 11.0 11.0 11.0 11.0 11.0 11.0 11.0 11.0 11.0 12.0 12.0 11.0 12.0 12.0 11.0 11.0 12.0 11.0 11.0 11.0 11.0 12.0 12.0 12.0 12.0 12.0 12.0 12.0 12.0 13.0 11.0 11.0 12.0 12.0 11.0 11.0 12.0 12.0 25.0 12.0 12.0 12.0 12.0 12.0 12.0 11.0 12.0 11.0 12.0 11.0 13.0 11.0 12.0 12.0 12.0 12.0 12.0
22 23 1 TRACE 1149.0 2560.0 1079.0 963.0 898.0 979.0 963.0 976.0 976.0 1227.0 887.0 924.0 1125.0 916.0 912.0 1127.0 1127.0 885.0 883.0 947.0 888.0 951.0 901.0 908.0 1248.0 913.0 887.0 1124.0 924.0 1190.0 887.0 944.0 923.0 887.0 1024.0 938.0 1140.0 888.0 971.0 918.0 885.0 915.0 1127.0 1120.0 1125.0 1512.0 952.0 1195.0 888.0 930.0 972.0 887.0 888.0 1220.0 883.0 899.0 1194.0 971.0 1129.0 1126.0 923.0 975.0 1127.0 888.0
23 24 1 TRACE 44.0 29.0 27.0 27.0 30.0 33.0 26.0 53.0 28.0 28.0 27.0 44.0 29.0 25.0 28.0 29.0 27.0 26.0 27.0 26.0 28.0 25.0 29.0 27.0 32.0 25.0 26.0 30.0 29.0 29.0 26.0 28.0 27.0 29.0 28.0 27.0 31.0 28.0 25.0 25.0 25.0 25.0 26.0 30.0 31.0 48.0 26.0 41.0 28.0 26.0 29.0 27.0 27.0 32.0 29.0 26.0 33.0 26.0 29.0 29.0 27.0 27.0 34.0 30.0
24 25 1 TRACE 49.0 20.0 21.0 23.0 22.0 23.0 23.0 20.0 22.0 22.0 21.0 35.0 22.0 22.0 23.0 22.0 21.0 21.0 22.0 22.0 21.0 21.0 22.0 32.0 21.0 23.0 22.0 23.0 22.0 22.0 20.0 22.0 21.0 21.0 22.0 22.0 22.0 32.0 20.0 21.0 20.0 21.0 126.0 21.0 32.0 45.0 21.0 25.0 21.0 22.0 22.0 21.0 21.0 23.0 21.0 23.0 22.0 20.0 21.0 37.0 35.0 21.0 22.0 22.0
25 26 1 TRACE 108.0 32.0 98.0 97.0 90.0 68.0 97.0 93.0 96.0 31.0 88.0 97.0 93.0 96.0 57.0 35.0 98.0 93.0 96.0 38.0 98.0 91.0 96.0 31.0 97.0 95.0 31.0 96.0 98.0 96.0 90.0 97.0 91.0 96.0 32.0 32.0 97.0 97.0 90.0 32.0 97.0 92.0 96.0 46.0 97.0 90.0 96.0 31.0 97.0 104.0 31.0 97.0 96.0 85.0 96.0 95.0 37.0 106.0 96.0 90.0 97.0 97.0 89.0 96.0 93.0 95.0 31.0 98.0 96.0 31.0 97.0 91.0 96.0 31.0 34.0 97.0 93.0 96.0 32.0 97.0 91.0 96.0 31.0 31.0 97.0 91.0 96.0 31.0 31.0 97.0 96.0 40.0 96.0 97.0 31.0 97.0 96.0 56.0 31.0 97.0 93.0 107.0 86.0 32.0 97.0 93.0 97.0 91.0 98.0 95.0 31.0 97.0 92.0 97.0 31.0 108.0 91.0 96.0 37.0 97.0 90.0 96.0 31.0 90.0 97.0 93.0 96.0 56.0 63.0 97.0 91.0 96.0 31.0 59.0 97.0 93.0 96.0 61.0 97.0 91.0 96.0 37.0 97.0 92.0 96.0 82.0 97.0 91.0 96.0 32.0 98.0 93.0 95.0 31.0 82.0 98.0 92.0 96.0 34.0 97.0 92.0 96.0 89.0 98.0 93.0 96.0 89.0 96.0 92.0 96.0 90.0 97.0 96.0 89.0 97.0 91.0 96.0 32.0 97.0 137.0 34.0 33.0 96.0 96.0 91.0 96.0 92.0 96.0 90.0 31.0 97.0 92.0 96.0 32.0 97.0 97.0 39.0 97.0 93.0 101.0 90.0 97.0 92.0 96.0 32.0 97.0 92.0 96.0 31.0 90.0 96.0 96.0 57.0 97.0 92.0 96.0 32.0 97.0 93.0 95.0 90.0 31.0 97.0 92.0 96.0 31.0 97.0 96.0 31.0 88.0 97.0 96.0 75.0 97.0 92.0 97.0 32.0 97.0 93.0 96.0 90.0 97.0 96.0 31.0 39.0 97.0 92.0 96.0 31.0 97.0 92.0 105.0 32.0 90.0 97.0
26 27 1 TRACE 12.0 7.0 7.0 8.0 8.0 8.0 8.0 8.0 8.0 7.0 8.0 8.0 8.0 8.0 8.0 8.0 8.0 7.0 8.0 7.0 7.0 8.0 8.0 8.0 7.0 8.0 7.0 8.0 8.0 8.0 8.0 8.0 8.0 8.0 8.0 8.0 8.0 8.0 7.0 8.0 7.0 8.0 8.0 8.0 8.0 8.0 7.0 7.0 8.0 8.0 8.0 8.0 8.0 8.0 8.0 8.0 8.0 7.0 7.0 7.0 7.0 8.0 7.0 7.0 8.0 7.0 8.0 8.0 8.0 7.0 7.0 8.0 7.0 7.0 7.0 8.0 8.0 8.0 8.0 8.0 8.0 7.0 8.0 7.0 8.0 8.0 8.0 7.0 7.0 8.0 7.0 7.0 8.0 8.0 8.0 7.0 8.0 7.0 7.0 8.0 7.0 8.0 8.0 8.0 7.0 9.0 8.0 8.0 8.0 7.0 7.0 7.0 8.0 8.0 7.0 8.0 8.0 7.0 7.0 8.0 8.0 7.0 8.0 7.0 8.0 8.0 8.0 8.0 7.0 7.0 8.0 17.0 7.0 7.0 8.0 8.0 8.0 8.0 8.0 8.0 7.0 8.0 8.0 8.0 8.0 8.0 7.0 8.0 8.0 8.0 8.0 8.0 7.0 8.0 8.0 7.0 7.0 7.0 8.0 8.0 8.0 7.0 7.0 8.0 8.0 7.0 8.0 8.0 8.0 8.0 8.0 7.0 7.0 7.0 7.0 8.0 8.0 8.0 8.0 8.0 9.0 8.0 7.0 7.0 8.0 8.0 8.0 8.0 7.0 7.0 8.0 8.0 7.0 8.0 8.0 8.0 7.0 7.0 8.0 19.0 8.0 7.0 7.0 7.0 7.0 8.0 8.0 8.0 7.0 8.0 8.0 8.0 7.0 7.0 8.0 7.0 8.0 7.0 8.0 8.0 8.0 7.0 8.0 8.0 7.0 7.0 7.0 8.0 7.0 8.0 8.0 7.0 7.0 7.0 8.0 8.0 8.0 8.0 7.0 8.0 8.0 7.0 8.0 7.0 7.0 8.0 8.0 8.0 7.0 7.0 8.0 8.0 8.0 7.0 8.0
27 28 1 TRACE 11.0 7.0 7.0 8.0 8.0 8.0 8.0 8.0 8.0 7.0 7.0 8.0 8.0 8.0 7.0 7.0 8.0 8.0 8.0 7.0 7.0 8.0 8.0 7.0 7.0 7.0 7.0 8.0 8.0 7.0 8.0 8.0 8.0 8.0 7.0 7.0 8.0 8.0 7.0 7.0 8.0 8.0 7.0 8.0 8.0 8.0 8.0 7.0 8.0 8.0 7.0 8.0 8.0 7.0 8.0 7.0 7.0 7.0 7.0 7.0 7.0 8.0 7.0 7.0 8.0 8.0 7.0 8.0 8.0 7.0 8.0 8.0 8.0 8.0 7.0 8.0 8.0 8.0 7.0 8.0 8.0 7.0 7.0 7.0 8.0 8.0 8.0 7.0 7.0 8.0 8.0 8.0 8.0 7.0 8.0 8.0 8.0 7.0 8.0 7.0 8.0 8.0 8.0 7.0 7.0 9.0 8.0 7.0 8.0 7.0 8.0 7.0 7.0 8.0 8.0 8.0 8.0 7.0 7.0 8.0 8.0 7.0 7.0 8.0 8.0 8.0 7.0 7.0 7.0 7.0 8.0 8.0 7.0 8.0 8.0 8.0 8.0 8.0 8.0 8.0 7.0 7.0 8.0 7.0 8.0 7.0 7.0 8.0 7.0 7.0 8.0 8.0 7.0 7.0 8.0 7.0 7.0 7.0 8.0 7.0 7.0 7.0 7.0 8.0 8.0 7.0 7.0 8.0 7.0 7.0 8.0 7.0 8.0 7.0 7.0 7.0 7.0 7.0 7.0 9.0 8.0 8.0 7.0 7.0 7.0 8.0 8.0 7.0 7.0 8.0 8.0 8.0 8.0 7.0 8.0 8.0 8.0 7.0 7.0 19.0 8.0 7.0 7.0 7.0 8.0 8.0 8.0 8.0 7.0 7.0 8.0 7.0 8.0 7.0 7.0 8.0 7.0 7.0 8.0 8.0 8.0 8.0 8.0 8.0 7.0 7.0 7.0 7.0 7.0 8.0 8.0 8.0 7.0 7.0 8.0 7.0 7.0 8.0 7.0 8.0 8.0 7.0 8.0 8.0 7.0 7.0 8.0 7.0 7.0 7.0 8.0 8.0 7.0 7.0 8.0
28 29 1 TRACE 14.0 9.0 9.0 9.0 8.0 9.0 9.0 9.0 9.0 8.0 9.0 10.0 9.0 10.0 8.0 9.0 10.0 9.0 9.0 9.0 11.0 9.0 9.0 9.0 10.0 8.0 9.0 11.0 10.0 9.0 9.0 11.0 9.0 9.0 8.0 10.0 10.0 9.0 8.0 8.0 10.0 9.0 9.0 8.0 11.0 9.0 9.0 9.0 9.0 9.0 8.0 9.0 9.0 9.0 9.0 8.0 8.0 11.0 9.0 9.0 10.0 9.0 9.0 10.0 9.0 13.0 8.0 10.0 9.0 13.0 11.0 9.0 9.0 8.0 11.0 11.0 9.0 9.0 9.0 11.0 9.0 9.0 8.0 10.0 10.0 9.0 9.0 8.0 10.0 10.0 10.0 9.0 9.0 9.0 9.0 10.0 9.0 9.0 9.0 9.0 10.0 9.0 8.0 9.0 10.0 10.0 10.0 9.0 9.0 8.0 9.0 10.0 14.0 9.0 9.0 10.0 9.0 9.0 9.0 10.0 9.0 9.0 8.0 9.0 10.0 9.0 9.0 8.0 9.0 11.0 9.0 9.0 9.0 9.0 10.0 9.0 10.0 9.0 11.0 9.0 10.0 9.0 10.0 9.0 10.0 9.0 11.0 9.0 9.0 9.0 10.0 9.0 8.0 8.0 9.0 10.0 9.0 8.0 10.0 10.0 9.0 9.0 9.0 12.0 9.0 10.0 9.0 11.0 9.0 9.0 8.0 9.0 9.0 9.0 11.0 9.0 9.0 9.0 9.0 10.0 9.0 10.0 9.0 9.0 9.0 10.0 9.0 8.0 8.0 9.0 10.0 9.0 9.0 8.0 9.0 9.0 9.0 12.0 9.0 11.0 9.0 10.0 8.0 9.0 9.0 10.0 9.0 9.0 8.0 9.0 9.0 9.0 9.0 11.0 9.0 9.0 9.0 9.0 9.0 9.0 8.0 8.0 10.0 9.0 9.0 9.0 9.0 8.0 9.0 9.0 9.0 10.0 8.0 10.0 9.0 9.0 9.0 10.0 8.0 9.0 8.0 9.0 9.0 9.0 10.0 10.0 9.0 8.0 9.0 9.0 9.0 9.0 9.0 10.0 11.0
29 30 1 TRACE 35.0 81.0 25.0 26.0 25.0 22.0 29.0 16.0 25.0 84.0 37.0 28.0 26.0 25.0 15.0 74.0 31.0 25.0 12.0 30.0 37.0 17.0 25.0 84.0 30.0 26.0 60.0 21.0 27.0 42.0 22.0 34.0 25.0 25.0 83.0 79.0 31.0 37.0 23.0 78.0 42.0 26.0 24.0 24.0 42.0 28.0 25.0 81.0 29.0 15.0 81.0 52.0 68.0 14.0 32.0 24.0 77.0 18.0 25.0 25.0 28.0 25.0 27.0 34.0 25.0 14.0 37.0 34.0 23.0 14.0 35.0 25.0 24.0 78.0 49.0 36.0 26.0 24.0 81.0 143.0 25.0 31.0 75.0 73.0 155.0 27.0 25.0 75.0 81.0 51.0 20.0 28.0 27.0 42.0 81.0 34.0 22.0 25.0 79.0 37.0 26.0 11.0 27.0 58.0 27.0 62.0 38.0 21.0 30.0 25.0 84.0 34.0 15.0 24.0 34.0 16.0 43.0 26.0 30.0 38.0 23.0 24.0 59.0 26.0 34.0 26.0 25.0 22.0 23.0 33.0 23.0 13.0 80.0 22.0 33.0 28.0 24.0 34.0 43.0 24.0 21.0 31.0 34.0 25.0 23.0 18.0 135.0 24.0 21.0 82.0 35.0 228.0 26.0 17.0 24.0 30.0 129.0 39.0 14.0 34.0 26.0 38.0 22.0 34.0 25.0 21.0 31.0 44.0 26.0 29.0 26.0 40.0 28.0 136.0 37.0 24.0 35.0 81.0 45.0 12.0 87.0 77.0 73.0 25.0 22.0 37.0 26.0 23.0 24.0 85.0 34.0 37.0 27.0 83.0 31.0 25.0 28.0 36.0 25.0 16.0 27.0 31.0 25.0 24.0 73.0 25.0 26.0 25.0 61.0 27.0 32.0 24.0 26.0 56.0 23.0 35.0 81.0 32.0 26.0 23.0 24.0 57.0 35.0 25.0 24.0 82.0 28.0 25.0 82.0 32.0 27.0 22.0 33.0 34.0 22.0 21.0 74.0 33.0 28.0 22.0 26.0 29.0 27.0 61.0 65.0 34.0 26.0 24.0 82.0 40.0 31.0 13.0 82.0 27.0 27.0
30 31 1 TRACE 24.0 16.0 17.0 14.0 12.0 12.0 17.0 14.0 11.0 12.0 16.0 16.0 11.0 14.0 14.0 13.0 16.0 14.0 15.0 14.0 21.0 15.0 11.0 12.0 14.0 10.0 12.0 16.0 16.0 15.0 13.0 20.0 14.0 10.0 8.0 21.0 16.0 14.0 9.0 13.0 17.0 14.0 14.0 14.0 25.0 14.0 10.0 12.0 14.0 10.0 12.0 17.0 14.0 10.0 14.0 10.0 12.0 15.0 14.0 14.0 16.0 14.0 14.0 16.0 13.0 11.0 12.0 16.0 10.0 12.0 20.0 14.0 10.0 8.0 12.0 17.0 14.0 10.0 13.0 18.0 14.0 11.0 7.0 14.0 15.0 10.0 10.0 8.0 15.0 18.0 14.0 14.0 15.0 11.0 12.0 16.0 14.0 10.0 13.0 16.0 14.0 14.0 10.0 13.0 16.0 17.0 15.0 10.0 16.0 10.0 11.0 18.0 14.0 10.0 12.0 18.0 23.0 15.0 13.0 21.0 13.0 11.0 12.0 14.0 16.0 14.0 15.0 14.0 14.0 19.0 15.0 10.0 12.0 12.0 17.0 14.0 15.0 13.0 27.0 14.0 15.0 14.0 18.0 14.0 15.0 14.0 28.0 14.0 10.0 13.0 17.0 14.0 10.0 13.0 13.0 18.0 14.0 10.0 13.0 18.0 14.0 14.0 14.0 28.0 14.0 14.0 16.0 29.0 15.0 14.0 14.0 16.0 14.0 15.0 20.0 14.0 10.0 12.0 26.0 11.0 10.0 15.0 19.0 15.0 14.0 17.0 25.0 15.0 11.0 12.0 17.0 14.0 10.0 8.0 15.0 14.0 14.0 29.0 14.0 15.0 14.0 19.0 14.0 10.0 12.0 18.0 14.0 10.0 12.0 15.0 16.0 15.0 14.0 30.0 15.0 10.0 13.0 16.0 14.0 15.0 10.0 12.0 19.0 14.0 10.0 12.0 14.0 10.0 13.0 15.0 16.0 14.0 14.0 18.0 15.0 10.0 12.0 17.0 14.0 15.0 10.0 15.0 10.0 12.0 14.0 17.0 14.0 10.0 12.0 18.0 13.0 10.0 12.0 18.0 15.0
31 32 1 TRACE 16.0 11.0 14.0 10.0 14.0 11.0 14.0 13.0 10.0 10.0 12.0 14.0 13.0 11.0 10.0 11.0 14.0 13.0 10.0 11.0 14.0 13.0 10.0 10.0 13.0 11.0 11.0 11.0 13.0 11.0 11.0 14.0 14.0 10.0 10.0 11.0 14.0 11.0 11.0 11.0 14.0 16.0 11.0 10.0 14.0 13.0 10.0 10.0 14.0 10.0 10.0 14.0 10.0 11.0 20.0 10.0 10.0 14.0 10.0 12.0 14.0 11.0 12.0 15.0 13.0 10.0 10.0 14.0 11.0 11.0 14.0 14.0 10.0 10.0 12.0 14.0 13.0 10.0 10.0 14.0 14.0 10.0 10.0 10.0 13.0 13.0 11.0 10.0 15.0 13.0 11.0 11.0 14.0 10.0 11.0 15.0 10.0 10.0 10.0 15.0 14.0 11.0 11.0 11.0 14.0 14.0 10.0 11.0 14.0 10.0 10.0 14.0 14.0 10.0 11.0 14.0 14.0 11.0 11.0 14.0 12.0 11.0 11.0 11.0 14.0 13.0 10.0 11.0 11.0 14.0 14.0 11.0 10.0 10.0 14.0 13.0 10.0 11.0 14.0 13.0 11.0 11.0 14.0 14.0 11.0 11.0 15.0 13.0 10.0 10.0 14.0 13.0 10.0 11.0 11.0 14.0 14.0 10.0 10.0 14.0 12.0 11.0 11.0 14.0 15.0 10.0 11.0 15.0 14.0 10.0 11.0 14.0 10.0 12.0 15.0 13.0 10.0 10.0 15.0 11.0 12.0 11.0 13.0 11.0 12.0 13.0 14.0 11.0 11.0 10.0 13.0 13.0 10.0 10.0 14.0 10.0 11.0 14.0 15.0 11.0 11.0 14.0 14.0 10.0 10.0 15.0 13.0 10.0 10.0 12.0 13.0 11.0 12.0 14.0 14.0 10.0 10.0 15.0 13.0 10.0 12.0 11.0 13.0 13.0 10.0 10.0 14.0 11.0 10.0 11.0 14.0 11.0 11.0 15.0 14.0 10.0 10.0 13.0 13.0 11.0 11.0 14.0 10.0 10.0 11.0 14.0 13.0 11.0 11.0 14.0 14.0 10.0 11.0 12.0 14.0
32 33 1 TRACE 15.0 11.0 11.0 10.0 11.0 10.0 12.0 11.0 11.0 10.0 12.0 11.0 10.0 11.0 10.0 11.0 13.0 11.0 11.0 11.0 14.0 10.0 10.0 11.0 11.0 11.0 10.0 12.0 11.0 11.0 10.0 13.0 11.0 10.0 10.0 11.0 11.0 10.0 10.0 11.0 12.0 22.0 11.0 11.0 16.0 11.0 11.0 10.0 10.0 11.0 10.0 11.0 11.0 11.0 12.0 11.0 11.0 11.0 10.0 11.0 11.0 11.0 11.0 12.0 10.0 12.0 11.0 11.0 11.0 11.0 14.0 11.0 10.0 10.0 11.0 12.0 11.0 11.0 11.0 14.0 11.0 11.0 10.0 11.0 11.0 10.0 11.0 10.0 13.0 10.0 11.0 10.0 11.0 11.0 11.0 11.0 11.0 10.0 10.0 12.0 11.0 11.0 11.0 11.0 11.0 15.0 11.0 11.0 11.0 117.0 10.0 12.0 12.0 11.0 112.0 12.0 11.0 10.0 11.0 15.0 11.0 11.0 10.0 10.0 13.0 11.0 10.0 11.0 10.0 13.0 11.0 11.0 10.0 11.0 12.0 11.0 11.0 11.0 17.0 10.0 11.0 10.0 12.0 11.0 10.0 10.0 17.0 11.0 18.0 10.0 11.0 11.0 10.0 12.0 10.0 13.0 11.0 11.0 11.0 12.0 11.0 11.0 10.0 17.0 10.0 10.0 10.0 18.0 11.0 11.0 10.0 11.0 11.0 11.0 14.0 11.0 11.0 10.0 11.0 24.0 13.0 12.0 16.0 11.0 11.0 12.0 11.0 12.0 10.0 10.0 13.0 11.0 10.0 11.0 10.0 10.0 10.0 17.0 11.0 12.0 10.0 12.0 11.0 11.0 10.0 13.0 11.0 10.0 11.0 12.0 11.0 11.0 11.0 18.0 10.0 10.0 113.0 11.0 11.0 11.0 11.0 119.0 12.0 10.0 10.0 10.0 11.0 11.0 10.0 11.0 11.0 11.0 10.0 13.0 11.0 10.0 11.0 12.0 11.0 11.0 10.0 11.0 10.0 11.0 11.0 10.0 10.0 11.0 10.0 12.0 11.0 11.0 11.0 12.0 11.0
33 34 1 TRACE 7632.0 7564.0 8109.0 7880.0 5599.0 25592.0 8194.0 7205.0 6571.0 7701.0 105055.0 8033.0 6838.0 5926.0 6446.0 43444.0 8171.0 5829.0 5726.0 10787.0 8617.0 7206.0 7208.0 7445.0 8063.0 5986.0 7998.0 87250.0 8048.0 6847.0 11533.0 8522.0 7172.0 7448.0 6207.0 79742.0 8053.0 7211.0 7034.0 21991.0 8305.0 7145.0 5878.0 10304.0 8804.0 7144.0 7955.0 8179.0 7864.0 7457.0 7265.0 9490.0 6253.0 7036.0 7984.0 7418.0 7125.0 8008.0 7629.0 8060.0 8004.0 7384.0 20601.0 8198.0 7205.0 5914.0 7554.0 8077.0 6454.0 10341.0 8547.0 7243.0 6435.0 4016.0 20305.0 8204.0 7122.0 6383.0 12798.0 8343.0 7259.0 6319.0 3307.0 81720.0 8057.0 6787.0 6510.0 5130.0 79131.0 8057.0 5861.0 9037.0 7859.0 7062.0 7719.0 8087.0 5948.0 7059.0 27967.0 8162.0 7251.0 6592.0 6138.0 42484.0 9784.0 8192.0 6486.0 7661.0 8048.0 8020.0 15344.0 8284.0 7368.0 5866.0 12672.0 8288.0 7144.0 5719.0 10058.0 8580.0 7196.0 6014.0 8005.0 29552.0 8167.0 7215.0 6078.0 3788.0 12868.0 8453.0 7123.0 6634.0 6108.0 24815.0 8197.0 6771.0 6200.0 10188.0 9089.0 7180.0 5667.0 12855.0 8307.0 7123.0 6315.0 9254.0 8832.0 7151.0 8011.0 21832.0 8248.0 7270.0 6454.0 6427.0 11849.0 8618.0 7221.0 6227.0 16471.0 8295.0 7158.0 6661.0 7696.0 9203.0 7236.0 6693.0 7804.0 9150.0 7202.0 7084.0 7637.0 8005.0 7216.0 10134.0 8563.0 7138.0 7651.0 6060.0 8011.0 8777.0 6898.0 79477.0 8197.0 7297.0 17425.0 8433.0 6660.0 7971.0 8102.0 14581.0 8291.0 6936.0 7561.0 5725.0 8035.0 5800.0 7966.0 9121.0 7193.0 6739.0 13632.0 8312.0 7119.0 6191.0 13703.0 8251.0 7098.0 6162.0 7943.0 95718.0 8032.0 6164.0 6651.0 9170.0 7203.0 7250.0 50299.0 8105.0 7282.0 7474.0 6092.0 14867.0 8303.0 7232.0 7694.0 7863.0 8083.0 6771.0 6617.0 75426.0 8092.0 6297.0 15940.0 8358.0 7210.0 6336.0 24294.0 8161.0 7264.0 7826.0 7369.0 7987.0 6177.0 5718.0 71756.0 8118.0 5877.0 7776.0 15001.0 8339.0 7175.0 7489.0 7844.0 121873.0 8050.0
34 35 1 TRACE 840.0 49.0 149.0 42.0 46.0 215.0 50.0 41.0 45.0 52.0 912.0 52.0 44.0 37.0 54.0 449.0 53.0 43.0 50.0 79.0 56.0 45.0 64.0 50.0 54.0 57.0 51.0 822.0 52.0 48.0 107.0 55.0 47.0 28.0 66.0 698.0 51.0 17.0 65.0 210.0 52.0 50.0 48.0 76.0 50.0 46.0 62.0 53.0 55.0 65.0 55.0 81.0 16.0 64.0 60.0 49.0 51.0 54.0 138.0 47.0 54.0 51.0 225.0 52.0 50.0 42.0 49.0 53.0 42.0 93.0 54.0 45.0 28.0 60.0 230.0 50.0 58.0 58.0 97.0 54.0 51.0 24.0 62.0 794.0 51.0 46.0 25.0 67.0 714.0 63.0 50.0 67.0 52.0 64.0 48.0 50.0 17.0 64.0 285.0 52.0 52.0 16.0 60.0 443.0 95.0 34.0 17.0 64.0 71.0 65.0 133.0 50.0 51.0 56.0 113.0 55.0 52.0 52.0 77.0 59.0 46.0 42.0 52.0 286.0 55.0 50.0 49.0 42.0 110.0 61.0 50.0 57.0 43.0 280.0 50.0 44.0 52.0 66.0 53.0 49.0 50.0 120.0 52.0 46.0 60.0 65.0 48.0 49.0 68.0 221.0 53.0 47.0 60.0 44.0 115.0 52.0 52.0 56.0 132.0 55.0 53.0 57.0 60.0 51.0 49.0 49.0 63.0 51.0 49.0 49.0 52.0 53.0 53.0 80.0 54.0 45.0 61.0 48.0 73.0 32.0 88.0 689.0 57.0 50.0 134.0 57.0 48.0 20.0 71.0 131.0 54.0 49.0 28.0 79.0 55.0 50.0 60.0 49.0 149.0 53.0 130.0 52.0 49.0 59.0 140.0 52.0 48.0 42.0 60.0 760.0 55.0 49.0 61.0 50.0 48.0 60.0 465.0 51.0 38.0 17.0 56.0 125.0 54.0 52.0 70.0 50.0 73.0 61.0 50.0 678.0 54.0 50.0 134.0 52.0 55.0 55.0 237.0 53.0 35.0 19.0 68.0 51.0 58.0 65.0 667.0 52.0 42.0 67.0 133.0 55.0 48.0 66.0 48.0 955.0 52.0
35 36 1 TRACE 111.0 31.0 32.0 19.0 64.0 329.0 26.0 27.0 20.0 28.0 1730.0 30.0 19.0 20.0 27.0 825.0 25.0 24.0 25.0 87.0 27.0 24.0 24.0 30.0 30.0 25.0 126.0 1473.0 24.0 25.0 135.0 28.0 24.0 14.0 29.0 1537.0 105.0 11.0 25.0 316.0 29.0 24.0 23.0 69.0 29.0 25.0 25.0 38.0 46.0 25.0 40.0 28.0 11.0 37.0 45.0 20.0 28.0 32.0 26.0 32.0 26.0 25.0 342.0 25.0 26.0 21.0 29.0 26.0 23.0 110.0 28.0 25.0 11.0 31.0 374.0 26.0 26.0 31.0 123.0 26.0 26.0 12.0 28.0 1429.0 42.0 20.0 10.0 30.0 1406.0 48.0 25.0 50.0 26.0 27.0 31.0 30.0 11.0 26.0 504.0 26.0 24.0 11.0 39.0 862.0 43.0 22.0 11.0 29.0 32.0 31.0 200.0 26.0 26.0 31.0 161.0 27.0 25.0 25.0 75.0 28.0 24.0 22.0 24.0 505.0 25.0 26.0 24.0 29.0 144.0 26.0 25.0 26.0 24.0 453.0 27.0 27.0 25.0 66.0 32.0 27.0 23.0 171.0 26.0 25.0 26.0 70.0 30.0 27.0 26.0 336.0 26.0 27.0 24.0 26.0 167.0 26.0 25.0 29.0 196.0 27.0 26.0 25.0 58.0 33.0 26.0 25.0 59.0 32.0 25.0 24.0 28.0 31.0 24.0 96.0 29.0 25.0 25.0 29.0 30.0 26.0 30.0 1452.0 26.0 29.0 201.0 27.0 24.0 11.0 30.0 188.0 26.0 25.0 13.0 40.0 46.0 24.0 58.0 32.0 33.0 23.0 187.0 27.0 28.0 26.0 212.0 26.0 24.0 21.0 28.0 1530.0 30.0 26.0 58.0 32.0 26.0 26.0 850.0 28.0 19.0 11.0 25.0 185.0 26.0 26.0 25.0 28.0 34.0 24.0 28.0 1421.0 24.0 29.0 202.0 25.0 25.0 32.0 351.0 26.0 22.0 11.0 40.0 49.0 24.0 30.0 1365.0 25.0 23.0 28.0 199.0 26.0 25.0 25.0 31.0 2004.0 33.0
36 37 1 TRACE 706.0 783.0 30.0 24.0 74.0 8124.0 48.0 24.0 23.0 78.0 28599.0 51.0 25.0 23.0 40.0 15003.0 183.0 42.0 27.0 1902.0 168.0 93.0 28.0 155.0 30.0 28.0 298.0 27008.0 33.0 26.0 2625.0 68.0 27.0 22.0 57.0 24989.0 38.0 24.0 32.0 7713.0 48.0 27.0 60.0 1123.0 103.0 32.0 26.0 407.0 81.0 25.0 311.0 31.0 59.0 301.0 30.0 25.0 115.0 32.0 200.0 210.0 29.0 166.0 7973.0 79.0 26.0 24.0 199.0 30.0 23.0 1834.0 118.0 24.0 21.0 122.0 8045.0 105.0 25.0 29.0 3228.0 66.0 26.0 20.0 169.0 25386.0 39.0 25.0 21.0 59.0 23926.0 33.0 26.0 591.0 39.0 27.0 182.0 30.0 107.0 32.0 10891.0 43.0 26.0 90.0 37.0 17127.0 318.0 63.0 90.0 152.0 30.0 30.0 5160.0 55.0 24.0 27.0 4007.0 71.0 25.0 26.0 1770.0 131.0 31.0 24.0 37.0 10860.0 44.0 26.0 24.0 105.0 3728.0 60.0 25.0 25.0 33.0 9036.0 61.0 26.0 26.0 855.0 110.0 26.0 65.0 4172.0 56.0 52.0 29.0 1060.0 138.0 25.0 33.0 7840.0 127.0 26.0 21.0 29.0 3981.0 58.0 25.0 27.0 4929.0 106.0 26.0 29.0 796.0 114.0 26.0 48.0 724.0 142.0 31.0 157.0 196.0 31.0 53.0 1815.0 118.0 51.0 35.0 166.0 33.0 35.0 59.0 26014.0 35.0 29.0 4321.0 56.0 26.0 24.0 30.0 4965.0 54.0 25.0 22.0 246.0 30.0 41.0 688.0 240.0 30.0 69.0 4440.0 56.0 105.0 28.0 4308.0 233.0 35.0 25.0 67.0 28691.0 85.0 25.0 627.0 185.0 71.0 48.0 15476.0 35.0 24.0 22.0 28.0 5031.0 319.0 25.0 25.0 149.0 32.0 24.0 71.0 24082.0 50.0 29.0 5044.0 83.0 27.0 156.0 8726.0 166.0 35.0 23.0 293.0 30.0 22.0 63.0 23388.0 47.0 25.0 30.0 5072.0 77.0 24.0 28.0 99.0 31613.0 33.0
37 38 1 TRACE 34.0 125.0 25.0 21.0 25.0 3481.0 25.0 26.0 26.0 61.0 8883.0 30.0 26.0 23.0 32.0 4851.0 28.0 29.0 26.0 1133.0 30.0 27.0 26.0 105.0 25.0 23.0 49.0 8209.0 28.0 26.0 1580.0 25.0 26.0 26.0 49.0 7889.0 29.0 22.0 28.0 3003.0 27.0 26.0 22.0 695.0 25.0 29.0 29.0 246.0 23.0 26.0 211.0 28.0 22.0 173.0 24.0 27.0 81.0 24.0 23.0 134.0 26.0 25.0 2966.0 28.0 29.0 25.0 127.0 29.0 26.0 1210.0 28.0 29.0 28.0 29.0 2973.0 29.0 26.0 27.0 1748.0 29.0 30.0 24.0 43.0 7977.0 29.0 28.0 26.0 49.0 7587.0 34.0 23.0 382.0 26.0 25.0 85.0 24.0 22.0 27.0 3252.0 29.0 30.0 21.0 32.0 4955.0 50.0 26.0 22.0 81.0 23.0 29.0 2524.0 24.0 30.0 27.0 2144.0 30.0 134.0 22.0 1049.0 28.0 27.0 24.0 42.0 3300.0 27.0 26.0 22.0 25.0 2166.0 29.0 25.0 24.0 26.0 3096.0 29.0 25.0 25.0 583.0 27.0 30.0 24.0 2198.0 28.0 31.0 23.0 663.0 29.0 36.0 30.0 2960.0 25.0 29.0 25.0 23.0 2117.0 31.0 26.0 27.0 2333.0 29.0 27.0 22.0 524.0 28.0 30.0 22.0 470.0 29.0 28.0 23.0 103.0 22.0 23.0 1133.0 28.0 29.0 27.0 89.0 22.0 48.0 50.0 7925.0 28.0 26.0 2340.0 26.0 26.0 23.0 27.0 2474.0 31.0 25.0 25.0 177.0 26.0 22.0 471.0 30.0 31.0 24.0 2225.0 25.0 28.0 31.0 2426.0 25.0 29.0 33.0 47.0 8220.0 27.0 24.0 449.0 28.0 28.0 35.0 5114.0 26.0 28.0 24.0 26.0 2452.0 29.0 26.0 26.0 85.0 25.0 25.0 42.0 7617.0 31.0 25.0 2463.0 31.0 29.0 28.0 2984.0 23.0 26.0 29.0 204.0 25.0 26.0 45.0 7416.0 29.0 142.0 29.0 2491.0 41.0 30.0 26.0 66.0 9354.0 28.0
38 39 1 TRACE 25.0 20.0 25.0 15.0 15.0 23.0 16.0 16.0 17.0 20.0 40.0 17.0 18.0 15.0 18.0 36.0 17.0 17.0 17.0 15.0 15.0 16.0 17.0 20.0 19.0 17.0 18.0 23.0 15.0 16.0 17.0 20.0 18.0 17.0 19.0 24.0 17.0 14.0 18.0 20.0 20.0 16.0 15.0 19.0 15.0 15.0 18.0 19.0 20.0 18.0 18.0 24.0 14.0 19.0 21.0 17.0 20.0 18.0 15.0 21.0 20.0 15.0 35.0 16.0 17.0 18.0 20.0 21.0 18.0 16.0 17.0 16.0 16.0 16.0 23.0 19.0 17.0 18.0 17.0 16.0 16.0 16.0 16.0 26.0 16.0 17.0 18.0 19.0 25.0 15.0 16.0 20.0 21.0 16.0 16.0 20.0 15.0 17.0 22.0 18.0 19.0 14.0 18.0 37.0 28.0 19.0 15.0 20.0 21.0 17.0 23.0 24.0 16.0 17.0 20.0 16.0 21.0 15.0 16.0 17.0 16.0 16.0 15.0 23.0 15.0 20.0 14.0 17.0 20.0 18.0 16.0 16.0 18.0 21.0 17.0 16.0 14.0 15.0 18.0 18.0 15.0 22.0 18.0 15.0 15.0 15.0 18.0 16.0 18.0 21.0 17.0 15.0 18.0 15.0 17.0 17.0 16.0 122.0 18.0 14.0 16.0 15.0 19.0 20.0 16.0 16.0 19.0 18.0 15.0 14.0 20.0 24.0 15.0 19.0 16.0 17.0 19.0 18.0 21.0 18.0 19.0 29.0 18.0 16.0 22.0 17.0 16.0 14.0 16.0 23.0 17.0 16.0 16.0 18.0 19.0 15.0 14.0 18.0 16.0 14.0 19.0 19.0 16.0 15.0 18.0 18.0 16.0 23.0 17.0 27.0 18.0 15.0 16.0 17.0 16.0 17.0 24.0 17.0 19.0 14.0 15.0 22.0 17.0 19.0 18.0 18.0 20.0 17.0 16.0 27.0 17.0 32.0 24.0 16.0 16.0 16.0 22.0 16.0 15.0 14.0 20.0 127.0 17.0 18.0 25.0 15.0 19.0 17.0 25.0 15.0 16.0 18.0 16.0 37.0 15.0
39 25 1 TRACE 14.0 12.0 13.0 12.0 14.0 14.0 13.0 12.0 13.0 12.0 12.0 20.0 13.0 13.0 12.0 13.0 12.0 12.0 13.0 11.0 17.0 13.0 12.0 12.0 14.0 13.0 13.0 13.0 13.0 12.0 14.0 13.0 14.0 14.0 12.0 13.0 13.0 13.0 16.0 13.0 13.0 13.0 11.0 13.0 13.0 12.0 12.0 13.0 12.0 12.0 13.0 24.0 11.0 13.0 13.0 13.0 13.0 11.0 21.0 14.0 12.0 12.0 11.0 12.0 13.0 12.0 13.0 13.0 12.0 13.0 12.0 13.0 12.0 13.0 12.0 12.0 13.0 12.0 13.0 12.0 13.0 11.0 14.0 12.0 15.0 11.0 12.0 13.0 13.0 21.0 14.0 13.0 13.0 11.0 14.0 12.0 13.0 12.0 13.0 11.0 13.0 12.0 12.0 13.0 12.0 11.0 14.0 14.0 12.0 11.0 12.0 13.0 13.0 13.0 12.0 12.0 19.0 12.0 13.0 11.0 12.0 14.0 13.0 13.0 15.0 13.0 13.0
39 40 1 TRACE 45.0 42.0 43.0 42.0 37.0 37.0 46.0 37.0 40.0 38.0 36.0 37.0 34.0 35.0 37.0 37.0 42.0 37.0 39.0 42.0 40.0 42.0 46.0 38.0 36.0 39.0 42.0 37.0 39.0 39.0 37.0 38.0 40.0 140.0 36.0 37.0 38.0 42.0 38.0 36.0 37.0 38.0 38.0 46.0 35.0 52.0 37.0 37.0 35.0 46.0 39.0 40.0 42.0 37.0 41.0 40.0 35.0 40.0 37.0 40.0 35.0 45.0 37.0 42.0
39 51 1 TRACE 48.0 39.0 40.0 38.0 40.0 39.0 38.0 45.0 39.0 50.0 39.0 42.0 41.0 38.0 38.0 39.0 40.0 39.0 40.0 41.0 43.0 41.0 38.0 39.0 43.0 51.0 42.0 39.0 40.0 46.0 40.0 40.0 41.0 140.0 39.0 40.0 41.0 42.0 40.0 141.0 42.0 40.0 39.0 40.0 40.0 40.0 44.0 138.0 40.0 40.0 52.0 39.0 40.0 40.0 40.0 41.0 40.0 40.0 40.0 40.0 40.0 40.0 40.0 39.0
40 41 1 TRACE 3060.0 5629.0 12891.0 7523.0 3230.0 2956.0 10369.0 3446.0 10061.0 5300.0 3602.0 3095.0 3170.0 3151.0 3093.0 3127.0 5377.0 3112.0 3594.0 5319.0 3541.0 9872.0 9792.0 2976.0 3126.0 6096.0 7693.0 2856.0 4568.0 4521.0 3421.0 6184.0 4567.0 5854.0 3789.0 4270.0 4020.0 5358.0 4548.0 4637.0 3285.0 3005.0 3055.0 3518.0 2857.0 9885.0 4098.0 4696.0 2593.0 4100.0 3973.0 4327.0 10525.0 2992.0 7795.0 4632.0 2997.0 9695.0 4448.0 5322.0 2964.0 9624.0 4825.0 11680.0
41 42 1 TRACE 17.0 15.0 15.0 13.0 15.0 19.0 14.0 21.0 15.0 13.0 18.0 14.0 13.0 12.0 14.0 14.0 12.0 13.0 13.0 13.0 21.0 15.0 14.0 15.0 14.0 14.0 20.0 14.0 14.0 19.0 14.0 15.0 14.0 18.0 14.0 13.0 14.0 17.0 14.0 13.0 14.0 14.0 13.0 12.0 13.0 14.0 13.0 13.0 14.0 13.0 14.0 13.0 14.0 14.0 14.0 15.0 15.0 13.0 13.0 15.0 14.0 13.0 13.0 15.0 14.0 15.0 14.0 14.0 15.0 14.0 14.0 20.0 14.0 14.0 20.0 13.0 16.0 13.0 14.0 14.0 13.0 14.0 14.0 14.0 15.0 16.0 13.0 14.0 18.0 14.0 14.0 12.0 14.0 13.0 13.0 15.0 14.0 13.0 14.0 14.0 13.0 13.0 15.0 13.0 16.0 14.0 13.0 15.0 14.0 15.0 16.0 15.0 14.0 33.0 15.0 13.0 14.0 14.0 13.0 14.0 14.0 14.0 14.0 14.0 13.0 15.0 14.0 15.0 14.0 15.0 14.0 14.0 14.0 13.0 13.0 15.0 14.0 13.0 14.0 15.0 14.0 14.0 13.0 14.0 13.0 13.0 14.0 13.0 19.0 14.0 14.0 14.0 15.0 14.0 15.0 15.0 14.0 11.0 14.0 15.0 13.0 12.0 15.0 14.0 15.0 14.0 14.0 14.0 13.0 13.0 20.0 13.0 14.0 13.0 15.0 14.0 17.0 15.0 14.0 15.0 19.0 15.0 13.0 14.0 35.0 14.0 20.0 14.0 16.0 14.0 14.0 14.0 15.0 13.0 14.0 11.0 14.0 14.0 14.0 19.0 14.0 13.0 26.0 14.0 14.0 20.0 13.0 14.0
42 43 1 TRACE 14.0 10.0 9.0 9.0 10.0 10.0 9.0 11.0 10.0 10.0 10.0 10.0 11.0 10.0 10.0 9.0 10.0 10.0 10.0 10.0 10.0 13.0 10.0 10.0 10.0 10.0 10.0 10.0 9.0 11.0 10.0 9.0 10.0 10.0 10.0 10.0 10.0 10.0 10.0 10.0 10.0 10.0 10.0 9.0 10.0 10.0 10.0 9.0 10.0 10.0 9.0 10.0 10.0 11.0 10.0 10.0 10.0 9.0 10.0 10.0 10.0 10.0 9.0 10.0 10.0 10.0 10.0 10.0 10.0 10.0 10.0 10.0 10.0 9.0 10.0 11.0 10.0 9.0 10.0 10.0 9.0 10.0 10.0 10.0 10.0 11.0 10.0 10.0 11.0 9.0 10.0 9.0 10.0 10.0 10.0 10.0 9.0 10.0 10.0 10.0 10.0 10.0 9.0 10.0 10.0 10.0 9.0 10.0 9.0 9.0 10.0 10.0 10.0 10.0 10.0 10.0 10.0 10.0 10.0 10.0 10.0 10.0 10.0 9.0 10.0 10.0 10.0 10.0 10.0 10.0 10.0 9.0 10.0 10.0 10.0 10.0 10.0 9.0 10.0 9.0 10.0 10.0 9.0 9.0 10.0 10.0 10.0 10.0 11.0 10.0 10.0 10.0 10.0 9.0 10.0 10.0 10.0 10.0 10.0 10.0 10.0 10.0 10.0 9.0 10.0 10.0 9.0 10.0 10.0 10.0 11.0 10.0 9.0 9.0 9.0 9.0 10.0 10.0 9.0 11.0 11.0 9.0 9.0 10.0 10.0 10.0 10.0 10.0 10.0 10.0 10.0 10.0 10.0 10.0 9.0 10.0 10.0 10.0 9.0 10.0 10.0 10.0 10.0 10.0 10.0 10.0 10.0 9.0
43 44 1 TRACE 52.0 46.0 47.0 47.0 46.0 47.0 47.0 48.0 47.0 47.0 47.0 47.0 47.0 47.0 47.0 47.0 49.0 47.0 47.0 48.0 47.0 47.0 46.0 47.0 47.0 46.0 47.0 46.0 47.0 48.0 46.0 46.0 48.0 47.0 54.0 48.0 47.0 46.0 71.0 47.0 47.0 47.0 50.0 48.0 47.0 47.0 48.0 48.0 47.0 47.0 47.0 47.0 46.0 47.0 48.0 47.0 47.0 46.0 47.0 59.0 46.0 48.0 55.0 47.0 47.0 47.0 47.0 47.0 47.0 47.0 47.0 48.0 48.0 47.0 47.0 47.0 48.0 48.0 47.0 46.0 48.0 47.0 46.0 48.0 48.0 47.0 46.0 46.0 47.0 47.0 47.0 47.0 46.0 47.0 47.0 46.0 47.0 46.0 46.0 47.0 46.0 48.0 47.0 47.0 47.0 46.0 47.0 47.0 47.0 46.0 47.0 47.0 47.0 48.0 48.0 46.0 47.0 47.0 47.0 48.0 47.0 46.0 47.0 46.0 47.0 47.0 46.0 47.0 47.0 46.0 46.0 48.0 47.0 46.0 48.0 47.0 47.0 47.0 47.0 47.0 54.0 48.0 46.0 46.0 47.0 47.0 48.0 47.0 47.0 47.0 48.0 48.0 46.0 46.0 47.0 47.0 47.0 30.0 47.0 48.0 48.0 49.0 47.0 47.0 60.0 47.0 46.0 47.0 47.0 47.0 47.0 47.0 47.0 47.0 47.0 46.0 47.0 46.0 47.0 48.0 48.0 47.0 48.0 57.0 47.0 47.0 47.0 47.0 47.0 47.0 47.0 47.0 47.0 47.0 46.0 47.0 47.0 47.0 47.0 47.0 46.0 48.0 46.0 46.0 46.0 48.0 47.0 46.0
44 45 1 TRACE 1313.0 116.0 119.0 122.0 139.0 117.0 119.0 597.0 119.0 120.0 151.0 116.0 124.0 910.0 116.0 158.0 142.0 118.0 130.0 127.0 204.0 115.0 121.0 1141.0 121.0 122.0 151.0 122.0 117.0 135.0 117.0 144.0 132.0 114.0 108.0 231.0 123.0 126.0 105.0 133.0 118.0 120.0 106.0 144.0 123.0 122.0 131.0 180.0 116.0 117.0 122.0 149.0 118.0 118.0 121.0 138.0 119.0 128.0 131.0 104.0 116.0 122.0 572.0 115.0 233.0 237.0 114.0 232.0 1099.0 115.0 142.0 186.0 118.0 131.0 207.0 123.0 141.0 1110.0 94.0 120.0 121.0 137.0 120.0 121.0 120.0 191.0 119.0 115.0 187.0 119.0 96.0 323.0 119.0 118.0 101.0 406.0 123.0 125.0 135.0 113.0 120.0 441.0 112.0 117.0 254.0 119.0 114.0 139.0 116.0 119.0 141.0 117.0 121.0 165.0 226.0 119.0 451.0 121.0 238.0 133.0 116.0 120.0 136.0 117.0 131.0 223.0 116.0 117.0 188.0 117.0 122.0 133.0 117.0 117.0 1055.0 117.0 115.0 221.0 117.0 118.0 113.0 608.0 118.0 116.0 608.0 116.0 113.0 121.0 368.0 122.0 113.0 806.0 117.0 116.0 132.0 115.0 118.0 451.0 121.0 120.0 118.0 134.0 115.0 119.0 815.0 117.0 122.0 286.0 121.0 120.0 165.0 115.0 123.0 390.0 112.0 119.0 139.0 93.0 116.0 299.0 114.0 119.0 234.0 122.0 115.0 134.0 368.0 126.0 115.0 287.0 111.0 117.0 162.0 118.0 122.0 319.0 119.0 135.0 122.0 141.0 119.0 124.0 134.0 129.0 120.0 231.0 121.0 133.0
45 46 1 TRACE 18.0 14.0 20.0 15.0 15.0 15.0 15.0 27.0 14.0 15.0 16.0 15.0 15.0 14.0 15.0 14.0 14.0 14.0 14.0 15.0 15.0 16.0 16.0 15.0 18.0 15.0 18.0 15.0 14.0 16.0 15.0 15.0 13.0 14.0 15.0 14.0 14.0 15.0 15.0 15.0 14.0 14.0 14.0 13.0 15.0 15.0 17.0 13.0 15.0 14.0 15.0 14.0 15.0 14.0 15.0 17.0 14.0 18.0 13.0 15.0 15.0 14.0 14.0 14.0 16.0 19.0 14.0 15.0 14.0 15.0 15.0 16.0 14.0 16.0 16.0 15.0 14.0 14.0 15.0 14.0 14.0 14.0 15.0 15.0 15.0 20.0 15.0 15.0 16.0 15.0 15.0 12.0 14.0 14.0 16.0 15.0 16.0 14.0 14.0 16.0 14.0 14.0 14.0 15.0 16.0 14.0 15.0 14.0 14.0 15.0 16.0 15.0 15.0 13.0 16.0 15.0 15.0 15.0 16.0 14.0 15.0 15.0 15.0 15.0 15.0 15.0 15.0 15.0 16.0 15.0 15.0 16.0 14.0 14.0 14.0 15.0 15.0 14.0 16.0 15.0 16.0 14.0 15.0 15.0 14.0 15.0 15.0 15.0 16.0 16.0 14.0 15.0 15.0 14.0 18.0 14.0 107.0 17.0 14.0 15.0 14.0 13.0 14.0 15.0 15.0 15.0 15.0 15.0 15.0 16.0 16.0 16.0 15.0 19.0 16.0 15.0 16.0 15.0 15.0 15.0 15.0 15.0 15.0 15.0 14.0 15.0 117.0 14.0 15.0 15.0 15.0 15.0 15.0 15.0 14.0 13.0 15.0 15.0 15.0 15.0 14.0 14.0 15.0 15.0 23.0 16.0 15.0 15.0
46 47 1 TRACE 65624.0 40282.0 11764.0 10480.0 68783.0 20449.0 10476.0 46711.0 13030.0 10480.0 50550.0 16062.0 10472.0 66142.0 28944.0 10528.0 66122.0 41181.0 11964.0 10495.0 46269.0 13405.0 10469.0 64703.0 26704.0 10457.0 46953.0 13743.0 10467.0 59152.0 20768.0 10445.0 66464.0 31571.0 10667.0 65892.0 36492.0 11074.0 10493.0 65890.0 37240.0 11147.0 10535.0 65800.0 38211.0 11311.0 10483.0 66589.0 42589.0 12267.0 10494.0 65526.0 39438.0 11564.0 10504.0 58984.0 20608.0 10450.0 65853.0 39867.0 11653.0 10505.0 65992.0 28721.0 10526.0 56088.0 20512.0 10493.0 63827.0 26020.0 10423.0 46913.0 13772.0 10471.0 47180.0 13921.0 10474.0 69418.0 34477.0 10823.0 10491.0 66737.0 42353.0 12272.0 10525.0 53617.0 18599.0 10560.0 50345.0 15900.0 10479.0 66584.0 42959.0 12372.0 10503.0 59833.0 23053.0 10418.0 62158.0 24749.0 10453.0 66259.0 29499.0 10562.0 53356.0 18284.0 10453.0 62821.0 25241.0 10454.0 54419.0 19194.0 10474.0 69969.0 32650.0 10679.0 61729.0 24372.0 10491.0 66677.0 31836.0 10721.0 56246.0 20596.0 10433.0 62247.0 24738.0 10458.0 61007.0 23946.0 10458.0 66682.0 33260.0 10710.0 66547.0 35936.0 10744.0 66307.0 41618.0 12043.0 10487.0 66194.0 29070.0 10527.0 66476.0 42357.0 12176.0 10485.0 46975.0 13742.0 10482.0 61241.0 24051.0 10424.0 60216.0 23358.0 10504.0 65784.0 40608.0 11366.0 10523.0 66582.0 33461.0 10726.0 61645.0 24415.0 10445.0 61266.0 23961.0 10484.0 46382.0 13335.0 10486.0 66804.0 33907.0 10808.0 50195.0 15759.0 10525.0 60319.0 25261.0 10489.0 66418.0 42212.0 12187.0 10501.0 47152.0 13902.0 10495.0 60577.0 23892.0 10463.0 56729.0 20927.0 10442.0 65987.0 37595.0 11164.0 10532.0 47433.0 14060.0 10452.0 60048.0 24722.0 10429.0 44302.0 12679.0 10523.0
47 48 1 TRACE 16.0 15.0 11.0 12.0 10.0 11.0 10.0 11.0 10.0 12.0 11.0 11.0 10.0 11.0 10.0 12.0 10.0 10.0 10.0 11.0 10.0 12.0 11.0 11.0 10.0 10.0 10.0 14.0 10.0 13.0 10.0 11.0 10.0 13.0 10.0 12.0 10.0 11.0 11.0 12.0 11.0 12.0 11.0 10.0 10.0 11.0 10.0 13.0 10.0 13.0 10.0 11.0 10.0 12.0 10.0 13.0 10.0 11.0 10.0 14.0 10.0 11.0 10.0 11.0 11.0 13.0 10.0 14.0 10.0 115.0 11.0 13.0 10.0 13.0 10.0 10.0 11.0 11.0 11.0 13.0 10.0 12.0 10.0 11.0 22.0 13.0 10.0 12.0 10.0 13.0 10.0 11.0 10.0 12.0 11.0 13.0 10.0 13.0 10.0 11.0 10.0 11.0 11.0 13.0 28.0 14.0 10.0 11.0 10.0 11.0 20.0 13.0 10.0 12.0 10.0 11.0 10.0 116.0 10.0 12.0 10.0 11.0 10.0 11.0 10.0 13.0 10.0 12.0 10.0 12.0 11.0 13.0 10.0 12.0 9.0 11.0 11.0 12.0 11.0 11.0 11.0 10.0 10.0 13.0 10.0 11.0 10.0 11.0 10.0 13.0 10.0 11.0 10.0 11.0 11.0 14.0 10.0 12.0 10.0 10.0 10.0 11.0 10.0 13.0 10.0 12.0 14.0 13.0 10.0 10.0 10.0 13.0 10.0 11.0 14.0 11.0 10.0 15.0 10.0 12.0 11.0 12.0 11.0 13.0 10.0 13.0 10.0 11.0 11.0 11.0 10.0 13.0 10.0 12.0 10.0 12.0 11.0 18.0 10.0 12.0 10.0 29.0 11.0 12.0 10.0 13.0 10.0 12.0 10.0 13.0 10.0 12.0 10.0 11.0 9.0 14.0 10.0 12.0 10.0 11.0 10.0 13.0 10.0 11.0 10.0 11.0 11.0 12.0 10.0 12.0 10.0 11.0 11.0 13.0 9.0 13.0 10.0 11.0 11.0 12.0 11.0 12.0 11.0 11.0 11.0 12.0 10.0 12.0 10.0 11.0 11.0 13.0 10.0 11.0 10.0 11.0 11.0 12.0 10.0 12.0 11.0 12.0 10.0 12.0 10.0 11.0 10.0 11.0 11.0 15.0 10.0 12.0 10.0 11.0 10.0 13.0 13.0 17.0 10.0 11.0 10.0 10.0 11.0 12.0 10.0 11.0 10.0 10.0 11.0 14.0 11.0 13.0 10.0 12.0 10.0 19.0 11.0 12.0 10.0 11.0 10.0 11.0 10.0 13.0 10.0 12.0 10.0 10.0 11.0 12.0 10.0 12.0 11.0 11.0 11.0 13.0 10.0 12.0 10.0 11.0 10.0 11.0 10.0 14.0 10.0 13.0 10.0 12.0 10.0 12.0 10.0 12.0 10.0 11.0 10.0 11.0 10.0 12.0 11.0 11.0 10.0 13.0 11.0 11.0 10.0 11.0 11.0 12.0 10.0 11.0 10.0 11.0 11.0 13.0 10.0 11.0 10.0 11.0 10.0 12.0 12.0 12.0 10.0 11.0 10.0 13.0 11.0 12.0 10.0 11.0 10.0 11.0 11.0 12.0 10.0 11.0 9.0 11.0 10.0 12.0 10.0 11.0 10.0 10.0 10.0 12.0 11.0 12.0 10.0 12.0 10.0 13.0 11.0 13.0 10.0 11.0 10.0 11.0 10.0 14.0 10.0 11.0 10.0 11.0 11.0 15.0 11.0 12.0 10.0 11.0 10.0 12.0 10.0 11.0 10.0 12.0
48 49 1 TRACE 3390.0 1457.0 2531.0 1436.0 21.0 32.0 10.0 11.0 6062.0 1790.0 219.0 213.0 11.0 12.0 3574.0 1601.0 38.0 50.0 8.0 11.0 5345.0 1662.0 101.0 104.0 9.0 11.0 5699.0 1680.0 681.0 728.0 11.0 19.0 3038.0 1345.0 2548.0 1444.0 24.0 35.0 8.0 11.0 3848.0 1690.0 44.0 55.0 10.0 10.0 5978.0 1748.0 547.0 576.0 11.0 19.0 4094.0 1663.0 51.0 61.0 10.0 9.0 6201.0 1711.0 235.0 224.0 10.0 12.0 5271.0 1676.0 963.0 869.0 14.0 27.0 4103.0 1581.0 1575.0 1240.0 16.0 26.0 8.0 10.0 4012.0 1542.0 1694.0 1254.0 17.0 27.0 11.0 16.0 3701.0 1489.0 1927.0 1308.0 18.0 29.0 9.0 10.0 2766.0 1302.0 2871.0 1501.0 26.0 40.0 8.0 9.0 3401.0 1453.0 2201.0 1373.0 21.0 30.0 9.0 10.0 6130.0 1700.0 229.0 223.0 10.0 13.0 3327.0 1423.0 2279.0 1406.0 21.0 31.0 9.0 10.0 5735.0 1714.0 663.0 684.0 12.0 19.0 6131.0 1709.0 229.0 218.0 11.0 12.0 6000.0 1737.0 494.0 417.0 10.0 15.0 4100.0 1641.0 50.0 61.0 10.0 11.0 4174.0 1697.0 54.0 63.0 10.0 12.0 4759.0 1647.0 1225.0 1068.0 15.0 22.0 8.0 10.0 2758.0 1343.0 2803.0 1484.0 28.0 38.0 8.0 12.0 5923.0 1715.0 164.0 213.0 11.0 12.0 5308.0 1718.0 98.0 102.0 10.0 11.0 2629.0 1632.0 2955.0 1527.0 27.0 39.0 8.0 11.0 6176.0 1740.0 337.0 308.0 11.0 14.0 6154.0 1756.0 419.0 372.0 11.0 14.0 5628.0 1694.0 719.0 556.0 12.0 21.0 5905.0 1711.0 153.0 159.0 10.0 12.0 6070.0 1747.0 446.0 385.0 12.0 14.0 6063.0 1713.0 184.0 184.0 10.0 12.0 5082.0 1649.0 1021.0 971.0 13.0 21.0 6122.0 1746.0 402.0 354.0 11.0 14.0 5236.0 1689.0 934.0 918.0 14.0 24.0 6143.0 1721.0 231.0 220.0 10.0 13.0 6102.0 1727.0 423.0 371.0 10.0 14.0 6204.0 1715.0 384.0 335.0 10.0 14.0 4962.0 1652.0 1073.0 971.0 13.0 21.0 4889.0 1643.0 1120.0 1049.0 14.0 21.0 2885.0 1380.0 2675.0 1480.0 25.0 35.0 8.0 10.0 5678.0 1702.0 688.0 703.0 12.0 25.0 2816.0 1327.0 2797.0 1495.0 26.0 40.0 8.0 10.0 4107.0 1633.0 53.0 61.0 8.0 10.0 6150.0 1728.0 383.0 340.0 10.0 14.0 6183.0 1752.0 352.0 314.0 11.0 13.0 3755.0 1495.0 1903.0 1336.0 19.0 30.0 8.0 13.0 4873.0 1661.0 1117.0 1032.0 13.0 22.0 6129.0 1730.0 403.0 356.0 11.0 14.0 6144.0 1744.0 382.0 337.0 11.0 14.0 3773.0 1629.0 43.0 54.0 8.0 10.0 4807.0 1620.0 1151.0 1050.0 13.0 22.0 5245.0 1698.0 94.0 99.0 10.0 12.0 6159.0 1746.0 419.0 317.0 11.0 13.0 2794.0 1299.0 2785.0 1511.0 28.0 38.0 8.0 10.0 4180.0 1642.0 54.0 62.0 9.0 10.0 6172.0 1778.0 352.0 316.0 10.0 115.0 6151.0 1733.0 243.0 231.0 10.0 12.0 3883.0 1507.0 1775.0 1268.0 17.0 27.0 8.0 10.0 4300.0 1662.0 58.0 66.0 9.0 10.0 6173.0 1727.0 425.0 313.0 11.0 13.0 3262.0 1553.0 31.0 45.0 9.0 10.0
49 47 1 TRACE 40876.0 26035.0 3819.0 2367.0 34338.0 11878.0 2427.0 27831.0 4980.0 2426.0 30089.0 7695.0 2451.0 37578.0 19184.0 2594.0 40927.0 26326.0 3962.0 2373.0 28178.0 5295.0 2378.0 36690.0 17522.0 2539.0 28518.0 5558.0 2380.0 32516.0 12356.0 2426.0 37915.0 20927.0 2678.0 39285.0 24167.0 3099.0 2373.0 39353.0 24547.0 3172.0 3502.0 39959.0 25018.0 3354.0 2367.0 41637.0 26790.0 4275.0 2360.0 40614.0 25583.0 3595.0 2360.0 32392.0 12139.0 2430.0 40389.0 25896.0 3675.0 2366.0 37541.0 19074.0 2571.0 32375.0 12050.0 2418.0 36181.0 16902.0 2498.0 28627.0 5591.0 2377.0 28718.0 5708.0 2439.0 38421.0 22847.0 2868.0 2358.0 41823.0 26745.0 4176.0 2374.0 31193.0 10045.0 2412.0 29902.0 7569.0 2397.0 41990.0 26916.0 4331.0 2374.0 34104.0 14430.0 2464.0 35263.0 15870.0 2483.0 40623.0 19506.0 2595.0 31151.0 9855.0 2464.0 35641.0 16249.0 2484.0 31527.0 10775.0 2420.0 37796.0 21683.0 2730.0 35146.0 15568.0 2478.0 38024.0 21138.0 2696.0 32387.0 12095.0 2493.0 35251.0 15868.0 2491.0 34714.0 15197.0 2487.0 37975.0 22088.0 2773.0 38076.0 22288.0 2838.0 41469.0 26493.0 4037.0 2369.0 37534.0 19242.0 2569.0 41682.0 26714.0 4361.0 2372.0 28568.0 5593.0 2370.0 34740.0 15235.0 2596.0 34310.0 14627.0 2447.0 39742.0 25066.0 3336.0 2481.0 38136.0 22331.0 2817.0 35074.0 15612.0 2485.0 34682.0 15171.0 2471.0 28148.0 5211.0 2384.0 38408.0 22517.0 2813.0 29820.0 7422.0 2375.0 34394.0 15312.0 2468.0 41437.0 26662.0 4174.0 2377.0 28649.0 5680.0 2366.0 34271.0 14724.0 2461.0 32742.0 12442.0 2420.0 39431.0 24729.0 3239.0 2438.0 28741.0 5834.0 2380.0 34236.0 15387.0 2461.0 27293.0 4608.0 2365.0
49 50 1 TRACE 45503.0 13927.0 899.0 102.0 2193.0 859.0 104.0 2187.0 223.0 100.0 2171.0 453.0 103.0 2198.0 1455.0 112.0 2044.0 2133.0 169.0 100.0 2135.0 249.0 103.0 2206.0 1785.0 109.0 2159.0 287.0 102.0 2205.0 760.0 105.0 2169.0 1565.0 121.0 2118.0 1975.0 139.0 103.0 2128.0 2006.0 141.0 161.0 2103.0 2008.0 146.0 109.0 2041.0 2115.0 184.0 101.0 2098.0 2028.0 154.0 100.0 2257.0 846.0 104.0 2099.0 2049.0 158.0 100.0 2203.0 1344.0 115.0 2394.0 802.0 108.0 2203.0 1169.0 142.0 2147.0 283.0 102.0 2158.0 284.0 101.0 2166.0 1839.0 128.0 102.0 2028.0 2110.0 190.0 133.0 2170.0 595.0 104.0 2189.0 408.0 109.0 2022.0 2090.0 191.0 105.0 2193.0 978.0 107.0 2177.0 1151.0 152.0 3373.0 2142.0 112.0 2162.0 582.0 101.0 2177.0 1087.0 138.0 2202.0 637.0 104.0 2165.0 1656.0 120.0 2181.0 1216.0 110.0 2180.0 1595.0 119.0 2185.0 1186.0 105.0 2194.0 1404.0 106.0 2215.0 1121.0 107.0 2156.0 1719.0 132.0 2161.0 1761.0 124.0 2061.0 2060.0 173.0 100.0 3647.0 1816.0 248.0 2178.0 2730.0 182.0 257.0 2136.0 562.0 236.0 2178.0 1001.0 109.0 2197.0 960.0 109.0 2098.0 2036.0 147.0 103.0 2188.0 1762.0 123.0 2207.0 1061.0 107.0 2204.0 1134.0 153.0 2151.0 240.0 124.0 2162.0 1782.0 124.0 2161.0 408.0 123.0 2187.0 1248.0 107.0 2036.0 2184.0 185.0 103.0 2174.0 362.0 115.0 2195.0 945.0 116.0 2189.0 790.0 104.0 2146.0 2012.0 144.0 100.0 2148.0 276.0 100.0 2195.0 1096.0 112.0 2093.0 203.0 109.0
50 25 1 TRACE 59.0 51.0 42.0 43.0 84.0 41.0 41.0 72.0 41.0 52.0 103.0 149.0 54.0 42.0 40.0 39.0 51.0 40.0 82.0 52.0 69.0 41.0 143.0 39.0 42.0 46.0 43.0 38.0 57.0 67.0 86.0 48.0 65.0 50.0 114.0 62.0 104.0 51.0 63.0 61.0 120.0 124.0 39.0 83.0 40.0 40.0 61.0 58.0 39.0 131.0 62.0 68.0 41.0 125.0 44.0 59.0 39.0 41.0 61.0 52.0 40.0 41.0 58.0 40.0
50 41 1 TRACE 12.0 11.0 9.0 11.0 10.0 11.0 9.0 10.0 9.0 10.0 10.0 11.0 10.0 9.0 10.0 10.0 10.0 10.0 10.0 9.0 11.0 10.0 13.0 10.0 10.0 14.0 10.0 10.0 10.0 10.0 11.0 10.0 10.0 10.0 10.0 9.0 11.0 10.0 10.0 11.0 9.0 11.0 10.0 10.0 11.0 9.0 10.0 9.0 10.0 9.0 11.0 9.0 11.0 9.0 10.0 10.0 9.0 11.0 10.0 10.0 10.0 9.0 10.0 9.0 10.0 10.0 9.0 10.0 10.0 9.0 10.0 11.0 9.0 11.0 10.0 10.0 10.0 10.0 9.0 10.0 10.0 11.0 10.0 10.0 9.0 10.0 10.0 10.0 10.0 10.0 9.0 10.0 11.0 10.0 9.0 11.0 10.0 9.0 11.0 10.0 11.0 10.0 9.0 10.0 10.0 10.0 10.0 11.0 10.0 11.0 11.0 9.0 10.0 10.0 10.0 9.0 10.0 10.0 10.0 9.0 11.0 10.0 10.0 9.0 10.0 10.0 10.0 10.0 9.0 10.0 13.0 10.0 10.0 11.0 10.0 10.0 10.0 10.0 10.0 9.0 10.0 10.0 11.0 9.0
51 52 1 TRACE 44290.0 44812.0 44858.0 44712.0 45011.0 48092.0 44520.0 44848.0 44864.0 44553.0 45018.0 44389.0 44810.0 44381.0 44389.0 44436.0 45059.0 44418.0 45024.0 48667.0 44950.0 45276.0 44875.0 44402.0 44461.0 44412.0 44884.0 44388.0 45016.0 45101.0 45100.0 44678.0 45104.0 44853.0 44973.0 45197.0 45049.0 48115.0 44984.0 45120.0 44962.0 44921.0 44420.0 45056.0 44447.0 45141.0 45091.0 45147.0 44237.0 45009.0 45016.0 45075.0 44724.0 45039.0 44679.0 45152.0 44330.0 44771.0 45031.0 44646.0 44388.0 44664.0 45042.0 45115.0
52 53 1 TRACE 1600.0 1593.0 1607.0 1596.0 1605.0 1609.0 1601.0 1612.0 1616.0 1587.0 1608.0 1593.0 1716.0 1602.0 1607.0 1606.0 1604.0 1588.0 1621.0 1612.0 1609.0 1604.0 1608.0 1696.0 1620.0 1590.0 1614.0 1607.0 1618.0 1597.0 1615.0 1638.0 1597.0 1623.0 1605.0 1610.0 1599.0 1609.0 1612.0 1619.0 1601.0 1625.0 1588.0 1625.0 1577.0 1613.0 1613.0 1581.0 1608.0 1602.0 1656.0 1638.0 1615.0 1609.0 1618.0 1618.0 1613.0 1589.0 1609.0 1661.0 1628.0 1590.0 1592.0 1593.0
53 54 1 TRACE 39.0 34.0 34.0 33.0 34.0 34.0 31.0 32.0 33.0 33.0 33.0 33.0 34.0 34.0 33.0 34.0 27.0 31.0 34.0 34.0 33.0 31.0 30.0 30.0 28.0 42.0 30.0 30.0 31.0 32.0 34.0 31.0 31.0 30.0 29.0 41.0 30.0 30.0 30.0 31.0 29.0 30.0 31.0 33.0 30.0 31.0 29.0 39.0 28.0 29.0 30.0 42.0 32.0 29.0 30.0 34.0 30.0 29.0 27.0 30.0 30.0 28.0 31.0 31.0
54 55 1 TRACE 83.0 46.0 44.0 47.0 48.0 48.0 47.0 46.0 45.0 48.0 46.0 47.0 47.0 44.0 46.0 48.0 44.0 47.0 46.0 48.0 46.0 48.0 44.0 45.0 56.0 46.0 48.0 47.0 45.0 48.0 45.0 55.0 48.0 47.0 47.0 47.0 45.0 48.0 46.0 43.0 45.0 46.0 45.0 47.0 45.0 49.0 47.0 46.0 46.0 46.0 47.0 47.0 47.0 46.0 46.0 47.0 46.0 47.0 46.0 47.0 42.0 46.0 46.0 44.0
55 56 1 TRACE 11.0 8.0 8.0 8.0 7.0 8.0 8.0 7.0 8.0 8.0 8.0 8.0 8.0 8.0 8.0 8.0 8.0 7.0 8.0 8.0 8.0 8.0 8.0 8.0 8.0 8.0 8.0 8.0 8.0 8.0 8.0 9.0 23.0 7.0 8.0 8.0 8.0 8.0 8.0 8.0 8.0 8.0 8.0 8.0 8.0 7.0 7.0 8.0 8.0 8.0 8.0 8.0 8.0 8.0 8.0 8.0 8.0 8.0 8.0 9.0 8.0 9.0 8.0 8.0
56 57 1 TRACE 10.0 7.0 7.0 7.0 7.0 7.0 7.0 8.0 7.0 7.0 8.0 7.0 7.0 7.0 8.0 7.0 7.0 7.0 8.0 7.0 8.0 8.0 7.0 7.0 8.0 7.0 7.0 8.0 7.0 7.0 8.0 8.0 8.0 8.0 7.0 7.0 8.0 7.0 8.0 8.0 7.0 7.0 7.0 8.0 7.0 8.0 8.0 8.0 7.0 8.0 8.0 7.0 7.0 8.0 8.0 8.0 8.0 8.0 7.0 7.0 8.0 8.0 7.0 7.0
57 58 1 TRACE 11.0 8.0 7.0 7.0 7.0 7.0 8.0 8.0 7.0 7.0 7.0 8.0 8.0 8.0 11.0 7.0 7.0 8.0 8.0 20.0 7.0 8.0 7.0 8.0 8.0 7.0 8.0 7.0 8.0 8.0 7.0 8.0 8.0 7.0 7.0 8.0 7.0 7.0 7.0 7.0 7.0 8.0 7.0 7.0 8.0 7.0 11.0 7.0 7.0 7.0 7.0 8.0 7.0 7.0 8.0 7.0 7.0 7.0 7.0 7.0 7.0 7.0 7.0 7.0
58 59 1 TRACE 18.0 11.0 10.0 11.0 11.0 10.0 10.0 10.0 11.0 10.0 11.0 11.0 11.0 11.0 12.0 11.0 11.0 10.0 10.0 11.0 10.0 10.0 10.0 10.0 11.0 11.0 10.0 10.0 11.0 10.0 10.0 12.0 12.0 10.0 11.0 10.0 10.0 11.0 11.0 10.0 11.0 11.0 11.0 10.0 10.0 11.0 12.0 11.0 11.0 10.0 11.0 11.0 11.0 11.0 11.0 11.0 11.0 11.0 11.0 11.0 10.0 11.0 11.0 12.0
59 60 1 TRACE 7.0 7.0 7.0 6.0 7.0 7.0 7.0 8.0 7.0 8.0 7.0 7.0 7.0 7.0 8.0 7.0 8.0 7.0 7.0 7.0 7.0 7.0 7.0 8.0 7.0 7.0 7.0 8.0 8.0 8.0 8.0 18.0 8.0 7.0 7.0 7.0 8.0 7.0 8.0 8.0 7.0 7.0 7.0 8.0 8.0 7.0 8.0 7.0 7.0 7.0 7.0 7.0 7.0 7.0 7.0 7.0 7.0 7.0 7.0 7.0 8.0 7.0 7.0 7.0
60 61 1 TRACE 20.0 7.0 7.0 8.0 8.0 7.0 7.0 8.0 7.0 7.0 7.0 7.0 7.0 7.0 8.0 7.0 8.0 8.0 7.0 7.0 8.0 7.0 8.0 7.0 8.0 7.0 8.0 7.0 7.0 7.0 8.0 8.0 20.0 8.0 7.0 7.0 8.0 7.0 8.0 8.0 7.0 8.0 7.0 8.0 7.0 7.0 8.0 8.0 7.0 8.0 7.0 7.0 7.0 7.0 7.0 8.0 7.0 7.0 8.0 8.0 8.0 8.0 7.0 7.0
61 62 1 TRACE 8.0 7.0 7.0 7.0 6.0 7.0 7.0 7.0 7.0 7.0 7.0 7.0 7.0 7.0 8.0 7.0 7.0 8.0 8.0 7.0 7.0 7.0 8.0 7.0 8.0 7.0 8.0 7.0 7.0 7.0 7.0 11.0 8.0 7.0 8.0 7.0 7.0 7.0 7.0 7.0 7.0 7.0 7.0 7.0 7.0 7.0 19.0 8.0 7.0 7.0 7.0 8.0 7.0 7.0 7.0 7.0 7.0 7.0 7.0 7.0 7.0 23.0 7.0 7.0
62 1 1 TRACE 22.0 17.0 17.0 17.0 17.0 17.0 16.0 16.0 17.0 18.0 17.0 17.0 17.0 29.0 27.0 17.0 18.0 17.0 18.0 19.0 17.0 18.0 18.0 17.0 19.0 18.0 17.0 17.0 17.0 17.0 17.0 28.0 28.0 17.0 17.0 17.0 17.0 18.0 17.0 17.0 17.0 17.0 18.0 17.0 28.0 17.0 27.0 19.0 17.0 16.0 73.0 18.0 17.0 17.0 18.0 18.0 18.0 17.0 17.0 17.0 18.0 29.0 17.0
