0 1 CONSTANT 8.0
1 1 CONSTANT 8.0
2 1 CONSTANT 0.0
3 1 CONSTANT 8.0
4 1 CONSTANT 8.0
5 1 CONSTANT 8.0
6 1 CONSTANT 8.0
7 1 CONSTANT 8.0
8 1 CONSTANT 8.0
9 1 CONSTANT 0.0
10 1 CONSTANT 0.0
11 1 CONSTANT 0.0
12 1 CONSTANT 0.0
13 1 CONSTANT 8.0
14 1 CONSTANT 4.0
15 1 CONSTANT 4.0
16 1 CONSTANT 0.0
17 1 CONSTANT 0.0
18 1 CONSTANT 0.0
19 1 CONSTANT 0.0
20 1 CONSTANT 4.0
21 1 CONSTANT 8.0
22 1 CONSTANT 8.0
23 1 CONSTANT 8.0
24 1 CONSTANT 8.0
25 1 CONSTANT 4.0
26 1 CONSTANT 4.0
27 1 CONSTANT 8.0
28 1 TRACE 0.0 0.0 36.0 0.0 0.0 4.0 4.0 0.0 0.0 8.0 0.0 0.0 0.0 4.0 0.0 8.0 12.0 0.0 0.0 16.0 4.0 0.0 0.0 0.0 0.0 12.0 4.0 0.0 0.0 0.0 0.0 0.0 8.0 0.0 0.0 0.0 12.0 0.0 0.0 12.0 0.0 0.0 0.0 4.0 0.0 0.0 12.0 0.0 24.0 4.0 0.0 0.0 28.0 0.0 0.0 0.0 4.0 0.0 0.0 8.0 4.0 0.0 0.0 0.0 0.0 0.0 0.0 12.0 0.0 0.0 12.0 4.0 0.0 24.0 0.0 0.0 0.0 0.0 0.0 16.0 4.0 0.0 0.0 8.0 0.0 4.0 16.0 0.0 0.0 4.0 4.0 0.0 0.0 36.0 4.0 0.0 0.0 24.0 0.0 0.0 4.0 20.0 0.0 4.0 0.0 4.0 0.0 4.0 4.0 0.0 0.0 24.0 0.0 0.0 36.0 4.0 0.0 0.0 24.0 0.0 4.0 12.0 4.0 0.0 28.0 0.0 0.0 0.0 4.0 0.0 28.0 4.0 0.0 0.0 20.0 4.0 0.0 0.0 24.0 0.0 0.0 48.0 4.0 0.0 0.0 20.0 0.0 4.0 12.0 0.0 0.0 0.0 8.0 0.0 0.0 8.0 4.0 0.0 0.0 0.0 0.0 4.0 8.0 0.0 0.0 0.0 16.0 4.0 0.0 32.0 4.0 0.0 0.0 4.0 0.0 0.0 32.0 4.0 0.0 4.0 24.0 0.0 4.0 4.0 0.0 0.0 28.0 0.0 0.0 28.0 0.0 0.0 12.0 0.0 0.0 0.0 4.0 0.0 0.0 0.0 0.0 0.0 0.0 4.0 0.0 4.0 4.0 0.0 0.0 48.0 0.0 0.0 0.0 36.0 4.0 0.0 0.0 4.0
29 1 CONSTANT 4.0
30 1 TRACE 0.0 0.0 36.0 0.0 0.0 4.0 4.0 0.0 0.0 8.0 0.0 0.0 0.0 4.0 0.0 8.0 12.0 0.0 0.0 16.0 4.0 0.0 0.0 0.0 0.0 12.0 4.0 0.0 0.0 0.0 0.0 0.0 8.0 0.0 0.0 0.0 12.0 0.0 0.0 12.0 0.0 0.0 0.0 4.0 0.0 0.0 12.0 0.0 24.0 4.0 0.0 0.0 28.0 0.0 0.0 0.0 4.0 0.0 0.0 8.0 4.0 0.0 0.0 0.0 0.0 0.0 0.0 12.0 0.0 0.0 12.0 4.0 0.0 24.0 0.0 0.0 0.0 0.0 0.0 16.0 4.0 0.0 0.0 8.0 0.0 4.0 16.0 0.0 0.0 4.0 4.0 0.0 0.0 36.0 4.0 0.0 0.0 24.0 0.0 0.0 4.0 20.0 0.0 4.0 0.0 4.0 0.0 4.0 4.0 0.0 0.0 24.0 0.0 0.0 36.0 4.0 0.0 0.0 24.0 0.0 4.0 12.0 4.0 0.0 28.0 0.0 0.0 0.0 4.0 0.0 28.0 4.0 0.0 0.0 20.0 4.0 0.0 0.0 24.0 0.0 0.0 48.0 4.0 0.0 0.0 20.0 0.0 4.0 12.0 0.0 0.0 0.0 8.0 0.0 0.0 8.0 4.0 0.0 0.0 0.0 0.0 4.0 8.0 0.0 0.0 0.0 16.0 4.0 0.0 32.0 4.0 0.0 0.0 4.0 0.0 0.0 32.0 4.0 0.0 4.0 24.0 0.0 4.0 4.0 0.0 0.0 28.0 0.0 0.0 28.0 0.0 0.0 12.0 0.0 0.0 0.0 4.0 0.0 0.0 0.0 0.0 0.0 0.0 4.0 0.0 4.0 4.0 0.0 0.0 48.0 0.0 0.0 0.0 36.0 4.0 0.0 0.0 4.0
31 1 CONSTANT 8.0
32 1 CONSTANT 8.0
33 1 CONSTANT 4.0
34 1 CONSTANT 0.0
35 1 CONSTANT 0.0
36 1 CONSTANT 8.0
37 1 CONSTANT 8.0
38 1 CONSTANT 8.0
39 1 TRACE 8.0 0.0 8.0 0.0 8.0 0.0 0.0 8.0 0.0 0.0 8.0 0.0 0.0 8.0 8.0 0.0 8.0 0.0 8.0 0.0 0.0 8.0 0.0 0.0 8.0 0.0 0.0 8.0 0.0 0.0 8.0 0.0 8.0 0.0 8.0 0.0 0.0 8.0 0.0 8.0 0.0 8.0 0.0 0.0 8.0 0.0 0.0 8.0 0.0 0.0 8.0 0.0 8.0 0.0 8.0 0.0 0.0 8.0 8.0 0.0 0.0 8.0 0.0 0.0 8.0 8.0 0.0 8.0 0.0 8.0 0.0 0.0 8.0 0.0 0.0 8.0 0.0 0.0 8.0 0.0 0.0 8.0 0.0 0.0 8.0 0.0 8.0 0.0 8.0 0.0 0.0 8.0 8.0 0.0 0.0 8.0 0.0 8.0 0.0 8.0 8.0 0.0 0.0 8.0 0.0 0.0 8.0 0.0 0.0 8.0 0.0 8.0 0.0 8.0 0.0 0.0 8.0 0.0 8.0 0.0 8.0 0.0 0.0 8.0 0.0 0.0 8.0 0.0 0.0 8.0 0.0 0.0 8.0 8.0 0.0 0.0 8.0 0.0 8.0 0.0 8.0 0.0 0.0 8.0 0.0 0.0 8.0 0.0 8.0 0.0 8.0 0.0 8.0 0.0 8.0 0.0 0.0 8.0 0.0 0.0 8.0 0.0 8.0 0.0 8.0 0.0 0.0 8.0 8.0 0.0 0.0 8.0 0.0 0.0 8.0 8.0 0.0 0.0 8.0 0.0 0.0 8.0 0.0 0.0 8.0 0.0 0.0 8.0 0.0 8.0 0.0 8.0 0.0 0.0 8.0 0.0 8.0 0.0 8.0 0.0 0.0 8.0 0.0 0.0 8.0 0.0 0.0 8.0 0.0 8.0 0.0 8.0 8.0 0.0 0.0 8.0 0.0 0.0
40 1 CONSTANT 8.0
41 1 CONSTANT 8.0
42 1 CONSTANT 8.0
43 1 CONSTANT 872.0
44 1 CONSTANT 864.0
45 1 CONSTANT 8.0
46 1 CONSTANT 872.0
47 1 CONSTANT 4.0
48 1 TRACE 48128.0 15056.0 8928.0 5792.0 5088.0 5392.0 4688.0 3536.0 3248.0 2400.0 48.0 16.0 16.0 16.0 16.0 44928.0 14832.0 8832.0 6288.0 4432.0 688.0 752.0 688.0 608.0 512.0 0.0 0.0 0.0 0.0 0.0 51856.0 16352.0 9312.0 6512.0 5184.0 3680.0 3104.0 2592.0 2032.0 1872.0 16.0 0.0 0.0 0.0 16.0 32272.0 13968.0 9616.0 6944.0 5808.0 18944.0 10352.0 7056.0 5328.0 4000.0 96.0 64.0 96.0 80.0 32.0 0.0 0.0 0.0 0.0 0.0 52160.0 16032.0 8848.0 6160.0 4800.0 2720.0 2528.0 2320.0 2080.0 1648.0 0.0 16.0 0.0 16.0 0.0 43280.0 14672.0 8720.0 6288.0 4240.0 656.0 560.0 624.0 464.0 544.0 0.0 0.0 0.0 0.0 0.0 19200.0 9392.0 6128.0 4336.0 3744.0 27840.0 12880.0 8160.0 6192.0 4320.0 176.0 208.0 176.0 112.0 176.0 0.0 0.0 0.0 0.0 0.0 45328.0 14832.0 8960.0 6240.0 4480.0 928.0 816.0 784.0 640.0 608.0 0.0 16.0 0.0 0.0 0.0 31952.0 13920.0 8432.0 5584.0 5024.0 17360.0 9888.0 6896.0 5264.0 3968.0 112.0 112.0 80.0 48.0 32.0 0.0 0.0 0.0 0.0 0.0 52176.0 15600.0 9328.0 6416.0 4768.0 2688.0 2656.0 1984.0 1760.0 1488.0 16.0 16.0 0.0 16.0 0.0 50304.0 15488.0 9744.0 6608.0 5216.0 3984.0 3648.0 2640.0 2496.0 1968.0 16.0 32.0 0.0 0.0 0.0 52000.0 16080.0 9440.0 6208.0 5088.0 2784.0 2656.0 2192.0 2144.0 1600.0 16.0 16.0 0.0 0.0 0.0 30080.0 11744.0 7680.0 5952.0 5344.0 18944.0 10640.0 7408.0 5248.0 3776.0 144.0 96.0 80.0 64.0 64.0 0.0 0.0 0.0 0.0 0.0 52640.0 15920.0 9152.0 6336.0 4976.0 2400.0 2112.0 1824.0 1472.0 1360.0 0.0 0.0 16.0 0.0 0.0 39296.0 13984.0 8640.0 6128.0 4272.0 560.0 480.0 432.0 304.0 352.0 0.0 0.0 0.0 0.0 0.0 48640.0 15280.0 9040.0 6432.0 5264.0 5360.0 4608.0 3728.0 3040.0 2304.0 32.0 0.0 16.0 16.0 0.0 52432.0 15680.0 9520.0 6400.0 4832.0 1888.0 2032.0 1584.0 1344.0 1280.0 0.0 0.0 16.0 16.0 0.0 52832.0 16048.0 9120.0 6624.0 4688.0 2752.0 2336.0 2144.0 1696.0 1616.0 0.0 16.0 0.0 0.0 0.0 36000.0 13728.0 8928.0 5792.0 5296.0 13920.0 8448.0 6096.0 4656.0 3632.0 96.0 64.0 32.0 48.0 48.0 0.0 0.0 0.0 0.0 0.0 49072.0 14880.0 8672.0 6096.0 5296.0 5184.0 4800.0 3792.0 3024.0 2144.0 0.0 16.0 16.0 16.0 16.0 50016.0 15536.0 9216.0 6528.0 4944.0 960.0 1008.0 800.0 768.0 576.0 0.0 16.0 0.0 0.0 0.0 30976.0 13584.0 8304.0 5920.0 4256.0 224.0 272.0 208.0 176.0 256.0 0.0 0.0 0.0 0.0 0.0 31936.0 12992.0 9232.0 6032.0 5584.0 17824.0 10240.0 6784.0 5184.0 3792.0 112.0 96.0 96.0 64.0 48.0 0.0 0.0 0.0 0.0 0.0 42848.0 14832.0 8960.0 6128.0 4512.0 640.0 688.0 576.0 448.0 464.0 0.0 0.0 0.0 0.0 0.0 52528.0 16192.0 9376.0 6400.0 5024.0 2176.0 1888.0 1600.0 1344.0 1184.0 0.0 16.0 0.0 0.0 0.0 48528.0 15280.0 9696.0 6304.0 5488.0 5248.0 4464.0 3488.0 3136.0 2176.0 0.0 48.0 16.0 0.0 16.0 51488.0 16144.0 9680.0 6528.0 4816.0 1568.0 1392.0 1216.0 1104.0 960.0 0.0 0.0 0.0 16.0 0.0 29472.0 12288.0 8192.0 5584.0 4160.0 240.0 192.0 128.0 192.0 112.0 0.0 0.0 0.0 0.0 0.0 47024.0 14880.0 8736.0 6144.0 4944.0 5824.0 4880.0 3728.0 3264.0 2752.0 32.0 16.0 16.0 16.0 16.0 43312.0 15936.0 9408.0 6400.0 4720.0 704.0 608.0 528.0 464.0 480.0 0.0 0.0 0.0 0.0 0.0 52480.0 15648.0 9280.0 6352.0 4608.0 2096.0 2016.0 1696.0 1504.0 1328.0 0.0 16.0 0.0 16.0 0.0 44048.0 15392.0 9232.0 6464.0 4768.0 688.0 544.0 432.0 432.0 400.0 0.0 0.0 0.0 0.0 0.0 48656.0 15024.0 8672.0 6112.0 4592.0 5328.0 4432.0 3520.0 2944.0 2496.0 32.0 16.0 16.0 16.0 16.0 31424.0 13456.0 8160.0 6032.0 4272.0 272.0 224.0 272.0 208.0 192.0 0.0 0.0 0.0 0.0 0.0 48160.0 14816.0 8976.0 6592.0 4864.0 5600.0 4320.0 3712.0 3088.0 2576.0 16.0 32.0 16.0 16.0 16.0 44288.0 15024.0 8944.0 6160.0 4464.0 800.0 752.0 720.0 656.0 544.0 0.0 0.0 0.0 0.0 0.0 30944.0 13552.0 8576.0 5856.0 4320.0 256.0 256.0 160.0 192.0 176.0 0.0 0.0 0.0 0.0 0.0 30032.0 11232.0 7456.0 5808.0 4688.0 17536.0 10240.0 7008.0 5072.0 3984.0 80.0 48.0 48.0 64.0 64.0 0.0 0.0 0.0 0.0 0.0 35072.0 14560.0 8592.0 5952.0 4624.0 368.0 288.0 240.0 304.0 224.0 0.0 0.0 0.0 0.0 0.0 28848.0 13248.0 8272.0 5984.0 4400.0 256.0 192.0 208.0 160.0 144.0 0.0 0.0 0.0 0.0 0.0 49792.0 14944.0 8928.0 6000.0 5040.0 4832.0 3904.0 3392.0 2784.0 2320.0 32.0 16.0 0.0 16.0 0.0 28608.0 12640.0 7904.0 5664.0 4176.0 224.0 208.0 240.0 128.0 144.0 0.0 0.0 0.0 0.0 0.0 52688.0 16944.0 9776.0 6592.0 5040.0 2416.0 2304.0 1824.0 1712.0 1344.0 32.0 0.0 16.0 16.0 0.0 49600.0 14992.0 9024.0 6288.0 4848.0 4960.0 4208.0 3504.0 2928.0 2272.0 0.0 16.0 0.0 16.0 0.0 52192.0 15984.0 9328.0 6304.0 4800.0 2448.0 2464.0 2176.0 1904.0 1616.0 0.0 0.0 0.0 16.0 0.0 49232.0 15840.0 9120.0 6256.0 4832.0 896.0 784.0 832.0 736.0 624.0 0.0 16.0 0.0 0.0 0.0 34912.0 12112.0 7792.0 5856.0 5056.0 15072.0 9296.0 6768.0 4992.0 3792.0 96.0 80.0 48.0 16.0 32.0 0.0 0.0 0.0 0.0 0.0 52064.0 15856.0 9264.0 6256.0 4784.0 2496.0 2496.0 2240.0 1936.0 1584.0 0.0 0.0 0.0 16.0 0.0 51312.0 15328.0 9504.0 6256.0 4928.0 3328.0 3104.0 2496.0 2352.0 1744.0 32.0 16.0 0.0 0.0 0.0 39408.0 15088.0 8976.0 6240.0 4592.0 512.0 352.0 464.0 432.0 352.0 0.0 0.0 0.0 0.0 0.0 26064.0 13904.0 10368.0 7040.0 6096.0 25728.0 12272.0 7632.0 5536.0 4080.0 192.0 128.0 128.0 112.0 128.0 0.0 0.0 0.0 0.0 0.0 32080.0 13856.0 8384.0 5968.0 4352.0 256.0 288.0 288.0 256.0 192.0 0.0 0.0 0.0 0.0 0.0 52000.0 16064.0 9632.0 6416.0 5056.0 3264.0 2992.0 2272.0 2256.0 1632.0 32.0 16.0 16.0 16.0 16.0 51616.0 15600.0 9328.0 6336.0 4640.0 1392.0 1488.0 1296.0 1088.0 976.0 0.0 0.0 0.0 0.0 0.0 47584.0 14976.0 8960.0 6160.0 4912.0 5520.0 4688.0 3600.0 3328.0 2672.0 32.0 16.0 0.0 16.0 16.0 49280.0 15344.0 9344.0 5904.0 5120.0 4752.0 4000.0 3136.0 2848.0 2160.0 32.0 16.0 0.0 16.0 0.0 29936.0 13136.0 8288.0 6064.0 4432.0 272.0 304.0 224.0 176.0 144.0 0.0 0.0 0.0 0.0 0.0 52448.0 15584.0 9200.0 6416.0 4656.0 2464.0 2464.0 1872.0 1712.0 1424.0 0.0 16.0 0.0 0.0 0.0 41376.0 14656.0 9040.0 6928.0 5568.0 10736.0 6960.0 5312.0 4288.0 3296.0 112.0 48.0 32.0 16.0 32.0 0.0 0.0 0.0 0.0 0.0 52720.0 15984.0 9632.0 6416.0 5024.0 2608.0 2464.0 2064.0 2048.0 1568.0 0.0 0.0 0.0 0.0 0.0 51968.0 16192.0 9744.0 6672.0 4864.0 2048.0 1968.0 1584.0 1504.0 1216.0 0.0 16.0 0.0 0.0 0.0 45712.0 14576.0 8688.0 6096.0 5104.0 7088.0 5312.0 4368.0 3600.0 2880.0 48.0 16.0 16.0 16.0 16.0 33296.0 13552.0 8544.0 6128.0 4464.0 256.0 336.0 272.0 192.0 176.0 0.0 0.0 0.0 0.0 0.0 25840.0 14176.0 10240.0 6832.0 5376.0 23968.0 11616.0 7584.0 5632.0 4240.0 144.0 144.0 176.0 112.0 96.0 0.0 0.0 0.0 0.0 0.0
49 1 TRACE 880.0 880.0 880.0 872.0 8.0 880.0 880.0 880.0 872.0 8.0 880.0 880.0 880.0 872.0 8.0 880.0 880.0 880.0 872.0 8.0 880.0 880.0 880.0 872.0 8.0 880.0 880.0 880.0 872.0 8.0 880.0 880.0 880.0 872.0 8.0 880.0 880.0 880.0 872.0 8.0 880.0 880.0 880.0 872.0 8.0 880.0 880.0 880.0 872.0 8.0 880.0 880.0 880.0 872.0 8.0 880.0 880.0 880.0 872.0 8.0 880.0 880.0 880.0 872.0 8.0 880.0 880.0 880.0 872.0 8.0 880.0 880.0 880.0 872.0 8.0 880.0 880.0 880.0 872.0 8.0 880.0 880.0 880.0 872.0 8.0 880.0 880.0 880.0 872.0 8.0 880.0 880.0 880.0 872.0 8.0 880.0 880.0 880.0 872.0 8.0 880.0 880.0 880.0 872.0 8.0 880.0 880.0 880.0 872.0 8.0 880.0 880.0 880.0 872.0 8.0 880.0 880.0 880.0 872.0 8.0 880.0 880.0 880.0 872.0 8.0 880.0 880.0 880.0 872.0 8.0 880.0 880.0 880.0 872.0 8.0 880.0 880.0 880.0 872.0 8.0 880.0 880.0 880.0 872.0 8.0 880.0 880.0 880.0 872.0 8.0 880.0 880.0 880.0 872.0 8.0 880.0 880.0 880.0 872.0 8.0 880.0 880.0 880.0 872.0 8.0 880.0 880.0 880.0 872.0 8.0 880.0 880.0 880.0 872.0 8.0 880.0 880.0 880.0 872.0 8.0 880.0 880.0 880.0 872.0 8.0 880.0 880.0 880.0 872.0 8.0 880.0 880.0 880.0 872.0 8.0 880.0 880.0 880.0 872.0 8.0 880.0 880.0 880.0 872.0 8.0 880.0 880.0 880.0 872.0 8.0 880.0 880.0 880.0 872.0 8.0 880.0 880.0 880.0 872.0 8.0 880.0 880.0 880.0 872.0 8.0 880.0 880.0 880.0 872.0 8.0 880.0 880.0 880.0 872.0 8.0 880.0 880.0 880.0 872.0 8.0 880.0 880.0 880.0 872.0 8.0 880.0 880.0 880.0 872.0 8.0 880.0 880.0 880.0 872.0 8.0 880.0 880.0 880.0 872.0 8.0 880.0 880.0 880.0 872.0 8.0 880.0 880.0 880.0 872.0 8.0 880.0 880.0 880.0 872.0 8.0 880.0 880.0 880.0 872.0 8.0 880.0 880.0 880.0 872.0 8.0 880.0 880.0 880.0 872.0 8.0 880.0 880.0 880.0 872.0 8.0 880.0 880.0 880.0 872.0 8.0 880.0 880.0 880.0 872.0 8.0 880.0 880.0 880.0 872.0 8.0 880.0 880.0 880.0 872.0 8.0 880.0 880.0 880.0 872.0 8.0 880.0 880.0 880.0 872.0 8.0 880.0 880.0 880.0 872.0 8.0 880.0 880.0 880.0 872.0 8.0 880.0 880.0 880.0 872.0 8.0 880.0 880.0 880.0 872.0 8.0 880.0 880.0 880.0 872.0 8.0 880.0 880.0 880.0 872.0 8.0 880.0 880.0 880.0 872.0 8.0 880.0 880.0 880.0 872.0 8.0 880.0 880.0 880.0 872.0 8.0 880.0 880.0 880.0 872.0 8.0 880.0 880.0 880.0 872.0 8.0 880.0 880.0 880.0 872.0 8.0 880.0 880.0 880.0 872.0 8.0 880.0 880.0 880.0 872.0 8.0 880.0 880.0 880.0 872.0 8.0 880.0 880.0 880.0 872.0 8.0 880.0 880.0 880.0 872.0 8.0 880.0 880.0 880.0 872.0 8.0 880.0 880.0 880.0 872.0 8.0 880.0 880.0 880.0 872.0 8.0 880.0 880.0 880.0 872.0 8.0 880.0 880.0 880.0 872.0 8.0 880.0 880.0 880.0 872.0 8.0 880.0 880.0 880.0 872.0 8.0 880.0 880.0 880.0 872.0 8.0 880.0 880.0 880.0 872.0 8.0 880.0 880.0 880.0 872.0 8.0 880.0 880.0 880.0 872.0 8.0 880.0 880.0 880.0 872.0 8.0 880.0 880.0 880.0 872.0 8.0 880.0 880.0 880.0 872.0 8.0 880.0 880.0 880.0 872.0 8.0 880.0 880.0 880.0 872.0 8.0 880.0 880.0 880.0 872.0 8.0 880.0 880.0 880.0 872.0 8.0 880.0 880.0 880.0 872.0 8.0 880.0 880.0 880.0 872.0 8.0 880.0 880.0 880.0 872.0 8.0 880.0 880.0 880.0 872.0 8.0 880.0 880.0 880.0 872.0 8.0 880.0 880.0 880.0 872.0 8.0 880.0 880.0 880.0 872.0 8.0 880.0 880.0 880.0 872.0 8.0 880.0 880.0 880.0 872.0 8.0 880.0 880.0 880.0 872.0 8.0 880.0 880.0 880.0 872.0 8.0 880.0 880.0 880.0 872.0 8.0 880.0 880.0 880.0 872.0 8.0 880.0 880.0 880.0 872.0 8.0 880.0 880.0 880.0 872.0 8.0 880.0 880.0 880.0 872.0 8.0 880.0 880.0 880.0 872.0 8.0 880.0 880.0 880.0 872.0 8.0 880.0 880.0 880.0 872.0 8.0 880.0 880.0 880.0 872.0 8.0 880.0 880.0 880.0 872.0 8.0 880.0 880.0 880.0 872.0 8.0 880.0 880.0 880.0 872.0 8.0 880.0 880.0 880.0 872.0 8.0 880.0 880.0 880.0 872.0 8.0 880.0 880.0 880.0 872.0 8.0 880.0 880.0 880.0 872.0 8.0 880.0 880.0 880.0 872.0 8.0 880.0 880.0 880.0 872.0 8.0 880.0 880.0 880.0 872.0 8.0 880.0 880.0 880.0 872.0 8.0 880.0 880.0 880.0 872.0 8.0 880.0 880.0 880.0 872.0 8.0 880.0 880.0 880.0 872.0 8.0 880.0 880.0 880.0 872.0 8.0 880.0 880.0 880.0 872.0 8.0 880.0 880.0 880.0 872.0 8.0 880.0 880.0 880.0 872.0 8.0 880.0 880.0 880.0 872.0 8.0 880.0 880.0 880.0 872.0 8.0 880.0 880.0 880.0 872.0 8.0 880.0 880.0 880.0 872.0 8.0 880.0 880.0 880.0 872.0 8.0 880.0 880.0 880.0 872.0 8.0 880.0 880.0 880.0 872.0 8.0 880.0 880.0 880.0 872.0 8.0 880.0 880.0 880.0 872.0 8.0 880.0 880.0 880.0 872.0 8.0 880.0 880.0 880.0 872.0 8.0 880.0 880.0 880.0 872.0 8.0 880.0 880.0 880.0 872.0 8.0 880.0 880.0 880.0 872.0 8.0 880.0 880.0 880.0 872.0 8.0 880.0 880.0 880.0 872.0 8.0 880.0 880.0 880.0 872.0 8.0 880.0 880.0 880.0 872.0 8.0 880.0 880.0 880.0 872.0 8.0 880.0 880.0 880.0 872.0 8.0 880.0 880.0 880.0 872.0 8.0 880.0 880.0 880.0 872.0 8.0 880.0 880.0 880.0 872.0 8.0 880.0 880.0 880.0 872.0 8.0 880.0 880.0 880.0 872.0 8.0 880.0 880.0 880.0 872.0 8.0 880.0 880.0 880.0 872.0 8.0 880.0 880.0 880.0 872.0 8.0 880.0 880.0 880.0 872.0 8.0 880.0 880.0 880.0 872.0 8.0 880.0 880.0 880.0 872.0 8.0 880.0 880.0 880.0 872.0 8.0 880.0 880.0 880.0 872.0 8.0 880.0 880.0 880.0 872.0 8.0 880.0 880.0 880.0 872.0 8.0 880.0 880.0 880.0 872.0 8.0 880.0 880.0 880.0 872.0 8.0 880.0 880.0 880.0 872.0 8.0 880.0 880.0 880.0 872.0 8.0 880.0 880.0 880.0 872.0 8.0 880.0 880.0 880.0 872.0 8.0 880.0 880.0 880.0 872.0 8.0 880.0 880.0 880.0 872.0 8.0 880.0 880.0 880.0 872.0 8.0 880.0 880.0 880.0 872.0 8.0 880.0 880.0 880.0 872.0 8.0 880.0 880.0 880.0 872.0 8.0 880.0 880.0 880.0 872.0 8.0 880.0 880.0 880.0 872.0 8.0 880.0 880.0 880.0 872.0 8.0 880.0 880.0 880.0 872.0 8.0 880.0 880.0 880.0 872.0 8.0 880.0 880.0 880.0 872.0 8.0 880.0 880.0 880.0 872.0 8.0 880.0 880.0 880.0 872.0 8.0 880.0 880.0 880.0 872.0 8.0 880.0 880.0 880.0 872.0 8.0 880.0 880.0 880.0 872.0 8.0 880.0 880.0 880.0 872.0 8.0 880.0 880.0 880.0 872.0 8.0 880.0 880.0 880.0 872.0 8.0 880.0 880.0 880.0 872.0 8.0 880.0 880.0 880.0 872.0 8.0 880.0 880.0 880.0 872.0 8.0 880.0 880.0 880.0 872.0 8.0
50 1 CONSTANT 8.0
51 1 CONSTANT 8.0
52 1 CONSTANT 8.0
53 1 CONSTANT 8.0
54 1 CONSTANT 0.0
55 1 CONSTANT 0.0
56 1 CONSTANT 0.0
57 1 CONSTANT 0.0
58 1 CONSTANT 0.0
59 1 CONSTANT 0.0
60 1 CONSTANT 0.0
61 1 CONSTANT 0.0
62 1 CONSTANT 8.0
