0 1 1 TRACE 1672855740144239.0
1 2 1 TRACE 11396.0 218.0 199.0 193.0 165.0 166.0 164.0 164.0 178.0 165.0 172.0 186.0 181.0 164.0 179.0 168.0 160.0 172.0 175.0 168.0 172.0 182.0 173.0 246.0 184.0 169.0 154.0 174.0 303.0 182.0 165.0 330.0 172.0 176.0 152.0 188.0 156.0 153.0 153.0 162.0 187.0 176.0 170.0 172.0 255.0 184.0 174.0 155.0 161.0 164.0 187.0 183.0 172.0 164.0 155.0 153.0 161.0 158.0 191.0 159.0 180.0 171.0 180.0 182.0
2 3 1 TRACE 214.0 42.0 45.0 43.0 29.0 41.0 72.0 52.0 151.0 121.0 194.0 30.0 36.0 37.0 64.0 157.0 135.0 59.0 33.0 55.0 29.0 143.0 40.0 32.0 139.0 46.0 35.0 209.0 37.0 38.0 36.0 221.0 142.0 36.0 217.0 519.0 32.0 100.0 40.0 148.0 36.0 61.0 50.0 136.0 207.0 29.0 39.0 34.0 35.0 49.0 38.0 37.0 142.0 43.0 143.0 35.0 132.0 156.0 1026.0 106.0 64.0 38.0 99.0 77.0
3 4 1 TRACE 42.0 31.0 60.0 122.0 24.0 35.0 22.0 59.0 25.0 55.0 30.0 31.0 25.0 23.0 43.0 27.0 23.0 25.0 124.0 33.0 23.0 25.0 31.0 36.0 23.0 40.0 27.0 114.0 34.0 24.0 27.0 50.0 114.0 31.0 134.0 77.0 45.0 107.0 26.0 71.0 122.0 31.0 124.0 55.0 23.0 27.0 22.0 30.0 21.0 41.0 31.0 26.0 137.0 38.0 25.0 28.0 21.0 55.0 211.0 31.0 21.0 22.0 30.0 22.0
4 5 1 TRACE 21.0 15.0 23.0 112.0 16.0 24.0 30.0 15.0 16.0 15.0 15.0 118.0 23.0 26.0 16.0 15.0 15.0 15.0 15.0 15.0 26.0 14.0 15.0 23.0 14.0 14.0 15.0 16.0 16.0 16.0 16.0 26.0 14.0 22.0 115.0 23.0 18.0 113.0 16.0 16.0 43.0 14.0 15.0 14.0 15.0 34.0 14.0 102.0 15.0 14.0 19.0 15.0 17.0 26.0 14.0 15.0 15.0 18.0 17.0 20.0 15.0 16.0 14.0 15.0
5 6 1 TRACE 39.0 18.0 18.0 21.0 167.0 97.0 18.0 17.0 19.0 19.0 17.0 19.0 27.0 15.0 25.0 20.0 23.0 18.0 114.0 20.0 28.0 19.0 19.0 17.0 182.0 20.0 178.0 20.0 12.0 39.0 174.0 33.0 22.0 11.0 11.0 11.0 12.0 11.0 22.0 25.0 16.0 19.0 22.0 65.0 20.0 12.0 11.0 11.0 23.0 11.0 12.0 26.0 14.0 14.0 126.0 22.0 16.0 183.0 16.0 11.0 156.0 22.0 19.0 13.0
6 7 1 TRACE 19.0 24.0 180.0 18.0 103.0 11.0 156.0 14.0 152.0 26.0 99.0 18.0 153.0 11.0 14.0 20.0 127.0 15.0 72.0 16.0 13.0 15.0 14.0 13.0 20.0 15.0 19.0 14.0 12.0 16.0 20.0 16.0 142.0 13.0 7.0 14.0 85.0 8.0 139.0 14.0 275.0 12.0 157.0 11.0 153.0 8.0 10.0 7.0 8.0 8.0 7.0 155.0 15.0 11.0 19.0 8.0 13.0 20.0 15.0 24.0 22.0 9.0 9.0 9.0
7 8 1 TRACE 22.0 13.0 15.0 10.0 16.0 13.0 15.0 15.0 15.0 22.0 26.0 15.0 15.0 11.0 15.0 28.0 14.0 15.0 16.0 16.0 16.0 15.0 15.0 13.0 13.0 17.0 11.0 12.0 17.0 15.0 13.0 18.0 17.0 8.0 8.0 15.0 14.0 8.0 15.0 13.0 13.0 15.0 15.0 40.0 16.0 11.0 16.0 7.0 8.0 108.0 9.0 15.0 15.0 11.0 27.0 13.0 14.0 16.0 15.0 28.0 17.0 8.0 9.0 14.0
8 9 1 TRACE 18.0 13.0 14.0 14.0 25.0 14.0 15.0 15.0 14.0 15.0 23.0 14.0 16.0 12.0 14.0 39.0 15.0 15.0 16.0 18.0 13.0 14.0 15.0 13.0 13.0 15.0 12.0 25.0 12.0 14.0 12.0 17.0 18.0 8.0 8.0 16.0 14.0 8.0 15.0 14.0 15.0 15.0 15.0 18.0 17.0 15.0 16.0 8.0 11.0 15.0 8.0 15.0 15.0 10.0 16.0 8.0 14.0 15.0 15.0 29.0 16.0 14.0 12.0 16.0
9 10 1 TRACE 53.0 56.0 182.0 53.0 86.0 183.0 61.0 33.0 71.0 56.0 116.0 39.0 56.0 126.0 140.0 189.0 53.0 35.0 61.0 136.0 35.0 80.0 153.0 52.0 68.0 139.0 145.0 78.0 34.0 113.0 72.0 67.0 55.0 89.0 51.0 47.0 144.0 130.0 74.0 40.0 76.0 124.0 72.0 162.0 250.0 39.0 222.0 184.0 41.0 47.0 137.0 74.0 37.0 40.0 171.0 80.0 148.0 41.0 757.0 129.0 59.0 37.0 36.0 35.0
10 11 1 TRACE 22.0 17.0 18.0 17.0 18.0 54.0 17.0 19.0 18.0 17.0 17.0 17.0 17.0 17.0 17.0 34.0 16.0 17.0 16.0 16.0 16.0 17.0 17.0 24.0 16.0 18.0 16.0 18.0 17.0 27.0 17.0 34.0 17.0 17.0 17.0 17.0 16.0 18.0 17.0 17.0 17.0 17.0 20.0 18.0 19.0 18.0 18.0 21.0 16.0 18.0 20.0 16.0 17.0 17.0 19.0 17.0 110.0 18.0 17.0 17.0 16.0 16.0 18.0 17.0
11 12 1 TRACE 30.0 22.0 20.0 22.0 26.0 69.0 24.0 20.0 28.0 23.0 23.0 24.0 24.0 23.0 23.0 18.0 23.0 20.0 24.0 23.0 22.0 22.0 25.0 19.0 24.0 22.0 128.0 20.0 29.0 21.0 28.0 31.0 29.0 23.0 23.0 18.0 22.0 21.0 20.0 20.0 22.0 23.0 21.0 21.0 131.0 53.0 23.0 23.0 27.0 125.0 20.0 24.0 20.0 22.0 19.0 27.0 18.0 23.0 294.0 28.0 24.0 23.0 20.0 21.0
12 13 1 TRACE 24.0 19.0 19.0 21.0 19.0 44.0 19.0 19.0 19.0 20.0 19.0 20.0 19.0 103.0 18.0 21.0 19.0 19.0 19.0 20.0 20.0 20.0 19.0 20.0 21.0 19.0 20.0 19.0 19.0 21.0 32.0 26.0 21.0 20.0 19.0 20.0 25.0 25.0 19.0 20.0 20.0 19.0 21.0 20.0 20.0 39.0 19.0 33.0 18.0 19.0 19.0 20.0 20.0 19.0 18.0 19.0 116.0 19.0 383.0 19.0 20.0 20.0 19.0 19.0
13 14 1 TRACE 20.0 9.0 9.0 9.0 9.0 11.0 8.0 9.0 10.0 10.0 9.0 9.0 9.0 10.0 10.0 8.0 9.0 9.0 9.0 9.0 10.0 9.0 9.0 8.0 9.0 10.0 10.0 9.0 9.0 9.0 9.0 9.0 9.0 9.0 10.0 8.0 9.0 10.0 10.0 9.0 9.0 9.0 8.0 9.0 9.0 9.0 9.0 9.0 8.0 9.0 9.0 9.0 9.0 9.0 9.0 10.0 9.0 9.0 9.0 10.0 15.0 9.0 9.0 8.0
14 15 1 TRACE 25.0 15.0 15.0 15.0 15.0 17.0 15.0 15.0 15.0 16.0 15.0 54.0 15.0 15.0 16.0 15.0 15.0 14.0 15.0 31.0 16.0 16.0 15.0 14.0 15.0 16.0 16.0 16.0 16.0 15.0 51.0 16.0 16.0 15.0 16.0 27.0 16.0 16.0 16.0 15.0 15.0 97.0 16.0 15.0 15.0 43.0 15.0 16.0 15.0 121.0 16.0 23.0 15.0 15.0 113.0 16.0 15.0 16.0 15.0 16.0 15.0 15.0 16.0 15.0
15 16 1 TRACE 12.0 8.0 8.0 8.0 8.0 8.0 8.0 8.0 8.0 8.0 8.0 8.0 9.0 8.0 8.0 9.0 8.0 8.0 9.0 8.0 9.0 8.0 8.0 8.0 8.0 8.0 8.0 8.0 8.0 8.0 8.0 9.0 9.0 8.0 8.0 8.0 8.0 8.0 8.0 8.0 8.0 8.0 8.0 8.0 8.0 8.0 8.0 8.0 8.0 8.0 8.0 8.0 8.0 8.0 8.0 8.0 8.0 8.0 8.0 8.0 9.0 8.0 8.0 8.0
16 17 1 TRACE 63.0 85.0 81.0 81.0 74.0 167.0 78.0 81.0 102.0 73.0 74.0 128.0 87.0 263.0 75.0 86.0 87.0 85.0 171.0 74.0 76.0 83.0 75.0 90.0 86.0 293.0 76.0 74.0 64.0 84.0 71.0 148.0 86.0 85.0 82.0 87.0 99.0 74.0 160.0 190.0 86.0 194.0 83.0 93.0 80.0 119.0 86.0 104.0 79.0 76.0 87.0 241.0 76.0 77.0 179.0 76.0 160.0 231.0 804.0 185.0 83.0 170.0 163.0 87.0
17 18 1 TRACE 22.0 16.0 18.0 19.0 17.0 18.0 18.0 18.0 17.0 17.0 16.0 20.0 17.0 19.0 19.0 18.0 17.0 17.0 17.0 17.0 16.0 19.0 16.0 22.0 17.0 17.0 16.0 16.0 24.0 16.0 18.0 30.0 19.0 17.0 16.0 16.0 17.0 17.0 16.0 17.0 17.0 17.0 21.0 16.0 18.0 17.0 17.0 17.0 50.0 17.0 16.0 18.0 17.0 25.0 18.0 17.0 113.0 137.0 16.0 17.0 17.0 16.0 18.0 18.0
18 19 1 TRACE 26.0 32.0 20.0 24.0 22.0 105.0 19.0 20.0 20.0 21.0 111.0 20.0 21.0 23.0 19.0 20.0 20.0 23.0 129.0 21.0 20.0 21.0 20.0 18.0 21.0 21.0 20.0 20.0 17.0 20.0 20.0 37.0 21.0 17.0 20.0 21.0 22.0 20.0 116.0 60.0 74.0 19.0 33.0 18.0 20.0 26.0 116.0 55.0 115.0 21.0 21.0 19.0 20.0 17.0 21.0 20.0 18.0 24.0 92.0 20.0 20.0 26.0 131.0 21.0
19 20 1 TRACE 25.0 17.0 17.0 18.0 19.0 40.0 18.0 18.0 19.0 18.0 22.0 18.0 19.0 18.0 18.0 17.0 17.0 29.0 21.0 19.0 18.0 19.0 17.0 108.0 19.0 19.0 17.0 18.0 19.0 19.0 18.0 24.0 18.0 17.0 18.0 18.0 18.0 18.0 19.0 111.0 20.0 18.0 94.0 18.0 19.0 19.0 100.0 42.0 179.0 19.0 42.0 18.0 25.0 105.0 18.0 19.0 17.0 55.0 18.0 20.0 18.0 31.0 132.0 31.0
20 21 1 TRACE 25.0 24.0 21.0 22.0 21.0 20.0 20.0 20.0 20.0 20.0 20.0 19.0 23.0 21.0 20.0 21.0 20.0 21.0 20.0 25.0 20.0 20.0 20.0 20.0 20.0 20.0 19.0 20.0 21.0 20.0 20.0 23.0 21.0 20.0 20.0 20.0 20.0 19.0 20.0 21.0 20.0 21.0 20.0 20.0 20.0 20.0 20.0 20.0 20.0 20.0 21.0 20.0 20.0 20.0 20.0 20.0 20.0 122.0 20.0 93.0 21.0 20.0 112.0 21.0
21 22 1 TRACE 26.0 12.0 12.0 13.0 12.0 13.0 14.0 13.0 12.0 13.0 13.0 13.0 12.0 13.0 12.0 12.0 12.0 13.0 12.0 13.0 12.0 13.0 12.0 11.0 12.0 12.0 13.0 12.0 12.0 12.0 12.0 13.0 13.0 12.0 12.0 11.0 12.0 12.0 12.0 12.0 15.0 12.0 12.0 13.0 12.0 12.0 12.0 12.0 13.0 12.0 12.0 12.0 12.0 11.0 12.0 12.0 12.0 12.0 12.0 12.0 13.0 13.0 12.0 12.0
22 23 1 TRACE 623.0 594.0 609.0 566.0 523.0 587.0 527.0 685.0 556.0 505.0 598.0 509.0 609.0 535.0 533.0 540.0 567.0 499.0 556.0 532.0 514.0 473.0 537.0 579.0 542.0 422.0 532.0 530.0 528.0 455.0 532.0 539.0 535.0 572.0 422.0 551.0 553.0 533.0 518.0 502.0 544.0 452.0 532.0 515.0 675.0 534.0 545.0 523.0 543.0 506.0 565.0 579.0 532.0 623.0 415.0 413.0 525.0 423.0 454.0 374.0 566.0 544.0 469.0 557.0
23 24 1 TRACE 49.0 28.0 37.0 26.0 27.0 27.0 27.0 27.0 31.0 28.0 29.0 40.0 27.0 28.0 28.0 45.0 31.0 28.0 25.0 74.0 27.0 158.0 29.0 36.0 27.0 29.0 26.0 31.0 28.0 27.0 28.0 42.0 33.0 37.0 30.0 132.0 30.0 38.0 30.0 27.0 26.0 33.0 33.0 123.0 124.0 27.0 29.0 29.0 27.0 41.0 29.0 137.0 28.0 123.0 30.0 26.0 33.0 50.0 26.0 29.0 30.0 28.0 121.0 45.0
24 25 1 TRACE 55.0 22.0 21.0 22.0 21.0 22.0 20.0 21.0 22.0 21.0 21.0 22.0 21.0 26.0 23.0 26.0 121.0 22.0 20.0 20.0 22.0 167.0 21.0 37.0 21.0 22.0 21.0 36.0 21.0 22.0 22.0 169.0 35.0 22.0 22.0 23.0 21.0 24.0 21.0 21.0 20.0 20.0 22.0 22.0 26.0 21.0 22.0 21.0 19.0 22.0 22.0 28.0 21.0 23.0 23.0 21.0 22.0 28.0 21.0 21.0 22.0 21.0 25.0 21.0
25 26 1 TRACE 56.0 17.0 43.0 21.0 19.0 17.0 44.0 21.0 17.0 18.0 43.0 20.0 17.0 17.0 16.0 44.0 19.0 17.0 17.0 45.0 41.0 16.0 17.0 44.0 18.0 17.0 17.0 44.0 20.0 17.0 16.0 17.0 44.0 19.0 17.0 16.0 44.0 40.0 17.0 43.0 43.0 17.0 17.0 43.0 22.0 17.0 49.0 21.0 19.0 17.0 44.0 41.0 17.0 44.0 41.0 18.0 16.0 44.0 21.0 18.0 17.0 43.0 21.0 17.0 17.0 45.0 22.0 19.0 17.0 16.0 43.0 17.0 17.0 17.0 17.0 45.0 21.0 18.0 17.0 17.0 44.0 30.0 17.0 44.0 21.0 19.0 17.0 17.0 44.0 29.0 16.0 44.0 18.0 16.0 18.0 44.0 21.0 20.0 17.0 61.0 41.0 17.0 44.0 40.0 17.0 17.0 43.0 30.0 18.0 43.0 20.0 17.0 18.0 44.0 20.0 19.0 17.0 44.0 39.0 17.0 45.0 40.0 19.0 44.0 20.0 18.0 17.0 44.0 22.0 18.0 17.0 44.0 38.0 17.0 44.0 21.0 19.0 16.0 16.0 44.0 28.0 22.0 44.0 39.0 16.0 44.0 40.0 17.0 44.0 18.0 18.0 17.0 43.0 21.0 21.0 17.0 43.0 20.0 19.0 20.0 17.0 43.0 28.0 17.0 17.0 43.0 27.0 16.0 45.0 19.0 17.0 17.0 44.0 18.0 17.0 17.0 44.0 21.0 19.0 16.0 63.0 38.0 17.0 17.0 44.0 19.0 17.0 17.0 17.0 44.0 18.0 17.0 17.0 67.0 19.0 20.0 17.0 43.0 21.0 20.0 16.0 17.0 43.0 17.0 25.0 17.0 17.0 44.0 19.0 17.0 17.0 57.0 41.0 17.0 44.0 40.0 17.0 16.0 44.0 17.0 18.0 17.0 44.0 41.0 17.0 44.0 22.0 19.0 17.0 44.0 40.0 16.0 43.0 21.0 18.0 17.0 57.0 25.0 17.0 17.0 44.0 20.0 19.0 17.0 44.0 22.0 18.0 17.0 43.0 22.0
26 27 1 TRACE 11.0 7.0 8.0 8.0 8.0 8.0 8.0 7.0 7.0 12.0 7.0 8.0 7.0 7.0 7.0 8.0 8.0 8.0 8.0 8.0 8.0 7.0 8.0 8.0 8.0 7.0 8.0 8.0 8.0 8.0 7.0 7.0 8.0 7.0 8.0 7.0 8.0 8.0 7.0 8.0 7.0 7.0 8.0 7.0 8.0 7.0 20.0 8.0 8.0 7.0 8.0 8.0 7.0 8.0 8.0 7.0 7.0 8.0 8.0 7.0 8.0 8.0 7.0 7.0 7.0 8.0 7.0 8.0 8.0 7.0 8.0 7.0 8.0 7.0 8.0 8.0 8.0 7.0 7.0 7.0 7.0 7.0 8.0 7.0 8.0 8.0 7.0 7.0 8.0 7.0 7.0 8.0 8.0 7.0 8.0 7.0 8.0 8.0 7.0 8.0 8.0 7.0 8.0 8.0 7.0 7.0 8.0 8.0 8.0 7.0 8.0 7.0 8.0 8.0 8.0 7.0 8.0 8.0 8.0 7.0 8.0 8.0 9.0 8.0 7.0 8.0 8.0 7.0 8.0 8.0 8.0 7.0 8.0 8.0 8.0 7.0 8.0 8.0 7.0 8.0 8.0 10.0 7.0 7.0 7.0 8.0 7.0 10.0 8.0 8.0 8.0 8.0 8.0 8.0 8.0 7.0 8.0 7.0 8.0 8.0 7.0 7.0 7.0 8.0 12.0 8.0 7.0 7.0 8.0 7.0 8.0 7.0 8.0 7.0 7.0 8.0 8.0 7.0 7.0 8.0 8.0 8.0 8.0 7.0 8.0 8.0 7.0 8.0 8.0 8.0 7.0 8.0 7.0 8.0 8.0 7.0 7.0 7.0 7.0 8.0 7.0 8.0 7.0 7.0 8.0 8.0 7.0 8.0 8.0 7.0 7.0 9.0 7.0 7.0 8.0 7.0 7.0 7.0 7.0 8.0 7.0 8.0 7.0 8.0 7.0 8.0 8.0 7.0 8.0 7.0 7.0 7.0 7.0 8.0 7.0 7.0 7.0 7.0 7.0 8.0 8.0 7.0 7.0 7.0 8.0 7.0 8.0 7.0 7.0 8.0
27 28 1 TRACE 11.0 7.0 8.0 8.0 7.0 7.0 8.0 7.0 7.0 7.0 7.0 8.0 8.0 8.0 7.0 8.0 8.0 7.0 7.0 7.0 8.0 7.0 7.0 8.0 7.0 8.0 7.0 8.0 7.0 7.0 8.0 7.0 8.0 8.0 7.0 7.0 8.0 8.0 7.0 8.0 7.0 8.0 7.0 7.0 8.0 7.0 8.0 8.0 8.0 7.0 8.0 8.0 7.0 8.0 8.0 7.0 7.0 8.0 8.0 7.0 8.0 7.0 7.0 7.0 8.0 8.0 7.0 7.0 7.0 8.0 7.0 7.0 7.0 8.0 7.0 8.0 7.0 7.0 7.0 8.0 7.0 7.0 7.0 7.0 8.0 7.0 7.0 7.0 8.0 7.0 7.0 8.0 8.0 7.0 7.0 7.0 7.0 8.0 7.0 20.0 8.0 8.0 7.0 7.0 8.0 7.0 8.0 8.0 7.0 7.0 8.0 8.0 8.0 7.0 8.0 8.0 7.0 8.0 7.0 7.0 8.0 8.0 8.0 8.0 7.0 7.0 7.0 8.0 8.0 7.0 7.0 7.0 7.0 7.0 8.0 7.0 7.0 7.0 7.0 8.0 7.0 10.0 8.0 7.0 7.0 7.0 7.0 8.0 8.0 8.0 7.0 7.0 8.0 8.0 8.0 7.0 8.0 7.0 7.0 7.0 8.0 7.0 7.0 7.0 8.0 7.0 7.0 8.0 9.0 8.0 7.0 8.0 8.0 7.0 8.0 7.0 7.0 8.0 8.0 7.0 8.0 8.0 7.0 7.0 8.0 8.0 7.0 7.0 7.0 8.0 7.0 7.0 7.0 8.0 7.0 8.0 7.0 7.0 7.0 7.0 8.0 7.0 8.0 7.0 7.0 7.0 7.0 8.0 8.0 8.0 7.0 8.0 7.0 8.0 8.0 8.0 8.0 7.0 8.0 7.0 8.0 7.0 7.0 8.0 7.0 8.0 8.0 8.0 7.0 8.0 7.0 7.0 8.0 7.0 7.0 7.0 7.0 8.0 8.0 7.0 8.0 8.0 7.0 8.0 8.0 7.0 7.0 7.0 8.0 8.0
28 29 1 TRACE 12.0 8.0 9.0 9.0 8.0 8.0 9.0 9.0 8.0 9.0 8.0 9.0 8.0 8.0 9.0 9.0 9.0 9.0 8.0 8.0 8.0 8.0 9.0 9.0 8.0 8.0 8.0 9.0 8.0 8.0 12.0 8.0 9.0 8.0 8.0 8.0 9.0 8.0 8.0 8.0 10.0 8.0 9.0 8.0 8.0 8.0 10.0 9.0 8.0 8.0 9.0 9.0 8.0 9.0 8.0 8.0 8.0 9.0 9.0 8.0 9.0 8.0 9.0 8.0 8.0 9.0 9.0 8.0 8.0 8.0 8.0 8.0 8.0 8.0 9.0 9.0 9.0 8.0 8.0 8.0 9.0 8.0 8.0 9.0 9.0 8.0 8.0 8.0 20.0 9.0 8.0 9.0 8.0 8.0 8.0 10.0 9.0 8.0 8.0 22.0 8.0 8.0 9.0 8.0 8.0 9.0 9.0 8.0 8.0 8.0 8.0 8.0 9.0 9.0 9.0 9.0 8.0 9.0 8.0 8.0 9.0 9.0 9.0 9.0 9.0 8.0 8.0 9.0 8.0 9.0 9.0 8.0 8.0 8.0 9.0 9.0 9.0 8.0 9.0 9.0 8.0 11.0 9.0 8.0 8.0 8.0 9.0 10.0 9.0 8.0 8.0 8.0 9.0 8.0 8.0 8.0 9.0 9.0 8.0 9.0 8.0 9.0 8.0 8.0 9.0 8.0 8.0 8.0 9.0 8.0 8.0 8.0 9.0 9.0 8.0 9.0 9.0 9.0 8.0 9.0 9.0 8.0 9.0 9.0 9.0 8.0 8.0 8.0 9.0 9.0 8.0 8.0 8.0 9.0 8.0 8.0 8.0 9.0 9.0 9.0 8.0 10.0 10.0 8.0 9.0 8.0 8.0 9.0 8.0 8.0 8.0 10.0 9.0 8.0 9.0 9.0 8.0 9.0 9.0 8.0 8.0 8.0 8.0 8.0 8.0 9.0 9.0 8.0 8.0 9.0 9.0 8.0 9.0 8.0 8.0 8.0 8.0 9.0 8.0 8.0 9.0 9.0 9.0 8.0 9.0 8.0 8.0 8.0 9.0 9.0
29 30 1 TRACE 45.0 63.0 42.0 36.0 213.0 32.0 54.0 37.0 42.0 153.0 35.0 37.0 43.0 34.0 35.0 35.0 40.0 34.0 32.0 33.0 122.0 96.0 38.0 201.0 157.0 37.0 33.0 37.0 81.0 51.0 95.0 70.0 40.0 35.0 44.0 34.0 35.0 30.0 43.0 55.0 18.0 291.0 30.0 50.0 52.0 34.0 124.0 35.0 40.0 32.0 32.0 74.0 32.0 224.0 36.0 61.0 138.0 158.0 40.0 47.0 32.0 36.0 39.0 140.0 43.0 215.0 37.0 45.0 33.0 33.0 36.0 147.0 41.0 36.0 37.0 157.0 64.0 34.0 32.0 51.0 43.0 128.0 47.0 37.0 79.0 347.0 33.0 35.0 19.0 48.0 34.0 114.0 137.0 60.0 68.0 41.0 37.0 49.0 34.0 80.0 35.0 36.0 40.0 35.0 36.0 34.0 133.0 29.0 66.0 186.0 36.0 44.0 29.0 40.0 38.0 38.0 34.0 35.0 33.0 120.0 34.0 73.0 70.0 39.0 40.0 444.0 34.0 36.0 60.0 45.0 678.0 35.0 217.0 121.0 55.0 39.0 157.0 19.0 35.0 37.0 148.0 106.0 52.0 33.0 35.0 37.0 37.0 95.0 36.0 129.0 38.0 36.0 126.0 26.0 41.0 33.0 37.0 39.0 43.0 112.0 35.0 242.0 53.0 33.0 33.0 37.0 135.0 59.0 32.0 56.0 47.0 29.0 38.0 150.0 46.0 37.0 40.0 32.0 42.0 152.0 101.0 35.0 233.0 33.0 37.0 57.0 36.0 116.0 39.0 34.0 37.0 43.0 276.0 15.0 162.0 40.0 31.0 31.0 36.0 134.0 161.0 158.0 46.0 37.0 20.0 33.0 33.0 31.0 37.0 41.0 145.0 209.0 31.0 35.0 136.0 34.0 63.0 111.0 128.0 36.0 37.0 32.0 132.0 200.0 32.0 140.0 42.0 41.0 38.0 37.0 34.0 31.0 36.0 128.0 41.0 33.0 22.0 16.0 48.0 36.0 40.0 40.0 136.0 31.0 38.0 37.0 252.0 34.0 36.0 24.0
30 31 1 TRACE 21.0 9.0 1805.0 17.0 9.0 16.0 21.0 9.0 9.0 17.0 19.0 8.0 18.0 8.0 18.0 18.0 9.0 16.0 8.0 17.0 9.0 8.0 20.0 134.0 8.0 8.0 17.0 23.0 9.0 8.0 8.0 17.0 20.0 8.0 8.0 17.0 17.0 9.0 8.0 29.0 18.0 8.0 93.0 123.0 9.0 16.0 20.0 17.0 9.0 8.0 17.0 46.0 8.0 19.0 9.0 9.0 16.0 22.0 16.0 8.0 16.0 20.0 9.0 9.0 20.0 20.0 16.0 8.0 8.0 17.0 20.0 8.0 11.0 8.0 20.0 113.0 8.0 8.0 16.0 67.0 18.0 8.0 15.0 23.0 37.0 9.0 8.0 18.0 17.0 9.0 18.0 19.0 9.0 17.0 17.0 21.0 16.0 9.0 8.0 17.0 17.0 16.0 135.0 9.0 17.0 19.0 18.0 17.0 23.0 58.0 9.0 8.0 26.0 24.0 19.0 8.0 7.0 17.0 18.0 16.0 17.0 10.0 28.0 22.0 16.0 99.0 16.0 22.0 8.0 9.0 38.0 17.0 136.0 23.0 20.0 17.0 17.0 9.0 17.0 18.0 21.0 9.0 19.0 9.0 16.0 17.0 9.0 16.0 18.0 8.0 8.0 15.0 23.0 18.0 8.0 16.0 21.0 17.0 8.0 9.0 21.0 31.0 9.0 16.0 18.0 18.0 8.0 17.0 24.0 8.0 8.0 19.0 20.0 8.0 8.0 16.0 27.0 16.0 8.0 18.0 17.0 9.0 8.0 19.0 16.0 8.0 9.0 8.0 16.0 19.0 8.0 17.0 9.0 23.0 19.0 8.0 8.0 23.0 17.0 9.0 28.0 21.0 17.0 8.0 9.0 8.0 17.0 18.0 8.0 18.0 201.0 17.0 9.0 16.0 18.0 8.0 8.0 19.0 18.0 8.0 8.0 8.0 16.0 9.0 16.0 21.0 134.0 16.0 17.0 16.0 9.0 17.0 20.0 16.0 9.0 15.0 23.0 8.0 8.0 16.0 21.0 16.0 8.0 18.0 20.0 16.0 8.0 16.0 19.0 9.0
31 32 1 TRACE 17.0 12.0 25.0 13.0 17.0 12.0 12.0 13.0 11.0 24.0 28.0 30.0 12.0 12.0 12.0 13.0 12.0 11.0 12.0 12.0 36.0 20.0 12.0 14.0 12.0 11.0 11.0 12.0 12.0 11.0 12.0 12.0 12.0 12.0 12.0 11.0 168.0 12.0 11.0 13.0 13.0 12.0 44.0 13.0 11.0 12.0 14.0 12.0 11.0 11.0 12.0 13.0 11.0 12.0 11.0 11.0 12.0 13.0 13.0 12.0 17.0 12.0 12.0 12.0 11.0 12.0 13.0 12.0 11.0 12.0 12.0 11.0 16.0 11.0 12.0 12.0 53.0 14.0 11.0 12.0 12.0 12.0 11.0 13.0 24.0 11.0 11.0 11.0 13.0 11.0 12.0 12.0 11.0 11.0 12.0 15.0 12.0 11.0 11.0 13.0 12.0 12.0 12.0 11.0 12.0 12.0 12.0 12.0 12.0 12.0 13.0 11.0 12.0 13.0 12.0 11.0 11.0 12.0 11.0 12.0 12.0 24.0 14.0 12.0 12.0 95.0 17.0 13.0 12.0 11.0 21.0 13.0 13.0 12.0 12.0 12.0 12.0 13.0 12.0 12.0 12.0 13.0 13.0 11.0 12.0 12.0 11.0 12.0 12.0 16.0 11.0 11.0 13.0 13.0 12.0 12.0 12.0 11.0 11.0 63.0 12.0 15.0 19.0 12.0 12.0 12.0 11.0 12.0 24.0 11.0 12.0 13.0 28.0 12.0 12.0 12.0 13.0 13.0 12.0 13.0 13.0 11.0 73.0 12.0 14.0 12.0 12.0 12.0 11.0 12.0 12.0 11.0 12.0 13.0 12.0 11.0 11.0 13.0 12.0 12.0 11.0 12.0 13.0 28.0 12.0 12.0 12.0 12.0 12.0 11.0 12.0 12.0 12.0 12.0 12.0 11.0 12.0 12.0 13.0 12.0 12.0 11.0 13.0 12.0 12.0 13.0 13.0 11.0 11.0 12.0 12.0 12.0 12.0 12.0 18.0 12.0 12.0 12.0 11.0 12.0 13.0 12.0 12.0 14.0 13.0 12.0 16.0 11.0 12.0 13.0
32 33 1 TRACE 22.0 17.0 487.0 28.0 16.0 16.0 19.0 18.0 16.0 23.0 18.0 18.0 19.0 17.0 17.0 17.0 17.0 17.0 29.0 17.0 18.0 41.0 17.0 95.0 22.0 19.0 17.0 18.0 21.0 17.0 17.0 29.0 17.0 17.0 17.0 16.0 186.0 16.0 17.0 17.0 18.0 17.0 17.0 120.0 17.0 17.0 19.0 17.0 17.0 17.0 18.0 19.0 17.0 27.0 17.0 17.0 17.0 20.0 18.0 16.0 17.0 19.0 17.0 18.0 18.0 19.0 17.0 17.0 18.0 17.0 18.0 17.0 17.0 17.0 131.0 17.0 18.0 18.0 17.0 17.0 17.0 17.0 17.0 20.0 17.0 17.0 16.0 17.0 16.0 16.0 17.0 17.0 24.0 17.0 17.0 18.0 17.0 17.0 16.0 17.0 17.0 17.0 18.0 17.0 20.0 17.0 17.0 17.0 17.0 18.0 16.0 17.0 16.0 22.0 17.0 127.0 17.0 17.0 17.0 17.0 17.0 28.0 37.0 19.0 17.0 17.0 18.0 19.0 17.0 16.0 16.0 17.0 18.0 18.0 18.0 17.0 17.0 18.0 18.0 18.0 16.0 17.0 18.0 17.0 16.0 18.0 16.0 17.0 17.0 124.0 16.0 17.0 19.0 16.0 16.0 18.0 20.0 17.0 16.0 17.0 16.0 18.0 17.0 34.0 17.0 17.0 17.0 17.0 18.0 17.0 16.0 17.0 116.0 18.0 16.0 16.0 20.0 18.0 16.0 17.0 18.0 17.0 40.0 17.0 17.0 19.0 17.0 17.0 17.0 17.0 16.0 17.0 17.0 19.0 18.0 21.0 17.0 19.0 17.0 17.0 17.0 26.0 17.0 17.0 17.0 17.0 16.0 17.0 19.0 16.0 17.0 17.0 140.0 16.0 17.0 17.0 17.0 17.0 18.0 16.0 17.0 16.0 18.0 21.0 17.0 19.0 18.0 21.0 16.0 17.0 116.0 18.0 17.0 18.0 19.0 17.0 17.0 17.0 17.0 17.0 19.0 22.0 125.0 16.0 19.0 18.0 19.0 17.0 18.0 16.0
33 34 1 TRACE 3246.0 2784.0 4040.0 1525.0 1070.0 2472.0 2851.0 1560.0 1407.0 5477.0 2634.0 1078.0 1174.0 1237.0 15271.0 2635.0 636.0 892.0 1649.0 2923.0 1787.0 867.0 9671.0 2661.0 505.0 1322.0 2670.0 2697.0 1312.0 908.0 1183.0 5719.0 2719.0 1608.0 1079.0 1874.0 2831.0 1183.0 1610.0 2671.0 1138.0 1385.0 16434.0 2026.0 1405.0 1925.0 3043.0 1537.0 1328.0 1354.0 3127.0 1518.0 1907.0 2558.0 1280.0 1159.0 1817.0 2732.0 1537.0 833.0 2108.0 2621.0 1548.0 1070.0 2740.0 2610.0 1449.0 1225.0 1385.0 8415.0 2448.0 1078.0 924.0 777.0 7952.0 2348.0 896.0 1138.0 1139.0 12436.0 1480.0 935.0 1629.0 2781.0 1502.0 851.0 1618.0 12613.0 1477.0 983.0 7052.0 2413.0 1174.0 980.0 1704.0 2753.0 1533.0 1718.0 1190.0 2884.0 1099.0 1619.0 2922.0 723.0 1591.0 11978.0 1633.0 1316.0 5037.0 2459.0 1128.0 1509.0 1538.0 2990.0 1527.0 1017.0 706.0 2872.0 843.0 2082.0 2458.0 1712.0 2311.0 2850.0 1500.0 886.0 2133.0 2656.0 1521.0 1239.0 1648.0 2530.0 1147.0 2374.0 2643.0 1387.0 718.0 1183.0 11061.0 2472.0 1274.0 1245.0 2568.0 1738.0 1246.0 2911.0 1290.0 5720.0 2361.0 1485.0 910.0 1876.0 2937.0 1524.0 688.0 1788.0 2700.0 1495.0 724.0 1299.0 12558.0 1451.0 983.0 1502.0 13991.0 1725.0 1103.0 4933.0 2459.0 1537.0 1205.0 5275.0 2356.0 1601.0 970.0 1392.0 2786.0 1537.0 1109.0 1208.0 2579.0 799.0 1326.0 13379.0 2416.0 870.0 1028.0 767.0 4849.0 2497.0 1527.0 1036.0 2391.0 2846.0 1478.0 750.0 1435.0 2881.0 1510.0 1085.0 1231.0 11323.0 1950.0 615.0 747.0 894.0 7642.0 2409.0 1199.0 1177.0 632.0 2953.0 1048.0 1427.0 2628.0 1263.0 656.0 12577.0 2361.0 869.0 1183.0 1013.0 2735.0 1296.0 1639.0 2713.0 1373.0 1089.0 1603.0 2622.0 1051.0 2796.0 2650.0 1411.0 726.0 2812.0 2570.0 1381.0 987.0 1584.0 2892.0 1497.0 1361.0 2475.0 2626.0 1699.0 835.0 2401.0 2521.0 1259.0
34 35 1 TRACE 30.0 773.0 112.0 54.0 52.0 74.0 68.0 42.0 55.0 331.0 64.0 41.0 17.0 53.0 258.0 63.0 18.0 18.0 63.0 63.0 19.0 55.0 174.0 66.0 16.0 49.0 155.0 68.0 52.0 18.0 54.0 136.0 141.0 41.0 55.0 58.0 90.0 21.0 78.0 64.0 32.0 64.0 305.0 61.0 81.0 69.0 157.0 49.0 20.0 56.0 66.0 20.0 68.0 64.0 21.0 70.0 61.0 65.0 51.0 49.0 78.0 65.0 51.0 52.0 71.0 196.0 48.0 18.0 60.0 747.0 62.0 40.0 19.0 145.0 163.0 61.0 41.0 51.0 57.0 252.0 59.0 51.0 232.0 69.0 51.0 21.0 61.0 263.0 61.0 56.0 160.0 62.0 40.0 50.0 60.0 64.0 49.0 19.0 56.0 66.0 52.0 58.0 65.0 42.0 63.0 414.0 58.0 56.0 121.0 111.0 54.0 60.0 61.0 65.0 152.0 16.0 54.0 68.0 58.0 72.0 65.0 96.0 361.0 69.0 50.0 51.0 64.0 70.0 51.0 54.0 59.0 77.0 55.0 67.0 162.0 40.0 18.0 56.0 224.0 66.0 20.0 62.0 69.0 62.0 61.0 64.0 54.0 132.0 81.0 42.0 63.0 61.0 188.0 53.0 49.0 255.0 68.0 55.0 18.0 299.0 1199.0 61.0 48.0 140.0 291.0 59.0 47.0 562.0 62.0 41.0 57.0 536.0 66.0 40.0 57.0 153.0 66.0 53.0 50.0 53.0 65.0 25.0 54.0 319.0 60.0 18.0 19.0 53.0 443.0 87.0 132.0 18.0 230.0 68.0 54.0 19.0 61.0 67.0 52.0 57.0 47.0 1534.0 60.0 17.0 17.0 52.0 267.0 66.0 40.0 130.0 439.0 65.0 57.0 62.0 64.0 19.0 55.0 273.0 61.0 18.0 20.0 59.0 65.0 51.0 252.0 65.0 53.0 43.0 59.0 68.0 51.0 601.0 68.0 42.0 54.0 481.0 72.0 157.0 51.0 59.0 69.0 49.0 60.0 71.0 90.0 148.0 56.0 75.0 62.0 42.0
35 36 1 TRACE 20.0 106.0 49.0 45.0 43.0 83.0 45.0 38.0 43.0 136.0 51.0 40.0 15.0 42.0 531.0 84.0 16.0 16.0 457.0 44.0 16.0 44.0 280.0 43.0 14.0 43.0 90.0 48.0 41.0 16.0 43.0 220.0 49.0 37.0 44.0 53.0 43.0 16.0 62.0 46.0 16.0 45.0 537.0 44.0 43.0 74.0 233.0 42.0 17.0 47.0 82.0 16.0 72.0 44.0 16.0 66.0 61.0 45.0 44.0 40.0 80.0 44.0 41.0 42.0 85.0 98.0 65.0 15.0 49.0 1299.0 91.0 36.0 15.0 44.0 277.0 44.0 36.0 40.0 45.0 453.0 43.0 39.0 127.0 46.0 45.0 107.0 132.0 445.0 45.0 44.0 257.0 53.0 35.0 92.0 68.0 44.0 42.0 17.0 45.0 46.0 60.0 47.0 44.0 38.0 165.0 453.0 44.0 42.0 182.0 104.0 39.0 43.0 57.0 67.0 44.0 15.0 46.0 46.0 40.0 61.0 44.0 79.0 83.0 46.0 45.0 39.0 73.0 48.0 47.0 41.0 52.0 64.0 40.0 70.0 47.0 39.0 15.0 45.0 573.0 45.0 15.0 48.0 44.0 44.0 46.0 49.0 54.0 201.0 49.0 37.0 40.0 56.0 46.0 42.0 42.0 621.0 145.0 44.0 16.0 42.0 492.0 43.0 40.0 50.0 518.0 45.0 43.0 306.0 48.0 36.0 44.0 239.0 43.0 36.0 44.0 139.0 46.0 43.0 54.0 46.0 111.0 15.0 47.0 486.0 42.0 20.0 15.0 44.0 410.0 46.0 36.0 15.0 217.0 47.0 45.0 16.0 56.0 81.0 43.0 42.0 40.0 670.0 144.0 15.0 15.0 43.0 653.0 45.0 35.0 54.0 149.0 47.0 45.0 48.0 43.0 16.0 42.0 546.0 48.0 16.0 16.0 47.0 43.0 41.0 68.0 45.0 44.0 38.0 49.0 50.0 41.0 675.0 46.0 42.0 43.0 147.0 44.0 43.0 40.0 59.0 45.0 44.0 44.0 87.0 46.0 46.0 49.0 96.0 50.0 36.0
36 37 1 TRACE 513.0 875.0 254.0 32.0 545.0 873.0 595.0 40.0 271.0 2530.0 926.0 216.0 809.0 398.0 6246.0 530.0 136.0 600.0 60.0 434.0 723.0 180.0 3058.0 298.0 105.0 1272.0 1502.0 942.0 28.0 399.0 249.0 3084.0 565.0 266.0 106.0 807.0 364.0 526.0 923.0 418.0 670.0 595.0 6970.0 1067.0 32.0 790.0 203.0 30.0 25.0 423.0 205.0 672.0 214.0 360.0 94.0 51.0 1238.0 517.0 46.0 533.0 826.0 682.0 119.0 617.0 1092.0 707.0 124.0 443.0 180.0 3303.0 574.0 253.0 616.0 150.0 4177.0 517.0 38.0 1650.0 652.0 5979.0 1461.0 708.0 158.0 503.0 306.0 172.0 38.0 5054.0 1499.0 697.0 4161.0 407.0 256.0 652.0 699.0 541.0 221.0 181.0 655.0 147.0 645.0 799.0 88.0 742.0 56.0 6120.0 1271.0 579.0 1774.0 469.0 46.0 58.0 970.0 501.0 30.0 561.0 82.0 171.0 835.0 602.0 546.0 1109.0 366.0 505.0 42.0 449.0 510.0 566.0 121.0 290.0 790.0 530.0 794.0 827.0 518.0 156.0 425.0 548.0 4714.0 571.0 505.0 944.0 534.0 77.0 783.0 151.0 454.0 3501.0 651.0 45.0 367.0 600.0 448.0 64.0 602.0 670.0 454.0 51.0 516.0 140.0 5248.0 1536.0 198.0 39.0 7768.0 1208.0 361.0 2169.0 499.0 221.0 201.0 4029.0 441.0 60.0 40.0 579.0 524.0 28.0 445.0 578.0 380.0 1055.0 688.0 7427.0 500.0 140.0 119.0 124.0 2808.0 673.0 71.0 776.0 315.0 539.0 177.0 570.0 125.0 679.0 65.0 430.0 535.0 5547.0 1168.0 211.0 602.0 1138.0 4164.0 442.0 297.0 518.0 704.0 177.0 29.0 685.0 511.0 569.0 56.0 4829.0 558.0 84.0 283.0 384.0 425.0 515.0 1452.0 506.0 69.0 491.0 474.0 344.0 715.0 310.0 621.0 165.0 402.0 408.0 732.0 190.0 527.0 1994.0 361.0 41.0 30.0 763.0 514.0 55.0 250.0 1183.0 607.0 317.0
37 38 1 TRACE 54.0 108.0 37.0 38.0 28.0 264.0 36.0 38.0 144.0 545.0 69.0 34.0 31.0 34.0 1125.0 33.0 28.0 78.0 51.0 29.0 80.0 32.0 679.0 35.0 44.0 29.0 366.0 122.0 34.0 30.0 33.0 600.0 36.0 29.0 30.0 56.0 32.0 150.0 151.0 35.0 143.0 70.0 1152.0 45.0 30.0 133.0 35.0 32.0 34.0 39.0 77.0 47.0 70.0 27.0 77.0 30.0 160.0 35.0 28.0 141.0 213.0 66.0 132.0 153.0 306.0 34.0 132.0 29.0 31.0 670.0 33.0 29.0 32.0 32.0 646.0 33.0 28.0 454.0 32.0 1000.0 39.0 120.0 95.0 41.0 35.0 117.0 36.0 1011.0 33.0 41.0 639.0 115.0 33.0 139.0 164.0 32.0 31.0 152.0 41.0 29.0 34.0 137.0 30.0 50.0 34.0 1031.0 37.0 127.0 529.0 33.0 38.0 30.0 125.0 33.0 32.0 28.0 39.0 125.0 70.0 90.0 29.0 57.0 135.0 33.0 162.0 31.0 194.0 34.0 145.0 31.0 77.0 28.0 30.0 230.0 35.0 32.0 29.0 35.0 893.0 37.0 30.0 51.0 29.0 35.0 87.0 30.0 54.0 543.0 32.0 80.0 29.0 113.0 42.0 69.0 146.0 171.0 125.0 134.0 28.0 35.0 967.0 62.0 28.0 34.0 1089.0 34.0 30.0 510.0 145.0 89.0 30.0 553.0 119.0 33.0 30.0 101.0 30.0 36.0 36.0 135.0 30.0 35.0 33.0 1106.0 40.0 31.0 133.0 31.0 647.0 35.0 40.0 30.0 102.0 118.0 31.0 51.0 86.0 32.0 32.0 49.0 147.0 974.0 127.0 118.0 29.0 30.0 645.0 35.0 31.0 31.0 123.0 51.0 31.0 61.0 29.0 54.0 122.0 1069.0 32.0 28.0 141.0 45.0 29.0 126.0 134.0 32.0 33.0 34.0 158.0 180.0 310.0 228.0 31.0 32.0 37.0 269.0 32.0 34.0 119.0 180.0 30.0 139.0 34.0 427.0 30.0 97.0 30.0 384.0 29.0 133.0
38 39 1 TRACE 49.0 26.0 24.0 26.0 23.0 26.0 35.0 23.0 87.0 27.0 23.0 24.0 23.0 22.0 24.0 23.0 24.0 128.0 132.0 27.0 66.0 24.0 27.0 146.0 25.0 27.0 27.0 75.0 25.0 135.0 25.0 27.0 28.0 115.0 22.0 26.0 26.0 26.0 46.0 48.0 27.0 36.0 34.0 23.0 23.0 26.0 26.0 24.0 24.0 137.0 44.0 138.0 26.0 27.0 94.0 22.0 26.0 24.0 24.0 26.0 25.0 29.0 24.0 26.0 28.0 24.0 25.0 24.0 24.0 106.0 24.0 22.0 25.0 24.0 28.0 24.0 24.0 27.0 22.0 29.0 141.0 141.0 26.0 24.0 29.0 27.0 29.0 26.0 25.0 25.0 27.0 28.0 24.0 26.0 26.0 25.0 25.0 116.0 150.0 27.0 23.0 132.0 27.0 27.0 29.0 30.0 28.0 141.0 26.0 120.0 26.0 22.0 26.0 21.0 24.0 25.0 25.0 127.0 91.0 62.0 144.0 51.0 45.0 25.0 28.0 42.0 26.0 35.0 25.0 37.0 47.0 28.0 131.0 32.0 23.0 23.0 21.0 27.0 26.0 26.0 25.0 25.0 27.0 24.0 28.0 26.0 31.0 28.0 24.0 25.0 24.0 31.0 27.0 26.0 29.0 127.0 26.0 143.0 23.0 35.0 42.0 41.0 23.0 23.0 34.0 24.0 25.0 30.0 115.0 43.0 22.0 25.0 116.0 23.0 23.0 28.0 25.0 24.0 31.0 28.0 28.0 27.0 24.0 77.0 65.0 39.0 111.0 24.0 141.0 25.0 26.0 143.0 25.0 124.0 29.0 34.0 118.0 23.0 25.0 117.0 25.0 26.0 25.0 31.0 28.0 24.0 28.0 24.0 28.0 92.0 115.0 121.0 26.0 32.0 26.0 71.0 126.0 114.0 24.0 22.0 33.0 142.0 28.0 24.0 51.0 25.0 24.0 29.0 137.0 65.0 128.0 26.0 23.0 118.0 30.0 30.0 26.0 24.0 26.0 26.0 24.0 119.0 30.0 36.0 23.0 121.0 24.0 26.0 27.0 146.0
39 25 1 TRACE 16.0 19.0 16.0 16.0 18.0 17.0 16.0 16.0 17.0 16.0 49.0 16.0 20.0 18.0 17.0 16.0 102.0 16.0 17.0 17.0 17.0 16.0 17.0 18.0 17.0 22.0 17.0 17.0 17.0 16.0 17.0 17.0 17.0 16.0 17.0 18.0 17.0 16.0 16.0 18.0 16.0 17.0 17.0 17.0 17.0 17.0 120.0 21.0 16.0 18.0 17.0 22.0 17.0 110.0 23.0 22.0 18.0 15.0 113.0 31.0 18.0 16.0 18.0 126.0 16.0 16.0 28.0 17.0 19.0 16.0 17.0 17.0 16.0 27.0 18.0 17.0 15.0 17.0 16.0 17.0 124.0 19.0 21.0 17.0 16.0 25.0 17.0 18.0 17.0 17.0 18.0 16.0 16.0 16.0 17.0 17.0 17.0 49.0 21.0 16.0 16.0 16.0 23.0 17.0 15.0 16.0 19.0 16.0 16.0 16.0 17.0 16.0 93.0 17.0 18.0 16.0 16.0 18.0 19.0 17.0 16.0 34.0
39 40 1 TRACE 44.0 36.0 39.0 41.0 75.0 43.0 38.0 43.0 35.0 32.0 47.0 37.0 149.0 47.0 73.0 39.0 39.0 152.0 42.0 48.0 35.0 40.0 140.0 38.0 36.0 39.0 42.0 115.0 37.0 33.0 41.0 38.0 40.0 52.0 52.0 44.0 33.0 107.0 40.0 43.0 149.0 54.0 43.0 40.0 38.0 112.0 34.0 77.0 46.0 121.0 132.0 45.0 131.0 136.0 35.0 129.0 32.0 37.0 38.0 38.0 39.0 144.0 37.0 41.0
39 51 1 TRACE 51.0 45.0 41.0 44.0 50.0 44.0 44.0 46.0 44.0 46.0 42.0 45.0 48.0 60.0 43.0 44.0 43.0 45.0 66.0 136.0 47.0 43.0 49.0 44.0 43.0 45.0 129.0 41.0 43.0 153.0 161.0 47.0 43.0 46.0 168.0 48.0 45.0 49.0 65.0 126.0 145.0 157.0 47.0 47.0 44.0 45.0 43.0 45.0 42.0 48.0 39.0 43.0 70.0 161.0 49.0 48.0 45.0 45.0 584.0 134.0 43.0 138.0 153.0 46.0
40 41 1 TRACE 471.0 586.0 809.0 1562.0 427.0 1138.0 724.0 929.0 437.0 427.0 1699.0 474.0 419.0 481.0 462.0 510.0 550.0 1150.0 1105.0 1559.0 450.0 1515.0 1102.0 494.0 433.0 422.0 1577.0 844.0 442.0 415.0 484.0 535.0 493.0 437.0 512.0 1362.0 423.0 420.0 923.0 456.0 474.0 1531.0 1635.0 931.0 915.0 446.0 423.0 1664.0 879.0 445.0 441.0 1460.0 1089.0 419.0 429.0 1452.0 414.0 469.0 429.0 515.0 528.0 475.0 556.0 608.0
41 42 1 TRACE 47.0 14.0 13.0 14.0 14.0 12.0 13.0 15.0 12.0 14.0 15.0 12.0 14.0 32.0 14.0 12.0 61.0 14.0 12.0 13.0 15.0 13.0 14.0 14.0 14.0 13.0 15.0 93.0 12.0 12.0 18.0 14.0 12.0 20.0 13.0 12.0 13.0 14.0 13.0 12.0 16.0 12.0 13.0 13.0 27.0 14.0 13.0 13.0 14.0 12.0 14.0 18.0 13.0 13.0 14.0 12.0 13.0 15.0 12.0 14.0 15.0 12.0 13.0 14.0 12.0 13.0 15.0 13.0 14.0 13.0 12.0 14.0 15.0 12.0 13.0 15.0 12.0 13.0 15.0 12.0 15.0 12.0 15.0 13.0 11.0 13.0 14.0 12.0 13.0 15.0 11.0 13.0 14.0 13.0 13.0 15.0 28.0 12.0 36.0 15.0 37.0 12.0 16.0 14.0 13.0 13.0 14.0 12.0 13.0 16.0 134.0 12.0 13.0 14.0 12.0 13.0 14.0 12.0 12.0 49.0 14.0 12.0 13.0 15.0 13.0 21.0 12.0 15.0 12.0 13.0 101.0 12.0 12.0 14.0 13.0 13.0 14.0 11.0 79.0 18.0 12.0 13.0 15.0 11.0 14.0 14.0 63.0 12.0 14.0 12.0 12.0 15.0 12.0 12.0 14.0 14.0 12.0 13.0 14.0 12.0 16.0 15.0 12.0 12.0 14.0 12.0 14.0 13.0 12.0 13.0 15.0 12.0 13.0 16.0 14.0 12.0 12.0 14.0 12.0 12.0 14.0 14.0 11.0 12.0 15.0 12.0 12.0 13.0 14.0 15.0 13.0 16.0 29.0 12.0 13.0 15.0 12.0 40.0 14.0 12.0 13.0 14.0 12.0 14.0 15.0 12.0 14.0 18.0 11.0
42 43 1 TRACE 15.0 11.0 11.0 12.0 16.0 11.0 12.0 11.0 15.0 11.0 11.0 11.0 11.0 12.0 10.0 11.0 12.0 11.0 10.0 12.0 11.0 11.0 12.0 11.0 11.0 11.0 11.0 11.0 11.0 11.0 11.0 15.0 11.0 12.0 14.0 10.0 11.0 12.0 12.0 11.0 11.0 11.0 12.0 12.0 13.0 12.0 12.0 11.0 11.0 11.0 11.0 11.0 11.0 12.0 11.0 26.0 12.0 11.0 11.0 11.0 11.0 10.0 12.0 11.0 10.0 11.0 12.0 10.0 11.0 11.0 10.0 12.0 11.0 10.0 11.0 12.0 10.0 10.0 12.0 11.0 11.0 11.0 11.0 11.0 11.0 12.0 15.0 10.0 12.0 11.0 11.0 11.0 11.0 11.0 11.0 11.0 11.0 11.0 11.0 11.0 11.0 11.0 12.0 11.0 11.0 11.0 11.0 11.0 11.0 11.0 10.0 10.0 11.0 11.0 11.0 11.0 11.0 10.0 12.0 11.0 11.0 11.0 11.0 11.0 11.0 11.0 11.0 11.0 11.0 11.0 11.0 11.0 10.0 11.0 10.0 11.0 11.0 11.0 11.0 10.0 11.0 11.0 16.0 10.0 11.0 11.0 11.0 11.0 11.0 11.0 11.0 16.0 11.0 11.0 11.0 11.0 11.0 11.0 12.0 11.0 11.0 12.0 11.0 11.0 11.0 11.0 11.0 12.0 11.0 11.0 11.0 13.0 10.0 12.0 11.0 11.0 11.0 11.0 10.0 10.0 12.0 11.0 11.0 11.0 11.0 11.0 10.0 12.0 11.0 10.0 11.0 11.0 12.0 10.0 11.0 11.0 10.0 10.0 11.0 11.0 11.0 11.0 10.0 12.0 11.0 10.0 10.0 11.0 11.0
43 44 1 TRACE 15.0 13.0 11.0 12.0 15.0 10.0 11.0 13.0 11.0 13.0 12.0 10.0 13.0 13.0 11.0 10.0 12.0 12.0 11.0 11.0 13.0 11.0 12.0 13.0 10.0 11.0 13.0 11.0 10.0 10.0 13.0 11.0 10.0 13.0 12.0 10.0 10.0 12.0 11.0 10.0 13.0 11.0 11.0 10.0 28.0 11.0 11.0 10.0 14.0 10.0 10.0 13.0 10.0 11.0 13.0 11.0 13.0 14.0 11.0 12.0 14.0 10.0 13.0 12.0 11.0 10.0 14.0 10.0 11.0 13.0 10.0 13.0 14.0 10.0 10.0 14.0 10.0 11.0 13.0 11.0 10.0 11.0 13.0 11.0 11.0 12.0 12.0 10.0 12.0 12.0 10.0 10.0 14.0 11.0 10.0 13.0 12.0 11.0 10.0 13.0 11.0 10.0 11.0 12.0 11.0 11.0 13.0 10.0 10.0 14.0 10.0 10.0 10.0 14.0 10.0 12.0 14.0 10.0 10.0 13.0 11.0 10.0 10.0 14.0 11.0 11.0 11.0 14.0 11.0 10.0 13.0 11.0 11.0 13.0 10.0 15.0 12.0 11.0 14.0 12.0 10.0 12.0 13.0 10.0 11.0 13.0 11.0 10.0 14.0 10.0 10.0 14.0 11.0 10.0 13.0 14.0 10.0 12.0 13.0 11.0 10.0 13.0 11.0 10.0 14.0 10.0 13.0 12.0 10.0 13.0 13.0 10.0 15.0 14.0 11.0 10.0 10.0 13.0 11.0 10.0 12.0 13.0 11.0 10.0 13.0 11.0 10.0 11.0 13.0 10.0 11.0 14.0 11.0 10.0 10.0 13.0 10.0 10.0 13.0 10.0 10.0 13.0 10.0 11.0 14.0 11.0 10.0 13.0 10.0
44 45 1 TRACE 474.0 133.0 110.0 210.0 211.0 114.0 184.0 109.0 109.0 160.0 111.0 249.0 264.0 106.0 105.0 109.0 782.0 115.0 109.0 138.0 228.0 234.0 125.0 108.0 111.0 143.0 111.0 144.0 322.0 217.0 222.0 109.0 118.0 133.0 110.0 113.0 433.0 103.0 231.0 327.0 208.0 109.0 110.0 115.0 153.0 116.0 125.0 191.0 416.0 112.0 107.0 128.0 107.0 120.0 109.0 93.0 132.0 107.0 106.0 147.0 111.0 127.0 218.0 109.0 214.0 295.0 109.0 115.0 136.0 111.0 210.0 127.0 106.0 117.0 206.0 197.0 114.0 126.0 112.0 110.0 222.0 300.0 110.0 108.0 200.0 212.0 221.0 117.0 202.0 119.0 113.0 293.0 116.0 144.0 126.0 210.0 137.0 117.0 259.0 108.0 125.0 116.0 174.0 109.0 108.0 203.0 199.0 110.0 130.0 111.0 467.0 112.0 403.0 109.0 777.0 339.0 129.0 114.0 118.0 411.0 211.0 121.0 218.0 124.0 107.0 234.0 163.0 106.0 106.0 244.0 373.0 221.0 350.0 82.0 114.0 171.0 112.0 224.0 229.0 322.0 116.0 111.0 105.0 114.0 126.0 115.0 160.0 117.0 115.0 113.0 121.0 101.0 115.0 115.0 118.0 110.0 113.0 174.0 123.0 119.0 138.0 111.0 214.0 301.0 106.0 232.0 187.0 643.0 118.0 216.0 108.0 211.0 117.0 107.0 110.0 111.0 121.0 115.0 109.0 102.0 143.0 102.0 114.0 331.0 115.0 109.0 111.0 120.0 113.0 186.0 204.0 112.0 299.0 111.0 242.0 113.0 108.0 179.0 111.0 203.0 170.0 119.0 111.0 113.0 114.0 111.0 245.0 111.0 207.0
45 46 1 TRACE 36.0 19.0 18.0 18.0 134.0 31.0 18.0 18.0 17.0 18.0 19.0 26.0 19.0 19.0 17.0 17.0 17.0 18.0 16.0 20.0 18.0 18.0 17.0 19.0 18.0 18.0 19.0 131.0 19.0 18.0 23.0 17.0 17.0 65.0 18.0 17.0 54.0 18.0 54.0 24.0 19.0 18.0 17.0 17.0 58.0 19.0 17.0 18.0 17.0 18.0 18.0 17.0 17.0 18.0 16.0 16.0 17.0 17.0 127.0 18.0 18.0 17.0 18.0 18.0 38.0 17.0 19.0 17.0 19.0 18.0 18.0 19.0 18.0 20.0 17.0 18.0 17.0 18.0 19.0 19.0 17.0 17.0 18.0 17.0 17.0 17.0 17.0 17.0 18.0 17.0 17.0 18.0 18.0 17.0 16.0 19.0 25.0 18.0 200.0 18.0 20.0 17.0 31.0 18.0 17.0 18.0 18.0 16.0 17.0 18.0 20.0 17.0 136.0 17.0 16.0 18.0 19.0 17.0 17.0 18.0 134.0 16.0 18.0 18.0 16.0 122.0 18.0 18.0 20.0 18.0 19.0 18.0 24.0 16.0 17.0 18.0 18.0 16.0 18.0 17.0 17.0 19.0 17.0 16.0 18.0 17.0 17.0 17.0 131.0 17.0 17.0 17.0 18.0 155.0 20.0 18.0 17.0 18.0 19.0 18.0 18.0 18.0 17.0 17.0 18.0 17.0 20.0 19.0 16.0 18.0 17.0 18.0 17.0 18.0 18.0 17.0 16.0 21.0 17.0 17.0 19.0 18.0 16.0 20.0 19.0 18.0 17.0 18.0 18.0 18.0 17.0 18.0 17.0 16.0 19.0 18.0 18.0 17.0 17.0 54.0 18.0 18.0 17.0 128.0 18.0 20.0 19.0 18.0 68.0
46 47 1 TRACE 8045.0 3216.0 932.0 7677.0 2419.0 910.0 6590.0 1902.0 922.0 5543.0 1383.0 927.0 7808.0 4279.0 959.0 918.0 6096.0 1572.0 917.0 7110.0 2170.0 920.0 6376.0 1797.0 935.0 7844.0 3991.0 956.0 920.0 7714.0 3990.0 926.0 916.0 5039.0 1311.0 909.0 7840.0 3063.0 859.0 7844.0 4589.0 938.0 884.0 7864.0 4754.0 960.0 869.0 6045.0 3125.0 961.0 6198.0 2718.0 872.0 5865.0 2415.0 869.0 4691.0 1524.0 873.0 4698.0 1494.0 868.0 4363.0 1302.0 853.0 5908.0 3317.0 895.0 4347.0 1427.0 880.0 4732.0 1513.0 861.0 6092.0 2883.0 878.0 5567.0 4445.0 1004.0 871.0 5483.0 4273.0 911.0 889.0 4281.0 1400.0 872.0 5078.0 1829.0 871.0 5839.0 3395.0 873.0 5644.0 4486.0 1038.0 933.0 5878.0 3483.0 887.0 872.0 6414.0 3128.0 879.0 6190.0 2782.0 873.0 5859.0 3689.0 988.0 1495.0 5968.0 2611.0 876.0 4581.0 1429.0 932.0 5655.0 4022.0 895.0 864.0 5442.0 4214.0 907.0 863.0 4881.0 1792.0 884.0 6071.0 3252.0 879.0 6057.0 3017.0 872.0 4356.0 1349.0 847.0 4262.0 1256.0 871.0 4912.0 1749.0 880.0 4881.0 1729.0 934.0 6099.0 3394.0 884.0 5959.0 3965.0 889.0 879.0 4334.0 1401.0 866.0 5263.0 1886.0 897.0 5853.0 3392.0 886.0 6056.0 3442.0 884.0 4367.0 1409.0 873.0 4669.0 1583.0 877.0 5658.0 4372.0 918.0 1053.0 5618.0 3870.0 955.0 909.0 4474.0 1421.0 878.0 5489.0 4370.0 922.0 1011.0 6049.0 3111.0 883.0 5676.0 3817.0 869.0 871.0 6034.0 2639.0 872.0 5955.0 2528.0 863.0 5919.0 3349.0 991.0 5885.0 2526.0 877.0 5582.0 2205.0 882.0
47 48 1 TRACE 13.0 69.0 11.0 10.0 10.0 8.0 11.0 9.0 9.0 10.0 8.0 13.0 11.0 11.0 21.0 10.0 10.0 11.0 19.0 11.0 8.0 10.0 9.0 10.0 10.0 8.0 14.0 12.0 11.0 12.0 9.0 13.0 11.0 23.0 10.0 8.0 11.0 11.0 12.0 12.0 8.0 9.0 11.0 14.0 13.0 9.0 13.0 10.0 11.0 10.0 8.0 13.0 11.0 9.0 15.0 8.0 109.0 10.0 12.0 15.0 8.0 13.0 9.0 10.0 10.0 8.0 13.0 164.0 144.0 90.0 8.0 9.0 26.0 9.0 10.0 8.0 11.0 19.0 13.0 17.0 9.0 11.0 30.0 12.0 12.0 9.0 10.0 10.0 12.0 13.0 9.0 10.0 15.0 16.0 19.0 9.0 11.0 10.0 13.0 12.0 8.0 11.0 10.0 89.0 11.0 9.0 9.0 15.0 18.0 20.0 9.0 11.0 24.0 13.0 10.0 8.0 11.0 10.0 10.0 12.0 8.0 10.0 18.0 20.0 24.0 9.0 12.0 10.0 10.0 9.0 8.0 46.0 61.0 25.0 18.0 9.0 10.0 16.0 24.0 11.0 8.0 10.0 29.0 21.0 18.0 11.0 10.0 10.0 13.0 10.0 8.0 11.0 48.0 17.0 13.0 8.0 9.0 17.0 10.0 17.0 9.0 10.0 26.0 20.0 18.0 8.0 9.0 15.0 13.0 17.0 8.0 11.0 14.0 15.0 16.0 8.0 9.0 16.0 20.0 22.0 8.0 11.0 10.0 10.0 10.0 8.0 27.0 9.0 16.0 52.0 8.0 16.0 14.0 19.0 18.0 9.0 12.0 10.0 11.0 11.0 9.0 12.0 13.0 46.0 11.0 8.0 21.0 23.0 26.0 27.0 8.0 10.0 16.0 21.0 18.0 9.0 12.0 10.0 10.0 12.0 11.0 11.0 11.0 64.0 54.0 9.0 32.0 31.0 16.0 26.0 8.0 19.0 17.0 25.0 42.0 8.0 96.0 12.0 66.0 10.0 8.0 15.0 16.0 9.0 10.0 8.0 111.0 12.0 9.0 10.0 9.0 205.0 11.0 30.0 75.0 8.0 9.0 25.0 10.0 11.0 8.0 10.0 9.0 22.0 12.0 8.0 37.0 11.0 10.0 11.0 9.0 9.0 10.0 10.0 11.0 8.0 14.0 12.0 9.0 14.0 8.0 16.0 21.0 10.0 11.0 8.0 113.0 103.0 11.0 11.0 8.0 10.0 9.0 14.0 18.0 9.0 49.0 32.0 30.0 10.0 8.0 21.0 11.0 14.0 11.0 8.0 13.0 14.0 10.0 13.0 8.0 13.0 38.0 67.0 15.0 8.0 23.0 10.0 10.0 18.0 8.0 11.0 10.0 16.0 11.0 9.0 45.0 40.0 71.0 74.0 8.0 23.0 96.0 27.0 9.0 8.0 14.0 12.0 11.0 10.0 9.0 26.0 28.0 12.0 10.0 8.0 37.0 15.0 12.0 11.0 8.0 9.0 13.0 12.0 12.0 8.0 21.0 60.0 18.0 10.0 8.0 28.0 11.0 10.0 15.0 9.0 22.0 10.0 16.0 10.0 9.0 207.0 47.0 113.0 10.0 9.0 12.0 32.0 56.0 114.0 8.0 11.0 10.0 105.0 13.0 9.0 22.0 10.0 10.0 9.0 8.0 36.0 42.0 44.0 12.0 8.0 15.0 10.0 65.0 10.0 8.0 13.0 12.0 13.0 9.0 9.0 129.0 24.0 59.0 11.0 8.0 37.0 11.0 10.0 10.0 8.0 14.0 12.0 9.0 12.0 8.0 13.0 16.0 13.0 11.0 9.0 103.0 42.0 101.0 9.0 8.0 10.0 18.0 17.0 12.0 8.0 11.0 18.0 85.0 15.0 8.0 106.0 88.0 50.0 10.0 9.0 10.0 10.0 91.0 11.0 8.0 13.0 12.0 12.0 10.0 8.0 37.0 11.0 107.0 10.0 8.0 42.0 17.0 14.0 11.0 8.0 13.0 11.0 15.0 20.0 9.0 44.0 26.0 32.0 10.0 8.0 96.0 53.0 97.0 10.0 8.0 10.0 22.0 9.0 12.0 8.0 9.0 12.0 13.0 13.0 9.0 13.0 38.0 119.0 10.0 9.0 57.0 65.0 23.0 10.0 8.0 12.0 12.0 13.0 11.0 9.0 13.0 12.0 15.0 9.0 9.0 70.0 88.0 46.0 11.0 8.0 30.0 121.0 10.0 10.0 8.0 16.0 12.0 17.0 15.0 9.0 144.0 58.0 67.0 11.0 8.0 28.0 46.0 10.0 11.0 8.0 14.0 13.0 11.0 9.0 9.0 86.0 50.0 99.0 10.0 8.0 64.0 129.0 22.0 10.0 8.0 10.0 21.0 11.0 11.0 8.0 18.0 12.0 10.0 10.0 8.0 98.0 55.0 60.0 10.0 11.0 10.0 60.0 10.0 10.0 9.0 12.0 12.0 10.0 10.0 9.0 160.0 95.0 27.0 10.0 8.0 9.0 13.0 15.0 10.0 9.0 13.0 11.0 19.0 16.0 10.0 72.0 20.0 62.0 11.0 9.0 38.0 106.0 73.0 32.0 8.0 9.0 52.0 9.0 11.0 8.0 13.0 10.0 11.0 10.0 8.0 133.0 82.0 85.0 12.0 9.0 99.0 54.0 91.0 12.0 8.0 14.0 11.0 10.0 11.0 8.0 9.0 13.0 22.0 12.0 9.0 63.0 31.0 30.0 10.0 8.0 114.0 12.0 13.0 12.0 9.0 10.0 10.0 15.0 12.0 9.0 68.0 51.0 62.0 12.0 8.0 10.0 10.0 9.0 11.0 9.0 14.0 16.0 13.0 16.0 8.0 14.0 15.0 10.0 12.0 9.0 9.0 45.0 10.0 10.0 8.0 12.0 11.0 9.0 11.0 9.0 59.0 20.0 80.0 11.0 8.0 11.0 16.0 17.0 12.0 8.0 10.0 13.0 10.0 11.0 9.0 44.0 32.0 50.0 12.0 8.0 13.0 10.0 9.0 12.0 8.0 11.0 11.0 10.0 15.0 9.0 54.0 49.0 22.0 10.0 8.0 9.0 16.0 14.0 17.0 8.0 9.0 14.0 13.0 22.0 9.0 33.0 15.0 19.0 10.0 9.0 14.0 12.0 15.0 14.0 8.0 19.0 14.0 12.0 15.0 10.0 14.0 10.0 25.0 9.0 8.0 10.0 52.0 10.0 9.0 8.0 14.0 12.0 9.0 11.0 9.0 13.0 11.0 11.0 37.0 8.0 34.0 37.0 63.0 11.0 8.0 18.0 11.0 9.0 14.0 8.0 10.0 12.0 13.0 13.0 9.0 13.0 12.0 61.0 68.0 8.0 17.0 13.0 18.0 14.0 9.0 11.0 13.0 15.0 15.0 8.0 12.0 12.0 12.0 17.0 12.0 106.0 15.0 12.0 24.0 9.0 12.0 19.0 21.0 23.0 9.0 132.0 11.0 37.0 10.0 9.0 84.0 61.0 21.0 10.0 8.0 15.0 11.0 23.0 12.0 8.0 27.0 11.0 77.0 12.0 10.0 30.0 52.0 9.0 10.0 8.0 22.0 14.0 11.0 15.0 8.0 38.0 28.0 24.0 10.0 8.0 9.0 10.0 22.0 15.0 8.0 14.0 12.0 15.0 17.0 9.0 12.0 111.0 87.0 10.0 8.0 34.0 10.0 17.0 14.0 9.0 11.0 9.0 14.0 11.0 9.0 11.0 10.0 10.0 11.0 8.0 26.0 31.0 19.0 11.0 8.0 17.0 14.0 14.0 10.0 8.0 11.0 10.0 10.0 10.0 9.0 18.0 11.0 27.0 11.0 8.0 46.0 54.0 29.0 10.0 8.0 15.0 11.0 107.0 10.0 8.0 14.0 11.0 20.0 15.0 8.0 11.0 20.0 13.0 19.0 8.0 10.0 10.0 10.0 106.0 9.0 13.0 11.0 12.0 16.0 9.0 13.0 10.0 17.0 12.0 8.0 29.0 35.0 10.0 11.0 8.0 14.0 16.0 10.0 11.0 8.0 13.0 12.0 10.0 9.0 8.0 179.0 11.0 10.0 10.0 8.0 11.0 48.0 9.0 10.0 8.0 13.0 12.0 11.0 16.0 8.0 13.0 10.0 28.0 10.0 9.0 89.0 74.0 61.0 11.0 8.0 15.0 12.0 21.0 10.0 9.0 11.0 13.0 9.0 11.0 8.0 38.0 10.0 35.0 10.0 8.0 11.0 69.0 19.0 15.0 8.0 13.0 12.0 17.0 12.0 8.0 42.0 16.0 30.0 10.0 8.0 10.0 31.0 10.0 10.0 9.0 14.0 12.0 9.0 13.0 9.0 22.0 23.0 10.0 13.0 8.0 21.0 47.0 15.0 10.0 9.0 9.0 13.0 15.0 10.0 8.0 43.0 11.0 20.0 49.0 9.0 9.0 30.0 11.0 14.0 9.0 13.0 13.0 22.0 11.0 8.0 76.0 12.0 14.0 10.0 8.0 9.0 10.0 10.0 11.0 8.0 13.0 12.0 10.0 10.0
48 49 1 TRACE 437.0 234.0 150.0 102.0 94.0 55.0 90.0 85.0 64.0 58.0 8.0 13.0 10.0 13.0 14.0 431.0 219.0 147.0 103.0 96.0 29.0 149.0 44.0 53.0 47.0 9.0 14.0 9.0 13.0 13.0 421.0 212.0 137.0 97.0 82.0 16.0 31.0 31.0 26.0 28.0 8.0 56.0 11.0 11.0 12.0 270.0 207.0 138.0 103.0 86.0 10.0 17.0 19.0 19.0 18.0 7.0 13.0 75.0 12.0 13.0 248.0 197.0 127.0 94.0 67.0 162.0 128.0 98.0 83.0 71.0 9.0 12.0 27.0 16.0 11.0 7.0 12.0 9.0 12.0 11.0 381.0 203.0 131.0 100.0 83.0 13.0 29.0 24.0 22.0 21.0 8.0 27.0 13.0 11.0 11.0 417.0 243.0 125.0 101.0 88.0 21.0 50.0 43.0 49.0 39.0 7.0 19.0 11.0 9.0 12.0 426.0 204.0 135.0 101.0 81.0 13.0 24.0 31.0 31.0 25.0 7.0 22.0 12.0 9.0 10.0 280.0 196.0 133.0 100.0 69.0 147.0 112.0 93.0 74.0 87.0 9.0 11.0 11.0 11.0 22.0 7.0 9.0 9.0 10.0 12.0 236.0 181.0 129.0 92.0 83.0 134.0 113.0 88.0 74.0 88.0 8.0 14.0 11.0 21.0 14.0 7.0 18.0 11.0 10.0 12.0 211.0 182.0 126.0 104.0 78.0 9.0 23.0 21.0 16.0 16.0 7.0 15.0 12.0 9.0 10.0 373.0 249.0 163.0 109.0 98.0 46.0 70.0 63.0 58.0 51.0 8.0 10.0 10.0 10.0 12.0 187.0 146.0 103.0 74.0 75.0 172.0 225.0 127.0 91.0 85.0 9.0 34.0 12.0 15.0 14.0 7.0 9.0 11.0 10.0 12.0 276.0 188.0 123.0 96.0 123.0 166.0 113.0 102.0 83.0 93.0 10.0 12.0 11.0 10.0 13.0 7.0 11.0 10.0 10.0 12.0 380.0 222.0 150.0 106.0 94.0 49.0 73.0 64.0 63.0 52.0 9.0 11.0 10.0 16.0 11.0 393.0 219.0 149.0 117.0 87.0 34.0 82.0 53.0 51.0 49.0 8.0 17.0 9.0 11.0 13.0 427.0 228.0 125.0 125.0 107.0 26.0 44.0 46.0 50.0 54.0 7.0 10.0 9.0 15.0 12.0 350.0 205.0 128.0 104.0 87.0 13.0 26.0 20.0 23.0 21.0 7.0 17.0 9.0 11.0 11.0 355.0 200.0 122.0 100.0 124.0 12.0 21.0 23.0 22.0 30.0 7.0 14.0 9.0 15.0 13.0 225.0 192.0 126.0 99.0 80.0 10.0 18.0 18.0 18.0 111.0 7.0 9.0 11.0 10.0 10.0 387.0 227.0 145.0 187.0 73.0 57.0 84.0 187.0 80.0 58.0 8.0 12.0 12.0 12.0 11.0 265.0 190.0 126.0 100.0 92.0 10.0 20.0 16.0 19.0 21.0 8.0 17.0 11.0 13.0 25.0 384.0 205.0 124.0 98.0 81.0 12.0 22.0 21.0 23.0 25.0 7.0 10.0 9.0 10.0 13.0 413.0 230.0 157.0 99.0 247.0 40.0 86.0 59.0 49.0 50.0 8.0 11.0 10.0 12.0 13.0 182.0 155.0 107.0 81.0 99.0 178.0 169.0 150.0 88.0 82.0 8.0 15.0 12.0 14.0 40.0 7.0 12.0 11.0 13.0 13.0 247.0 178.0 101.0 78.0 155.0 194.0 131.0 114.0 86.0 85.0 9.0 14.0 15.0 11.0 12.0 7.0 10.0 10.0 12.0 12.0 227.0 191.0 134.0 100.0 130.0 10.0 19.0 18.0 19.0 19.0 7.0 10.0 28.0 10.0 12.0 428.0 226.0 142.0 116.0 140.0 19.0 37.0 29.0 28.0 26.0 8.0 10.0 9.0 12.0 10.0 343.0 235.0 159.0 97.0 125.0 59.0 87.0 77.0 69.0 86.0 9.0 13.0 11.0 11.0 12.0 184.0 153.0 95.0 76.0 98.0 178.0 162.0 127.0 87.0 101.0 10.0 29.0 22.0 15.0 56.0 7.0 17.0 11.0 11.0 12.0 350.0 233.0 156.0 100.0 117.0 65.0 93.0 76.0 74.0 121.0 8.0 13.0 12.0 26.0 11.0 7.0 11.0 9.0 10.0 12.0 373.0 216.0 147.0 99.0 111.0 51.0 82.0 60.0 62.0 67.0 8.0 12.0 9.0 10.0 14.0 394.0 227.0 153.0 102.0 88.0 37.0 95.0 61.0 61.0 65.0 7.0 11.0 9.0 12.0 10.0 321.0 204.0 144.0 95.0 145.0 82.0 101.0 83.0 74.0 113.0 8.0 13.0 10.0 20.0 76.0 7.0 12.0 14.0 10.0 20.0 395.0 226.0 151.0 100.0 78.0 31.0 65.0 51.0 51.0 128.0 8.0 17.0 9.0 15.0 11.0 305.0 190.0 137.0 97.0 129.0 10.0 87.0 17.0 17.0 24.0 8.0 10.0 11.0 9.0 10.0 270.0 196.0 107.0 94.0 85.0 154.0 128.0 95.0 90.0 175.0 8.0 21.0 10.0 17.0 13.0 7.0 11.0 9.0 10.0 9.0 240.0 174.0 112.0 87.0 178.0 182.0 130.0 118.0 86.0 99.0 9.0 13.0 12.0 17.0 12.0 7.0 114.0 101.0 11.0 12.0 401.0 213.0 128.0 104.0 96.0 16.0 43.0 26.0 28.0 147.0 9.0 15.0 10.0 10.0 107.0 379.0 217.0 152.0 99.0 88.0 53.0 74.0 75.0 63.0 68.0 8.0 15.0 10.0 14.0 11.0 376.0 227.0 143.0 105.0 86.0 52.0 63.0 60.0 57.0 51.0 8.0 12.0 10.0 18.0 12.0 226.0 285.0 208.0 98.0 101.0 11.0 18.0 18.0 17.0 16.0 7.0 16.0 22.0 12.0 12.0 207.0 180.0 117.0 100.0 96.0 9.0 18.0 22.0 23.0 20.0 11.0 10.0 10.0 15.0 11.0 431.0 213.0 140.0 105.0 110.0 17.0 30.0 32.0 27.0 32.0 7.0 12.0 10.0 11.0 10.0 400.0 206.0 131.0 98.0 101.0 17.0 126.0 119.0 28.0 39.0 9.0 13.0 9.0 13.0 13.0 380.0 225.0 154.0 109.0 125.0 58.0 82.0 71.0 65.0 54.0 8.0 13.0 10.0 14.0 10.0 259.0 206.0 121.0 96.0 76.0 148.0 113.0 92.0 80.0 78.0 9.0 13.0 11.0 15.0 18.0 8.0 22.0 9.0 11.0 11.0 253.0 202.0 132.0 183.0 83.0 10.0 17.0 16.0 16.0 16.0 8.0 11.0 9.0 9.0 18.0 565.0 295.0 201.0 143.0 86.0 17.0 30.0 32.0 33.0 28.0 8.0 12.0 9.0 11.0 11.0 377.0 230.0 144.0 99.0 111.0 60.0 86.0 68.0 65.0 60.0 8.0 11.0 11.0 11.0 11.0 285.0 204.0 145.0 99.0 112.0 66.0 91.0 82.0 69.0 79.0 8.0 13.0 10.0 13.0 13.0 236.0 199.0 130.0 106.0 105.0 10.0 27.0 17.0 17.0 17.0 7.0 11.0 11.0 10.0 12.0 359.0 233.0 128.0 97.0 95.0 12.0 22.0 21.0 21.0 27.0 8.0 10.0 13.0 11.0 13.0 234.0 244.0 100.0 89.0 82.0 165.0 163.0 125.0 86.0 100.0 9.0 16.0 12.0 13.0 15.0 7.0 11.0 10.0 12.0 9.0 300.0 192.0 129.0 96.0 92.0 89.0 113.0 88.0 76.0 96.0 8.0 14.0 11.0 16.0 10.0 7.0 10.0 10.0 10.0 11.0 288.0 211.0 128.0 104.0 93.0 10.0 31.0 18.0 22.0 20.0 7.0 17.0 9.0 11.0 10.0 226.0 192.0 101.0 69.0 119.0 164.0 160.0 132.0 91.0 89.0 9.0 14.0 12.0 18.0 16.0 8.0 10.0 10.0 13.0 11.0 390.0 219.0 154.0 104.0 123.0 47.0 95.0 62.0 59.0 140.0 8.0 12.0 10.0 14.0 13.0 303.0 204.0 151.0 95.0 99.0 100.0 110.0 98.0 70.0 99.0 8.0 11.0 11.0 11.0 11.0 8.0 10.0 9.0 14.0 13.0 417.0 225.0 153.0 116.0 84.0 36.0 78.0 52.0 47.0 53.0 8.0 10.0 10.0 9.0 12.0 405.0 223.0 147.0 98.0 89.0 28.0 51.0 46.0 47.0 48.0 8.0 13.0 9.0 15.0 11.0 351.0 217.0 145.0 103.0 110.0 59.0 84.0 74.0 64.0 74.0 8.0 19.0 12.0 10.0 14.0 401.0 224.0 137.0 111.0 78.0 28.0 49.0 51.0 39.0 48.0 7.0 10.0 9.0 9.0 14.0 414.0 246.0 122.0 107.0 88.0 29.0 36.0 39.0 39.0 42.0 8.0 10.0 10.0 15.0 10.0
49 47 1 TRACE 5371.0 4443.0 3876.0 3462.0 1880.0 1388.0 1095.0 866.0 313.0 302.0 299.0 293.0 4824.0 3889.0 3343.0 3024.0 1189.0 944.0 776.0 709.0 286.0 296.0 293.0 293.0 4142.0 3321.0 2898.0 2577.0 749.0 620.0 576.0 555.0 289.0 289.0 291.0 286.0 3547.0 2955.0 2605.0 2334.0 499.0 436.0 415.0 403.0 280.0 360.0 290.0 285.0 5715.0 4845.0 4347.0 4035.0 2522.0 1981.0 1563.0 1166.0 312.0 316.0 357.0 334.0 283.0 292.0 291.0 285.0 3812.0 3052.0 2721.0 2409.0 584.0 520.0 486.0 468.0 283.0 283.0 287.0 279.0 4469.0 3567.0 3163.0 2812.0 1040.0 794.0 713.0 651.0 286.0 286.0 289.0 281.0 3937.0 3184.0 2805.0 2487.0 715.0 597.0 575.0 518.0 285.0 283.0 286.0 280.0 5691.0 4698.0 4213.0 3832.0 2469.0 1979.0 1547.0 1126.0 313.0 306.0 295.0 326.0 381.0 285.0 283.0 279.0 5531.0 4637.0 4125.0 3801.0 2393.0 1953.0 1562.0 1124.0 305.0 302.0 350.0 291.0 282.0 282.0 284.0 279.0 3426.0 2874.0 2587.0 2289.0 440.0 394.0 376.0 369.0 283.0 286.0 285.0 355.0 5080.0 4209.0 3570.0 3248.0 1608.0 1219.0 935.0 764.0 285.0 286.0 292.0 284.0 6039.0 5435.0 4914.0 4564.0 3044.0 2472.0 1908.0 1451.0 336.0 323.0 323.0 314.0 280.0 282.0 282.0 279.0 5614.0 4781.0 4221.0 4299.0 2811.0 2312.0 1752.0 1270.0 362.0 307.0 311.0 298.0 312.0 282.0 279.0 275.0 4159.0 3493.0 3153.0 2948.0 1661.0 1277.0 1011.0 863.0 381.0 291.0 291.0 338.0 4206.0 3471.0 3094.0 2802.0 1266.0 965.0 806.0 690.0 299.0 311.0 286.0 281.0 4052.0 3342.0 2953.0 2640.0 1054.0 796.0 679.0 607.0 292.0 285.0 285.0 280.0 3304.0 2776.0 2443.0 2180.0 516.0 445.0 418.0 403.0 275.0 285.0 281.0 278.0 3306.0 2797.0 2453.0 2189.0 526.0 449.0 423.0 406.0 273.0 284.0 281.0 277.0 3198.0 2663.0 2346.0 2084.0 422.0 386.0 365.0 354.0 333.0 274.0 282.0 376.0 4187.0 3476.0 3146.0 2981.0 1901.0 1427.0 1091.0 918.0 296.0 290.0 291.0 299.0 3135.0 2654.0 2347.0 2079.0 430.0 416.0 369.0 357.0 273.0 284.0 283.0 277.0 3306.0 2812.0 2469.0 2186.0 520.0 453.0 384.0 403.0 288.0 337.0 281.0 279.0 4470.0 3506.0 3132.0 2871.0 1471.0 1074.0 884.0 772.0 331.0 289.0 287.0 282.0 4093.0 3798.0 3529.0 3299.0 2892.0 2335.0 1900.0 1443.0 351.0 342.0 326.0 317.0 275.0 283.0 279.0 279.0 4129.0 3717.0 3377.0 3131.0 2628.0 2248.0 1750.0 1306.0 327.0 309.0 329.0 304.0 296.0 280.0 281.0 276.0 3330.0 2650.0 2316.0 2080.0 422.0 379.0 367.0 358.0 301.0 280.0 273.0 277.0 3569.0 2962.0 2565.0 2305.0 685.0 536.0 489.0 472.0 283.0 282.0 283.0 308.0 4466.0 3538.0 3176.0 3015.0 1962.0 1433.0 1153.0 867.0 365.0 291.0 291.0 285.0 4188.0 3732.0 3503.0 3309.0 2993.0 2327.0 1920.0 1449.0 323.0 329.0 347.0 312.0 273.0 287.0 279.0 276.0 4173.0 3469.0 3158.0 2990.0 2001.0 1537.0 1184.0 917.0 291.0 292.0 292.0 356.0 323.0 279.0 283.0 277.0 4207.0 3507.0 3205.0 2979.0 1696.0 1282.0 1054.0 814.0 345.0 290.0 291.0 282.0 4185.0 3480.0 3098.0 2825.0 1393.0 979.0 901.0 706.0 290.0 386.0 318.0 328.0 4310.0 3497.0 3152.0 3011.0 2250.0 1679.0 1300.0 974.0 293.0 364.0 293.0 308.0 309.0 281.0 278.0 316.0 4437.0 3458.0 3052.0 2768.0 1166.0 896.0 785.0 660.0 280.0 286.0 314.0 331.0 3206.0 2697.0 2373.0 2122.0 439.0 403.0 385.0 481.0 375.0 280.0 280.0 275.0 4145.0 3596.0 3336.0 3048.0 2506.0 2028.0 1611.0 1134.0 296.0 300.0 302.0 301.0 277.0 277.0 303.0 336.0 4400.0 3654.0 3315.0 3082.0 2571.0 2159.0 1706.0 1263.0 316.0 307.0 308.0 324.0 272.0 285.0 272.0 276.0 3470.0 2914.0 2547.0 2279.0 589.0 499.0 469.0 439.0 275.0 284.0 283.0 279.0 4155.0 3510.0 3166.0 2982.0 1772.0 1383.0 1040.0 814.0 287.0 291.0 287.0 284.0 4454.0 3474.0 3175.0 2870.0 1492.0 1130.0 947.0 775.0 288.0 290.0 290.0 284.0 3132.0 2656.0 2306.0 2089.0 427.0 382.0 365.0 360.0 273.0 283.0 317.0 276.0 3049.0 2634.0 2308.0 2061.0 400.0 364.0 353.0 339.0 275.0 281.0 284.0 277.0 3518.0 2932.0 2560.0 2277.0 657.0 513.0 475.0 453.0 278.0 284.0 283.0 283.0 3493.0 2915.0 2558.0 2263.0 611.0 509.0 472.0 446.0 357.0 282.0 282.0 278.0 4272.0 3557.0 3187.0 2947.0 1895.0 1486.0 1141.0 888.0 347.0 291.0 291.0 336.0 4127.0 3608.0 3245.0 3049.0 2491.0 2030.0 1595.0 1162.0 304.0 301.0 324.0 293.0 272.0 283.0 282.0 276.0 3055.0 2621.0 2307.0 2102.0 504.0 368.0 352.0 345.0 318.0 281.0 372.0 277.0 4610.0 3472.0 2962.0 2533.0 616.0 562.0 503.0 467.0 320.0 301.0 288.0 282.0 4365.0 3521.0 3145.0 2978.0 1896.0 1463.0 1136.0 888.0 380.0 294.0 295.0 363.0 4258.0 3501.0 3146.0 2945.0 2000.0 1551.0 1201.0 879.0 286.0 293.0 290.0 286.0 3092.0 2687.0 2352.0 2093.0 421.0 392.0 373.0 360.0 279.0 284.0 282.0 276.0 3522.0 2795.0 2394.0 2189.0 596.0 451.0 419.0 403.0 319.0 374.0 281.0 277.0 4049.0 3695.0 3452.0 3201.0 2768.0 2257.0 1814.0 1348.0 323.0 316.0 316.0 308.0 294.0 309.0 309.0 308.0 4177.0 3539.0 3175.0 3008.0 2323.0 1881.0 1475.0 1062.0 432.0 299.0 299.0 311.0 380.0 280.0 280.0 275.0 3092.0 2663.0 2357.0 2082.0 422.0 394.0 435.0 365.0 273.0 282.0 282.0 278.0 4203.0 3831.0 3456.0 3158.0 2735.0 2259.0 1897.0 1354.0 320.0 317.0 317.0 299.0 339.0 280.0 282.0 284.0 4222.0 3480.0 3172.0 2899.0 1594.0 1200.0 964.0 821.0 288.0 288.0 290.0 284.0 4150.0 3537.0 3171.0 3005.0 2259.0 1831.0 1422.0 1048.0 331.0 298.0 295.0 288.0 324.0 279.0 281.0 276.0 4068.0 3366.0 3044.0 2771.0 1223.0 901.0 771.0 659.0 405.0 285.0 287.0 280.0 4107.0 3418.0 2997.0 2712.0 1117.0 845.0 747.0 659.0 322.0 288.0 287.0 282.0 4128.0 3454.0 3230.0 2938.0 1852.0 1449.0 1114.0 845.0 287.0 397.0 291.0 282.0 4011.0 3398.0 3013.0 2699.0 1140.0 865.0 722.0 651.0 284.0 286.0 358.0 277.0 3808.0 3195.0 2827.0 2514.0 889.0 690.0 621.0 556.0 373.0 284.0 285.0 299.0
49 50 1 TRACE 857.0 286.0 62.0 1308.0 242.0 206.0 1300.0 102.0 37.0 1233.0 156.0 37.0 992.0 1434.0 42.0 303.0 1267.0 146.0 241.0 1521.0 201.0 54.0 1485.0 58.0 80.0 1004.0 1886.0 197.0 84.0 742.0 1487.0 42.0 85.0 1572.0 167.0 233.0 953.0 644.0 89.0 660.0 1664.0 108.0 166.0 1285.0 1773.0 121.0 178.0 783.0 746.0 132.0 1736.0 362.0 39.0 2671.0 375.0 302.0 2752.0 65.0 65.0 2820.0 167.0 365.0 2678.0 225.0 39.0 412.0 676.0 149.0 2845.0 43.0 51.0 2753.0 195.0 78.0 468.0 356.0 39.0 463.0 2137.0 64.0 37.0 511.0 2039.0 67.0 177.0 2492.0 95.0 84.0 2584.0 160.0 796.0 193.0 952.0 38.0 430.0 1876.0 49.0 166.0 276.0 930.0 205.0 54.0 772.0 741.0 150.0 1930.0 242.0 78.0 396.0 1056.0 67.0 43.0 1739.0 386.0 38.0 2490.0 45.0 36.0 458.0 1516.0 77.0 148.0 149.0 1712.0 78.0 39.0 2814.0 57.0 570.0 633.0 707.0 128.0 1128.0 447.0 56.0 2598.0 461.0 43.0 2692.0 182.0 53.0 2790.0 102.0 36.0 2992.0 166.0 103.0 310.0 748.0 82.0 344.0 1579.0 65.0 561.0 2585.0 99.0 151.0 2066.0 63.0 86.0 341.0 812.0 38.0 436.0 908.0 44.0 2849.0 63.0 99.0 2400.0 199.0 38.0 403.0 2057.0 100.0 50.0 648.0 1427.0 131.0 110.0 2834.0 44.0 36.0 241.0 2160.0 175.0 232.0 654.0 712.0 150.0 832.0 1269.0 58.0 38.0 2286.0 329.0 131.0 2547.0 484.0 290.0 729.0 926.0 62.0 2871.0 345.0 289.0 3021.0 174.0 197.0
50 25 1 TRACE 51.0 33.0 28.0 29.0 29.0 33.0 33.0 28.0 31.0 29.0 26.0 36.0 28.0 27.0 39.0 34.0 42.0 28.0 28.0 26.0 43.0 32.0 122.0 36.0 28.0 31.0 34.0 44.0 41.0 27.0 28.0 39.0 77.0 23.0 35.0 26.0 28.0 27.0 28.0 39.0 37.0 25.0 27.0 37.0 28.0 42.0 122.0 27.0 78.0 42.0 43.0 27.0 32.0 24.0 26.0 26.0 28.0 36.0 27.0 34.0 34.0 42.0 33.0 30.0
50 41 1 TRACE 10.0 9.0 9.0 9.0 8.0 8.0 9.0 8.0 12.0 9.0 9.0 9.0 8.0 9.0 9.0 8.0 8.0 9.0 9.0 8.0 9.0 8.0 9.0 8.0 9.0 9.0 9.0 9.0 9.0 10.0 22.0 9.0 10.0 9.0 8.0 9.0 8.0 9.0 9.0 10.0 8.0 9.0 9.0 9.0 9.0 9.0 9.0 9.0 9.0 9.0 8.0 8.0 9.0 8.0 9.0 9.0 9.0 9.0 8.0 9.0 8.0 9.0 8.0 9.0 8.0 9.0 9.0 9.0 9.0 8.0 8.0 9.0 9.0 8.0 9.0 9.0 8.0 9.0 9.0 9.0 8.0 8.0 9.0 10.0 8.0 9.0 9.0 8.0 9.0 8.0 9.0 9.0 9.0 9.0 9.0 8.0 9.0 8.0 9.0 8.0 8.0 9.0 9.0 9.0 9.0 9.0 9.0 9.0 9.0 9.0 8.0 8.0 8.0 9.0 9.0 9.0 8.0 9.0 9.0 9.0 9.0 9.0 9.0 8.0 20.0 9.0 9.0 9.0 9.0 9.0 9.0 9.0 8.0 10.0 8.0 9.0 9.0 8.0 8.0 8.0 9.0 9.0 9.0 9.0 8.0
51 52 1 TRACE 6204.0 6138.0 6122.0 5963.0 6066.0 5910.0 6019.0 5968.0 6075.0 5947.0 5842.0 5952.0 5993.0 5973.0 5988.0 6025.0 5968.0 5809.0 5815.0 5764.0 6003.0 5760.0 5799.0 5969.0 6001.0 6002.0 5844.0 5905.0 5974.0 5978.0 7316.0 5941.0 5973.0 5951.0 6008.0 5768.0 5966.0 6150.0 5966.0 5971.0 5953.0 5735.0 5803.0 5928.0 5952.0 5968.0 6051.0 5750.0 5939.0 5950.0 5965.0 5771.0 5783.0 5946.0 5920.0 5763.0 5993.0 5975.0 6361.0 5966.0 5872.0 5963.0 5961.0 5882.0
52 53 1 TRACE 149.0 124.0 123.0 120.0 124.0 149.0 123.0 117.0 309.0 115.0 119.0 122.0 116.0 192.0 121.0 131.0 119.0 144.0 232.0 117.0 126.0 117.0 120.0 216.0 116.0 127.0 227.0 129.0 139.0 155.0 179.0 130.0 139.0 117.0 117.0 118.0 223.0 238.0 120.0 116.0 127.0 129.0 118.0 116.0 116.0 121.0 284.0 119.0 144.0 119.0 131.0 215.0 121.0 212.0 117.0 118.0 209.0 122.0 208.0 230.0 202.0 228.0 120.0 212.0
53 54 1 TRACE 27.0 21.0 22.0 23.0 28.0 29.0 27.0 28.0 83.0 135.0 26.0 27.0 27.0 29.0 33.0 27.0 28.0 49.0 29.0 27.0 25.0 135.0 26.0 27.0 28.0 29.0 30.0 26.0 29.0 28.0 46.0 26.0 26.0 24.0 25.0 26.0 61.0 25.0 25.0 25.0 26.0 26.0 24.0 22.0 26.0 25.0 14.0 26.0 20.0 48.0 22.0 20.0 20.0 21.0 26.0 115.0 24.0 16.0 24.0 25.0 28.0 45.0 27.0 34.0
54 55 1 TRACE 49.0 25.0 24.0 36.0 24.0 24.0 25.0 37.0 24.0 24.0 25.0 36.0 24.0 25.0 25.0 25.0 24.0 24.0 23.0 25.0 25.0 25.0 25.0 25.0 24.0 24.0 25.0 25.0 25.0 25.0 29.0 25.0 24.0 24.0 24.0 25.0 24.0 24.0 37.0 25.0 38.0 27.0 25.0 35.0 25.0 25.0 25.0 24.0 24.0 25.0 24.0 25.0 24.0 25.0 25.0 24.0 24.0 39.0 35.0 25.0 24.0 23.0 24.0 25.0
55 56 1 TRACE 11.0 8.0 8.0 8.0 8.0 8.0 7.0 8.0 8.0 7.0 8.0 8.0 8.0 8.0 8.0 8.0 8.0 8.0 7.0 8.0 7.0 7.0 7.0 7.0 7.0 8.0 7.0 8.0 7.0 7.0 9.0 8.0 7.0 7.0 7.0 8.0 8.0 7.0 8.0 8.0 8.0 8.0 8.0 8.0 7.0 8.0 8.0 8.0 7.0 8.0 8.0 8.0 7.0 7.0 8.0 8.0 7.0 8.0 8.0 8.0 7.0 8.0 7.0 8.0
56 57 1 TRACE 23.0 7.0 8.0 8.0 7.0 7.0 7.0 8.0 7.0 8.0 7.0 7.0 7.0 7.0 7.0 7.0 7.0 7.0 8.0 7.0 7.0 8.0 7.0 8.0 8.0 7.0 7.0 8.0 8.0 8.0 9.0 7.0 8.0 8.0 8.0 7.0 7.0 7.0 8.0 7.0 8.0 8.0 7.0 7.0 7.0 7.0 8.0 8.0 8.0 7.0 7.0 7.0 7.0 8.0 7.0 7.0 8.0 7.0 8.0 8.0 8.0 7.0 8.0 7.0
57 58 1 TRACE 12.0 7.0 7.0 8.0 8.0 7.0 8.0 7.0 7.0 7.0 8.0 8.0 8.0 7.0 7.0 7.0 7.0 7.0 7.0 7.0 8.0 8.0 8.0 8.0 8.0 7.0 7.0 8.0 7.0 8.0 9.0 7.0 7.0 8.0 7.0 7.0 7.0 7.0 7.0 8.0 7.0 7.0 8.0 8.0 7.0 7.0 7.0 8.0 7.0 7.0 7.0 7.0 7.0 7.0 7.0 7.0 8.0 8.0 7.0 7.0 7.0 8.0 7.0 7.0
58 59 1 TRACE 17.0 9.0 9.0 9.0 9.0 9.0 10.0 22.0 9.0 9.0 9.0 22.0 9.0 9.0 9.0 9.0 9.0 9.0 9.0 9.0 9.0 8.0 8.0 9.0 9.0 9.0 9.0 9.0 9.0 8.0 21.0 9.0 9.0 9.0 9.0 9.0 9.0 9.0 21.0 9.0 10.0 9.0 9.0 21.0 9.0 9.0 9.0 9.0 9.0 9.0 10.0 9.0 9.0 9.0 9.0 9.0 9.0 21.0 22.0 9.0 8.0 9.0 8.0 9.0
59 60 1 TRACE 8.0 19.0 19.0 8.0 8.0 19.0 19.0 7.0 19.0 7.0 8.0 8.0 19.0 18.0 19.0 20.0 7.0 8.0 19.0 7.0 19.0 19.0 20.0 7.0 7.0 19.0 7.0 20.0 19.0 7.0 9.0 7.0 19.0 19.0 19.0 20.0 20.0 19.0 8.0 7.0 20.0 7.0 7.0 8.0 19.0 7.0 19.0 19.0 20.0 19.0 19.0 7.0 19.0 19.0 19.0 19.0 19.0 7.0 8.0 19.0 7.0 7.0 19.0 19.0
60 61 1 TRACE 20.0 7.0 7.0 8.0 8.0 8.0 8.0 9.0 8.0 19.0 18.0 8.0 8.0 8.0 8.0 7.0 19.0 8.0 8.0 19.0 7.0 8.0 8.0 7.0 19.0 8.0 7.0 7.0 7.0 8.0 8.0 19.0 8.0 8.0 8.0 7.0 7.0 8.0 8.0 7.0 8.0 20.0 20.0 8.0 8.0 8.0 7.0 8.0 7.0 7.0 8.0 19.0 8.0 8.0 8.0 8.0 8.0 9.0 18.0 8.0 19.0 19.0 8.0 8.0
61 62 1 TRACE 8.0 8.0 11.0 7.0 8.0 8.0 7.0 7.0 8.0 7.0 8.0 7.0 7.0 7.0 7.0 8.0 8.0 7.0 8.0 7.0 8.0 7.0 7.0 19.0 7.0 7.0 8.0 8.0 8.0 7.0 9.0 7.0 8.0 8.0 7.0 8.0 8.0 8.0 8.0 8.0 8.0 7.0 7.0 7.0 8.0 7.0 8.0 8.0 8.0 8.0 7.0 7.0 7.0 7.0 7.0 8.0 8.0 8.0 8.0 7.0 8.0 8.0 7.0 7.0
62 1 1 TRACE 25.0 22.0 28.0 45.0 33.0 34.0 34.0 76.0 22.0 87.0 94.0 31.0 22.0 108.0 22.0 33.0 94.0 22.0 78.0 23.0 22.0 86.0 65.0 23.0 84.0 34.0 23.0 88.0 23.0 23.0 57.0 22.0 22.0 23.0 23.0 22.0 22.0 22.0 29.0 22.0 72.0 22.0 22.0 23.0 30.0 33.0 22.0 23.0 22.0 22.0 23.0 23.0 23.0 23.0 22.0 22.0 23.0 24.0 29.0 22.0 22.0 22.0 23.0
