0 1 CONSTANT 8.0
1 1 CONSTANT 8.0
2 1 CONSTANT 0.0
3 1 CONSTANT 8.0
4 1 CONSTANT 8.0
5 1 CONSTANT 8.0
6 1 CONSTANT 8.0
7 1 CONSTANT 8.0
8 1 CONSTANT 8.0
9 1 CONSTANT 0.0
10 1 CONSTANT 0.0
11 1 CONSTANT 0.0
12 1 CONSTANT 0.0
13 1 CONSTANT 8.0
14 1 CONSTANT 4.0
15 1 CONSTANT 4.0
16 1 CONSTANT 0.0
17 1 CONSTANT 0.0
18 1 CONSTANT 0.0
19 1 CONSTANT 0.0
20 1 CONSTANT 4.0
21 1 CONSTANT 8.0
22 1 CONSTANT 8.0
23 1 CONSTANT 8.0
24 1 CONSTANT 8.0
25 1 CONSTANT 4.0
26 1 CONSTANT 4.0
27 1 CONSTANT 8.0
28 1 TRACE 0.0 0.0 4.0 0.0 0.0 0.0 0.0 0.0 0.0 0.0 4.0 0.0 0.0 0.0 0.0 0.0 0.0 4.0 0.0 0.0 0.0 0.0 0.0 0.0 0.0 0.0 0.0 0.0 4.0 0.0 0.0 0.0 0.0 0.0 0.0 0.0 0.0 0.0 0.0 0.0 0.0 0.0 0.0 0.0 0.0 0.0 0.0 4.0 0.0 0.0 4.0 0.0 0.0 0.0 12.0 0.0 0.0 4.0 0.0 0.0 0.0 4.0 0.0 0.0 8.0 0.0 0.0 4.0 0.0 0.0 4.0 0.0 0.0 0.0 0.0 0.0 0.0 0.0 0.0 4.0 0.0 0.0 4.0 0.0 12.0 0.0 0.0 8.0 0.0 4.0 0.0 0.0 0.0 0.0 0.0 4.0 0.0 0.0 0.0 0.0 0.0 0.0 0.0 4.0 0.0 0.0 0.0 0.0 8.0 0.0 0.0 0.0 0.0 0.0 0.0 0.0 0.0 0.0 0.0 0.0 0.0 0.0 0.0 0.0 0.0 0.0 0.0 0.0 0.0 0.0 0.0 8.0 0.0 0.0 0.0 0.0 0.0 0.0 0.0 8.0 0.0 0.0 0.0 4.0 0.0 0.0 0.0 0.0 0.0 0.0 0.0 8.0 0.0 0.0 0.0 0.0 0.0 4.0 0.0 0.0 4.0 0.0 0.0 8.0 0.0 0.0 0.0 0.0 0.0 0.0 4.0 0.0 0.0 0.0 0.0 0.0 0.0 0.0 0.0 0.0 0.0 0.0 4.0 0.0 0.0 0.0 0.0 0.0 0.0
29 1 CONSTANT 4.0
30 1 TRACE 0.0 0.0 4.0 0.0 0.0 0.0 0.0 0.0 0.0 0.0 4.0 0.0 0.0 0.0 0.0 0.0 0.0 4.0 0.0 0.0 0.0 0.0 0.0 0.0 0.0 0.0 0.0 0.0 4.0 0.0 0.0 0.0 0.0 0.0 0.0 0.0 0.0 0.0 0.0 0.0 0.0 0.0 0.0 0.0 0.0 0.0 0.0 4.0 0.0 0.0 4.0 0.0 0.0 0.0 12.0 0.0 0.0 4.0 0.0 0.0 0.0 4.0 0.0 0.0 8.0 0.0 0.0 4.0 0.0 0.0 4.0 0.0 0.0 0.0 0.0 0.0 0.0 0.0 0.0 4.0 0.0 0.0 4.0 0.0 12.0 0.0 0.0 8.0 0.0 4.0 0.0 0.0 0.0 0.0 0.0 4.0 0.0 0.0 0.0 0.0 0.0 0.0 0.0 4.0 0.0 0.0 0.0 0.0 8.0 0.0 0.0 0.0 0.0 0.0 0.0 0.0 0.0 0.0 0.0 0.0 0.0 0.0 0.0 0.0 0.0 0.0 0.0 0.0 0.0 0.0 0.0 8.0 0.0 0.0 0.0 0.0 0.0 0.0 0.0 8.0 0.0 0.0 0.0 4.0 0.0 0.0 0.0 0.0 0.0 0.0 0.0 8.0 0.0 0.0 0.0 0.0 0.0 4.0 0.0 0.0 4.0 0.0 0.0 8.0 0.0 0.0 0.0 0.0 0.0 0.0 4.0 0.0 0.0 0.0 0.0 0.0 0.0 0.0 0.0 0.0 0.0 0.0 4.0 0.0 0.0 0.0 0.0 0.0 0.0
31 1 CONSTANT 8.0
32 1 CONSTANT 8.0
33 1 CONSTANT 4.0
34 1 CONSTANT 0.0
35 1 CONSTANT 0.0
36 1 CONSTANT 8.0
37 1 CONSTANT 8.0
38 1 CONSTANT 8.0
39 1 TRACE 8.0 0.0 0.0 8.0 0.0 0.0 8.0 0.0 0.0 8.0 0.0 0.0 8.0 0.0 0.0 8.0 0.0 0.0 8.0 0.0 8.0 0.0 0.0 8.0 0.0 0.0 8.0 0.0 0.0 8.0 0.0 0.0 8.0 0.0 0.0 8.0 0.0 0.0 0.0 0.0 8.0 0.0 0.0 0.0 0.0 8.0 0.0 0.0 8.0 8.0 0.0 0.0 8.0 8.0 0.0 0.0 8.0 0.0 0.0 8.0 0.0 0.0 8.0 0.0 0.0 8.0 0.0 0.0 8.0 0.0 0.0 8.0 0.0 0.0 8.0 0.0 0.0 8.0 0.0 0.0 8.0 0.0 0.0 8.0 0.0 0.0 8.0 0.0 0.0 0.0 0.0 8.0 0.0 0.0 8.0 0.0 0.0 8.0 0.0 0.0 8.0 0.0 0.0 8.0 0.0 0.0 8.0 0.0 0.0 8.0 0.0 0.0 8.0 0.0 0.0 8.0 0.0 0.0 8.0 0.0 0.0 8.0 0.0 0.0 8.0 0.0 0.0 8.0 0.0 0.0 8.0 0.0 0.0 0.0 0.0 8.0 0.0 0.0 8.0 0.0 0.0 8.0 0.0 0.0 8.0 0.0 0.0 8.0 0.0 0.0 8.0 0.0 0.0 8.0 0.0 0.0 8.0 0.0 0.0 8.0 0.0 0.0 8.0 0.0 0.0 8.0 0.0 0.0 8.0 0.0 0.0 8.0 0.0 0.0 8.0 0.0 0.0 8.0 0.0 0.0 8.0 0.0 0.0 8.0 0.0 0.0 8.0 0.0 0.0
40 1 CONSTANT 8.0
41 1 CONSTANT 8.0
42 1 CONSTANT 8.0
43 1 CONSTANT 96.0
44 1 CONSTANT 88.0
45 1 CONSTANT 8.0
46 1 CONSTANT 96.0
47 1 CONSTANT 4.0
48 1 TRACE 4192.0 1456.0 1408.0 640.0 640.0 400.0 400.0 304.0 736.0 592.0 496.0 304.0 352.0 288.0 112.0 160.0 0.0 0.0 0.0 0.0 0.0 0.0 0.0 16.0 4240.0 1504.0 1264.0 624.0 640.0 400.0 272.0 224.0 48.0 64.0 32.0 16.0 16.0 64.0 16.0 80.0 0.0 0.0 0.0 0.0 0.0 0.0 0.0 0.0 5088.0 1472.0 1120.0 560.0 560.0 336.0 304.0 176.0 128.0 192.0 128.0 96.0 144.0 176.0 32.0 112.0 0.0 0.0 0.0 0.0 0.0 0.0 0.0 0.0 4704.0 1488.0 1184.0 624.0 592.0 384.0 272.0 208.0 80.0 160.0 64.0 48.0 96.0 112.0 32.0 80.0 0.0 0.0 0.0 0.0 0.0 0.0 0.0 0.0 4944.0 1712.0 1328.0 688.0 704.0 368.0 320.0 240.0 160.0 176.0 144.0 48.0 112.0 176.0 32.0 80.0 0.0 0.0 0.0 0.0 0.0 0.0 0.0 0.0 4752.0 1456.0 1280.0 800.0 608.0 608.0 352.0 272.0 480.0 448.0 288.0 144.0 336.0 160.0 128.0 144.0 0.0 0.0 16.0 0.0 0.0 0.0 16.0 0.0 3328.0 1184.0 1024.0 704.0 480.0 432.0 320.0 240.0 976.0 704.0 576.0 368.0 416.0 320.0 176.0 176.0 0.0 0.0 16.0 0.0 0.0 16.0 16.0 16.0 0.0 0.0 0.0 0.0 0.0 0.0 0.0 0.0 4656.0 1552.0 1184.0 672.0 608.0 432.0 320.0 224.0 96.0 128.0 96.0 0.0 64.0 80.0 16.0 80.0 0.0 0.0 0.0 0.0 0.0 0.0 0.0 0.0 4864.0 1488.0 1312.0 656.0 608.0 352.0 240.0 208.0 80.0 160.0 64.0 32.0 64.0 96.0 32.0 80.0 0.0 0.0 0.0 0.0 0.0 0.0 0.0 0.0 5136.0 1680.0 1376.0 752.0 688.0 368.0 336.0 288.0 240.0 224.0 192.0 80.0 224.0 192.0 64.0 96.0 0.0 0.0 0.0 0.0 0.0 0.0 0.0 0.0 5072.0 1568.0 1232.0 768.0 608.0 352.0 288.0 288.0 288.0 256.0 176.0 32.0 144.0 176.0 64.0 112.0 0.0 0.0 0.0 0.0 0.0 0.0 0.0 0.0 4928.0 1552.0 1216.0 640.0 576.0 352.0 272.0 336.0 144.0 176.0 112.0 80.0 112.0 112.0 32.0 48.0 0.0 0.0 0.0 0.0 0.0 0.0 0.0 0.0 5056.0 1488.0 1184.0 688.0 560.0 432.0 320.0 192.0 144.0 224.0 160.0 32.0 160.0 144.0 48.0 112.0 0.0 0.0 0.0 0.0 0.0 0.0 0.0 0.0 1472.0 544.0 624.0 432.0 192.0 192.0 192.0 288.0 2368.0 1168.0 912.0 512.0 608.0 368.0 224.0 240.0 16.0 16.0 16.0 0.0 0.0 16.0 16.0 16.0 0.0 0.0 0.0 0.0 0.0 0.0 0.0 0.0 3296.0 1424.0 1216.0 832.0 576.0 480.0 432.0 384.0 1456.0 992.0 784.0 352.0 464.0 336.0 160.0 144.0 0.0 0.0 0.0 0.0 0.0 16.0 16.0 16.0 0.0 0.0 0.0 0.0 0.0 0.0 0.0 0.0 2192.0 944.0 864.0 672.0 624.0 368.0 352.0 304.0 2288.0 1184.0 992.0 544.0 560.0 400.0 192.0 256.0 16.0 16.0 16.0 0.0 0.0 16.0 16.0 16.0 0.0 0.0 0.0 0.0 0.0 0.0 0.0 0.0 4720.0 1696.0 1360.0 672.0 544.0 496.0 304.0 272.0 432.0 384.0 304.0 192.0 288.0 224.0 112.0 128.0 0.0 0.0 0.0 0.0 0.0 0.0 0.0 0.0 3744.0 1312.0 1072.0 608.0 608.0 416.0 256.0 256.0 48.0 96.0 32.0 0.0 16.0 32.0 16.0 16.0 0.0 0.0 0.0 0.0 0.0 0.0 0.0 0.0 2352.0 1280.0 960.0 448.0 560.0 352.0 240.0 224.0 0.0 16.0 16.0 0.0 0.0 16.0 0.0 16.0 0.0 0.0 0.0 0.0 0.0 0.0 0.0 0.0 2624.0 1264.0 976.0 480.0 544.0 336.0 240.0 224.0 0.0 32.0 16.0 16.0 16.0 16.0 16.0 16.0 0.0 0.0 0.0 0.0 0.0 0.0 0.0 0.0 3920.0 1488.0 1136.0 784.0 688.0 416.0 272.0 272.0 816.0 544.0 448.0 272.0 352.0 288.0 144.0 160.0 0.0 0.0 0.0 0.0 0.0 0.0 0.0 0.0 3840.0 1088.0 1104.0 816.0 400.0 352.0 352.0 304.0 864.0 592.0 560.0 240.0 432.0 304.0 160.0 128.0 0.0 0.0 0.0 0.0 0.0 0.0 0.0 0.0 5136.0 1616.0 1296.0 608.0 720.0 416.0 256.0 288.0 176.0 208.0 112.0 48.0 32.0 112.0 48.0 64.0 0.0 0.0 0.0 0.0 0.0 0.0 0.0 0.0 4464.0 1648.0 1168.0 720.0 608.0 368.0 288.0 304.0 624.0 464.0 480.0 288.0 336.0 272.0 144.0 128.0 0.0 0.0 0.0 0.0 0.0 16.0 0.0 0.0 3488.0 1424.0 1120.0 544.0 640.0 416.0 224.0 256.0 32.0 80.0 48.0 0.0 0.0 48.0 16.0 32.0 0.0 0.0 0.0 0.0 0.0 0.0 0.0 0.0 4528.0 1600.0 1200.0 544.0 656.0 384.0 272.0 208.0 16.0 112.0 80.0 16.0 32.0 96.0 16.0 96.0 0.0 0.0 0.0 0.0 0.0 0.0 0.0 0.0 5072.0 1680.0 1312.0 688.0 624.0 400.0 352.0 192.0 256.0 256.0 144.0 96.0 176.0 192.0 64.0 128.0 0.0 0.0 0.0 0.0 0.0 0.0 0.0 0.0 5168.0 1648.0 1120.0 704.0 688.0 448.0 304.0 272.0 144.0 176.0 176.0 48.0 112.0 144.0 64.0 96.0 0.0 0.0 0.0 0.0 0.0 0.0 0.0 0.0 3072.0 1392.0 1120.0 496.0 592.0 352.0 224.0 256.0 16.0 32.0 16.0 0.0 0.0 16.0 16.0 16.0 0.0 0.0 0.0 0.0 0.0 0.0 0.0 0.0 4384.0 1600.0 1136.0 608.0 592.0 400.0 320.0 240.0 64.0 96.0 48.0 16.0 16.0 64.0 16.0 48.0 0.0 0.0 0.0 0.0 0.0 0.0 0.0 0.0 1472.0 496.0 512.0 464.0 272.0 176.0 128.0 160.0 2656.0 1328.0 1008.0 480.0 576.0 352.0 240.0 224.0 32.0 16.0 32.0 0.0 0.0 16.0 16.0 32.0 0.0 0.0 0.0 0.0 0.0 0.0 0.0 0.0 4064.0 1424.0 1376.0 928.0 560.0 528.0 304.0 272.0 816.0 512.0 480.0 240.0 368.0 208.0 96.0 176.0 0.0 0.0 0.0 0.0 0.0 16.0 16.0 0.0 4512.0 1488.0 1232.0 656.0 576.0 384.0 256.0 256.0 32.0 96.0 64.0 0.0 16.0 32.0 16.0 16.0 0.0 0.0 0.0 0.0 0.0 0.0 0.0 0.0 4592.0 1648.0 1280.0 704.0 608.0 368.0 256.0 272.0 80.0 96.0 48.0 16.0 48.0 96.0 32.0 64.0 0.0 0.0 0.0 0.0 0.0 0.0 0.0 0.0 4080.0 1376.0 1296.0 768.0 624.0 496.0 288.0 304.0 752.0 496.0 496.0 288.0 416.0 288.0 144.0 176.0 0.0 16.0 0.0 0.0 0.0 0.0 0.0 0.0 5264.0 1712.0 1296.0 688.0 656.0 400.0 256.0 208.0 96.0 144.0 96.0 32.0 112.0 112.0 64.0 112.0 0.0 0.0 0.0 0.0 0.0 0.0 0.0 0.0 3776.0 1360.0 1344.0 736.0 544.0 416.0 272.0 240.0 864.0 608.0 416.0 256.0 416.0 304.0 160.0 208.0 0.0 0.0 0.0 0.0 0.0 0.0 0.0 0.0 4976.0 1616.0 1296.0 672.0 592.0 464.0 320.0 208.0 144.0 144.0 128.0 0.0 112.0 96.0 32.0 96.0 0.0 0.0 0.0 0.0 0.0 0.0 0.0 0.0 4896.0 1568.0 1248.0 752.0 496.0 384.0 288.0 240.0 112.0 144.0 96.0 48.0 128.0 112.0 80.0 80.0 0.0 0.0 0.0 0.0 0.0 0.0 0.0 0.0 2800.0 1392.0 1424.0 656.0 624.0 448.0 336.0 208.0 1536.0 976.0 784.0 432.0 512.0 336.0 208.0 240.0 0.0 0.0 0.0 0.0 0.0 0.0 16.0 0.0 0.0 0.0 0.0 0.0 0.0 0.0 0.0 0.0 5056.0 1584.0 1296.0 672.0 592.0 416.0 272.0 224.0 128.0 176.0 96.0 32.0 96.0 144.0 48.0 112.0 0.0 0.0 0.0 0.0 0.0 0.0 0.0 0.0 3136.0 1424.0 1456.0 880.0 848.0 704.0 416.0 304.0 1536.0 848.0 672.0 384.0 432.0 288.0 176.0 224.0 0.0 16.0 0.0 0.0 0.0 16.0 16.0 0.0 0.0 0.0 0.0 0.0 0.0 0.0 0.0 0.0 4720.0 1648.0 1184.0 688.0 608.0 384.0 272.0 240.0 96.0 144.0 96.0 32.0 32.0 112.0 16.0 64.0 0.0 0.0 0.0 0.0 0.0 0.0 0.0 0.0 4752.0 1696.0 1280.0 800.0 576.0 512.0 288.0 288.0 448.0 400.0 320.0 176.0 336.0 240.0 128.0 144.0 0.0 0.0 0.0 0.0 0.0 0.0 0.0 0.0 2944.0 1408.0 1072.0 592.0 592.0 464.0 208.0 224.0 32.0 32.0 16.0 0.0 16.0 0.0 16.0 0.0 0.0 0.0 0.0 0.0 0.0 0.0 0.0 0.0 1392.0 480.0 480.0 448.0 304.0 144.0 128.0 96.0 2624.0 1312.0 1024.0 496.0 544.0 368.0 240.0 256.0 0.0 16.0 32.0 0.0 0.0 16.0 16.0 16.0 0.0 0.0 0.0 0.0 0.0 0.0 0.0 0.0 5072.0 1440.0 1248.0 688.0 528.0 448.0 336.0 256.0 128.0 160.0 112.0 32.0 144.0 112.0 48.0 64.0 0.0 0.0 0.0 0.0 0.0 0.0 0.0 0.0 4272.0 1440.0 1088.0 640.0 496.0 384.0 288.0 208.0 80.0 128.0 64.0 16.0 112.0 96.0 32.0 48.0 0.0 0.0 0.0 0.0 0.0 0.0 0.0 0.0 5136.0 1648.0 1184.0 672.0 512.0 416.0 240.0 272.0 208.0 240.0 192.0 144.0 192.0 176.0 96.0 112.0 0.0 0.0 0.0 0.0 0.0 0.0 0.0 0.0 4432.0 1520.0 1200.0 608.0 624.0 448.0 272.0 240.0 64.0 80.0 48.0 16.0 16.0 48.0 16.0 64.0 0.0 0.0 0.0 0.0 0.0 0.0 0.0 0.0 2704.0 1392.0 1120.0 576.0 640.0 384.0 224.0 272.0 16.0 32.0 32.0 0.0 0.0 0.0 16.0 16.0 0.0 0.0 0.0 0.0 0.0 0.0 0.0 0.0 2672.0 1312.0 944.0 496.0 592.0 368.0 192.0 272.0 16.0 0.0 16.0 0.0 0.0 16.0 16.0 0.0 0.0 0.0 0.0 0.0 0.0 0.0 0.0 0.0 5088.0 1456.0 1248.0 720.0 544.0 448.0 368.0 256.0 144.0 160.0 112.0 32.0 144.0 112.0 48.0 64.0 0.0 0.0 0.0 0.0 0.0 0.0 0.0 0.0 4096.0 1488.0 1152.0 576.0 608.0 464.0 304.0 224.0 64.0 64.0 32.0 16.0 32.0 48.0 16.0 48.0 0.0 0.0 0.0 0.0 0.0 0.0 0.0 0.0 2944.0 1328.0 1120.0 544.0 592.0 384.0 208.0 256.0 0.0 16.0 16.0 0.0 0.0 16.0 16.0 16.0 0.0 0.0 0.0 0.0 0.0 0.0 0.0 0.0 2720.0 1424.0 1056.0 544.0 608.0 384.0 240.0 272.0 32.0 16.0 32.0 0.0 16.0 16.0 16.0 16.0 0.0 0.0 0.0 0.0 0.0 0.0 0.0 0.0 3056.0 1376.0 1056.0 656.0 528.0 400.0 352.0 400.0 1392.0 896.0 784.0 448.0 496.0 368.0 176.0 176.0 0.0 16.0 16.0 0.0 0.0 16.0 16.0 0.0 0.0 0.0 0.0 0.0 0.0 0.0 0.0 0.0 4144.0 1792.0 1360.0 816.0 704.0 416.0 336.0 240.0 848.0 544.0 480.0 272.0 336.0 288.0 160.0 224.0 0.0 0.0 0.0 0.0 0.0 0.0 0.0 0.0 5024.0 1632.0 1264.0 576.0 656.0 368.0 304.0 256.0 304.0 192.0 128.0 64.0 176.0 224.0 80.0 128.0 0.0 0.0 0.0 0.0 0.0 0.0 0.0 0.0 5328.0 1600.0 1328.0 800.0 592.0 288.0 368.0 288.0 144.0 192.0 112.0 48.0 96.0 208.0 32.0 112.0 0.0 0.0 0.0 0.0 0.0 0.0 0.0 0.0 5056.0 1728.0 1264.0 656.0 592.0 416.0 320.0 288.0 384.0 208.0 176.0 64.0 208.0 208.0 80.0 128.0 0.0 0.0 0.0 0.0 0.0 0.0 0.0 0.0 4816.0 1440.0 1232.0 688.0 656.0 352.0 320.0 272.0 320.0 304.0 272.0 144.0 272.0 208.0 64.0 112.0 0.0 0.0 0.0 0.0 0.0 0.0 16.0 0.0 3904.0 1504.0 1152.0 576.0 608.0 432.0 256.0 240.0 64.0 64.0 32.0 16.0 0.0 32.0 16.0 48.0 0.0 0.0 0.0 0.0 0.0 0.0 0.0 0.0 5056.0 1584.0 1312.0 736.0 624.0 416.0 288.0 304.0 320.0 288.0 208.0 128.0 208.0 176.0 80.0 128.0 0.0 0.0 0.0 0.0 0.0 0.0 0.0 0.0
49 1 TRACE 96.0 104.0 96.0 104.0 96.0 96.0 104.0 8.0 96.0 104.0 96.0 104.0 96.0 96.0 104.0 8.0 96.0 104.0 96.0 104.0 96.0 96.0 104.0 8.0 96.0 104.0 96.0 104.0 96.0 96.0 104.0 8.0 96.0 104.0 96.0 104.0 96.0 96.0 104.0 8.0 96.0 104.0 96.0 104.0 96.0 96.0 104.0 8.0 96.0 104.0 96.0 104.0 96.0 96.0 104.0 8.0 96.0 104.0 96.0 104.0 96.0 96.0 104.0 8.0 96.0 104.0 96.0 104.0 96.0 96.0 104.0 8.0 96.0 104.0 96.0 104.0 96.0 96.0 104.0 8.0 96.0 104.0 96.0 104.0 96.0 96.0 104.0 8.0 96.0 104.0 96.0 104.0 96.0 96.0 104.0 8.0 96.0 104.0 96.0 104.0 96.0 96.0 104.0 8.0 96.0 104.0 96.0 104.0 96.0 96.0 104.0 8.0 96.0 104.0 96.0 104.0 96.0 96.0 104.0 8.0 96.0 104.0 96.0 104.0 96.0 96.0 104.0 8.0 96.0 104.0 96.0 104.0 96.0 96.0 104.0 8.0 96.0 104.0 96.0 104.0 96.0 96.0 104.0 8.0 96.0 104.0 96.0 104.0 96.0 96.0 104.0 8.0 96.0 104.0 96.0 104.0 96.0 96.0 104.0 8.0 96.0 104.0 96.0 104.0 96.0 96.0 104.0 8.0 96.0 104.0 96.0 104.0 96.0 96.0 104.0 8.0 96.0 104.0 96.0 104.0 96.0 96.0 104.0 8.0 96.0 104.0 96.0 104.0 96.0 96.0 104.0 8.0 96.0 104.0 96.0 104.0 96.0 96.0 104.0 8.0 96.0 104.0 96.0 104.0 96.0 96.0 104.0 8.0 96.0 104.0 96.0 104.0 96.0 96.0 104.0 8.0 96.0 104.0 96.0 104.0 96.0 96.0 104.0 8.0 96.0 104.0 96.0 104.0 96.0 96.0 104.0 8.0 96.0 104.0 96.0 104.0 96.0 96.0 104.0 8.0 96.0 104.0 96.0 104.0 96.0 96.0 104.0 8.0 96.0 104.0 96.0 104.0 96.0 96.0 104.0 8.0 96.0 104.0 96.0 104.0 96.0 96.0 104.0 8.0 96.0 104.0 96.0 104.0 96.0 96.0 104.0 8.0 96.0 104.0 96.0 104.0 96.0 96.0 104.0 8.0 96.0 104.0 96.0 104.0 96.0 96.0 104.0 8.0 96.0 104.0 96.0 104.0 96.0 96.0 104.0 8.0 96.0 104.0 96.0 104.0 96.0 96.0 104.0 8.0 96.0 104.0 96.0 104.0 96.0 96.0 104.0 8.0 96.0 104.0 96.0 104.0 96.0 96.0 104.0 8.0 96.0 104.0 96.0 104.0 96.0 96.0 104.0 8.0 96.0 104.0 96.0 104.0 96.0 96.0 104.0 8.0 96.0 104.0 96.0 104.0 96.0 96.0 104.0 8.0 96.0 104.0 96.0 104.0 96.0 96.0 104.0 8.0 96.0 104.0 96.0 104.0 96.0 96.0 104.0 8.0 96.0 104.0 96.0 104.0 96.0 96.0 104.0 8.0 96.0 104.0 96.0 104.0 96.0 96.0 104.0 8.0 96.0 104.0 96.0 104.0 96.0 96.0 104.0 8.0 96.0 104.0 96.0 104.0 96.0 96.0 104.0 8.0 96.0 104.0 96.0 104.0 96.0 96.0 104.0 8.0 96.0 104.0 96.0 104.0 96.0 96.0 104.0 8.0 96.0 104.0 96.0 104.0 96.0 96.0 104.0 8.0 96.0 104.0 96.0 104.0 96.0 96.0 104.0 8.0 96.0 104.0 96.0 104.0 96.0 96.0 104.0 8.0 96.0 104.0 96.0 104.0 96.0 96.0 104.0 8.0 96.0 104.0 96.0 104.0 96.0 96.0 104.0 8.0 96.0 104.0 96.0 104.0 96.0 96.0 104.0 8.0 96.0 104.0 96.0 104.0 96.0 96.0 104.0 8.0 96.0 104.0 96.0 104.0 96.0 96.0 104.0 8.0 96.0 104.0 96.0 104.0 96.0 96.0 104.0 8.0 96.0 104.0 96.0 104.0 96.0 96.0 104.0 8.0 96.0 104.0 96.0 104.0 96.0 96.0 104.0 8.0 96.0 104.0 96.0 104.0 96.0 96.0 104.0 8.0 96.0 104.0 96.0 104.0 96.0 96.0 104.0 8.0 96.0 104.0 96.0 104.0 96.0 96.0 104.0 8.0 96.0 104.0 96.0 104.0 96.0 96.0 104.0 8.0 96.0 104.0 96.0 104.0 96.0 96.0 104.0 8.0 96.0 104.0 96.0 104.0 96.0 96.0 104.0 8.0 96.0 104.0 96.0 104.0 96.0 96.0 104.0 8.0 96.0 104.0 96.0 104.0 96.0 96.0 104.0 8.0 96.0 104.0 96.0 104.0 96.0 96.0 104.0 8.0 96.0 104.0 96.0 104.0 96.0 96.0 104.0 8.0 96.0 104.0 96.0 104.0 96.0 96.0 104.0 8.0 96.0 104.0 96.0 104.0 96.0 96.0 104.0 8.0 96.0 104.0 96.0 104.0 96.0 96.0 104.0 8.0 96.0 104.0 96.0 104.0 96.0 96.0 104.0 8.0 96.0 104.0 96.0 104.0 96.0 96.0 104.0 8.0 96.0 104.0 96.0 104.0 96.0 96.0 104.0 8.0 96.0 104.0 96.0 104.0 96.0 96.0 104.0 8.0 96.0 104.0 96.0 104.0 96.0 96.0 104.0 8.0 96.0 104.0 96.0 104.0 96.0 96.0 104.0 8.0 96.0 104.0 96.0 104.0 96.0 96.0 104.0 8.0 96.0 104.0 96.0 104.0 96.0 96.0 104.0 8.0 96.0 104.0 96.0 104.0 96.0 96.0 104.0 8.0 96.0 104.0 96.0 104.0 96.0 96.0 104.0 8.0 96.0 104.0 96.0 104.0 96.0 96.0 104.0 8.0 96.0 104.0 96.0 104.0 96.0 96.0 104.0 8.0 96.0 104.0 96.0 104.0 96.0 96.0 104.0 8.0 96.0 104.0 96.0 104.0 96.0 96.0 104.0 8.0 96.0 104.0 96.0 104.0 96.0 96.0 104.0 8.0 96.0 104.0 96.0 104.0 96.0 96.0 104.0 8.0 96.0 104.0 96.0 104.0 96.0 96.0 104.0 8.0 96.0 104.0 96.0 104.0 96.0 96.0 104.0 8.0 96.0 104.0 96.0 104.0 96.0 96.0 104.0 8.0 96.0 104.0 96.0 104.0 96.0 96.0 104.0 8.0 96.0 104.0 96.0 104.0 96.0 96.0 104.0 8.0 96.0 104.0 96.0 104.0 96.0 96.0 104.0 8.0 96.0 104.0 96.0 104.0 96.0 96.0 104.0 8.0 96.0 104.0 96.0 104.0 96.0 96.0 104.0 8.0 96.0 104.0 96.0 104.0 96.0 96.0 104.0 8.0 96.0 104.0 96.0 104.0 96.0 96.0 104.0 8.0 96.0 104.0 96.0 104.0 96.0 96.0 104.0 8.0 96.0 104.0 96.0 104.0 96.0 96.0 104.0 8.0 96.0 104.0 96.0 104.0 96.0 96.0 104.0 8.0 96.0 104.0 96.0 104.0 96.0 96.0 104.0 8.0 96.0 104.0 96.0 104.0 96.0 96.0 104.0 8.0 96.0 104.0 96.0 104.0 96.0 96.0 104.0 8.0 96.0 104.0 96.0 104.0 96.0 96.0 104.0 8.0 96.0 104.0 96.0 104.0 96.0 96.0 104.0 8.0 96.0 104.0 96.0 104.0 96.0 96.0 104.0 8.0 96.0 104.0 96.0 104.0 96.0 96.0 104.0 8.0 96.0 104.0 96.0 104.0 96.0 96.0 104.0 8.0 96.0 104.0 96.0 104.0 96.0 96.0 104.0 8.0 96.0 104.0 96.0 104.0 96.0 96.0 104.0 8.0 96.0 104.0 96.0 104.0 96.0 96.0 104.0 8.0 96.0 104.0 96.0 104.0 96.0 96.0 104.0 8.0 96.0 104.0 96.0 104.0 96.0 96.0 104.0 8.0 96.0 104.0 96.0 104.0 96.0 96.0 104.0 8.0 96.0 104.0 96.0 104.0 96.0 96.0 104.0 8.0 96.0 104.0 96.0 104.0 96.0 96.0 104.0 8.0 96.0 104.0 96.0 104.0 96.0 96.0 104.0 8.0 96.0 104.0 96.0 104.0 96.0 96.0 104.0 8.0 96.0 104.0 96.0 104.0 96.0 96.0 104.0 8.0 96.0 104.0 96.0 104.0 96.0 96.0 104.0 8.0 96.0 104.0 96.0 104.0 96.0 96.0 104.0 8.0 96.0 104.0 96.0 104.0 96.0 96.0 104.0 8.0 96.0 104.0 96.0 104.0 96.0 96.0 104.0 8.0 96.0 104.0 96.0 104.0 96.0 96.0 104.0 8.0 96.0 104.0 96.0 104.0 96.0 96.0 104.0 8.0 96.0 104.0 96.0 104.0 96.0 96.0 104.0 8.0 96.0 104.0 96.0 104.0 96.0 96.0 104.0 8.0 96.0 104.0 96.0 104.0 96.0 96.0 104.0 8.0 96.0 104.0 96.0 104.0 96.0 96.0 104.0 8.0 96.0 104.0 96.0 104.0 96.0 96.0 104.0 8.0 96.0 104.0 96.0 104.0 96.0 96.0 104.0 8.0 96.0 104.0 96.0 104.0 96.0 96.0 104.0 8.0 96.0 104.0 96.0 104.0 96.0 96.0 104.0 8.0 96.0 104.0 96.0 104.0 96.0 96.0 104.0 8.0 96.0 104.0 96.0 104.0 96.0 96.0 104.0 8.0 96.0 104.0 96.0 104.0 96.0 96.0 104.0 8.0 96.0 104.0 96.0 104.0 96.0 96.0 104.0 8.0 96.0 104.0 96.0 104.0 96.0 96.0 104.0 8.0 96.0 104.0 96.0 104.0 96.0 96.0 104.0 8.0 96.0 104.0 96.0 104.0 96.0 96.0 104.0 8.0 96.0 104.0 96.0 104.0 96.0 96.0 104.0 8.0 96.0 104.0 96.0 104.0 96.0 96.0 104.0 8.0 96.0 104.0 96.0 104.0 96.0 96.0 104.0 8.0 96.0 104.0 96.0 104.0 96.0 96.0 104.0 8.0 96.0 104.0 96.0 104.0 96.0 96.0 104.0 8.0 96.0 104.0 96.0 104.0 96.0 96.0 104.0 8.0 96.0 104.0 96.0 104.0 96.0 96.0 104.0 8.0 96.0 104.0 96.0 104.0 96.0 96.0 104.0 8.0 96.0 104.0 96.0 104.0 96.0 96.0 104.0 8.0 96.0 104.0 96.0 104.0 96.0 96.0 104.0 8.0 96.0 104.0 96.0 104.0 96.0 96.0 104.0 8.0 96.0 104.0 96.0 104.0 96.0 96.0 104.0 8.0 96.0 104.0 96.0 104.0 96.0 96.0 104.0 8.0 96.0 104.0 96.0 104.0 96.0 96.0 104.0 8.0 96.0 104.0 96.0 104.0 96.0 96.0 104.0 8.0 96.0 104.0 96.0 104.0 96.0 96.0 104.0 8.0 96.0 104.0 96.0 104.0 96.0 96.0 104.0 8.0 96.0 104.0 96.0 104.0 96.0 96.0 104.0 8.0 96.0 104.0 96.0 104.0 96.0 96.0 104.0 8.0 96.0 104.0 96.0 104.0 96.0 96.0 104.0 8.0 96.0 104.0 96.0 104.0 96.0 96.0 104.0 8.0 96.0 104.0 96.0 104.0 96.0 96.0 104.0 8.0 96.0 104.0 96.0 104.0 96.0 96.0 104.0 8.0 96.0 104.0 96.0 104.0 96.0 96.0 104.0 8.0 96.0 104.0 96.0 104.0 96.0 96.0 104.0 8.0 96.0 104.0 96.0 104.0 96.0 96.0 104.0 8.0 96.0 104.0 96.0 104.0 96.0 96.0 104.0 8.0 96.0 104.0 96.0 104.0 96.0 96.0 104.0 8.0 96.0 104.0 96.0 104.0 96.0 96.0 104.0 8.0 96.0 104.0 96.0 104.0 96.0 96.0 104.0 8.0 96.0 104.0 96.0 104.0 96.0 96.0 104.0 8.0 96.0 104.0 96.0 104.0 96.0 96.0 104.0 8.0 96.0 104.0 96.0 104.0 96.0 96.0 104.0 8.0 96.0 104.0 96.0 104.0 96.0 96.0 104.0 8.0 96.0 104.0 96.0 104.0 96.0 96.0 104.0 8.0 96.0 104.0 96.0 104.0 96.0 96.0 104.0 8.0 96.0 104.0 96.0 104.0 96.0 96.0 104.0 8.0 96.0 104.0 96.0 104.0 96.0 96.0 104.0 8.0 96.0 104.0 96.0 104.0 96.0 96.0 104.0 8.0 96.0 104.0 96.0 104.0 96.0 96.0 104.0 8.0 96.0 104.0 96.0 104.0 96.0 96.0 104.0 8.0 96.0 104.0 96.0 104.0 96.0 96.0 104.0 8.0 96.0 104.0 96.0 104.0 96.0 96.0 104.0 8.0 96.0 104.0 96.0 104.0 96.0 96.0 104.0 8.0 96.0 104.0 96.0 104.0 96.0 96.0 104.0 8.0 96.0 104.0 96.0 104.0 96.0 96.0 104.0 8.0 96.0 104.0 96.0 104.0 96.0 96.0 104.0 8.0 96.0 104.0 96.0 104.0 96.0 96.0 104.0 8.0 96.0 104.0 96.0 104.0 96.0 96.0 104.0 8.0 96.0 104.0 96.0 104.0 96.0 96.0 104.0 8.0 96.0 104.0 96.0 104.0 96.0 96.0 104.0 8.0 96.0 104.0 96.0 104.0 96.0 96.0 104.0 8.0 96.0 104.0 96.0 104.0 96.0 96.0 104.0 8.0 96.0 104.0 96.0 104.0 96.0 96.0 104.0 8.0 96.0 104.0 96.0 104.0 96.0 96.0 104.0 8.0 96.0 104.0 96.0 104.0 96.0 96.0 104.0 8.0 96.0 104.0 96.0 104.0 96.0 96.0 104.0 8.0
50 1 TRACE 8.0 8.0 8.0 8.0 8.0 8.0 8.0 8.0 8.0 8.0 8.0 8.0 8.0 8.0 8.0 8.0 8.0 8.0 8.0 8.0 8.0 0.0 8.0 8.0 8.0 8.0 8.0 8.0 8.0 8.0 8.0 8.0 8.0 8.0 8.0 8.0 8.0 8.0 8.0 8.0 8.0 8.0 8.0 8.0 8.0 8.0 8.0 8.0 8.0 8.0 8.0 8.0 8.0 8.0 8.0 8.0 8.0 8.0 8.0 8.0 8.0 8.0 8.0 8.0 8.0 8.0 8.0 8.0 8.0 8.0 8.0 8.0 8.0 8.0 8.0 8.0 8.0 8.0 8.0 8.0 8.0 8.0 8.0 8.0 8.0 8.0 8.0 8.0 8.0 8.0 8.0 8.0 8.0 8.0 8.0 8.0 8.0 8.0 8.0 8.0 8.0 8.0 8.0 8.0 8.0 8.0 8.0 8.0 8.0 8.0 8.0 8.0 8.0 8.0 8.0 8.0 8.0 8.0 8.0 8.0 8.0 8.0 8.0 8.0 8.0 8.0 8.0 8.0 8.0 8.0 8.0 8.0 8.0 8.0 8.0 8.0 8.0 8.0 8.0 8.0 8.0 8.0 8.0 8.0 8.0 8.0 8.0 8.0 8.0 8.0 8.0 8.0 8.0 8.0 8.0 8.0 8.0 8.0 8.0 8.0 8.0 8.0 8.0 8.0 8.0 8.0 8.0 8.0 8.0 8.0 8.0 8.0 8.0 8.0 8.0 8.0 8.0 8.0 8.0 8.0 8.0 8.0 8.0 8.0 8.0 8.0 8.0 8.0 8.0 8.0 8.0 8.0 8.0 8.0 8.0 8.0 8.0 8.0 8.0 8.0 8.0
51 1 CONSTANT 8.0
52 1 CONSTANT 8.0
53 1 CONSTANT 8.0
54 1 CONSTANT 0.0
55 1 CONSTANT 0.0
56 1 CONSTANT 0.0
57 1 CONSTANT 0.0
58 1 CONSTANT 0.0
59 1 CONSTANT 0.0
60 1 CONSTANT 0.0
61 1 CONSTANT 0.0
62 1 CONSTANT 8.0
