0 1 CONSTANT 8.0
1 1 CONSTANT 8.0
2 1 CONSTANT 0.0
3 1 CONSTANT 8.0
4 1 CONSTANT 8.0
5 1 CONSTANT 8.0
6 1 CONSTANT 8.0
7 1 CONSTANT 8.0
8 1 CONSTANT 8.0
9 1 CONSTANT 0.0
10 1 CONSTANT 0.0
11 1 CONSTANT 0.0
12 1 CONSTANT 0.0
13 1 CONSTANT 8.0
14 1 CONSTANT 4.0
15 1 CONSTANT 4.0
16 1 CONSTANT 0.0
17 1 CONSTANT 0.0
18 1 CONSTANT 0.0
19 1 CONSTANT 0.0
20 1 CONSTANT 4.0
21 1 CONSTANT 8.0
22 1 CONSTANT 8.0
23 1 CONSTANT 8.0
24 1 CONSTANT 8.0
25 1 CONSTANT 4.0
26 1 CONSTANT 4.0
27 1 CONSTANT 8.0
28 1 TRACE 0.0 8.0 0.0 0.0 4.0 4.0 0.0 0.0 28.0 0.0 0.0 8.0 4.0 0.0 0.0 0.0 16.0 0.0 0.0 0.0 12.0 0.0 8.0 0.0 0.0 16.0 0.0 0.0 0.0 20.0 0.0 0.0 4.0 0.0 0.0 12.0 0.0 0.0 0.0 0.0 12.0 0.0 0.0 0.0 0.0 0.0 0.0 16.0 0.0 0.0 0.0 0.0 24.0 0.0 0.0 0.0 4.0 0.0 0.0 0.0 0.0 8.0 0.0 0.0 4.0 4.0 0.0 0.0 32.0 0.0 0.0 4.0 12.0 0.0 0.0 24.0 0.0 0.0 0.0 0.0 0.0 0.0 4.0 0.0 0.0 0.0 20.0 4.0 4.0 20.0 0.0 0.0 0.0 0.0 0.0 0.0 0.0 0.0 32.0 0.0 16.0 0.0 4.0 20.0 0.0 0.0 0.0 0.0 0.0 0.0 0.0 0.0 28.0 0.0 0.0 16.0 0.0 0.0 4.0 0.0 20.0 0.0 0.0 0.0 8.0 0.0 0.0 4.0 0.0 0.0 0.0 4.0 16.0 0.0 4.0 0.0 4.0 8.0 0.0 0.0 0.0 4.0 4.0 0.0 0.0 20.0 0.0 0.0 0.0 0.0 0.0 0.0 0.0 0.0 36.0 0.0 0.0 40.0 0.0 20.0 0.0 8.0 0.0 0.0 0.0 4.0 0.0 0.0 8.0 0.0 8.0 0.0 0.0 4.0 0.0 0.0 0.0 0.0 0.0 8.0 0.0 4.0 0.0
29 1 CONSTANT 4.0
30 1 TRACE 0.0 8.0 0.0 0.0 4.0 4.0 0.0 0.0 28.0 0.0 0.0 8.0 4.0 0.0 0.0 0.0 16.0 0.0 0.0 0.0 12.0 0.0 8.0 0.0 0.0 16.0 0.0 0.0 0.0 20.0 0.0 0.0 4.0 0.0 0.0 12.0 0.0 0.0 0.0 0.0 12.0 0.0 0.0 0.0 0.0 0.0 0.0 16.0 0.0 0.0 0.0 0.0 24.0 0.0 0.0 0.0 4.0 0.0 0.0 0.0 0.0 8.0 0.0 0.0 4.0 4.0 0.0 0.0 32.0 0.0 0.0 4.0 12.0 0.0 0.0 24.0 0.0 0.0 0.0 0.0 0.0 0.0 4.0 0.0 0.0 0.0 20.0 4.0 4.0 20.0 0.0 0.0 0.0 0.0 0.0 0.0 0.0 0.0 32.0 0.0 16.0 0.0 4.0 20.0 0.0 0.0 0.0 0.0 0.0 0.0 0.0 0.0 28.0 0.0 0.0 16.0 0.0 0.0 4.0 0.0 20.0 0.0 0.0 0.0 8.0 0.0 0.0 4.0 0.0 0.0 0.0 4.0 16.0 0.0 4.0 0.0 4.0 8.0 0.0 0.0 0.0 4.0 4.0 0.0 0.0 20.0 0.0 0.0 0.0 0.0 0.0 0.0 0.0 0.0 36.0 0.0 0.0 40.0 0.0 20.0 0.0 8.0 0.0 0.0 0.0 4.0 0.0 0.0 8.0 0.0 8.0 0.0 0.0 4.0 0.0 0.0 0.0 0.0 0.0 8.0 0.0 4.0 0.0
31 1 CONSTANT 8.0
32 1 CONSTANT 8.0
33 1 CONSTANT 4.0
34 1 CONSTANT 0.0
35 1 CONSTANT 0.0
36 1 CONSTANT 8.0
37 1 CONSTANT 8.0
38 1 CONSTANT 8.0
39 1 TRACE 8.0 0.0 0.0 8.0 0.0 0.0 8.0 0.0 0.0 8.0 0.0 0.0 8.0 0.0 0.0 8.0 0.0 0.0 8.0 0.0 0.0 8.0 0.0 0.0 8.0 0.0 0.0 8.0 0.0 0.0 8.0 0.0 0.0 0.0 8.0 0.0 0.0 8.0 0.0 8.0 0.0 0.0 8.0 0.0 0.0 8.0 0.0 0.0 8.0 0.0 0.0 8.0 0.0 0.0 8.0 0.0 0.0 8.0 0.0 0.0 8.0 0.0 0.0 8.0 0.0 0.0 8.0 8.0 0.0 0.0 8.0 0.0 0.0 8.0 0.0 0.0 8.0 0.0 8.0 0.0 0.0 8.0 0.0 0.0 8.0 0.0 0.0 8.0 0.0 0.0 8.0 0.0 0.0 8.0 0.0 0.0 8.0 0.0 0.0 8.0 0.0 0.0 8.0 0.0 0.0 8.0 0.0 0.0 0.0 0.0 8.0 0.0 0.0 8.0 0.0 0.0 8.0 0.0 0.0 8.0 0.0 0.0 8.0 0.0 0.0 8.0 0.0 0.0 0.0 0.0 8.0 0.0 0.0 8.0 0.0 8.0 0.0 0.0 8.0 0.0 0.0 8.0 0.0 0.0 8.0 0.0 0.0 8.0 0.0 0.0 8.0 0.0 8.0 0.0 0.0 8.0 0.0 0.0 0.0 0.0 8.0 0.0 0.0 8.0 0.0 0.0 8.0 0.0 0.0 8.0 0.0 0.0 8.0 0.0 0.0 8.0 0.0 8.0 0.0 0.0 8.0 0.0 0.0
40 1 CONSTANT 8.0
41 1 CONSTANT 8.0
42 1 CONSTANT 8.0
43 1 CONSTANT 456.0
44 1 CONSTANT 448.0
45 1 CONSTANT 8.0
46 1 CONSTANT 456.0
47 1 CONSTANT 4.0
48 1 TRACE 21104.0 7440.0 4224.0 3312.0 2464.0 128.0 160.0 176.0 304.0 144.0 0.0 0.0 0.0 0.0 0.0 24704.0 7152.0 4048.0 3280.0 2464.0 304.0 272.0 416.0 480.0 224.0 0.0 0.0 0.0 0.0 0.0 24208.0 6656.0 3600.0 3104.0 2240.0 3168.0 2608.0 1984.0 1680.0 1472.0 16.0 0.0 0.0 16.0 0.0 27232.0 7440.0 3888.0 3248.0 2432.0 1312.0 896.0 944.0 1008.0 752.0 0.0 0.0 0.0 0.0 0.0 27904.0 7280.0 3984.0 3376.0 2368.0 944.0 688.0 832.0 800.0 672.0 0.0 0.0 0.0 0.0 0.0 26208.0 6976.0 3936.0 3440.0 2288.0 656.0 480.0 560.0 544.0 480.0 0.0 0.0 0.0 0.0 0.0 26192.0 7264.0 4016.0 3216.0 2528.0 2144.0 1504.0 1360.0 1360.0 1040.0 0.0 0.0 16.0 0.0 0.0 26128.0 7264.0 4000.0 3488.0 2512.0 544.0 480.0 512.0 528.0 320.0 0.0 0.0 0.0 0.0 0.0 21648.0 7216.0 4176.0 3312.0 2256.0 208.0 160.0 192.0 224.0 240.0 0.0 0.0 0.0 0.0 0.0 25056.0 6912.0 3552.0 3168.0 2208.0 2368.0 1888.0 1776.0 1584.0 1264.0 16.0 0.0 0.0 0.0 0.0 26464.0 6992.0 3552.0 3168.0 2656.0 2128.0 1712.0 1696.0 1584.0 1072.0 0.0 0.0 0.0 0.0 0.0 12592.0 3856.0 2192.0 1872.0 1328.0 9440.0 5040.0 3360.0 2880.0 2064.0 80.0 0.0 32.0 16.0 16.0 0.0 0.0 0.0 0.0 0.0 22048.0 7328.0 4240.0 3248.0 2448.0 144.0 176.0 144.0 304.0 144.0 0.0 0.0 0.0 0.0 0.0 13792.0 4336.0 2784.0 2528.0 1968.0 8528.0 5136.0 3408.0 2720.0 1952.0 48.0 16.0 48.0 16.0 16.0 0.0 0.0 0.0 0.0 0.0 14752.0 6272.0 3904.0 3248.0 2272.0 80.0 80.0 112.0 32.0 48.0 0.0 0.0 0.0 0.0 0.0 26848.0 7072.0 3936.0 3360.0 2624.0 880.0 688.0 720.0 784.0 464.0 0.0 0.0 0.0 0.0 0.0 26896.0 6976.0 3776.0 3152.0 2496.0 1536.0 1344.0 1264.0 1248.0 912.0 16.0 0.0 0.0 0.0 0.0 13984.0 4768.0 2752.0 2336.0 2224.0 9552.0 5008.0 3280.0 2976.0 1952.0 32.0 16.0 48.0 16.0 32.0 0.0 0.0 0.0 0.0 0.0 16400.0 6512.0 3952.0 3264.0 2304.0 96.0 80.0 80.0 144.0 80.0 0.0 0.0 0.0 0.0 0.0 26384.0 6976.0 3744.0 3040.0 2432.0 1872.0 1616.0 1376.0 1408.0 1040.0 16.0 16.0 0.0 0.0 0.0 26128.0 7424.0 4208.0 3296.0 2480.0 432.0 272.0 400.0 544.0 320.0 0.0 0.0 0.0 0.0 0.0 27360.0 6992.0 3824.0 3408.0 2432.0 1008.0 960.0 896.0 992.0 720.0 0.0 0.0 0.0 0.0 0.0 27520.0 7376.0 4208.0 3440.0 2416.0 720.0 560.0 624.0 624.0 576.0 0.0 0.0 0.0 0.0 0.0 15456.0 6576.0 4064.0 3264.0 2208.0 112.0 80.0 80.0 96.0 48.0 0.0 0.0 0.0 0.0 0.0 25824.0 6720.0 3760.0 3168.0 2480.0 2128.0 1792.0 1472.0 1424.0 1088.0 0.0 0.0 0.0 0.0 0.0 24976.0 6832.0 3344.0 3216.0 2272.0 2768.0 2032.0 2000.0 1584.0 1296.0 16.0 0.0 0.0 0.0 0.0 18624.0 5392.0 2832.0 2672.0 2160.0 5072.0 3632.0 2896.0 2352.0 1664.0 16.0 16.0 16.0 0.0 0.0 0.0 0.0 0.0 0.0 0.0 25424.0 7296.0 4224.0 3552.0 2368.0 400.0 272.0 336.0 480.0 320.0 0.0 0.0 0.0 0.0 0.0 26576.0 7376.0 4192.0 3216.0 2544.0 496.0 448.0 528.0 656.0 336.0 0.0 0.0 0.0 0.0 0.0 25312.0 7040.0 3776.0 3232.0 2480.0 2704.0 1904.0 1568.0 1632.0 1168.0 0.0 0.0 16.0 0.0 0.0 22784.0 6336.0 3616.0 3104.0 2512.0 3936.0 2880.0 2272.0 2048.0 1472.0 16.0 0.0 16.0 0.0 0.0 23328.0 7584.0 4160.0 3264.0 2512.0 272.0 256.0 304.0 384.0 224.0 0.0 0.0 0.0 0.0 0.0 20176.0 7328.0 4064.0 3408.0 2384.0 144.0 80.0 192.0 176.0 176.0 0.0 0.0 0.0 0.0 0.0 19152.0 5472.0 3040.0 2864.0 2416.0 5264.0 3552.0 2864.0 2336.0 1792.0 16.0 16.0 0.0 16.0 16.0 17984.0 6704.0 3888.0 2896.0 2304.0 96.0 96.0 112.0 240.0 144.0 0.0 0.0 0.0 0.0 0.0 23600.0 7552.0 4320.0 3280.0 2480.0 256.0 192.0 240.0 384.0 208.0 0.0 0.0 0.0 0.0 0.0 15536.0 5104.0 3712.0 3056.0 2736.0 9056.0 5056.0 3280.0 2784.0 1920.0 64.0 16.0 32.0 16.0 16.0 0.0 0.0 0.0 0.0 0.0 9648.0 2384.0 1536.0 1440.0 1168.0 10016.0 5520.0 3584.0 3072.0 2112.0 64.0 32.0 32.0 16.0 32.0 0.0 0.0 0.0 0.0 0.0 20240.0 6592.0 3296.0 2912.0 2768.0 5504.0 3360.0 2832.0 2352.0 1584.0 16.0 0.0 16.0 0.0 16.0 25328.0 7280.0 3728.0 3376.0 2752.0 2464.0 1744.0 1712.0 1408.0 960.0 0.0 0.0 0.0 0.0 0.0 27392.0 7232.0 4016.0 3312.0 2624.0 1136.0 864.0 992.0 1088.0 800.0 16.0 0.0 0.0 0.0 0.0 17456.0 6960.0 4000.0 3264.0 2416.0 96.0 16.0 192.0 112.0 48.0 0.0 0.0 0.0 0.0 0.0 27264.0 7424.0 4272.0 3376.0 2544.0 624.0 592.0 656.0 800.0 512.0 16.0 0.0 0.0 0.0 0.0 26512.0 7008.0 3968.0 3312.0 2384.0 848.0 704.0 784.0 704.0 496.0 0.0 0.0 0.0 0.0 0.0 13232.0 5440.0 3040.0 2096.0 2160.0 9824.0 4880.0 3536.0 2912.0 1968.0 32.0 32.0 32.0 48.0 16.0 0.0 0.0 0.0 0.0 0.0 25760.0 7056.0 3904.0 3392.0 2736.0 2576.0 1952.0 1552.0 1568.0 1088.0 16.0 0.0 0.0 0.0 0.0 17072.0 5104.0 2848.0 2320.0 2048.0 6432.0 4160.0 2720.0 2640.0 1872.0 16.0 16.0 32.0 16.0 0.0 0.0 0.0 0.0 0.0 0.0 27328.0 7136.0 4032.0 3424.0 2576.0 992.0 944.0 848.0 944.0 624.0 0.0 0.0 0.0 0.0 0.0 27552.0 7200.0 4256.0 3296.0 2480.0 928.0 976.0 784.0 976.0 592.0 0.0 0.0 0.0 0.0 0.0 23152.0 7200.0 4160.0 3424.0 2432.0 320.0 256.0 320.0 304.0 208.0 0.0 0.0 0.0 0.0 0.0 17072.0 7136.0 4144.0 3344.0 2464.0 80.0 16.0 64.0 160.0 16.0 0.0 0.0 0.0 0.0 0.0 6496.0 1952.0 1280.0 1248.0 816.0 15296.0 6480.0 3792.0 3216.0 2304.0 80.0 0.0 96.0 64.0 64.0 0.0 0.0 0.0 0.0 0.0 13664.0 4304.0 2320.0 2432.0 1696.0 9824.0 4928.0 3472.0 2880.0 2096.0 32.0 16.0 48.0 16.0 32.0 0.0 0.0 0.0 0.0 0.0 20064.0 5216.0 3152.0 2960.0 2352.0 4704.0 3520.0 2576.0 2320.0 1584.0 16.0 0.0 16.0 16.0 0.0 21056.0 6128.0 3856.0 2976.0 2416.0 4576.0 3248.0 2512.0 2256.0 1728.0 16.0 16.0 16.0 0.0 0.0 25136.0 6944.0 3408.0 3104.0 2272.0 2512.0 1840.0 1840.0 1632.0 1232.0 0.0 16.0 0.0 0.0 0.0 15504.0 6768.0 3968.0 3184.0 2336.0 112.0 48.0 64.0 96.0 64.0 0.0 0.0 0.0 0.0 0.0 27248.0 7120.0 3936.0 3072.0 2288.0 1600.0 1216.0 1056.0 1168.0 1008.0 0.0 0.0 0.0 0.0 0.0 26208.0 6896.0 3632.0 3104.0 2640.0 2128.0 1728.0 1504.0 1408.0 1104.0 0.0 0.0 0.0 0.0 0.0 27136.0 7552.0 4176.0 3536.0 2480.0 688.0 384.0 448.0 608.0 464.0 0.0 0.0 0.0 0.0 0.0 25040.0 7248.0 4096.0 3280.0 2432.0 432.0 272.0 496.0 496.0 416.0 0.0 0.0 0.0 0.0 0.0 13888.0 5168.0 3264.0 2464.0 2160.0 10144.0 5136.0 3552.0 2848.0 2032.0 64.0 32.0 16.0 48.0 16.0 0.0 0.0 0.0 0.0 0.0 26752.0 7136.0 3776.0 3392.0 2464.0 1904.0 1424.0 1408.0 1392.0 1072.0 0.0 0.0 0.0 0.0 0.0 26880.0 7328.0 4272.0 3408.0 2512.0 464.0 416.0 528.0 560.0 368.0 0.0 0.0 0.0 0.0 0.0
49 1 TRACE 456.0 456.0 464.0 456.0 8.0 456.0 456.0 464.0 456.0 8.0 456.0 456.0 464.0 456.0 8.0 456.0 456.0 464.0 456.0 8.0 456.0 456.0 464.0 456.0 8.0 456.0 456.0 464.0 456.0 8.0 456.0 456.0 464.0 456.0 8.0 456.0 456.0 464.0 456.0 8.0 456.0 456.0 464.0 456.0 8.0 456.0 456.0 464.0 456.0 8.0 456.0 456.0 464.0 456.0 8.0 456.0 456.0 464.0 456.0 8.0 456.0 456.0 464.0 456.0 8.0 456.0 456.0 464.0 456.0 8.0 456.0 456.0 464.0 456.0 8.0 456.0 456.0 464.0 456.0 8.0 456.0 456.0 464.0 456.0 8.0 456.0 456.0 464.0 456.0 8.0 456.0 456.0 464.0 456.0 8.0 456.0 456.0 464.0 456.0 8.0 456.0 456.0 464.0 456.0 8.0 456.0 456.0 464.0 456.0 8.0 456.0 456.0 464.0 456.0 8.0 456.0 456.0 464.0 456.0 8.0 456.0 456.0 464.0 456.0 8.0 456.0 456.0 464.0 456.0 8.0 456.0 456.0 464.0 456.0 8.0 456.0 456.0 464.0 456.0 8.0 456.0 456.0 464.0 456.0 8.0 456.0 456.0 464.0 456.0 8.0 456.0 456.0 464.0 456.0 8.0 456.0 456.0 464.0 456.0 8.0 456.0 456.0 464.0 456.0 8.0 456.0 456.0 464.0 456.0 8.0 456.0 456.0 464.0 456.0 8.0 456.0 456.0 464.0 456.0 8.0 456.0 456.0 464.0 456.0 8.0 456.0 456.0 464.0 456.0 8.0 456.0 456.0 464.0 456.0 8.0 456.0 456.0 464.0 456.0 8.0 456.0 456.0 464.0 456.0 8.0 456.0 456.0 464.0 456.0 8.0 456.0 456.0 464.0 456.0 8.0 456.0 456.0 464.0 456.0 8.0 456.0 456.0 464.0 456.0 8.0 456.0 456.0 464.0 456.0 8.0 456.0 456.0 464.0 456.0 8.0 456.0 456.0 464.0 456.0 8.0 456.0 456.0 464.0 456.0 8.0 456.0 456.0 464.0 456.0 8.0 456.0 456.0 464.0 456.0 8.0 456.0 456.0 464.0 456.0 8.0 456.0 456.0 464.0 456.0 8.0 456.0 456.0 464.0 456.0 8.0 456.0 456.0 464.0 456.0 8.0 456.0 456.0 464.0 456.0 8.0 456.0 456.0 464.0 456.0 8.0 456.0 456.0 464.0 456.0 8.0 456.0 456.0 464.0 456.0 8.0 456.0 456.0 464.0 456.0 8.0 456.0 456.0 464.0 456.0 8.0 456.0 456.0 464.0 456.0 8.0 456.0 456.0 464.0 456.0 8.0 456.0 456.0 464.0 456.0 8.0 456.0 456.0 464.0 456.0 8.0 456.0 456.0 464.0 456.0 8.0 456.0 456.0 464.0 456.0 8.0 456.0 456.0 464.0 456.0 8.0 456.0 456.0 464.0 456.0 8.0 456.0 456.0 464.0 456.0 8.0 456.0 456.0 464.0 456.0 8.0 456.0 456.0 464.0 456.0 8.0 456.0 456.0 464.0 456.0 8.0 456.0 456.0 464.0 456.0 8.0 456.0 456.0 464.0 456.0 8.0 456.0 456.0 464.0 456.0 8.0 456.0 456.0 464.0 456.0 8.0 456.0 456.0 464.0 456.0 8.0 456.0 456.0 464.0 456.0 8.0 456.0 456.0 464.0 456.0 8.0 456.0 456.0 464.0 456.0 8.0 456.0 456.0 464.0 456.0 8.0 456.0 456.0 464.0 456.0 8.0 456.0 456.0 464.0 456.0 8.0 456.0 456.0 464.0 456.0 8.0 456.0 456.0 464.0 456.0 8.0 456.0 456.0 464.0 456.0 8.0 456.0 456.0 464.0 456.0 8.0 456.0 456.0 464.0 456.0 8.0 456.0 456.0 464.0 456.0 8.0 456.0 456.0 464.0 456.0 8.0 456.0 456.0 464.0 456.0 8.0 456.0 456.0 464.0 456.0 8.0 456.0 456.0 464.0 456.0 8.0 456.0 456.0 464.0 456.0 8.0 456.0 456.0 464.0 456.0 8.0 456.0 456.0 464.0 456.0 8.0 456.0 456.0 464.0 456.0 8.0 456.0 456.0 464.0 456.0 8.0 456.0 456.0 464.0 456.0 8.0 456.0 456.0 464.0 456.0 8.0 456.0 456.0 464.0 456.0 8.0 456.0 456.0 464.0 456.0 8.0 456.0 456.0 464.0 456.0 8.0 456.0 456.0 464.0 456.0 8.0 456.0 456.0 464.0 456.0 8.0 456.0 456.0 464.0 456.0 8.0 456.0 456.0 464.0 456.0 8.0 456.0 456.0 464.0 456.0 8.0 456.0 456.0 464.0 456.0 8.0 456.0 456.0 464.0 456.0 8.0 456.0 456.0 464.0 456.0 8.0 456.0 456.0 464.0 456.0 8.0 456.0 456.0 464.0 456.0 8.0 456.0 456.0 464.0 456.0 8.0 456.0 456.0 464.0 456.0 8.0 456.0 456.0 464.0 456.0 8.0 456.0 456.0 464.0 456.0 8.0 456.0 456.0 464.0 456.0 8.0 456.0 456.0 464.0 456.0 8.0 456.0 456.0 464.0 456.0 8.0 456.0 456.0 464.0 456.0 8.0 456.0 456.0 464.0 456.0 8.0 456.0 456.0 464.0 456.0 8.0 456.0 456.0 464.0 456.0 8.0 456.0 456.0 464.0 456.0 8.0 456.0 456.0 464.0 456.0 8.0 456.0 456.0 464.0 456.0 8.0 456.0 456.0 464.0 456.0 8.0 456.0 456.0 464.0 456.0 8.0 456.0 456.0 464.0 456.0 8.0 456.0 456.0 464.0 456.0 8.0 456.0 456.0 464.0 456.0 8.0 456.0 456.0 464.0 456.0 8.0 456.0 456.0 464.0 456.0 8.0 456.0 456.0 464.0 456.0 8.0 456.0 456.0 464.0 456.0 8.0 456.0 456.0 464.0 456.0 8.0 456.0 456.0 464.0 456.0 8.0 456.0 456.0 464.0 456.0 8.0 456.0 456.0 464.0 456.0 8.0 456.0 456.0 464.0 456.0 8.0 456.0 456.0 464.0 456.0 8.0 456.0 456.0 464.0 456.0 8.0 456.0 456.0 464.0 456.0 8.0 456.0 456.0 464.0 456.0 8.0 456.0 456.0 464.0 456.0 8.0 456.0 456.0 464.0 456.0 8.0 456.0 456.0 464.0 456.0 8.0 456.0 456.0 464.0 456.0 8.0 456.0 456.0 464.0 456.0 8.0 456.0 456.0 464.0 456.0 8.0 456.0 456.0 464.0 456.0 8.0 456.0 456.0 464.0 456.0 8.0 456.0 456.0 464.0 456.0 8.0 456.0 456.0 464.0 456.0 8.0 456.0 456.0 464.0 456.0 8.0 456.0 456.0 464.0 456.0 8.0 456.0 456.0 464.0 456.0 8.0 456.0 456.0 464.0 456.0 8.0 456.0 456.0 464.0 456.0 8.0 456.0 456.0 464.0 456.0 8.0 456.0 456.0 464.0 456.0 8.0 456.0 456.0 464.0 456.0 8.0 456.0 456.0 464.0 456.0 8.0 456.0 456.0 464.0 456.0 8.0 456.0 456.0 464.0 456.0 8.0 456.0 456.0 464.0 456.0 8.0 456.0 456.0 464.0 456.0 8.0 456.0 456.0 464.0 456.0 8.0 456.0 456.0 464.0 456.0 8.0 456.0 456.0 464.0 456.0 8.0 456.0 456.0 464.0 456.0 8.0 456.0 456.0 464.0 456.0 8.0 456.0 456.0 464.0 456.0 8.0 456.0 456.0 464.0 456.0 8.0 456.0 456.0 464.0 456.0 8.0 456.0 456.0 464.0 456.0 8.0 456.0 456.0 464.0 456.0 8.0 456.0 456.0 464.0 456.0 8.0 456.0 456.0 464.0 456.0 8.0 456.0 456.0 464.0 456.0 8.0 456.0 456.0 464.0 456.0 8.0 456.0 456.0 464.0 456.0 8.0 456.0 456.0 464.0 456.0 8.0 456.0 456.0 464.0 456.0 8.0 456.0 456.0 464.0 456.0 8.0 456.0 456.0 464.0 456.0 8.0 456.0 456.0 464.0 456.0 8.0 456.0 456.0 464.0 456.0 8.0 456.0 456.0 464.0 456.0 8.0 456.0 456.0 464.0 456.0 8.0 456.0 456.0 464.0 456.0 8.0 456.0 456.0 464.0 456.0 8.0 456.0 456.0 464.0 456.0 8.0 456.0 456.0 464.0 456.0 8.0 456.0 456.0 464.0 456.0 8.0 456.0 456.0 464.0 456.0 8.0 456.0 456.0 464.0 456.0 8.0 456.0 456.0 464.0 456.0 8.0 456.0 456.0 464.0 456.0 8.0 456.0 456.0 464.0 456.0 8.0 456.0 456.0 464.0 456.0 8.0
50 1 TRACE 8.0 8.0 8.0 8.0 8.0 8.0 8.0 8.0 8.0 8.0 8.0 8.0 8.0 8.0 8.0 8.0 8.0 8.0 8.0 8.0 8.0 8.0 8.0 8.0 8.0 8.0 8.0 8.0 8.0 8.0 8.0 8.0 8.0 8.0 8.0 8.0 0.0 8.0 8.0 8.0 8.0 8.0 8.0 0.0 8.0 8.0 8.0 8.0 8.0 8.0 8.0 8.0 8.0 8.0 8.0 8.0 8.0 8.0 8.0 8.0 8.0 8.0 8.0 8.0 8.0 8.0 8.0 8.0 8.0 8.0 8.0 8.0 8.0 8.0 8.0 8.0 8.0 8.0 8.0 8.0 8.0 8.0 8.0 8.0 0.0 8.0 8.0 8.0 8.0 8.0 8.0 8.0 8.0 8.0 8.0 8.0 8.0 8.0 8.0 8.0 8.0 8.0 8.0 8.0 8.0 8.0 8.0 8.0 8.0 8.0 8.0 8.0 8.0 8.0 8.0 8.0 8.0 8.0 8.0 8.0 8.0 8.0 8.0 8.0 8.0 8.0 8.0 8.0 8.0 8.0 8.0 8.0 8.0 8.0 8.0 8.0 8.0 8.0 8.0 8.0 8.0 8.0 8.0 8.0 8.0 8.0 8.0 8.0 0.0 8.0 8.0 8.0 8.0 8.0 8.0 8.0 8.0 8.0 8.0 8.0 8.0 8.0 8.0 8.0 8.0 8.0 8.0 8.0 0.0 8.0 8.0 8.0 8.0 8.0 8.0 8.0 8.0 8.0 8.0 8.0 8.0 8.0 8.0 8.0 8.0 8.0 8.0 8.0 8.0 8.0 8.0 8.0 8.0 8.0 8.0 8.0 0.0 8.0 8.0 8.0 8.0 8.0 8.0
51 1 CONSTANT 8.0
52 1 CONSTANT 8.0
53 1 CONSTANT 8.0
54 1 CONSTANT 0.0
55 1 CONSTANT 0.0
56 1 CONSTANT 0.0
57 1 CONSTANT 0.0
58 1 CONSTANT 0.0
59 1 CONSTANT 0.0
60 1 CONSTANT 0.0
61 1 CONSTANT 0.0
62 1 CONSTANT 8.0
