0 1 1 TRACE 1672852510508790.0
1 2 1 TRACE 10476.0 22.0 25.0 36.0 37.0 25.0 24.0 23.0 36.0 22.0 28.0 36.0 36.0 24.0 36.0 24.0 36.0 37.0 37.0 37.0 25.0 37.0 38.0 37.0 25.0 23.0 25.0 24.0 37.0 37.0 37.0 37.0 36.0 37.0 36.0 37.0 37.0 37.0 25.0 37.0 36.0 24.0 42.0 56.0 23.0 23.0 25.0 24.0 24.0 24.0 37.0 25.0 36.0 37.0 25.0 37.0 37.0 37.0 37.0 37.0 37.0 28.0 37.0 23.0
2 3 1 TRACE 95.0 21.0 22.0 21.0 21.0 22.0 21.0 22.0 21.0 22.0 22.0 22.0 21.0 21.0 22.0 22.0 21.0 22.0 21.0 52.0 21.0 21.0 21.0 21.0 22.0 23.0 22.0 22.0 21.0 22.0 22.0 21.0 21.0 21.0 21.0 22.0 21.0 21.0 21.0 21.0 23.0 33.0 23.0 50.0 21.0 22.0 21.0 22.0 21.0 22.0 22.0 21.0 21.0 21.0 21.0 21.0 21.0 21.0 21.0 21.0 21.0 22.0 21.0 21.0
3 4 1 TRACE 31.0 15.0 14.0 14.0 14.0 14.0 14.0 38.0 15.0 14.0 15.0 15.0 14.0 14.0 15.0 14.0 14.0 15.0 15.0 51.0 14.0 14.0 15.0 15.0 14.0 14.0 14.0 15.0 15.0 14.0 15.0 15.0 15.0 14.0 14.0 15.0 15.0 14.0 15.0 15.0 15.0 15.0 15.0 15.0 14.0 14.0 15.0 15.0 46.0 15.0 15.0 15.0 15.0 14.0 15.0 15.0 15.0 14.0 15.0 14.0 13.0 15.0 15.0 15.0
4 5 1 TRACE 16.0 10.0 11.0 11.0 11.0 11.0 11.0 12.0 12.0 12.0 12.0 11.0 11.0 11.0 11.0 12.0 11.0 11.0 11.0 12.0 11.0 11.0 11.0 11.0 12.0 11.0 11.0 12.0 12.0 11.0 11.0 12.0 11.0 11.0 11.0 11.0 10.0 11.0 11.0 11.0 11.0 11.0 12.0 11.0 11.0 12.0 11.0 23.0 12.0 11.0 12.0 12.0 11.0 11.0 11.0 11.0 11.0 11.0 11.0 11.0 11.0 11.0 11.0 12.0
5 6 1 TRACE 39.0 15.0 16.0 15.0 15.0 16.0 15.0 15.0 15.0 17.0 16.0 16.0 15.0 15.0 15.0 15.0 13.0 12.0 13.0 13.0 14.0 13.0 15.0 13.0 13.0 13.0 12.0 13.0 13.0 13.0 13.0 13.0 13.0 13.0 12.0 13.0 13.0 12.0 13.0 13.0 12.0 12.0 13.0 50.0 13.0 12.0 13.0 12.0 14.0 13.0 13.0 12.0 13.0 13.0 12.0 13.0 12.0 12.0 12.0 12.0 13.0 14.0 12.0 12.0
6 7 1 TRACE 16.0 12.0 12.0 12.0 12.0 12.0 12.0 12.0 12.0 12.0 13.0 13.0 12.0 12.0 11.0 13.0 12.0 10.0 10.0 10.0 11.0 11.0 9.0 10.0 10.0 10.0 11.0 10.0 11.0 11.0 10.0 11.0 10.0 9.0 9.0 9.0 9.0 9.0 9.0 9.0 9.0 9.0 9.0 10.0 9.0 10.0 9.0 9.0 9.0 11.0 9.0 10.0 9.0 9.0 10.0 9.0 16.0 8.0 19.0 9.0 9.0 9.0 10.0 9.0
7 8 1 TRACE 16.0 12.0 12.0 12.0 12.0 11.0 12.0 12.0 12.0 12.0 13.0 12.0 12.0 12.0 12.0 12.0 10.0 10.0 10.0 10.0 11.0 11.0 10.0 10.0 11.0 10.0 11.0 12.0 11.0 10.0 10.0 10.0 10.0 9.0 10.0 9.0 10.0 10.0 9.0 9.0 10.0 16.0 9.0 11.0 10.0 9.0 9.0 9.0 9.0 9.0 9.0 10.0 9.0 9.0 9.0 9.0 8.0 10.0 11.0 10.0 10.0 9.0 10.0 8.0
8 9 1 TRACE 16.0 12.0 12.0 12.0 12.0 12.0 12.0 12.0 12.0 11.0 12.0 12.0 11.0 11.0 12.0 12.0 10.0 10.0 10.0 10.0 11.0 11.0 10.0 10.0 11.0 10.0 10.0 9.0 10.0 10.0 10.0 10.0 9.0 11.0 10.0 9.0 11.0 11.0 9.0 10.0 10.0 9.0 9.0 11.0 10.0 21.0 10.0 9.0 23.0 9.0 9.0 9.0 9.0 9.0 9.0 9.0 8.0 10.0 10.0 10.0 10.0 9.0 9.0 9.0
9 10 1 TRACE 42.0 18.0 18.0 18.0 19.0 42.0 18.0 19.0 18.0 19.0 18.0 19.0 18.0 18.0 18.0 17.0 17.0 17.0 18.0 17.0 17.0 17.0 18.0 17.0 18.0 17.0 17.0 18.0 17.0 17.0 17.0 17.0 18.0 22.0 17.0 18.0 18.0 17.0 17.0 17.0 17.0 20.0 17.0 29.0 17.0 17.0 17.0 19.0 28.0 18.0 18.0 18.0 17.0 17.0 18.0 17.0 20.0 17.0 18.0 17.0 17.0 52.0 18.0 18.0
10 11 1 TRACE 17.0 13.0 12.0 13.0 13.0 13.0 13.0 13.0 13.0 13.0 13.0 19.0 12.0 12.0 12.0 13.0 13.0 13.0 13.0 13.0 13.0 12.0 13.0 13.0 13.0 13.0 13.0 14.0 13.0 12.0 13.0 13.0 13.0 48.0 13.0 21.0 12.0 13.0 12.0 12.0 12.0 13.0 13.0 13.0 13.0 12.0 13.0 13.0 13.0 12.0 13.0 13.0 13.0 13.0 13.0 13.0 12.0 12.0 13.0 12.0 13.0 25.0 13.0 12.0
11 12 1 TRACE 17.0 12.0 13.0 12.0 12.0 13.0 13.0 12.0 12.0 13.0 36.0 16.0 13.0 13.0 13.0 12.0 12.0 13.0 13.0 26.0 13.0 13.0 13.0 12.0 13.0 13.0 12.0 12.0 12.0 13.0 12.0 12.0 12.0 13.0 12.0 13.0 12.0 40.0 13.0 13.0 12.0 13.0 12.0 24.0 12.0 13.0 12.0 12.0 14.0 12.0 13.0 13.0 12.0 12.0 12.0 12.0 13.0 12.0 12.0 13.0 13.0 24.0 12.0 13.0
12 13 1 TRACE 16.0 12.0 12.0 12.0 12.0 12.0 12.0 12.0 12.0 13.0 23.0 12.0 12.0 12.0 12.0 12.0 12.0 12.0 12.0 13.0 13.0 12.0 12.0 13.0 12.0 12.0 12.0 12.0 12.0 12.0 12.0 13.0 13.0 24.0 12.0 12.0 17.0 13.0 12.0 13.0 12.0 24.0 13.0 27.0 12.0 12.0 13.0 12.0 23.0 12.0 12.0 12.0 32.0 12.0 12.0 13.0 24.0 13.0 13.0 19.0 16.0 11.0 13.0 12.0
13 14 1 TRACE 21.0 10.0 9.0 10.0 9.0 10.0 9.0 10.0 9.0 10.0 10.0 10.0 10.0 9.0 10.0 10.0 10.0 10.0 10.0 9.0 10.0 9.0 10.0 10.0 10.0 10.0 10.0 10.0 10.0 9.0 9.0 10.0 9.0 10.0 10.0 10.0 10.0 20.0 10.0 9.0 10.0 20.0 10.0 9.0 10.0 9.0 10.0 10.0 20.0 9.0 10.0 10.0 10.0 9.0 10.0 10.0 9.0 10.0 10.0 9.0 10.0 9.0 10.0 10.0
14 15 1 TRACE 20.0 12.0 12.0 11.0 12.0 27.0 12.0 23.0 12.0 23.0 11.0 23.0 11.0 12.0 12.0 12.0 11.0 11.0 11.0 11.0 12.0 12.0 11.0 12.0 12.0 11.0 12.0 12.0 11.0 12.0 12.0 12.0 12.0 13.0 12.0 12.0 11.0 12.0 12.0 12.0 12.0 11.0 23.0 11.0 12.0 12.0 12.0 27.0 11.0 12.0 12.0 11.0 23.0 12.0 12.0 12.0 11.0 12.0 12.0 12.0 11.0 11.0 12.0 12.0
15 16 1 TRACE 12.0 9.0 9.0 10.0 20.0 8.0 9.0 9.0 20.0 20.0 9.0 9.0 9.0 9.0 10.0 20.0 20.0 20.0 20.0 8.0 9.0 20.0 20.0 21.0 9.0 9.0 10.0 9.0 20.0 20.0 20.0 20.0 9.0 8.0 9.0 9.0 9.0 19.0 9.0 9.0 20.0 9.0 20.0 8.0 9.0 9.0 19.0 9.0 8.0 9.0 21.0 20.0 9.0 9.0 21.0 9.0 9.0 9.0 10.0 20.0 19.0 8.0 21.0 9.0
16 17 1 TRACE 33.0 40.0 29.0 30.0 29.0 17.0 44.0 17.0 29.0 18.0 18.0 28.0 45.0 44.0 29.0 29.0 30.0 28.0 29.0 17.0 29.0 29.0 29.0 29.0 45.0 55.0 18.0 32.0 18.0 29.0 28.0 19.0 40.0 21.0 29.0 29.0 30.0 17.0 30.0 29.0 18.0 41.0 18.0 17.0 31.0 41.0 28.0 19.0 18.0 31.0 29.0 47.0 17.0 29.0 30.0 30.0 38.0 30.0 29.0 29.0 28.0 16.0 28.0 40.0
17 18 1 TRACE 17.0 12.0 12.0 12.0 12.0 12.0 13.0 12.0 11.0 12.0 11.0 11.0 13.0 13.0 12.0 12.0 12.0 12.0 13.0 11.0 24.0 12.0 12.0 12.0 11.0 14.0 20.0 13.0 24.0 12.0 12.0 24.0 13.0 12.0 13.0 12.0 13.0 12.0 13.0 23.0 14.0 12.0 24.0 11.0 24.0 12.0 12.0 12.0 11.0 12.0 11.0 24.0 12.0 13.0 12.0 12.0 13.0 24.0 12.0 12.0 13.0 12.0 13.0 12.0
18 19 1 TRACE 15.0 12.0 12.0 11.0 11.0 11.0 12.0 12.0 11.0 12.0 11.0 11.0 11.0 11.0 12.0 11.0 11.0 12.0 12.0 11.0 12.0 12.0 11.0 11.0 11.0 12.0 12.0 11.0 12.0 11.0 12.0 11.0 11.0 11.0 12.0 11.0 12.0 12.0 12.0 12.0 11.0 11.0 11.0 11.0 12.0 12.0 11.0 11.0 11.0 12.0 11.0 12.0 12.0 11.0 11.0 11.0 11.0 11.0 11.0 12.0 11.0 12.0 11.0 12.0
19 20 1 TRACE 17.0 12.0 12.0 12.0 12.0 11.0 11.0 12.0 12.0 11.0 12.0 12.0 12.0 12.0 12.0 11.0 12.0 12.0 12.0 11.0 11.0 12.0 12.0 11.0 12.0 13.0 12.0 12.0 12.0 12.0 12.0 12.0 12.0 12.0 12.0 12.0 19.0 12.0 45.0 12.0 12.0 12.0 12.0 11.0 12.0 12.0 12.0 12.0 12.0 12.0 12.0 12.0 12.0 12.0 12.0 12.0 12.0 12.0 12.0 12.0 12.0 12.0 12.0 12.0
20 21 1 TRACE 16.0 13.0 12.0 12.0 12.0 12.0 12.0 12.0 12.0 12.0 12.0 13.0 12.0 12.0 13.0 12.0 12.0 12.0 12.0 12.0 12.0 12.0 12.0 13.0 13.0 12.0 13.0 12.0 12.0 12.0 12.0 12.0 12.0 12.0 12.0 12.0 13.0 12.0 12.0 12.0 12.0 11.0 12.0 11.0 11.0 12.0 11.0 12.0 11.0 12.0 12.0 12.0 12.0 12.0 12.0 12.0 12.0 12.0 12.0 11.0 12.0 12.0 11.0 12.0
21 22 1 TRACE 28.0 11.0 11.0 11.0 11.0 10.0 11.0 11.0 11.0 11.0 11.0 11.0 11.0 10.0 10.0 11.0 10.0 11.0 11.0 11.0 10.0 10.0 10.0 11.0 11.0 11.0 11.0 10.0 10.0 10.0 11.0 10.0 11.0 11.0 11.0 10.0 11.0 11.0 11.0 11.0 11.0 11.0 11.0 11.0 11.0 10.0 11.0 12.0 11.0 11.0 10.0 11.0 11.0 11.0 11.0 10.0 11.0 10.0 11.0 11.0 10.0 11.0 11.0 10.0
22 23 1 TRACE 32.0 23.0 21.0 22.0 24.0 25.0 23.0 21.0 24.0 24.0 22.0 22.0 23.0 24.0 24.0 24.0 24.0 21.0 21.0 22.0 25.0 24.0 24.0 24.0 24.0 22.0 53.0 25.0 24.0 24.0 22.0 25.0 24.0 27.0 22.0 21.0 23.0 21.0 54.0 22.0 26.0 23.0 21.0 24.0 22.0 22.0 21.0 52.0 22.0 21.0 22.0 22.0 56.0 22.0 21.0 22.0 24.0 63.0 22.0 25.0 21.0 22.0 22.0 22.0
23 24 1 TRACE 37.0 17.0 17.0 18.0 17.0 16.0 16.0 18.0 16.0 16.0 18.0 16.0 16.0 17.0 16.0 16.0 16.0 16.0 16.0 16.0 16.0 16.0 16.0 18.0 16.0 19.0 18.0 19.0 16.0 16.0 18.0 16.0 18.0 16.0 17.0 22.0 25.0 16.0 17.0 17.0 17.0 18.0 16.0 16.0 52.0 17.0 15.0 17.0 17.0 18.0 17.0 17.0 16.0 17.0 18.0 17.0 16.0 16.0 16.0 16.0 16.0 17.0 17.0 17.0
24 25 1 TRACE 49.0 18.0 17.0 17.0 17.0 17.0 17.0 18.0 17.0 17.0 18.0 17.0 17.0 18.0 17.0 17.0 17.0 17.0 17.0 17.0 17.0 24.0 17.0 17.0 53.0 18.0 19.0 17.0 17.0 17.0 18.0 25.0 18.0 17.0 17.0 18.0 17.0 25.0 17.0 17.0 17.0 18.0 17.0 17.0 18.0 16.0 17.0 18.0 17.0 52.0 17.0 18.0 17.0 17.0 17.0 17.0 18.0 17.0 18.0 16.0 17.0 17.0 17.0 17.0
25 26 1 TRACE 24.0 11.0 10.0 10.0 10.0 10.0 10.0 9.0 9.0 9.0 10.0 9.0 10.0 10.0 10.0 10.0 10.0 10.0 10.0 10.0 10.0 10.0 10.0 9.0 10.0 10.0 9.0 9.0 9.0 10.0 10.0 9.0 10.0 10.0 10.0 10.0 10.0 9.0 10.0 10.0 9.0 10.0 10.0 9.0 9.0 10.0 10.0 10.0 10.0 10.0 9.0 9.0 10.0 10.0 10.0 9.0 10.0 10.0 10.0 10.0 10.0 10.0 10.0 10.0 10.0 10.0 10.0 10.0 10.0 10.0 10.0 9.0 10.0 9.0 9.0 10.0 9.0 10.0 10.0 10.0 9.0 9.0 10.0 10.0 10.0 10.0 10.0 10.0 10.0 10.0 10.0 9.0 10.0 10.0 10.0 10.0 10.0 10.0 10.0 10.0 10.0 10.0 9.0 10.0 10.0 10.0 9.0 10.0 10.0 10.0 10.0 10.0 9.0 10.0 9.0 10.0 10.0 10.0 9.0 10.0 12.0 10.0 9.0 10.0 9.0 10.0 10.0 10.0 13.0 10.0 10.0 9.0 10.0 11.0 9.0 9.0 9.0 10.0 10.0 9.0 10.0 10.0 9.0 10.0 10.0 9.0 10.0 10.0 10.0 10.0 10.0 10.0 10.0 9.0 10.0 10.0 9.0 9.0 10.0 9.0 9.0 9.0 9.0 10.0 12.0 10.0 10.0 10.0 10.0 10.0 10.0 10.0 10.0 10.0 10.0 9.0 9.0 10.0 9.0 9.0 9.0 9.0 9.0 10.0 10.0 10.0 10.0 9.0 10.0 10.0 10.0 10.0
26 27 1 TRACE 12.0 7.0 8.0 8.0 8.0 7.0 8.0 7.0 8.0 8.0 7.0 7.0 8.0 8.0 8.0 7.0 8.0 8.0 7.0 8.0 8.0 7.0 7.0 8.0 8.0 8.0 8.0 8.0 8.0 8.0 8.0 8.0 8.0 8.0 8.0 7.0 8.0 8.0 8.0 8.0 8.0 7.0 7.0 7.0 8.0 8.0 7.0 8.0 8.0 7.0 8.0 8.0 8.0 8.0 8.0 8.0 8.0 7.0 8.0 8.0 7.0 7.0 8.0 8.0 8.0 7.0 8.0 8.0 8.0 8.0 7.0 8.0 8.0 7.0 8.0 8.0 7.0 7.0 8.0 7.0 8.0 8.0 8.0 8.0 8.0 8.0 7.0 8.0 8.0 7.0 8.0 8.0 7.0 7.0 7.0 8.0 8.0 8.0 8.0 7.0 8.0 7.0 8.0 8.0 8.0 8.0 8.0 8.0 8.0 8.0 8.0 8.0 8.0 8.0 8.0 7.0 8.0 7.0 8.0 7.0 8.0 8.0 8.0 7.0 8.0 8.0 8.0 8.0 7.0 8.0 8.0 8.0 7.0 8.0 8.0 8.0 8.0 8.0 8.0 8.0 7.0 8.0 8.0 8.0 8.0 8.0 8.0 7.0 7.0 7.0 8.0 7.0 7.0 8.0 8.0 7.0 8.0 8.0 7.0 8.0 7.0 8.0 8.0 7.0 8.0 8.0 8.0 8.0 7.0 7.0 8.0 8.0 7.0 8.0 8.0 8.0 7.0 8.0 8.0 8.0 8.0 8.0 8.0 8.0 8.0 8.0 8.0 8.0 7.0 8.0 7.0 8.0
27 28 1 TRACE 11.0 7.0 8.0 8.0 7.0 7.0 8.0 7.0 7.0 8.0 7.0 7.0 8.0 8.0 8.0 7.0 8.0 7.0 7.0 8.0 8.0 7.0 7.0 7.0 7.0 8.0 7.0 7.0 8.0 8.0 7.0 8.0 8.0 8.0 8.0 8.0 8.0 8.0 8.0 8.0 7.0 8.0 7.0 7.0 7.0 7.0 7.0 7.0 8.0 7.0 8.0 8.0 8.0 8.0 7.0 7.0 8.0 8.0 8.0 8.0 8.0 7.0 8.0 7.0 8.0 7.0 8.0 8.0 8.0 8.0 7.0 8.0 8.0 7.0 7.0 8.0 7.0 7.0 7.0 7.0 7.0 8.0 8.0 8.0 8.0 8.0 8.0 8.0 8.0 7.0 7.0 7.0 7.0 7.0 8.0 8.0 8.0 8.0 8.0 7.0 8.0 7.0 7.0 8.0 7.0 8.0 7.0 8.0 8.0 8.0 7.0 8.0 7.0 8.0 8.0 8.0 8.0 7.0 7.0 8.0 8.0 7.0 8.0 7.0 8.0 8.0 7.0 8.0 7.0 8.0 8.0 8.0 7.0 8.0 8.0 8.0 7.0 8.0 7.0 8.0 8.0 8.0 7.0 8.0 8.0 7.0 8.0 8.0 8.0 7.0 8.0 7.0 8.0 8.0 8.0 7.0 7.0 7.0 7.0 7.0 7.0 7.0 7.0 7.0 8.0 8.0 8.0 8.0 8.0 8.0 8.0 7.0 7.0 7.0 8.0 7.0 7.0 8.0 7.0 7.0 7.0 7.0 7.0 8.0 8.0 8.0 8.0 8.0 7.0 7.0 8.0 8.0
28 29 1 TRACE 13.0 10.0 9.0 9.0 9.0 10.0 9.0 10.0 9.0 9.0 10.0 10.0 10.0 10.0 9.0 10.0 9.0 9.0 9.0 10.0 10.0 10.0 9.0 9.0 9.0 10.0 9.0 9.0 9.0 9.0 9.0 9.0 9.0 9.0 9.0 10.0 9.0 9.0 10.0 10.0 9.0 9.0 10.0 10.0 9.0 9.0 10.0 9.0 9.0 10.0 9.0 9.0 10.0 10.0 9.0 9.0 9.0 9.0 10.0 10.0 9.0 10.0 9.0 9.0 9.0 10.0 9.0 10.0 10.0 9.0 9.0 9.0 9.0 10.0 9.0 10.0 10.0 9.0 10.0 10.0 9.0 9.0 9.0 10.0 9.0 9.0 10.0 9.0 9.0 10.0 9.0 9.0 9.0 10.0 10.0 10.0 10.0 9.0 10.0 10.0 9.0 9.0 9.0 9.0 9.0 10.0 9.0 9.0 10.0 10.0 9.0 9.0 9.0 9.0 9.0 9.0 10.0 9.0 9.0 9.0 10.0 9.0 9.0 9.0 9.0 10.0 9.0 9.0 10.0 10.0 10.0 9.0 9.0 10.0 9.0 9.0 9.0 9.0 9.0 9.0 9.0 9.0 9.0 9.0 9.0 9.0 9.0 9.0 9.0 10.0 9.0 10.0 10.0 9.0 10.0 10.0 9.0 9.0 10.0 9.0 10.0 9.0 9.0 10.0 10.0 9.0 9.0 9.0 9.0 10.0 10.0 9.0 10.0 9.0 9.0 9.0 10.0 9.0 9.0 9.0 9.0 9.0 9.0 9.0 9.0 9.0 9.0 9.0 10.0 9.0 9.0 10.0
29 30 1 TRACE 24.0 30.0 17.0 17.0 19.0 18.0 18.0 18.0 18.0 18.0 19.0 19.0 32.0 19.0 20.0 19.0 20.0 18.0 17.0 96.0 17.0 18.0 18.0 17.0 19.0 29.0 20.0 19.0 19.0 18.0 95.0 18.0 17.0 18.0 19.0 18.0 19.0 19.0 58.0 19.0 19.0 18.0 19.0 18.0 20.0 19.0 21.0 17.0 18.0 19.0 20.0 18.0 19.0 17.0 19.0 19.0 18.0 18.0 18.0 17.0 19.0 58.0 18.0 18.0 20.0 18.0 18.0 19.0 17.0 19.0 19.0 18.0 24.0 19.0 18.0 18.0 18.0 19.0 17.0 18.0 19.0 18.0 18.0 18.0 18.0 19.0 16.0 19.0 21.0 18.0 18.0 18.0 17.0 18.0 21.0 98.0 18.0 19.0 17.0 20.0 20.0 16.0 19.0 19.0 17.0 19.0 19.0 18.0 57.0 18.0 16.0 43.0 19.0 17.0 31.0 18.0 17.0 18.0 19.0 19.0 14.0 19.0 20.0 18.0 18.0 18.0 16.0 20.0 13.0 19.0 18.0 20.0 19.0 17.0 18.0 56.0 28.0 18.0 19.0 21.0 19.0 21.0 29.0 18.0 19.0 18.0 18.0 18.0 17.0 18.0 17.0 62.0 18.0 17.0 17.0 18.0 17.0 56.0 19.0 18.0 21.0 17.0 18.0 17.0 14.0 18.0 19.0 18.0 19.0 19.0 18.0 60.0 16.0 17.0 18.0 19.0 57.0 18.0 19.0 19.0 20.0 18.0 17.0 18.0 18.0 18.0 57.0 21.0 17.0 18.0 18.0 16.0
30 31 1 TRACE 23.0 16.0 12.0 12.0 12.0 12.0 9.0 8.0 12.0 12.0 12.0 11.0 12.0 12.0 8.0 9.0 12.0 12.0 9.0 12.0 12.0 12.0 12.0 12.0 8.0 11.0 13.0 11.0 11.0 12.0 12.0 11.0 12.0 8.0 9.0 12.0 9.0 11.0 12.0 12.0 8.0 11.0 8.0 12.0 11.0 12.0 11.0 12.0 17.0 12.0 12.0 8.0 12.0 12.0 8.0 8.0 12.0 8.0 11.0 12.0 8.0 12.0 12.0 9.0 11.0 12.0 9.0 11.0 12.0 13.0 11.0 12.0 8.0 11.0 11.0 12.0 9.0 11.0 12.0 12.0 12.0 12.0 12.0 12.0 8.0 11.0 12.0 9.0 11.0 11.0 12.0 12.0 11.0 9.0 11.0 12.0 12.0 11.0 12.0 9.0 11.0 11.0 12.0 8.0 13.0 12.0 12.0 11.0 12.0 12.0 12.0 9.0 12.0 12.0 9.0 11.0 12.0 12.0 8.0 11.0 12.0 13.0 11.0 13.0 12.0 11.0 12.0 12.0 12.0 11.0 11.0 12.0 9.0 12.0 11.0 9.0 12.0 11.0 9.0 11.0 12.0 12.0 11.0 12.0 12.0 12.0 11.0 9.0 9.0 11.0 11.0 12.0 11.0 12.0 11.0 8.0 11.0 12.0 9.0 11.0 12.0 11.0 8.0 12.0 12.0 12.0 12.0 11.0 9.0 11.0 11.0 9.0 12.0 12.0 12.0 11.0 12.0 12.0 9.0 11.0 12.0 11.0 12.0 9.0 11.0 11.0 8.0 11.0 11.0 8.0 11.0 12.0
31 32 1 TRACE 16.0 11.0 10.0 11.0 11.0 11.0 10.0 10.0 11.0 11.0 10.0 11.0 11.0 11.0 10.0 10.0 11.0 10.0 11.0 11.0 11.0 11.0 11.0 11.0 11.0 10.0 11.0 11.0 10.0 11.0 11.0 11.0 11.0 11.0 10.0 11.0 12.0 10.0 11.0 11.0 11.0 11.0 11.0 11.0 11.0 11.0 11.0 11.0 12.0 11.0 10.0 10.0 11.0 10.0 11.0 10.0 11.0 11.0 11.0 10.0 11.0 10.0 11.0 10.0 10.0 16.0 10.0 11.0 11.0 11.0 10.0 11.0 11.0 12.0 10.0 11.0 11.0 10.0 11.0 10.0 11.0 10.0 11.0 11.0 10.0 10.0 11.0 10.0 11.0 10.0 11.0 11.0 11.0 11.0 11.0 10.0 11.0 10.0 11.0 10.0 10.0 11.0 11.0 11.0 11.0 11.0 11.0 11.0 11.0 11.0 11.0 10.0 11.0 11.0 11.0 11.0 11.0 11.0 11.0 11.0 11.0 11.0 11.0 11.0 11.0 11.0 10.0 11.0 11.0 11.0 11.0 10.0 11.0 11.0 11.0 10.0 10.0 10.0 10.0 10.0 11.0 10.0 11.0 11.0 11.0 10.0 11.0 11.0 16.0 10.0 11.0 11.0 10.0 11.0 11.0 11.0 11.0 11.0 16.0 11.0 11.0 10.0 11.0 11.0 11.0 11.0 11.0 11.0 10.0 10.0 10.0 10.0 11.0 11.0 10.0 10.0 11.0 11.0 11.0 11.0 11.0 10.0 10.0 11.0 11.0 10.0 10.0 11.0 11.0 11.0 11.0 11.0
32 33 1 TRACE 16.0 11.0 11.0 11.0 12.0 11.0 11.0 11.0 11.0 11.0 12.0 11.0 11.0 11.0 11.0 11.0 11.0 11.0 13.0 12.0 12.0 12.0 19.0 11.0 11.0 11.0 11.0 11.0 11.0 11.0 11.0 11.0 11.0 11.0 11.0 12.0 11.0 11.0 12.0 12.0 11.0 11.0 11.0 11.0 11.0 11.0 11.0 11.0 12.0 11.0 12.0 11.0 11.0 55.0 11.0 11.0 11.0 11.0 11.0 12.0 11.0 11.0 11.0 12.0 11.0 12.0 11.0 11.0 11.0 11.0 11.0 11.0 12.0 11.0 11.0 12.0 11.0 11.0 11.0 11.0 12.0 11.0 11.0 11.0 11.0 11.0 11.0 46.0 11.0 11.0 11.0 11.0 11.0 11.0 11.0 11.0 11.0 11.0 11.0 11.0 11.0 11.0 11.0 11.0 11.0 12.0 12.0 11.0 12.0 11.0 11.0 11.0 11.0 11.0 12.0 11.0 11.0 12.0 11.0 11.0 12.0 11.0 11.0 11.0 11.0 11.0 11.0 17.0 12.0 18.0 11.0 11.0 11.0 11.0 11.0 11.0 11.0 11.0 11.0 11.0 18.0 11.0 11.0 11.0 11.0 11.0 12.0 11.0 13.0 11.0 12.0 11.0 11.0 11.0 11.0 11.0 11.0 46.0 11.0 11.0 11.0 11.0 11.0 11.0 12.0 11.0 11.0 11.0 11.0 11.0 11.0 12.0 11.0 11.0 11.0 11.0 11.0 11.0 11.0 11.0 11.0 12.0 11.0 12.0 11.0 11.0 46.0 11.0 11.0 11.0 10.0 12.0
33 34 1 TRACE 96.0 174.0 65.0 54.0 133.0 57.0 42.0 47.0 142.0 55.0 36.0 234.0 54.0 32.0 69.0 62.0 227.0 55.0 31.0 143.0 65.0 48.0 466.0 56.0 61.0 55.0 69.0 49.0 342.0 56.0 36.0 237.0 66.0 56.0 177.0 56.0 45.0 134.0 66.0 38.0 72.0 50.0 60.0 227.0 65.0 54.0 222.0 65.0 53.0 295.0 64.0 35.0 64.0 60.0 42.0 42.0 44.0 42.0 205.0 66.0 47.0 152.0 66.0 46.0 142.0 60.0 47.0 138.0 66.0 35.0 112.0 65.0 55.0 100.0 57.0 35.0 53.0 47.0 42.0 65.0 68.0 47.0 106.0 67.0 69.0 286.0 65.0 47.0 118.0 62.0 34.0 251.0 66.0 83.0 168.0 66.0 37.0 157.0 66.0 49.0 43.0 57.0 38.0 60.0 60.0 35.0 427.0 49.0 40.0 251.0 82.0 55.0 158.0 66.0 42.0 57.0 383.0 51.0 53.0 155.0 68.0 43.0 74.0 57.0 43.0 72.0 95.0 51.0 42.0 295.0 55.0 48.0 51.0 433.0 55.0 54.0 373.0 55.0 51.0 311.0 57.0 50.0 316.0 56.0 55.0 92.0 57.0 51.0 12.0 426.0 57.0 34.0 69.0 44.0 44.0 39.0 88.0 57.0 38.0 38.0 120.0 56.0 50.0 322.0 55.0 52.0 116.0 104.0 63.0 107.0 65.0 52.0 389.0 64.0 39.0 47.0 115.0 64.0 45.0 46.0 53.0 128.0 55.0 40.0 194.0 55.0 21.0 91.0 58.0 53.0 112.0 65.0
34 35 1 TRACE 705.0 31.0 27.0 135.0 30.0 27.0 13.0 26.0 32.0 26.0 27.0 31.0 28.0 12.0 28.0 27.0 30.0 26.0 27.0 29.0 26.0 77.0 35.0 27.0 27.0 27.0 32.0 27.0 33.0 21.0 27.0 31.0 27.0 13.0 31.0 27.0 27.0 28.0 27.0 12.0 28.0 12.0 28.0 31.0 26.0 28.0 31.0 27.0 28.0 31.0 28.0 26.0 27.0 27.0 12.0 26.0 13.0 29.0 30.0 26.0 26.0 29.0 26.0 26.0 29.0 27.0 40.0 28.0 27.0 27.0 29.0 27.0 28.0 28.0 26.0 13.0 26.0 21.0 22.0 27.0 33.0 27.0 34.0 26.0 28.0 32.0 26.0 27.0 27.0 26.0 27.0 30.0 27.0 27.0 30.0 27.0 26.0 30.0 26.0 28.0 27.0 13.0 12.0 28.0 32.0 27.0 35.0 12.0 27.0 31.0 28.0 21.0 35.0 27.0 21.0 27.0 33.0 21.0 27.0 29.0 28.0 27.0 27.0 26.0 27.0 27.0 33.0 21.0 27.0 31.0 27.0 13.0 27.0 34.0 21.0 27.0 32.0 21.0 27.0 32.0 26.0 27.0 32.0 27.0 27.0 27.0 27.0 12.0 27.0 34.0 12.0 21.0 27.0 21.0 27.0 27.0 28.0 27.0 26.0 27.0 29.0 27.0 27.0 32.0 27.0 28.0 28.0 27.0 27.0 29.0 26.0 27.0 33.0 21.0 27.0 25.0 28.0 27.0 27.0 26.0 27.0 28.0 31.0 35.0 29.0 27.0 27.0 28.0 26.0 27.0 29.0 26.0
35 36 1 TRACE 33.0 28.0 22.0 63.0 27.0 24.0 11.0 22.0 31.0 24.0 23.0 33.0 24.0 11.0 23.0 23.0 32.0 24.0 23.0 27.0 23.0 25.0 41.0 23.0 22.0 24.0 25.0 23.0 35.0 18.0 23.0 33.0 23.0 17.0 30.0 23.0 22.0 27.0 24.0 10.0 23.0 11.0 23.0 31.0 23.0 24.0 31.0 23.0 24.0 33.0 22.0 23.0 25.0 24.0 11.0 28.0 11.0 22.0 30.0 23.0 24.0 28.0 23.0 22.0 27.0 24.0 23.0 28.0 61.0 23.0 26.0 23.0 23.0 25.0 24.0 10.0 22.0 18.0 19.0 24.0 24.0 23.0 27.0 24.0 23.0 33.0 23.0 23.0 25.0 23.0 24.0 32.0 23.0 22.0 30.0 23.0 23.0 28.0 23.0 24.0 23.0 11.0 46.0 24.0 33.0 23.0 40.0 10.0 24.0 32.0 24.0 18.0 28.0 24.0 18.0 23.0 37.0 19.0 23.0 29.0 24.0 23.0 24.0 23.0 24.0 24.0 25.0 20.0 28.0 33.0 24.0 11.0 23.0 39.0 18.0 22.0 37.0 18.0 22.0 36.0 23.0 24.0 34.0 23.0 23.0 25.0 22.0 11.0 23.0 37.0 11.0 18.0 23.0 18.0 23.0 23.0 25.0 23.0 22.0 23.0 27.0 23.0 23.0 38.0 24.0 24.0 26.0 23.0 22.0 26.0 23.0 24.0 36.0 18.0 24.0 25.0 25.0 23.0 23.0 23.0 23.0 27.0 24.0 23.0 29.0 24.0 29.0 24.0 23.0 21.0 27.0 23.0
36 37 1 TRACE 43.0 103.0 21.0 68.0 80.0 22.0 32.0 19.0 150.0 27.0 20.0 166.0 26.0 43.0 25.0 22.0 155.0 26.0 32.0 134.0 21.0 26.0 298.0 19.0 19.0 38.0 23.0 23.0 205.0 30.0 23.0 157.0 21.0 42.0 116.0 26.0 20.0 102.0 21.0 43.0 26.0 47.0 23.0 105.0 22.0 69.0 174.0 23.0 23.0 203.0 20.0 21.0 37.0 21.0 47.0 24.0 55.0 21.0 110.0 21.0 21.0 111.0 21.0 21.0 73.0 22.0 21.0 77.0 23.0 21.0 67.0 21.0 20.0 68.0 27.0 42.0 24.0 19.0 20.0 32.0 22.0 19.0 54.0 22.0 22.0 173.0 21.0 21.0 72.0 27.0 22.0 184.0 22.0 21.0 110.0 21.0 22.0 111.0 21.0 20.0 26.0 31.0 18.0 31.0 24.0 23.0 278.0 41.0 23.0 170.0 20.0 45.0 110.0 28.0 18.0 27.0 220.0 23.0 58.0 124.0 21.0 20.0 46.0 24.0 20.0 33.0 24.0 21.0 23.0 165.0 21.0 49.0 24.0 269.0 19.0 22.0 290.0 21.0 22.0 206.0 20.0 22.0 184.0 20.0 21.0 76.0 21.0 32.0 23.0 231.0 35.0 24.0 66.0 20.0 30.0 22.0 50.0 21.0 24.0 55.0 105.0 21.0 22.0 216.0 21.0 19.0 64.0 46.0 21.0 68.0 21.0 23.0 210.0 20.0 19.0 23.0 82.0 21.0 20.0 26.0 22.0 92.0 21.0 22.0 160.0 21.0 22.0 39.0 21.0 21.0 113.0 21.0
37 38 1 TRACE 28.0 45.0 20.0 2486.0 41.0 19.0 18.0 18.0 52.0 19.0 20.0 60.0 20.0 19.0 22.0 19.0 59.0 19.0 19.0 47.0 20.0 22.0 85.0 19.0 20.0 26.0 20.0 21.0 72.0 19.0 20.0 54.0 20.0 21.0 51.0 19.0 20.0 46.0 19.0 20.0 23.0 19.0 20.0 50.0 19.0 21.0 59.0 20.0 21.0 70.0 20.0 20.0 29.0 20.0 18.0 22.0 20.0 20.0 46.0 19.0 19.0 48.0 19.0 19.0 41.0 20.0 20.0 41.0 19.0 26.0 40.0 19.0 20.0 36.0 19.0 19.0 21.0 19.0 20.0 26.0 20.0 19.0 66.0 19.0 20.0 62.0 19.0 20.0 38.0 19.0 20.0 61.0 20.0 18.0 47.0 19.0 20.0 48.0 19.0 20.0 22.0 19.0 61.0 26.0 19.0 21.0 87.0 19.0 20.0 61.0 19.0 18.0 46.0 21.0 26.0 21.0 75.0 20.0 21.0 50.0 19.0 19.0 29.0 19.0 20.0 26.0 19.0 21.0 21.0 59.0 20.0 19.0 21.0 82.0 20.0 20.0 73.0 20.0 60.0 66.0 54.0 20.0 65.0 20.0 19.0 37.0 19.0 18.0 56.0 75.0 20.0 19.0 24.0 20.0 24.0 20.0 32.0 19.0 23.0 21.0 46.0 19.0 20.0 71.0 20.0 18.0 40.0 19.0 20.0 37.0 20.0 20.0 72.0 20.0 19.0 54.0 41.0 19.0 20.0 22.0 21.0 43.0 53.0 20.0 48.0 20.0 19.0 37.0 19.0 20.0 46.0 19.0
38 39 1 TRACE 22.0 17.0 15.0 18.0 17.0 15.0 15.0 16.0 60.0 20.0 16.0 18.0 15.0 15.0 15.0 15.0 17.0 15.0 15.0 17.0 15.0 17.0 17.0 16.0 16.0 15.0 52.0 15.0 17.0 15.0 16.0 18.0 16.0 15.0 17.0 15.0 15.0 18.0 16.0 15.0 16.0 15.0 16.0 17.0 16.0 16.0 18.0 16.0 16.0 17.0 16.0 16.0 18.0 15.0 16.0 16.0 15.0 16.0 16.0 16.0 53.0 17.0 15.0 15.0 17.0 15.0 16.0 24.0 15.0 15.0 17.0 16.0 16.0 17.0 14.0 16.0 15.0 15.0 16.0 16.0 16.0 16.0 19.0 15.0 16.0 16.0 15.0 16.0 18.0 14.0 15.0 17.0 15.0 15.0 17.0 15.0 15.0 18.0 16.0 15.0 16.0 15.0 14.0 16.0 15.0 16.0 17.0 16.0 15.0 17.0 15.0 15.0 49.0 15.0 16.0 16.0 17.0 17.0 54.0 17.0 15.0 15.0 17.0 15.0 16.0 16.0 16.0 15.0 16.0 17.0 16.0 15.0 16.0 18.0 16.0 16.0 17.0 15.0 15.0 17.0 17.0 15.0 17.0 16.0 15.0 21.0 15.0 14.0 17.0 17.0 17.0 16.0 15.0 16.0 15.0 15.0 16.0 15.0 16.0 54.0 18.0 15.0 16.0 17.0 15.0 15.0 17.0 14.0 16.0 17.0 16.0 15.0 17.0 16.0 16.0 18.0 25.0 16.0 15.0 16.0 15.0 16.0 17.0 16.0 17.0 15.0 14.0 16.0 15.0 16.0 20.0 15.0
39 25 1 TRACE 14.0 13.0 12.0 13.0 13.0 12.0 13.0 13.0 13.0 13.0 13.0 13.0 13.0 13.0 12.0 13.0 12.0 13.0 13.0 12.0 13.0 15.0 12.0 13.0 12.0 13.0 13.0 13.0 13.0 13.0 12.0 13.0 12.0 13.0 14.0 12.0 13.0 13.0 12.0 12.0 13.0 13.0 12.0 12.0 13.0 12.0 12.0 20.0 14.0 13.0 13.0 13.0 12.0 12.0 12.0 13.0 13.0 13.0 13.0 12.0 13.0 20.0 13.0 13.0 13.0 13.0 13.0 12.0 12.0
39 40 1 TRACE 24.0 19.0 18.0 18.0 17.0 17.0 18.0 18.0 18.0 18.0 18.0 32.0 18.0 17.0 18.0 17.0 19.0 18.0 17.0 18.0 18.0 18.0 19.0 25.0 18.0 17.0 18.0 19.0 18.0 17.0 19.0 18.0 24.0 18.0 17.0 18.0 18.0 21.0 18.0 17.0 17.0 19.0 19.0 18.0 17.0 55.0 18.0 19.0 18.0 18.0 18.0 18.0 19.0 19.0 18.0 19.0 18.0 18.0 19.0 17.0 18.0 18.0 18.0 18.0
39 51 1 TRACE 24.0 18.0 18.0 18.0 18.0 20.0 19.0 56.0 18.0 17.0 18.0 19.0 18.0 18.0 18.0 18.0 18.0 19.0 24.0 18.0 18.0 18.0 19.0 17.0 18.0 18.0 17.0 18.0 19.0 18.0 19.0 18.0 19.0 57.0 17.0 18.0 19.0 18.0 18.0 18.0 17.0 18.0 17.0 18.0 18.0 18.0 18.0 18.0 17.0 18.0 18.0 32.0 19.0 18.0 18.0 20.0 17.0 18.0 18.0
40 41 1 TRACE 89.0 65.0 81.0 93.0 40.0 89.0 76.0 125.0 44.0 106.0 87.0 81.0 74.0 41.0 78.0 89.0 98.0 46.0 40.0 74.0 75.0 63.0 69.0 61.0 54.0 40.0 44.0 54.0 95.0 57.0 101.0 74.0 76.0 40.0 42.0 127.0 92.0 73.0 112.0 78.0 46.0 47.0 92.0 122.0 110.0 101.0 98.0 54.0 115.0 43.0 42.0 50.0 41.0 73.0 108.0 60.0 57.0 108.0 62.0 41.0 66.0 76.0 46.0 72.0
41 42 1 TRACE 16.0 11.0 11.0 12.0 11.0 11.0 12.0 11.0 12.0 12.0 11.0 10.0 11.0 10.0 11.0 10.0 11.0 10.0 10.0 12.0 10.0 13.0 12.0 10.0 10.0 12.0 10.0 10.0 12.0 10.0 11.0 11.0 10.0 11.0 12.0 11.0 10.0 12.0 11.0 10.0 11.0 10.0 11.0 10.0 12.0 10.0 11.0 12.0 11.0 10.0 12.0 10.0 10.0 12.0 11.0 10.0 11.0 11.0 10.0 11.0 12.0 11.0 11.0 12.0 11.0 11.0 12.0 11.0 11.0 13.0 11.0 12.0 12.0 10.0 11.0 11.0 10.0 11.0 12.0 11.0 10.0 11.0 12.0 11.0 10.0 12.0 10.0 10.0 12.0 11.0 11.0 12.0 10.0 11.0 12.0 11.0 10.0 12.0 10.0 11.0 12.0 11.0 11.0 11.0 11.0 11.0 11.0 12.0 10.0 10.0 12.0 11.0 10.0 12.0 11.0 11.0 12.0 10.0 11.0 12.0 10.0 10.0 12.0 10.0 10.0 12.0 11.0 11.0 12.0 11.0 11.0 12.0 11.0 10.0 12.0 10.0 10.0 12.0 15.0 10.0 11.0 11.0 10.0 12.0 11.0 10.0 12.0 10.0 11.0 12.0 10.0 11.0 12.0 11.0 11.0 10.0 11.0 10.0 11.0 11.0 11.0 10.0 11.0 12.0 11.0 10.0 11.0 13.0 10.0 10.0 12.0 11.0 10.0 12.0 11.0 10.0 11.0 11.0 10.0 12.0 11.0 10.0 12.0 10.0 10.0 11.0 11.0 11.0 11.0 12.0 10.0 11.0 12.0 11.0 11.0 11.0 10.0 11.0 13.0 11.0 11.0
42 43 1 TRACE 14.0 10.0 10.0 10.0 16.0 10.0 10.0 10.0 11.0 10.0 10.0 10.0 10.0 10.0 9.0 10.0 10.0 10.0 10.0 10.0 10.0 10.0 15.0 10.0 10.0 10.0 10.0 10.0 10.0 10.0 10.0 10.0 11.0 10.0 10.0 9.0 10.0 10.0 10.0 10.0 10.0 10.0 10.0 9.0 10.0 10.0 11.0 10.0 10.0 10.0 11.0 10.0 10.0 11.0 9.0 10.0 9.0 10.0 10.0 10.0 10.0 10.0 11.0 10.0 9.0 10.0 10.0 10.0 9.0 10.0 10.0 10.0 10.0 10.0 9.0 10.0 10.0 10.0 10.0 10.0 10.0 10.0 10.0 10.0 10.0 10.0 10.0 10.0 10.0 10.0 11.0 10.0 12.0 10.0 11.0 10.0 10.0 10.0 11.0 10.0 10.0 11.0 10.0 10.0 10.0 10.0 10.0 10.0 10.0 16.0 11.0 10.0 10.0 10.0 10.0 10.0 10.0 10.0 10.0 10.0 10.0 10.0 10.0 10.0 10.0 10.0 10.0 10.0 10.0 10.0 10.0 10.0 10.0 9.0 10.0 10.0 9.0 10.0 11.0 10.0 10.0 10.0 9.0 10.0 10.0 10.0 10.0 10.0 9.0 10.0 10.0 10.0 10.0 10.0 10.0 10.0 10.0 10.0 10.0 16.0 10.0 10.0 10.0 10.0 10.0 10.0 10.0 11.0 10.0 10.0 10.0 10.0 10.0 10.0 10.0 10.0 10.0 10.0 10.0 10.0 10.0 11.0 10.0 10.0 10.0 10.0 10.0 10.0 10.0 10.0 10.0 10.0 10.0 10.0 10.0 10.0 10.0 10.0 11.0 11.0 10.0
43 44 1 TRACE 13.0 8.0 8.0 9.0 22.0 8.0 9.0 9.0 9.0 8.0 9.0 9.0 8.0 8.0 9.0 8.0 9.0 8.0 8.0 8.0 9.0 8.0 9.0 9.0 9.0 8.0 8.0 9.0 8.0 9.0 8.0 8.0 9.0 8.0 9.0 8.0 8.0 8.0 9.0 8.0 8.0 8.0 9.0 11.0 9.0 8.0 8.0 9.0 8.0 9.0 8.0 9.0 8.0 12.0 9.0 9.0 8.0 9.0 8.0 9.0 9.0 9.0 8.0 8.0 9.0 8.0 8.0 9.0 8.0 9.0 9.0 8.0 8.0 9.0 8.0 9.0 8.0 9.0 8.0 9.0 8.0 8.0 8.0 8.0 8.0 8.0 8.0 9.0 9.0 9.0 9.0 8.0 8.0 8.0 8.0 8.0 8.0 9.0 8.0 8.0 9.0 9.0 9.0 9.0 8.0 8.0 9.0 8.0 8.0 9.0 9.0 8.0 8.0 9.0 8.0 9.0 9.0 8.0 9.0 8.0 8.0 8.0 8.0 9.0 9.0 8.0 9.0 9.0 8.0 8.0 8.0 8.0 9.0 8.0 8.0 8.0 8.0 9.0 10.0 9.0 8.0 8.0 8.0 8.0 9.0 9.0 8.0 8.0 8.0 9.0 9.0 8.0 8.0 8.0 9.0 8.0 9.0 8.0 9.0 9.0 8.0 8.0 8.0 8.0 9.0 9.0 8.0 9.0 8.0 9.0 8.0 8.0 8.0 8.0 9.0 8.0 9.0 8.0 8.0 9.0 9.0 8.0 8.0 8.0 8.0 9.0 8.0 8.0 8.0 8.0 8.0 9.0 8.0 9.0 8.0 9.0 8.0 8.0 8.0 8.0 9.0
44 45 1 TRACE 28.0 15.0 15.0 16.0 15.0 15.0 22.0 15.0 25.0 21.0 15.0 15.0 30.0 16.0 17.0 16.0 22.0 16.0 17.0 15.0 15.0 15.0 16.0 15.0 16.0 25.0 16.0 16.0 18.0 15.0 15.0 18.0 14.0 15.0 60.0 18.0 16.0 18.0 15.0 15.0 27.0 26.0 17.0 16.0 23.0 17.0 14.0 17.0 15.0 15.0 19.0 15.0 21.0 16.0 15.0 16.0 16.0 15.0 15.0 16.0 19.0 16.0 15.0 17.0 16.0 15.0 20.0 99.0 16.0 17.0 15.0 16.0 21.0 15.0 19.0 15.0 16.0 16.0 90.0 16.0 15.0 16.0 26.0 15.0 15.0 21.0 16.0 17.0 16.0 16.0 15.0 20.0 14.0 16.0 18.0 16.0 16.0 16.0 15.0 15.0 16.0 15.0 15.0 27.0 15.0 16.0 16.0 15.0 15.0 14.0 15.0 54.0 14.0 16.0 15.0 14.0 15.0 15.0 14.0 15.0 15.0 15.0 17.0 16.0 17.0 25.0 95.0 15.0 17.0 15.0 15.0 16.0 15.0 16.0 16.0 15.0 15.0 16.0 15.0 15.0 58.0 16.0 15.0 16.0 15.0 16.0 22.0 16.0 16.0 15.0 15.0 16.0 51.0 17.0 15.0 16.0 39.0 16.0 15.0 14.0 19.0 15.0 15.0 16.0 39.0 14.0 14.0 15.0 16.0 24.0 16.0 58.0 16.0 18.0 16.0 15.0 20.0 16.0 15.0 15.0 15.0 14.0 16.0 19.0 15.0 26.0 58.0 15.0 15.0 16.0 15.0 15.0 15.0 16.0 15.0 16.0 15.0 15.0 60.0 16.0 14.0
45 46 1 TRACE 16.0 11.0 11.0 12.0 12.0 11.0 11.0 11.0 11.0 11.0 12.0 11.0 12.0 12.0 11.0 12.0 11.0 11.0 11.0 12.0 11.0 12.0 11.0 11.0 11.0 11.0 11.0 11.0 12.0 12.0 11.0 11.0 11.0 11.0 47.0 11.0 10.0 12.0 11.0 12.0 12.0 11.0 11.0 12.0 12.0 11.0 11.0 11.0 12.0 11.0 12.0 11.0 11.0 11.0 12.0 12.0 12.0 12.0 11.0 11.0 12.0 12.0 11.0 12.0 11.0 12.0 12.0 11.0 11.0 12.0 11.0 11.0 11.0 12.0 11.0 11.0 12.0 11.0 12.0 11.0 12.0 11.0 11.0 12.0 11.0 12.0 11.0 12.0 11.0 11.0 12.0 12.0 11.0 12.0 12.0 12.0 11.0 12.0 12.0 12.0 12.0 12.0 12.0 11.0 12.0 17.0 11.0 11.0 11.0 12.0 12.0 11.0 12.0 11.0 12.0 11.0 11.0 12.0 11.0 12.0 12.0 11.0 11.0 11.0 11.0 12.0 11.0 12.0 11.0 11.0 11.0 11.0 11.0 11.0 11.0 11.0 10.0 11.0 11.0 11.0 12.0 11.0 11.0 11.0 11.0 11.0 11.0 11.0 11.0 12.0 21.0 11.0 17.0 12.0 11.0 11.0 12.0 12.0 11.0 11.0 12.0 11.0 11.0 11.0 12.0 11.0 11.0 13.0 11.0 12.0 12.0 11.0 12.0 11.0 12.0 11.0 11.0 11.0 11.0 11.0 11.0 11.0 12.0 11.0 11.0 11.0 51.0 17.0 11.0 11.0 11.0 11.0 12.0 12.0 11.0 11.0 11.0 11.0 12.0 11.0 12.0
46 47 1 TRACE 333.0 104.0 85.0 311.0 108.0 81.0 257.0 119.0 80.0 244.0 94.0 120.0 399.0 185.0 85.0 100.0 250.0 96.0 81.0 274.0 99.0 81.0 232.0 122.0 82.0 399.0 144.0 83.0 237.0 91.0 81.0 254.0 97.0 81.0 257.0 97.0 81.0 279.0 102.0 81.0 394.0 199.0 85.0 81.0 265.0 99.0 81.0 250.0 95.0 87.0 239.0 93.0 81.0 398.0 133.0 82.0 397.0 193.0 84.0 81.0 274.0 100.0 83.0 269.0 102.0 82.0 314.0 105.0 82.0 326.0 106.0 83.0 327.0 109.0 82.0 367.0 116.0 81.0 391.0 216.0 87.0 81.0 398.0 142.0 84.0 365.0 116.0 81.0 243.0 100.0 119.0 347.0 113.0 89.0 279.0 94.0 81.0 280.0 101.0 81.0 304.0 100.0 81.0 396.0 193.0 85.0 81.0 396.0 148.0 82.0 229.0 87.0 80.0 246.0 95.0 81.0 277.0 100.0 82.0 235.0 117.0 81.0 264.0 98.0 81.0 402.0 129.0 82.0 397.0 145.0 83.0 245.0 94.0 81.0 234.0 88.0 81.0 236.0 90.0 81.0 241.0 92.0 80.0 240.0 92.0 81.0 365.0 113.0 81.0 235.0 90.0 82.0 398.0 158.0 103.0 80.0 437.0 160.0 83.0 82.0 387.0 120.0 81.0 389.0 189.0 111.0 93.0 316.0 141.0 82.0 236.0 91.0 81.0 334.0 107.0 82.0 347.0 112.0 82.0 236.0 91.0 81.0 308.0 104.0 83.0 389.0 196.0 84.0 111.0 294.0 104.0 81.0 272.0 100.0 81.0 402.0 133.0 81.0 283.0 132.0 81.0
47 48 1 TRACE 13.0 10.0 8.0 10.0 8.0 10.0 9.0 11.0 9.0 11.0 9.0 10.0 9.0 10.0 9.0 11.0 8.0 10.0 9.0 10.0 9.0 11.0 10.0 10.0 9.0 10.0 8.0 10.0 8.0 10.0 9.0 11.0 8.0 11.0 8.0 10.0 8.0 10.0 9.0 11.0 9.0 10.0 8.0 10.0 8.0 11.0 8.0 10.0 8.0 10.0 9.0 10.0 8.0 10.0 8.0 11.0 8.0 11.0 8.0 9.0 8.0 10.0 9.0 10.0 9.0 10.0 8.0 11.0 9.0 11.0 8.0 10.0 8.0 10.0 9.0 11.0 9.0 10.0 9.0 10.0 8.0 11.0 9.0 10.0 8.0 10.0 8.0 10.0 8.0 10.0 8.0 10.0 8.0 10.0 9.0 10.0 8.0 10.0 9.0 10.0 9.0 11.0 9.0 10.0 8.0 10.0 9.0 10.0 9.0 10.0 8.0 10.0 9.0 11.0 8.0 10.0 8.0 15.0 9.0 10.0 8.0 10.0 8.0 10.0 9.0 10.0 8.0 10.0 9.0 10.0 8.0 9.0 9.0 10.0 8.0 10.0 8.0 10.0 9.0 10.0 9.0 10.0 9.0 10.0 9.0 10.0 8.0 10.0 9.0 10.0 9.0 10.0 9.0 10.0 8.0 10.0 9.0 11.0 9.0 10.0 8.0 10.0 8.0 10.0 9.0 12.0 9.0 11.0 9.0 10.0 8.0 16.0 9.0 10.0 8.0 9.0 9.0 10.0 9.0 11.0 8.0 10.0 9.0 10.0 9.0 10.0 8.0 10.0 8.0 10.0 8.0 10.0 8.0 10.0 9.0 10.0 9.0 10.0 9.0 10.0 9.0 10.0 9.0 11.0 8.0 10.0 8.0 10.0 8.0 10.0 9.0 10.0 8.0 10.0 8.0 10.0 9.0 10.0 9.0 10.0 8.0 10.0 8.0 10.0 8.0 10.0 9.0 11.0 9.0 10.0 9.0 15.0 9.0 10.0 9.0 10.0 9.0 10.0 9.0 11.0 8.0 9.0 8.0 10.0 9.0 10.0 8.0 10.0 8.0 10.0 9.0 11.0 8.0 10.0 8.0 10.0 9.0 11.0 8.0 10.0 8.0 10.0 9.0 10.0 8.0 10.0 9.0 9.0 8.0 10.0 9.0 10.0 9.0 10.0 9.0 10.0 8.0 10.0 9.0 10.0 9.0 10.0 8.0 10.0 8.0 10.0 9.0 10.0 8.0 10.0 8.0 10.0 9.0 10.0 8.0 10.0 8.0 9.0 8.0 11.0 8.0 10.0 8.0 12.0 9.0 11.0 9.0 10.0 9.0 10.0 8.0 10.0 8.0 10.0 8.0 10.0 8.0 10.0 9.0 10.0 9.0 11.0 9.0 10.0 8.0 10.0 8.0 10.0 9.0 10.0 9.0 10.0 8.0 10.0 12.0 11.0 9.0 10.0 9.0 10.0 9.0 10.0 8.0 10.0 8.0 10.0 8.0 10.0 8.0 10.0 8.0 10.0 9.0 15.0 8.0 10.0 8.0 10.0 9.0 10.0 8.0 10.0 8.0 10.0 8.0 10.0 8.0 10.0 8.0 10.0 8.0 11.0 9.0 10.0 8.0 10.0 9.0 10.0 9.0 11.0 9.0 10.0 8.0 9.0 8.0 10.0 8.0 10.0 8.0 10.0 8.0 10.0 8.0 10.0 8.0 10.0 9.0 10.0 9.0 10.0 8.0 10.0
48 49 1 TRACE 44.0 33.0 9.0 18.0 8.0 10.0 40.0 30.0 9.0 31.0 8.0 10.0 38.0 29.0 10.0 16.0 8.0 10.0 35.0 28.0 9.0 18.0 8.0 10.0 25.0 28.0 18.0 26.0 8.0 10.0 8.0 12.0 36.0 28.0 9.0 12.0 8.0 10.0 39.0 28.0 9.0 17.0 8.0 10.0 25.0 27.0 8.0 10.0 8.0 9.0 35.0 30.0 13.0 23.0 12.0 11.0 31.0 28.0 8.0 12.0 8.0 9.0 37.0 28.0 8.0 13.0 8.0 11.0 38.0 29.0 9.0 13.0 8.0 10.0 40.0 35.0 9.0 19.0 8.0 10.0 22.0 28.0 20.0 25.0 7.0 11.0 8.0 10.0 37.0 28.0 9.0 14.0 7.0 11.0 36.0 28.0 9.0 13.0 8.0 10.0 34.0 28.0 8.0 13.0 8.0 10.0 41.0 29.0 12.0 22.0 8.0 10.0 23.0 28.0 19.0 25.0 8.0 11.0 8.0 10.0 40.0 28.0 9.0 19.0 7.0 10.0 38.0 28.0 9.0 18.0 7.0 10.0 40.0 29.0 9.0 20.0 7.0 10.0 39.0 28.0 10.0 19.0 8.0 10.0 40.0 28.0 10.0 19.0 8.0 9.0 39.0 29.0 10.0 19.0 7.0 10.0 21.0 28.0 22.0 27.0 9.0 11.0 8.0 10.0 34.0 29.0 14.0 24.0 8.0 11.0 39.0 29.0 10.0 20.0 8.0 10.0 34.0 28.0 9.0 19.0 8.0 11.0 39.0 29.0 10.0 19.0 7.0 10.0 35.0 29.0 8.0 12.0 8.0 9.0 38.0 29.0 9.0 19.0 8.0 11.0 39.0 28.0 10.0 33.0 8.0 10.0 22.0 29.0 20.0 29.0 8.0 10.0 8.0 10.0 33.0 29.0 14.0 23.0 8.0 10.0 25.0 62.0 8.0 11.0 7.0 10.0 35.0 28.0 9.0 13.0 8.0 11.0 39.0 28.0 9.0 18.0 7.0 10.0 32.0 27.0 8.0 11.0 8.0 10.0 38.0 28.0 9.0 14.0 7.0 10.0 37.0 29.0 12.0 22.0 7.0 10.0 33.0 29.0 13.0 22.0 8.0 10.0 35.0 29.0 8.0 13.0 8.0 10.0 26.0 27.0 8.0 11.0 8.0 9.0 30.0 27.0 9.0 11.0 8.0 10.0 33.0 28.0 8.0 12.0 8.0 10.0 34.0 28.0 8.0 12.0 8.0 10.0 40.0 28.0 10.0 20.0 8.0 10.0 29.0 27.0 8.0 11.0 8.0 11.0 32.0 29.0 14.0 23.0 8.0 10.0 7.0 10.0 29.0 29.0 16.0 24.0 8.0 10.0 8.0 10.0 39.0 30.0 11.0 21.0 8.0 10.0 24.0 28.0 19.0 25.0 8.0 11.0 8.0 10.0 39.0 27.0 10.0 19.0 8.0 9.0 31.0 27.0 8.0 11.0 8.0 10.0 40.0 28.0 9.0 19.0 7.0 10.0 40.0 28.0 10.0 20.0 8.0 10.0 31.0 33.0 8.0 12.0 8.0 10.0 40.0 29.0 10.0 19.0 8.0 10.0 24.0 28.0 20.0 26.0 8.0 10.0 8.0 11.0 40.0 28.0 10.0 18.0 7.0 10.0 39.0 28.0 9.0 19.0 8.0 9.0 37.0 29.0 12.0 22.0 8.0 10.0 41.0 28.0 9.0 18.0 8.0 10.0
49 47 1 TRACE 177.0 61.0 40.0 155.0 64.0 37.0 133.0 56.0 36.0 125.0 50.0 39.0 286.0 97.0 40.0 39.0 127.0 51.0 37.0 138.0 56.0 38.0 109.0 42.0 37.0 227.0 83.0 41.0 119.0 45.0 36.0 128.0 53.0 37.0 133.0 53.0 37.0 145.0 58.0 37.0 294.0 113.0 40.0 36.0 133.0 65.0 37.0 126.0 52.0 37.0 152.0 49.0 37.0 214.0 81.0 39.0 286.0 99.0 39.0 36.0 139.0 56.0 37.0 137.0 56.0 37.0 156.0 62.0 37.0 152.0 61.0 37.0 160.0 63.0 37.0 180.0 68.0 37.0 297.0 103.0 41.0 36.0 233.0 119.0 38.0 179.0 68.0 37.0 123.0 50.0 38.0 171.0 66.0 37.0 134.0 49.0 38.0 138.0 57.0 37.0 138.0 56.0 37.0 288.0 99.0 40.0 37.0 236.0 87.0 38.0 108.0 48.0 36.0 123.0 50.0 37.0 140.0 57.0 37.0 118.0 45.0 37.0 134.0 55.0 37.0 209.0 79.0 37.0 231.0 86.0 39.0 125.0 50.0 37.0 110.0 43.0 36.0 117.0 45.0 36.0 119.0 46.0 37.0 121.0 47.0 71.0 179.0 67.0 37.0 115.0 45.0 37.0 241.0 87.0 38.0 36.0 263.0 92.0 39.0 36.0 201.0 76.0 37.0 277.0 98.0 40.0 37.0 154.0 60.0 37.0 118.0 45.0 41.0 161.0 63.0 37.0 173.0 66.0 37.0 118.0 46.0 37.0 154.0 60.0 37.0 278.0 99.0 40.0 36.0 150.0 60.0 37.0 140.0 56.0 37.0 214.0 79.0 37.0 143.0 57.0 38.0
49 50 1 TRACE 44.0 26.0 21.0 39.0 27.0 21.0 39.0 23.0 21.0 34.0 25.0 22.0 34.0 31.0 20.0 21.0 36.0 23.0 20.0 40.0 24.0 21.0 34.0 26.0 21.0 58.0 31.0 23.0 33.0 22.0 21.0 38.0 23.0 21.0 42.0 25.0 20.0 41.0 26.0 55.0 36.0 32.0 21.0 22.0 43.0 23.0 25.0 39.0 28.0 21.0 49.0 23.0 21.0 49.0 30.0 21.0 41.0 32.0 23.0 21.0 39.0 25.0 21.0 35.0 25.0 21.0 34.0 25.0 20.0 35.0 27.0 21.0 34.0 26.0 54.0 34.0 28.0 21.0 35.0 33.0 21.0 20.0 35.0 30.0 21.0 34.0 32.0 20.0 66.0 24.0 21.0 34.0 30.0 21.0 52.0 24.0 21.0 35.0 25.0 20.0 34.0 25.0 21.0 37.0 33.0 46.0 21.0 34.0 30.0 22.0 33.0 22.0 20.0 34.0 23.0 22.0 35.0 25.0 21.0 34.0 22.0 26.0 33.0 23.0 20.0 34.0 29.0 20.0 35.0 31.0 21.0 33.0 22.0 20.0 33.0 22.0 20.0 32.0 57.0 21.0 34.0 22.0 20.0 33.0 22.0 20.0 34.0 27.0 20.0 73.0 41.0 36.0 96.0 68.0 20.0 20.0 35.0 30.0 21.0 49.0 91.0 28.0 21.0 35.0 41.0 34.0 21.0 35.0 34.0 58.0 66.0 39.0 23.0 35.0 25.0 21.0 35.0 27.0 20.0 35.0 22.0 21.0 66.0 26.0 21.0 34.0 38.0 22.0 20.0 34.0 27.0 20.0 35.0 25.0 20.0 34.0 29.0 21.0 35.0 25.0 21.0
50 25 1 TRACE 23.0 16.0 16.0 16.0 15.0 16.0 16.0 18.0 16.0 16.0 16.0 18.0 16.0 16.0 16.0 21.0 17.0 16.0 16.0 17.0 17.0 17.0 17.0 17.0 16.0 17.0 17.0 16.0 17.0 16.0 16.0 16.0 15.0 18.0 16.0 16.0 16.0 17.0 16.0 17.0 18.0 17.0 15.0 16.0 16.0 15.0 16.0 15.0 17.0 16.0 16.0 16.0 17.0 16.0 17.0 16.0 16.0 17.0 17.0
50 41 1 TRACE 9.0 9.0 9.0 9.0 10.0 9.0 9.0 10.0 9.0 10.0 8.0 9.0 9.0 9.0 10.0 9.0 9.0 9.0 9.0 9.0 9.0 10.0 9.0 9.0 9.0 9.0 9.0 9.0 10.0 9.0 9.0 9.0 9.0 9.0 10.0 9.0 9.0 9.0 9.0 9.0 9.0 10.0 9.0 9.0 14.0 9.0 9.0 9.0 9.0 9.0 10.0 9.0 9.0 10.0 9.0 9.0 10.0 9.0 9.0 9.0 10.0 10.0 9.0 9.0 9.0 9.0 10.0 9.0 9.0 9.0 10.0 9.0 9.0 9.0 9.0 10.0 9.0 9.0 9.0 10.0 9.0 10.0 10.0 9.0 9.0 9.0 9.0 9.0 9.0 10.0 9.0 9.0 9.0 9.0 9.0 9.0 9.0 10.0 9.0 9.0 9.0 10.0 9.0 9.0 9.0 9.0 9.0 9.0 9.0 10.0 10.0 9.0 10.0 9.0 9.0 9.0 9.0 9.0 9.0 9.0 10.0 9.0 10.0 9.0 9.0 9.0 9.0 10.0 10.0 9.0 9.0 9.0 10.0 9.0 10.0 9.0 10.0
50 51 1 TRACE 22.0 22.0 22.0 22.0 21.0
51 52 1 TRACE 457.0 390.0 403.0 406.0 431.0 455.0 427.0 428.0 422.0 405.0 404.0 404.0 392.0 406.0 391.0 393.0 408.0 405.0 405.0 403.0 400.0 422.0 424.0 403.0 401.0 405.0 390.0 389.0 396.0 392.0 408.0 402.0 390.0 393.0 404.0 406.0 411.0 430.0 393.0 445.0 421.0 389.0 404.0 440.0 468.0 437.0 405.0 388.0 406.0 404.0 390.0 388.0 403.0 392.0 406.0 402.0 391.0 407.0 394.0 401.0 428.0 476.0 425.0 405.0
52 53 1 TRACE 29.0 35.0 23.0 23.0 23.0 22.0 25.0 24.0 35.0 23.0 23.0 23.0 25.0 23.0 25.0 25.0 23.0 23.0 24.0 42.0 24.0 23.0 25.0 23.0 24.0 23.0 25.0 46.0 24.0 25.0 23.0 24.0 25.0 25.0 24.0 22.0 23.0 23.0 24.0 23.0 25.0 25.0 24.0 24.0 24.0 23.0 48.0 24.0 29.0 23.0 25.0 25.0 24.0 24.0 24.0 23.0 25.0 23.0 25.0 24.0 23.0 49.0 25.0 23.0
53 54 1 TRACE 22.0 16.0 17.0 16.0 16.0 16.0 17.0 17.0 16.0 16.0 16.0 16.0 16.0 16.0 16.0 16.0 14.0 15.0 13.0 17.0 14.0 16.0 14.0 13.0 14.0 15.0 14.0 14.0 14.0 14.0 14.0 13.0 14.0 14.0 14.0 14.0 13.0 14.0 14.0 14.0 14.0 14.0 13.0 13.0 14.0 14.0 14.0 14.0 14.0 14.0 13.0 14.0 13.0 14.0 13.0 14.0 13.0 14.0 13.0 13.0 13.0 13.0 13.0 14.0
54 55 1 TRACE 45.0 21.0 20.0 20.0 23.0 21.0 33.0 21.0 33.0 19.0 20.0 19.0 20.0 19.0 19.0 20.0 19.0 19.0 19.0 20.0 19.0 19.0 20.0 19.0 19.0 20.0 19.0 20.0 19.0 20.0 19.0 19.0 19.0 20.0 20.0 19.0 19.0 20.0 20.0 20.0 32.0 19.0 19.0 32.0 34.0 19.0 34.0 19.0 32.0 19.0 19.0 20.0 19.0 19.0 19.0 18.0 19.0 19.0 19.0 19.0 20.0 20.0 33.0 19.0
55 56 1 TRACE 11.0 8.0 7.0 7.0 7.0 7.0 8.0 7.0 7.0 7.0 7.0 7.0 7.0 7.0 22.0 7.0 7.0 7.0 7.0 7.0 8.0 7.0 7.0 8.0 7.0 7.0 7.0 7.0 7.0 8.0 8.0 8.0 7.0 7.0 8.0 7.0 7.0 7.0 8.0 7.0 8.0 7.0 8.0 7.0 8.0 7.0 7.0 7.0 7.0 8.0 8.0 8.0 8.0 8.0 7.0 7.0 7.0 7.0 7.0 7.0 8.0 8.0 8.0 7.0
56 57 1 TRACE 22.0 7.0 7.0 7.0 7.0 7.0 7.0 7.0 8.0 7.0 7.0 7.0 7.0 7.0 8.0 7.0 7.0 7.0 7.0 7.0 7.0 7.0 7.0 7.0 7.0 7.0 7.0 7.0 7.0 7.0 7.0 7.0 7.0 7.0 7.0 7.0 7.0 7.0 7.0 7.0 7.0 7.0 7.0 8.0 19.0 7.0 8.0 7.0 8.0 7.0 7.0 6.0 6.0 7.0 7.0 7.0 7.0 7.0 7.0 7.0 6.0 7.0 7.0 7.0
57 58 1 TRACE 11.0 7.0 7.0 7.0 7.0 7.0 8.0 7.0 7.0 7.0 7.0 7.0 7.0 7.0 7.0 7.0 7.0 7.0 7.0 7.0 7.0 7.0 7.0 8.0 10.0 7.0 7.0 7.0 7.0 7.0 7.0 7.0 7.0 7.0 7.0 7.0 7.0 7.0 7.0 7.0 7.0 7.0 7.0 18.0 8.0 7.0 7.0 7.0 7.0 7.0 7.0 7.0 7.0 7.0 6.0 6.0 7.0 7.0 6.0 7.0 7.0 7.0 7.0 7.0
58 59 1 TRACE 16.0 8.0 8.0 8.0 8.0 8.0 8.0 7.0 20.0 7.0 7.0 8.0 8.0 7.0 8.0 7.0 7.0 8.0 8.0 8.0 8.0 8.0 8.0 8.0 9.0 8.0 7.0 7.0 7.0 8.0 8.0 8.0 8.0 8.0 8.0 7.0 8.0 8.0 8.0 8.0 8.0 8.0 8.0 8.0 9.0 8.0 8.0 8.0 8.0 8.0 8.0 8.0 8.0 8.0 8.0 8.0 8.0 7.0 8.0 8.0 8.0 8.0 8.0 7.0
59 60 1 TRACE 20.0 19.0 7.0 7.0 19.0 19.0 9.0 7.0 7.0 7.0 7.0 19.0 19.0 19.0 8.0 19.0 7.0 7.0 7.0 19.0 19.0 20.0 7.0 24.0 7.0 19.0 19.0 7.0 19.0 19.0 7.0 7.0 7.0 7.0 6.0 7.0 7.0 7.0 7.0 7.0 20.0 7.0 7.0 19.0 8.0 7.0 20.0 6.0 19.0 7.0 7.0 7.0 18.0 18.0 7.0 7.0 7.0 7.0 7.0 7.0 7.0 7.0 20.0 7.0
60 61 1 TRACE 8.0 7.0 19.0 20.0 7.0 7.0 8.0 19.0 8.0 19.0 19.0 8.0 7.0 7.0 20.0 8.0 20.0 19.0 8.0 7.0 8.0 8.0 19.0 8.0 7.0 7.0 7.0 19.0 7.0 8.0 7.0 19.0 20.0 9.0 20.0 19.0 20.0 8.0 20.0 20.0 8.0 19.0 20.0 7.0 8.0 19.0 8.0 20.0 7.0 19.0 8.0 8.0 7.0 8.0 8.0 19.0 19.0 8.0 8.0 8.0 20.0 19.0 8.0 8.0
61 62 1 TRACE 7.0 7.0 7.0 7.0 7.0 7.0 8.0 8.0 7.0 7.0 7.0 8.0 7.0 7.0 7.0 7.0 7.0 7.0 7.0 7.0 7.0 8.0 7.0 7.0 8.0 7.0 7.0 7.0 7.0 7.0 19.0 7.0 7.0 7.0 7.0 7.0 8.0 7.0 8.0 7.0 7.0 8.0 7.0 7.0 8.0 7.0 7.0 7.0 8.0 7.0 7.0 8.0 7.0 7.0 7.0 8.0 7.0 7.0 7.0 8.0 8.0 7.0 7.0 7.0
62 1 1 TRACE 22.0 19.0 18.0 19.0 33.0 18.0 33.0 18.0 32.0 37.0 18.0 19.0 19.0 18.0 24.0 18.0 18.0 18.0 18.0 18.0 18.0 18.0 18.0 20.0 25.0 19.0 18.0 18.0 18.0 18.0 18.0 18.0 19.0 18.0 18.0 18.0 19.0 19.0 19.0 19.0 31.0 18.0 18.0 32.0 32.0 19.0 32.0 19.0 31.0 37.0 18.0 18.0 19.0 18.0 18.0 18.0 18.0 18.0 18.0 19.0 18.0 18.0 32.0
