0 1 1 TRACE 1672853881741906.0
1 2 1 TRACE 11056.0 35.0 24.0 33.0 34.0 39.0 34.0 23.0 23.0 34.0 22.0 23.0 23.0 34.0 34.0 35.0 26.0 26.0 24.0 34.0 23.0 23.0 33.0 34.0 23.0 23.0 34.0 34.0 35.0 36.0 35.0 23.0 23.0 35.0 34.0 34.0 22.0 35.0 34.0 34.0 35.0 34.0 35.0 35.0 34.0 32.0 35.0 35.0 35.0 34.0 34.0 35.0 35.0 22.0 34.0 24.0 34.0 26.0 25.0 34.0 34.0 34.0 35.0 34.0
2 3 1 TRACE 148.0 1884.0 24.0 23.0 24.0 27.0 24.0 23.0 24.0 24.0 23.0 24.0 24.0 42.0 24.0 24.0 23.0 24.0 23.0 25.0 24.0 24.0 27.0 23.0 23.0 23.0 23.0 25.0 24.0 24.0 25.0 25.0 24.0 24.0 24.0 23.0 40.0 56.0 24.0 24.0 23.0 26.0 24.0 24.0 24.0 24.0 23.0 25.0 23.0 24.0 63.0 24.0 25.0 25.0 24.0 107.0 53.0 27.0 26.0 63.0 25.0 24.0 24.0 24.0
3 4 1 TRACE 38.0 23.0 60.0 19.0 23.0 24.0 19.0 18.0 45.0 19.0 18.0 19.0 19.0 19.0 19.0 18.0 19.0 18.0 19.0 19.0 19.0 19.0 20.0 18.0 19.0 18.0 18.0 19.0 19.0 24.0 23.0 20.0 19.0 19.0 19.0 18.0 19.0 61.0 18.0 20.0 19.0 19.0 19.0 18.0 19.0 20.0 18.0 18.0 19.0 20.0 20.0 18.0 19.0 19.0 18.0 33.0 44.0 27.0 19.0 54.0 59.0 19.0 18.0 18.0
4 5 1 TRACE 20.0 15.0 15.0 14.0 14.0 14.0 14.0 13.0 14.0 18.0 14.0 14.0 14.0 14.0 14.0 24.0 14.0 13.0 14.0 15.0 14.0 13.0 13.0 13.0 14.0 14.0 13.0 13.0 29.0 15.0 14.0 14.0 14.0 13.0 14.0 13.0 14.0 15.0 14.0 14.0 13.0 14.0 14.0 14.0 14.0 15.0 18.0 14.0 13.0 14.0 14.0 14.0 14.0 14.0 13.0 15.0 39.0 15.0 14.0 13.0 43.0 13.0 13.0 14.0
5 6 1 TRACE 36.0 17.0 16.0 16.0 17.0 16.0 16.0 14.0 14.0 25.0 12.0 13.0 13.0 14.0 14.0 17.0 13.0 14.0 14.0 12.0 14.0 14.0 13.0 14.0 13.0 15.0 15.0 14.0 26.0 47.0 49.0 13.0 14.0 13.0 15.0 15.0 15.0 48.0 14.0 14.0 15.0 14.0 16.0 15.0 15.0 13.0 11.0 15.0 15.0 16.0 15.0 15.0 15.0 14.0 15.0 30.0 13.0 12.0 10.0 13.0 11.0 11.0 12.0 11.0
6 7 1 TRACE 17.0 12.0 13.0 13.0 14.0 13.0 13.0 15.0 14.0 9.0 14.0 13.0 14.0 14.0 13.0 11.0 12.0 21.0 21.0 12.0 13.0 24.0 14.0 13.0 12.0 12.0 13.0 13.0 9.0 11.0 11.0 15.0 14.0 13.0 14.0 11.0 12.0 13.0 13.0 11.0 11.0 11.0 13.0 12.0 13.0 12.0 9.0 12.0 12.0 14.0 14.0 14.0 13.0 15.0 14.0 9.0 15.0 14.0 12.0 13.0 9.0 12.0 12.0 11.0
7 8 1 TRACE 17.0 12.0 13.0 13.0 14.0 13.0 13.0 13.0 14.0 9.0 13.0 13.0 13.0 14.0 12.0 12.0 12.0 9.0 19.0 12.0 13.0 16.0 13.0 13.0 13.0 13.0 13.0 13.0 9.0 11.0 11.0 14.0 14.0 14.0 14.0 13.0 12.0 11.0 13.0 13.0 12.0 11.0 14.0 13.0 13.0 13.0 8.0 13.0 12.0 15.0 14.0 14.0 14.0 13.0 14.0 22.0 37.0 14.0 8.0 13.0 8.0 13.0 13.0 13.0
8 9 1 TRACE 16.0 12.0 13.0 13.0 13.0 13.0 13.0 14.0 14.0 8.0 13.0 13.0 13.0 13.0 13.0 13.0 13.0 9.0 8.0 12.0 12.0 13.0 13.0 13.0 14.0 55.0 14.0 13.0 9.0 11.0 11.0 14.0 14.0 14.0 13.0 13.0 12.0 21.0 14.0 13.0 13.0 13.0 13.0 13.0 12.0 21.0 8.0 12.0 12.0 12.0 14.0 15.0 14.0 13.0 14.0 20.0 9.0 14.0 25.0 13.0 8.0 12.0 13.0 13.0
9 10 1 TRACE 86.0 23.0 24.0 36.0 24.0 24.0 22.0 25.0 27.0 25.0 26.0 25.0 26.0 24.0 23.0 29.0 23.0 23.0 23.0 23.0 23.0 23.0 23.0 22.0 23.0 28.0 56.0 23.0 24.0 37.0 22.0 23.0 23.0 24.0 25.0 34.0 24.0 23.0 23.0 23.0 24.0 29.0 23.0 23.0 22.0 35.0 35.0 24.0 23.0 26.0 34.0 23.0 24.0 23.0 23.0 123.0 50.0 31.0 26.0 100.0 51.0 22.0 22.0 23.0
10 11 1 TRACE 24.0 17.0 26.0 16.0 16.0 16.0 16.0 16.0 16.0 16.0 16.0 15.0 15.0 24.0 16.0 15.0 25.0 28.0 16.0 15.0 17.0 16.0 17.0 16.0 15.0 16.0 58.0 16.0 16.0 25.0 25.0 16.0 16.0 16.0 16.0 36.0 15.0 15.0 15.0 17.0 16.0 15.0 16.0 17.0 16.0 16.0 25.0 16.0 16.0 16.0 15.0 16.0 16.0 15.0 16.0 32.0 17.0 17.0 16.0 17.0 25.0 16.0 16.0 16.0
11 12 1 TRACE 28.0 15.0 25.0 28.0 17.0 26.0 15.0 16.0 22.0 16.0 16.0 16.0 15.0 15.0 15.0 15.0 21.0 27.0 15.0 15.0 15.0 22.0 16.0 16.0 15.0 27.0 17.0 15.0 28.0 15.0 15.0 15.0 16.0 17.0 15.0 27.0 15.0 15.0 16.0 16.0 15.0 38.0 16.0 15.0 15.0 26.0 15.0 15.0 15.0 15.0 25.0 15.0 16.0 16.0 15.0 17.0 38.0 16.0 24.0 15.0 15.0 15.0 15.0 15.0
12 13 1 TRACE 19.0 17.0 15.0 15.0 26.0 15.0 26.0 29.0 26.0 26.0 16.0 17.0 26.0 15.0 21.0 26.0 14.0 26.0 17.0 23.0 21.0 16.0 26.0 22.0 18.0 30.0 14.0 26.0 16.0 15.0 19.0 17.0 18.0 27.0 26.0 24.0 27.0 17.0 25.0 22.0 25.0 28.0 22.0 22.0 22.0 26.0 21.0 22.0 23.0 26.0 14.0 26.0 27.0 16.0 26.0 33.0 46.0 19.0 17.0 18.0 18.0 29.0 27.0 27.0
13 14 1 TRACE 20.0 9.0 9.0 19.0 9.0 19.0 9.0 8.0 8.0 9.0 19.0 20.0 9.0 19.0 9.0 19.0 9.0 9.0 19.0 9.0 8.0 19.0 8.0 9.0 9.0 8.0 8.0 9.0 9.0 8.0 8.0 20.0 22.0 9.0 8.0 10.0 20.0 9.0 9.0 9.0 9.0 8.0 9.0 9.0 9.0 19.0 8.0 9.0 8.0 8.0 8.0 9.0 9.0 20.0 9.0 10.0 21.0 10.0 9.0 8.0 8.0 9.0 9.0 9.0
14 15 1 TRACE 21.0 13.0 13.0 12.0 23.0 12.0 23.0 12.0 12.0 24.0 23.0 23.0 24.0 12.0 24.0 13.0 13.0 13.0 25.0 23.0 23.0 12.0 23.0 23.0 13.0 13.0 12.0 40.0 25.0 13.0 12.0 23.0 23.0 13.0 23.0 24.0 13.0 13.0 23.0 23.0 23.0 12.0 23.0 23.0 13.0 13.0 13.0 13.0 23.0 23.0 12.0 24.0 23.0 23.0 23.0 15.0 26.0 13.0 13.0 13.0 13.0 23.0 13.0 13.0
15 16 1 TRACE 13.0 8.0 7.0 11.0 11.0 8.0 8.0 8.0 7.0 19.0 8.0 8.0 8.0 8.0 8.0 7.0 8.0 9.0 8.0 7.0 8.0 8.0 8.0 7.0 8.0 8.0 8.0 9.0 8.0 7.0 8.0 8.0 8.0 8.0 8.0 9.0 19.0 7.0 8.0 8.0 8.0 8.0 8.0 7.0 19.0 7.0 7.0 8.0 8.0 8.0 8.0 8.0 8.0 8.0 8.0 10.0 20.0 9.0 9.0 8.0 8.0 8.0 8.0 8.0
16 17 1 TRACE 61.0 28.0 29.0 24.0 25.0 24.0 24.0 25.0 39.0 22.0 21.0 22.0 25.0 26.0 69.0 24.0 28.0 25.0 25.0 26.0 22.0 25.0 25.0 21.0 21.0 30.0 28.0 33.0 24.0 28.0 28.0 27.0 26.0 25.0 25.0 25.0 31.0 30.0 22.0 23.0 22.0 26.0 22.0 21.0 22.0 25.0 25.0 21.0 21.0 25.0 28.0 24.0 25.0 25.0 25.0 48.0 35.0 30.0 29.0 28.0 28.0 21.0 21.0 22.0
17 18 1 TRACE 21.0 16.0 16.0 15.0 15.0 17.0 16.0 16.0 23.0 16.0 16.0 16.0 16.0 16.0 17.0 16.0 17.0 16.0 17.0 16.0 17.0 16.0 17.0 16.0 18.0 19.0 16.0 16.0 16.0 17.0 16.0 19.0 17.0 16.0 17.0 15.0 16.0 17.0 17.0 16.0 16.0 16.0 17.0 16.0 17.0 17.0 16.0 17.0 17.0 16.0 16.0 17.0 16.0 17.0 17.0 20.0 17.0 17.0 16.0 16.0 16.0 16.0 16.0 16.0
18 19 1 TRACE 19.0 14.0 15.0 16.0 15.0 15.0 15.0 14.0 17.0 24.0 15.0 50.0 14.0 14.0 15.0 25.0 15.0 15.0 14.0 14.0 15.0 15.0 15.0 14.0 14.0 15.0 14.0 15.0 37.0 15.0 16.0 15.0 14.0 14.0 15.0 16.0 14.0 14.0 15.0 15.0 16.0 14.0 14.0 15.0 15.0 20.0 16.0 14.0 15.0 14.0 14.0 16.0 15.0 14.0 15.0 23.0 25.0 16.0 15.0 14.0 15.0 15.0 14.0 15.0
19 20 1 TRACE 22.0 17.0 25.0 17.0 19.0 16.0 18.0 19.0 16.0 15.0 18.0 14.0 18.0 18.0 16.0 39.0 18.0 25.0 19.0 18.0 19.0 17.0 18.0 17.0 17.0 17.0 19.0 17.0 15.0 18.0 17.0 18.0 17.0 17.0 17.0 17.0 18.0 19.0 17.0 18.0 17.0 18.0 17.0 17.0 18.0 17.0 17.0 19.0 18.0 17.0 18.0 17.0 18.0 18.0 20.0 44.0 17.0 19.0 19.0 30.0 18.0 17.0 18.0 17.0
20 21 1 TRACE 18.0 14.0 18.0 14.0 14.0 13.0 13.0 13.0 13.0 13.0 13.0 13.0 13.0 13.0 13.0 14.0 13.0 13.0 15.0 13.0 13.0 13.0 13.0 13.0 13.0 13.0 13.0 13.0 13.0 13.0 14.0 13.0 13.0 13.0 13.0 14.0 14.0 13.0 12.0 13.0 13.0 14.0 13.0 13.0 12.0 13.0 12.0 13.0 13.0 13.0 12.0 33.0 14.0 13.0 14.0 16.0 25.0 14.0 14.0 14.0 12.0 12.0 13.0 13.0
21 22 1 TRACE 25.0 10.0 10.0 10.0 11.0 10.0 10.0 10.0 11.0 11.0 11.0 11.0 10.0 10.0 11.0 11.0 11.0 10.0 10.0 10.0 10.0 10.0 10.0 10.0 10.0 11.0 10.0 11.0 11.0 10.0 10.0 10.0 10.0 10.0 10.0 11.0 11.0 10.0 10.0 10.0 10.0 10.0 10.0 10.0 10.0 11.0 10.0 10.0 11.0 10.0 10.0 10.0 10.0 11.0 11.0 13.0 13.0 12.0 11.0 11.0 10.0 10.0 10.0 11.0
22 23 1 TRACE 55.0 35.0 33.0 56.0 37.0 39.0 39.0 36.0 39.0 37.0 40.0 37.0 60.0 33.0 37.0 93.0 34.0 33.0 80.0 39.0 39.0 39.0 39.0 36.0 37.0 38.0 39.0 37.0 39.0 39.0 40.0 33.0 34.0 37.0 35.0 37.0 35.0 33.0 40.0 41.0 36.0 41.0 35.0 40.0 43.0 40.0 40.0 34.0 43.0 38.0 40.0 71.0 75.0 39.0 38.0 88.0 42.0 33.0 41.0 29.0 34.0 33.0 31.0 38.0
23 24 1 TRACE 37.0 23.0 23.0 22.0 22.0 22.0 22.0 22.0 23.0 23.0 23.0 22.0 22.0 22.0 22.0 23.0 22.0 24.0 22.0 24.0 27.0 22.0 23.0 22.0 22.0 22.0 24.0 24.0 23.0 22.0 23.0 56.0 56.0 23.0 24.0 31.0 22.0 23.0 22.0 23.0 23.0 24.0 22.0 22.0 33.0 23.0 21.0 56.0 24.0 26.0 22.0 58.0 57.0 23.0 22.0 33.0 24.0 24.0 25.0 59.0 30.0 22.0 22.0 23.0
24 25 1 TRACE 52.0 22.0 32.0 63.0 20.0 21.0 22.0 21.0 21.0 21.0 21.0 21.0 20.0 21.0 21.0 22.0 21.0 20.0 20.0 22.0 21.0 21.0 21.0 21.0 21.0 21.0 22.0 21.0 22.0 21.0 21.0 22.0 20.0 21.0 21.0 21.0 21.0 21.0 65.0 21.0 20.0 22.0 21.0 20.0 20.0 21.0 20.0 21.0 21.0 19.0 22.0 21.0 23.0 21.0 21.0 35.0 46.0 23.0 22.0 23.0 19.0 61.0 20.0 19.0
25 26 1 TRACE 22.0 9.0 9.0 9.0 9.0 9.0 9.0 9.0 9.0 9.0 9.0 9.0 9.0 9.0 9.0 10.0 9.0 9.0 9.0 9.0 9.0 9.0 9.0 9.0 9.0 9.0 9.0 9.0 9.0 9.0 9.0 9.0 9.0 9.0 9.0 8.0 9.0 9.0 9.0 9.0 10.0 9.0 9.0 9.0 9.0 9.0 9.0 9.0 9.0 9.0 10.0 8.0 9.0 9.0 9.0 9.0 9.0 9.0 9.0 10.0 9.0 9.0 9.0 10.0 9.0 9.0 9.0 8.0 10.0 9.0 9.0 9.0 9.0 9.0 9.0 9.0 9.0 9.0 9.0 9.0 9.0 9.0 9.0 9.0 9.0 9.0 9.0 10.0 9.0 9.0 9.0 9.0 9.0 10.0 9.0 9.0 9.0 9.0 10.0 9.0 9.0 9.0 9.0 10.0 9.0 9.0 9.0 9.0 9.0 9.0 9.0 10.0 9.0 9.0 9.0 9.0 9.0 9.0 9.0 9.0 9.0 9.0 10.0 9.0 10.0 9.0 9.0 9.0 9.0 9.0 9.0 9.0 9.0 9.0 9.0 9.0 9.0 9.0 8.0 9.0 9.0 9.0 9.0 9.0 9.0 9.0 9.0 9.0 9.0 9.0 9.0 9.0 9.0 9.0 10.0 9.0 9.0 9.0 9.0 9.0 9.0 9.0 9.0 10.0 8.0 9.0 9.0 9.0 10.0 9.0 10.0 9.0 9.0 24.0 9.0 9.0 9.0 9.0 10.0 14.0 11.0 11.0 10.0 10.0 11.0 10.0 10.0 9.0 9.0 9.0 9.0 9.0 9.0 10.0 9.0 9.0 9.0 9.0 9.0 9.0 9.0 10.0 9.0 10.0 9.0 9.0 9.0
26 27 1 TRACE 10.0 7.0 8.0 7.0 7.0 8.0 8.0 7.0 7.0 7.0 7.0 8.0 7.0 7.0 8.0 7.0 7.0 7.0 7.0 7.0 7.0 8.0 8.0 7.0 7.0 7.0 7.0 8.0 8.0 7.0 8.0 7.0 8.0 7.0 7.0 7.0 8.0 8.0 7.0 7.0 7.0 7.0 7.0 7.0 8.0 7.0 7.0 8.0 7.0 7.0 8.0 7.0 7.0 8.0 7.0 7.0 7.0 7.0 7.0 8.0 8.0 7.0 8.0 7.0 8.0 8.0 7.0 7.0 7.0 7.0 7.0 7.0 7.0 7.0 8.0 7.0 7.0 7.0 7.0 7.0 7.0 7.0 8.0 8.0 12.0 7.0 7.0 7.0 7.0 8.0 7.0 7.0 8.0 7.0 8.0 7.0 7.0 7.0 8.0 7.0 7.0 8.0 7.0 8.0 8.0 7.0 7.0 8.0 8.0 7.0 8.0 8.0 7.0 8.0 7.0 8.0 7.0 7.0 8.0 7.0 7.0 8.0 7.0 7.0 8.0 7.0 8.0 8.0 8.0 7.0 7.0 7.0 8.0 8.0 8.0 7.0 7.0 8.0 7.0 7.0 7.0 7.0 8.0 8.0 7.0 7.0 8.0 7.0 7.0 7.0 8.0 7.0 8.0 7.0 8.0 7.0 7.0 7.0 7.0 7.0 7.0 7.0 8.0 7.0 7.0 7.0 8.0 8.0 8.0 8.0 8.0 7.0 8.0 7.0 8.0 8.0 8.0 7.0 8.0 9.0 9.0 9.0 8.0 9.0 9.0 8.0 8.0 8.0 8.0 7.0 7.0 8.0 7.0 8.0 8.0 7.0 7.0 7.0 7.0 7.0 7.0 8.0 8.0 8.0 7.0 8.0 7.0
27 28 1 TRACE 11.0 7.0 7.0 8.0 8.0 7.0 7.0 7.0 8.0 7.0 7.0 7.0 8.0 8.0 7.0 7.0 7.0 7.0 7.0 7.0 7.0 7.0 7.0 8.0 8.0 7.0 7.0 8.0 7.0 7.0 7.0 7.0 7.0 7.0 8.0 12.0 7.0 7.0 8.0 7.0 7.0 7.0 7.0 8.0 7.0 7.0 8.0 7.0 8.0 7.0 8.0 8.0 8.0 7.0 7.0 7.0 7.0 7.0 7.0 7.0 7.0 7.0 7.0 7.0 7.0 7.0 8.0 8.0 7.0 7.0 8.0 7.0 8.0 7.0 7.0 7.0 8.0 7.0 8.0 7.0 8.0 8.0 7.0 8.0 8.0 8.0 7.0 8.0 8.0 8.0 7.0 8.0 8.0 7.0 7.0 8.0 8.0 8.0 9.0 8.0 7.0 7.0 7.0 7.0 7.0 8.0 7.0 7.0 7.0 8.0 7.0 7.0 7.0 7.0 7.0 7.0 8.0 7.0 7.0 7.0 8.0 7.0 7.0 7.0 8.0 7.0 7.0 7.0 7.0 7.0 8.0 7.0 7.0 7.0 7.0 8.0 7.0 7.0 8.0 7.0 7.0 7.0 8.0 7.0 8.0 7.0 7.0 8.0 8.0 7.0 7.0 7.0 7.0 7.0 8.0 8.0 8.0 7.0 7.0 7.0 7.0 7.0 7.0 7.0 8.0 8.0 7.0 7.0 8.0 7.0 8.0 7.0 7.0 8.0 7.0 7.0 7.0 8.0 8.0 20.0 9.0 9.0 8.0 9.0 9.0 8.0 8.0 8.0 8.0 7.0 8.0 7.0 7.0 7.0 7.0 7.0 7.0 8.0 8.0 8.0 8.0 7.0 7.0 7.0 8.0 7.0 7.0
28 29 1 TRACE 12.0 8.0 8.0 8.0 8.0 8.0 8.0 8.0 8.0 8.0 8.0 9.0 8.0 8.0 9.0 9.0 8.0 8.0 9.0 8.0 8.0 9.0 8.0 8.0 8.0 8.0 8.0 9.0 9.0 8.0 7.0 8.0 8.0 8.0 8.0 20.0 8.0 9.0 8.0 8.0 8.0 8.0 8.0 8.0 8.0 8.0 8.0 8.0 8.0 8.0 9.0 8.0 8.0 8.0 9.0 8.0 8.0 8.0 8.0 9.0 8.0 8.0 9.0 8.0 9.0 9.0 8.0 8.0 8.0 8.0 8.0 8.0 8.0 8.0 8.0 8.0 8.0 8.0 8.0 8.0 8.0 8.0 8.0 8.0 9.0 8.0 8.0 18.0 8.0 9.0 8.0 8.0 8.0 8.0 8.0 8.0 8.0 8.0 9.0 8.0 8.0 8.0 8.0 8.0 9.0 8.0 8.0 9.0 8.0 8.0 8.0 9.0 9.0 9.0 8.0 9.0 8.0 8.0 9.0 8.0 8.0 9.0 8.0 8.0 9.0 8.0 8.0 8.0 9.0 8.0 8.0 8.0 9.0 8.0 8.0 8.0 8.0 9.0 8.0 8.0 8.0 8.0 9.0 9.0 8.0 8.0 9.0 8.0 8.0 8.0 9.0 8.0 9.0 8.0 9.0 8.0 8.0 8.0 8.0 8.0 8.0 8.0 9.0 9.0 8.0 8.0 8.0 9.0 9.0 9.0 8.0 8.0 8.0 8.0 9.0 9.0 9.0 8.0 9.0 11.0 10.0 10.0 9.0 9.0 10.0 9.0 9.0 9.0 8.0 9.0 8.0 8.0 8.0 9.0 8.0 8.0 8.0 8.0 8.0 8.0 8.0 9.0 9.0 9.0 8.0 9.0 8.0
29 30 1 TRACE 36.0 27.0 29.0 30.0 26.0 27.0 27.0 27.0 29.0 36.0 28.0 29.0 27.0 31.0 27.0 105.0 28.0 35.0 27.0 27.0 27.0 27.0 40.0 27.0 25.0 28.0 27.0 24.0 27.0 28.0 30.0 28.0 28.0 27.0 27.0 89.0 32.0 28.0 26.0 107.0 27.0 27.0 26.0 28.0 25.0 28.0 27.0 27.0 27.0 27.0 22.0 27.0 27.0 27.0 27.0 26.0 27.0 36.0 25.0 27.0 27.0 28.0 28.0 30.0 28.0 28.0 28.0 29.0 27.0 28.0 27.0 31.0 27.0 27.0 28.0 27.0 32.0 26.0 28.0 26.0 27.0 27.0 29.0 24.0 14.0 26.0 28.0 14.0 28.0 28.0 29.0 32.0 27.0 28.0 28.0 29.0 29.0 27.0 24.0 39.0 28.0 29.0 29.0 30.0 29.0 28.0 27.0 29.0 28.0 27.0 27.0 26.0 26.0 26.0 28.0 27.0 30.0 35.0 26.0 26.0 27.0 28.0 60.0 37.0 24.0 27.0 109.0 41.0 27.0 26.0 103.0 62.0 27.0 27.0 28.0 57.0 26.0 26.0 32.0 27.0 27.0 29.0 25.0 28.0 27.0 27.0 27.0 27.0 27.0 34.0 28.0 110.0 66.0 32.0 24.0 97.0 56.0 26.0 27.0 67.0 27.0 28.0 27.0 29.0 27.0 28.0 27.0 29.0 25.0 63.0 23.0 27.0 27.0 51.0 27.0 38.0 28.0 63.0 67.0 73.0 65.0 64.0 44.0 39.0 27.0 32.0 32.0 15.0 27.0 25.0 25.0 43.0 29.0 29.0 37.0 47.0 101.0 25.0 27.0 27.0 69.0 26.0 28.0 27.0 64.0 28.0 27.0
30 31 1 TRACE 22.0 8.0 14.0 12.0 13.0 12.0 14.0 13.0 8.0 16.0 13.0 13.0 12.0 14.0 13.0 14.0 13.0 14.0 8.0 13.0 8.0 13.0 24.0 14.0 13.0 14.0 8.0 14.0 13.0 14.0 13.0 13.0 13.0 14.0 13.0 13.0 13.0 8.0 13.0 14.0 8.0 14.0 13.0 14.0 8.0 13.0 8.0 8.0 13.0 9.0 13.0 13.0 8.0 13.0 13.0 12.0 8.0 13.0 13.0 8.0 13.0 13.0 8.0 14.0 13.0 8.0 14.0 13.0 8.0 14.0 12.0 8.0 13.0 13.0 14.0 14.0 13.0 13.0 8.0 13.0 14.0 13.0 13.0 12.0 14.0 13.0 13.0 13.0 13.0 13.0 8.0 15.0 13.0 8.0 13.0 14.0 13.0 15.0 14.0 8.0 8.0 14.0 13.0 14.0 14.0 13.0 8.0 14.0 13.0 14.0 13.0 14.0 13.0 15.0 13.0 13.0 13.0 8.0 13.0 9.0 13.0 13.0 9.0 14.0 14.0 13.0 9.0 14.0 13.0 13.0 8.0 14.0 14.0 14.0 13.0 14.0 14.0 13.0 15.0 14.0 8.0 13.0 9.0 7.0 14.0 13.0 8.0 13.0 14.0 9.0 14.0 14.0 8.0 8.0 13.0 49.0 8.0 13.0 12.0 14.0 13.0 13.0 14.0 14.0 13.0 8.0 8.0 14.0 13.0 9.0 8.0 12.0 13.0 13.0 14.0 9.0 14.0 16.0 9.0 16.0 11.0 15.0 15.0 9.0 15.0 13.0 14.0 14.0 34.0 9.0 8.0 12.0 13.0 8.0 8.0 13.0 8.0 13.0 13.0 13.0 8.0 14.0 13.0 8.0 7.0 13.0 13.0
31 32 1 TRACE 15.0 10.0 10.0 11.0 11.0 11.0 10.0 10.0 10.0 10.0 10.0 10.0 11.0 10.0 10.0 10.0 11.0 10.0 10.0 10.0 10.0 10.0 11.0 11.0 10.0 10.0 10.0 11.0 11.0 10.0 11.0 10.0 10.0 11.0 10.0 11.0 11.0 10.0 11.0 10.0 10.0 10.0 11.0 11.0 10.0 10.0 10.0 10.0 10.0 11.0 11.0 10.0 10.0 10.0 10.0 11.0 10.0 10.0 10.0 10.0 10.0 10.0 10.0 10.0 10.0 10.0 10.0 10.0 10.0 10.0 10.0 10.0 10.0 10.0 10.0 10.0 10.0 11.0 10.0 10.0 10.0 10.0 11.0 11.0 11.0 10.0 11.0 10.0 10.0 10.0 11.0 10.0 11.0 10.0 10.0 10.0 10.0 11.0 11.0 10.0 10.0 11.0 10.0 11.0 10.0 10.0 10.0 10.0 10.0 10.0 10.0 10.0 11.0 10.0 11.0 11.0 10.0 10.0 10.0 10.0 11.0 10.0 10.0 11.0 11.0 10.0 10.0 10.0 10.0 10.0 11.0 11.0 10.0 10.0 10.0 11.0 11.0 10.0 10.0 10.0 10.0 12.0 10.0 10.0 10.0 11.0 10.0 10.0 10.0 10.0 10.0 11.0 10.0 10.0 11.0 10.0 10.0 10.0 10.0 11.0 10.0 10.0 11.0 11.0 11.0 10.0 10.0 10.0 11.0 10.0 11.0 11.0 10.0 11.0 10.0 10.0 10.0 10.0 10.0 11.0 22.0 12.0 12.0 11.0 12.0 11.0 11.0 11.0 11.0 10.0 10.0 11.0 11.0 10.0 10.0 10.0 10.0 11.0 10.0 11.0 11.0 11.0 11.0 10.0 10.0 10.0 10.0
32 33 1 TRACE 18.0 14.0 14.0 14.0 14.0 15.0 15.0 15.0 13.0 17.0 15.0 16.0 14.0 14.0 14.0 15.0 13.0 14.0 18.0 52.0 13.0 14.0 15.0 14.0 14.0 14.0 13.0 15.0 15.0 14.0 24.0 14.0 14.0 14.0 14.0 16.0 15.0 25.0 15.0 14.0 14.0 15.0 15.0 13.0 14.0 14.0 14.0 13.0 15.0 14.0 15.0 13.0 14.0 15.0 14.0 15.0 14.0 14.0 15.0 15.0 14.0 15.0 14.0 14.0 14.0 14.0 13.0 14.0 13.0 14.0 20.0 14.0 14.0 14.0 14.0 14.0 14.0 21.0 13.0 14.0 15.0 14.0 15.0 15.0 15.0 14.0 15.0 47.0 14.0 14.0 14.0 13.0 14.0 14.0 14.0 14.0 14.0 13.0 15.0 14.0 13.0 14.0 14.0 14.0 14.0 23.0 14.0 14.0 52.0 13.0 14.0 14.0 51.0 14.0 14.0 14.0 14.0 13.0 14.0 14.0 15.0 14.0 14.0 13.0 16.0 13.0 15.0 14.0 14.0 15.0 17.0 15.0 14.0 14.0 53.0 14.0 14.0 14.0 15.0 14.0 13.0 15.0 14.0 14.0 14.0 15.0 14.0 14.0 14.0 14.0 13.0 15.0 14.0 14.0 15.0 18.0 14.0 15.0 15.0 14.0 15.0 15.0 15.0 15.0 16.0 14.0 15.0 15.0 14.0 14.0 15.0 14.0 26.0 14.0 14.0 15.0 14.0 19.0 20.0 40.0 26.0 37.0 16.0 16.0 15.0 16.0 15.0 15.0 15.0 15.0 14.0 14.0 15.0 15.0 13.0 15.0 15.0 14.0 14.0 15.0 61.0 14.0 15.0 14.0 47.0 15.0 15.0
33 34 1 TRACE 106.0 101.0 83.0 55.0 70.0 99.0 73.0 73.0 76.0 449.0 68.0 41.0 85.0 69.0 55.0 37.0 193.0 72.0 40.0 56.0 79.0 271.0 75.0 61.0 141.0 93.0 72.0 89.0 57.0 67.0 61.0 395.0 71.0 40.0 82.0 72.0 55.0 60.0 347.0 69.0 73.0 569.0 70.0 48.0 106.0 75.0 64.0 88.0 67.0 59.0 150.0 74.0 56.0 89.0 74.0 59.0 69.0 148.0 74.0 76.0 98.0 86.0 46.0 79.0 57.0 90.0 270.0 86.0 90.0 130.0 69.0 82.0 98.0 73.0 55.0 40.0 245.0 69.0 68.0 57.0 42.0 99.0 81.0 60.0 60.0 129.0 71.0 54.0 228.0 77.0 75.0 183.0 82.0 77.0 79.0 86.0 55.0 42.0 102.0 77.0 48.0 242.0 83.0 46.0 481.0 68.0 48.0 99.0 115.0 55.0 64.0 404.0 79.0 36.0 211.0 70.0 48.0 72.0 58.0 81.0 214.0 72.0 81.0 76.0 83.0 55.0 75.0 105.0 73.0 56.0 55.0 77.0 56.0 58.0 134.0 80.0 65.0 68.0 78.0 67.0 80.0 81.0 60.0 130.0 72.0 60.0 58.0 105.0 81.0 54.0 221.0 83.0 64.0 132.0 74.0 55.0 63.0 68.0 87.0 39.0 89.0 74.0 60.0 103.0 78.0 79.0 107.0 77.0 60.0 74.0 134.0 72.0 61.0 109.0 77.0 53.0 276.0 134.0 65.0 108.0 30.0 215.0 73.0 51.0 203.0 74.0 48.0 102.0 62.0 75.0 54.0 251.0 85.0 74.0 154.0 70.0 40.0 119.0 72.0 50.0 55.0 157.0 74.0 67.0 86.0 76.0 40.0
34 35 1 TRACE 25.0 706.0 75.0 15.0 35.0 38.0 40.0 22.0 37.0 103.0 39.0 34.0 39.0 37.0 19.0 34.0 40.0 38.0 41.0 15.0 39.0 67.0 37.0 35.0 42.0 38.0 36.0 43.0 30.0 34.0 33.0 54.0 38.0 30.0 68.0 48.0 15.0 38.0 49.0 72.0 36.0 49.0 37.0 16.0 38.0 82.0 16.0 36.0 33.0 31.0 39.0 38.0 42.0 38.0 37.0 16.0 38.0 37.0 38.0 38.0 36.0 39.0 35.0 38.0 29.0 41.0 42.0 38.0 41.0 40.0 38.0 38.0 38.0 37.0 16.0 34.0 135.0 37.0 37.0 29.0 35.0 52.0 52.0 15.0 35.0 107.0 39.0 36.0 41.0 38.0 36.0 84.0 39.0 39.0 39.0 50.0 15.0 35.0 33.0 18.0 40.0 222.0 83.0 35.0 104.0 37.0 36.0 45.0 39.0 15.0 35.0 46.0 38.0 34.0 86.0 38.0 16.0 37.0 29.0 36.0 42.0 38.0 38.0 66.0 40.0 15.0 32.0 40.0 39.0 15.0 46.0 42.0 29.0 35.0 40.0 38.0 29.0 38.0 44.0 15.0 147.0 32.0 16.0 43.0 38.0 16.0 29.0 47.0 41.0 37.0 41.0 39.0 33.0 89.0 59.0 16.0 35.0 78.0 16.0 30.0 56.0 37.0 34.0 38.0 39.0 19.0 40.0 38.0 15.0 19.0 41.0 38.0 35.0 63.0 38.0 35.0 42.0 61.0 47.0 63.0 59.0 52.0 43.0 39.0 49.0 81.0 55.0 39.0 38.0 19.0 36.0 43.0 37.0 18.0 41.0 38.0 38.0 60.0 37.0 16.0 35.0 95.0 38.0 16.0 40.0 39.0 28.0
35 36 1 TRACE 20.0 41.0 35.0 15.0 31.0 88.0 33.0 14.0 34.0 159.0 34.0 31.0 43.0 34.0 14.0 30.0 40.0 35.0 46.0 14.0 35.0 47.0 31.0 31.0 53.0 66.0 54.0 35.0 28.0 30.0 33.0 97.0 54.0 28.0 111.0 73.0 15.0 31.0 47.0 59.0 32.0 59.0 33.0 14.0 36.0 35.0 15.0 36.0 31.0 55.0 37.0 35.0 29.0 34.0 35.0 14.0 34.0 125.0 35.0 35.0 35.0 35.0 36.0 81.0 28.0 35.0 44.0 35.0 36.0 40.0 34.0 35.0 37.0 69.0 15.0 30.0 150.0 35.0 33.0 27.0 30.0 36.0 47.0 14.0 31.0 51.0 34.0 31.0 43.0 35.0 34.0 52.0 36.0 34.0 39.0 48.0 15.0 31.0 32.0 16.0 32.0 44.0 43.0 32.0 78.0 32.0 32.0 148.0 35.0 14.0 38.0 52.0 35.0 30.0 42.0 35.0 14.0 33.0 27.0 34.0 45.0 34.0 33.0 66.0 33.0 14.0 29.0 36.0 35.0 14.0 38.0 34.0 27.0 33.0 37.0 35.0 27.0 35.0 35.0 15.0 34.0 27.0 22.0 37.0 36.0 13.0 27.0 35.0 35.0 34.0 42.0 35.0 31.0 179.0 92.0 15.0 33.0 69.0 15.0 28.0 43.0 35.0 31.0 37.0 52.0 15.0 38.0 48.0 14.0 16.0 39.0 37.0 31.0 53.0 38.0 43.0 42.0 75.0 68.0 45.0 63.0 41.0 36.0 63.0 40.0 51.0 31.0 35.0 44.0 14.0 34.0 46.0 34.0 15.0 39.0 34.0 34.0 37.0 35.0 16.0 31.0 88.0 34.0 14.0 38.0 35.0 26.0
36 37 1 TRACE 766.0 44.0 39.0 67.0 40.0 52.0 30.0 37.0 72.0 278.0 35.0 48.0 49.0 48.0 67.0 36.0 109.0 39.0 69.0 74.0 60.0 224.0 40.0 37.0 78.0 28.0 23.0 43.0 40.0 25.0 39.0 203.0 24.0 25.0 41.0 32.0 69.0 32.0 209.0 28.0 46.0 326.0 32.0 64.0 42.0 46.0 57.0 44.0 40.0 26.0 60.0 28.0 25.0 54.0 39.0 59.0 27.0 58.0 39.0 41.0 65.0 28.0 27.0 32.0 43.0 29.0 225.0 37.0 30.0 76.0 38.0 32.0 52.0 65.0 78.0 32.0 113.0 36.0 30.0 37.0 30.0 54.0 29.0 71.0 26.0 56.0 38.0 72.0 137.0 33.0 31.0 116.0 32.0 27.0 38.0 32.0 71.0 35.0 26.0 60.0 28.0 159.0 28.0 37.0 258.0 34.0 26.0 84.0 29.0 95.0 30.0 287.0 31.0 30.0 97.0 34.0 72.0 34.0 42.0 28.0 110.0 39.0 44.0 42.0 38.0 77.0 60.0 83.0 39.0 67.0 44.0 41.0 42.0 34.0 96.0 36.0 35.0 40.0 31.0 77.0 30.0 44.0 63.0 57.0 38.0 64.0 35.0 51.0 33.0 28.0 164.0 29.0 31.0 43.0 29.0 100.0 25.0 32.0 74.0 40.0 51.0 40.0 43.0 70.0 31.0 66.0 54.0 28.0 66.0 50.0 71.0 38.0 25.0 55.0 29.0 27.0 158.0 73.0 104.0 34.0 32.0 132.0 39.0 28.0 116.0 53.0 26.0 74.0 27.0 67.0 28.0 201.0 27.0 71.0 60.0 39.0 30.0 53.0 47.0 63.0 26.0 87.0 27.0 59.0 44.0 27.0 25.0
37 38 1 TRACE 33.0 33.0 25.0 23.0 24.0 36.0 25.0 34.0 40.0 83.0 25.0 25.0 32.0 26.0 25.0 26.0 45.0 46.0 29.0 23.0 26.0 66.0 24.0 27.0 35.0 25.0 24.0 29.0 24.0 25.0 26.0 66.0 24.0 25.0 42.0 26.0 24.0 29.0 61.0 27.0 26.0 100.0 24.0 24.0 34.0 25.0 24.0 32.0 24.0 26.0 41.0 24.0 60.0 35.0 25.0 26.0 25.0 48.0 25.0 25.0 37.0 25.0 25.0 29.0 26.0 61.0 60.0 25.0 25.0 42.0 25.0 24.0 34.0 61.0 51.0 24.0 55.0 61.0 27.0 24.0 25.0 34.0 26.0 24.0 32.0 38.0 26.0 27.0 51.0 27.0 26.0 52.0 25.0 25.0 31.0 25.0 23.0 28.0 25.0 27.0 27.0 57.0 24.0 27.0 94.0 24.0 31.0 38.0 40.0 24.0 62.0 77.0 25.0 25.0 80.0 24.0 24.0 29.0 24.0 32.0 52.0 33.0 24.0 33.0 25.0 24.0 25.0 37.0 23.0 24.0 32.0 31.0 24.0 25.0 43.0 25.0 24.0 30.0 28.0 23.0 27.0 25.0 25.0 40.0 25.0 23.0 24.0 40.0 25.0 27.0 52.0 25.0 28.0 34.0 32.0 26.0 24.0 28.0 26.0 24.0 35.0 30.0 25.0 36.0 25.0 28.0 34.0 25.0 24.0 24.0 77.0 25.0 24.0 37.0 24.0 26.0 96.0 41.0 41.0 56.0 41.0 75.0 26.0 26.0 49.0 38.0 25.0 39.0 31.0 25.0 26.0 59.0 25.0 24.0 42.0 25.0 26.0 37.0 26.0 23.0 64.0 40.0 24.0 24.0 69.0 24.0 24.0
38 39 1 TRACE 26.0 22.0 20.0 24.0 21.0 23.0 22.0 22.0 21.0 23.0 22.0 21.0 22.0 21.0 23.0 21.0 24.0 21.0 22.0 21.0 20.0 22.0 20.0 21.0 23.0 22.0 21.0 22.0 21.0 21.0 21.0 23.0 21.0 21.0 22.0 21.0 22.0 21.0 24.0 21.0 21.0 23.0 20.0 20.0 22.0 28.0 21.0 21.0 23.0 20.0 23.0 20.0 64.0 22.0 22.0 21.0 58.0 23.0 21.0 21.0 23.0 22.0 22.0 22.0 20.0 22.0 24.0 22.0 21.0 23.0 21.0 20.0 23.0 27.0 23.0 20.0 23.0 64.0 21.0 23.0 21.0 22.0 20.0 22.0 20.0 40.0 22.0 21.0 24.0 58.0 21.0 24.0 22.0 21.0 23.0 21.0 23.0 22.0 22.0 21.0 21.0 25.0 23.0 22.0 21.0 20.0 58.0 23.0 21.0 22.0 58.0 24.0 24.0 21.0 25.0 21.0 20.0 22.0 20.0 22.0 23.0 20.0 20.0 21.0 24.0 22.0 29.0 22.0 20.0 20.0 22.0 23.0 22.0 20.0 23.0 20.0 21.0 22.0 21.0 20.0 21.0 27.0 21.0 27.0 21.0 29.0 21.0 24.0 21.0 22.0 23.0 26.0 24.0 23.0 37.0 22.0 20.0 22.0 21.0 20.0 22.0 21.0 27.0 23.0 20.0 21.0 32.0 21.0 22.0 20.0 24.0 22.0 20.0 23.0 21.0 24.0 36.0 40.0 30.0 57.0 46.0 50.0 22.0 22.0 24.0 23.0 39.0 22.0 20.0 29.0 20.0 37.0 22.0 22.0 32.0 22.0 58.0 23.0 24.0 23.0 24.0 23.0 21.0 21.0 24.0 20.0 22.0
39 25 1 TRACE 17.0 16.0 16.0 16.0 17.0 16.0 19.0 17.0 16.0 16.0 16.0 16.0 18.0 16.0 17.0 16.0 16.0 17.0 16.0 16.0 15.0 17.0 57.0 16.0 23.0 17.0 17.0 16.0 19.0 17.0 16.0 16.0 16.0 17.0 16.0 17.0 17.0 17.0 17.0 17.0 17.0 16.0 17.0 16.0 16.0 17.0 16.0 17.0 24.0 16.0 17.0 17.0 16.0 15.0 17.0 16.0 16.0 19.0 18.0 17.0 16.0 16.0 15.0 16.0 16.0 16.0 59.0 17.0 30.0 18.0 16.0 16.0 18.0 16.0 19.0 16.0 15.0 17.0 16.0
39 40 1 TRACE 30.0 23.0 24.0 22.0 23.0 22.0 24.0 23.0 22.0 23.0 22.0 28.0 21.0 22.0 23.0 22.0 24.0 22.0 56.0 23.0 23.0 22.0 23.0 23.0 21.0 23.0 22.0 23.0 23.0 28.0 23.0 23.0 21.0 24.0 23.0 22.0 21.0 23.0 24.0 24.0 23.0 23.0 23.0 21.0 24.0 21.0 24.0 27.0 21.0 23.0 22.0 34.0 22.0 23.0 107.0 32.0 45.0 24.0 23.0 32.0 33.0 24.0 21.0 22.0
39 51 1 TRACE 27.0 23.0 21.0 23.0 23.0 38.0 22.0 23.0 23.0 22.0 24.0 22.0 22.0 23.0 23.0 22.0 24.0 22.0 25.0 23.0 23.0 23.0 23.0 24.0 22.0 23.0 22.0 26.0 23.0 23.0 24.0 30.0 23.0 23.0 23.0 23.0 23.0 45.0 29.0 23.0 23.0 22.0 60.0 25.0 25.0 25.0 21.0 23.0 24.0 22.0 22.0 22.0 22.0 22.0 53.0 35.0 34.0 24.0 21.0 23.0 23.0 22.0 22.0 23.0
40 41 1 TRACE 52.0 43.0 109.0 39.0 61.0 38.0 87.0 49.0 38.0 89.0 42.0 84.0 119.0 41.0 54.0 53.0 42.0 57.0 44.0 36.0 82.0 53.0 42.0 76.0 36.0 56.0 46.0 68.0 67.0 38.0 36.0 76.0 114.0 50.0 102.0 60.0 38.0 69.0 40.0 49.0 37.0 50.0 38.0 37.0 47.0 42.0 74.0 41.0 36.0 42.0 43.0 46.0 51.0 44.0 78.0 63.0 60.0 65.0 45.0 86.0 52.0 43.0 57.0 40.0
41 42 1 TRACE 15.0 11.0 10.0 11.0 10.0 11.0 11.0 10.0 11.0 11.0 12.0 10.0 11.0 10.0 10.0 11.0 10.0 11.0 10.0 12.0 11.0 11.0 11.0 11.0 10.0 11.0 10.0 11.0 10.0 11.0 11.0 10.0 11.0 10.0 11.0 11.0 27.0 11.0 12.0 10.0 10.0 11.0 10.0 10.0 11.0 10.0 10.0 10.0 11.0 10.0 10.0 10.0 10.0 10.0 11.0 10.0 10.0 11.0 10.0 10.0 11.0 10.0 10.0 23.0 11.0 10.0 10.0 11.0 10.0 10.0 11.0 12.0 10.0 11.0 10.0 11.0 10.0 10.0 10.0 10.0 11.0 11.0 10.0 11.0 10.0 10.0 11.0 10.0 10.0 10.0 11.0 11.0 10.0 10.0 10.0 10.0 11.0 10.0 10.0 11.0 11.0 10.0 12.0 10.0 11.0 12.0 10.0 10.0 11.0 11.0 10.0 11.0 11.0 11.0 10.0 11.0 10.0 9.0 11.0 10.0 10.0 11.0 11.0 11.0 11.0 10.0 10.0 10.0 11.0 11.0 11.0 10.0 10.0 10.0 10.0 10.0 11.0 11.0 10.0 10.0 11.0 10.0 10.0 11.0 10.0 10.0 11.0 10.0 10.0 11.0 10.0 10.0 11.0 11.0 10.0 10.0 11.0 10.0 10.0 11.0 11.0 10.0 12.0 10.0 10.0 11.0 10.0 10.0 11.0 11.0 10.0 11.0 11.0 16.0 12.0 35.0 13.0 11.0 13.0 23.0 12.0 12.0 11.0 11.0 11.0 10.0 10.0 12.0 10.0 10.0 12.0 10.0 10.0 11.0 10.0 10.0 12.0 10.0 10.0 11.0 10.0 10.0
42 43 1 TRACE 14.0 10.0 10.0 10.0 10.0 10.0 10.0 10.0 32.0 10.0 11.0 9.0 10.0 10.0 10.0 10.0 10.0 10.0 9.0 10.0 10.0 9.0 10.0 10.0 9.0 10.0 9.0 9.0 10.0 10.0 10.0 10.0 10.0 9.0 9.0 10.0 23.0 9.0 11.0 10.0 10.0 10.0 10.0 9.0 10.0 10.0 9.0 10.0 10.0 11.0 10.0 10.0 9.0 9.0 10.0 10.0 10.0 10.0 10.0 10.0 10.0 10.0 10.0 11.0 10.0 10.0 10.0 10.0 10.0 10.0 10.0 11.0 10.0 10.0 10.0 9.0 10.0 10.0 10.0 10.0 10.0 10.0 9.0 10.0 10.0 9.0 10.0 9.0 9.0 10.0 10.0 9.0 9.0 9.0 10.0 10.0 10.0 9.0 10.0 10.0 11.0 10.0 11.0 10.0 10.0 11.0 10.0 10.0 10.0 10.0 10.0 10.0 10.0 10.0 10.0 9.0 10.0 10.0 10.0 10.0 9.0 10.0 9.0 9.0 10.0 10.0 10.0 10.0 10.0 10.0 9.0 10.0 10.0 10.0 10.0 10.0 10.0 10.0 9.0 10.0 10.0 10.0 9.0 10.0 9.0 9.0 10.0 10.0 10.0 10.0 10.0 9.0 10.0 11.0 9.0 10.0 10.0 10.0 10.0 10.0 9.0 9.0 11.0 10.0 9.0 10.0 10.0 10.0 10.0 9.0 10.0 10.0 10.0 24.0 15.0 21.0 11.0 10.0 11.0 11.0 11.0 11.0 11.0 11.0 10.0 10.0 10.0 11.0 10.0 11.0 10.0 10.0 10.0 10.0 10.0 9.0 10.0 9.0 10.0 10.0 10.0 10.0
43 44 1 TRACE 12.0 7.0 7.0 8.0 8.0 8.0 8.0 8.0 7.0 8.0 8.0 8.0 9.0 8.0 8.0 8.0 8.0 8.0 8.0 9.0 8.0 9.0 8.0 7.0 8.0 8.0 8.0 8.0 8.0 8.0 8.0 8.0 8.0 8.0 8.0 8.0 9.0 8.0 8.0 7.0 8.0 8.0 8.0 8.0 9.0 7.0 8.0 8.0 8.0 8.0 8.0 8.0 8.0 8.0 9.0 8.0 8.0 8.0 8.0 8.0 8.0 8.0 8.0 8.0 8.0 9.0 7.0 8.0 8.0 7.0 8.0 9.0 8.0 8.0 8.0 8.0 8.0 8.0 8.0 8.0 8.0 8.0 8.0 7.0 8.0 8.0 8.0 8.0 8.0 8.0 8.0 8.0 8.0 8.0 8.0 8.0 8.0 8.0 7.0 9.0 9.0 8.0 19.0 8.0 8.0 9.0 8.0 8.0 9.0 8.0 8.0 8.0 8.0 7.0 8.0 8.0 8.0 8.0 8.0 8.0 8.0 8.0 8.0 8.0 8.0 8.0 7.0 8.0 9.0 8.0 8.0 8.0 8.0 8.0 8.0 8.0 8.0 8.0 8.0 8.0 7.0 8.0 8.0 8.0 8.0 8.0 8.0 8.0 7.0 8.0 7.0 8.0 8.0 8.0 8.0 8.0 8.0 8.0 7.0 8.0 8.0 8.0 8.0 7.0 8.0 8.0 8.0 8.0 9.0 8.0 8.0 9.0 9.0 10.0 22.0 9.0 10.0 9.0 9.0 9.0 9.0 9.0 9.0 8.0 9.0 8.0 8.0 8.0 8.0 8.0 8.0 8.0 7.0 8.0 8.0 8.0 9.0 8.0 7.0 8.0 8.0 8.0
44 45 1 TRACE 47.0 34.0 25.0 53.0 23.0 23.0 26.0 24.0 15.0 28.0 19.0 23.0 26.0 25.0 25.0 75.0 25.0 22.0 23.0 22.0 24.0 21.0 33.0 24.0 58.0 36.0 25.0 24.0 26.0 26.0 25.0 26.0 33.0 23.0 23.0 25.0 17.0 22.0 15.0 29.0 23.0 30.0 23.0 26.0 19.0 23.0 23.0 25.0 26.0 25.0 48.0 25.0 32.0 22.0 24.0 22.0 24.0 81.0 27.0 26.0 37.0 98.0 24.0 17.0 29.0 23.0 22.0 30.0 27.0 25.0 33.0 19.0 24.0 29.0 22.0 22.0 33.0 22.0 23.0 23.0 20.0 24.0 23.0 33.0 25.0 35.0 30.0 24.0 23.0 25.0 24.0 24.0 37.0 26.0 26.0 50.0 23.0 25.0 25.0 26.0 56.0 25.0 15.0 28.0 68.0 32.0 25.0 25.0 27.0 22.0 22.0 29.0 23.0 24.0 43.0 23.0 22.0 22.0 28.0 23.0 24.0 34.0 24.0 24.0 23.0 23.0 22.0 33.0 18.0 23.0 48.0 26.0 23.0 35.0 29.0 29.0 30.0 26.0 26.0 26.0 33.0 25.0 25.0 33.0 25.0 62.0 26.0 25.0 25.0 32.0 24.0 24.0 25.0 18.0 23.0 24.0 25.0 23.0 23.0 33.0 22.0 28.0 23.0 24.0 25.0 30.0 23.0 24.0 40.0 24.0 24.0 126.0 77.0 77.0 28.0 35.0 80.0 43.0 34.0 22.0 28.0 24.0 22.0 23.0 26.0 22.0 24.0 18.0 31.0 24.0 19.0 26.0 23.0 26.0 55.0 44.0 23.0 24.0 25.0 35.0 25.0 24.0
45 46 1 TRACE 27.0 16.0 14.0 19.0 14.0 14.0 14.0 13.0 13.0 14.0 13.0 13.0 14.0 14.0 13.0 15.0 14.0 14.0 13.0 50.0 14.0 14.0 15.0 14.0 16.0 15.0 15.0 13.0 15.0 15.0 13.0 14.0 14.0 13.0 14.0 14.0 14.0 12.0 14.0 15.0 13.0 15.0 14.0 14.0 14.0 15.0 14.0 14.0 14.0 14.0 13.0 15.0 13.0 14.0 14.0 14.0 13.0 14.0 15.0 14.0 13.0 14.0 13.0 14.0 13.0 14.0 14.0 15.0 14.0 13.0 14.0 14.0 14.0 13.0 14.0 13.0 15.0 13.0 13.0 13.0 14.0 13.0 15.0 15.0 13.0 14.0 14.0 14.0 13.0 14.0 13.0 13.0 15.0 14.0 13.0 14.0 14.0 14.0 15.0 14.0 24.0 14.0 14.0 14.0 14.0 23.0 14.0 14.0 15.0 13.0 12.0 14.0 15.0 14.0 14.0 14.0 14.0 15.0 15.0 14.0 14.0 14.0 14.0 14.0 14.0 13.0 13.0 15.0 14.0 15.0 14.0 24.0 14.0 15.0 14.0 15.0 15.0 14.0 15.0 14.0 15.0 14.0 14.0 15.0 14.0 14.0 13.0 14.0 13.0 13.0 14.0 13.0 15.0 14.0 13.0 12.0 14.0 14.0 15.0 13.0 14.0 13.0 14.0 13.0 13.0 24.0 14.0 15.0 15.0 14.0 14.0 18.0 28.0 15.0 15.0 17.0 26.0 27.0 24.0 17.0 15.0 15.0 14.0 15.0 15.0 14.0 13.0 14.0 14.0 13.0 13.0 14.0 13.0 14.0 14.0 14.0 24.0 14.0 13.0 13.0 13.0 14.0
46 47 1 TRACE 354.0 110.0 72.0 309.0 101.0 69.0 186.0 103.0 65.0 325.0 105.0 71.0 276.0 85.0 70.0 315.0 128.0 71.0 78.0 200.0 82.0 70.0 277.0 97.0 67.0 312.0 121.0 78.0 71.0 195.0 77.0 68.0 319.0 103.0 71.0 193.0 79.0 70.0 176.0 68.0 69.0 368.0 103.0 74.0 320.0 121.0 70.0 68.0 268.0 87.0 66.0 313.0 103.0 70.0 262.0 90.0 70.0 333.0 99.0 76.0 310.0 139.0 72.0 71.0 197.0 94.0 69.0 254.0 88.0 70.0 317.0 112.0 70.0 199.0 82.0 78.0 313.0 146.0 73.0 72.0 309.0 100.0 70.0 296.0 95.0 88.0 208.0 83.0 72.0 216.0 83.0 70.0 314.0 115.0 72.0 300.0 160.0 73.0 69.0 198.0 86.0 70.0 178.0 74.0 107.0 292.0 94.0 71.0 187.0 75.0 69.0 225.0 84.0 68.0 314.0 122.0 72.0 74.0 213.0 81.0 70.0 325.0 108.0 70.0 302.0 111.0 71.0 315.0 131.0 71.0 303.0 89.0 70.0 363.0 115.0 70.0 305.0 156.0 72.0 77.0 292.0 93.0 70.0 313.0 100.0 71.0 203.0 82.0 71.0 317.0 101.0 70.0 321.0 128.0 72.0 70.0 343.0 103.0 71.0 344.0 99.0 66.0 325.0 101.0 71.0 270.0 89.0 69.0 301.0 97.0 70.0 282.0 78.0 74.0 472.0 195.0 129.0 108.0 326.0 120.0 121.0 251.0 89.0 74.0 305.0 151.0 76.0 197.0 74.0 72.0 285.0 89.0 120.0 301.0 96.0 67.0 228.0 87.0 92.0 320.0 101.0 71.0
47 48 1 TRACE 13.0 10.0 14.0 8.0 9.0 12.0 8.0 9.0 11.0 8.0 38.0 13.0 8.0 9.0 12.0 8.0 9.0 11.0 8.0 9.0 12.0 9.0 10.0 10.0 8.0 9.0 10.0 8.0 9.0 13.0 9.0 10.0 12.0 7.0 9.0 11.0 8.0 10.0 11.0 8.0 9.0 11.0 7.0 16.0 11.0 8.0 10.0 13.0 8.0 10.0 12.0 8.0 9.0 10.0 8.0 9.0 10.0 8.0 9.0 12.0 8.0 9.0 10.0 8.0 9.0 10.0 11.0 10.0 13.0 7.0 9.0 12.0 8.0 9.0 11.0 8.0 10.0 14.0 8.0 10.0 12.0 8.0 9.0 14.0 7.0 9.0 11.0 8.0 10.0 11.0 8.0 9.0 11.0 8.0 9.0 10.0 8.0 9.0 13.0 8.0 9.0 12.0 8.0 9.0 11.0 8.0 10.0 11.0 9.0 20.0 12.0 8.0 9.0 10.0 8.0 9.0 12.0 7.0 9.0 11.0 7.0 10.0 11.0 9.0 14.0 12.0 8.0 9.0 12.0 7.0 9.0 11.0 8.0 10.0 12.0 7.0 14.0 12.0 8.0 9.0 10.0 8.0 9.0 11.0 8.0 28.0 12.0 8.0 10.0 11.0 8.0 14.0 11.0 8.0 9.0 13.0 8.0 9.0 12.0 7.0 10.0 10.0 8.0 16.0 11.0 8.0 9.0 11.0 8.0 10.0 11.0 8.0 10.0 14.0 7.0 10.0 12.0 7.0 9.0 11.0 8.0 10.0 13.0 9.0 9.0 12.0 8.0 9.0 11.0 8.0 9.0 20.0 8.0 9.0 13.0 9.0 10.0 11.0 8.0 9.0 11.0 8.0 10.0 12.0 8.0 10.0 10.0 8.0 48.0 11.0 8.0 14.0 22.0 19.0 10.0 13.0 7.0 9.0 11.0 8.0 9.0 11.0 7.0 11.0 12.0 8.0 10.0 11.0 21.0 10.0 13.0 8.0 9.0 12.0 8.0 9.0 10.0 8.0 9.0 10.0 8.0 9.0 13.0 7.0 9.0 12.0 8.0 10.0 11.0 8.0 10.0 12.0 8.0 9.0 11.0 8.0 9.0 10.0 8.0 9.0 12.0 8.0 9.0 12.0 8.0 9.0 11.0 8.0 10.0 12.0 8.0 10.0 11.0 8.0 10.0 11.0 8.0 12.0 13.0 8.0 9.0 13.0 8.0 9.0 11.0 8.0 10.0 13.0 8.0 9.0 79.0 8.0 9.0 11.0 8.0 9.0 21.0 8.0 9.0 24.0 8.0 11.0 11.0 8.0 9.0 11.0 8.0 13.0 14.0 7.0 9.0 11.0 8.0 9.0 10.0 8.0 29.0 12.0 8.0 10.0 11.0 8.0 10.0 10.0 8.0 10.0 11.0 8.0 10.0 11.0 8.0 9.0 10.0 8.0 11.0 12.0 8.0 9.0 10.0 8.0 10.0 11.0 8.0 14.0 13.0 7.0 9.0 12.0 7.0 9.0 11.0 8.0 9.0 11.0 8.0 10.0 10.0 7.0 9.0 11.0 8.0 9.0 10.0 8.0 9.0 12.0 8.0 9.0 14.0 8.0 10.0 27.0 8.0 9.0 11.0 8.0 10.0 14.0 8.0 10.0 11.0 8.0 9.0 13.0 22.0 11.0 12.0 7.0 9.0 11.0 8.0 33.0 12.0 8.0 10.0 10.0 8.0 9.0 11.0 8.0 9.0 13.0 8.0 9.0 16.0 8.0 9.0 10.0 8.0 10.0 14.0 7.0 10.0 13.0 8.0 9.0 11.0 8.0 9.0 11.0 8.0 10.0 12.0 8.0 9.0 14.0 8.0 9.0 10.0 8.0 10.0 13.0 8.0 9.0 11.0 8.0 9.0 10.0 8.0 9.0 12.0 8.0 9.0 12.0 8.0 9.0 11.0 8.0 10.0 13.0 8.0 9.0 11.0 8.0 9.0 11.0 8.0 10.0 13.0 19.0 10.0 11.0 8.0 9.0 10.0 7.0 9.0 10.0 8.0 10.0 13.0 8.0 9.0 12.0 8.0 14.0 11.0 8.0 31.0 13.0 8.0 9.0 12.0 8.0 9.0 11.0 8.0 10.0 13.0 8.0 17.0 13.0 7.0 9.0 11.0 8.0 21.0 12.0 8.0 9.0 11.0 8.0 9.0 11.0 8.0 9.0 13.0 8.0 9.0 12.0 7.0 10.0 10.0 13.0 12.0 11.0 8.0 23.0 28.0 9.0 22.0 14.0 8.0 211.0 15.0 8.0 130.0 16.0 9.0 32.0 18.0 9.0 11.0 26.0 9.0 41.0 26.0 9.0 11.0 19.0 9.0 15.0 11.0 9.0 21.0 12.0 9.0 14.0 10.0 8.0 23.0 12.0 8.0 11.0 12.0 10.0 12.0 22.0 8.0 9.0 10.0 8.0 10.0 13.0 8.0 9.0 11.0 8.0 9.0 11.0 8.0 31.0 12.0 7.0 9.0 11.0 8.0 9.0 13.0 8.0 9.0 12.0 8.0 9.0 13.0 8.0 9.0 11.0 8.0 12.0 12.0 8.0 10.0 11.0 8.0 10.0 11.0 8.0 9.0 13.0 8.0 10.0 13.0 7.0 9.0 11.0
48 49 1 TRACE 26.0 33.0 21.0 11.0 24.0 18.0 8.0 11.0 10.0 25.0 27.0 25.0 10.0 22.0 17.0 7.0 12.0 10.0 19.0 27.0 20.0 8.0 11.0 11.0 7.0 12.0 10.0 24.0 27.0 23.0 11.0 19.0 18.0 8.0 11.0 10.0 29.0 26.0 20.0 9.0 15.0 12.0 7.0 10.0 10.0 20.0 27.0 21.0 12.0 24.0 18.0 8.0 11.0 10.0 8.0 11.0 9.0 23.0 28.0 20.0 8.0 12.0 11.0 7.0 11.0 10.0 26.0 27.0 21.0 8.0 23.0 16.0 8.0 12.0 10.0 20.0 28.0 21.0 15.0 22.0 18.0 7.0 48.0 11.0 7.0 11.0 10.0 24.0 25.0 19.0 8.0 13.0 84.0 7.0 12.0 10.0 25.0 29.0 20.0 9.0 20.0 17.0 7.0 12.0 10.0 23.0 29.0 21.0 11.0 10.0 11.0 7.0 12.0 10.0 18.0 27.0 19.0 7.0 12.0 10.0 7.0 9.0 10.0 25.0 27.0 20.0 10.0 23.0 18.0 7.0 12.0 10.0 21.0 27.0 21.0 11.0 21.0 18.0 8.0 11.0 10.0 8.0 11.0 10.0 28.0 28.0 21.0 9.0 20.0 13.0 8.0 10.0 10.0 26.0 28.0 21.0 10.0 23.0 17.0 7.0 10.0 10.0 28.0 27.0 20.0 9.0 20.0 13.0 8.0 11.0 10.0 26.0 28.0 22.0 9.0 23.0 17.0 7.0 12.0 10.0 17.0 28.0 23.0 14.0 26.0 19.0 7.0 11.0 10.0 8.0 11.0 9.0 23.0 28.0 21.0 9.0 14.0 12.0 7.0 12.0 10.0 27.0 27.0 21.0 9.0 17.0 14.0 7.0 45.0 11.0 26.0 26.0 23.0 10.0 19.0 18.0 7.0 12.0 10.0 26.0 25.0 21.0 8.0 13.0 12.0 8.0 12.0 10.0 18.0 22.0 21.0 14.0 25.0 19.0 8.0 14.0 10.0 8.0 11.0 10.0 26.0 28.0 21.0 9.0 23.0 18.0 7.0 11.0 13.0 27.0 28.0 20.0 9.0 22.0 17.0 8.0 11.0 14.0 26.0 28.0 20.0 8.0 14.0 12.0 8.0 11.0 10.0 27.0 27.0 20.0 9.0 14.0 12.0 8.0 12.0 10.0 22.0 62.0 21.0 11.0 24.0 19.0 8.0 12.0 10.0 15.0 26.0 21.0 16.0 26.0 26.0 7.0 14.0 10.0 7.0 21.0 10.0 26.0 27.0 54.0 7.0 12.0 11.0 7.0 12.0 11.0 20.0 25.0 20.0 7.0 13.0 11.0 7.0 12.0 10.0 27.0 26.0 22.0 9.0 27.0 16.0 8.0 12.0 10.0 20.0 27.0 20.0 8.0 12.0 11.0 7.0 12.0 10.0 27.0 26.0 21.0 8.0 15.0 12.0 7.0 11.0 10.0 20.0 26.0 22.0 11.0 24.0 19.0 7.0 11.0 10.0 7.0 11.0 10.0 26.0 28.0 20.0 8.0 14.0 12.0 7.0 12.0 11.0 23.0 28.0 21.0 11.0 23.0 18.0 8.0 11.0 33.0 27.0 28.0 21.0 10.0 18.0 19.0 8.0 12.0 10.0 20.0 28.0 47.0 22.0 20.0 18.0 7.0 11.0 13.0 27.0 27.0 21.0 10.0 19.0 17.0 7.0 12.0 14.0 21.0 27.0 21.0 11.0 24.0 20.0 8.0 11.0 10.0 15.0 28.0 23.0 14.0 27.0 20.0 7.0 12.0 10.0 8.0 12.0 11.0 27.0 28.0 20.0 9.0 54.0 17.0 7.0 11.0 10.0 25.0 28.0 21.0 10.0 23.0 54.0 8.0 12.0 10.0 25.0 27.0 20.0 8.0 14.0 12.0 7.0 12.0 11.0 25.0 28.0 25.0 9.0 22.0 17.0 8.0 11.0 10.0 19.0 27.0 21.0 23.0 21.0 18.0 8.0 12.0 10.0 7.0 12.0 10.0 27.0 25.0 21.0 10.0 23.0 17.0 8.0 10.0 10.0 26.0 26.0 21.0 9.0 22.0 17.0 8.0 12.0 10.0 25.0 28.0 29.0 10.0 20.0 17.0 7.0 12.0 9.0 27.0 30.0 21.0 9.0 21.0 16.0 7.0 11.0 10.0 26.0 28.0 24.0 9.0 21.0 16.0 7.0 11.0 10.0 42.0 30.0 23.0 19.0 24.0 36.0 9.0 12.0 23.0 18.0 42.0 25.0 15.0 43.0 24.0 8.0 12.0 12.0 21.0 11.0 12.0 29.0 28.0 37.0 10.0 24.0 15.0 8.0 12.0 11.0 29.0 27.0 22.0 9.0 14.0 13.0 8.0 11.0 11.0 27.0 26.0 22.0 11.0 19.0 17.0 8.0 12.0 10.0 23.0 29.0 21.0 8.0 14.0 11.0 7.0 14.0 10.0 27.0 27.0 21.0 8.0 20.0 19.0 7.0 12.0 12.0 27.0 28.0 20.0 9.0 24.0 18.0 8.0 12.0 10.0 27.0 26.0 20.0 9.0 16.0 13.0 8.0 10.0 10.0 25.0 27.0 21.0 9.0 23.0 17.0 7.0 12.0 10.0
49 47 1 TRACE 257.0 175.0 72.0 66.0 36.0 34.0 152.0 129.0 62.0 60.0 33.0 32.0 98.0 80.0 47.0 36.0 32.0 30.0 201.0 146.0 85.0 63.0 34.0 32.0 136.0 95.0 50.0 47.0 33.0 31.0 224.0 172.0 77.0 67.0 34.0 32.0 33.0 31.0 110.0 81.0 40.0 39.0 32.0 32.0 135.0 111.0 98.0 53.0 34.0 32.0 227.0 179.0 68.0 69.0 35.0 36.0 34.0 32.0 94.0 81.0 39.0 39.0 33.0 32.0 192.0 136.0 61.0 60.0 33.0 32.0 113.0 85.0 43.0 42.0 63.0 32.0 93.0 78.0 36.0 36.0 35.0 32.0 157.0 136.0 64.0 61.0 35.0 32.0 214.0 164.0 75.0 73.0 34.0 33.0 32.0 31.0 136.0 110.0 53.0 52.0 30.0 31.0 193.0 133.0 63.0 60.0 33.0 32.0 137.0 106.0 79.0 52.0 32.0 31.0 180.0 129.0 63.0 59.0 35.0 32.0 240.0 202.0 82.0 71.0 35.0 33.0 32.0 32.0 115.0 83.0 88.0 40.0 33.0 32.0 144.0 105.0 51.0 70.0 33.0 38.0 189.0 133.0 56.0 59.0 34.0 32.0 105.0 88.0 46.0 42.0 32.0 31.0 217.0 200.0 85.0 74.0 49.0 37.0 32.0 31.0 186.0 133.0 72.0 58.0 33.0 32.0 174.0 119.0 57.0 55.0 34.0 32.0 122.0 91.0 46.0 45.0 33.0 33.0 124.0 92.0 48.0 47.0 33.0 33.0 219.0 165.0 72.0 67.0 36.0 32.0 236.0 215.0 87.0 74.0 36.0 33.0 33.0 44.0 115.0 89.0 38.0 42.0 33.0 32.0 92.0 79.0 38.0 36.0 33.0 31.0 145.0 116.0 65.0 55.0 33.0 32.0 100.0 79.0 37.0 36.0 31.0 31.0 130.0 95.0 50.0 48.0 32.0 31.0 221.0 163.0 76.0 68.0 34.0 32.0 33.0 31.0 122.0 79.0 45.0 43.0 32.0 31.0 203.0 146.0 68.0 63.0 59.0 32.0 172.0 123.0 58.0 53.0 36.0 32.0 228.0 167.0 66.0 68.0 34.0 32.0 130.0 109.0 51.0 59.0 45.0 31.0 205.0 157.0 72.0 66.0 34.0 32.0 231.0 205.0 126.0 73.0 35.0 35.0 35.0 32.0 173.0 117.0 58.0 93.0 33.0 32.0 188.0 133.0 62.0 60.0 34.0 31.0 120.0 88.0 46.0 44.0 34.0 33.0 191.0 135.0 62.0 59.0 33.0 32.0 231.0 182.0 68.0 68.0 34.0 33.0 33.0 32.0 178.0 133.0 64.0 59.0 33.0 32.0 151.0 128.0 61.0 58.0 44.0 31.0 190.0 135.0 65.0 64.0 34.0 31.0 152.0 112.0 55.0 53.0 33.0 32.0 193.0 126.0 87.0 58.0 34.0 31.0 166.0 108.0 44.0 38.0 159.0 71.0 254.0 310.0 195.0 110.0 101.0 33.0 50.0 71.0 165.0 113.0 114.0 54.0 39.0 50.0 143.0 102.0 53.0 63.0 38.0 33.0 185.0 126.0 72.0 76.0 34.0 33.0 118.0 84.0 42.0 41.0 56.0 34.0 126.0 108.0 53.0 53.0 42.0 36.0 175.0 123.0 66.0 59.0 33.0 32.0 139.0 98.0 51.0 47.0 33.0 31.0 207.0 135.0 63.0 59.0 34.0 31.0
49 50 1 TRACE 48.0 56.0 25.0 93.0 32.0 32.0 41.0 27.0 35.0 56.0 33.0 35.0 36.0 43.0 34.0 68.0 47.0 39.0 28.0 44.0 29.0 58.0 70.0 33.0 58.0 52.0 116.0 37.0 31.0 59.0 33.0 31.0 57.0 49.0 37.0 44.0 29.0 33.0 40.0 31.0 40.0 36.0 40.0 25.0 61.0 36.0 49.0 39.0 36.0 80.0 40.0 45.0 33.0 44.0 57.0 66.0 36.0 63.0 33.0 32.0 146.0 39.0 27.0 26.0 43.0 36.0 31.0 48.0 35.0 28.0 44.0 30.0 40.0 66.0 38.0 29.0 59.0 40.0 29.0 38.0 53.0 33.0 42.0 47.0 44.0 68.0 42.0 36.0 29.0 50.0 32.0 25.0 60.0 34.0 33.0 62.0 37.0 32.0 24.0 73.0 33.0 32.0 48.0 35.0 31.0 68.0 32.0 36.0 39.0 41.0 29.0 47.0 34.0 31.0 37.0 37.0 31.0 31.0 56.0 37.0 35.0 61.0 35.0 24.0 50.0 28.0 34.0 36.0 33.0 53.0 36.0 30.0 26.0 64.0 33.0 36.0 50.0 71.0 29.0 31.0 36.0 46.0 32.0 65.0 39.0 34.0 91.0 30.0 30.0 53.0 40.0 44.0 62.0 34.0 41.0 36.0 46.0 43.0 33.0 35.0 40.0 25.0 41.0 32.0 37.0 38.0 37.0 42.0 36.0 41.0 42.0 103.0 97.0 39.0 39.0 39.0 40.0 55.0 80.0 59.0 63.0 37.0 32.0 28.0 48.0 26.0 39.0 55.0 28.0 27.0 36.0 30.0 50.0 73.0 34.0 26.0 41.0 29.0 45.0 36.0 55.0 35.0
50 25 1 TRACE 29.0 21.0 20.0 21.0 27.0 21.0 20.0 21.0 21.0 21.0 20.0 21.0 20.0 21.0 20.0 20.0 22.0 20.0 22.0 20.0 20.0 21.0 20.0 21.0 20.0 21.0 21.0 21.0 21.0 22.0 20.0 21.0 21.0 21.0 20.0 20.0 20.0 21.0 20.0 21.0 22.0 21.0 22.0 21.0 21.0 21.0 21.0 20.0 20.0 28.0 20.0 21.0 20.0 22.0 21.0 25.0 22.0 22.0 21.0 22.0 33.0 21.0 20.0 21.0
50 41 1 TRACE 9.0 8.0 8.0 8.0 9.0 8.0 21.0 8.0 8.0 8.0 8.0 8.0 8.0 9.0 9.0 9.0 8.0 8.0 9.0 8.0 8.0 8.0 8.0 9.0 9.0 8.0 8.0 8.0 8.0 8.0 8.0 8.0 8.0 8.0 8.0 8.0 8.0 9.0 9.0 9.0 8.0 8.0 8.0 8.0 9.0 19.0 8.0 8.0 9.0 9.0 9.0 8.0 9.0 9.0 8.0 9.0 9.0 9.0 8.0 9.0 9.0 9.0 9.0 9.0 8.0 9.0 8.0 8.0 10.0 8.0 8.0 8.0 8.0 8.0 9.0 8.0 9.0 8.0 9.0 9.0 8.0 8.0 8.0 9.0 9.0 8.0 8.0 10.0 8.0 8.0 8.0 8.0 9.0 8.0 8.0 8.0 9.0 9.0 8.0 8.0 8.0 8.0 8.0 8.0 10.0 8.0 8.0 9.0 9.0 9.0 8.0 8.0 8.0 8.0 8.0 8.0 9.0 9.0 22.0 10.0 10.0 9.0 10.0 10.0 10.0 9.0 9.0 8.0 8.0 8.0 8.0 9.0 9.0 8.0 8.0 8.0 9.0 9.0
51 52 1 TRACE 365.0 386.0 354.0 374.0 355.0 356.0 356.0 360.0 356.0 402.0 357.0 357.0 347.0 356.0 355.0 358.0 355.0 355.0 415.0 356.0 357.0 355.0 357.0 353.0 356.0 360.0 352.0 348.0 358.0 417.0 356.0 353.0 357.0 354.0 356.0 358.0 406.0 449.0 355.0 354.0 354.0 354.0 356.0 356.0 356.0 404.0 397.0 354.0 354.0 357.0 352.0 357.0 354.0 357.0 451.0 436.0 356.0 341.0 349.0 342.0 341.0 341.0 341.0 343.0
52 53 1 TRACE 67.0 29.0 41.0 36.0 27.0 27.0 27.0 36.0 36.0 34.0 37.0 36.0 26.0 27.0 37.0 26.0 38.0 27.0 26.0 27.0 28.0 37.0 37.0 27.0 37.0 36.0 26.0 26.0 34.0 26.0 35.0 28.0 26.0 27.0 27.0 27.0 37.0 27.0 27.0 28.0 27.0 28.0 28.0 27.0 26.0 37.0 25.0 28.0 28.0 37.0 27.0 27.0 27.0 37.0 28.0 43.0 61.0 27.0 29.0 25.0 35.0 24.0 26.0 25.0
53 54 1 TRACE 22.0 17.0 18.0 16.0 17.0 17.0 16.0 11.0 12.0 11.0 12.0 12.0 23.0 12.0 12.0 23.0 11.0 17.0 23.0 11.0 11.0 12.0 13.0 12.0 12.0 12.0 23.0 23.0 11.0 15.0 12.0 11.0 12.0 22.0 12.0 15.0 30.0 15.0 15.0 15.0 16.0 15.0 12.0 12.0 12.0 17.0 17.0 12.0 12.0 12.0 11.0 12.0 12.0 12.0 20.0 18.0 18.0 13.0 13.0 25.0 23.0 24.0 23.0 26.0
54 55 1 TRACE 53.0 31.0 18.0 18.0 18.0 18.0 19.0 29.0 18.0 18.0 18.0 17.0 17.0 17.0 19.0 29.0 18.0 42.0 18.0 18.0 17.0 17.0 18.0 17.0 29.0 18.0 18.0 18.0 17.0 17.0 18.0 18.0 29.0 18.0 18.0 29.0 18.0 18.0 19.0 18.0 18.0 18.0 18.0 17.0 17.0 32.0 17.0 17.0 18.0 18.0 17.0 17.0 29.0 18.0 30.0 21.0 20.0 18.0 18.0 17.0 17.0 17.0 17.0 29.0
55 56 1 TRACE 11.0 18.0 7.0 7.0 7.0 7.0 7.0 18.0 7.0 7.0 7.0 7.0 8.0 7.0 8.0 18.0 7.0 8.0 7.0 7.0 7.0 7.0 7.0 7.0 18.0 7.0 7.0 7.0 7.0 7.0 7.0 7.0 18.0 7.0 7.0 17.0 7.0 7.0 7.0 7.0 7.0 7.0 7.0 7.0 8.0 7.0 8.0 7.0 7.0 7.0 7.0 7.0 18.0 7.0 8.0 9.0 8.0 7.0 8.0 7.0 7.0 7.0 7.0 7.0
56 57 1 TRACE 22.0 7.0 6.0 7.0 7.0 7.0 7.0 7.0 7.0 7.0 7.0 6.0 6.0 6.0 7.0 7.0 7.0 7.0 7.0 7.0 7.0 7.0 7.0 7.0 7.0 7.0 7.0 7.0 7.0 7.0 6.0 7.0 7.0 7.0 7.0 7.0 7.0 7.0 7.0 7.0 7.0 7.0 7.0 7.0 6.0 8.0 6.0 7.0 7.0 7.0 7.0 7.0 7.0 7.0 7.0 20.0 8.0 8.0 7.0 7.0 7.0 7.0 6.0 17.0
57 58 1 TRACE 11.0 6.0 7.0 6.0 7.0 6.0 7.0 7.0 7.0 7.0 6.0 7.0 7.0 7.0 7.0 7.0 7.0 8.0 7.0 6.0 7.0 7.0 6.0 7.0 7.0 7.0 7.0 7.0 6.0 7.0 7.0 7.0 7.0 7.0 7.0 7.0 7.0 6.0 6.0 7.0 7.0 7.0 6.0 7.0 7.0 8.0 7.0 7.0 7.0 7.0 7.0 7.0 7.0 7.0 7.0 8.0 8.0 7.0 7.0 7.0 7.0 7.0 7.0 7.0
58 59 1 TRACE 16.0 8.0 7.0 8.0 8.0 8.0 7.0 7.0 8.0 8.0 8.0 7.0 8.0 7.0 8.0 7.0 8.0 8.0 8.0 8.0 8.0 7.0 8.0 7.0 8.0 8.0 8.0 7.0 8.0 7.0 7.0 8.0 8.0 8.0 8.0 7.0 7.0 8.0 8.0 8.0 8.0 7.0 8.0 8.0 23.0 19.0 8.0 7.0 7.0 8.0 8.0 8.0 8.0 8.0 8.0 20.0 9.0 8.0 8.0 8.0 8.0 7.0 7.0 8.0
59 60 1 TRACE 20.0 18.0 7.0 7.0 7.0 7.0 19.0 19.0 7.0 19.0 18.0 19.0 7.0 7.0 7.0 18.0 18.0 8.0 7.0 6.0 18.0 7.0 6.0 18.0 7.0 7.0 7.0 7.0 6.0 7.0 7.0 18.0 18.0 7.0 7.0 19.0 7.0 6.0 7.0 7.0 7.0 7.0 6.0 6.0 8.0 7.0 7.0 7.0 7.0 7.0 7.0 7.0 19.0 7.0 19.0 8.0 8.0 7.0 7.0 6.0 7.0 7.0 7.0 18.0
60 61 1 TRACE 8.0 21.0 18.0 19.0 19.0 19.0 7.0 7.0 19.0 7.0 7.0 7.0 18.0 8.0 19.0 8.0 8.0 8.0 19.0 7.0 8.0 7.0 19.0 8.0 7.0 7.0 19.0 18.0 19.0 19.0 8.0 7.0 7.0 18.0 19.0 7.0 19.0 19.0 19.0 19.0 19.0 18.0 19.0 19.0 19.0 7.0 18.0 19.0 18.0 19.0 19.0 19.0 7.0 19.0 7.0 19.0 8.0 8.0 7.0 7.0 19.0 18.0 7.0 8.0
61 62 1 TRACE 13.0 8.0 8.0 7.0 7.0 7.0 7.0 7.0 8.0 7.0 7.0 7.0 7.0 8.0 7.0 8.0 8.0 7.0 7.0 7.0 8.0 7.0 7.0 8.0 7.0 7.0 7.0 7.0 7.0 7.0 7.0 7.0 7.0 7.0 7.0 7.0 7.0 7.0 7.0 7.0 7.0 7.0 7.0 7.0 8.0 8.0 8.0 7.0 7.0 7.0 7.0 7.0 7.0 7.0 8.0 19.0 7.0 8.0 7.0 7.0 7.0 8.0 19.0 19.0
62 1 1 TRACE 40.0 24.0 20.0 19.0 19.0 19.0 19.0 19.0 20.0 19.0 19.0 20.0 27.0 20.0 20.0 32.0 20.0 29.0 19.0 19.0 20.0 19.0 19.0 20.0 29.0 19.0 19.0 20.0 34.0 19.0 19.0 19.0 20.0 20.0 20.0 30.0 19.0 19.0 19.0 19.0 19.0 19.0 20.0 19.0 45.0 31.0 20.0 19.0 19.0 25.0 20.0 19.0 29.0 19.0 29.0 32.0 21.0 20.0 20.0 20.0 19.0 20.0 20.0
