0 1 1 TRACE 1672856911623477.0
1 2 1 TRACE 10598.0 16.0 18.0 18.0 16.0 15.0 16.0 27.0 17.0 16.0 17.0 21.0 15.0 16.0 15.0 17.0 30.0 28.0 15.0 15.0 17.0 16.0 54.0 16.0 16.0 25.0 15.0 17.0 17.0 15.0 23.0 22.0 17.0 26.0 15.0 28.0 17.0 16.0 26.0 16.0 17.0 16.0 17.0 16.0 15.0 16.0 17.0 28.0 36.0 15.0 15.0 27.0 15.0 48.0 15.0 16.0 17.0 15.0 16.0 16.0 27.0 16.0 59.0 17.0
2 3 1 TRACE 361.0 32.0 30.0 48.0 44.0 130.0 36.0 37.0 31.0 85.0 25.0 55.0 91.0 71.0 32.0 27.0 86.0 25.0 44.0 26.0 49.0 29.0 63.0 28.0 38.0 27.0 26.0 96.0 40.0 203.0 28.0 26.0 29.0 130.0 46.0 25.0 27.0 50.0 37.0 27.0 56.0 98.0 51.0 28.0 31.0 28.0 68.0 34.0 25.0 62.0 105.0 26.0 27.0 26.0 51.0 49.0 37.0 35.0 38.0 38.0 64.0 53.0 170.0 70.0
3 4 1 TRACE 50.0 28.0 37.0 27.0 21.0 62.0 31.0 31.0 54.0 59.0 25.0 40.0 55.0 34.0 44.0 20.0 56.0 21.0 48.0 25.0 57.0 22.0 59.0 65.0 25.0 53.0 54.0 45.0 93.0 71.0 54.0 37.0 67.0 46.0 56.0 23.0 53.0 61.0 99.0 27.0 24.0 24.0 56.0 31.0 35.0 61.0 60.0 23.0 30.0 23.0 51.0 72.0 28.0 34.0 24.0 61.0 61.0 24.0 34.0 64.0 59.0 55.0 79.0 90.0
4 5 1 TRACE 21.0 14.0 16.0 14.0 602.0 677.0 14.0 13.0 15.0 13.0 14.0 45.0 14.0 24.0 14.0 66.0 15.0 14.0 14.0 14.0 14.0 14.0 24.0 42.0 14.0 14.0 31.0 19.0 25.0 13.0 13.0 14.0 14.0 249.0 53.0 15.0 13.0 13.0 19.0 17.0 13.0 20.0 15.0 14.0 14.0 50.0 15.0 13.0 249.0 14.0 26.0 20.0 14.0 13.0 14.0 16.0 23.0 31.0 114.0 14.0 15.0 14.0 32.0 27.0
5 6 1 TRACE 40.0 244.0 170.0 116.0 127.0 22.0 29.0 19.0 21.0 62.0 17.0 11.0 26.0 128.0 162.0 40.0 27.0 19.0 20.0 23.0 20.0 19.0 30.0 25.0 25.0 18.0 12.0 22.0 14.0 58.0 71.0 17.0 34.0 96.0 22.0 15.0 15.0 19.0 53.0 28.0 15.0 30.0 53.0 26.0 16.0 22.0 42.0 15.0 23.0 21.0 13.0 30.0 17.0 38.0 92.0 29.0 25.0 12.0 10.0 12.0 18.0 49.0 53.0 15.0
6 7 1 TRACE 21.0 12.0 64.0 91.0 58.0 153.0 200.0 179.0 128.0 116.0 142.0 126.0 120.0 41.0 19.0 127.0 13.0 14.0 13.0 14.0 11.0 15.0 10.0 32.0 14.0 8.0 34.0 8.0 11.0 18.0 19.0 16.0 25.0 12.0 13.0 9.0 12.0 8.0 16.0 12.0 14.0 18.0 18.0 15.0 15.0 18.0 9.0 15.0 20.0 15.0 8.0 23.0 13.0 22.0 11.0 8.0 22.0 8.0 8.0 19.0 12.0 23.0 40.0 41.0
7 8 1 TRACE 20.0 20.0 12.0 12.0 24.0 11.0 58.0 17.0 16.0 9.0 16.0 17.0 17.0 16.0 16.0 17.0 13.0 25.0 39.0 8.0 11.0 54.0 10.0 13.0 22.0 8.0 8.0 11.0 11.0 17.0 7.0 19.0 13.0 11.0 23.0 8.0 22.0 8.0 94.0 26.0 12.0 17.0 8.0 8.0 22.0 15.0 9.0 8.0 29.0 30.0 9.0 7.0 13.0 9.0 15.0 8.0 11.0 19.0 8.0 18.0 11.0 8.0 21.0 30.0
8 9 1 TRACE 20.0 10.0 11.0 12.0 22.0 29.0 32.0 18.0 16.0 8.0 16.0 16.0 18.0 53.0 15.0 18.0 15.0 46.0 20.0 12.0 11.0 8.0 10.0 11.0 11.0 13.0 27.0 18.0 10.0 18.0 12.0 8.0 12.0 12.0 7.0 7.0 11.0 17.0 15.0 9.0 11.0 19.0 11.0 8.0 11.0 17.0 9.0 8.0 16.0 20.0 16.0 8.0 22.0 8.0 26.0 13.0 11.0 18.0 8.0 7.0 11.0 7.0 21.0 19.0
9 10 1 TRACE 71.0 66.0 61.0 77.0 57.0 69.0 32.0 41.0 78.0 46.0 48.0 46.0 30.0 237.0 90.0 62.0 61.0 58.0 27.0 65.0 72.0 62.0 86.0 40.0 29.0 27.0 61.0 75.0 67.0 84.0 93.0 26.0 28.0 84.0 57.0 25.0 40.0 79.0 95.0 28.0 49.0 90.0 58.0 29.0 40.0 43.0 38.0 88.0 56.0 55.0 80.0 33.0 44.0 26.0 45.0 73.0 35.0 93.0 235.0 77.0 58.0 113.0 162.0 60.0
10 11 1 TRACE 36.0 27.0 18.0 17.0 38.0 468.0 26.0 17.0 28.0 16.0 27.0 18.0 15.0 18.0 16.0 416.0 17.0 19.0 21.0 22.0 21.0 18.0 15.0 22.0 17.0 19.0 19.0 17.0 20.0 14.0 16.0 19.0 18.0 444.0 29.0 17.0 16.0 17.0 17.0 16.0 15.0 20.0 18.0 16.0 17.0 20.0 18.0 16.0 953.0 28.0 47.0 17.0 29.0 17.0 15.0 16.0 17.0 21.0 15.0 15.0 17.0 17.0 37.0 37.0
11 12 1 TRACE 19.0 36.0 22.0 18.0 15.0 66.0 15.0 22.0 14.0 24.0 15.0 33.0 17.0 20.0 51.0 19.0 22.0 19.0 27.0 16.0 24.0 30.0 32.0 23.0 18.0 17.0 30.0 34.0 20.0 116.0 16.0 24.0 33.0 19.0 14.0 20.0 42.0 28.0 28.0 51.0 19.0 21.0 32.0 51.0 17.0 15.0 54.0 53.0 57.0 71.0 14.0 22.0 36.0 29.0 29.0 19.0 17.0 51.0 20.0 47.0 23.0 23.0 29.0 42.0
12 13 1 TRACE 25.0 15.0 21.0 43.0 19.0 181.0 34.0 22.0 19.0 17.0 17.0 17.0 31.0 19.0 50.0 267.0 19.0 19.0 17.0 17.0 34.0 16.0 16.0 19.0 18.0 21.0 20.0 26.0 16.0 17.0 16.0 41.0 20.0 365.0 33.0 18.0 17.0 17.0 18.0 21.0 22.0 123.0 15.0 56.0 19.0 20.0 23.0 20.0 905.0 30.0 18.0 22.0 18.0 17.0 15.0 20.0 18.0 20.0 25.0 15.0 23.0 59.0 42.0 30.0
13 14 1 TRACE 19.0 9.0 8.0 8.0 8.0 8.0 9.0 9.0 8.0 9.0 8.0 9.0 10.0 9.0 9.0 8.0 8.0 9.0 8.0 9.0 9.0 8.0 9.0 8.0 8.0 8.0 8.0 9.0 9.0 8.0 10.0 9.0 8.0 9.0 9.0 8.0 8.0 9.0 9.0 21.0 9.0 9.0 9.0 9.0 9.0 9.0 9.0 8.0 9.0 8.0 8.0 9.0 9.0 9.0 9.0 8.0 9.0 8.0 9.0 8.0 8.0 8.0 22.0 10.0
14 15 1 TRACE 21.0 13.0 13.0 14.0 14.0 13.0 14.0 14.0 14.0 14.0 14.0 14.0 14.0 14.0 14.0 14.0 15.0 14.0 14.0 15.0 13.0 14.0 14.0 14.0 14.0 41.0 14.0 14.0 14.0 13.0 15.0 13.0 14.0 15.0 13.0 14.0 14.0 14.0 14.0 15.0 14.0 14.0 14.0 13.0 13.0 13.0 14.0 14.0 14.0 13.0 14.0 15.0 14.0 15.0 14.0 14.0 14.0 19.0 13.0 14.0 14.0 14.0 27.0 16.0
15 16 1 TRACE 12.0 7.0 8.0 8.0 8.0 8.0 9.0 8.0 8.0 8.0 8.0 8.0 9.0 8.0 9.0 8.0 7.0 8.0 8.0 8.0 8.0 8.0 9.0 7.0 8.0 8.0 8.0 8.0 8.0 8.0 9.0 8.0 8.0 8.0 8.0 8.0 8.0 8.0 8.0 9.0 8.0 8.0 8.0 7.0 8.0 8.0 8.0 8.0 8.0 8.0 8.0 7.0 8.0 8.0 8.0 8.0 8.0 8.0 8.0 8.0 8.0 8.0 21.0 9.0
16 17 1 TRACE 53.0 93.0 50.0 28.0 46.0 206.0 69.0 40.0 34.0 26.0 32.0 41.0 48.0 70.0 97.0 231.0 32.0 55.0 44.0 72.0 32.0 32.0 49.0 42.0 29.0 31.0 58.0 128.0 29.0 37.0 48.0 72.0 38.0 86.0 41.0 46.0 43.0 32.0 47.0 49.0 39.0 111.0 62.0 82.0 39.0 31.0 71.0 64.0 285.0 77.0 39.0 78.0 119.0 36.0 83.0 31.0 47.0 78.0 46.0 50.0 75.0 36.0 86.0 164.0
17 18 1 TRACE 22.0 17.0 19.0 16.0 16.0 164.0 27.0 16.0 36.0 48.0 17.0 17.0 16.0 17.0 86.0 319.0 15.0 18.0 16.0 17.0 17.0 15.0 23.0 15.0 16.0 20.0 18.0 16.0 16.0 15.0 17.0 54.0 29.0 22.0 17.0 17.0 16.0 16.0 26.0 15.0 15.0 15.0 52.0 18.0 17.0 17.0 16.0 17.0 1197.0 18.0 16.0 16.0 27.0 16.0 53.0 17.0 16.0 21.0 20.0 17.0 15.0 20.0 82.0 67.0
18 19 1 TRACE 43.0 33.0 15.0 48.0 34.0 19.0 41.0 40.0 15.0 15.0 15.0 17.0 25.0 19.0 59.0 38.0 21.0 53.0 17.0 25.0 35.0 52.0 18.0 20.0 19.0 15.0 16.0 71.0 34.0 19.0 28.0 14.0 14.0 28.0 17.0 18.0 17.0 17.0 14.0 14.0 45.0 20.0 14.0 17.0 25.0 29.0 17.0 51.0 57.0 21.0 18.0 20.0 36.0 16.0 16.0 28.0 17.0 30.0 30.0 28.0 23.0 16.0 16.0 20.0
19 20 1 TRACE 19.0 58.0 30.0 29.0 23.0 28.0 54.0 18.0 18.0 20.0 59.0 18.0 16.0 57.0 68.0 54.0 16.0 20.0 36.0 21.0 15.0 21.0 29.0 17.0 24.0 17.0 19.0 36.0 23.0 24.0 17.0 57.0 24.0 43.0 19.0 22.0 18.0 20.0 21.0 43.0 21.0 29.0 53.0 53.0 37.0 37.0 53.0 20.0 181.0 32.0 24.0 51.0 23.0 20.0 26.0 19.0 19.0 32.0 18.0 21.0 25.0 27.0 61.0 77.0
20 21 1 TRACE 18.0 14.0 14.0 15.0 13.0 14.0 14.0 14.0 14.0 24.0 13.0 13.0 14.0 14.0 14.0 13.0 14.0 13.0 14.0 14.0 13.0 14.0 14.0 14.0 14.0 14.0 14.0 14.0 14.0 14.0 26.0 13.0 13.0 14.0 14.0 14.0 13.0 14.0 14.0 14.0 14.0 14.0 14.0 14.0 13.0 14.0 13.0 14.0 15.0 13.0 14.0 14.0 13.0 13.0 14.0 13.0 14.0 14.0 19.0 14.0 14.0 14.0 15.0 16.0
21 22 1 TRACE 26.0 12.0 12.0 12.0 11.0 12.0 11.0 11.0 12.0 12.0 11.0 11.0 12.0 11.0 12.0 11.0 12.0 11.0 12.0 12.0 12.0 12.0 13.0 12.0 12.0 12.0 12.0 12.0 12.0 12.0 23.0 11.0 11.0 11.0 12.0 12.0 12.0 12.0 12.0 12.0 11.0 12.0 12.0 12.0 12.0 12.0 11.0 12.0 12.0 11.0 12.0 12.0 11.0 11.0 12.0 11.0 12.0 12.0 13.0 11.0 17.0 11.0 25.0 14.0
22 23 1 TRACE 52.0 57.0 42.0 30.0 28.0 44.0 126.0 30.0 36.0 62.0 67.0 38.0 57.0 74.0 50.0 44.0 51.0 70.0 55.0 32.0 35.0 87.0 38.0 54.0 74.0 78.0 29.0 29.0 62.0 45.0 41.0 249.0 59.0 69.0 68.0 66.0 48.0 68.0 63.0 81.0 30.0 57.0 70.0 80.0 33.0 32.0 73.0 62.0 94.0 42.0 30.0 68.0 34.0 31.0 57.0 55.0 62.0 58.0 45.0 32.0 24.0 86.0 86.0 52.0
23 24 1 TRACE 51.0 63.0 28.0 29.0 34.0 43.0 65.0 27.0 37.0 29.0 66.0 43.0 60.0 62.0 33.0 128.0 30.0 83.0 33.0 49.0 59.0 67.0 27.0 28.0 65.0 39.0 72.0 31.0 47.0 60.0 66.0 26.0 28.0 101.0 66.0 67.0 34.0 57.0 66.0 85.0 41.0 27.0 57.0 55.0 34.0 43.0 61.0 66.0 59.0 58.0 26.0 58.0 63.0 50.0 113.0 65.0 67.0 64.0 33.0 32.0 66.0 59.0 83.0 57.0
24 25 1 TRACE 46.0 29.0 25.0 20.0 20.0 36.0 30.0 19.0 23.0 52.0 22.0 21.0 23.0 18.0 20.0 31.0 24.0 18.0 28.0 22.0 25.0 20.0 20.0 29.0 49.0 19.0 30.0 23.0 64.0 23.0 18.0 22.0 28.0 112.0 49.0 52.0 34.0 21.0 20.0 26.0 55.0 34.0 51.0 23.0 21.0 22.0 52.0 21.0 25.0 23.0 21.0 22.0 179.0 19.0 23.0 51.0 26.0 27.0 20.0 20.0 19.0 31.0 60.0 63.0
25 26 1 TRACE 22.0 10.0 9.0 9.0 9.0 9.0 9.0 9.0 8.0 9.0 10.0 9.0 9.0 10.0 9.0 9.0 9.0 8.0 9.0 9.0 10.0 8.0 9.0 9.0 9.0 9.0 9.0 8.0 8.0 9.0 9.0 9.0 9.0 8.0 9.0 9.0 9.0 9.0 9.0 9.0 9.0 9.0 9.0 9.0 9.0 9.0 9.0 9.0 10.0 8.0 9.0 9.0 9.0 8.0 9.0 8.0 10.0 9.0 9.0 9.0 9.0 9.0 9.0 8.0 9.0 9.0 10.0 8.0 9.0 9.0 9.0 9.0 9.0 9.0 9.0 9.0 9.0 9.0 9.0 9.0 9.0 9.0 9.0 9.0 9.0 9.0 10.0 9.0 9.0 9.0 9.0 9.0 9.0 9.0 9.0 9.0 8.0 9.0 8.0 9.0 9.0 9.0 9.0 9.0 9.0 9.0 8.0 9.0 9.0 9.0 8.0 9.0 9.0 10.0 9.0 9.0 9.0 9.0 9.0 11.0 9.0 9.0 10.0 9.0 9.0 9.0 9.0 9.0 9.0 9.0 8.0 9.0 9.0 9.0 9.0 9.0 9.0 9.0 9.0 9.0 10.0 9.0 9.0 8.0 9.0 9.0 9.0 9.0 9.0 9.0 9.0 9.0 9.0 9.0 9.0 9.0 10.0 10.0 9.0 10.0 8.0 8.0 9.0 9.0 9.0 9.0 9.0 8.0 10.0 9.0 9.0 9.0 9.0 9.0 9.0 22.0 9.0 9.0 11.0 10.0 10.0 21.0 21.0 11.0 10.0 10.0 10.0
26 27 1 TRACE 11.0 8.0 8.0 7.0 8.0 8.0 7.0 8.0 7.0 8.0 8.0 7.0 7.0 8.0 7.0 7.0 8.0 7.0 7.0 7.0 8.0 7.0 8.0 8.0 8.0 7.0 8.0 7.0 7.0 7.0 8.0 7.0 7.0 7.0 7.0 7.0 7.0 8.0 7.0 8.0 7.0 7.0 8.0 8.0 7.0 7.0 7.0 8.0 8.0 7.0 8.0 7.0 7.0 7.0 7.0 7.0 8.0 7.0 7.0 7.0 7.0 8.0 7.0 7.0 7.0 7.0 8.0 7.0 7.0 8.0 7.0 7.0 8.0 7.0 7.0 7.0 7.0 7.0 8.0 7.0 8.0 8.0 7.0 7.0 8.0 8.0 8.0 8.0 7.0 8.0 8.0 8.0 8.0 7.0 7.0 8.0 7.0 7.0 7.0 8.0 8.0 8.0 7.0 7.0 8.0 7.0 7.0 8.0 7.0 8.0 7.0 8.0 8.0 8.0 7.0 7.0 8.0 7.0 8.0 7.0 7.0 7.0 8.0 7.0 7.0 8.0 8.0 8.0 7.0 7.0 7.0 7.0 8.0 7.0 7.0 7.0 8.0 8.0 8.0 8.0 8.0 8.0 7.0 7.0 7.0 7.0 7.0 8.0 8.0 7.0 7.0 8.0 7.0 8.0 7.0 8.0 8.0 8.0 8.0 8.0 7.0 7.0 8.0 7.0 7.0 8.0 8.0 7.0 8.0 7.0 8.0 7.0 8.0 8.0 8.0 8.0 8.0 7.0 7.0 19.0 20.0 9.0 8.0 9.0 9.0 9.0 9.0
27 28 1 TRACE 11.0 7.0 7.0 7.0 7.0 7.0 8.0 10.0 8.0 8.0 8.0 7.0 7.0 8.0 7.0 7.0 7.0 8.0 8.0 7.0 8.0 8.0 7.0 7.0 7.0 7.0 7.0 8.0 8.0 7.0 7.0 7.0 7.0 8.0 8.0 8.0 7.0 8.0 7.0 7.0 7.0 7.0 7.0 7.0 7.0 7.0 8.0 7.0 7.0 8.0 7.0 7.0 8.0 7.0 8.0 8.0 9.0 7.0 7.0 8.0 7.0 7.0 7.0 8.0 7.0 7.0 8.0 7.0 8.0 7.0 8.0 7.0 7.0 7.0 7.0 8.0 8.0 8.0 7.0 7.0 7.0 7.0 8.0 7.0 7.0 7.0 8.0 7.0 8.0 7.0 7.0 7.0 7.0 7.0 7.0 7.0 8.0 8.0 8.0 7.0 7.0 7.0 7.0 8.0 8.0 8.0 8.0 7.0 7.0 7.0 8.0 7.0 7.0 8.0 8.0 7.0 7.0 7.0 7.0 7.0 7.0 7.0 8.0 8.0 8.0 7.0 7.0 7.0 8.0 7.0 8.0 8.0 7.0 8.0 8.0 7.0 7.0 7.0 7.0 7.0 7.0 7.0 8.0 8.0 8.0 8.0 7.0 7.0 7.0 7.0 7.0 7.0 8.0 8.0 8.0 8.0 7.0 8.0 7.0 8.0 7.0 8.0 7.0 8.0 8.0 7.0 7.0 8.0 8.0 7.0 7.0 7.0 7.0 7.0 7.0 20.0 7.0 8.0 8.0 8.0 8.0 8.0 9.0 8.0 9.0 9.0 8.0
28 29 1 TRACE 13.0 8.0 9.0 8.0 9.0 9.0 8.0 9.0 8.0 9.0 8.0 8.0 8.0 8.0 8.0 8.0 9.0 8.0 8.0 8.0 9.0 8.0 8.0 8.0 9.0 8.0 9.0 8.0 8.0 8.0 8.0 8.0 8.0 8.0 8.0 8.0 9.0 9.0 8.0 9.0 8.0 8.0 9.0 9.0 8.0 9.0 8.0 8.0 9.0 8.0 8.0 8.0 8.0 8.0 8.0 8.0 9.0 8.0 8.0 8.0 8.0 9.0 8.0 8.0 8.0 8.0 9.0 8.0 8.0 9.0 8.0 8.0 9.0 8.0 8.0 8.0 8.0 8.0 8.0 8.0 8.0 8.0 8.0 8.0 8.0 9.0 9.0 8.0 8.0 9.0 8.0 9.0 8.0 8.0 8.0 9.0 8.0 8.0 8.0 8.0 9.0 8.0 8.0 8.0 9.0 8.0 12.0 8.0 8.0 9.0 8.0 9.0 8.0 9.0 8.0 8.0 9.0 8.0 9.0 9.0 8.0 8.0 9.0 8.0 8.0 8.0 8.0 9.0 8.0 8.0 8.0 8.0 9.0 8.0 8.0 8.0 8.0 9.0 9.0 8.0 9.0 8.0 8.0 8.0 8.0 8.0 8.0 8.0 9.0 8.0 8.0 12.0 8.0 8.0 8.0 9.0 8.0 9.0 8.0 9.0 8.0 8.0 9.0 8.0 8.0 9.0 9.0 8.0 10.0 8.0 9.0 8.0 8.0 9.0 8.0 22.0 8.0 8.0 9.0 20.0 21.0 10.0 9.0 10.0 10.0 10.0 9.0
29 30 1 TRACE 60.0 38.0 43.0 42.0 48.0 55.0 34.0 63.0 31.0 45.0 119.0 51.0 41.0 26.0 140.0 33.0 37.0 38.0 93.0 43.0 100.0 57.0 110.0 52.0 43.0 35.0 42.0 41.0 35.0 47.0 75.0 63.0 31.0 59.0 27.0 34.0 30.0 26.0 78.0 64.0 46.0 59.0 77.0 78.0 28.0 37.0 31.0 59.0 87.0 31.0 64.0 30.0 62.0 33.0 74.0 70.0 73.0 70.0 42.0 26.0 52.0 41.0 83.0 47.0 68.0 27.0 62.0 30.0 38.0 29.0 30.0 71.0 60.0 59.0 70.0 68.0 71.0 68.0 65.0 34.0 67.0 66.0 95.0 59.0 67.0 32.0 24.0 70.0 74.0 31.0 32.0 105.0 74.0 64.0 28.0 70.0 46.0 28.0 19.0 32.0 67.0 70.0 36.0 85.0 66.0 167.0 16.0 71.0 91.0 76.0 30.0 28.0 76.0 62.0 56.0 76.0 67.0 38.0 46.0 19.0 65.0 36.0 25.0 83.0 31.0 74.0 74.0 54.0 35.0 121.0 72.0 30.0 29.0 29.0 68.0 42.0 67.0 300.0 32.0 64.0 43.0 68.0 35.0 29.0 65.0 48.0 46.0 67.0 82.0 34.0 30.0 31.0 70.0 38.0 85.0 62.0 29.0 61.0 75.0 54.0 43.0 33.0 84.0 93.0 55.0 65.0 65.0 55.0 33.0 63.0 66.0 61.0 60.0 68.0 77.0 16.0 86.0 60.0 27.0 142.0 63.0 83.0 83.0 43.0 64.0 86.0 54.0
30 31 1 TRACE 20.0 18.0 16.0 8.0 8.0 16.0 8.0 8.0 8.0 16.0 17.0 7.0 15.0 17.0 16.0 8.0 16.0 8.0 8.0 30.0 9.0 8.0 47.0 17.0 8.0 7.0 16.0 8.0 36.0 17.0 8.0 33.0 8.0 9.0 15.0 9.0 26.0 16.0 8.0 16.0 17.0 8.0 8.0 15.0 8.0 16.0 15.0 9.0 17.0 16.0 8.0 8.0 16.0 8.0 16.0 15.0 9.0 17.0 16.0 8.0 40.0 8.0 8.0 15.0 16.0 8.0 9.0 20.0 8.0 16.0 17.0 22.0 8.0 8.0 8.0 16.0 28.0 8.0 15.0 8.0 8.0 8.0 8.0 8.0 17.0 8.0 9.0 16.0 16.0 25.0 17.0 9.0 8.0 15.0 16.0 8.0 243.0 9.0 8.0 16.0 48.0 8.0 17.0 16.0 9.0 140.0 8.0 8.0 14.0 8.0 16.0 15.0 8.0 8.0 8.0 17.0 17.0 8.0 16.0 16.0 8.0 7.0 15.0 8.0 16.0 8.0 166.0 17.0 8.0 17.0 16.0 8.0 16.0 16.0 8.0 8.0 8.0 8.0 17.0 149.0 8.0 19.0 9.0 15.0 20.0 9.0 8.0 16.0 8.0 16.0 19.0 8.0 8.0 16.0 16.0 9.0 8.0 16.0 8.0 8.0 16.0 16.0 9.0 7.0 49.0 8.0 8.0 17.0 8.0 16.0 33.0 8.0 7.0 16.0 8.0 21.0 16.0 8.0 16.0 40.0 10.0 8.0 42.0 17.0 10.0 16.0 9.0
31 32 1 TRACE 17.0 12.0 12.0 12.0 11.0 12.0 11.0 12.0 12.0 12.0 14.0 11.0 12.0 13.0 18.0 11.0 12.0 11.0 12.0 12.0 12.0 11.0 12.0 11.0 12.0 36.0 12.0 12.0 12.0 12.0 11.0 12.0 12.0 13.0 11.0 12.0 11.0 23.0 11.0 12.0 15.0 11.0 12.0 12.0 12.0 12.0 12.0 11.0 12.0 12.0 12.0 12.0 11.0 11.0 12.0 12.0 12.0 12.0 12.0 11.0 12.0 12.0 12.0 12.0 11.0 12.0 24.0 12.0 11.0 12.0 11.0 12.0 11.0 11.0 11.0 12.0 12.0 12.0 11.0 11.0 11.0 12.0 11.0 12.0 12.0 11.0 12.0 12.0 11.0 12.0 12.0 12.0 11.0 12.0 12.0 11.0 12.0 13.0 12.0 11.0 12.0 12.0 12.0 11.0 12.0 13.0 12.0 11.0 12.0 11.0 12.0 11.0 11.0 12.0 11.0 12.0 12.0 11.0 12.0 11.0 12.0 11.0 13.0 11.0 12.0 11.0 12.0 11.0 11.0 12.0 11.0 11.0 12.0 12.0 11.0 11.0 11.0 11.0 12.0 12.0 13.0 11.0 12.0 12.0 12.0 11.0 11.0 11.0 12.0 12.0 12.0 12.0 12.0 12.0 12.0 12.0 12.0 12.0 11.0 12.0 12.0 11.0 12.0 11.0 11.0 11.0 12.0 11.0 11.0 11.0 11.0 12.0 11.0 11.0 12.0 13.0 12.0 12.0 12.0 12.0 25.0 12.0 13.0 26.0 14.0 14.0 12.0
32 33 1 TRACE 21.0 15.0 15.0 14.0 15.0 18.0 14.0 15.0 15.0 16.0 54.0 17.0 16.0 15.0 26.0 14.0 15.0 15.0 19.0 34.0 41.0 18.0 16.0 14.0 14.0 16.0 14.0 15.0 17.0 15.0 50.0 69.0 14.0 15.0 14.0 15.0 15.0 22.0 15.0 15.0 16.0 15.0 16.0 15.0 15.0 15.0 17.0 15.0 14.0 15.0 28.0 16.0 15.0 14.0 15.0 16.0 14.0 15.0 15.0 15.0 15.0 14.0 15.0 19.0 16.0 14.0 26.0 28.0 15.0 20.0 59.0 14.0 20.0 15.0 15.0 25.0 36.0 67.0 15.0 15.0 15.0 58.0 26.0 32.0 14.0 15.0 14.0 14.0 15.0 14.0 15.0 15.0 52.0 15.0 14.0 14.0 15.0 151.0 14.0 15.0 16.0 23.0 15.0 15.0 63.0 14.0 24.0 16.0 15.0 15.0 14.0 23.0 143.0 14.0 31.0 53.0 14.0 14.0 14.0 17.0 14.0 299.0 16.0 63.0 16.0 14.0 124.0 15.0 14.0 30.0 19.0 50.0 15.0 14.0 48.0 14.0 18.0 52.0 14.0 15.0 160.0 54.0 380.0 14.0 26.0 32.0 19.0 15.0 52.0 19.0 28.0 15.0 15.0 14.0 14.0 14.0 14.0 15.0 18.0 15.0 14.0 17.0 55.0 18.0 43.0 15.0 16.0 17.0 15.0 15.0 28.0 16.0 14.0 18.0 54.0 15.0 50.0 20.0 27.0 36.0 27.0 65.0 43.0 20.0 28.0 29.0 20.0
33 34 1 TRACE 77.0 56.0 67.0 47.0 61.0 35.0 81.0 74.0 219.0 32.0 69.0 74.0 59.0 77.0 49.0 35.0 97.0 63.0 21.0 77.0 26.0 131.0 46.0 75.0 45.0 44.0 68.0 66.0 63.0 30.0 342.0 61.0 48.0 102.0 76.0 51.0 67.0 28.0 35.0 37.0 33.0 86.0 88.0 102.0 151.0 82.0 64.0 60.0 392.0 55.0 31.0 50.0 53.0 119.0 115.0 67.0 49.0 168.0 32.0 37.0 64.0 76.0 80.0 34.0 34.0 156.0 21.0 72.0 48.0 42.0 33.0 152.0 82.0 26.0 147.0 31.0 148.0 21.0 98.0 59.0 226.0 49.0 29.0 98.0 44.0 58.0 57.0 69.0 52.0 66.0 71.0 129.0 28.0 68.0 47.0 85.0 186.0 330.0 55.0 53.0 32.0 42.0 53.0 56.0 54.0 80.0 21.0 133.0 83.0 37.0 79.0 32.0 21.0 54.0 82.0 44.0 43.0 32.0 137.0 55.0 32.0 447.0 38.0 20.0 59.0 53.0 30.0 64.0 57.0 95.0 71.0 35.0 42.0 54.0 21.0 49.0 37.0 94.0 79.0 177.0 128.0 80.0 578.0 46.0 136.0 94.0 55.0 118.0 20.0 105.0 58.0 314.0 458.0 90.0 49.0 39.0 87.0 166.0 149.0 81.0 81.0 45.0 20.0 43.0 32.0 76.0 71.0 33.0 80.0 141.0 147.0 24.0 45.0 40.0 20.0 42.0 30.0 43.0 89.0 106.0 149.0 141.0 143.0 108.0 37.0 84.0 145.0
34 35 1 TRACE 623.0 632.0 48.0 18.0 66.0 47.0 17.0 47.0 29.0 45.0 49.0 16.0 44.0 81.0 17.0 46.0 254.0 17.0 46.0 50.0 51.0 49.0 48.0 46.0 20.0 81.0 47.0 49.0 54.0 17.0 191.0 46.0 17.0 51.0 47.0 48.0 58.0 16.0 44.0 47.0 47.0 17.0 47.0 46.0 66.0 51.0 29.0 45.0 302.0 47.0 17.0 49.0 48.0 49.0 49.0 53.0 57.0 51.0 17.0 55.0 77.0 48.0 48.0 49.0 121.0 16.0 51.0 69.0 17.0 43.0 60.0 47.0 28.0 52.0 16.0 78.0 351.0 191.0 49.0 32.0 22.0 45.0 46.0 50.0 59.0 17.0 54.0 47.0 45.0 71.0 32.0 15.0 93.0 47.0 15.0 51.0 74.0 17.0 50.0 46.0 18.0 50.0 48.0 16.0 156.0 48.0 18.0 47.0 46.0 44.0 51.0 47.0 19.0 48.0 113.0 50.0 44.0 48.0 54.0 45.0 16.0 103.0 46.0 47.0 47.0 73.0 305.0 57.0 44.0 47.0 46.0 44.0 50.0 47.0 17.0 45.0 18.0 55.0 51.0 16.0 42.0 128.0 45.0 45.0 49.0 17.0 58.0 51.0 79.0 49.0 21.0 45.0 18.0 45.0 52.0 16.0 60.0 54.0 37.0 49.0 77.0 51.0 17.0 107.0 49.0 16.0 56.0 68.0 45.0 115.0 17.0 50.0 49.0 49.0 46.0 48.0 45.0 46.0 50.0 29.0 43.0 82.0 83.0 30.0 48.0 205.0 18.0
35 36 1 TRACE 59.0 85.0 45.0 16.0 53.0 45.0 14.0 42.0 15.0 41.0 103.0 15.0 41.0 50.0 24.0 41.0 76.0 16.0 57.0 51.0 30.0 39.0 47.0 44.0 16.0 45.0 61.0 54.0 53.0 15.0 139.0 40.0 17.0 54.0 47.0 41.0 51.0 27.0 42.0 43.0 46.0 15.0 47.0 45.0 46.0 52.0 15.0 42.0 45.0 89.0 13.0 62.0 44.0 44.0 51.0 44.0 45.0 62.0 15.0 45.0 83.0 15.0 46.0 86.0 43.0 14.0 49.0 52.0 15.0 40.0 47.0 42.0 34.0 56.0 14.0 81.0 180.0 53.0 51.0 15.0 15.0 41.0 51.0 52.0 43.0 16.0 48.0 46.0 42.0 47.0 15.0 15.0 49.0 43.0 14.0 61.0 76.0 15.0 50.0 43.0 16.0 81.0 44.0 15.0 47.0 47.0 16.0 82.0 44.0 48.0 49.0 42.0 15.0 45.0 85.0 47.0 40.0 79.0 47.0 42.0 24.0 58.0 52.0 45.0 42.0 43.0 47.0 80.0 55.0 48.0 44.0 39.0 48.0 42.0 15.0 44.0 15.0 74.0 50.0 15.0 39.0 94.0 43.0 58.0 55.0 15.0 58.0 50.0 41.0 60.0 51.0 43.0 15.0 42.0 43.0 14.0 43.0 49.0 14.0 51.0 61.0 45.0 15.0 81.0 59.0 17.0 75.0 74.0 42.0 77.0 15.0 52.0 49.0 48.0 42.0 97.0 45.0 75.0 111.0 73.0 41.0 94.0 124.0 34.0 44.0 251.0 16.0
36 37 1 TRACE 253.0 94.0 71.0 107.0 240.0 69.0 126.0 68.0 59.0 49.0 119.0 168.0 77.0 60.0 110.0 65.0 73.0 118.0 79.0 131.0 46.0 55.0 102.0 155.0 100.0 71.0 35.0 264.0 107.0 176.0 69.0 160.0 99.0 37.0 73.0 45.0 178.0 95.0 26.0 55.0 67.0 217.0 82.0 112.0 61.0 113.0 83.0 31.0 54.0 27.0 135.0 59.0 41.0 124.0 98.0 93.0 31.0 123.0 105.0 50.0 57.0 74.0 36.0 41.0 57.0 126.0 124.0 108.0 99.0 188.0 97.0 66.0 156.0 179.0 127.0 63.0 296.0 28.0 110.0 77.0 131.0 79.0 63.0 149.0 149.0 188.0 78.0 27.0 39.0 77.0 116.0 131.0 74.0 84.0 94.0 122.0 2193.0 261.0 236.0 239.0 102.0 497.0 240.0 135.0 30.0 64.0 96.0 82.0 86.0 49.0 45.0 135.0 220.0 59.0 62.0 116.0 166.0 28.0 92.0 156.0 87.0 125.0 33.0 33.0 136.0 51.0 72.0 75.0 26.0 83.0 115.0 228.0 174.0 39.0 137.0 56.0 101.0 27.0 80.0 303.0 981.0 60.0 295.0 26.0 97.0 102.0 91.0 63.0 56.0 92.0 53.0 81.0 107.0 123.0 52.0 99.0 68.0 106.0 111.0 26.0 77.0 70.0 128.0 64.0 50.0 89.0 88.0 53.0 115.0 142.0 133.0 50.0 135.0 61.0 81.0 63.0 77.0 39.0 72.0 257.0 650.0 100.0 239.0 84.0 163.0 140.0 135.0
37 38 1 TRACE 66.0 44.0 51.0 36.0 63.0 42.0 79.0 52.0 66.0 68.0 62.0 70.0 65.0 51.0 32.0 38.0 33.0 50.0 61.0 38.0 39.0 62.0 32.0 84.0 29.0 35.0 74.0 29.0 38.0 75.0 34.0 29.0 35.0 70.0 49.0 42.0 167.0 39.0 30.0 62.0 77.0 64.0 57.0 64.0 64.0 77.0 48.0 54.0 62.0 49.0 50.0 70.0 31.0 74.0 73.0 67.0 34.0 75.0 30.0 60.0 41.0 73.0 49.0 44.0 87.0 51.0 40.0 37.0 38.0 69.0 35.0 94.0 107.0 69.0 36.0 61.0 78.0 54.0 38.0 28.0 63.0 38.0 58.0 71.0 253.0 56.0 34.0 39.0 47.0 71.0 45.0 37.0 42.0 81.0 40.0 67.0 69.0 45.0 42.0 48.0 44.0 67.0 46.0 74.0 43.0 71.0 31.0 70.0 87.0 36.0 43.0 28.0 41.0 42.0 62.0 46.0 70.0 67.0 67.0 75.0 28.0 49.0 37.0 32.0 37.0 55.0 61.0 70.0 38.0 48.0 63.0 35.0 64.0 36.0 38.0 68.0 66.0 70.0 51.0 165.0 62.0 73.0 70.0 67.0 78.0 36.0 71.0 47.0 60.0 39.0 40.0 64.0 69.0 66.0 66.0 47.0 81.0 37.0 73.0 29.0 78.0 39.0 65.0 39.0 51.0 31.0 69.0 71.0 78.0 41.0 68.0 60.0 98.0 66.0 38.0 34.0 38.0 39.0 70.0 59.0 109.0 73.0 92.0 47.0 71.0 42.0 68.0
38 39 1 TRACE 51.0 38.0 28.0 45.0 22.0 41.0 79.0 42.0 30.0 62.0 38.0 64.0 23.0 72.0 37.0 36.0 75.0 39.0 54.0 57.0 32.0 75.0 32.0 75.0 66.0 55.0 45.0 41.0 54.0 67.0 44.0 61.0 68.0 68.0 28.0 43.0 75.0 85.0 43.0 29.0 64.0 63.0 27.0 24.0 32.0 78.0 24.0 83.0 57.0 37.0 30.0 36.0 30.0 43.0 52.0 62.0 25.0 65.0 24.0 62.0 43.0 63.0 26.0 30.0 50.0 45.0 64.0 27.0 41.0 60.0 44.0 67.0 64.0 72.0 65.0 26.0 82.0 56.0 69.0 37.0 47.0 37.0 29.0 62.0 115.0 28.0 58.0 43.0 33.0 60.0 65.0 60.0 32.0 67.0 57.0 32.0 767.0 34.0 79.0 76.0 66.0 29.0 67.0 71.0 46.0 67.0 33.0 35.0 66.0 36.0 40.0 25.0 69.0 46.0 24.0 62.0 74.0 63.0 54.0 65.0 58.0 32.0 33.0 25.0 33.0 42.0 37.0 63.0 84.0 26.0 67.0 35.0 58.0 27.0 25.0 53.0 67.0 25.0 34.0 34.0 38.0 63.0 66.0 66.0 69.0 21.0 214.0 56.0 62.0 67.0 37.0 63.0 86.0 54.0 56.0 34.0 61.0 57.0 66.0 65.0 70.0 38.0 25.0 28.0 35.0 27.0 34.0 28.0 60.0 32.0 64.0 34.0 69.0 61.0 59.0 56.0 39.0 40.0 62.0 120.0 77.0 100.0 92.0 68.0 82.0 43.0 72.0
39 25 1 TRACE 16.0 17.0 26.0 16.0 42.0 19.0 26.0 16.0 17.0 18.0 16.0 23.0 31.0 17.0 15.0 16.0 154.0 21.0 16.0 17.0 18.0 32.0 16.0 18.0 43.0 73.0 17.0 18.0 15.0 27.0 18.0 52.0 17.0 51.0 16.0 18.0 15.0 19.0 18.0 18.0 18.0 37.0 25.0 17.0 56.0 15.0 18.0 16.0 16.0 16.0 16.0 37.0 17.0 18.0 19.0 24.0 16.0 15.0 15.0 18.0 17.0 34.0 21.0 16.0 28.0 60.0 16.0
39 40 1 TRACE 37.0 44.0 30.0 46.0 60.0 107.0 36.0 62.0 61.0 57.0 60.0 61.0 99.0 35.0 28.0 59.0 50.0 37.0 30.0 30.0 44.0 57.0 37.0 40.0 38.0 68.0 28.0 40.0 34.0 62.0 29.0 42.0 38.0 41.0 36.0 68.0 47.0 35.0 43.0 61.0 64.0 60.0 50.0 29.0 45.0 51.0 57.0 26.0 41.0 71.0 161.0 35.0 67.0 56.0 42.0 79.0 33.0 63.0 32.0 77.0 68.0 71.0 105.0 39.0
39 51 1 TRACE 48.0 43.0 25.0 30.0 69.0 37.0 55.0 53.0 68.0 28.0 46.0 57.0 37.0 34.0 45.0 35.0 29.0 77.0 63.0 56.0 28.0 38.0 65.0 65.0 43.0 60.0 29.0 30.0 68.0 527.0 67.0 57.0 64.0 65.0 28.0 69.0 65.0 57.0 64.0 75.0 28.0 32.0 78.0 55.0 39.0 63.0 62.0 64.0 62.0 65.0 80.0 61.0 33.0 132.0 105.0 66.0
40 41 1 TRACE 28.0 15.0 13.0 19.0 17.0 19.0 18.0 13.0 16.0 18.0 15.0 14.0 17.0 13.0 15.0 18.0 14.0 13.0 20.0 15.0 17.0 14.0 19.0 15.0 14.0 18.0 20.0 12.0 14.0 14.0 20.0 14.0 13.0 30.0 13.0 13.0 15.0 16.0 13.0 16.0 16.0 15.0 13.0 14.0 14.0 18.0 13.0 17.0 16.0 15.0 13.0 18.0 13.0 13.0 22.0 15.0 14.0 16.0 19.0 14.0 13.0 16.0 21.0 20.0
41 42 1 TRACE 17.0 11.0 14.0 13.0 12.0 11.0 12.0 11.0 12.0 11.0 12.0 12.0 11.0 12.0 12.0 11.0 12.0 12.0 13.0 12.0 11.0 12.0 12.0 13.0 11.0 12.0 11.0 11.0 12.0 11.0 16.0 12.0 12.0 11.0 12.0 12.0 11.0 11.0 12.0 14.0 11.0 12.0 11.0 12.0 11.0 11.0 12.0 11.0 12.0 11.0 11.0 11.0 11.0 12.0 11.0 13.0 12.0 11.0 12.0 12.0 11.0 12.0 12.0 11.0 13.0 13.0 12.0 12.0 12.0 12.0 12.0 12.0 11.0 13.0 11.0 11.0 11.0 12.0 11.0 11.0 12.0 12.0 12.0 12.0 15.0 11.0 11.0 11.0 11.0 12.0 12.0 12.0 12.0 14.0 11.0 11.0 12.0 11.0 11.0 12.0 11.0 12.0 13.0 12.0 11.0 12.0 13.0 11.0 11.0 12.0 12.0 12.0 11.0 11.0 12.0 13.0 11.0 11.0 12.0 11.0 11.0 12.0 12.0 12.0 11.0 11.0 11.0 12.0 11.0 11.0 12.0 14.0 11.0 11.0 12.0 12.0 11.0 11.0 11.0 11.0 14.0 11.0 11.0 12.0 11.0 12.0 12.0 13.0 12.0 12.0 12.0 12.0 11.0 12.0 11.0 11.0 12.0 13.0 12.0 12.0 12.0 12.0 13.0 13.0 12.0 12.0 11.0 12.0 11.0 12.0 12.0 15.0 12.0 12.0 11.0 12.0 12.0 11.0 11.0 12.0 13.0 11.0 11.0 14.0 12.0 12.0 12.0 11.0 11.0 12.0 11.0 11.0 12.0 12.0 12.0 13.0 13.0 13.0 13.0 13.0 12.0
42 43 1 TRACE 16.0 11.0 11.0 12.0 11.0 11.0 11.0 11.0 10.0 11.0 11.0 12.0 11.0 11.0 10.0 11.0 11.0 10.0 11.0 11.0 11.0 11.0 11.0 12.0 11.0 11.0 11.0 11.0 10.0 11.0 11.0 11.0 10.0 11.0 11.0 10.0 11.0 11.0 10.0 10.0 11.0 11.0 11.0 11.0 10.0 10.0 10.0 15.0 11.0 11.0 10.0 11.0 11.0 11.0 12.0 12.0 11.0 11.0 11.0 10.0 11.0 11.0 10.0 10.0 11.0 11.0 11.0 11.0 10.0 11.0 11.0 11.0 11.0 12.0 11.0 15.0 11.0 11.0 12.0 11.0 11.0 11.0 11.0 11.0 11.0 10.0 11.0 11.0 11.0 12.0 11.0 11.0 10.0 11.0 11.0 10.0 11.0 11.0 11.0 11.0 11.0 11.0 12.0 11.0 10.0 10.0 11.0 11.0 11.0 10.0 11.0 11.0 11.0 10.0 11.0 12.0 10.0 11.0 11.0 11.0 11.0 11.0 11.0 10.0 11.0 11.0 11.0 11.0 11.0 11.0 10.0 11.0 11.0 11.0 10.0 11.0 15.0 11.0 11.0 11.0 11.0 10.0 11.0 11.0 11.0 10.0 12.0 12.0 10.0 11.0 11.0 11.0 11.0 11.0 11.0 11.0 11.0 11.0 10.0 11.0 11.0 11.0 12.0 11.0 10.0 11.0 10.0 11.0 11.0 11.0 11.0 13.0 11.0 11.0 11.0 11.0 10.0 11.0 11.0 16.0 11.0 11.0 11.0 11.0 10.0 11.0 11.0 11.0 11.0 11.0 11.0 11.0 11.0 11.0 11.0 12.0 12.0 12.0 12.0 12.0 12.0
43 44 1 TRACE 12.0 7.0 8.0 8.0 8.0 8.0 8.0 8.0 8.0 7.0 9.0 8.0 8.0 8.0 8.0 8.0 8.0 8.0 8.0 8.0 8.0 8.0 8.0 8.0 8.0 7.0 8.0 8.0 8.0 7.0 8.0 7.0 8.0 7.0 8.0 8.0 8.0 8.0 8.0 8.0 8.0 8.0 7.0 8.0 8.0 8.0 25.0 8.0 7.0 8.0 8.0 8.0 7.0 8.0 8.0 9.0 8.0 8.0 8.0 8.0 8.0 8.0 8.0 8.0 8.0 8.0 8.0 8.0 8.0 7.0 8.0 8.0 8.0 8.0 7.0 8.0 7.0 9.0 8.0 8.0 7.0 7.0 8.0 8.0 9.0 8.0 8.0 8.0 8.0 8.0 8.0 8.0 8.0 8.0 8.0 8.0 8.0 8.0 8.0 8.0 7.0 8.0 8.0 8.0 8.0 8.0 8.0 8.0 7.0 8.0 8.0 8.0 8.0 8.0 8.0 9.0 8.0 7.0 8.0 7.0 7.0 8.0 8.0 8.0 13.0 7.0 8.0 8.0 8.0 8.0 8.0 8.0 8.0 8.0 8.0 8.0 8.0 8.0 8.0 8.0 8.0 8.0 7.0 7.0 8.0 8.0 8.0 9.0 8.0 8.0 8.0 8.0 7.0 8.0 8.0 8.0 8.0 8.0 8.0 8.0 8.0 8.0 9.0 7.0 8.0 8.0 8.0 8.0 7.0 7.0 7.0 10.0 8.0 8.0 8.0 7.0 8.0 8.0 8.0 9.0 9.0 8.0 7.0 8.0 8.0 8.0 8.0 7.0 8.0 8.0 8.0 8.0 7.0 8.0 8.0 9.0 21.0 9.0 9.0 9.0 9.0
44 45 1 TRACE 62.0 43.0 19.0 27.0 25.0 59.0 33.0 35.0 82.0 29.0 21.0 19.0 33.0 49.0 31.0 27.0 54.0 63.0 59.0 43.0 38.0 23.0 53.0 19.0 33.0 27.0 92.0 50.0 112.0 23.0 18.0 60.0 21.0 24.0 153.0 53.0 39.0 60.0 28.0 19.0 26.0 25.0 42.0 20.0 40.0 24.0 84.0 15.0 52.0 39.0 33.0 45.0 37.0 23.0 21.0 41.0 38.0 44.0 93.0 26.0 58.0 31.0 23.0 64.0 67.0 46.0 29.0 34.0 53.0 35.0 60.0 25.0 26.0 48.0 42.0 25.0 66.0 25.0 23.0 27.0 23.0 24.0 32.0 59.0 35.0 75.0 33.0 29.0 61.0 20.0 52.0 54.0 25.0 20.0 62.0 55.0 69.0 25.0 25.0 56.0 35.0 37.0 20.0 25.0 26.0 26.0 22.0 30.0 52.0 61.0 23.0 32.0 26.0 23.0 25.0 43.0 53.0 41.0 28.0 61.0 146.0 72.0 25.0 23.0 40.0 50.0 73.0 26.0 64.0 28.0 25.0 55.0 54.0 56.0 28.0 25.0 72.0 56.0 24.0 20.0 20.0 166.0 25.0 28.0 34.0 22.0 53.0 89.0 237.0 23.0 26.0 29.0 33.0 19.0 62.0 60.0 28.0 32.0 41.0 61.0 53.0 24.0 39.0 69.0 53.0 37.0 26.0 55.0 58.0 60.0 61.0 18.0 71.0 32.0 52.0 31.0 78.0 61.0 24.0 33.0 19.0 26.0 46.0 20.0 57.0 88.0 52.0 25.0 58.0 57.0 29.0 52.0 28.0 67.0 164.0 96.0 56.0 76.0 31.0 61.0 40.0
45 46 1 TRACE 27.0 223.0 16.0 16.0 16.0 16.0 17.0 15.0 25.0 15.0 16.0 17.0 15.0 57.0 16.0 39.0 16.0 16.0 16.0 16.0 15.0 15.0 16.0 25.0 15.0 16.0 17.0 16.0 19.0 16.0 15.0 16.0 15.0 16.0 18.0 20.0 16.0 17.0 56.0 15.0 17.0 15.0 16.0 16.0 15.0 16.0 47.0 15.0 15.0 15.0 54.0 17.0 16.0 16.0 15.0 30.0 17.0 17.0 54.0 15.0 15.0 16.0 58.0 15.0 16.0 15.0 30.0 16.0 25.0 15.0 16.0 16.0 26.0 14.0 50.0 125.0 15.0 15.0 20.0 16.0 16.0 26.0 16.0 15.0 15.0 16.0 15.0 56.0 16.0 15.0 33.0 16.0 16.0 16.0 15.0 16.0 16.0 27.0 15.0 17.0 16.0 16.0 495.0 228.0 16.0 15.0 15.0 16.0 15.0 19.0 24.0 17.0 15.0 15.0 15.0 15.0 32.0 16.0 17.0 15.0 41.0 51.0 16.0 15.0 21.0 16.0 36.0 26.0 14.0 15.0 116.0 59.0 16.0 16.0 16.0 31.0 29.0 54.0 15.0 17.0 15.0 44.0 16.0 16.0 19.0 15.0 16.0 14.0 17.0 15.0 30.0 17.0 16.0 15.0 33.0 26.0 15.0 22.0 18.0 16.0 16.0 15.0 15.0 15.0 16.0 16.0 15.0 15.0 15.0 29.0 15.0 17.0 16.0 51.0 16.0 22.0 15.0 16.0 22.0 22.0 15.0 48.0 16.0 18.0 17.0 15.0 16.0 18.0 19.0 50.0 16.0 15.0 16.0 16.0 83.0 21.0 29.0 28.0 16.0 17.0 16.0
46 47 1 TRACE 46.0 1631.0 39.0 32.0 22.0 20.0 40.0 23.0 20.0 21.0 57.0 22.0 30.0 27.0 21.0 85.0 26.0 27.0 20.0 26.0 28.0 44.0 35.0 33.0 20.0 104.0 21.0 19.0 242.0 130.0 21.0 73.0 32.0 23.0 31.0 21.0 20.0 27.0 46.0 20.0 36.0 23.0 37.0 34.0 22.0 25.0 28.0 21.0 24.0 32.0 22.0 19.0 49.0 44.0 64.0 28.0 20.0 19.0 27.0 20.0 20.0 41.0 67.0 21.0 31.0 25.0 36.0 25.0 21.0 127.0 49.0 29.0 20.0 38.0 24.0 21.0 46.0 85.0 34.0 22.0 27.0 20.0 46.0 32.0 25.0 19.0 120.0 38.0 21.0 21.0 30.0 20.0 20.0 28.0 21.0 32.0 29.0 26.0 26.0 36.0 21.0 23.0 29.0 70.0 20.0 47.0 28.0 19.0 33.0 22.0 20.0 64.0 116.0 21.0 31.0 23.0 20.0 32.0 24.0 20.0 20.0 27.0 22.0 28.0 80.0 24.0 20.0 30.0 21.0 20.0 32.0 24.0 20.0 20.0 32.0 21.0 21.0 33.0 32.0 22.0 31.0 78.0 24.0 46.0 23.0 27.0 20.0 28.0 34.0 22.0 29.0 51.0 20.0 72.0 23.0 20.0 20.0 58.0 57.0 20.0 27.0 23.0 22.0 32.0 25.0 20.0 36.0 43.0 22.0 22.0 37.0 66.0 20.0 20.0 118.0 34.0 20.0 35.0 51.0 22.0 62.0 21.0 20.0 27.0 32.0 20.0 74.0 23.0 36.0 31.0 59.0 19.0 52.0 22.0 22.0 31.0 27.0 23.0 103.0 23.0 21.0
47 48 1 TRACE 12.0 29.0 12.0 12.0 9.0 9.0 10.0 9.0 9.0 258.0 71.0 10.0 24.0 10.0 10.0 10.0 8.0 9.0 20.0 10.0 9.0 9.0 10.0 9.0 8.0 9.0 9.0 10.0 9.0 9.0 11.0 10.0 8.0 10.0 10.0 10.0 27.0 13.0 10.0 10.0 7.0 17.0 15.0 12.0 9.0 9.0 9.0 10.0 8.0 9.0 12.0 11.0 10.0 9.0 12.0 9.0 8.0 9.0 31.0 12.0 9.0 9.0 12.0 9.0 8.0 30.0 12.0 10.0 9.0 10.0 10.0 10.0 8.0 9.0 9.0 10.0 9.0 11.0 10.0 10.0 8.0 10.0 10.0 9.0 10.0 19.0 10.0 9.0 8.0 20.0 10.0 10.0 10.0 10.0 10.0 10.0 8.0 9.0 9.0 11.0 10.0 10.0 23.0 9.0 8.0 65.0 11.0 15.0 10.0 50.0 45.0 14.0 8.0 9.0 10.0 12.0 9.0 12.0 13.0 10.0 7.0 222.0 12.0 11.0 10.0 13.0 11.0 10.0 8.0 10.0 11.0 10.0 10.0 12.0 10.0 10.0 7.0 9.0 20.0 10.0 10.0 10.0 12.0 9.0 7.0 9.0 10.0 10.0 9.0 9.0 10.0 9.0 7.0 64.0 11.0 30.0 10.0 10.0 10.0 10.0 8.0 9.0 10.0 10.0 13.0 21.0 10.0 9.0 8.0 41.0 11.0 18.0 10.0 9.0 10.0 10.0 8.0 9.0 10.0 10.0 9.0 9.0 10.0 9.0 8.0 9.0 10.0 10.0 9.0 10.0 11.0 10.0 8.0 9.0 10.0 10.0 10.0 10.0 10.0 10.0 8.0 43.0 41.0 12.0 36.0 12.0 10.0 14.0 8.0 9.0 10.0 11.0 10.0 11.0 10.0 9.0 8.0 9.0 13.0 11.0 9.0 9.0 10.0 9.0 8.0 9.0 10.0 10.0 10.0 12.0 10.0 10.0 8.0 10.0 9.0 12.0 9.0 12.0 10.0 9.0 8.0 48.0 12.0 10.0 10.0 9.0 21.0 10.0 8.0 9.0 9.0 13.0 10.0 10.0 10.0 10.0 8.0 9.0 9.0 12.0 9.0 12.0 11.0 10.0 8.0 8.0 9.0 10.0 10.0 12.0 10.0 10.0 8.0 16.0 12.0 9.0 9.0 12.0 11.0 9.0 8.0 9.0 10.0 11.0 9.0 9.0 10.0 10.0 8.0 10.0 12.0 10.0 9.0 10.0 22.0 9.0 8.0 30.0 10.0 10.0 9.0 9.0 33.0 9.0 7.0 14.0 11.0 10.0 9.0 11.0 11.0 9.0 8.0 9.0 45.0 15.0 9.0 10.0 10.0 26.0 8.0 9.0 9.0 15.0 10.0 9.0 11.0 10.0 8.0 9.0 10.0 11.0 9.0 10.0 12.0 9.0 8.0 15.0 9.0 9.0 10.0 12.0 10.0 18.0 8.0 63.0 49.0 11.0 10.0 9.0 10.0 10.0 8.0 9.0 11.0 11.0 10.0 10.0 22.0 10.0 7.0 16.0 14.0 10.0 27.0 11.0 10.0 10.0 8.0 10.0 10.0 9.0 9.0 9.0 9.0 9.0 8.0 9.0 9.0 10.0 9.0 11.0 10.0 9.0 8.0 9.0 10.0 10.0 9.0 11.0 10.0 9.0 8.0 9.0 67.0 15.0 11.0 9.0 12.0 9.0 8.0 9.0 11.0 12.0 9.0 11.0 10.0 10.0 8.0 9.0 9.0 10.0 9.0 11.0 11.0 9.0 8.0 9.0 9.0 10.0 9.0 9.0 11.0 10.0 8.0 9.0 35.0 11.0 9.0 10.0 10.0 9.0 8.0 9.0 10.0 9.0 9.0 10.0 11.0 9.0 8.0 9.0 10.0 11.0 10.0 9.0 10.0 11.0 8.0 56.0 10.0 9.0 10.0 11.0 10.0 9.0 8.0 9.0 9.0 11.0 11.0 10.0 10.0 10.0 8.0 10.0 10.0 10.0 10.0 9.0 10.0 10.0 8.0 10.0 10.0 9.0 12.0 9.0 9.0 9.0 8.0 9.0 22.0 10.0 12.0 11.0 9.0 10.0 8.0 9.0 10.0 12.0 10.0 13.0 9.0 9.0 8.0 11.0 10.0 10.0 9.0 10.0 11.0 10.0 7.0 9.0 14.0 9.0 10.0 10.0 10.0 10.0 8.0 9.0 9.0 11.0 9.0 9.0 9.0 23.0 8.0 9.0 9.0 9.0 10.0 10.0 11.0 9.0 7.0 9.0 24.0 9.0 9.0 11.0 11.0 9.0 7.0 45.0 50.0 10.0 10.0 9.0 9.0 25.0 8.0 9.0 10.0 9.0 9.0 10.0 13.0 10.0 8.0 9.0 9.0 11.0 20.0 10.0 10.0 10.0 8.0 9.0 10.0 11.0 19.0 14.0 11.0 14.0 8.0 9.0 10.0 45.0 9.0 17.0 10.0 10.0 8.0 9.0 10.0 10.0 10.0 9.0 9.0 10.0 7.0 15.0 13.0 10.0 9.0 10.0 11.0 9.0 8.0 37.0 10.0 10.0 9.0 13.0 12.0 9.0 8.0 9.0 10.0 10.0 9.0 13.0 10.0 36.0 7.0 9.0 13.0 12.0 9.0 13.0 9.0 9.0 8.0 9.0 9.0 9.0 10.0 15.0 10.0 10.0 9.0 10.0 10.0 10.0 10.0 9.0 9.0 9.0 8.0 10.0 10.0 10.0 9.0 10.0 11.0 9.0 12.0 15.0 10.0 10.0 10.0 43.0 50.0 9.0 7.0 9.0 13.0 10.0 9.0 10.0 10.0 10.0 8.0 15.0 9.0 10.0 9.0 11.0 10.0 10.0 7.0 25.0 12.0 10.0 9.0 9.0 9.0 9.0 8.0 24.0 12.0 11.0 9.0 9.0 12.0 20.0 8.0 9.0 9.0 10.0 9.0 23.0 10.0 10.0 7.0 9.0 10.0 10.0 9.0 11.0 10.0 10.0 8.0 9.0 44.0 11.0 10.0 11.0 10.0 10.0 8.0 162.0 10.0 11.0 9.0 10.0 11.0 9.0 8.0 9.0 9.0 10.0 10.0 10.0 9.0 9.0 8.0 15.0 10.0 9.0 22.0 14.0 10.0 9.0 8.0 9.0 11.0 10.0 9.0 11.0 10.0 9.0 7.0 9.0 19.0 10.0 9.0 9.0 11.0 9.0 8.0 10.0 40.0 10.0 9.0 9.0 11.0 9.0 8.0 11.0 15.0 11.0 10.0 9.0 10.0 9.0 8.0 9.0 33.0 10.0 9.0 10.0 10.0 10.0 7.0 9.0 11.0 11.0 9.0 9.0 11.0 9.0 9.0 9.0 11.0 10.0 9.0 9.0 10.0 10.0 8.0 40.0 44.0 10.0 9.0 11.0 9.0 9.0 8.0 15.0 24.0 10.0 9.0 9.0 10.0 10.0 7.0 10.0 10.0 9.0 10.0 11.0 10.0 9.0 8.0 52.0 9.0 10.0 10.0 10.0 10.0 9.0 8.0 157.0 12.0 11.0 10.0 10.0 11.0 22.0 8.0 9.0 9.0 12.0 10.0 9.0 10.0 9.0 7.0 9.0 43.0 10.0 9.0 12.0 10.0 9.0 8.0 14.0 9.0 15.0 9.0 9.0 11.0 9.0 8.0 22.0 10.0 11.0 12.0 9.0 10.0 9.0 8.0 8.0 11.0 10.0 9.0 10.0 10.0 9.0 7.0 9.0 10.0 9.0 9.0 9.0 9.0 9.0 8.0 10.0 47.0 10.0 14.0 9.0 11.0 9.0 8.0 8.0 11.0 10.0 9.0 9.0 46.0 13.0 8.0 9.0 19.0 10.0 9.0 10.0 10.0 22.0 8.0 10.0 9.0 10.0 10.0 9.0 10.0 9.0 8.0 38.0 10.0 10.0 9.0 10.0 10.0 15.0 8.0 9.0 16.0 43.0 10.0 45.0 48.0 34.0 9.0 20.0 11.0 10.0 9.0 9.0 10.0 9.0 8.0 9.0 10.0 9.0 11.0 12.0 12.0 9.0 8.0 27.0 11.0 11.0 9.0 9.0 10.0 10.0 8.0 9.0 9.0 10.0 9.0 9.0 10.0 40.0 8.0 9.0 9.0 10.0 9.0 11.0 12.0 9.0 7.0 9.0 10.0 20.0 10.0 11.0 11.0 9.0 8.0 118.0 11.0 11.0 9.0 11.0 11.0 9.0 7.0 9.0 10.0 12.0 9.0 12.0 10.0 9.0 8.0 9.0 10.0 10.0 10.0 10.0 10.0 10.0 8.0 10.0 10.0 20.0 9.0 9.0 9.0 9.0 8.0 9.0 10.0 9.0 9.0 10.0 10.0 9.0 8.0 229.0 9.0 9.0 9.0 11.0 10.0 9.0 8.0 9.0 24.0 11.0 10.0 9.0 12.0 10.0 8.0 9.0 37.0 11.0 10.0 10.0 10.0 11.0 8.0 25.0 9.0 10.0 9.0 9.0 11.0 10.0 8.0 9.0 11.0 11.0 10.0 9.0 11.0 10.0 8.0 65.0 10.0 11.0 10.0 9.0 10.0 10.0 8.0 27.0 33.0 9.0 9.0 11.0 10.0 9.0 8.0 39.0 11.0 10.0 10.0 9.0 10.0 9.0 8.0 10.0 9.0 11.0 9.0 10.0 11.0 34.0 8.0 9.0 9.0 11.0 9.0 9.0 9.0 9.0 8.0 91.0 36.0 10.0 9.0 20.0 10.0 9.0 8.0 9.0 58.0 10.0 9.0 15.0 12.0 10.0 7.0 9.0 33.0 22.0 10.0 11.0 10.0 10.0 8.0 24.0 10.0 10.0 9.0 10.0 10.0 10.0 7.0 10.0 10.0 11.0 10.0 9.0 11.0 9.0 8.0 112.0 11.0 24.0 34.0 11.0 10.0 10.0 8.0 16.0 48.0 11.0 11.0 9.0 12.0 10.0 7.0 9.0 13.0 12.0 11.0 9.0 13.0 9.0 8.0 10.0 32.0 11.0 10.0 10.0 10.0 9.0 8.0 9.0 43.0 12.0 9.0 83.0 46.0 21.0 8.0 21.0 15.0 9.0 9.0 9.0 10.0 9.0 8.0 9.0 10.0 10.0 9.0 9.0 11.0 9.0 8.0 10.0 10.0 10.0 9.0 10.0 10.0 9.0 8.0 9.0 10.0 10.0 10.0 10.0 75.0 9.0 8.0 9.0 10.0 10.0 9.0 20.0 12.0 10.0 8.0 9.0 9.0 10.0 9.0 10.0 10.0 9.0 7.0 76.0 9.0 10.0 10.0 10.0 11.0 9.0 8.0 20.0 10.0 10.0 9.0 9.0 13.0 10.0 8.0 9.0 9.0 9.0 21.0 11.0 10.0 9.0 8.0 9.0 9.0 10.0 9.0 9.0 10.0 10.0 7.0 33.0 10.0 10.0 9.0 10.0 10.0 10.0 8.0 9.0 9.0 10.0 10.0 9.0 12.0 10.0 7.0 9.0 26.0 10.0 10.0 9.0 18.0 30.0 8.0 9.0 26.0 10.0 11.0 11.0 10.0 10.0 8.0 13.0 10.0 10.0 9.0 9.0 9.0 10.0 7.0 10.0 9.0 9.0 14.0 10.0 10.0 9.0 19.0 9.0 17.0 9.0 9.0 10.0 11.0 10.0 8.0 9.0 11.0 10.0 10.0 10.0 11.0 21.0 8.0 9.0 11.0 10.0 10.0 8.0 10.0 10.0 8.0 12.0 10.0 10.0 9.0 10.0 9.0 9.0 8.0 9.0 10.0 11.0 9.0 10.0 10.0 9.0 8.0 9.0 17.0 25.0 10.0 9.0 10.0 11.0 8.0 9.0 83.0 10.0 14.0 33.0 9.0 9.0 8.0 8.0 9.0 14.0 9.0 16.0 11.0 10.0 9.0 10.0 10.0 9.0 10.0 9.0 10.0 9.0 22.0 9.0 9.0 10.0 10.0 10.0 11.0 9.0 8.0 74.0 10.0 9.0 47.0 10.0 10.0 9.0 7.0 9.0 9.0 9.0 10.0 9.0 9.0 9.0 8.0 9.0 9.0 12.0 9.0 9.0 10.0 14.0 8.0 9.0 10.0 24.0 10.0 9.0 10.0 9.0 7.0 21.0 10.0 10.0 33.0 38.0 16.0 42.0 8.0 9.0 11.0 11.0 9.0 10.0 11.0 9.0 8.0 9.0 9.0 11.0 9.0 9.0 11.0 9.0 8.0 9.0 9.0 9.0 10.0 10.0 10.0 9.0 8.0 10.0 10.0 10.0 13.0 11.0 12.0 12.0 8.0 9.0 10.0 11.0 10.0 24.0 9.0 10.0 8.0 9.0 10.0 11.0 9.0 9.0 10.0 9.0 7.0 46.0 13.0 11.0 10.0 9.0 11.0 10.0 7.0 9.0 9.0 10.0 10.0 9.0 9.0 9.0 8.0 9.0 11.0 10.0 9.0 11.0 10.0 9.0 8.0 9.0 9.0 9.0 10.0 41.0 12.0 9.0 8.0 21.0 9.0 10.0 10.0 10.0 10.0 10.0 8.0 9.0 12.0 10.0 9.0 10.0 11.0 9.0 8.0 10.0 11.0 10.0 9.0 11.0 12.0 10.0 8.0 9.0 9.0 11.0 9.0 11.0 10.0 10.0 8.0 8.0 10.0 9.0 9.0 11.0 10.0 9.0 7.0 9.0 10.0 9.0 21.0 9.0 10.0 11.0 7.0 35.0 9.0 34.0 10.0 19.0 16.0 11.0 9.0 17.0 56.0 11.0 9.0 31.0 11.0 24.0 10.0 11.0 12.0 11.0 11.0 11.0 18.0 12.0 10.0 40.0 43.0 31.0 47.0 31.0 11.0 11.0 10.0 12.0 11.0 11.0 11.0 10.0 11.0 11.0 9.0 10.0 11.0 11.0 11.0 11.0 12.0 11.0 8.0 10.0 11.0 10.0 10.0 28.0 10.0 11.0 9.0 9.0 11.0 47.0 12.0 46.0 11.0 12.0
48 49 1 TRACE 12.0 16.0 10.0 11.0 10.0 11.0 10.0 10.0 8.0 11.0 32.0 9.0 9.0 10.0 10.0 10.0 8.0 9.0 9.0 11.0 9.0 9.0 9.0 9.0 8.0 10.0 10.0 10.0 10.0 10.0 10.0 11.0 8.0 20.0 10.0 11.0 10.0 10.0 10.0 12.0 7.0 9.0 10.0 45.0 9.0 10.0 9.0 10.0 8.0 42.0 10.0 10.0 10.0 10.0 10.0 9.0 8.0 10.0 11.0 10.0 10.0 12.0 10.0 10.0 8.0 9.0 9.0 9.0 9.0 10.0 26.0 10.0 7.0 9.0 9.0 9.0 9.0 14.0 9.0 48.0 9.0 11.0 12.0 10.0 10.0 10.0 10.0 10.0 7.0 26.0 10.0 9.0 10.0 11.0 10.0 32.0 8.0 9.0 10.0 9.0 9.0 9.0 10.0 9.0 8.0 12.0 10.0 11.0 10.0 13.0 10.0 9.0 8.0 9.0 10.0 10.0 10.0 10.0 10.0 9.0 7.0 12.0 9.0 10.0 10.0 9.0 25.0 9.0 8.0 29.0 11.0 10.0 10.0 25.0 10.0 11.0 7.0 9.0 11.0 10.0 10.0 9.0 10.0 9.0 7.0 9.0 9.0 9.0 9.0 34.0 9.0 9.0 8.0 13.0 10.0 10.0 10.0 10.0 10.0 10.0 8.0 8.0 12.0 9.0 21.0 10.0 10.0 10.0 7.0 9.0 9.0 10.0 9.0 10.0 9.0 10.0 8.0 9.0 10.0 10.0 9.0 10.0 10.0 9.0 8.0 9.0 10.0 10.0 9.0 10.0 10.0 9.0 8.0 16.0 10.0 9.0 10.0 13.0 9.0 12.0 8.0 24.0 10.0 10.0 10.0 10.0 10.0 10.0 7.0 8.0 9.0 10.0 9.0 9.0 10.0 10.0 7.0 16.0 9.0 10.0 9.0 35.0 9.0 9.0 8.0 10.0 14.0 11.0 10.0 10.0 24.0 10.0 7.0 9.0 10.0 10.0 10.0 9.0 10.0 9.0 7.0 14.0 32.0 10.0 10.0 10.0 20.0 9.0 9.0 10.0 10.0 22.0 10.0 10.0 10.0 10.0 8.0 9.0 9.0 10.0 9.0 10.0 10.0 10.0 7.0 9.0 9.0 10.0 9.0 10.0 9.0 9.0 8.0 35.0 10.0 10.0 10.0 10.0 14.0 9.0 7.0 8.0 10.0 10.0 10.0 9.0 9.0 9.0 8.0 27.0 10.0 9.0 9.0 13.0 9.0 10.0 8.0 25.0 12.0 11.0 10.0 9.0 10.0 9.0 7.0 9.0 10.0 9.0 9.0 10.0 9.0 9.0 7.0 42.0 9.0 10.0 9.0 9.0 10.0 28.0 8.0 10.0 10.0 10.0 9.0 11.0 10.0 10.0 8.0 9.0 10.0 10.0 10.0 10.0 10.0 9.0 7.0 39.0 9.0 10.0 9.0 9.0 10.0 10.0 8.0 19.0 15.0 11.0 10.0 9.0 10.0 44.0 8.0 32.0 10.0 10.0 9.0 13.0 9.0 9.0 7.0 10.0 9.0 9.0 22.0 10.0 10.0 9.0 8.0 11.0 22.0 11.0 9.0 9.0 9.0 10.0 7.0 9.0 9.0 10.0 10.0 37.0 10.0 10.0 8.0 9.0 9.0 10.0 10.0 10.0 9.0 9.0 8.0 13.0 11.0 12.0 10.0 9.0 10.0 10.0 7.0 10.0 10.0 10.0 26.0 10.0 10.0 10.0 7.0 9.0 10.0 11.0 10.0 10.0 10.0 9.0 9.0 10.0 10.0 10.0 10.0 10.0 10.0 10.0 8.0 9.0 10.0 10.0 9.0 9.0 9.0 9.0 7.0 9.0 9.0 9.0 10.0 10.0 9.0 9.0 8.0 11.0 11.0 10.0 10.0 10.0 9.0 84.0 7.0 17.0 9.0 9.0 9.0 9.0 10.0 9.0 7.0 9.0 9.0 9.0 9.0 9.0 9.0 9.0 8.0 11.0 12.0 11.0 10.0 11.0 10.0 10.0 7.0 21.0 9.0 21.0 9.0 9.0 10.0 9.0 7.0 10.0 10.0 9.0 10.0 9.0 9.0 9.0 8.0 10.0 11.0 10.0 10.0 10.0 10.0 9.0 7.0 9.0 9.0 9.0 10.0 14.0 9.0 10.0 7.0 8.0 10.0 9.0 10.0 10.0 10.0 10.0 8.0 14.0 10.0 11.0 9.0 11.0 9.0 11.0 18.0 9.0 9.0 10.0 9.0 9.0 10.0 10.0 7.0 25.0 10.0 9.0 9.0 9.0 9.0 10.0 8.0 52.0 13.0 11.0 10.0 9.0 9.0 10.0 7.0 9.0 9.0 9.0 10.0 9.0 9.0 9.0 8.0 9.0 10.0 9.0 9.0 10.0 9.0 10.0 9.0 11.0 10.0 10.0 10.0 10.0 9.0 10.0 7.0 9.0 9.0 9.0 9.0 9.0 10.0 10.0 7.0 15.0 9.0 10.0 10.0 10.0 9.0 20.0 7.0 14.0 11.0 10.0 10.0 12.0 9.0 10.0 7.0 11.0 10.0 10.0 10.0 10.0 9.0 10.0 7.0 9.0 10.0 10.0 9.0 9.0 9.0 9.0 7.0 8.0 13.0 9.0 10.0 9.0 9.0 9.0 8.0 10.0 11.0 10.0 10.0 10.0 10.0 10.0 8.0 9.0 10.0 10.0 10.0 10.0 10.0 10.0 10.0 9.0 10.0 22.0 9.0 9.0 9.0 9.0 21.0 19.0 11.0 10.0 10.0 13.0 10.0 10.0 8.0 9.0 21.0 10.0 10.0 9.0 9.0 9.0 8.0 9.0 9.0 10.0 9.0 9.0 9.0 9.0 8.0 13.0 10.0 10.0 10.0 9.0 10.0 10.0 8.0 16.0 10.0 10.0 10.0 13.0 10.0 10.0 7.0 9.0 9.0 9.0 13.0 9.0 9.0 45.0 7.0 8.0 9.0 10.0 9.0 10.0 9.0 11.0 8.0 10.0 11.0 11.0 10.0 10.0 32.0 10.0 7.0 11.0 10.0 10.0 10.0 9.0 10.0 10.0 7.0 9.0 9.0 9.0 10.0 9.0 9.0 10.0 8.0 37.0 10.0 10.0 10.0 11.0 10.0 10.0 7.0 42.0 9.0 9.0 9.0 10.0 10.0 10.0 7.0 13.0 20.0 9.0 9.0 9.0 9.0 10.0 8.0 17.0 12.0 10.0 10.0 14.0 10.0 9.0 8.0 12.0 10.0 10.0 10.0 10.0 10.0 10.0 7.0 9.0 9.0 10.0 9.0 9.0 9.0 9.0 8.0 11.0 11.0 10.0 9.0 11.0 10.0 10.0 8.0 9.0 10.0 10.0 9.0 9.0 9.0 10.0 7.0 9.0 46.0 10.0 9.0 10.0 9.0 10.0 9.0 12.0 19.0 10.0 10.0 10.0 9.0 10.0 7.0 9.0 9.0 9.0 9.0 10.0 10.0 9.0 8.0 23.0 9.0 10.0 9.0 13.0 9.0 10.0 8.0 12.0 11.0 10.0 10.0 10.0 23.0 13.0 8.0 9.0 9.0 10.0 9.0 13.0 9.0 10.0 7.0 9.0 9.0 10.0 9.0 10.0 9.0 9.0 8.0 11.0 10.0 11.0 10.0 10.0 10.0 9.0 7.0 47.0 10.0 47.0 11.0 9.0 9.0 20.0 7.0 10.0 9.0 10.0 9.0 10.0 10.0 9.0 8.0 10.0 11.0 9.0 9.0 12.0 9.0 9.0 8.0 35.0 10.0 11.0 10.0 9.0 10.0 9.0 7.0 20.0 10.0 9.0 9.0 39.0 44.0 10.0 9.0 12.0 11.0 10.0 9.0 10.0 10.0 10.0 7.0 9.0 9.0 10.0 9.0 9.0 9.0 10.0 8.0 22.0 9.0 9.0 9.0 10.0 10.0 10.0 8.0 11.0 12.0 10.0 10.0 14.0 10.0 11.0 9.0 15.0 10.0 10.0 9.0 10.0 10.0 9.0 7.0 9.0 9.0 10.0 9.0 9.0 9.0 10.0 8.0 10.0 11.0 10.0 9.0 14.0 10.0 20.0 7.0 13.0 10.0 10.0 9.0 9.0 10.0 9.0 7.0 23.0 9.0 10.0 10.0 10.0 10.0 9.0 7.0 9.0 9.0 9.0 9.0 9.0 9.0 9.0 8.0 13.0 10.0 10.0 10.0 10.0 23.0 9.0 7.0 9.0 10.0 9.0 9.0 9.0 9.0 9.0 7.0 55.0 9.0 10.0 11.0 10.0 10.0 10.0 9.0 12.0 11.0 10.0 10.0 9.0 9.0 9.0 8.0 9.0 9.0 10.0 10.0 10.0 9.0 9.0 8.0 9.0 9.0 9.0 9.0 9.0 9.0 9.0 8.0 10.0 11.0 11.0 10.0 11.0 10.0 10.0 7.0 10.0 11.0 10.0 10.0 10.0 10.0 9.0 8.0 10.0 9.0 10.0 9.0 9.0 9.0 10.0 8.0 10.0 12.0 10.0 9.0 11.0 10.0 9.0 8.0 11.0 11.0 12.0 10.0 10.0 9.0 10.0 8.0 9.0 61.0 9.0 10.0 10.0 9.0 9.0 7.0 31.0 10.0 9.0 9.0 12.0 9.0 9.0 8.0 10.0 10.0 11.0 9.0 11.0 10.0 10.0 8.0 29.0 9.0 10.0 9.0 9.0 9.0 9.0 8.0 16.0 9.0 9.0 9.0 10.0 9.0 10.0 9.0 10.0 11.0 10.0 10.0 10.0 10.0 10.0 7.0 9.0 10.0 10.0 10.0 10.0 11.0 10.0 7.0 9.0 10.0 10.0 9.0 20.0 9.0 10.0 8.0 16.0 10.0 12.0 10.0 10.0 10.0 10.0 8.0 37.0 43.0 10.0 9.0 9.0 9.0 9.0 8.0 10.0 9.0 9.0 9.0 9.0 10.0 22.0 8.0 45.0 11.0 21.0 9.0 9.0 10.0 9.0 8.0 9.0 21.0 9.0 10.0 10.0 9.0 9.0 7.0 68.0 12.0 10.0 9.0 10.0 9.0 10.0 8.0 10.0 9.0 9.0 10.0 9.0 9.0 9.0 8.0 10.0 11.0 10.0 10.0 10.0 10.0 9.0 7.0 9.0 10.0 10.0 9.0 10.0 9.0 9.0 8.0 37.0 9.0 9.0 9.0 9.0 10.0 9.0 9.0 19.0 11.0 10.0 10.0 9.0 10.0 10.0 8.0 9.0 9.0 9.0 9.0 9.0 9.0 9.0 7.0 9.0 9.0 10.0 9.0 9.0 10.0 10.0 9.0 9.0 11.0 10.0 9.0 48.0 10.0 10.0 8.0 10.0 9.0 9.0 9.0 10.0 10.0 10.0 8.0 9.0 10.0 10.0 9.0 9.0 9.0 10.0 7.0 50.0 10.0 10.0 9.0 12.0 9.0 10.0 8.0 10.0 10.0 12.0 10.0 11.0 10.0 10.0 7.0 18.0 10.0 9.0 10.0 9.0 10.0 9.0 7.0 10.0 10.0 9.0 10.0 10.0 10.0 10.0 8.0 13.0 10.0 10.0 9.0 9.0 10.0 10.0 7.0 9.0 10.0 10.0 10.0 9.0 9.0 9.0 19.0 10.0 10.0 10.0 9.0 9.0 9.0 10.0 7.0 10.0 11.0 10.0 10.0 13.0 10.0 9.0 8.0 11.0 10.0 25.0 10.0 9.0 10.0 10.0 7.0 9.0 9.0 9.0 9.0 9.0 9.0 10.0 7.0 9.0 9.0 9.0 9.0 9.0 9.0 9.0 8.0 19.0 11.0 10.0 10.0 10.0 15.0 10.0 8.0 10.0 11.0 9.0 10.0 10.0 30.0 9.0 7.0 9.0 9.0 11.0 10.0 10.0 10.0 11.0 8.0 10.0 9.0 9.0 9.0 9.0 9.0 9.0 20.0 10.0 10.0 10.0 10.0 10.0 10.0 10.0 8.0 10.0 9.0 10.0 9.0 9.0 10.0 9.0 7.0 11.0 9.0 10.0 9.0 9.0 10.0 9.0 8.0 11.0 10.0 10.0 10.0 10.0 10.0 10.0 8.0 51.0 10.0 10.0 9.0 10.0 9.0 9.0 7.0 47.0 9.0 10.0 9.0 9.0 10.0 9.0 9.0 16.0 11.0 10.0 20.0 9.0 10.0 9.0 8.0 12.0 9.0 10.0 10.0 9.0 9.0 10.0 8.0 20.0 9.0 10.0 9.0 9.0 10.0 9.0 9.0 45.0 11.0 48.0 9.0 46.0 41.0 10.0 8.0 9.0 10.0 10.0 10.0 10.0 9.0 10.0 7.0 9.0 9.0 10.0 9.0 10.0 9.0 10.0 8.0 30.0 11.0 11.0 9.0 13.0 9.0 10.0 7.0 9.0 9.0 9.0 9.0 10.0 24.0 14.0 8.0 10.0 9.0 9.0 10.0 10.0 9.0 10.0 9.0 10.0 10.0 10.0 10.0 11.0 10.0 11.0 8.0 9.0 9.0 10.0 10.0 10.0 10.0 10.0 7.0 16.0 9.0 9.0 9.0 9.0 10.0 12.0 8.0 10.0 11.0 11.0 10.0 10.0 10.0 10.0 7.0 10.0 9.0 10.0 9.0 10.0 10.0 10.0 7.0 15.0 10.0 9.0 9.0 9.0 9.0 10.0 8.0 23.0 12.0 10.0 10.0 9.0 9.0 10.0 7.0 9.0 38.0 24.0 9.0 12.0 12.0 11.0 8.0 10.0 22.0 11.0 21.0 10.0 22.0 12.0 11.0 12.0 24.0 22.0 11.0 17.0 11.0 12.0 10.0 36.0 42.0 21.0 12.0 25.0 12.0 10.0 9.0 11.0 30.0 11.0 11.0 11.0 11.0 11.0 10.0 20.0 12.0 16.0 11.0 16.0 10.0 11.0 8.0 15.0 11.0 10.0 10.0 10.0 10.0 11.0 8.0 44.0 10.0 13.0 10.0 46.0 45.0 10.0
49 47 1 TRACE 21.0 17.0 16.0 16.0 16.0 14.0 14.0 791.0 415.0 12.0 12.0 25.0 12.0 13.0 14.0 14.0 12.0 13.0 15.0 35.0 11.0 27.0 46.0 17.0 15.0 16.0 14.0 14.0 29.0 12.0 12.0 12.0 28.0 13.0 13.0 12.0 11.0 12.0 48.0 12.0 12.0 12.0 40.0 20.0 19.0 20.0 18.0 15.0 17.0 15.0 15.0 13.0 14.0 14.0 12.0 13.0 11.0 11.0 11.0 11.0 11.0 15.0 12.0 58.0 12.0 12.0 11.0 11.0 13.0 43.0 20.0 15.0 15.0 14.0 14.0 15.0 13.0 12.0 22.0 12.0 13.0 25.0 13.0 13.0 11.0 12.0 11.0 11.0 12.0 12.0 11.0 23.0 15.0 16.0 15.0 12.0 13.0 47.0 29.0 12.0 12.0 11.0 13.0 11.0 26.0 12.0 11.0 11.0 11.0 12.0 11.0 11.0 35.0 14.0 15.0 13.0 13.0 26.0 14.0 43.0 17.0 11.0 11.0 12.0 17.0 12.0 21.0 13.0 11.0 11.0 13.0 11.0 11.0 37.0 14.0 14.0 14.0 14.0 13.0 14.0 12.0 12.0 11.0 14.0 11.0 12.0 12.0 12.0 11.0 11.0 12.0 12.0 11.0 12.0 22.0 22.0 19.0 17.0 17.0 15.0 16.0 14.0 15.0 36.0 13.0 13.0 12.0 13.0 12.0 12.0 12.0 11.0 12.0 24.0 13.0 18.0 15.0 15.0 17.0 15.0 14.0 13.0 11.0 50.0 11.0 12.0 12.0 11.0 12.0 12.0 11.0 11.0 13.0 12.0 12.0 11.0 15.0 14.0 14.0 14.0 15.0 12.0 13.0 47.0 12.0 12.0 12.0 12.0 11.0 12.0 12.0 25.0 13.0 42.0 13.0 52.0 12.0 22.0 18.0 18.0 16.0 14.0 27.0 15.0 12.0 12.0 12.0 12.0 12.0 12.0 13.0 12.0 12.0 12.0 12.0 29.0 11.0 12.0 19.0 17.0 18.0 16.0 14.0 13.0 15.0 22.0 27.0 12.0 48.0 13.0 13.0 12.0 11.0 11.0 11.0 12.0 13.0 11.0 11.0 16.0 14.0 14.0 13.0 14.0 13.0 14.0 12.0 11.0 12.0 11.0 12.0 12.0 11.0 11.0 12.0 14.0 11.0 11.0 11.0 12.0 23.0 47.0 20.0 17.0 17.0 31.0 16.0 33.0 37.0 13.0 14.0 13.0 11.0 12.0 18.0 11.0 12.0 12.0 12.0 11.0 11.0 21.0 18.0 18.0 17.0 16.0 15.0 15.0 14.0 13.0 12.0 13.0 14.0 12.0 12.0 31.0 12.0 11.0 11.0 11.0 11.0 11.0 17.0 16.0 13.0 17.0 16.0 36.0 13.0 50.0 14.0 12.0 45.0 50.0 13.0 12.0 11.0 12.0 11.0 11.0 12.0 11.0 12.0 20.0 17.0 16.0 15.0 17.0 16.0 15.0 12.0 13.0 12.0 12.0 12.0 12.0 13.0 17.0 11.0 12.0 11.0 12.0 10.0 11.0 23.0 23.0 19.0 18.0 18.0 16.0 17.0 19.0 16.0 14.0 12.0 13.0 12.0 12.0 13.0 14.0 22.0 11.0 11.0 12.0 11.0 16.0 26.0 16.0 13.0 14.0 12.0 49.0 11.0 11.0 40.0 12.0 11.0 11.0 11.0 12.0 13.0 11.0 11.0 11.0 10.0 12.0 16.0 15.0 15.0 14.0 15.0 13.0 13.0 18.0 16.0 11.0 11.0 14.0 14.0 12.0 16.0 11.0 11.0 12.0 12.0 47.0 15.0 16.0 15.0 14.0 13.0 15.0 26.0 13.0 12.0 12.0 12.0 12.0 12.0 11.0 12.0 12.0 12.0 13.0 12.0 18.0 12.0 12.0 23.0 17.0 16.0 15.0 15.0 49.0 35.0 13.0 14.0 14.0 24.0 12.0 12.0 12.0 12.0 11.0 11.0 11.0 12.0 10.0 11.0 16.0 15.0 14.0 13.0 14.0 13.0 13.0 12.0 12.0 11.0 11.0 12.0 21.0 12.0 11.0 11.0 11.0 23.0 12.0 11.0 11.0 19.0 18.0 16.0 14.0 13.0 13.0 15.0 13.0 13.0 12.0 14.0 48.0 46.0 13.0 11.0 62.0 15.0 12.0 22.0 11.0 13.0 21.0 20.0 41.0 21.0 20.0 16.0 19.0 14.0 13.0 14.0 13.0 15.0 13.0 13.0 11.0 12.0 11.0 12.0 12.0 11.0 12.0 12.0 12.0 11.0 11.0 12.0 42.0 14.0 16.0 15.0 14.0 13.0 13.0 13.0 13.0 12.0 40.0 14.0 12.0 13.0 34.0 12.0 14.0 11.0 11.0 11.0 12.0 12.0 11.0 21.0 17.0 32.0 46.0 16.0 12.0 23.0 12.0 12.0 15.0 50.0 13.0 11.0 12.0 12.0 11.0 11.0 11.0 12.0 11.0 11.0 23.0 21.0 23.0 21.0 21.0 19.0 21.0 15.0 13.0 13.0 15.0 16.0 13.0 12.0 11.0 22.0 12.0 11.0 11.0 12.0 11.0 12.0 12.0 12.0 11.0 12.0 11.0 16.0 20.0 18.0 15.0 15.0 13.0 14.0 13.0 13.0 12.0 12.0 12.0 13.0 12.0 12.0 12.0 12.0 12.0 11.0 12.0 11.0 11.0 18.0 17.0 19.0 29.0 27.0 14.0 51.0 12.0 12.0 11.0 11.0 13.0 12.0 12.0 11.0 11.0 11.0 11.0 12.0 11.0 11.0 17.0 15.0 14.0 15.0 16.0 13.0 14.0 12.0 13.0 11.0 12.0 12.0 12.0 12.0 11.0 12.0 12.0 11.0 11.0 11.0 12.0 18.0 16.0 15.0 14.0 15.0 12.0 13.0 14.0 16.0 12.0 13.0 23.0 11.0 13.0 11.0 14.0 12.0 11.0 11.0 11.0 12.0 20.0 16.0 23.0 14.0 15.0 13.0 13.0 13.0 11.0 22.0 12.0 12.0 12.0 12.0 11.0 12.0 18.0 12.0 28.0 11.0 12.0 18.0 15.0 15.0 14.0 15.0 12.0 14.0 50.0 14.0 12.0 13.0 13.0 12.0 12.0 11.0 11.0 11.0 11.0 13.0 11.0 12.0 22.0 20.0 17.0 16.0 17.0 14.0 16.0 30.0 15.0 47.0 14.0 24.0 13.0 14.0 11.0 11.0 19.0 11.0 47.0 14.0 12.0 59.0 22.0 20.0 18.0 17.0 21.0 16.0 13.0 13.0 13.0 13.0 13.0 12.0 16.0 11.0 11.0 12.0 11.0 23.0 12.0 11.0 17.0 15.0 15.0 14.0 51.0 17.0 13.0 12.0 11.0 11.0 12.0 12.0 12.0 11.0 12.0 11.0 11.0 11.0 11.0 11.0 12.0 86.0 17.0 15.0 17.0 13.0 13.0 19.0 24.0 11.0 12.0 35.0 12.0 12.0 12.0 12.0 12.0 17.0 33.0 12.0 11.0 11.0 21.0 21.0 20.0 19.0 20.0 17.0 16.0 41.0 24.0 14.0 13.0 13.0 13.0 12.0 25.0 11.0 12.0 11.0 12.0 21.0 12.0 11.0 12.0 12.0 12.0 12.0 11.0 11.0 17.0 15.0 14.0 14.0 14.0 13.0 13.0 22.0 12.0 12.0 11.0 13.0 11.0 17.0 35.0 24.0 11.0 11.0 26.0 12.0 11.0 19.0 16.0 26.0 14.0 16.0 36.0 13.0 12.0 12.0 11.0 11.0 12.0 12.0 13.0 11.0 11.0 11.0 11.0 12.0 12.0 11.0 117.0 17.0 15.0 15.0 14.0 14.0 13.0 22.0 13.0 13.0 12.0 12.0 12.0 12.0 23.0 44.0 15.0 11.0 11.0 11.0 36.0 20.0 22.0 19.0 19.0 18.0 15.0 17.0 16.0 13.0 13.0 13.0 13.0 12.0 12.0 12.0 11.0 11.0 11.0 11.0 11.0 12.0 11.0 11.0 11.0 19.0 12.0 11.0 47.0 55.0 19.0 17.0 14.0 15.0 13.0 19.0 12.0 12.0 12.0 12.0 22.0 14.0 11.0 11.0 11.0 11.0 11.0 12.0 11.0 11.0 20.0 19.0 16.0 16.0 15.0 13.0 14.0 12.0 33.0 25.0 14.0 61.0 15.0 24.0 11.0 11.0 12.0 11.0 11.0 12.0 12.0 54.0 20.0 30.0 15.0 16.0 13.0 14.0 13.0 12.0 16.0 13.0 12.0 11.0 11.0 11.0 12.0 11.0 11.0 12.0 12.0 12.0 23.0 19.0 18.0 16.0 18.0 15.0 14.0 68.0 13.0 13.0 13.0 13.0 12.0 12.0 14.0 12.0 12.0 11.0 12.0 12.0 11.0 12.0 11.0 12.0 22.0 12.0 11.0 11.0 17.0 44.0 14.0 14.0 15.0 13.0 13.0 100.0 17.0 23.0 11.0 13.0 12.0 11.0 16.0 11.0 11.0 11.0 11.0 12.0 15.0 18.0 26.0 15.0 15.0 15.0 12.0 13.0 14.0 13.0 12.0 11.0 13.0 12.0 11.0 40.0 12.0 12.0 11.0 17.0 11.0 11.0 24.0 37.0 32.0 18.0 17.0 13.0 15.0 14.0 14.0 30.0 14.0 27.0 13.0 13.0 11.0 13.0 11.0 48.0 12.0 11.0 11.0 35.0 12.0 11.0 12.0 13.0 11.0 12.0 36.0 24.0 15.0 15.0 17.0 14.0 14.0 12.0 12.0 12.0 12.0 13.0 12.0 14.0 11.0 11.0 11.0 13.0 11.0 12.0 11.0 17.0 50.0 18.0 15.0 15.0 14.0 14.0 95.0 12.0 13.0 11.0 13.0 12.0 12.0 11.0 14.0 24.0 11.0 12.0 11.0 12.0 22.0 46.0 21.0 23.0 50.0 17.0 19.0 16.0 14.0 13.0 13.0 15.0 13.0 13.0 11.0 11.0 12.0 11.0 49.0 12.0 12.0 110.0 12.0 12.0 11.0 12.0 16.0 12.0 23.0 19.0 17.0 34.0 18.0 15.0 18.0 26.0 14.0 13.0 14.0 13.0 14.0 13.0 12.0 12.0 11.0 23.0 26.0 11.0 13.0 83.0 23.0 12.0 12.0 22.0 11.0 12.0 38.0 15.0 15.0 13.0 14.0 13.0 13.0 12.0 11.0 13.0 12.0 11.0 11.0 13.0 12.0 11.0 11.0 11.0 11.0 11.0 11.0 18.0 17.0 15.0 15.0 14.0 14.0 13.0 12.0 12.0 12.0 12.0 13.0 12.0 11.0 11.0 12.0 11.0 11.0 27.0 36.0 11.0 21.0 17.0 15.0 16.0 14.0 13.0 14.0 41.0 12.0 11.0 12.0 13.0 11.0 12.0 12.0 11.0 13.0 13.0 21.0 12.0 11.0 22.0 17.0 17.0 14.0 15.0 18.0 13.0 12.0 12.0 13.0 12.0 29.0 12.0 12.0 85.0 11.0 11.0 47.0 12.0 11.0 12.0 17.0 15.0 14.0 14.0 15.0 12.0 14.0 12.0 13.0 12.0 45.0 14.0 28.0 48.0 11.0 12.0 12.0 11.0 11.0 11.0 11.0 21.0 20.0 51.0 20.0 16.0 13.0 16.0 13.0 14.0 12.0 27.0 14.0 13.0 12.0 14.0 12.0 11.0 11.0 11.0 12.0 11.0 19.0 17.0 45.0 16.0 16.0 13.0 14.0 12.0 12.0 13.0 12.0 13.0 12.0 50.0 12.0 16.0 11.0 11.0 12.0 11.0 11.0 20.0 15.0 14.0 14.0 16.0 13.0 51.0 45.0 15.0 17.0 22.0 43.0 16.0 37.0 12.0 19.0 26.0 27.0 31.0 24.0 13.0 64.0 18.0 35.0 16.0 21.0 21.0 17.0 14.0 15.0 28.0 13.0 15.0 25.0 34.0 126.0 14.0 31.0 31.0 41.0 15.0 16.0 18.0 17.0 15.0 17.0 14.0 13.0 14.0 13.0 13.0 13.0 13.0 15.0 13.0 13.0 13.0 12.0 12.0 12.0 13.0 17.0 12.0
49 50 1 TRACE 88.0 27.0 34.0 47.0 50.0 29.0 77.0 122.0 64.0 66.0 77.0 34.0 55.0 26.0 37.0 300.0 97.0 145.0 62.0 83.0 74.0 193.0 193.0 76.0 97.0 30.0 122.0 75.0 93.0 188.0 24.0 37.0 59.0 79.0 41.0 31.0 49.0 315.0 108.0 74.0 101.0 192.0 142.0 56.0 95.0 70.0 45.0 51.0 76.0 155.0 124.0 94.0 102.0 205.0 192.0 34.0 89.0 138.0 114.0 71.0 83.0 202.0 94.0 40.0 41.0 208.0 138.0 29.0 162.0 181.0 26.0 27.0 24.0 153.0 44.0 370.0 66.0 170.0 26.0 76.0 25.0 157.0 197.0 110.0 65.0 112.0 156.0 66.0 321.0 81.0 126.0 134.0 90.0 41.0 244.0 203.0 119.0 36.0 139.0 123.0 106.0 26.0 382.0 90.0 100.0 38.0 67.0 160.0 123.0 46.0 120.0 82.0 101.0 27.0 32.0 149.0 62.0 27.0 169.0 146.0 79.0 71.0 296.0 216.0 41.0 92.0 63.0 207.0 131.0 24.0 446.0 155.0 166.0 23.0 31.0 437.0 148.0 81.0 36.0 67.0 435.0 116.0 69.0 95.0 93.0 24.0 38.0 84.0 90.0 132.0 109.0 78.0 900.0 100.0 30.0 26.0 113.0 93.0 71.0 42.0 101.0 146.0 116.0 92.0 78.0 88.0 155.0 110.0 26.0 51.0 141.0 102.0 47.0 93.0 85.0 96.0 31.0 161.0 150.0 136.0 40.0 103.0 137.0 91.0 66.0 129.0 37.0 318.0 64.0 149.0 77.0 147.0 39.0 321.0 340.0 260.0 52.0 164.0 161.0 74.0 39.0
50 25 1 TRACE 25.0 17.0 24.0 18.0 16.0 23.0 26.0 18.0 18.0 26.0 25.0 38.0 17.0 21.0 80.0 60.0 22.0 57.0 19.0 18.0 19.0 17.0 19.0 20.0 18.0 53.0 18.0 20.0 23.0 19.0 20.0 22.0 45.0 33.0 30.0 57.0 19.0 43.0 18.0 19.0 50.0 167.0 921.0 29.0 52.0 19.0 18.0 18.0 30.0 37.0 23.0 18.0 19.0 28.0 44.0 35.0
50 41 1 TRACE 8.0 10.0 9.0 8.0 9.0 8.0 9.0 9.0 8.0 9.0 9.0 8.0 9.0 8.0 8.0 10.0 8.0 8.0 9.0 8.0 9.0 19.0 8.0 8.0 8.0 8.0 11.0 9.0 9.0 8.0 8.0 8.0 8.0 8.0 9.0 8.0 9.0 9.0 8.0 8.0 8.0 8.0 8.0 9.0 8.0 8.0 8.0 9.0 8.0 9.0 8.0 9.0 8.0 8.0 9.0 8.0 9.0 8.0 8.0 8.0 10.0 9.0 8.0 9.0 8.0 8.0 8.0 9.0 8.0 8.0 8.0 9.0 9.0 8.0 9.0 9.0 8.0 9.0 8.0 8.0 9.0 9.0 8.0 9.0 8.0 8.0 9.0 8.0 11.0 8.0 8.0 8.0 8.0 8.0 8.0 8.0 9.0 8.0 9.0 9.0 8.0 9.0 8.0 9.0 8.0 8.0 8.0 8.0 8.0 9.0 9.0 8.0 8.0 8.0 9.0 8.0 8.0 9.0 8.0 9.0 8.0 8.0 10.0 8.0 9.0 9.0 8.0 9.0 8.0 8.0 8.0 9.0 8.0 9.0 10.0 10.0 9.0
50 51 1 TRACE 38.0 64.0 64.0 31.0 69.0 43.0 60.0 35.0
51 52 1 TRACE 74.0 75.0 81.0 85.0 73.0 79.0 97.0 57.0 89.0 71.0 55.0 76.0 55.0 73.0 87.0 106.0 78.0 82.0 75.0 96.0 85.0 71.0 91.0 86.0 90.0 108.0 84.0 79.0 87.0 73.0 89.0 105.0 88.0 115.0 185.0 85.0 95.0 78.0 72.0 90.0 84.0 57.0 71.0 85.0 72.0 56.0 87.0 54.0 89.0 89.0 115.0 76.0 75.0 83.0 87.0 83.0 85.0 88.0 80.0 91.0 97.0 149.0 67.0 105.0
52 53 1 TRACE 49.0 26.0 35.0 46.0 100.0 41.0 33.0 21.0 42.0 27.0 38.0 60.0 29.0 51.0 39.0 87.0 60.0 54.0 58.0 46.0 23.0 20.0 48.0 32.0 57.0 45.0 40.0 37.0 61.0 21.0 53.0 21.0 643.0 126.0 115.0 39.0 58.0 27.0 24.0 33.0 52.0 20.0 21.0 41.0 20.0 48.0 48.0 551.0 72.0 37.0 69.0 21.0 55.0 54.0 58.0 50.0 53.0 62.0 50.0 221.0 53.0 80.0 67.0 35.0
53 54 1 TRACE 27.0 13.0 13.0 61.0 17.0 13.0 17.0 16.0 19.0 13.0 18.0 44.0 16.0 12.0 14.0 17.0 20.0 22.0 20.0 14.0 16.0 13.0 27.0 13.0 19.0 18.0 12.0 14.0 20.0 13.0 27.0 15.0 19.0 361.0 12.0 15.0 16.0 15.0 12.0 15.0 17.0 16.0 13.0 14.0 17.0 13.0 20.0 218.0 19.0 23.0 102.0 13.0 18.0 20.0 16.0 61.0 19.0 17.0 19.0 14.0 18.0 47.0 58.0 21.0
54 55 1 TRACE 43.0 19.0 19.0 19.0 20.0 19.0 18.0 21.0 19.0 18.0 20.0 19.0 19.0 19.0 21.0 19.0 20.0 18.0 19.0 21.0 20.0 19.0 20.0 20.0 21.0 19.0 23.0 20.0 20.0 19.0 19.0 18.0 18.0 17.0 30.0 21.0 19.0 20.0 19.0 19.0 20.0 20.0 18.0 19.0 20.0 19.0 19.0 18.0 20.0 19.0 31.0 20.0 19.0 19.0 20.0 19.0 19.0 19.0 18.0 30.0 19.0 22.0 21.0 20.0
55 56 1 TRACE 11.0 8.0 7.0 7.0 8.0 8.0 7.0 8.0 8.0 8.0 8.0 8.0 7.0 8.0 8.0 8.0 8.0 8.0 8.0 8.0 8.0 7.0 8.0 8.0 8.0 7.0 8.0 8.0 8.0 8.0 8.0 8.0 7.0 7.0 18.0 9.0 8.0 8.0 8.0 7.0 8.0 8.0 7.0 8.0 8.0 8.0 8.0 7.0 8.0 8.0 8.0 8.0 7.0 8.0 8.0 7.0 7.0 8.0 8.0 18.0 8.0 9.0 9.0 7.0
56 57 1 TRACE 12.0 8.0 8.0 8.0 8.0 7.0 8.0 7.0 7.0 7.0 8.0 7.0 8.0 7.0 8.0 8.0 7.0 7.0 7.0 8.0 7.0 8.0 7.0 7.0 8.0 8.0 7.0 8.0 7.0 7.0 7.0 8.0 7.0 6.0 18.0 8.0 7.0 7.0 7.0 8.0 7.0 8.0 8.0 7.0 7.0 7.0 7.0 7.0 8.0 7.0 8.0 8.0 8.0 8.0 7.0 8.0 8.0 7.0 8.0 18.0 8.0 9.0 8.0 8.0
57 58 1 TRACE 11.0 8.0 7.0 7.0 8.0 8.0 7.0 8.0 8.0 8.0 7.0 8.0 7.0 7.0 11.0 7.0 8.0 7.0 8.0 8.0 7.0 8.0 7.0 7.0 8.0 7.0 7.0 8.0 7.0 8.0 8.0 7.0 7.0 7.0 7.0 8.0 7.0 7.0 7.0 7.0 8.0 8.0 7.0 7.0 8.0 7.0 7.0 7.0 8.0 8.0 7.0 7.0 7.0 8.0 7.0 7.0 7.0 7.0 7.0 7.0 7.0 9.0 9.0 7.0
58 59 1 TRACE 16.0 8.0 8.0 8.0 8.0 8.0 8.0 9.0 8.0 8.0 8.0 8.0 8.0 8.0 9.0 8.0 8.0 8.0 9.0 9.0 9.0 8.0 8.0 8.0 9.0 8.0 8.0 9.0 8.0 8.0 8.0 8.0 8.0 8.0 8.0 9.0 8.0 8.0 8.0 8.0 8.0 8.0 8.0 8.0 8.0 8.0 8.0 7.0 8.0 9.0 18.0 9.0 8.0 8.0 8.0 8.0 8.0 8.0 8.0 7.0 8.0 9.0 9.0 8.0
59 60 1 TRACE 7.0 7.0 7.0 7.0 19.0 7.0 7.0 7.0 7.0 7.0 8.0 7.0 7.0 8.0 8.0 8.0 7.0 7.0 7.0 8.0 8.0 7.0 8.0 7.0 7.0 7.0 8.0 8.0 8.0 7.0 7.0 7.0 7.0 7.0 19.0 8.0 8.0 8.0 8.0 7.0 7.0 8.0 8.0 8.0 7.0 10.0 8.0 7.0 7.0 7.0 20.0 8.0 8.0 7.0 8.0 7.0 7.0 8.0 7.0 19.0 8.0 8.0 9.0 8.0
60 61 1 TRACE 8.0 8.0 7.0 8.0 7.0 7.0 8.0 7.0 7.0 7.0 8.0 7.0 8.0 7.0 8.0 7.0 7.0 8.0 7.0 8.0 7.0 7.0 7.0 8.0 8.0 8.0 7.0 8.0 7.0 7.0 7.0 8.0 8.0 19.0 8.0 8.0 8.0 7.0 8.0 8.0 7.0 8.0 7.0 7.0 7.0 8.0 8.0 18.0 7.0 7.0 18.0 7.0 7.0 8.0 7.0 8.0 8.0 7.0 10.0 7.0 8.0 9.0 8.0 7.0
61 62 1 TRACE 8.0 7.0 8.0 7.0 7.0 7.0 8.0 7.0 8.0 8.0 7.0 7.0 8.0 7.0 7.0 7.0 8.0 8.0 7.0 8.0 7.0 8.0 7.0 7.0 8.0 7.0 7.0 8.0 7.0 8.0 7.0 7.0 7.0 7.0 8.0 8.0 7.0 7.0 7.0 8.0 8.0 7.0 7.0 7.0 7.0 7.0 7.0 8.0 8.0 8.0 7.0 8.0 7.0 7.0 7.0 7.0 7.0 7.0 7.0 7.0 7.0 9.0 8.0 7.0
62 1 1 TRACE 21.0 19.0 18.0 19.0 20.0 19.0 18.0 22.0 19.0 19.0 30.0 19.0 19.0 19.0 26.0 19.0 20.0 19.0 19.0 21.0 19.0 19.0 23.0 19.0 21.0 20.0 23.0 21.0 19.0 22.0 20.0 19.0 263.0 19.0 20.0 23.0 18.0 19.0 19.0 21.0 29.0 21.0 19.0 19.0 45.0 24.0 19.0 21.0 20.0 19.0 21.0 20.0 26.0 19.0 22.0 51.0 19.0 19.0 26.0 19.0 25.0 56.0 22.0
