0 1 CONSTANT 8.0
1 1 CONSTANT 8.0
2 1 CONSTANT 0.0
3 1 CONSTANT 8.0
4 1 CONSTANT 8.0
5 1 CONSTANT 8.0
6 1 CONSTANT 8.0
7 1 CONSTANT 8.0
8 1 CONSTANT 8.0
9 1 CONSTANT 0.0
10 1 CONSTANT 0.0
11 1 CONSTANT 0.0
12 1 CONSTANT 0.0
13 1 CONSTANT 8.0
14 1 CONSTANT 4.0
15 1 CONSTANT 4.0
16 1 CONSTANT 0.0
17 1 CONSTANT 0.0
18 1 CONSTANT 0.0
19 1 CONSTANT 0.0
20 1 CONSTANT 4.0
21 1 CONSTANT 8.0
22 1 CONSTANT 8.0
23 1 CONSTANT 8.0
24 1 CONSTANT 8.0
25 1 CONSTANT 4.0
26 1 CONSTANT 4.0
27 1 CONSTANT 8.0
28 1 TRACE 0.0 8.0 20.0 0.0 4.0 20.0 0.0 8.0 16.0 4.0 0.0 40.0 4.0 4.0 12.0 0.0 8.0 8.0 0.0 12.0 8.0 0.0 4.0 8.0 0.0 0.0 20.0 0.0 8.0 12.0 4.0 0.0 28.0 0.0 8.0 4.0 0.0 0.0 48.0 0.0 32.0 0.0 0.0 0.0 0.0 16.0 16.0 0.0 0.0 0.0 0.0 4.0 48.0 0.0 0.0 0.0 8.0 20.0 0.0 4.0 20.0 0.0 0.0 44.0 0.0 0.0 0.0 44.0 4.0 8.0 8.0 0.0 0.0 28.0 4.0 4.0 0.0 0.0 0.0 8.0 0.0 0.0 16.0 0.0 0.0 0.0 0.0 40.0 4.0 4.0 20.0 0.0 0.0 40.0 4.0 24.0 4.0 0.0 24.0 0.0 0.0 48.0 4.0 8.0 20.0 0.0 0.0 0.0 4.0 24.0 0.0 8.0 24.0 0.0 28.0 0.0 0.0 0.0 24.0 0.0 0.0 0.0 44.0 4.0 0.0 0.0 28.0 0.0 48.0 0.0 4.0 20.0 0.0 0.0 16.0 0.0 12.0 12.0 0.0 8.0 20.0 4.0 56.0 0.0 4.0 32.0 0.0 32.0 4.0 0.0 8.0 24.0 4.0 4.0 16.0 0.0 16.0 4.0 0.0 4.0 24.0 0.0 8.0 8.0 0.0 0.0 28.0 0.0 4.0 28.0 0.0 0.0 0.0 4.0 16.0 0.0 4.0 20.0 0.0 0.0 16.0 0.0 0.0 24.0
29 1 CONSTANT 4.0
30 1 TRACE 0.0 8.0 20.0 0.0 4.0 20.0 0.0 8.0 16.0 4.0 0.0 40.0 4.0 4.0 12.0 0.0 8.0 8.0 0.0 12.0 8.0 0.0 4.0 8.0 0.0 0.0 20.0 0.0 8.0 12.0 4.0 0.0 28.0 0.0 8.0 4.0 0.0 0.0 48.0 0.0 32.0 0.0 0.0 0.0 0.0 16.0 16.0 0.0 0.0 0.0 0.0 4.0 48.0 0.0 0.0 0.0 8.0 20.0 0.0 4.0 20.0 0.0 0.0 44.0 0.0 0.0 0.0 44.0 4.0 8.0 8.0 0.0 0.0 28.0 4.0 4.0 0.0 0.0 0.0 8.0 0.0 0.0 16.0 0.0 0.0 0.0 0.0 40.0 4.0 4.0 20.0 0.0 0.0 40.0 4.0 24.0 4.0 0.0 24.0 0.0 0.0 48.0 4.0 8.0 20.0 0.0 0.0 0.0 4.0 24.0 0.0 8.0 24.0 0.0 28.0 0.0 0.0 0.0 24.0 0.0 0.0 0.0 44.0 4.0 0.0 0.0 28.0 0.0 48.0 0.0 4.0 20.0 0.0 0.0 16.0 0.0 12.0 12.0 0.0 8.0 20.0 4.0 56.0 0.0 4.0 32.0 0.0 32.0 4.0 0.0 8.0 24.0 4.0 4.0 16.0 0.0 16.0 4.0 0.0 4.0 24.0 0.0 8.0 8.0 0.0 0.0 28.0 0.0 4.0 28.0 0.0 0.0 0.0 4.0 16.0 0.0 4.0 20.0 0.0 0.0 16.0 0.0 0.0 24.0
31 1 CONSTANT 8.0
32 1 CONSTANT 8.0
33 1 CONSTANT 4.0
34 1 CONSTANT 0.0
35 1 CONSTANT 0.0
36 1 CONSTANT 8.0
37 1 CONSTANT 8.0
38 1 CONSTANT 8.0
39 1 TRACE 8.0 0.0 0.0 8.0 0.0 0.0 8.0 0.0 0.0 8.0 0.0 0.0 8.0 0.0 0.0 8.0 0.0 0.0 8.0 0.0 0.0 8.0 0.0 0.0 8.0 0.0 0.0 8.0 0.0 0.0 8.0 0.0 0.0 8.0 0.0 0.0 8.0 0.0 0.0 8.0 0.0 0.0 8.0 0.0 8.0 0.0 0.0 8.0 0.0 0.0 8.0 0.0 0.0 0.0 0.0 8.0 0.0 0.0 8.0 0.0 0.0 8.0 8.0 0.0 0.0 8.0 0.0 0.0 8.0 0.0 0.0 8.0 0.0 0.0 8.0 0.0 0.0 8.0 0.0 0.0 8.0 0.0 0.0 8.0 0.0 0.0 0.0 0.0 8.0 0.0 0.0 8.0 0.0 0.0 8.0 0.0 0.0 0.0 0.0 8.0 0.0 0.0 8.0 0.0 0.0 0.0 0.0 8.0 0.0 0.0 8.0 0.0 0.0 8.0 0.0 0.0 8.0 0.0 0.0 0.0 8.0 8.0 0.0 0.0 8.0 0.0 0.0 0.0 0.0 8.0 0.0 0.0 8.0 0.0 0.0 8.0 0.0 0.0 8.0 0.0 0.0 0.0 0.0 8.0 0.0 0.0 8.0 0.0 0.0 8.0 0.0 0.0 8.0 0.0 0.0 8.0 0.0 0.0 8.0 0.0 0.0 8.0 0.0 0.0 8.0 0.0 0.0 8.0 0.0 0.0 0.0 0.0 8.0 0.0 0.0 8.0 0.0 0.0 8.0 0.0 0.0 8.0 0.0 0.0
40 1 CONSTANT 8.0
41 1 CONSTANT 8.0
42 1 CONSTANT 8.0
43 1 CONSTANT 656.0
44 1 CONSTANT 648.0
45 1 CONSTANT 8.0
46 1 CONSTANT 656.0
47 1 CONSTANT 4.0
48 1 TRACE 47760.0 11808.0 6176.0 1456.0 1152.0 1184.0 48.0 0.0 0.0 49328.0 11520.0 6448.0 3168.0 2416.0 2048.0 32.0 16.0 16.0 48496.0 11616.0 6208.0 1424.0 1472.0 1392.0 48.0 0.0 0.0 41904.0 11584.0 6144.0 9088.0 5632.0 4032.0 96.0 16.0 32.0 47872.0 11488.0 6336.0 1296.0 1280.0 1184.0 48.0 0.0 16.0 42592.0 11344.0 6240.0 864.0 688.0 704.0 16.0 0.0 0.0 35072.0 10576.0 6048.0 416.0 464.0 432.0 16.0 0.0 0.0 42576.0 11360.0 6016.0 816.0 816.0 800.0 16.0 0.0 0.0 47872.0 12064.0 6288.0 1552.0 1296.0 1232.0 48.0 0.0 16.0 44064.0 11472.0 5920.0 864.0 752.0 912.0 32.0 0.0 0.0 47360.0 11152.0 6000.0 5280.0 3856.0 3120.0 48.0 16.0 32.0 39616.0 11168.0 5984.0 640.0 592.0 672.0 16.0 0.0 0.0 38208.0 8928.0 5136.0 10672.0 6576.0 4512.0 96.0 48.0 64.0 31024.0 10400.0 5744.0 384.0 256.0 336.0 0.0 0.0 0.0 25456.0 9424.0 5376.0 21424.0 8800.0 5312.0 128.0 144.0 208.0 0.0 0.0 0.0 48272.0 11872.0 6240.0 1536.0 1344.0 1264.0 48.0 0.0 0.0 29808.0 9120.0 5936.0 18224.0 8304.0 5200.0 128.0 112.0 96.0 0.0 0.0 0.0 43696.0 11568.0 6304.0 8256.0 5056.0 3792.0 80.0 16.0 48.0 26416.0 8560.0 5328.0 19984.0 8688.0 5328.0 128.0 144.0 144.0 0.0 0.0 0.0 49056.0 11520.0 6208.0 2704.0 2208.0 2064.0 48.0 0.0 16.0 49280.0 11936.0 6384.0 2272.0 1952.0 1600.0 48.0 0.0 32.0 30656.0 10480.0 5776.0 368.0 320.0 368.0 0.0 0.0 0.0 41904.0 10656.0 6064.0 8288.0 5408.0 3872.0 80.0 16.0 32.0 43200.0 11360.0 6176.0 944.0 768.0 864.0 16.0 0.0 0.0 44464.0 11344.0 6384.0 6944.0 4624.0 3440.0 64.0 16.0 48.0 27696.0 8528.0 5296.0 20032.0 8896.0 5072.0 112.0 96.0 128.0 0.0 0.0 0.0 49056.0 11648.0 6192.0 2048.0 1664.0 1568.0 16.0 16.0 0.0 48880.0 11552.0 6176.0 1776.0 1584.0 1568.0 32.0 0.0 0.0 25408.0 5968.0 4416.0 20208.0 9296.0 5424.0 144.0 80.0 96.0 0.0 0.0 0.0 37536.0 8896.0 5232.0 11168.0 6640.0 4624.0 80.0 32.0 64.0 48592.0 12288.0 6432.0 4112.0 3136.0 2448.0 48.0 0.0 32.0 43456.0 11008.0 6720.0 8304.0 5456.0 3744.0 64.0 48.0 32.0 32368.0 10400.0 5952.0 384.0 352.0 352.0 16.0 0.0 0.0 49056.0 11520.0 6416.0 2304.0 2080.0 1904.0 48.0 0.0 0.0 39024.0 10096.0 5872.0 10720.0 6256.0 4400.0 80.0 48.0 48.0 48384.0 11648.0 6400.0 1776.0 1392.0 1344.0 48.0 16.0 0.0 18688.0 9280.0 4160.0 28864.0 10048.0 5600.0 240.0 224.0 336.0 0.0 0.0 0.0 49248.0 11600.0 6576.0 4000.0 3280.0 2624.0 48.0 16.0 32.0 47728.0 11728.0 6144.0 1664.0 1408.0 1360.0 48.0 0.0 0.0 31488.0 10384.0 5760.0 400.0 336.0 240.0 0.0 0.0 0.0 48816.0 11440.0 6304.0 3616.0 2656.0 2272.0 48.0 0.0 32.0 25376.0 7536.0 3760.0 18896.0 8640.0 5440.0 160.0 160.0 96.0 0.0 0.0 0.0 28800.0 10112.0 5904.0 272.0 272.0 272.0 16.0 0.0 0.0 42240.0 10464.0 5888.0 8288.0 5632.0 3776.0 48.0 16.0 64.0 38256.0 8992.0 5104.0 11248.0 6512.0 4512.0 80.0 64.0 48.0 49296.0 12240.0 6240.0 2240.0 1824.0 1664.0 48.0 0.0 16.0 48480.0 11984.0 6016.0 1920.0 1632.0 1504.0 32.0 0.0 0.0 44432.0 11232.0 5984.0 784.0 752.0 912.0 32.0 0.0 0.0 48352.0 11584.0 6368.0 1728.0 1504.0 1344.0 32.0 0.0 0.0 36832.0 9744.0 5536.0 11088.0 6448.0 4320.0 96.0 32.0 64.0 46688.0 10624.0 6160.0 5424.0 3840.0 2784.0 48.0 16.0 48.0 29952.0 10368.0 5936.0 224.0 256.0 288.0 16.0 0.0 0.0 48640.0 11296.0 6624.0 4336.0 3424.0 2624.0 48.0 0.0 16.0 48704.0 11408.0 6384.0 1520.0 1424.0 1264.0 48.0 0.0 0.0 35056.0 10832.0 5936.0 384.0 448.0 448.0 16.0 0.0 0.0 46704.0 11296.0 6112.0 5344.0 4048.0 2992.0 64.0 0.0 32.0 39216.0 10976.0 5968.0 656.0 544.0 640.0 16.0 0.0 0.0 49376.0 11744.0 6464.0 4128.0 3248.0 2544.0 80.0 16.0 16.0 49712.0 11648.0 6336.0 2800.0 2288.0 1888.0 64.0 16.0 0.0 22656.0 5728.0 3664.0 21056.0 9296.0 5488.0 128.0 128.0 80.0 0.0 0.0 0.0 45440.0 11520.0 6096.0 1040.0 976.0 1008.0 48.0 0.0 0.0 49520.0 11888.0 6592.0 3200.0 2576.0 2176.0 48.0 16.0 48.0 49520.0 11984.0 6496.0 2160.0 1808.0 1760.0 32.0 0.0 16.0 49328.0 12240.0 6752.0 3344.0 2480.0 2032.0 48.0 16.0 16.0
49 1 TRACE 656.0 656.0 8.0 656.0 656.0 8.0 656.0 656.0 8.0 656.0 656.0 8.0 656.0 656.0 8.0 656.0 656.0 8.0 656.0 656.0 8.0 656.0 656.0 8.0 656.0 656.0 8.0 656.0 656.0 8.0 656.0 656.0 8.0 656.0 656.0 8.0 656.0 656.0 8.0 656.0 656.0 8.0 656.0 656.0 8.0 656.0 656.0 8.0 656.0 656.0 8.0 656.0 656.0 8.0 656.0 656.0 8.0 656.0 656.0 8.0 656.0 656.0 8.0 656.0 656.0 8.0 656.0 656.0 8.0 656.0 656.0 8.0 656.0 656.0 8.0 656.0 656.0 8.0 656.0 656.0 8.0 656.0 656.0 8.0 656.0 656.0 8.0 656.0 656.0 8.0 656.0 656.0 8.0 656.0 656.0 8.0 656.0 656.0 8.0 656.0 656.0 8.0 656.0 656.0 8.0 656.0 656.0 8.0 656.0 656.0 8.0 656.0 656.0 8.0 656.0 656.0 8.0 656.0 656.0 8.0 656.0 656.0 8.0 656.0 656.0 8.0 656.0 656.0 8.0 656.0 656.0 8.0 656.0 656.0 8.0 656.0 656.0 8.0 656.0 656.0 8.0 656.0 656.0 8.0 656.0 656.0 8.0 656.0 656.0 8.0 656.0 656.0 8.0 656.0 656.0 8.0 656.0 656.0 8.0 656.0 656.0 8.0 656.0 656.0 8.0 656.0 656.0 8.0 656.0 656.0 8.0 656.0 656.0 8.0 656.0 656.0 8.0 656.0 656.0 8.0 656.0 656.0 8.0 656.0 656.0 8.0 656.0 656.0 8.0 656.0 656.0 8.0 656.0 656.0 8.0 656.0 656.0 8.0 656.0 656.0 8.0 656.0 656.0 8.0 656.0 656.0 8.0 656.0 656.0 8.0 656.0 656.0 8.0 656.0 656.0 8.0 656.0 656.0 8.0 656.0 656.0 8.0 656.0 656.0 8.0 656.0 656.0 8.0 656.0 656.0 8.0 656.0 656.0 8.0 656.0 656.0 8.0 656.0 656.0 8.0 656.0 656.0 8.0 656.0 656.0 8.0 656.0 656.0 8.0 656.0 656.0 8.0 656.0 656.0 8.0 656.0 656.0 8.0 656.0 656.0 8.0 656.0 656.0 8.0 656.0 656.0 8.0 656.0 656.0 8.0 656.0 656.0 8.0 656.0 656.0 8.0 656.0 656.0 8.0 656.0 656.0 8.0 656.0 656.0 8.0 656.0 656.0 8.0 656.0 656.0 8.0 656.0 656.0 8.0 656.0 656.0 8.0 656.0 656.0 8.0 656.0 656.0 8.0 656.0 656.0 8.0 656.0 656.0 8.0 656.0 656.0 8.0 656.0 656.0 8.0 656.0 656.0 8.0 656.0 656.0 8.0 656.0 656.0 8.0 656.0 656.0 8.0 656.0 656.0 8.0 656.0 656.0 8.0 656.0 656.0 8.0 656.0 656.0 8.0 656.0 656.0 8.0 656.0 656.0 8.0 656.0 656.0 8.0 656.0 656.0 8.0 656.0 656.0 8.0 656.0 656.0 8.0 656.0 656.0 8.0 656.0 656.0 8.0 656.0 656.0 8.0 656.0 656.0 8.0 656.0 656.0 8.0 656.0 656.0 8.0 656.0 656.0 8.0 656.0 656.0 8.0 656.0 656.0 8.0 656.0 656.0 8.0 656.0 656.0 8.0 656.0 656.0 8.0 656.0 656.0 8.0 656.0 656.0 8.0 656.0 656.0 8.0 656.0 656.0 8.0 656.0 656.0 8.0 656.0 656.0 8.0 656.0 656.0 8.0 656.0 656.0 8.0 656.0 656.0 8.0 656.0 656.0 8.0 656.0 656.0 8.0 656.0 656.0 8.0 656.0 656.0 8.0 656.0 656.0 8.0 656.0 656.0 8.0 656.0 656.0 8.0 656.0 656.0 8.0 656.0 656.0 8.0 656.0 656.0 8.0 656.0 656.0 8.0 656.0 656.0 8.0 656.0 656.0 8.0 656.0 656.0 8.0 656.0 656.0 8.0 656.0 656.0 8.0 656.0 656.0 8.0 656.0 656.0 8.0 656.0 656.0 8.0 656.0 656.0 8.0 656.0 656.0 8.0 656.0 656.0 8.0 656.0 656.0 8.0 656.0 656.0 8.0 656.0 656.0 8.0 656.0 656.0 8.0 656.0 656.0 8.0 656.0 656.0 8.0 656.0 656.0 8.0 656.0 656.0 8.0 656.0 656.0 8.0 656.0 656.0 8.0 656.0 656.0 8.0 656.0 656.0 8.0 656.0 656.0 8.0 656.0 656.0 8.0 656.0 656.0 8.0 656.0 656.0 8.0 656.0 656.0 8.0 656.0 656.0 8.0 656.0 656.0 8.0 656.0 656.0 8.0 656.0 656.0 8.0 656.0 656.0 8.0 656.0 656.0 8.0 656.0 656.0 8.0 656.0 656.0 8.0 656.0 656.0 8.0 656.0 656.0 8.0 656.0 656.0 8.0 656.0 656.0 8.0 656.0 656.0 8.0 656.0 656.0 8.0 656.0 656.0 8.0 656.0 656.0 8.0 656.0 656.0 8.0 656.0 656.0 8.0 656.0 656.0 8.0 656.0 656.0 8.0 656.0 656.0 8.0
50 1 TRACE 8.0 8.0 8.0 8.0 8.0 8.0 8.0 8.0 8.0 8.0 8.0 8.0 8.0 8.0 8.0 8.0 8.0 8.0 8.0 8.0 8.0 8.0 8.0 8.0 8.0 8.0 8.0 8.0 8.0 8.0 8.0 8.0 8.0 8.0 8.0 8.0 8.0 8.0 8.0 8.0 8.0 8.0 8.0 8.0 8.0 0.0 8.0 8.0 8.0 8.0 8.0 8.0 8.0 8.0 8.0 8.0 8.0 8.0 8.0 8.0 8.0 8.0 8.0 8.0 8.0 8.0 8.0 8.0 8.0 8.0 8.0 8.0 8.0 8.0 8.0 8.0 8.0 8.0 8.0 8.0 8.0 8.0 8.0 8.0 8.0 8.0 8.0 8.0 8.0 8.0 8.0 8.0 8.0 8.0 8.0 8.0 8.0 8.0 8.0 8.0 8.0 8.0 8.0 8.0 8.0 8.0 8.0 8.0 8.0 8.0 8.0 8.0 8.0 8.0 8.0 8.0 8.0 8.0 8.0 8.0 8.0 8.0 8.0 8.0 8.0 8.0 8.0 8.0 8.0 8.0 8.0 8.0 0.0 8.0 8.0 8.0 8.0 8.0 8.0 8.0 8.0 8.0 8.0 8.0 8.0 8.0 8.0 8.0 8.0 8.0 8.0 8.0 8.0 8.0 8.0 8.0 8.0 8.0 8.0 8.0 8.0 8.0 8.0 8.0 8.0 8.0 8.0 8.0 8.0 8.0 8.0 8.0 8.0 8.0 8.0 8.0 8.0 8.0 8.0 8.0 8.0 8.0 8.0 8.0 8.0 8.0 8.0 8.0 8.0 8.0 8.0 8.0 8.0 8.0 8.0 8.0 8.0 8.0 8.0 8.0
51 1 CONSTANT 8.0
52 1 CONSTANT 8.0
53 1 CONSTANT 8.0
54 1 CONSTANT 0.0
55 1 CONSTANT 0.0
56 1 CONSTANT 0.0
57 1 CONSTANT 0.0
58 1 CONSTANT 0.0
59 1 CONSTANT 0.0
60 1 CONSTANT 0.0
61 1 CONSTANT 0.0
62 1 CONSTANT 8.0
