0 1 1 TRACE 1672856307494614.0
1 2 1 TRACE 11576.0 133.0 121.0 131.0 124.0 121.0 121.0 120.0 119.0 121.0 135.0 133.0 118.0 120.0 120.0 119.0 120.0 132.0 140.0 120.0 119.0 120.0 121.0 119.0 131.0 132.0 119.0 118.0 120.0 121.0 120.0 131.0 142.0 132.0 120.0 119.0 146.0 120.0 120.0 131.0 119.0 119.0 120.0 120.0 137.0 121.0 121.0 119.0 130.0 131.0 120.0 120.0 131.0 118.0 120.0 120.0 119.0 132.0 132.0 118.0 184.0 119.0 131.0 119.0
2 3 1 TRACE 65.0 31.0 37.0 30.0 31.0 35.0 31.0 41.0 30.0 88.0 30.0 87.0 30.0 123.0 30.0 82.0 30.0 93.0 428.0 32.0 31.0 67.0 123.0 73.0 45.0 75.0 73.0 89.0 71.0 77.0 81.0 48.0 34.0 29.0 92.0 84.0 48.0 43.0 97.0 82.0 32.0 29.0 187.0 96.0 44.0 103.0 103.0 129.0 68.0 33.0 97.0 30.0 90.0 68.0 33.0 60.0 29.0 57.0 83.0 180.0 165.0 85.0 29.0 36.0
3 4 1 TRACE 51.0 38.0 25.0 24.0 35.0 25.0 25.0 69.0 24.0 36.0 24.0 109.0 29.0 34.0 25.0 26.0 25.0 55.0 252.0 101.0 25.0 37.0 25.0 86.0 46.0 28.0 48.0 25.0 113.0 30.0 25.0 31.0 117.0 86.0 40.0 115.0 64.0 62.0 28.0 28.0 25.0 48.0 75.0 80.0 123.0 26.0 28.0 31.0 26.0 30.0 103.0 105.0 91.0 113.0 27.0 43.0 25.0 88.0 36.0 26.0 81.0 36.0 97.0 36.0
4 5 1 TRACE 22.0 28.0 28.0 16.0 18.0 20.0 17.0 53.0 41.0 17.0 28.0 16.0 17.0 16.0 17.0 17.0 18.0 16.0 16.0 17.0 16.0 26.0 16.0 16.0 16.0 16.0 16.0 16.0 16.0 26.0 17.0 17.0 17.0 23.0 16.0 16.0 34.0 16.0 16.0 17.0 17.0 17.0 16.0 16.0 17.0 93.0 17.0 16.0 16.0 17.0 17.0 18.0 16.0 17.0 16.0 17.0 17.0 17.0 27.0 22.0 31.0 30.0 16.0 17.0
5 6 1 TRACE 43.0 154.0 18.0 15.0 29.0 35.0 30.0 22.0 14.0 20.0 14.0 98.0 29.0 86.0 14.0 95.0 62.0 21.0 21.0 68.0 32.0 24.0 13.0 19.0 29.0 25.0 12.0 15.0 16.0 12.0 28.0 62.0 21.0 13.0 14.0 110.0 47.0 146.0 13.0 29.0 19.0 14.0 18.0 16.0 40.0 12.0 12.0 13.0 120.0 24.0 75.0 15.0 18.0 15.0 29.0 32.0 14.0 122.0 13.0 19.0 47.0 14.0 85.0 28.0
6 7 1 TRACE 21.0 10.0 158.0 178.0 12.0 9.0 10.0 42.0 20.0 18.0 9.0 14.0 14.0 12.0 9.0 20.0 9.0 14.0 13.0 15.0 24.0 8.0 50.0 17.0 12.0 8.0 8.0 88.0 16.0 12.0 9.0 82.0 15.0 15.0 15.0 16.0 16.0 15.0 12.0 9.0 13.0 9.0 14.0 14.0 206.0 8.0 14.0 10.0 16.0 8.0 15.0 15.0 17.0 16.0 12.0 12.0 10.0 15.0 9.0 16.0 24.0 9.0 16.0 9.0
7 8 1 TRACE 21.0 9.0 12.0 12.0 13.0 9.0 9.0 33.0 8.0 16.0 9.0 14.0 13.0 16.0 9.0 15.0 11.0 15.0 17.0 16.0 12.0 9.0 15.0 16.0 12.0 16.0 16.0 17.0 16.0 15.0 11.0 19.0 15.0 18.0 15.0 9.0 16.0 13.0 14.0 11.0 13.0 9.0 16.0 16.0 64.0 8.0 17.0 16.0 22.0 9.0 19.0 16.0 16.0 15.0 12.0 13.0 9.0 22.0 16.0 17.0 11.0 9.0 16.0 9.0
8 9 1 TRACE 20.0 8.0 12.0 12.0 11.0 8.0 9.0 80.0 9.0 14.0 9.0 12.0 12.0 14.0 9.0 8.0 9.0 14.0 17.0 16.0 191.0 11.0 15.0 15.0 12.0 15.0 17.0 16.0 16.0 16.0 16.0 15.0 16.0 13.0 15.0 7.0 17.0 12.0 14.0 10.0 12.0 8.0 15.0 14.0 12.0 9.0 16.0 17.0 13.0 13.0 14.0 16.0 16.0 16.0 12.0 78.0 9.0 17.0 15.0 15.0 33.0 14.0 17.0 9.0
9 10 1 TRACE 67.0 102.0 55.0 41.0 34.0 55.0 36.0 35.0 33.0 191.0 58.0 110.0 38.0 50.0 34.0 76.0 58.0 100.0 35.0 123.0 78.0 133.0 190.0 96.0 134.0 130.0 116.0 34.0 117.0 34.0 123.0 37.0 94.0 81.0 168.0 37.0 97.0 125.0 108.0 96.0 159.0 121.0 124.0 107.0 36.0 57.0 184.0 113.0 98.0 85.0 41.0 127.0 86.0 217.0 100.0 132.0 82.0 98.0 44.0 190.0 162.0 113.0 113.0 89.0
10 11 1 TRACE 28.0 33.0 20.0 20.0 19.0 22.0 19.0 18.0 23.0 22.0 20.0 23.0 18.0 19.0 19.0 19.0 18.0 19.0 18.0 19.0 19.0 18.0 20.0 19.0 22.0 19.0 23.0 18.0 19.0 29.0 20.0 20.0 19.0 19.0 20.0 18.0 24.0 18.0 18.0 19.0 33.0 20.0 21.0 23.0 22.0 19.0 18.0 24.0 18.0 21.0 20.0 19.0 19.0 19.0 20.0 19.0 19.0 20.0 19.0 20.0 42.0 19.0 20.0 19.0
11 12 1 TRACE 25.0 19.0 20.0 20.0 20.0 20.0 20.0 22.0 20.0 21.0 20.0 76.0 21.0 20.0 20.0 20.0 20.0 21.0 19.0 19.0 22.0 21.0 24.0 20.0 20.0 19.0 20.0 20.0 20.0 49.0 20.0 38.0 20.0 31.0 20.0 20.0 21.0 20.0 20.0 70.0 20.0 32.0 66.0 19.0 20.0 19.0 75.0 20.0 20.0 19.0 20.0 21.0 19.0 138.0 19.0 93.0 20.0 19.0 19.0 20.0 28.0 21.0 19.0 21.0
12 13 1 TRACE 25.0 19.0 21.0 19.0 20.0 24.0 20.0 18.0 19.0 32.0 21.0 19.0 19.0 22.0 19.0 20.0 19.0 19.0 21.0 20.0 23.0 20.0 25.0 19.0 30.0 19.0 182.0 19.0 19.0 19.0 21.0 93.0 101.0 21.0 87.0 20.0 20.0 35.0 21.0 19.0 19.0 24.0 20.0 20.0 84.0 25.0 106.0 19.0 20.0 20.0 20.0 18.0 19.0 20.0 22.0 19.0 19.0 21.0 19.0 20.0 37.0 91.0 32.0 81.0
13 14 1 TRACE 22.0 10.0 10.0 9.0 9.0 10.0 10.0 9.0 9.0 10.0 9.0 10.0 10.0 9.0 10.0 9.0 9.0 9.0 9.0 9.0 9.0 10.0 9.0 9.0 9.0 9.0 9.0 9.0 9.0 10.0 9.0 9.0 10.0 10.0 9.0 9.0 11.0 9.0 9.0 10.0 9.0 10.0 10.0 9.0 9.0 9.0 9.0 9.0 9.0 9.0 9.0 9.0 9.0 9.0 9.0 9.0 9.0 9.0 9.0 9.0 11.0 9.0 10.0 10.0
14 15 1 TRACE 28.0 17.0 17.0 17.0 17.0 17.0 17.0 17.0 17.0 16.0 17.0 17.0 17.0 17.0 16.0 17.0 17.0 17.0 17.0 17.0 17.0 17.0 16.0 17.0 17.0 17.0 17.0 17.0 17.0 70.0 17.0 17.0 17.0 18.0 16.0 17.0 18.0 16.0 17.0 52.0 17.0 53.0 17.0 18.0 17.0 18.0 35.0 18.0 17.0 17.0 18.0 17.0 17.0 18.0 17.0 18.0 16.0 18.0 17.0 18.0 42.0 16.0 16.0 17.0
15 16 1 TRACE 13.0 9.0 9.0 9.0 9.0 9.0 9.0 9.0 8.0 9.0 8.0 8.0 8.0 12.0 9.0 8.0 8.0 8.0 9.0 8.0 8.0 8.0 8.0 9.0 9.0 8.0 8.0 9.0 9.0 8.0 8.0 8.0 9.0 9.0 9.0 9.0 9.0 9.0 8.0 8.0 9.0 9.0 8.0 9.0 9.0 8.0 8.0 8.0 8.0 9.0 9.0 12.0 9.0 9.0 9.0 8.0 9.0 9.0 8.0 9.0 9.0 8.0 8.0 8.0
16 17 1 TRACE 69.0 60.0 66.0 62.0 73.0 67.0 67.0 64.0 64.0 65.0 64.0 60.0 62.0 83.0 104.0 66.0 69.0 151.0 63.0 118.0 153.0 66.0 65.0 63.0 66.0 63.0 66.0 64.0 66.0 63.0 144.0 65.0 66.0 117.0 64.0 115.0 108.0 129.0 63.0 64.0 77.0 69.0 148.0 65.0 68.0 64.0 101.0 65.0 148.0 67.0 62.0 61.0 61.0 64.0 97.0 222.0 68.0 125.0 126.0 63.0 114.0 130.0 142.0 66.0
17 18 1 TRACE 24.0 18.0 19.0 20.0 23.0 22.0 19.0 18.0 20.0 19.0 19.0 24.0 18.0 20.0 20.0 19.0 19.0 18.0 19.0 20.0 20.0 18.0 19.0 18.0 19.0 19.0 18.0 19.0 18.0 19.0 18.0 19.0 18.0 23.0 19.0 20.0 21.0 19.0 18.0 19.0 18.0 19.0 23.0 20.0 19.0 19.0 18.0 18.0 20.0 19.0 75.0 18.0 20.0 19.0 19.0 18.0 18.0 18.0 18.0 18.0 42.0 23.0 19.0 18.0
18 19 1 TRACE 25.0 19.0 18.0 20.0 19.0 19.0 51.0 19.0 19.0 53.0 19.0 19.0 19.0 20.0 19.0 19.0 22.0 20.0 19.0 19.0 89.0 23.0 45.0 19.0 19.0 19.0 19.0 19.0 19.0 90.0 36.0 24.0 19.0 72.0 19.0 20.0 21.0 78.0 20.0 70.0 19.0 19.0 19.0 19.0 20.0 20.0 43.0 18.0 109.0 18.0 19.0 19.0 75.0 19.0 65.0 20.0 19.0 19.0 32.0 19.0 37.0 19.0 20.0 19.0
19 20 1 TRACE 22.0 18.0 19.0 18.0 26.0 39.0 18.0 18.0 18.0 18.0 26.0 18.0 18.0 18.0 103.0 18.0 22.0 18.0 19.0 18.0 84.0 19.0 23.0 20.0 23.0 18.0 23.0 18.0 18.0 18.0 58.0 37.0 20.0 20.0 19.0 19.0 24.0 51.0 18.0 19.0 18.0 18.0 17.0 18.0 18.0 18.0 30.0 19.0 19.0 18.0 19.0 25.0 19.0 19.0 19.0 18.0 18.0 21.0 76.0 19.0 19.0 19.0 93.0 92.0
20 21 1 TRACE 24.0 20.0 22.0 20.0 21.0 20.0 21.0 20.0 28.0 21.0 21.0 21.0 21.0 22.0 21.0 21.0 21.0 27.0 21.0 21.0 21.0 22.0 22.0 21.0 22.0 21.0 21.0 20.0 21.0 19.0 21.0 21.0 21.0 21.0 21.0 21.0 22.0 20.0 20.0 21.0 20.0 20.0 21.0 21.0 21.0 21.0 21.0 21.0 20.0 20.0 21.0 21.0 20.0 21.0 22.0 20.0 21.0 21.0 21.0 22.0 22.0 26.0 20.0 21.0
21 22 1 TRACE 30.0 14.0 14.0 14.0 14.0 13.0 13.0 14.0 14.0 13.0 14.0 14.0 14.0 14.0 14.0 14.0 13.0 14.0 14.0 14.0 14.0 14.0 30.0 13.0 15.0 13.0 13.0 14.0 13.0 13.0 14.0 13.0 14.0 14.0 14.0 14.0 15.0 13.0 14.0 14.0 13.0 14.0 14.0 14.0 14.0 14.0 14.0 14.0 14.0 14.0 14.0 16.0 14.0 14.0 13.0 13.0 14.0 14.0 14.0 14.0 14.0 14.0 13.0 14.0
22 23 1 TRACE 524.0 351.0 434.0 428.0 456.0 545.0 444.0 487.0 445.0 485.0 442.0 482.0 388.0 435.0 271.0 423.0 434.0 413.0 501.0 505.0 424.0 427.0 441.0 436.0 423.0 431.0 428.0 429.0 433.0 424.0 423.0 426.0 418.0 423.0 428.0 434.0 335.0 437.0 435.0 426.0 434.0 289.0 427.0 434.0 424.0 428.0 432.0 424.0 422.0 430.0 428.0 426.0 254.0 498.0 438.0 428.0 426.0 459.0 379.0 428.0 391.0 421.0 405.0 429.0
23 24 1 TRACE 133.0 31.0 30.0 39.0 42.0 93.0 28.0 145.0 78.0 28.0 26.0 54.0 26.0 27.0 97.0 108.0 31.0 114.0 102.0 41.0 54.0 31.0 94.0 30.0 28.0 146.0 58.0 78.0 29.0 33.0 29.0 275.0 30.0 252.0 30.0 37.0 102.0 31.0 28.0 109.0 104.0 94.0 43.0 27.0 105.0 28.0 36.0 27.0 31.0 32.0 105.0 111.0 28.0 111.0 29.0 72.0 27.0 105.0 43.0 115.0 140.0 30.0 28.0 37.0
24 25 1 TRACE 57.0 23.0 23.0 22.0 32.0 23.0 23.0 22.0 26.0 24.0 24.0 23.0 24.0 26.0 23.0 83.0 23.0 25.0 28.0 34.0 23.0 24.0 23.0 24.0 23.0 40.0 27.0 23.0 98.0 23.0 24.0 23.0 24.0 27.0 23.0 24.0 26.0 24.0 24.0 24.0 99.0 24.0 23.0 24.0 26.0 26.0 25.0 23.0 114.0 24.0 26.0 24.0 27.0 23.0 23.0 25.0 23.0 40.0 23.0 23.0 156.0 24.0 24.0 23.0
25 26 1 TRACE 52.0 17.0 27.0 17.0 17.0 17.0 35.0 17.0 17.0 17.0 28.0 17.0 16.0 25.0 17.0 16.0 16.0 24.0 17.0 17.0 17.0 34.0 17.0 16.0 24.0 17.0 17.0 17.0 17.0 26.0 17.0 17.0 24.0 16.0 16.0 17.0 28.0 18.0 16.0 16.0 24.0 17.0 17.0 16.0 24.0 17.0 16.0 16.0 25.0 17.0 17.0 16.0 32.0 17.0 17.0 30.0 16.0 16.0 25.0 17.0 17.0 16.0 30.0 17.0 16.0 26.0 17.0 16.0 16.0 23.0 16.0 17.0 16.0 30.0 16.0 17.0 32.0 17.0 16.0 29.0 16.0 17.0 17.0 16.0 23.0 17.0 17.0 16.0 23.0 17.0 16.0 17.0 24.0 17.0 17.0 16.0 22.0 17.0 16.0 17.0 17.0 21.0 18.0 17.0 17.0 25.0 17.0 17.0 17.0 16.0 26.0 17.0 17.0 35.0 17.0 17.0 32.0 17.0 17.0 17.0 28.0 17.0 17.0 17.0 27.0 16.0 16.0 16.0 25.0 17.0 16.0 16.0 37.0 17.0 17.0 16.0 29.0 29.0 18.0 19.0 18.0 25.0 17.0 16.0 16.0 17.0 22.0 16.0 17.0 17.0 22.0 17.0 16.0 16.0 33.0 16.0 16.0 23.0 17.0 16.0 16.0 36.0 17.0 16.0 26.0 17.0 16.0 17.0 32.0 16.0 16.0 25.0 17.0 17.0 17.0 25.0 17.0 17.0 16.0 34.0 16.0 17.0 16.0 28.0 16.0 17.0 23.0 16.0 17.0 16.0 25.0 17.0 16.0 17.0 17.0 28.0 16.0 17.0 17.0 26.0 17.0 16.0 17.0 29.0 17.0 17.0 17.0 27.0 17.0 17.0 16.0 17.0 28.0 17.0 16.0 24.0 17.0 17.0 17.0 29.0 17.0 16.0 16.0 16.0 27.0 16.0 17.0 37.0 17.0 17.0 33.0 31.0 20.0 29.0 17.0 16.0 27.0 16.0 17.0 16.0 16.0 25.0 17.0 16.0 17.0 29.0 16.0
26 27 1 TRACE 12.0 7.0 8.0 7.0 7.0 7.0 8.0 7.0 8.0 8.0 8.0 8.0 11.0 7.0 8.0 8.0 8.0 7.0 8.0 7.0 8.0 8.0 8.0 7.0 8.0 8.0 7.0 7.0 8.0 8.0 8.0 7.0 8.0 8.0 7.0 8.0 8.0 8.0 8.0 7.0 8.0 8.0 7.0 8.0 8.0 7.0 8.0 7.0 8.0 8.0 8.0 8.0 8.0 8.0 8.0 8.0 8.0 7.0 8.0 7.0 8.0 8.0 7.0 8.0 8.0 8.0 8.0 8.0 7.0 7.0 8.0 8.0 8.0 8.0 7.0 7.0 8.0 8.0 7.0 8.0 8.0 8.0 8.0 8.0 7.0 7.0 8.0 7.0 8.0 8.0 8.0 8.0 8.0 7.0 8.0 8.0 8.0 8.0 8.0 8.0 8.0 8.0 8.0 8.0 8.0 8.0 7.0 7.0 8.0 8.0 8.0 8.0 11.0 8.0 8.0 7.0 7.0 7.0 7.0 8.0 8.0 8.0 8.0 7.0 8.0 8.0 8.0 7.0 8.0 8.0 8.0 8.0 7.0 8.0 8.0 7.0 8.0 8.0 9.0 8.0 9.0 8.0 8.0 8.0 8.0 8.0 7.0 8.0 8.0 8.0 8.0 7.0 8.0 7.0 8.0 8.0 7.0 8.0 7.0 8.0 7.0 8.0 8.0 7.0 8.0 8.0 8.0 8.0 7.0 8.0 8.0 8.0 8.0 7.0 8.0 8.0 7.0 7.0 7.0 8.0 12.0 8.0 8.0 8.0 8.0 8.0 8.0 8.0 7.0 8.0 8.0 8.0 8.0 8.0 7.0 8.0 8.0 8.0 7.0 8.0 8.0 7.0 8.0 8.0 8.0 7.0 8.0 7.0 7.0 8.0 8.0 8.0 8.0 7.0 7.0 7.0 7.0 8.0 8.0 8.0 8.0 8.0 8.0 8.0 7.0 8.0 7.0 7.0 8.0 8.0 8.0 10.0 10.0 8.0 8.0 8.0 8.0 8.0 7.0 8.0 7.0 8.0 7.0 8.0 8.0 8.0 8.0
27 28 1 TRACE 11.0 7.0 7.0 8.0 7.0 7.0 8.0 7.0 8.0 8.0 8.0 8.0 7.0 7.0 7.0 7.0 7.0 7.0 8.0 7.0 7.0 8.0 8.0 7.0 8.0 8.0 8.0 8.0 8.0 8.0 8.0 7.0 8.0 8.0 11.0 8.0 8.0 8.0 7.0 7.0 8.0 8.0 7.0 8.0 8.0 7.0 8.0 8.0 8.0 7.0 7.0 8.0 7.0 8.0 8.0 8.0 7.0 7.0 8.0 8.0 8.0 8.0 8.0 8.0 8.0 8.0 8.0 8.0 7.0 7.0 7.0 8.0 7.0 7.0 7.0 8.0 8.0 8.0 7.0 8.0 8.0 7.0 8.0 8.0 7.0 7.0 7.0 7.0 8.0 8.0 7.0 8.0 7.0 8.0 8.0 8.0 8.0 8.0 7.0 8.0 8.0 8.0 7.0 8.0 8.0 7.0 7.0 7.0 8.0 8.0 7.0 8.0 8.0 8.0 8.0 7.0 7.0 7.0 7.0 8.0 8.0 8.0 7.0 7.0 8.0 8.0 8.0 7.0 8.0 8.0 8.0 8.0 7.0 8.0 8.0 7.0 7.0 19.0 8.0 8.0 8.0 7.0 8.0 7.0 7.0 8.0 7.0 8.0 8.0 8.0 7.0 7.0 7.0 7.0 7.0 8.0 7.0 7.0 8.0 7.0 7.0 8.0 8.0 7.0 7.0 8.0 7.0 8.0 7.0 7.0 8.0 8.0 8.0 8.0 8.0 8.0 8.0 8.0 7.0 8.0 8.0 8.0 8.0 8.0 7.0 8.0 7.0 8.0 7.0 7.0 7.0 7.0 8.0 8.0 8.0 7.0 8.0 8.0 7.0 8.0 8.0 7.0 8.0 8.0 8.0 7.0 8.0 7.0 8.0 8.0 7.0 8.0 8.0 7.0 7.0 7.0 7.0 8.0 8.0 8.0 8.0 7.0 7.0 8.0 7.0 7.0 7.0 7.0 8.0 8.0 8.0 20.0 9.0 7.0 8.0 7.0 8.0 8.0 7.0 8.0 7.0 7.0 7.0 8.0 8.0 8.0 8.0
28 29 1 TRACE 14.0 9.0 10.0 9.0 10.0 9.0 9.0 10.0 9.0 11.0 10.0 9.0 10.0 10.0 9.0 9.0 9.0 10.0 9.0 9.0 9.0 10.0 9.0 8.0 10.0 9.0 9.0 9.0 10.0 10.0 9.0 10.0 10.0 9.0 11.0 9.0 11.0 9.0 9.0 9.0 10.0 9.0 9.0 9.0 10.0 9.0 9.0 9.0 10.0 9.0 9.0 9.0 9.0 9.0 9.0 10.0 9.0 10.0 11.0 9.0 9.0 9.0 9.0 9.0 9.0 10.0 10.0 9.0 8.0 10.0 9.0 9.0 8.0 9.0 9.0 9.0 9.0 9.0 10.0 11.0 9.0 9.0 9.0 9.0 9.0 10.0 9.0 10.0 10.0 9.0 9.0 9.0 10.0 9.0 9.0 9.0 11.0 9.0 9.0 9.0 9.0 11.0 9.0 9.0 9.0 10.0 10.0 9.0 9.0 10.0 10.0 9.0 10.0 10.0 10.0 10.0 10.0 9.0 9.0 10.0 9.0 9.0 9.0 11.0 10.0 9.0 9.0 9.0 15.0 9.0 9.0 9.0 9.0 10.0 9.0 10.0 10.0 10.0 10.0 10.0 10.0 10.0 10.0 9.0 9.0 9.0 10.0 9.0 9.0 9.0 10.0 10.0 9.0 9.0 9.0 9.0 9.0 9.0 9.0 9.0 9.0 10.0 9.0 9.0 10.0 9.0 9.0 9.0 10.0 9.0 9.0 10.0 10.0 9.0 9.0 11.0 10.0 9.0 8.0 10.0 10.0 9.0 11.0 10.0 9.0 9.0 9.0 9.0 9.0 9.0 11.0 9.0 9.0 9.0 10.0 9.0 9.0 9.0 10.0 10.0 9.0 9.0 10.0 11.0 10.0 9.0 9.0 10.0 10.0 9.0 9.0 10.0 10.0 9.0 10.0 9.0 9.0 9.0 9.0 11.0 10.0 9.0 9.0 10.0 9.0 9.0 9.0 10.0 9.0 9.0 10.0 25.0 11.0 9.0 9.0 9.0 10.0 9.0 9.0 9.0 10.0 9.0 9.0 9.0 9.0 11.0 10.0
29 30 1 TRACE 63.0 30.0 32.0 28.0 29.0 26.0 46.0 42.0 27.0 281.0 35.0 31.0 46.0 33.0 39.0 41.0 35.0 37.0 35.0 30.0 119.0 107.0 34.0 39.0 38.0 29.0 120.0 30.0 31.0 103.0 76.0 27.0 56.0 58.0 20.0 105.0 236.0 26.0 31.0 31.0 34.0 27.0 87.0 98.0 104.0 135.0 137.0 44.0 33.0 28.0 107.0 34.0 103.0 33.0 100.0 33.0 109.0 30.0 96.0 33.0 54.0 63.0 116.0 35.0 28.0 80.0 24.0 25.0 868.0 35.0 140.0 48.0 29.0 115.0 72.0 31.0 114.0 127.0 31.0 107.0 30.0 32.0 51.0 107.0 83.0 28.0 29.0 89.0 39.0 27.0 29.0 70.0 35.0 78.0 90.0 26.0 33.0 28.0 30.0 94.0 85.0 82.0 40.0 103.0 79.0 33.0 32.0 34.0 41.0 136.0 60.0 94.0 19.0 30.0 223.0 88.0 33.0 122.0 141.0 104.0 36.0 116.0 101.0 106.0 38.0 52.0 53.0 59.0 19.0 45.0 29.0 108.0 117.0 75.0 126.0 28.0 139.0 89.0 61.0 27.0 36.0 35.0 25.0 34.0 70.0 30.0 39.0 30.0 67.0 82.0 37.0 800.0 32.0 77.0 101.0 36.0 41.0 33.0 27.0 102.0 28.0 27.0 33.0 35.0 146.0 218.0 31.0 27.0 32.0 168.0 69.0 72.0 127.0 28.0 35.0 58.0 32.0 85.0 79.0 107.0 63.0 119.0 27.0 35.0 31.0 30.0 38.0 105.0 26.0 67.0 34.0 26.0 102.0 88.0 29.0 76.0 28.0 31.0 30.0 111.0 125.0 28.0 33.0 34.0 27.0 111.0 86.0 97.0 81.0 42.0 39.0 28.0 38.0 33.0 79.0 124.0 117.0 86.0 37.0 34.0 110.0 106.0 139.0 32.0 39.0 103.0 27.0 27.0 111.0 105.0 38.0 20.0 73.0 34.0 88.0 32.0 90.0 28.0 26.0 58.0 63.0 36.0 27.0 41.0 68.0 35.0 29.0
30 31 1 TRACE 25.0 22.0 19.0 17.0 9.0 16.0 17.0 8.0 17.0 27.0 17.0 17.0 9.0 19.0 16.0 17.0 9.0 20.0 17.0 8.0 17.0 100.0 9.0 16.0 19.0 16.0 8.0 9.0 18.0 18.0 9.0 16.0 18.0 172.0 9.0 16.0 20.0 17.0 17.0 17.0 18.0 16.0 9.0 16.0 18.0 16.0 9.0 16.0 20.0 16.0 18.0 16.0 17.0 9.0 8.0 17.0 9.0 16.0 18.0 16.0 9.0 8.0 17.0 9.0 8.0 23.0 17.0 9.0 279.0 20.0 16.0 9.0 15.0 16.0 9.0 9.0 18.0 9.0 21.0 20.0 16.0 9.0 8.0 16.0 18.0 17.0 18.0 17.0 18.0 16.0 9.0 9.0 20.0 16.0 16.0 55.0 18.0 9.0 9.0 9.0 16.0 20.0 17.0 9.0 16.0 21.0 16.0 9.0 16.0 18.0 17.0 9.0 17.0 17.0 17.0 16.0 16.0 9.0 17.0 18.0 16.0 30.0 26.0 18.0 16.0 8.0 9.0 16.0 20.0 18.0 17.0 9.0 19.0 19.0 8.0 20.0 23.0 25.0 18.0 10.0 17.0 19.0 18.0 9.0 8.0 18.0 17.0 16.0 9.0 32.0 18.0 459.0 8.0 16.0 16.0 9.0 17.0 19.0 16.0 8.0 8.0 17.0 9.0 16.0 77.0 54.0 9.0 16.0 16.0 8.0 16.0 21.0 32.0 9.0 26.0 49.0 17.0 8.0 17.0 17.0 10.0 8.0 18.0 17.0 9.0 16.0 18.0 16.0 16.0 9.0 20.0 18.0 9.0 8.0 18.0 17.0 9.0 8.0 18.0 17.0 8.0 9.0 16.0 20.0 16.0 17.0 16.0 26.0 17.0 9.0 16.0 18.0 17.0 9.0 16.0 18.0 17.0 9.0 17.0 22.0 16.0 9.0 16.0 19.0 65.0 17.0 16.0 17.0 9.0 8.0 17.0 9.0 11.0 17.0 9.0 18.0 20.0 8.0 9.0 9.0 16.0 18.0 17.0 9.0 16.0 21.0 16.0
31 32 1 TRACE 19.0 15.0 15.0 14.0 13.0 15.0 13.0 13.0 13.0 15.0 14.0 13.0 13.0 14.0 13.0 14.0 13.0 13.0 14.0 13.0 13.0 13.0 13.0 13.0 14.0 13.0 13.0 13.0 13.0 19.0 13.0 13.0 14.0 13.0 170.0 13.0 14.0 14.0 13.0 13.0 13.0 13.0 14.0 12.0 14.0 36.0 12.0 13.0 13.0 13.0 14.0 13.0 13.0 13.0 12.0 14.0 13.0 13.0 14.0 13.0 13.0 12.0 14.0 13.0 13.0 14.0 14.0 13.0 700.0 13.0 13.0 13.0 14.0 13.0 13.0 13.0 13.0 13.0 13.0 14.0 13.0 13.0 13.0 13.0 13.0 14.0 13.0 13.0 14.0 14.0 13.0 13.0 14.0 14.0 14.0 14.0 13.0 13.0 13.0 13.0 13.0 14.0 14.0 12.0 13.0 14.0 14.0 13.0 14.0 15.0 13.0 13.0 13.0 14.0 13.0 13.0 13.0 13.0 13.0 297.0 14.0 14.0 14.0 13.0 13.0 13.0 13.0 13.0 14.0 16.0 14.0 13.0 13.0 14.0 12.0 13.0 14.0 14.0 14.0 14.0 13.0 13.0 14.0 13.0 13.0 13.0 13.0 15.0 13.0 13.0 13.0 337.0 13.0 14.0 14.0 13.0 13.0 14.0 14.0 13.0 20.0 13.0 14.0 13.0 57.0 14.0 13.0 13.0 14.0 13.0 13.0 13.0 22.0 13.0 14.0 16.0 13.0 13.0 13.0 14.0 14.0 12.0 13.0 14.0 13.0 14.0 14.0 13.0 13.0 13.0 14.0 14.0 13.0 12.0 14.0 13.0 13.0 12.0 14.0 13.0 13.0 13.0 13.0 14.0 14.0 13.0 13.0 14.0 14.0 13.0 18.0 14.0 13.0 13.0 13.0 14.0 13.0 13.0 13.0 14.0 13.0 13.0 13.0 14.0 14.0 13.0 14.0 14.0 14.0 13.0 13.0 15.0 15.0 13.0 13.0 13.0 14.0 13.0 13.0 13.0 13.0 14.0 13.0 13.0 13.0 13.0 13.0
32 33 1 TRACE 26.0 18.0 20.0 19.0 17.0 18.0 19.0 17.0 18.0 19.0 19.0 17.0 62.0 19.0 18.0 18.0 19.0 20.0 18.0 17.0 17.0 18.0 19.0 17.0 121.0 18.0 21.0 17.0 19.0 20.0 17.0 17.0 19.0 18.0 36.0 17.0 19.0 70.0 18.0 16.0 18.0 18.0 56.0 17.0 18.0 24.0 18.0 20.0 19.0 17.0 19.0 18.0 26.0 17.0 19.0 18.0 19.0 17.0 19.0 17.0 33.0 70.0 19.0 18.0 21.0 20.0 18.0 18.0 19.0 19.0 19.0 19.0 18.0 19.0 83.0 22.0 19.0 17.0 17.0 21.0 18.0 18.0 17.0 19.0 17.0 18.0 17.0 17.0 18.0 19.0 17.0 18.0 19.0 18.0 18.0 116.0 18.0 17.0 56.0 17.0 18.0 18.0 18.0 18.0 17.0 19.0 17.0 19.0 18.0 19.0 17.0 20.0 19.0 21.0 22.0 18.0 19.0 271.0 17.0 18.0 17.0 24.0 18.0 17.0 18.0 17.0 18.0 17.0 20.0 62.0 66.0 17.0 19.0 18.0 18.0 18.0 51.0 38.0 26.0 19.0 59.0 19.0 26.0 26.0 17.0 18.0 18.0 18.0 19.0 18.0 19.0 109.0 19.0 18.0 18.0 17.0 17.0 19.0 18.0 18.0 20.0 19.0 17.0 18.0 64.0 20.0 18.0 17.0 19.0 17.0 131.0 18.0 30.0 18.0 19.0 23.0 23.0 18.0 18.0 18.0 19.0 18.0 18.0 19.0 85.0 22.0 19.0 17.0 18.0 17.0 18.0 18.0 18.0 16.0 18.0 19.0 17.0 53.0 17.0 19.0 20.0 16.0 17.0 19.0 19.0 18.0 60.0 26.0 19.0 18.0 20.0 18.0 18.0 19.0 17.0 18.0 19.0 17.0 18.0 20.0 18.0 17.0 18.0 18.0 90.0 26.0 18.0 18.0 17.0 17.0 19.0 46.0 42.0 19.0 17.0 18.0 161.0 18.0 17.0 18.0 18.0 19.0 17.0 18.0 17.0 19.0 17.0
33 34 1 TRACE 2010.0 3580.0 2466.0 1216.0 1000.0 1077.0 2368.0 777.0 985.0 14906.0 1868.0 672.0 1940.0 2714.0 1263.0 559.0 1455.0 2198.0 1218.0 989.0 990.0 2429.0 935.0 2460.0 1836.0 1194.0 698.0 997.0 10172.0 1631.0 805.0 2371.0 1890.0 1320.0 911.0 1062.0 2468.0 1269.0 654.0 2620.0 1974.0 1189.0 1025.0 3330.0 1737.0 973.0 642.0 1449.0 2457.0 1167.0 933.0 967.0 2106.0 601.0 1181.0 2336.0 672.0 3454.0 1961.0 1190.0 543.0 1060.0 2384.0 728.0 901.0 2409.0 1235.0 1155.0 908.0 2154.0 1196.0 544.0 1179.0 2104.0 934.0 682.0 2342.0 1003.0 1283.0 2411.0 1218.0 1019.0 673.0 4164.0 1730.0 972.0 639.0 5726.0 1680.0 1366.0 941.0 1371.0 2133.0 1193.0 698.0 2436.0 1773.0 1050.0 570.0 465.0 1520.0 1969.0 1190.0 577.0 1320.0 2176.0 1222.0 1000.0 866.0 8605.0 1564.0 669.0 983.0 2305.0 552.0 1286.0 2529.0 507.0 788.0 10579.0 1707.0 780.0 915.0 8425.0 1607.0 577.0 676.0 1963.0 2134.0 1196.0 833.0 1027.0 2515.0 522.0 1364.0 6567.0 2147.0 1218.0 1012.0 830.0 3295.0 2015.0 994.0 952.0 995.0 5023.0 1656.0 958.0 1039.0 3045.0 1811.0 1503.0 902.0 1072.0 2369.0 656.0 3042.0 1941.0 1190.0 671.0 906.0 2382.0 920.0 1853.0 2135.0 1197.0 1297.0 1196.0 2295.0 718.0 1276.0 2253.0 1196.0 575.0 1168.0 2168.0 1200.0 533.0 854.0 2434.0 834.0 719.0 8985.0 1615.0 539.0 2859.0 1954.0 957.0 595.0 1807.0 2372.0 1304.0 789.0 760.0 12486.0 1685.0 909.0 1149.0 7725.0 1575.0 1024.0 835.0 1271.0 2444.0 1189.0 777.0 943.0 2488.0 1310.0 1006.0 1083.0 10794.0 1894.0 699.0 1786.0 2052.0 959.0 765.0 1466.0 2429.0 1209.0 736.0 1023.0 9340.0 1544.0 882.0 887.0 2301.0 959.0 852.0 2434.0 940.0 1532.0 2183.0 918.0 9192.0 1472.0 961.0 829.0 621.0 2098.0 2004.0 958.0 632.0 967.0 2451.0 1228.0
34 35 1 TRACE 782.0 770.0 85.0 19.0 52.0 58.0 75.0 54.0 62.0 289.0 151.0 36.0 168.0 140.0 51.0 19.0 62.0 65.0 54.0 51.0 64.0 120.0 83.0 77.0 133.0 19.0 23.0 62.0 275.0 64.0 77.0 80.0 66.0 24.0 53.0 228.0 91.0 49.0 56.0 82.0 65.0 24.0 54.0 131.0 65.0 19.0 58.0 61.0 88.0 51.0 52.0 59.0 64.0 20.0 64.0 67.0 61.0 104.0 64.0 109.0 19.0 63.0 66.0 18.0 61.0 68.0 57.0 52.0 182.0 70.0 48.0 52.0 87.0 64.0 19.0 62.0 84.0 79.0 126.0 69.0 55.0 18.0 56.0 175.0 66.0 19.0 69.0 155.0 123.0 23.0 20.0 91.0 71.0 52.0 58.0 179.0 65.0 21.0 68.0 79.0 67.0 67.0 21.0 57.0 77.0 81.0 70.0 53.0 73.0 216.0 60.0 49.0 58.0 68.0 45.0 62.0 64.0 50.0 560.0 243.0 65.0 52.0 71.0 249.0 61.0 24.0 52.0 70.0 84.0 19.0 19.0 59.0 65.0 96.0 61.0 305.0 165.0 30.0 21.0 58.0 248.0 64.0 19.0 21.0 54.0 144.0 62.0 19.0 51.0 101.0 64.0 22.0 69.0 61.0 64.0 51.0 103.0 64.0 20.0 18.0 61.0 68.0 52.0 71.0 65.0 133.0 50.0 60.0 82.0 53.0 63.0 72.0 55.0 48.0 63.0 66.0 57.0 68.0 80.0 69.0 21.0 55.0 214.0 62.0 53.0 179.0 74.0 18.0 19.0 71.0 72.0 46.0 18.0 56.0 281.0 81.0 20.0 58.0 187.0 59.0 18.0 54.0 76.0 69.0 53.0 69.0 55.0 70.0 56.0 58.0 57.0 264.0 60.0 54.0 70.0 66.0 45.0 52.0 333.0 67.0 52.0 56.0 73.0 249.0 63.0 56.0 54.0 65.0 19.0 73.0 68.0 31.0 76.0 64.0 56.0 215.0 63.0 20.0 20.0 53.0 128.0 63.0 19.0 45.0 58.0 67.0 74.0
35 36 1 TRACE 63.0 131.0 73.0 17.0 61.0 60.0 155.0 46.0 50.0 561.0 75.0 25.0 320.0 56.0 48.0 16.0 65.0 54.0 47.0 46.0 62.0 57.0 47.0 104.0 58.0 17.0 31.0 74.0 387.0 50.0 124.0 96.0 55.0 21.0 124.0 444.0 97.0 117.0 49.0 100.0 117.0 17.0 121.0 219.0 51.0 17.0 48.0 63.0 52.0 47.0 47.0 53.0 49.0 18.0 55.0 52.0 51.0 157.0 54.0 17.0 17.0 54.0 50.0 17.0 60.0 123.0 52.0 48.0 147.0 55.0 43.0 64.0 54.0 67.0 17.0 58.0 52.0 56.0 58.0 53.0 48.0 17.0 49.0 157.0 52.0 17.0 54.0 243.0 127.0 17.0 27.0 64.0 57.0 139.0 48.0 115.0 121.0 17.0 88.0 48.0 74.0 57.0 17.0 58.0 72.0 65.0 46.0 45.0 67.0 483.0 49.0 62.0 52.0 51.0 42.0 77.0 142.0 45.0 56.0 481.0 49.0 124.0 70.0 372.0 50.0 21.0 46.0 156.0 54.0 86.0 17.0 143.0 49.0 17.0 69.0 548.0 164.0 41.0 18.0 52.0 266.0 71.0 17.0 17.0 51.0 265.0 51.0 17.0 47.0 148.0 75.0 16.0 45.0 53.0 49.0 46.0 141.0 55.0 85.0 23.0 52.0 52.0 48.0 89.0 140.0 43.0 49.0 54.0 48.0 45.0 62.0 52.0 47.0 42.0 63.0 53.0 48.0 84.0 56.0 50.0 18.0 48.0 371.0 50.0 50.0 146.0 53.0 17.0 17.0 88.0 55.0 42.0 17.0 50.0 479.0 50.0 16.0 73.0 317.0 127.0 105.0 96.0 66.0 59.0 48.0 123.0 112.0 52.0 47.0 48.0 58.0 423.0 49.0 46.0 81.0 85.0 42.0 46.0 241.0 51.0 46.0 45.0 54.0 390.0 50.0 47.0 53.0 52.0 17.0 56.0 50.0 32.0 112.0 48.0 99.0 346.0 337.0 16.0 17.0 47.0 141.0 73.0 17.0 41.0 77.0 147.0 48.0
36 37 1 TRACE 651.0 1062.0 37.0 118.0 173.0 1746.0 49.0 31.0 226.0 4959.0 506.0 266.0 170.0 42.0 270.0 134.0 635.0 402.0 66.0 299.0 138.0 58.0 33.0 537.0 255.0 148.0 129.0 200.0 6714.0 256.0 71.0 670.0 276.0 53.0 54.0 1138.0 264.0 108.0 144.0 1043.0 131.0 50.0 209.0 2647.0 280.0 115.0 67.0 540.0 127.0 78.0 31.0 161.0 132.0 119.0 78.0 190.0 162.0 1202.0 257.0 39.0 202.0 682.0 122.0 66.0 613.0 164.0 31.0 233.0 500.0 898.0 133.0 32.0 68.0 218.0 60.0 193.0 232.0 38.0 192.0 120.0 31.0 254.0 57.0 1605.0 291.0 265.0 148.0 2417.0 107.0 29.0 217.0 238.0 306.0 113.0 129.0 929.0 439.0 228.0 30.0 46.0 451.0 498.0 47.0 43.0 405.0 466.0 30.0 32.0 227.0 4096.0 321.0 51.0 214.0 226.0 83.0 281.0 90.0 34.0 643.0 4163.0 37.0 52.0 50.0 4291.0 153.0 159.0 140.0 617.0 217.0 117.0 156.0 109.0 35.0 29.0 237.0 2521.0 177.0 179.0 131.0 210.0 1551.0 394.0 281.0 231.0 133.0 2412.0 456.0 343.0 305.0 839.0 749.0 325.0 112.0 354.0 86.0 101.0 680.0 323.0 128.0 82.0 41.0 106.0 199.0 536.0 256.0 30.0 32.0 222.0 70.0 104.0 294.0 509.0 80.0 141.0 339.0 322.0 45.0 33.0 265.0 170.0 190.0 104.0 4522.0 271.0 96.0 1153.0 227.0 350.0 161.0 223.0 158.0 147.0 114.0 226.0 4829.0 572.0 105.0 38.0 3363.0 574.0 29.0 32.0 146.0 189.0 105.0 33.0 221.0 400.0 531.0 131.0 127.0 4931.0 89.0 138.0 621.0 348.0 302.0 47.0 147.0 245.0 95.0 184.0 194.0 4774.0 131.0 41.0 108.0 96.0 206.0 72.0 137.0 424.0 228.0 145.0 38.0 4461.0 58.0 293.0 284.0 73.0 684.0 250.0 348.0 109.0 375.0 49.0 58.0
37 38 1 TRACE 42.0 209.0 57.0 38.0 91.0 99.0 46.0 31.0 36.0 910.0 36.0 30.0 94.0 59.0 97.0 29.0 67.0 32.0 32.0 31.0 37.0 115.0 31.0 149.0 31.0 38.0 66.0 34.0 793.0 103.0 45.0 266.0 30.0 31.0 99.0 114.0 33.0 32.0 30.0 256.0 32.0 95.0 33.0 477.0 36.0 31.0 29.0 143.0 31.0 30.0 44.0 51.0 31.0 37.0 99.0 29.0 36.0 273.0 37.0 33.0 86.0 65.0 33.0 33.0 54.0 118.0 64.0 617.0 149.0 39.0 33.0 30.0 47.0 31.0 28.0 99.0 118.0 54.0 68.0 126.0 57.0 32.0 33.0 348.0 120.0 28.0 36.0 486.0 32.0 128.0 87.0 75.0 42.0 84.0 344.0 265.0 115.0 38.0 28.0 32.0 173.0 34.0 29.0 30.0 68.0 104.0 105.0 28.0 33.0 635.0 39.0 40.0 38.0 130.0 103.0 46.0 32.0 29.0 35.0 801.0 33.0 82.0 69.0 613.0 39.0 74.0 78.0 180.0 78.0 32.0 41.0 87.0 124.0 29.0 31.0 469.0 74.0 53.0 33.0 33.0 285.0 35.0 32.0 69.0 85.0 492.0 87.0 30.0 87.0 215.0 52.0 316.0 100.0 60.0 120.0 88.0 213.0 73.0 125.0 29.0 35.0 33.0 111.0 154.0 31.0 48.0 102.0 45.0 35.0 30.0 73.0 110.0 76.0 41.0 137.0 31.0 36.0 69.0 41.0 31.0 35.0 32.0 635.0 123.0 73.0 266.0 32.0 45.0 90.0 147.0 36.0 32.0 31.0 99.0 832.0 34.0 31.0 86.0 618.0 33.0 28.0 74.0 110.0 40.0 39.0 29.0 115.0 121.0 187.0 30.0 34.0 839.0 33.0 30.0 145.0 89.0 77.0 101.0 55.0 109.0 125.0 110.0 33.0 736.0 96.0 80.0 88.0 102.0 53.0 34.0 34.0 60.0 75.0 136.0 33.0 604.0 103.0 124.0 30.0 31.0 181.0 111.0 32.0 98.0 93.0 32.0 123.0
38 39 1 TRACE 57.0 68.0 29.0 25.0 62.0 36.0 90.0 25.0 25.0 29.0 24.0 94.0 29.0 35.0 98.0 31.0 29.0 27.0 32.0 46.0 28.0 127.0 36.0 30.0 35.0 30.0 97.0 27.0 26.0 114.0 63.0 84.0 27.0 25.0 34.0 72.0 112.0 25.0 26.0 26.0 25.0 107.0 130.0 70.0 96.0 107.0 32.0 30.0 25.0 26.0 94.0 32.0 26.0 24.0 26.0 125.0 25.0 27.0 88.0 25.0 30.0 80.0 92.0 24.0 89.0 26.0 78.0 89.0 27.0 109.0 93.0 117.0 52.0 113.0 32.0 30.0 31.0 53.0 30.0 54.0 32.0 27.0 64.0 27.0 32.0 119.0 25.0 47.0 26.0 28.0 81.0 27.0 99.0 115.0 26.0 27.0 26.0 25.0 89.0 38.0 84.0 88.0 101.0 48.0 83.0 25.0 30.0 46.0 91.0 87.0 120.0 30.0 84.0 35.0 58.0 43.0 28.0 25.0 63.0 28.0 110.0 166.0 73.0 31.0 28.0 29.0 83.0 60.0 32.0 25.0 39.0 31.0 53.0 24.0 25.0 26.0 159.0 169.0 111.0 34.0 30.0 31.0 23.0 76.0 26.0 52.0 28.0 43.0 28.0 45.0 581.0 893.0 27.0 39.0 29.0 26.0 43.0 115.0 26.0 25.0 90.0 121.0 26.0 112.0 25.0 28.0 26.0 27.0 27.0 23.0 91.0 42.0 118.0 37.0 95.0 27.0 28.0 81.0 90.0 114.0 44.0 69.0 91.0 86.0 25.0 27.0 111.0 25.0 66.0 90.0 29.0 24.0 25.0 28.0 32.0 102.0 31.0 32.0 105.0 26.0 28.0 28.0 31.0 28.0 25.0 74.0 76.0 26.0 365.0 26.0 25.0 30.0 179.0 28.0 26.0 31.0 88.0 59.0 98.0 28.0 33.0 25.0 89.0 100.0 54.0 64.0 82.0 31.0 79.0 27.0 27.0 63.0 101.0 159.0 96.0 27.0 26.0 55.0 81.0 24.0 69.0 29.0 74.0 25.0 50.0 28.0 117.0
39 25 1 TRACE 20.0 18.0 19.0 29.0 18.0 21.0 26.0 18.0 18.0 21.0 19.0 36.0 94.0 19.0 20.0 18.0 41.0 25.0 19.0 22.0 80.0 19.0 18.0 20.0 20.0 19.0 19.0 102.0 18.0 19.0 19.0 435.0 30.0 18.0 18.0 31.0 120.0 24.0 83.0 20.0 18.0 18.0 18.0 22.0 19.0 18.0 66.0 31.0 106.0 18.0 18.0 84.0 19.0 25.0 20.0 19.0 82.0 79.0 19.0 21.0 18.0 23.0 19.0 23.0 19.0 76.0 25.0 19.0 20.0 18.0 19.0 18.0 61.0 148.0 18.0 95.0 21.0 18.0 18.0 18.0 23.0 17.0 18.0 19.0 18.0 27.0 20.0 18.0 19.0 21.0 21.0 18.0 18.0 19.0 18.0 18.0 18.0 19.0 18.0 17.0 19.0 26.0 19.0 18.0 18.0 23.0 30.0 18.0 18.0 19.0 22.0 33.0 20.0 18.0 18.0 18.0 19.0 18.0 19.0
39 40 1 TRACE 67.0 30.0 38.0 54.0 26.0 33.0 33.0 38.0 65.0 69.0 100.0 88.0 30.0 33.0 88.0 34.0 45.0 32.0 259.0 49.0 28.0 114.0 31.0 37.0 30.0 30.0 31.0 59.0 35.0 29.0 38.0 34.0 91.0 93.0 28.0 46.0 94.0 35.0 41.0 46.0 32.0 58.0 82.0 29.0 30.0 37.0 89.0 124.0 29.0 97.0 32.0 97.0 79.0 30.0 34.0 29.0 67.0 34.0 31.0 29.0 71.0 100.0 33.0 43.0
39 51 1 TRACE 45.0 137.0 42.0 49.0 42.0 123.0 40.0 40.0 39.0 130.0 125.0 48.0 38.0 40.0 134.0 36.0 124.0 41.0 39.0 128.0 42.0 42.0 68.0 37.0 92.0 73.0 42.0 46.0 128.0 137.0 135.0 120.0 44.0 38.0 41.0 75.0 38.0 100.0 323.0 37.0 35.0 38.0 39.0 40.0 86.0 60.0 40.0 129.0 38.0 39.0 145.0 39.0 41.0 386.0 78.0 39.0 54.0 97.0 129.0 125.0 104.0 38.0 40.0 101.0
40 41 1 TRACE 446.0 303.0 1218.0 476.0 324.0 295.0 394.0 1104.0 417.0 324.0 576.0 757.0 343.0 307.0 300.0 585.0 304.0 319.0 349.0 300.0 295.0 322.0 580.0 800.0 335.0 556.0 383.0 324.0 1033.0 295.0 301.0 1113.0 1052.0 397.0 294.0 846.0 578.0 812.0 474.0 302.0 458.0 295.0 363.0 303.0 331.0 331.0 294.0 1059.0 571.0 348.0 1214.0 969.0 322.0 323.0 1134.0 391.0 318.0 1104.0 295.0 293.0 356.0 1043.0 495.0 316.0
41 42 1 TRACE 19.0 14.0 13.0 21.0 15.0 13.0 17.0 16.0 14.0 14.0 15.0 14.0 14.0 15.0 14.0 14.0 27.0 15.0 14.0 14.0 15.0 14.0 13.0 15.0 14.0 13.0 14.0 14.0 22.0 15.0 16.0 81.0 15.0 14.0 13.0 17.0 15.0 13.0 15.0 15.0 13.0 15.0 15.0 13.0 13.0 15.0 15.0 13.0 13.0 15.0 14.0 14.0 16.0 16.0 13.0 13.0 14.0 14.0 25.0 15.0 14.0 13.0 15.0 14.0 15.0 14.0 15.0 14.0 13.0 14.0 14.0 16.0 17.0 15.0 14.0 17.0 15.0 14.0 13.0 15.0 14.0 13.0 15.0 16.0 13.0 15.0 16.0 13.0 15.0 14.0 13.0 16.0 14.0 14.0 15.0 24.0 14.0 14.0 15.0 15.0 14.0 14.0 16.0 14.0 14.0 15.0 14.0 13.0 15.0 14.0 13.0 15.0 16.0 13.0 13.0 15.0 14.0 13.0 15.0 14.0 13.0 17.0 13.0 14.0 15.0 106.0 13.0 15.0 15.0 14.0 13.0 15.0 15.0 13.0 14.0 17.0 13.0 13.0 14.0 78.0 13.0 15.0 15.0 14.0 13.0 15.0 13.0 20.0 134.0 30.0 14.0 16.0 15.0 87.0 14.0 15.0 16.0 81.0 15.0 14.0 13.0 14.0 14.0 14.0 15.0 14.0 19.0 16.0 13.0 19.0 16.0 16.0 13.0 15.0 15.0 13.0 16.0 14.0 14.0 14.0 13.0 13.0 15.0 15.0 13.0 15.0 14.0 13.0 15.0 17.0 13.0 15.0 15.0 15.0 14.0 14.0 16.0 14.0 13.0 14.0 14.0 14.0 13.0 15.0 15.0 13.0 15.0 16.0 13.0
42 43 1 TRACE 17.0 12.0 12.0 13.0 13.0 12.0 12.0 13.0 13.0 12.0 12.0 12.0 12.0 12.0 12.0 12.0 12.0 13.0 12.0 12.0 12.0 13.0 12.0 12.0 11.0 12.0 13.0 12.0 12.0 12.0 13.0 13.0 13.0 13.0 12.0 13.0 13.0 13.0 12.0 12.0 12.0 12.0 12.0 12.0 13.0 12.0 12.0 12.0 12.0 13.0 12.0 13.0 12.0 12.0 12.0 12.0 12.0 17.0 12.0 12.0 12.0 12.0 12.0 12.0 12.0 12.0 12.0 13.0 12.0 12.0 12.0 12.0 13.0 13.0 12.0 13.0 12.0 12.0 12.0 12.0 28.0 12.0 13.0 13.0 12.0 12.0 12.0 12.0 12.0 12.0 12.0 12.0 12.0 13.0 12.0 12.0 12.0 12.0 12.0 13.0 12.0 12.0 12.0 12.0 12.0 13.0 12.0 12.0 12.0 13.0 12.0 12.0 13.0 12.0 12.0 13.0 12.0 12.0 12.0 12.0 12.0 13.0 13.0 12.0 14.0 13.0 12.0 12.0 12.0 12.0 12.0 12.0 12.0 12.0 12.0 13.0 12.0 13.0 12.0 12.0 12.0 12.0 12.0 12.0 12.0 12.0 12.0 12.0 13.0 12.0 12.0 12.0 13.0 12.0 12.0 12.0 12.0 13.0 13.0 13.0 12.0 12.0 13.0 12.0 13.0 12.0 12.0 12.0 12.0 12.0 12.0 12.0 12.0 12.0 12.0 12.0 13.0 12.0 13.0 13.0 12.0 12.0 12.0 12.0 12.0 13.0 12.0 12.0 12.0 12.0 12.0 12.0 12.0 13.0 13.0 12.0 13.0 12.0 12.0 12.0 12.0 12.0 12.0 12.0 12.0 12.0 12.0 12.0 12.0
43 44 1 TRACE 14.0 11.0 10.0 11.0 12.0 10.0 10.0 11.0 15.0 11.0 10.0 12.0 10.0 10.0 11.0 10.0 11.0 11.0 10.0 10.0 10.0 11.0 10.0 10.0 11.0 10.0 10.0 12.0 10.0 10.0 12.0 10.0 10.0 12.0 10.0 11.0 12.0 10.0 10.0 11.0 10.0 10.0 12.0 10.0 10.0 10.0 12.0 10.0 10.0 10.0 11.0 11.0 10.0 12.0 11.0 10.0 10.0 11.0 10.0 10.0 11.0 10.0 11.0 12.0 11.0 10.0 10.0 12.0 10.0 10.0 11.0 12.0 10.0 11.0 11.0 10.0 10.0 10.0 11.0 10.0 12.0 10.0 11.0 11.0 10.0 10.0 11.0 10.0 10.0 11.0 10.0 11.0 14.0 10.0 11.0 12.0 10.0 10.0 10.0 11.0 10.0 10.0 11.0 11.0 10.0 10.0 11.0 10.0 10.0 11.0 10.0 10.0 12.0 10.0 10.0 10.0 11.0 10.0 10.0 11.0 10.0 11.0 11.0 10.0 11.0 11.0 11.0 11.0 11.0 11.0 10.0 10.0 11.0 10.0 11.0 12.0 10.0 10.0 10.0 11.0 11.0 10.0 12.0 11.0 10.0 10.0 11.0 10.0 10.0 10.0 10.0 11.0 12.0 10.0 10.0 10.0 10.0 10.0 11.0 11.0 10.0 10.0 11.0 10.0 11.0 10.0 10.0 11.0 11.0 10.0 10.0 11.0 10.0 10.0 12.0 10.0 11.0 10.0 10.0 10.0 10.0 10.0 10.0 11.0 10.0 11.0 10.0 10.0 10.0 13.0 11.0 11.0 10.0 12.0 10.0 10.0 10.0 12.0 10.0 10.0 10.0 11.0 10.0 10.0 11.0 10.0 10.0 11.0 10.0
44 45 1 TRACE 189.0 85.0 83.0 198.0 87.0 86.0 121.0 238.0 95.0 81.0 87.0 82.0 134.0 213.0 80.0 170.0 206.0 155.0 82.0 81.0 326.0 168.0 173.0 197.0 91.0 104.0 183.0 80.0 193.0 251.0 168.0 382.0 104.0 83.0 81.0 176.0 90.0 82.0 195.0 159.0 85.0 217.0 80.0 79.0 88.0 84.0 171.0 86.0 82.0 82.0 86.0 182.0 186.0 157.0 85.0 83.0 213.0 79.0 211.0 296.0 85.0 83.0 220.0 84.0 80.0 168.0 293.0 83.0 82.0 76.0 213.0 145.0 90.0 199.0 86.0 78.0 106.0 79.0 159.0 222.0 68.0 83.0 88.0 104.0 160.0 169.0 179.0 81.0 407.0 167.0 79.0 118.0 70.0 142.0 257.0 117.0 86.0 141.0 227.0 83.0 215.0 109.0 134.0 103.0 83.0 197.0 83.0 84.0 177.0 87.0 113.0 85.0 111.0 168.0 88.0 174.0 86.0 95.0 159.0 84.0 91.0 91.0 141.0 165.0 171.0 729.0 83.0 87.0 169.0 81.0 176.0 227.0 83.0 83.0 111.0 84.0 84.0 172.0 150.0 86.0 83.0 219.0 81.0 85.0 81.0 275.0 87.0 118.0 157.0 149.0 119.0 240.0 83.0 292.0 172.0 181.0 86.0 97.0 92.0 80.0 82.0 200.0 225.0 83.0 101.0 84.0 343.0 93.0 82.0 85.0 88.0 145.0 86.0 207.0 80.0 87.0 140.0 178.0 84.0 187.0 84.0 82.0 215.0 177.0 144.0 89.0 84.0 87.0 124.0 180.0 165.0 91.0 95.0 180.0 79.0 136.0 345.0 86.0 83.0 84.0 100.0 83.0 84.0 104.0 139.0 82.0 207.0 84.0 230.0
45 46 1 TRACE 26.0 18.0 18.0 18.0 20.0 18.0 21.0 40.0 96.0 17.0 18.0 18.0 19.0 23.0 18.0 17.0 19.0 19.0 17.0 17.0 22.0 22.0 20.0 19.0 18.0 17.0 22.0 23.0 18.0 17.0 19.0 18.0 19.0 63.0 17.0 36.0 19.0 17.0 18.0 18.0 21.0 17.0 18.0 17.0 18.0 19.0 18.0 17.0 16.0 19.0 19.0 17.0 17.0 22.0 17.0 18.0 20.0 17.0 21.0 18.0 17.0 18.0 17.0 20.0 19.0 18.0 183.0 17.0 18.0 19.0 28.0 19.0 17.0 18.0 18.0 19.0 19.0 17.0 16.0 18.0 18.0 87.0 18.0 18.0 23.0 50.0 17.0 17.0 18.0 19.0 24.0 19.0 18.0 23.0 18.0 31.0 18.0 99.0 74.0 18.0 19.0 21.0 73.0 36.0 17.0 26.0 17.0 17.0 25.0 17.0 16.0 22.0 18.0 17.0 17.0 18.0 19.0 21.0 23.0 20.0 31.0 30.0 20.0 24.0 18.0 24.0 22.0 19.0 19.0 19.0 90.0 18.0 17.0 23.0 18.0 19.0 18.0 18.0 22.0 20.0 18.0 17.0 18.0 81.0 20.0 18.0 18.0 46.0 19.0 21.0 31.0 22.0 18.0 22.0 17.0 20.0 17.0 19.0 18.0 17.0 18.0 22.0 20.0 17.0 18.0 18.0 89.0 20.0 17.0 17.0 17.0 38.0 22.0 18.0 16.0 30.0 18.0 18.0 18.0 19.0 20.0 17.0 18.0 18.0 17.0 18.0 17.0 17.0 18.0 24.0 20.0 20.0 18.0 18.0 17.0 18.0 42.0 19.0 17.0 17.0 18.0 24.0 19.0 17.0 26.0 18.0 18.0 18.0 18.0
46 47 1 TRACE 4432.0 1248.0 693.0 3712.0 2441.0 628.0 659.0 2545.0 855.0 640.0 3828.0 1625.0 626.0 3651.0 1816.0 671.0 3225.0 2654.0 644.0 624.0 3545.0 1393.0 630.0 2705.0 754.0 633.0 3507.0 1312.0 619.0 3678.0 2001.0 604.0 3154.0 1096.0 627.0 3708.0 1013.0 631.0 3826.0 1581.0 595.0 3441.0 2075.0 795.0 663.0 3237.0 2186.0 628.0 603.0 3575.0 1010.0 593.0 3267.0 2261.0 610.0 592.0 3501.0 1924.0 589.0 3692.0 1455.0 703.0 3263.0 2205.0 709.0 602.0 3178.0 2740.0 620.0 675.0 3655.0 1900.0 598.0 2973.0 974.0 679.0 2835.0 900.0 588.0 3777.0 1674.0 586.0 3418.0 1075.0 591.0 3660.0 1359.0 606.0 3700.0 1685.0 772.0 2790.0 797.0 627.0 3124.0 2580.0 617.0 583.0 3224.0 2295.0 594.0 634.0 2743.0 755.0 601.0 2702.0 844.0 593.0 3553.0 1357.0 636.0 3154.0 2738.0 624.0 753.0 2831.0 912.0 658.0 3106.0 1138.0 608.0 2812.0 961.0 589.0 3248.0 1145.0 595.0 3401.0 2238.0 689.0 582.0 3279.0 1150.0 621.0 3092.0 2689.0 625.0 595.0 3684.0 1436.0 666.0 3312.0 2317.0 602.0 649.0 3690.0 1607.0 617.0 3697.0 1550.0 628.0 3119.0 2582.0 678.0 611.0 2711.0 793.0 662.0 3183.0 1105.0 601.0 3727.0 1554.0 623.0 2576.0 724.0 754.0 2813.0 787.0 596.0 3726.0 1890.0 601.0 3536.0 1865.0 640.0 2648.0 725.0 633.0 3555.0 1560.0 700.0 3624.0 1819.0 609.0 2767.0 741.0 593.0 3081.0 2745.0 606.0 592.0 3197.0 2622.0 821.0 581.0 4174.0 2213.0 607.0 679.0 2698.0 767.0 595.0 3410.0 1367.0 723.0 3534.0 1909.0 681.0
47 48 1 TRACE 14.0 574.0 104.0 85.0 11.0 11.0 9.0 11.0 10.0 12.0 11.0 11.0 9.0 1983.0 11.0 18.0 11.0 11.0 9.0 1135.0 710.0 650.0 485.0 12.0 9.0 11.0 11.0 14.0 14.0 13.0 9.0 22.0 15.0 10.0 14.0 11.0 9.0 14.0 11.0 15.0 39.0 28.0 9.0 530.0 205.0 191.0 102.0 13.0 8.0 12.0 24.0 25.0 11.0 13.0 9.0 17.0 12.0 16.0 12.0 11.0 9.0 677.0 359.0 130.0 133.0 16.0 9.0 11.0 11.0 39.0 48.0 11.0 9.0 11.0 15.0 10.0 11.0 11.0 9.0 1033.0 587.0 286.0 263.0 14.0 9.0 57.0 11.0 35.0 46.0 11.0 9.0 11.0 11.0 11.0 10.0 11.0 9.0 451.0 942.0 602.0 519.0 27.0 9.0 29.0 10.0 11.0 12.0 12.0 9.0 12.0 12.0 16.0 11.0 11.0 9.0 14.0 11.0 10.0 13.0 15.0 9.0 931.0 332.0 192.0 165.0 13.0 8.0 11.0 16.0 55.0 27.0 84.0 9.0 11.0 17.0 10.0 11.0 11.0 9.0 576.0 314.0 148.0 127.0 13.0 8.0 43.0 32.0 42.0 25.0 10.0 9.0 26.0 13.0 11.0 11.0 11.0 9.0 1095.0 281.0 111.0 141.0 13.0 9.0 26.0 120.0 14.0 77.0 11.0 9.0 11.0 11.0 12.0 10.0 11.0 8.0 1055.0 571.0 247.0 212.0 13.0 9.0 11.0 75.0 51.0 63.0 10.0 8.0 33.0 14.0 10.0 11.0 10.0 10.0 959.0 360.0 209.0 133.0 14.0 9.0 152.0 148.0 50.0 56.0 96.0 9.0 11.0 11.0 11.0 12.0 10.0 22.0 415.0 42.0 81.0 43.0 12.0 9.0 26.0 12.0 13.0 23.0 11.0 8.0 21.0 11.0 27.0 10.0 11.0 9.0 193.0 85.0 16.0 73.0 11.0 9.0 11.0 11.0 11.0 10.0 11.0 9.0 12.0 11.0 11.0 11.0 10.0 9.0 178.0 146.0 68.0 34.0 18.0 9.0 17.0 11.0 11.0 11.0 11.0 9.0 11.0 11.0 10.0 12.0 11.0 9.0 11.0 11.0 11.0 11.0 11.0 13.0 231.0 133.0 95.0 24.0 35.0 9.0 130.0 11.0 11.0 13.0 11.0 9.0 10.0 11.0 10.0 17.0 11.0 9.0 10.0 11.0 13.0 11.0 11.0 9.0 319.0 156.0 126.0 91.0 11.0 10.0 29.0 11.0 11.0 13.0 11.0 9.0 11.0 12.0 11.0 14.0 11.0 9.0 11.0 139.0 165.0 51.0 105.0 9.0 57.0 11.0 11.0 12.0 86.0 9.0 11.0 11.0 10.0 14.0 12.0 9.0 42.0 11.0 42.0 11.0 11.0 9.0 224.0 109.0 114.0 71.0 75.0 9.0 135.0 11.0 11.0 11.0 12.0 9.0 17.0 11.0 16.0 11.0 11.0 9.0 180.0 181.0 125.0 106.0 13.0 9.0 64.0 10.0 11.0 12.0 11.0 8.0 11.0 11.0 11.0 69.0 40.0 9.0 244.0 113.0 159.0 106.0 30.0 9.0 142.0 11.0 17.0 11.0 11.0 8.0 11.0 11.0 20.0 11.0 11.0 9.0 13.0 78.0 11.0 15.0 12.0 10.0 20.0 163.0 74.0 141.0 36.0 9.0 136.0 47.0 13.0 18.0 32.0 9.0 15.0 12.0 11.0 11.0 11.0 9.0 11.0 11.0 11.0 10.0 11.0 9.0 247.0 128.0 105.0 58.0 12.0 9.0 10.0 11.0 11.0 11.0 70.0 9.0 11.0 33.0 10.0 10.0 11.0 9.0 343.0 158.0 176.0 74.0 11.0 9.0 82.0 10.0 10.0 10.0 11.0 8.0 12.0 10.0 10.0 12.0 12.0 9.0 365.0 147.0 97.0 19.0 12.0 8.0 70.0 10.0 92.0 10.0 11.0 9.0 12.0 10.0 11.0 14.0 11.0 9.0 207.0 88.0 21.0 11.0 49.0 9.0 70.0 11.0 11.0 11.0 11.0 9.0 10.0 15.0 11.0 15.0 10.0 9.0 148.0 55.0 118.0 79.0 12.0 9.0 105.0 90.0 11.0 49.0 37.0 9.0 14.0 11.0 11.0 12.0 11.0 10.0 286.0 139.0 135.0 53.0 11.0 9.0 58.0 10.0 18.0 10.0 11.0 12.0 11.0 11.0 42.0 14.0 10.0 9.0 203.0 159.0 73.0 49.0 69.0 9.0 61.0 11.0 19.0 51.0 15.0 9.0 11.0 11.0 10.0 12.0 11.0 9.0 248.0 91.0 63.0 42.0 11.0 9.0 21.0 11.0 10.0 35.0 59.0 8.0 11.0 15.0 10.0 16.0 10.0 9.0 139.0 79.0 129.0 102.0 79.0 9.0 16.0 11.0 23.0 22.0 12.0 9.0 11.0 11.0 11.0 10.0 11.0 9.0 11.0 11.0 11.0 12.0 11.0 10.0 200.0 133.0 72.0 86.0 29.0 9.0 11.0 11.0 20.0 12.0 12.0 9.0 11.0 11.0 13.0 14.0 11.0 9.0 11.0 86.0 63.0 13.0 10.0 9.0 251.0 86.0 38.0 31.0 13.0 8.0 45.0 11.0 11.0 11.0 11.0 9.0 11.0 15.0 11.0 13.0 11.0 9.0 137.0 83.0 61.0 31.0 12.0 9.0 26.0 11.0 21.0 11.0 13.0 9.0 11.0 14.0 11.0 20.0 11.0 9.0 232.0 46.0 87.0 16.0 12.0 10.0 36.0 11.0 14.0 28.0 11.0 8.0 10.0 13.0 11.0 14.0 11.0 9.0 180.0 123.0 102.0 141.0 58.0 9.0 11.0 97.0 31.0 14.0 12.0 8.0 11.0 11.0 12.0 12.0 10.0 9.0 11.0 11.0 36.0 11.0 11.0 10.0 310.0 141.0 107.0 71.0 24.0 9.0 19.0 11.0 11.0 12.0 11.0 9.0 10.0 26.0 13.0 11.0 32.0 9.0 309.0 132.0 65.0 114.0 12.0 9.0 11.0 15.0 11.0 11.0 25.0 9.0 11.0 11.0 11.0 11.0 10.0 9.0 335.0 142.0 95.0 60.0 12.0 9.0 19.0 14.0 10.0 11.0 11.0 8.0 27.0 10.0 11.0 11.0 12.0 9.0 265.0 451.0 80.0 265.0 13.0 9.0 11.0 10.0 11.0 11.0 11.0 9.0 12.0 11.0 11.0 11.0 10.0 9.0 234.0 119.0 75.0 48.0 28.0 9.0 13.0 10.0 11.0 81.0 15.0 9.0 11.0 11.0 12.0 11.0 12.0 9.0 10.0 11.0 10.0 13.0 28.0 9.0 336.0 155.0 121.0 83.0 12.0 9.0 149.0 14.0 15.0 11.0 14.0 8.0 11.0 11.0 11.0 10.0 10.0 9.0 208.0 30.0 46.0 27.0 13.0 9.0 50.0 11.0 11.0 72.0 12.0 9.0 11.0 11.0 10.0 17.0 11.0 9.0 10.0 11.0 15.0 11.0 11.0 9.0 316.0 151.0 105.0 60.0 11.0 9.0 51.0 11.0 11.0 54.0 10.0 9.0 79.0 10.0 10.0 11.0 13.0 9.0 231.0 125.0 151.0 19.0 105.0 9.0 56.0 79.0 25.0 11.0 11.0 8.0 11.0 10.0 11.0 12.0 12.0 8.0 12.0 12.0 10.0 11.0 12.0 9.0 257.0 134.0 148.0 59.0 11.0 9.0 59.0 17.0 11.0 11.0 11.0 8.0 11.0 11.0 14.0 11.0 11.0 9.0 253.0 180.0 135.0 53.0 13.0 9.0 86.0 11.0 11.0 11.0 11.0 8.0 10.0 10.0 10.0 12.0 11.0 9.0 171.0 90.0 13.0 75.0 52.0 9.0 49.0 11.0 11.0 13.0 69.0 8.0 11.0 10.0 11.0 12.0 12.0 8.0 90.0 11.0 10.0 14.0 10.0 9.0 282.0 77.0 71.0 14.0 12.0 9.0 14.0 10.0 13.0 12.0 10.0 9.0 11.0 10.0 10.0 11.0 10.0 9.0 244.0 119.0 59.0 46.0 14.0 8.0 12.0 11.0 12.0 11.0 11.0 8.0 11.0 11.0 11.0 13.0 14.0 9.0 254.0 86.0 11.0 64.0 11.0 9.0 11.0 11.0 11.0 11.0 11.0 9.0 11.0 11.0 10.0 12.0 13.0 10.0 226.0 85.0 73.0 22.0 14.0 9.0 20.0 11.0 11.0 11.0 11.0 9.0 11.0 11.0 14.0 10.0 12.0 9.0 204.0 86.0 45.0 43.0 11.0 9.0 52.0 11.0 12.0 17.0 21.0 9.0 17.0 10.0 10.0 11.0 11.0 9.0 199.0 104.0 90.0 49.0 25.0 9.0 77.0 12.0 11.0 10.0 11.0 9.0 35.0 12.0 88.0 11.0 10.0 10.0 236.0 127.0 39.0 20.0 34.0 9.0 11.0 11.0 11.0 11.0 11.0 9.0 11.0 11.0 11.0 11.0 10.0 9.0 269.0 101.0 65.0 34.0 25.0 9.0 14.0 85.0 14.0 11.0 10.0 9.0 11.0 11.0 15.0 10.0 10.0 9.0 221.0 119.0 87.0 31.0 12.0 9.0 11.0 10.0 11.0 12.0 11.0 8.0 11.0 11.0 11.0 14.0 11.0 9.0 264.0 137.0 70.0 21.0 19.0 9.0 28.0 11.0 56.0 11.0 11.0 9.0 96.0 11.0 10.0 11.0 10.0 10.0 100.0 143.0 249.0 19.0 13.0 9.0 25.0 12.0 11.0 11.0 11.0 8.0 11.0 11.0 11.0 14.0 10.0 9.0 147.0 54.0 76.0 78.0 40.0 9.0 11.0 11.0 10.0 15.0 11.0 8.0 11.0 11.0 10.0 11.0 11.0 9.0 11.0 11.0 11.0 13.0 11.0 9.0 200.0 76.0 86.0 44.0 29.0 13.0 157.0 11.0 11.0 12.0 11.0 9.0 13.0 10.0 58.0 13.0 11.0 9.0 11.0 10.0 17.0 13.0 11.0 10.0 220.0 153.0 191.0 83.0 64.0 9.0 73.0 11.0 10.0 13.0 11.0 9.0 11.0 10.0 10.0 10.0 12.0 9.0 12.0 11.0 11.0 13.0 11.0 9.0 259.0 125.0 68.0 39.0 18.0 9.0 26.0 19.0 11.0 11.0 11.0 8.0 78.0 12.0 11.0 15.0 11.0 9.0 278.0 121.0 65.0 135.0 13.0 9.0 38.0 11.0 11.0 11.0 10.0 9.0 10.0 11.0 12.0 11.0 11.0 9.0 270.0 88.0 77.0 40.0 28.0 9.0 94.0 11.0 11.0 11.0 11.0 8.0 11.0 10.0 11.0 14.0 11.0
48 49 1 TRACE 261.0 152.0 123.0 74.0 149.0 88.0 16.0 32.0 35.0 29.0 42.0 35.0 7.0 27.0 44.0 11.0 10.0 10.0 190.0 112.0 80.0 64.0 133.0 422.0 75.0 83.0 72.0 56.0 54.0 69.0 9.0 12.0 12.0 11.0 19.0 14.0 8.0 11.0 10.0 10.0 11.0 11.0 124.0 121.0 84.0 66.0 73.0 140.0 9.0 13.0 14.0 13.0 13.0 13.0 8.0 10.0 10.0 10.0 13.0 11.0 246.0 161.0 92.0 79.0 71.0 88.0 22.0 48.0 41.0 36.0 43.0 77.0 8.0 16.0 12.0 11.0 11.0 11.0 201.0 598.0 91.0 70.0 66.0 212.0 33.0 65.0 48.0 41.0 41.0 39.0 8.0 11.0 11.0 10.0 10.0 16.0 116.0 807.0 75.0 66.0 59.0 537.0 104.0 109.0 77.0 63.0 56.0 49.0 8.0 19.0 13.0 12.0 13.0 18.0 8.0 16.0 11.0 10.0 10.0 11.0 264.0 387.0 94.0 73.0 84.0 171.0 17.0 73.0 34.0 34.0 124.0 36.0 8.0 12.0 12.0 10.0 45.0 13.0 143.0 303.0 100.0 68.0 60.0 92.0 9.0 39.0 15.0 14.0 14.0 31.0 8.0 19.0 11.0 10.0 10.0 14.0 239.0 422.0 95.0 72.0 64.0 97.0 15.0 78.0 35.0 28.0 28.0 72.0 8.0 10.0 10.0 11.0 10.0 12.0 203.0 552.0 90.0 71.0 62.0 147.0 34.0 52.0 49.0 43.0 48.0 83.0 8.0 15.0 13.0 10.0 11.0 10.0 243.0 403.0 95.0 72.0 63.0 177.0 14.0 27.0 27.0 24.0 25.0 29.0 8.0 17.0 13.0 10.0 10.0 10.0 264.0 155.0 106.0 82.0 96.0 115.0 11.0 25.0 23.0 21.0 23.0 24.0 8.0 11.0 22.0 10.0 10.0 10.0 225.0 154.0 100.0 75.0 72.0 81.0 24.0 135.0 43.0 44.0 37.0 36.0 8.0 12.0 10.0 11.0 10.0 10.0 186.0 120.0 90.0 70.0 106.0 69.0 53.0 164.0 58.0 48.0 46.0 57.0 9.0 13.0 11.0 11.0 11.0 11.0 12.0 11.0 10.0 10.0 10.0 10.0 151.0 112.0 86.0 66.0 99.0 83.0 72.0 91.0 84.0 56.0 51.0 56.0 10.0 12.0 11.0 11.0 12.0 11.0 8.0 10.0 10.0 10.0 10.0 11.0 243.0 207.0 94.0 72.0 96.0 130.0 12.0 25.0 27.0 24.0 26.0 27.0 8.0 10.0 10.0 10.0 10.0 11.0 162.0 563.0 85.0 64.0 66.0 132.0 66.0 154.0 66.0 54.0 48.0 46.0 15.0 12.0 11.0 11.0 11.0 11.0 8.0 11.0 82.0 10.0 10.0 10.0 188.0 134.0 92.0 69.0 82.0 58.0 45.0 86.0 52.0 46.0 45.0 51.0 10.0 13.0 12.0 11.0 11.0 12.0 226.0 241.0 96.0 71.0 95.0 123.0 23.0 43.0 60.0 36.0 44.0 40.0 8.0 11.0 10.0 10.0 13.0 11.0 160.0 124.0 84.0 65.0 62.0 114.0 65.0 81.0 91.0 54.0 49.0 58.0 13.0 11.0 86.0 11.0 11.0 12.0 8.0 11.0 11.0 10.0 10.0 11.0 101.0 209.0 86.0 56.0 62.0 60.0 120.0 111.0 85.0 64.0 70.0 54.0 9.0 15.0 12.0 13.0 13.0 12.0 8.0 10.0 14.0 9.0 11.0 10.0 221.0 133.0 91.0 70.0 65.0 102.0 32.0 71.0 46.0 43.0 56.0 40.0 7.0 11.0 11.0 10.0 11.0 11.0 256.0 141.0 102.0 73.0 98.0 140.0 11.0 24.0 83.0 23.0 28.0 22.0 8.0 16.0 10.0 10.0 10.0 10.0 212.0 158.0 94.0 72.0 67.0 85.0 10.0 21.0 19.0 19.0 94.0 19.0 8.0 11.0 11.0 9.0 10.0 96.0 262.0 154.0 93.0 71.0 63.0 57.0 28.0 47.0 42.0 45.0 46.0 45.0 8.0 10.0 74.0 10.0 11.0 10.0 265.0 156.0 95.0 74.0 91.0 135.0 13.0 35.0 29.0 25.0 29.0 89.0 8.0 11.0 10.0 10.0 10.0 10.0 237.0 145.0 104.0 71.0 94.0 108.0 18.0 37.0 34.0 32.0 30.0 35.0 8.0 11.0 69.0 10.0 10.0 10.0 201.0 232.0 92.0 105.0 105.0 57.0 33.0 141.0 47.0 41.0 45.0 41.0 8.0 11.0 10.0 10.0 10.0 10.0 156.0 176.0 91.0 74.0 63.0 96.0 9.0 17.0 43.0 18.0 20.0 15.0 7.0 10.0 10.0 10.0 10.0 79.0 164.0 112.0 79.0 69.0 62.0 55.0 96.0 147.0 144.0 61.0 55.0 50.0 10.0 13.0 14.0 11.0 12.0 12.0 7.0 11.0 10.0 10.0 11.0 10.0 156.0 112.0 86.0 66.0 64.0 75.0 71.0 87.0 69.0 54.0 54.0 55.0 9.0 12.0 11.0 11.0 11.0 14.0 8.0 10.0 31.0 10.0 10.0 10.0 144.0 142.0 95.0 68.0 85.0 84.0 9.0 14.0 14.0 15.0 14.0 14.0 8.0 10.0 78.0 10.0 11.0 10.0 153.0 144.0 89.0 71.0 120.0 90.0 11.0 17.0 16.0 15.0 14.0 15.0 8.0 96.0 43.0 10.0 10.0 10.0 241.0 155.0 94.0 73.0 94.0 90.0 16.0 33.0 35.0 34.0 34.0 35.0 7.0 10.0 14.0 10.0 11.0 11.0 109.0 91.0 75.0 56.0 57.0 56.0 112.0 124.0 80.0 64.0 56.0 54.0 9.0 14.0 13.0 12.0 13.0 16.0 8.0 10.0 46.0 10.0 10.0 10.0 195.0 183.0 94.0 72.0 77.0 111.0 9.0 21.0 49.0 17.0 18.0 25.0 8.0 10.0 31.0 12.0 10.0 12.0 274.0 141.0 95.0 365.0 67.0 63.0 12.0 24.0 26.0 24.0 24.0 26.0 8.0 11.0 12.0 11.0 11.0 10.0 207.0 165.0 107.0 72.0 79.0 128.0 10.0 20.0 28.0 19.0 19.0 22.0 7.0 13.0 10.0 10.0 10.0 10.0 268.0 157.0 96.0 72.0 64.0 97.0 13.0 30.0 26.0 25.0 28.0 27.0 8.0 11.0 17.0 10.0 10.0 10.0 169.0 127.0 95.0 66.0 69.0 57.0 59.0 85.0 62.0 51.0 52.0 51.0 8.0 11.0 11.0 10.0 11.0 11.0 8.0 10.0 10.0 10.0 10.0 12.0 268.0 193.0 95.0 71.0 67.0 142.0 13.0 27.0 47.0 26.0 26.0 26.0 8.0 10.0 10.0 10.0 10.0 10.0 115.0 98.0 73.0 61.0 58.0 148.0 115.0 120.0 83.0 63.0 61.0 54.0 10.0 12.0 13.0 12.0 12.0 12.0 8.0 10.0 10.0 10.0 11.0 10.0 232.0 161.0 98.0 84.0 98.0 117.0 19.0 66.0 36.0 32.0 39.0 37.0 8.0 11.0 10.0 10.0 10.0 10.0 162.0 120.0 86.0 65.0 139.0 55.0 64.0 75.0 66.0 54.0 48.0 55.0 9.0 12.0 11.0 11.0 11.0 95.0 7.0 11.0 14.0 10.0 10.0 10.0 204.0 139.0 91.0 70.0 133.0 147.0 29.0 67.0 47.0 40.0 42.0 45.0 8.0 10.0 11.0 11.0 11.0 11.0 209.0 136.0 91.0 71.0 91.0 131.0 28.0 98.0 43.0 39.0 41.0 37.0 8.0 10.0 12.0 10.0 10.0 11.0 114.0 106.0 75.0 58.0 61.0 62.0 105.0 106.0 80.0 62.0 56.0 51.0 8.0 13.0 12.0 12.0 12.0 12.0 7.0 10.0 15.0 10.0 10.0 83.0 152.0 142.0 88.0 70.0 69.0 95.0 9.0 14.0 32.0 15.0 15.0 18.0 8.0 11.0 10.0 17.0 10.0 10.0 246.0 156.0 97.0 74.0 82.0 63.0 12.0 26.0 26.0 25.0 25.0 25.0 8.0 10.0 9.0 10.0 10.0 10.0 226.0 161.0 92.0 76.0 82.0 91.0 22.0 44.0 41.0 36.0 38.0 44.0 8.0 10.0 13.0 10.0 10.0 11.0 129.0 132.0 86.0 66.0 66.0 86.0 9.0 28.0 13.0 13.0 13.0 13.0 8.0 10.0 85.0 10.0 11.0 15.0 167.0 130.0 90.0 78.0 68.0 81.0 9.0 103.0 17.0 17.0 18.0 39.0 8.0 10.0 10.0 10.0 10.0 10.0 202.0 152.0 92.0 79.0 78.0 87.0 36.0 73.0 47.0 45.0 42.0 47.0 8.0 17.0 17.0 10.0 10.0 10.0 208.0 131.0 92.0 71.0 84.0 69.0 40.0 57.0 54.0 44.0 42.0 43.0 8.0 11.0 10.0 10.0 11.0 11.0 139.0 130.0 90.0 68.0 154.0 114.0 9.0 15.0 14.0 14.0 15.0 14.0 8.0 10.0 10.0 10.0 11.0 11.0 255.0 161.0 109.0 75.0 108.0 90.0 17.0 33.0 34.0 30.0 30.0 36.0 8.0 10.0 10.0 10.0 14.0 10.0 190.0 131.0 106.0 76.0 94.0 88.0 39.0 128.0 53.0 44.0 42.0 43.0 8.0 11.0 11.0 10.0 10.0 11.0 146.0 516.0 89.0 74.0 64.0 120.0 9.0 17.0 14.0 14.0 14.0 14.0 7.0 10.0 14.0 10.0 10.0 10.0 129.0 99.0 89.0 59.0 59.0 47.0 111.0 123.0 95.0 63.0 64.0 126.0 9.0 12.0 12.0 12.0 12.0 13.0 7.0 10.0 10.0 10.0 10.0 10.0 105.0 89.0 75.0 60.0 103.0 78.0 117.0 114.0 82.0 63.0 58.0 52.0 9.0 14.0 13.0 12.0 19.0 13.0 8.0 11.0 10.0 10.0 10.0 10.0 186.0 123.0 89.0 68.0 79.0 58.0 59.0 149.0 128.0 53.0 47.0 45.0 9.0 12.0 11.0 11.0 11.0 11.0 7.0 10.0 14.0 10.0 10.0 10.0 155.0 174.0 88.0 70.0 73.0 55.0 9.0 17.0 22.0 15.0 18.0 15.0 8.0 11.0 13.0 10.0 10.0 10.0 244.0 157.0 102.0 73.0 70.0 84.0 14.0 30.0 28.0 29.0 27.0 30.0 8.0 10.0 10.0 10.0 11.0 10.0 190.0 132.0 91.0 73.0 114.0 72.0 42.0 61.0 51.0 45.0 54.0 59.0 8.0 11.0 11.0 10.0 10.0 12.0
49 47 1 TRACE 2893.0 2305.0 2004.0 1804.0 1671.0 530.0 450.0 415.0 405.0 394.0 327.0 320.0 198.0 199.0 197.0 2699.0 2299.0 2031.0 1928.0 1888.0 1396.0 1021.0 748.0 656.0 559.0 211.0 205.0 206.0 202.0 202.0 189.0 212.0 190.0 190.0 190.0 2533.0 1677.0 1458.0 1365.0 1243.0 305.0 231.0 220.0 261.0 263.0 199.0 192.0 190.0 191.0 196.0 3537.0 2184.0 2023.0 1799.0 1725.0 748.0 568.0 468.0 441.0 416.0 193.0 195.0 242.0 238.0 196.0 2822.0 2153.0 2027.0 1844.0 1779.0 875.0 652.0 539.0 503.0 454.0 196.0 198.0 199.0 199.0 196.0 2504.0 2301.0 2192.0 2085.0 1911.0 1617.0 1244.0 940.0 706.0 659.0 213.0 215.0 209.0 219.0 207.0 190.0 248.0 219.0 190.0 191.0 2454.0 2064.0 1838.0 1639.0 1493.0 525.0 437.0 404.0 418.0 373.0 192.0 192.0 198.0 193.0 192.0 1971.0 1631.0 1483.0 1339.0 1270.0 283.0 237.0 234.0 234.0 232.0 199.0 192.0 193.0 192.0 189.0 2395.0 2049.0 1862.0 1651.0 1551.0 541.0 432.0 379.0 439.0 361.0 194.0 193.0 201.0 197.0 194.0 2660.0 2146.0 2068.0 1865.0 1802.0 873.0 644.0 538.0 487.0 456.0 212.0 196.0 195.0 198.0 195.0 2285.0 1845.0 1635.0 1497.0 1336.0 427.0 379.0 333.0 322.0 317.0 191.0 199.0 226.0 214.0 193.0 2492.0 2031.0 1703.0 1528.0 1367.0 461.0 349.0 337.0 321.0 317.0 200.0 196.0 194.0 195.0 194.0 2615.0 2181.0 2005.0 1785.0 1693.0 742.0 570.0 547.0 461.0 510.0 217.0 198.0 221.0 209.0 194.0 2654.0 2143.0 1996.0 1871.0 1798.0 1097.0 847.0 647.0 556.0 500.0 201.0 199.0 198.0 199.0 198.0 191.0 193.0 193.0 193.0 189.0 2556.0 2200.0 2003.0 1914.0 1819.0 1383.0 1019.0 887.0 637.0 536.0 205.0 205.0 201.0 204.0 201.0 193.0 195.0 190.0 192.0 192.0 2247.0 1803.0 1605.0 1460.0 1325.0 512.0 353.0 328.0 321.0 311.0 193.0 194.0 192.0 195.0 194.0 3216.0 2213.0 1988.0 1975.0 1818.0 1242.0 959.0 719.0 599.0 524.0 202.0 205.0 202.0 203.0 211.0 193.0 191.0 189.0 192.0 192.0 2647.0 2152.0 1941.0 1838.0 1750.0 1067.0 754.0 618.0 543.0 482.0 201.0 199.0 204.0 199.0 198.0 2820.0 2107.0 1908.0 1744.0 1702.0 723.0 536.0 469.0 445.0 421.0 196.0 195.0 194.0 195.0 193.0 2642.0 2195.0 2004.0 1883.0 1800.0 1234.0 943.0 707.0 597.0 529.0 204.0 203.0 200.0 202.0 200.0 196.0 190.0 279.0 191.0 191.0 2490.0 2359.0 2230.0 2068.0 1974.0 1579.0 1294.0 1040.0 804.0 597.0 223.0 219.0 218.0 216.0 214.0 203.0 235.0 190.0 192.0 191.0 2676.0 2162.0 1976.0 1867.0 1731.0 825.0 641.0 536.0 494.0 448.0 257.0 196.0 195.0 198.0 299.0 2232.0 1767.0 1573.0 1443.0 1293.0 427.0 339.0 314.0 309.0 301.0 197.0 191.0 190.0 222.0 227.0 2084.0 1690.0 1522.0 1435.0 1267.0 306.0 292.0 276.0 278.0 270.0 214.0 191.0 196.0 192.0 190.0 2598.0 2209.0 2051.0 1896.0 1720.0 941.0 590.0 508.0 473.0 434.0 194.0 194.0 193.0 196.0 194.0 2213.0 1896.0 1660.0 1507.0 1373.0 479.0 371.0 343.0 342.0 327.0 199.0 192.0 191.0 193.0 282.0 2457.0 2060.0 1819.0 1689.0 1547.0 548.0 454.0 413.0 402.0 387.0 210.0 193.0 192.0 195.0 193.0 2745.0 2130.0 1994.0 1833.0 1730.0 889.0 648.0 534.0 503.0 528.0 208.0 198.0 195.0 200.0 198.0 2024.0 1653.0 1492.0 1346.0 1216.0 289.0 254.0 244.0 243.0 237.0 265.0 190.0 190.0 253.0 198.0 2638.0 2302.0 2122.0 1988.0 1892.0 1533.0 1210.0 904.0 688.0 672.0 231.0 251.0 206.0 210.0 206.0 192.0 190.0 190.0 191.0 191.0 2609.0 2202.0 2006.0 1892.0 1806.0 1299.0 1019.0 748.0 606.0 522.0 297.0 211.0 201.0 203.0 199.0 190.0 238.0 189.0 203.0 192.0 2031.0 1643.0 1562.0 1345.0 1218.0 266.0 250.0 235.0 240.0 227.0 195.0 217.0 190.0 191.0 191.0 2003.0 1663.0 1490.0 1363.0 1227.0 282.0 263.0 239.0 330.0 234.0 250.0 190.0 190.0 190.0 191.0 2467.0 2131.0 1843.0 1708.0 1550.0 559.0 449.0 401.0 384.0 370.0 192.0 248.0 191.0 195.0 191.0 2630.0 2304.0 2171.0 2032.0 1930.0 1595.0 1275.0 944.0 734.0 590.0 301.0 219.0 213.0 211.0 210.0 191.0 190.0 189.0 192.0 191.0 2074.0 1678.0 1517.0 1360.0 1226.0 372.0 287.0 268.0 267.0 259.0 255.0 288.0 284.0 326.0 428.0 2230.0 1883.0 1661.0 1489.0 1394.0 464.0 342.0 326.0 314.0 309.0 198.0 194.0 216.0 209.0 193.0 2059.0 1701.0 1540.0 1398.0 1240.0 419.0 290.0 279.0 274.0 267.0 209.0 210.0 218.0 193.0 190.0 2274.0 1894.0 1698.0 1547.0 1405.0 443.0 380.0 354.0 345.0 332.0 203.0 193.0 197.0 192.0 193.0 2668.0 2183.0 1985.0 1887.0 1808.0 1213.0 920.0 696.0 583.0 509.0 303.0 204.0 197.0 207.0 198.0 189.0 193.0 190.0 191.0 189.0 2269.0 1892.0 1680.0 1545.0 1383.0 455.0 381.0 355.0 349.0 340.0 205.0 192.0 193.0 194.0 193.0 2520.0 2358.0 2211.0 2083.0 1990.0 1607.0 1329.0 1014.0 749.0 600.0 218.0 218.0 216.0 214.0 214.0 194.0 196.0 189.0 191.0 192.0 2544.0 2095.0 1903.0 1728.0 1584.0 613.0 487.0 442.0 448.0 396.0 203.0 196.0 197.0 194.0 196.0 2818.0 2176.0 2011.0 1886.0 1791.0 1262.0 922.0 692.0 590.0 524.0 232.0 202.0 200.0 200.0 200.0 189.0 191.0 194.0 189.0 189.0 2745.0 2133.0 1953.0 1804.0 1689.0 828.0 609.0 508.0 475.0 442.0 203.0 195.0 197.0 199.0 194.0 2796.0 2140.0 1948.0 1816.0 1688.0 848.0 594.0 513.0 495.0 445.0 253.0 195.0 195.0 266.0 194.0 2593.0 2292.0 2217.0 2004.0 1903.0 1519.0 1238.0 963.0 745.0 585.0 248.0 213.0 211.0 210.0 211.0 191.0 192.0 190.0 190.0 191.0 2050.0 1658.0 1491.0 1383.0 1217.0 286.0 303.0 246.0 321.0 238.0 237.0 232.0 189.0 193.0 211.0 2222.0 1863.0 1680.0 1518.0 1418.0 462.0 401.0 331.0 363.0 318.0 193.0 192.0 192.0 191.0 266.0 2734.0 2151.0 2013.0 1791.0 1656.0 678.0 539.0 466.0 452.0 418.0 193.0 285.0 196.0 195.0 200.0 2069.0 1605.0 1444.0 1331.0 1186.0 266.0 229.0 224.0 308.0 219.0 191.0 192.0 190.0 194.0 269.0 1990.0 1700.0 1529.0 1371.0 1248.0 300.0 263.0 249.0 247.0 308.0 285.0 193.0 190.0 191.0 191.0 2689.0 2203.0 2003.0 1857.0 1757.0 903.0 761.0 560.0 499.0 466.0 231.0 256.0 195.0 198.0 201.0 2647.0 2136.0 2006.0 1879.0 1752.0 1035.0 730.0 573.0 521.0 476.0 254.0 199.0 197.0 197.0 202.0 2125.0 1622.0 1464.0 1341.0 1211.0 295.0 241.0 228.0 232.0 233.0 193.0 197.0 191.0 192.0 192.0 2496.0 2056.0 1831.0 1696.0 1546.0 573.0 458.0 410.0 393.0 378.0 192.0 194.0 193.0 193.0 194.0 2658.0 2162.0 1992.0 1878.0 1763.0 919.0 696.0 567.0 550.0 487.0 198.0 203.0 196.0 199.0 197.0 2086.0 1634.0 1469.0 1352.0 1224.0 290.0 281.0 275.0 232.0 229.0 192.0 190.0 190.0 192.0 191.0 2601.0 2317.0 2191.0 2060.0 1967.0 1635.0 1301.0 1020.0 753.0 589.0 250.0 218.0 211.0 214.0 213.0 218.0 190.0 197.0 191.0 191.0 2616.0 2342.0 2197.0 2056.0 1972.0 1600.0 1316.0 1059.0 798.0 614.0 243.0 223.0 212.0 215.0 219.0 189.0 192.0 266.0 196.0 191.0 2787.0 2288.0 2047.0 1914.0 1823.0 1166.0 919.0 686.0 578.0 520.0 216.0 203.0 199.0 200.0 201.0 225.0 191.0 190.0 190.0 282.0 2149.0 1631.0 1490.0 1357.0 1286.0 305.0 251.0 242.0 243.0 238.0 191.0 201.0 190.0 192.0 190.0 2359.0 2009.0 1798.0 1634.0 1484.0 502.0 412.0 382.0 370.0 357.0 193.0 192.0 192.0 211.0 194.0 2669.0 2179.0 1982.0 1851.0 1771.0 972.0 723.0 581.0 519.0 487.0 196.0 199.0 196.0 197.0 194.0
49 50 1 TRACE 107.0 164.0 4549.0 95.0 84.0 135.0 36.0 98.0 41.0 59.0 95.0 71.0 37.0 92.0 383.0 115.0 336.0 86.0 142.0 142.0 248.0 141.0 49.0 363.0 115.0 1109.0 188.0 65.0 107.0 236.0 88.0 185.0 179.0 50.0 37.0 298.0 98.0 369.0 285.0 60.0 38.0 422.0 234.0 135.0 141.0 336.0 176.0 73.0 137.0 402.0 224.0 136.0 98.0 183.0 158.0 56.0 429.0 358.0 249.0 335.0 135.0 38.0 506.0 367.0 65.0 37.0 304.0 227.0 121.0 296.0 584.0 293.0 40.0 414.0 143.0 75.0 338.0 43.0 44.0 461.0 222.0 160.0 509.0 60.0 37.0 964.0 70.0 40.0 391.0 65.0 153.0 628.0 116.0 41.0 670.0 292.0 173.0 153.0 304.0 526.0 218.0 38.0 462.0 154.0 211.0 416.0 40.0 78.0 450.0 154.0 38.0 316.0 241.0 216.0 46.0 1180.0 118.0 548.0 178.0 49.0 107.0 393.0 110.0 118.0 532.0 112.0 71.0 429.0 252.0 137.0 122.0 482.0 100.0 161.0 291.0 430.0 117.0 183.0 446.0 61.0 62.0 454.0 411.0 147.0 86.0 563.0 142.0 205.0 491.0 268.0 128.0 298.0 353.0 104.0 42.0 409.0 41.0 78.0 406.0 151.0 144.0 489.0 195.0 38.0 515.0 158.0 38.0 504.0 101.0 59.0 336.0 184.0 126.0 513.0 196.0 154.0 220.0 85.0 95.0 434.0 213.0 177.0 531.0 410.0 101.0 88.0 314.0 125.0 296.0 649.0 212.0 127.0 308.0 272.0 66.0 55.0 170.0 211.0 183.0 127.0 350.0 271.0 136.0 380.0 213.0 38.0 512.0 199.0 61.0
50 25 1 TRACE 43.0 25.0 27.0 82.0 37.0 27.0 34.0 93.0 31.0 36.0 35.0 27.0 33.0 99.0 27.0 29.0 26.0 38.0 31.0 26.0 28.0 38.0 30.0 26.0 34.0 28.0 29.0 34.0 26.0 26.0 26.0 27.0 27.0 29.0 26.0 40.0 28.0 28.0 28.0 27.0 28.0 30.0 49.0 29.0 34.0 34.0 28.0 33.0 28.0 32.0 27.0 26.0 35.0 38.0 26.0 30.0 41.0 115.0 116.0 27.0 32.0 27.0 28.0 37.0
50 41 1 TRACE 9.0 9.0 10.0 9.0 10.0 10.0 9.0 9.0 9.0 9.0 9.0 10.0 9.0 9.0 9.0 9.0 9.0 9.0 9.0 10.0 9.0 9.0 11.0 9.0 11.0 9.0 10.0 9.0 10.0 10.0 9.0 9.0 10.0 9.0 9.0 9.0 9.0 10.0 9.0 10.0 9.0 10.0 9.0 10.0 9.0 10.0 10.0 10.0 9.0 9.0 12.0 9.0 9.0 10.0 9.0 9.0 9.0 10.0 9.0 9.0 9.0 9.0 9.0 10.0 10.0 9.0 9.0 9.0 10.0 9.0 9.0 9.0 9.0 9.0 9.0 9.0 10.0 10.0 9.0 9.0 10.0 9.0 9.0 9.0 9.0 10.0 10.0 9.0 9.0 10.0 9.0 9.0 9.0 10.0 10.0 10.0 9.0 9.0 10.0 10.0 9.0 9.0 10.0 9.0 9.0 9.0 9.0 9.0 10.0 9.0 10.0 9.0 9.0 10.0 9.0 9.0 10.0 9.0 9.0 9.0 9.0 10.0 9.0 9.0 9.0 10.0 9.0 10.0 9.0 9.0 9.0 9.0 9.0 10.0 9.0 9.0 10.0 9.0 9.0 10.0 9.0 10.0 9.0 10.0 9.0
51 52 1 TRACE 4214.0 4160.0 3930.0 4082.0 4109.0 4077.0 3925.0 3996.0 3960.0 4030.0 4056.0 3982.0 4006.0 4065.0 3999.0 3926.0 3972.0 4074.0 4128.0 4055.0 4077.0 4082.0 4023.0 4036.0 4133.0 4067.0 3915.0 4090.0 3909.0 4177.0 4029.0 3879.0 3990.0 3956.0 4085.0 4946.0 3991.0 4047.0 3879.0 3973.0 4039.0 3977.0 3929.0 4068.0 4081.0 4074.0 4062.0 3907.0 4019.0 3900.0 3827.0 3924.0 3910.0 4078.0 3795.0 4102.0 4097.0 3912.0 4031.0 5040.0 4068.0 3970.0 3909.0 4125.0
52 53 1 TRACE 97.0 185.0 88.0 177.0 90.0 186.0 91.0 129.0 97.0 91.0 92.0 89.0 184.0 93.0 90.0 92.0 172.0 150.0 95.0 92.0 90.0 104.0 168.0 90.0 169.0 140.0 96.0 93.0 91.0 90.0 98.0 108.0 157.0 155.0 168.0 127.0 126.0 166.0 180.0 179.0 132.0 90.0 90.0 90.0 91.0 155.0 92.0 92.0 159.0 90.0 92.0 90.0 177.0 172.0 186.0 154.0 91.0 176.0 91.0 175.0 178.0 92.0 138.0 180.0
53 54 1 TRACE 31.0 22.0 21.0 23.0 27.0 56.0 26.0 29.0 27.0 29.0 22.0 19.0 22.0 22.0 24.0 22.0 23.0 25.0 112.0 23.0 24.0 21.0 22.0 21.0 21.0 25.0 22.0 20.0 26.0 25.0 26.0 19.0 24.0 26.0 29.0 19.0 20.0 22.0 17.0 18.0 25.0 23.0 21.0 19.0 25.0 24.0 23.0 21.0 23.0 21.0 19.0 20.0 40.0 19.0 22.0 22.0 22.0 22.0 23.0 21.0 21.0 23.0 21.0 24.0
54 55 1 TRACE 51.0 28.0 26.0 26.0 26.0 27.0 27.0 26.0 26.0 27.0 25.0 39.0 26.0 25.0 40.0 25.0 26.0 26.0 27.0 26.0 28.0 27.0 25.0 26.0 27.0 25.0 25.0 27.0 25.0 26.0 27.0 26.0 25.0 24.0 26.0 39.0 24.0 25.0 25.0 31.0 24.0 27.0 24.0 25.0 27.0 25.0 26.0 37.0 24.0 26.0 25.0 45.0 31.0 26.0 27.0 38.0 39.0 25.0 38.0 30.0 25.0 38.0 26.0 26.0
55 56 1 TRACE 12.0 7.0 8.0 8.0 8.0 8.0 8.0 8.0 8.0 8.0 7.0 8.0 8.0 7.0 9.0 8.0 8.0 8.0 8.0 8.0 8.0 7.0 8.0 7.0 7.0 7.0 8.0 8.0 7.0 8.0 8.0 8.0 7.0 8.0 8.0 10.0 7.0 8.0 8.0 8.0 8.0 8.0 8.0 8.0 8.0 8.0 8.0 8.0 7.0 8.0 8.0 8.0 8.0 8.0 8.0 8.0 8.0 8.0 9.0 9.0 8.0 9.0 7.0 8.0
56 57 1 TRACE 23.0 8.0 7.0 7.0 8.0 7.0 7.0 8.0 7.0 8.0 8.0 8.0 7.0 8.0 7.0 7.0 8.0 8.0 8.0 7.0 7.0 8.0 7.0 7.0 7.0 7.0 8.0 7.0 8.0 7.0 8.0 7.0 8.0 7.0 7.0 21.0 7.0 7.0 7.0 7.0 7.0 8.0 8.0 8.0 8.0 7.0 8.0 8.0 8.0 7.0 7.0 8.0 8.0 8.0 8.0 8.0 8.0 7.0 18.0 9.0 7.0 7.0 7.0 7.0
57 58 1 TRACE 12.0 7.0 8.0 7.0 8.0 8.0 7.0 7.0 7.0 8.0 7.0 8.0 7.0 7.0 7.0 7.0 8.0 7.0 7.0 7.0 7.0 8.0 7.0 7.0 8.0 8.0 7.0 7.0 7.0 8.0 8.0 7.0 8.0 7.0 8.0 9.0 7.0 8.0 8.0 8.0 8.0 7.0 7.0 8.0 8.0 7.0 7.0 7.0 8.0 7.0 7.0 7.0 7.0 7.0 7.0 8.0 8.0 8.0 8.0 10.0 8.0 8.0 8.0 7.0
58 59 1 TRACE 18.0 8.0 9.0 9.0 9.0 9.0 9.0 9.0 8.0 9.0 9.0 22.0 9.0 9.0 22.0 9.0 9.0 9.0 8.0 9.0 9.0 9.0 9.0 9.0 9.0 9.0 9.0 9.0 9.0 10.0 9.0 9.0 8.0 9.0 9.0 23.0 9.0 9.0 9.0 10.0 9.0 9.0 9.0 9.0 9.0 9.0 9.0 22.0 9.0 9.0 9.0 22.0 9.0 9.0 9.0 22.0 23.0 9.0 22.0 12.0 10.0 22.0 10.0 10.0
59 60 1 TRACE 8.0 20.0 20.0 7.0 20.0 20.0 20.0 20.0 20.0 8.0 7.0 8.0 20.0 20.0 8.0 20.0 8.0 8.0 23.0 20.0 20.0 20.0 20.0 8.0 8.0 20.0 19.0 20.0 20.0 8.0 7.0 7.0 19.0 20.0 20.0 9.0 19.0 20.0 20.0 8.0 20.0 20.0 20.0 19.0 20.0 20.0 20.0 7.0 19.0 20.0 20.0 7.0 9.0 20.0 20.0 7.0 8.0 20.0 8.0 9.0 20.0 8.0 20.0 20.0
60 61 1 TRACE 8.0 7.0 8.0 20.0 8.0 8.0 7.0 7.0 7.0 19.0 19.0 19.0 8.0 8.0 7.0 8.0 20.0 20.0 7.0 8.0 8.0 8.0 8.0 20.0 20.0 8.0 7.0 8.0 11.0 7.0 20.0 7.0 8.0 8.0 8.0 21.0 7.0 8.0 8.0 8.0 7.0 8.0 8.0 8.0 7.0 8.0 8.0 8.0 7.0 8.0 8.0 8.0 7.0 8.0 8.0 8.0 8.0 8.0 7.0 9.0 8.0 7.0 7.0 8.0
61 62 1 TRACE 21.0 7.0 8.0 7.0 7.0 7.0 7.0 8.0 7.0 7.0 7.0 8.0 8.0 7.0 7.0 8.0 8.0 8.0 8.0 7.0 7.0 7.0 7.0 7.0 7.0 7.0 8.0 7.0 20.0 8.0 8.0 20.0 7.0 8.0 8.0 9.0 7.0 7.0 7.0 7.0 8.0 8.0 7.0 8.0 8.0 7.0 7.0 8.0 7.0 7.0 7.0 7.0 8.0 7.0 7.0 7.0 8.0 7.0 8.0 9.0 8.0 8.0 7.0 8.0
62 1 1 TRACE 27.0 29.0 26.0 76.0 25.0 25.0 25.0 25.0 25.0 26.0 25.0 37.0 25.0 25.0 36.0 24.0 24.0 25.0 30.0 25.0 26.0 25.0 65.0 25.0 25.0 24.0 25.0 26.0 26.0 38.0 25.0 25.0 25.0 71.0 25.0 50.0 71.0 25.0 25.0 40.0 26.0 25.0 25.0 25.0 26.0 26.0 25.0 104.0 69.0 24.0 91.0 38.0 40.0 82.0 25.0 54.0 35.0 26.0 32.0 68.0 26.0 36.0 70.0
