0 1 CONSTANT 8.0
1 1 CONSTANT 8.0
2 1 CONSTANT 0.0
3 1 CONSTANT 8.0
4 1 CONSTANT 8.0
5 1 CONSTANT 8.0
6 1 CONSTANT 8.0
7 1 CONSTANT 8.0
8 1 CONSTANT 8.0
9 1 CONSTANT 0.0
10 1 CONSTANT 0.0
11 1 CONSTANT 0.0
12 1 CONSTANT 0.0
13 1 CONSTANT 8.0
14 1 CONSTANT 4.0
15 1 CONSTANT 4.0
16 1 CONSTANT 0.0
17 1 CONSTANT 0.0
18 1 CONSTANT 0.0
19 1 CONSTANT 0.0
20 1 CONSTANT 4.0
21 1 CONSTANT 8.0
22 1 CONSTANT 8.0
23 1 CONSTANT 8.0
24 1 CONSTANT 8.0
25 1 CONSTANT 4.0
26 1 CONSTANT 4.0
27 1 CONSTANT 8.0
28 1 TRACE 0.0 0.0 12.0 0.0 0.0 0.0 4.0 20.0 4.0 0.0 16.0 0.0 4.0 16.0 0.0 0.0 0.0 12.0 0.0 0.0 40.0 0.0 0.0 4.0 8.0 0.0 0.0 0.0 0.0 0.0 4.0 4.0 0.0 12.0 0.0 40.0 0.0 0.0 0.0 44.0 0.0 0.0 4.0 0.0 0.0 0.0 4.0 0.0 0.0 0.0 0.0 4.0 0.0 0.0 0.0 64.0 0.0 0.0 0.0 16.0 0.0 0.0 4.0 0.0 0.0 0.0 0.0 4.0 0.0 0.0 0.0 8.0 4.0 0.0 28.0 4.0 0.0 0.0 12.0 0.0 4.0 64.0 0.0 0.0 0.0 4.0 0.0 0.0 12.0 0.0 20.0 4.0 0.0 0.0 48.0 0.0 4.0 12.0 8.0 0.0 8.0 4.0 0.0 0.0 8.0 0.0 0.0 0.0 0.0 12.0 4.0 4.0 0.0 0.0 0.0 0.0 0.0 0.0 0.0 72.0 0.0 0.0 0.0 0.0 0.0 0.0 0.0 4.0 0.0 0.0 64.0 0.0 0.0 0.0 0.0 0.0 0.0 4.0 0.0 0.0 0.0 0.0 0.0 8.0 0.0 0.0 0.0 0.0 4.0 8.0 0.0 8.0 20.0 0.0 0.0 8.0 0.0 4.0 0.0 16.0 0.0 0.0 0.0 4.0 0.0 8.0 4.0 0.0 0.0 12.0 0.0 0.0 0.0 32.0 0.0 0.0 0.0 36.0 0.0 0.0 0.0 16.0 0.0 0.0 12.0 0.0 0.0 0.0 0.0 0.0 4.0 0.0 0.0 4.0 0.0 0.0 16.0 0.0 0.0 0.0 8.0 0.0 0.0 0.0 0.0 36.0 0.0
29 1 CONSTANT 4.0
30 1 TRACE 0.0 0.0 12.0 0.0 0.0 0.0 4.0 20.0 4.0 0.0 16.0 0.0 4.0 16.0 0.0 0.0 0.0 12.0 0.0 0.0 40.0 0.0 0.0 4.0 8.0 0.0 0.0 0.0 0.0 0.0 4.0 4.0 0.0 12.0 0.0 40.0 0.0 0.0 0.0 44.0 0.0 0.0 4.0 0.0 0.0 0.0 4.0 0.0 0.0 0.0 0.0 4.0 0.0 0.0 0.0 64.0 0.0 0.0 0.0 16.0 0.0 0.0 4.0 0.0 0.0 0.0 0.0 4.0 0.0 0.0 0.0 8.0 4.0 0.0 28.0 4.0 0.0 0.0 12.0 0.0 4.0 64.0 0.0 0.0 0.0 4.0 0.0 0.0 12.0 0.0 20.0 4.0 0.0 0.0 48.0 0.0 4.0 12.0 8.0 0.0 8.0 4.0 0.0 0.0 8.0 0.0 0.0 0.0 0.0 12.0 4.0 4.0 0.0 0.0 0.0 0.0 0.0 0.0 0.0 72.0 0.0 0.0 0.0 0.0 0.0 0.0 0.0 4.0 0.0 0.0 64.0 0.0 0.0 0.0 0.0 0.0 0.0 4.0 0.0 0.0 0.0 0.0 0.0 8.0 0.0 0.0 0.0 0.0 4.0 8.0 0.0 8.0 20.0 0.0 0.0 8.0 0.0 4.0 0.0 16.0 0.0 0.0 0.0 4.0 0.0 8.0 4.0 0.0 0.0 12.0 0.0 0.0 0.0 32.0 0.0 0.0 0.0 36.0 0.0 0.0 0.0 16.0 0.0 0.0 12.0 0.0 0.0 0.0 0.0 0.0 4.0 0.0 0.0 4.0 0.0 0.0 16.0 0.0 0.0 0.0 8.0 0.0 0.0 0.0 0.0 36.0 0.0
31 1 CONSTANT 8.0
32 1 CONSTANT 8.0
33 1 CONSTANT 4.0
34 1 CONSTANT 0.0
35 1 CONSTANT 0.0
36 1 CONSTANT 8.0
37 1 CONSTANT 8.0
38 1 CONSTANT 8.0
39 1 TRACE 8.0 0.0 8.0 0.0 0.0 8.0 0.0 0.0 8.0 0.0 8.0 0.0 8.0 0.0 0.0 8.0 0.0 0.0 8.0 0.0 8.0 0.0 8.0 0.0 0.0 8.0 0.0 0.0 8.0 0.0 0.0 8.0 0.0 0.0 8.0 0.0 0.0 8.0 8.0 0.0 0.0 8.0 0.0 0.0 8.0 0.0 0.0 0.0 0.0 8.0 0.0 8.0 0.0 8.0 0.0 8.0 0.0 8.0 0.0 0.0 8.0 0.0 0.0 8.0 0.0 0.0 8.0 0.0 0.0 8.0 0.0 0.0 8.0 8.0 0.0 0.0 8.0 0.0 0.0 8.0 0.0 8.0 0.0 8.0 0.0 0.0 8.0 0.0 0.0 8.0 0.0 0.0 8.0 0.0 8.0 0.0 8.0 0.0 0.0 8.0 0.0 0.0 8.0 0.0 0.0 8.0 0.0 0.0 8.0 0.0 0.0 8.0 0.0 0.0 8.0 0.0 0.0 8.0 0.0 8.0 0.0 8.0 8.0 0.0 0.0 8.0 0.0 0.0 8.0 0.0 8.0 0.0 8.0 0.0 0.0 8.0 0.0 0.0 8.0 0.0 0.0 8.0 0.0 0.0 8.0 0.0 0.0 8.0 0.0 0.0 8.0 0.0 8.0 0.0 8.0 0.0 0.0 8.0 0.0 8.0 0.0 8.0 0.0 0.0 8.0 0.0 0.0 8.0 8.0 0.0 0.0 8.0 0.0 8.0 0.0 8.0 0.0 8.0 0.0 8.0 0.0 8.0 0.0 8.0 0.0 0.0 8.0 0.0 0.0 8.0 0.0 0.0 8.0 0.0 0.0 8.0 0.0 0.0 8.0 0.0 0.0 8.0 0.0 0.0 8.0 0.0 0.0
40 1 CONSTANT 8.0
41 1 CONSTANT 8.0
42 1 CONSTANT 8.0
43 1 CONSTANT 1360.0
44 1 CONSTANT 1352.0
45 1 CONSTANT 8.0
46 1 CONSTANT 1360.0
47 1 CONSTANT 4.0
48 1 TRACE 91072.0 26160.0 14752.0 10864.0 7376.0 5968.0 5008.0 4576.0 16.0 80.0 16.0 0.0 69456.0 22720.0 14000.0 10000.0 20416.0 13168.0 9088.0 7648.0 128.0 80.0 96.0 48.0 0.0 0.0 0.0 0.0 92528.0 26080.0 14496.0 10432.0 5936.0 4880.0 4208.0 3856.0 16.0 64.0 16.0 0.0 85504.0 25552.0 14464.0 10672.0 11216.0 8096.0 6592.0 5936.0 16.0 48.0 32.0 16.0 74544.0 23344.0 13568.0 9920.0 992.0 960.0 1008.0 848.0 0.0 16.0 0.0 0.0 91568.0 25760.0 14960.0 10448.0 7088.0 5584.0 4720.0 4416.0 16.0 48.0 16.0 0.0 70736.0 24240.0 13344.0 10224.0 20704.0 12480.0 9232.0 7376.0 32.0 96.0 112.0 64.0 91792.0 25360.0 14432.0 10336.0 6224.0 5328.0 4576.0 4144.0 16.0 64.0 0.0 16.0 84208.0 23872.0 13920.0 9744.0 1600.0 1568.0 1616.0 1408.0 0.0 16.0 0.0 0.0 93008.0 25632.0 15104.0 10720.0 3536.0 3136.0 2880.0 2672.0 0.0 32.0 16.0 0.0 93888.0 25968.0 14640.0 10544.0 4432.0 3856.0 3312.0 3216.0 16.0 48.0 16.0 0.0 61744.0 22064.0 13168.0 9680.0 608.0 544.0 736.0 416.0 0.0 0.0 0.0 0.0 54608.0 20672.0 12624.0 9312.0 464.0 304.0 528.0 336.0 0.0 0.0 0.0 0.0 92976.0 25632.0 14960.0 10528.0 3120.0 2704.0 2608.0 2512.0 0.0 32.0 16.0 0.0 91792.0 25728.0 14352.0 10432.0 2944.0 2512.0 2304.0 2336.0 0.0 16.0 16.0 0.0 71872.0 24864.0 14576.0 10656.0 20384.0 12448.0 9072.0 7552.0 64.0 112.0 32.0 48.0 0.0 0.0 0.0 0.0 93744.0 26112.0 14448.0 10608.0 4944.0 4384.0 3968.0 3488.0 0.0 48.0 16.0 0.0 71312.0 23136.0 13824.0 10528.0 20384.0 12304.0 9024.0 7504.0 64.0 80.0 64.0 64.0 92496.0 25856.0 14896.0 10272.0 4976.0 4416.0 3744.0 3632.0 16.0 48.0 0.0 16.0 90736.0 25520.0 14720.0 10528.0 2256.0 2224.0 2192.0 2048.0 16.0 32.0 0.0 0.0 70656.0 24736.0 14480.0 10944.0 20864.0 12336.0 8832.0 7440.0 96.0 128.0 96.0 48.0 0.0 0.0 0.0 0.0 84000.0 24112.0 13696.0 9808.0 1616.0 1648.0 1728.0 1424.0 0.0 16.0 0.0 0.0 92480.0 26128.0 14608.0 10512.0 5632.0 4432.0 4080.0 3728.0 16.0 48.0 0.0 16.0 83280.0 24784.0 14144.0 10464.0 1536.0 1472.0 1504.0 1344.0 0.0 16.0 16.0 0.0 88560.0 25664.0 14576.0 10608.0 9168.0 7184.0 5360.0 5152.0 16.0 64.0 16.0 0.0 74448.0 24512.0 14288.0 10384.0 18032.0 11440.0 8528.0 7040.0 64.0 80.0 48.0 80.0 90400.0 25888.0 14784.0 10672.0 2640.0 2304.0 2160.0 1856.0 16.0 48.0 0.0 0.0 92624.0 26000.0 14192.0 10784.0 5568.0 5152.0 4448.0 4080.0 32.0 48.0 16.0 16.0 82896.0 25376.0 14256.0 10640.0 1456.0 1104.0 1488.0 1216.0 16.0 16.0 0.0 0.0 86432.0 25216.0 14384.0 10944.0 10704.0 8368.0 6336.0 5776.0 32.0 48.0 48.0 32.0 89152.0 25152.0 14032.0 10320.0 2464.0 2096.0 2320.0 1936.0 16.0 32.0 0.0 0.0 92080.0 25264.0 14336.0 10608.0 2800.0 2752.0 2624.0 2208.0 0.0 48.0 0.0 0.0 91456.0 25840.0 14640.0 10304.0 2800.0 2736.0 2592.0 2368.0 16.0 32.0 0.0 0.0 72896.0 24976.0 15488.0 11760.0 19984.0 12064.0 8592.0 7312.0 96.0 96.0 64.0 80.0 0.0 0.0 0.0 0.0 89680.0 25392.0 14784.0 10528.0 2320.0 2320.0 2160.0 1952.0 16.0 32.0 0.0 0.0 68272.0 23136.0 13552.0 9520.0 21888.0 13184.0 9328.0 7840.0 144.0 112.0 80.0 96.0 0.0 0.0 0.0 0.0 91952.0 25840.0 14992.0 10736.0 2496.0 2224.0 2208.0 2096.0 0.0 32.0 0.0 0.0 72784.0 23424.0 14544.0 10304.0 19280.0 12192.0 8848.0 7568.0 112.0 96.0 64.0 64.0 77488.0 23840.0 13872.0 10096.0 1136.0 1056.0 1200.0 816.0 0.0 16.0 0.0 0.0 93008.0 26128.0 14528.0 10224.0 4128.0 3520.0 3568.0 3184.0 16.0 32.0 0.0 0.0 78480.0 23984.0 14720.0 11136.0 16016.0 10672.0 8160.0 6656.0 80.0 112.0 32.0 48.0 69552.0 23056.0 14096.0 9888.0 21328.0 12976.0 9008.0 7680.0 144.0 96.0 64.0 64.0 0.0 0.0 0.0 0.0 90640.0 25552.0 14848.0 10384.0 2640.0 2288.0 2256.0 2144.0 16.0 32.0 16.0 0.0 63376.0 21440.0 13568.0 10336.0 25920.0 15024.0 10224.0 8272.0 80.0 160.0 160.0 64.0 0.0 0.0 0.0 0.0 93440.0 25792.0 15136.0 10592.0 4768.0 4048.0 3536.0 3152.0 16.0 48.0 0.0 0.0 59344.0 21872.0 13936.0 10736.0 31472.0 16336.0 10576.0 8432.0 112.0 176.0 160.0 160.0 0.0 0.0 0.0 0.0 91504.0 26048.0 14800.0 10480.0 2672.0 2544.0 2352.0 2208.0 16.0 48.0 0.0 0.0 93216.0 25264.0 14800.0 10064.0 5312.0 4576.0 3744.0 3728.0 16.0 64.0 0.0 0.0 84512.0 24080.0 13664.0 9856.0 1712.0 1728.0 1744.0 1360.0 0.0 16.0 0.0 0.0 89280.0 25472.0 14816.0 10736.0 8592.0 6496.0 5440.0 5008.0 16.0 80.0 32.0 0.0 91808.0 25920.0 14880.0 11040.0 6848.0 5600.0 4720.0 4384.0 16.0 48.0 16.0 16.0 92368.0 25888.0 14800.0 10256.0 2992.0 2544.0 2752.0 2528.0 16.0 32.0 0.0 0.0 72720.0 23168.0 13664.0 9760.0 896.0 896.0 816.0 736.0 0.0 16.0 0.0 0.0 85136.0 24528.0 14816.0 10432.0 10912.0 8016.0 6192.0 5824.0 32.0 80.0 16.0 16.0 84576.0 24304.0 14624.0 10864.0 11040.0 8496.0 6512.0 5776.0 32.0 48.0 16.0 32.0 87888.0 24880.0 14144.0 10272.0 9248.0 7216.0 6032.0 5344.0 16.0 80.0 16.0 16.0 77184.0 24224.0 14144.0 10432.0 1216.0 800.0 1104.0 848.0 0.0 0.0 0.0 0.0 58320.0 26720.0 16944.0 13184.0 36864.0 16880.0 11120.0 8624.0 288.0 192.0 208.0 160.0 0.0 0.0 0.0 0.0 54656.0 21936.0 14896.0 10992.0 36272.0 17280.0 11280.0 8880.0 192.0 256.0 208.0 160.0 0.0 0.0 0.0 0.0 62672.0 21472.0 12880.0 9728.0 25088.0 14464.0 10336.0 8256.0 80.0 128.0 64.0 96.0 0.0 0.0 0.0 0.0 69968.0 23024.0 13440.0 9920.0 928.0 784.0 960.0 688.0 0.0 16.0 0.0 0.0 92976.0 26384.0 14992.0 10496.0 3312.0 2768.0 2688.0 2480.0 16.0 32.0 0.0 0.0 66720.0 23568.0 13936.0 10080.0 23360.0 13344.0 9776.0 7952.0 64.0 144.0 80.0 64.0 0.0 0.0 0.0 0.0 59808.0 21968.0 13120.0 9760.0 528.0 464.0 640.0 544.0 0.0 0.0 0.0 0.0
49 1 TRACE 1368.0 1368.0 1368.0 8.0 1368.0 1368.0 1368.0 8.0 1368.0 1368.0 1368.0 8.0 1368.0 1368.0 1368.0 8.0 1368.0 1368.0 1368.0 8.0 1368.0 1368.0 1368.0 8.0 1368.0 1368.0 1368.0 8.0 1368.0 1368.0 1368.0 8.0 1368.0 1368.0 1368.0 8.0 1368.0 1368.0 1368.0 8.0 1368.0 1368.0 1368.0 8.0 1368.0 1368.0 1368.0 8.0 1368.0 1368.0 1368.0 8.0 1368.0 1368.0 1368.0 8.0 1368.0 1368.0 1368.0 8.0 1368.0 1368.0 1368.0 8.0 1368.0 1368.0 1368.0 8.0 1368.0 1368.0 1368.0 8.0 1368.0 1368.0 1368.0 8.0 1368.0 1368.0 1368.0 8.0 1368.0 1368.0 1368.0 8.0 1368.0 1368.0 1368.0 8.0 1368.0 1368.0 1368.0 8.0 1368.0 1368.0 1368.0 8.0 1368.0 1368.0 1368.0 8.0 1368.0 1368.0 1368.0 8.0 1368.0 1368.0 1368.0 8.0 1368.0 1368.0 1368.0 8.0 1368.0 1368.0 1368.0 8.0 1368.0 1368.0 1368.0 8.0 1368.0 1368.0 1368.0 8.0 1368.0 1368.0 1368.0 8.0 1368.0 1368.0 1368.0 8.0 1368.0 1368.0 1368.0 8.0 1368.0 1368.0 1368.0 8.0 1368.0 1368.0 1368.0 8.0 1368.0 1368.0 1368.0 8.0 1368.0 1368.0 1368.0 8.0 1368.0 1368.0 1368.0 8.0 1368.0 1368.0 1368.0 8.0 1368.0 1368.0 1368.0 8.0 1368.0 1368.0 1368.0 8.0 1368.0 1368.0 1368.0 8.0 1368.0 1368.0 1368.0 8.0 1368.0 1368.0 1368.0 8.0 1368.0 1368.0 1368.0 8.0 1368.0 1368.0 1368.0 8.0 1368.0 1368.0 1368.0 8.0 1368.0 1368.0 1368.0 8.0 1368.0 1368.0 1368.0 8.0 1368.0 1368.0 1368.0 8.0 1368.0 1368.0 1368.0 8.0 1368.0 1368.0 1368.0 8.0 1368.0 1368.0 1368.0 8.0 1368.0 1368.0 1368.0 8.0 1368.0 1368.0 1368.0 8.0 1368.0 1368.0 1368.0 8.0 1368.0 1368.0 1368.0 8.0 1368.0 1368.0 1368.0 8.0 1368.0 1368.0 1368.0 8.0 1368.0 1368.0 1368.0 8.0 1368.0 1368.0 1368.0 8.0 1368.0 1368.0 1368.0 8.0 1368.0 1368.0 1368.0 8.0 1368.0 1368.0 1368.0 8.0 1368.0 1368.0 1368.0 8.0 1368.0 1368.0 1368.0 8.0 1368.0 1368.0 1368.0 8.0 1368.0 1368.0 1368.0 8.0 1368.0 1368.0 1368.0 8.0 1368.0 1368.0 1368.0 8.0 1368.0 1368.0 1368.0 8.0 1368.0 1368.0 1368.0 8.0 1368.0 1368.0 1368.0 8.0 1368.0 1368.0 1368.0 8.0 1368.0 1368.0 1368.0 8.0 1368.0 1368.0 1368.0 8.0 1368.0 1368.0 1368.0 8.0 1368.0 1368.0 1368.0 8.0 1368.0 1368.0 1368.0 8.0 1368.0 1368.0 1368.0 8.0 1368.0 1368.0 1368.0 8.0 1368.0 1368.0 1368.0 8.0 1368.0 1368.0 1368.0 8.0 1368.0 1368.0 1368.0 8.0 1368.0 1368.0 1368.0 8.0 1368.0 1368.0 1368.0 8.0 1368.0 1368.0 1368.0 8.0 1368.0 1368.0 1368.0 8.0 1368.0 1368.0 1368.0 8.0 1368.0 1368.0 1368.0 8.0 1368.0 1368.0 1368.0 8.0 1368.0 1368.0 1368.0 8.0 1368.0 1368.0 1368.0 8.0 1368.0 1368.0 1368.0 8.0 1368.0 1368.0 1368.0 8.0 1368.0 1368.0 1368.0 8.0 1368.0 1368.0 1368.0 8.0 1368.0 1368.0 1368.0 8.0 1368.0 1368.0 1368.0 8.0 1368.0 1368.0 1368.0 8.0 1368.0 1368.0 1368.0 8.0 1368.0 1368.0 1368.0 8.0 1368.0 1368.0 1368.0 8.0 1368.0 1368.0 1368.0 8.0 1368.0 1368.0 1368.0 8.0 1368.0 1368.0 1368.0 8.0 1368.0 1368.0 1368.0 8.0 1368.0 1368.0 1368.0 8.0 1368.0 1368.0 1368.0 8.0 1368.0 1368.0 1368.0 8.0 1368.0 1368.0 1368.0 8.0 1368.0 1368.0 1368.0 8.0 1368.0 1368.0 1368.0 8.0 1368.0 1368.0 1368.0 8.0 1368.0 1368.0 1368.0 8.0 1368.0 1368.0 1368.0 8.0 1368.0 1368.0 1368.0 8.0 1368.0 1368.0 1368.0 8.0 1368.0 1368.0 1368.0 8.0 1368.0 1368.0 1368.0 8.0 1368.0 1368.0 1368.0 8.0 1368.0 1368.0 1368.0 8.0 1368.0 1368.0 1368.0 8.0 1368.0 1368.0 1368.0 8.0 1368.0 1368.0 1368.0 8.0 1368.0 1368.0 1368.0 8.0 1368.0 1368.0 1368.0 8.0 1368.0 1368.0 1368.0 8.0 1368.0 1368.0 1368.0 8.0 1368.0 1368.0 1368.0 8.0 1368.0 1368.0 1368.0 8.0 1368.0 1368.0 1368.0 8.0 1368.0 1368.0 1368.0 8.0 1368.0 1368.0 1368.0 8.0 1368.0 1368.0 1368.0 8.0 1368.0 1368.0 1368.0 8.0 1368.0 1368.0 1368.0 8.0 1368.0 1368.0 1368.0 8.0 1368.0 1368.0 1368.0 8.0 1368.0 1368.0 1368.0 8.0 1368.0 1368.0 1368.0 8.0 1368.0 1368.0 1368.0 8.0 1368.0 1368.0 1368.0 8.0 1368.0 1368.0 1368.0 8.0 1368.0 1368.0 1368.0 8.0 1368.0 1368.0 1368.0 8.0 1368.0 1368.0 1368.0 8.0 1368.0 1368.0 1368.0 8.0 1368.0 1368.0 1368.0 8.0 1368.0 1368.0 1368.0 8.0 1368.0 1368.0 1368.0 8.0 1368.0 1368.0 1368.0 8.0 1368.0 1368.0 1368.0 8.0 1368.0 1368.0 1368.0 8.0 1368.0 1368.0 1368.0 8.0 1368.0 1368.0 1368.0 8.0 1368.0 1368.0 1368.0 8.0 1368.0 1368.0 1368.0 8.0 1368.0 1368.0 1368.0 8.0 1368.0 1368.0 1368.0 8.0 1368.0 1368.0 1368.0 8.0 1368.0 1368.0 1368.0 8.0 1368.0 1368.0 1368.0 8.0 1368.0 1368.0 1368.0 8.0 1368.0 1368.0 1368.0 8.0 1368.0 1368.0 1368.0 8.0 1368.0 1368.0 1368.0 8.0 1368.0 1368.0 1368.0 8.0 1368.0 1368.0 1368.0 8.0 1368.0 1368.0 1368.0 8.0 1368.0 1368.0 1368.0 8.0 1368.0 1368.0 1368.0 8.0 1368.0 1368.0 1368.0 8.0 1368.0 1368.0 1368.0 8.0 1368.0 1368.0 1368.0 8.0 1368.0 1368.0 1368.0 8.0 1368.0 1368.0 1368.0 8.0 1368.0 1368.0 1368.0 8.0 1368.0 1368.0 1368.0 8.0 1368.0 1368.0 1368.0 8.0 1368.0 1368.0 1368.0 8.0 1368.0 1368.0 1368.0 8.0 1368.0 1368.0 1368.0 8.0 1368.0 1368.0 1368.0 8.0 1368.0 1368.0 1368.0 8.0 1368.0 1368.0 1368.0 8.0 1368.0 1368.0 1368.0 8.0 1368.0 1368.0 1368.0 8.0 1368.0 1368.0 1368.0 8.0 1368.0 1368.0 1368.0 8.0 1368.0 1368.0 1368.0 8.0 1368.0 1368.0 1368.0 8.0 1368.0 1368.0 1368.0 8.0 1368.0 1368.0 1368.0 8.0 1368.0 1368.0 1368.0 8.0 1368.0 1368.0 1368.0 8.0 1368.0 1368.0 1368.0 8.0 1368.0 1368.0 1368.0 8.0 1368.0 1368.0 1368.0 8.0 1368.0 1368.0 1368.0 8.0 1368.0 1368.0 1368.0 8.0 1368.0 1368.0 1368.0 8.0 1368.0 1368.0 1368.0 8.0
50 1 TRACE 8.0 8.0 8.0 8.0 8.0 8.0 0.0 8.0 8.0 8.0 8.0 8.0 8.0 8.0 8.0 8.0 8.0 8.0 8.0 8.0 8.0 8.0 8.0 8.0 8.0 8.0 8.0 8.0 8.0 8.0 8.0 8.0 8.0 8.0 8.0 8.0 8.0 8.0 8.0 8.0 8.0 8.0 8.0 8.0 8.0 8.0 8.0 8.0 8.0 8.0 8.0 8.0 8.0 8.0 8.0 8.0 8.0 8.0 8.0 8.0 8.0 8.0 8.0 8.0 8.0 8.0 8.0 8.0 8.0 8.0 8.0 8.0 8.0 8.0 8.0 8.0 8.0 8.0 8.0 8.0 8.0 8.0 8.0 8.0 8.0 8.0 8.0 8.0 8.0 8.0 8.0 8.0 8.0 8.0 8.0 8.0 8.0 8.0 8.0 8.0 8.0 8.0 8.0 8.0 8.0 8.0 8.0 8.0 8.0 8.0 8.0 8.0 8.0 8.0 8.0 8.0 8.0 8.0 8.0 8.0 8.0 8.0 8.0 8.0 8.0 8.0 8.0 8.0 8.0 8.0 8.0 8.0 8.0 8.0 8.0 8.0 8.0 8.0 8.0 8.0 8.0 8.0 8.0 8.0 8.0 8.0 8.0 8.0 8.0 8.0 8.0 8.0 8.0 8.0 8.0 8.0 8.0 8.0 8.0 8.0 8.0 8.0 8.0 8.0 8.0 8.0 8.0 8.0 8.0 8.0 8.0 8.0 8.0 8.0 8.0 8.0 8.0 8.0 8.0 8.0 8.0 8.0 8.0 8.0 8.0 8.0 8.0 8.0 8.0 8.0 8.0 8.0 8.0 8.0 8.0 8.0 8.0 8.0 8.0 8.0 8.0 8.0 8.0 8.0
51 1 CONSTANT 8.0
52 1 CONSTANT 8.0
53 1 CONSTANT 8.0
54 1 CONSTANT 0.0
55 1 CONSTANT 0.0
56 1 CONSTANT 0.0
57 1 CONSTANT 0.0
58 1 CONSTANT 0.0
59 1 CONSTANT 0.0
60 1 CONSTANT 0.0
61 1 CONSTANT 0.0
62 1 CONSTANT 8.0
