0 1 CONSTANT 8.0
1 1 CONSTANT 8.0
2 1 CONSTANT 0.0
3 1 CONSTANT 8.0
4 1 CONSTANT 8.0
5 1 CONSTANT 8.0
6 1 CONSTANT 8.0
7 1 CONSTANT 8.0
8 1 CONSTANT 8.0
9 1 CONSTANT 0.0
10 1 CONSTANT 0.0
11 1 CONSTANT 0.0
12 1 CONSTANT 0.0
13 1 CONSTANT 8.0
14 1 CONSTANT 4.0
15 1 CONSTANT 4.0
16 1 CONSTANT 0.0
17 1 CONSTANT 0.0
18 1 CONSTANT 0.0
19 1 CONSTANT 0.0
20 1 CONSTANT 4.0
21 1 CONSTANT 8.0
22 1 CONSTANT 8.0
23 1 CONSTANT 8.0
24 1 CONSTANT 8.0
25 1 CONSTANT 4.0
26 1 CONSTANT 4.0
27 1 CONSTANT 8.0
28 1 TRACE 0.0 0.0 0.0 12.0 0.0 0.0 0.0 0.0 0.0 0.0 64.0 0.0 0.0 0.0 28.0 0.0 4.0 0.0 0.0 0.0 0.0 0.0 0.0 16.0 8.0 0.0 0.0 0.0 16.0 0.0 0.0 0.0 4.0 0.0 4.0 56.0 0.0 0.0 0.0 64.0 0.0 0.0 0.0 0.0 0.0 0.0 56.0 8.0 0.0 4.0 16.0 0.0 0.0 0.0 0.0 0.0 0.0 0.0 0.0 0.0 28.0 0.0 0.0 0.0 0.0 4.0 12.0 0.0 0.0 96.0 0.0 0.0 20.0 8.0 0.0 0.0 4.0 0.0 0.0 0.0 0.0 0.0 4.0 12.0 0.0 0.0 4.0 0.0 0.0 44.0 8.0 0.0 0.0 0.0 8.0 0.0 0.0 0.0 0.0 0.0 44.0 0.0 0.0 20.0 4.0 4.0 20.0 0.0 0.0 8.0 8.0 0.0 16.0 12.0 0.0 8.0 8.0 0.0 0.0 0.0 4.0 0.0 16.0 0.0 0.0 24.0 4.0 0.0 0.0 52.0 0.0 0.0 0.0 8.0 0.0 0.0 12.0 4.0 0.0 0.0 32.0 0.0 0.0 0.0 0.0 0.0 0.0 0.0 60.0 0.0 0.0 0.0 0.0 0.0 0.0 0.0 0.0 0.0 0.0 0.0 0.0 60.0 0.0 0.0 0.0 0.0 0.0 0.0 16.0 4.0 0.0 0.0 20.0 12.0 0.0 0.0 48.0 4.0 0.0 0.0 48.0 0.0 0.0 0.0 52.0 0.0 0.0 0.0 44.0 0.0 0.0 0.0 16.0 0.0 0.0 0.0 4.0 16.0 0.0 0.0 28.0 0.0 0.0 52.0 0.0 0.0 0.0 0.0 0.0 0.0 40.0 0.0 0.0 0.0 56.0 4.0 0.0 0.0 0.0 32.0 0.0 0.0 0.0 24.0 0.0 0.0 0.0 24.0 0.0
29 1 CONSTANT 4.0
30 1 TRACE 0.0 0.0 0.0 12.0 0.0 0.0 0.0 0.0 0.0 0.0 64.0 0.0 0.0 0.0 28.0 0.0 4.0 0.0 0.0 0.0 0.0 0.0 0.0 16.0 8.0 0.0 0.0 0.0 16.0 0.0 0.0 0.0 4.0 0.0 4.0 56.0 0.0 0.0 0.0 64.0 0.0 0.0 0.0 0.0 0.0 0.0 56.0 8.0 0.0 4.0 16.0 0.0 0.0 0.0 0.0 0.0 0.0 0.0 0.0 0.0 28.0 0.0 0.0 0.0 0.0 4.0 12.0 0.0 0.0 96.0 0.0 0.0 20.0 8.0 0.0 0.0 4.0 0.0 0.0 0.0 0.0 0.0 4.0 12.0 0.0 0.0 4.0 0.0 0.0 44.0 8.0 0.0 0.0 0.0 8.0 0.0 0.0 0.0 0.0 0.0 44.0 0.0 0.0 20.0 4.0 4.0 20.0 0.0 0.0 8.0 8.0 0.0 16.0 12.0 0.0 8.0 8.0 0.0 0.0 0.0 4.0 0.0 16.0 0.0 0.0 24.0 4.0 0.0 0.0 52.0 0.0 0.0 0.0 8.0 0.0 0.0 12.0 4.0 0.0 0.0 32.0 0.0 0.0 0.0 0.0 0.0 0.0 0.0 60.0 0.0 0.0 0.0 0.0 0.0 0.0 0.0 0.0 0.0 0.0 0.0 0.0 60.0 0.0 0.0 0.0 0.0 0.0 0.0 16.0 4.0 0.0 0.0 20.0 12.0 0.0 0.0 48.0 4.0 0.0 0.0 48.0 0.0 0.0 0.0 52.0 0.0 0.0 0.0 44.0 0.0 0.0 0.0 16.0 0.0 0.0 0.0 4.0 16.0 0.0 0.0 28.0 0.0 0.0 52.0 0.0 0.0 0.0 0.0 0.0 0.0 40.0 0.0 0.0 0.0 56.0 4.0 0.0 0.0 0.0 32.0 0.0 0.0 0.0 24.0 0.0 0.0 0.0 24.0 0.0
31 1 CONSTANT 8.0
32 1 CONSTANT 8.0
33 1 CONSTANT 4.0
34 1 CONSTANT 0.0
35 1 CONSTANT 0.0
36 1 CONSTANT 8.0
37 1 CONSTANT 8.0
38 1 CONSTANT 8.0
39 1 TRACE 8.0 8.0 0.0 8.0 0.0 8.0 0.0 0.0 8.0 0.0 8.0 0.0 8.0 0.0 8.0 0.0 8.0 0.0 0.0 8.0 0.0 0.0 8.0 0.0 8.0 0.0 8.0 0.0 8.0 0.0 8.0 0.0 0.0 8.0 0.0 8.0 0.0 8.0 0.0 8.0 0.0 8.0 0.0 0.0 8.0 8.0 0.0 0.0 8.0 0.0 8.0 0.0 8.0 0.0 0.0 8.0 0.0 0.0 8.0 0.0 0.0 8.0 0.0 0.0 8.0 0.0 0.0 8.0 0.0 8.0 0.0 8.0 0.0 0.0 8.0 0.0 0.0 8.0 0.0 0.0 8.0 8.0 0.0 0.0 8.0 0.0 0.0 8.0 8.0 0.0 0.0 8.0 8.0 0.0 0.0 8.0 0.0 0.0 8.0 0.0 0.0 8.0 0.0 0.0 8.0 0.0 8.0 0.0 8.0 0.0 0.0 8.0 0.0 0.0 8.0 0.0 0.0 8.0 0.0 0.0 8.0 0.0 0.0 8.0 8.0 0.0 0.0 8.0 0.0 8.0 0.0 8.0 0.0 0.0 8.0 8.0 0.0 0.0 8.0 0.0 8.0 0.0 8.0 8.0 0.0 0.0 8.0 0.0 8.0 0.0 8.0 0.0 0.0 8.0 0.0 0.0 8.0 0.0 0.0 8.0 0.0 8.0 0.0 8.0 0.0 0.0 8.0 8.0 0.0 0.0 8.0 8.0 0.0 8.0 0.0 8.0 0.0 0.0 8.0 8.0 0.0 0.0 8.0 0.0 8.0 0.0 8.0 0.0 8.0 0.0 8.0 0.0 8.0 0.0 8.0 8.0 0.0 0.0 8.0 0.0 0.0 8.0 0.0 8.0 0.0 8.0 0.0 0.0 8.0 0.0 8.0 0.0 8.0 8.0 0.0 0.0 8.0 8.0 0.0 8.0 0.0 8.0 0.0 8.0 0.0 8.0 0.0 8.0 0.0
40 1 CONSTANT 8.0
41 1 CONSTANT 8.0
42 1 CONSTANT 8.0
43 1 CONSTANT 2248.0
44 1 CONSTANT 2240.0
45 1 CONSTANT 8.0
46 1 CONSTANT 2248.0
47 1 CONSTANT 4.0
48 1 TRACE 128144.0 43376.0 25952.0 19856.0 15440.0 12288.0 2624.0 2736.0 2704.0 2800.0 2208.0 2432.0 32.0 16.0 0.0 0.0 0.0 0.0 79984.0 36752.0 25408.0 19680.0 15888.0 12864.0 39008.0 24224.0 17568.0 14912.0 11536.0 9616.0 112.0 272.0 112.0 128.0 144.0 144.0 0.0 0.0 0.0 0.0 0.0 0.0 116080.0 41040.0 26448.0 20064.0 16144.0 12496.0 14544.0 11392.0 9952.0 9072.0 7840.0 6688.0 48.0 96.0 48.0 48.0 16.0 32.0 131280.0 42384.0 26896.0 20176.0 15536.0 12560.0 6176.0 5392.0 5040.0 4720.0 4272.0 3920.0 16.0 32.0 0.0 16.0 0.0 0.0 101664.0 39200.0 26608.0 20384.0 17280.0 13296.0 23216.0 16832.0 13632.0 11440.0 9472.0 8160.0 80.0 128.0 80.0 80.0 112.0 64.0 0.0 0.0 0.0 0.0 0.0 0.0 70000.0 32160.0 22928.0 18384.0 15392.0 12560.0 47568.0 27712.0 19712.0 15696.0 12320.0 10176.0 144.0 288.0 176.0 224.0 128.0 192.0 0.0 0.0 0.0 0.0 0.0 0.0 109296.0 41200.0 25856.0 19760.0 14704.0 11744.0 1136.0 1328.0 1232.0 1296.0 1152.0 1248.0 16.0 0.0 0.0 0.0 16.0 0.0 129264.0 43392.0 26032.0 19840.0 15136.0 11984.0 3776.0 3360.0 3200.0 3360.0 3008.0 2976.0 32.0 32.0 16.0 16.0 16.0 0.0 86160.0 35792.0 25136.0 18704.0 16976.0 13616.0 36000.0 23200.0 16640.0 14256.0 11264.0 8960.0 80.0 208.0 64.0 224.0 96.0 176.0 16.0 0.0 0.0 0.0 0.0 0.0 118544.0 41024.0 25840.0 19904.0 15536.0 12128.0 12688.0 10784.0 9168.0 8368.0 7248.0 6496.0 48.0 96.0 48.0 32.0 64.0 0.0 112128.0 39792.0 26336.0 20512.0 16320.0 12976.0 16752.0 12912.0 10896.0 9360.0 8384.0 6976.0 48.0 112.0 32.0 80.0 48.0 48.0 71424.0 34960.0 23344.0 19440.0 16576.0 12832.0 48848.0 27776.0 19760.0 15888.0 12272.0 10016.0 208.0 288.0 224.0 272.0 176.0 208.0 0.0 0.0 0.0 0.0 0.0 0.0 83872.0 36608.0 22912.0 17968.0 13760.0 10896.0 416.0 704.0 656.0 688.0 528.0 560.0 16.0 0.0 0.0 0.0 0.0 0.0 128800.0 42944.0 26432.0 20128.0 15440.0 12432.0 2688.0 2992.0 2528.0 2736.0 2528.0 2432.0 32.0 16.0 16.0 0.0 16.0 0.0 75360.0 34416.0 27360.0 20736.0 17008.0 14752.0 48112.0 26992.0 18496.0 15360.0 11904.0 9792.0 192.0 336.0 224.0 272.0 256.0 240.0 0.0 0.0 0.0 0.0 0.0 0.0 97760.0 39856.0 27008.0 20880.0 17504.0 14016.0 26512.0 19216.0 14448.0 12416.0 9984.0 8304.0 48.0 144.0 80.0 80.0 112.0 128.0 0.0 0.0 0.0 0.0 0.0 0.0 130912.0 42544.0 26096.0 20352.0 15792.0 12320.0 5856.0 5152.0 5120.0 4560.0 4416.0 3936.0 32.0 16.0 16.0 16.0 16.0 0.0 100960.0 40128.0 28320.0 21344.0 18704.0 14112.0 26768.0 18272.0 14464.0 12432.0 9824.0 8080.0 96.0 192.0 96.0 80.0 96.0 80.0 0.0 0.0 0.0 0.0 0.0 0.0 116336.0 41488.0 25584.0 19616.0 14944.0 11856.0 1520.0 1728.0 1664.0 1648.0 1376.0 1440.0 32.0 0.0 0.0 0.0 0.0 0.0 108592.0 42064.0 28048.0 21424.0 16848.0 13952.0 19552.0 14896.0 12144.0 10320.0 8864.0 7568.0 64.0 112.0 64.0 80.0 96.0 80.0 110048.0 40672.0 25872.0 19520.0 14848.0 11904.0 1488.0 1184.0 1328.0 1424.0 1184.0 1088.0 0.0 16.0 0.0 0.0 0.0 0.0 68704.0 31984.0 24240.0 17760.0 15488.0 12464.0 50816.0 28656.0 20144.0 16080.0 12368.0 9856.0 192.0 368.0 176.0 256.0 224.0 272.0 16.0 0.0 0.0 0.0 0.0 0.0 98048.0 39696.0 26992.0 20832.0 17168.0 13744.0 27248.0 18080.0 14400.0 12592.0 10000.0 8304.0 128.0 144.0 48.0 112.0 96.0 48.0 0.0 0.0 0.0 0.0 0.0 0.0 122064.0 42576.0 26048.0 19808.0 14880.0 12176.0 2032.0 1984.0 1936.0 2160.0 1984.0 1760.0 32.0 16.0 16.0 0.0 0.0 0.0 76384.0 38304.0 27504.0 23008.0 18944.0 14624.0 47776.0 26800.0 18848.0 15200.0 12016.0 9664.0 128.0 336.0 144.0 272.0 208.0 256.0 16.0 0.0 0.0 0.0 0.0 0.0 103152.0 40752.0 24960.0 19280.0 14528.0 11952.0 1072.0 1056.0 1040.0 1088.0 944.0 896.0 16.0 0.0 0.0 0.0 0.0 0.0 101488.0 40272.0 24816.0 18592.0 14512.0 11456.0 928.0 1072.0 1024.0 1120.0 832.0 960.0 16.0 0.0 0.0 0.0 0.0 0.0 81904.0 34464.0 23952.0 19104.0 15712.0 13360.0 39072.0 23600.0 17600.0 14624.0 11568.0 9344.0 80.0 176.0 144.0 144.0 160.0 176.0 0.0 0.0 0.0 0.0 0.0 0.0 121632.0 42496.0 26848.0 20560.0 16016.0 12304.0 12464.0 9584.0 8688.0 7792.0 7040.0 6096.0 48.0 64.0 48.0 16.0 48.0 32.0 130336.0 42272.0 25712.0 19888.0 15488.0 11952.0 5280.0 4976.0 4592.0 4448.0 3472.0 3744.0 32.0 48.0 16.0 0.0 32.0 0.0 127920.0 42512.0 26144.0 20064.0 15136.0 11952.0 3152.0 3072.0 2928.0 2816.0 2448.0 2416.0 32.0 16.0 16.0 0.0 0.0 0.0 101664.0 39952.0 24864.0 19136.0 14656.0 11744.0 976.0 960.0 1104.0 1088.0 800.0 928.0 16.0 0.0 0.0 0.0 0.0 0.0 108688.0 41328.0 25680.0 19376.0 14528.0 11744.0 1408.0 1328.0 1344.0 1408.0 1152.0 1136.0 16.0 0.0 0.0 0.0 0.0 0.0 119632.0 42480.0 26064.0 19648.0 15376.0 12384.0 1840.0 1760.0 1808.0 1904.0 1488.0 1504.0 16.0 0.0 0.0 0.0 0.0 0.0 94336.0 39200.0 25136.0 19136.0 16080.0 12640.0 26944.0 18496.0 14656.0 12720.0 10048.0 8656.0 64.0 176.0 112.0 112.0 96.0 128.0 0.0 0.0 0.0 0.0 0.0 0.0 129312.0 42784.0 26864.0 20352.0 15392.0 12288.0 3504.0 3472.0 3088.0 3072.0 2816.0 2672.0 32.0 16.0 16.0 0.0 16.0 0.0 103440.0 40912.0 25136.0 18624.0 14368.0 11488.0 976.0 1264.0 976.0 1296.0 1024.0 1104.0 16.0 0.0 0.0 0.0 0.0 0.0 116496.0 41392.0 26928.0 20256.0 16304.0 12960.0 14544.0 11424.0 9760.0 8912.0 7296.0 6752.0 32.0 64.0 32.0 64.0 64.0 64.0 76128.0 36064.0 25600.0 18528.0 16480.0 14128.0 44224.0 26016.0 18224.0 15312.0 11872.0 9776.0 144.0 272.0 224.0 224.0 192.0 192.0 16.0 0.0 0.0 0.0 0.0 0.0 117792.0 42080.0 26032.0 19568.0 15040.0 12256.0 1696.0 1824.0 1600.0 1968.0 1664.0 1568.0 16.0 16.0 0.0 0.0 0.0 0.0 125248.0 42512.0 26848.0 20320.0 15440.0 13072.0 10384.0 8800.0 7728.0 7184.0 6320.0 5872.0 16.0 48.0 32.0 32.0 48.0 0.0 100432.0 40352.0 25824.0 19920.0 16480.0 12720.0 23776.0 16976.0 13696.0 11792.0 9504.0 8208.0 64.0 160.0 64.0 64.0 96.0 80.0 0.0 0.0 0.0 0.0 0.0 0.0 115216.0 40560.0 27520.0 20336.0 16592.0 13200.0 15984.0 12224.0 10608.0 9264.0 7552.0 6992.0 48.0 128.0 32.0 48.0 48.0 0.0 96448.0 38704.0 27152.0 20976.0 17744.0 13520.0 27584.0 19056.0 14720.0 11984.0 9904.0 8384.0 96.0 160.0 80.0 96.0 112.0 32.0 0.0 0.0 0.0 0.0 0.0 0.0 86224.0 37072.0 25376.0 19088.0 16336.0 13664.0 35504.0 22560.0 16816.0 13840.0 11168.0 8880.0 80.0 192.0 112.0 112.0 144.0 144.0 0.0 0.0 0.0 0.0 0.0 0.0 89280.0 36960.0 25824.0 20880.0 17184.0 14256.0 32912.0 21712.0 16192.0 13728.0 10672.0 9088.0 64.0 240.0 112.0 160.0 112.0 128.0 0.0 0.0 0.0 0.0 0.0 0.0 122656.0 41008.0 26688.0 20080.0 15584.0 12416.0 11424.0 9248.0 8496.0 7584.0 6512.0 6080.0 48.0 48.0 64.0 0.0 48.0 32.0 69904.0 30624.0 20656.0 16240.0 14080.0 11344.0 46544.0 27024.0 18864.0 15936.0 12480.0 10192.0 128.0 304.0 176.0 160.0 192.0 240.0 0.0 0.0 0.0 0.0 0.0 0.0 104496.0 40752.0 25184.0 19504.0 14736.0 11616.0 992.0 976.0 1088.0 1120.0 1024.0 1056.0 16.0 0.0 0.0 0.0 0.0 0.0 113456.0 41792.0 25824.0 19552.0 14880.0 11824.0 1472.0 1424.0 1424.0 1584.0 1168.0 1344.0 16.0 16.0 0.0 0.0 0.0 0.0 85952.0 37872.0 23840.0 18336.0 14336.0 11088.0 640.0 736.0 608.0 736.0 512.0 672.0 16.0 0.0 0.0 0.0 0.0 0.0 78288.0 35776.0 22720.0 18064.0 13472.0 10944.0 480.0 624.0 416.0 672.0 576.0 528.0 0.0 0.0 0.0 0.0 0.0 0.0 123648.0 42608.0 26560.0 20352.0 16304.0 12080.0 10976.0 8864.0 7840.0 7168.0 6256.0 5936.0 48.0 64.0 48.0 16.0 32.0 16.0 123600.0 41536.0 27104.0 19952.0 15968.0 12800.0 11152.0 9248.0 7856.0 7424.0 6608.0 5664.0 32.0 48.0 48.0 32.0 64.0 32.0 129728.0 43216.0 26512.0 20256.0 15600.0 12480.0 2976.0 3280.0 2768.0 2960.0 2640.0 2608.0 32.0 16.0 16.0 0.0 16.0 0.0 132608.0 42624.0 26112.0 20048.0 15136.0 12544.0 4608.0 4336.0 4096.0 3840.0 3424.0 3376.0 48.0 16.0 16.0 0.0 0.0 0.0 131712.0 42608.0 26688.0 20224.0 15760.0 12848.0 4960.0 4448.0 4352.0 4208.0 3680.0 3472.0 16.0 16.0 0.0 0.0 0.0 0.0 125920.0 42592.0 27344.0 20352.0 15904.0 13088.0 9648.0 7808.0 6736.0 7040.0 5760.0 5248.0 48.0 16.0 48.0 16.0 16.0 0.0 65152.0 30672.0 20080.0 16304.0 14576.0 11456.0 51216.0 28736.0 20128.0 16256.0 12464.0 10176.0 192.0 304.0 128.0 224.0 208.0 288.0 0.0 0.0 0.0 0.0 0.0 0.0 126240.0 42192.0 26368.0 20128.0 15632.0 13136.0 9344.0 7936.0 7424.0 6816.0 5648.0 5200.0 48.0 32.0 32.0 0.0 48.0 0.0 73344.0 34880.0 22784.0 17872.0 13776.0 10960.0 368.0 496.0 464.0 624.0 400.0 400.0 16.0 0.0 0.0 0.0 0.0 0.0 130784.0 42560.0 27088.0 19952.0 15888.0 12240.0 6880.0 5872.0 5280.0 5568.0 4640.0 4352.0 16.0 64.0 16.0 0.0 32.0 0.0 130128.0 42272.0 26160.0 20064.0 15600.0 12432.0 6384.0 5856.0 5216.0 4848.0 4304.0 4336.0 48.0 48.0 16.0 0.0 32.0 16.0 130736.0 42384.0 26672.0 19968.0 15216.0 12608.0 4112.0 3744.0 3216.0 3552.0 3344.0 2864.0 32.0 0.0 0.0 0.0 0.0 0.0
49 1 TRACE 2256.0 2256.0 2248.0 2248.0 2256.0 8.0 2256.0 2256.0 2248.0 2248.0 2256.0 8.0 2256.0 2256.0 2248.0 2248.0 2256.0 8.0 2256.0 2256.0 2248.0 2248.0 2256.0 8.0 2256.0 2256.0 2248.0 2248.0 2256.0 8.0 2256.0 2256.0 2248.0 2248.0 2256.0 8.0 2256.0 2256.0 2248.0 2248.0 2256.0 8.0 2256.0 2256.0 2248.0 2248.0 2256.0 8.0 2256.0 2256.0 2248.0 2248.0 2256.0 8.0 2256.0 2256.0 2248.0 2248.0 2256.0 8.0 2256.0 2256.0 2248.0 2248.0 2256.0 8.0 2256.0 2256.0 2248.0 2248.0 2256.0 8.0 2256.0 2256.0 2248.0 2248.0 2256.0 8.0 2256.0 2256.0 2248.0 2248.0 2256.0 8.0 2256.0 2256.0 2248.0 2248.0 2256.0 8.0 2256.0 2256.0 2248.0 2248.0 2256.0 8.0 2256.0 2256.0 2248.0 2248.0 2256.0 8.0 2256.0 2256.0 2248.0 2248.0 2256.0 8.0 2256.0 2256.0 2248.0 2248.0 2256.0 8.0 2256.0 2256.0 2248.0 2248.0 2256.0 8.0 2256.0 2256.0 2248.0 2248.0 2256.0 8.0 2256.0 2256.0 2248.0 2248.0 2256.0 8.0 2256.0 2256.0 2248.0 2248.0 2256.0 8.0 2256.0 2256.0 2248.0 2248.0 2256.0 8.0 2256.0 2256.0 2248.0 2248.0 2256.0 8.0 2256.0 2256.0 2248.0 2248.0 2256.0 8.0 2256.0 2256.0 2248.0 2248.0 2256.0 8.0 2256.0 2256.0 2248.0 2248.0 2256.0 8.0 2256.0 2256.0 2248.0 2248.0 2256.0 8.0 2256.0 2256.0 2248.0 2248.0 2256.0 8.0 2256.0 2256.0 2248.0 2248.0 2256.0 8.0 2256.0 2256.0 2248.0 2248.0 2256.0 8.0 2256.0 2256.0 2248.0 2248.0 2256.0 8.0 2256.0 2256.0 2248.0 2248.0 2256.0 8.0 2256.0 2256.0 2248.0 2248.0 2256.0 8.0 2256.0 2256.0 2248.0 2248.0 2256.0 8.0 2256.0 2256.0 2248.0 2248.0 2256.0 8.0 2256.0 2256.0 2248.0 2248.0 2256.0 8.0 2256.0 2256.0 2248.0 2248.0 2256.0 8.0 2256.0 2256.0 2248.0 2248.0 2256.0 8.0 2256.0 2256.0 2248.0 2248.0 2256.0 8.0 2256.0 2256.0 2248.0 2248.0 2256.0 8.0 2256.0 2256.0 2248.0 2248.0 2256.0 8.0 2256.0 2256.0 2248.0 2248.0 2256.0 8.0 2256.0 2256.0 2248.0 2248.0 2256.0 8.0 2256.0 2256.0 2248.0 2248.0 2256.0 8.0 2256.0 2256.0 2248.0 2248.0 2256.0 8.0 2256.0 2256.0 2248.0 2248.0 2256.0 8.0 2256.0 2256.0 2248.0 2248.0 2256.0 8.0 2256.0 2256.0 2248.0 2248.0 2256.0 8.0 2256.0 2256.0 2248.0 2248.0 2256.0 8.0 2256.0 2256.0 2248.0 2248.0 2256.0 8.0 2256.0 2256.0 2248.0 2248.0 2256.0 8.0 2256.0 2256.0 2248.0 2248.0 2256.0 8.0 2256.0 2256.0 2248.0 2248.0 2256.0 8.0 2256.0 2256.0 2248.0 2248.0 2256.0 8.0 2256.0 2256.0 2248.0 2248.0 2256.0 8.0 2256.0 2256.0 2248.0 2248.0 2256.0 8.0 2256.0 2256.0 2248.0 2248.0 2256.0 8.0 2256.0 2256.0 2248.0 2248.0 2256.0 8.0 2256.0 2256.0 2248.0 2248.0 2256.0 8.0 2256.0 2256.0 2248.0 2248.0 2256.0 8.0 2256.0 2256.0 2248.0 2248.0 2256.0 8.0 2256.0 2256.0 2248.0 2248.0 2256.0 8.0 2256.0 2256.0 2248.0 2248.0 2256.0 8.0 2256.0 2256.0 2248.0 2248.0 2256.0 8.0 2256.0 2256.0 2248.0 2248.0 2256.0 8.0 2256.0 2256.0 2248.0 2248.0 2256.0 8.0 2256.0 2256.0 2248.0 2248.0 2256.0 8.0 2256.0 2256.0 2248.0 2248.0 2256.0 8.0 2256.0 2256.0 2248.0 2248.0 2256.0 8.0 2256.0 2256.0 2248.0 2248.0 2256.0 8.0 2256.0 2256.0 2248.0 2248.0 2256.0 8.0 2256.0 2256.0 2248.0 2248.0 2256.0 8.0 2256.0 2256.0 2248.0 2248.0 2256.0 8.0 2256.0 2256.0 2248.0 2248.0 2256.0 8.0 2256.0 2256.0 2248.0 2248.0 2256.0 8.0 2256.0 2256.0 2248.0 2248.0 2256.0 8.0 2256.0 2256.0 2248.0 2248.0 2256.0 8.0 2256.0 2256.0 2248.0 2248.0 2256.0 8.0 2256.0 2256.0 2248.0 2248.0 2256.0 8.0 2256.0 2256.0 2248.0 2248.0 2256.0 8.0 2256.0 2256.0 2248.0 2248.0 2256.0 8.0 2256.0 2256.0 2248.0 2248.0 2256.0 8.0 2256.0 2256.0 2248.0 2248.0 2256.0 8.0 2256.0 2256.0 2248.0 2248.0 2256.0 8.0 2256.0 2256.0 2248.0 2248.0 2256.0 8.0 2256.0 2256.0 2248.0 2248.0 2256.0 8.0 2256.0 2256.0 2248.0 2248.0 2256.0 8.0 2256.0 2256.0 2248.0 2248.0 2256.0 8.0 2256.0 2256.0 2248.0 2248.0 2256.0 8.0 2256.0 2256.0 2248.0 2248.0 2256.0 8.0 2256.0 2256.0 2248.0 2248.0 2256.0 8.0 2256.0 2256.0 2248.0 2248.0 2256.0 8.0 2256.0 2256.0 2248.0 2248.0 2256.0 8.0 2256.0 2256.0 2248.0 2248.0 2256.0 8.0 2256.0 2256.0 2248.0 2248.0 2256.0 8.0 2256.0 2256.0 2248.0 2248.0 2256.0 8.0 2256.0 2256.0 2248.0 2248.0 2256.0 8.0 2256.0 2256.0 2248.0 2248.0 2256.0 8.0 2256.0 2256.0 2248.0 2248.0 2256.0 8.0 2256.0 2256.0 2248.0 2248.0 2256.0 8.0 2256.0 2256.0 2248.0 2248.0 2256.0 8.0 2256.0 2256.0 2248.0 2248.0 2256.0 8.0 2256.0 2256.0 2248.0 2248.0 2256.0 8.0 2256.0 2256.0 2248.0 2248.0 2256.0 8.0 2256.0 2256.0 2248.0 2248.0 2256.0 8.0 2256.0 2256.0 2248.0 2248.0 2256.0 8.0 2256.0 2256.0 2248.0 2248.0 2256.0 8.0 2256.0 2256.0 2248.0 2248.0 2256.0 8.0 2256.0 2256.0 2248.0 2248.0 2256.0 8.0 2256.0 2256.0 2248.0 2248.0 2256.0 8.0 2256.0 2256.0 2248.0 2248.0 2256.0 8.0 2256.0 2256.0 2248.0 2248.0 2256.0 8.0 2256.0 2256.0 2248.0 2248.0 2256.0 8.0 2256.0 2256.0 2248.0 2248.0 2256.0 8.0 2256.0 2256.0 2248.0 2248.0 2256.0 8.0 2256.0 2256.0 2248.0 2248.0 2256.0 8.0 2256.0 2256.0 2248.0 2248.0 2256.0 8.0 2256.0 2256.0 2248.0 2248.0 2256.0 8.0 2256.0 2256.0 2248.0 2248.0 2256.0 8.0 2256.0 2256.0 2248.0 2248.0 2256.0 8.0 2256.0 2256.0 2248.0 2248.0 2256.0 8.0 2256.0 2256.0 2248.0 2248.0 2256.0 8.0 2256.0 2256.0 2248.0 2248.0 2256.0 8.0 2256.0 2256.0 2248.0 2248.0 2256.0 8.0 2256.0 2256.0 2248.0 2248.0 2256.0 8.0 2256.0 2256.0 2248.0 2248.0 2256.0 8.0 2256.0 2256.0 2248.0 2248.0 2256.0 8.0 2256.0 2256.0 2248.0 2248.0 2256.0 8.0 2256.0 2256.0 2248.0 2248.0 2256.0 8.0 2256.0 2256.0 2248.0 2248.0 2256.0 8.0 2256.0 2256.0 2248.0 2248.0 2256.0 8.0 2256.0 2256.0 2248.0 2248.0 2256.0 8.0 2256.0 2256.0 2248.0 2248.0 2256.0 8.0 2256.0 2256.0 2248.0 2248.0 2256.0 8.0 2256.0 2256.0 2248.0 2248.0 2256.0 8.0 2256.0 2256.0 2248.0 2248.0 2256.0 8.0 2256.0 2256.0 2248.0 2248.0 2256.0 8.0 2256.0 2256.0 2248.0 2248.0 2256.0 8.0 2256.0 2256.0 2248.0 2248.0 2256.0 8.0 2256.0 2256.0 2248.0 2248.0 2256.0 8.0 2256.0 2256.0 2248.0 2248.0 2256.0 8.0 2256.0 2256.0 2248.0 2248.0 2256.0 8.0 2256.0 2256.0 2248.0 2248.0 2256.0 8.0 2256.0 2256.0 2248.0 2248.0 2256.0 8.0 2256.0 2256.0 2248.0 2248.0 2256.0 8.0 2256.0 2256.0 2248.0 2248.0 2256.0 8.0 2256.0 2256.0 2248.0 2248.0 2256.0 8.0 2256.0 2256.0 2248.0 2248.0 2256.0 8.0 2256.0 2256.0 2248.0 2248.0 2256.0 8.0 2256.0 2256.0 2248.0 2248.0 2256.0 8.0 2256.0 2256.0 2248.0 2248.0 2256.0 8.0 2256.0 2256.0 2248.0 2248.0 2256.0 8.0 2256.0 2256.0 2248.0 2248.0 2256.0 8.0 2256.0 2256.0 2248.0 2248.0 2256.0 8.0 2256.0 2256.0 2248.0 2248.0 2256.0 8.0 2256.0 2256.0 2248.0 2248.0 2256.0 8.0 2256.0 2256.0 2248.0 2248.0 2256.0 8.0 2256.0 2256.0 2248.0 2248.0 2256.0 8.0 2256.0 2256.0 2248.0 2248.0 2256.0 8.0 2256.0 2256.0 2248.0 2248.0 2256.0 8.0 2256.0 2256.0 2248.0 2248.0 2256.0 8.0 2256.0 2256.0 2248.0 2248.0 2256.0 8.0 2256.0 2256.0 2248.0 2248.0 2256.0 8.0 2256.0 2256.0 2248.0 2248.0 2256.0 8.0 2256.0 2256.0 2248.0 2248.0 2256.0 8.0 2256.0 2256.0 2248.0 2248.0 2256.0 8.0 2256.0 2256.0 2248.0 2248.0 2256.0 8.0 2256.0 2256.0 2248.0 2248.0 2256.0 8.0 2256.0 2256.0 2248.0 2248.0 2256.0 8.0 2256.0 2256.0 2248.0 2248.0 2256.0 8.0 2256.0 2256.0 2248.0 2248.0 2256.0 8.0 2256.0 2256.0 2248.0 2248.0 2256.0 8.0 2256.0 2256.0 2248.0 2248.0 2256.0 8.0 2256.0 2256.0 2248.0 2248.0 2256.0 8.0 2256.0 2256.0 2248.0 2248.0 2256.0 8.0 2256.0 2256.0 2248.0 2248.0 2256.0 8.0 2256.0 2256.0 2248.0 2248.0 2256.0 8.0 2256.0 2256.0 2248.0 2248.0 2256.0 8.0 2256.0 2256.0 2248.0 2248.0 2256.0 8.0 2256.0 2256.0 2248.0 2248.0 2256.0 8.0 2256.0 2256.0 2248.0 2248.0 2256.0 8.0 2256.0 2256.0 2248.0 2248.0 2256.0 8.0 2256.0 2256.0 2248.0 2248.0 2256.0 8.0 2256.0 2256.0 2248.0 2248.0 2256.0 8.0 2256.0 2256.0 2248.0 2248.0 2256.0 8.0 2256.0 2256.0 2248.0 2248.0 2256.0 8.0 2256.0 2256.0 2248.0 2248.0 2256.0 8.0 2256.0 2256.0 2248.0 2248.0 2256.0 8.0 2256.0 2256.0 2248.0 2248.0 2256.0 8.0 2256.0 2256.0 2248.0 2248.0 2256.0 8.0 2256.0 2256.0 2248.0 2248.0 2256.0 8.0 2256.0 2256.0 2248.0 2248.0 2256.0 8.0 2256.0 2256.0 2248.0 2248.0 2256.0 8.0 2256.0 2256.0 2248.0 2248.0 2256.0 8.0 2256.0 2256.0 2248.0 2248.0 2256.0 8.0 2256.0 2256.0 2248.0 2248.0 2256.0 8.0 2256.0 2256.0 2248.0 2248.0 2256.0 8.0 2256.0 2256.0 2248.0 2248.0 2256.0 8.0 2256.0 2256.0 2248.0 2248.0 2256.0 8.0 2256.0 2256.0 2248.0 2248.0 2256.0 8.0 2256.0 2256.0 2248.0 2248.0 2256.0 8.0 2256.0 2256.0 2248.0 2248.0 2256.0 8.0 2256.0 2256.0 2248.0 2248.0 2256.0 8.0 2256.0 2256.0 2248.0 2248.0 2256.0 8.0 2256.0 2256.0 2248.0 2248.0 2256.0 8.0 2256.0 2256.0 2248.0 2248.0 2256.0 8.0 2256.0 2256.0 2248.0 2248.0 2256.0 8.0 2256.0 2256.0 2248.0 2248.0 2256.0 8.0 2256.0 2256.0 2248.0 2248.0 2256.0 8.0 2256.0 2256.0 2248.0 2248.0 2256.0 8.0
50 1 CONSTANT 8.0
51 1 CONSTANT 8.0
52 1 CONSTANT 8.0
53 1 CONSTANT 8.0
54 1 CONSTANT 0.0
55 1 CONSTANT 0.0
56 1 CONSTANT 0.0
57 1 CONSTANT 0.0
58 1 CONSTANT 0.0
59 1 CONSTANT 0.0
60 1 CONSTANT 0.0
61 1 CONSTANT 0.0
62 1 CONSTANT 8.0
