0 1 CONSTANT 8.0
1 1 CONSTANT 8.0
2 1 CONSTANT 0.0
3 1 CONSTANT 8.0
4 1 CONSTANT 8.0
5 1 CONSTANT 8.0
6 1 CONSTANT 8.0
7 1 CONSTANT 8.0
8 1 CONSTANT 8.0
9 1 CONSTANT 0.0
10 1 CONSTANT 0.0
11 1 CONSTANT 0.0
12 1 CONSTANT 0.0
13 1 CONSTANT 8.0
14 1 CONSTANT 4.0
15 1 CONSTANT 4.0
16 1 CONSTANT 0.0
17 1 CONSTANT 0.0
18 1 CONSTANT 0.0
19 1 CONSTANT 0.0
20 1 CONSTANT 4.0
21 1 CONSTANT 8.0
22 1 CONSTANT 8.0
23 1 CONSTANT 8.0
24 1 CONSTANT 8.0
25 1 CONSTANT 4.0
26 1 CONSTANT 4.0
27 1 CONSTANT 8.0
28 1 TRACE 0.0 8.0 16.0 0.0 0.0 44.0 4.0 0.0 12.0 4.0 4.0 4.0 36.0 4.0 8.0 32.0 0.0 8.0 12.0 0.0 4.0 48.0 0.0 40.0 12.0 0.0 0.0 40.0 0.0 8.0 8.0 4.0 0.0 0.0 0.0 4.0 20.0 0.0 0.0 0.0 0.0 40.0 0.0 40.0 4.0 0.0 0.0 20.0 0.0 4.0 28.0 0.0 0.0 100.0 0.0 0.0 8.0 24.0 0.0 16.0 8.0 0.0 16.0 12.0 0.0 4.0 32.0 0.0 4.0 20.0 4.0 8.0 0.0 0.0 0.0 40.0 0.0 12.0 56.0 0.0 4.0 68.0 4.0 0.0 0.0 0.0 0.0 0.0 0.0 0.0 0.0 0.0 4.0 0.0 0.0 0.0 0.0 36.0 0.0 0.0 68.0 0.0 0.0 24.0 32.0 0.0 12.0 36.0 4.0 20.0 8.0 0.0 0.0 0.0 0.0 12.0 52.0 0.0 12.0 8.0 0.0 8.0 16.0 0.0 8.0 24.0 0.0 4.0 0.0 0.0 0.0 8.0 32.0 0.0 8.0 56.0 0.0 8.0 20.0 0.0 0.0 0.0 0.0 4.0 8.0 0.0 0.0 56.0 0.0 0.0 4.0 68.0 4.0 0.0 0.0 0.0 0.0 76.0 0.0 0.0 52.0 8.0 0.0 0.0 92.0 0.0 0.0 72.0 0.0 0.0 100.0 0.0 0.0 0.0 0.0 4.0 0.0 0.0 0.0 0.0 0.0 8.0 44.0 0.0 8.0 28.0 0.0 0.0 100.0 0.0 8.0 48.0 0.0 8.0 12.0 0.0 8.0 16.0
29 1 CONSTANT 4.0
30 1 TRACE 0.0 8.0 16.0 0.0 0.0 44.0 4.0 0.0 12.0 4.0 4.0 4.0 36.0 4.0 8.0 32.0 0.0 8.0 12.0 0.0 4.0 48.0 0.0 40.0 12.0 0.0 0.0 40.0 0.0 8.0 8.0 4.0 0.0 0.0 0.0 4.0 20.0 0.0 0.0 0.0 0.0 40.0 0.0 40.0 4.0 0.0 0.0 20.0 0.0 4.0 28.0 0.0 0.0 100.0 0.0 0.0 8.0 24.0 0.0 16.0 8.0 0.0 16.0 12.0 0.0 4.0 32.0 0.0 4.0 20.0 4.0 8.0 0.0 0.0 0.0 40.0 0.0 12.0 56.0 0.0 4.0 68.0 4.0 0.0 0.0 0.0 0.0 0.0 0.0 0.0 0.0 0.0 4.0 0.0 0.0 0.0 0.0 36.0 0.0 0.0 68.0 0.0 0.0 24.0 32.0 0.0 12.0 36.0 4.0 20.0 8.0 0.0 0.0 0.0 0.0 12.0 52.0 0.0 12.0 8.0 0.0 8.0 16.0 0.0 8.0 24.0 0.0 4.0 0.0 0.0 0.0 8.0 32.0 0.0 8.0 56.0 0.0 8.0 20.0 0.0 0.0 0.0 0.0 4.0 8.0 0.0 0.0 56.0 0.0 0.0 4.0 68.0 4.0 0.0 0.0 0.0 0.0 76.0 0.0 0.0 52.0 8.0 0.0 0.0 92.0 0.0 0.0 72.0 0.0 0.0 100.0 0.0 0.0 0.0 0.0 4.0 0.0 0.0 0.0 0.0 0.0 8.0 44.0 0.0 8.0 28.0 0.0 0.0 100.0 0.0 8.0 48.0 0.0 8.0 12.0 0.0 8.0 16.0
31 1 CONSTANT 8.0
32 1 CONSTANT 8.0
33 1 CONSTANT 4.0
34 1 CONSTANT 0.0
35 1 CONSTANT 0.0
36 1 CONSTANT 8.0
37 1 CONSTANT 8.0
38 1 CONSTANT 8.0
39 1 TRACE 8.0 0.0 0.0 8.0 8.0 0.0 0.0 8.0 0.0 0.0 8.0 0.0 0.0 8.0 0.0 0.0 8.0 0.0 0.0 8.0 0.0 0.0 8.0 0.0 0.0 8.0 0.0 0.0 8.0 0.0 0.0 8.0 0.0 0.0 8.0 0.0 0.0 8.0 0.0 8.0 0.0 0.0 8.0 0.0 0.0 8.0 0.0 0.0 8.0 0.0 0.0 8.0 8.0 0.0 0.0 8.0 0.0 0.0 8.0 0.0 0.0 8.0 0.0 0.0 8.0 0.0 0.0 8.0 0.0 0.0 8.0 0.0 0.0 8.0 0.0 0.0 8.0 0.0 0.0 8.0 8.0 0.0 0.0 8.0 0.0 0.0 8.0 0.0 0.0 8.0 0.0 0.0 8.0 0.0 0.0 8.0 0.0 0.0 8.0 0.0 0.0 8.0 8.0 0.0 0.0 8.0 0.0 0.0 8.0 0.0 0.0 8.0 0.0 0.0 8.0 0.0 0.0 8.0 0.0 0.0 8.0 0.0 0.0 8.0 0.0 0.0 8.0 0.0 0.0 8.0 8.0 0.0 0.0 8.0 0.0 0.0 8.0 0.0 0.0 8.0 0.0 0.0 8.0 0.0 0.0 8.0 8.0 0.0 0.0 8.0 0.0 0.0 8.0 0.0 0.0 8.0 0.0 0.0 8.0 8.0 0.0 0.0 8.0 0.0 0.0 8.0 0.0 0.0 8.0 0.0 0.0 8.0 0.0 0.0 8.0 0.0 0.0 8.0 0.0 0.0 8.0 0.0 0.0 8.0 0.0 0.0 8.0 0.0 0.0 8.0 0.0 0.0 8.0 0.0 0.0 8.0 0.0 0.0
40 1 CONSTANT 8.0
41 1 CONSTANT 8.0
42 1 CONSTANT 8.0
43 1 CONSTANT 2624.0
44 1 CONSTANT 2616.0
45 1 CONSTANT 8.0
46 1 CONSTANT 2624.0
47 1 CONSTANT 4.0
48 1 TRACE 162752.0 48480.0 29344.0 20304.0 2928.0 2896.0 2848.0 2336.0 0.0 16.0 0.0 0.0 122336.0 46160.0 27808.0 19152.0 928.0 1088.0 1376.0 1200.0 0.0 0.0 0.0 0.0 164768.0 50384.0 30000.0 20720.0 2896.0 2928.0 2880.0 2432.0 0.0 32.0 0.0 0.0 181376.0 48576.0 29424.0 21024.0 9936.0 9248.0 8480.0 6544.0 32.0 32.0 32.0 32.0 181696.0 49648.0 28752.0 20736.0 9008.0 7872.0 7472.0 6288.0 48.0 48.0 48.0 0.0 174000.0 50608.0 30112.0 20352.0 4048.0 3808.0 3840.0 3408.0 16.0 32.0 16.0 0.0 181888.0 49296.0 30272.0 20656.0 8144.0 7280.0 6736.0 5536.0 32.0 48.0 0.0 0.0 155376.0 47792.0 29184.0 19872.0 2400.0 2384.0 2256.0 2080.0 0.0 16.0 0.0 0.0 182896.0 49376.0 30256.0 21216.0 8496.0 7904.0 7344.0 6176.0 32.0 32.0 32.0 0.0 162016.0 48992.0 29216.0 19952.0 3040.0 2832.0 2800.0 2512.0 0.0 16.0 16.0 0.0 126048.0 41856.0 27840.0 20960.0 51552.0 30176.0 21584.0 15760.0 176.0 304.0 272.0 272.0 0.0 0.0 0.0 0.0 180992.0 50720.0 30208.0 20832.0 6208.0 5952.0 5728.0 4800.0 0.0 16.0 32.0 0.0 136256.0 42992.0 28416.0 21600.0 42640.0 27312.0 20272.0 14992.0 176.0 224.0 176.0 112.0 0.0 0.0 0.0 0.0 181568.0 49680.0 30448.0 20672.0 11152.0 9536.0 8288.0 7152.0 48.0 48.0 64.0 0.0 148560.0 48944.0 29552.0 19824.0 1872.0 1856.0 1952.0 1760.0 0.0 16.0 0.0 0.0 178352.0 49632.0 30144.0 20608.0 5296.0 4928.0 4592.0 4000.0 16.0 0.0 16.0 0.0 180512.0 49632.0 29408.0 20464.0 6656.0 6240.0 5648.0 4992.0 0.0 16.0 48.0 0.0 111024.0 44864.0 27696.0 18800.0 960.0 944.0 864.0 912.0 0.0 0.0 0.0 0.0 180176.0 49296.0 29424.0 20400.0 5968.0 5520.0 4592.0 4480.0 32.0 32.0 16.0 0.0 142416.0 48288.0 29136.0 19296.0 1856.0 1712.0 1712.0 1728.0 0.0 0.0 16.0 0.0 150128.0 47728.0 28880.0 20256.0 2192.0 1920.0 1968.0 1680.0 0.0 0.0 0.0 0.0 181680.0 48576.0 29104.0 20656.0 8688.0 7936.0 6992.0 5872.0 32.0 16.0 32.0 0.0 175088.0 48784.0 29600.0 20528.0 4272.0 4240.0 4032.0 3456.0 16.0 16.0 16.0 0.0 129424.0 43680.0 29920.0 22480.0 50112.0 29712.0 21280.0 15312.0 208.0 224.0 304.0 96.0 0.0 0.0 0.0 0.0 181328.0 50544.0 30624.0 20784.0 10544.0 9312.0 8256.0 6976.0 32.0 32.0 64.0 0.0 178736.0 48672.0 29760.0 21344.0 13136.0 11856.0 10176.0 8416.0 48.0 48.0 64.0 0.0 110416.0 43968.0 27904.0 19328.0 784.0 832.0 880.0 784.0 0.0 0.0 0.0 0.0 125568.0 40464.0 28592.0 22096.0 52800.0 31296.0 21792.0 15600.0 240.0 320.0 192.0 176.0 0.0 0.0 0.0 0.0 110560.0 37552.0 27888.0 20080.0 64432.0 35040.0 23472.0 17152.0 432.0 416.0 384.0 304.0 0.0 0.0 0.0 0.0 135632.0 42336.0 28096.0 21008.0 42960.0 27728.0 20400.0 14624.0 176.0 160.0 224.0 128.0 0.0 0.0 0.0 0.0 123136.0 43456.0 28928.0 22016.0 54448.0 31312.0 22080.0 15600.0 256.0 320.0 304.0 256.0 0.0 0.0 0.0 0.0 180320.0 49600.0 29696.0 20800.0 11552.0 9920.0 9216.0 7504.0 0.0 32.0 48.0 0.0 164528.0 47728.0 29312.0 20864.0 22512.0 17200.0 14272.0 11184.0 48.0 128.0 128.0 64.0 184240.0 49168.0 30128.0 20752.0 8672.0 8592.0 7440.0 5920.0 32.0 48.0 48.0 16.0 183152.0 49296.0 30064.0 20896.0 6944.0 6336.0 5952.0 5008.0 48.0 16.0 32.0 0.0 151200.0 50256.0 29696.0 20352.0 2000.0 1888.0 2064.0 1856.0 0.0 16.0 0.0 0.0 102368.0 38416.0 29280.0 21280.0 76400.0 37760.0 24256.0 17376.0 336.0 448.0 512.0 448.0 0.0 0.0 0.0 0.0 183648.0 49312.0 29680.0 21008.0 9264.0 8400.0 7520.0 6096.0 48.0 32.0 64.0 0.0 172176.0 49632.0 29872.0 20448.0 3984.0 3904.0 3744.0 3440.0 0.0 16.0 0.0 0.0 182080.0 49696.0 29840.0 20784.0 8000.0 6976.0 6160.0 5232.0 16.0 48.0 32.0 0.0 180000.0 49680.0 29392.0 20592.0 5792.0 5408.0 4752.0 4272.0 16.0 16.0 32.0 0.0 141488.0 45728.0 29536.0 21792.0 40608.0 25424.0 18864.0 14496.0 160.0 240.0 224.0 128.0 0.0 0.0 0.0 0.0 180640.0 49120.0 29312.0 20560.0 6656.0 6416.0 5664.0 4528.0 16.0 16.0 32.0 0.0 173392.0 48112.0 29232.0 21200.0 17424.0 14912.0 12800.0 9728.0 16.0 32.0 80.0 32.0 175248.0 50864.0 29744.0 20592.0 4464.0 4096.0 4032.0 3728.0 0.0 0.0 32.0 0.0 101440.0 36064.0 26784.0 19936.0 72304.0 36832.0 24432.0 17120.0 320.0 336.0 384.0 416.0 0.0 0.0 0.0 0.0 163168.0 49088.0 29392.0 20144.0 2944.0 3008.0 2976.0 2464.0 0.0 32.0 0.0 0.0 103984.0 42928.0 27184.0 18896.0 720.0 944.0 800.0 768.0 0.0 0.0 0.0 0.0 175952.0 48752.0 30416.0 20544.0 15424.0 12880.0 10736.0 9056.0 64.0 64.0 48.0 16.0 103344.0 39664.0 28928.0 22912.0 76000.0 37344.0 24144.0 17232.0 416.0 480.0 448.0 496.0 0.0 0.0 0.0 0.0 169696.0 46992.0 29280.0 20976.0 19664.0 16032.0 13104.0 9872.0 80.0 48.0 80.0 64.0 124128.0 44944.0 27872.0 19664.0 1008.0 1232.0 1232.0 1056.0 0.0 16.0 0.0 0.0 167344.0 47520.0 29152.0 20848.0 21056.0 17040.0 13760.0 11184.0 80.0 80.0 64.0 48.0 168096.0 49280.0 30304.0 21760.0 21104.0 16432.0 13488.0 10832.0 64.0 112.0 128.0 32.0 166176.0 47840.0 30656.0 22160.0 22160.0 17008.0 14048.0 10896.0 80.0 96.0 112.0 32.0 95888.0 35040.0 23552.0 18240.0 77280.0 37808.0 25088.0 17440.0 320.0 512.0 480.0 496.0 0.0 0.0 0.0 0.0 97920.0 34496.0 26608.0 20528.0 77632.0 38688.0 25136.0 17312.0 320.0 496.0 352.0 400.0 0.0 0.0 0.0 0.0 98576.0 35120.0 25408.0 21040.0 76032.0 38160.0 25040.0 17088.0 384.0 480.0 480.0 448.0 0.0 0.0 0.0 0.0 182496.0 49808.0 30336.0 21440.0 9408.0 8752.0 7312.0 6272.0 48.0 32.0 64.0 0.0 183568.0 49344.0 30304.0 20976.0 8960.0 8480.0 7008.0 6032.0 32.0 32.0 64.0 0.0 158640.0 48928.0 30416.0 22352.0 27744.0 20720.0 16160.0 11760.0 112.0 80.0 128.0 80.0 180672.0 49408.0 29840.0 21200.0 11920.0 10528.0 8944.0 7136.0 32.0 48.0 80.0 0.0 175520.0 49408.0 29424.0 20672.0 4816.0 4384.0 4272.0 3520.0 0.0 32.0 0.0 0.0 181344.0 50192.0 29600.0 20992.0 6208.0 5696.0 5744.0 4512.0 16.0 32.0 16.0 0.0
49 1 TRACE 2624.0 2624.0 2632.0 8.0 2624.0 2624.0 2632.0 8.0 2624.0 2624.0 2632.0 8.0 2624.0 2624.0 2632.0 8.0 2624.0 2624.0 2632.0 8.0 2624.0 2624.0 2632.0 8.0 2624.0 2624.0 2632.0 8.0 2624.0 2624.0 2632.0 8.0 2624.0 2624.0 2632.0 8.0 2624.0 2624.0 2632.0 8.0 2624.0 2624.0 2632.0 8.0 2624.0 2624.0 2632.0 8.0 2624.0 2624.0 2632.0 8.0 2624.0 2624.0 2632.0 8.0 2624.0 2624.0 2632.0 8.0 2624.0 2624.0 2632.0 8.0 2624.0 2624.0 2632.0 8.0 2624.0 2624.0 2632.0 8.0 2624.0 2624.0 2632.0 8.0 2624.0 2624.0 2632.0 8.0 2624.0 2624.0 2632.0 8.0 2624.0 2624.0 2632.0 8.0 2624.0 2624.0 2632.0 8.0 2624.0 2624.0 2632.0 8.0 2624.0 2624.0 2632.0 8.0 2624.0 2624.0 2632.0 8.0 2624.0 2624.0 2632.0 8.0 2624.0 2624.0 2632.0 8.0 2624.0 2624.0 2632.0 8.0 2624.0 2624.0 2632.0 8.0 2624.0 2624.0 2632.0 8.0 2624.0 2624.0 2632.0 8.0 2624.0 2624.0 2632.0 8.0 2624.0 2624.0 2632.0 8.0 2624.0 2624.0 2632.0 8.0 2624.0 2624.0 2632.0 8.0 2624.0 2624.0 2632.0 8.0 2624.0 2624.0 2632.0 8.0 2624.0 2624.0 2632.0 8.0 2624.0 2624.0 2632.0 8.0 2624.0 2624.0 2632.0 8.0 2624.0 2624.0 2632.0 8.0 2624.0 2624.0 2632.0 8.0 2624.0 2624.0 2632.0 8.0 2624.0 2624.0 2632.0 8.0 2624.0 2624.0 2632.0 8.0 2624.0 2624.0 2632.0 8.0 2624.0 2624.0 2632.0 8.0 2624.0 2624.0 2632.0 8.0 2624.0 2624.0 2632.0 8.0 2624.0 2624.0 2632.0 8.0 2624.0 2624.0 2632.0 8.0 2624.0 2624.0 2632.0 8.0 2624.0 2624.0 2632.0 8.0 2624.0 2624.0 2632.0 8.0 2624.0 2624.0 2632.0 8.0 2624.0 2624.0 2632.0 8.0 2624.0 2624.0 2632.0 8.0 2624.0 2624.0 2632.0 8.0 2624.0 2624.0 2632.0 8.0 2624.0 2624.0 2632.0 8.0 2624.0 2624.0 2632.0 8.0 2624.0 2624.0 2632.0 8.0 2624.0 2624.0 2632.0 8.0 2624.0 2624.0 2632.0 8.0 2624.0 2624.0 2632.0 8.0 2624.0 2624.0 2632.0 8.0 2624.0 2624.0 2632.0 8.0 2624.0 2624.0 2632.0 8.0 2624.0 2624.0 2632.0 8.0 2624.0 2624.0 2632.0 8.0 2624.0 2624.0 2632.0 8.0 2624.0 2624.0 2632.0 8.0 2624.0 2624.0 2632.0 8.0 2624.0 2624.0 2632.0 8.0 2624.0 2624.0 2632.0 8.0 2624.0 2624.0 2632.0 8.0 2624.0 2624.0 2632.0 8.0 2624.0 2624.0 2632.0 8.0 2624.0 2624.0 2632.0 8.0 2624.0 2624.0 2632.0 8.0 2624.0 2624.0 2632.0 8.0 2624.0 2624.0 2632.0 8.0 2624.0 2624.0 2632.0 8.0 2624.0 2624.0 2632.0 8.0 2624.0 2624.0 2632.0 8.0 2624.0 2624.0 2632.0 8.0 2624.0 2624.0 2632.0 8.0 2624.0 2624.0 2632.0 8.0 2624.0 2624.0 2632.0 8.0 2624.0 2624.0 2632.0 8.0 2624.0 2624.0 2632.0 8.0 2624.0 2624.0 2632.0 8.0 2624.0 2624.0 2632.0 8.0 2624.0 2624.0 2632.0 8.0 2624.0 2624.0 2632.0 8.0 2624.0 2624.0 2632.0 8.0 2624.0 2624.0 2632.0 8.0 2624.0 2624.0 2632.0 8.0 2624.0 2624.0 2632.0 8.0 2624.0 2624.0 2632.0 8.0 2624.0 2624.0 2632.0 8.0 2624.0 2624.0 2632.0 8.0 2624.0 2624.0 2632.0 8.0 2624.0 2624.0 2632.0 8.0 2624.0 2624.0 2632.0 8.0 2624.0 2624.0 2632.0 8.0 2624.0 2624.0 2632.0 8.0 2624.0 2624.0 2632.0 8.0 2624.0 2624.0 2632.0 8.0 2624.0 2624.0 2632.0 8.0 2624.0 2624.0 2632.0 8.0 2624.0 2624.0 2632.0 8.0 2624.0 2624.0 2632.0 8.0 2624.0 2624.0 2632.0 8.0 2624.0 2624.0 2632.0 8.0 2624.0 2624.0 2632.0 8.0 2624.0 2624.0 2632.0 8.0 2624.0 2624.0 2632.0 8.0 2624.0 2624.0 2632.0 8.0 2624.0 2624.0 2632.0 8.0 2624.0 2624.0 2632.0 8.0 2624.0 2624.0 2632.0 8.0 2624.0 2624.0 2632.0 8.0 2624.0 2624.0 2632.0 8.0 2624.0 2624.0 2632.0 8.0 2624.0 2624.0 2632.0 8.0 2624.0 2624.0 2632.0 8.0 2624.0 2624.0 2632.0 8.0 2624.0 2624.0 2632.0 8.0 2624.0 2624.0 2632.0 8.0 2624.0 2624.0 2632.0 8.0 2624.0 2624.0 2632.0 8.0 2624.0 2624.0 2632.0 8.0 2624.0 2624.0 2632.0 8.0 2624.0 2624.0 2632.0 8.0 2624.0 2624.0 2632.0 8.0 2624.0 2624.0 2632.0 8.0 2624.0 2624.0 2632.0 8.0 2624.0 2624.0 2632.0 8.0 2624.0 2624.0 2632.0 8.0 2624.0 2624.0 2632.0 8.0 2624.0 2624.0 2632.0 8.0 2624.0 2624.0 2632.0 8.0 2624.0 2624.0 2632.0 8.0 2624.0 2624.0 2632.0 8.0 2624.0 2624.0 2632.0 8.0 2624.0 2624.0 2632.0 8.0 2624.0 2624.0 2632.0 8.0 2624.0 2624.0 2632.0 8.0 2624.0 2624.0 2632.0 8.0 2624.0 2624.0 2632.0 8.0 2624.0 2624.0 2632.0 8.0 2624.0 2624.0 2632.0 8.0 2624.0 2624.0 2632.0 8.0 2624.0 2624.0 2632.0 8.0 2624.0 2624.0 2632.0 8.0 2624.0 2624.0 2632.0 8.0 2624.0 2624.0 2632.0 8.0 2624.0 2624.0 2632.0 8.0 2624.0 2624.0 2632.0 8.0 2624.0 2624.0 2632.0 8.0 2624.0 2624.0 2632.0 8.0 2624.0 2624.0 2632.0 8.0 2624.0 2624.0 2632.0 8.0 2624.0 2624.0 2632.0 8.0 2624.0 2624.0 2632.0 8.0 2624.0 2624.0 2632.0 8.0 2624.0 2624.0 2632.0 8.0 2624.0 2624.0 2632.0 8.0 2624.0 2624.0 2632.0 8.0 2624.0 2624.0 2632.0 8.0 2624.0 2624.0 2632.0 8.0 2624.0 2624.0 2632.0 8.0 2624.0 2624.0 2632.0 8.0 2624.0 2624.0 2632.0 8.0 2624.0 2624.0 2632.0 8.0 2624.0 2624.0 2632.0 8.0 2624.0 2624.0 2632.0 8.0 2624.0 2624.0 2632.0 8.0 2624.0 2624.0 2632.0 8.0 2624.0 2624.0 2632.0 8.0 2624.0 2624.0 2632.0 8.0 2624.0 2624.0 2632.0 8.0 2624.0 2624.0 2632.0 8.0 2624.0 2624.0 2632.0 8.0 2624.0 2624.0 2632.0 8.0 2624.0 2624.0 2632.0 8.0 2624.0 2624.0 2632.0 8.0 2624.0 2624.0 2632.0 8.0 2624.0 2624.0 2632.0 8.0 2624.0 2624.0 2632.0 8.0 2624.0 2624.0 2632.0 8.0 2624.0 2624.0 2632.0 8.0 2624.0 2624.0 2632.0 8.0 2624.0 2624.0 2632.0 8.0 2624.0 2624.0 2632.0 8.0 2624.0 2624.0 2632.0 8.0 2624.0 2624.0 2632.0 8.0 2624.0 2624.0 2632.0 8.0 2624.0 2624.0 2632.0 8.0 2624.0 2624.0 2632.0 8.0 2624.0 2624.0 2632.0 8.0 2624.0 2624.0 2632.0 8.0 2624.0 2624.0 2632.0 8.0 2624.0 2624.0 2632.0 8.0
50 1 TRACE 8.0 8.0 8.0 8.0 8.0 8.0 8.0 8.0 8.0 8.0 8.0 8.0 8.0 8.0 8.0 8.0 8.0 8.0 8.0 8.0 8.0 8.0 8.0 8.0 8.0 8.0 8.0 8.0 8.0 8.0 8.0 8.0 8.0 8.0 8.0 8.0 8.0 8.0 8.0 8.0 0.0 8.0 8.0 8.0 8.0 8.0 8.0 8.0 8.0 8.0 8.0 8.0 8.0 8.0 8.0 8.0 8.0 8.0 8.0 8.0 8.0 8.0 8.0 8.0 8.0 8.0 8.0 8.0 8.0 8.0 8.0 8.0 8.0 8.0 8.0 8.0 8.0 8.0 8.0 8.0 8.0 8.0 8.0 8.0 8.0 8.0 8.0 8.0 8.0 8.0 8.0 8.0 8.0 8.0 8.0 8.0 8.0 8.0 8.0 8.0 8.0 8.0 8.0 8.0 8.0 8.0 8.0 8.0 8.0 8.0 8.0 8.0 8.0 8.0 8.0 8.0 8.0 8.0 8.0 8.0 8.0 8.0 8.0 8.0 8.0 8.0 8.0 8.0 8.0 8.0 8.0 8.0 8.0 8.0 8.0 8.0 8.0 8.0 8.0 8.0 8.0 8.0 8.0 8.0 8.0 8.0 8.0 8.0 8.0 8.0 8.0 8.0 8.0 8.0 8.0 8.0 8.0 8.0 8.0 8.0 8.0 8.0 8.0 8.0 8.0 8.0 8.0 8.0 8.0 8.0 8.0 8.0 8.0 8.0 8.0 8.0 8.0 8.0 8.0 8.0 8.0 8.0 8.0 8.0 8.0 8.0 8.0 8.0 8.0 8.0 8.0 8.0 8.0 8.0 8.0 8.0 8.0 8.0 8.0 8.0 8.0 8.0 8.0 8.0 8.0 8.0
51 1 CONSTANT 8.0
52 1 CONSTANT 8.0
53 1 CONSTANT 8.0
54 1 CONSTANT 0.0
55 1 CONSTANT 0.0
56 1 CONSTANT 0.0
57 1 CONSTANT 0.0
58 1 CONSTANT 0.0
59 1 CONSTANT 0.0
60 1 CONSTANT 0.0
61 1 CONSTANT 0.0
62 1 CONSTANT 8.0
