0 1 1 TRACE 1672855952466692.0
1 2 1 TRACE 10809.0 20.0 18.0 59.0 34.0 57.0 20.0 20.0 19.0 20.0 20.0 20.0 22.0 20.0 21.0 19.0 30.0 22.0 20.0 19.0 19.0 19.0 19.0 19.0 19.0 20.0 26.0 20.0 20.0 24.0 19.0 20.0 20.0 30.0 21.0 20.0 19.0 20.0 20.0 22.0 27.0 20.0 20.0 30.0 19.0 19.0 20.0 20.0 19.0 19.0 19.0 56.0 19.0 20.0 18.0 19.0 20.0 19.0 20.0 19.0 21.0 19.0 21.0 19.0
2 3 1 TRACE 739.0 78.0 39.0 44.0 37.0 67.0 28.0 53.0 28.0 28.0 27.0 46.0 26.0 57.0 29.0 32.0 131.0 29.0 50.0 28.0 29.0 67.0 64.0 67.0 35.0 27.0 42.0 28.0 111.0 28.0 82.0 52.0 33.0 28.0 47.0 90.0 37.0 31.0 27.0 32.0 50.0 72.0 28.0 28.0 54.0 58.0 38.0 57.0 58.0 38.0 35.0 29.0 38.0 31.0 67.0 48.0 27.0 76.0 28.0 67.0 33.0 28.0 49.0 71.0
3 4 1 TRACE 52.0 144.0 25.0 25.0 23.0 57.0 30.0 81.0 37.0 52.0 35.0 34.0 40.0 31.0 36.0 24.0 25.0 29.0 23.0 25.0 51.0 27.0 25.0 56.0 41.0 56.0 25.0 25.0 138.0 58.0 23.0 63.0 64.0 25.0 26.0 92.0 26.0 61.0 66.0 23.0 65.0 58.0 25.0 23.0 114.0 27.0 24.0 58.0 56.0 31.0 53.0 24.0 61.0 93.0 55.0 35.0 24.0 62.0 25.0 23.0 25.0 62.0 32.0 23.0
4 5 1 TRACE 22.0 15.0 20.0 16.0 15.0 63.0 17.0 66.0 15.0 16.0 16.0 16.0 55.0 16.0 40.0 15.0 16.0 52.0 16.0 51.0 15.0 16.0 16.0 16.0 16.0 15.0 16.0 16.0 14.0 15.0 15.0 17.0 53.0 15.0 15.0 45.0 17.0 18.0 15.0 25.0 18.0 15.0 15.0 16.0 15.0 51.0 15.0 60.0 22.0 16.0 16.0 16.0 15.0 52.0 54.0 15.0 15.0 26.0 16.0 52.0 15.0 15.0 19.0 16.0
5 6 1 TRACE 37.0 360.0 23.0 16.0 16.0 24.0 18.0 11.0 19.0 62.0 17.0 17.0 19.0 21.0 15.0 27.0 12.0 11.0 60.0 11.0 14.0 19.0 13.0 26.0 14.0 57.0 15.0 53.0 32.0 25.0 19.0 12.0 19.0 22.0 15.0 24.0 12.0 13.0 40.0 14.0 15.0 16.0 14.0 13.0 123.0 235.0 13.0 11.0 11.0 14.0 13.0 12.0 13.0 43.0 26.0 14.0 16.0 11.0 19.0 11.0 59.0 47.0 11.0 12.0
6 7 1 TRACE 19.0 9.0 122.0 124.0 14.0 9.0 14.0 9.0 15.0 22.0 15.0 14.0 12.0 12.0 13.0 14.0 9.0 8.0 53.0 9.0 14.0 15.0 11.0 19.0 73.0 13.0 13.0 58.0 12.0 13.0 15.0 10.0 25.0 15.0 14.0 8.0 14.0 15.0 14.0 14.0 13.0 19.0 14.0 14.0 31.0 35.0 15.0 20.0 11.0 14.0 9.0 13.0 59.0 8.0 22.0 13.0 13.0 8.0 15.0 8.0 127.0 12.0 12.0 13.0
7 8 1 TRACE 18.0 8.0 12.0 19.0 15.0 19.0 14.0 18.0 14.0 19.0 14.0 14.0 11.0 21.0 15.0 19.0 34.0 9.0 11.0 8.0 14.0 21.0 20.0 7.0 15.0 8.0 13.0 19.0 156.0 8.0 8.0 20.0 13.0 15.0 14.0 8.0 14.0 59.0 8.0 14.0 11.0 8.0 13.0 23.0 15.0 16.0 15.0 7.0 8.0 24.0 12.0 14.0 18.0 14.0 11.0 14.0 8.0 8.0 15.0 8.0 13.0 9.0 20.0 12.0
8 9 1 TRACE 19.0 8.0 13.0 8.0 23.0 24.0 15.0 15.0 14.0 13.0 13.0 19.0 10.0 21.0 18.0 18.0 19.0 19.0 21.0 19.0 11.0 12.0 9.0 11.0 208.0 8.0 8.0 7.0 24.0 7.0 8.0 8.0 13.0 19.0 20.0 8.0 19.0 9.0 8.0 20.0 11.0 12.0 14.0 23.0 13.0 16.0 15.0 8.0 8.0 19.0 8.0 8.0 7.0 15.0 10.0 11.0 20.0 7.0 15.0 7.0 14.0 8.0 19.0 8.0
9 10 1 TRACE 87.0 28.0 59.0 36.0 27.0 48.0 38.0 66.0 37.0 28.0 37.0 46.0 38.0 41.0 50.0 46.0 66.0 27.0 62.0 66.0 42.0 29.0 34.0 27.0 160.0 48.0 44.0 27.0 30.0 26.0 44.0 35.0 47.0 51.0 53.0 116.0 63.0 31.0 63.0 46.0 57.0 158.0 54.0 62.0 60.0 57.0 40.0 55.0 81.0 27.0 70.0 51.0 45.0 77.0 59.0 32.0 27.0 70.0 47.0 45.0 64.0 90.0 27.0 92.0
10 11 1 TRACE 23.0 23.0 18.0 17.0 17.0 18.0 20.0 21.0 27.0 22.0 19.0 19.0 18.0 17.0 20.0 18.0 17.0 17.0 18.0 57.0 42.0 18.0 17.0 25.0 18.0 19.0 16.0 17.0 20.0 18.0 19.0 18.0 16.0 21.0 18.0 17.0 18.0 18.0 18.0 18.0 18.0 22.0 30.0 17.0 20.0 18.0 17.0 19.0 18.0 18.0 28.0 19.0 20.0 18.0 17.0 17.0 18.0 23.0 17.0 18.0 17.0 19.0 18.0 21.0
11 12 1 TRACE 22.0 20.0 25.0 24.0 25.0 34.0 27.0 19.0 26.0 20.0 18.0 25.0 36.0 18.0 18.0 19.0 21.0 17.0 64.0 28.0 17.0 18.0 38.0 17.0 18.0 17.0 19.0 22.0 18.0 18.0 23.0 19.0 52.0 27.0 26.0 28.0 20.0 26.0 19.0 17.0 47.0 25.0 18.0 25.0 18.0 19.0 17.0 18.0 17.0 19.0 18.0 25.0 18.0 25.0 17.0 60.0 54.0 18.0 18.0 17.0 17.0 19.0 18.0 20.0
12 13 1 TRACE 26.0 19.0 46.0 30.0 23.0 53.0 19.0 41.0 30.0 18.0 19.0 19.0 19.0 20.0 20.0 20.0 17.0 21.0 19.0 18.0 19.0 19.0 18.0 21.0 28.0 21.0 21.0 18.0 55.0 26.0 18.0 27.0 22.0 18.0 19.0 51.0 21.0 21.0 20.0 26.0 24.0 192.0 19.0 54.0 19.0 20.0 21.0 27.0 19.0 19.0 21.0 22.0 22.0 27.0 25.0 48.0 17.0 20.0 21.0 20.0 21.0 18.0 20.0 19.0
13 14 1 TRACE 18.0 19.0 8.0 9.0 8.0 9.0 8.0 8.0 8.0 10.0 8.0 8.0 9.0 9.0 8.0 9.0 9.0 8.0 8.0 9.0 8.0 8.0 8.0 9.0 8.0 8.0 9.0 9.0 9.0 8.0 8.0 20.0 8.0 8.0 8.0 9.0 9.0 8.0 9.0 9.0 8.0 8.0 9.0 8.0 9.0 8.0 9.0 9.0 8.0 8.0 8.0 8.0 8.0 8.0 9.0 9.0 8.0 9.0 8.0 9.0 9.0 9.0 9.0 8.0
14 15 1 TRACE 23.0 16.0 21.0 15.0 34.0 18.0 14.0 29.0 15.0 17.0 15.0 15.0 15.0 15.0 14.0 15.0 15.0 14.0 33.0 71.0 15.0 15.0 15.0 15.0 42.0 14.0 15.0 15.0 15.0 15.0 14.0 15.0 14.0 15.0 14.0 15.0 15.0 14.0 15.0 15.0 15.0 233.0 15.0 15.0 15.0 14.0 15.0 15.0 15.0 15.0 15.0 14.0 14.0 14.0 15.0 15.0 15.0 15.0 15.0 14.0 15.0 15.0 15.0 14.0
15 16 1 TRACE 12.0 8.0 8.0 8.0 7.0 8.0 8.0 7.0 8.0 9.0 7.0 8.0 8.0 8.0 8.0 7.0 8.0 8.0 8.0 8.0 8.0 8.0 8.0 9.0 8.0 8.0 8.0 8.0 8.0 8.0 7.0 7.0 8.0 8.0 7.0 8.0 8.0 7.0 8.0 9.0 8.0 8.0 9.0 8.0 8.0 8.0 8.0 8.0 8.0 8.0 8.0 8.0 8.0 8.0 8.0 8.0 8.0 8.0 9.0 7.0 8.0 8.0 8.0 8.0
16 17 1 TRACE 68.0 26.0 49.0 41.0 132.0 36.0 33.0 40.0 48.0 88.0 41.0 76.0 72.0 33.0 36.0 57.0 35.0 40.0 31.0 37.0 72.0 70.0 37.0 72.0 41.0 73.0 88.0 41.0 32.0 39.0 78.0 30.0 51.0 34.0 43.0 38.0 35.0 35.0 41.0 35.0 66.0 198.0 29.0 64.0 38.0 39.0 66.0 90.0 71.0 35.0 35.0 43.0 36.0 34.0 49.0 35.0 91.0 34.0 33.0 36.0 34.0 66.0 44.0 44.0
17 18 1 TRACE 28.0 16.0 17.0 17.0 66.0 17.0 20.0 18.0 17.0 18.0 19.0 18.0 18.0 18.0 17.0 20.0 17.0 19.0 18.0 16.0 16.0 17.0 20.0 21.0 17.0 20.0 24.0 20.0 18.0 18.0 21.0 18.0 18.0 17.0 16.0 20.0 18.0 17.0 17.0 18.0 17.0 18.0 23.0 19.0 19.0 18.0 21.0 21.0 17.0 17.0 19.0 17.0 17.0 18.0 17.0 17.0 20.0 18.0 17.0 17.0 17.0 22.0 17.0 18.0
18 19 1 TRACE 22.0 26.0 45.0 18.0 34.0 19.0 17.0 90.0 28.0 39.0 38.0 179.0 18.0 17.0 18.0 44.0 50.0 17.0 61.0 18.0 53.0 19.0 21.0 24.0 18.0 17.0 17.0 18.0 17.0 17.0 17.0 22.0 18.0 17.0 19.0 17.0 17.0 17.0 23.0 25.0 16.0 19.0 18.0 69.0 18.0 19.0 17.0 18.0 27.0 17.0 17.0 17.0 17.0 18.0 17.0 22.0 17.0 17.0 17.0 17.0 114.0 29.0 17.0 17.0
19 20 1 TRACE 24.0 25.0 23.0 20.0 163.0 26.0 22.0 219.0 36.0 17.0 29.0 18.0 20.0 22.0 21.0 22.0 59.0 20.0 21.0 20.0 53.0 20.0 24.0 22.0 21.0 22.0 56.0 20.0 22.0 29.0 21.0 20.0 21.0 20.0 26.0 20.0 21.0 21.0 22.0 18.0 21.0 26.0 20.0 19.0 22.0 19.0 21.0 48.0 25.0 21.0 22.0 19.0 43.0 19.0 22.0 17.0 21.0 19.0 21.0 21.0 18.0 17.0 21.0 21.0
20 21 1 TRACE 19.0 14.0 15.0 14.0 14.0 14.0 14.0 14.0 14.0 15.0 14.0 14.0 14.0 14.0 14.0 14.0 13.0 14.0 14.0 14.0 14.0 14.0 14.0 14.0 14.0 14.0 15.0 14.0 14.0 14.0 15.0 15.0 14.0 14.0 14.0 14.0 14.0 13.0 14.0 15.0 14.0 15.0 16.0 14.0 14.0 14.0 13.0 14.0 14.0 14.0 14.0 15.0 14.0 15.0 14.0 14.0 14.0 14.0 15.0 14.0 14.0 14.0 14.0 15.0
21 22 1 TRACE 26.0 11.0 12.0 12.0 11.0 12.0 11.0 12.0 12.0 12.0 11.0 13.0 13.0 11.0 11.0 11.0 12.0 11.0 12.0 11.0 11.0 11.0 12.0 12.0 12.0 12.0 12.0 11.0 12.0 11.0 12.0 12.0 11.0 12.0 11.0 11.0 11.0 11.0 14.0 12.0 12.0 12.0 23.0 11.0 12.0 11.0 11.0 12.0 12.0 11.0 12.0 12.0 12.0 12.0 12.0 11.0 12.0 11.0 12.0 11.0 12.0 11.0 11.0 12.0
22 23 1 TRACE 46.0 38.0 41.0 34.0 118.0 56.0 36.0 41.0 37.0 69.0 35.0 34.0 52.0 36.0 65.0 77.0 36.0 35.0 36.0 37.0 34.0 34.0 35.0 35.0 99.0 72.0 34.0 73.0 39.0 68.0 35.0 71.0 51.0 42.0 72.0 37.0 38.0 70.0 56.0 35.0 37.0 51.0 33.0 68.0 33.0 71.0 37.0 61.0 36.0 35.0 38.0 37.0 73.0 35.0 36.0 36.0 35.0 63.0 44.0 38.0 72.0 38.0 36.0 113.0
23 24 1 TRACE 51.0 26.0 42.0 29.0 67.0 28.0 43.0 33.0 41.0 36.0 26.0 39.0 42.0 28.0 28.0 60.0 29.0 30.0 26.0 32.0 26.0 31.0 28.0 28.0 29.0 35.0 57.0 62.0 54.0 28.0 30.0 63.0 27.0 80.0 31.0 36.0 42.0 59.0 29.0 29.0 31.0 56.0 50.0 31.0 28.0 63.0 28.0 72.0 29.0 61.0 65.0 26.0 27.0 50.0 30.0 31.0 62.0 29.0 58.0 26.0 29.0 69.0 34.0 27.0
24 25 1 TRACE 51.0 21.0 21.0 24.0 25.0 23.0 25.0 26.0 22.0 24.0 24.0 24.0 23.0 22.0 22.0 22.0 59.0 23.0 21.0 25.0 23.0 64.0 23.0 62.0 22.0 24.0 26.0 29.0 62.0 22.0 22.0 25.0 25.0 25.0 60.0 25.0 62.0 22.0 22.0 61.0 23.0 24.0 25.0 23.0 24.0 28.0 24.0 28.0 24.0 31.0 29.0 24.0 65.0 25.0 22.0 61.0 38.0 24.0 25.0 23.0 20.0 52.0 23.0 59.0
25 26 1 TRACE 22.0 9.0 8.0 9.0 9.0 9.0 9.0 9.0 9.0 9.0 9.0 9.0 9.0 8.0 8.0 8.0 8.0 9.0 9.0 10.0 9.0 8.0 9.0 9.0 8.0 9.0 8.0 9.0 9.0 8.0 9.0 9.0 8.0 9.0 9.0 9.0 8.0 9.0 8.0 9.0 9.0 9.0 9.0 8.0 9.0 9.0 9.0 9.0 9.0 9.0 9.0 9.0 8.0 9.0 9.0 9.0 9.0 8.0 9.0 9.0 9.0 11.0 9.0 9.0 9.0 9.0 9.0 8.0 9.0 9.0 9.0 10.0 8.0 9.0 9.0 9.0 10.0 9.0 9.0 8.0 9.0 10.0 9.0 9.0 9.0 9.0 9.0 8.0 9.0 8.0 9.0 9.0 9.0 9.0 8.0 22.0 9.0 9.0 8.0 9.0 9.0 9.0 8.0 9.0 9.0 9.0 9.0 9.0 9.0 9.0 9.0 9.0 9.0 9.0 9.0 8.0 9.0 9.0 9.0 9.0 9.0 8.0 8.0 9.0 9.0 9.0 9.0 9.0 10.0 9.0 9.0 8.0 9.0 9.0 13.0 9.0 9.0 8.0 10.0 9.0 9.0 8.0 9.0 8.0 9.0 9.0 9.0 9.0 9.0 9.0 8.0 9.0 9.0 8.0 9.0 8.0 10.0 9.0 12.0 9.0 9.0 10.0 10.0 8.0 8.0 11.0 9.0 8.0 9.0 9.0 9.0 8.0 11.0 9.0 8.0 8.0 9.0 11.0 9.0 10.0 9.0 9.0 9.0 8.0 9.0 9.0 10.0 9.0 9.0 9.0 9.0 8.0 9.0 8.0 9.0 9.0 9.0 9.0 10.0 9.0 9.0 9.0 9.0 9.0 9.0 9.0 9.0
26 27 1 TRACE 11.0 7.0 7.0 8.0 7.0 7.0 7.0 7.0 7.0 8.0 8.0 8.0 7.0 7.0 7.0 7.0 7.0 7.0 7.0 8.0 7.0 7.0 8.0 7.0 7.0 7.0 7.0 7.0 7.0 7.0 7.0 7.0 7.0 7.0 8.0 7.0 7.0 24.0 7.0 8.0 7.0 7.0 8.0 7.0 8.0 7.0 7.0 7.0 7.0 7.0 7.0 7.0 7.0 8.0 7.0 8.0 7.0 7.0 7.0 8.0 7.0 9.0 7.0 8.0 7.0 8.0 8.0 7.0 8.0 8.0 8.0 8.0 7.0 7.0 7.0 7.0 19.0 8.0 8.0 7.0 7.0 8.0 25.0 7.0 7.0 7.0 8.0 7.0 7.0 7.0 7.0 7.0 7.0 7.0 7.0 8.0 8.0 7.0 7.0 7.0 10.0 8.0 7.0 8.0 8.0 7.0 7.0 7.0 7.0 7.0 7.0 7.0 8.0 8.0 7.0 7.0 7.0 7.0 7.0 7.0 7.0 7.0 7.0 7.0 8.0 8.0 7.0 7.0 22.0 8.0 7.0 7.0 8.0 8.0 8.0 7.0 8.0 7.0 8.0 7.0 7.0 7.0 7.0 7.0 7.0 7.0 19.0 7.0 7.0 7.0 7.0 7.0 7.0 7.0 8.0 7.0 7.0 8.0 8.0 7.0 8.0 18.0 8.0 7.0 7.0 7.0 8.0 7.0 8.0 7.0 10.0 7.0 8.0 7.0 7.0 7.0 7.0 8.0 8.0 7.0 7.0 8.0 7.0 7.0 7.0 7.0 7.0 8.0 7.0 7.0 7.0 7.0 8.0 7.0 7.0 7.0 8.0 8.0 7.0 7.0 8.0 7.0 7.0 8.0 8.0 8.0 8.0
27 28 1 TRACE 10.0 7.0 8.0 7.0 7.0 7.0 8.0 8.0 7.0 7.0 7.0 7.0 8.0 7.0 8.0 8.0 8.0 7.0 7.0 19.0 8.0 8.0 7.0 7.0 8.0 7.0 8.0 7.0 7.0 7.0 8.0 7.0 8.0 7.0 7.0 7.0 7.0 8.0 8.0 7.0 7.0 8.0 7.0 8.0 7.0 8.0 7.0 7.0 7.0 7.0 8.0 7.0 7.0 7.0 7.0 7.0 7.0 7.0 7.0 7.0 7.0 9.0 7.0 7.0 7.0 7.0 7.0 8.0 7.0 7.0 7.0 8.0 7.0 7.0 8.0 7.0 8.0 7.0 7.0 8.0 7.0 8.0 20.0 10.0 7.0 7.0 7.0 8.0 8.0 8.0 8.0 7.0 7.0 7.0 7.0 7.0 7.0 7.0 7.0 8.0 8.0 7.0 7.0 7.0 7.0 7.0 8.0 7.0 7.0 7.0 7.0 7.0 7.0 7.0 7.0 8.0 8.0 7.0 7.0 8.0 7.0 8.0 7.0 7.0 7.0 7.0 7.0 7.0 18.0 7.0 7.0 8.0 7.0 7.0 7.0 7.0 7.0 8.0 8.0 7.0 7.0 7.0 7.0 8.0 7.0 8.0 7.0 8.0 7.0 7.0 8.0 7.0 8.0 8.0 7.0 8.0 7.0 7.0 7.0 8.0 7.0 7.0 7.0 7.0 8.0 8.0 7.0 7.0 7.0 7.0 7.0 8.0 7.0 7.0 8.0 7.0 8.0 7.0 7.0 7.0 7.0 7.0 8.0 8.0 7.0 7.0 7.0 8.0 7.0 7.0 8.0 7.0 7.0 8.0 8.0 8.0 7.0 7.0 7.0 7.0 7.0 7.0 7.0 7.0 7.0 7.0 7.0
28 29 1 TRACE 12.0 8.0 8.0 9.0 8.0 8.0 8.0 8.0 8.0 8.0 9.0 8.0 8.0 8.0 8.0 8.0 8.0 8.0 8.0 8.0 8.0 8.0 9.0 8.0 8.0 8.0 8.0 8.0 8.0 8.0 8.0 8.0 8.0 8.0 8.0 8.0 8.0 9.0 8.0 9.0 8.0 8.0 8.0 8.0 9.0 8.0 8.0 8.0 8.0 8.0 8.0 8.0 8.0 8.0 8.0 8.0 8.0 8.0 9.0 9.0 8.0 9.0 8.0 8.0 8.0 8.0 9.0 8.0 8.0 8.0 8.0 9.0 9.0 8.0 8.0 8.0 8.0 9.0 8.0 8.0 8.0 9.0 10.0 10.0 8.0 8.0 8.0 8.0 8.0 8.0 8.0 8.0 8.0 8.0 7.0 9.0 9.0 8.0 8.0 8.0 9.0 8.0 9.0 9.0 8.0 8.0 8.0 8.0 8.0 8.0 9.0 8.0 8.0 8.0 8.0 8.0 8.0 8.0 8.0 8.0 8.0 8.0 9.0 8.0 8.0 9.0 8.0 9.0 8.0 8.0 8.0 8.0 8.0 8.0 9.0 8.0 9.0 8.0 9.0 8.0 8.0 8.0 8.0 8.0 8.0 8.0 8.0 8.0 8.0 8.0 8.0 9.0 8.0 8.0 8.0 8.0 9.0 8.0 9.0 8.0 8.0 8.0 9.0 8.0 8.0 9.0 8.0 8.0 8.0 8.0 9.0 8.0 9.0 8.0 8.0 8.0 8.0 9.0 9.0 9.0 7.0 9.0 8.0 8.0 8.0 8.0 8.0 8.0 8.0 8.0 8.0 8.0 8.0 8.0 8.0 8.0 8.0 9.0 8.0 8.0 9.0 8.0 8.0 8.0 8.0 8.0 9.0
29 30 1 TRACE 57.0 33.0 31.0 40.0 42.0 63.0 39.0 35.0 45.0 28.0 29.0 50.0 29.0 92.0 49.0 43.0 44.0 63.0 31.0 15.0 30.0 65.0 31.0 31.0 157.0 541.0 68.0 59.0 63.0 36.0 696.0 43.0 91.0 74.0 40.0 39.0 64.0 17.0 80.0 29.0 31.0 30.0 84.0 29.0 30.0 66.0 69.0 91.0 31.0 49.0 74.0 35.0 64.0 32.0 29.0 31.0 31.0 30.0 31.0 30.0 57.0 52.0 71.0 31.0 70.0 44.0 31.0 65.0 61.0 39.0 30.0 25.0 19.0 31.0 67.0 67.0 18.0 63.0 58.0 33.0 33.0 145.0 16.0 16.0 70.0 32.0 30.0 31.0 37.0 71.0 31.0 18.0 30.0 60.0 32.0 16.0 33.0 30.0 33.0 472.0 30.0 70.0 31.0 31.0 29.0 68.0 31.0 32.0 32.0 30.0 79.0 38.0 32.0 67.0 59.0 52.0 30.0 68.0 63.0 68.0 30.0 64.0 173.0 68.0 30.0 30.0 32.0 64.0 32.0 30.0 34.0 36.0 31.0 32.0 16.0 58.0 64.0 65.0 31.0 55.0 45.0 66.0 30.0 61.0 31.0 68.0 38.0 36.0 35.0 30.0 30.0 65.0 35.0 31.0 44.0 65.0 16.0 62.0 30.0 67.0 37.0 54.0 29.0 62.0 39.0 16.0 34.0 30.0 33.0 36.0 22.0 63.0 16.0 81.0 65.0 77.0 39.0 38.0 49.0 28.0 67.0 36.0 73.0 40.0 65.0 107.0 31.0 65.0 33.0 66.0 36.0 69.0 319.0 73.0 37.0 37.0 37.0 71.0 64.0 54.0 49.0 30.0 31.0 31.0 39.0 28.0 46.0
30 31 1 TRACE 21.0 9.0 8.0 17.0 17.0 9.0 16.0 16.0 15.0 8.0 16.0 8.0 17.0 8.0 27.0 8.0 8.0 8.0 16.0 8.0 8.0 55.0 16.0 8.0 8.0 471.0 15.0 8.0 8.0 38.0 8.0 15.0 15.0 8.0 17.0 16.0 16.0 9.0 16.0 44.0 8.0 9.0 8.0 16.0 17.0 17.0 15.0 8.0 8.0 38.0 16.0 8.0 15.0 15.0 8.0 8.0 17.0 16.0 8.0 15.0 8.0 10.0 15.0 50.0 8.0 7.0 8.0 8.0 16.0 15.0 8.0 16.0 14.0 8.0 9.0 7.0 8.0 16.0 7.0 8.0 8.0 64.0 17.0 15.0 15.0 16.0 8.0 16.0 16.0 7.0 8.0 15.0 16.0 8.0 8.0 14.0 8.0 8.0 15.0 8.0 16.0 53.0 15.0 9.0 8.0 15.0 16.0 15.0 17.0 8.0 17.0 16.0 17.0 15.0 8.0 16.0 15.0 15.0 16.0 15.0 16.0 8.0 16.0 15.0 8.0 18.0 16.0 8.0 16.0 16.0 8.0 16.0 16.0 8.0 16.0 16.0 8.0 8.0 8.0 8.0 8.0 54.0 9.0 16.0 16.0 9.0 8.0 21.0 8.0 8.0 8.0 8.0 8.0 8.0 19.0 15.0 15.0 15.0 16.0 8.0 8.0 17.0 8.0 7.0 16.0 8.0 8.0 8.0 16.0 8.0 15.0 8.0 8.0 8.0 16.0 15.0 8.0 9.0 15.0 8.0 17.0 17.0 8.0 16.0 16.0 8.0 17.0 8.0 8.0 8.0 7.0 8.0 8.0 16.0 16.0 8.0 8.0 17.0 8.0 8.0 8.0 16.0 8.0 7.0 7.0 15.0 57.0
31 32 1 TRACE 16.0 12.0 12.0 11.0 13.0 22.0 12.0 11.0 11.0 11.0 12.0 11.0 12.0 11.0 24.0 12.0 17.0 20.0 12.0 12.0 11.0 12.0 12.0 11.0 241.0 102.0 12.0 22.0 12.0 12.0 12.0 11.0 11.0 11.0 11.0 12.0 11.0 12.0 11.0 13.0 12.0 29.0 11.0 12.0 12.0 12.0 29.0 11.0 11.0 11.0 11.0 12.0 11.0 11.0 11.0 11.0 11.0 11.0 11.0 11.0 12.0 13.0 12.0 12.0 12.0 11.0 12.0 11.0 15.0 11.0 12.0 12.0 12.0 12.0 11.0 11.0 12.0 12.0 12.0 11.0 11.0 11.0 12.0 12.0 12.0 12.0 11.0 11.0 12.0 11.0 12.0 11.0 11.0 11.0 11.0 12.0 11.0 11.0 11.0 11.0 12.0 12.0 12.0 11.0 11.0 12.0 12.0 12.0 12.0 12.0 11.0 14.0 12.0 12.0 14.0 11.0 12.0 11.0 11.0 11.0 12.0 12.0 12.0 11.0 11.0 12.0 12.0 12.0 12.0 12.0 12.0 12.0 11.0 12.0 13.0 11.0 11.0 11.0 12.0 11.0 11.0 12.0 12.0 12.0 11.0 11.0 12.0 24.0 15.0 11.0 15.0 12.0 11.0 11.0 12.0 12.0 12.0 12.0 12.0 12.0 11.0 12.0 12.0 11.0 11.0 12.0 11.0 17.0 11.0 11.0 12.0 11.0 11.0 11.0 12.0 12.0 12.0 12.0 11.0 12.0 12.0 12.0 12.0 11.0 11.0 12.0 12.0 12.0 12.0 11.0 17.0 12.0 12.0 12.0 12.0 11.0 11.0 12.0 12.0 12.0 12.0 11.0 12.0 11.0 11.0 13.0 12.0
32 33 1 TRACE 22.0 17.0 16.0 18.0 20.0 58.0 16.0 17.0 16.0 17.0 22.0 17.0 16.0 61.0 24.0 24.0 21.0 23.0 16.0 17.0 16.0 51.0 16.0 16.0 293.0 17.0 17.0 52.0 19.0 19.0 58.0 16.0 16.0 16.0 17.0 16.0 16.0 17.0 16.0 18.0 16.0 32.0 16.0 17.0 16.0 16.0 18.0 16.0 16.0 16.0 17.0 15.0 16.0 16.0 17.0 16.0 16.0 16.0 16.0 16.0 16.0 42.0 16.0 55.0 16.0 16.0 16.0 56.0 34.0 16.0 15.0 17.0 18.0 16.0 16.0 53.0 16.0 18.0 17.0 17.0 16.0 162.0 19.0 17.0 16.0 16.0 16.0 17.0 22.0 17.0 17.0 17.0 24.0 17.0 16.0 18.0 16.0 16.0 16.0 17.0 17.0 17.0 16.0 16.0 16.0 17.0 55.0 16.0 16.0 16.0 16.0 17.0 17.0 16.0 33.0 16.0 16.0 16.0 17.0 16.0 17.0 24.0 16.0 17.0 16.0 17.0 16.0 16.0 16.0 16.0 16.0 17.0 17.0 15.0 18.0 16.0 16.0 17.0 17.0 16.0 16.0 20.0 16.0 16.0 20.0 30.0 60.0 16.0 18.0 16.0 19.0 16.0 16.0 16.0 18.0 16.0 18.0 16.0 17.0 16.0 16.0 16.0 16.0 46.0 17.0 17.0 16.0 17.0 26.0 16.0 17.0 17.0 17.0 54.0 16.0 17.0 16.0 18.0 16.0 17.0 16.0 16.0 16.0 16.0 17.0 16.0 17.0 17.0 19.0 50.0 34.0 50.0 16.0 16.0 16.0 17.0 49.0 17.0 17.0 16.0 16.0 16.0 16.0 53.0 59.0 16.0 29.0
33 34 1 TRACE 72.0 56.0 60.0 128.0 48.0 48.0 142.0 78.0 47.0 79.0 66.0 42.0 33.0 67.0 61.0 48.0 88.0 85.0 61.0 41.0 62.0 108.0 63.0 120.0 172.0 208.0 47.0 27.0 66.0 53.0 23.0 56.0 74.0 58.0 36.0 103.0 45.0 87.0 61.0 64.0 135.0 42.0 61.0 46.0 112.0 131.0 48.0 92.0 42.0 75.0 63.0 49.0 91.0 63.0 50.0 86.0 113.0 57.0 58.0 53.0 95.0 30.0 83.0 46.0 24.0 61.0 84.0 19.0 94.0 97.0 109.0 89.0 66.0 65.0 108.0 18.0 129.0 36.0 95.0 66.0 131.0 85.0 49.0 38.0 109.0 79.0 47.0 69.0 77.0 94.0 79.0 102.0 46.0 76.0 92.0 59.0 116.0 95.0 68.0 136.0 52.0 161.0 49.0 69.0 76.0 69.0 41.0 105.0 148.0 66.0 143.0 81.0 39.0 63.0 105.0 59.0 83.0 91.0 42.0 161.0 83.0 22.0 177.0 52.0 108.0 117.0 99.0 33.0 84.0 96.0 97.0 151.0 150.0 58.0 107.0 63.0 63.0 138.0 99.0 41.0 118.0 41.0 65.0 85.0 46.0 31.0 19.0 40.0 19.0 105.0 22.0 68.0 83.0 43.0 117.0 81.0 49.0 136.0 50.0 57.0 59.0 44.0 58.0 61.0 91.0 27.0 102.0 77.0 48.0 86.0 37.0 57.0 42.0 37.0 142.0 55.0 34.0 93.0 58.0 44.0 48.0 110.0 47.0 52.0 65.0 29.0 52.0 62.0 240.0 77.0 34.0 149.0 52.0 148.0 87.0 57.0 152.0 89.0 19.0 57.0 45.0 71.0 51.0 44.0 41.0 204.0 38.0
34 35 1 TRACE 634.0 19.0 52.0 64.0 60.0 76.0 97.0 49.0 17.0 167.0 74.0 19.0 17.0 101.0 49.0 18.0 19.0 53.0 65.0 17.0 50.0 51.0 50.0 17.0 51.0 111.0 48.0 18.0 71.0 52.0 47.0 83.0 52.0 20.0 48.0 57.0 49.0 59.0 111.0 54.0 19.0 18.0 54.0 18.0 46.0 237.0 50.0 23.0 51.0 54.0 52.0 49.0 50.0 51.0 18.0 49.0 57.0 62.0 50.0 49.0 20.0 65.0 289.0 75.0 18.0 54.0 48.0 50.0 56.0 73.0 52.0 51.0 54.0 19.0 20.0 50.0 19.0 19.0 54.0 20.0 49.0 159.0 63.0 47.0 54.0 51.0 43.0 54.0 124.0 19.0 42.0 58.0 48.0 17.0 56.0 49.0 20.0 55.0 54.0 18.0 48.0 77.0 51.0 20.0 52.0 49.0 45.0 57.0 50.0 50.0 59.0 48.0 41.0 70.0 19.0 47.0 56.0 50.0 45.0 62.0 46.0 57.0 58.0 55.0 51.0 54.0 50.0 60.0 91.0 50.0 48.0 70.0 47.0 54.0 61.0 49.0 18.0 51.0 48.0 18.0 58.0 50.0 48.0 60.0 49.0 39.0 71.0 19.0 18.0 51.0 19.0 52.0 19.0 49.0 103.0 48.0 69.0 54.0 51.0 20.0 50.0 18.0 19.0 52.0 51.0 18.0 19.0 146.0 54.0 19.0 18.0 50.0 20.0 51.0 58.0 47.0 20.0 81.0 50.0 45.0 50.0 51.0 49.0 58.0 51.0 20.0 18.0 49.0 20.0 53.0 52.0 20.0 49.0 55.0 98.0 19.0 55.0 49.0 18.0 17.0 51.0 52.0 19.0 18.0 50.0 59.0 49.0
35 36 1 TRACE 59.0 23.0 45.0 69.0 46.0 107.0 60.0 48.0 16.0 809.0 51.0 17.0 18.0 54.0 78.0 17.0 16.0 50.0 47.0 18.0 47.0 51.0 50.0 46.0 46.0 67.0 46.0 16.0 63.0 47.0 43.0 84.0 48.0 17.0 43.0 56.0 46.0 64.0 92.0 95.0 16.0 16.0 46.0 16.0 43.0 66.0 50.0 19.0 46.0 54.0 46.0 45.0 50.0 50.0 18.0 48.0 53.0 44.0 52.0 1115.0 16.0 47.0 55.0 48.0 17.0 48.0 45.0 53.0 449.0 50.0 84.0 48.0 49.0 55.0 18.0 49.0 16.0 58.0 51.0 51.0 45.0 89.0 56.0 42.0 52.0 47.0 83.0 50.0 49.0 53.0 40.0 54.0 45.0 16.0 53.0 48.0 18.0 53.0 48.0 18.0 45.0 56.0 48.0 16.0 49.0 47.0 46.0 52.0 54.0 46.0 52.0 44.0 42.0 46.0 16.0 44.0 51.0 77.0 44.0 58.0 50.0 48.0 55.0 45.0 50.0 64.0 46.0 62.0 195.0 45.0 44.0 246.0 45.0 48.0 51.0 47.0 17.0 49.0 47.0 18.0 52.0 48.0 45.0 59.0 46.0 18.0 78.0 17.0 18.0 51.0 18.0 48.0 17.0 49.0 117.0 83.0 46.0 53.0 50.0 31.0 46.0 16.0 16.0 47.0 46.0 16.0 16.0 237.0 48.0 17.0 18.0 48.0 16.0 53.0 54.0 44.0 16.0 52.0 48.0 52.0 54.0 47.0 46.0 45.0 48.0 16.0 17.0 48.0 17.0 20.0 53.0 17.0 46.0 85.0 215.0 23.0 53.0 49.0 17.0 53.0 47.0 48.0 16.0 16.0 87.0 56.0 50.0
36 37 1 TRACE 150.0 131.0 57.0 92.0 50.0 72.0 108.0 66.0 119.0 43.0 47.0 92.0 93.0 54.0 45.0 139.0 72.0 42.0 33.0 93.0 74.0 169.0 38.0 68.0 40.0 227.0 57.0 197.0 48.0 81.0 47.0 49.0 218.0 56.0 76.0 111.0 85.0 42.0 716.0 161.0 93.0 333.0 510.0 122.0 80.0 91.0 426.0 102.0 63.0 89.0 59.0 33.0 56.0 57.0 93.0 33.0 83.0 56.0 52.0 34.0 130.0 34.0 56.0 51.0 73.0 42.0 36.0 67.0 137.0 102.0 33.0 42.0 75.0 49.0 157.0 89.0 98.0 66.0 72.0 47.0 33.0 133.0 71.0 112.0 103.0 75.0 32.0 102.0 136.0 53.0 61.0 116.0 80.0 120.0 65.0 34.0 91.0 83.0 34.0 151.0 129.0 148.0 65.0 82.0 112.0 43.0 121.0 110.0 33.0 71.0 112.0 47.0 48.0 49.0 96.0 63.0 94.0 63.0 53.0 106.0 43.0 45.0 153.0 63.0 83.0 60.0 69.0 32.0 91.0 39.0 68.0 207.0 47.0 176.0 66.0 260.0 129.0 51.0 32.0 84.0 55.0 75.0 33.0 125.0 41.0 62.0 156.0 108.0 94.0 55.0 93.0 57.0 165.0 73.0 141.0 33.0 30.0 121.0 42.0 75.0 52.0 138.0 88.0 48.0 45.0 94.0 115.0 36.0 102.0 124.0 90.0 64.0 109.0 64.0 112.0 45.0 93.0 53.0 38.0 89.0 82.0 48.0 32.0 44.0 60.0 88.0 97.0 129.0 92.0 39.0 875.0 41.0 43.0 899.0 729.0 90.0 76.0 76.0 82.0 51.0 66.0 41.0 126.0 87.0 35.0 141.0 35.0
37 38 1 TRACE 64.0 30.0 34.0 57.0 31.0 69.0 74.0 30.0 32.0 36.0 33.0 37.0 86.0 80.0 28.0 81.0 46.0 58.0 27.0 28.0 40.0 33.0 31.0 224.0 67.0 61.0 44.0 32.0 72.0 41.0 55.0 35.0 72.0 42.0 37.0 54.0 51.0 95.0 68.0 58.0 41.0 206.0 32.0 32.0 63.0 71.0 30.0 67.0 31.0 46.0 66.0 28.0 207.0 64.0 61.0 30.0 46.0 33.0 31.0 72.0 29.0 28.0 39.0 34.0 66.0 32.0 38.0 51.0 52.0 31.0 30.0 70.0 30.0 32.0 30.0 32.0 29.0 33.0 35.0 58.0 29.0 41.0 33.0 33.0 75.0 31.0 47.0 40.0 34.0 31.0 141.0 37.0 63.0 34.0 72.0 57.0 67.0 69.0 69.0 62.0 30.0 51.0 30.0 30.0 61.0 69.0 66.0 42.0 30.0 31.0 46.0 64.0 31.0 35.0 33.0 34.0 52.0 73.0 35.0 45.0 31.0 30.0 51.0 63.0 30.0 37.0 49.0 33.0 70.0 35.0 29.0 44.0 34.0 84.0 42.0 31.0 73.0 115.0 31.0 31.0 42.0 69.0 37.0 39.0 31.0 28.0 69.0 31.0 39.0 34.0 33.0 57.0 39.0 37.0 45.0 36.0 31.0 44.0 34.0 66.0 68.0 66.0 31.0 40.0 30.0 29.0 67.0 33.0 35.0 31.0 32.0 36.0 74.0 62.0 45.0 39.0 31.0 74.0 42.0 204.0 38.0 29.0 70.0 35.0 30.0 39.0 34.0 60.0 34.0 70.0 176.0 32.0 30.0 60.0 68.0 31.0 37.0 30.0 62.0 71.0 61.0 35.0 62.0 30.0 32.0 48.0 63.0
38 39 1 TRACE 39.0 27.0 44.0 35.0 51.0 26.0 38.0 56.0 28.0 27.0 25.0 31.0 103.0 81.0 31.0 32.0 38.0 30.0 26.0 27.0 45.0 68.0 25.0 77.0 25.0 63.0 52.0 49.0 177.0 38.0 50.0 93.0 26.0 72.0 26.0 55.0 44.0 32.0 26.0 25.0 68.0 81.0 25.0 27.0 61.0 38.0 26.0 31.0 25.0 57.0 47.0 59.0 115.0 56.0 67.0 49.0 30.0 24.0 29.0 32.0 47.0 25.0 31.0 27.0 54.0 36.0 61.0 28.0 41.0 26.0 24.0 56.0 63.0 39.0 28.0 26.0 25.0 27.0 26.0 56.0 39.0 59.0 38.0 25.0 66.0 29.0 27.0 31.0 85.0 26.0 29.0 31.0 60.0 61.0 33.0 56.0 58.0 60.0 27.0 28.0 27.0 71.0 30.0 33.0 37.0 62.0 31.0 27.0 28.0 25.0 68.0 26.0 26.0 25.0 26.0 32.0 63.0 26.0 68.0 28.0 25.0 28.0 31.0 29.0 25.0 31.0 38.0 64.0 30.0 30.0 64.0 65.0 29.0 335.0 27.0 58.0 74.0 57.0 66.0 58.0 29.0 54.0 26.0 28.0 30.0 25.0 65.0 26.0 26.0 66.0 26.0 58.0 66.0 26.0 272.0 27.0 78.0 27.0 64.0 66.0 25.0 79.0 57.0 65.0 65.0 65.0 59.0 25.0 23.0 59.0 64.0 30.0 63.0 33.0 27.0 63.0 24.0 41.0 32.0 75.0 26.0 62.0 31.0 27.0 22.0 67.0 33.0 28.0 62.0 29.0 33.0 24.0 60.0 74.0 61.0 60.0 33.0 65.0 62.0 60.0 28.0 58.0 63.0 60.0 63.0 34.0 124.0
39 25 1 TRACE 17.0 28.0 19.0 23.0 97.0 20.0 18.0 18.0 21.0 19.0 19.0 32.0 60.0 18.0 19.0 21.0 18.0 18.0 23.0 25.0 17.0 22.0 17.0 57.0 19.0 18.0 17.0 17.0 17.0 51.0 17.0 17.0 17.0 20.0 17.0 20.0 19.0 19.0 22.0 25.0 21.0 55.0 17.0 19.0 17.0 19.0 22.0 18.0 19.0 34.0 24.0 22.0 24.0 21.0 57.0 27.0 20.0 19.0 34.0 46.0 20.0 19.0 16.0 59.0 17.0 16.0 19.0 24.0 19.0 19.0 17.0 18.0 20.0 16.0 17.0 21.0 23.0 16.0 17.0
39 40 1 TRACE 89.0 59.0 30.0 27.0 62.0 35.0 66.0 32.0 311.0 124.0 30.0 67.0 32.0 66.0 34.0 66.0 29.0 32.0 49.0 26.0 38.0 27.0 59.0 40.0 33.0 32.0 28.0 39.0 32.0 27.0 63.0 40.0 66.0 63.0 46.0 55.0 71.0 56.0 27.0 32.0 32.0 66.0 62.0 30.0 62.0 35.0 66.0 77.0 27.0 62.0 34.0 61.0 59.0 66.0 27.0 63.0 62.0 28.0 44.0 34.0 51.0 33.0 65.0 29.0
39 51 1 TRACE 36.0 41.0 76.0 30.0 74.0 37.0 91.0 35.0 36.0 62.0 40.0 61.0 35.0 63.0 28.0 28.0 62.0 32.0 60.0 31.0 28.0 26.0 61.0 28.0 27.0 61.0 55.0 28.0 66.0 27.0 63.0 30.0 29.0 27.0 63.0 50.0 66.0 27.0 28.0 66.0 28.0 30.0 64.0 28.0 53.0 32.0 60.0 34.0 28.0 31.0 27.0 69.0 25.0 31.0 31.0 31.0 29.0 33.0 28.0 28.0 33.0 60.0 29.0 258.0
40 41 1 TRACE 32.0 33.0 30.0 19.0 19.0 19.0 19.0 27.0 19.0 19.0 42.0 19.0 17.0 24.0 23.0 18.0 28.0 18.0 22.0 17.0 32.0 18.0 17.0 17.0 23.0 24.0 20.0 22.0 20.0 21.0 35.0 18.0 29.0 28.0 17.0 23.0 29.0 35.0 34.0 21.0 28.0 23.0 16.0 24.0 24.0 17.0 17.0 17.0 30.0 22.0 16.0 19.0 17.0 16.0 61.0 22.0 18.0 18.0 18.0 17.0 25.0 19.0 18.0 34.0
41 42 1 TRACE 17.0 12.0 12.0 11.0 15.0 26.0 12.0 11.0 12.0 11.0 12.0 12.0 16.0 12.0 12.0 11.0 12.0 11.0 12.0 12.0 12.0 12.0 12.0 12.0 13.0 69.0 13.0 48.0 12.0 11.0 28.0 23.0 12.0 12.0 13.0 12.0 12.0 12.0 11.0 12.0 16.0 12.0 12.0 12.0 12.0 12.0 11.0 12.0 12.0 11.0 12.0 12.0 12.0 12.0 13.0 12.0 12.0 12.0 12.0 12.0 12.0 11.0 11.0 13.0 24.0 11.0 11.0 12.0 12.0 11.0 12.0 12.0 12.0 11.0 12.0 12.0 12.0 11.0 12.0 12.0 11.0 12.0 12.0 12.0 11.0 13.0 16.0 12.0 12.0 12.0 12.0 12.0 11.0 11.0 16.0 103.0 12.0 13.0 11.0 11.0 11.0 13.0 14.0 12.0 13.0 12.0 12.0 12.0 12.0 11.0 12.0 11.0 13.0 12.0 11.0 12.0 11.0 11.0 11.0 24.0 11.0 12.0 11.0 12.0 12.0 11.0 11.0 12.0 12.0 12.0 11.0 12.0 11.0 12.0 14.0 11.0 12.0 12.0 13.0 11.0 12.0 12.0 13.0 12.0 11.0 12.0 11.0 11.0 11.0 11.0 27.0 12.0 11.0 12.0 12.0 12.0 12.0 11.0 12.0 12.0 11.0 12.0 12.0 11.0 11.0 12.0 26.0 12.0 12.0 52.0 11.0 12.0 12.0 11.0 11.0 13.0 15.0 11.0 12.0 12.0 11.0 12.0 12.0 12.0 12.0 14.0 12.0 13.0 12.0 12.0 11.0 11.0 13.0 11.0 30.0 13.0 12.0 11.0 11.0 12.0 12.0 11.0 12.0 11.0 12.0 14.0 12.0
42 43 1 TRACE 16.0 11.0 10.0 11.0 11.0 11.0 10.0 10.0 11.0 11.0 10.0 11.0 10.0 11.0 11.0 11.0 11.0 10.0 10.0 10.0 11.0 10.0 10.0 10.0 12.0 11.0 10.0 10.0 11.0 11.0 13.0 22.0 11.0 11.0 11.0 11.0 10.0 10.0 11.0 10.0 11.0 10.0 10.0 10.0 10.0 11.0 11.0 11.0 10.0 11.0 11.0 11.0 10.0 11.0 11.0 10.0 10.0 11.0 11.0 10.0 10.0 11.0 11.0 11.0 13.0 11.0 11.0 11.0 11.0 11.0 10.0 11.0 10.0 10.0 10.0 11.0 10.0 10.0 10.0 11.0 11.0 11.0 11.0 11.0 10.0 33.0 11.0 11.0 10.0 10.0 10.0 10.0 11.0 10.0 11.0 10.0 11.0 10.0 11.0 10.0 10.0 10.0 11.0 10.0 12.0 11.0 11.0 10.0 10.0 10.0 10.0 11.0 11.0 11.0 11.0 11.0 10.0 23.0 10.0 10.0 10.0 10.0 11.0 10.0 11.0 10.0 10.0 11.0 10.0 11.0 10.0 11.0 11.0 11.0 11.0 11.0 10.0 10.0 12.0 10.0 11.0 11.0 11.0 11.0 10.0 10.0 11.0 11.0 10.0 11.0 23.0 11.0 10.0 11.0 11.0 11.0 11.0 11.0 10.0 11.0 11.0 10.0 15.0 11.0 11.0 10.0 23.0 10.0 11.0 15.0 11.0 11.0 11.0 11.0 11.0 12.0 11.0 11.0 11.0 10.0 11.0 11.0 11.0 10.0 11.0 11.0 10.0 11.0 28.0 11.0 11.0 10.0 10.0 11.0 11.0 12.0 10.0 11.0 10.0 11.0 11.0 10.0 11.0 11.0 11.0 11.0 10.0
43 44 1 TRACE 13.0 7.0 8.0 7.0 9.0 8.0 8.0 8.0 7.0 8.0 8.0 7.0 8.0 7.0 8.0 7.0 7.0 8.0 8.0 8.0 8.0 8.0 8.0 8.0 8.0 7.0 8.0 8.0 8.0 8.0 9.0 8.0 7.0 7.0 7.0 7.0 8.0 8.0 8.0 8.0 8.0 8.0 8.0 8.0 8.0 8.0 7.0 8.0 8.0 7.0 7.0 8.0 8.0 8.0 9.0 8.0 8.0 7.0 8.0 8.0 8.0 7.0 8.0 8.0 9.0 8.0 8.0 8.0 7.0 8.0 8.0 8.0 8.0 8.0 8.0 8.0 8.0 8.0 8.0 8.0 7.0 7.0 8.0 9.0 8.0 8.0 8.0 7.0 8.0 8.0 8.0 7.0 8.0 8.0 9.0 8.0 8.0 8.0 7.0 8.0 8.0 8.0 8.0 8.0 8.0 7.0 8.0 8.0 8.0 8.0 8.0 8.0 8.0 7.0 8.0 8.0 8.0 9.0 8.0 8.0 8.0 8.0 8.0 8.0 8.0 8.0 8.0 8.0 8.0 9.0 8.0 7.0 7.0 7.0 8.0 8.0 8.0 7.0 19.0 8.0 8.0 8.0 8.0 7.0 8.0 8.0 8.0 8.0 8.0 7.0 8.0 7.0 8.0 8.0 8.0 8.0 8.0 7.0 8.0 7.0 7.0 8.0 9.0 7.0 8.0 8.0 21.0 8.0 8.0 9.0 7.0 8.0 7.0 8.0 7.0 8.0 8.0 8.0 7.0 8.0 8.0 8.0 8.0 8.0 8.0 8.0 8.0 8.0 9.0 7.0 7.0 8.0 8.0 8.0 7.0 8.0 8.0 8.0 8.0 8.0 7.0 8.0 8.0 7.0 8.0 8.0 8.0
44 45 1 TRACE 101.0 27.0 30.0 32.0 82.0 34.0 41.0 30.0 45.0 36.0 28.0 27.0 80.0 41.0 26.0 26.0 31.0 43.0 87.0 83.0 28.0 26.0 51.0 48.0 161.0 110.0 167.0 47.0 201.0 37.0 103.0 22.0 59.0 64.0 189.0 26.0 53.0 28.0 27.0 27.0 81.0 65.0 27.0 37.0 29.0 21.0 28.0 40.0 63.0 30.0 29.0 35.0 29.0 38.0 192.0 66.0 66.0 227.0 33.0 33.0 31.0 35.0 27.0 50.0 22.0 61.0 26.0 34.0 26.0 102.0 33.0 69.0 109.0 28.0 55.0 28.0 62.0 26.0 21.0 313.0 286.0 29.0 31.0 29.0 35.0 38.0 20.0 85.0 26.0 26.0 33.0 33.0 27.0 40.0 20.0 90.0 29.0 24.0 28.0 29.0 26.0 157.0 21.0 61.0 84.0 36.0 61.0 69.0 62.0 28.0 26.0 106.0 67.0 60.0 66.0 67.0 63.0 18.0 32.0 21.0 63.0 95.0 62.0 59.0 32.0 30.0 29.0 44.0 42.0 42.0 218.0 62.0 34.0 34.0 26.0 28.0 29.0 28.0 30.0 59.0 50.0 68.0 24.0 30.0 25.0 32.0 61.0 66.0 64.0 65.0 21.0 63.0 27.0 31.0 26.0 35.0 61.0 64.0 62.0 92.0 26.0 29.0 19.0 128.0 58.0 59.0 31.0 27.0 35.0 124.0 26.0 62.0 68.0 28.0 25.0 27.0 34.0 26.0 29.0 63.0 109.0 107.0 32.0 66.0 30.0 22.0 111.0 82.0 65.0 27.0 30.0 31.0 21.0 26.0 76.0 61.0 61.0 27.0 44.0 38.0 28.0 32.0 65.0 62.0 29.0 35.0 32.0
45 46 1 TRACE 21.0 17.0 16.0 71.0 28.0 30.0 28.0 17.0 16.0 15.0 16.0 16.0 50.0 15.0 16.0 17.0 16.0 16.0 18.0 18.0 28.0 15.0 28.0 16.0 15.0 30.0 15.0 15.0 81.0 15.0 44.0 16.0 16.0 15.0 52.0 17.0 16.0 17.0 17.0 35.0 16.0 16.0 16.0 16.0 16.0 16.0 17.0 16.0 17.0 17.0 16.0 19.0 16.0 16.0 90.0 35.0 16.0 16.0 16.0 17.0 17.0 16.0 18.0 15.0 17.0 16.0 15.0 17.0 16.0 24.0 17.0 16.0 43.0 17.0 19.0 18.0 16.0 19.0 15.0 16.0 76.0 17.0 20.0 15.0 16.0 15.0 15.0 22.0 16.0 16.0 16.0 16.0 16.0 17.0 16.0 15.0 16.0 15.0 17.0 15.0 17.0 82.0 16.0 16.0 27.0 15.0 16.0 17.0 19.0 16.0 16.0 15.0 24.0 16.0 15.0 16.0 15.0 15.0 18.0 17.0 16.0 16.0 16.0 16.0 17.0 17.0 15.0 15.0 16.0 15.0 16.0 16.0 16.0 17.0 17.0 17.0 16.0 24.0 16.0 16.0 17.0 18.0 17.0 17.0 17.0 16.0 16.0 16.0 16.0 51.0 16.0 17.0 16.0 15.0 16.0 16.0 16.0 16.0 16.0 19.0 15.0 16.0 17.0 18.0 16.0 16.0 30.0 16.0 16.0 64.0 15.0 15.0 16.0 17.0 16.0 16.0 15.0 16.0 18.0 16.0 54.0 55.0 15.0 15.0 17.0 16.0 15.0 17.0 15.0 18.0 16.0 17.0 17.0 17.0 31.0 16.0 18.0 16.0 25.0 16.0 16.0 17.0 16.0 15.0 17.0 17.0 16.0
46 47 1 TRACE 90.0 42.0 29.0 27.0 54.0 29.0 43.0 53.0 30.0 35.0 81.0 33.0 31.0 77.0 33.0 31.0 95.0 32.0 50.0 76.0 36.0 28.0 54.0 30.0 28.0 76.0 68.0 28.0 76.0 33.0 33.0 62.0 38.0 31.0 78.0 35.0 27.0 74.0 41.0 44.0 52.0 58.0 30.0 28.0 60.0 69.0 60.0 101.0 44.0 27.0 55.0 29.0 61.0 103.0 207.0 28.0 30.0 61.0 37.0 27.0 75.0 41.0 31.0 29.0 87.0 34.0 28.0 77.0 34.0 27.0 75.0 41.0 38.0 33.0 74.0 54.0 38.0 28.0 84.0 33.0 83.0 57.0 30.0 55.0 104.0 32.0 28.0 66.0 31.0 68.0 68.0 31.0 64.0 90.0 56.0 28.0 49.0 28.0 27.0 82.0 34.0 37.0 58.0 32.0 50.0 56.0 33.0 27.0 70.0 48.0 29.0 27.0 59.0 32.0 33.0 59.0 34.0 53.0 85.0 29.0 28.0 58.0 30.0 44.0 98.0 70.0 63.0 209.0 63.0 29.0 56.0 40.0 69.0 72.0 38.0 27.0 68.0 83.0 30.0 32.0 64.0 30.0 27.0 74.0 43.0 55.0 28.0 76.0 39.0 27.0 29.0 81.0 41.0 28.0 27.0 80.0 29.0 27.0 57.0 29.0 28.0 81.0 48.0 27.0 33.0 84.0 38.0 64.0 75.0 92.0 28.0 77.0 41.0 62.0 28.0 60.0 29.0 26.0 61.0 32.0 27.0 72.0 31.0 32.0 112.0 33.0 29.0 74.0 78.0 27.0 97.0 107.0 37.0 57.0 27.0 67.0 33.0 27.0 75.0 34.0 27.0 117.0 32.0 28.0 82.0 37.0 55.0
47 48 1 TRACE 13.0 11.0 18.0 17.0 9.0 9.0 8.0 30.0 17.0 13.0 12.0 9.0 8.0 12.0 13.0 13.0 11.0 9.0 8.0 10.0 98.0 10.0 10.0 10.0 8.0 12.0 56.0 10.0 9.0 10.0 8.0 18.0 17.0 12.0 11.0 10.0 8.0 9.0 9.0 12.0 10.0 10.0 8.0 31.0 19.0 11.0 10.0 10.0 7.0 11.0 13.0 12.0 13.0 9.0 8.0 33.0 13.0 12.0 11.0 10.0 8.0 9.0 19.0 12.0 9.0 10.0 8.0 16.0 13.0 12.0 10.0 10.0 12.0 11.0 13.0 9.0 9.0 11.0 8.0 10.0 17.0 12.0 11.0 10.0 8.0 12.0 16.0 15.0 12.0 9.0 8.0 9.0 16.0 9.0 11.0 9.0 8.0 9.0 9.0 12.0 10.0 9.0 8.0 9.0 19.0 15.0 11.0 10.0 8.0 13.0 9.0 51.0 19.0 9.0 8.0 14.0 18.0 11.0 9.0 10.0 9.0 10.0 14.0 11.0 10.0 9.0 8.0 10.0 15.0 13.0 11.0 9.0 8.0 10.0 18.0 13.0 10.0 9.0 7.0 12.0 15.0 14.0 11.0 11.0 7.0 10.0 12.0 13.0 12.0 10.0 8.0 36.0 10.0 15.0 9.0 50.0 8.0 9.0 9.0 10.0 10.0 10.0 8.0 11.0 12.0 11.0 11.0 9.0 8.0 10.0 15.0 13.0 9.0 10.0 8.0 13.0 12.0 13.0 10.0 10.0 8.0 31.0 9.0 12.0 11.0 9.0 8.0 9.0 17.0 13.0 9.0 10.0 8.0 14.0 9.0 11.0 10.0 47.0 7.0 9.0 10.0 12.0 9.0 9.0 8.0 10.0 9.0 12.0 10.0 9.0 7.0 15.0 13.0 11.0 10.0 9.0 7.0 10.0 13.0 12.0 11.0 9.0 8.0 43.0 24.0 9.0 9.0 9.0 8.0 47.0 16.0 9.0 10.0 10.0 8.0 14.0 9.0 13.0 11.0 9.0 8.0 9.0 9.0 13.0 11.0 9.0 8.0 9.0 20.0 9.0 9.0 9.0 8.0 10.0 18.0 13.0 12.0 9.0 8.0 15.0 14.0 14.0 11.0 9.0 8.0 9.0 12.0 11.0 11.0 22.0 8.0 9.0 13.0 12.0 17.0 10.0 8.0 10.0 12.0 12.0 12.0 9.0 8.0 10.0 9.0 12.0 10.0 9.0 8.0 10.0 21.0 14.0 11.0 11.0 8.0 14.0 12.0 13.0 12.0 15.0 8.0 28.0 11.0 13.0 11.0 9.0 8.0 10.0 13.0 14.0 12.0 9.0 8.0 14.0 20.0 13.0 12.0 9.0 8.0 9.0 18.0 14.0 27.0 10.0 7.0 10.0 18.0 13.0 11.0 10.0 7.0 13.0 14.0 12.0 11.0 11.0 8.0 11.0 17.0 13.0 11.0 10.0 8.0 15.0 18.0 12.0 12.0 9.0 8.0 13.0 16.0 13.0 12.0 9.0 8.0 9.0 14.0 13.0 12.0 9.0 8.0 9.0 14.0 12.0 9.0 9.0 7.0 9.0 14.0 14.0 10.0 9.0 8.0 10.0 15.0 13.0 11.0 10.0 19.0 9.0 14.0 13.0 12.0 9.0 8.0 9.0 10.0 11.0 11.0 11.0 8.0 9.0 11.0 14.0 9.0 9.0 8.0 22.0 14.0 14.0 12.0 16.0 7.0 15.0 19.0 11.0 9.0 9.0 7.0 15.0 14.0 12.0 12.0 10.0 7.0 10.0 13.0 14.0 11.0 10.0 8.0 10.0 21.0 11.0 13.0 9.0 8.0 16.0 51.0 44.0 9.0 9.0 7.0 9.0 19.0 13.0 12.0 9.0 8.0 9.0 27.0 10.0 10.0 9.0 8.0 10.0 14.0 9.0 9.0 9.0 10.0 11.0 11.0 15.0 11.0 21.0 7.0 9.0 11.0 13.0 17.0 9.0 8.0 13.0 12.0 13.0 11.0 9.0 8.0 9.0 13.0 12.0 9.0 11.0 8.0 10.0 52.0 13.0 12.0 10.0 8.0 9.0 17.0 13.0 12.0 9.0 8.0 9.0 10.0 15.0 13.0 9.0 7.0 12.0 19.0 13.0 26.0 10.0 8.0 13.0 19.0 13.0 11.0 9.0 8.0 11.0 19.0 15.0 12.0 11.0 8.0 10.0 13.0 13.0 11.0 9.0 8.0 11.0 15.0 12.0 11.0 9.0 8.0 48.0 17.0 52.0 51.0 12.0 8.0 14.0 13.0 10.0 9.0 10.0 8.0 14.0 11.0 12.0 10.0 10.0 8.0 64.0 17.0 12.0 12.0 10.0 8.0 10.0 14.0 14.0 12.0 10.0 7.0 10.0 10.0 14.0 10.0 10.0 8.0 9.0 10.0 13.0 12.0 10.0 8.0 9.0 10.0 17.0 10.0 20.0 7.0 14.0 15.0 57.0 48.0 12.0 8.0 11.0 12.0 13.0 12.0 46.0 7.0 21.0 13.0 14.0 11.0 10.0 8.0 15.0 15.0 13.0 11.0 9.0 8.0 9.0 16.0 12.0 10.0 10.0 7.0 10.0 18.0 12.0 12.0 9.0 8.0 9.0 9.0 14.0 11.0 9.0 7.0 11.0 17.0 13.0 9.0 10.0 8.0 44.0 13.0 12.0 52.0 11.0 8.0 10.0 12.0 14.0 11.0 10.0 9.0 10.0 21.0 9.0 13.0 10.0 8.0 9.0 21.0 13.0 11.0 10.0 8.0 10.0 14.0 14.0 11.0 11.0 8.0 12.0 16.0 17.0 9.0 10.0 8.0 9.0 15.0 13.0 9.0 9.0 8.0 10.0 19.0 12.0 10.0 10.0 8.0 17.0 14.0 14.0 17.0 10.0 8.0 51.0 20.0 13.0 14.0 9.0 8.0 50.0 14.0 13.0 10.0 10.0 8.0 9.0 13.0 13.0 11.0 10.0 8.0 9.0 14.0 14.0 10.0 10.0 8.0 9.0 14.0 13.0 9.0 10.0 9.0 10.0 12.0 12.0 13.0 10.0 7.0 11.0 18.0 10.0 11.0 16.0 8.0 9.0 20.0 13.0 11.0 10.0 8.0 11.0 12.0 12.0 50.0 10.0 8.0 23.0 21.0 13.0 14.0 10.0 8.0 9.0 13.0 13.0 11.0 9.0 7.0 9.0 13.0 13.0 11.0 10.0 7.0 10.0 24.0 62.0 10.0 10.0 7.0 20.0 13.0 13.0 12.0 13.0 8.0 14.0 15.0 10.0 11.0 10.0 8.0 31.0 18.0 9.0 12.0 10.0 8.0 9.0 20.0 13.0 12.0 10.0 8.0 10.0 20.0 13.0 11.0 10.0 8.0 19.0 19.0 13.0 10.0 11.0 7.0 9.0 11.0 14.0 12.0 10.0 8.0 9.0 9.0 13.0 12.0 10.0 8.0 10.0 10.0 14.0 10.0 17.0 8.0 11.0 15.0 13.0 11.0 10.0 8.0 9.0 9.0 13.0 11.0 10.0 7.0 10.0 18.0 14.0 12.0 9.0 8.0 9.0 19.0 12.0 12.0 10.0 9.0 87.0 13.0 13.0 13.0 10.0 8.0 50.0 19.0 13.0 11.0 10.0 7.0 47.0 18.0 13.0 14.0 10.0 8.0 12.0 9.0 13.0 12.0 10.0 8.0 10.0 9.0 14.0 11.0 10.0 8.0 9.0 9.0 9.0 9.0 10.0 8.0 9.0 15.0 13.0 12.0 10.0 8.0 9.0 20.0 13.0 12.0 9.0 8.0 12.0 14.0 13.0 12.0 10.0 8.0 13.0 17.0 12.0 10.0 10.0 8.0 9.0 15.0 12.0 12.0 10.0 8.0 12.0 10.0 13.0 11.0 10.0 8.0 11.0 10.0 13.0 9.0 10.0 8.0 10.0 19.0 10.0 9.0 10.0 7.0 15.0 19.0 15.0 11.0 10.0 8.0 12.0 13.0 14.0 12.0 9.0 8.0 23.0 17.0 13.0 11.0 10.0 8.0 9.0 11.0 12.0 11.0 17.0 8.0 9.0 12.0 13.0 9.0 9.0 8.0 9.0 16.0 14.0 12.0 9.0 8.0 29.0 10.0 14.0 10.0 10.0 8.0 11.0 14.0 9.0 14.0 11.0 8.0 11.0 15.0 14.0 12.0 9.0 8.0 10.0 16.0 10.0 9.0 14.0 8.0 9.0 14.0 13.0 10.0 10.0 8.0 10.0 16.0 12.0 11.0 10.0 8.0 9.0 26.0 9.0 11.0 10.0 8.0 11.0 19.0 12.0 9.0 9.0 10.0 12.0 21.0 9.0 13.0 10.0 8.0 9.0 12.0 13.0 10.0 9.0 8.0 16.0 13.0 12.0 9.0 10.0 8.0 122.0 14.0 13.0 11.0 18.0 8.0 15.0 13.0 12.0 11.0 14.0 7.0 33.0 16.0 13.0 9.0 10.0 7.0 10.0 17.0 13.0 11.0 9.0 8.0 9.0 11.0 14.0 12.0 9.0 8.0 48.0 13.0 15.0 11.0 9.0 8.0 34.0 17.0 13.0 12.0 9.0 8.0 9.0 21.0 13.0 11.0 9.0 8.0 15.0 16.0 13.0 12.0 45.0 8.0 11.0 17.0 15.0 11.0 11.0 8.0 26.0 15.0 14.0 9.0 9.0 8.0 11.0 13.0 14.0 12.0 10.0 8.0 16.0 20.0 14.0 11.0 10.0 7.0 20.0 15.0 15.0 9.0 10.0 7.0 9.0 14.0 14.0 11.0 9.0 8.0 11.0 18.0 13.0 16.0 9.0 8.0 11.0 15.0 14.0 12.0 9.0 8.0 9.0 12.0 13.0 11.0 49.0 8.0 48.0 22.0 21.0 9.0 10.0 9.0 23.0 9.0 12.0 12.0 10.0 8.0 10.0 29.0 14.0 12.0 9.0 8.0 9.0 12.0 14.0 12.0 10.0 8.0 10.0 9.0 9.0 11.0 10.0 7.0 28.0 16.0 13.0 12.0 9.0 7.0 9.0 19.0 13.0 12.0 9.0 8.0 9.0 19.0 13.0 12.0 9.0 8.0 41.0 17.0 11.0 9.0 10.0 8.0 9.0 21.0 13.0 12.0 9.0 8.0 15.0 14.0 14.0 9.0 10.0 8.0 12.0 17.0 13.0 11.0 10.0 7.0 9.0 9.0 13.0 12.0 14.0 8.0 10.0 21.0 13.0 12.0 9.0 8.0 9.0 16.0 10.0 9.0 10.0 8.0 13.0 14.0 14.0 11.0 9.0 8.0 9.0 20.0 47.0 10.0 9.0 8.0 18.0 19.0 10.0 11.0 10.0 8.0 20.0 13.0 14.0 12.0 9.0 8.0 43.0 18.0 15.0 17.0 9.0
48 49 1 TRACE 14.0 38.0 13.0 12.0 11.0 11.0 8.0 15.0 11.0 12.0 10.0 11.0 7.0 14.0 10.0 10.0 10.0 10.0 8.0 47.0 25.0 10.0 14.0 9.0 11.0 44.0 13.0 13.0 15.0 13.0 8.0 13.0 9.0 10.0 11.0 10.0 7.0 9.0 11.0 10.0 10.0 10.0 10.0 22.0 14.0 12.0 14.0 11.0 7.0 15.0 10.0 10.0 10.0 10.0 7.0 14.0 10.0 10.0 9.0 10.0 10.0 23.0 14.0 12.0 14.0 11.0 8.0 33.0 11.0 11.0 10.0 11.0 8.0 80.0 10.0 10.0 10.0 10.0 10.0 20.0 14.0 12.0 13.0 12.0 8.0 18.0 12.0 11.0 10.0 11.0 7.0 10.0 10.0 10.0 10.0 12.0 10.0 19.0 14.0 12.0 14.0 11.0 8.0 10.0 11.0 11.0 10.0 11.0 8.0 9.0 9.0 46.0 9.0 11.0 10.0 23.0 13.0 12.0 15.0 11.0 9.0 12.0 12.0 11.0 23.0 10.0 8.0 19.0 10.0 10.0 9.0 17.0 10.0 20.0 14.0 12.0 15.0 12.0 7.0 15.0 11.0 10.0 10.0 11.0 7.0 55.0 10.0 10.0 50.0 10.0 11.0 23.0 11.0 12.0 15.0 11.0 8.0 10.0 11.0 11.0 10.0 11.0 7.0 13.0 10.0 10.0 9.0 10.0 11.0 28.0 14.0 12.0 15.0 11.0 8.0 16.0 11.0 12.0 10.0 11.0 8.0 9.0 9.0 10.0 10.0 10.0 10.0 19.0 13.0 13.0 13.0 11.0 7.0 10.0 9.0 10.0 10.0 9.0 7.0 10.0 12.0 10.0 12.0 10.0 10.0 54.0 11.0 12.0 15.0 11.0 8.0 14.0 11.0 11.0 12.0 10.0 7.0 17.0 10.0 10.0 9.0 10.0 9.0 20.0 14.0 11.0 12.0 11.0 9.0 112.0 12.0 13.0 15.0 12.0 7.0 10.0 9.0 11.0 9.0 10.0 7.0 13.0 9.0 10.0 9.0 11.0 11.0 19.0 14.0 13.0 14.0 11.0 8.0 15.0 11.0 11.0 10.0 9.0 7.0 15.0 10.0 10.0 9.0 10.0 11.0 40.0 13.0 13.0 13.0 12.0 8.0 9.0 10.0 10.0 10.0 12.0 8.0 10.0 10.0 10.0 10.0 10.0 10.0 19.0 14.0 12.0 15.0 11.0 9.0 11.0 11.0 12.0 10.0 11.0 8.0 26.0 10.0 10.0 9.0 10.0 10.0 19.0 17.0 13.0 12.0 12.0 7.0 16.0 11.0 10.0 10.0 10.0 8.0 12.0 9.0 10.0 9.0 11.0 9.0 17.0 14.0 13.0 25.0 11.0 8.0 13.0 13.0 12.0 10.0 11.0 7.0 11.0 10.0 11.0 10.0 10.0 7.0 12.0 10.0 10.0 9.0 10.0 11.0 29.0 13.0 13.0 12.0 12.0 8.0 12.0 10.0 10.0 10.0 11.0 7.0 13.0 10.0 10.0 10.0 10.0 9.0 21.0 14.0 12.0 15.0 11.0 8.0 11.0 13.0 13.0 11.0 12.0 7.0 21.0 10.0 11.0 9.0 10.0 18.0 11.0 10.0 10.0 9.0 9.0 24.0 18.0 17.0 12.0 13.0 11.0 7.0 9.0 12.0 10.0 11.0 10.0 8.0 12.0 10.0 10.0 9.0 10.0 10.0 22.0 15.0 12.0 16.0 12.0 8.0 13.0 12.0 11.0 10.0 12.0 7.0 10.0 10.0 10.0 9.0 11.0 9.0 22.0 15.0 12.0 12.0 11.0 8.0 18.0 16.0 12.0 13.0 13.0 7.0 9.0 9.0 10.0 9.0 11.0 7.0 9.0 10.0 10.0 10.0 10.0 10.0 18.0 13.0 13.0 15.0 11.0 10.0 12.0 12.0 12.0 12.0 11.0 7.0 10.0 10.0 10.0 9.0 10.0 7.0 13.0 9.0 10.0 9.0 11.0 11.0 20.0 14.0 12.0 14.0 12.0 8.0 23.0 18.0 10.0 12.0 13.0 7.0 9.0 10.0 10.0 10.0 11.0 11.0 55.0 13.0 13.0 12.0 11.0 7.0 10.0 10.0 10.0 10.0 20.0 7.0 12.0 10.0 11.0 10.0 10.0 10.0 19.0 15.0 24.0 12.0 13.0 8.0 12.0 11.0 10.0 10.0 11.0 7.0 17.0 10.0 10.0 9.0 10.0 11.0 20.0 14.0 13.0 15.0 11.0 8.0 16.0 10.0 10.0 12.0 10.0 8.0 33.0 10.0 10.0 10.0 9.0 11.0 19.0 15.0 13.0 11.0 12.0 7.0 17.0 11.0 11.0 9.0 10.0 7.0 10.0 11.0 26.0 10.0 9.0 10.0 19.0 15.0 13.0 12.0 13.0 8.0 10.0 10.0 11.0 11.0 20.0 7.0 13.0 10.0 10.0 13.0 9.0 9.0 23.0 13.0 12.0 11.0 14.0 7.0 14.0 10.0 10.0 9.0 10.0 7.0 14.0 10.0 11.0 9.0 11.0 11.0 20.0 13.0 12.0 15.0 10.0 8.0 18.0 12.0 11.0 10.0 10.0 7.0 9.0 13.0 10.0 11.0 10.0 10.0 24.0 15.0 13.0 11.0 12.0 8.0 13.0 11.0 10.0 10.0 12.0 7.0 10.0 10.0 10.0 9.0 10.0 11.0 19.0 14.0 13.0 11.0 12.0 7.0 9.0 10.0 10.0 10.0 10.0 7.0 11.0 10.0 9.0 10.0 10.0 10.0 14.0 14.0 12.0 13.0 12.0 9.0 19.0 13.0 12.0 14.0 14.0 7.0 10.0 10.0 10.0 11.0 10.0 8.0 14.0 10.0 47.0 9.0 11.0 11.0 22.0 15.0 13.0 11.0 14.0 8.0 14.0 10.0 10.0 11.0 10.0 7.0 9.0 10.0 10.0 11.0 9.0 10.0 19.0 14.0 12.0 14.0 12.0 7.0 11.0 10.0 11.0 11.0 10.0 8.0 20.0 10.0 20.0 10.0 9.0 9.0 22.0 14.0 24.0 12.0 12.0 8.0 9.0 11.0 11.0 11.0 10.0 7.0 25.0 11.0 10.0 9.0 11.0 11.0 21.0 14.0 18.0 11.0 15.0 8.0 9.0 11.0 10.0 11.0 10.0 7.0 10.0 10.0 10.0 10.0 10.0 10.0 142.0 14.0 12.0 16.0 12.0 7.0 16.0 11.0 11.0 19.0 10.0 8.0 13.0 14.0 11.0 9.0 11.0 10.0 23.0 17.0 12.0 13.0 12.0 7.0 9.0 10.0 10.0 10.0 10.0 8.0 23.0 9.0 10.0 10.0 14.0 10.0 18.0 14.0 12.0 15.0 53.0 7.0 10.0 11.0 11.0 10.0 10.0 7.0 9.0 13.0 10.0 10.0 10.0 10.0 19.0 12.0 12.0 16.0 13.0 8.0 23.0 12.0 12.0 12.0 11.0 8.0 14.0 9.0 10.0 12.0 12.0 7.0 9.0 11.0 10.0 10.0 9.0 11.0 25.0 14.0 12.0 12.0 12.0 8.0 13.0 10.0 10.0 10.0 50.0 8.0 13.0 10.0 10.0 9.0 11.0 10.0 19.0 14.0 18.0 11.0 12.0 7.0 11.0 9.0 10.0 9.0 9.0 7.0 9.0 13.0 10.0 9.0 11.0 9.0 12.0 11.0 12.0 11.0 11.0 11.0 25.0 14.0 12.0 11.0 12.0 7.0 10.0 10.0 10.0 10.0 11.0 7.0 13.0 10.0 10.0 9.0 50.0 10.0 21.0 13.0 13.0 13.0 12.0 9.0 12.0 14.0 12.0 11.0 12.0 8.0 11.0 9.0 11.0 9.0 11.0 7.0 18.0 10.0 10.0 9.0 11.0 9.0 19.0 14.0 12.0 15.0 11.0 8.0 15.0 13.0 11.0 11.0 12.0 8.0 10.0 10.0 10.0 9.0 11.0 7.0 12.0 10.0 10.0 52.0 10.0 10.0 19.0 14.0 12.0 56.0 11.0 8.0 10.0 10.0 10.0 10.0 17.0 8.0 14.0 10.0 10.0 9.0 10.0 11.0 19.0 15.0 13.0 13.0 12.0 8.0 16.0 11.0 10.0 9.0 10.0 8.0 17.0 10.0 10.0 9.0 10.0 9.0 20.0 13.0 13.0 13.0 12.0 8.0 20.0 12.0 12.0 12.0 11.0 7.0 10.0 9.0 9.0 53.0 10.0 8.0 13.0 10.0 10.0 9.0 50.0 11.0 21.0 13.0 13.0 13.0 11.0 10.0 23.0 11.0 11.0 10.0 11.0 7.0 10.0 10.0 10.0 9.0 9.0 10.0 18.0 14.0 12.0 14.0 13.0 8.0 17.0 12.0 11.0 11.0 11.0 7.0 13.0 9.0 10.0 48.0 10.0 9.0 21.0 14.0 12.0 14.0 12.0 9.0 12.0 14.0 12.0 11.0 12.0 8.0 10.0 10.0 11.0 9.0 10.0 7.0 13.0 10.0 10.0 9.0 10.0 11.0 21.0 13.0 12.0 11.0 12.0 7.0 9.0 10.0 10.0 9.0 10.0 7.0 13.0 10.0 11.0 9.0 9.0 10.0 29.0 13.0 13.0 18.0 12.0 7.0 13.0 11.0 10.0 10.0 10.0 7.0 11.0 10.0 10.0 9.0 11.0 11.0 18.0 13.0 12.0 12.0 12.0 8.0 14.0 11.0 11.0 12.0 11.0 7.0 9.0 11.0 10.0 10.0 11.0 11.0 21.0 13.0 13.0 11.0 13.0 8.0 58.0 12.0 11.0 10.0 12.0 8.0 9.0 11.0 10.0 10.0 9.0 10.0 18.0 14.0 12.0 12.0 11.0 9.0 12.0 45.0 12.0 11.0 12.0 7.0 15.0 10.0 11.0 9.0 11.0 7.0 9.0 11.0 11.0 10.0 11.0 10.0 19.0 20.0 12.0 13.0 11.0 8.0 20.0 17.0 12.0 10.0 11.0 7.0 9.0 9.0 10.0 9.0 11.0 7.0 9.0 10.0 10.0 9.0 11.0 11.0 19.0 14.0 12.0 14.0 12.0 8.0 10.0 48.0 10.0 9.0 11.0 8.0 11.0 10.0 10.0 10.0 11.0 11.0 21.0 14.0 13.0 13.0 11.0 7.0 10.0 13.0 10.0 10.0 10.0 8.0 13.0 10.0 10.0 9.0 11.0 10.0 20.0 14.0 13.0 14.0 11.0 8.0 14.0 12.0 11.0 17.0 10.0 8.0 12.0 10.0 10.0 11.0 11.0 9.0 19.0 17.0 12.0 11.0 10.0 8.0 13.0 10.0 10.0 9.0 12.0 7.0 12.0 10.0 10.0 10.0 9.0
49 47 1 TRACE 58.0 42.0 38.0 32.0 33.0 23.0 21.0 20.0 20.0 21.0 15.0 15.0 14.0 14.0 15.0 14.0 50.0 649.0 15.0 14.0 52.0 28.0 102.0 26.0 23.0 16.0 15.0 15.0 16.0 16.0 17.0 17.0 15.0 15.0 16.0 51.0 27.0 52.0 24.0 23.0 16.0 16.0 15.0 15.0 15.0 14.0 14.0 14.0 14.0 16.0 51.0 39.0 33.0 31.0 29.0 37.0 20.0 20.0 19.0 19.0 19.0 17.0 26.0 34.0 15.0 48.0 47.0 33.0 29.0 29.0 20.0 19.0 19.0 18.0 20.0 17.0 16.0 25.0 14.0 15.0 51.0 41.0 34.0 30.0 27.0 22.0 26.0 20.0 19.0 20.0 15.0 16.0 15.0 14.0 16.0 46.0 38.0 33.0 31.0 29.0 22.0 21.0 21.0 20.0 17.0 15.0 14.0 14.0 14.0 17.0 40.0 27.0 26.0 47.0 23.0 47.0 16.0 15.0 33.0 18.0 14.0 17.0 15.0 14.0 14.0 47.0 43.0 33.0 31.0 28.0 25.0 26.0 23.0 52.0 18.0 22.0 15.0 15.0 15.0 16.0 63.0 42.0 32.0 32.0 27.0 21.0 20.0 19.0 18.0 19.0 16.0 14.0 15.0 14.0 14.0 35.0 29.0 24.0 24.0 23.0 25.0 17.0 17.0 16.0 17.0 56.0 18.0 15.0 23.0 14.0 103.0 48.0 37.0 32.0 30.0 22.0 20.0 20.0 19.0 19.0 15.0 15.0 14.0 15.0 15.0 57.0 50.0 52.0 45.0 38.0 56.0 23.0 29.0 23.0 20.0 15.0 16.0 16.0 15.0 16.0 15.0 45.0 21.0 14.0 16.0 48.0 35.0 62.0 28.0 25.0 18.0 17.0 16.0 15.0 19.0 15.0 14.0 15.0 14.0 16.0 60.0 59.0 42.0 28.0 26.0 78.0 17.0 17.0 18.0 18.0 19.0 15.0 14.0 14.0 16.0 54.0 45.0 43.0 32.0 31.0 50.0 32.0 20.0 20.0 62.0 14.0 15.0 15.0 14.0 15.0 34.0 32.0 26.0 22.0 24.0 35.0 16.0 16.0 15.0 17.0 14.0 19.0 14.0 15.0 16.0 57.0 51.0 40.0 39.0 35.0 28.0 37.0 22.0 21.0 22.0 15.0 74.0 16.0 14.0 25.0 15.0 15.0 14.0 14.0 16.0 36.0 34.0 27.0 24.0 25.0 18.0 46.0 17.0 16.0 18.0 16.0 15.0 14.0 14.0 15.0 58.0 51.0 46.0 40.0 35.0 52.0 25.0 22.0 22.0 22.0 15.0 15.0 14.0 14.0 15.0 14.0 70.0 15.0 14.0 17.0 44.0 56.0 27.0 23.0 23.0 16.0 16.0 16.0 23.0 17.0 16.0 14.0 15.0 14.0 16.0 48.0 43.0 35.0 32.0 30.0 62.0 20.0 26.0 18.0 21.0 15.0 15.0 15.0 14.0 17.0 54.0 50.0 47.0 42.0 38.0 25.0 23.0 25.0 24.0 22.0 17.0 22.0 14.0 15.0 16.0 15.0 15.0 16.0 15.0 16.0 52.0 48.0 39.0 36.0 32.0 30.0 24.0 22.0 22.0 20.0 15.0 15.0 14.0 15.0 18.0 15.0 14.0 14.0 15.0 16.0 40.0 34.0 28.0 33.0 24.0 18.0 17.0 18.0 53.0 19.0 199.0 137.0 14.0 14.0 16.0 78.0 35.0 27.0 23.0 24.0 17.0 17.0 16.0 16.0 18.0 15.0 14.0 14.0 14.0 16.0 50.0 39.0 31.0 57.0 30.0 19.0 18.0 18.0 18.0 21.0 14.0 15.0 18.0 14.0 15.0 38.0 31.0 28.0 24.0 23.0 17.0 16.0 54.0 21.0 18.0 15.0 15.0 14.0 14.0 15.0 43.0 32.0 28.0 25.0 26.0 17.0 18.0 17.0 16.0 19.0 15.0 15.0 15.0 16.0 16.0 42.0 35.0 30.0 26.0 25.0 19.0 19.0 18.0 18.0 18.0 14.0 15.0 14.0 14.0 15.0 29.0 36.0 24.0 21.0 23.0 46.0 15.0 15.0 15.0 16.0 15.0 14.0 14.0 14.0 16.0 52.0 42.0 34.0 32.0 30.0 22.0 19.0 20.0 18.0 21.0 15.0 16.0 15.0 14.0 15.0 38.0 31.0 26.0 35.0 23.0 18.0 16.0 17.0 16.0 42.0 14.0 14.0 14.0 14.0 17.0 33.0 29.0 46.0 21.0 25.0 61.0 16.0 15.0 15.0 17.0 14.0 14.0 13.0 15.0 15.0 53.0 62.0 45.0 44.0 39.0 27.0 23.0 21.0 23.0 21.0 48.0 22.0 14.0 15.0 16.0 14.0 14.0 13.0 15.0 16.0 35.0 29.0 26.0 26.0 66.0 19.0 17.0 16.0 17.0 17.0 16.0 16.0 14.0 14.0 16.0 34.0 30.0 23.0 24.0 22.0 17.0 16.0 14.0 17.0 16.0 15.0 15.0 15.0 13.0 16.0 29.0 25.0 48.0 30.0 22.0 49.0 26.0 14.0 15.0 16.0 14.0 14.0 14.0 15.0 19.0 34.0 29.0 26.0 23.0 67.0 30.0 18.0 16.0 17.0 18.0 15.0 15.0 14.0 14.0 15.0 40.0 71.0 52.0 29.0 25.0 18.0 17.0 16.0 17.0 16.0 15.0 14.0 15.0 14.0 16.0 34.0 27.0 26.0 23.0 24.0 17.0 22.0 15.0 15.0 18.0 14.0 15.0 14.0 14.0 56.0 39.0 30.0 25.0 26.0 23.0 86.0 19.0 17.0 16.0 19.0 17.0 17.0 15.0 14.0 16.0 92.0 52.0 44.0 37.0 34.0 24.0 22.0 21.0 20.0 21.0 25.0 17.0 14.0 15.0 15.0 15.0 14.0 14.0 14.0 16.0 34.0 36.0 27.0 23.0 24.0 17.0 16.0 15.0 15.0 18.0 14.0 20.0 14.0 14.0 15.0 36.0 33.0 25.0 23.0 24.0 16.0 50.0 16.0 15.0 18.0 55.0 15.0 15.0 14.0 16.0 79.0 61.0 60.0 56.0 40.0 27.0 24.0 22.0 20.0 22.0 15.0 16.0 14.0 13.0 17.0 16.0 14.0 14.0 13.0 15.0 57.0 52.0 44.0 41.0 38.0 31.0 24.0 22.0 21.0 22.0 15.0 48.0 19.0 14.0 17.0 15.0 15.0 15.0 25.0 17.0 55.0 86.0 78.0 41.0 36.0 27.0 23.0 22.0 22.0 22.0 14.0 14.0 14.0 14.0 16.0 13.0 14.0 14.0 14.0 14.0 32.0 29.0 25.0 22.0 20.0 61.0 16.0 15.0 24.0 59.0 16.0 14.0 14.0 14.0 15.0 43.0 38.0 26.0 25.0 24.0 16.0 16.0 54.0 18.0 15.0 14.0 14.0 14.0 14.0 16.0 55.0 53.0 46.0 45.0 39.0 27.0 22.0 22.0 22.0 21.0 14.0 75.0 14.0 14.0 14.0 46.0 15.0 15.0 15.0 14.0 77.0 35.0 31.0 28.0 27.0 22.0 32.0 44.0 18.0 20.0 14.0 14.0 14.0 55.0 15.0 55.0 46.0 37.0 34.0 30.0 146.0 21.0 19.0 20.0 20.0 44.0 14.0 14.0 14.0 14.0 58.0 58.0 51.0 41.0 41.0 58.0 41.0 23.0 20.0 22.0 15.0 14.0 14.0 14.0 16.0 14.0 14.0 19.0 14.0 16.0 32.0 27.0 26.0 23.0 24.0 64.0 17.0 15.0 14.0 22.0 14.0 16.0 15.0 14.0 17.0 40.0 36.0 27.0 24.0 23.0 17.0 16.0 18.0 24.0 19.0 14.0 13.0 14.0 13.0 16.0 43.0 36.0 31.0 28.0 28.0 19.0 18.0 19.0 23.0 19.0 15.0 14.0 14.0 14.0 16.0 48.0 37.0 33.0 30.0 28.0 20.0 20.0 19.0 18.0 20.0 52.0 15.0 14.0 13.0 16.0 54.0 49.0 49.0 40.0 39.0 38.0 25.0 22.0 20.0 22.0 14.0 15.0 15.0 14.0 16.0 15.0 15.0 14.0 14.0 16.0 100.0 48.0 37.0 32.0 32.0 55.0 21.0 20.0 19.0 22.0 24.0 56.0 14.0 14.0 16.0 18.0 15.0 14.0 14.0 16.0 35.0 31.0 27.0 26.0 24.0 17.0 54.0 16.0 15.0 18.0 41.0 14.0 15.0 19.0 16.0 55.0 36.0 30.0 27.0 27.0 57.0 21.0 18.0 17.0 20.0 14.0 16.0 14.0 14.0 15.0 89.0 39.0 35.0 31.0 28.0 20.0 19.0 19.0 18.0 18.0 16.0 47.0 14.0 16.0 16.0 29.0 25.0 25.0 22.0 60.0 15.0 15.0 15.0 14.0 16.0 14.0 21.0 14.0 14.0 14.0
49 50 1 TRACE 126.0 88.0 39.0 274.0 40.0 45.0 40.0 68.0 65.0 42.0 106.0 84.0 51.0 49.0 71.0 47.0 167.0 158.0 67.0 124.0 37.0 35.0 52.0 108.0 203.0 109.0 160.0 41.0 97.0 91.0 84.0 180.0 109.0 32.0 90.0 88.0 31.0 66.0 168.0 134.0 35.0 38.0 53.0 57.0 40.0 80.0 134.0 91.0 30.0 34.0 83.0 72.0 88.0 77.0 62.0 118.0 40.0 62.0 40.0 151.0 139.0 105.0 139.0 34.0 37.0 77.0 53.0 39.0 87.0 114.0 89.0 35.0 60.0 74.0 112.0 71.0 103.0 68.0 108.0 34.0 198.0 55.0 44.0 112.0 57.0 77.0 117.0 34.0 34.0 225.0 137.0 133.0 95.0 90.0 94.0 34.0 33.0 84.0 103.0 107.0 121.0 67.0 155.0 33.0 67.0 82.0 58.0 82.0 85.0 83.0 101.0 77.0 41.0 109.0 39.0 89.0 82.0 32.0 37.0 74.0 69.0 35.0 99.0 118.0 37.0 76.0 43.0 134.0 86.0 33.0 67.0 60.0 113.0 81.0 83.0 33.0 79.0 87.0 39.0 36.0 41.0 54.0 53.0 70.0 41.0 76.0 61.0 107.0 72.0 50.0 46.0 51.0 49.0 96.0 57.0 64.0 38.0 110.0 145.0 32.0 67.0 71.0 84.0 32.0 36.0 81.0 43.0 36.0 150.0 95.0 48.0 107.0 147.0 65.0 51.0 61.0 96.0 72.0 91.0 73.0 68.0 79.0 38.0 71.0 82.0 74.0 95.0 104.0 36.0 32.0 65.0 42.0 70.0 94.0 86.0 74.0 35.0 51.0 76.0 63.0 89.0 117.0 94.0 33.0 63.0 93.0 53.0
50 25 1 TRACE 41.0 20.0 21.0 23.0 24.0 22.0 24.0 106.0 23.0 20.0 22.0 23.0 23.0 24.0 22.0 24.0 23.0 25.0 43.0 59.0 23.0 25.0 20.0 56.0 39.0 22.0 56.0 121.0 21.0 23.0 21.0 61.0 22.0 24.0 30.0 21.0 23.0 23.0 21.0 22.0 58.0 24.0 38.0 23.0 22.0 59.0 22.0 57.0 25.0 23.0 22.0 21.0 59.0 20.0 23.0 22.0 25.0 25.0 24.0 21.0 27.0 23.0 23.0 93.0
50 41 1 TRACE 9.0 9.0 8.0 9.0 8.0 9.0 8.0 9.0 8.0 8.0 8.0 8.0 8.0 9.0 9.0 9.0 9.0 9.0 8.0 8.0 8.0 8.0 9.0 9.0 8.0 8.0 8.0 8.0 8.0 8.0 9.0 8.0 9.0 8.0 8.0 8.0 9.0 8.0 8.0 8.0 8.0 8.0 9.0 10.0 8.0 8.0 9.0 8.0 8.0 9.0 8.0 8.0 9.0 8.0 8.0 8.0 8.0 9.0 10.0 8.0 9.0 8.0 9.0 8.0 8.0 8.0 8.0 7.0 8.0 10.0 9.0 10.0 8.0 8.0 8.0 8.0 8.0 9.0 9.0 8.0 8.0 19.0 8.0 8.0 8.0 8.0 8.0 8.0 9.0 8.0 8.0 9.0 9.0 9.0 9.0 8.0 8.0 8.0 8.0 8.0 9.0 8.0 8.0 8.0 8.0 8.0 8.0 8.0 8.0 8.0 7.0 8.0 8.0 8.0 22.0 8.0 8.0 8.0 8.0 9.0 8.0 8.0 9.0 8.0 8.0 8.0 8.0 11.0 8.0 8.0 8.0 8.0 11.0 8.0 8.0 9.0 8.0 8.0 9.0 8.0 8.0 10.0 8.0
51 52 1 TRACE 157.0 136.0 149.0 140.0 140.0 118.0 136.0 132.0 152.0 135.0 173.0 142.0 117.0 116.0 118.0 138.0 118.0 117.0 153.0 138.0 117.0 118.0 140.0 140.0 138.0 118.0 125.0 147.0 135.0 117.0 133.0 118.0 115.0 115.0 135.0 149.0 137.0 115.0 141.0 163.0 113.0 116.0 150.0 148.0 139.0 135.0 148.0 137.0 113.0 114.0 141.0 134.0 164.0 116.0 141.0 135.0 115.0 114.0 115.0 134.0 116.0 116.0 116.0 193.0
52 53 1 TRACE 33.0 37.0 60.0 28.0 83.0 24.0 52.0 38.0 31.0 41.0 38.0 59.0 43.0 57.0 82.0 58.0 24.0 24.0 25.0 23.0 47.0 24.0 60.0 42.0 65.0 28.0 29.0 68.0 82.0 24.0 24.0 23.0 110.0 47.0 47.0 44.0 60.0 51.0 44.0 112.0 24.0 25.0 303.0 28.0 24.0 44.0 28.0 57.0 29.0 48.0 222.0 25.0 24.0 24.0 52.0 25.0 25.0 24.0 46.0 25.0 25.0 46.0 25.0 99.0
53 54 1 TRACE 24.0 28.0 23.0 16.0 18.0 21.0 20.0 20.0 21.0 20.0 18.0 23.0 58.0 12.0 18.0 19.0 17.0 17.0 15.0 16.0 52.0 18.0 15.0 16.0 18.0 17.0 44.0 12.0 12.0 17.0 19.0 16.0 120.0 27.0 20.0 48.0 18.0 17.0 15.0 150.0 18.0 16.0 167.0 16.0 17.0 20.0 21.0 28.0 17.0 19.0 22.0 15.0 14.0 14.0 16.0 16.0 18.0 18.0 19.0 18.0 14.0 15.0 14.0 196.0
54 55 1 TRACE 42.0 19.0 46.0 19.0 20.0 19.0 19.0 19.0 19.0 19.0 19.0 19.0 20.0 19.0 19.0 20.0 19.0 19.0 25.0 18.0 19.0 19.0 19.0 19.0 20.0 20.0 19.0 36.0 19.0 18.0 20.0 19.0 40.0 19.0 19.0 19.0 19.0 19.0 19.0 31.0 19.0 19.0 17.0 19.0 20.0 20.0 19.0 19.0 19.0 19.0 17.0 19.0 19.0 18.0 20.0 19.0 18.0 19.0 19.0 19.0 19.0 19.0 19.0 31.0
55 56 1 TRACE 11.0 8.0 8.0 8.0 8.0 7.0 7.0 8.0 8.0 7.0 7.0 8.0 8.0 8.0 8.0 8.0 8.0 8.0 8.0 8.0 7.0 8.0 8.0 8.0 8.0 8.0 8.0 8.0 8.0 7.0 8.0 7.0 18.0 7.0 8.0 8.0 8.0 8.0 7.0 8.0 8.0 8.0 7.0 8.0 8.0 9.0 8.0 7.0 7.0 8.0 7.0 8.0 7.0 7.0 8.0 8.0 7.0 8.0 8.0 8.0 8.0 8.0 8.0 8.0
56 57 1 TRACE 11.0 7.0 7.0 7.0 9.0 8.0 7.0 7.0 7.0 8.0 8.0 9.0 8.0 10.0 7.0 7.0 8.0 7.0 20.0 7.0 8.0 7.0 7.0 7.0 7.0 7.0 7.0 8.0 7.0 8.0 7.0 8.0 7.0 8.0 7.0 7.0 8.0 7.0 8.0 7.0 7.0 7.0 7.0 7.0 7.0 8.0 7.0 8.0 8.0 8.0 7.0 8.0 8.0 8.0 7.0 7.0 12.0 7.0 7.0 7.0 7.0 7.0 7.0 7.0
57 58 1 TRACE 10.0 8.0 8.0 8.0 7.0 8.0 8.0 7.0 7.0 7.0 7.0 8.0 8.0 8.0 7.0 8.0 7.0 8.0 19.0 8.0 7.0 7.0 8.0 8.0 7.0 8.0 7.0 8.0 8.0 7.0 7.0 8.0 6.0 7.0 8.0 7.0 7.0 8.0 7.0 7.0 7.0 9.0 7.0 8.0 7.0 8.0 7.0 7.0 7.0 7.0 7.0 7.0 7.0 8.0 7.0 7.0 19.0 7.0 7.0 7.0 7.0 7.0 7.0 8.0
58 59 1 TRACE 15.0 9.0 8.0 9.0 9.0 8.0 8.0 8.0 8.0 8.0 8.0 8.0 8.0 9.0 8.0 9.0 8.0 8.0 9.0 8.0 8.0 8.0 8.0 8.0 8.0 9.0 8.0 9.0 9.0 8.0 8.0 8.0 8.0 8.0 8.0 8.0 8.0 9.0 8.0 8.0 8.0 8.0 7.0 8.0 8.0 9.0 8.0 8.0 8.0 8.0 7.0 8.0 8.0 8.0 8.0 8.0 8.0 8.0 8.0 8.0 8.0 8.0 8.0 8.0
59 60 1 TRACE 7.0 8.0 8.0 8.0 7.0 7.0 10.0 7.0 7.0 7.0 7.0 7.0 7.0 7.0 8.0 8.0 7.0 7.0 18.0 7.0 7.0 7.0 7.0 8.0 7.0 8.0 8.0 8.0 7.0 7.0 7.0 7.0 18.0 7.0 7.0 8.0 8.0 8.0 7.0 20.0 7.0 7.0 7.0 7.0 7.0 8.0 8.0 7.0 7.0 7.0 7.0 7.0 7.0 7.0 7.0 8.0 8.0 8.0 7.0 8.0 7.0 7.0 7.0 7.0
60 61 1 TRACE 8.0 7.0 7.0 7.0 7.0 7.0 8.0 8.0 8.0 8.0 8.0 7.0 7.0 7.0 7.0 7.0 7.0 7.0 8.0 7.0 7.0 8.0 7.0 7.0 8.0 7.0 8.0 8.0 7.0 7.0 7.0 7.0 7.0 7.0 7.0 8.0 8.0 7.0 8.0 7.0 7.0 8.0 18.0 7.0 7.0 23.0 8.0 7.0 7.0 8.0 19.0 7.0 8.0 7.0 7.0 7.0 7.0 8.0 7.0 7.0 8.0 8.0 8.0 7.0
61 62 1 TRACE 7.0 7.0 7.0 7.0 7.0 7.0 7.0 8.0 7.0 8.0 8.0 7.0 7.0 7.0 7.0 7.0 8.0 7.0 7.0 7.0 8.0 8.0 7.0 7.0 7.0 7.0 7.0 8.0 7.0 7.0 8.0 7.0 7.0 7.0 7.0 7.0 7.0 7.0 8.0 8.0 8.0 8.0 8.0 7.0 7.0 19.0 7.0 7.0 8.0 8.0 7.0 8.0 8.0 7.0 8.0 7.0 8.0 7.0 8.0 7.0 8.0 8.0 8.0 7.0
62 1 1 TRACE 30.0 21.0 22.0 21.0 25.0 21.0 24.0 20.0 20.0 28.0 20.0 26.0 21.0 25.0 58.0 21.0 39.0 20.0 22.0 21.0 21.0 27.0 21.0 33.0 20.0 33.0 20.0 22.0 36.0 21.0 21.0 21.0 22.0 21.0 21.0 21.0 22.0 21.0 21.0 21.0 28.0 23.0 21.0 21.0 21.0 22.0 21.0 21.0 21.0 20.0 20.0 21.0 20.0 20.0 26.0 21.0 22.0 20.0 21.0 20.0 20.0 43.0 20.0
