0 1 CONSTANT 8.0
1 1 CONSTANT 8.0
2 1 CONSTANT 0.0
3 1 CONSTANT 8.0
4 1 CONSTANT 8.0
5 1 CONSTANT 8.0
6 1 CONSTANT 8.0
7 1 CONSTANT 8.0
8 1 CONSTANT 8.0
9 1 CONSTANT 0.0
10 1 CONSTANT 0.0
11 1 CONSTANT 0.0
12 1 CONSTANT 0.0
13 1 CONSTANT 8.0
14 1 CONSTANT 4.0
15 1 CONSTANT 4.0
16 1 CONSTANT 0.0
17 1 CONSTANT 0.0
18 1 CONSTANT 0.0
19 1 CONSTANT 0.0
20 1 CONSTANT 4.0
21 1 CONSTANT 8.0
22 1 CONSTANT 8.0
23 1 CONSTANT 8.0
24 1 CONSTANT 8.0
25 1 CONSTANT 4.0
26 1 CONSTANT 4.0
27 1 CONSTANT 8.0
28 1 TRACE 0.0 0.0 424.0 24.0 0.0 0.0 4.0 0.0 4.0 328.0 4.0 4.0 0.0 4.0 4.0 384.0 20.0 0.0 8.0 636.0 24.0 0.0 8.0 348.0 4.0 4.0 476.0 36.0 0.0 4.0 388.0 24.0 0.0 4.0 672.0 4.0 4.0 4.0 416.0 16.0 0.0 0.0 820.0 24.0 0.0 8.0 1016.0 4.0 4.0 12.0 192.0 0.0 0.0 16.0 0.0 4.0 628.0 4.0 0.0 0.0 4.0 0.0 16.0 388.0 0.0 0.0 8.0 0.0 0.0 124.0 68.0 0.0 396.0 16.0 0.0 4.0 4.0 0.0 12.0 204.0 4.0 4.0 4.0 0.0 36.0 172.0 4.0 0.0 0.0 716.0 4.0 156.0 44.0 4.0 0.0 564.0 4.0 4.0 8.0 8.0 0.0 8.0 232.0 0.0 0.0 8.0 352.0 4.0 4.0 84.0 184.0 4.0 0.0 36.0 116.0 4.0 24.0 156.0 0.0 4.0 4.0 4.0 4.0 456.0 4.0 4.0 4.0 808.0 4.0 0.0 520.0 4.0 0.0 8.0 412.0 4.0 0.0 0.0 4.0 0.0 476.0 32.0 4.0 4.0 8.0 4.0 12.0 236.0 4.0 0.0 0.0 120.0 76.0 0.0 4.0 4.0 0.0 12.0 216.0 0.0 0.0 4.0 0.0 4.0 332.0 4.0 0.0 0.0 20.0 0.0 12.0 4.0 4.0 0.0 12.0 4.0 0.0 732.0 0.0 4.0 144.0 4.0 0.0 4.0 720.0 20.0 4.0 0.0 240.0 4.0 0.0 0.0 708.0 4.0 0.0 4.0 120.0 4.0 0.0 0.0 424.0 0.0 20.0 348.0 4.0 4.0 0.0 404.0 40.0 0.0 4.0 336.0 4.0 0.0 4.0 4.0 0.0 0.0 8.0 0.0 4.0 4.0 0.0 8.0 676.0 4.0
29 1 CONSTANT 4.0
30 1 TRACE 0.0 0.0 424.0 24.0 0.0 0.0 4.0 0.0 4.0 328.0 4.0 4.0 0.0 4.0 4.0 384.0 20.0 0.0 8.0 636.0 24.0 0.0 8.0 348.0 4.0 4.0 476.0 36.0 0.0 4.0 388.0 24.0 0.0 4.0 672.0 4.0 4.0 4.0 416.0 16.0 0.0 0.0 820.0 24.0 0.0 8.0 1016.0 4.0 4.0 12.0 192.0 0.0 0.0 16.0 0.0 4.0 628.0 4.0 0.0 0.0 4.0 0.0 16.0 388.0 0.0 0.0 8.0 0.0 0.0 124.0 68.0 0.0 396.0 16.0 0.0 4.0 4.0 0.0 12.0 204.0 4.0 4.0 4.0 0.0 36.0 172.0 4.0 0.0 0.0 716.0 4.0 156.0 44.0 4.0 0.0 564.0 4.0 4.0 8.0 8.0 0.0 8.0 232.0 0.0 0.0 8.0 352.0 4.0 4.0 84.0 184.0 4.0 0.0 36.0 116.0 4.0 24.0 156.0 0.0 4.0 4.0 4.0 4.0 456.0 4.0 4.0 4.0 808.0 4.0 0.0 520.0 4.0 0.0 8.0 412.0 4.0 0.0 0.0 4.0 0.0 476.0 32.0 4.0 4.0 8.0 4.0 12.0 236.0 4.0 0.0 0.0 120.0 76.0 0.0 4.0 4.0 0.0 12.0 216.0 0.0 0.0 4.0 0.0 4.0 332.0 4.0 0.0 0.0 20.0 0.0 12.0 4.0 4.0 0.0 12.0 4.0 0.0 732.0 0.0 4.0 144.0 4.0 0.0 4.0 720.0 20.0 4.0 0.0 240.0 4.0 0.0 0.0 708.0 4.0 0.0 4.0 120.0 4.0 0.0 0.0 424.0 0.0 20.0 348.0 4.0 4.0 0.0 404.0 40.0 0.0 4.0 336.0 4.0 0.0 4.0 4.0 0.0 0.0 8.0 0.0 4.0 4.0 0.0 8.0 676.0 4.0
31 1 CONSTANT 8.0
32 1 CONSTANT 8.0
33 1 CONSTANT 4.0
34 1 CONSTANT 0.0
35 1 CONSTANT 0.0
36 1 CONSTANT 8.0
37 1 CONSTANT 8.0
38 1 CONSTANT 8.0
39 1 TRACE 8.0 8.0 0.0 0.0 8.0 0.0 0.0 8.0 0.0 8.0 0.0 8.0 0.0 0.0 8.0 0.0 0.0 8.0 8.0 0.0 0.0 8.0 0.0 8.0 0.0 8.0 0.0 0.0 8.0 8.0 0.0 0.0 8.0 0.0 8.0 0.0 8.0 8.0 0.0 0.0 8.0 8.0 0.0 0.0 8.0 0.0 8.0 0.0 8.0 0.0 0.0 8.0 0.0 0.0 8.0 0.0 8.0 0.0 8.0 0.0 0.0 8.0 0.0 0.0 8.0 0.0 0.0 8.0 8.0 0.0 0.0 8.0 0.0 0.0 8.0 0.0 0.0 8.0 0.0 8.0 0.0 8.0 8.0 8.0 0.0 8.0 0.0 8.0 0.0 0.0 8.0 0.0 0.0 8.0 0.0 8.0 0.0 8.0 0.0 0.0 8.0 0.0 0.0 8.0 8.0 0.0 0.0 8.0 8.0 0.0 8.0 0.0 8.0 0.0 0.0 8.0 0.0 0.0 8.0 0.0 0.0 8.0 0.0 8.0 0.0 8.0 0.0 0.0 8.0 0.0 8.0 0.0 8.0 0.0 8.0 0.0 8.0 0.0 0.0 8.0 0.0 0.0 8.0 0.0 0.0 8.0 0.0 8.0 0.0 8.0 8.0 0.0 0.0 8.0 0.0 0.0 8.0 0.0 0.0 8.0 0.0 0.0 8.0 0.0 8.0 0.0 8.0 0.0 0.0 8.0 0.0 0.0 8.0 0.0 0.0 8.0 0.0 0.0 8.0 0.0 8.0 0.0 8.0 8.0 0.0 0.0 8.0 0.0 8.0 0.0 8.0 0.0 8.0 0.0 8.0 0.0 8.0 0.0 8.0 0.0 0.0 8.0 0.0 8.0 0.0 8.0 8.0 0.0 0.0 8.0 0.0 8.0 0.0 8.0 0.0 0.0 8.0 0.0 0.0 8.0 0.0 0.0 8.0 0.0 8.0 0.0
40 1 CONSTANT 8.0
41 1 CONSTANT 8.0
42 1 CONSTANT 8.0
43 1 CONSTANT 20216.0
44 1 CONSTANT 20208.0
45 1 CONSTANT 8.0
46 1 CONSTANT 20216.0
47 1 CONSTANT 4.0
48 1 TRACE 1221328.0 366992.0 14800.0 12432.0 32.0 32.0 1402816.0 385744.0 504240.0 259856.0 2768.0 2192.0 16.0 0.0 1761344.0 406784.0 175520.0 129760.0 768.0 832.0 1277424.0 363072.0 608048.0 285232.0 3488.0 2944.0 16.0 0.0 1297600.0 369888.0 17072.0 15104.0 32.0 112.0 1118352.0 357376.0 12672.0 10160.0 48.0 48.0 1774880.0 405312.0 161168.0 121088.0 848.0 656.0 1263536.0 366816.0 15808.0 14144.0 64.0 48.0 1222624.0 370048.0 14768.0 13056.0 32.0 96.0 1622032.0 399456.0 311888.0 193904.0 1504.0 1232.0 1209904.0 361728.0 13936.0 12912.0 32.0 48.0 1106576.0 360448.0 11296.0 10240.0 48.0 16.0 1500416.0 390272.0 415504.0 232976.0 2368.0 1664.0 1781696.0 402912.0 96448.0 78176.0 512.0 416.0 945904.0 338496.0 949824.0 337920.0 7984.0 7040.0 48.0 16.0 1652496.0 401056.0 286304.0 183424.0 1440.0 1168.0 1450160.0 389680.0 459008.0 244624.0 2432.0 2080.0 16.0 0.0 1758576.0 405552.0 179904.0 131808.0 912.0 672.0 972432.0 320208.0 898176.0 334592.0 7296.0 6000.0 32.0 48.0 1580448.0 389264.0 36448.0 31504.0 144.0 160.0 1229008.0 365728.0 15232.0 12416.0 48.0 112.0 1354528.0 367808.0 537424.0 269648.0 2816.0 2384.0 16.0 0.0 1785760.0 403376.0 104480.0 83872.0 464.0 448.0 1779152.0 401584.0 96992.0 78304.0 384.0 352.0 1624624.0 397072.0 308912.0 193312.0 1632.0 1376.0 1535888.0 388176.0 31824.0 27216.0 64.0 192.0 1651472.0 398128.0 285280.0 182768.0 1216.0 1184.0 1403376.0 388832.0 502784.0 256848.0 2672.0 2368.0 16.0 0.0 1788640.0 405920.0 119904.0 93728.0 528.0 496.0 1757456.0 405728.0 185200.0 132800.0 848.0 768.0 1778544.0 399392.0 94192.0 77696.0 384.0 448.0 1740624.0 400944.0 69280.0 58080.0 240.0 288.0 1775632.0 398896.0 96176.0 78784.0 448.0 464.0 1293328.0 360448.0 590160.0 281936.0 3424.0 3056.0 16.0 16.0 1728640.0 404048.0 216304.0 149520.0 1104.0 896.0 1570912.0 392000.0 355984.0 212592.0 1824.0 1552.0 1684128.0 406096.0 258976.0 172240.0 1216.0 944.0 1732112.0 403664.0 208208.0 145648.0 976.0 768.0 1402192.0 382368.0 503008.0 258112.0 2560.0 1968.0 16.0 0.0 1261248.0 370384.0 16224.0 13856.0 48.0 64.0 1076992.0 311136.0 774048.0 321120.0 5344.0 4912.0 32.0 0.0 1786992.0 407440.0 133712.0 102576.0 608.0 544.0 1691024.0 396624.0 53360.0 46208.0 176.0 224.0 1335488.0 378320.0 563568.0 272272.0 3232.0 2752.0 16.0 0.0 1785456.0 402064.0 109824.0 87568.0 448.0 496.0 1363408.0 388032.0 540416.0 266256.0 3024.0 2544.0 16.0 0.0 1759168.0 404128.0 175680.0 128304.0 816.0 704.0 875488.0 356304.0 1054480.0 347600.0 10160.0 8944.0 16.0 16.0 1386736.0 387472.0 518128.0 261440.0 2672.0 2480.0 16.0 0.0 1008384.0 356480.0 894912.0 329744.0 7200.0 6000.0 32.0 32.0 1603680.0 398864.0 328704.0 200448.0 1536.0 1312.0 1758608.0 395136.0 80336.0 68416.0 352.0 400.0 1116688.0 358224.0 12112.0 10064.0 48.0 80.0 1782048.0 405456.0 135200.0 103600.0 640.0 528.0 1598016.0 395168.0 331120.0 202000.0 1600.0 1376.0 1753600.0 395344.0 77216.0 65648.0 288.0 384.0 1739488.0 405008.0 202512.0 144288.0 1072.0 896.0 1771440.0 407696.0 165856.0 122784.0 880.0 720.0 1236432.0 364160.0 14832.0 13424.0 80.0 64.0 1771168.0 403616.0 161920.0 122720.0 800.0 768.0 1451712.0 388656.0 453744.0 243424.0 2512.0 1856.0 16.0 0.0 1202080.0 355184.0 680480.0 301168.0 4096.0 3728.0 16.0 0.0 1295088.0 364544.0 590576.0 281936.0 3536.0 2944.0 16.0 16.0 1618560.0 400592.0 315664.0 195072.0 1552.0 1408.0
49 1 TRACE 20224.0 8.0 20224.0 8.0 20224.0 8.0 20224.0 8.0 20224.0 8.0 20224.0 8.0 20224.0 8.0 20224.0 8.0 20224.0 8.0 20224.0 8.0 20224.0 8.0 20224.0 8.0 20224.0 8.0 20224.0 8.0 20224.0 8.0 20224.0 8.0 20224.0 8.0 20224.0 8.0 20224.0 8.0 20224.0 8.0 20224.0 8.0 20224.0 8.0 20224.0 8.0 20224.0 8.0 20224.0 8.0 20224.0 8.0 20224.0 8.0 20224.0 8.0 20224.0 8.0 20224.0 8.0 20224.0 8.0 20224.0 8.0 20224.0 8.0 20224.0 8.0 20224.0 8.0 20224.0 8.0 20224.0 8.0 20224.0 8.0 20224.0 8.0 20224.0 8.0 20224.0 8.0 20224.0 8.0 20224.0 8.0 20224.0 8.0 20224.0 8.0 20224.0 8.0 20224.0 8.0 20224.0 8.0 20224.0 8.0 20224.0 8.0 20224.0 8.0 20224.0 8.0 20224.0 8.0 20224.0 8.0 20224.0 8.0 20224.0 8.0 20224.0 8.0 20224.0 8.0 20224.0 8.0 20224.0 8.0 20224.0 8.0 20224.0 8.0 20224.0 8.0 20224.0 8.0 20224.0 8.0 20224.0 8.0 20224.0 8.0 20224.0 8.0 20224.0 8.0 20224.0 8.0 20224.0 8.0 20224.0 8.0 20224.0 8.0 20224.0 8.0 20224.0 8.0 20224.0 8.0 20224.0 8.0 20224.0 8.0 20224.0 8.0 20224.0 8.0 20224.0 8.0 20224.0 8.0 20224.0 8.0 20224.0 8.0 20224.0 8.0 20224.0 8.0 20224.0 8.0 20224.0 8.0 20224.0 8.0 20224.0 8.0 20224.0 8.0 20224.0 8.0 20224.0 8.0 20224.0 8.0 20224.0 8.0 20224.0 8.0 20224.0 8.0 20224.0 8.0 20224.0 8.0 20224.0 8.0 20224.0 8.0 20224.0 8.0 20224.0 8.0 20224.0 8.0 20224.0 8.0 20224.0 8.0 20224.0 8.0 20224.0 8.0 20224.0 8.0 20224.0 8.0 20224.0 8.0 20224.0 8.0 20224.0 8.0 20224.0 8.0 20224.0 8.0 20224.0 8.0 20224.0 8.0 20224.0 8.0 20224.0 8.0 20224.0 8.0 20224.0 8.0 20224.0 8.0 20224.0 8.0 20224.0 8.0 20224.0 8.0 20224.0 8.0 20224.0 8.0 20224.0 8.0 20224.0 8.0 20224.0 8.0 20224.0 8.0 20224.0 8.0 20224.0 8.0 20224.0 8.0 20224.0 8.0 20224.0 8.0 20224.0 8.0 20224.0 8.0 20224.0 8.0 20224.0 8.0 20224.0 8.0 20224.0 8.0 20224.0 8.0 20224.0 8.0 20224.0 8.0 20224.0 8.0 20224.0 8.0 20224.0 8.0 20224.0 8.0 20224.0 8.0 20224.0 8.0 20224.0 8.0 20224.0 8.0 20224.0 8.0 20224.0 8.0 20224.0 8.0 20224.0 8.0 20224.0 8.0 20224.0 8.0 20224.0 8.0 20224.0 8.0 20224.0 8.0 20224.0 8.0 20224.0 8.0 20224.0 8.0 20224.0 8.0 20224.0 8.0 20224.0 8.0 20224.0 8.0 20224.0 8.0 20224.0 8.0 20224.0 8.0 20224.0 8.0 20224.0 8.0 20224.0 8.0 20224.0 8.0 20224.0 8.0 20224.0 8.0 20224.0 8.0 20224.0 8.0 20224.0 8.0 20224.0 8.0 20224.0 8.0 20224.0 8.0 20224.0 8.0 20224.0 8.0 20224.0 8.0 20224.0 8.0 20224.0 8.0 20224.0 8.0 20224.0 8.0 20224.0 8.0 20224.0 8.0 20224.0 8.0 20224.0 8.0 20224.0 8.0 20224.0 8.0 20224.0 8.0 20224.0 8.0 20224.0 8.0 20224.0 8.0 20224.0 8.0 20224.0 8.0 20224.0 8.0 20224.0 8.0 20224.0 8.0 20224.0 8.0 20224.0 8.0 20224.0 8.0 20224.0 8.0
50 1 CONSTANT 8.0
51 1 CONSTANT 8.0
52 1 CONSTANT 8.0
53 1 CONSTANT 8.0
54 1 CONSTANT 0.0
55 1 CONSTANT 0.0
56 1 CONSTANT 0.0
57 1 CONSTANT 0.0
58 1 CONSTANT 0.0
59 1 CONSTANT 0.0
60 1 CONSTANT 0.0
61 1 CONSTANT 0.0
62 1 CONSTANT 8.0
