0 1 1 TRACE 1672854779810245.0
1 2 1 TRACE 11242.0 34.0 36.0 34.0 36.0 38.0 35.0 35.0 35.0 36.0 36.0 34.0 36.0 35.0 35.0 35.0 35.0 35.0 35.0 35.0 35.0 37.0 35.0 35.0 36.0 36.0 36.0 35.0 35.0 35.0 36.0 34.0 35.0 35.0 44.0 26.0 35.0 35.0 35.0 36.0 35.0 36.0 36.0 48.0 36.0 35.0 35.0 37.0 35.0 35.0 35.0 36.0 35.0 36.0 34.0 35.0 35.0 35.0 23.0 35.0 36.0 34.0 35.0 35.0
2 3 1 TRACE 1331.0 222.0 30.0 24.0 25.0 25.0 25.0 24.0 25.0 24.0 35.0 24.0 23.0 24.0 23.0 24.0 24.0 42.0 50.0 25.0 24.0 31.0 24.0 25.0 24.0 25.0 37.0 45.0 33.0 24.0 24.0 25.0 40.0 23.0 33.0 29.0 25.0 38.0 24.0 25.0 24.0 24.0 25.0 24.0 26.0 23.0 24.0 24.0 42.0 40.0 24.0 26.0 24.0 27.0 31.0 24.0 26.0 25.0 23.0 26.0 23.0 24.0 23.0 25.0
3 4 1 TRACE 48.0 28.0 18.0 17.0 17.0 17.0 17.0 17.0 18.0 18.0 18.0 18.0 16.0 17.0 18.0 17.0 31.0 18.0 17.0 17.0 18.0 18.0 17.0 39.0 25.0 18.0 18.0 19.0 19.0 17.0 18.0 18.0 18.0 17.0 60.0 28.0 18.0 18.0 24.0 17.0 18.0 51.0 51.0 17.0 24.0 17.0 18.0 18.0 17.0 18.0 17.0 17.0 18.0 18.0 17.0 17.0 22.0 17.0 17.0 19.0 18.0 26.0 17.0 17.0
4 5 1 TRACE 18.0 12.0 13.0 13.0 12.0 12.0 20.0 12.0 13.0 13.0 12.0 13.0 34.0 13.0 13.0 12.0 13.0 13.0 13.0 28.0 12.0 13.0 12.0 37.0 14.0 13.0 13.0 13.0 13.0 12.0 13.0 13.0 12.0 13.0 27.0 26.0 13.0 21.0 13.0 14.0 13.0 44.0 20.0 13.0 13.0 13.0 13.0 13.0 29.0 13.0 12.0 12.0 13.0 12.0 12.0 13.0 13.0 13.0 12.0 13.0 12.0 12.0 14.0 12.0
5 6 1 TRACE 40.0 30.0 18.0 17.0 201.0 16.0 16.0 16.0 15.0 14.0 15.0 16.0 32.0 14.0 14.0 15.0 17.0 17.0 16.0 15.0 16.0 16.0 16.0 12.0 15.0 15.0 17.0 17.0 17.0 14.0 14.0 14.0 16.0 16.0 27.0 30.0 16.0 15.0 13.0 12.0 12.0 11.0 12.0 14.0 30.0 13.0 12.0 23.0 16.0 15.0 16.0 15.0 14.0 37.0 15.0 15.0 15.0 15.0 16.0 16.0 14.0 12.0 12.0 14.0
6 7 1 TRACE 19.0 14.0 15.0 15.0 11.0 13.0 13.0 14.0 166.0 11.0 11.0 10.0 201.0 12.0 12.0 12.0 13.0 13.0 12.0 13.0 15.0 14.0 14.0 8.0 14.0 14.0 14.0 13.0 13.0 13.0 13.0 14.0 13.0 12.0 32.0 24.0 15.0 12.0 12.0 9.0 15.0 9.0 12.0 12.0 13.0 14.0 13.0 13.0 13.0 13.0 12.0 13.0 12.0 12.0 14.0 13.0 14.0 13.0 13.0 12.0 15.0 11.0 14.0 14.0
7 8 1 TRACE 19.0 13.0 14.0 15.0 8.0 13.0 13.0 12.0 8.0 11.0 12.0 12.0 16.0 22.0 13.0 13.0 13.0 14.0 13.0 12.0 14.0 14.0 14.0 12.0 14.0 14.0 14.0 14.0 12.0 14.0 13.0 14.0 12.0 12.0 26.0 12.0 14.0 13.0 13.0 8.0 10.0 8.0 12.0 13.0 24.0 14.0 14.0 12.0 13.0 18.0 13.0 12.0 12.0 13.0 10.0 11.0 13.0 13.0 13.0 14.0 14.0 14.0 15.0 15.0
8 9 1 TRACE 18.0 14.0 14.0 15.0 8.0 13.0 13.0 14.0 16.0 12.0 12.0 12.0 17.0 8.0 12.0 11.0 13.0 13.0 12.0 12.0 13.0 14.0 15.0 15.0 14.0 15.0 14.0 14.0 13.0 15.0 13.0 13.0 12.0 12.0 24.0 13.0 14.0 12.0 13.0 8.0 13.0 8.0 14.0 14.0 13.0 13.0 13.0 12.0 12.0 13.0 13.0 13.0 12.0 11.0 12.0 12.0 14.0 13.0 14.0 14.0 14.0 14.0 14.0 14.0
9 10 1 TRACE 65.0 36.0 22.0 55.0 22.0 21.0 24.0 21.0 27.0 29.0 22.0 31.0 36.0 23.0 22.0 71.0 48.0 22.0 32.0 53.0 33.0 22.0 22.0 34.0 22.0 22.0 24.0 23.0 54.0 22.0 23.0 25.0 22.0 22.0 34.0 35.0 32.0 56.0 64.0 54.0 46.0 73.0 35.0 61.0 57.0 67.0 25.0 23.0 37.0 22.0 22.0 29.0 39.0 22.0 65.0 55.0 21.0 34.0 51.0 21.0 24.0 23.0 72.0 69.0
10 11 1 TRACE 20.0 15.0 14.0 15.0 13.0 15.0 15.0 15.0 15.0 16.0 14.0 14.0 15.0 15.0 14.0 14.0 14.0 25.0 14.0 15.0 14.0 26.0 14.0 14.0 24.0 14.0 14.0 25.0 14.0 14.0 15.0 16.0 14.0 15.0 39.0 17.0 26.0 45.0 14.0 15.0 25.0 17.0 15.0 14.0 26.0 14.0 14.0 14.0 14.0 24.0 13.0 14.0 25.0 25.0 14.0 25.0 14.0 14.0 14.0 14.0 15.0 15.0 14.0 15.0
11 12 1 TRACE 18.0 14.0 25.0 13.0 15.0 14.0 25.0 26.0 13.0 24.0 25.0 24.0 13.0 26.0 27.0 25.0 23.0 13.0 13.0 25.0 25.0 14.0 25.0 25.0 14.0 24.0 14.0 14.0 25.0 25.0 25.0 25.0 25.0 28.0 14.0 16.0 13.0 14.0 24.0 14.0 37.0 15.0 24.0 15.0 14.0 14.0 24.0 24.0 13.0 13.0 28.0 25.0 14.0 13.0 24.0 14.0 25.0 25.0 24.0 24.0 25.0 51.0 25.0 26.0
12 13 1 TRACE 24.0 17.0 14.0 25.0 16.0 19.0 14.0 15.0 15.0 14.0 14.0 14.0 25.0 14.0 15.0 14.0 14.0 14.0 26.0 13.0 14.0 25.0 14.0 13.0 25.0 14.0 25.0 25.0 13.0 14.0 14.0 14.0 14.0 15.0 25.0 32.0 16.0 27.0 18.0 26.0 21.0 17.0 13.0 14.0 14.0 26.0 14.0 13.0 14.0 14.0 14.0 15.0 14.0 24.0 35.0 24.0 14.0 45.0 16.0 14.0 13.0 24.0 13.0 13.0
13 14 1 TRACE 20.0 8.0 9.0 8.0 8.0 10.0 20.0 9.0 9.0 20.0 9.0 9.0 8.0 19.0 9.0 9.0 9.0 9.0 9.0 8.0 9.0 9.0 19.0 8.0 9.0 20.0 9.0 9.0 8.0 9.0 20.0 9.0 19.0 9.0 10.0 10.0 9.0 9.0 9.0 20.0 9.0 9.0 8.0 8.0 9.0 9.0 8.0 20.0 9.0 9.0 9.0 20.0 9.0 8.0 8.0 9.0 19.0 9.0 9.0 9.0 19.0 8.0 8.0 8.0
14 15 1 TRACE 22.0 13.0 12.0 12.0 42.0 13.0 13.0 23.0 13.0 13.0 24.0 24.0 13.0 24.0 13.0 13.0 12.0 23.0 13.0 13.0 13.0 12.0 13.0 18.0 13.0 12.0 13.0 12.0 12.0 23.0 13.0 24.0 13.0 25.0 14.0 14.0 13.0 12.0 12.0 24.0 13.0 13.0 12.0 12.0 13.0 13.0 24.0 12.0 13.0 14.0 24.0 13.0 13.0 29.0 13.0 12.0 13.0 13.0 12.0 24.0 25.0 13.0 13.0 13.0
15 16 1 TRACE 13.0 8.0 8.0 8.0 8.0 8.0 8.0 8.0 8.0 8.0 8.0 7.0 8.0 8.0 7.0 8.0 8.0 8.0 8.0 8.0 8.0 8.0 8.0 9.0 7.0 8.0 8.0 8.0 8.0 8.0 8.0 8.0 8.0 8.0 9.0 8.0 9.0 8.0 8.0 8.0 8.0 8.0 8.0 8.0 8.0 8.0 8.0 8.0 8.0 8.0 8.0 8.0 8.0 8.0 8.0 8.0 8.0 7.0 8.0 9.0 8.0 8.0 8.0 8.0
16 17 1 TRACE 36.0 42.0 23.0 22.0 38.0 23.0 22.0 24.0 46.0 23.0 24.0 22.0 33.0 22.0 23.0 32.0 34.0 21.0 42.0 33.0 22.0 22.0 23.0 57.0 24.0 23.0 57.0 68.0 26.0 50.0 30.0 22.0 24.0 21.0 72.0 38.0 28.0 24.0 59.0 26.0 26.0 25.0 72.0 26.0 51.0 25.0 24.0 23.0 33.0 24.0 22.0 22.0 56.0 49.0 49.0 26.0 32.0 57.0 62.0 64.0 29.0 26.0 59.0 34.0
17 18 1 TRACE 18.0 13.0 13.0 13.0 14.0 15.0 23.0 13.0 18.0 14.0 13.0 15.0 14.0 21.0 13.0 14.0 14.0 14.0 13.0 13.0 14.0 14.0 16.0 14.0 14.0 13.0 62.0 14.0 13.0 14.0 14.0 15.0 14.0 14.0 20.0 27.0 14.0 14.0 17.0 16.0 14.0 14.0 13.0 13.0 14.0 14.0 14.0 14.0 14.0 14.0 15.0 13.0 47.0 14.0 15.0 13.0 14.0 13.0 17.0 16.0 16.0 14.0 24.0 15.0
18 19 1 TRACE 19.0 28.0 15.0 14.0 24.0 15.0 14.0 14.0 13.0 14.0 14.0 13.0 14.0 14.0 15.0 16.0 15.0 13.0 14.0 15.0 15.0 16.0 13.0 44.0 15.0 49.0 13.0 16.0 14.0 18.0 14.0 14.0 13.0 13.0 33.0 27.0 16.0 23.0 15.0 13.0 29.0 15.0 15.0 14.0 14.0 14.0 14.0 14.0 13.0 15.0 14.0 15.0 20.0 14.0 15.0 16.0 39.0 22.0 14.0 15.0 13.0 14.0 13.0 14.0
19 20 1 TRACE 24.0 14.0 16.0 34.0 17.0 15.0 13.0 40.0 14.0 28.0 16.0 16.0 37.0 15.0 58.0 16.0 15.0 14.0 18.0 15.0 15.0 13.0 22.0 19.0 18.0 13.0 18.0 13.0 20.0 16.0 48.0 16.0 15.0 15.0 18.0 20.0 18.0 13.0 18.0 16.0 14.0 17.0 15.0 50.0 15.0 16.0 16.0 16.0 14.0 17.0 15.0 22.0 20.0 15.0 15.0 15.0 17.0 16.0 15.0 16.0 15.0 17.0 14.0 51.0
20 21 1 TRACE 19.0 13.0 14.0 13.0 14.0 13.0 14.0 13.0 13.0 13.0 13.0 13.0 13.0 13.0 14.0 13.0 13.0 13.0 13.0 13.0 13.0 13.0 14.0 13.0 13.0 13.0 13.0 13.0 13.0 14.0 13.0 14.0 13.0 13.0 14.0 19.0 15.0 13.0 13.0 13.0 14.0 13.0 13.0 13.0 14.0 13.0 14.0 14.0 16.0 13.0 15.0 13.0 14.0 13.0 13.0 14.0 14.0 13.0 13.0 14.0 13.0 14.0 13.0 13.0
21 22 1 TRACE 28.0 12.0 11.0 12.0 12.0 12.0 12.0 12.0 12.0 12.0 12.0 12.0 12.0 12.0 11.0 12.0 11.0 12.0 11.0 12.0 12.0 12.0 12.0 13.0 12.0 12.0 12.0 12.0 12.0 12.0 12.0 12.0 12.0 11.0 12.0 12.0 12.0 12.0 12.0 12.0 12.0 12.0 12.0 11.0 12.0 11.0 11.0 12.0 12.0 11.0 12.0 12.0 11.0 12.0 12.0 12.0 12.0 12.0 12.0 12.0 12.0 11.0 12.0 16.0
22 23 1 TRACE 50.0 46.0 47.0 52.0 67.0 49.0 48.0 48.0 53.0 48.0 48.0 46.0 48.0 42.0 47.0 45.0 46.0 84.0 49.0 47.0 48.0 61.0 79.0 51.0 80.0 75.0 46.0 47.0 46.0 50.0 46.0 43.0 43.0 65.0 66.0 77.0 86.0 45.0 48.0 46.0 46.0 49.0 43.0 46.0 45.0 46.0 44.0 46.0 41.0 42.0 45.0 45.0 44.0 46.0 45.0 65.0 43.0 46.0 48.0 46.0 49.0 68.0 52.0 52.0
23 24 1 TRACE 50.0 24.0 35.0 23.0 30.0 21.0 20.0 35.0 38.0 21.0 21.0 21.0 22.0 23.0 21.0 24.0 29.0 40.0 22.0 22.0 21.0 60.0 23.0 23.0 53.0 23.0 56.0 21.0 24.0 21.0 22.0 22.0 24.0 29.0 50.0 26.0 42.0 24.0 23.0 22.0 32.0 21.0 22.0 21.0 22.0 28.0 20.0 66.0 23.0 29.0 31.0 21.0 21.0 28.0 51.0 44.0 21.0 22.0 27.0 29.0 21.0 23.0 58.0 23.0
24 25 1 TRACE 48.0 19.0 18.0 18.0 18.0 41.0 18.0 17.0 17.0 17.0 18.0 19.0 18.0 18.0 17.0 18.0 19.0 26.0 18.0 18.0 26.0 20.0 18.0 18.0 19.0 17.0 32.0 17.0 34.0 18.0 17.0 47.0 19.0 20.0 53.0 20.0 18.0 18.0 17.0 18.0 19.0 19.0 18.0 18.0 18.0 19.0 18.0 18.0 18.0 19.0 18.0 18.0 18.0 17.0 20.0 18.0 17.0 18.0 18.0 18.0 17.0 19.0 24.0 19.0
25 26 1 TRACE 24.0 10.0 10.0 10.0 10.0 9.0 10.0 10.0 9.0 12.0 9.0 10.0 10.0 9.0 9.0 10.0 10.0 9.0 10.0 10.0 9.0 10.0 10.0 10.0 10.0 10.0 9.0 10.0 10.0 9.0 10.0 9.0 9.0 10.0 10.0 9.0 10.0 10.0 9.0 10.0 10.0 9.0 10.0 10.0 10.0 10.0 10.0 10.0 10.0 9.0 9.0 9.0 9.0 10.0 9.0 10.0 10.0 9.0 9.0 10.0 9.0 10.0 9.0 10.0 10.0 10.0 9.0 10.0 9.0 9.0 10.0 10.0 9.0 10.0 10.0 9.0 10.0 10.0 9.0 10.0 10.0 10.0 10.0 10.0 9.0 9.0 9.0 9.0 9.0 10.0 10.0 10.0 10.0 10.0 9.0 10.0 10.0 10.0 12.0 10.0 10.0 11.0 9.0 9.0 10.0 11.0 11.0 24.0 10.0 11.0 10.0 11.0 10.0 10.0 10.0 9.0 13.0 10.0 10.0 9.0 10.0 9.0 10.0 9.0 10.0 10.0 10.0 9.0 10.0 10.0 9.0 10.0 10.0 10.0 10.0 10.0 9.0 10.0 10.0 9.0 9.0 10.0 9.0 10.0 9.0 10.0 9.0 9.0 9.0 10.0 9.0 10.0 9.0 10.0 10.0 10.0 10.0 9.0 9.0 10.0 9.0 10.0 9.0 9.0 10.0 10.0 9.0 9.0 10.0 9.0 9.0 10.0 10.0 10.0 10.0 9.0 17.0 9.0 10.0 10.0 10.0 10.0 9.0 10.0 10.0 10.0 10.0 10.0 10.0 10.0 9.0 9.0 10.0 9.0 9.0 10.0 10.0 9.0
26 27 1 TRACE 11.0 8.0 7.0 8.0 8.0 7.0 8.0 8.0 7.0 8.0 7.0 7.0 7.0 7.0 8.0 8.0 8.0 7.0 8.0 8.0 8.0 7.0 8.0 7.0 7.0 8.0 8.0 8.0 8.0 8.0 7.0 7.0 7.0 8.0 7.0 7.0 7.0 7.0 7.0 7.0 8.0 7.0 7.0 8.0 7.0 7.0 7.0 7.0 7.0 7.0 8.0 7.0 7.0 7.0 7.0 8.0 8.0 8.0 7.0 8.0 7.0 7.0 7.0 8.0 7.0 8.0 7.0 8.0 7.0 7.0 7.0 7.0 7.0 8.0 8.0 7.0 8.0 7.0 7.0 7.0 8.0 7.0 8.0 8.0 8.0 7.0 7.0 8.0 7.0 7.0 7.0 8.0 7.0 8.0 8.0 7.0 8.0 8.0 8.0 8.0 8.0 8.0 7.0 7.0 8.0 20.0 9.0 9.0 9.0 9.0 8.0 8.0 8.0 7.0 8.0 7.0 8.0 8.0 8.0 8.0 7.0 7.0 8.0 7.0 8.0 7.0 7.0 8.0 7.0 8.0 20.0 8.0 8.0 7.0 8.0 8.0 7.0 8.0 8.0 7.0 8.0 8.0 7.0 7.0 7.0 8.0 7.0 7.0 7.0 7.0 7.0 8.0 7.0 7.0 8.0 7.0 7.0 7.0 7.0 8.0 7.0 7.0 7.0 7.0 7.0 7.0 7.0 7.0 7.0 7.0 7.0 8.0 8.0 8.0 8.0 7.0 8.0 7.0 8.0 7.0 8.0 8.0 8.0 7.0 7.0 8.0 7.0 7.0 8.0 10.0 8.0 7.0 8.0 7.0 8.0 8.0 7.0 8.0
27 28 1 TRACE 10.0 8.0 8.0 7.0 7.0 7.0 7.0 7.0 7.0 7.0 7.0 8.0 8.0 7.0 7.0 7.0 7.0 8.0 7.0 7.0 7.0 7.0 7.0 8.0 7.0 7.0 7.0 7.0 7.0 7.0 7.0 7.0 7.0 7.0 8.0 8.0 8.0 8.0 7.0 8.0 7.0 8.0 7.0 7.0 8.0 8.0 7.0 8.0 8.0 7.0 7.0 7.0 7.0 7.0 7.0 7.0 8.0 7.0 7.0 7.0 7.0 7.0 8.0 7.0 7.0 7.0 7.0 7.0 8.0 8.0 8.0 8.0 8.0 8.0 7.0 8.0 7.0 8.0 8.0 8.0 7.0 8.0 7.0 7.0 7.0 7.0 7.0 7.0 7.0 8.0 7.0 7.0 7.0 7.0 7.0 8.0 7.0 7.0 7.0 7.0 7.0 7.0 7.0 8.0 8.0 8.0 8.0 9.0 8.0 9.0 8.0 7.0 8.0 7.0 7.0 8.0 8.0 7.0 7.0 8.0 7.0 8.0 7.0 7.0 8.0 8.0 8.0 7.0 7.0 8.0 7.0 7.0 7.0 8.0 7.0 7.0 7.0 7.0 7.0 8.0 7.0 7.0 7.0 7.0 7.0 7.0 7.0 8.0 7.0 8.0 7.0 7.0 7.0 8.0 8.0 8.0 8.0 7.0 8.0 7.0 7.0 8.0 8.0 7.0 8.0 8.0 7.0 8.0 8.0 8.0 8.0 7.0 7.0 7.0 7.0 8.0 7.0 8.0 7.0 8.0 7.0 7.0 7.0 7.0 8.0 7.0 7.0 7.0 7.0 8.0 7.0 7.0 7.0 8.0 7.0 7.0 7.0 8.0
28 29 1 TRACE 13.0 9.0 8.0 8.0 9.0 8.0 9.0 9.0 8.0 10.0 9.0 8.0 8.0 9.0 8.0 9.0 9.0 8.0 9.0 8.0 9.0 8.0 8.0 8.0 8.0 8.0 8.0 8.0 8.0 9.0 8.0 9.0 8.0 8.0 8.0 8.0 8.0 8.0 8.0 8.0 8.0 8.0 8.0 9.0 8.0 8.0 8.0 9.0 8.0 8.0 8.0 8.0 8.0 9.0 8.0 8.0 8.0 8.0 12.0 8.0 8.0 9.0 8.0 9.0 9.0 8.0 8.0 8.0 8.0 8.0 8.0 8.0 8.0 8.0 8.0 8.0 8.0 8.0 8.0 8.0 9.0 18.0 8.0 8.0 8.0 8.0 9.0 8.0 8.0 8.0 8.0 8.0 8.0 9.0 8.0 12.0 8.0 8.0 9.0 9.0 8.0 8.0 8.0 8.0 9.0 22.0 9.0 10.0 9.0 9.0 9.0 8.0 8.0 8.0 8.0 8.0 9.0 9.0 8.0 9.0 8.0 8.0 8.0 8.0 8.0 8.0 8.0 8.0 8.0 8.0 8.0 9.0 8.0 8.0 9.0 8.0 8.0 9.0 8.0 8.0 8.0 8.0 8.0 8.0 8.0 8.0 8.0 8.0 8.0 8.0 9.0 9.0 9.0 8.0 8.0 8.0 8.0 9.0 8.0 9.0 8.0 8.0 8.0 8.0 8.0 8.0 8.0 8.0 8.0 8.0 8.0 8.0 8.0 9.0 9.0 8.0 9.0 8.0 8.0 9.0 8.0 9.0 8.0 8.0 8.0 9.0 8.0 8.0 9.0 10.0 9.0 8.0 9.0 8.0 8.0 8.0 8.0 8.0
29 30 1 TRACE 30.0 24.0 54.0 29.0 25.0 24.0 35.0 25.0 29.0 103.0 27.0 25.0 60.0 29.0 28.0 84.0 41.0 25.0 73.0 26.0 25.0 76.0 45.0 25.0 69.0 29.0 45.0 68.0 26.0 26.0 33.0 24.0 56.0 23.0 24.0 30.0 26.0 26.0 25.0 66.0 26.0 24.0 35.0 27.0 27.0 26.0 53.0 23.0 64.0 27.0 24.0 26.0 25.0 39.0 27.0 23.0 25.0 25.0 16.0 26.0 50.0 59.0 55.0 31.0 63.0 58.0 26.0 25.0 65.0 28.0 26.0 27.0 63.0 32.0 70.0 33.0 59.0 63.0 39.0 34.0 100.0 14.0 26.0 106.0 37.0 58.0 23.0 26.0 38.0 27.0 27.0 25.0 55.0 24.0 64.0 17.0 24.0 26.0 27.0 25.0 44.0 61.0 26.0 101.0 56.0 67.0 59.0 16.0 42.0 34.0 35.0 28.0 27.0 38.0 32.0 27.0 60.0 26.0 23.0 23.0 24.0 41.0 24.0 27.0 34.0 34.0 27.0 25.0 28.0 24.0 14.0 26.0 59.0 35.0 26.0 27.0 26.0 26.0 61.0 23.0 25.0 54.0 35.0 25.0 55.0 26.0 31.0 37.0 30.0 24.0 24.0 28.0 25.0 24.0 65.0 26.0 26.0 26.0 26.0 40.0 37.0 50.0 27.0 25.0 24.0 53.0 26.0 26.0 33.0 25.0 39.0 26.0 25.0 27.0 40.0 28.0 50.0 27.0 26.0 31.0 26.0 24.0 27.0 23.0 31.0 27.0 58.0 29.0 36.0 27.0 23.0 26.0 23.0 23.0 39.0 25.0 45.0 25.0
30 31 1 TRACE 24.0 17.0 15.0 9.0 8.0 13.0 48.0 8.0 13.0 13.0 14.0 13.0 51.0 13.0 13.0 15.0 8.0 13.0 14.0 9.0 13.0 13.0 13.0 13.0 13.0 9.0 8.0 15.0 8.0 13.0 14.0 14.0 15.0 13.0 8.0 14.0 14.0 9.0 8.0 14.0 20.0 14.0 8.0 14.0 14.0 9.0 14.0 15.0 8.0 14.0 14.0 8.0 7.0 14.0 13.0 8.0 13.0 14.0 8.0 13.0 13.0 9.0 14.0 13.0 8.0 13.0 13.0 8.0 14.0 13.0 14.0 13.0 8.0 8.0 8.0 13.0 13.0 14.0 14.0 14.0 13.0 15.0 14.0 14.0 8.0 8.0 8.0 8.0 13.0 18.0 8.0 8.0 13.0 8.0 8.0 9.0 8.0 14.0 14.0 8.0 14.0 8.0 8.0 15.0 19.0 30.0 15.0 15.0 16.0 15.0 15.0 15.0 8.0 13.0 8.0 13.0 14.0 8.0 13.0 14.0 8.0 14.0 14.0 15.0 14.0 14.0 14.0 14.0 8.0 8.0 8.0 14.0 13.0 9.0 14.0 13.0 9.0 13.0 21.0 9.0 13.0 12.0 8.0 13.0 13.0 8.0 8.0 14.0 13.0 8.0 13.0 14.0 14.0 9.0 13.0 13.0 13.0 13.0 8.0 8.0 13.0 13.0 9.0 8.0 14.0 14.0 8.0 14.0 9.0 13.0 13.0 8.0 8.0 8.0 9.0 13.0 13.0 8.0 8.0 13.0 14.0 13.0 14.0 8.0 14.0 13.0 11.0 13.0 14.0 8.0 13.0 37.0 8.0 13.0 13.0 9.0 13.0 13.0
31 32 1 TRACE 17.0 13.0 12.0 11.0 12.0 12.0 12.0 11.0 11.0 12.0 17.0 12.0 12.0 12.0 12.0 12.0 12.0 11.0 12.0 11.0 12.0 12.0 12.0 12.0 12.0 11.0 12.0 12.0 12.0 12.0 12.0 12.0 13.0 12.0 11.0 12.0 12.0 11.0 11.0 12.0 12.0 12.0 11.0 12.0 12.0 11.0 12.0 12.0 12.0 12.0 12.0 12.0 12.0 12.0 12.0 16.0 12.0 11.0 12.0 11.0 12.0 12.0 12.0 11.0 12.0 11.0 11.0 11.0 12.0 11.0 12.0 11.0 12.0 12.0 11.0 12.0 12.0 12.0 12.0 12.0 12.0 12.0 12.0 13.0 12.0 12.0 12.0 12.0 12.0 12.0 11.0 11.0 12.0 15.0 11.0 11.0 11.0 12.0 13.0 11.0 12.0 12.0 12.0 12.0 12.0 15.0 13.0 14.0 13.0 14.0 13.0 13.0 12.0 12.0 11.0 12.0 12.0 12.0 12.0 12.0 12.0 12.0 12.0 12.0 12.0 12.0 11.0 11.0 11.0 12.0 12.0 12.0 11.0 11.0 12.0 12.0 12.0 11.0 12.0 11.0 12.0 12.0 12.0 12.0 12.0 12.0 12.0 12.0 12.0 12.0 11.0 12.0 11.0 11.0 12.0 11.0 12.0 11.0 11.0 11.0 11.0 12.0 11.0 12.0 12.0 12.0 12.0 12.0 12.0 12.0 12.0 12.0 11.0 12.0 11.0 11.0 11.0 11.0 11.0 12.0 12.0 12.0 11.0 12.0 12.0 12.0 14.0 12.0 11.0 19.0 12.0 12.0 11.0 11.0 12.0 12.0 26.0 12.0
32 33 1 TRACE 23.0 12.0 13.0 44.0 31.0 12.0 52.0 12.0 12.0 50.0 13.0 12.0 12.0 12.0 13.0 13.0 13.0 12.0 13.0 12.0 13.0 13.0 13.0 12.0 12.0 13.0 13.0 13.0 12.0 12.0 12.0 13.0 13.0 13.0 12.0 13.0 12.0 12.0 13.0 12.0 13.0 13.0 13.0 12.0 13.0 12.0 13.0 12.0 13.0 13.0 12.0 13.0 12.0 13.0 13.0 15.0 12.0 13.0 46.0 46.0 13.0 13.0 13.0 12.0 13.0 12.0 12.0 13.0 12.0 13.0 13.0 12.0 12.0 13.0 13.0 13.0 12.0 13.0 13.0 13.0 13.0 13.0 12.0 13.0 13.0 13.0 12.0 12.0 13.0 13.0 12.0 12.0 12.0 47.0 12.0 15.0 13.0 13.0 13.0 13.0 13.0 13.0 13.0 23.0 38.0 24.0 13.0 15.0 24.0 17.0 14.0 55.0 13.0 14.0 12.0 12.0 14.0 13.0 12.0 13.0 13.0 12.0 13.0 23.0 13.0 13.0 12.0 48.0 12.0 50.0 13.0 13.0 12.0 12.0 13.0 13.0 13.0 12.0 12.0 12.0 13.0 13.0 13.0 12.0 14.0 18.0 13.0 13.0 12.0 13.0 12.0 13.0 12.0 12.0 13.0 13.0 12.0 12.0 13.0 13.0 12.0 13.0 12.0 13.0 13.0 13.0 20.0 13.0 12.0 12.0 13.0 12.0 12.0 12.0 13.0 12.0 13.0 12.0 13.0 12.0 13.0 13.0 13.0 50.0 12.0 13.0 26.0 13.0 13.0 13.0 13.0 13.0 13.0 12.0 12.0 12.0 12.0 13.0
33 34 1 TRACE 115.0 399.0 91.0 37.0 75.0 606.0 103.0 83.0 390.0 83.0 58.0 184.0 129.0 52.0 213.0 89.0 59.0 311.0 118.0 73.0 193.0 97.0 87.0 416.0 106.0 65.0 217.0 104.0 88.0 339.0 91.0 57.0 93.0 73.0 95.0 296.0 104.0 122.0 87.0 68.0 152.0 113.0 69.0 415.0 96.0 90.0 207.0 103.0 85.0 221.0 119.0 56.0 70.0 690.0 110.0 37.0 241.0 103.0 24.0 511.0 84.0 58.0 398.0 106.0 71.0 234.0 125.0 89.0 280.0 122.0 56.0 113.0 78.0 58.0 220.0 104.0 60.0 152.0 104.0 80.0 58.0 688.0 104.0 74.0 54.0 77.0 81.0 88.0 131.0 48.0 95.0 99.0 50.0 38.0 70.0 47.0 221.0 106.0 63.0 133.0 89.0 75.0 60.0 237.0 165.0 79.0 289.0 148.0 60.0 470.0 92.0 72.0 74.0 103.0 101.0 184.0 83.0 76.0 307.0 97.0 68.0 191.0 115.0 81.0 250.0 118.0 82.0 125.0 68.0 74.0 57.0 253.0 106.0 64.0 116.0 105.0 71.0 317.0 94.0 63.0 100.0 113.0 68.0 324.0 117.0 99.0 64.0 667.0 81.0 91.0 120.0 88.0 53.0 102.0 95.0 83.0 159.0 105.0 112.0 76.0 560.0 82.0 105.0 105.0 88.0 62.0 130.0 129.0 61.0 143.0 90.0 76.0 94.0 89.0 83.0 61.0 91.0 86.0 70.0 107.0 69.0 150.0 99.0 35.0 169.0 131.0 74.0 103.0 133.0 21.0 173.0 82.0 104.0 259.0 100.0 98.0 198.0 96.0
34 35 1 TRACE 714.0 48.0 41.0 15.0 36.0 52.0 36.0 35.0 56.0 37.0 35.0 38.0 37.0 36.0 188.0 38.0 34.0 42.0 92.0 34.0 42.0 179.0 36.0 171.0 37.0 25.0 39.0 39.0 75.0 43.0 38.0 37.0 37.0 33.0 36.0 42.0 36.0 14.0 79.0 37.0 40.0 37.0 35.0 46.0 37.0 37.0 71.0 38.0 38.0 40.0 37.0 15.0 41.0 118.0 36.0 61.0 42.0 39.0 35.0 56.0 36.0 36.0 50.0 46.0 35.0 41.0 37.0 35.0 41.0 38.0 37.0 37.0 33.0 14.0 41.0 38.0 36.0 41.0 37.0 31.0 37.0 74.0 34.0 14.0 39.0 34.0 14.0 36.0 14.0 14.0 41.0 16.0 15.0 38.0 33.0 14.0 41.0 38.0 15.0 59.0 38.0 14.0 37.0 65.0 85.0 52.0 77.0 99.0 39.0 59.0 37.0 15.0 39.0 34.0 46.0 53.0 43.0 35.0 81.0 36.0 35.0 113.0 38.0 36.0 41.0 38.0 53.0 39.0 33.0 16.0 34.0 58.0 37.0 37.0 39.0 46.0 35.0 42.0 37.0 39.0 39.0 34.0 51.0 43.0 39.0 17.0 36.0 60.0 34.0 34.0 39.0 62.0 14.0 34.0 34.0 37.0 39.0 47.0 14.0 36.0 47.0 37.0 16.0 39.0 37.0 15.0 39.0 37.0 34.0 170.0 37.0 16.0 37.0 34.0 69.0 42.0 15.0 13.0 72.0 31.0 37.0 103.0 36.0 43.0 118.0 42.0 32.0 39.0 38.0 34.0 41.0 36.0 36.0 396.0 36.0 36.0 151.0 36.0
35 36 1 TRACE 43.0 46.0 33.0 14.0 34.0 80.0 33.0 31.0 52.0 34.0 34.0 38.0 33.0 82.0 228.0 33.0 31.0 48.0 34.0 30.0 40.0 37.0 34.0 54.0 35.0 13.0 37.0 34.0 45.0 44.0 34.0 33.0 33.0 30.0 30.0 42.0 33.0 13.0 58.0 33.0 38.0 33.0 31.0 51.0 33.0 32.0 93.0 35.0 33.0 39.0 33.0 13.0 33.0 137.0 32.0 34.0 45.0 34.0 33.0 56.0 33.0 31.0 61.0 32.0 31.0 40.0 34.0 31.0 44.0 33.0 33.0 35.0 31.0 13.0 39.0 35.0 33.0 38.0 36.0 61.0 32.0 83.0 33.0 13.0 33.0 30.0 13.0 33.0 13.0 12.0 35.0 12.0 12.0 31.0 30.0 13.0 39.0 35.0 13.0 39.0 37.0 13.0 42.0 268.0 86.0 68.0 72.0 75.0 76.0 73.0 35.0 13.0 36.0 41.0 32.0 86.0 35.0 30.0 44.0 33.0 31.0 117.0 48.0 33.0 41.0 34.0 67.0 44.0 30.0 14.0 32.0 51.0 33.0 33.0 35.0 35.0 30.0 44.0 33.0 30.0 34.0 30.0 38.0 76.0 32.0 13.0 36.0 109.0 30.0 30.0 37.0 65.0 26.0 31.0 30.0 33.0 35.0 49.0 13.0 33.0 54.0 33.0 14.0 37.0 33.0 13.0 37.0 35.0 30.0 35.0 35.0 23.0 67.0 30.0 31.0 109.0 13.0 49.0 81.0 28.0 42.0 71.0 34.0 31.0 39.0 34.0 33.0 34.0 34.0 30.0 58.0 35.0 31.0 99.0 33.0 31.0 39.0 128.0
36 37 1 TRACE 80.0 206.0 40.0 62.0 114.0 331.0 195.0 61.0 193.0 48.0 23.0 102.0 41.0 25.0 93.0 40.0 43.0 700.0 23.0 102.0 100.0 24.0 49.0 400.0 73.0 73.0 113.0 27.0 24.0 209.0 165.0 23.0 60.0 66.0 86.0 83.0 77.0 89.0 45.0 33.0 131.0 31.0 124.0 267.0 31.0 24.0 207.0 59.0 23.0 155.0 28.0 123.0 57.0 364.0 58.0 23.0 154.0 29.0 45.0 268.0 62.0 46.0 504.0 59.0 55.0 114.0 61.0 54.0 163.0 80.0 35.0 132.0 77.0 88.0 151.0 122.0 67.0 90.0 79.0 24.0 39.0 373.0 34.0 81.0 38.0 56.0 110.0 80.0 53.0 80.0 36.0 68.0 72.0 66.0 21.0 87.0 54.0 45.0 59.0 209.0 43.0 89.0 43.0 451.0 40.0 124.0 240.0 28.0 41.0 271.0 67.0 53.0 36.0 52.0 25.0 113.0 43.0 42.0 148.0 24.0 88.0 97.0 34.0 73.0 155.0 52.0 29.0 33.0 56.0 67.0 97.0 114.0 83.0 33.0 61.0 46.0 52.0 152.0 51.0 39.0 74.0 41.0 34.0 177.0 68.0 88.0 97.0 420.0 43.0 22.0 68.0 25.0 53.0 75.0 36.0 25.0 74.0 226.0 60.0 45.0 390.0 44.0 93.0 98.0 51.0 69.0 83.0 85.0 42.0 76.0 48.0 65.0 27.0 23.0 22.0 31.0 103.0 64.0 39.0 63.0 38.0 238.0 70.0 43.0 123.0 120.0 58.0 82.0 73.0 50.0 85.0 30.0 30.0 144.0 49.0 56.0 167.0 24.0
37 38 1 TRACE 52.0 59.0 24.0 24.0 33.0 96.0 26.0 24.0 59.0 24.0 22.0 57.0 26.0 30.0 43.0 25.0 24.0 53.0 25.0 25.0 51.0 23.0 25.0 61.0 33.0 26.0 42.0 53.0 24.0 61.0 33.0 25.0 27.0 38.0 25.0 55.0 27.0 23.0 86.0 24.0 40.0 23.0 24.0 79.0 25.0 24.0 55.0 23.0 24.0 81.0 24.0 24.0 26.0 92.0 31.0 24.0 49.0 26.0 25.0 72.0 51.0 25.0 66.0 24.0 24.0 45.0 27.0 31.0 52.0 26.0 22.0 69.0 24.0 68.0 41.0 24.0 54.0 46.0 25.0 23.0 26.0 88.0 24.0 24.0 28.0 85.0 23.0 26.0 24.0 34.0 30.0 22.0 23.0 26.0 22.0 24.0 38.0 25.0 23.0 42.0 34.0 21.0 60.0 57.0 50.0 126.0 66.0 29.0 33.0 73.0 27.0 59.0 27.0 24.0 31.0 52.0 26.0 68.0 50.0 81.0 57.0 43.0 27.0 25.0 67.0 25.0 25.0 40.0 25.0 23.0 29.0 51.0 23.0 35.0 36.0 24.0 24.0 57.0 25.0 22.0 31.0 24.0 26.0 79.0 25.0 24.0 27.0 87.0 23.0 29.0 40.0 24.0 24.0 27.0 23.0 56.0 33.0 38.0 62.0 26.0 115.0 49.0 23.0 66.0 25.0 23.0 65.0 25.0 24.0 34.0 24.0 61.0 27.0 24.0 24.0 29.0 25.0 23.0 38.0 25.0 23.0 47.0 39.0 26.0 44.0 23.0 25.0 35.0 25.0 25.0 39.0 32.0 31.0 50.0 23.0 25.0 47.0 65.0
38 39 1 TRACE 26.0 22.0 19.0 21.0 19.0 23.0 24.0 20.0 22.0 21.0 20.0 38.0 43.0 48.0 22.0 19.0 20.0 29.0 21.0 20.0 23.0 29.0 18.0 21.0 26.0 22.0 22.0 20.0 18.0 23.0 21.0 19.0 19.0 23.0 20.0 26.0 18.0 21.0 21.0 58.0 22.0 19.0 20.0 34.0 21.0 21.0 26.0 21.0 61.0 30.0 20.0 19.0 21.0 20.0 21.0 20.0 23.0 20.0 20.0 25.0 19.0 19.0 24.0 19.0 21.0 23.0 20.0 20.0 64.0 22.0 66.0 54.0 26.0 21.0 26.0 22.0 19.0 23.0 19.0 21.0 21.0 28.0 21.0 20.0 61.0 74.0 23.0 26.0 61.0 67.0 23.0 22.0 21.0 21.0 43.0 18.0 24.0 20.0 20.0 53.0 19.0 20.0 57.0 51.0 58.0 41.0 40.0 48.0 63.0 27.0 28.0 24.0 73.0 20.0 63.0 22.0 20.0 59.0 21.0 27.0 21.0 25.0 20.0 21.0 23.0 31.0 20.0 43.0 21.0 58.0 21.0 25.0 21.0 26.0 58.0 20.0 18.0 61.0 30.0 20.0 20.0 58.0 21.0 26.0 19.0 20.0 21.0 23.0 22.0 21.0 24.0 20.0 21.0 54.0 59.0 55.0 22.0 24.0 21.0 21.0 54.0 22.0 27.0 24.0 18.0 20.0 28.0 18.0 19.0 22.0 19.0 23.0 20.0 20.0 28.0 21.0 22.0 20.0 22.0 21.0 19.0 23.0 19.0 20.0 23.0 21.0 20.0 22.0 22.0 18.0 23.0 20.0 24.0 22.0 64.0 100.0 30.0 54.0
39 25 1 TRACE 14.0 13.0 14.0 20.0 13.0 13.0 13.0 14.0 14.0 13.0 14.0 14.0 15.0 14.0 14.0 14.0 21.0 15.0 13.0 14.0 14.0 15.0 26.0 14.0 28.0 51.0 14.0 14.0 15.0 14.0 14.0 14.0 13.0 14.0 14.0 13.0 13.0 34.0 23.0 17.0 15.0 14.0 14.0 14.0 14.0 14.0 13.0 14.0 15.0 14.0 13.0 14.0 14.0 14.0 14.0 13.0 17.0 22.0 14.0 14.0 13.0 13.0 14.0 13.0 14.0 14.0 14.0 13.0 14.0 14.0 14.0
39 40 1 TRACE 35.0 27.0 23.0 34.0 27.0 31.0 35.0 22.0 23.0 21.0 61.0 64.0 22.0 45.0 22.0 62.0 23.0 36.0 24.0 24.0 65.0 64.0 24.0 22.0 60.0 25.0 25.0 25.0 22.0 25.0 22.0 57.0 55.0 53.0 43.0 70.0 59.0 23.0 25.0 24.0 22.0 31.0 24.0 27.0 27.0 24.0 26.0 24.0 58.0 55.0 23.0 23.0 24.0 22.0 24.0 62.0 21.0 22.0 24.0 65.0 22.0 25.0 25.0 32.0
39 51 1 TRACE 28.0 30.0 23.0 24.0 22.0 21.0 23.0 23.0 24.0 24.0 26.0 24.0 24.0 26.0 25.0 34.0 26.0 25.0 61.0 23.0 25.0 25.0 31.0 23.0 62.0 30.0 85.0 52.0 32.0 22.0 29.0 59.0 47.0 39.0 34.0 33.0 24.0 24.0 24.0 32.0 24.0 25.0 23.0 23.0 41.0 59.0 23.0 22.0 27.0 24.0 22.0 35.0 23.0 23.0 22.0 22.0 29.0 26.0 24.0 22.0 64.0 55.0 24.0
40 41 1 TRACE 99.0 107.0 78.0 50.0 53.0 69.0 57.0 84.0 54.0 79.0 38.0 60.0 39.0 50.0 94.0 65.0 61.0 114.0 62.0 94.0 88.0 54.0 67.0 38.0 50.0 46.0 114.0 38.0 37.0 39.0 37.0 50.0 42.0 52.0 64.0 99.0 39.0 51.0 72.0 55.0 60.0 39.0 60.0 43.0 69.0 38.0 79.0 118.0 45.0 36.0 43.0 106.0 42.0 42.0 41.0 36.0 37.0 37.0 58.0 52.0 40.0 48.0 69.0 61.0
41 42 1 TRACE 17.0 12.0 11.0 13.0 12.0 12.0 12.0 11.0 11.0 12.0 15.0 11.0 13.0 12.0 12.0 12.0 12.0 11.0 13.0 12.0 13.0 13.0 12.0 13.0 13.0 11.0 14.0 12.0 12.0 12.0 12.0 12.0 12.0 11.0 12.0 12.0 11.0 13.0 12.0 12.0 11.0 12.0 12.0 11.0 14.0 11.0 11.0 13.0 12.0 12.0 13.0 12.0 11.0 12.0 12.0 13.0 13.0 12.0 11.0 12.0 12.0 11.0 12.0 12.0 11.0 12.0 12.0 11.0 13.0 12.0 12.0 13.0 12.0 12.0 12.0 12.0 11.0 12.0 12.0 12.0 11.0 13.0 11.0 11.0 12.0 11.0 11.0 12.0 12.0 12.0 11.0 12.0 12.0 12.0 12.0 11.0 12.0 12.0 12.0 12.0 13.0 12.0 12.0 13.0 11.0 12.0 12.0 14.0 12.0 13.0 13.0 12.0 14.0 12.0 12.0 16.0 12.0 11.0 11.0 12.0 12.0 11.0 12.0 12.0 12.0 12.0 12.0 11.0 12.0 11.0 12.0 12.0 12.0 12.0 11.0 13.0 12.0 11.0 16.0 12.0 11.0 13.0 11.0 11.0 12.0 12.0 12.0 12.0 13.0 11.0 11.0 13.0 12.0 12.0 12.0 12.0 12.0 12.0 11.0 12.0 12.0 13.0 12.0 17.0 12.0 12.0 12.0 12.0 12.0 11.0 12.0 12.0 11.0 12.0 12.0 12.0 12.0 11.0 14.0 12.0 13.0 12.0 11.0 11.0 12.0 12.0 12.0 12.0 13.0 12.0 12.0 12.0 11.0 11.0 13.0 12.0 11.0 12.0 11.0 11.0 12.0 12.0 11.0 13.0 12.0 12.0
42 43 1 TRACE 15.0 10.0 11.0 10.0 11.0 11.0 11.0 11.0 11.0 11.0 11.0 10.0 11.0 12.0 11.0 11.0 12.0 11.0 11.0 11.0 11.0 11.0 11.0 11.0 24.0 11.0 11.0 11.0 11.0 11.0 11.0 10.0 11.0 11.0 11.0 11.0 10.0 11.0 11.0 11.0 11.0 11.0 11.0 11.0 11.0 11.0 11.0 11.0 11.0 11.0 11.0 11.0 11.0 11.0 11.0 11.0 11.0 11.0 11.0 11.0 11.0 11.0 11.0 11.0 11.0 12.0 11.0 11.0 11.0 11.0 11.0 11.0 11.0 11.0 11.0 11.0 11.0 11.0 11.0 11.0 11.0 11.0 11.0 11.0 11.0 11.0 11.0 11.0 11.0 11.0 11.0 11.0 11.0 11.0 11.0 10.0 11.0 10.0 10.0 11.0 11.0 11.0 11.0 11.0 11.0 11.0 11.0 13.0 12.0 12.0 12.0 11.0 12.0 12.0 12.0 12.0 11.0 11.0 11.0 12.0 11.0 11.0 11.0 11.0 11.0 11.0 11.0 11.0 11.0 11.0 11.0 11.0 11.0 11.0 11.0 11.0 11.0 11.0 11.0 11.0 10.0 11.0 11.0 10.0 11.0 11.0 11.0 11.0 11.0 11.0 12.0 11.0 11.0 11.0 11.0 11.0 11.0 11.0 11.0 11.0 11.0 12.0 11.0 11.0 11.0 11.0 11.0 11.0 11.0 11.0 10.0 11.0 10.0 11.0 11.0 11.0 11.0 11.0 11.0 11.0 11.0 11.0 11.0 10.0 11.0 11.0 11.0 11.0 12.0 11.0 11.0 11.0 11.0 10.0 11.0 11.0 11.0 11.0 11.0 11.0 12.0 11.0 11.0 11.0 11.0 11.0
43 44 1 TRACE 12.0 8.0 7.0 8.0 8.0 8.0 8.0 8.0 8.0 8.0 8.0 8.0 8.0 8.0 8.0 8.0 8.0 8.0 8.0 8.0 9.0 8.0 8.0 11.0 9.0 8.0 8.0 8.0 8.0 8.0 8.0 8.0 8.0 8.0 8.0 8.0 8.0 8.0 8.0 8.0 8.0 8.0 8.0 8.0 8.0 8.0 8.0 8.0 8.0 8.0 8.0 8.0 8.0 8.0 8.0 8.0 8.0 8.0 8.0 8.0 8.0 7.0 8.0 8.0 8.0 8.0 8.0 8.0 8.0 8.0 8.0 8.0 8.0 8.0 8.0 8.0 8.0 8.0 8.0 8.0 8.0 8.0 8.0 8.0 8.0 8.0 8.0 8.0 8.0 8.0 8.0 8.0 8.0 8.0 8.0 8.0 8.0 8.0 14.0 8.0 8.0 8.0 8.0 8.0 8.0 8.0 8.0 10.0 22.0 9.0 9.0 8.0 9.0 9.0 8.0 9.0 8.0 9.0 8.0 8.0 8.0 8.0 8.0 8.0 8.0 8.0 8.0 8.0 8.0 8.0 8.0 8.0 8.0 8.0 8.0 8.0 8.0 8.0 9.0 8.0 8.0 8.0 8.0 8.0 8.0 8.0 8.0 8.0 8.0 8.0 8.0 8.0 8.0 8.0 8.0 8.0 8.0 8.0 8.0 8.0 8.0 8.0 8.0 8.0 8.0 8.0 8.0 8.0 8.0 8.0 8.0 8.0 8.0 8.0 8.0 11.0 8.0 8.0 8.0 8.0 8.0 8.0 8.0 8.0 8.0 8.0 8.0 8.0 8.0 8.0 8.0 8.0 8.0 8.0 8.0 8.0 8.0 8.0 8.0 8.0 8.0 8.0 8.0 8.0 8.0 9.0
44 45 1 TRACE 35.0 29.0 22.0 28.0 26.0 24.0 34.0 22.0 21.0 59.0 39.0 31.0 34.0 18.0 35.0 28.0 45.0 25.0 29.0 20.0 23.0 46.0 27.0 25.0 19.0 30.0 22.0 45.0 22.0 22.0 35.0 22.0 22.0 28.0 31.0 54.0 22.0 37.0 60.0 36.0 20.0 24.0 54.0 25.0 23.0 21.0 21.0 25.0 24.0 22.0 27.0 21.0 19.0 29.0 26.0 19.0 55.0 24.0 22.0 53.0 42.0 22.0 52.0 23.0 26.0 51.0 22.0 25.0 66.0 25.0 48.0 77.0 22.0 46.0 21.0 34.0 22.0 23.0 35.0 21.0 22.0 27.0 23.0 23.0 46.0 43.0 22.0 23.0 35.0 22.0 22.0 52.0 26.0 21.0 56.0 20.0 23.0 57.0 17.0 33.0 54.0 23.0 39.0 36.0 51.0 22.0 127.0 138.0 71.0 84.0 85.0 49.0 30.0 24.0 27.0 21.0 24.0 21.0 23.0 25.0 34.0 29.0 28.0 29.0 20.0 28.0 40.0 19.0 41.0 23.0 21.0 35.0 24.0 21.0 28.0 42.0 23.0 23.0 22.0 22.0 22.0 30.0 22.0 23.0 36.0 22.0 72.0 30.0 36.0 55.0 39.0 54.0 25.0 57.0 71.0 24.0 53.0 24.0 21.0 28.0 23.0 20.0 20.0 19.0 22.0 40.0 21.0 58.0 21.0 22.0 31.0 45.0 20.0 31.0 25.0 26.0 23.0 26.0 36.0 21.0 35.0 44.0 21.0 20.0 21.0 20.0 22.0 56.0 19.0 21.0 20.0 28.0 21.0 82.0 20.0 20.0 19.0 49.0 20.0 21.0 19.0 21.0 30.0 19.0 56.0 19.0
45 46 1 TRACE 18.0 16.0 12.0 13.0 14.0 14.0 13.0 14.0 13.0 15.0 15.0 16.0 15.0 14.0 13.0 15.0 15.0 13.0 15.0 13.0 14.0 15.0 14.0 15.0 14.0 16.0 14.0 16.0 14.0 13.0 13.0 13.0 49.0 15.0 14.0 14.0 14.0 14.0 14.0 14.0 13.0 46.0 14.0 13.0 14.0 13.0 13.0 14.0 13.0 13.0 14.0 14.0 13.0 13.0 13.0 24.0 14.0 13.0 13.0 14.0 15.0 13.0 15.0 14.0 14.0 53.0 13.0 13.0 16.0 13.0 14.0 14.0 14.0 14.0 14.0 14.0 14.0 14.0 13.0 14.0 13.0 15.0 13.0 13.0 13.0 14.0 13.0 13.0 14.0 20.0 14.0 14.0 13.0 13.0 14.0 14.0 14.0 14.0 13.0 13.0 15.0 13.0 14.0 14.0 14.0 13.0 16.0 29.0 16.0 16.0 28.0 24.0 16.0 15.0 14.0 15.0 14.0 14.0 14.0 15.0 15.0 14.0 14.0 15.0 13.0 22.0 14.0 14.0 14.0 13.0 14.0 13.0 14.0 24.0 14.0 17.0 14.0 14.0 14.0 20.0 14.0 16.0 13.0 13.0 14.0 13.0 15.0 13.0 23.0 14.0 14.0 16.0 13.0 14.0 15.0 14.0 14.0 14.0 14.0 14.0 14.0 13.0 14.0 14.0 14.0 24.0 13.0 14.0 14.0 14.0 16.0 14.0 49.0 14.0 13.0 14.0 14.0 15.0 21.0 14.0 15.0 16.0 15.0 13.0 13.0 14.0 14.0 15.0 13.0 14.0 14.0 14.0 14.0 13.0 13.0 15.0 14.0 14.0 14.0 13.0 15.0 59.0 14.0 13.0 14.0 13.0
46 47 1 TRACE 218.0 84.0 73.0 197.0 103.0 90.0 199.0 83.0 75.0 268.0 92.0 73.0 257.0 93.0 73.0 212.0 84.0 73.0 245.0 92.0 77.0 194.0 80.0 96.0 255.0 89.0 73.0 199.0 83.0 73.0 305.0 126.0 75.0 76.0 228.0 103.0 76.0 309.0 149.0 73.0 73.0 276.0 103.0 72.0 192.0 120.0 75.0 223.0 88.0 75.0 230.0 90.0 92.0 218.0 81.0 90.0 231.0 87.0 75.0 207.0 78.0 74.0 229.0 82.0 73.0 249.0 100.0 113.0 219.0 87.0 73.0 343.0 125.0 73.0 75.0 267.0 94.0 76.0 293.0 117.0 75.0 180.0 78.0 75.0 302.0 127.0 83.0 107.0 301.0 139.0 75.0 72.0 311.0 119.0 76.0 73.0 311.0 128.0 77.0 73.0 319.0 135.0 73.0 350.0 112.0 75.0 380.0 150.0 82.0 330.0 135.0 77.0 213.0 83.0 84.0 312.0 152.0 74.0 72.0 258.0 89.0 71.0 209.0 95.0 72.0 239.0 88.0 72.0 222.0 85.0 71.0 303.0 117.0 84.0 71.0 225.0 87.0 72.0 306.0 97.0 71.0 209.0 107.0 72.0 293.0 143.0 72.0 71.0 196.0 81.0 71.0 207.0 74.0 73.0 322.0 95.0 71.0 297.0 148.0 74.0 71.0 308.0 100.0 71.0 187.0 74.0 71.0 309.0 101.0 71.0 311.0 101.0 74.0 311.0 113.0 72.0 307.0 148.0 72.0 71.0 295.0 147.0 72.0 73.0 304.0 154.0 72.0 71.0 267.0 91.0 72.0 250.0 90.0 80.0 317.0 106.0 110.0 275.0 92.0 114.0 212.0 83.0 101.0 226.0 86.0 71.0
47 48 1 TRACE 13.0 10.0 10.0 17.0 8.0 10.0 9.0 10.0 8.0 9.0 10.0 10.0 8.0 10.0 10.0 11.0 8.0 10.0 9.0 10.0 8.0 9.0 9.0 9.0 9.0 10.0 11.0 10.0 7.0 10.0 10.0 10.0 8.0 10.0 10.0 38.0 8.0 9.0 10.0 10.0 8.0 9.0 14.0 11.0 8.0 32.0 10.0 10.0 8.0 10.0 10.0 10.0 8.0 10.0 10.0 10.0 8.0 10.0 10.0 9.0 8.0 10.0 10.0 10.0 8.0 10.0 10.0 10.0 8.0 15.0 9.0 10.0 8.0 10.0 10.0 10.0 8.0 30.0 12.0 23.0 9.0 15.0 10.0 9.0 8.0 10.0 10.0 10.0 8.0 10.0 9.0 12.0 9.0 9.0 39.0 10.0 9.0 10.0 10.0 10.0 8.0 9.0 10.0 10.0 8.0 40.0 10.0 10.0 8.0 10.0 10.0 10.0 8.0 10.0 10.0 15.0 8.0 58.0 9.0 39.0 8.0 11.0 62.0 49.0 8.0 12.0 15.0 10.0 7.0 10.0 34.0 11.0 8.0 10.0 9.0 10.0 8.0 11.0 10.0 11.0 8.0 10.0 39.0 10.0 8.0 9.0 10.0 10.0 8.0 10.0 10.0 11.0 8.0 10.0 10.0 44.0 8.0 9.0 17.0 10.0 8.0 16.0 9.0 10.0 8.0 10.0 10.0 37.0 8.0 11.0 9.0 13.0 8.0 9.0 10.0 10.0 8.0 10.0 10.0 10.0 17.0 10.0 9.0 10.0 8.0 10.0 9.0 10.0 8.0 10.0 10.0 11.0 8.0 10.0 11.0 10.0 8.0 10.0 10.0 9.0 8.0 10.0 33.0 10.0 8.0 10.0 10.0 10.0 8.0 10.0 35.0 11.0 8.0 11.0 10.0 10.0 8.0 9.0 10.0 9.0 7.0 10.0 10.0 10.0 9.0 17.0 10.0 10.0 8.0 10.0 9.0 10.0 8.0 10.0 10.0 10.0 9.0 11.0 10.0 11.0 8.0 9.0 9.0 9.0 8.0 10.0 9.0 9.0 8.0 10.0 10.0 12.0 8.0 16.0 10.0 10.0 8.0 33.0 9.0 10.0 8.0 10.0 10.0 10.0 8.0 10.0 18.0 9.0 7.0 9.0 10.0 10.0 9.0 10.0 9.0 10.0 8.0 10.0 10.0 10.0 8.0 10.0 10.0 10.0 9.0 11.0 9.0 10.0 8.0 37.0 10.0 10.0 8.0 10.0 18.0 10.0 8.0 13.0 10.0 10.0 8.0 17.0 10.0 10.0 8.0 10.0 9.0 10.0 8.0 10.0 10.0 10.0 8.0 10.0 10.0 10.0 8.0 11.0 10.0 11.0 8.0 9.0 10.0 10.0 8.0 10.0 10.0 10.0 8.0 10.0 10.0 20.0 8.0 16.0 10.0 15.0 8.0 10.0 10.0 10.0 8.0 10.0 10.0 10.0 8.0 9.0 14.0 10.0 8.0 9.0 10.0 10.0 8.0 10.0 10.0 11.0 8.0 15.0 9.0 9.0 8.0 17.0 9.0 9.0 8.0 11.0 10.0 10.0 10.0 11.0 11.0 10.0 8.0 10.0 30.0 10.0 8.0 17.0 10.0 10.0 8.0 10.0 9.0 10.0 9.0 10.0 10.0 10.0 8.0 9.0 9.0 10.0 8.0 10.0 9.0 10.0 8.0 10.0 10.0 10.0 9.0 10.0 11.0 10.0 8.0 10.0 9.0 10.0 8.0 9.0 9.0 10.0 8.0 10.0 10.0 11.0 8.0 10.0 10.0 14.0 7.0 10.0 10.0 9.0 10.0 28.0 11.0 11.0 20.0 52.0 10.0 23.0 10.0 23.0 21.0 11.0 9.0 12.0 11.0 12.0 10.0 12.0 14.0 23.0 9.0 10.0 11.0 10.0 9.0 11.0 11.0 11.0 9.0 11.0 10.0 10.0 9.0 10.0 10.0 11.0 9.0 11.0 10.0 12.0 8.0 10.0 10.0 10.0 8.0 10.0 9.0 10.0 8.0 10.0 10.0 9.0 8.0 10.0 9.0 11.0 8.0 10.0 10.0 9.0 8.0 10.0 10.0 10.0 8.0 10.0 10.0 10.0 8.0 10.0 10.0 10.0 8.0 11.0 9.0 9.0 8.0 9.0 25.0 11.0 8.0 14.0 27.0 10.0 8.0 13.0 10.0 9.0 8.0 10.0 10.0 11.0 8.0 10.0 10.0 21.0 7.0 15.0 10.0 10.0 8.0 10.0 10.0 12.0 8.0 10.0 9.0 10.0 9.0 9.0 10.0 10.0 8.0 10.0 10.0 10.0 8.0 9.0 10.0 10.0 7.0 9.0 35.0 12.0 8.0 30.0 14.0 9.0 8.0 27.0 27.0 10.0 8.0 10.0 10.0 10.0 8.0 42.0 10.0 10.0 8.0 10.0 10.0 10.0 8.0 10.0 10.0 10.0 8.0 41.0 10.0 10.0 8.0 10.0 10.0 11.0 8.0 9.0 9.0 10.0 8.0 9.0 10.0 10.0 7.0 10.0 9.0 10.0 8.0 10.0 10.0 10.0 8.0 10.0 10.0 11.0 8.0 10.0 18.0 10.0 9.0 10.0 10.0 18.0 8.0 10.0 9.0 9.0 8.0 10.0 10.0 9.0 8.0 9.0 10.0 10.0 8.0 9.0 9.0 10.0 7.0 10.0 10.0 10.0 8.0 9.0 11.0 11.0 8.0 39.0 16.0 9.0 8.0 13.0 10.0 10.0 8.0 10.0 9.0 10.0 8.0 10.0 10.0 10.0 8.0 10.0 10.0 46.0 8.0 9.0 10.0 10.0 8.0 10.0 10.0 11.0 8.0 10.0 10.0 9.0 8.0 38.0 10.0 9.0 9.0 10.0 10.0 11.0 8.0 9.0 10.0 41.0 8.0 13.0 9.0 9.0 8.0 10.0 47.0 10.0 8.0 10.0 10.0 10.0 8.0 10.0 9.0 10.0 8.0 22.0 10.0 10.0 7.0 9.0 9.0 10.0 8.0 9.0 10.0 10.0 8.0 10.0 10.0 10.0 8.0 10.0 9.0 10.0 8.0 10.0 9.0 10.0 8.0 10.0 10.0 10.0 7.0 10.0 10.0 10.0 8.0 35.0 9.0 10.0 8.0 10.0 9.0 9.0 8.0 10.0 10.0 10.0 8.0 19.0 10.0 10.0 9.0 9.0 11.0 10.0 8.0 10.0 9.0 9.0 8.0 9.0 10.0 9.0 8.0 11.0 10.0 9.0 8.0 9.0 10.0 10.0 8.0 10.0 10.0 10.0 8.0 10.0 11.0 10.0 8.0 9.0 12.0 11.0 8.0 48.0 40.0 10.0 8.0 10.0 22.0 10.0 8.0 9.0 36.0 10.0 8.0 9.0 9.0 9.0 8.0 9.0 9.0 10.0 7.0 46.0 9.0 9.0 8.0 10.0 10.0 9.0 8.0 10.0 10.0 10.0 8.0 42.0 10.0 10.0 8.0 9.0 9.0 10.0 9.0 10.0 10.0 10.0 8.0 10.0 22.0 10.0 8.0 39.0 9.0 10.0
48 49 1 TRACE 32.0 30.0 21.0 19.0 8.0 11.0 10.0 11.0 8.0 9.0 9.0 9.0 19.0 26.0 21.0 20.0 8.0 10.0 10.0 10.0 7.0 9.0 9.0 10.0 27.0 38.0 21.0 18.0 8.0 11.0 11.0 11.0 8.0 9.0 10.0 13.0 30.0 27.0 20.0 19.0 9.0 55.0 17.0 14.0 7.0 9.0 9.0 9.0 30.0 28.0 21.0 20.0 8.0 14.0 14.0 13.0 7.0 10.0 16.0 9.0 28.0 27.0 21.0 19.0 8.0 11.0 11.0 12.0 7.0 10.0 9.0 10.0 30.0 28.0 21.0 19.0 8.0 27.0 14.0 24.0 8.0 9.0 9.0 39.0 25.0 27.0 21.0 20.0 8.0 10.0 11.0 11.0 8.0 9.0 10.0 10.0 30.0 28.0 20.0 20.0 8.0 13.0 14.0 13.0 7.0 11.0 9.0 10.0 26.0 27.0 22.0 20.0 8.0 11.0 11.0 11.0 7.0 10.0 10.0 11.0 20.0 27.0 22.0 20.0 13.0 23.0 20.0 18.0 7.0 9.0 12.0 11.0 7.0 9.0 9.0 10.0 29.0 28.0 21.0 19.0 8.0 13.0 12.0 48.0 7.0 9.0 10.0 10.0 21.0 27.0 21.0 20.0 12.0 21.0 18.0 23.0 8.0 9.0 10.0 10.0 8.0 10.0 9.0 9.0 30.0 28.0 20.0 20.0 8.0 47.0 16.0 16.0 7.0 9.0 10.0 10.0 23.0 27.0 22.0 55.0 8.0 24.0 10.0 11.0 7.0 10.0 9.0 10.0 29.0 33.0 21.0 48.0 8.0 12.0 12.0 12.0 7.0 9.0 9.0 11.0 29.0 27.0 21.0 19.0 8.0 13.0 13.0 13.0 7.0 10.0 34.0 11.0 18.0 28.0 20.0 19.0 7.0 10.0 9.0 11.0 7.0 10.0 9.0 9.0 30.0 30.0 21.0 19.0 8.0 12.0 12.0 13.0 7.0 10.0 10.0 10.0 22.0 27.0 20.0 19.0 8.0 10.0 10.0 11.0 8.0 10.0 10.0 9.0 23.0 27.0 20.0 20.0 8.0 10.0 10.0 11.0 8.0 9.0 9.0 10.0 30.0 27.0 21.0 20.0 8.0 15.0 14.0 12.0 7.0 9.0 10.0 10.0 28.0 37.0 20.0 23.0 8.0 13.0 11.0 11.0 7.0 10.0 10.0 10.0 21.0 27.0 20.0 20.0 12.0 23.0 19.0 19.0 8.0 10.0 20.0 10.0 8.0 10.0 10.0 10.0 30.0 28.0 21.0 22.0 8.0 18.0 16.0 14.0 7.0 10.0 10.0 9.0 29.0 27.0 21.0 19.0 8.0 18.0 17.0 17.0 7.0 9.0 10.0 10.0 19.0 25.0 21.0 19.0 8.0 10.0 21.0 11.0 7.0 9.0 10.0 10.0 20.0 26.0 21.0 21.0 13.0 22.0 19.0 18.0 7.0 10.0 11.0 10.0 8.0 9.0 10.0 10.0 19.0 25.0 21.0 20.0 14.0 25.0 20.0 19.0 7.0 9.0 9.0 9.0 8.0 10.0 10.0 10.0 21.0 26.0 20.0 20.0 12.0 33.0 19.0 18.0 7.0 10.0 10.0 9.0 8.0 9.0 9.0 10.0 20.0 49.0 20.0 26.0 12.0 22.0 19.0 18.0 8.0 9.0 9.0 44.0 7.0 9.0 10.0 10.0 29.0 28.0 21.0 20.0 9.0 18.0 16.0 52.0 7.0 9.0 9.0 10.0 26.0 28.0 23.0 21.0 10.0 20.0 17.0 19.0 7.0 25.0 10.0 10.0 34.0 135.0 28.0 31.0 8.0 19.0 14.0 13.0 9.0 11.0 21.0 10.0 57.0 30.0 33.0 22.0 11.0 15.0 15.0 27.0 8.0 10.0 11.0 23.0 26.0 68.0 21.0 21.0 9.0 12.0 12.0 11.0 8.0 10.0 10.0 10.0 19.0 67.0 20.0 21.0 15.0 31.0 19.0 32.0 7.0 9.0 9.0 10.0 8.0 9.0 10.0 9.0 29.0 28.0 20.0 20.0 9.0 20.0 13.0 12.0 8.0 10.0 10.0 9.0 27.0 28.0 21.0 19.0 8.0 12.0 12.0 11.0 7.0 10.0 10.0 16.0 29.0 28.0 21.0 20.0 8.0 14.0 13.0 13.0 7.0 9.0 15.0 9.0 28.0 27.0 20.0 20.0 8.0 12.0 11.0 13.0 7.0 10.0 10.0 10.0 22.0 27.0 20.0 20.0 11.0 21.0 17.0 25.0 8.0 10.0 10.0 10.0 8.0 10.0 10.0 10.0 29.0 27.0 21.0 20.0 8.0 13.0 13.0 13.0 7.0 46.0 10.0 10.0 28.0 58.0 20.0 20.0 10.0 20.0 18.0 16.0 7.0 9.0 9.0 10.0 28.0 28.0 21.0 19.0 8.0 12.0 12.0 12.0 7.0 10.0 9.0 10.0 17.0 24.0 20.0 25.0 15.0 23.0 20.0 18.0 7.0 9.0 10.0 10.0 7.0 10.0 9.0 10.0 26.0 27.0 23.0 19.0 8.0 15.0 11.0 11.0 7.0 9.0 10.0 9.0 18.0 26.0 20.0 22.0 8.0 10.0 10.0 10.0 8.0 9.0 9.0 9.0 27.0 27.0 20.0 20.0 9.0 18.0 16.0 16.0 7.0 9.0 10.0 10.0 18.0 25.0 21.0 20.0 15.0 25.0 20.0 35.0 8.0 10.0 10.0 64.0 7.0 10.0 9.0 10.0 27.0 30.0 21.0 19.0 9.0 18.0 17.0 21.0 7.0 9.0 10.0 10.0 20.0 26.0 20.0 19.0 8.0 10.0 11.0 10.0 8.0 10.0 10.0 9.0 27.0 26.0 21.0 20.0 9.0 27.0 17.0 20.0 7.0 10.0 9.0 10.0 27.0 59.0 20.0 30.0 10.0 19.0 17.0 17.0 7.0 10.0 9.0 10.0 26.0 36.0 21.0 19.0 9.0 21.0 16.0 18.0 7.0 9.0 10.0 10.0 17.0 60.0 20.0 20.0 14.0 24.0 19.0 18.0 7.0 9.0 9.0 10.0 8.0 19.0 9.0 10.0 17.0 25.0 19.0 24.0 15.0 25.0 19.0 38.0 7.0 9.0 9.0 9.0 7.0 10.0 9.0 9.0 17.0 34.0 20.0 20.0 15.0 24.0 20.0 19.0 8.0 9.0 9.0 10.0 7.0 10.0 9.0 9.0 30.0 27.0 22.0 19.0 8.0 17.0 14.0 13.0 8.0 10.0 10.0 9.0 30.0 27.0 21.0 20.0 8.0 36.0 14.0 14.0 7.0 12.0 9.0 10.0 25.0 39.0 20.0 40.0 10.0 20.0 18.0 17.0 8.0 9.0 9.0 9.0 29.0 27.0 21.0 19.0 8.0 18.0 15.0 13.0 7.0 9.0 10.0 9.0 28.0 28.0 21.0 19.0 8.0 12.0 12.0 11.0 8.0 10.0 9.0 10.0 30.0 27.0 21.0 19.0 8.0 12.0 12.0 12.0 7.0 10.0 10.0 9.0
49 47 1 TRACE 134.0 97.0 71.0 41.0 40.0 39.0 32.0 32.0 31.0 95.0 110.0 75.0 35.0 35.0 35.0 31.0 32.0 32.0 133.0 83.0 74.0 41.0 41.0 40.0 47.0 32.0 32.0 145.0 108.0 89.0 57.0 50.0 47.0 29.0 34.0 32.0 140.0 104.0 87.0 49.0 58.0 47.0 46.0 33.0 31.0 117.0 88.0 76.0 40.0 43.0 42.0 61.0 32.0 31.0 135.0 99.0 84.0 48.0 49.0 44.0 31.0 32.0 31.0 105.0 82.0 71.0 38.0 40.0 57.0 32.0 33.0 36.0 143.0 102.0 86.0 70.0 49.0 49.0 33.0 32.0 33.0 111.0 84.0 72.0 69.0 40.0 39.0 33.0 31.0 32.0 222.0 191.0 142.0 106.0 67.0 61.0 31.0 37.0 31.0 32.0 33.0 33.0 140.0 94.0 88.0 47.0 48.0 46.0 33.0 33.0 34.0 196.0 167.0 134.0 70.0 99.0 60.0 32.0 33.0 31.0 31.0 32.0 32.0 151.0 108.0 89.0 64.0 51.0 92.0 33.0 33.0 33.0 104.0 81.0 68.0 38.0 39.0 80.0 31.0 32.0 32.0 122.0 91.0 76.0 106.0 82.0 47.0 32.0 33.0 32.0 128.0 94.0 83.0 80.0 88.0 46.0 37.0 32.0 31.0 125.0 77.0 67.0 36.0 39.0 33.0 34.0 34.0 33.0 161.0 92.0 76.0 45.0 46.0 45.0 32.0 33.0 31.0 137.0 79.0 69.0 36.0 38.0 37.0 32.0 33.0 32.0 107.0 81.0 73.0 40.0 39.0 39.0 31.0 34.0 33.0 139.0 101.0 86.0 49.0 49.0 45.0 33.0 34.0 33.0 119.0 90.0 77.0 44.0 43.0 43.0 30.0 33.0 33.0 224.0 183.0 144.0 72.0 68.0 61.0 33.0 34.0 30.0 32.0 32.0 33.0 170.0 107.0 100.0 51.0 51.0 48.0 37.0 33.0 33.0 159.0 119.0 104.0 54.0 54.0 51.0 33.0 33.0 33.0 110.0 75.0 65.0 58.0 34.0 33.0 33.0 31.0 33.0 221.0 188.0 146.0 97.0 67.0 62.0 33.0 37.0 32.0 33.0 33.0 33.0 236.0 202.0 165.0 78.0 71.0 61.0 31.0 32.0 32.0 29.0 32.0 32.0 197.0 168.0 132.0 73.0 66.0 58.0 41.0 32.0 33.0 95.0 31.0 31.0 221.0 169.0 144.0 75.0 68.0 61.0 92.0 40.0 34.0 33.0 33.0 33.0 154.0 119.0 92.0 86.0 51.0 51.0 33.0 34.0 33.0 189.0 137.0 115.0 61.0 58.0 92.0 34.0 33.0 32.0 296.0 190.0 141.0 50.0 79.0 97.0 178.0 44.0 42.0 160.0 153.0 136.0 55.0 55.0 77.0 61.0 57.0 32.0 116.0 99.0 76.0 40.0 41.0 38.0 55.0 33.0 33.0 298.0 219.0 181.0 84.0 73.0 65.0 62.0 32.0 32.0 30.0 31.0 29.0 141.0 104.0 86.0 49.0 50.0 45.0 30.0 31.0 31.0 116.0 89.0 74.0 42.0 41.0 40.0 42.0 30.0 30.0 133.0 98.0 81.0 48.0 46.0 46.0 30.0 33.0 31.0 167.0 93.0 79.0 45.0 45.0 43.0 31.0 31.0 31.0 233.0 159.0 131.0 70.0 65.0 59.0 31.0 32.0 31.0 30.0 31.0 31.0 129.0 94.0 79.0 46.0 47.0 43.0 34.0 30.0 32.0 171.0 129.0 104.0 58.0 56.0 51.0 31.0 30.0 31.0 118.0 89.0 77.0 43.0 44.0 53.0 31.0 31.0 31.0 220.0 206.0 169.0 82.0 71.0 63.0 31.0 32.0 32.0 30.0 31.0 31.0 112.0 85.0 71.0 39.0 40.0 38.0 29.0 31.0 31.0 101.0 76.0 66.0 34.0 33.0 32.0 30.0 30.0 29.0 164.0 121.0 98.0 56.0 54.0 51.0 67.0 30.0 30.0 212.0 199.0 168.0 82.0 73.0 63.0 51.0 33.0 32.0 29.0 30.0 29.0 237.0 126.0 104.0 60.0 56.0 52.0 29.0 31.0 37.0 96.0 77.0 104.0 34.0 34.0 33.0 29.0 35.0 30.0 175.0 134.0 146.0 61.0 57.0 54.0 35.0 31.0 29.0 177.0 134.0 119.0 61.0 58.0 54.0 30.0 37.0 29.0 182.0 171.0 114.0 62.0 59.0 54.0 31.0 30.0 30.0 221.0 197.0 169.0 82.0 73.0 63.0 32.0 32.0 31.0 29.0 29.0 29.0 223.0 206.0 177.0 84.0 73.0 63.0 31.0 31.0 31.0 29.0 30.0 29.0 221.0 203.0 172.0 84.0 77.0 63.0 32.0 32.0 31.0 29.0 30.0 29.0 156.0 105.0 86.0 50.0 49.0 46.0 29.0 31.0 29.0 142.0 103.0 85.0 49.0 48.0 90.0 30.0 30.0 31.0 215.0 140.0 113.0 65.0 61.0 57.0 38.0 31.0 29.0 152.0 111.0 102.0 52.0 52.0 48.0 62.0 31.0 29.0 121.0 89.0 76.0 42.0 42.0 40.0 30.0 31.0 30.0 127.0 93.0 79.0 45.0 46.0 44.0 30.0 30.0 30.0
49 50 1 TRACE 61.0 59.0 39.0 31.0 34.0 62.0 77.0 48.0 93.0 68.0 23.0 112.0 96.0 106.0 85.0 85.0 85.0 83.0 63.0 69.0 93.0 124.0 74.0 75.0 84.0 80.0 102.0 106.0 64.0 38.0 32.0 76.0 101.0 43.0 86.0 57.0 68.0 102.0 31.0 38.0 24.0 33.0 25.0 64.0 70.0 51.0 43.0 64.0 24.0 40.0 132.0 50.0 23.0 45.0 29.0 23.0 34.0 37.0 106.0 47.0 46.0 81.0 41.0 49.0 47.0 51.0 65.0 34.0 35.0 91.0 37.0 32.0 78.0 50.0 34.0 31.0 70.0 77.0 63.0 72.0 61.0 57.0 48.0 30.0 31.0 61.0 38.0 45.0 52.0 74.0 32.0 111.0 59.0 28.0 49.0 63.0 31.0 94.0 41.0 28.0 31.0 49.0 71.0 30.0 42.0 42.0 194.0 141.0 64.0 155.0 38.0 114.0 53.0 45.0 69.0 35.0 69.0 56.0 49.0 102.0 65.0 59.0 113.0 50.0 53.0 59.0 26.0 47.0 55.0 32.0 55.0 40.0 42.0 100.0 38.0 76.0 24.0 32.0 33.0 82.0 57.0 49.0 23.0 51.0 87.0 93.0 86.0 34.0 79.0 99.0 22.0 50.0 29.0 76.0 122.0 84.0 87.0 97.0 63.0 25.0 31.0 59.0 46.0 71.0 56.0 60.0 46.0 48.0 36.0 70.0 30.0 46.0 23.0 48.0 97.0 43.0 49.0 109.0 33.0 52.0 56.0 28.0 67.0 43.0 33.0 66.0 54.0 56.0 63.0 79.0 71.0 61.0 33.0 22.0 30.0 64.0 75.0 60.0 65.0 89.0 48.0 42.0 79.0 50.0 59.0 54.0
50 25 1 TRACE 24.0 18.0 21.0 18.0 51.0 19.0 53.0 17.0 17.0 54.0 17.0 18.0 21.0 15.0 17.0 17.0 17.0 19.0 17.0 17.0 19.0 16.0 19.0 18.0 17.0 18.0 18.0 15.0 17.0 16.0 19.0 18.0 29.0 31.0 19.0 15.0 20.0 19.0 18.0 18.0 16.0 27.0 19.0 19.0 16.0 17.0 55.0 17.0 17.0 18.0 18.0 17.0 17.0 18.0 16.0 16.0 17.0 17.0 17.0 17.0 17.0 17.0 18.0
50 41 1 TRACE 9.0 8.0 8.0 9.0 9.0 8.0 9.0 8.0 9.0 9.0 8.0 8.0 9.0 9.0 8.0 8.0 9.0 11.0 8.0 8.0 9.0 8.0 9.0 9.0 8.0 9.0 8.0 8.0 8.0 8.0 8.0 8.0 9.0 9.0 9.0 9.0 9.0 8.0 9.0 9.0 9.0 8.0 8.0 8.0 8.0 8.0 8.0 9.0 9.0 9.0 8.0 8.0 9.0 9.0 8.0 8.0 9.0 9.0 8.0 9.0 9.0 9.0 9.0 8.0 8.0 8.0 9.0 8.0 9.0 8.0 9.0 9.0 9.0 11.0 22.0 10.0 9.0 9.0 9.0 9.0 9.0 9.0 9.0 8.0 9.0 9.0 9.0 8.0 9.0 9.0 8.0 9.0 8.0 9.0 8.0 8.0 8.0 9.0 8.0 9.0 9.0 8.0 9.0 9.0 9.0 8.0 9.0 9.0 9.0 8.0 8.0 9.0 8.0 9.0 8.0 8.0 8.0 9.0 8.0 8.0 9.0 9.0 12.0 8.0 9.0 8.0 8.0 9.0 8.0 8.0 8.0 8.0 9.0 8.0 9.0 8.0 9.0 8.0 9.0 8.0 9.0 9.0
50 51 1 TRACE 42.0
51 52 1 TRACE 398.0 378.0 377.0 402.0 375.0 378.0 418.0 378.0 378.0 400.0 379.0 378.0 379.0 381.0 378.0 380.0 379.0 378.0 379.0 375.0 380.0 414.0 379.0 386.0 379.0 383.0 389.0 378.0 379.0 379.0 376.0 376.0 377.0 617.0 422.0 382.0 376.0 376.0 374.0 401.0 376.0 376.0 400.0 377.0 376.0 376.0 403.0 378.0 377.0 379.0 374.0 375.0 388.0 376.0 376.0 379.0 378.0 377.0 375.0 383.0 375.0 376.0 375.0 377.0
52 53 1 TRACE 32.0 37.0 37.0 37.0 37.0 36.0 25.0 37.0 37.0 38.0 37.0 50.0 37.0 41.0 39.0 36.0 36.0 37.0 36.0 37.0 36.0 32.0 36.0 37.0 55.0 36.0 36.0 37.0 37.0 59.0 37.0 59.0 37.0 51.0 29.0 58.0 37.0 61.0 38.0 37.0 37.0 37.0 37.0 36.0 62.0 38.0 37.0 38.0 37.0 37.0 37.0 37.0 36.0 36.0 59.0 56.0 37.0 36.0 63.0 37.0 56.0 36.0 37.0 37.0
53 54 1 TRACE 24.0 18.0 18.0 18.0 13.0 16.0 17.0 17.0 15.0 15.0 18.0 19.0 16.0 17.0 18.0 16.0 18.0 18.0 21.0 20.0 18.0 20.0 18.0 26.0 16.0 17.0 18.0 18.0 13.0 15.0 16.0 15.0 17.0 18.0 19.0 19.0 14.0 19.0 13.0 16.0 16.0 15.0 17.0 17.0 14.0 12.0 15.0 15.0 18.0 18.0 18.0 18.0 47.0 16.0 15.0 18.0 17.0 18.0 19.0 19.0 15.0 16.0 16.0 16.0
54 55 1 TRACE 42.0 20.0 19.0 20.0 18.0 19.0 18.0 19.0 19.0 31.0 18.0 19.0 18.0 19.0 19.0 18.0 19.0 19.0 19.0 19.0 19.0 19.0 19.0 24.0 20.0 19.0 20.0 19.0 18.0 19.0 19.0 19.0 19.0 20.0 23.0 27.0 19.0 18.0 19.0 18.0 19.0 19.0 32.0 18.0 18.0 18.0 32.0 18.0 19.0 19.0 19.0 19.0 19.0 18.0 19.0 18.0 18.0 19.0 19.0 20.0 19.0 19.0 19.0 18.0
55 56 1 TRACE 10.0 7.0 8.0 7.0 8.0 7.0 7.0 7.0 7.0 8.0 7.0 7.0 7.0 7.0 7.0 7.0 7.0 7.0 8.0 7.0 7.0 7.0 7.0 7.0 7.0 7.0 8.0 7.0 8.0 7.0 7.0 7.0 8.0 8.0 9.0 7.0 7.0 7.0 8.0 7.0 7.0 8.0 7.0 7.0 8.0 7.0 8.0 7.0 7.0 8.0 7.0 7.0 8.0 7.0 7.0 7.0 7.0 7.0 7.0 7.0 7.0 7.0 7.0 7.0
56 57 1 TRACE 16.0 7.0 7.0 7.0 6.0 7.0 7.0 7.0 7.0 7.0 7.0 7.0 7.0 7.0 7.0 7.0 7.0 7.0 7.0 7.0 7.0 7.0 6.0 7.0 7.0 6.0 6.0 7.0 6.0 7.0 7.0 7.0 6.0 7.0 8.0 7.0 7.0 6.0 7.0 7.0 7.0 6.0 7.0 7.0 6.0 7.0 18.0 6.0 7.0 7.0 7.0 7.0 6.0 7.0 7.0 7.0 6.0 7.0 7.0 7.0 7.0 7.0 7.0 6.0
57 58 1 TRACE 10.0 6.0 7.0 7.0 7.0 7.0 7.0 7.0 7.0 7.0 7.0 7.0 7.0 7.0 7.0 7.0 7.0 7.0 7.0 7.0 7.0 7.0 7.0 7.0 7.0 7.0 7.0 7.0 7.0 7.0 7.0 6.0 7.0 7.0 9.0 7.0 7.0 7.0 7.0 7.0 6.0 7.0 7.0 7.0 7.0 7.0 7.0 7.0 7.0 7.0 7.0 7.0 7.0 7.0 7.0 7.0 7.0 7.0 7.0 7.0 7.0 6.0 7.0 7.0
58 59 1 TRACE 16.0 8.0 7.0 8.0 7.0 8.0 8.0 7.0 8.0 8.0 7.0 8.0 7.0 8.0 7.0 7.0 8.0 7.0 7.0 8.0 8.0 8.0 8.0 8.0 8.0 8.0 8.0 7.0 7.0 8.0 8.0 8.0 7.0 20.0 10.0 8.0 8.0 7.0 8.0 7.0 8.0 8.0 8.0 7.0 8.0 8.0 8.0 8.0 7.0 7.0 7.0 8.0 7.0 8.0 7.0 8.0 7.0 8.0 7.0 8.0 8.0 8.0 8.0 8.0
59 60 1 TRACE 7.0 6.0 7.0 7.0 7.0 18.0 19.0 19.0 18.0 19.0 7.0 18.0 7.0 18.0 7.0 19.0 7.0 7.0 19.0 18.0 7.0 6.0 19.0 7.0 7.0 6.0 7.0 7.0 19.0 7.0 6.0 7.0 7.0 8.0 9.0 7.0 6.0 7.0 7.0 7.0 6.0 6.0 20.0 7.0 7.0 6.0 19.0 6.0 7.0 7.0 7.0 7.0 7.0 7.0 7.0 6.0 7.0 7.0 7.0 7.0 7.0 7.0 7.0 6.0
60 61 1 TRACE 8.0 19.0 18.0 19.0 18.0 8.0 8.0 7.0 8.0 7.0 20.0 7.0 8.0 7.0 19.0 7.0 18.0 19.0 7.0 7.0 7.0 7.0 7.0 18.0 18.0 7.0 19.0 19.0 7.0 7.0 19.0 19.0 18.0 8.0 12.0 7.0 19.0 19.0 19.0 19.0 19.0 19.0 7.0 19.0 19.0 19.0 7.0 19.0 8.0 18.0 19.0 20.0 19.0 19.0 18.0 19.0 19.0 19.0 19.0 18.0 19.0 19.0 19.0 19.0
61 62 1 TRACE 7.0 7.0 8.0 8.0 7.0 7.0 8.0 7.0 8.0 7.0 7.0 7.0 7.0 7.0 7.0 7.0 7.0 7.0 7.0 7.0 7.0 7.0 7.0 7.0 7.0 7.0 7.0 7.0 7.0 7.0 7.0 7.0 7.0 8.0 9.0 7.0 7.0 7.0 8.0 7.0 7.0 7.0 7.0 7.0 7.0 7.0 7.0 7.0 7.0 8.0 7.0 7.0 7.0 7.0 8.0 7.0 7.0 8.0 7.0 7.0 7.0 7.0 8.0 7.0
62 1 1 TRACE 46.0 19.0 19.0 18.0 19.0 18.0 19.0 19.0 20.0 20.0 18.0 18.0 18.0 19.0 18.0 18.0 19.0 19.0 19.0 19.0 19.0 18.0 19.0 22.0 21.0 19.0 18.0 18.0 18.0 20.0 18.0 18.0 18.0 82.0 27.0 22.0 18.0 19.0 19.0 18.0 19.0 18.0 19.0 19.0 18.0 19.0 19.0 18.0 18.0 19.0 20.0 18.0 19.0 18.0 19.0 18.0 18.0 52.0 19.0 21.0 18.0 19.0 19.0
