0 1 1 TRACE 1672853946597848.0
1 2 1 TRACE 10961.0 44.0 41.0 54.0 53.0 57.0 54.0 54.0 54.0 54.0 54.0 53.0 54.0 54.0 53.0 54.0 54.0 53.0 53.0 54.0 53.0 54.0 44.0 43.0 42.0 54.0 42.0 43.0 41.0 45.0 54.0 54.0 54.0 53.0 55.0 54.0 53.0 54.0 53.0 53.0 55.0 41.0 53.0 53.0 67.0 41.0 53.0 43.0 42.0 53.0 53.0 55.0 56.0 54.0 53.0 52.0 54.0 53.0 54.0 54.0 53.0 54.0 54.0 54.0
2 3 1 TRACE 67.0 24.0 22.0 24.0 23.0 23.0 23.0 22.0 23.0 23.0 23.0 23.0 22.0 23.0 23.0 22.0 23.0 23.0 23.0 23.0 23.0 22.0 35.0 23.0 23.0 23.0 22.0 22.0 23.0 45.0 23.0 23.0 23.0 23.0 22.0 22.0 22.0 32.0 23.0 25.0 23.0 22.0 22.0 22.0 37.0 30.0 23.0 23.0 22.0 23.0 23.0 24.0 23.0 23.0 23.0 22.0 22.0 23.0 23.0 22.0 22.0 23.0 52.0 22.0
3 4 1 TRACE 40.0 19.0 19.0 18.0 18.0 25.0 20.0 19.0 18.0 17.0 19.0 31.0 18.0 19.0 19.0 19.0 19.0 19.0 18.0 19.0 19.0 18.0 29.0 23.0 19.0 23.0 18.0 18.0 19.0 19.0 18.0 19.0 19.0 19.0 19.0 18.0 19.0 18.0 18.0 18.0 19.0 19.0 19.0 20.0 43.0 21.0 18.0 18.0 18.0 19.0 19.0 20.0 19.0 19.0 19.0 18.0 35.0 20.0 18.0 19.0 19.0 18.0 20.0 18.0
4 5 1 TRACE 18.0 13.0 14.0 13.0 14.0 14.0 13.0 14.0 13.0 13.0 14.0 15.0 14.0 14.0 14.0 14.0 14.0 14.0 13.0 14.0 14.0 13.0 13.0 13.0 13.0 14.0 13.0 14.0 14.0 13.0 14.0 13.0 14.0 14.0 13.0 14.0 14.0 13.0 14.0 13.0 14.0 13.0 13.0 14.0 22.0 13.0 13.0 14.0 13.0 13.0 15.0 47.0 15.0 13.0 13.0 13.0 14.0 14.0 14.0 13.0 14.0 13.0 14.0 14.0
5 6 1 TRACE 37.0 17.0 16.0 16.0 15.0 16.0 16.0 13.0 13.0 12.0 13.0 12.0 12.0 13.0 14.0 14.0 14.0 14.0 14.0 14.0 14.0 15.0 15.0 40.0 16.0 16.0 16.0 15.0 13.0 13.0 12.0 14.0 13.0 13.0 13.0 15.0 14.0 14.0 14.0 16.0 16.0 15.0 16.0 14.0 21.0 16.0 26.0 12.0 15.0 12.0 11.0 21.0 13.0 26.0 12.0 12.0 12.0 11.0 11.0 10.0 11.0 11.0 12.0 11.0
6 7 1 TRACE 17.0 12.0 13.0 13.0 13.0 13.0 13.0 13.0 13.0 13.0 14.0 12.0 13.0 14.0 12.0 12.0 12.0 13.0 21.0 13.0 12.0 16.0 14.0 17.0 12.0 14.0 14.0 14.0 14.0 13.0 13.0 12.0 13.0 13.0 12.0 12.0 11.0 12.0 13.0 12.0 12.0 12.0 13.0 13.0 14.0 14.0 12.0 13.0 13.0 13.0 12.0 13.0 11.0 14.0 13.0 13.0 10.0 10.0 11.0 12.0 13.0 13.0 9.0 11.0
7 8 1 TRACE 17.0 13.0 13.0 13.0 13.0 13.0 13.0 12.0 13.0 12.0 13.0 13.0 13.0 13.0 13.0 12.0 13.0 12.0 9.0 13.0 12.0 13.0 14.0 16.0 14.0 14.0 13.0 13.0 13.0 13.0 14.0 13.0 13.0 13.0 13.0 13.0 11.0 13.0 15.0 13.0 12.0 12.0 13.0 13.0 12.0 14.0 12.0 20.0 14.0 13.0 13.0 13.0 12.0 13.0 13.0 13.0 13.0 13.0 13.0 12.0 13.0 14.0 14.0 13.0
8 9 1 TRACE 16.0 13.0 13.0 14.0 12.0 13.0 13.0 13.0 13.0 13.0 12.0 13.0 13.0 13.0 13.0 13.0 12.0 12.0 9.0 13.0 12.0 13.0 14.0 17.0 13.0 14.0 13.0 14.0 13.0 13.0 12.0 13.0 12.0 12.0 13.0 13.0 13.0 13.0 13.0 13.0 12.0 12.0 13.0 13.0 13.0 13.0 12.0 19.0 13.0 13.0 13.0 12.0 24.0 13.0 14.0 13.0 12.0 13.0 13.0 13.0 13.0 13.0 13.0 13.0
9 10 1 TRACE 48.0 24.0 31.0 39.0 23.0 23.0 24.0 25.0 40.0 25.0 25.0 26.0 25.0 24.0 23.0 24.0 26.0 23.0 23.0 22.0 23.0 24.0 34.0 34.0 22.0 22.0 23.0 23.0 28.0 41.0 23.0 22.0 22.0 22.0 22.0 23.0 46.0 23.0 23.0 24.0 23.0 24.0 32.0 23.0 63.0 36.0 36.0 22.0 22.0 22.0 23.0 47.0 34.0 22.0 23.0 24.0 23.0 24.0 26.0 23.0 24.0 23.0 24.0 42.0
10 11 1 TRACE 20.0 15.0 15.0 26.0 15.0 15.0 16.0 15.0 22.0 15.0 15.0 24.0 15.0 15.0 15.0 15.0 16.0 16.0 15.0 15.0 15.0 15.0 15.0 22.0 15.0 30.0 16.0 15.0 15.0 14.0 15.0 15.0 14.0 16.0 15.0 15.0 25.0 15.0 15.0 15.0 26.0 15.0 15.0 19.0 21.0 15.0 26.0 15.0 15.0 21.0 15.0 15.0 26.0 26.0 15.0 15.0 27.0 14.0 15.0 15.0 15.0 15.0 16.0 23.0
11 12 1 TRACE 23.0 16.0 27.0 15.0 23.0 16.0 16.0 26.0 16.0 22.0 22.0 16.0 16.0 28.0 22.0 21.0 27.0 26.0 26.0 16.0 16.0 26.0 15.0 16.0 16.0 16.0 16.0 16.0 26.0 14.0 23.0 26.0 27.0 25.0 23.0 27.0 26.0 27.0 27.0 26.0 16.0 30.0 39.0 26.0 18.0 47.0 15.0 26.0 23.0 27.0 24.0 14.0 25.0 15.0 23.0 27.0 16.0 26.0 24.0 27.0 26.0 25.0 27.0 16.0
12 13 1 TRACE 21.0 27.0 27.0 15.0 15.0 27.0 27.0 15.0 26.0 15.0 15.0 26.0 16.0 15.0 15.0 15.0 16.0 14.0 16.0 15.0 24.0 26.0 15.0 14.0 26.0 21.0 26.0 26.0 15.0 14.0 14.0 15.0 16.0 15.0 15.0 15.0 14.0 15.0 15.0 19.0 26.0 15.0 27.0 40.0 45.0 27.0 53.0 26.0 15.0 15.0 15.0 15.0 15.0 26.0 15.0 16.0 26.0 15.0 15.0 15.0 15.0 15.0 26.0 22.0
13 14 1 TRACE 20.0 8.0 9.0 8.0 9.0 19.0 19.0 19.0 9.0 20.0 20.0 21.0 19.0 20.0 20.0 19.0 8.0 19.0 9.0 20.0 9.0 8.0 9.0 9.0 8.0 9.0 8.0 9.0 9.0 8.0 8.0 20.0 20.0 19.0 9.0 19.0 9.0 9.0 20.0 9.0 11.0 9.0 9.0 9.0 11.0 9.0 9.0 9.0 19.0 19.0 20.0 9.0 9.0 9.0 20.0 20.0 20.0 19.0 9.0 20.0 20.0 20.0 9.0 9.0
14 15 1 TRACE 22.0 13.0 16.0 12.0 25.0 14.0 13.0 13.0 13.0 13.0 13.0 14.0 13.0 12.0 13.0 13.0 12.0 12.0 24.0 12.0 24.0 12.0 13.0 13.0 13.0 13.0 13.0 13.0 13.0 13.0 12.0 13.0 13.0 13.0 12.0 13.0 12.0 13.0 17.0 13.0 14.0 12.0 13.0 13.0 16.0 13.0 13.0 13.0 12.0 13.0 12.0 13.0 13.0 13.0 12.0 13.0 12.0 12.0 13.0 12.0 12.0 13.0 24.0 13.0
15 16 1 TRACE 12.0 8.0 9.0 11.0 9.0 11.0 8.0 7.0 7.0 7.0 8.0 8.0 8.0 8.0 8.0 7.0 8.0 8.0 9.0 8.0 8.0 8.0 7.0 8.0 7.0 8.0 8.0 8.0 8.0 8.0 7.0 7.0 8.0 7.0 8.0 7.0 8.0 11.0 8.0 8.0 8.0 8.0 8.0 8.0 20.0 8.0 8.0 8.0 8.0 8.0 8.0 8.0 8.0 8.0 8.0 8.0 8.0 8.0 8.0 8.0 8.0 8.0 8.0 8.0
16 17 1 TRACE 39.0 736.0 26.0 34.0 28.0 25.0 28.0 27.0 26.0 26.0 26.0 33.0 27.0 26.0 26.0 26.0 25.0 26.0 26.0 27.0 27.0 26.0 26.0 29.0 25.0 27.0 29.0 26.0 26.0 26.0 32.0 27.0 28.0 27.0 26.0 27.0 27.0 25.0 26.0 60.0 28.0 64.0 26.0 30.0 66.0 27.0 30.0 35.0 24.0 25.0 27.0 30.0 35.0 26.0 25.0 24.0 25.0 27.0 29.0 27.0 26.0 26.0 27.0 28.0
17 18 1 TRACE 20.0 16.0 15.0 15.0 15.0 15.0 15.0 14.0 15.0 15.0 14.0 14.0 15.0 14.0 15.0 14.0 14.0 15.0 15.0 15.0 15.0 15.0 15.0 14.0 15.0 14.0 15.0 15.0 14.0 14.0 14.0 19.0 14.0 14.0 14.0 14.0 19.0 14.0 14.0 15.0 14.0 15.0 15.0 14.0 26.0 28.0 14.0 14.0 14.0 27.0 15.0 16.0 14.0 15.0 14.0 14.0 15.0 14.0 15.0 15.0 14.0 14.0 14.0 15.0
18 19 1 TRACE 27.0 15.0 17.0 18.0 15.0 17.0 19.0 18.0 18.0 16.0 18.0 14.0 16.0 17.0 17.0 16.0 17.0 18.0 16.0 17.0 16.0 16.0 17.0 31.0 16.0 16.0 17.0 15.0 15.0 16.0 17.0 18.0 16.0 49.0 19.0 51.0 16.0 24.0 16.0 16.0 16.0 16.0 18.0 16.0 40.0 16.0 16.0 17.0 16.0 15.0 15.0 17.0 17.0 17.0 16.0 16.0 17.0 16.0 17.0 16.0 18.0 19.0 16.0 17.0
19 20 1 TRACE 20.0 14.0 14.0 24.0 15.0 14.0 14.0 14.0 15.0 15.0 14.0 16.0 14.0 14.0 14.0 14.0 14.0 15.0 15.0 15.0 15.0 16.0 15.0 14.0 16.0 14.0 15.0 15.0 15.0 14.0 24.0 17.0 15.0 16.0 18.0 16.0 19.0 15.0 14.0 14.0 14.0 14.0 14.0 14.0 20.0 18.0 14.0 15.0 15.0 39.0 15.0 14.0 15.0 14.0 14.0 14.0 14.0 15.0 14.0 15.0 15.0 16.0 14.0 14.0
20 21 1 TRACE 19.0 16.0 14.0 15.0 16.0 16.0 14.0 14.0 15.0 14.0 14.0 14.0 14.0 14.0 14.0 14.0 13.0 15.0 25.0 14.0 14.0 14.0 14.0 15.0 14.0 14.0 14.0 14.0 14.0 15.0 15.0 15.0 15.0 14.0 16.0 15.0 15.0 16.0 14.0 14.0 14.0 14.0 14.0 13.0 18.0 16.0 14.0 14.0 14.0 14.0 14.0 14.0 14.0 14.0 15.0 14.0 14.0 13.0 14.0 14.0 14.0 14.0 35.0 14.0
21 22 1 TRACE 24.0 11.0 10.0 11.0 12.0 11.0 10.0 10.0 10.0 11.0 10.0 11.0 11.0 11.0 11.0 10.0 10.0 14.0 10.0 10.0 10.0 11.0 11.0 11.0 10.0 11.0 10.0 10.0 11.0 11.0 11.0 11.0 11.0 11.0 11.0 10.0 11.0 11.0 11.0 11.0 11.0 10.0 11.0 11.0 12.0 11.0 11.0 11.0 10.0 10.0 10.0 10.0 11.0 11.0 10.0 11.0 11.0 10.0 10.0 11.0 11.0 11.0 11.0 10.0
22 23 1 TRACE 124.0 1569.0 125.0 91.0 81.0 86.0 88.0 87.0 87.0 84.0 87.0 62.0 86.0 89.0 87.0 88.0 117.0 83.0 75.0 87.0 80.0 61.0 87.0 92.0 81.0 86.0 88.0 82.0 63.0 62.0 60.0 83.0 88.0 61.0 87.0 86.0 86.0 88.0 89.0 84.0 63.0 62.0 79.0 84.0 129.0 88.0 56.0 55.0 89.0 84.0 80.0 80.0 85.0 85.0 81.0 80.0 57.0 86.0 85.0 85.0 85.0 85.0 98.0 56.0
23 24 1 TRACE 39.0 44.0 21.0 22.0 33.0 20.0 20.0 20.0 20.0 20.0 20.0 19.0 21.0 20.0 20.0 53.0 24.0 19.0 19.0 20.0 21.0 20.0 20.0 21.0 20.0 22.0 23.0 21.0 20.0 22.0 22.0 20.0 30.0 19.0 21.0 22.0 20.0 19.0 20.0 21.0 21.0 20.0 20.0 22.0 34.0 22.0 20.0 22.0 19.0 21.0 21.0 21.0 20.0 20.0 25.0 20.0 20.0 20.0 20.0 21.0 20.0 19.0 61.0 20.0
24 25 1 TRACE 49.0 21.0 20.0 59.0 19.0 19.0 19.0 19.0 19.0 18.0 19.0 18.0 18.0 19.0 23.0 23.0 19.0 19.0 17.0 18.0 18.0 18.0 18.0 19.0 18.0 18.0 19.0 19.0 18.0 17.0 19.0 19.0 20.0 19.0 18.0 19.0 19.0 18.0 18.0 20.0 19.0 18.0 23.0 18.0 32.0 20.0 19.0 19.0 18.0 19.0 19.0 19.0 54.0 18.0 19.0 18.0 18.0 18.0 19.0 18.0 19.0 19.0 20.0 19.0
25 26 1 TRACE 25.0 10.0 10.0 11.0 10.0 10.0 9.0 10.0 10.0 10.0 9.0 10.0 9.0 10.0 10.0 10.0 9.0 10.0 9.0 10.0 9.0 10.0 10.0 10.0 10.0 10.0 9.0 10.0 10.0 10.0 10.0 10.0 10.0 11.0 10.0 9.0 11.0 10.0 10.0 10.0 10.0 10.0 10.0 9.0 10.0 9.0 11.0 12.0 9.0 11.0 10.0 10.0 10.0 10.0 10.0 11.0 9.0 9.0 22.0 10.0 10.0 10.0 9.0 10.0 10.0 10.0 10.0 10.0 10.0 10.0 10.0 10.0 9.0 9.0 10.0 10.0 11.0 12.0 10.0 10.0 10.0 10.0 9.0 10.0 9.0 10.0 10.0 10.0 10.0 9.0 10.0 10.0 10.0 10.0 9.0 11.0 10.0 9.0 10.0 10.0 10.0 10.0 9.0 10.0 10.0 11.0 10.0 10.0 9.0 10.0 10.0 11.0 10.0 11.0 10.0 9.0 10.0 10.0 10.0 10.0 9.0 10.0 10.0 9.0 10.0 10.0 10.0 10.0 10.0 10.0 10.0 10.0 10.0 10.0 12.0 10.0 9.0 9.0 10.0 10.0 10.0 10.0 9.0 9.0 10.0 10.0 10.0 10.0 9.0 11.0 9.0 10.0 10.0 11.0 13.0 11.0 11.0 10.0 10.0 10.0 10.0 10.0 10.0 10.0 10.0 10.0 10.0 10.0 10.0 10.0 10.0 12.0 10.0 9.0 10.0 10.0 10.0 10.0 10.0 10.0 10.0 10.0 9.0 10.0 10.0 10.0 9.0 10.0 10.0 9.0 10.0 9.0 10.0 10.0 10.0 10.0 10.0 10.0 10.0 10.0 10.0 10.0 10.0 9.0 10.0 10.0 10.0 10.0 9.0 10.0 10.0 10.0 9.0 10.0 10.0 9.0 27.0 10.0 9.0 10.0 9.0 10.0 9.0 9.0 10.0 9.0
26 27 1 TRACE 11.0 7.0 10.0 7.0 8.0 7.0 7.0 7.0 8.0 8.0 8.0 7.0 7.0 8.0 7.0 9.0 7.0 7.0 7.0 8.0 7.0 8.0 10.0 8.0 8.0 8.0 7.0 7.0 8.0 7.0 8.0 8.0 8.0 8.0 9.0 7.0 8.0 8.0 7.0 7.0 8.0 7.0 7.0 7.0 7.0 8.0 9.0 8.0 7.0 7.0 7.0 8.0 7.0 9.0 8.0 8.0 7.0 7.0 8.0 8.0 8.0 7.0 7.0 7.0 9.0 7.0 7.0 8.0 7.0 8.0 8.0 8.0 7.0 7.0 7.0 7.0 9.0 7.0 7.0 8.0 8.0 8.0 7.0 8.0 7.0 7.0 7.0 7.0 7.0 7.0 7.0 8.0 7.0 8.0 7.0 8.0 7.0 7.0 8.0 7.0 8.0 7.0 7.0 7.0 7.0 8.0 8.0 7.0 7.0 10.0 7.0 8.0 7.0 8.0 8.0 7.0 7.0 7.0 8.0 8.0 7.0 8.0 7.0 7.0 8.0 7.0 7.0 8.0 8.0 8.0 8.0 7.0 7.0 8.0 8.0 8.0 7.0 7.0 9.0 8.0 8.0 7.0 7.0 7.0 7.0 8.0 8.0 8.0 7.0 8.0 8.0 8.0 8.0 8.0 9.0 8.0 8.0 7.0 8.0 7.0 8.0 8.0 7.0 7.0 7.0 8.0 7.0 10.0 7.0 7.0 8.0 8.0 7.0 7.0 10.0 7.0 7.0 7.0 7.0 8.0 8.0 7.0 7.0 7.0 7.0 8.0 7.0 8.0 7.0 7.0 7.0 7.0 7.0 8.0 8.0 7.0 8.0 8.0 8.0 7.0 8.0 8.0 7.0 7.0 8.0 8.0 7.0 7.0 7.0 7.0 7.0 8.0 7.0 7.0 7.0 7.0 8.0 7.0 7.0 7.0 7.0 7.0 7.0 8.0 8.0 7.0
27 28 1 TRACE 11.0 7.0 7.0 7.0 7.0 8.0 7.0 8.0 7.0 7.0 7.0 8.0 7.0 7.0 8.0 7.0 8.0 8.0 7.0 7.0 8.0 7.0 7.0 7.0 7.0 7.0 9.0 8.0 7.0 7.0 7.0 7.0 7.0 8.0 7.0 7.0 11.0 8.0 8.0 7.0 7.0 8.0 8.0 10.0 8.0 8.0 8.0 7.0 8.0 7.0 7.0 7.0 8.0 7.0 7.0 8.0 8.0 8.0 7.0 7.0 7.0 7.0 7.0 8.0 8.0 8.0 8.0 9.0 8.0 7.0 8.0 8.0 7.0 7.0 8.0 7.0 8.0 8.0 8.0 7.0 7.0 7.0 8.0 7.0 8.0 8.0 8.0 8.0 7.0 7.0 7.0 8.0 8.0 7.0 8.0 7.0 7.0 7.0 8.0 8.0 7.0 7.0 8.0 8.0 7.0 8.0 7.0 8.0 7.0 7.0 7.0 8.0 8.0 7.0 7.0 7.0 9.0 8.0 7.0 7.0 7.0 8.0 7.0 8.0 7.0 7.0 8.0 7.0 7.0 7.0 7.0 8.0 8.0 7.0 8.0 7.0 7.0 7.0 7.0 7.0 7.0 8.0 8.0 7.0 7.0 7.0 9.0 7.0 8.0 9.0 7.0 7.0 8.0 8.0 9.0 10.0 8.0 8.0 8.0 8.0 7.0 7.0 7.0 10.0 8.0 7.0 8.0 8.0 8.0 8.0 7.0 7.0 7.0 7.0 8.0 7.0 8.0 8.0 7.0 7.0 7.0 8.0 7.0 7.0 8.0 7.0 7.0 7.0 8.0 8.0 8.0 8.0 7.0 7.0 7.0 8.0 7.0 7.0 7.0 7.0 7.0 7.0 9.0 7.0 7.0 7.0 7.0 7.0 7.0 8.0 8.0 7.0 7.0 8.0 7.0 7.0 8.0 8.0 8.0 8.0 7.0 7.0 8.0 7.0 7.0 8.0
28 29 1 TRACE 12.0 9.0 8.0 9.0 8.0 8.0 8.0 8.0 9.0 9.0 9.0 8.0 9.0 9.0 8.0 9.0 8.0 8.0 8.0 9.0 8.0 9.0 8.0 9.0 8.0 9.0 9.0 8.0 9.0 8.0 8.0 9.0 12.0 9.0 9.0 9.0 10.0 9.0 8.0 12.0 9.0 8.0 8.0 9.0 8.0 9.0 9.0 10.0 8.0 11.0 8.0 9.0 8.0 8.0 9.0 9.0 8.0 8.0 9.0 8.0 9.0 8.0 8.0 8.0 8.0 8.0 9.0 8.0 8.0 9.0 9.0 9.0 8.0 8.0 9.0 8.0 9.0 8.0 8.0 8.0 8.0 8.0 8.0 8.0 8.0 8.0 8.0 8.0 8.0 9.0 8.0 9.0 8.0 8.0 8.0 8.0 8.0 8.0 9.0 8.0 9.0 8.0 8.0 8.0 8.0 11.0 8.0 8.0 8.0 9.0 8.0 9.0 8.0 8.0 8.0 8.0 8.0 8.0 9.0 8.0 9.0 9.0 8.0 9.0 8.0 8.0 8.0 9.0 9.0 8.0 9.0 8.0 8.0 8.0 9.0 8.0 8.0 8.0 9.0 9.0 9.0 8.0 10.0 8.0 8.0 8.0 8.0 8.0 8.0 9.0 9.0 9.0 9.0 9.0 22.0 9.0 10.0 9.0 8.0 10.0 8.0 8.0 9.0 10.0 8.0 9.0 8.0 9.0 8.0 8.0 9.0 9.0 8.0 10.0 9.0 9.0 9.0 8.0 9.0 10.0 8.0 8.0 11.0 8.0 8.0 8.0 9.0 8.0 8.0 8.0 8.0 10.0 8.0 9.0 9.0 8.0 9.0 8.0 11.0 8.0 8.0 9.0 9.0 8.0 9.0 9.0 10.0 8.0 8.0 10.0 8.0 9.0 8.0 10.0 8.0 8.0 9.0 8.0 8.0 8.0 8.0 9.0 8.0 9.0 9.0 8.0
29 30 1 TRACE 40.0 29.0 30.0 29.0 27.0 29.0 28.0 52.0 27.0 29.0 33.0 27.0 51.0 99.0 27.0 28.0 32.0 73.0 30.0 30.0 31.0 28.0 29.0 31.0 33.0 31.0 30.0 30.0 31.0 30.0 33.0 31.0 14.0 23.0 29.0 30.0 15.0 31.0 31.0 14.0 29.0 29.0 30.0 14.0 29.0 28.0 24.0 14.0 30.0 25.0 29.0 38.0 31.0 28.0 30.0 27.0 30.0 70.0 17.0 29.0 28.0 30.0 28.0 28.0 30.0 28.0 28.0 31.0 31.0 31.0 28.0 30.0 29.0 27.0 30.0 28.0 23.0 28.0 29.0 38.0 30.0 32.0 28.0 27.0 27.0 31.0 27.0 109.0 30.0 38.0 28.0 106.0 30.0 29.0 30.0 104.0 28.0 28.0 30.0 29.0 24.0 38.0 29.0 27.0 28.0 23.0 27.0 28.0 27.0 27.0 30.0 24.0 33.0 26.0 29.0 26.0 28.0 31.0 29.0 32.0 29.0 25.0 35.0 31.0 39.0 29.0 32.0 29.0 31.0 29.0 32.0 29.0 31.0 31.0 29.0 27.0 26.0 27.0 27.0 28.0 28.0 26.0 27.0 29.0 28.0 27.0 26.0 26.0 34.0 23.0 27.0 28.0 71.0 62.0 55.0 64.0 30.0 32.0 28.0 27.0 29.0 28.0 26.0 15.0 28.0 29.0 27.0 15.0 28.0 27.0 27.0 15.0 28.0 26.0 14.0 28.0 27.0 28.0 31.0 28.0 110.0 29.0 30.0 30.0 123.0 30.0 31.0 28.0 107.0 34.0 69.0 28.0 63.0 28.0 29.0 28.0 63.0 28.0 28.0 30.0 29.0 30.0 28.0 29.0 29.0 29.0 29.0 30.0 29.0 29.0 33.0 31.0 30.0 30.0 29.0 31.0 13.0 29.0 30.0 28.0 29.0 27.0 29.0 28.0 61.0 30.0
30 31 1 TRACE 21.0 18.0 13.0 14.0 14.0 14.0 8.0 8.0 13.0 13.0 14.0 8.0 14.0 14.0 13.0 14.0 8.0 8.0 13.0 14.0 8.0 52.0 14.0 8.0 14.0 8.0 16.0 8.0 10.0 13.0 15.0 8.0 13.0 14.0 15.0 14.0 8.0 8.0 9.0 8.0 14.0 8.0 8.0 8.0 13.0 14.0 8.0 13.0 13.0 24.0 8.0 9.0 15.0 13.0 8.0 9.0 8.0 15.0 12.0 8.0 14.0 14.0 13.0 9.0 13.0 8.0 16.0 14.0 8.0 14.0 14.0 8.0 8.0 8.0 14.0 8.0 13.0 13.0 9.0 8.0 14.0 13.0 8.0 13.0 15.0 9.0 8.0 16.0 8.0 14.0 13.0 15.0 14.0 14.0 13.0 8.0 13.0 8.0 13.0 8.0 8.0 8.0 13.0 13.0 13.0 15.0 8.0 8.0 14.0 13.0 8.0 14.0 13.0 8.0 8.0 8.0 13.0 14.0 8.0 14.0 13.0 14.0 13.0 13.0 14.0 15.0 14.0 8.0 8.0 13.0 13.0 9.0 8.0 13.0 13.0 7.0 8.0 13.0 13.0 13.0 13.0 16.0 13.0 14.0 7.0 14.0 13.0 14.0 13.0 13.0 14.0 12.0 16.0 9.0 26.0 60.0 9.0 8.0 8.0 13.0 8.0 14.0 13.0 8.0 8.0 13.0 8.0 8.0 14.0 15.0 8.0 14.0 13.0 13.0 13.0 14.0 13.0 8.0 13.0 13.0 8.0 14.0 13.0 8.0 15.0 14.0 12.0 8.0 9.0 8.0 13.0 13.0 8.0 13.0 14.0 8.0 9.0 13.0 15.0 8.0 8.0 8.0 14.0 8.0 13.0 8.0 8.0 8.0 8.0 14.0 8.0 9.0 13.0 14.0 8.0 9.0 9.0 14.0 14.0 8.0 8.0 14.0 12.0 8.0 17.0 13.0
31 32 1 TRACE 15.0 11.0 11.0 10.0 10.0 10.0 11.0 10.0 11.0 10.0 11.0 10.0 10.0 10.0 11.0 10.0 10.0 10.0 10.0 10.0 15.0 10.0 11.0 10.0 14.0 11.0 10.0 10.0 12.0 10.0 11.0 10.0 11.0 11.0 11.0 10.0 11.0 10.0 10.0 10.0 11.0 10.0 10.0 10.0 10.0 10.0 11.0 11.0 11.0 10.0 10.0 10.0 11.0 11.0 11.0 11.0 10.0 10.0 11.0 11.0 10.0 10.0 10.0 10.0 10.0 10.0 10.0 10.0 10.0 10.0 11.0 10.0 10.0 10.0 10.0 10.0 11.0 10.0 10.0 11.0 11.0 10.0 10.0 11.0 10.0 10.0 10.0 11.0 10.0 11.0 10.0 11.0 10.0 11.0 11.0 11.0 11.0 10.0 10.0 10.0 10.0 10.0 11.0 11.0 10.0 22.0 10.0 10.0 10.0 11.0 10.0 11.0 11.0 10.0 10.0 11.0 11.0 11.0 10.0 10.0 10.0 11.0 11.0 11.0 11.0 11.0 10.0 10.0 10.0 10.0 11.0 11.0 10.0 10.0 10.0 10.0 10.0 11.0 10.0 10.0 10.0 11.0 10.0 11.0 10.0 10.0 11.0 11.0 10.0 12.0 10.0 11.0 11.0 10.0 11.0 12.0 11.0 11.0 10.0 10.0 10.0 11.0 10.0 10.0 11.0 11.0 11.0 10.0 10.0 10.0 10.0 11.0 11.0 11.0 10.0 10.0 11.0 11.0 11.0 11.0 10.0 10.0 11.0 10.0 11.0 10.0 12.0 10.0 10.0 10.0 11.0 11.0 10.0 10.0 10.0 10.0 10.0 10.0 11.0 10.0 10.0 10.0 11.0 11.0 10.0 10.0 11.0 10.0 10.0 11.0 10.0 10.0 10.0 10.0 10.0 10.0 11.0 11.0 10.0 10.0 14.0 10.0 11.0 10.0 11.0 10.0
32 33 1 TRACE 22.0 16.0 15.0 22.0 15.0 16.0 14.0 16.0 15.0 15.0 14.0 15.0 16.0 15.0 22.0 14.0 16.0 17.0 15.0 16.0 15.0 25.0 15.0 15.0 16.0 59.0 15.0 16.0 16.0 57.0 14.0 15.0 16.0 52.0 14.0 15.0 16.0 14.0 14.0 15.0 14.0 15.0 16.0 15.0 15.0 16.0 16.0 15.0 14.0 15.0 14.0 15.0 14.0 14.0 15.0 15.0 15.0 15.0 15.0 14.0 14.0 15.0 14.0 14.0 16.0 14.0 14.0 15.0 15.0 14.0 14.0 14.0 13.0 13.0 14.0 14.0 15.0 16.0 22.0 15.0 15.0 14.0 15.0 15.0 14.0 15.0 14.0 14.0 15.0 15.0 15.0 15.0 16.0 14.0 14.0 18.0 14.0 14.0 57.0 13.0 15.0 14.0 14.0 15.0 14.0 15.0 15.0 14.0 14.0 14.0 15.0 15.0 15.0 14.0 15.0 16.0 20.0 16.0 16.0 15.0 15.0 16.0 16.0 15.0 14.0 15.0 16.0 15.0 16.0 15.0 15.0 15.0 16.0 14.0 16.0 15.0 15.0 15.0 15.0 15.0 14.0 15.0 14.0 14.0 13.0 14.0 14.0 14.0 14.0 15.0 15.0 15.0 35.0 36.0 15.0 21.0 15.0 20.0 15.0 14.0 14.0 15.0 15.0 15.0 14.0 14.0 14.0 15.0 14.0 15.0 14.0 18.0 15.0 15.0 16.0 15.0 14.0 14.0 15.0 14.0 20.0 15.0 14.0 17.0 16.0 16.0 15.0 14.0 18.0 15.0 15.0 14.0 56.0 14.0 15.0 13.0 54.0 14.0 15.0 15.0 57.0 14.0 15.0 15.0 22.0 16.0 15.0 14.0 15.0 15.0 15.0 15.0 14.0 15.0 14.0 16.0 19.0 16.0 15.0 13.0 15.0 15.0 14.0 13.0 15.0 14.0
33 34 1 TRACE 228.0 633.0 194.0 194.0 347.0 193.0 184.0 98.0 182.0 175.0 98.0 169.0 173.0 88.0 603.0 185.0 180.0 138.0 476.0 185.0 172.0 185.0 199.0 181.0 150.0 433.0 214.0 179.0 138.0 303.0 188.0 179.0 171.0 658.0 192.0 95.0 150.0 181.0 180.0 386.0 226.0 179.0 185.0 237.0 257.0 232.0 178.0 120.0 257.0 221.0 221.0 144.0 405.0 190.0 180.0 115.0 109.0 1808.0 183.0 108.0 235.0 237.0 224.0 203.0 183.0 199.0 1567.0 222.0 96.0 508.0 232.0 218.0 232.0 206.0 182.0 186.0 202.0 173.0 182.0 128.0 215.0 94.0 227.0 1935.0 194.0 133.0 289.0 192.0 179.0 102.0 735.0 228.0 139.0 380.0 232.0 213.0 132.0 219.0 180.0 185.0 162.0 158.0 196.0 87.0 294.0 211.0 222.0 201.0 305.0 236.0 223.0 126.0 214.0 223.0 112.0 139.0 217.0 115.0 129.0 1364.0 222.0 98.0 159.0 219.0 123.0 389.0 226.0 178.0 182.0 385.0 188.0 164.0 190.0 302.0 186.0 181.0 178.0 194.0 177.0 142.0 175.0 1921.0 186.0 143.0 138.0 1779.0 184.0 165.0 163.0 184.0 173.0 186.0 222.0 208.0 256.0 209.0 196.0 142.0 187.0 183.0 104.0 1898.0 256.0 141.0 389.0 185.0 218.0 195.0 654.0 182.0 180.0 93.0 165.0 215.0 152.0 2083.0 229.0 214.0 545.0 193.0 169.0 266.0 187.0 177.0 110.0 534.0 222.0 179.0 99.0 153.0 2036.0 183.0 75.0 274.0 189.0 180.0 136.0 232.0 234.0 221.0 156.0 401.0 187.0 179.0 119.0 156.0 179.0 182.0 240.0 191.0 176.0 125.0 369.0 186.0 179.0 171.0 71.0 339.0 187.0 180.0 140.0 1700.0 188.0 159.0 1728.0 178.0
34 35 1 TRACE 734.0 46.0 51.0 36.0 39.0 36.0 16.0 36.0 36.0 34.0 16.0 81.0 35.0 35.0 48.0 35.0 16.0 37.0 45.0 35.0 38.0 99.0 36.0 16.0 15.0 171.0 37.0 16.0 38.0 38.0 37.0 24.0 34.0 47.0 83.0 15.0 47.0 17.0 15.0 43.0 37.0 15.0 16.0 35.0 38.0 41.0 16.0 35.0 42.0 36.0 16.0 35.0 161.0 42.0 17.0 16.0 37.0 66.0 95.0 35.0 50.0 39.0 17.0 38.0 35.0 36.0 63.0 38.0 35.0 112.0 38.0 17.0 18.0 37.0 36.0 37.0 103.0 34.0 16.0 41.0 37.0 15.0 37.0 69.0 35.0 15.0 40.0 37.0 17.0 33.0 46.0 38.0 34.0 47.0 37.0 16.0 15.0 122.0 35.0 15.0 15.0 36.0 182.0 30.0 99.0 36.0 17.0 37.0 59.0 42.0 17.0 45.0 138.0 18.0 26.0 85.0 37.0 15.0 41.0 58.0 36.0 29.0 54.0 37.0 34.0 37.0 36.0 15.0 90.0 39.0 44.0 16.0 36.0 187.0 35.0 16.0 36.0 35.0 35.0 34.0 33.0 67.0 35.0 15.0 37.0 66.0 35.0 35.0 63.0 35.0 33.0 36.0 58.0 66.0 118.0 41.0 17.0 16.0 36.0 36.0 36.0 67.0 36.0 16.0 45.0 41.0 18.0 37.0 60.0 35.0 55.0 34.0 39.0 34.0 36.0 73.0 35.0 37.0 43.0 35.0 31.0 44.0 35.0 16.0 33.0 99.0 35.0 17.0 15.0 37.0 71.0 35.0 36.0 38.0 35.0 16.0 36.0 35.0 69.0 16.0 16.0 42.0 36.0 16.0 15.0 116.0 16.0 54.0 129.0 36.0 16.0 71.0 51.0 35.0 25.0 17.0 35.0 80.0 35.0 16.0 38.0 88.0 36.0 35.0 64.0 36.0
35 36 1 TRACE 44.0 59.0 33.0 30.0 39.0 35.0 14.0 33.0 32.0 30.0 14.0 38.0 32.0 30.0 55.0 33.0 13.0 31.0 44.0 33.0 32.0 100.0 48.0 13.0 13.0 148.0 33.0 13.0 32.0 36.0 33.0 14.0 31.0 54.0 36.0 14.0 44.0 14.0 14.0 44.0 33.0 13.0 21.0 45.0 56.0 118.0 14.0 32.0 43.0 59.0 14.0 50.0 203.0 35.0 13.0 14.0 33.0 105.0 33.0 32.0 60.0 32.0 15.0 34.0 33.0 31.0 88.0 32.0 32.0 100.0 33.0 15.0 15.0 39.0 31.0 34.0 33.0 30.0 13.0 32.0 31.0 14.0 34.0 100.0 32.0 13.0 100.0 32.0 14.0 30.0 60.0 33.0 30.0 56.0 33.0 14.0 13.0 84.0 31.0 14.0 13.0 32.0 146.0 27.0 567.0 33.0 14.0 33.0 34.0 58.0 15.0 31.0 34.0 15.0 14.0 35.0 43.0 14.0 32.0 77.0 31.0 26.0 35.0 32.0 29.0 40.0 33.0 13.0 35.0 42.0 53.0 14.0 31.0 35.0 32.0 13.0 31.0 33.0 32.0 30.0 39.0 96.0 32.0 14.0 32.0 94.0 31.0 30.0 116.0 32.0 29.0 32.0 74.0 34.0 40.0 618.0 22.0 15.0 57.0 31.0 32.0 114.0 31.0 13.0 44.0 33.0 14.0 33.0 94.0 31.0 15.0 29.0 32.0 31.0 30.0 104.0 32.0 33.0 45.0 32.0 27.0 40.0 32.0 14.0 30.0 90.0 32.0 14.0 14.0 35.0 108.0 31.0 31.0 35.0 32.0 14.0 31.0 56.0 34.0 16.0 24.0 41.0 33.0 15.0 14.0 42.0 14.0 15.0 157.0 32.0 14.0 72.0 47.0 32.0 14.0 47.0 42.0 60.0 32.0 14.0 31.0 113.0 34.0 31.0 88.0 33.0
36 37 1 TRACE 88.0 907.0 100.0 37.0 131.0 76.0 105.0 26.0 113.0 71.0 72.0 74.0 65.0 43.0 434.0 127.0 74.0 44.0 249.0 113.0 25.0 52.0 64.0 105.0 104.0 120.0 58.0 103.0 62.0 179.0 116.0 98.0 56.0 368.0 27.0 75.0 38.0 97.0 81.0 115.0 55.0 107.0 39.0 24.0 154.0 41.0 105.0 29.0 117.0 28.0 70.0 41.0 122.0 70.0 104.0 81.0 72.0 1350.0 24.0 28.0 69.0 30.0 63.0 35.0 99.0 47.0 1131.0 24.0 31.0 192.0 28.0 22.0 23.0 59.0 46.0 37.0 38.0 77.0 115.0 40.0 36.0 82.0 30.0 1238.0 66.0 76.0 60.0 86.0 57.0 59.0 580.0 41.0 80.0 211.0 28.0 23.0 94.0 37.0 23.0 51.0 45.0 27.0 44.0 49.0 78.0 69.0 21.0 22.0 59.0 28.0 22.0 22.0 47.0 22.0 46.0 32.0 26.0 90.0 53.0 980.0 39.0 22.0 33.0 42.0 73.0 205.0 44.0 63.0 25.0 204.0 53.0 55.0 23.0 76.0 89.0 55.0 24.0 85.0 100.0 22.0 56.0 954.0 52.0 92.0 31.0 1172.0 54.0 69.0 35.0 85.0 59.0 63.0 48.0 110.0 171.0 32.0 47.0 66.0 31.0 50.0 52.0 908.0 34.0 60.0 137.0 78.0 95.0 36.0 502.0 73.0 97.0 22.0 73.0 58.0 45.0 936.0 28.0 26.0 401.0 76.0 70.0 125.0 85.0 100.0 63.0 270.0 38.0 98.0 67.0 54.0 984.0 66.0 24.0 106.0 36.0 69.0 25.0 60.0 29.0 56.0 53.0 99.0 76.0 107.0 138.0 47.0 100.0 129.0 56.0 80.0 56.0 26.0 201.0 81.0 51.0 62.0 55.0 162.0 80.0 111.0 68.0 1070.0 25.0 75.0 1087.0 64.0
37 38 1 TRACE 31.0 69.0 23.0 26.0 64.0 23.0 22.0 23.0 45.0 22.0 23.0 26.0 22.0 23.0 92.0 23.0 22.0 24.0 72.0 23.0 23.0 42.0 23.0 34.0 22.0 61.0 34.0 22.0 23.0 53.0 23.0 22.0 24.0 88.0 22.0 22.0 29.0 22.0 26.0 62.0 23.0 22.0 22.0 22.0 82.0 35.0 22.0 22.0 82.0 23.0 22.0 22.0 96.0 23.0 22.0 26.0 25.0 224.0 22.0 23.0 38.0 23.0 23.0 41.0 22.0 30.0 223.0 23.0 22.0 73.0 24.0 23.0 23.0 30.0 23.0 35.0 28.0 22.0 22.0 31.0 22.0 22.0 33.0 237.0 23.0 22.0 40.0 24.0 22.0 24.0 111.0 24.0 24.0 62.0 23.0 23.0 21.0 31.0 23.0 24.0 21.0 23.0 32.0 23.0 43.0 24.0 22.0 22.0 37.0 23.0 22.0 22.0 34.0 22.0 22.0 26.0 22.0 22.0 23.0 190.0 23.0 22.0 28.0 22.0 22.0 58.0 22.0 22.0 24.0 62.0 22.0 22.0 22.0 44.0 22.0 21.0 23.0 27.0 22.0 22.0 24.0 226.0 23.0 21.0 23.0 226.0 23.0 22.0 27.0 23.0 22.0 29.0 73.0 25.0 80.0 35.0 23.0 22.0 28.0 24.0 24.0 233.0 23.0 23.0 59.0 23.0 22.0 24.0 111.0 23.0 22.0 21.0 26.0 63.0 25.0 222.0 24.0 23.0 80.0 22.0 24.0 49.0 22.0 21.0 24.0 83.0 23.0 21.0 23.0 28.0 233.0 22.0 23.0 91.0 23.0 23.0 26.0 73.0 23.0 22.0 24.0 47.0 23.0 22.0 23.0 32.0 22.0 24.0 38.0 23.0 21.0 26.0 62.0 22.0 22.0 66.0 23.0 64.0 23.0 22.0 24.0 217.0 22.0 63.0 219.0 23.0
38 39 1 TRACE 24.0 20.0 19.0 19.0 20.0 19.0 22.0 18.0 28.0 20.0 19.0 20.0 18.0 19.0 20.0 50.0 20.0 19.0 20.0 18.0 19.0 21.0 18.0 20.0 19.0 21.0 18.0 20.0 19.0 20.0 19.0 20.0 19.0 20.0 20.0 20.0 21.0 19.0 19.0 20.0 19.0 20.0 19.0 19.0 22.0 21.0 19.0 19.0 24.0 19.0 26.0 19.0 67.0 19.0 20.0 19.0 60.0 20.0 21.0 22.0 20.0 20.0 21.0 22.0 19.0 19.0 19.0 20.0 19.0 21.0 20.0 21.0 20.0 20.0 18.0 19.0 20.0 19.0 19.0 19.0 19.0 20.0 20.0 21.0 20.0 19.0 20.0 18.0 20.0 19.0 20.0 19.0 20.0 20.0 20.0 20.0 19.0 19.0 19.0 32.0 36.0 19.0 41.0 19.0 20.0 20.0 21.0 19.0 20.0 19.0 20.0 19.0 20.0 18.0 20.0 20.0 19.0 19.0 19.0 20.0 20.0 19.0 19.0 19.0 19.0 20.0 19.0 20.0 20.0 22.0 19.0 20.0 19.0 21.0 18.0 20.0 19.0 19.0 19.0 19.0 19.0 20.0 19.0 18.0 18.0 21.0 20.0 18.0 19.0 20.0 19.0 19.0 42.0 23.0 37.0 25.0 21.0 19.0 20.0 19.0 18.0 20.0 19.0 19.0 20.0 24.0 19.0 19.0 20.0 19.0 19.0 19.0 19.0 60.0 20.0 20.0 20.0 19.0 19.0 18.0 20.0 24.0 19.0 19.0 19.0 54.0 18.0 20.0 19.0 54.0 21.0 20.0 19.0 23.0 19.0 20.0 18.0 20.0 20.0 21.0 19.0 21.0 19.0 20.0 19.0 20.0 19.0 19.0 19.0 19.0 20.0 19.0 22.0 19.0 19.0 21.0 19.0 19.0 31.0 19.0 19.0 20.0 19.0 60.0 20.0 20.0
39 25 1 TRACE 16.0 14.0 15.0 14.0 14.0 14.0 15.0 15.0 15.0 14.0 15.0 15.0 15.0 15.0 15.0 14.0 14.0 14.0 15.0 14.0 15.0 15.0 14.0 14.0 15.0 15.0 18.0 15.0 15.0 15.0 15.0 15.0 15.0 15.0 14.0 16.0 16.0 14.0 14.0 16.0 15.0 15.0 14.0 15.0 15.0 14.0 15.0 15.0 15.0 14.0 14.0 14.0 15.0 14.0 14.0 15.0 14.0 15.0 14.0 14.0 14.0 14.0 15.0 14.0 15.0 15.0 15.0 17.0 16.0 15.0 14.0 13.0 14.0 14.0 15.0 15.0 15.0 19.0 14.0 14.0 15.0 14.0 15.0 15.0 15.0 14.0 14.0 15.0 15.0 15.0 15.0 14.0 14.0 15.0 14.0 19.0 15.0 14.0 14.0 17.0
39 40 1 TRACE 28.0 22.0 21.0 23.0 22.0 21.0 22.0 21.0 22.0 21.0 20.0 23.0 22.0 21.0 24.0 22.0 62.0 22.0 24.0 21.0 22.0 21.0 22.0 22.0 21.0 21.0 22.0 21.0 22.0 21.0 22.0 21.0 22.0 21.0 23.0 22.0 21.0 22.0 30.0 21.0 21.0 21.0 22.0 34.0 32.0 21.0 20.0 22.0 22.0 23.0 21.0 56.0 62.0 22.0 24.0 22.0 22.0 21.0 24.0 22.0 36.0 21.0 21.0
39 51 1 TRACE 28.0 24.0 28.0 29.0 23.0 21.0 22.0 27.0 21.0 22.0 24.0 22.0 22.0 22.0 21.0 22.0 22.0 25.0 22.0 22.0 21.0 21.0 21.0 22.0 22.0 21.0 23.0 24.0 38.0 33.0 23.0 22.0 24.0 21.0 22.0 23.0 23.0 30.0 22.0 21.0 22.0 22.0 43.0 24.0 23.0 22.0 22.0 22.0 22.0 21.0 22.0 22.0 22.0 22.0 21.0 22.0 22.0 23.0 22.0 22.0 23.0 32.0 22.0
40 41 1 TRACE 157.0 124.0 97.0 129.0 185.0 146.0 103.0 132.0 141.0 177.0 98.0 128.0 112.0 114.0 133.0 337.0 128.0 99.0 329.0 151.0 98.0 97.0 95.0 355.0 109.0 255.0 138.0 99.0 100.0 111.0 108.0 102.0 95.0 298.0 94.0 131.0 163.0 113.0 95.0 339.0 342.0 95.0 98.0 143.0 100.0 345.0 137.0 211.0 95.0 351.0 160.0 121.0 178.0 359.0 122.0 108.0 119.0 100.0 108.0 139.0 125.0 341.0 329.0
41 42 1 TRACE 16.0 11.0 11.0 11.0 10.0 10.0 11.0 11.0 11.0 11.0 12.0 10.0 11.0 10.0 11.0 10.0 10.0 11.0 11.0 10.0 11.0 11.0 10.0 11.0 11.0 10.0 11.0 11.0 10.0 11.0 11.0 12.0 11.0 11.0 12.0 11.0 11.0 10.0 10.0 11.0 11.0 11.0 11.0 10.0 11.0 11.0 10.0 12.0 11.0 10.0 10.0 12.0 11.0 11.0 11.0 11.0 10.0 10.0 11.0 10.0 10.0 11.0 11.0 11.0 11.0 12.0 11.0 13.0 11.0 11.0 10.0 10.0 11.0 11.0 11.0 11.0 11.0 10.0 10.0 11.0 10.0 12.0 12.0 11.0 10.0 11.0 11.0 11.0 11.0 11.0 10.0 10.0 11.0 12.0 11.0 10.0 11.0 10.0 10.0 11.0 11.0 11.0 11.0 12.0 10.0 10.0 11.0 11.0 10.0 11.0 11.0 12.0 12.0 11.0 11.0 10.0 10.0 11.0 11.0 10.0 11.0 10.0 11.0 11.0 11.0 10.0 11.0 11.0 10.0 10.0 11.0 11.0 10.0 11.0 11.0 11.0 11.0 11.0 12.0 10.0 11.0 13.0 23.0 11.0 13.0 12.0 12.0 11.0 11.0 10.0 10.0 11.0 10.0 11.0 11.0 11.0 10.0 11.0 11.0 11.0 11.0 11.0 11.0 10.0 11.0 11.0 10.0 12.0 11.0 10.0 11.0 11.0 10.0 12.0 11.0 11.0 11.0 11.0 10.0 11.0 11.0 11.0 12.0 11.0 11.0 11.0 11.0 10.0 11.0 11.0 10.0 10.0 16.0 11.0 10.0 12.0 11.0 10.0 11.0 11.0 11.0 11.0 11.0 11.0 11.0 11.0 10.0
42 43 1 TRACE 14.0 10.0 9.0 10.0 10.0 10.0 10.0 9.0 9.0 9.0 10.0 10.0 10.0 10.0 10.0 9.0 10.0 10.0 10.0 9.0 10.0 10.0 10.0 10.0 10.0 10.0 10.0 9.0 10.0 10.0 9.0 10.0 10.0 10.0 10.0 10.0 10.0 10.0 10.0 10.0 9.0 9.0 10.0 9.0 10.0 9.0 10.0 10.0 10.0 10.0 10.0 10.0 9.0 9.0 10.0 10.0 10.0 9.0 10.0 10.0 10.0 10.0 10.0 9.0 10.0 9.0 9.0 10.0 9.0 10.0 10.0 10.0 9.0 10.0 9.0 9.0 10.0 9.0 9.0 10.0 10.0 10.0 11.0 10.0 9.0 10.0 10.0 10.0 10.0 10.0 10.0 10.0 10.0 10.0 9.0 10.0 10.0 10.0 10.0 10.0 9.0 9.0 10.0 11.0 10.0 10.0 9.0 10.0 10.0 9.0 11.0 11.0 10.0 10.0 10.0 10.0 10.0 10.0 10.0 10.0 10.0 10.0 10.0 10.0 9.0 10.0 10.0 10.0 10.0 10.0 11.0 10.0 10.0 10.0 10.0 10.0 10.0 10.0 10.0 10.0 9.0 11.0 23.0 10.0 12.0 11.0 11.0 10.0 10.0 10.0 10.0 10.0 10.0 9.0 10.0 10.0 10.0 10.0 10.0 10.0 10.0 10.0 10.0 10.0 10.0 10.0 10.0 10.0 10.0 10.0 9.0 9.0 11.0 10.0 9.0 9.0 10.0 10.0 10.0 10.0 10.0 10.0 9.0 10.0 10.0 10.0 10.0 10.0 10.0 10.0 10.0 10.0 27.0 10.0 11.0 10.0 9.0 11.0 10.0 10.0 11.0 10.0 10.0 10.0 10.0 11.0 11.0
43 44 1 TRACE 13.0 8.0 8.0 9.0 8.0 8.0 9.0 8.0 8.0 8.0 9.0 8.0 8.0 9.0 9.0 8.0 8.0 9.0 9.0 10.0 8.0 8.0 8.0 8.0 9.0 9.0 8.0 8.0 9.0 8.0 8.0 8.0 8.0 9.0 9.0 9.0 9.0 8.0 8.0 8.0 8.0 8.0 9.0 8.0 8.0 8.0 8.0 8.0 8.0 8.0 9.0 9.0 9.0 8.0 9.0 8.0 8.0 10.0 9.0 8.0 8.0 8.0 8.0 8.0 8.0 9.0 8.0 9.0 8.0 8.0 8.0 9.0 8.0 9.0 8.0 8.0 9.0 8.0 8.0 8.0 8.0 8.0 10.0 9.0 8.0 8.0 9.0 9.0 9.0 8.0 9.0 10.0 8.0 8.0 8.0 8.0 8.0 8.0 8.0 9.0 8.0 8.0 8.0 9.0 8.0 8.0 8.0 8.0 8.0 9.0 8.0 9.0 8.0 8.0 9.0 8.0 8.0 9.0 8.0 8.0 8.0 8.0 9.0 8.0 9.0 8.0 8.0 8.0 8.0 8.0 8.0 9.0 8.0 9.0 8.0 9.0 9.0 8.0 9.0 8.0 8.0 20.0 10.0 10.0 10.0 10.0 10.0 9.0 8.0 8.0 9.0 8.0 8.0 8.0 8.0 9.0 9.0 8.0 9.0 10.0 8.0 9.0 9.0 9.0 8.0 9.0 8.0 8.0 8.0 9.0 9.0 9.0 8.0 8.0 9.0 8.0 8.0 9.0 8.0 8.0 8.0 8.0 9.0 8.0 8.0 8.0 8.0 10.0 9.0 8.0 8.0 8.0 9.0 8.0 9.0 8.0 9.0 9.0 8.0 12.0 9.0 9.0 9.0 9.0 9.0 9.0 8.0
44 45 1 TRACE 88.0 45.0 39.0 71.0 43.0 43.0 49.0 43.0 39.0 38.0 38.0 40.0 38.0 39.0 67.0 41.0 44.0 59.0 40.0 40.0 87.0 42.0 40.0 94.0 41.0 43.0 66.0 43.0 42.0 74.0 45.0 39.0 87.0 45.0 40.0 41.0 74.0 43.0 47.0 82.0 62.0 39.0 111.0 43.0 40.0 77.0 43.0 39.0 62.0 40.0 42.0 68.0 40.0 39.0 78.0 85.0 40.0 45.0 50.0 120.0 40.0 88.0 64.0 38.0 82.0 38.0 45.0 39.0 48.0 40.0 39.0 45.0 89.0 41.0 41.0 45.0 57.0 38.0 88.0 49.0 39.0 38.0 38.0 42.0 40.0 75.0 40.0 39.0 80.0 41.0 41.0 47.0 50.0 38.0 39.0 39.0 49.0 40.0 40.0 78.0 41.0 42.0 78.0 36.0 42.0 168.0 51.0 39.0 120.0 41.0 62.0 114.0 40.0 86.0 38.0 74.0 42.0 69.0 40.0 40.0 51.0 43.0 40.0 83.0 39.0 39.0 49.0 40.0 37.0 42.0 64.0 40.0 41.0 58.0 38.0 40.0 81.0 97.0 39.0 80.0 49.0 69.0 89.0 138.0 99.0 43.0 41.0 47.0 45.0 39.0 45.0 47.0 49.0 40.0 61.0 40.0 39.0 50.0 39.0 45.0 82.0 39.0 38.0 40.0 45.0 45.0 39.0 65.0 40.0 42.0 77.0 40.0 56.0 51.0 45.0 41.0 84.0 40.0 48.0 44.0 38.0 36.0 57.0 37.0 37.0 81.0 40.0 41.0 89.0 40.0 40.0 41.0 57.0 39.0 40.0 71.0 41.0 39.0 87.0 40.0 42.0 47.0 39.0 39.0 43.0 38.0 37.0
45 46 1 TRACE 21.0 17.0 18.0 18.0 17.0 28.0 17.0 16.0 16.0 16.0 16.0 16.0 16.0 16.0 17.0 16.0 17.0 16.0 17.0 17.0 19.0 18.0 18.0 15.0 17.0 17.0 19.0 18.0 18.0 17.0 18.0 18.0 19.0 17.0 24.0 16.0 16.0 17.0 17.0 17.0 18.0 16.0 14.0 17.0 18.0 18.0 18.0 16.0 19.0 18.0 16.0 19.0 16.0 16.0 17.0 17.0 18.0 17.0 17.0 19.0 17.0 15.0 17.0 17.0 17.0 16.0 16.0 17.0 16.0 18.0 17.0 28.0 18.0 18.0 20.0 17.0 18.0 17.0 17.0 16.0 17.0 17.0 13.0 17.0 17.0 18.0 17.0 17.0 18.0 16.0 29.0 17.0 16.0 17.0 16.0 17.0 17.0 20.0 16.0 16.0 17.0 16.0 16.0 15.0 16.0 15.0 17.0 17.0 17.0 17.0 18.0 36.0 17.0 17.0 17.0 55.0 17.0 16.0 16.0 18.0 17.0 17.0 17.0 17.0 15.0 16.0 16.0 17.0 16.0 16.0 17.0 15.0 18.0 16.0 16.0 16.0 18.0 17.0 16.0 16.0 16.0 32.0 17.0 31.0 33.0 22.0 17.0 17.0 18.0 15.0 20.0 17.0 17.0 16.0 17.0 16.0 16.0 18.0 17.0 16.0 17.0 16.0 16.0 16.0 16.0 16.0 16.0 16.0 16.0 16.0 17.0 18.0 17.0 17.0 16.0 16.0 17.0 16.0 16.0 17.0 17.0 18.0 17.0 16.0 17.0 16.0 17.0 16.0 17.0 22.0 17.0 16.0 18.0 16.0 16.0 17.0 25.0 16.0 43.0 15.0 17.0 19.0 16.0 17.0 16.0 17.0 16.0
46 47 1 TRACE 1152.0 294.0 208.0 1081.0 320.0 196.0 1122.0 413.0 218.0 214.0 1070.0 507.0 221.0 219.0 741.0 267.0 219.0 881.0 318.0 209.0 1106.0 374.0 222.0 945.0 299.0 207.0 1049.0 306.0 228.0 759.0 274.0 208.0 1077.0 424.0 206.0 209.0 994.0 309.0 209.0 1125.0 325.0 211.0 1106.0 328.0 208.0 984.0 293.0 214.0 634.0 222.0 207.0 1130.0 347.0 229.0 1050.0 540.0 215.0 208.0 648.0 207.0 208.0 852.0 279.0 251.0 1136.0 419.0 250.0 214.0 1078.0 453.0 214.0 192.0 1056.0 514.0 213.0 209.0 640.0 224.0 209.0 1140.0 348.0 216.0 687.0 255.0 211.0 968.0 292.0 216.0 1144.0 427.0 199.0 209.0 1109.0 391.0 212.0 208.0 1140.0 330.0 210.0 1124.0 347.0 210.0 1102.0 385.0 218.0 210.0 1065.0 521.0 218.0 210.0 639.0 231.0 211.0 1088.0 498.0 197.0 212.0 991.0 306.0 244.0 933.0 288.0 241.0 1204.0 330.0 210.0 1148.0 497.0 241.0 207.0 631.0 226.0 209.0 689.0 230.0 209.0 1060.0 517.0 213.0 204.0 1149.0 648.0 325.0 302.0 1349.0 376.0 226.0 1088.0 539.0 212.0 221.0 639.0 220.0 205.0 920.0 297.0 215.0 709.0 264.0 206.0 1053.0 520.0 212.0 207.0 619.0 219.0 205.0 804.0 271.0 202.0 1051.0 310.0 201.0 750.0 262.0 219.0 618.0 218.0 203.0 1046.0 308.0 214.0 1103.0 351.0 204.0 1069.0 323.0 206.0 1126.0 381.0 205.0 203.0 1126.0 345.0 208.0 905.0 285.0 202.0 1007.0 306.0 205.0 646.0 225.0 207.0 636.0 236.0 232.0
47 48 1 TRACE 13.0 11.0 10.0 9.0 11.0 12.0 8.0 11.0 11.0 8.0 11.0 10.0 8.0 10.0 10.0 8.0 11.0 10.0 9.0 9.0 10.0 8.0 11.0 10.0 8.0 10.0 10.0 8.0 10.0 10.0 8.0 11.0 11.0 8.0 11.0 10.0 8.0 12.0 11.0 8.0 10.0 12.0 9.0 11.0 10.0 8.0 11.0 10.0 8.0 11.0 10.0 8.0 10.0 9.0 9.0 10.0 10.0 8.0 12.0 11.0 8.0 10.0 10.0 8.0 12.0 10.0 8.0 12.0 10.0 9.0 13.0 10.0 8.0 11.0 10.0 8.0 12.0 10.0 8.0 12.0 10.0 8.0 11.0 10.0 9.0 10.0 10.0 9.0 11.0 10.0 9.0 10.0 9.0 8.0 12.0 10.0 8.0 12.0 10.0 9.0 10.0 10.0 8.0 17.0 10.0 8.0 11.0 11.0 8.0 49.0 11.0 8.0 11.0 9.0 8.0 11.0 10.0 9.0 10.0 10.0 8.0 11.0 10.0 8.0 11.0 11.0 8.0 12.0 10.0 8.0 10.0 10.0 8.0 28.0 10.0 8.0 13.0 11.0 8.0 10.0 9.0 8.0 11.0 11.0 9.0 11.0 10.0 8.0 10.0 11.0 8.0 10.0 12.0 8.0 11.0 10.0 8.0 11.0 10.0 8.0 10.0 10.0 8.0 9.0 9.0 8.0 10.0 10.0 8.0 11.0 10.0 8.0 11.0 10.0 8.0 12.0 10.0 8.0 11.0 10.0 8.0 12.0 10.0 9.0 12.0 10.0 8.0 11.0 11.0 8.0 11.0 12.0 9.0 13.0 11.0 8.0 11.0 10.0 8.0 11.0 10.0 8.0 11.0 10.0 8.0 11.0 10.0 9.0 11.0 10.0 8.0 48.0 10.0 8.0 10.0 10.0 9.0 10.0 10.0 8.0 11.0 10.0 8.0 11.0 47.0 8.0 11.0 10.0 9.0 10.0 10.0 8.0 11.0 10.0 8.0 11.0 11.0 9.0 10.0 9.0 8.0 11.0 10.0 8.0 11.0 10.0 8.0 13.0 10.0 8.0 12.0 10.0 8.0 12.0 11.0 8.0 9.0 10.0 8.0 11.0 10.0 8.0 11.0 12.0 8.0 10.0 10.0 8.0 11.0 9.0 9.0 11.0 10.0 8.0 11.0 11.0 24.0 9.0 17.0 8.0 11.0 9.0 8.0 10.0 10.0 8.0 11.0 10.0 9.0 13.0 10.0 8.0 47.0 11.0 8.0 11.0 10.0 9.0 10.0 10.0 8.0 11.0 10.0 8.0 11.0 10.0 8.0 12.0 11.0 9.0 11.0 46.0 8.0 11.0 11.0 8.0 12.0 12.0 8.0 10.0 10.0 8.0 11.0 9.0 9.0 12.0 10.0 9.0 12.0 10.0 8.0 11.0 10.0 8.0 12.0 10.0 8.0 11.0 12.0 8.0 10.0 10.0 8.0 10.0 10.0 8.0 11.0 10.0 8.0 11.0 10.0 9.0 11.0 10.0 8.0 11.0 10.0 8.0 13.0 11.0 9.0 11.0 12.0 8.0 11.0 10.0 8.0 12.0 10.0 8.0 11.0 10.0 8.0 11.0 10.0 8.0 11.0 10.0 8.0 13.0 11.0 8.0 10.0 10.0 8.0 11.0 12.0 8.0 11.0 10.0 8.0 11.0 10.0 8.0 46.0 10.0 9.0 10.0 10.0 8.0 10.0 10.0 9.0 10.0 10.0 8.0 11.0 10.0 9.0 10.0 10.0 8.0 10.0 10.0 8.0 11.0 10.0 8.0 11.0 10.0 9.0 26.0 30.0 11.0 9.0 20.0 21.0 22.0 27.0 10.0 10.0 11.0 9.0 23.0 12.0 9.0 12.0 12.0 9.0 12.0 12.0 8.0 10.0 14.0 8.0 11.0 12.0 8.0 11.0 10.0 9.0 11.0 10.0 21.0 9.0 10.0 8.0 11.0 12.0 8.0 11.0 10.0 9.0 12.0 10.0 8.0 10.0 10.0 8.0 11.0 10.0 9.0 10.0 10.0 8.0 10.0 10.0 8.0 11.0 10.0 8.0 10.0 12.0 8.0 10.0 10.0 8.0 12.0 10.0 12.0 11.0 10.0 9.0 9.0 11.0 8.0 12.0 12.0 8.0 11.0 11.0 8.0 10.0 10.0 8.0 11.0 13.0 8.0 10.0 11.0 8.0 10.0 10.0 8.0 11.0 12.0 8.0 11.0 11.0 9.0 11.0 10.0 8.0 11.0 10.0 8.0 11.0 10.0 8.0 10.0 11.0 9.0 11.0 10.0 8.0 12.0 11.0 8.0 11.0 10.0 8.0 12.0 11.0 8.0 15.0 10.0 8.0 11.0 11.0 8.0 12.0 10.0 8.0 11.0 11.0 8.0 9.0 10.0 8.0 11.0 12.0 8.0 11.0 12.0 9.0 9.0 11.0 8.0 11.0 11.0 8.0 11.0 11.0 8.0 12.0 10.0 8.0 13.0 10.0 8.0 12.0 9.0 9.0 11.0 11.0 9.0 11.0 10.0 8.0 11.0 10.0 8.0 12.0 10.0 9.0 12.0 10.0 8.0 11.0 10.0 8.0 11.0 12.0 8.0 11.0 10.0 8.0 11.0 10.0 8.0 10.0 10.0 9.0 12.0 10.0 8.0 12.0 10.0 8.0 14.0 10.0
48 49 1 TRACE 98.0 52.0 40.0 11.0 23.0 22.0 8.0 12.0 11.0 86.0 50.0 41.0 13.0 25.0 25.0 7.0 11.0 12.0 76.0 48.0 39.0 29.0 37.0 34.0 7.0 11.0 12.0 8.0 12.0 10.0 54.0 43.0 37.0 43.0 41.0 37.0 8.0 10.0 12.0 8.0 9.0 9.0 87.0 53.0 39.0 10.0 18.0 19.0 8.0 11.0 10.0 89.0 50.0 40.0 11.0 22.0 21.0 7.0 11.0 10.0 75.0 49.0 39.0 20.0 33.0 29.0 8.0 9.0 10.0 89.0 51.0 41.0 12.0 22.0 22.0 7.0 11.0 11.0 87.0 49.0 41.0 12.0 24.0 24.0 8.0 10.0 11.0 88.0 52.0 42.0 10.0 19.0 18.0 7.0 11.0 9.0 69.0 47.0 39.0 30.0 37.0 33.0 8.0 11.0 11.0 7.0 11.0 10.0 88.0 53.0 45.0 12.0 23.0 25.0 8.0 11.0 12.0 95.0 50.0 41.0 15.0 28.0 27.0 7.0 11.0 11.0 84.0 50.0 41.0 14.0 26.0 26.0 7.0 10.0 9.0 88.0 50.0 41.0 12.0 23.0 22.0 8.0 10.0 10.0 62.0 49.0 38.0 8.0 11.0 12.0 8.0 10.0 23.0 80.0 49.0 40.0 18.0 29.0 28.0 8.0 9.0 11.0 49.0 41.0 35.0 48.0 52.0 36.0 8.0 10.0 18.0 8.0 11.0 10.0 67.0 49.0 40.0 9.0 13.0 13.0 8.0 11.0 11.0 89.0 51.0 41.0 11.0 20.0 20.0 7.0 11.0 9.0 68.0 46.0 39.0 28.0 37.0 32.0 8.0 9.0 11.0 7.0 10.0 10.0 61.0 46.0 37.0 47.0 40.0 33.0 8.0 13.0 12.0 7.0 10.0 10.0 55.0 42.0 38.0 43.0 44.0 37.0 8.0 12.0 12.0 7.0 11.0 10.0 62.0 47.0 37.0 8.0 12.0 49.0 8.0 12.0 10.0 82.0 49.0 39.0 16.0 27.0 27.0 8.0 11.0 11.0 84.0 51.0 40.0 9.0 17.0 19.0 8.0 12.0 10.0 89.0 58.0 41.0 12.0 22.0 22.0 7.0 11.0 11.0 70.0 46.0 36.0 28.0 36.0 32.0 8.0 9.0 11.0 7.0 11.0 10.0 74.0 49.0 37.0 25.0 34.0 31.0 8.0 11.0 10.0 7.0 11.0 10.0 83.0 50.0 40.0 16.0 31.0 26.0 8.0 28.0 10.0 80.0 50.0 40.0 17.0 73.0 28.0 8.0 11.0 10.0 73.0 48.0 39.0 22.0 34.0 34.0 8.0 11.0 11.0 8.0 11.0 11.0 52.0 54.0 37.0 44.0 43.0 36.0 8.0 11.0 12.0 7.0 10.0 10.0 69.0 50.0 50.0 8.0 13.0 13.0 8.0 10.0 10.0 54.0 44.0 37.0 42.0 42.0 37.0 8.0 11.0 12.0 8.0 10.0 10.0 91.0 50.0 42.0 12.0 22.0 23.0 7.0 10.0 10.0 90.0 49.0 41.0 11.0 21.0 21.0 7.0 9.0 11.0 83.0 50.0 41.0 15.0 27.0 26.0 7.0 13.0 10.0 54.0 44.0 36.0 70.0 41.0 36.0 8.0 44.0 11.0 8.0 10.0 10.0 62.0 47.0 38.0 8.0 14.0 13.0 7.0 12.0 9.0 62.0 47.0 38.0 8.0 51.0 13.0 8.0 11.0 10.0 59.0 44.0 44.0 39.0 41.0 34.0 8.0 10.0 11.0 7.0 10.0 10.0 69.0 64.0 46.0 33.0 34.0 53.0 9.0 14.0 14.0 10.0 9.0 10.0 90.0 57.0 41.0 17.0 28.0 27.0 9.0 10.0 11.0 51.0 51.0 48.0 46.0 44.0 36.0 8.0 10.0 11.0 8.0 10.0 10.0 64.0 47.0 39.0 8.0 12.0 12.0 8.0 11.0 10.0 89.0 49.0 46.0 11.0 21.0 22.0 8.0 11.0 10.0 87.0 51.0 40.0 9.0 17.0 17.0 7.0 11.0 10.0 52.0 42.0 37.0 46.0 42.0 34.0 8.0 10.0 12.0 20.0 9.0 10.0 62.0 46.0 38.0 8.0 12.0 12.0 7.0 10.0 10.0 89.0 58.0 41.0 10.0 18.0 19.0 7.0 10.0 9.0 86.0 49.0 41.0 14.0 33.0 23.0 7.0 11.0 10.0 88.0 52.0 41.0 10.0 18.0 20.0 8.0 11.0 11.0 60.0 45.0 37.0 8.0 11.0 13.0 8.0 11.0 10.0 87.0 50.0 41.0 13.0 24.0 24.0 7.0 10.0 11.0 80.0 52.0 49.0 17.0 29.0 29.0 8.0 10.0 10.0 86.0 49.0 39.0 13.0 25.0 24.0 7.0 11.0 10.0 75.0 48.0 40.0 23.0 33.0 32.0 8.0 11.0 10.0 7.0 11.0 10.0 81.0 52.0 40.0 17.0 31.0 29.0 7.0 11.0 11.0 89.0 52.0 40.0 11.0 21.0 22.0 7.0 11.0 9.0 87.0 50.0 39.0 12.0 22.0 23.0 7.0 10.0 10.0 63.0 48.0 38.0 8.0 12.0 12.0 8.0 10.0 10.0 64.0 51.0 39.0 8.0 14.0 12.0 7.0 10.0 9.0
49 47 1 TRACE 800.0 619.0 167.0 158.0 86.0 81.0 628.0 443.0 192.0 178.0 84.0 82.0 763.0 590.0 257.0 223.0 87.0 85.0 86.0 97.0 788.0 665.0 290.0 253.0 90.0 90.0 105.0 84.0 412.0 304.0 137.0 134.0 84.0 81.0 561.0 347.0 198.0 155.0 84.0 81.0 709.0 470.0 236.0 208.0 85.0 83.0 532.0 366.0 175.0 167.0 84.0 81.0 562.0 396.0 187.0 177.0 106.0 83.0 422.0 310.0 142.0 144.0 84.0 81.0 756.0 524.0 261.0 224.0 87.0 87.0 85.0 81.0 533.0 402.0 180.0 177.0 86.0 83.0 603.0 438.0 209.0 191.0 86.0 83.0 613.0 422.0 205.0 188.0 85.0 87.0 527.0 373.0 185.0 174.0 83.0 82.0 329.0 259.0 101.0 100.0 114.0 88.0 671.0 441.0 220.0 199.0 98.0 84.0 789.0 686.0 324.0 245.0 92.0 92.0 83.0 81.0 337.0 262.0 105.0 105.0 86.0 82.0 471.0 335.0 158.0 152.0 85.0 81.0 736.0 520.0 259.0 225.0 96.0 86.0 84.0 81.0 750.0 579.0 260.0 230.0 90.0 90.0 83.0 81.0 794.0 675.0 294.0 241.0 90.0 89.0 83.0 81.0 325.0 257.0 106.0 100.0 83.0 81.0 662.0 451.0 216.0 199.0 85.0 83.0 403.0 292.0 131.0 128.0 86.0 81.0 479.0 360.0 169.0 161.0 86.0 82.0 718.0 525.0 259.0 225.0 95.0 86.0 83.0 81.0 727.0 500.0 251.0 219.0 87.0 84.0 83.0 81.0 619.0 425.0 209.0 191.0 85.0 100.0 632.0 444.0 220.0 208.0 86.0 83.0 681.0 478.0 241.0 213.0 86.0 84.0 83.0 80.0 824.0 660.0 295.0 243.0 93.0 91.0 85.0 81.0 345.0 267.0 107.0 107.0 85.0 88.0 785.0 658.0 290.0 248.0 90.0 91.0 84.0 81.0 531.0 375.0 180.0 169.0 116.0 83.0 491.0 355.0 166.0 158.0 115.0 82.0 616.0 423.0 208.0 190.0 124.0 101.0 788.0 643.0 298.0 239.0 134.0 100.0 84.0 80.0 325.0 259.0 102.0 104.0 84.0 93.0 332.0 260.0 102.0 105.0 84.0 80.0 814.0 623.0 285.0 238.0 88.0 87.0 83.0 99.0 1162.0 805.0 355.0 310.0 231.0 140.0 148.0 152.0 790.0 479.0 226.0 211.0 95.0 94.0 841.0 746.0 307.0 245.0 92.0 91.0 93.0 81.0 326.0 258.0 105.0 103.0 83.0 80.0 508.0 387.0 170.0 163.0 85.0 82.0 388.0 291.0 129.0 128.0 82.0 81.0 851.0 672.0 293.0 242.0 91.0 90.0 84.0 84.0 322.0 259.0 108.0 104.0 84.0 80.0 464.0 324.0 157.0 155.0 83.0 81.0 577.0 401.0 198.0 204.0 84.0 81.0 420.0 314.0 142.0 139.0 84.0 81.0 325.0 255.0 100.0 100.0 83.0 80.0 561.0 397.0 188.0 177.0 84.0 83.0 640.0 454.0 217.0 205.0 85.0 83.0 629.0 408.0 196.0 180.0 84.0 82.0 705.0 495.0 245.0 218.0 87.0 84.0 83.0 80.0 646.0 441.0 220.0 197.0 81.0 82.0 493.0 351.0 165.0 160.0 84.0 82.0 552.0 387.0 183.0 174.0 90.0 87.0 328.0 260.0 101.0 101.0 83.0 81.0 336.0 262.0 124.0 119.0 95.0 82.0
49 50 1 TRACE 317.0 67.0 46.0 135.0 96.0 80.0 156.0 104.0 44.0 24.0 170.0 45.0 45.0 37.0 118.0 90.0 54.0 49.0 35.0 82.0 94.0 65.0 54.0 92.0 100.0 50.0 137.0 115.0 26.0 82.0 67.0 52.0 156.0 52.0 44.0 54.0 103.0 68.0 52.0 189.0 106.0 47.0 99.0 72.0 29.0 103.0 65.0 58.0 145.0 145.0 25.0 92.0 83.0 26.0 122.0 49.0 46.0 56.0 65.0 91.0 48.0 129.0 76.0 48.0 49.0 59.0 77.0 42.0 115.0 74.0 81.0 65.0 94.0 47.0 83.0 127.0 50.0 52.0 47.0 130.0 56.0 91.0 98.0 72.0 49.0 52.0 76.0 46.0 130.0 66.0 48.0 47.0 130.0 63.0 44.0 53.0 104.0 108.0 26.0 136.0 92.0 52.0 131.0 161.0 45.0 62.0 50.0 87.0 46.0 47.0 69.0 74.0 36.0 63.0 89.0 80.0 43.0 80.0 70.0 62.0 64.0 84.0 25.0 50.0 66.0 61.0 50.0 55.0 36.0 54.0 65.0 95.0 31.0 56.0 104.0 47.0 63.0 50.0 103.0 39.0 79.0 80.0 29.0 78.0 233.0 90.0 39.0 62.0 75.0 44.0 43.0 49.0 27.0 74.0 65.0 45.0 29.0 89.0 45.0 50.0 47.0 65.0 34.0 25.0 54.0 28.0 35.0 50.0 36.0 43.0 69.0 54.0 37.0 54.0 32.0 28.0 137.0 37.0 35.0 68.0 45.0 27.0 47.0 48.0 38.0 50.0 40.0 44.0 83.0 66.0 38.0 38.0 56.0 42.0 37.0 89.0 47.0 40.0 97.0 44.0 26.0 88.0 32.0 30.0 112.0 36.0 26.0
50 25 1 TRACE 25.0 22.0 17.0 18.0 19.0 20.0 22.0 20.0 20.0 19.0 18.0 20.0 21.0 21.0 20.0 29.0 21.0 17.0 17.0 20.0 17.0 17.0 18.0 19.0 23.0 19.0 19.0 17.0 21.0 20.0 18.0 18.0 18.0 17.0 20.0 20.0 21.0 18.0 18.0 18.0 18.0 32.0 23.0 18.0 19.0 20.0 18.0 28.0 18.0 19.0 19.0 19.0 17.0 20.0 21.0 20.0 17.0 21.0 19.0 19.0 18.0 18.0
50 41 1 TRACE 9.0 9.0 9.0 9.0 8.0 9.0 8.0 9.0 8.0 8.0 9.0 9.0 10.0 8.0 8.0 10.0 8.0 8.0 8.0 9.0 8.0 9.0 8.0 9.0 8.0 8.0 8.0 9.0 9.0 9.0 9.0 9.0 8.0 9.0 8.0 8.0 9.0 9.0 10.0 8.0 8.0 8.0 8.0 10.0 9.0 10.0 8.0 9.0 8.0 9.0 8.0 9.0 9.0 10.0 8.0 9.0 9.0 9.0 8.0 10.0 10.0 9.0 8.0 8.0 9.0 10.0 9.0 9.0 9.0 9.0 9.0 10.0 8.0 9.0 9.0 8.0 8.0 10.0 8.0 10.0 8.0 9.0 9.0 10.0 9.0 9.0 10.0 10.0 10.0 10.0 8.0 9.0 8.0 9.0 9.0 9.0 8.0 9.0 21.0 9.0 9.0 10.0 10.0 9.0 8.0 8.0 10.0 8.0 8.0 8.0 8.0 8.0 9.0 10.0 8.0 9.0 8.0 9.0 8.0 8.0 8.0 8.0 8.0 9.0 8.0 26.0 8.0 10.0 9.0 9.0 8.0 9.0 10.0 9.0 10.0 9.0 8.0 8.0 9.0 9.0 9.0 8.0 9.0 8.0
50 51 1 TRACE 50.0
51 52 1 TRACE 1171.0 1233.0 1150.0 1211.0 1168.0 1196.0 1173.0 1126.0 1194.0 1135.0 1134.0 1167.0 1154.0 1145.0 1135.0 1152.0 1139.0 1130.0 1149.0 1195.0 1132.0 1125.0 1164.0 1156.0 1178.0 1165.0 1129.0 1131.0 86.0 1177.0 1129.0 1148.0 1174.0 1132.0 1127.0 1192.0 1192.0 1136.0 1131.0 1132.0 1138.0 1195.0 1177.0 1470.0 1240.0 1151.0 1141.0 1169.0 1174.0 1127.0 1160.0 1132.0 1173.0 1195.0 1135.0 1134.0 1135.0 1160.0 1121.0 1132.0 1125.0 1145.0 1148.0 1129.0
52 53 1 TRACE 45.0 40.0 41.0 39.0 38.0 36.0 38.0 41.0 39.0 39.0 39.0 39.0 40.0 40.0 39.0 41.0 39.0 40.0 48.0 39.0 40.0 61.0 42.0 39.0 39.0 39.0 44.0 40.0 17.0 44.0 43.0 41.0 39.0 40.0 40.0 39.0 38.0 40.0 62.0 40.0 40.0 39.0 40.0 72.0 51.0 66.0 39.0 38.0 38.0 41.0 40.0 40.0 39.0 39.0 40.0 39.0 40.0 42.0 41.0 41.0 40.0 40.0 41.0 39.0
53 54 1 TRACE 24.0 18.0 16.0 17.0 18.0 17.0 17.0 14.0 14.0 15.0 14.0 14.0 15.0 15.0 17.0 18.0 16.0 16.0 16.0 16.0 16.0 16.0 18.0 17.0 17.0 17.0 16.0 17.0 11.0 15.0 15.0 15.0 15.0 15.0 16.0 18.0 16.0 16.0 16.0 16.0 16.0 25.0 16.0 47.0 18.0 12.0 17.0 17.0 26.0 14.0 15.0 15.0 15.0 15.0 14.0 16.0 14.0 15.0 13.0 14.0 14.0 14.0 13.0 16.0
54 55 1 TRACE 77.0 19.0 18.0 18.0 32.0 19.0 19.0 18.0 18.0 18.0 18.0 18.0 18.0 18.0 19.0 17.0 18.0 17.0 18.0 18.0 18.0 31.0 19.0 31.0 18.0 18.0 18.0 18.0 18.0 18.0 18.0 18.0 18.0 18.0 18.0 18.0 19.0 18.0 18.0 18.0 18.0 19.0 18.0 30.0 31.0 17.0 22.0 32.0 18.0 17.0 18.0 18.0 18.0 18.0 18.0 18.0 18.0 18.0 18.0 17.0 18.0 18.0 18.0 18.0
55 56 1 TRACE 10.0 7.0 7.0 7.0 8.0 7.0 7.0 7.0 8.0 7.0 7.0 7.0 7.0 7.0 8.0 7.0 7.0 7.0 7.0 7.0 8.0 7.0 7.0 8.0 7.0 7.0 8.0 7.0 8.0 7.0 7.0 7.0 7.0 7.0 7.0 8.0 7.0 7.0 8.0 7.0 7.0 7.0 7.0 8.0 8.0 7.0 23.0 8.0 7.0 7.0 7.0 7.0 7.0 7.0 7.0 7.0 7.0 7.0 7.0 7.0 8.0 7.0 7.0 7.0
56 57 1 TRACE 23.0 7.0 6.0 7.0 7.0 7.0 7.0 7.0 6.0 7.0 7.0 6.0 7.0 7.0 7.0 6.0 7.0 6.0 7.0 7.0 7.0 8.0 7.0 7.0 7.0 7.0 7.0 7.0 7.0 7.0 7.0 7.0 7.0 7.0 7.0 7.0 7.0 6.0 7.0 7.0 7.0 7.0 7.0 7.0 7.0 7.0 7.0 8.0 7.0 7.0 7.0 7.0 7.0 7.0 7.0 6.0 7.0 7.0 7.0 6.0 7.0 7.0 6.0 7.0
57 58 1 TRACE 10.0 6.0 7.0 7.0 8.0 7.0 7.0 7.0 7.0 7.0 7.0 7.0 7.0 7.0 7.0 7.0 7.0 7.0 7.0 7.0 7.0 8.0 7.0 8.0 7.0 7.0 7.0 6.0 7.0 7.0 6.0 7.0 7.0 7.0 6.0 7.0 6.0 7.0 7.0 7.0 6.0 7.0 7.0 8.0 7.0 7.0 8.0 8.0 7.0 7.0 6.0 7.0 6.0 7.0 7.0 7.0 7.0 7.0 7.0 7.0 7.0 7.0 7.0 7.0
58 59 1 TRACE 28.0 8.0 7.0 7.0 8.0 8.0 7.0 8.0 7.0 7.0 8.0 7.0 8.0 8.0 7.0 8.0 8.0 8.0 8.0 7.0 7.0 8.0 8.0 9.0 8.0 7.0 7.0 8.0 8.0 8.0 8.0 8.0 8.0 8.0 8.0 8.0 8.0 7.0 7.0 7.0 8.0 7.0 7.0 8.0 8.0 7.0 8.0 9.0 8.0 8.0 8.0 25.0 8.0 7.0 8.0 8.0 8.0 8.0 8.0 8.0 7.0 8.0 7.0 8.0
59 60 1 TRACE 8.0 6.0 7.0 7.0 19.0 7.0 7.0 7.0 19.0 7.0 7.0 7.0 7.0 18.0 7.0 7.0 6.0 7.0 6.0 7.0 19.0 20.0 18.0 19.0 7.0 19.0 19.0 18.0 7.0 7.0 6.0 6.0 6.0 7.0 6.0 7.0 6.0 7.0 7.0 7.0 7.0 7.0 7.0 7.0 7.0 7.0 19.0 19.0 7.0 7.0 6.0 20.0 6.0 7.0 7.0 7.0 6.0 7.0 7.0 7.0 7.0 7.0 7.0 7.0
60 61 1 TRACE 8.0 19.0 18.0 19.0 7.0 7.0 18.0 8.0 7.0 18.0 19.0 19.0 7.0 7.0 19.0 19.0 19.0 19.0 19.0 8.0 7.0 8.0 7.0 8.0 19.0 7.0 7.0 8.0 8.0 19.0 19.0 19.0 19.0 19.0 19.0 19.0 19.0 18.0 19.0 18.0 7.0 19.0 19.0 8.0 7.0 18.0 8.0 19.0 19.0 18.0 7.0 20.0 19.0 18.0 19.0 19.0 7.0 19.0 19.0 19.0 18.0 19.0 19.0 19.0
61 62 1 TRACE 7.0 7.0 8.0 8.0 8.0 7.0 8.0 8.0 7.0 7.0 7.0 7.0 7.0 7.0 7.0 7.0 7.0 7.0 7.0 7.0 7.0 8.0 7.0 18.0 7.0 7.0 7.0 8.0 8.0 7.0 7.0 7.0 7.0 7.0 7.0 7.0 7.0 7.0 7.0 8.0 7.0 7.0 7.0 8.0 7.0 8.0 8.0 18.0 7.0 8.0 12.0 8.0 7.0 8.0 7.0 7.0 7.0 7.0 7.0 7.0 8.0 7.0 7.0 7.0
62 1 1 TRACE 22.0 30.0 20.0 21.0 27.0 19.0 20.0 19.0 19.0 19.0 19.0 19.0 20.0 19.0 19.0 20.0 20.0 19.0 20.0 20.0 20.0 21.0 20.0 31.0 19.0 21.0 19.0 20.0 19.0 20.0 20.0 20.0 20.0 19.0 19.0 19.0 20.0 20.0 19.0 20.0 20.0 20.0 19.0 20.0 20.0 20.0 31.0 19.0 19.0 20.0 45.0 22.0 20.0 20.0 20.0 20.0 20.0 19.0 20.0 19.0 20.0 19.0 20.0
