0 1 1 TRACE 1672857141854577.0
1 2 1 TRACE 11097.0 41.0 44.0 56.0 46.0 47.0 45.0 45.0 44.0 34.0 57.0 66.0 45.0 43.0 54.0 52.0 44.0 45.0 58.0 43.0 46.0 44.0 43.0 44.0 42.0 54.0 51.0 44.0 43.0 45.0 46.0 56.0 55.0 43.0 45.0 54.0 45.0 55.0 44.0 43.0 45.0 55.0 45.0 55.0 45.0 44.0 43.0 45.0 43.0 43.0 57.0 56.0 54.0 44.0 58.0 43.0 55.0 34.0 43.0 47.0 44.0 44.0 45.0 57.0
2 3 1 TRACE 1232.0 34.0 36.0 37.0 35.0 34.0 36.0 34.0 427.0 44.0 36.0 39.0 40.0 32.0 32.0 51.0 34.0 34.0 36.0 61.0 35.0 35.0 37.0 35.0 294.0 36.0 107.0 36.0 36.0 36.0 36.0 38.0 37.0 36.0 36.0 37.0 34.0 37.0 37.0 44.0 35.0 54.0 35.0 53.0 35.0 36.0 38.0 36.0 36.0 93.0 37.0 37.0 50.0 39.0 35.0 37.0 36.0 29.0 60.0 35.0 35.0 39.0 36.0 35.0
3 4 1 TRACE 43.0 70.0 62.0 66.0 57.0 23.0 45.0 23.0 285.0 23.0 22.0 84.0 41.0 52.0 24.0 24.0 63.0 22.0 29.0 57.0 23.0 27.0 24.0 28.0 264.0 28.0 61.0 57.0 51.0 60.0 58.0 53.0 58.0 62.0 63.0 61.0 59.0 54.0 58.0 56.0 59.0 57.0 61.0 24.0 26.0 28.0 50.0 51.0 26.0 104.0 26.0 40.0 55.0 61.0 58.0 23.0 23.0 57.0 161.0 77.0 50.0 28.0 30.0 29.0
4 5 1 TRACE 20.0 20.0 29.0 26.0 15.0 42.0 17.0 17.0 15.0 150.0 15.0 41.0 16.0 26.0 18.0 16.0 52.0 14.0 25.0 15.0 48.0 27.0 14.0 58.0 16.0 27.0 20.0 15.0 15.0 30.0 15.0 15.0 15.0 15.0 25.0 15.0 15.0 22.0 15.0 14.0 16.0 49.0 14.0 15.0 14.0 15.0 14.0 14.0 49.0 71.0 15.0 52.0 26.0 25.0 26.0 15.0 14.0 15.0 15.0 240.0 19.0 25.0 21.0 15.0
5 6 1 TRACE 43.0 284.0 215.0 207.0 175.0 30.0 57.0 21.0 34.0 19.0 16.0 105.0 43.0 134.0 109.0 38.0 19.0 23.0 13.0 13.0 27.0 15.0 15.0 12.0 23.0 29.0 12.0 25.0 46.0 70.0 13.0 23.0 69.0 38.0 33.0 39.0 16.0 47.0 23.0 42.0 17.0 17.0 12.0 24.0 22.0 13.0 28.0 23.0 20.0 166.0 20.0 12.0 17.0 46.0 46.0 17.0 18.0 12.0 20.0 18.0 30.0 13.0 12.0 15.0
6 7 1 TRACE 23.0 11.0 57.0 113.0 14.0 150.0 119.0 125.0 146.0 160.0 138.0 151.0 160.0 114.0 18.0 132.0 14.0 8.0 25.0 14.0 12.0 16.0 8.0 8.0 17.0 13.0 8.0 15.0 14.0 9.0 11.0 9.0 16.0 16.0 13.0 16.0 39.0 14.0 15.0 50.0 12.0 16.0 11.0 9.0 11.0 19.0 12.0 14.0 15.0 12.0 9.0 8.0 13.0 16.0 17.0 41.0 12.0 49.0 18.0 17.0 12.0 11.0 8.0 9.0
7 8 1 TRACE 22.0 10.0 11.0 13.0 71.0 56.0 16.0 22.0 15.0 17.0 17.0 18.0 18.0 15.0 41.0 17.0 15.0 13.0 8.0 50.0 11.0 24.0 8.0 8.0 18.0 13.0 8.0 12.0 39.0 18.0 16.0 16.0 17.0 17.0 12.0 30.0 18.0 14.0 14.0 15.0 13.0 16.0 18.0 19.0 13.0 8.0 9.0 13.0 14.0 11.0 13.0 7.0 12.0 18.0 18.0 18.0 12.0 14.0 48.0 17.0 12.0 18.0 16.0 9.0
8 9 1 TRACE 22.0 8.0 13.0 13.0 22.0 15.0 50.0 15.0 15.0 17.0 18.0 17.0 19.0 17.0 16.0 17.0 14.0 18.0 8.0 16.0 12.0 117.0 38.0 8.0 16.0 10.0 7.0 8.0 53.0 17.0 17.0 15.0 16.0 25.0 12.0 15.0 15.0 16.0 16.0 12.0 17.0 17.0 17.0 39.0 19.0 55.0 8.0 8.0 14.0 12.0 21.0 8.0 17.0 16.0 18.0 18.0 13.0 12.0 23.0 17.0 14.0 17.0 18.0 8.0
9 10 1 TRACE 100.0 64.0 95.0 70.0 106.0 82.0 61.0 43.0 185.0 44.0 38.0 92.0 57.0 95.0 33.0 50.0 59.0 79.0 59.0 71.0 94.0 62.0 56.0 105.0 63.0 100.0 39.0 27.0 32.0 45.0 31.0 41.0 71.0 30.0 56.0 41.0 66.0 66.0 63.0 27.0 103.0 79.0 85.0 80.0 144.0 66.0 211.0 49.0 53.0 92.0 64.0 62.0 64.0 67.0 61.0 77.0 4323.0 64.0 339.0 90.0 50.0 27.0 130.0 49.0
10 11 1 TRACE 23.0 18.0 19.0 18.0 16.0 17.0 18.0 25.0 17.0 391.0 16.0 263.0 16.0 17.0 19.0 18.0 20.0 21.0 19.0 17.0 18.0 178.0 52.0 16.0 17.0 31.0 19.0 17.0 91.0 17.0 17.0 16.0 18.0 17.0 17.0 17.0 16.0 17.0 50.0 18.0 16.0 18.0 16.0 16.0 16.0 19.0 89.0 18.0 16.0 60.0 18.0 16.0 16.0 20.0 19.0 18.0 17.0 22.0 17.0 77.0 58.0 17.0 16.0 19.0
11 12 1 TRACE 36.0 23.0 41.0 23.0 26.0 47.0 48.0 16.0 714.0 18.0 26.0 23.0 21.0 39.0 42.0 26.0 16.0 29.0 18.0 21.0 16.0 22.0 16.0 26.0 49.0 24.0 16.0 17.0 19.0 226.0 18.0 19.0 35.0 18.0 17.0 18.0 20.0 24.0 16.0 18.0 18.0 38.0 18.0 22.0 52.0 17.0 86.0 19.0 18.0 44.0 57.0 25.0 18.0 54.0 19.0 24.0 164.0 18.0 18.0 16.0 18.0 23.0 54.0 16.0
12 13 1 TRACE 21.0 25.0 16.0 17.0 16.0 19.0 21.0 19.0 18.0 1120.0 18.0 45.0 24.0 34.0 17.0 16.0 17.0 17.0 19.0 21.0 23.0 153.0 55.0 42.0 17.0 19.0 17.0 18.0 23.0 24.0 18.0 21.0 19.0 23.0 29.0 38.0 15.0 18.0 20.0 19.0 18.0 17.0 17.0 18.0 19.0 51.0 20.0 19.0 28.0 61.0 17.0 51.0 36.0 21.0 55.0 16.0 163.0 22.0 22.0 75.0 44.0 18.0 18.0 30.0
13 14 1 TRACE 22.0 9.0 8.0 9.0 9.0 9.0 9.0 9.0 9.0 9.0 8.0 11.0 9.0 10.0 9.0 9.0 10.0 9.0 9.0 9.0 9.0 9.0 9.0 9.0 8.0 9.0 9.0 9.0 9.0 9.0 9.0 9.0 9.0 9.0 9.0 9.0 10.0 9.0 9.0 8.0 9.0 9.0 9.0 9.0 9.0 9.0 9.0 9.0 8.0 9.0 10.0 9.0 10.0 9.0 9.0 9.0 9.0 9.0 9.0 9.0 9.0 9.0 9.0 9.0
14 15 1 TRACE 25.0 15.0 15.0 31.0 15.0 15.0 15.0 15.0 15.0 14.0 15.0 17.0 15.0 15.0 14.0 15.0 15.0 15.0 15.0 15.0 15.0 15.0 15.0 15.0 15.0 14.0 32.0 15.0 14.0 15.0 15.0 14.0 14.0 14.0 14.0 15.0 15.0 15.0 15.0 15.0 15.0 15.0 15.0 14.0 15.0 15.0 15.0 14.0 15.0 15.0 16.0 15.0 15.0 15.0 14.0 15.0 15.0 14.0 15.0 15.0 14.0 15.0 15.0 28.0
15 16 1 TRACE 13.0 8.0 8.0 8.0 11.0 9.0 8.0 8.0 8.0 9.0 8.0 10.0 8.0 8.0 8.0 8.0 8.0 8.0 9.0 8.0 9.0 8.0 8.0 8.0 8.0 8.0 8.0 8.0 8.0 11.0 8.0 8.0 8.0 8.0 8.0 9.0 8.0 8.0 8.0 8.0 7.0 8.0 8.0 8.0 8.0 8.0 8.0 8.0 8.0 11.0 8.0 8.0 8.0 8.0 8.0 8.0 8.0 8.0 8.0 8.0 8.0 8.0 8.0 8.0
16 17 1 TRACE 45.0 46.0 37.0 45.0 31.0 69.0 90.0 56.0 682.0 406.0 33.0 104.0 44.0 33.0 37.0 41.0 32.0 35.0 32.0 69.0 34.0 92.0 70.0 50.0 42.0 31.0 55.0 68.0 40.0 121.0 40.0 34.0 35.0 32.0 34.0 41.0 33.0 38.0 61.0 48.0 35.0 35.0 55.0 33.0 72.0 80.0 74.0 130.0 58.0 71.0 80.0 76.0 71.0 68.0 64.0 72.0 74.0 74.0 73.0 68.0 104.0 33.0 34.0 70.0
17 18 1 TRACE 54.0 18.0 19.0 19.0 16.0 17.0 16.0 19.0 19.0 29.0 19.0 28.0 25.0 25.0 18.0 15.0 16.0 17.0 18.0 29.0 17.0 20.0 18.0 21.0 16.0 18.0 54.0 16.0 18.0 410.0 17.0 16.0 18.0 16.0 18.0 17.0 16.0 17.0 64.0 18.0 17.0 16.0 17.0 18.0 26.0 16.0 20.0 16.0 18.0 17.0 16.0 16.0 19.0 17.0 18.0 17.0 18.0 44.0 16.0 23.0 477.0 23.0 16.0 49.0
18 19 1 TRACE 21.0 30.0 21.0 30.0 21.0 27.0 22.0 17.0 1371.0 23.0 24.0 31.0 19.0 18.0 23.0 33.0 17.0 18.0 16.0 15.0 24.0 40.0 17.0 18.0 17.0 18.0 15.0 22.0 17.0 38.0 17.0 25.0 23.0 27.0 17.0 17.0 24.0 57.0 16.0 18.0 22.0 20.0 29.0 18.0 16.0 21.0 17.0 26.0 19.0 18.0 52.0 18.0 20.0 24.0 18.0 17.0 115.0 23.0 23.0 24.0 20.0 15.0 17.0 16.0
19 20 1 TRACE 24.0 23.0 20.0 21.0 19.0 19.0 44.0 20.0 1290.0 20.0 26.0 29.0 35.0 18.0 19.0 24.0 18.0 17.0 18.0 18.0 19.0 18.0 17.0 31.0 17.0 19.0 18.0 23.0 18.0 433.0 18.0 18.0 20.0 37.0 22.0 20.0 18.0 16.0 84.0 17.0 18.0 17.0 19.0 18.0 55.0 27.0 18.0 51.0 51.0 50.0 23.0 18.0 57.0 55.0 57.0 26.0 22.0 52.0 30.0 17.0 17.0 31.0 18.0 20.0
20 21 1 TRACE 21.0 16.0 16.0 16.0 31.0 15.0 16.0 16.0 16.0 17.0 16.0 29.0 16.0 16.0 16.0 16.0 16.0 15.0 16.0 16.0 16.0 16.0 16.0 15.0 16.0 16.0 16.0 16.0 15.0 16.0 16.0 16.0 15.0 16.0 16.0 16.0 15.0 16.0 16.0 16.0 16.0 15.0 16.0 16.0 16.0 16.0 16.0 16.0 16.0 16.0 16.0 16.0 16.0 16.0 16.0 17.0 15.0 17.0 16.0 17.0 17.0 16.0 16.0 17.0
21 22 1 TRACE 29.0 13.0 13.0 13.0 14.0 13.0 13.0 13.0 13.0 13.0 13.0 14.0 14.0 13.0 13.0 13.0 13.0 13.0 13.0 13.0 13.0 13.0 13.0 12.0 13.0 13.0 13.0 13.0 13.0 13.0 18.0 12.0 13.0 13.0 13.0 13.0 13.0 13.0 13.0 13.0 13.0 13.0 13.0 13.0 13.0 13.0 13.0 13.0 13.0 14.0 13.0 13.0 12.0 12.0 13.0 13.0 13.0 14.0 12.0 13.0 13.0 13.0 13.0 13.0
22 23 1 TRACE 152.0 105.0 110.0 109.0 137.0 116.0 122.0 110.0 108.0 103.0 98.0 100.0 78.0 103.0 69.0 86.0 101.0 102.0 115.0 109.0 106.0 105.0 107.0 105.0 101.0 105.0 102.0 125.0 106.0 110.0 67.0 104.0 105.0 107.0 114.0 115.0 68.0 102.0 104.0 103.0 99.0 106.0 106.0 108.0 109.0 108.0 108.0 203.0 123.0 105.0 98.0 105.0 105.0 140.0 134.0 108.0 126.0 106.0 111.0 104.0 102.0 105.0 69.0 119.0
23 24 1 TRACE 59.0 42.0 35.0 26.0 92.0 30.0 61.0 69.0 972.0 79.0 67.0 48.0 37.0 66.0 70.0 70.0 69.0 66.0 67.0 39.0 61.0 29.0 27.0 60.0 34.0 34.0 26.0 97.0 31.0 271.0 27.0 31.0 27.0 52.0 29.0 28.0 33.0 44.0 26.0 59.0 43.0 121.0 26.0 38.0 59.0 66.0 68.0 66.0 34.0 68.0 30.0 31.0 74.0 62.0 61.0 66.0 77.0 63.0 60.0 62.0 344.0 28.0 28.0 27.0
24 25 1 TRACE 68.0 43.0 25.0 21.0 62.0 60.0 26.0 20.0 21.0 24.0 21.0 36.0 25.0 19.0 27.0 21.0 20.0 20.0 52.0 46.0 24.0 24.0 23.0 23.0 23.0 23.0 23.0 64.0 59.0 55.0 22.0 21.0 21.0 22.0 22.0 25.0 19.0 22.0 20.0 24.0 22.0 34.0 21.0 23.0 21.0 58.0 21.0 21.0 20.0 20.0 22.0 27.0 21.0 35.0 23.0 25.0 24.0 23.0 31.0 21.0 244.0 38.0 27.0 27.0
25 26 1 TRACE 29.0 11.0 10.0 11.0 11.0 10.0 11.0 11.0 10.0 10.0 11.0 11.0 11.0 11.0 10.0 11.0 11.0 10.0 10.0 11.0 11.0 10.0 11.0 10.0 13.0 11.0 11.0 11.0 11.0 11.0 11.0 10.0 10.0 14.0 11.0 11.0 11.0 11.0 11.0 11.0 12.0 13.0 12.0 12.0 11.0 11.0 10.0 10.0 10.0 10.0 10.0 10.0 10.0 10.0 11.0 10.0 11.0 10.0 11.0 11.0 10.0 11.0 11.0 10.0 11.0 10.0 11.0 10.0 10.0 10.0 11.0 10.0 11.0 11.0 11.0 10.0 11.0 11.0 10.0 10.0 10.0 10.0 10.0 10.0 10.0 10.0 11.0 11.0 11.0 11.0 10.0 11.0 10.0 10.0 11.0 10.0 11.0 11.0 11.0 10.0 11.0 11.0 10.0 11.0 11.0 11.0 12.0 11.0 10.0 11.0 11.0 11.0 10.0 10.0 11.0 10.0 11.0 10.0 11.0 10.0 10.0 11.0 10.0 11.0 11.0 11.0 11.0 11.0 11.0 11.0 11.0 11.0 11.0 10.0 11.0 11.0 11.0 11.0 10.0 11.0 10.0 10.0 10.0 11.0 10.0 10.0 10.0 11.0 10.0 11.0 10.0 10.0 10.0 11.0 11.0 10.0 11.0 10.0 11.0 10.0 11.0 10.0 10.0 11.0 11.0 10.0 10.0 10.0 10.0 10.0 10.0 11.0 11.0 11.0 11.0 10.0 10.0 11.0 11.0 10.0 11.0 11.0 11.0 10.0 11.0 10.0 11.0 10.0 10.0 11.0 10.0 11.0 10.0 11.0 11.0 11.0 11.0 11.0 11.0 10.0 11.0 11.0 11.0 10.0 11.0 11.0 11.0 11.0 11.0 10.0 11.0 11.0 10.0 10.0 10.0 11.0 11.0 11.0 11.0 11.0 11.0 10.0 11.0 10.0 11.0 10.0 11.0 11.0 17.0 11.0 11.0 11.0 10.0 11.0 10.0 11.0
26 27 1 TRACE 12.0 8.0 7.0 7.0 8.0 7.0 7.0 8.0 8.0 7.0 8.0 8.0 7.0 8.0 7.0 8.0 7.0 7.0 8.0 8.0 8.0 7.0 8.0 7.0 8.0 8.0 8.0 8.0 8.0 8.0 7.0 7.0 7.0 7.0 8.0 8.0 8.0 8.0 7.0 8.0 9.0 10.0 9.0 9.0 8.0 7.0 7.0 8.0 7.0 8.0 7.0 7.0 7.0 7.0 8.0 7.0 8.0 8.0 7.0 7.0 7.0 8.0 8.0 7.0 8.0 7.0 8.0 7.0 7.0 7.0 8.0 7.0 7.0 8.0 7.0 7.0 8.0 8.0 7.0 7.0 8.0 7.0 8.0 7.0 7.0 7.0 7.0 8.0 8.0 7.0 7.0 8.0 7.0 7.0 8.0 7.0 8.0 8.0 8.0 8.0 8.0 8.0 7.0 8.0 8.0 8.0 8.0 8.0 8.0 8.0 8.0 7.0 8.0 7.0 7.0 7.0 8.0 7.0 8.0 7.0 7.0 8.0 7.0 8.0 7.0 8.0 7.0 8.0 7.0 8.0 7.0 7.0 7.0 7.0 8.0 8.0 8.0 8.0 7.0 8.0 7.0 7.0 7.0 8.0 7.0 7.0 7.0 8.0 7.0 8.0 8.0 7.0 7.0 8.0 7.0 7.0 8.0 8.0 7.0 7.0 8.0 7.0 7.0 8.0 8.0 7.0 7.0 7.0 7.0 7.0 7.0 7.0 8.0 8.0 7.0 7.0 7.0 8.0 7.0 7.0 8.0 8.0 8.0 8.0 7.0 7.0 7.0 8.0 8.0 8.0 7.0 7.0 8.0 8.0 7.0 8.0 7.0 8.0 8.0 7.0 8.0 7.0 8.0 7.0 7.0 8.0 8.0 7.0 7.0 7.0 7.0 7.0 8.0 7.0 11.0 7.0 8.0 7.0 8.0 8.0 8.0 7.0 8.0 7.0 8.0 7.0 8.0 8.0 7.0 8.0 8.0 7.0 8.0 7.0 7.0 8.0
27 28 1 TRACE 11.0 7.0 7.0 8.0 7.0 8.0 8.0 7.0 7.0 7.0 7.0 8.0 8.0 7.0 8.0 7.0 8.0 8.0 7.0 8.0 7.0 7.0 8.0 8.0 8.0 8.0 8.0 7.0 7.0 7.0 7.0 7.0 7.0 7.0 8.0 7.0 7.0 8.0 8.0 8.0 19.0 10.0 9.0 9.0 8.0 8.0 8.0 7.0 7.0 7.0 7.0 7.0 7.0 7.0 8.0 7.0 7.0 8.0 8.0 8.0 7.0 7.0 8.0 8.0 7.0 7.0 7.0 7.0 7.0 8.0 7.0 7.0 7.0 8.0 8.0 7.0 7.0 7.0 7.0 7.0 7.0 7.0 7.0 7.0 8.0 13.0 8.0 7.0 7.0 8.0 7.0 8.0 8.0 8.0 7.0 7.0 8.0 8.0 8.0 7.0 8.0 7.0 8.0 7.0 8.0 7.0 7.0 8.0 7.0 7.0 7.0 8.0 7.0 7.0 8.0 7.0 8.0 8.0 11.0 7.0 7.0 8.0 7.0 8.0 8.0 7.0 8.0 8.0 7.0 8.0 7.0 8.0 7.0 7.0 7.0 8.0 8.0 13.0 7.0 8.0 8.0 8.0 8.0 7.0 7.0 7.0 8.0 7.0 8.0 7.0 8.0 7.0 7.0 8.0 7.0 8.0 7.0 7.0 7.0 7.0 7.0 8.0 7.0 7.0 7.0 7.0 7.0 7.0 7.0 8.0 7.0 8.0 7.0 7.0 8.0 8.0 8.0 7.0 8.0 8.0 8.0 8.0 8.0 7.0 8.0 7.0 8.0 8.0 7.0 7.0 7.0 8.0 7.0 8.0 8.0 7.0 7.0 8.0 8.0 7.0 7.0 8.0 7.0 8.0 7.0 8.0 7.0 8.0 8.0 8.0 8.0 8.0 7.0 7.0 8.0 8.0 7.0 7.0 7.0 7.0 8.0 7.0 8.0 8.0 8.0 8.0 7.0 7.0 7.0 8.0 7.0 8.0 7.0 7.0 8.0 8.0
28 29 1 TRACE 13.0 9.0 9.0 8.0 8.0 8.0 8.0 8.0 8.0 8.0 9.0 8.0 8.0 8.0 8.0 8.0 9.0 8.0 9.0 9.0 8.0 9.0 8.0 8.0 9.0 8.0 8.0 8.0 8.0 8.0 9.0 9.0 8.0 9.0 8.0 8.0 9.0 8.0 8.0 8.0 10.0 11.0 10.0 10.0 9.0 8.0 8.0 9.0 9.0 9.0 9.0 9.0 9.0 9.0 8.0 9.0 8.0 9.0 8.0 9.0 9.0 8.0 8.0 9.0 8.0 9.0 8.0 8.0 9.0 8.0 8.0 9.0 8.0 9.0 9.0 8.0 8.0 8.0 9.0 8.0 9.0 9.0 8.0 8.0 9.0 9.0 8.0 8.0 8.0 9.0 9.0 8.0 8.0 8.0 8.0 8.0 8.0 8.0 8.0 9.0 8.0 8.0 8.0 9.0 8.0 8.0 8.0 8.0 8.0 8.0 8.0 8.0 9.0 8.0 9.0 8.0 8.0 8.0 9.0 8.0 9.0 8.0 9.0 8.0 9.0 8.0 8.0 8.0 9.0 9.0 9.0 9.0 8.0 9.0 8.0 8.0 8.0 8.0 8.0 8.0 8.0 8.0 9.0 8.0 9.0 8.0 8.0 8.0 8.0 8.0 9.0 9.0 8.0 9.0 9.0 8.0 8.0 9.0 8.0 9.0 8.0 8.0 9.0 8.0 9.0 9.0 8.0 9.0 9.0 9.0 9.0 8.0 8.0 8.0 8.0 9.0 8.0 8.0 8.0 9.0 8.0 8.0 8.0 9.0 9.0 9.0 9.0 8.0 9.0 8.0 9.0 9.0 8.0 8.0 8.0 8.0 9.0 8.0 8.0 13.0 8.0 8.0 9.0 9.0 8.0 8.0 8.0 9.0 8.0 8.0 9.0 8.0 9.0 9.0 9.0 8.0 8.0 8.0 8.0 8.0 8.0 8.0 8.0 8.0 8.0 9.0 8.0 8.0 9.0 8.0 8.0 9.0 8.0 9.0 8.0 8.0
29 30 1 TRACE 39.0 56.0 29.0 31.0 37.0 56.0 31.0 32.0 31.0 43.0 32.0 50.0 38.0 46.0 30.0 35.0 57.0 43.0 150.0 36.0 35.0 45.0 55.0 31.0 17.0 35.0 65.0 65.0 62.0 70.0 67.0 155.0 81.0 18.0 68.0 70.0 71.0 37.0 71.0 122.0 100.0 467.0 70.0 69.0 66.0 81.0 94.0 56.0 72.0 71.0 70.0 52.0 70.0 73.0 65.0 69.0 29.0 71.0 71.0 48.0 69.0 63.0 29.0 51.0 66.0 48.0 31.0 72.0 28.0 30.0 39.0 89.0 81.0 45.0 31.0 78.0 66.0 74.0 88.0 36.0 35.0 72.0 34.0 84.0 75.0 49.0 36.0 64.0 75.0 67.0 29.0 61.0 35.0 57.0 35.0 61.0 52.0 33.0 58.0 34.0 77.0 32.0 57.0 74.0 70.0 68.0 67.0 29.0 68.0 48.0 30.0 34.0 104.0 30.0 35.0 29.0 34.0 30.0 18.0 111.0 31.0 65.0 40.0 79.0 27.0 65.0 41.0 35.0 44.0 28.0 29.0 25.0 30.0 37.0 40.0 32.0 67.0 35.0 37.0 27.0 138.0 28.0 28.0 69.0 64.0 37.0 65.0 103.0 29.0 30.0 32.0 89.0 54.0 31.0 59.0 34.0 44.0 64.0 30.0 32.0 87.0 33.0 28.0 35.0 67.0 35.0 65.0 36.0 56.0 32.0 46.0 97.0 58.0 69.0 65.0 65.0 35.0 60.0 71.0 29.0 69.0 37.0 57.0 70.0 32.0 32.0 41.0 62.0 1053.0 25.0 34.0 76.0 89.0 69.0 32.0 72.0 32.0 29.0 70.0 32.0 61.0 62.0 78.0 30.0 30.0 65.0 62.0 43.0 72.0 69.0 36.0 60.0 67.0 35.0 35.0 57.0 31.0 65.0 67.0 63.0 69.0 51.0 63.0 61.0 27.0 38.0 29.0 77.0 27.0 62.0 31.0 31.0 70.0 145.0 100.0 65.0
30 31 1 TRACE 23.0 20.0 18.0 16.0 8.0 16.0 18.0 16.0 8.0 16.0 27.0 16.0 16.0 16.0 17.0 8.0 38.0 8.0 16.0 16.0 13.0 18.0 18.0 17.0 8.0 16.0 17.0 8.0 16.0 64.0 17.0 9.0 8.0 16.0 8.0 8.0 17.0 22.0 32.0 19.0 57.0 183.0 10.0 18.0 17.0 8.0 8.0 16.0 9.0 8.0 16.0 8.0 16.0 15.0 9.0 9.0 16.0 17.0 9.0 16.0 60.0 9.0 17.0 17.0 16.0 9.0 8.0 16.0 17.0 8.0 9.0 17.0 16.0 8.0 9.0 15.0 18.0 16.0 8.0 16.0 17.0 53.0 9.0 8.0 15.0 16.0 8.0 16.0 8.0 17.0 8.0 8.0 8.0 17.0 16.0 8.0 24.0 8.0 9.0 17.0 17.0 9.0 9.0 17.0 9.0 16.0 16.0 54.0 9.0 8.0 16.0 16.0 16.0 16.0 8.0 8.0 22.0 18.0 15.0 8.0 18.0 15.0 8.0 16.0 17.0 16.0 17.0 16.0 16.0 16.0 17.0 8.0 16.0 9.0 21.0 19.0 15.0 9.0 8.0 16.0 8.0 18.0 18.0 16.0 8.0 8.0 16.0 9.0 16.0 17.0 16.0 8.0 8.0 18.0 17.0 8.0 16.0 17.0 8.0 8.0 17.0 15.0 9.0 9.0 8.0 17.0 16.0 8.0 8.0 17.0 17.0 9.0 8.0 16.0 9.0 16.0 18.0 10.0 8.0 16.0 16.0 8.0 55.0 8.0 16.0 16.0 9.0 22.0 17.0 8.0 16.0 18.0 17.0 9.0 16.0 53.0 16.0 16.0 17.0 16.0 8.0 8.0 8.0 23.0 16.0 8.0 10.0 16.0 8.0 8.0 16.0 8.0 8.0 17.0 16.0 9.0 17.0 16.0 8.0 15.0 17.0 17.0 8.0 16.0 17.0 17.0 9.0 25.0 16.0 8.0 16.0 18.0 16.0 9.0 8.0 54.0
31 32 1 TRACE 18.0 14.0 13.0 13.0 13.0 12.0 13.0 12.0 13.0 12.0 13.0 13.0 12.0 13.0 13.0 12.0 12.0 12.0 13.0 13.0 13.0 12.0 13.0 12.0 13.0 13.0 13.0 12.0 13.0 13.0 13.0 13.0 12.0 14.0 13.0 13.0 12.0 13.0 13.0 13.0 13.0 13.0 14.0 14.0 13.0 12.0 13.0 13.0 13.0 13.0 13.0 12.0 13.0 13.0 12.0 12.0 13.0 13.0 13.0 13.0 13.0 13.0 12.0 13.0 12.0 14.0 13.0 13.0 13.0 13.0 13.0 13.0 13.0 13.0 13.0 13.0 14.0 13.0 12.0 12.0 13.0 13.0 13.0 12.0 13.0 13.0 13.0 13.0 12.0 13.0 12.0 12.0 13.0 13.0 13.0 12.0 13.0 12.0 12.0 12.0 13.0 13.0 12.0 13.0 13.0 12.0 13.0 13.0 13.0 12.0 12.0 13.0 13.0 13.0 13.0 13.0 13.0 13.0 13.0 13.0 13.0 13.0 12.0 13.0 13.0 13.0 12.0 12.0 18.0 13.0 13.0 13.0 13.0 13.0 14.0 13.0 13.0 13.0 12.0 13.0 13.0 12.0 13.0 17.0 12.0 12.0 12.0 14.0 12.0 13.0 13.0 12.0 12.0 13.0 12.0 13.0 18.0 13.0 12.0 12.0 13.0 13.0 13.0 12.0 13.0 12.0 14.0 13.0 12.0 13.0 12.0 12.0 13.0 12.0 13.0 13.0 13.0 15.0 12.0 13.0 13.0 12.0 13.0 12.0 13.0 12.0 13.0 12.0 13.0 14.0 12.0 13.0 13.0 17.0 13.0 13.0 12.0 13.0 13.0 13.0 12.0 12.0 13.0 13.0 13.0 12.0 15.0 13.0 12.0 12.0 13.0 12.0 12.0 13.0 13.0 13.0 13.0 13.0 13.0 12.0 13.0 13.0 13.0 12.0 12.0 12.0 12.0 13.0 13.0 12.0 12.0 13.0 13.0 13.0 13.0 12.0
32 33 1 TRACE 20.0 16.0 16.0 17.0 15.0 15.0 16.0 16.0 15.0 16.0 28.0 20.0 15.0 16.0 15.0 15.0 19.0 16.0 15.0 15.0 16.0 15.0 16.0 15.0 16.0 16.0 19.0 16.0 15.0 17.0 15.0 15.0 52.0 227.0 15.0 47.0 16.0 21.0 16.0 16.0 68.0 43.0 18.0 18.0 28.0 16.0 17.0 61.0 16.0 16.0 16.0 15.0 15.0 16.0 16.0 16.0 50.0 16.0 16.0 16.0 18.0 17.0 15.0 16.0 16.0 14.0 16.0 17.0 16.0 51.0 19.0 55.0 15.0 16.0 15.0 16.0 15.0 16.0 17.0 16.0 17.0 30.0 16.0 16.0 15.0 49.0 51.0 15.0 16.0 15.0 16.0 17.0 55.0 16.0 15.0 15.0 17.0 15.0 15.0 25.0 16.0 17.0 15.0 31.0 15.0 15.0 357.0 58.0 257.0 173.0 56.0 16.0 15.0 15.0 16.0 15.0 16.0 15.0 16.0 17.0 15.0 16.0 16.0 16.0 16.0 16.0 15.0 16.0 17.0 16.0 15.0 15.0 15.0 21.0 16.0 16.0 16.0 16.0 16.0 16.0 16.0 16.0 16.0 17.0 16.0 16.0 15.0 28.0 16.0 16.0 15.0 52.0 15.0 16.0 16.0 16.0 15.0 20.0 17.0 17.0 16.0 51.0 21.0 16.0 21.0 16.0 16.0 15.0 51.0 16.0 17.0 16.0 16.0 15.0 16.0 15.0 16.0 17.0 20.0 16.0 16.0 16.0 55.0 15.0 18.0 18.0 18.0 16.0 16.0 15.0 19.0 16.0 16.0 17.0 15.0 54.0 15.0 16.0 17.0 53.0 16.0 15.0 53.0 16.0 16.0 15.0 56.0 16.0 15.0 44.0 15.0 17.0 15.0 15.0 16.0 16.0 16.0 21.0 15.0 72.0 16.0 15.0 51.0 16.0 16.0 16.0 16.0 16.0 16.0 16.0 15.0 16.0 15.0 16.0 62.0 31.0
33 34 1 TRACE 442.0 643.0 291.0 222.0 222.0 499.0 289.0 258.0 201.0 263.0 348.0 216.0 173.0 418.0 255.0 215.0 141.0 192.0 866.0 266.0 153.0 248.0 269.0 225.0 226.0 821.0 232.0 225.0 232.0 260.0 257.0 214.0 154.0 1118.0 197.0 175.0 1608.0 216.0 164.0 315.0 396.0 1117.0 242.0 275.0 222.0 125.0 257.0 231.0 164.0 287.0 213.0 213.0 244.0 236.0 164.0 222.0 1262.0 274.0 217.0 310.0 224.0 173.0 537.0 239.0 211.0 165.0 192.0 521.0 601.0 136.0 151.0 655.0 316.0 209.0 165.0 288.0 302.0 211.0 107.0 345.0 334.0 212.0 168.0 197.0 810.0 240.0 164.0 168.0 245.0 227.0 216.0 223.0 211.0 213.0 177.0 287.0 213.0 186.0 408.0 327.0 212.0 167.0 177.0 236.0 229.0 489.0 361.0 212.0 349.0 312.0 215.0 139.0 274.0 417.0 183.0 312.0 373.0 237.0 196.0 280.0 300.0 213.0 188.0 699.0 257.0 212.0 213.0 454.0 265.0 298.0 132.0 268.0 222.0 150.0 358.0 262.0 212.0 209.0 266.0 246.0 83.0 306.0 319.0 277.0 134.0 236.0 331.0 195.0 252.0 1812.0 365.0 125.0 285.0 251.0 212.0 172.0 384.0 264.0 205.0 191.0 778.0 232.0 201.0 180.0 379.0 263.0 212.0 225.0 232.0 259.0 218.0 208.0 197.0 250.0 193.0 984.0 216.0 181.0 152.0 641.0 346.0 211.0 152.0 220.0 270.0 212.0 233.0 231.0 213.0 221.0 232.0 229.0 212.0 208.0 514.0 220.0 212.0 198.0 880.0 216.0 163.0 198.0 615.0 293.0 212.0 130.0 124.0 246.0 161.0 162.0 581.0 278.0 260.0 1542.0 249.0 139.0 985.0 256.0 301.0 497.0 266.0 211.0 172.0 208.0 1238.0 243.0 243.0 922.0 334.0 205.0 337.0 262.0 279.0 139.0 131.0 483.0
34 35 1 TRACE 742.0 744.0 57.0 16.0 48.0 58.0 52.0 17.0 50.0 52.0 59.0 46.0 48.0 83.0 62.0 25.0 16.0 67.0 74.0 52.0 51.0 55.0 54.0 47.0 50.0 69.0 53.0 58.0 53.0 64.0 18.0 17.0 56.0 51.0 17.0 99.0 80.0 51.0 48.0 53.0 122.0 33.0 66.0 90.0 49.0 18.0 56.0 58.0 33.0 104.0 47.0 48.0 56.0 50.0 18.0 63.0 75.0 52.0 54.0 71.0 17.0 59.0 59.0 52.0 16.0 25.0 49.0 271.0 52.0 17.0 51.0 63.0 108.0 17.0 52.0 58.0 51.0 45.0 51.0 56.0 53.0 16.0 18.0 49.0 155.0 49.0 17.0 23.0 56.0 53.0 17.0 17.0 52.0 48.0 16.0 74.0 58.0 19.0 56.0 92.0 17.0 18.0 52.0 56.0 47.0 200.0 53.0 17.0 52.0 54.0 17.0 47.0 52.0 89.0 16.0 59.0 98.0 16.0 17.0 55.0 68.0 17.0 57.0 101.0 58.0 17.0 50.0 130.0 153.0 17.0 18.0 54.0 49.0 48.0 55.0 59.0 17.0 21.0 72.0 46.0 48.0 55.0 59.0 17.0 17.0 55.0 52.0 47.0 50.0 88.0 51.0 54.0 61.0 58.0 17.0 47.0 57.0 51.0 20.0 74.0 67.0 139.0 17.0 20.0 56.0 55.0 17.0 17.0 55.0 52.0 52.0 17.0 51.0 49.0 89.0 75.0 49.0 18.0 50.0 70.0 51.0 17.0 17.0 58.0 50.0 16.0 43.0 90.0 48.0 48.0 55.0 53.0 16.0 49.0 61.0 51.0 50.0 50.0 61.0 50.0 17.0 18.0 63.0 55.0 16.0 18.0 60.0 19.0 21.0 57.0 50.0 17.0 52.0 372.0 51.0 50.0 72.0 49.0 49.0 55.0 52.0 17.0 49.0 49.0 76.0 52.0 51.0 65.0 53.0 52.0 63.0 52.0 16.0 18.0 67.0 88.0
35 36 1 TRACE 61.0 67.0 51.0 27.0 45.0 59.0 50.0 17.0 47.0 56.0 59.0 44.0 45.0 59.0 50.0 27.0 15.0 49.0 87.0 46.0 45.0 54.0 56.0 45.0 48.0 86.0 50.0 47.0 57.0 118.0 53.0 15.0 51.0 46.0 22.0 50.0 155.0 47.0 53.0 59.0 88.0 27.0 58.0 165.0 47.0 16.0 55.0 52.0 16.0 97.0 44.0 50.0 99.0 46.0 15.0 50.0 105.0 46.0 46.0 199.0 15.0 48.0 279.0 51.0 15.0 16.0 48.0 99.0 48.0 15.0 46.0 78.0 49.0 15.0 46.0 55.0 49.0 44.0 59.0 56.0 49.0 15.0 51.0 45.0 111.0 55.0 15.0 15.0 56.0 50.0 14.0 15.0 100.0 45.0 51.0 53.0 47.0 16.0 60.0 397.0 14.0 14.0 47.0 111.0 42.0 180.0 51.0 15.0 55.0 128.0 15.0 44.0 50.0 47.0 15.0 60.0 49.0 15.0 26.0 53.0 50.0 17.0 47.0 107.0 49.0 15.0 45.0 61.0 168.0 14.0 16.0 55.0 86.0 45.0 57.0 56.0 14.0 16.0 57.0 45.0 44.0 59.0 55.0 14.0 15.0 52.0 45.0 43.0 49.0 118.0 44.0 17.0 61.0 54.0 15.0 45.0 57.0 49.0 17.0 46.0 82.0 48.0 16.0 16.0 96.0 53.0 23.0 16.0 58.0 97.0 17.0 15.0 55.0 46.0 85.0 86.0 94.0 14.0 44.0 67.0 54.0 15.0 16.0 63.0 93.0 16.0 40.0 50.0 44.0 60.0 101.0 51.0 15.0 45.0 60.0 59.0 53.0 46.0 78.0 49.0 21.0 16.0 90.0 54.0 23.0 16.0 54.0 16.0 15.0 58.0 45.0 16.0 55.0 378.0 45.0 46.0 88.0 85.0 46.0 58.0 50.0 15.0 45.0 48.0 100.0 47.0 47.0 81.0 50.0 48.0 108.0 49.0 15.0 15.0 52.0 44.0
36 37 1 TRACE 174.0 100.0 194.0 125.0 108.0 131.0 70.0 97.0 61.0 95.0 115.0 119.0 65.0 95.0 84.0 103.0 98.0 94.0 473.0 63.0 170.0 99.0 70.0 70.0 76.0 301.0 122.0 263.0 102.0 94.0 56.0 188.0 73.0 2389.0 106.0 48.0 1554.0 93.0 48.0 95.0 74.0 454.0 87.0 174.0 55.0 158.0 159.0 51.0 80.0 73.0 64.0 225.0 187.0 87.0 89.0 115.0 789.0 43.0 93.0 380.0 120.0 43.0 737.0 95.0 132.0 88.0 46.0 273.0 309.0 96.0 147.0 689.0 91.0 99.0 75.0 109.0 170.0 49.0 50.0 90.0 106.0 155.0 50.0 89.0 503.0 253.0 136.0 114.0 105.0 174.0 189.0 131.0 57.0 78.0 56.0 71.0 126.0 126.0 182.0 129.0 97.0 238.0 153.0 60.0 131.0 80.0 115.0 251.0 565.0 783.0 134.0 64.0 91.0 37.0 89.0 68.0 32.0 125.0 84.0 86.0 280.0 133.0 31.0 262.0 167.0 136.0 65.0 103.0 54.0 100.0 98.0 131.0 96.0 30.0 198.0 31.0 163.0 104.0 60.0 85.0 44.0 87.0 39.0 103.0 100.0 69.0 29.0 181.0 72.0 892.0 78.0 99.0 81.0 60.0 216.0 55.0 93.0 54.0 168.0 93.0 355.0 88.0 91.0 105.0 64.0 63.0 156.0 75.0 60.0 34.0 172.0 171.0 47.0 44.0 31.0 566.0 34.0 92.0 69.0 217.0 79.0 145.0 96.0 89.0 36.0 111.0 243.0 40.0 47.0 82.0 75.0 72.0 121.0 80.0 235.0 96.0 63.0 171.0 483.0 86.0 87.0 126.0 183.0 32.0 104.0 100.0 78.0 1200.0 107.0 98.0 175.0 101.0 65.0 956.0 58.0 79.0 508.0 29.0 78.0 93.0 150.0 137.0 109.0 88.0 634.0 59.0 143.0 539.0 29.0 47.0 130.0 86.0 142.0 198.0 113.0 57.0
37 38 1 TRACE 56.0 55.0 47.0 32.0 38.0 71.0 36.0 40.0 39.0 42.0 30.0 30.0 33.0 71.0 50.0 41.0 37.0 39.0 127.0 66.0 54.0 38.0 30.0 34.0 37.0 89.0 30.0 69.0 78.0 38.0 190.0 82.0 36.0 541.0 71.0 34.0 134.0 68.0 73.0 38.0 109.0 49.0 42.0 49.0 40.0 47.0 55.0 39.0 84.0 65.0 36.0 34.0 75.0 34.0 36.0 73.0 137.0 67.0 41.0 67.0 32.0 31.0 66.0 70.0 60.0 41.0 65.0 75.0 67.0 35.0 57.0 67.0 73.0 28.0 75.0 39.0 63.0 33.0 69.0 74.0 68.0 38.0 47.0 61.0 118.0 60.0 34.0 60.0 38.0 68.0 34.0 81.0 33.0 68.0 66.0 62.0 114.0 64.0 51.0 64.0 31.0 30.0 73.0 36.0 60.0 79.0 63.0 60.0 71.0 74.0 63.0 73.0 35.0 31.0 73.0 42.0 70.0 70.0 42.0 70.0 67.0 74.0 37.0 92.0 72.0 63.0 30.0 85.0 71.0 72.0 29.0 34.0 81.0 29.0 48.0 32.0 37.0 36.0 75.0 61.0 33.0 49.0 34.0 66.0 55.0 72.0 73.0 31.0 47.0 133.0 34.0 37.0 50.0 48.0 29.0 44.0 56.0 47.0 64.0 74.0 98.0 62.0 92.0 57.0 77.0 30.0 34.0 31.0 61.0 34.0 34.0 37.0 39.0 64.0 41.0 94.0 51.0 72.0 70.0 67.0 37.0 33.0 29.0 47.0 69.0 74.0 45.0 42.0 65.0 64.0 70.0 46.0 53.0 72.0 79.0 29.0 42.0 35.0 88.0 29.0 68.0 72.0 86.0 73.0 31.0 30.0 33.0 39.0 38.0 32.0 233.0 66.0 78.0 130.0 38.0 32.0 126.0 71.0 72.0 63.0 65.0 40.0 70.0 30.0 123.0 37.0 76.0 90.0 73.0 30.0 83.0 39.0 64.0 35.0 78.0 68.0
38 39 1 TRACE 34.0 54.0 33.0 55.0 37.0 34.0 26.0 34.0 32.0 32.0 33.0 26.0 27.0 63.0 36.0 37.0 26.0 41.0 31.0 32.0 32.0 45.0 27.0 25.0 27.0 31.0 43.0 68.0 31.0 26.0 422.0 56.0 60.0 1218.0 64.0 31.0 29.0 34.0 98.0 33.0 605.0 37.0 118.0 72.0 58.0 66.0 36.0 23.0 48.0 25.0 48.0 29.0 59.0 27.0 26.0 55.0 26.0 32.0 34.0 68.0 63.0 28.0 78.0 65.0 30.0 24.0 63.0 132.0 58.0 32.0 114.0 46.0 96.0 25.0 29.0 59.0 68.0 65.0 68.0 68.0 68.0 35.0 60.0 66.0 28.0 54.0 24.0 27.0 27.0 59.0 26.0 60.0 31.0 25.0 62.0 25.0 126.0 71.0 58.0 67.0 33.0 66.0 62.0 24.0 31.0 67.0 33.0 57.0 66.0 71.0 31.0 66.0 67.0 58.0 71.0 59.0 61.0 56.0 70.0 32.0 77.0 71.0 23.0 62.0 34.0 70.0 30.0 66.0 63.0 27.0 33.0 64.0 121.0 45.0 66.0 33.0 69.0 24.0 25.0 33.0 25.0 69.0 27.0 60.0 37.0 68.0 66.0 24.0 86.0 61.0 62.0 31.0 67.0 25.0 26.0 60.0 45.0 26.0 37.0 63.0 32.0 48.0 61.0 34.0 32.0 33.0 63.0 26.0 62.0 61.0 32.0 46.0 27.0 65.0 174.0 27.0 30.0 54.0 65.0 64.0 28.0 53.0 61.0 42.0 35.0 34.0 24.0 30.0 29.0 30.0 27.0 58.0 163.0 62.0 64.0 57.0 43.0 52.0 44.0 32.0 63.0 31.0 27.0 27.0 44.0 67.0 31.0 172.0 26.0 25.0 76.0 27.0 191.0 28.0 26.0 25.0 33.0 26.0 63.0 27.0 30.0 73.0 67.0 62.0 28.0 29.0 31.0 61.0 63.0 33.0 27.0 65.0 62.0 55.0 68.0 64.0
39 25 1 TRACE 18.0 18.0 16.0 16.0 16.0 16.0 18.0 17.0 17.0 38.0 16.0 26.0 18.0 22.0 22.0 16.0 20.0 17.0 15.0 171.0 35.0 20.0 17.0 16.0 18.0 18.0 63.0 25.0 21.0 16.0 26.0 16.0 17.0 27.0 18.0 17.0 20.0 20.0 24.0 16.0 15.0 16.0 18.0 18.0 18.0 21.0 16.0 27.0 16.0 54.0 16.0 16.0 56.0 19.0 18.0 17.0 16.0 60.0 19.0 16.0 22.0 25.0 18.0 18.0 17.0 16.0 16.0 16.0 20.0 15.0 18.0 20.0 17.0 16.0 18.0 18.0 31.0 16.0 18.0 17.0 16.0 21.0 22.0 16.0 53.0 40.0 16.0 16.0 56.0 16.0 15.0 23.0 15.0 18.0 16.0 15.0 17.0 46.0 19.0 55.0 25.0 18.0 16.0 21.0 15.0 17.0 58.0 48.0
39 40 1 TRACE 47.0 58.0 48.0 45.0 39.0 61.0 28.0 63.0 64.0 34.0 41.0 63.0 66.0 64.0 28.0 33.0 58.0 68.0 29.0 64.0 35.0 56.0 30.0 65.0 50.0 34.0 29.0 59.0 48.0 64.0 57.0 66.0 29.0 43.0 33.0 70.0 64.0 39.0 65.0 33.0 31.0 70.0 64.0 72.0 32.0 35.0 33.0 30.0 28.0 28.0 29.0 30.0 66.0 65.0 35.0 64.0 57.0 37.0 35.0 28.0 66.0 33.0 69.0 66.0
39 51 1 TRACE 65.0 56.0 45.0 31.0 44.0 36.0 28.0 278.0 375.0 54.0 267.0 185.0 31.0 31.0 44.0 33.0 33.0 30.0 28.0 28.0 27.0 66.0 35.0 36.0 33.0 42.0 63.0 42.0 224.0 39.0 39.0 36.0 72.0 65.0 82.0 59.0 68.0 64.0 59.0 49.0 74.0 32.0 39.0 54.0 73.0 119.0 94.0 37.0 64.0 48.0 34.0 67.0 28.0 27.0 67.0 671.0 34.0 29.0 34.0 58.0 65.0 61.0 66.0 32.0
40 41 1 TRACE 89.0 74.0 60.0 72.0 135.0 61.0 112.0 77.0 56.0 177.0 64.0 68.0 56.0 58.0 62.0 172.0 58.0 90.0 90.0 101.0 62.0 63.0 128.0 60.0 56.0 56.0 72.0 56.0 71.0 59.0 58.0 61.0 59.0 98.0 85.0 59.0 70.0 58.0 65.0 59.0 186.0 66.0 85.0 113.0 69.0 61.0 56.0 135.0 90.0 64.0 58.0 59.0 97.0 131.0 96.0 57.0 56.0 180.0 148.0 65.0 149.0 132.0 67.0 58.0
41 42 1 TRACE 18.0 13.0 14.0 14.0 13.0 13.0 13.0 13.0 13.0 14.0 13.0 14.0 13.0 13.0 13.0 13.0 12.0 13.0 13.0 13.0 12.0 14.0 13.0 13.0 13.0 12.0 12.0 13.0 13.0 13.0 13.0 15.0 27.0 25.0 15.0 14.0 13.0 12.0 13.0 13.0 12.0 12.0 14.0 13.0 13.0 13.0 13.0 14.0 12.0 13.0 15.0 13.0 18.0 13.0 15.0 12.0 13.0 14.0 12.0 13.0 14.0 13.0 13.0 14.0 13.0 13.0 13.0 15.0 12.0 13.0 13.0 13.0 14.0 13.0 13.0 13.0 15.0 13.0 13.0 13.0 14.0 12.0 13.0 12.0 13.0 13.0 13.0 13.0 12.0 14.0 13.0 13.0 12.0 14.0 13.0 15.0 14.0 13.0 12.0 12.0 13.0 13.0 13.0 13.0 14.0 13.0 12.0 13.0 13.0 13.0 13.0 13.0 12.0 14.0 13.0 12.0 13.0 21.0 13.0 13.0 13.0 13.0 12.0 14.0 20.0 12.0 12.0 14.0 13.0 13.0 13.0 13.0 12.0 13.0 14.0 13.0 13.0 14.0 13.0 12.0 13.0 13.0 12.0 14.0 13.0 13.0 13.0 17.0 12.0 13.0 13.0 13.0 13.0 12.0 13.0 12.0 13.0 13.0 13.0 14.0 13.0 14.0 13.0 13.0 13.0 14.0 13.0 12.0 12.0 13.0 13.0 12.0 14.0 13.0 13.0 14.0 13.0 13.0 14.0 12.0 12.0 14.0 12.0 13.0 12.0 14.0 12.0 12.0 13.0 14.0 13.0 13.0 14.0 13.0 13.0 14.0 12.0 12.0 14.0 13.0 12.0 13.0 13.0 13.0 13.0 12.0 13.0 13.0 13.0 12.0 13.0
42 43 1 TRACE 16.0 12.0 12.0 12.0 11.0 12.0 12.0 12.0 12.0 12.0 12.0 12.0 12.0 12.0 18.0 12.0 12.0 11.0 12.0 12.0 12.0 12.0 11.0 11.0 11.0 11.0 12.0 12.0 11.0 12.0 11.0 12.0 25.0 15.0 13.0 13.0 12.0 12.0 12.0 12.0 12.0 12.0 12.0 12.0 11.0 11.0 11.0 11.0 12.0 12.0 12.0 12.0 13.0 12.0 12.0 12.0 12.0 12.0 12.0 11.0 12.0 12.0 12.0 12.0 12.0 12.0 12.0 12.0 12.0 12.0 11.0 12.0 12.0 12.0 11.0 12.0 12.0 11.0 19.0 12.0 13.0 12.0 12.0 12.0 12.0 12.0 12.0 11.0 12.0 11.0 11.0 11.0 12.0 12.0 12.0 12.0 12.0 12.0 12.0 12.0 12.0 12.0 11.0 12.0 12.0 12.0 12.0 12.0 11.0 11.0 12.0 12.0 12.0 13.0 12.0 11.0 12.0 13.0 12.0 12.0 12.0 12.0 12.0 12.0 12.0 12.0 12.0 12.0 12.0 12.0 13.0 12.0 12.0 12.0 12.0 12.0 12.0 12.0 12.0 12.0 12.0 12.0 12.0 12.0 12.0 12.0 12.0 12.0 12.0 12.0 12.0 12.0 12.0 12.0 13.0 11.0 12.0 12.0 11.0 12.0 12.0 12.0 12.0 11.0 12.0 12.0 12.0 12.0 12.0 12.0 17.0 12.0 12.0 12.0 12.0 12.0 12.0 12.0 13.0 13.0 12.0 12.0 12.0 12.0 11.0 12.0 12.0 12.0 12.0 12.0 11.0 11.0 13.0 12.0 12.0 12.0 12.0 12.0 12.0 12.0 12.0 12.0 11.0 12.0 12.0 11.0 11.0 12.0 11.0 12.0 12.0
43 44 1 TRACE 13.0 8.0 9.0 8.0 8.0 8.0 9.0 8.0 8.0 8.0 8.0 9.0 9.0 9.0 9.0 8.0 8.0 8.0 9.0 8.0 9.0 9.0 9.0 8.0 8.0 8.0 9.0 9.0 9.0 8.0 8.0 9.0 21.0 27.0 9.0 9.0 9.0 8.0 8.0 8.0 8.0 8.0 9.0 9.0 8.0 8.0 9.0 9.0 8.0 8.0 9.0 9.0 8.0 8.0 8.0 8.0 8.0 8.0 11.0 8.0 9.0 8.0 8.0 8.0 9.0 9.0 8.0 8.0 9.0 8.0 9.0 9.0 8.0 9.0 8.0 8.0 8.0 8.0 9.0 9.0 10.0 8.0 8.0 8.0 9.0 8.0 8.0 8.0 8.0 8.0 9.0 9.0 8.0 9.0 8.0 9.0 8.0 8.0 8.0 8.0 8.0 8.0 9.0 9.0 8.0 8.0 8.0 8.0 8.0 8.0 9.0 9.0 9.0 8.0 9.0 9.0 8.0 8.0 8.0 8.0 9.0 8.0 8.0 8.0 8.0 9.0 8.0 9.0 8.0 8.0 9.0 8.0 8.0 8.0 9.0 9.0 8.0 9.0 8.0 9.0 9.0 8.0 9.0 8.0 9.0 8.0 9.0 9.0 8.0 9.0 9.0 9.0 8.0 8.0 9.0 8.0 8.0 9.0 8.0 8.0 8.0 9.0 8.0 8.0 9.0 9.0 9.0 8.0 8.0 9.0 9.0 8.0 9.0 9.0 8.0 8.0 8.0 8.0 8.0 8.0 8.0 8.0 8.0 9.0 8.0 8.0 8.0 8.0 8.0 8.0 8.0 8.0 8.0 9.0 8.0 9.0 8.0 8.0 8.0 9.0 8.0 9.0 9.0 8.0 8.0 8.0 8.0 8.0 9.0 9.0 8.0
44 45 1 TRACE 95.0 225.0 57.0 88.0 72.0 47.0 74.0 43.0 44.0 67.0 44.0 51.0 59.0 84.0 38.0 68.0 47.0 85.0 58.0 49.0 89.0 50.0 47.0 46.0 84.0 42.0 41.0 919.0 54.0 45.0 48.0 43.0 170.0 67.0 90.0 86.0 57.0 75.0 54.0 43.0 54.0 44.0 68.0 44.0 42.0 42.0 80.0 179.0 43.0 66.0 53.0 41.0 48.0 60.0 41.0 80.0 42.0 62.0 42.0 47.0 57.0 93.0 124.0 48.0 41.0 81.0 84.0 41.0 50.0 127.0 42.0 81.0 51.0 45.0 42.0 60.0 42.0 50.0 79.0 42.0 38.0 47.0 62.0 43.0 89.0 84.0 59.0 62.0 186.0 73.0 46.0 45.0 42.0 54.0 45.0 346.0 85.0 51.0 51.0 80.0 87.0 83.0 43.0 79.0 96.0 85.0 43.0 44.0 56.0 41.0 55.0 50.0 45.0 42.0 81.0 41.0 79.0 48.0 41.0 59.0 85.0 55.0 85.0 81.0 81.0 44.0 44.0 60.0 89.0 76.0 42.0 84.0 41.0 43.0 84.0 43.0 42.0 47.0 48.0 44.0 120.0 44.0 70.0 55.0 80.0 84.0 93.0 40.0 122.0 45.0 68.0 81.0 79.0 53.0 42.0 47.0 48.0 48.0 45.0 58.0 51.0 41.0 84.0 85.0 41.0 50.0 54.0 50.0 85.0 97.0 39.0 41.0 50.0 43.0 44.0 88.0 71.0 84.0 55.0 50.0 42.0 72.0 81.0 45.0 188.0 54.0 45.0 51.0 84.0 122.0 49.0 48.0 44.0 86.0 44.0 47.0 44.0 47.0 44.0 109.0 45.0 49.0 85.0 42.0 68.0 43.0 84.0 46.0 49.0 91.0 42.0
45 46 1 TRACE 25.0 18.0 19.0 21.0 20.0 19.0 17.0 21.0 21.0 23.0 22.0 20.0 19.0 19.0 17.0 21.0 16.0 20.0 21.0 16.0 21.0 25.0 20.0 20.0 16.0 19.0 18.0 574.0 20.0 17.0 18.0 18.0 38.0 37.0 22.0 18.0 17.0 19.0 19.0 18.0 17.0 18.0 18.0 21.0 28.0 24.0 18.0 19.0 23.0 19.0 21.0 23.0 17.0 20.0 22.0 24.0 18.0 20.0 16.0 18.0 519.0 97.0 1175.0 18.0 17.0 17.0 17.0 20.0 18.0 20.0 19.0 29.0 17.0 21.0 18.0 19.0 17.0 19.0 17.0 20.0 17.0 20.0 50.0 19.0 19.0 16.0 21.0 21.0 89.0 21.0 20.0 38.0 20.0 21.0 17.0 37.0 19.0 18.0 20.0 17.0 20.0 18.0 18.0 25.0 21.0 17.0 24.0 59.0 25.0 19.0 20.0 22.0 18.0 18.0 16.0 17.0 20.0 19.0 16.0 18.0 20.0 164.0 16.0 21.0 20.0 49.0 18.0 20.0 21.0 17.0 18.0 56.0 17.0 18.0 19.0 24.0 16.0 21.0 48.0 26.0 19.0 17.0 20.0 18.0 21.0 17.0 21.0 20.0 21.0 20.0 20.0 53.0 16.0 21.0 19.0 21.0 20.0 18.0 19.0 17.0 18.0 20.0 17.0 16.0 20.0 54.0 21.0 41.0 19.0 67.0 18.0 19.0 21.0 19.0 20.0 22.0 23.0 18.0 19.0 17.0 19.0 20.0 18.0 18.0 83.0 19.0 52.0 20.0 17.0 19.0 18.0 20.0 20.0 18.0 21.0 21.0 19.0 19.0 18.0 21.0 21.0 22.0 19.0 18.0 20.0 20.0 87.0 22.0 19.0 51.0 18.0
46 47 1 TRACE 496.0 1561.0 107.0 429.0 275.0 106.0 423.0 148.0 107.0 383.0 133.0 134.0 293.0 114.0 135.0 423.0 176.0 106.0 281.0 119.0 165.0 421.0 149.0 107.0 400.0 199.0 120.0 139.0 253.0 110.0 106.0 439.0 209.0 183.0 484.0 171.0 123.0 108.0 405.0 224.0 108.0 131.0 557.0 170.0 107.0 133.0 408.0 316.0 108.0 106.0 256.0 124.0 107.0 405.0 162.0 107.0 106.0 321.0 124.0 106.0 311.0 125.0 106.0 293.0 121.0 108.0 424.0 143.0 107.0 424.0 148.0 111.0 274.0 115.0 142.0 427.0 150.0 107.0 412.0 205.0 124.0 135.0 397.0 200.0 108.0 175.0 381.0 160.0 107.0 399.0 202.0 114.0 105.0 406.0 134.0 107.0 409.0 163.0 108.0 106.0 453.0 263.0 110.0 106.0 419.0 149.0 107.0 453.0 151.0 110.0 327.0 122.0 106.0 401.0 134.0 128.0 417.0 210.0 120.0 106.0 402.0 137.0 107.0 451.0 163.0 107.0 105.0 449.0 141.0 109.0 481.0 163.0 107.0 105.0 258.0 110.0 107.0 425.0 140.0 106.0 393.0 171.0 108.0 291.0 118.0 106.0 402.0 163.0 106.0 431.0 192.0 106.0 399.0 266.0 148.0 106.0 268.0 188.0 147.0 310.0 157.0 106.0 428.0 151.0 108.0 403.0 210.0 107.0 106.0 417.0 195.0 135.0 313.0 124.0 156.0 266.0 114.0 105.0 310.0 123.0 190.0 405.0 188.0 153.0 106.0 399.0 184.0 140.0 128.0 247.0 135.0 128.0 296.0 115.0 107.0 453.0 142.0 107.0 265.0 112.0 106.0 269.0 117.0 106.0 447.0 152.0 106.0 404.0 176.0 107.0 110.0
47 48 1 TRACE 13.0 22.0 86.0 10.0 10.0 10.0 31.0 11.0 10.0 11.0 145.0 11.0 11.0 14.0 14.0 11.0 8.0 18.0 15.0 13.0 12.0 14.0 29.0 11.0 8.0 10.0 11.0 10.0 10.0 10.0 11.0 10.0 8.0 10.0 42.0 12.0 10.0 21.0 11.0 13.0 8.0 18.0 14.0 10.0 14.0 25.0 11.0 15.0 8.0 28.0 11.0 10.0 10.0 12.0 25.0 15.0 8.0 15.0 12.0 10.0 13.0 15.0 46.0 57.0 8.0 20.0 31.0 11.0 10.0 15.0 11.0 14.0 8.0 13.0 10.0 28.0 42.0 17.0 10.0 10.0 8.0 10.0 10.0 13.0 11.0 16.0 10.0 15.0 8.0 11.0 15.0 10.0 13.0 15.0 12.0 13.0 9.0 11.0 10.0 14.0 10.0 11.0 14.0 13.0 8.0 10.0 62.0 10.0 12.0 11.0 11.0 11.0 8.0 11.0 13.0 10.0 13.0 15.0 13.0 12.0 8.0 37.0 16.0 19.0 10.0 20.0 16.0 10.0 8.0 11.0 10.0 12.0 11.0 17.0 14.0 10.0 8.0 23.0 11.0 11.0 53.0 10.0 13.0 13.0 8.0 10.0 10.0 10.0 10.0 12.0 11.0 10.0 8.0 23.0 39.0 10.0 19.0 14.0 11.0 14.0 8.0 11.0 59.0 14.0 12.0 16.0 10.0 12.0 8.0 26.0 16.0 10.0 13.0 19.0 13.0 11.0 8.0 10.0 10.0 10.0 11.0 18.0 13.0 16.0 8.0 27.0 15.0 9.0 13.0 18.0 12.0 12.0 9.0 15.0 24.0 11.0 10.0 11.0 17.0 11.0 9.0 10.0 10.0 10.0 15.0 11.0 13.0 15.0 8.0 10.0 10.0 13.0 11.0 12.0 11.0 10.0 8.0 333.0 13.0 10.0 11.0 12.0 12.0 12.0 8.0 11.0 12.0 9.0 11.0 15.0 13.0 10.0 8.0 18.0 15.0 9.0 9.0 17.0 10.0 10.0 8.0 10.0 10.0 11.0 11.0 21.0 13.0 13.0 8.0 106.0 288.0 10.0 162.0 13.0 68.0 14.0 9.0 11.0 54.0 40.0 41.0 117.0 11.0 39.0 10.0 12.0 60.0 10.0 10.0 51.0 11.0 24.0 9.0 51.0 16.0 28.0 18.0 14.0 11.0 13.0 9.0 10.0 15.0 13.0 15.0 10.0 11.0 11.0 8.0 10.0 12.0 10.0 11.0 14.0 11.0 11.0 9.0 18.0 13.0 10.0 10.0 13.0 17.0 12.0 8.0 10.0 10.0 11.0 11.0 10.0 10.0 10.0 8.0 11.0 11.0 11.0 10.0 10.0 11.0 10.0 8.0 12.0 12.0 10.0 10.0 10.0 10.0 11.0 8.0 10.0 10.0 10.0 9.0 9.0 10.0 10.0 9.0 12.0 15.0 12.0 10.0 10.0 10.0 10.0 8.0 10.0 10.0 10.0 10.0 11.0 19.0 10.0 8.0 13.0 11.0 9.0 10.0 12.0 9.0 10.0 8.0 10.0 12.0 10.0 10.0 11.0 10.0 10.0 8.0 16.0 25.0 11.0 10.0 11.0 11.0 10.0 9.0 11.0 11.0 10.0 11.0 11.0 10.0 10.0 8.0 13.0 11.0 10.0 10.0 9.0 10.0 10.0 8.0 14.0 11.0 10.0 10.0 12.0 10.0 10.0 9.0 62.0 36.0 11.0 15.0 17.0 10.0 13.0 8.0 11.0 10.0 11.0 10.0 10.0 11.0 10.0 8.0 13.0 10.0 10.0 10.0 10.0 10.0 11.0 8.0 19.0 10.0 10.0 10.0 11.0 11.0 11.0 8.0 10.0 74.0 11.0 12.0 11.0 12.0 11.0 8.0 13.0 11.0 10.0 10.0 10.0 10.0 10.0 8.0 11.0 16.0 10.0 10.0 11.0 9.0 10.0 9.0 10.0 22.0 11.0 15.0 10.0 10.0 22.0 8.0 15.0 10.0 10.0 12.0 50.0 10.0 17.0 8.0 10.0 10.0 10.0 15.0 10.0 10.0 10.0 9.0 80.0 10.0 11.0 10.0 11.0 10.0 10.0 9.0 15.0 10.0 11.0 9.0 13.0 10.0 11.0 8.0 14.0 11.0 9.0 9.0 11.0 10.0 10.0 8.0 10.0 11.0 11.0 10.0 11.0 15.0 11.0 8.0 65.0 22.0 11.0 10.0 14.0 10.0 10.0 8.0 11.0 11.0 10.0 10.0 11.0 10.0 10.0 8.0 18.0 11.0 10.0 10.0 110.0 10.0 11.0 8.0 9.0 10.0 45.0 46.0 11.0 10.0 10.0 8.0 42.0 10.0 10.0 10.0 12.0 10.0 11.0 9.0 27.0 10.0 13.0 10.0 12.0 10.0 11.0 8.0 11.0 11.0 10.0 11.0 13.0 11.0 10.0 8.0 11.0 21.0 10.0 10.0 11.0 9.0 10.0 9.0 10.0 18.0 10.0 12.0 10.0 10.0 10.0 8.0 46.0 10.0 11.0 11.0 10.0 10.0 10.0 9.0 11.0 12.0 10.0 11.0 11.0 9.0 10.0 8.0 10.0 17.0 10.0 10.0 9.0 10.0 10.0 8.0 47.0 10.0 46.0 84.0 9.0 12.0 11.0 8.0 14.0 11.0 10.0 10.0 10.0 10.0 10.0 9.0 24.0 30.0 10.0 10.0 15.0 11.0 10.0 8.0 10.0 11.0 10.0 10.0 10.0 9.0 10.0 8.0 10.0 12.0 10.0 9.0 11.0 14.0 44.0 8.0 10.0 11.0 10.0 10.0 12.0 9.0 10.0 8.0 29.0 17.0 10.0 11.0 10.0 11.0 10.0 8.0 11.0 10.0 10.0 11.0 14.0 10.0 10.0 8.0 22.0 30.0 10.0 11.0 10.0 10.0 10.0 8.0 11.0 11.0 9.0 10.0 9.0 10.0 10.0 9.0 18.0 19.0 10.0 20.0 11.0 10.0 10.0 8.0 10.0 11.0 11.0 11.0 13.0 11.0 10.0 8.0 18.0 11.0 10.0 9.0 11.0 10.0 10.0 8.0 11.0 10.0 10.0 11.0 13.0 13.0 11.0 8.0 12.0 14.0 11.0 10.0 12.0 16.0 10.0 9.0 11.0 31.0 11.0 48.0 10.0 17.0 11.0 8.0 23.0 10.0 10.0 10.0 10.0 10.0 9.0 9.0 9.0 10.0 9.0 11.0 10.0 11.0 10.0 8.0 21.0 10.0 10.0 10.0 14.0 12.0 11.0 8.0 13.0 11.0 10.0 10.0 50.0 13.0 10.0 8.0 14.0 19.0 10.0 11.0 16.0 13.0 16.0 8.0 10.0 10.0 10.0 10.0 18.0 10.0 10.0 8.0 13.0 19.0 10.0 10.0 12.0 10.0 10.0 8.0 10.0 44.0 10.0 10.0 11.0 10.0 10.0 8.0 25.0 11.0 10.0 12.0 13.0 12.0 10.0 8.0 10.0 10.0 10.0 11.0 10.0 13.0 10.0 8.0 10.0 10.0 10.0 10.0 16.0 13.0 11.0 8.0 10.0 10.0 10.0 10.0 10.0 11.0 15.0 8.0 11.0 16.0 10.0 10.0 12.0 12.0 10.0 8.0 37.0 12.0 10.0 11.0 15.0 10.0 11.0 8.0 13.0 16.0 11.0 10.0 11.0 10.0 10.0 8.0 10.0 10.0 10.0 10.0 16.0 12.0 10.0 8.0 10.0 10.0 12.0 12.0 15.0 9.0 9.0 8.0 12.0 11.0 10.0 10.0 12.0 15.0 10.0 9.0 23.0 11.0 19.0 11.0 17.0 11.0 10.0 8.0 40.0 11.0 10.0 10.0 12.0 10.0 10.0 8.0 26.0 12.0 10.0 11.0 15.0 10.0 10.0 9.0 10.0 11.0 10.0 11.0 11.0 10.0 11.0 8.0 13.0 10.0 16.0 11.0 10.0 10.0 16.0 8.0 11.0 11.0 10.0 10.0 11.0 9.0 10.0 8.0 10.0 15.0 11.0 10.0 13.0 10.0 10.0 9.0 10.0 10.0 10.0 11.0 12.0 13.0 10.0 9.0 10.0 10.0 11.0 10.0 10.0 10.0 10.0 8.0 12.0 10.0 15.0 11.0 10.0 11.0 10.0 8.0 10.0 10.0 11.0 10.0 10.0 10.0 11.0 8.0 11.0 10.0 10.0 10.0 10.0 12.0 12.0 8.0 14.0 12.0 11.0 11.0 19.0 10.0 9.0 8.0 39.0 58.0 10.0 10.0 11.0 11.0 11.0 8.0 10.0 10.0 10.0 11.0 13.0 10.0 13.0 8.0 14.0 11.0 10.0 10.0 14.0 10.0 10.0 8.0 19.0 16.0 9.0 9.0 12.0 10.0 10.0 9.0 10.0 11.0 10.0 21.0 53.0 46.0 10.0 8.0 12.0 12.0 11.0 11.0 13.0 10.0 10.0 8.0 11.0 10.0 10.0 10.0 11.0 10.0 10.0 8.0 10.0 11.0 10.0 10.0 10.0 11.0 10.0 9.0 12.0 10.0 10.0 11.0 10.0 12.0 10.0 7.0 25.0 10.0 10.0 10.0 10.0 10.0 10.0 8.0 15.0 12.0 15.0 10.0 11.0 10.0 10.0 9.0 10.0 11.0 11.0 10.0 10.0 11.0 10.0 8.0 18.0 11.0 10.0 10.0 10.0 10.0 10.0 8.0 12.0 10.0 15.0 11.0 11.0 10.0 10.0 9.0 11.0 10.0 10.0 10.0 10.0 13.0 10.0 8.0 76.0 18.0 10.0 10.0 13.0 11.0 10.0 8.0 33.0 10.0 10.0 10.0 11.0 10.0 10.0 9.0 12.0 11.0 15.0 11.0 11.0 10.0 11.0 8.0 10.0 11.0 11.0 18.0 80.0 26.0 12.0 8.0 10.0 10.0 10.0 10.0 17.0 10.0 10.0 8.0 10.0 11.0 10.0 10.0 12.0 16.0 9.0 8.0 14.0 11.0 10.0 10.0 10.0 10.0 12.0 8.0 20.0 41.0 10.0 10.0 13.0 10.0 10.0 9.0 10.0 25.0 10.0 11.0 12.0 10.0 13.0 8.0 11.0 14.0 10.0 13.0 10.0 13.0 10.0 8.0 20.0 13.0 10.0 11.0 13.0 10.0 10.0 8.0 11.0 11.0 15.0 10.0 10.0 11.0 11.0 8.0 11.0 9.0 10.0 10.0 10.0 11.0 11.0 8.0 14.0 84.0 12.0 43.0 10.0 10.0 10.0 9.0 13.0 20.0 10.0 10.0 19.0 17.0 10.0 9.0 10.0 10.0 10.0 11.0 10.0 11.0 10.0 8.0 11.0 42.0 10.0 10.0 12.0 43.0 21.0 8.0 15.0 27.0 15.0 14.0 10.0 28.0 11.0 9.0 11.0 12.0 10.0 11.0 10.0 11.0 10.0 8.0 11.0 10.0 10.0 10.0 15.0 10.0 10.0 8.0 21.0 11.0 10.0 10.0 11.0 13.0 10.0 8.0 11.0 10.0 10.0 10.0 11.0 10.0 10.0 8.0 10.0 15.0 10.0 10.0 13.0 10.0 10.0 8.0 12.0 44.0 9.0 10.0 13.0 10.0 10.0 8.0 10.0 10.0 11.0 10.0 10.0 12.0 11.0 8.0 10.0 10.0 10.0 11.0 12.0 10.0 10.0 8.0 12.0 11.0 9.0 10.0 12.0 10.0 16.0 8.0 22.0 16.0 10.0 10.0 23.0 14.0 10.0 8.0 25.0 10.0 10.0 10.0 11.0 10.0 10.0 8.0 19.0 17.0 11.0 10.0 11.0 9.0 10.0 8.0 13.0 11.0 10.0 10.0 12.0 10.0 53.0 8.0 37.0 58.0 10.0 10.0 10.0 10.0 10.0 8.0 28.0 14.0 10.0 10.0 10.0 12.0 10.0 8.0 12.0 11.0 10.0 9.0 10.0 10.0 12.0 9.0 10.0 29.0 10.0 11.0 10.0 10.0 11.0 8.0 10.0 10.0 10.0 10.0 10.0 10.0 12.0 8.0 11.0 12.0 10.0 10.0 19.0 10.0 11.0 8.0 11.0 10.0 10.0 10.0 10.0 12.0 10.0 8.0 45.0 12.0 9.0 10.0 10.0 10.0 10.0 9.0 37.0 10.0 15.0 10.0 11.0 10.0 10.0 8.0 53.0 10.0 10.0 11.0 11.0 11.0 10.0 8.0 50.0 9.0 9.0 11.0 13.0 10.0 10.0 8.0 10.0 10.0 9.0 10.0 10.0 10.0 11.0 8.0 21.0 18.0 39.0 10.0 47.0 16.0 11.0 8.0 11.0 11.0 14.0 13.0 10.0 10.0 10.0 8.0 46.0 14.0 10.0 12.0 11.0 10.0 10.0 8.0 193.0 11.0 10.0 11.0 15.0 10.0 10.0 9.0 45.0 25.0 12.0 11.0 10.0 10.0 11.0 8.0 12.0 13.0 30.0 10.0 10.0 11.0 10.0 8.0 11.0 11.0 10.0 11.0 12.0 10.0 10.0 13.0 11.0 12.0 10.0 10.0 11.0 10.0 16.0 8.0 13.0 12.0 10.0 10.0 10.0 11.0 10.0 9.0 10.0 11.0 10.0 10.0 12.0 10.0 10.0 8.0 9.0 9.0 10.0 9.0 13.0 10.0 9.0 8.0 10.0 10.0 10.0 14.0 11.0 10.0 10.0 8.0 11.0 10.0 10.0 10.0 10.0 10.0 10.0 8.0 10.0 10.0 10.0 10.0 11.0 10.0 9.0 8.0 16.0 16.0 16.0 10.0 12.0 12.0 10.0 8.0 10.0 12.0 10.0 10.0 10.0 10.0 11.0 8.0 44.0 11.0 11.0 10.0 12.0 10.0 10.0 8.0 16.0 13.0 11.0 10.0 19.0 12.0 11.0 8.0 51.0 13.0 9.0 10.0 20.0 52.0 12.0 8.0 22.0 18.0 10.0 10.0 13.0 10.0 10.0 8.0 26.0 18.0 12.0 11.0 22.0 10.0 10.0 8.0 11.0 10.0 10.0 10.0 10.0 10.0 11.0 8.0 9.0 10.0 9.0 10.0 13.0 10.0 16.0 8.0 10.0 10.0 17.0 10.0 10.0 10.0 11.0 9.0 17.0 10.0 10.0 10.0 13.0 11.0 10.0 9.0 14.0 10.0 9.0 9.0 13.0 10.0 10.0 8.0 39.0 11.0 10.0 10.0 10.0 15.0 10.0 8.0 10.0 10.0 10.0 13.0 11.0 11.0 10.0 8.0 10.0 9.0 10.0 9.0 11.0 10.0 9.0 8.0 11.0 11.0 10.0 10.0 11.0 10.0 10.0
48 49 1 TRACE 46.0 35.0 38.0 30.0 22.0 21.0 20.0 20.0 9.0 25.0 18.0 18.0 17.0 17.0 23.0 14.0 8.0 10.0 14.0 10.0 9.0 10.0 12.0 11.0 39.0 42.0 33.0 25.0 22.0 48.0 52.0 21.0 8.0 22.0 19.0 29.0 15.0 15.0 15.0 16.0 8.0 10.0 9.0 12.0 10.0 10.0 10.0 10.0 33.0 68.0 36.0 28.0 21.0 22.0 21.0 20.0 10.0 21.0 21.0 19.0 18.0 54.0 19.0 25.0 8.0 10.0 13.0 11.0 10.0 10.0 10.0 11.0 39.0 38.0 34.0 25.0 28.0 22.0 47.0 22.0 8.0 18.0 18.0 33.0 16.0 19.0 15.0 15.0 7.0 10.0 9.0 11.0 10.0 10.0 10.0 11.0 33.0 35.0 33.0 24.0 21.0 22.0 37.0 20.0 11.0 11.0 11.0 13.0 11.0 11.0 11.0 12.0 8.0 11.0 10.0 10.0 10.0 11.0 10.0 11.0 33.0 36.0 29.0 25.0 21.0 22.0 19.0 22.0 10.0 24.0 22.0 21.0 18.0 18.0 18.0 29.0 8.0 10.0 10.0 47.0 13.0 12.0 10.0 10.0 37.0 34.0 27.0 24.0 28.0 21.0 24.0 22.0 8.0 12.0 12.0 11.0 13.0 12.0 37.0 13.0 8.0 10.0 10.0 10.0 10.0 11.0 11.0 10.0 32.0 33.0 29.0 26.0 21.0 21.0 22.0 26.0 11.0 21.0 19.0 23.0 18.0 18.0 21.0 19.0 8.0 10.0 11.0 11.0 10.0 10.0 10.0 11.0 18.0 27.0 32.0 22.0 20.0 21.0 35.0 30.0 17.0 27.0 25.0 23.0 20.0 21.0 21.0 21.0 8.0 10.0 10.0 11.0 10.0 12.0 10.0 11.0 8.0 10.0 10.0 11.0 10.0 12.0 9.0 10.0 23.0 61.0 28.0 24.0 20.0 20.0 22.0 23.0 8.0 11.0 11.0 11.0 10.0 13.0 10.0 10.0 7.0 9.0 10.0 12.0 10.0 12.0 10.0 10.0 33.0 46.0 26.0 144.0 38.0 50.0 149.0 22.0 22.0 56.0 31.0 37.0 21.0 135.0 46.0 35.0 9.0 173.0 11.0 29.0 10.0 21.0 22.0 12.0 32.0 36.0 63.0 64.0 22.0 22.0 22.0 22.0 11.0 26.0 23.0 25.0 26.0 20.0 20.0 22.0 8.0 10.0 11.0 10.0 10.0 14.0 11.0 11.0 8.0 13.0 10.0 10.0 10.0 13.0 10.0 10.0 21.0 28.0 28.0 31.0 20.0 19.0 28.0 21.0 15.0 29.0 23.0 22.0 20.0 20.0 20.0 22.0 8.0 10.0 10.0 9.0 10.0 11.0 11.0 10.0 7.0 10.0 14.0 13.0 9.0 10.0 9.0 10.0 25.0 39.0 29.0 23.0 21.0 21.0 20.0 94.0 12.0 59.0 23.0 31.0 19.0 20.0 19.0 19.0 7.0 10.0 10.0 9.0 10.0 12.0 10.0 10.0 8.0 13.0 10.0 10.0 10.0 12.0 10.0 10.0 19.0 30.0 24.0 22.0 25.0 21.0 20.0 21.0 15.0 30.0 25.0 22.0 20.0 21.0 21.0 20.0 8.0 10.0 10.0 16.0 10.0 10.0 10.0 10.0 8.0 10.0 10.0 9.0 10.0 11.0 10.0 10.0 25.0 34.0 27.0 24.0 22.0 23.0 28.0 21.0 9.0 12.0 10.0 11.0 10.0 11.0 10.0 11.0 8.0 10.0 10.0 9.0 10.0 10.0 10.0 10.0 26.0 30.0 33.0 24.0 21.0 22.0 22.0 29.0 12.0 23.0 22.0 55.0 19.0 19.0 19.0 21.0 8.0 10.0 10.0 10.0 10.0 10.0 10.0 10.0 8.0 10.0 10.0 10.0 10.0 12.0 10.0 10.0 39.0 36.0 27.0 24.0 21.0 20.0 23.0 20.0 8.0 13.0 12.0 48.0 47.0 12.0 13.0 14.0 8.0 10.0 10.0 9.0 10.0 12.0 9.0 11.0 40.0 35.0 31.0 34.0 23.0 23.0 22.0 23.0 8.0 14.0 13.0 13.0 13.0 14.0 14.0 13.0 8.0 10.0 10.0 9.0 10.0 11.0 10.0 10.0 39.0 36.0 28.0 25.0 22.0 25.0 22.0 21.0 8.0 21.0 14.0 12.0 12.0 12.0 12.0 12.0 7.0 10.0 10.0 10.0 10.0 11.0 10.0 10.0 34.0 33.0 32.0 24.0 21.0 87.0 19.0 25.0 9.0 19.0 27.0 20.0 24.0 50.0 17.0 20.0 8.0 11.0 10.0 10.0 9.0 14.0 9.0 10.0 34.0 38.0 26.0 27.0 20.0 21.0 20.0 22.0 10.0 21.0 19.0 18.0 17.0 18.0 19.0 60.0 8.0 11.0 10.0 10.0 9.0 11.0 9.0 9.0 34.0 67.0 30.0 24.0 25.0 21.0 23.0 22.0 8.0 11.0 12.0 12.0 12.0 12.0 11.0 14.0 8.0 10.0 10.0 10.0 10.0 10.0 9.0 10.0 32.0 79.0 26.0 24.0 21.0 21.0 20.0 21.0 10.0 21.0 20.0 19.0 21.0 18.0 18.0 20.0 8.0 9.0 10.0 10.0 9.0 10.0 10.0 10.0 21.0 30.0 24.0 22.0 20.0 25.0 26.0 24.0 14.0 26.0 22.0 22.0 19.0 20.0 55.0 61.0 19.0 11.0 10.0 9.0 9.0 11.0 10.0 13.0 7.0 10.0 10.0 9.0 10.0 11.0 10.0 10.0 17.0 28.0 24.0 21.0 19.0 31.0 25.0 34.0 16.0 29.0 25.0 23.0 20.0 20.0 22.0 20.0 8.0 10.0 10.0 9.0 9.0 11.0 10.0 11.0 8.0 10.0 10.0 9.0 10.0 11.0 10.0 10.0 39.0 88.0 29.0 24.0 21.0 21.0 19.0 19.0 9.0 31.0 24.0 19.0 16.0 15.0 16.0 16.0 7.0 10.0 10.0 10.0 9.0 9.0 10.0 10.0 18.0 28.0 23.0 21.0 20.0 20.0 26.0 19.0 17.0 29.0 26.0 22.0 20.0 20.0 21.0 20.0 8.0 11.0 10.0 10.0 10.0 10.0 10.0 10.0 7.0 10.0 9.0 10.0 10.0 9.0 9.0 10.0 39.0 36.0 27.0 24.0 24.0 21.0 21.0 27.0 8.0 23.0 17.0 17.0 16.0 18.0 16.0 14.0 7.0 10.0 10.0 10.0 10.0 14.0 20.0 10.0 27.0 33.0 28.0 23.0 21.0 28.0 21.0 20.0 11.0 23.0 40.0 22.0 19.0 20.0 19.0 20.0 7.0 10.0 10.0 10.0 10.0 15.0 10.0 10.0 8.0 10.0 14.0 9.0 10.0 10.0 10.0 11.0 29.0 33.0 27.0 23.0 20.0 21.0 21.0 23.0 11.0 22.0 21.0 20.0 19.0 18.0 19.0 18.0 8.0 10.0 9.0 10.0 10.0 9.0 9.0 10.0 8.0 10.0 9.0 10.0 10.0 11.0 10.0 12.0 32.0 46.0 29.0 23.0 22.0 23.0 20.0 21.0 11.0 23.0 20.0 19.0 18.0 24.0 18.0 19.0 7.0 10.0 10.0 11.0 9.0 11.0 10.0 10.0 31.0 31.0 28.0 23.0 21.0 21.0 20.0 20.0 11.0 21.0 20.0 19.0 18.0 19.0 18.0 19.0 7.0 10.0 10.0 10.0 10.0 11.0 11.0 10.0 39.0 35.0 29.0 25.0 21.0 22.0 20.0 20.0 8.0 12.0 11.0 18.0 12.0 13.0 12.0 14.0 8.0 11.0 10.0 9.0 10.0 10.0 10.0 12.0 39.0 33.0 30.0 24.0 22.0 22.0 23.0 22.0 8.0 41.0 17.0 18.0 18.0 14.0 15.0 15.0 8.0 10.0 10.0 10.0 10.0 10.0 10.0 10.0 28.0 87.0 29.0 25.0 22.0 21.0 22.0 21.0 12.0 81.0 22.0 23.0 19.0 19.0 19.0 20.0 8.0 10.0 10.0 10.0 10.0 11.0 10.0 10.0 8.0 10.0 10.0 10.0 10.0 10.0 10.0 10.0 38.0 35.0 28.0 24.0 21.0 21.0 21.0 21.0 9.0 18.0 17.0 17.0 17.0 17.0 17.0 15.0 7.0 10.0 10.0 10.0 10.0 10.0 10.0 10.0 29.0 33.0 26.0 56.0 22.0 21.0 21.0 25.0 11.0 22.0 20.0 21.0 18.0 20.0 22.0 18.0 7.0 10.0 10.0 10.0 10.0 10.0 10.0 11.0 7.0 10.0 10.0 9.0 9.0 11.0 9.0 10.0 36.0 34.0 33.0 56.0 21.0 23.0 20.0 21.0 9.0 26.0 23.0 18.0 17.0 18.0 18.0 21.0 7.0 10.0 9.0 9.0 9.0 12.0 10.0 10.0 26.0 30.0 29.0 23.0 21.0 21.0 22.0 56.0 12.0 25.0 22.0 20.0 19.0 18.0 20.0 26.0 7.0 10.0 10.0 10.0 10.0 10.0 10.0 10.0 8.0 10.0 10.0 10.0 10.0 10.0 10.0 9.0 22.0 30.0 29.0 25.0 21.0 22.0 20.0 20.0 8.0 10.0 10.0 10.0 10.0 10.0 10.0 10.0 7.0 10.0 9.0 10.0 10.0 10.0 9.0 10.0 37.0 34.0 26.0 23.0 21.0 21.0 21.0 22.0 9.0 19.0 82.0 18.0 17.0 18.0 18.0 22.0 7.0 10.0 10.0 10.0 9.0 10.0 10.0 10.0 39.0 41.0 28.0 26.0 21.0 23.0 39.0 20.0 9.0 19.0 18.0 51.0 17.0 20.0 14.0 15.0 8.0 9.0 9.0 10.0 10.0 11.0 10.0 10.0 37.0 109.0 31.0 30.0 21.0 31.0 21.0 21.0 8.0 12.0 11.0 11.0 12.0 11.0 12.0 12.0 7.0 10.0 10.0 10.0 10.0 10.0 10.0 10.0 38.0 80.0 27.0 24.0 21.0 22.0 29.0 20.0 9.0 20.0 18.0 17.0 17.0 23.0 17.0 14.0 7.0 10.0 10.0 10.0 9.0 17.0 10.0 12.0 32.0 33.0 26.0 24.0 22.0 22.0 20.0 22.0 13.0 21.0 20.0 18.0 18.0 18.0 21.0 18.0 8.0 10.0 12.0 10.0 10.0 10.0 10.0 10.0 18.0 29.0 23.0 22.0 19.0 23.0 22.0 23.0 16.0 29.0 24.0 23.0 21.0 20.0 19.0 24.0 8.0 10.0 10.0 10.0 9.0 11.0 15.0 81.0 8.0 19.0 25.0 10.0 10.0 10.0 10.0 10.0 32.0 35.0 29.0 25.0 27.0 21.0 22.0 22.0 8.0 11.0 11.0 11.0 12.0 11.0 10.0 11.0 8.0 10.0 10.0 9.0 10.0 12.0 10.0 9.0 39.0 34.0 27.0 24.0 22.0 23.0 21.0 21.0 8.0 13.0 13.0 14.0 13.0 14.0 12.0 13.0 8.0 36.0 10.0 9.0 9.0 10.0 10.0 10.0 35.0 34.0 29.0 23.0 21.0 23.0 21.0 21.0 10.0 19.0 18.0 18.0 17.0 18.0 19.0 19.0 8.0 10.0 9.0 9.0 9.0 11.0 11.0 10.0 24.0 31.0 25.0 22.0 20.0 21.0 19.0 21.0 13.0 26.0 21.0 20.0 19.0 20.0 19.0 19.0 8.0 10.0 10.0 12.0 10.0 10.0 10.0 10.0 8.0 10.0 9.0 10.0 10.0 11.0 46.0 10.0 30.0 30.0 26.0 23.0 21.0 22.0 20.0 20.0 11.0 34.0 21.0 19.0 19.0 19.0 21.0 19.0 7.0 9.0 10.0 9.0 14.0 9.0 10.0 11.0 40.0 45.0 28.0 24.0 24.0 22.0 31.0 21.0 8.0 12.0 23.0 13.0 14.0 12.0 13.0 14.0 7.0 10.0 10.0 10.0 10.0 10.0 9.0 10.0 32.0 36.0 28.0 24.0 21.0 22.0 21.0 25.0 8.0 16.0 11.0 10.0 12.0 12.0 11.0 11.0 7.0 9.0 10.0 10.0 10.0 10.0 9.0 11.0 40.0 35.0 33.0 26.0 23.0 22.0 20.0 23.0 8.0 13.0 12.0 13.0 12.0 13.0 13.0 15.0 8.0 10.0 10.0 10.0 10.0 12.0 10.0 11.0 24.0 33.0 27.0 23.0 20.0 21.0 25.0 32.0 13.0 25.0 22.0 21.0 20.0 20.0 23.0 19.0 7.0 10.0 10.0 9.0 10.0 12.0 9.0 10.0 7.0 72.0 10.0 10.0 9.0 10.0 10.0 10.0 21.0 30.0 25.0 24.0 20.0 54.0 26.0 24.0 15.0 28.0 24.0 21.0 23.0 21.0 19.0 21.0 8.0 10.0 9.0 10.0 10.0 12.0 10.0 11.0 8.0 10.0 10.0 10.0 9.0 10.0 10.0 10.0 22.0 31.0 27.0 23.0 21.0 22.0 19.0 19.0 8.0 38.0 11.0 9.0 10.0 10.0 10.0 11.0 8.0 9.0 9.0 10.0 10.0 10.0 10.0 10.0 31.0 34.0 28.0 26.0 22.0 26.0 21.0 22.0 8.0 11.0 11.0 10.0 11.0 12.0 11.0 11.0 8.0 10.0 9.0 9.0 9.0 10.0 10.0 10.0 36.0 41.0 28.0 27.0 27.0 25.0 24.0 21.0 9.0 28.0 19.0 22.0 17.0 20.0 17.0 19.0 8.0 45.0 17.0 10.0 9.0 9.0 9.0 10.0 30.0 36.0 29.0 24.0 23.0 21.0 20.0 21.0 8.0 27.0 10.0 10.0 11.0 79.0 14.0 12.0 8.0 10.0 9.0 9.0 10.0 11.0 10.0 10.0 33.0 36.0 33.0 23.0 22.0 28.0 21.0 20.0 8.0 11.0 11.0 11.0 11.0 12.0 12.0 11.0 7.0 10.0 9.0 10.0 10.0 9.0 10.0 16.0 38.0 35.0 26.0 24.0 22.0 22.0 21.0 25.0 9.0 19.0 17.0 19.0 18.0 17.0 17.0 17.0 7.0 14.0 9.0 9.0 10.0 13.0 9.0 10.0 25.0 31.0 32.0 31.0 21.0 22.0 19.0 23.0 13.0 23.0 22.0 20.0 19.0 20.0 23.0 19.0 8.0 9.0 9.0 9.0 10.0 10.0 10.0 10.0 8.0 10.0 10.0 10.0 10.0 11.0 10.0 10.0
49 47 1 TRACE 324.0 263.0 239.0 218.0 203.0 218.0 182.0 68.0 67.0 66.0 68.0 66.0 63.0 61.0 40.0 36.0 38.0 37.0 39.0 38.0 39.0 241.0 183.0 153.0 128.0 136.0 109.0 106.0 108.0 65.0 108.0 61.0 67.0 62.0 59.0 70.0 36.0 39.0 38.0 37.0 39.0 38.0 280.0 240.0 185.0 159.0 150.0 139.0 127.0 116.0 77.0 76.0 74.0 99.0 70.0 66.0 38.0 36.0 38.0 52.0 41.0 40.0 37.0 234.0 196.0 146.0 124.0 114.0 107.0 99.0 81.0 67.0 70.0 64.0 63.0 60.0 57.0 37.0 37.0 39.0 39.0 40.0 38.0 37.0 157.0 125.0 107.0 97.0 92.0 85.0 79.0 47.0 44.0 50.0 47.0 86.0 46.0 45.0 37.0 36.0 38.0 39.0 40.0 36.0 36.0 282.0 206.0 174.0 149.0 142.0 125.0 124.0 79.0 79.0 75.0 72.0 74.0 71.0 70.0 37.0 41.0 38.0 37.0 37.0 38.0 98.0 247.0 135.0 114.0 101.0 95.0 87.0 80.0 50.0 48.0 50.0 68.0 48.0 50.0 47.0 36.0 36.0 37.0 37.0 40.0 38.0 36.0 275.0 208.0 176.0 155.0 138.0 126.0 120.0 88.0 93.0 76.0 73.0 74.0 70.0 70.0 36.0 37.0 38.0 41.0 38.0 38.0 38.0 289.0 268.0 292.0 254.0 208.0 193.0 179.0 144.0 105.0 93.0 86.0 84.0 76.0 76.0 43.0 40.0 39.0 40.0 40.0 39.0 39.0 36.0 37.0 37.0 39.0 40.0 37.0 37.0 143.0 123.0 106.0 91.0 88.0 80.0 78.0 51.0 40.0 42.0 45.0 43.0 49.0 42.0 151.0 41.0 39.0 37.0 43.0 38.0 37.0 296.0 197.0 189.0 172.0 212.0 143.0 149.0 100.0 93.0 99.0 154.0 92.0 117.0 94.0 46.0 49.0 59.0 50.0 71.0 66.0 67.0 324.0 242.0 188.0 189.0 158.0 147.0 145.0 94.0 99.0 84.0 79.0 78.0 75.0 75.0 41.0 40.0 42.0 45.0 41.0 42.0 40.0 38.0 38.0 40.0 41.0 40.0 41.0 40.0 281.0 263.0 258.0 237.0 217.0 195.0 155.0 110.0 98.0 95.0 87.0 85.0 76.0 74.0 39.0 37.0 40.0 38.0 39.0 39.0 37.0 36.0 37.0 37.0 39.0 45.0 39.0 37.0 287.0 224.0 182.0 173.0 150.0 136.0 128.0 105.0 92.0 81.0 78.0 76.0 73.0 72.0 37.0 37.0 38.0 39.0 38.0 37.0 38.0 37.0 36.0 37.0 37.0 39.0 42.0 37.0 284.0 248.0 236.0 204.0 178.0 164.0 152.0 109.0 98.0 93.0 85.0 123.0 83.0 73.0 37.0 36.0 40.0 38.0 40.0 38.0 38.0 36.0 36.0 38.0 38.0 37.0 38.0 36.0 138.0 120.0 102.0 92.0 88.0 83.0 76.0 42.0 40.0 43.0 42.0 43.0 41.0 41.0 37.0 36.0 37.0 38.0 37.0 38.0 37.0 282.0 249.0 192.0 167.0 149.0 165.0 132.0 105.0 88.0 80.0 79.0 76.0 76.0 72.0 37.0 36.0 39.0 39.0 37.0 40.0 40.0 39.0 37.0 38.0 37.0 39.0 37.0 36.0 190.0 144.0 120.0 110.0 103.0 92.0 87.0 55.0 53.0 56.0 55.0 55.0 52.0 51.0 68.0 38.0 38.0 39.0 38.0 38.0 37.0 187.0 154.0 127.0 107.0 100.0 99.0 88.0 54.0 54.0 57.0 54.0 54.0 54.0 91.0 36.0 37.0 38.0 38.0 38.0 39.0 37.0 201.0 140.0 117.0 105.0 98.0 90.0 84.0 52.0 51.0 52.0 53.0 51.0 51.0 50.0 37.0 37.0 39.0 37.0 39.0 38.0 43.0 265.0 198.0 164.0 143.0 134.0 118.0 110.0 86.0 74.0 73.0 72.0 69.0 70.0 68.0 37.0 43.0 38.0 38.0 37.0 38.0 37.0 263.0 205.0 166.0 141.0 132.0 119.0 113.0 75.0 74.0 75.0 73.0 70.0 68.0 67.0 39.0 49.0 37.0 36.0 40.0 76.0 42.0 187.0 125.0 110.0 98.0 91.0 84.0 81.0 71.0 86.0 46.0 47.0 46.0 46.0 44.0 37.0 37.0 39.0 38.0 39.0 37.0 37.0 279.0 200.0 176.0 157.0 134.0 123.0 117.0 87.0 85.0 78.0 73.0 72.0 71.0 68.0 37.0 37.0 77.0 43.0 38.0 38.0 38.0 287.0 244.0 221.0 201.0 169.0 152.0 142.0 106.0 107.0 88.0 86.0 82.0 79.0 72.0 48.0 37.0 39.0 39.0 39.0 38.0 38.0 36.0 39.0 37.0 37.0 37.0 37.0 37.0 280.0 260.0 251.0 234.0 212.0 181.0 170.0 122.0 102.0 94.0 90.0 83.0 79.0 74.0 38.0 38.0 39.0 44.0 39.0 40.0 39.0 37.0 37.0 39.0 38.0 40.0 44.0 38.0 226.0 170.0 151.0 128.0 112.0 104.0 100.0 69.0 75.0 68.0 62.0 62.0 64.0 58.0 36.0 37.0 39.0 38.0 39.0 39.0 36.0 287.0 281.0 249.0 227.0 198.0 182.0 165.0 151.0 104.0 94.0 89.0 85.0 78.0 74.0 40.0 50.0 110.0 45.0 45.0 39.0 38.0 72.0 36.0 38.0 37.0 83.0 37.0 36.0 233.0 183.0 147.0 129.0 114.0 104.0 100.0 101.0 65.0 65.0 66.0 63.0 60.0 59.0 37.0 37.0 39.0 37.0 74.0 37.0 37.0 293.0 216.0 187.0 166.0 142.0 129.0 123.0 128.0 86.0 80.0 77.0 79.0 74.0 70.0 36.0 36.0 39.0 38.0 38.0 38.0 38.0 116.0 43.0 36.0 37.0 38.0 38.0 37.0 272.0 220.0 189.0 159.0 145.0 128.0 124.0 116.0 84.0 84.0 77.0 77.0 72.0 72.0 42.0 37.0 40.0 39.0 39.0 37.0 38.0 124.0 38.0 47.0 37.0 38.0 37.0 36.0 275.0 202.0 174.0 150.0 129.0 122.0 116.0 81.0 77.0 78.0 72.0 73.0 75.0 70.0 36.0 37.0 41.0 37.0 37.0 38.0 44.0 302.0 252.0 178.0 154.0 133.0 123.0 116.0 117.0 81.0 77.0 74.0 74.0 71.0 70.0 37.0 37.0 39.0 39.0 38.0 38.0 39.0 182.0 146.0 117.0 103.0 99.0 122.0 91.0 56.0 52.0 54.0 51.0 52.0 51.0 49.0 36.0 37.0 40.0 38.0 38.0 37.0 37.0 236.0 176.0 142.0 139.0 123.0 104.0 96.0 64.0 65.0 66.0 64.0 61.0 63.0 58.0 37.0 37.0 39.0 37.0 38.0 37.0 38.0 282.0 218.0 180.0 154.0 142.0 129.0 125.0 96.0 92.0 82.0 76.0 74.0 76.0 71.0 37.0 37.0 38.0 37.0 38.0 39.0 37.0 36.0 38.0 37.0 40.0 37.0 38.0 36.0 252.0 188.0 149.0 132.0 122.0 109.0 101.0 68.0 67.0 69.0 105.0 63.0 61.0 60.0 36.0 36.0 38.0 42.0 38.0 36.0 49.0 283.0 216.0 184.0 153.0 145.0 126.0 123.0 89.0 83.0 80.0 78.0 80.0 71.0 72.0 36.0 36.0 40.0 39.0 38.0 38.0 37.0 40.0 36.0 37.0 38.0 40.0 39.0 37.0 263.0 201.0 164.0 136.0 130.0 114.0 108.0 73.0 70.0 71.0 69.0 71.0 66.0 64.0 37.0 37.0 38.0 37.0 38.0 37.0 37.0 281.0 227.0 193.0 168.0 145.0 132.0 126.0 92.0 86.0 84.0 79.0 80.0 77.0 73.0 36.0 37.0 79.0 38.0 37.0 39.0 37.0 37.0 36.0 38.0 37.0 36.0 40.0 36.0 132.0 128.0 105.0 89.0 102.0 79.0 77.0 41.0 40.0 41.0 41.0 40.0 41.0 79.0 37.0 36.0 37.0 38.0 36.0 37.0 36.0 294.0 197.0 158.0 137.0 132.0 113.0 107.0 71.0 71.0 68.0 68.0 67.0 65.0 64.0 36.0 36.0 39.0 38.0 36.0 38.0 37.0 241.0 184.0 145.0 128.0 120.0 106.0 99.0 67.0 67.0 66.0 64.0 68.0 61.0 61.0 168.0 37.0 37.0 37.0 37.0 40.0 36.0 273.0 143.0 113.0 101.0 97.0 86.0 83.0 48.0 48.0 49.0 60.0 49.0 49.0 48.0 36.0 36.0 37.0 37.0 38.0 37.0 38.0 259.0 177.0 150.0 133.0 122.0 109.0 98.0 67.0 67.0 67.0 67.0 71.0 62.0 70.0 36.0 36.0 38.0 38.0 39.0 39.0 37.0 282.0 209.0 170.0 151.0 138.0 124.0 116.0 82.0 79.0 75.0 74.0 74.0 71.0 66.0 37.0 36.0 37.0 42.0 41.0 38.0 38.0 287.0 259.0 245.0 227.0 203.0 179.0 165.0 127.0 106.0 94.0 90.0 82.0 79.0 76.0 38.0 38.0 39.0 40.0 39.0 40.0 38.0 36.0 36.0 40.0 36.0 39.0 57.0 37.0 185.0 128.0 107.0 95.0 90.0 84.0 81.0 44.0 43.0 44.0 45.0 47.0 45.0 43.0 37.0 37.0 39.0 39.0 38.0 38.0 36.0 189.0 155.0 121.0 108.0 138.0 100.0 89.0 54.0 53.0 63.0 54.0 54.0 52.0 51.0 36.0 36.0 37.0 37.0 38.0 38.0 37.0 264.0 199.0 163.0 140.0 131.0 116.0 108.0 74.0 73.0 72.0 69.0 70.0 67.0 64.0 37.0 36.0 38.0 38.0 37.0 38.0 36.0 279.0 236.0 203.0 177.0 156.0 137.0 131.0 109.0 95.0 85.0 86.0 79.0 77.0 72.0 38.0 37.0 43.0 38.0 37.0 46.0 38.0 38.0 35.0 39.0 38.0 38.0 39.0 37.0 273.0 214.0 182.0 157.0 142.0 123.0 119.0 112.0 80.0 116.0 76.0 76.0 72.0 72.0 44.0 36.0 39.0 37.0 40.0 38.0 37.0 204.0 143.0 129.0 108.0 112.0 91.0 90.0 167.0 65.0 54.0 55.0 54.0 55.0 93.0 37.0 36.0 39.0 43.0 36.0 37.0 49.0 157.0 129.0 121.0 102.0 92.0 83.0 81.0 61.0 43.0 46.0 47.0 45.0 45.0 44.0 36.0 37.0 39.0 38.0 37.0 38.0 36.0 186.0 170.0 124.0 108.0 103.0 91.0 87.0 52.0 53.0 56.0 54.0 55.0 53.0 51.0 37.0 75.0 39.0 37.0 38.0 38.0 37.0 282.0 233.0 203.0 210.0 156.0 135.0 125.0 95.0 88.0 86.0 86.0 85.0 75.0 75.0 37.0 36.0 39.0 38.0 41.0 40.0 77.0 36.0 37.0 39.0 39.0 37.0 38.0 36.0 287.0 251.0 243.0 200.0 178.0 162.0 179.0 107.0 95.0 91.0 84.0 82.0 77.0 74.0 37.0 37.0 39.0 38.0 38.0 38.0 38.0 37.0 36.0 52.0 39.0 37.0 39.0 37.0 133.0 112.0 102.0 95.0 90.0 83.0 79.0 42.0 39.0 42.0 42.0 42.0 41.0 39.0 40.0 38.0 38.0 37.0 38.0 37.0 37.0 154.0 130.0 107.0 95.0 93.0 83.0 80.0 64.0 45.0 44.0 43.0 45.0 45.0 44.0 68.0 37.0 37.0 36.0 37.0 38.0 36.0 265.0 191.0 162.0 137.0 126.0 115.0 107.0 98.0 71.0 70.0 83.0 73.0 65.0 65.0 39.0 36.0 36.0 38.0 37.0 38.0 37.0 148.0 117.0 106.0 99.0 89.0 84.0 81.0 42.0 41.0 45.0 44.0 83.0 43.0 42.0 75.0 36.0 39.0 38.0 37.0 38.0 37.0 162.0 122.0 106.0 96.0 93.0 116.0 82.0 45.0 44.0 45.0 46.0 47.0 50.0 44.0 42.0 39.0 38.0 38.0 38.0 37.0 69.0 253.0 189.0 155.0 139.0 125.0 110.0 106.0 70.0 69.0 69.0 68.0 65.0 63.0 64.0 36.0 39.0 36.0 38.0 37.0 38.0 38.0 279.0 287.0 201.0 181.0 155.0 136.0 124.0 94.0 88.0 87.0 82.0 77.0 76.0 71.0 49.0 39.0 38.0 38.0 42.0 38.0 37.0 37.0 36.0 39.0 37.0 39.0 38.0 37.0
49 50 1 TRACE 80.0 69.0 136.0 63.0 41.0 42.0 263.0 42.0 42.0 38.0 218.0 79.0 230.0 36.0 100.0 79.0 204.0 30.0 41.0 152.0 109.0 112.0 68.0 159.0 104.0 130.0 130.0 2411.0 61.0 85.0 161.0 320.0 113.0 244.0 39.0 78.0 92.0 198.0 40.0 125.0 93.0 193.0 63.0 88.0 123.0 194.0 139.0 95.0 140.0 194.0 83.0 113.0 194.0 114.0 34.0 92.0 199.0 177.0 29.0 93.0 3685.0 2546.0 1733.0 44.0 224.0 111.0 300.0 33.0 57.0 112.0 99.0 31.0 86.0 106.0 166.0 123.0 34.0 150.0 208.0 69.0 100.0 166.0 88.0 74.0 171.0 133.0 125.0 74.0 155.0 154.0 82.0 30.0 149.0 97.0 239.0 255.0 126.0 45.0 71.0 129.0 55.0 66.0 92.0 140.0 138.0 51.0 30.0 50.0 67.0 31.0 52.0 67.0 69.0 152.0 181.0 115.0 127.0 33.0 341.0 161.0 141.0 58.0 48.0 75.0 135.0 67.0 115.0 129.0 118.0 73.0 196.0 114.0 93.0 100.0 157.0 56.0 65.0 108.0 55.0 85.0 106.0 32.0 38.0 77.0 130.0 32.0 166.0 97.0 46.0 254.0 121.0 68.0 227.0 147.0 34.0 32.0 177.0 82.0 109.0 166.0 111.0 118.0 212.0 168.0 131.0 170.0 140.0 80.0 108.0 250.0 93.0 72.0 53.0 74.0 81.0 238.0 134.0 46.0 237.0 161.0 41.0 71.0 159.0 110.0 70.0 64.0 154.0 114.0 53.0 202.0 105.0 247.0 195.0 300.0 113.0 68.0 74.0 160.0 104.0 31.0 163.0 80.0 55.0 106.0 103.0 144.0 60.0 83.0 171.0 35.0 62.0
50 25 1 TRACE 36.0 23.0 24.0 23.0 20.0 23.0 22.0 25.0 392.0 21.0 50.0 23.0 21.0 18.0 21.0 23.0 22.0 24.0 155.0 34.0 24.0 23.0 31.0 27.0 19.0 21.0 22.0 19.0 351.0 21.0 23.0 23.0 23.0 29.0 26.0 20.0 21.0 28.0 24.0 21.0 19.0 59.0 23.0 22.0 21.0 22.0 21.0 59.0 20.0 22.0 21.0 23.0 23.0 21.0 20.0 28.0 20.0 21.0 21.0 23.0 23.0 60.0 25.0 29.0
50 41 1 TRACE 9.0 9.0 9.0 9.0 9.0 9.0 9.0 12.0 9.0 9.0 9.0 9.0 9.0 9.0 9.0 9.0 9.0 9.0 9.0 8.0 9.0 10.0 10.0 10.0 9.0 9.0 9.0 9.0 8.0 9.0 8.0 9.0 9.0 9.0 9.0 9.0 9.0 12.0 8.0 9.0 9.0 9.0 9.0 10.0 9.0 10.0 12.0 9.0 8.0 9.0 9.0 9.0 11.0 9.0 9.0 22.0 8.0 9.0 9.0 9.0 9.0 9.0 8.0 9.0 8.0 9.0 11.0 9.0 9.0 9.0 9.0 9.0 8.0 9.0 8.0 8.0 9.0 9.0 9.0 10.0 9.0 10.0 9.0 9.0 9.0 9.0 9.0 9.0 9.0 9.0 9.0 9.0 9.0 9.0 9.0 8.0 9.0 9.0 9.0 9.0 9.0 9.0 9.0 8.0 10.0 9.0 9.0 9.0 8.0 9.0 9.0 9.0 11.0 10.0 9.0 9.0 9.0 9.0 8.0 9.0 10.0 9.0 9.0 9.0 9.0 9.0 9.0 9.0 8.0 9.0 9.0 9.0 9.0 9.0 9.0 8.0 9.0 9.0 9.0 8.0 9.0 9.0 9.0 9.0 9.0 9.0 9.0
51 52 1 TRACE 673.0 651.0 653.0 649.0 655.0 691.0 650.0 1018.0 683.0 653.0 827.0 663.0 665.0 684.0 650.0 655.0 662.0 649.0 664.0 672.0 677.0 651.0 655.0 885.0 650.0 725.0 689.0 647.0 682.0 672.0 648.0 684.0 650.0 685.0 649.0 651.0 662.0 682.0 653.0 684.0 665.0 671.0 650.0 655.0 673.0 647.0 686.0 653.0 651.0 648.0 653.0 679.0 664.0 663.0 655.0 648.0 739.0 647.0 688.0 654.0 655.0 653.0 650.0 652.0
52 53 1 TRACE 46.0 42.0 44.0 58.0 49.0 37.0 40.0 656.0 478.0 35.0 89.0 53.0 124.0 57.0 40.0 45.0 44.0 40.0 37.0 35.0 59.0 39.0 40.0 35.0 34.0 188.0 76.0 35.0 48.0 41.0 35.0 43.0 62.0 41.0 87.0 69.0 72.0 60.0 65.0 39.0 65.0 77.0 37.0 65.0 39.0 66.0 70.0 35.0 70.0 38.0 42.0 154.0 70.0 35.0 38.0 71.0 299.0 38.0 66.0 260.0 72.0 35.0 35.0 62.0
53 54 1 TRACE 29.0 21.0 22.0 22.0 23.0 21.0 22.0 23.0 23.0 27.0 45.0 18.0 18.0 21.0 17.0 22.0 24.0 25.0 27.0 21.0 64.0 23.0 16.0 20.0 23.0 20.0 20.0 23.0 28.0 20.0 22.0 16.0 22.0 18.0 78.0 19.0 20.0 24.0 21.0 16.0 21.0 14.0 20.0 21.0 22.0 30.0 23.0 19.0 23.0 22.0 22.0 72.0 22.0 20.0 24.0 17.0 23.0 20.0 17.0 46.0 22.0 29.0 20.0 23.0
54 55 1 TRACE 46.0 20.0 21.0 21.0 21.0 22.0 20.0 21.0 22.0 20.0 23.0 32.0 20.0 21.0 21.0 24.0 22.0 20.0 34.0 24.0 21.0 21.0 21.0 20.0 20.0 20.0 20.0 21.0 21.0 20.0 21.0 21.0 21.0 20.0 21.0 20.0 21.0 21.0 20.0 21.0 21.0 20.0 21.0 24.0 21.0 20.0 21.0 20.0 21.0 20.0 20.0 21.0 21.0 21.0 22.0 21.0 21.0 20.0 21.0 21.0 34.0 20.0 21.0 20.0
55 56 1 TRACE 11.0 7.0 7.0 8.0 8.0 7.0 7.0 8.0 7.0 8.0 8.0 7.0 7.0 8.0 7.0 7.0 7.0 7.0 7.0 7.0 8.0 8.0 7.0 7.0 7.0 7.0 7.0 7.0 7.0 7.0 7.0 7.0 8.0 7.0 7.0 7.0 8.0 7.0 7.0 7.0 7.0 7.0 7.0 7.0 8.0 7.0 7.0 7.0 8.0 7.0 8.0 7.0 8.0 8.0 8.0 7.0 7.0 7.0 8.0 12.0 18.0 7.0 8.0 7.0
56 57 1 TRACE 13.0 7.0 7.0 11.0 8.0 7.0 7.0 7.0 7.0 7.0 8.0 7.0 7.0 8.0 7.0 7.0 7.0 7.0 8.0 7.0 6.0 7.0 7.0 7.0 7.0 7.0 7.0 7.0 7.0 7.0 7.0 7.0 7.0 7.0 7.0 7.0 6.0 7.0 7.0 7.0 7.0 7.0 7.0 7.0 7.0 7.0 7.0 7.0 7.0 7.0 7.0 7.0 7.0 7.0 7.0 7.0 7.0 7.0 7.0 10.0 7.0 7.0 7.0 7.0
57 58 1 TRACE 14.0 7.0 7.0 20.0 7.0 7.0 7.0 7.0 7.0 7.0 8.0 7.0 7.0 7.0 6.0 7.0 7.0 7.0 7.0 7.0 7.0 7.0 7.0 7.0 7.0 7.0 7.0 7.0 7.0 6.0 7.0 7.0 7.0 7.0 7.0 7.0 7.0 7.0 7.0 7.0 6.0 7.0 7.0 7.0 7.0 7.0 7.0 7.0 7.0 7.0 7.0 7.0 7.0 7.0 6.0 7.0 7.0 7.0 7.0 9.0 7.0 6.0 7.0 7.0
58 59 1 TRACE 21.0 8.0 9.0 8.0 8.0 8.0 9.0 8.0 8.0 8.0 9.0 10.0 9.0 9.0 8.0 8.0 8.0 7.0 10.0 8.0 8.0 8.0 8.0 8.0 8.0 8.0 7.0 8.0 7.0 8.0 8.0 8.0 8.0 8.0 7.0 8.0 8.0 9.0 8.0 8.0 8.0 8.0 8.0 9.0 8.0 8.0 8.0 8.0 8.0 8.0 8.0 8.0 8.0 8.0 8.0 8.0 9.0 8.0 8.0 11.0 9.0 8.0 8.0 7.0
59 60 1 TRACE 10.0 9.0 9.0 9.0 10.0 9.0 9.0 9.0 8.0 8.0 10.0 9.0 9.0 9.0 9.0 9.0 14.0 7.0 20.0 9.0 10.0 9.0 9.0 8.0 9.0 9.0 9.0 9.0 10.0 9.0 7.0 8.0 9.0 9.0 9.0 8.0 8.0 9.0 8.0 9.0 8.0 9.0 10.0 9.0 9.0 9.0 9.0 9.0 9.0 8.0 9.0 9.0 9.0 9.0 9.0 8.0 9.0 9.0 9.0 9.0 10.0 9.0 8.0 9.0
60 61 1 TRACE 11.0 9.0 9.0 10.0 10.0 10.0 9.0 9.0 9.0 10.0 11.0 9.0 9.0 9.0 9.0 9.0 10.0 10.0 9.0 9.0 10.0 9.0 9.0 10.0 9.0 9.0 10.0 9.0 10.0 9.0 9.0 10.0 9.0 9.0 10.0 10.0 9.0 9.0 9.0 9.0 9.0 10.0 10.0 9.0 10.0 10.0 10.0 9.0 10.0 9.0 10.0 10.0 10.0 10.0 9.0 9.0 9.0 9.0 10.0 10.0 10.0 10.0 10.0 9.0
61 62 1 TRACE 21.0 9.0 9.0 10.0 10.0 10.0 9.0 10.0 9.0 10.0 11.0 9.0 11.0 9.0 10.0 10.0 21.0 9.0 9.0 11.0 10.0 10.0 9.0 9.0 9.0 10.0 9.0 11.0 11.0 10.0 9.0 10.0 9.0 9.0 9.0 10.0 10.0 9.0 9.0 9.0 9.0 10.0 10.0 9.0 10.0 9.0 9.0 9.0 10.0 10.0 9.0 10.0 10.0 9.0 9.0 9.0 9.0 9.0 10.0 22.0 10.0 9.0 9.0 10.0
62 1 1 TRACE 36.0 31.0 30.0 34.0 32.0 32.0 32.0 32.0 302.0 32.0 88.0 44.0 77.0 62.0 31.0 38.0 37.0 32.0 50.0 34.0 32.0 31.0 33.0 50.0 32.0 30.0 33.0 31.0 32.0 31.0 31.0 31.0 32.0 33.0 32.0 31.0 32.0 31.0 31.0 33.0 30.0 31.0 32.0 33.0 32.0 31.0 31.0 31.0 32.0 32.0 30.0 31.0 31.0 31.0 33.0 31.0 107.0 31.0 33.0 37.0 33.0 32.0 32.0
