0 1 CONSTANT 8.0
1 1 CONSTANT 8.0
2 1 CONSTANT 0.0
3 1 CONSTANT 8.0
4 1 CONSTANT 8.0
5 1 CONSTANT 8.0
6 1 CONSTANT 8.0
7 1 CONSTANT 8.0
8 1 CONSTANT 8.0
9 1 CONSTANT 0.0
10 1 CONSTANT 0.0
11 1 CONSTANT 0.0
12 1 CONSTANT 0.0
13 1 CONSTANT 8.0
14 1 CONSTANT 4.0
15 1 CONSTANT 4.0
16 1 CONSTANT 0.0
17 1 CONSTANT 0.0
18 1 CONSTANT 0.0
19 1 CONSTANT 0.0
20 1 CONSTANT 4.0
21 1 CONSTANT 8.0
22 1 CONSTANT 8.0
23 1 CONSTANT 8.0
24 1 CONSTANT 8.0
25 1 CONSTANT 4.0
26 1 CONSTANT 4.0
27 1 CONSTANT 8.0
28 1 TRACE 0.0 0.0 8.0 0.0 0.0 8.0 0.0 0.0 0.0 0.0 20.0 4.0 0.0 4.0 4.0 0.0 0.0 20.0 0.0 4.0 0.0 0.0 20.0 0.0 0.0 8.0 0.0 0.0 8.0 0.0 4.0 0.0 0.0 8.0 0.0 8.0 8.0 0.0 0.0 16.0 0.0 0.0 20.0 0.0 8.0 8.0 0.0 0.0 8.0 0.0 0.0 20.0 0.0 0.0 16.0 0.0 4.0 8.0 0.0 8.0 0.0 0.0 4.0 0.0 0.0 12.0 0.0 0.0 16.0 0.0 0.0 8.0 0.0 0.0 8.0 0.0 0.0 16.0 0.0 0.0 8.0 0.0 4.0 8.0 0.0 0.0 12.0 4.0 8.0 12.0 0.0 0.0 8.0 0.0 4.0 0.0 0.0 8.0 0.0 0.0 8.0 4.0 0.0 20.0 0.0 0.0 8.0 0.0 0.0 4.0 0.0 4.0 8.0 0.0 0.0 28.0 0.0 0.0 12.0 0.0 0.0 12.0 0.0 0.0 12.0 0.0 0.0 4.0 12.0 0.0 0.0 4.0 0.0 4.0 0.0 0.0 4.0 0.0 0.0 8.0 0.0 0.0 8.0 0.0 0.0 0.0 8.0 0.0 4.0 8.0 0.0 0.0 12.0 4.0 0.0 0.0 8.0 0.0 0.0 8.0 0.0 0.0 20.0 0.0 0.0 16.0 0.0 12.0 8.0 0.0 0.0 12.0 0.0 4.0 0.0 0.0 8.0 0.0 0.0 16.0 0.0 0.0 16.0 0.0 0.0 0.0 0.0 0.0 0.0
29 1 CONSTANT 4.0
30 1 TRACE 0.0 0.0 8.0 0.0 0.0 8.0 0.0 0.0 0.0 0.0 20.0 4.0 0.0 4.0 4.0 0.0 0.0 20.0 0.0 4.0 0.0 0.0 20.0 0.0 0.0 8.0 0.0 0.0 8.0 0.0 4.0 0.0 0.0 8.0 0.0 8.0 8.0 0.0 0.0 16.0 0.0 0.0 20.0 0.0 8.0 8.0 0.0 0.0 8.0 0.0 0.0 20.0 0.0 0.0 16.0 0.0 4.0 8.0 0.0 8.0 0.0 0.0 4.0 0.0 0.0 12.0 0.0 0.0 16.0 0.0 0.0 8.0 0.0 0.0 8.0 0.0 0.0 16.0 0.0 0.0 8.0 0.0 4.0 8.0 0.0 0.0 12.0 4.0 8.0 12.0 0.0 0.0 8.0 0.0 4.0 0.0 0.0 8.0 0.0 0.0 8.0 4.0 0.0 20.0 0.0 0.0 8.0 0.0 0.0 4.0 0.0 4.0 8.0 0.0 0.0 28.0 0.0 0.0 12.0 0.0 0.0 12.0 0.0 0.0 12.0 0.0 0.0 4.0 12.0 0.0 0.0 4.0 0.0 4.0 0.0 0.0 4.0 0.0 0.0 8.0 0.0 0.0 8.0 0.0 0.0 0.0 8.0 0.0 4.0 8.0 0.0 0.0 12.0 4.0 0.0 0.0 8.0 0.0 0.0 8.0 0.0 0.0 20.0 0.0 0.0 16.0 0.0 12.0 8.0 0.0 0.0 12.0 0.0 4.0 0.0 0.0 8.0 0.0 0.0 16.0 0.0 0.0 16.0 0.0 0.0 0.0 0.0 0.0 0.0
31 1 CONSTANT 8.0
32 1 CONSTANT 8.0
33 1 CONSTANT 4.0
34 1 CONSTANT 0.0
35 1 CONSTANT 0.0
36 1 CONSTANT 8.0
37 1 CONSTANT 8.0
38 1 CONSTANT 8.0
39 1 TRACE 8.0 0.0 0.0 8.0 0.0 0.0 8.0 0.0 8.0 0.0 0.0 8.0 8.0 0.0 0.0 8.0 0.0 0.0 0.0 0.0 8.0 0.0 0.0 8.0 0.0 0.0 8.0 0.0 0.0 0.0 0.0 8.0 0.0 0.0 8.0 0.0 0.0 8.0 0.0 0.0 8.0 0.0 0.0 8.0 0.0 0.0 8.0 0.0 0.0 8.0 0.0 0.0 8.0 0.0 0.0 8.0 0.0 0.0 0.0 0.0 8.0 0.0 0.0 8.0 0.0 0.0 8.0 0.0 0.0 8.0 0.0 0.0 8.0 0.0 0.0 8.0 0.0 0.0 8.0 0.0 0.0 8.0 0.0 0.0 8.0 0.0 0.0 8.0 0.0 0.0 8.0 0.0 0.0 0.0 0.0 8.0 0.0 0.0 8.0 0.0 0.0 8.0 0.0 0.0 8.0 0.0 0.0 8.0 0.0 0.0 8.0 0.0 0.0 8.0 0.0 0.0 8.0 0.0 0.0 8.0 0.0 0.0 8.0 0.0 0.0 8.0 8.0 0.0 0.0 8.0 0.0 0.0 0.0 0.0 8.0 0.0 0.0 8.0 0.0 0.0 8.0 0.0 0.0 8.0 8.0 0.0 0.0 8.0 0.0 0.0 8.0 0.0 8.0 0.0 8.0 0.0 0.0 8.0 0.0 0.0 8.0 0.0 0.0 8.0 0.0 0.0 8.0 0.0 0.0 8.0 0.0 0.0 0.0 0.0 8.0 0.0 0.0 8.0 0.0 0.0 8.0 0.0 0.0 8.0 0.0 0.0 8.0 0.0 0.0
40 1 CONSTANT 8.0
41 1 CONSTANT 8.0
42 1 CONSTANT 8.0
43 1 CONSTANT 120.0
44 1 CONSTANT 112.0
45 1 CONSTANT 8.0
46 1 CONSTANT 120.0
47 1 CONSTANT 4.0
48 1 TRACE 6160.0 1968.0 1216.0 768.0 704.0 528.0 368.0 96.0 112.0 48.0 96.0 144.0 80.0 96.0 0.0 0.0 16.0 0.0 0.0 0.0 0.0 6288.0 2016.0 1104.0 848.0 720.0 544.0 400.0 176.0 192.0 64.0 128.0 160.0 112.0 128.0 0.0 0.0 16.0 0.0 0.0 0.0 0.0 5744.0 2416.0 1808.0 992.0 976.0 832.0 800.0 912.0 720.0 464.0 432.0 384.0 272.0 224.0 0.0 0.0 16.0 0.0 32.0 0.0 0.0 0.0 0.0 0.0 0.0 0.0 0.0 0.0 5184.0 1936.0 1392.0 960.0 880.0 528.0 464.0 1120.0 592.0 512.0 464.0 464.0 320.0 288.0 16.0 0.0 16.0 0.0 0.0 0.0 0.0 3408.0 1632.0 1072.0 688.0 688.0 496.0 384.0 16.0 32.0 0.0 32.0 48.0 16.0 0.0 0.0 0.0 16.0 0.0 0.0 0.0 0.0 5424.0 2032.0 1120.0 880.0 752.0 576.0 512.0 864.0 560.0 416.0 416.0 384.0 224.0 240.0 0.0 0.0 16.0 0.0 16.0 0.0 0.0 2832.0 1088.0 704.0 576.0 528.0 400.0 544.0 2096.0 1232.0 816.0 672.0 688.0 432.0 368.0 0.0 0.0 16.0 0.0 16.0 0.0 0.0 0.0 0.0 0.0 0.0 0.0 0.0 0.0 5840.0 2064.0 1424.0 912.0 640.0 496.0 528.0 592.0 448.0 336.0 336.0 368.0 256.0 208.0 0.0 0.0 16.0 0.0 0.0 0.0 0.0 3104.0 1456.0 1088.0 896.0 816.0 560.0 560.0 2416.0 1200.0 800.0 576.0 576.0 416.0 272.0 16.0 16.0 32.0 32.0 32.0 0.0 0.0 0.0 0.0 0.0 0.0 0.0 0.0 0.0 5296.0 1936.0 1104.0 688.0 752.0 528.0 400.0 16.0 96.0 32.0 80.0 96.0 0.0 32.0 0.0 0.0 16.0 0.0 0.0 0.0 0.0 1904.0 880.0 880.0 640.0 544.0 400.0 432.0 3136.0 1584.0 976.0 656.0 672.0 496.0 352.0 0.0 16.0 16.0 16.0 32.0 16.0 0.0 0.0 0.0 0.0 0.0 0.0 0.0 0.0 6352.0 2016.0 1184.0 848.0 832.0 544.0 240.0 160.0 160.0 112.0 144.0 128.0 80.0 160.0 0.0 0.0 16.0 0.0 0.0 0.0 0.0 4352.0 1728.0 1152.0 736.0 800.0 512.0 336.0 64.0 64.0 16.0 48.0 64.0 16.0 32.0 0.0 0.0 16.0 0.0 0.0 0.0 0.0 5952.0 1856.0 1312.0 896.0 784.0 480.0 352.0 512.0 384.0 336.0 256.0 320.0 224.0 192.0 0.0 0.0 16.0 0.0 16.0 0.0 0.0 5552.0 1888.0 1424.0 800.0 944.0 576.0 592.0 832.0 592.0 448.0 432.0 336.0 256.0 224.0 0.0 0.0 16.0 0.0 16.0 0.0 0.0 5824.0 1792.0 1056.0 752.0 736.0 528.0 224.0 64.0 128.0 64.0 64.0 112.0 16.0 112.0 0.0 0.0 16.0 0.0 0.0 0.0 0.0 5920.0 1760.0 1056.0 848.0 720.0 528.0 368.0 464.0 320.0 304.0 320.0 336.0 224.0 176.0 0.0 0.0 16.0 0.0 16.0 0.0 0.0 5088.0 1648.0 1312.0 752.0 752.0 640.0 560.0 1088.0 768.0 528.0 480.0 368.0 336.0 224.0 0.0 0.0 16.0 0.0 16.0 0.0 0.0 6368.0 2112.0 1232.0 768.0 816.0 656.0 432.0 192.0 208.0 144.0 240.0 160.0 112.0 128.0 0.0 0.0 16.0 0.0 0.0 0.0 0.0 3888.0 1696.0 1072.0 656.0 656.0 464.0 352.0 16.0 32.0 0.0 32.0 16.0 16.0 16.0 0.0 0.0 16.0 0.0 0.0 0.0 0.0 2336.0 1456.0 1296.0 960.0 800.0 592.0 752.0 3248.0 1568.0 928.0 592.0 656.0 464.0 320.0 16.0 16.0 0.0 32.0 32.0 0.0 16.0 0.0 0.0 16.0 0.0 0.0 0.0 0.0 5040.0 2048.0 1104.0 720.0 800.0 496.0 368.0 16.0 48.0 48.0 32.0 48.0 64.0 32.0 0.0 0.0 16.0 0.0 0.0 0.0 0.0 5872.0 2016.0 1136.0 656.0 672.0 528.0 336.0 128.0 128.0 64.0 144.0 112.0 32.0 96.0 0.0 0.0 16.0 0.0 0.0 0.0 0.0 5904.0 1776.0 1312.0 864.0 912.0 544.0 416.0 416.0 384.0 240.0 336.0 240.0 208.0 224.0 0.0 0.0 16.0 0.0 16.0 0.0 0.0 4816.0 1680.0 1008.0 896.0 928.0 512.0 624.0 1168.0 864.0 656.0 528.0 512.0 336.0 256.0 0.0 0.0 16.0 0.0 0.0 0.0 0.0 0.0 0.0 0.0 0.0 0.0 0.0 0.0 5376.0 2096.0 1200.0 672.0 784.0 512.0 400.0 48.0 48.0 32.0 80.0 48.0 64.0 32.0 0.0 0.0 16.0 0.0 0.0 0.0 0.0 6272.0 1808.0 1072.0 848.0 720.0 672.0 368.0 368.0 288.0 224.0 224.0 256.0 128.0 192.0 0.0 0.0 16.0 0.0 16.0 0.0 0.0 5360.0 2128.0 1200.0 672.0 768.0 496.0 400.0 48.0 48.0 48.0 80.0 64.0 80.0 32.0 0.0 0.0 16.0 0.0 0.0 0.0 0.0 5872.0 2128.0 1232.0 736.0 768.0 672.0 320.0 64.0 96.0 48.0 112.0 112.0 32.0 96.0 0.0 0.0 16.0 0.0 0.0 0.0 0.0 6400.0 2128.0 1312.0 848.0 784.0 656.0 400.0 240.0 160.0 112.0 144.0 160.0 80.0 144.0 0.0 0.0 16.0 0.0 0.0 0.0 0.0 6016.0 2000.0 1312.0 816.0 800.0 544.0 368.0 352.0 320.0 256.0 240.0 224.0 192.0 176.0 0.0 0.0 16.0 0.0 16.0 0.0 0.0 6208.0 1968.0 1200.0 816.0 816.0 592.0 368.0 128.0 176.0 96.0 176.0 128.0 96.0 160.0 0.0 0.0 16.0 0.0 0.0 0.0 0.0 1200.0 736.0 352.0 320.0 208.0 304.0 192.0 3488.0 1712.0 1056.0 688.0 768.0 512.0 384.0 0.0 32.0 32.0 32.0 32.0 0.0 0.0 0.0 0.0 0.0 0.0 0.0 0.0 0.0 6336.0 1952.0 1264.0 816.0 816.0 608.0 416.0 304.0 256.0 144.0 224.0 192.0 112.0 160.0 0.0 0.0 16.0 0.0 16.0 0.0 0.0 6336.0 2032.0 1200.0 752.0 832.0 608.0 240.0 192.0 128.0 144.0 160.0 128.0 80.0 176.0 0.0 0.0 16.0 0.0 0.0 0.0 0.0 5472.0 1840.0 1472.0 928.0 960.0 544.0 592.0 944.0 576.0 464.0 400.0 352.0 288.0 224.0 0.0 0.0 16.0 0.0 16.0 0.0 0.0 5952.0 2064.0 1264.0 800.0 784.0 592.0 384.0 80.0 80.0 32.0 128.0 112.0 32.0 80.0 0.0 0.0 16.0 0.0 0.0 0.0 0.0 3536.0 1472.0 1024.0 688.0 656.0 480.0 320.0 0.0 32.0 32.0 16.0 48.0 16.0 16.0 0.0 0.0 0.0 0.0 0.0 0.0 0.0 4080.0 1792.0 1104.0 688.0 656.0 544.0 352.0 16.0 32.0 16.0 32.0 32.0 0.0 16.0 0.0 0.0 16.0 0.0 0.0 0.0 0.0 5392.0 1696.0 1216.0 944.0 800.0 544.0 528.0 1088.0 688.0 576.0 432.0 432.0 304.0 240.0 16.0 0.0 16.0 0.0 16.0 0.0 0.0 6096.0 2000.0 1200.0 768.0 736.0 512.0 464.0 464.0 304.0 256.0 240.0 304.0 208.0 192.0 0.0 0.0 16.0 0.0 0.0 0.0 0.0 6256.0 2080.0 1168.0 736.0 784.0 544.0 304.0 160.0 160.0 80.0 160.0 128.0 64.0 128.0 0.0 0.0 16.0 0.0 0.0 0.0 0.0 5600.0 2000.0 1088.0 688.0 688.0 480.0 368.0 48.0 128.0 80.0 128.0 112.0 48.0 80.0 0.0 0.0 16.0 0.0 0.0 0.0 0.0 6416.0 2080.0 1216.0 720.0 800.0 512.0 416.0 208.0 224.0 144.0 240.0 240.0 128.0 144.0 0.0 0.0 16.0 0.0 0.0 0.0 0.0 4240.0 1936.0 1168.0 720.0 752.0 560.0 384.0 16.0 32.0 16.0 32.0 48.0 16.0 16.0 0.0 0.0 16.0 0.0 0.0 0.0 0.0 2656.0 1216.0 960.0 672.0 768.0 432.0 544.0 3008.0 1680.0 928.0 656.0 656.0 480.0 368.0 16.0 32.0 16.0 16.0 16.0 16.0 0.0 0.0 0.0 16.0 0.0 0.0 0.0 0.0 3600.0 1776.0 1248.0 832.0 944.0 544.0 656.0 2128.0 1280.0 896.0 576.0 608.0 480.0 304.0 16.0 0.0 16.0 0.0 16.0 0.0 16.0 0.0 0.0 0.0 0.0 0.0 0.0 0.0 5328.0 1968.0 1184.0 800.0 768.0 544.0 400.0 80.0 80.0 32.0 64.0 96.0 32.0 32.0 0.0 0.0 16.0 0.0 0.0 0.0 0.0 2608.0 1312.0 928.0 832.0 976.0 432.0 656.0 3216.0 1648.0 1024.0 656.0 640.0 512.0 336.0 16.0 16.0 16.0 16.0 16.0 16.0 16.0 0.0 0.0 0.0 0.0 0.0 0.0 0.0 6320.0 2064.0 1168.0 704.0 784.0 560.0 416.0 272.0 176.0 144.0 224.0 240.0 128.0 176.0 0.0 0.0 16.0 0.0 0.0 0.0 0.0 5584.0 1952.0 1168.0 752.0 784.0 576.0 320.0 64.0 80.0 16.0 80.0 96.0 32.0 96.0 0.0 0.0 16.0 0.0 0.0 0.0 0.0 4768.0 1840.0 1296.0 928.0 1008.0 432.0 544.0 1168.0 736.0 512.0 464.0 416.0 320.0 288.0 0.0 0.0 16.0 0.0 16.0 0.0 0.0 5936.0 1744.0 1120.0 832.0 752.0 528.0 384.0 496.0 336.0 320.0 336.0 336.0 224.0 176.0 0.0 0.0 16.0 0.0 16.0 0.0 0.0 6064.0 2016.0 1232.0 864.0 688.0 592.0 496.0 496.0 320.0 224.0 336.0 384.0 208.0 192.0 0.0 0.0 16.0 0.0 16.0 0.0 0.0 5232.0 1952.0 1264.0 1120.0 896.0 608.0 512.0 1040.0 784.0 480.0 416.0 416.0 320.0 224.0 0.0 0.0 16.0 0.0 16.0 0.0 0.0 5552.0 2192.0 1600.0 1040.0 928.0 576.0 656.0 816.0 576.0 320.0 352.0 432.0 288.0 240.0 0.0 0.0 16.0 0.0 16.0 0.0 0.0 3680.0 1616.0 992.0 624.0 656.0 480.0 304.0 16.0 16.0 48.0 32.0 48.0 0.0 16.0 0.0 0.0 0.0 0.0 0.0 0.0 0.0 6432.0 2064.0 1296.0 752.0 704.0 672.0 384.0 240.0 224.0 144.0 288.0 208.0 80.0 160.0 0.0 0.0 16.0 0.0 16.0 0.0 0.0 3664.0 1696.0 1328.0 880.0 736.0 528.0 592.0 2192.0 1120.0 816.0 560.0 608.0 368.0 304.0 0.0 0.0 16.0 16.0 16.0 0.0 0.0 0.0 0.0 0.0 0.0 0.0 0.0 0.0 5664.0 1952.0 1136.0 720.0 704.0 560.0 400.0 80.0 144.0 64.0 112.0 112.0 32.0 80.0 0.0 0.0 16.0 0.0 0.0 0.0 0.0 6080.0 2096.0 1504.0 944.0 928.0 592.0 512.0 784.0 528.0 416.0 432.0 384.0 240.0 224.0 0.0 0.0 16.0 0.0 16.0 0.0 0.0 5056.0 1648.0 1248.0 768.0 688.0 416.0 480.0 1024.0 592.0 432.0 432.0 432.0 384.0 272.0 0.0 0.0 16.0 0.0 16.0 0.0 0.0 3056.0 1504.0 912.0 512.0 576.0 464.0 512.0 2208.0 1168.0 784.0 624.0 640.0 400.0 336.0 0.0 0.0 16.0 16.0 16.0 0.0 0.0 0.0 0.0 16.0 0.0 0.0 0.0 0.0 3696.0 1600.0 1344.0 976.0 1136.0 560.0 688.0 2112.0 1216.0 832.0 528.0 592.0 480.0 336.0 16.0 0.0 16.0 0.0 16.0 0.0 0.0 0.0 0.0 0.0 0.0 0.0 0.0 0.0
49 1 TRACE 128.0 128.0 128.0 128.0 128.0 128.0 8.0 128.0 128.0 128.0 128.0 128.0 128.0 8.0 128.0 128.0 128.0 128.0 128.0 128.0 8.0 128.0 128.0 128.0 128.0 128.0 128.0 8.0 128.0 128.0 128.0 128.0 128.0 128.0 8.0 128.0 128.0 128.0 128.0 128.0 128.0 8.0 128.0 128.0 128.0 128.0 128.0 128.0 8.0 128.0 128.0 128.0 128.0 128.0 128.0 8.0 128.0 128.0 128.0 128.0 128.0 128.0 8.0 128.0 128.0 128.0 128.0 128.0 128.0 8.0 128.0 128.0 128.0 128.0 128.0 128.0 8.0 128.0 128.0 128.0 128.0 128.0 128.0 8.0 128.0 128.0 128.0 128.0 128.0 128.0 8.0 128.0 128.0 128.0 128.0 128.0 128.0 8.0 128.0 128.0 128.0 128.0 128.0 128.0 8.0 128.0 128.0 128.0 128.0 128.0 128.0 8.0 128.0 128.0 128.0 128.0 128.0 128.0 8.0 128.0 128.0 128.0 128.0 128.0 128.0 8.0 128.0 128.0 128.0 128.0 128.0 128.0 8.0 128.0 128.0 128.0 128.0 128.0 128.0 8.0 128.0 128.0 128.0 128.0 128.0 128.0 8.0 128.0 128.0 128.0 128.0 128.0 128.0 8.0 128.0 128.0 128.0 128.0 128.0 128.0 8.0 128.0 128.0 128.0 128.0 128.0 128.0 8.0 128.0 128.0 128.0 128.0 128.0 128.0 8.0 128.0 128.0 128.0 128.0 128.0 128.0 8.0 128.0 128.0 128.0 128.0 128.0 128.0 8.0 128.0 128.0 128.0 128.0 128.0 128.0 8.0 128.0 128.0 128.0 128.0 128.0 128.0 8.0 128.0 128.0 128.0 128.0 128.0 128.0 8.0 128.0 128.0 128.0 128.0 128.0 128.0 8.0 128.0 128.0 128.0 128.0 128.0 128.0 8.0 128.0 128.0 128.0 128.0 128.0 128.0 8.0 128.0 128.0 128.0 128.0 128.0 128.0 8.0 128.0 128.0 128.0 128.0 128.0 128.0 8.0 128.0 128.0 128.0 128.0 128.0 128.0 8.0 128.0 128.0 128.0 128.0 128.0 128.0 8.0 128.0 128.0 128.0 128.0 128.0 128.0 8.0 128.0 128.0 128.0 128.0 128.0 128.0 8.0 128.0 128.0 128.0 128.0 128.0 128.0 8.0 128.0 128.0 128.0 128.0 128.0 128.0 8.0 128.0 128.0 128.0 128.0 128.0 128.0 8.0 128.0 128.0 128.0 128.0 128.0 128.0 8.0 128.0 128.0 128.0 128.0 128.0 128.0 8.0 128.0 128.0 128.0 128.0 128.0 128.0 8.0 128.0 128.0 128.0 128.0 128.0 128.0 8.0 128.0 128.0 128.0 128.0 128.0 128.0 8.0 128.0 128.0 128.0 128.0 128.0 128.0 8.0 128.0 128.0 128.0 128.0 128.0 128.0 8.0 128.0 128.0 128.0 128.0 128.0 128.0 8.0 128.0 128.0 128.0 128.0 128.0 128.0 8.0 128.0 128.0 128.0 128.0 128.0 128.0 8.0 128.0 128.0 128.0 128.0 128.0 128.0 8.0 128.0 128.0 128.0 128.0 128.0 128.0 8.0 128.0 128.0 128.0 128.0 128.0 128.0 8.0 128.0 128.0 128.0 128.0 128.0 128.0 8.0 128.0 128.0 128.0 128.0 128.0 128.0 8.0 128.0 128.0 128.0 128.0 128.0 128.0 8.0 128.0 128.0 128.0 128.0 128.0 128.0 8.0 128.0 128.0 128.0 128.0 128.0 128.0 8.0 128.0 128.0 128.0 128.0 128.0 128.0 8.0 128.0 128.0 128.0 128.0 128.0 128.0 8.0 128.0 128.0 128.0 128.0 128.0 128.0 8.0 128.0 128.0 128.0 128.0 128.0 128.0 8.0 128.0 128.0 128.0 128.0 128.0 128.0 8.0 128.0 128.0 128.0 128.0 128.0 128.0 8.0 128.0 128.0 128.0 128.0 128.0 128.0 8.0 128.0 128.0 128.0 128.0 128.0 128.0 8.0 128.0 128.0 128.0 128.0 128.0 128.0 8.0 128.0 128.0 128.0 128.0 128.0 128.0 8.0 128.0 128.0 128.0 128.0 128.0 128.0 8.0 128.0 128.0 128.0 128.0 128.0 128.0 8.0 128.0 128.0 128.0 128.0 128.0 128.0 8.0 128.0 128.0 128.0 128.0 128.0 128.0 8.0 128.0 128.0 128.0 128.0 128.0 128.0 8.0 128.0 128.0 128.0 128.0 128.0 128.0 8.0 128.0 128.0 128.0 128.0 128.0 128.0 8.0 128.0 128.0 128.0 128.0 128.0 128.0 8.0 128.0 128.0 128.0 128.0 128.0 128.0 8.0 128.0 128.0 128.0 128.0 128.0 128.0 8.0 128.0 128.0 128.0 128.0 128.0 128.0 8.0 128.0 128.0 128.0 128.0 128.0 128.0 8.0 128.0 128.0 128.0 128.0 128.0 128.0 8.0 128.0 128.0 128.0 128.0 128.0 128.0 8.0 128.0 128.0 128.0 128.0 128.0 128.0 8.0 128.0 128.0 128.0 128.0 128.0 128.0 8.0 128.0 128.0 128.0 128.0 128.0 128.0 8.0 128.0 128.0 128.0 128.0 128.0 128.0 8.0 128.0 128.0 128.0 128.0 128.0 128.0 8.0 128.0 128.0 128.0 128.0 128.0 128.0 8.0 128.0 128.0 128.0 128.0 128.0 128.0 8.0 128.0 128.0 128.0 128.0 128.0 128.0 8.0 128.0 128.0 128.0 128.0 128.0 128.0 8.0 128.0 128.0 128.0 128.0 128.0 128.0 8.0 128.0 128.0 128.0 128.0 128.0 128.0 8.0 128.0 128.0 128.0 128.0 128.0 128.0 8.0 128.0 128.0 128.0 128.0 128.0 128.0 8.0 128.0 128.0 128.0 128.0 128.0 128.0 8.0 128.0 128.0 128.0 128.0 128.0 128.0 8.0 128.0 128.0 128.0 128.0 128.0 128.0 8.0 128.0 128.0 128.0 128.0 128.0 128.0 8.0 128.0 128.0 128.0 128.0 128.0 128.0 8.0 128.0 128.0 128.0 128.0 128.0 128.0 8.0 128.0 128.0 128.0 128.0 128.0 128.0 8.0 128.0 128.0 128.0 128.0 128.0 128.0 8.0 128.0 128.0 128.0 128.0 128.0 128.0 8.0 128.0 128.0 128.0 128.0 128.0 128.0 8.0 128.0 128.0 128.0 128.0 128.0 128.0 8.0 128.0 128.0 128.0 128.0 128.0 128.0 8.0 128.0 128.0 128.0 128.0 128.0 128.0 8.0 128.0 128.0 128.0 128.0 128.0 128.0 8.0 128.0 128.0 128.0 128.0 128.0 128.0 8.0 128.0 128.0 128.0 128.0 128.0 128.0 8.0 128.0 128.0 128.0 128.0 128.0 128.0 8.0 128.0 128.0 128.0 128.0 128.0 128.0 8.0 128.0 128.0 128.0 128.0 128.0 128.0 8.0 128.0 128.0 128.0 128.0 128.0 128.0 8.0 128.0 128.0 128.0 128.0 128.0 128.0 8.0 128.0 128.0 128.0 128.0 128.0 128.0 8.0 128.0 128.0 128.0 128.0 128.0 128.0 8.0 128.0 128.0 128.0 128.0 128.0 128.0 8.0 128.0 128.0 128.0 128.0 128.0 128.0 8.0 128.0 128.0 128.0 128.0 128.0 128.0 8.0 128.0 128.0 128.0 128.0 128.0 128.0 8.0 128.0 128.0 128.0 128.0 128.0 128.0 8.0 128.0 128.0 128.0 128.0 128.0 128.0 8.0 128.0 128.0 128.0 128.0 128.0 128.0 8.0 128.0 128.0 128.0 128.0 128.0 128.0 8.0 128.0 128.0 128.0 128.0 128.0 128.0 8.0 128.0 128.0 128.0 128.0 128.0 128.0 8.0 128.0 128.0 128.0 128.0 128.0 128.0 8.0 128.0 128.0 128.0 128.0 128.0 128.0 8.0 128.0 128.0 128.0 128.0 128.0 128.0 8.0 128.0 128.0 128.0 128.0 128.0 128.0 8.0 128.0 128.0 128.0 128.0 128.0 128.0 8.0 128.0 128.0 128.0 128.0 128.0 128.0 8.0 128.0 128.0 128.0 128.0 128.0 128.0 8.0 128.0 128.0 128.0 128.0 128.0 128.0 8.0 128.0 128.0 128.0 128.0 128.0 128.0 8.0 128.0 128.0 128.0 128.0 128.0 128.0 8.0 128.0 128.0 128.0 128.0 128.0 128.0 8.0 128.0 128.0 128.0 128.0 128.0 128.0 8.0 128.0 128.0 128.0 128.0 128.0 128.0 8.0 128.0 128.0 128.0 128.0 128.0 128.0 8.0 128.0 128.0 128.0 128.0 128.0 128.0 8.0 128.0 128.0 128.0 128.0 128.0 128.0 8.0 128.0 128.0 128.0 128.0 128.0 128.0 8.0 128.0 128.0 128.0 128.0 128.0 128.0 8.0 128.0 128.0 128.0 128.0 128.0 128.0 8.0 128.0 128.0 128.0 128.0 128.0 128.0 8.0 128.0 128.0 128.0 128.0 128.0 128.0 8.0 128.0 128.0 128.0 128.0 128.0 128.0 8.0 128.0 128.0 128.0 128.0 128.0 128.0 8.0 128.0 128.0 128.0 128.0 128.0 128.0 8.0 128.0 128.0 128.0 128.0 128.0 128.0 8.0 128.0 128.0 128.0 128.0 128.0 128.0 8.0 128.0 128.0 128.0 128.0 128.0 128.0 8.0 128.0 128.0 128.0 128.0 128.0 128.0 8.0 128.0 128.0 128.0 128.0 128.0 128.0 8.0 128.0 128.0 128.0 128.0 128.0 128.0 8.0 128.0 128.0 128.0 128.0 128.0 128.0 8.0 128.0 128.0 128.0 128.0 128.0 128.0 8.0 128.0 128.0 128.0 128.0 128.0 128.0 8.0 128.0 128.0 128.0 128.0 128.0 128.0 8.0 128.0 128.0 128.0 128.0 128.0 128.0 8.0 128.0 128.0 128.0 128.0 128.0 128.0 8.0 128.0 128.0 128.0 128.0 128.0 128.0 8.0 128.0 128.0 128.0 128.0 128.0 128.0 8.0 128.0 128.0 128.0 128.0 128.0 128.0 8.0 128.0 128.0 128.0 128.0 128.0 128.0 8.0 128.0 128.0 128.0 128.0 128.0 128.0 8.0 128.0 128.0 128.0 128.0 128.0 128.0 8.0 128.0 128.0 128.0 128.0 128.0 128.0 8.0 128.0 128.0 128.0 128.0 128.0 128.0 8.0 128.0 128.0 128.0 128.0 128.0 128.0 8.0 128.0 128.0 128.0 128.0 128.0 128.0 8.0 128.0 128.0 128.0 128.0 128.0 128.0 8.0 128.0 128.0 128.0 128.0 128.0 128.0 8.0 128.0 128.0 128.0 128.0 128.0 128.0 8.0 128.0 128.0 128.0 128.0 128.0 128.0 8.0 128.0 128.0 128.0 128.0 128.0 128.0 8.0 128.0 128.0 128.0 128.0 128.0 128.0 8.0 128.0 128.0 128.0 128.0 128.0 128.0 8.0 128.0 128.0 128.0 128.0 128.0 128.0 8.0 128.0 128.0 128.0 128.0 128.0 128.0 8.0 128.0 128.0 128.0 128.0 128.0 128.0 8.0 128.0 128.0 128.0 128.0 128.0 128.0 8.0 128.0 128.0 128.0 128.0 128.0 128.0 8.0 128.0 128.0 128.0 128.0 128.0 128.0 8.0 128.0 128.0 128.0 128.0 128.0 128.0 8.0 128.0 128.0 128.0 128.0 128.0 128.0 8.0 128.0 128.0 128.0 128.0 128.0 128.0 8.0 128.0 128.0 128.0 128.0 128.0 128.0 8.0 128.0 128.0 128.0 128.0 128.0 128.0 8.0 128.0 128.0 128.0 128.0 128.0 128.0 8.0 128.0 128.0 128.0 128.0 128.0 128.0 8.0 128.0 128.0 128.0 128.0 128.0 128.0 8.0 128.0 128.0 128.0 128.0 128.0 128.0 8.0 128.0 128.0 128.0 128.0 128.0 128.0 8.0 128.0 128.0 128.0 128.0 128.0 128.0 8.0 128.0 128.0 128.0 128.0 128.0 128.0 8.0 128.0 128.0 128.0 128.0 128.0 128.0 8.0 128.0 128.0 128.0 128.0 128.0 128.0 8.0 128.0 128.0 128.0 128.0 128.0 128.0 8.0 128.0 128.0 128.0 128.0 128.0 128.0 8.0
50 1 TRACE 8.0 8.0 8.0 8.0 8.0 8.0 8.0 8.0 8.0 0.0 8.0 8.0 8.0 8.0 8.0 8.0 8.0 8.0 8.0 8.0 8.0 8.0 8.0 8.0 8.0 8.0 8.0 8.0 8.0 8.0 8.0 8.0 8.0 8.0 8.0 8.0 8.0 8.0 8.0 8.0 8.0 8.0 8.0 8.0 8.0 8.0 8.0 8.0 8.0 8.0 8.0 8.0 8.0 8.0 8.0 8.0 8.0 8.0 8.0 8.0 8.0 8.0 8.0 8.0 8.0 8.0 8.0 8.0 8.0 8.0 8.0 8.0 8.0 8.0 8.0 8.0 8.0 8.0 8.0 8.0 8.0 8.0 8.0 8.0 8.0 8.0 8.0 8.0 8.0 8.0 8.0 8.0 8.0 8.0 8.0 8.0 8.0 8.0 8.0 8.0 8.0 8.0 8.0 8.0 8.0 8.0 8.0 8.0 8.0 8.0 8.0 8.0 8.0 8.0 8.0 8.0 8.0 8.0 8.0 8.0 8.0 8.0 8.0 8.0 8.0 8.0 8.0 8.0 8.0 8.0 8.0 8.0 8.0 8.0 8.0 8.0 8.0 8.0 8.0 8.0 8.0 8.0 8.0 8.0 8.0 8.0 8.0 8.0 8.0 8.0 8.0 8.0 8.0 8.0 8.0 8.0 8.0 8.0 8.0 8.0 8.0 8.0 8.0 8.0 8.0 8.0 8.0 8.0 8.0 8.0 8.0 8.0 8.0 8.0 8.0 8.0 8.0 8.0 8.0 8.0 8.0 8.0 8.0 8.0 8.0 8.0 8.0 8.0 8.0 8.0 8.0 8.0 8.0 8.0 8.0 8.0 8.0 8.0 8.0 8.0 8.0 8.0 8.0 8.0 8.0
51 1 CONSTANT 8.0
52 1 CONSTANT 8.0
53 1 CONSTANT 8.0
54 1 CONSTANT 0.0
55 1 CONSTANT 0.0
56 1 CONSTANT 0.0
57 1 CONSTANT 0.0
58 1 CONSTANT 0.0
59 1 CONSTANT 0.0
60 1 CONSTANT 0.0
61 1 CONSTANT 0.0
62 1 CONSTANT 8.0
