0 1 CONSTANT 8.0
1 1 CONSTANT 8.0
2 1 CONSTANT 0.0
3 1 CONSTANT 8.0
4 1 CONSTANT 8.0
5 1 CONSTANT 8.0
6 1 CONSTANT 8.0
7 1 CONSTANT 8.0
8 1 CONSTANT 8.0
9 1 CONSTANT 0.0
10 1 CONSTANT 0.0
11 1 CONSTANT 0.0
12 1 CONSTANT 0.0
13 1 CONSTANT 8.0
14 1 CONSTANT 4.0
15 1 CONSTANT 4.0
16 1 CONSTANT 0.0
17 1 CONSTANT 0.0
18 1 CONSTANT 0.0
19 1 CONSTANT 0.0
20 1 CONSTANT 4.0
21 1 CONSTANT 8.0
22 1 CONSTANT 8.0
23 1 CONSTANT 8.0
24 1 CONSTANT 8.0
25 1 CONSTANT 4.0
26 1 CONSTANT 4.0
27 1 CONSTANT 8.0
28 1 TRACE 0.0 8.0 12.0 0.0 0.0 24.0 0.0 0.0 0.0 0.0 0.0 4.0 16.0 0.0 0.0 0.0 12.0 0.0 0.0 0.0 24.0 0.0 0.0 0.0 8.0 0.0 0.0 56.0 0.0 0.0 0.0 32.0 0.0 0.0 0.0 32.0 0.0 0.0 36.0 0.0 0.0 0.0 16.0 0.0 0.0 4.0 16.0 0.0 0.0 0.0 40.0 0.0 0.0 0.0 0.0 0.0 0.0 12.0 0.0 0.0 0.0 48.0 0.0 0.0 8.0 28.0 0.0 0.0 0.0 0.0 0.0 4.0 4.0 0.0 0.0 4.0 0.0 0.0 36.0 0.0 0.0 0.0 24.0 0.0 0.0 0.0 32.0 0.0 0.0 0.0 16.0 0.0 0.0 0.0 36.0 0.0 0.0 0.0 0.0 0.0 0.0 0.0 0.0 0.0 44.0 0.0 0.0 40.0 0.0 4.0 0.0 0.0 0.0 32.0 4.0 0.0 4.0 12.0 0.0 0.0 0.0 0.0 0.0 0.0 4.0 0.0 0.0 16.0 0.0 0.0 16.0 12.0 0.0 0.0 0.0 20.0 0.0 0.0 0.0 0.0 0.0 12.0 12.0 0.0 0.0 48.0 0.0 0.0 8.0 24.0 0.0 0.0 0.0 40.0 0.0 0.0 0.0 48.0 0.0 0.0 0.0 32.0 0.0 0.0 0.0 24.0 0.0 0.0 0.0 20.0 0.0 0.0 0.0 4.0 0.0 0.0 8.0 0.0 4.0 16.0 0.0 0.0 0.0 48.0 8.0 0.0 0.0 0.0 0.0 0.0 0.0 0.0 0.0 4.0 0.0 0.0 0.0 16.0 0.0 0.0 0.0 48.0 4.0 0.0 0.0 12.0 0.0 0.0 0.0 0.0 0.0 44.0 0.0 8.0 16.0 0.0 0.0 0.0 8.0 8.0 0.0 0.0 4.0 8.0 0.0 0.0 20.0 0.0 0.0 0.0 8.0
29 1 CONSTANT 4.0
30 1 TRACE 0.0 8.0 12.0 0.0 0.0 24.0 0.0 0.0 0.0 0.0 0.0 4.0 16.0 0.0 0.0 0.0 12.0 0.0 0.0 0.0 24.0 0.0 0.0 0.0 8.0 0.0 0.0 56.0 0.0 0.0 0.0 32.0 0.0 0.0 0.0 32.0 0.0 0.0 36.0 0.0 0.0 0.0 16.0 0.0 0.0 4.0 16.0 0.0 0.0 0.0 40.0 0.0 0.0 0.0 0.0 0.0 0.0 12.0 0.0 0.0 0.0 48.0 0.0 0.0 8.0 28.0 0.0 0.0 0.0 0.0 0.0 4.0 4.0 0.0 0.0 4.0 0.0 0.0 36.0 0.0 0.0 0.0 24.0 0.0 0.0 0.0 32.0 0.0 0.0 0.0 16.0 0.0 0.0 0.0 36.0 0.0 0.0 0.0 0.0 0.0 0.0 0.0 0.0 0.0 44.0 0.0 0.0 40.0 0.0 4.0 0.0 0.0 0.0 32.0 4.0 0.0 4.0 12.0 0.0 0.0 0.0 0.0 0.0 0.0 4.0 0.0 0.0 16.0 0.0 0.0 16.0 12.0 0.0 0.0 0.0 20.0 0.0 0.0 0.0 0.0 0.0 12.0 12.0 0.0 0.0 48.0 0.0 0.0 8.0 24.0 0.0 0.0 0.0 40.0 0.0 0.0 0.0 48.0 0.0 0.0 0.0 32.0 0.0 0.0 0.0 24.0 0.0 0.0 0.0 20.0 0.0 0.0 0.0 4.0 0.0 0.0 8.0 0.0 4.0 16.0 0.0 0.0 0.0 48.0 8.0 0.0 0.0 0.0 0.0 0.0 0.0 0.0 0.0 4.0 0.0 0.0 0.0 16.0 0.0 0.0 0.0 48.0 4.0 0.0 0.0 12.0 0.0 0.0 0.0 0.0 0.0 44.0 0.0 8.0 16.0 0.0 0.0 0.0 8.0 8.0 0.0 0.0 4.0 8.0 0.0 0.0 20.0 0.0 0.0 0.0 8.0
31 1 CONSTANT 8.0
32 1 CONSTANT 8.0
33 1 CONSTANT 4.0
34 1 CONSTANT 0.0
35 1 CONSTANT 0.0
36 1 CONSTANT 8.0
37 1 CONSTANT 8.0
38 1 CONSTANT 8.0
39 1 TRACE 8.0 0.0 0.0 8.0 0.0 8.0 0.0 8.0 0.0 0.0 8.0 0.0 8.0 0.0 8.0 0.0 8.0 0.0 8.0 0.0 8.0 0.0 8.0 0.0 0.0 8.0 0.0 8.0 0.0 8.0 0.0 8.0 0.0 8.0 0.0 0.0 8.0 0.0 8.0 0.0 8.0 0.0 8.0 0.0 8.0 0.0 8.0 0.0 8.0 0.0 8.0 0.0 8.0 0.0 0.0 8.0 0.0 8.0 0.0 8.0 0.0 8.0 0.0 8.0 0.0 8.0 0.0 8.0 0.0 0.0 8.0 0.0 0.0 8.0 0.0 0.0 8.0 0.0 8.0 0.0 8.0 0.0 8.0 0.0 8.0 0.0 8.0 0.0 8.0 0.0 8.0 0.0 8.0 0.0 8.0 0.0 8.0 0.0 0.0 8.0 0.0 0.0 8.0 0.0 0.0 8.0 0.0 8.0 0.0 8.0 0.0 0.0 8.0 0.0 0.0 8.0 0.0 0.0 8.0 0.0 0.0 8.0 0.0 0.0 8.0 8.0 0.0 8.0 0.0 8.0 0.0 8.0 0.0 8.0 0.0 8.0 0.0 8.0 0.0 0.0 8.0 0.0 0.0 8.0 0.0 8.0 0.0 8.0 0.0 8.0 0.0 8.0 0.0 8.0 0.0 8.0 0.0 8.0 0.0 8.0 0.0 8.0 0.0 8.0 0.0 8.0 0.0 8.0 0.0 8.0 0.0 8.0 0.0 0.0 8.0 0.0 0.0 8.0 0.0 8.0 0.0 8.0 8.0 0.0 0.0 8.0 0.0 0.0 8.0 0.0 0.0 8.0 0.0 0.0 8.0 8.0 0.0 8.0 0.0 8.0 8.0 0.0 0.0 8.0 0.0 0.0 8.0 0.0 0.0 8.0 0.0 0.0 8.0 0.0 8.0 0.0 8.0 8.0 0.0 0.0 8.0 8.0 0.0 0.0 8.0 0.0 8.0 0.0 8.0 0.0 0.0
40 1 CONSTANT 8.0
41 1 CONSTANT 8.0
42 1 CONSTANT 8.0
43 1 CONSTANT 1264.0
44 1 CONSTANT 1256.0
45 1 CONSTANT 8.0
46 1 CONSTANT 1264.0
47 1 CONSTANT 4.0
48 1 TRACE 51904.0 22288.0 13344.0 9696.0 8144.0 5536.0 5280.0 4544.0 512.0 544.0 608.0 624.0 512.0 496.0 512.0 576.0 32.0 0.0 0.0 0.0 0.0 0.0 0.0 0.0 64240.0 23056.0 14016.0 9600.0 8192.0 6256.0 5872.0 4576.0 1888.0 1984.0 1504.0 1952.0 1632.0 1216.0 1296.0 1440.0 48.0 0.0 0.0 0.0 16.0 0.0 0.0 0.0 47920.0 20512.0 12416.0 8576.0 7952.0 6368.0 5552.0 4496.0 10480.0 8400.0 6256.0 5488.0 4960.0 3504.0 3696.0 3392.0 64.0 48.0 32.0 48.0 48.0 32.0 16.0 16.0 0.0 0.0 0.0 0.0 0.0 0.0 0.0 0.0 63760.0 22976.0 13712.0 9440.0 7920.0 5936.0 5648.0 4912.0 2000.0 1968.0 1552.0 2032.0 1552.0 1232.0 1264.0 1296.0 48.0 0.0 0.0 0.0 16.0 0.0 0.0 0.0 64864.0 22976.0 13984.0 10176.0 8416.0 6048.0 5792.0 4448.0 2736.0 2736.0 1968.0 2144.0 2048.0 1696.0 1728.0 1696.0 32.0 0.0 0.0 0.0 16.0 16.0 0.0 0.0 62960.0 22704.0 13760.0 9440.0 8208.0 6336.0 5488.0 5024.0 3344.0 3120.0 2720.0 2912.0 2560.0 1936.0 2144.0 1936.0 48.0 0.0 0.0 16.0 16.0 16.0 0.0 0.0 60736.0 22512.0 13712.0 10080.0 8336.0 5920.0 5536.0 4608.0 1200.0 1296.0 848.0 912.0 816.0 752.0 752.0 784.0 16.0 0.0 0.0 0.0 16.0 0.0 0.0 0.0 52304.0 20368.0 12512.0 8720.0 7600.0 6096.0 5120.0 4656.0 8016.0 6848.0 5088.0 4912.0 4528.0 3280.0 3328.0 3024.0 48.0 0.0 48.0 32.0 16.0 48.0 16.0 0.0 60096.0 20912.0 13136.0 9280.0 8096.0 6416.0 5568.0 4752.0 4864.0 4800.0 3648.0 3600.0 3376.0 2656.0 2752.0 2480.0 48.0 0.0 16.0 32.0 32.0 48.0 0.0 0.0 58320.0 21312.0 13040.0 9584.0 8208.0 6144.0 5776.0 4720.0 5200.0 4528.0 3584.0 3552.0 3264.0 2640.0 2624.0 2480.0 32.0 0.0 16.0 16.0 32.0 32.0 0.0 16.0 54720.0 20992.0 12208.0 8400.0 8064.0 5904.0 5536.0 4560.0 6576.0 5936.0 4576.0 4192.0 3632.0 2880.0 3008.0 3024.0 48.0 0.0 0.0 32.0 32.0 0.0 0.0 0.0 58144.0 22768.0 13808.0 9952.0 8112.0 5680.0 5472.0 4464.0 768.0 944.0 816.0 912.0 864.0 768.0 704.0 656.0 48.0 0.0 0.0 0.0 0.0 0.0 0.0 0.0 62352.0 22576.0 13648.0 9488.0 8080.0 5696.0 5312.0 4480.0 1312.0 1648.0 1056.0 1312.0 1280.0 1024.0 1008.0 960.0 48.0 0.0 0.0 0.0 16.0 0.0 0.0 0.0 59584.0 21456.0 12672.0 9136.0 8160.0 6176.0 5392.0 4816.0 4928.0 4736.0 3616.0 3872.0 3616.0 2784.0 2800.0 2560.0 48.0 32.0 0.0 0.0 16.0 32.0 16.0 0.0 37232.0 15808.0 9408.0 6464.0 5824.0 5264.0 4720.0 3776.0 15392.0 11088.0 7776.0 7072.0 6144.0 4112.0 4192.0 3904.0 48.0 64.0 16.0 48.0 64.0 112.0 32.0 32.0 0.0 0.0 0.0 0.0 0.0 0.0 0.0 0.0 64160.0 23328.0 13984.0 10016.0 8256.0 5840.0 5792.0 4224.0 2560.0 2416.0 1920.0 2224.0 2000.0 1696.0 1680.0 1680.0 32.0 0.0 0.0 0.0 16.0 0.0 16.0 0.0 51376.0 20352.0 11888.0 8448.0 7696.0 5840.0 5536.0 4544.0 8096.0 6848.0 5184.0 5088.0 4272.0 3312.0 3344.0 3056.0 48.0 32.0 32.0 64.0 16.0 64.0 32.0 16.0 62800.0 22416.0 13200.0 9632.0 8128.0 6240.0 5456.0 4512.0 3584.0 3088.0 2784.0 2688.0 2736.0 1856.0 2160.0 1936.0 48.0 0.0 0.0 0.0 0.0 0.0 16.0 16.0 32768.0 16784.0 9872.0 8016.0 7200.0 5744.0 4912.0 4384.0 20512.0 13744.0 9520.0 7472.0 6784.0 4656.0 4576.0 3920.0 160.0 96.0 112.0 96.0 128.0 160.0 64.0 80.0 0.0 0.0 0.0 0.0 0.0 0.0 0.0 0.0 38528.0 18144.0 10304.0 8512.0 7472.0 6144.0 5472.0 4640.0 15792.0 11712.0 8464.0 6576.0 6000.0 4144.0 4208.0 3776.0 64.0 80.0 48.0 64.0 96.0 128.0 64.0 64.0 16.0 0.0 0.0 0.0 0.0 0.0 0.0 0.0 26576.0 13632.0 7232.0 5696.0 5040.0 4384.0 3904.0 3440.0 23872.0 15056.0 10128.0 7936.0 6944.0 4784.0 5040.0 4144.0 96.0 80.0 112.0 112.0 128.0 160.0 48.0 128.0 16.0 0.0 0.0 0.0 0.0 0.0 0.0 0.0 55424.0 20992.0 12368.0 9040.0 7920.0 6192.0 5376.0 4704.0 6464.0 5904.0 4160.0 4352.0 3984.0 2896.0 3056.0 2768.0 48.0 32.0 32.0 16.0 16.0 48.0 16.0 0.0 63440.0 22672.0 13456.0 9840.0 8160.0 5776.0 5872.0 4976.0 2992.0 3072.0 2384.0 2512.0 2224.0 2048.0 1760.0 1696.0 48.0 0.0 16.0 16.0 16.0 16.0 0.0 0.0 62912.0 22096.0 13056.0 9680.0 7904.0 6016.0 5632.0 4512.0 3120.0 3376.0 2640.0 2544.0 2768.0 2096.0 1984.0 2048.0 48.0 32.0 16.0 16.0 16.0 16.0 0.0 0.0 64368.0 23008.0 14064.0 9840.0 8208.0 6208.0 5632.0 4560.0 1936.0 1968.0 1568.0 1840.0 1488.0 1280.0 1264.0 1424.0 48.0 0.0 0.0 0.0 16.0 0.0 0.0 0.0 56496.0 21008.0 13008.0 9392.0 7872.0 6160.0 5472.0 4880.0 5792.0 5408.0 4000.0 3760.0 3552.0 2736.0 2912.0 2576.0 48.0 32.0 0.0 16.0 32.0 32.0 32.0 0.0 29232.0 14656.0 8816.0 6592.0 5920.0 5264.0 4080.0 4208.0 22784.0 14784.0 10160.0 7920.0 7024.0 4608.0 4768.0 3968.0 160.0 64.0 144.0 64.0 96.0 160.0 80.0 96.0 0.0 0.0 0.0 0.0 0.0 0.0 0.0 0.0 44736.0 19152.0 11632.0 8448.0 8048.0 6240.0 5360.0 4944.0 12304.0 9104.0 6720.0 5920.0 5392.0 3888.0 4000.0 3456.0 48.0 16.0 64.0 64.0 48.0 96.0 48.0 16.0 0.0 0.0 0.0 0.0 0.0 0.0 0.0 0.0 55376.0 21456.0 12976.0 9072.0 7856.0 6304.0 5152.0 4496.0 6592.0 5872.0 4416.0 4272.0 3984.0 2976.0 3136.0 2784.0 32.0 32.0 32.0 16.0 32.0 64.0 16.0 0.0 58768.0 21216.0 12928.0 9792.0 8000.0 5824.0 5664.0 4672.0 4864.0 4448.0 3600.0 3584.0 3440.0 2624.0 2656.0 2384.0 48.0 16.0 0.0 32.0 16.0 0.0 0.0 0.0 45184.0 19264.0 11408.0 8000.0 8032.0 6192.0 5104.0 4848.0 11680.0 9168.0 6992.0 5984.0 5344.0 3856.0 3984.0 3360.0 48.0 32.0 48.0 48.0 48.0 64.0 48.0 32.0 0.0 0.0 0.0 0.0 0.0 0.0 0.0 0.0 36384.0 19264.0 11888.0 8848.0 7712.0 5456.0 5248.0 4528.0 176.0 240.0 224.0 288.0 208.0 272.0 208.0 224.0 16.0 0.0 0.0 0.0 0.0 0.0 0.0 0.0 59840.0 23168.0 13824.0 9952.0 8112.0 5680.0 5440.0 4528.0 944.0 896.0 848.0 896.0 864.0 736.0 752.0 704.0 32.0 0.0 0.0 0.0 16.0 0.0 0.0 0.0 44064.0 17392.0 10464.0 7712.0 6880.0 4832.0 4720.0 4288.0 10832.0 9056.0 6720.0 5952.0 5312.0 4032.0 3984.0 3632.0 80.0 32.0 64.0 64.0 48.0 64.0 16.0 16.0 0.0 0.0 0.0 0.0 0.0 0.0 0.0 0.0 45328.0 18016.0 11712.0 8704.0 8176.0 6064.0 5120.0 4848.0 11968.0 9792.0 7088.0 6016.0 5392.0 4096.0 3920.0 3360.0 64.0 48.0 64.0 64.0 80.0 48.0 16.0 48.0 0.0 0.0 0.0 0.0 0.0 0.0 0.0 0.0 55408.0 22768.0 13840.0 9872.0 8112.0 5712.0 5376.0 4512.0 608.0 720.0 656.0 736.0 720.0 528.0 608.0 592.0 48.0 0.0 0.0 0.0 0.0 0.0 0.0 0.0 53728.0 22272.0 13424.0 9920.0 8160.0 5584.0 5360.0 4416.0 544.0 640.0 544.0 592.0 480.0 496.0 464.0 448.0 48.0 0.0 0.0 0.0 16.0 0.0 0.0 0.0 63344.0 22448.0 13280.0 9536.0 8048.0 5920.0 5728.0 4544.0 3872.0 3520.0 2720.0 3040.0 2688.0 2128.0 2144.0 2000.0 48.0 16.0 0.0 16.0 32.0 16.0 0.0 0.0 32624.0 13392.0 8112.0 5664.0 4784.0 4320.0 3664.0 3568.0 16832.0 12448.0 8672.0 7280.0 6400.0 4528.0 4688.0 3984.0 80.0 32.0 48.0 64.0 80.0 96.0 48.0 32.0 0.0 0.0 0.0 0.0 0.0 0.0 0.0 0.0 62832.0 22864.0 13712.0 9504.0 8320.0 6032.0 5616.0 4656.0 1280.0 1392.0 1008.0 1296.0 1088.0 832.0 944.0 896.0 32.0 0.0 0.0 0.0 16.0 0.0 0.0 0.0 53056.0 21072.0 12176.0 9488.0 8128.0 6464.0 5728.0 5184.0 7584.0 6464.0 5040.0 4704.0 4032.0 3040.0 3312.0 2896.0 48.0 0.0 16.0 48.0 16.0 48.0 16.0 16.0 63872.0 22656.0 13600.0 9472.0 8192.0 6208.0 5744.0 4768.0 2704.0 2480.0 2048.0 2240.0 2128.0 1728.0 1712.0 1584.0 48.0 0.0 0.0 0.0 0.0 0.0 0.0 0.0 58128.0 21088.0 12720.0 8576.0 7952.0 6064.0 5312.0 4320.0 5232.0 4768.0 3744.0 3872.0 3168.0 2672.0 2592.0 2608.0 48.0 0.0 16.0 0.0 16.0 16.0 16.0 0.0 54176.0 20624.0 11872.0 8304.0 7808.0 6176.0 5264.0 4848.0 7200.0 5808.0 4720.0 4768.0 4032.0 3184.0 3152.0 2768.0 48.0 48.0 32.0 16.0 48.0 32.0 0.0 32.0 55808.0 20704.0 12208.0 9072.0 7872.0 6064.0 5632.0 4608.0 6512.0 5504.0 4448.0 4176.0 3760.0 3024.0 2896.0 2800.0 48.0 16.0 16.0 0.0 16.0 48.0 16.0 0.0 64464.0 22928.0 13312.0 9712.0 8224.0 6256.0 5584.0 4800.0 2480.0 2544.0 2144.0 2256.0 1984.0 1776.0 1664.0 1584.0 48.0 0.0 0.0 0.0 16.0 0.0 0.0 0.0 63424.0 23072.0 14112.0 9552.0 8176.0 6000.0 5680.0 4880.0 2944.0 2752.0 2304.0 2336.0 2208.0 1744.0 1968.0 1728.0 48.0 0.0 0.0 0.0 32.0 0.0 0.0 16.0 25920.0 14432.0 8352.0 6384.0 5984.0 4784.0 4096.0 3744.0 25424.0 15680.0 10448.0 8304.0 6912.0 4912.0 4880.0 4208.0 144.0 144.0 144.0 128.0 192.0 176.0 128.0 64.0 16.0 0.0 0.0 0.0 0.0 0.0 0.0 0.0 62320.0 23232.0 13792.0 9776.0 8496.0 5968.0 5632.0 4768.0 1072.0 1248.0 1008.0 1088.0 976.0 912.0 912.0 832.0 32.0 0.0 0.0 0.0 16.0 0.0 0.0 0.0 63728.0 22832.0 13760.0 9584.0 8384.0 5808.0 5472.0 4672.0 1248.0 1728.0 1168.0 1392.0 1280.0 1200.0 1088.0 1024.0 48.0 0.0 0.0 0.0 0.0 0.0 0.0 0.0 39648.0 18864.0 11984.0 8896.0 7696.0 5376.0 4928.0 4272.0 208.0 416.0 272.0 352.0 272.0 304.0 304.0 320.0 32.0 0.0 0.0 0.0 0.0 0.0 0.0 0.0 30016.0 14400.0 8896.0 6576.0 6032.0 5280.0 4704.0 4384.0 23248.0 14592.0 9792.0 7888.0 6848.0 4480.0 4864.0 4016.0 160.0 80.0 128.0 80.0 112.0 176.0 80.0 80.0 0.0 0.0 0.0 0.0 0.0 0.0 0.0 0.0 22784.0 12144.0 7200.0 5616.0 5280.0 4160.0 3424.0 2928.0 28176.0 16976.0 10992.0 8704.0 7344.0 4928.0 5008.0 4320.0 176.0 160.0 192.0 192.0 128.0 192.0 160.0 80.0 0.0 0.0 0.0 0.0 0.0 0.0 0.0 0.0 41312.0 18720.0 10112.0 7888.0 7456.0 5392.0 4864.0 4528.0 13248.0 10320.0 7440.0 6416.0 5744.0 3920.0 3920.0 3392.0 32.0 32.0 80.0 32.0 64.0 80.0 48.0 16.0 16.0 0.0 0.0 0.0 0.0 0.0 0.0 0.0 62272.0 23280.0 13872.0 10096.0 8160.0 5888.0 5376.0 4512.0 1120.0 1296.0 1120.0 1200.0 1152.0 960.0 1008.0 992.0 48.0 0.0 0.0 0.0 16.0 0.0 0.0 0.0 33920.0 18320.0 12032.0 8880.0 7712.0 5360.0 5072.0 4384.0 272.0 288.0 192.0 176.0 224.0 240.0 160.0 128.0 16.0 0.0 0.0 0.0 0.0 0.0 0.0 0.0 64784.0 22736.0 13616.0 9728.0 7808.0 6272.0 5824.0 4672.0 2144.0 2176.0 1632.0 2000.0 1840.0 1440.0 1408.0 1600.0 32.0 0.0 0.0 16.0 16.0 0.0 0.0 0.0 45040.0 19712.0 11104.0 8160.0 7136.0 5552.0 5216.0 4784.0 10864.0 8832.0 6816.0 5680.0 5360.0 3648.0 3920.0 3360.0 48.0 32.0 64.0 48.0 32.0 48.0 16.0 32.0 0.0 0.0 0.0 0.0 0.0 0.0 0.0 0.0 54432.0 20896.0 12176.0 9424.0 7824.0 6096.0 5760.0 4992.0 7440.0 6064.0 4832.0 4384.0 4176.0 2960.0 3200.0 2704.0 32.0 16.0 32.0 16.0 32.0 32.0 0.0 16.0 61424.0 22592.0 13168.0 9424.0 8016.0 5792.0 5344.0 4672.0 1248.0 1232.0 1024.0 1232.0 1104.0 912.0 880.0 736.0 48.0 0.0 0.0 0.0 16.0 0.0 0.0 0.0 52752.0 22016.0 13296.0 9856.0 8144.0 5616.0 5552.0 4624.0 560.0 640.0 576.0 576.0 496.0 448.0 416.0 432.0 32.0 0.0 0.0 0.0 16.0 0.0 0.0 0.0 52192.0 21648.0 12752.0 9456.0 7792.0 5488.0 5216.0 4640.0 512.0 672.0 528.0 720.0 608.0 560.0 496.0 432.0 32.0 0.0 0.0 0.0 0.0 0.0 0.0 0.0 63568.0 22816.0 14032.0 9840.0 7664.0 6064.0 5840.0 4848.0 2976.0 2640.0 2192.0 2416.0 2480.0 1824.0 1840.0 1680.0 48.0 0.0 0.0 0.0 0.0 16.0 0.0 0.0 61840.0 22976.0 13728.0 9856.0 8160.0 5984.0 5664.0 4496.0 1088.0 1232.0 960.0 1120.0 976.0 800.0 688.0 896.0 32.0 0.0 0.0 0.0 16.0 0.0 0.0 0.0
49 1 TRACE 1272.0 1272.0 1272.0 1272.0 1272.0 1272.0 1272.0 8.0 1272.0 1272.0 1272.0 1272.0 1272.0 1272.0 1272.0 8.0 1272.0 1272.0 1272.0 1272.0 1272.0 1272.0 1272.0 8.0 1272.0 1272.0 1272.0 1272.0 1272.0 1272.0 1272.0 8.0 1272.0 1272.0 1272.0 1272.0 1272.0 1272.0 1272.0 8.0 1272.0 1272.0 1272.0 1272.0 1272.0 1272.0 1272.0 8.0 1272.0 1272.0 1272.0 1272.0 1272.0 1272.0 1272.0 8.0 1272.0 1272.0 1272.0 1272.0 1272.0 1272.0 1272.0 8.0 1272.0 1272.0 1272.0 1272.0 1272.0 1272.0 1272.0 8.0 1272.0 1272.0 1272.0 1272.0 1272.0 1272.0 1272.0 8.0 1272.0 1272.0 1272.0 1272.0 1272.0 1272.0 1272.0 8.0 1272.0 1272.0 1272.0 1272.0 1272.0 1272.0 1272.0 8.0 1272.0 1272.0 1272.0 1272.0 1272.0 1272.0 1272.0 8.0 1272.0 1272.0 1272.0 1272.0 1272.0 1272.0 1272.0 8.0 1272.0 1272.0 1272.0 1272.0 1272.0 1272.0 1272.0 8.0 1272.0 1272.0 1272.0 1272.0 1272.0 1272.0 1272.0 8.0 1272.0 1272.0 1272.0 1272.0 1272.0 1272.0 1272.0 8.0 1272.0 1272.0 1272.0 1272.0 1272.0 1272.0 1272.0 8.0 1272.0 1272.0 1272.0 1272.0 1272.0 1272.0 1272.0 8.0 1272.0 1272.0 1272.0 1272.0 1272.0 1272.0 1272.0 8.0 1272.0 1272.0 1272.0 1272.0 1272.0 1272.0 1272.0 8.0 1272.0 1272.0 1272.0 1272.0 1272.0 1272.0 1272.0 8.0 1272.0 1272.0 1272.0 1272.0 1272.0 1272.0 1272.0 8.0 1272.0 1272.0 1272.0 1272.0 1272.0 1272.0 1272.0 8.0 1272.0 1272.0 1272.0 1272.0 1272.0 1272.0 1272.0 8.0 1272.0 1272.0 1272.0 1272.0 1272.0 1272.0 1272.0 8.0 1272.0 1272.0 1272.0 1272.0 1272.0 1272.0 1272.0 8.0 1272.0 1272.0 1272.0 1272.0 1272.0 1272.0 1272.0 8.0 1272.0 1272.0 1272.0 1272.0 1272.0 1272.0 1272.0 8.0 1272.0 1272.0 1272.0 1272.0 1272.0 1272.0 1272.0 8.0 1272.0 1272.0 1272.0 1272.0 1272.0 1272.0 1272.0 8.0 1272.0 1272.0 1272.0 1272.0 1272.0 1272.0 1272.0 8.0 1272.0 1272.0 1272.0 1272.0 1272.0 1272.0 1272.0 8.0 1272.0 1272.0 1272.0 1272.0 1272.0 1272.0 1272.0 8.0 1272.0 1272.0 1272.0 1272.0 1272.0 1272.0 1272.0 8.0 1272.0 1272.0 1272.0 1272.0 1272.0 1272.0 1272.0 8.0 1272.0 1272.0 1272.0 1272.0 1272.0 1272.0 1272.0 8.0 1272.0 1272.0 1272.0 1272.0 1272.0 1272.0 1272.0 8.0 1272.0 1272.0 1272.0 1272.0 1272.0 1272.0 1272.0 8.0 1272.0 1272.0 1272.0 1272.0 1272.0 1272.0 1272.0 8.0 1272.0 1272.0 1272.0 1272.0 1272.0 1272.0 1272.0 8.0 1272.0 1272.0 1272.0 1272.0 1272.0 1272.0 1272.0 8.0 1272.0 1272.0 1272.0 1272.0 1272.0 1272.0 1272.0 8.0 1272.0 1272.0 1272.0 1272.0 1272.0 1272.0 1272.0 8.0 1272.0 1272.0 1272.0 1272.0 1272.0 1272.0 1272.0 8.0 1272.0 1272.0 1272.0 1272.0 1272.0 1272.0 1272.0 8.0 1272.0 1272.0 1272.0 1272.0 1272.0 1272.0 1272.0 8.0 1272.0 1272.0 1272.0 1272.0 1272.0 1272.0 1272.0 8.0 1272.0 1272.0 1272.0 1272.0 1272.0 1272.0 1272.0 8.0 1272.0 1272.0 1272.0 1272.0 1272.0 1272.0 1272.0 8.0 1272.0 1272.0 1272.0 1272.0 1272.0 1272.0 1272.0 8.0 1272.0 1272.0 1272.0 1272.0 1272.0 1272.0 1272.0 8.0 1272.0 1272.0 1272.0 1272.0 1272.0 1272.0 1272.0 8.0 1272.0 1272.0 1272.0 1272.0 1272.0 1272.0 1272.0 8.0 1272.0 1272.0 1272.0 1272.0 1272.0 1272.0 1272.0 8.0 1272.0 1272.0 1272.0 1272.0 1272.0 1272.0 1272.0 8.0 1272.0 1272.0 1272.0 1272.0 1272.0 1272.0 1272.0 8.0 1272.0 1272.0 1272.0 1272.0 1272.0 1272.0 1272.0 8.0 1272.0 1272.0 1272.0 1272.0 1272.0 1272.0 1272.0 8.0 1272.0 1272.0 1272.0 1272.0 1272.0 1272.0 1272.0 8.0 1272.0 1272.0 1272.0 1272.0 1272.0 1272.0 1272.0 8.0 1272.0 1272.0 1272.0 1272.0 1272.0 1272.0 1272.0 8.0 1272.0 1272.0 1272.0 1272.0 1272.0 1272.0 1272.0 8.0 1272.0 1272.0 1272.0 1272.0 1272.0 1272.0 1272.0 8.0 1272.0 1272.0 1272.0 1272.0 1272.0 1272.0 1272.0 8.0 1272.0 1272.0 1272.0 1272.0 1272.0 1272.0 1272.0 8.0 1272.0 1272.0 1272.0 1272.0 1272.0 1272.0 1272.0 8.0 1272.0 1272.0 1272.0 1272.0 1272.0 1272.0 1272.0 8.0 1272.0 1272.0 1272.0 1272.0 1272.0 1272.0 1272.0 8.0 1272.0 1272.0 1272.0 1272.0 1272.0 1272.0 1272.0 8.0 1272.0 1272.0 1272.0 1272.0 1272.0 1272.0 1272.0 8.0 1272.0 1272.0 1272.0 1272.0 1272.0 1272.0 1272.0 8.0 1272.0 1272.0 1272.0 1272.0 1272.0 1272.0 1272.0 8.0 1272.0 1272.0 1272.0 1272.0 1272.0 1272.0 1272.0 8.0 1272.0 1272.0 1272.0 1272.0 1272.0 1272.0 1272.0 8.0 1272.0 1272.0 1272.0 1272.0 1272.0 1272.0 1272.0 8.0 1272.0 1272.0 1272.0 1272.0 1272.0 1272.0 1272.0 8.0 1272.0 1272.0 1272.0 1272.0 1272.0 1272.0 1272.0 8.0 1272.0 1272.0 1272.0 1272.0 1272.0 1272.0 1272.0 8.0 1272.0 1272.0 1272.0 1272.0 1272.0 1272.0 1272.0 8.0 1272.0 1272.0 1272.0 1272.0 1272.0 1272.0 1272.0 8.0 1272.0 1272.0 1272.0 1272.0 1272.0 1272.0 1272.0 8.0 1272.0 1272.0 1272.0 1272.0 1272.0 1272.0 1272.0 8.0 1272.0 1272.0 1272.0 1272.0 1272.0 1272.0 1272.0 8.0 1272.0 1272.0 1272.0 1272.0 1272.0 1272.0 1272.0 8.0 1272.0 1272.0 1272.0 1272.0 1272.0 1272.0 1272.0 8.0 1272.0 1272.0 1272.0 1272.0 1272.0 1272.0 1272.0 8.0 1272.0 1272.0 1272.0 1272.0 1272.0 1272.0 1272.0 8.0 1272.0 1272.0 1272.0 1272.0 1272.0 1272.0 1272.0 8.0 1272.0 1272.0 1272.0 1272.0 1272.0 1272.0 1272.0 8.0 1272.0 1272.0 1272.0 1272.0 1272.0 1272.0 1272.0 8.0 1272.0 1272.0 1272.0 1272.0 1272.0 1272.0 1272.0 8.0 1272.0 1272.0 1272.0 1272.0 1272.0 1272.0 1272.0 8.0 1272.0 1272.0 1272.0 1272.0 1272.0 1272.0 1272.0 8.0 1272.0 1272.0 1272.0 1272.0 1272.0 1272.0 1272.0 8.0 1272.0 1272.0 1272.0 1272.0 1272.0 1272.0 1272.0 8.0 1272.0 1272.0 1272.0 1272.0 1272.0 1272.0 1272.0 8.0 1272.0 1272.0 1272.0 1272.0 1272.0 1272.0 1272.0 8.0 1272.0 1272.0 1272.0 1272.0 1272.0 1272.0 1272.0 8.0 1272.0 1272.0 1272.0 1272.0 1272.0 1272.0 1272.0 8.0 1272.0 1272.0 1272.0 1272.0 1272.0 1272.0 1272.0 8.0 1272.0 1272.0 1272.0 1272.0 1272.0 1272.0 1272.0 8.0 1272.0 1272.0 1272.0 1272.0 1272.0 1272.0 1272.0 8.0 1272.0 1272.0 1272.0 1272.0 1272.0 1272.0 1272.0 8.0 1272.0 1272.0 1272.0 1272.0 1272.0 1272.0 1272.0 8.0 1272.0 1272.0 1272.0 1272.0 1272.0 1272.0 1272.0 8.0 1272.0 1272.0 1272.0 1272.0 1272.0 1272.0 1272.0 8.0 1272.0 1272.0 1272.0 1272.0 1272.0 1272.0 1272.0 8.0 1272.0 1272.0 1272.0 1272.0 1272.0 1272.0 1272.0 8.0 1272.0 1272.0 1272.0 1272.0 1272.0 1272.0 1272.0 8.0 1272.0 1272.0 1272.0 1272.0 1272.0 1272.0 1272.0 8.0 1272.0 1272.0 1272.0 1272.0 1272.0 1272.0 1272.0 8.0 1272.0 1272.0 1272.0 1272.0 1272.0 1272.0 1272.0 8.0 1272.0 1272.0 1272.0 1272.0 1272.0 1272.0 1272.0 8.0 1272.0 1272.0 1272.0 1272.0 1272.0 1272.0 1272.0 8.0 1272.0 1272.0 1272.0 1272.0 1272.0 1272.0 1272.0 8.0 1272.0 1272.0 1272.0 1272.0 1272.0 1272.0 1272.0 8.0 1272.0 1272.0 1272.0 1272.0 1272.0 1272.0 1272.0 8.0 1272.0 1272.0 1272.0 1272.0 1272.0 1272.0 1272.0 8.0 1272.0 1272.0 1272.0 1272.0 1272.0 1272.0 1272.0 8.0 1272.0 1272.0 1272.0 1272.0 1272.0 1272.0 1272.0 8.0 1272.0 1272.0 1272.0 1272.0 1272.0 1272.0 1272.0 8.0 1272.0 1272.0 1272.0 1272.0 1272.0 1272.0 1272.0 8.0 1272.0 1272.0 1272.0 1272.0 1272.0 1272.0 1272.0 8.0 1272.0 1272.0 1272.0 1272.0 1272.0 1272.0 1272.0 8.0 1272.0 1272.0 1272.0 1272.0 1272.0 1272.0 1272.0 8.0 1272.0 1272.0 1272.0 1272.0 1272.0 1272.0 1272.0 8.0 1272.0 1272.0 1272.0 1272.0 1272.0 1272.0 1272.0 8.0 1272.0 1272.0 1272.0 1272.0 1272.0 1272.0 1272.0 8.0 1272.0 1272.0 1272.0 1272.0 1272.0 1272.0 1272.0 8.0 1272.0 1272.0 1272.0 1272.0 1272.0 1272.0 1272.0 8.0 1272.0 1272.0 1272.0 1272.0 1272.0 1272.0 1272.0 8.0 1272.0 1272.0 1272.0 1272.0 1272.0 1272.0 1272.0 8.0 1272.0 1272.0 1272.0 1272.0 1272.0 1272.0 1272.0 8.0 1272.0 1272.0 1272.0 1272.0 1272.0 1272.0 1272.0 8.0 1272.0 1272.0 1272.0 1272.0 1272.0 1272.0 1272.0 8.0 1272.0 1272.0 1272.0 1272.0 1272.0 1272.0 1272.0 8.0 1272.0 1272.0 1272.0 1272.0 1272.0 1272.0 1272.0 8.0 1272.0 1272.0 1272.0 1272.0 1272.0 1272.0 1272.0 8.0 1272.0 1272.0 1272.0 1272.0 1272.0 1272.0 1272.0 8.0 1272.0 1272.0 1272.0 1272.0 1272.0 1272.0 1272.0 8.0 1272.0 1272.0 1272.0 1272.0 1272.0 1272.0 1272.0 8.0 1272.0 1272.0 1272.0 1272.0 1272.0 1272.0 1272.0 8.0 1272.0 1272.0 1272.0 1272.0 1272.0 1272.0 1272.0 8.0 1272.0 1272.0 1272.0 1272.0 1272.0 1272.0 1272.0 8.0 1272.0 1272.0 1272.0 1272.0 1272.0 1272.0 1272.0 8.0 1272.0 1272.0 1272.0 1272.0 1272.0 1272.0 1272.0 8.0 1272.0 1272.0 1272.0 1272.0 1272.0 1272.0 1272.0 8.0 1272.0 1272.0 1272.0 1272.0 1272.0 1272.0 1272.0 8.0 1272.0 1272.0 1272.0 1272.0 1272.0 1272.0 1272.0 8.0 1272.0 1272.0 1272.0 1272.0 1272.0 1272.0 1272.0 8.0 1272.0 1272.0 1272.0 1272.0 1272.0 1272.0 1272.0 8.0 1272.0 1272.0 1272.0 1272.0 1272.0 1272.0 1272.0 8.0 1272.0 1272.0 1272.0 1272.0 1272.0 1272.0 1272.0 8.0 1272.0 1272.0 1272.0 1272.0 1272.0 1272.0 1272.0 8.0 1272.0 1272.0 1272.0 1272.0 1272.0 1272.0 1272.0 8.0 1272.0 1272.0 1272.0 1272.0 1272.0 1272.0 1272.0 8.0 1272.0 1272.0 1272.0 1272.0 1272.0 1272.0 1272.0 8.0 1272.0 1272.0 1272.0 1272.0 1272.0 1272.0 1272.0 8.0 1272.0 1272.0 1272.0 1272.0 1272.0 1272.0 1272.0 8.0 1272.0 1272.0 1272.0 1272.0 1272.0 1272.0 1272.0 8.0 1272.0 1272.0 1272.0 1272.0 1272.0 1272.0 1272.0 8.0 1272.0 1272.0 1272.0 1272.0 1272.0 1272.0 1272.0 8.0 1272.0 1272.0 1272.0 1272.0 1272.0 1272.0 1272.0 8.0 1272.0 1272.0 1272.0 1272.0 1272.0 1272.0 1272.0 8.0 1272.0 1272.0 1272.0 1272.0 1272.0 1272.0 1272.0 8.0 1272.0 1272.0 1272.0 1272.0 1272.0 1272.0 1272.0 8.0 1272.0 1272.0 1272.0 1272.0 1272.0 1272.0 1272.0 8.0 1272.0 1272.0 1272.0 1272.0 1272.0 1272.0 1272.0 8.0 1272.0 1272.0 1272.0 1272.0 1272.0 1272.0 1272.0 8.0 1272.0 1272.0 1272.0 1272.0 1272.0 1272.0 1272.0 8.0 1272.0 1272.0 1272.0 1272.0 1272.0 1272.0 1272.0 8.0 1272.0 1272.0 1272.0 1272.0 1272.0 1272.0 1272.0 8.0 1272.0 1272.0 1272.0 1272.0 1272.0 1272.0 1272.0 8.0 1272.0 1272.0 1272.0 1272.0 1272.0 1272.0 1272.0 8.0 1272.0 1272.0 1272.0 1272.0 1272.0 1272.0 1272.0 8.0 1272.0 1272.0 1272.0 1272.0 1272.0 1272.0 1272.0 8.0 1272.0 1272.0 1272.0 1272.0 1272.0 1272.0 1272.0 8.0 1272.0 1272.0 1272.0 1272.0 1272.0 1272.0 1272.0 8.0 1272.0 1272.0 1272.0 1272.0 1272.0 1272.0 1272.0 8.0 1272.0 1272.0 1272.0 1272.0 1272.0 1272.0 1272.0 8.0 1272.0 1272.0 1272.0 1272.0 1272.0 1272.0 1272.0 8.0 1272.0 1272.0 1272.0 1272.0 1272.0 1272.0 1272.0 8.0 1272.0 1272.0 1272.0 1272.0 1272.0 1272.0 1272.0 8.0 1272.0 1272.0 1272.0 1272.0 1272.0 1272.0 1272.0 8.0 1272.0 1272.0 1272.0 1272.0 1272.0 1272.0 1272.0 8.0 1272.0 1272.0 1272.0 1272.0 1272.0 1272.0 1272.0 8.0 1272.0 1272.0 1272.0 1272.0 1272.0 1272.0 1272.0 8.0 1272.0 1272.0 1272.0 1272.0 1272.0 1272.0 1272.0 8.0 1272.0 1272.0 1272.0 1272.0 1272.0 1272.0 1272.0 8.0 1272.0 1272.0 1272.0 1272.0 1272.0 1272.0 1272.0 8.0 1272.0 1272.0 1272.0 1272.0 1272.0 1272.0 1272.0 8.0 1272.0 1272.0 1272.0 1272.0 1272.0 1272.0 1272.0 8.0 1272.0 1272.0 1272.0 1272.0 1272.0 1272.0 1272.0 8.0 1272.0 1272.0 1272.0 1272.0 1272.0 1272.0 1272.0 8.0 1272.0 1272.0 1272.0 1272.0 1272.0 1272.0 1272.0 8.0 1272.0 1272.0 1272.0 1272.0 1272.0 1272.0 1272.0 8.0 1272.0 1272.0 1272.0 1272.0 1272.0 1272.0 1272.0 8.0 1272.0 1272.0 1272.0 1272.0 1272.0 1272.0 1272.0 8.0 1272.0 1272.0 1272.0 1272.0 1272.0 1272.0 1272.0 8.0 1272.0 1272.0 1272.0 1272.0 1272.0 1272.0 1272.0 8.0 1272.0 1272.0 1272.0 1272.0 1272.0 1272.0 1272.0 8.0 1272.0 1272.0 1272.0 1272.0 1272.0 1272.0 1272.0 8.0 1272.0 1272.0 1272.0 1272.0 1272.0 1272.0 1272.0 8.0 1272.0 1272.0 1272.0 1272.0 1272.0 1272.0 1272.0 8.0 1272.0 1272.0 1272.0 1272.0 1272.0 1272.0 1272.0 8.0 1272.0 1272.0 1272.0 1272.0 1272.0 1272.0 1272.0 8.0 1272.0 1272.0 1272.0 1272.0 1272.0 1272.0 1272.0 8.0
50 1 CONSTANT 8.0
51 1 CONSTANT 8.0
52 1 CONSTANT 8.0
53 1 CONSTANT 8.0
54 1 CONSTANT 0.0
55 1 CONSTANT 0.0
56 1 CONSTANT 0.0
57 1 CONSTANT 0.0
58 1 CONSTANT 0.0
59 1 CONSTANT 0.0
60 1 CONSTANT 0.0
61 1 CONSTANT 0.0
62 1 CONSTANT 8.0
