0 1 1 TRACE 1672855925192055.0
1 2 1 TRACE 10881.0 20.0 18.0 19.0 19.0 18.0 30.0 19.0 20.0 18.0 18.0 19.0 19.0 19.0 19.0 23.0 19.0 19.0 19.0 20.0 19.0 20.0 18.0 18.0 19.0 19.0 18.0 18.0 19.0 19.0 31.0 21.0 20.0 18.0 18.0 18.0 18.0 19.0 19.0 32.0 18.0 20.0 20.0 21.0 19.0 22.0 19.0 19.0 20.0 20.0 19.0 20.0 52.0 20.0 19.0 20.0 20.0 19.0 19.0 18.0 19.0 19.0 18.0 18.0
2 3 1 TRACE 378.0 28.0 32.0 88.0 35.0 40.0 27.0 32.0 29.0 54.0 28.0 49.0 91.0 28.0 50.0 28.0 36.0 30.0 28.0 28.0 28.0 43.0 38.0 69.0 27.0 39.0 56.0 28.0 51.0 32.0 28.0 28.0 28.0 59.0 57.0 59.0 50.0 53.0 29.0 37.0 77.0 50.0 29.0 44.0 42.0 49.0 50.0 43.0 53.0 28.0 90.0 96.0 115.0 55.0 76.0 545.0 38.0 34.0 44.0 32.0 63.0 84.0 32.0 72.0
3 4 1 TRACE 42.0 23.0 36.0 24.0 24.0 24.0 51.0 25.0 25.0 58.0 30.0 29.0 27.0 24.0 23.0 25.0 24.0 24.0 56.0 23.0 22.0 26.0 33.0 59.0 57.0 27.0 24.0 57.0 23.0 24.0 23.0 54.0 27.0 116.0 46.0 48.0 34.0 27.0 24.0 57.0 87.0 241.0 23.0 24.0 218.0 37.0 58.0 24.0 58.0 61.0 32.0 58.0 106.0 43.0 56.0 310.0 23.0 25.0 57.0 33.0 54.0 48.0 28.0 23.0
4 5 1 TRACE 21.0 16.0 15.0 18.0 16.0 16.0 15.0 16.0 15.0 20.0 15.0 15.0 17.0 16.0 15.0 15.0 16.0 15.0 16.0 16.0 15.0 16.0 16.0 16.0 16.0 16.0 16.0 16.0 16.0 17.0 16.0 16.0 16.0 16.0 15.0 16.0 15.0 16.0 16.0 16.0 27.0 27.0 15.0 15.0 15.0 16.0 16.0 15.0 16.0 23.0 55.0 16.0 15.0 16.0 15.0 24.0 15.0 15.0 16.0 16.0 17.0 16.0 22.0 15.0
5 6 1 TRACE 40.0 172.0 15.0 26.0 16.0 18.0 54.0 19.0 18.0 28.0 17.0 43.0 61.0 25.0 15.0 47.0 13.0 13.0 16.0 16.0 17.0 16.0 52.0 57.0 18.0 18.0 18.0 18.0 18.0 18.0 16.0 15.0 20.0 108.0 17.0 14.0 24.0 15.0 12.0 33.0 57.0 11.0 49.0 17.0 321.0 14.0 13.0 13.0 15.0 14.0 23.0 59.0 26.0 13.0 20.0 44.0 19.0 65.0 17.0 12.0 51.0 19.0 13.0 11.0
6 7 1 TRACE 21.0 10.0 116.0 124.0 14.0 13.0 13.0 10.0 14.0 19.0 13.0 10.0 12.0 9.0 14.0 15.0 14.0 14.0 13.0 14.0 14.0 13.0 16.0 19.0 18.0 15.0 14.0 14.0 15.0 13.0 14.0 13.0 16.0 43.0 19.0 16.0 13.0 11.0 13.0 13.0 20.0 11.0 16.0 14.0 68.0 13.0 13.0 12.0 20.0 12.0 20.0 7.0 12.0 13.0 32.0 14.0 16.0 10.0 14.0 14.0 8.0 11.0 15.0 12.0
7 8 1 TRACE 20.0 8.0 12.0 24.0 15.0 14.0 7.0 9.0 14.0 7.0 14.0 10.0 40.0 9.0 14.0 20.0 16.0 14.0 14.0 13.0 14.0 14.0 9.0 15.0 12.0 15.0 15.0 15.0 15.0 15.0 14.0 24.0 16.0 14.0 8.0 9.0 14.0 9.0 14.0 20.0 15.0 16.0 15.0 16.0 17.0 14.0 20.0 14.0 19.0 19.0 8.0 8.0 12.0 14.0 15.0 14.0 25.0 8.0 19.0 9.0 8.0 24.0 54.0 12.0
8 9 1 TRACE 19.0 8.0 11.0 12.0 12.0 14.0 8.0 10.0 15.0 45.0 14.0 19.0 19.0 10.0 20.0 7.0 13.0 15.0 21.0 44.0 14.0 20.0 7.0 12.0 23.0 20.0 12.0 15.0 12.0 20.0 14.0 7.0 16.0 11.0 7.0 8.0 19.0 8.0 13.0 10.0 12.0 15.0 21.0 20.0 14.0 9.0 9.0 13.0 8.0 8.0 8.0 17.0 12.0 12.0 13.0 15.0 8.0 10.0 8.0 9.0 7.0 8.0 60.0 9.0
9 10 1 TRACE 74.0 404.0 70.0 36.0 31.0 53.0 29.0 38.0 28.0 33.0 31.0 30.0 65.0 38.0 38.0 60.0 82.0 76.0 50.0 39.0 27.0 71.0 58.0 49.0 49.0 39.0 28.0 27.0 29.0 38.0 46.0 29.0 38.0 36.0 28.0 89.0 46.0 159.0 51.0 68.0 76.0 108.0 51.0 108.0 272.0 32.0 72.0 61.0 88.0 74.0 48.0 47.0 105.0 29.0 32.0 66.0 28.0 85.0 65.0 80.0 58.0 40.0 41.0 48.0
10 11 1 TRACE 22.0 28.0 19.0 23.0 17.0 18.0 51.0 18.0 17.0 58.0 17.0 18.0 18.0 18.0 19.0 18.0 18.0 18.0 18.0 25.0 16.0 18.0 17.0 37.0 24.0 17.0 17.0 17.0 17.0 24.0 17.0 17.0 17.0 35.0 17.0 17.0 17.0 17.0 18.0 17.0 17.0 17.0 17.0 17.0 17.0 17.0 50.0 21.0 22.0 18.0 18.0 17.0 18.0 17.0 50.0 17.0 16.0 50.0 18.0 17.0 18.0 17.0 17.0 21.0
11 12 1 TRACE 25.0 19.0 18.0 19.0 20.0 18.0 19.0 19.0 18.0 19.0 22.0 19.0 19.0 19.0 22.0 18.0 21.0 54.0 19.0 44.0 19.0 18.0 20.0 36.0 41.0 19.0 19.0 18.0 20.0 18.0 19.0 21.0 19.0 19.0 24.0 19.0 54.0 50.0 19.0 54.0 18.0 18.0 21.0 26.0 136.0 30.0 19.0 45.0 182.0 19.0 20.0 27.0 31.0 32.0 36.0 39.0 26.0 19.0 20.0 225.0 19.0 40.0 18.0 19.0
12 13 1 TRACE 27.0 22.0 18.0 27.0 19.0 55.0 46.0 20.0 21.0 19.0 19.0 21.0 19.0 19.0 21.0 18.0 32.0 24.0 18.0 20.0 19.0 59.0 19.0 59.0 18.0 19.0 51.0 18.0 20.0 28.0 20.0 20.0 21.0 19.0 32.0 102.0 18.0 28.0 20.0 20.0 19.0 122.0 20.0 18.0 18.0 41.0 18.0 25.0 29.0 18.0 25.0 28.0 61.0 18.0 20.0 19.0 18.0 29.0 21.0 36.0 47.0 18.0 37.0 33.0
13 14 1 TRACE 19.0 9.0 9.0 9.0 9.0 9.0 9.0 9.0 9.0 9.0 8.0 8.0 9.0 9.0 9.0 8.0 8.0 9.0 9.0 9.0 9.0 8.0 9.0 9.0 9.0 8.0 9.0 9.0 8.0 8.0 9.0 9.0 9.0 9.0 9.0 9.0 9.0 8.0 9.0 9.0 8.0 9.0 9.0 9.0 8.0 9.0 8.0 9.0 9.0 9.0 9.0 8.0 9.0 8.0 10.0 9.0 9.0 8.0 8.0 9.0 9.0 8.0 9.0 8.0
14 15 1 TRACE 24.0 16.0 16.0 29.0 15.0 16.0 16.0 16.0 16.0 16.0 16.0 24.0 15.0 18.0 55.0 16.0 83.0 16.0 16.0 16.0 16.0 16.0 16.0 15.0 15.0 16.0 16.0 16.0 16.0 16.0 16.0 16.0 16.0 17.0 15.0 30.0 25.0 36.0 16.0 16.0 56.0 15.0 16.0 20.0 17.0 21.0 17.0 28.0 64.0 16.0 21.0 24.0 35.0 16.0 61.0 18.0 16.0 16.0 16.0 37.0 16.0 19.0 16.0 15.0
15 16 1 TRACE 13.0 8.0 8.0 8.0 8.0 8.0 8.0 8.0 8.0 8.0 8.0 8.0 8.0 20.0 8.0 8.0 9.0 9.0 9.0 8.0 8.0 8.0 8.0 8.0 8.0 9.0 8.0 9.0 9.0 8.0 8.0 8.0 8.0 9.0 9.0 8.0 7.0 8.0 8.0 8.0 8.0 8.0 8.0 8.0 8.0 9.0 9.0 8.0 8.0 9.0 8.0 8.0 9.0 8.0 20.0 9.0 8.0 8.0 8.0 8.0 8.0 8.0 8.0 8.0
16 17 1 TRACE 42.0 34.0 36.0 286.0 32.0 36.0 30.0 29.0 69.0 33.0 32.0 36.0 65.0 37.0 130.0 63.0 40.0 72.0 46.0 85.0 30.0 44.0 29.0 71.0 41.0 48.0 30.0 30.0 51.0 38.0 31.0 30.0 41.0 31.0 32.0 63.0 97.0 29.0 72.0 41.0 81.0 58.0 31.0 57.0 68.0 28.0 87.0 70.0 90.0 59.0 73.0 63.0 28.0 39.0 39.0 31.0 32.0 32.0 39.0 51.0 72.0 53.0 89.0 32.0
17 18 1 TRACE 22.0 17.0 18.0 23.0 17.0 17.0 53.0 16.0 18.0 17.0 17.0 17.0 18.0 18.0 17.0 18.0 17.0 27.0 17.0 17.0 17.0 17.0 17.0 17.0 17.0 20.0 17.0 18.0 18.0 16.0 27.0 17.0 18.0 17.0 18.0 16.0 17.0 37.0 18.0 18.0 16.0 17.0 24.0 26.0 17.0 17.0 18.0 17.0 17.0 17.0 16.0 18.0 18.0 17.0 18.0 17.0 16.0 17.0 19.0 17.0 18.0 16.0 18.0 17.0
18 19 1 TRACE 39.0 18.0 19.0 19.0 18.0 18.0 18.0 18.0 48.0 18.0 18.0 19.0 18.0 18.0 18.0 18.0 19.0 18.0 18.0 19.0 18.0 29.0 18.0 30.0 19.0 19.0 19.0 20.0 20.0 18.0 17.0 18.0 22.0 51.0 17.0 35.0 55.0 18.0 51.0 19.0 18.0 18.0 18.0 17.0 28.0 18.0 30.0 61.0 51.0 25.0 22.0 21.0 46.0 19.0 33.0 87.0 20.0 19.0 21.0 26.0 53.0 35.0 27.0 19.0
19 20 1 TRACE 24.0 32.0 22.0 80.0 24.0 19.0 21.0 20.0 55.0 27.0 21.0 18.0 19.0 21.0 19.0 47.0 19.0 19.0 21.0 28.0 20.0 42.0 19.0 18.0 21.0 20.0 34.0 19.0 18.0 20.0 20.0 52.0 19.0 18.0 51.0 28.0 21.0 41.0 19.0 21.0 18.0 21.0 19.0 20.0 59.0 19.0 18.0 21.0 25.0 19.0 21.0 29.0 20.0 21.0 50.0 25.0 20.0 20.0 20.0 24.0 22.0 24.0 24.0 20.0
20 21 1 TRACE 20.0 15.0 16.0 16.0 17.0 15.0 16.0 15.0 16.0 15.0 16.0 15.0 34.0 15.0 15.0 15.0 16.0 15.0 16.0 16.0 15.0 16.0 15.0 15.0 15.0 15.0 16.0 16.0 15.0 16.0 16.0 16.0 15.0 16.0 16.0 15.0 15.0 16.0 16.0 15.0 16.0 15.0 15.0 15.0 16.0 15.0 16.0 15.0 15.0 15.0 15.0 15.0 16.0 15.0 16.0 15.0 15.0 16.0 15.0 16.0 15.0 15.0 16.0 15.0
21 22 1 TRACE 28.0 13.0 13.0 13.0 13.0 13.0 13.0 12.0 13.0 13.0 13.0 12.0 14.0 13.0 12.0 13.0 14.0 12.0 13.0 13.0 13.0 13.0 12.0 12.0 13.0 20.0 13.0 13.0 13.0 12.0 12.0 12.0 13.0 13.0 13.0 13.0 13.0 13.0 13.0 13.0 13.0 12.0 13.0 13.0 13.0 13.0 13.0 13.0 13.0 14.0 13.0 13.0 13.0 13.0 13.0 12.0 13.0 13.0 13.0 13.0 13.0 12.0 13.0 13.0
22 23 1 TRACE 42.0 28.0 35.0 160.0 28.0 29.0 28.0 28.0 29.0 83.0 29.0 38.0 28.0 34.0 64.0 32.0 33.0 29.0 63.0 29.0 99.0 54.0 34.0 38.0 60.0 27.0 29.0 29.0 28.0 33.0 29.0 56.0 30.0 65.0 64.0 29.0 46.0 28.0 44.0 31.0 62.0 42.0 45.0 79.0 31.0 31.0 89.0 67.0 84.0 69.0 66.0 115.0 38.0 30.0 52.0 57.0 33.0 31.0 31.0 41.0 31.0 36.0 58.0 30.0
23 24 1 TRACE 35.0 80.0 27.0 55.0 26.0 69.0 27.0 27.0 27.0 27.0 29.0 71.0 61.0 28.0 60.0 29.0 69.0 61.0 27.0 26.0 48.0 39.0 46.0 51.0 53.0 28.0 62.0 31.0 32.0 61.0 60.0 68.0 26.0 64.0 30.0 50.0 27.0 58.0 26.0 62.0 38.0 55.0 27.0 90.0 41.0 60.0 28.0 55.0 61.0 48.0 45.0 140.0 27.0 27.0 30.0 50.0 37.0 28.0 56.0 62.0 27.0 28.0 31.0 34.0
24 25 1 TRACE 46.0 22.0 21.0 20.0 21.0 24.0 22.0 36.0 38.0 25.0 21.0 22.0 27.0 21.0 24.0 21.0 22.0 21.0 30.0 23.0 21.0 22.0 21.0 20.0 22.0 21.0 22.0 21.0 22.0 31.0 20.0 23.0 21.0 20.0 21.0 20.0 21.0 21.0 21.0 22.0 21.0 24.0 20.0 20.0 22.0 21.0 21.0 22.0 22.0 32.0 21.0 21.0 60.0 21.0 22.0 22.0 22.0 22.0 21.0 32.0 21.0 21.0 22.0 22.0
25 26 1 TRACE 23.0 10.0 9.0 9.0 9.0 9.0 10.0 9.0 10.0 9.0 9.0 9.0 9.0 10.0 9.0 9.0 9.0 8.0 9.0 9.0 10.0 9.0 10.0 9.0 9.0 9.0 9.0 9.0 9.0 10.0 9.0 10.0 9.0 9.0 9.0 9.0 9.0 9.0 9.0 9.0 9.0 9.0 9.0 9.0 9.0 9.0 9.0 9.0 9.0 9.0 9.0 11.0 9.0 9.0 9.0 9.0 9.0 9.0 9.0 9.0 9.0 9.0 9.0 8.0 9.0 9.0 10.0 9.0 9.0 10.0 9.0 9.0 9.0 9.0 8.0 8.0 9.0 10.0 10.0 10.0 9.0 9.0 9.0 9.0 9.0 9.0 9.0 9.0 9.0 9.0 9.0 11.0 10.0 9.0 9.0 10.0 9.0 10.0 9.0 8.0 9.0 9.0 8.0 9.0 10.0 9.0 9.0 9.0 9.0 9.0 9.0 9.0 9.0 9.0 9.0 9.0 9.0 9.0 9.0 8.0 9.0 9.0 9.0 9.0 10.0 9.0 9.0 10.0 9.0 9.0 9.0 9.0 8.0 9.0 10.0 9.0 9.0 9.0 9.0 9.0 9.0 9.0 9.0 10.0 10.0 9.0 9.0 9.0 9.0 9.0 9.0 9.0 9.0 9.0 9.0 9.0 9.0 9.0 9.0 9.0 9.0 9.0 9.0 9.0 9.0 9.0 11.0 10.0 9.0 9.0 9.0 8.0 9.0 10.0 9.0 10.0 9.0 9.0 9.0 9.0 10.0 9.0 9.0 9.0 10.0 9.0 9.0
26 27 1 TRACE 11.0 7.0 7.0 7.0 7.0 7.0 8.0 7.0 8.0 7.0 8.0 7.0 8.0 8.0 7.0 7.0 8.0 7.0 7.0 7.0 8.0 7.0 7.0 7.0 7.0 7.0 7.0 7.0 8.0 7.0 8.0 8.0 7.0 8.0 8.0 8.0 8.0 8.0 7.0 7.0 7.0 7.0 7.0 8.0 8.0 8.0 7.0 7.0 8.0 8.0 8.0 8.0 7.0 8.0 7.0 8.0 7.0 8.0 7.0 7.0 7.0 7.0 7.0 7.0 7.0 7.0 8.0 8.0 7.0 8.0 7.0 7.0 8.0 7.0 7.0 7.0 8.0 8.0 8.0 7.0 7.0 8.0 7.0 8.0 7.0 8.0 7.0 7.0 8.0 7.0 7.0 8.0 7.0 7.0 7.0 8.0 11.0 8.0 7.0 7.0 7.0 8.0 7.0 7.0 8.0 7.0 7.0 8.0 7.0 8.0 7.0 8.0 7.0 7.0 8.0 7.0 8.0 7.0 7.0 7.0 7.0 8.0 7.0 8.0 7.0 8.0 8.0 8.0 8.0 7.0 7.0 8.0 7.0 7.0 8.0 7.0 8.0 7.0 8.0 7.0 7.0 7.0 8.0 8.0 8.0 7.0 7.0 7.0 7.0 8.0 8.0 15.0 8.0 8.0 8.0 8.0 7.0 8.0 8.0 7.0 7.0 7.0 8.0 8.0 8.0 7.0 8.0 7.0 8.0 7.0 7.0 11.0 7.0 7.0 8.0 7.0 7.0 8.0 7.0 8.0 8.0 8.0 7.0 7.0 8.0 7.0 7.0
27 28 1 TRACE 11.0 7.0 7.0 7.0 8.0 7.0 7.0 7.0 7.0 8.0 7.0 7.0 7.0 7.0 7.0 8.0 7.0 8.0 7.0 8.0 7.0 8.0 7.0 8.0 8.0 8.0 7.0 8.0 7.0 7.0 7.0 8.0 7.0 8.0 7.0 7.0 7.0 7.0 7.0 7.0 8.0 7.0 7.0 7.0 7.0 7.0 7.0 8.0 7.0 7.0 7.0 7.0 8.0 7.0 7.0 7.0 7.0 7.0 7.0 8.0 8.0 7.0 7.0 8.0 8.0 8.0 7.0 7.0 8.0 7.0 8.0 8.0 7.0 8.0 7.0 8.0 7.0 8.0 8.0 7.0 7.0 7.0 8.0 7.0 7.0 7.0 8.0 8.0 7.0 8.0 7.0 7.0 7.0 8.0 8.0 8.0 8.0 8.0 8.0 7.0 7.0 7.0 8.0 8.0 7.0 7.0 7.0 7.0 7.0 7.0 7.0 7.0 8.0 7.0 7.0 8.0 7.0 8.0 8.0 8.0 7.0 7.0 7.0 7.0 7.0 7.0 7.0 7.0 7.0 8.0 8.0 7.0 8.0 7.0 8.0 7.0 7.0 7.0 7.0 8.0 7.0 8.0 7.0 8.0 7.0 8.0 8.0 8.0 8.0 7.0 7.0 8.0 8.0 8.0 7.0 7.0 8.0 7.0 7.0 8.0 7.0 7.0 7.0 7.0 7.0 7.0 8.0 7.0 7.0 8.0 8.0 8.0 8.0 7.0 7.0 7.0 8.0 7.0 7.0 7.0 7.0 7.0 8.0 7.0 7.0 8.0 7.0
28 29 1 TRACE 13.0 9.0 9.0 8.0 8.0 8.0 8.0 9.0 9.0 8.0 8.0 8.0 9.0 8.0 8.0 8.0 8.0 8.0 9.0 8.0 9.0 8.0 8.0 8.0 8.0 8.0 9.0 8.0 9.0 8.0 9.0 9.0 8.0 9.0 9.0 8.0 8.0 8.0 8.0 9.0 8.0 8.0 8.0 9.0 8.0 8.0 8.0 8.0 8.0 9.0 9.0 9.0 8.0 9.0 8.0 9.0 8.0 8.0 8.0 8.0 8.0 8.0 8.0 8.0 8.0 8.0 9.0 8.0 8.0 9.0 8.0 8.0 9.0 8.0 8.0 8.0 9.0 8.0 9.0 9.0 9.0 8.0 8.0 8.0 8.0 9.0 8.0 8.0 9.0 8.0 8.0 9.0 9.0 8.0 8.0 9.0 10.0 9.0 8.0 8.0 8.0 8.0 8.0 8.0 9.0 8.0 8.0 8.0 8.0 9.0 8.0 9.0 8.0 9.0 9.0 8.0 8.0 9.0 8.0 8.0 8.0 9.0 8.0 9.0 9.0 9.0 9.0 8.0 8.0 8.0 8.0 9.0 8.0 8.0 9.0 8.0 8.0 8.0 9.0 8.0 9.0 8.0 8.0 9.0 8.0 8.0 8.0 8.0 8.0 9.0 9.0 8.0 9.0 9.0 9.0 8.0 8.0 9.0 8.0 8.0 8.0 8.0 9.0 9.0 8.0 8.0 9.0 9.0 8.0 8.0 8.0 9.0 9.0 9.0 8.0 9.0 8.0 9.0 8.0 8.0 8.0 9.0 8.0 8.0 9.0 8.0 8.0
29 30 1 TRACE 59.0 28.0 36.0 37.0 27.0 75.0 49.0 41.0 22.0 81.0 47.0 27.0 31.0 99.0 27.0 29.0 45.0 29.0 28.0 28.0 148.0 27.0 31.0 38.0 96.0 64.0 27.0 29.0 74.0 57.0 73.0 141.0 57.0 107.0 28.0 28.0 29.0 69.0 64.0 32.0 74.0 41.0 108.0 58.0 40.0 28.0 73.0 29.0 28.0 54.0 34.0 24.0 61.0 49.0 28.0 69.0 859.0 31.0 554.0 244.0 89.0 68.0 31.0 29.0 67.0 33.0 35.0 41.0 87.0 33.0 27.0 40.0 62.0 118.0 60.0 27.0 62.0 58.0 161.0 24.0 61.0 67.0 99.0 27.0 217.0 61.0 66.0 20.0 70.0 59.0 66.0 19.0 65.0 64.0 60.0 68.0 18.0 24.0 230.0 64.0 32.0 62.0 108.0 30.0 30.0 73.0 26.0 63.0 63.0 29.0 39.0 62.0 50.0 36.0 65.0 63.0 26.0 28.0 65.0 155.0 99.0 30.0 56.0 134.0 66.0 28.0 46.0 28.0 72.0 58.0 53.0 29.0 29.0 37.0 114.0 25.0 418.0 34.0 59.0 64.0 45.0 45.0 48.0 25.0 26.0 66.0 64.0 64.0 63.0 71.0 74.0 68.0 283.0 32.0 108.0 35.0 38.0 128.0 28.0 67.0 172.0 77.0 157.0 70.0 29.0 177.0 17.0 28.0 237.0 69.0 27.0 32.0 56.0 105.0 64.0 50.0 41.0 64.0 72.0 42.0 36.0 39.0 63.0 82.0 66.0 27.0 64.0
30 31 1 TRACE 21.0 18.0 25.0 9.0 8.0 9.0 8.0 17.0 16.0 8.0 16.0 8.0 24.0 10.0 9.0 8.0 8.0 16.0 29.0 9.0 461.0 16.0 8.0 8.0 16.0 16.0 16.0 15.0 8.0 16.0 15.0 8.0 16.0 15.0 16.0 8.0 17.0 8.0 16.0 16.0 8.0 8.0 16.0 8.0 8.0 17.0 8.0 16.0 15.0 9.0 8.0 9.0 16.0 8.0 8.0 50.0 8.0 8.0 8.0 48.0 9.0 8.0 16.0 22.0 8.0 51.0 9.0 8.0 125.0 17.0 15.0 16.0 9.0 8.0 8.0 16.0 8.0 9.0 8.0 17.0 8.0 8.0 15.0 9.0 15.0 15.0 16.0 16.0 15.0 9.0 8.0 16.0 16.0 34.0 9.0 8.0 16.0 9.0 19.0 15.0 100.0 15.0 9.0 16.0 8.0 51.0 8.0 15.0 16.0 9.0 51.0 16.0 8.0 16.0 8.0 9.0 15.0 16.0 9.0 17.0 17.0 9.0 16.0 381.0 8.0 15.0 29.0 9.0 22.0 37.0 8.0 9.0 8.0 15.0 9.0 16.0 17.0 8.0 8.0 29.0 9.0 18.0 16.0 16.0 16.0 15.0 8.0 8.0 8.0 8.0 22.0 35.0 9.0 17.0 21.0 16.0 8.0 16.0 8.0 8.0 41.0 8.0 21.0 16.0 8.0 15.0 23.0 9.0 15.0 9.0 16.0 26.0 56.0 9.0 16.0 16.0 8.0 16.0 8.0 9.0 16.0 44.0 8.0 26.0 8.0 17.0 8.0
31 32 1 TRACE 17.0 13.0 14.0 13.0 13.0 13.0 12.0 13.0 14.0 39.0 13.0 12.0 13.0 15.0 13.0 12.0 12.0 13.0 13.0 12.0 299.0 13.0 12.0 13.0 14.0 14.0 14.0 12.0 13.0 13.0 12.0 12.0 13.0 13.0 12.0 12.0 12.0 13.0 14.0 13.0 14.0 12.0 13.0 12.0 12.0 13.0 12.0 13.0 13.0 12.0 13.0 13.0 13.0 12.0 12.0 13.0 12.0 13.0 13.0 13.0 13.0 12.0 13.0 14.0 12.0 13.0 12.0 13.0 69.0 13.0 13.0 13.0 12.0 35.0 12.0 13.0 12.0 13.0 13.0 13.0 13.0 12.0 13.0 13.0 12.0 12.0 12.0 13.0 12.0 13.0 12.0 13.0 13.0 14.0 12.0 45.0 14.0 13.0 12.0 13.0 19.0 12.0 12.0 12.0 13.0 13.0 12.0 13.0 13.0 12.0 13.0 12.0 13.0 13.0 12.0 36.0 12.0 13.0 13.0 12.0 13.0 12.0 14.0 160.0 12.0 12.0 20.0 13.0 18.0 14.0 13.0 13.0 12.0 13.0 13.0 13.0 12.0 13.0 12.0 15.0 13.0 15.0 13.0 13.0 14.0 12.0 20.0 12.0 22.0 14.0 18.0 25.0 13.0 18.0 13.0 13.0 13.0 13.0 12.0 12.0 266.0 12.0 14.0 12.0 13.0 13.0 15.0 14.0 13.0 12.0 13.0 13.0 13.0 13.0 13.0 13.0 12.0 13.0 17.0 19.0 14.0 74.0 13.0 20.0 12.0 12.0 13.0
32 33 1 TRACE 24.0 18.0 17.0 17.0 16.0 56.0 18.0 18.0 19.0 22.0 17.0 17.0 21.0 20.0 17.0 16.0 18.0 17.0 17.0 17.0 207.0 17.0 17.0 16.0 17.0 17.0 18.0 24.0 52.0 52.0 18.0 19.0 17.0 18.0 17.0 17.0 17.0 17.0 53.0 18.0 16.0 17.0 18.0 17.0 26.0 17.0 17.0 51.0 17.0 17.0 17.0 18.0 16.0 17.0 21.0 17.0 18.0 21.0 204.0 17.0 17.0 17.0 17.0 18.0 50.0 54.0 17.0 24.0 99.0 17.0 55.0 21.0 25.0 19.0 17.0 17.0 50.0 17.0 66.0 19.0 18.0 53.0 18.0 17.0 17.0 17.0 18.0 19.0 17.0 51.0 18.0 18.0 17.0 53.0 25.0 17.0 18.0 18.0 55.0 20.0 35.0 16.0 17.0 17.0 17.0 56.0 52.0 17.0 17.0 17.0 53.0 17.0 17.0 16.0 27.0 18.0 18.0 18.0 17.0 17.0 18.0 18.0 17.0 89.0 27.0 17.0 28.0 58.0 25.0 21.0 17.0 17.0 50.0 17.0 18.0 17.0 17.0 36.0 26.0 49.0 27.0 70.0 17.0 49.0 31.0 17.0 18.0 30.0 28.0 16.0 58.0 18.0 18.0 19.0 18.0 18.0 52.0 23.0 17.0 17.0 85.0 17.0 19.0 17.0 17.0 52.0 46.0 18.0 28.0 18.0 17.0 21.0 23.0 34.0 52.0 17.0 50.0 17.0 25.0 37.0 16.0 105.0 30.0 44.0 52.0 17.0 17.0
33 34 1 TRACE 164.0 71.0 36.0 33.0 49.0 148.0 40.0 35.0 100.0 68.0 30.0 92.0 51.0 46.0 40.0 47.0 23.0 93.0 38.0 114.0 126.0 86.0 78.0 48.0 74.0 32.0 77.0 44.0 62.0 45.0 53.0 22.0 78.0 41.0 36.0 56.0 52.0 50.0 76.0 34.0 23.0 85.0 46.0 39.0 38.0 51.0 67.0 43.0 119.0 64.0 61.0 61.0 226.0 95.0 36.0 105.0 762.0 128.0 19.0 71.0 35.0 100.0 43.0 32.0 81.0 33.0 73.0 45.0 64.0 113.0 35.0 88.0 161.0 150.0 53.0 115.0 69.0 91.0 84.0 94.0 98.0 35.0 34.0 33.0 69.0 32.0 51.0 1982.0 80.0 50.0 48.0 59.0 34.0 129.0 34.0 58.0 75.0 64.0 34.0 86.0 37.0 29.0 19.0 35.0 71.0 34.0 50.0 47.0 45.0 134.0 42.0 36.0 59.0 147.0 328.0 19.0 125.0 300.0 77.0 128.0 70.0 77.0 57.0 130.0 169.0 436.0 41.0 148.0 41.0 137.0 120.0 38.0 35.0 64.0 53.0 88.0 83.0 58.0 43.0 36.0 75.0 32.0 49.0 32.0 83.0 114.0 19.0 64.0 31.0 78.0 40.0 90.0 25.0 34.0 56.0 56.0 53.0 95.0 51.0 95.0 134.0 25.0 74.0 74.0 123.0 91.0 36.0 45.0 88.0 123.0 58.0 42.0 36.0 62.0 74.0 137.0 20.0 103.0 32.0 57.0 70.0 125.0 83.0 60.0 19.0 81.0 61.0
34 35 1 TRACE 657.0 677.0 61.0 17.0 76.0 19.0 50.0 63.0 239.0 48.0 18.0 75.0 50.0 50.0 17.0 92.0 48.0 53.0 47.0 48.0 52.0 77.0 18.0 109.0 50.0 48.0 52.0 48.0 46.0 51.0 49.0 47.0 52.0 83.0 17.0 50.0 49.0 48.0 208.0 48.0 18.0 68.0 51.0 57.0 80.0 49.0 45.0 92.0 49.0 17.0 52.0 150.0 57.0 17.0 48.0 291.0 48.0 18.0 51.0 59.0 17.0 167.0 73.0 17.0 52.0 48.0 17.0 51.0 50.0 48.0 48.0 55.0 47.0 17.0 49.0 55.0 48.0 19.0 49.0 168.0 49.0 85.0 54.0 49.0 57.0 50.0 48.0 59.0 49.0 19.0 51.0 49.0 48.0 66.0 47.0 48.0 53.0 49.0 42.0 64.0 60.0 18.0 49.0 19.0 51.0 53.0 47.0 51.0 65.0 47.0 52.0 46.0 50.0 78.0 48.0 48.0 277.0 72.0 43.0 52.0 48.0 50.0 50.0 49.0 49.0 89.0 46.0 48.0 49.0 69.0 49.0 17.0 89.0 69.0 49.0 51.0 48.0 17.0 50.0 67.0 48.0 86.0 17.0 50.0 55.0 56.0 17.0 50.0 58.0 42.0 66.0 55.0 48.0 190.0 47.0 17.0 89.0 50.0 50.0 133.0 49.0 48.0 71.0 46.0 47.0 64.0 47.0 54.0 75.0 50.0 49.0 59.0 48.0 45.0 53.0 46.0 49.0 52.0 17.0 91.0 83.0 53.0 43.0 51.0 49.0 51.0 18.0
35 36 1 TRACE 55.0 86.0 68.0 15.0 48.0 18.0 46.0 48.0 111.0 47.0 16.0 50.0 47.0 89.0 16.0 49.0 53.0 55.0 45.0 44.0 85.0 47.0 15.0 212.0 75.0 44.0 65.0 45.0 44.0 46.0 44.0 46.0 73.0 76.0 16.0 77.0 47.0 44.0 54.0 43.0 16.0 95.0 46.0 16.0 45.0 140.0 80.0 92.0 48.0 16.0 47.0 330.0 463.0 16.0 52.0 584.0 42.0 20.0 46.0 48.0 16.0 148.0 46.0 17.0 50.0 47.0 55.0 46.0 48.0 45.0 45.0 54.0 45.0 16.0 45.0 54.0 52.0 15.0 45.0 194.0 45.0 44.0 47.0 62.0 59.0 46.0 45.0 52.0 46.0 17.0 48.0 46.0 55.0 50.0 44.0 46.0 53.0 45.0 40.0 46.0 48.0 16.0 47.0 16.0 47.0 47.0 44.0 52.0 46.0 42.0 48.0 45.0 43.0 82.0 43.0 44.0 61.0 45.0 40.0 51.0 46.0 59.0 49.0 47.0 45.0 53.0 42.0 44.0 46.0 60.0 47.0 15.0 82.0 51.0 77.0 50.0 46.0 15.0 80.0 47.0 49.0 82.0 16.0 47.0 55.0 78.0 16.0 47.0 54.0 38.0 63.0 60.0 43.0 196.0 46.0 15.0 83.0 48.0 18.0 151.0 47.0 44.0 75.0 43.0 43.0 117.0 43.0 86.0 64.0 45.0 51.0 62.0 45.0 42.0 93.0 42.0 46.0 54.0 16.0 50.0 52.0 51.0 40.0 86.0 45.0 68.0 16.0
36 37 1 TRACE 90.0 201.0 36.0 81.0 74.0 409.0 55.0 56.0 135.0 37.0 79.0 41.0 51.0 99.0 92.0 35.0 50.0 81.0 30.0 104.0 59.0 60.0 89.0 36.0 31.0 53.0 43.0 57.0 29.0 76.0 33.0 47.0 55.0 32.0 146.0 45.0 170.0 29.0 74.0 105.0 92.0 76.0 68.0 67.0 59.0 134.0 31.0 185.0 71.0 89.0 78.0 34.0 101.0 130.0 63.0 200.0 99.0 80.0 227.0 63.0 130.0 40.0 32.0 128.0 72.0 69.0 116.0 68.0 325.0 39.0 73.0 114.0 67.0 87.0 185.0 110.0 35.0 115.0 73.0 121.0 34.0 30.0 63.0 32.0 61.0 67.0 64.0 923.0 62.0 99.0 34.0 73.0 50.0 70.0 32.0 38.0 95.0 50.0 38.0 52.0 58.0 168.0 87.0 117.0 48.0 86.0 32.0 198.0 61.0 47.0 666.0 65.0 76.0 183.0 233.0 37.0 51.0 50.0 147.0 86.0 76.0 31.0 97.0 352.0 62.0 96.0 39.0 76.0 66.0 104.0 67.0 134.0 43.0 31.0 72.0 163.0 64.0 96.0 34.0 96.0 36.0 99.0 87.0 96.0 99.0 30.0 96.0 83.0 69.0 89.0 72.0 44.0 36.0 440.0 48.0 115.0 37.0 94.0 52.0 77.0 129.0 74.0 106.0 43.0 72.0 71.0 67.0 33.0 77.0 30.0 29.0 75.0 50.0 103.0 56.0 55.0 70.0 140.0 130.0 41.0 46.0 36.0 55.0 49.0 78.0 266.0 97.0
37 38 1 TRACE 59.0 43.0 31.0 29.0 63.0 162.0 32.0 29.0 42.0 60.0 28.0 68.0 31.0 32.0 31.0 32.0 29.0 77.0 30.0 59.0 73.0 31.0 30.0 33.0 68.0 29.0 34.0 31.0 62.0 34.0 62.0 29.0 37.0 31.0 63.0 62.0 29.0 32.0 72.0 63.0 30.0 33.0 66.0 29.0 66.0 67.0 31.0 38.0 53.0 28.0 33.0 33.0 76.0 57.0 29.0 78.0 1079.0 66.0 36.0 62.0 30.0 68.0 29.0 29.0 38.0 30.0 46.0 33.0 69.0 65.0 34.0 43.0 31.0 73.0 35.0 45.0 45.0 27.0 34.0 40.0 29.0 29.0 31.0 64.0 36.0 31.0 30.0 590.0 28.0 30.0 37.0 46.0 31.0 40.0 29.0 60.0 38.0 62.0 41.0 31.0 66.0 64.0 70.0 30.0 69.0 31.0 28.0 208.0 32.0 30.0 41.0 29.0 33.0 73.0 67.0 30.0 37.0 91.0 105.0 40.0 58.0 36.0 39.0 31.0 307.0 71.0 86.0 59.0 64.0 47.0 68.0 62.0 65.0 61.0 33.0 71.0 30.0 28.0 33.0 66.0 67.0 31.0 66.0 65.0 37.0 55.0 67.0 64.0 45.0 49.0 33.0 62.0 63.0 36.0 31.0 62.0 69.0 56.0 61.0 108.0 33.0 30.0 41.0 29.0 204.0 63.0 30.0 66.0 42.0 30.0 34.0 52.0 33.0 58.0 68.0 72.0 69.0 42.0 33.0 28.0 66.0 29.0 63.0 29.0 30.0 39.0 89.0
38 39 1 TRACE 37.0 29.0 27.0 38.0 42.0 85.0 24.0 44.0 26.0 26.0 27.0 40.0 26.0 66.0 25.0 27.0 34.0 63.0 28.0 28.0 27.0 27.0 25.0 25.0 39.0 25.0 31.0 30.0 30.0 26.0 62.0 27.0 28.0 26.0 26.0 59.0 26.0 24.0 28.0 24.0 24.0 26.0 26.0 26.0 28.0 26.0 62.0 60.0 61.0 25.0 61.0 44.0 67.0 28.0 28.0 57.0 203.0 23.0 25.0 30.0 62.0 32.0 26.0 24.0 62.0 31.0 26.0 26.0 63.0 24.0 26.0 27.0 29.0 28.0 65.0 27.0 26.0 25.0 26.0 44.0 27.0 26.0 24.0 130.0 47.0 24.0 66.0 1623.0 72.0 25.0 25.0 64.0 65.0 61.0 25.0 28.0 60.0 65.0 32.0 27.0 29.0 34.0 58.0 30.0 30.0 26.0 26.0 36.0 60.0 32.0 38.0 25.0 35.0 61.0 52.0 24.0 68.0 25.0 279.0 26.0 60.0 24.0 61.0 31.0 211.0 62.0 25.0 63.0 31.0 39.0 76.0 23.0 64.0 33.0 26.0 73.0 26.0 28.0 59.0 75.0 35.0 25.0 23.0 57.0 27.0 27.0 43.0 31.0 71.0 26.0 52.0 66.0 31.0 33.0 32.0 60.0 59.0 25.0 61.0 112.0 40.0 25.0 60.0 41.0 179.0 54.0 43.0 61.0 38.0 30.0 31.0 35.0 56.0 30.0 61.0 136.0 58.0 26.0 48.0 40.0 61.0 37.0 59.0 31.0 57.0 32.0 85.0
39 25 1 TRACE 17.0 31.0 16.0 18.0 16.0 39.0 17.0 22.0 16.0 18.0 18.0 17.0 26.0 17.0 17.0 17.0 18.0 17.0 17.0 16.0 17.0 17.0 19.0 17.0 18.0 17.0 16.0 52.0 18.0 17.0 17.0 18.0 16.0 17.0 17.0 20.0 18.0 16.0 16.0 18.0 17.0 20.0 17.0 25.0 77.0 22.0 18.0 17.0 17.0 17.0 17.0 16.0 18.0 56.0 17.0 16.0 18.0 17.0 16.0 16.0 17.0 42.0 17.0 17.0 22.0 22.0 16.0 20.0
39 40 1 TRACE 51.0 36.0 27.0 30.0 41.0 28.0 27.0 64.0 33.0 27.0 41.0 62.0 27.0 62.0 36.0 55.0 38.0 59.0 27.0 58.0 332.0 27.0 30.0 55.0 30.0 65.0 28.0 45.0 28.0 27.0 651.0 27.0 61.0 70.0 27.0 52.0 58.0 59.0 29.0 27.0 30.0 27.0 46.0 35.0 62.0 56.0 61.0 26.0 74.0 61.0 27.0 29.0 29.0 63.0 120.0 75.0 33.0 39.0 33.0 27.0 53.0 102.0 46.0 55.0
39 51 1 TRACE 40.0 27.0 27.0 26.0 36.0 28.0 53.0 68.0 62.0 32.0 30.0 30.0 27.0 117.0 30.0 48.0 32.0 30.0 72.0 29.0 62.0 27.0 56.0 60.0 66.0 27.0 47.0 63.0 31.0 26.0 62.0 29.0 28.0 62.0 239.0 62.0 44.0 36.0 44.0 64.0 29.0 29.0 31.0 89.0 37.0 37.0 44.0 28.0 36.0 56.0 61.0 99.0 47.0 40.0 62.0
40 41 1 TRACE 33.0 14.0 15.0 23.0 17.0 15.0 15.0 23.0 20.0 15.0 17.0 16.0 21.0 15.0 20.0 16.0 15.0 18.0 15.0 26.0 23.0 14.0 17.0 18.0 15.0 23.0 23.0 24.0 14.0 16.0 17.0 14.0 21.0 21.0 14.0 14.0 15.0 15.0 19.0 23.0 19.0 17.0 18.0 20.0 24.0 16.0 21.0 15.0 14.0 24.0 14.0 15.0 20.0 15.0 19.0 20.0 21.0 22.0 17.0 20.0 25.0 17.0 15.0 21.0
41 42 1 TRACE 18.0 13.0 113.0 13.0 13.0 13.0 12.0 12.0 13.0 12.0 13.0 13.0 13.0 12.0 13.0 13.0 12.0 14.0 13.0 13.0 12.0 13.0 12.0 13.0 15.0 13.0 14.0 13.0 13.0 13.0 13.0 60.0 13.0 13.0 13.0 14.0 12.0 14.0 13.0 13.0 13.0 12.0 13.0 13.0 14.0 13.0 13.0 12.0 13.0 13.0 12.0 12.0 13.0 13.0 13.0 13.0 12.0 27.0 12.0 13.0 12.0 13.0 13.0 13.0 13.0 19.0 13.0 13.0 12.0 13.0 12.0 13.0 14.0 13.0 13.0 13.0 108.0 13.0 76.0 12.0 13.0 12.0 13.0 13.0 13.0 13.0 14.0 13.0 13.0 13.0 21.0 13.0 13.0 13.0 13.0 13.0 31.0 13.0 13.0 13.0 13.0 12.0 13.0 17.0 124.0 14.0 13.0 13.0 13.0 99.0 13.0 13.0 15.0 13.0 13.0 13.0 13.0 13.0 13.0 12.0 12.0 13.0 13.0 13.0 14.0 202.0 13.0 13.0 13.0 12.0 13.0 13.0 12.0 13.0 13.0 12.0 13.0 105.0 21.0 14.0 15.0 13.0 13.0 13.0 13.0 14.0 21.0 13.0 14.0 478.0 27.0 13.0 12.0 13.0 13.0 14.0 13.0 13.0 13.0 12.0 12.0 12.0 21.0 23.0 86.0 13.0 13.0 13.0 13.0 13.0 17.0 16.0 17.0 17.0 13.0 13.0 13.0 13.0 13.0 13.0 13.0 17.0 14.0 15.0 50.0 14.0 13.0 13.0 13.0 13.0 15.0 12.0 13.0 47.0 14.0 14.0 12.0 12.0 13.0 13.0 13.0 12.0
42 43 1 TRACE 16.0 12.0 12.0 12.0 12.0 11.0 12.0 11.0 11.0 12.0 11.0 12.0 12.0 12.0 12.0 11.0 12.0 12.0 12.0 11.0 12.0 12.0 12.0 11.0 12.0 11.0 12.0 11.0 13.0 13.0 12.0 12.0 12.0 12.0 12.0 11.0 12.0 11.0 12.0 11.0 11.0 12.0 11.0 12.0 12.0 13.0 12.0 11.0 11.0 12.0 12.0 12.0 11.0 11.0 11.0 11.0 11.0 11.0 12.0 12.0 12.0 11.0 12.0 12.0 11.0 12.0 12.0 11.0 11.0 11.0 12.0 12.0 12.0 11.0 11.0 12.0 12.0 12.0 12.0 12.0 12.0 12.0 11.0 12.0 12.0 11.0 12.0 12.0 12.0 12.0 11.0 12.0 12.0 11.0 12.0 11.0 12.0 12.0 12.0 11.0 11.0 11.0 12.0 12.0 11.0 12.0 13.0 13.0 12.0 12.0 11.0 12.0 11.0 12.0 11.0 12.0 12.0 11.0 12.0 11.0 12.0 12.0 11.0 11.0 12.0 12.0 11.0 11.0 11.0 12.0 12.0 12.0 12.0 11.0 12.0 11.0 12.0 11.0 11.0 12.0 12.0 11.0 12.0 12.0 12.0 12.0 12.0 11.0 12.0 12.0 11.0 12.0 12.0 11.0 12.0 12.0 12.0 11.0 12.0 12.0 12.0 12.0 12.0 12.0 12.0 13.0 12.0 12.0 12.0 11.0 12.0 12.0 11.0 12.0 12.0 12.0 12.0 12.0 11.0 11.0 11.0 12.0 12.0 12.0 11.0 12.0 12.0 11.0 12.0 11.0 12.0 12.0 12.0 12.0 12.0 12.0 12.0 12.0 12.0 11.0 11.0 11.0
43 44 1 TRACE 12.0 8.0 8.0 8.0 8.0 8.0 8.0 8.0 8.0 8.0 8.0 8.0 8.0 8.0 8.0 8.0 8.0 8.0 8.0 8.0 8.0 8.0 8.0 8.0 8.0 8.0 8.0 8.0 8.0 8.0 7.0 8.0 8.0 8.0 8.0 8.0 8.0 8.0 8.0 8.0 8.0 8.0 8.0 8.0 8.0 8.0 8.0 8.0 8.0 8.0 8.0 8.0 8.0 8.0 8.0 8.0 8.0 8.0 8.0 7.0 8.0 8.0 8.0 8.0 8.0 8.0 8.0 8.0 8.0 7.0 8.0 8.0 7.0 8.0 8.0 8.0 8.0 8.0 8.0 8.0 9.0 8.0 8.0 8.0 7.0 8.0 9.0 8.0 8.0 8.0 8.0 8.0 7.0 8.0 8.0 8.0 9.0 8.0 8.0 8.0 8.0 8.0 8.0 8.0 7.0 8.0 8.0 8.0 8.0 8.0 8.0 8.0 8.0 7.0 8.0 8.0 8.0 8.0 8.0 8.0 8.0 8.0 7.0 8.0 8.0 8.0 7.0 8.0 8.0 7.0 8.0 7.0 8.0 8.0 8.0 8.0 8.0 8.0 8.0 8.0 8.0 8.0 8.0 8.0 8.0 8.0 8.0 8.0 8.0 8.0 8.0 8.0 8.0 8.0 8.0 8.0 8.0 8.0 8.0 8.0 8.0 8.0 8.0 8.0 8.0 9.0 7.0 8.0 8.0 8.0 8.0 7.0 8.0 8.0 8.0 8.0 8.0 8.0 7.0 8.0 8.0 9.0 8.0 8.0 8.0 8.0 8.0 8.0 8.0 8.0 8.0 8.0 8.0 8.0 8.0 8.0 8.0 8.0 8.0 8.0 8.0 8.0
44 45 1 TRACE 33.0 18.0 419.0 21.0 47.0 23.0 21.0 23.0 23.0 19.0 22.0 31.0 19.0 96.0 60.0 20.0 20.0 41.0 28.0 25.0 21.0 23.0 20.0 73.0 18.0 22.0 29.0 21.0 59.0 16.0 22.0 94.0 22.0 53.0 18.0 19.0 21.0 185.0 20.0 20.0 22.0 20.0 56.0 59.0 21.0 56.0 57.0 23.0 22.0 42.0 24.0 54.0 59.0 19.0 53.0 33.0 37.0 197.0 47.0 22.0 22.0 29.0 22.0 57.0 47.0 35.0 20.0 155.0 23.0 69.0 21.0 26.0 100.0 23.0 32.0 18.0 81.0 25.0 201.0 23.0 22.0 175.0 233.0 25.0 64.0 23.0 48.0 52.0 18.0 57.0 24.0 59.0 22.0 61.0 21.0 19.0 34.0 55.0 56.0 58.0 20.0 103.0 60.0 18.0 218.0 21.0 55.0 62.0 52.0 160.0 41.0 23.0 18.0 20.0 54.0 42.0 58.0 54.0 29.0 35.0 29.0 21.0 36.0 55.0 24.0 888.0 20.0 21.0 60.0 19.0 30.0 176.0 59.0 177.0 368.0 282.0 35.0 105.0 41.0 26.0 44.0 57.0 23.0 21.0 19.0 46.0 23.0 20.0 23.0 161.0 44.0 28.0 22.0 19.0 18.0 18.0 19.0 55.0 54.0 28.0 60.0 19.0 57.0 38.0 171.0 17.0 21.0 36.0 38.0 113.0 67.0 64.0 49.0 42.0 132.0 28.0 21.0 24.0 22.0 30.0 46.0 31.0 36.0 38.0 95.0 44.0 23.0 27.0 20.0 18.0 18.0 21.0 37.0 71.0 57.0 31.0 23.0 23.0 25.0 24.0 19.0 23.0
45 46 1 TRACE 21.0 15.0 19.0 17.0 15.0 16.0 16.0 17.0 16.0 16.0 17.0 15.0 16.0 20.0 16.0 16.0 16.0 15.0 16.0 17.0 15.0 17.0 16.0 15.0 50.0 26.0 53.0 16.0 16.0 15.0 16.0 58.0 15.0 16.0 16.0 52.0 16.0 23.0 17.0 17.0 16.0 16.0 55.0 53.0 53.0 15.0 16.0 17.0 26.0 25.0 16.0 17.0 16.0 45.0 15.0 17.0 22.0 15.0 17.0 16.0 16.0 46.0 17.0 16.0 15.0 16.0 18.0 16.0 16.0 15.0 18.0 15.0 16.0 16.0 38.0 15.0 16.0 24.0 35.0 20.0 50.0 16.0 15.0 16.0 53.0 16.0 15.0 16.0 17.0 16.0 15.0 16.0 20.0 15.0 16.0 51.0 16.0 17.0 15.0 16.0 16.0 16.0 17.0 15.0 203.0 15.0 15.0 15.0 16.0 17.0 16.0 17.0 15.0 50.0 15.0 50.0 16.0 16.0 16.0 71.0 16.0 17.0 16.0 19.0 52.0 91.0 16.0 17.0 16.0 16.0 17.0 16.0 16.0 104.0 15.0 14.0 16.0 97.0 35.0 17.0 78.0 15.0 16.0 16.0 16.0 23.0 19.0 16.0 16.0 62.0 34.0 15.0 16.0 17.0 15.0 16.0 17.0 20.0 51.0 16.0 49.0 15.0 55.0 17.0 57.0 16.0 53.0 15.0 16.0 16.0 19.0 19.0 29.0 21.0 15.0 56.0 16.0 17.0 17.0 15.0 26.0 27.0 50.0 19.0 18.0 17.0 17.0 15.0 15.0 17.0 15.0 16.0 22.0 20.0 51.0 60.0 16.0 19.0 16.0 16.0 15.0 16.0
46 47 1 TRACE 55.0 25.0 25.0 77.0 38.0 24.0 24.0 56.0 30.0 24.0 24.0 38.0 41.0 26.0 48.0 25.0 23.0 49.0 32.0 24.0 24.0 49.0 31.0 24.0 25.0 39.0 25.0 24.0 40.0 25.0 24.0 52.0 28.0 71.0 114.0 27.0 32.0 94.0 26.0 24.0 42.0 25.0 25.0 50.0 28.0 24.0 40.0 25.0 23.0 49.0 27.0 59.0 83.0 29.0 28.0 76.0 26.0 23.0 50.0 28.0 56.0 49.0 34.0 24.0 42.0 104.0 27.0 1515.0 55.0 62.0 28.0 47.0 46.0 24.0 44.0 25.0 23.0 49.0 117.0 25.0 37.0 24.0 72.0 36.0 25.0 27.0 57.0 25.0 24.0 53.0 29.0 61.0 25.0 115.0 27.0 24.0 49.0 27.0 25.0 58.0 68.0 23.0 38.0 66.0 67.0 68.0 25.0 25.0 56.0 29.0 24.0 49.0 61.0 25.0 24.0 48.0 26.0 29.0 90.0 27.0 24.0 38.0 39.0 24.0 37.0 25.0 139.0 79.0 56.0 188.0 41.0 132.0 27.0 49.0 1356.0 276.0 48.0 25.0 47.0 78.0 24.0 25.0 42.0 25.0 55.0 48.0 43.0 24.0 49.0 29.0 47.0 111.0 32.0 24.0 23.0 38.0 24.0 24.0 54.0 53.0 25.0 25.0 50.0 30.0 33.0 41.0 25.0 24.0 49.0 61.0 33.0 44.0 27.0 23.0 39.0 24.0 34.0 38.0 61.0 52.0 66.0 25.0 24.0 56.0 70.0 24.0 38.0 25.0 23.0 35.0 25.0 62.0 74.0 25.0 24.0 49.0 29.0 63.0 57.0 73.0 56.0 55.0
47 48 1 TRACE 13.0 9.0 10.0 10.0 10.0 10.0 8.0 11.0 10.0 10.0 9.0 9.0 8.0 12.0 53.0 264.0 9.0 10.0 8.0 9.0 9.0 10.0 10.0 10.0 8.0 9.0 10.0 10.0 10.0 10.0 7.0 10.0 25.0 11.0 10.0 10.0 8.0 10.0 16.0 11.0 9.0 10.0 9.0 9.0 10.0 26.0 10.0 9.0 8.0 10.0 11.0 10.0 9.0 10.0 7.0 16.0 20.0 10.0 10.0 10.0 8.0 16.0 11.0 10.0 9.0 13.0 8.0 11.0 11.0 11.0 10.0 10.0 8.0 57.0 11.0 10.0 9.0 10.0 8.0 45.0 15.0 9.0 9.0 10.0 9.0 9.0 52.0 36.0 10.0 10.0 8.0 9.0 11.0 10.0 9.0 10.0 8.0 16.0 13.0 10.0 10.0 10.0 8.0 10.0 9.0 9.0 9.0 10.0 8.0 16.0 11.0 10.0 9.0 10.0 8.0 17.0 11.0 10.0 9.0 32.0 8.0 20.0 11.0 10.0 9.0 10.0 8.0 21.0 10.0 10.0 9.0 10.0 8.0 10.0 11.0 10.0 10.0 10.0 8.0 10.0 11.0 9.0 18.0 9.0 8.0 13.0 14.0 10.0 9.0 10.0 8.0 10.0 12.0 11.0 9.0 10.0 8.0 34.0 22.0 9.0 9.0 10.0 8.0 10.0 11.0 10.0 10.0 10.0 8.0 10.0 13.0 10.0 10.0 10.0 8.0 9.0 21.0 11.0 10.0 10.0 8.0 10.0 12.0 11.0 10.0 10.0 8.0 10.0 12.0 24.0 10.0 10.0 7.0 42.0 11.0 27.0 10.0 10.0 8.0 10.0 11.0 11.0 10.0 10.0 8.0 10.0 10.0 11.0 10.0 10.0 8.0 44.0 76.0 10.0 9.0 11.0 8.0 10.0 9.0 10.0 9.0 10.0 8.0 9.0 11.0 10.0 10.0 10.0 8.0 10.0 11.0 10.0 9.0 10.0 8.0 10.0 12.0 11.0 10.0 10.0 8.0 14.0 13.0 10.0 10.0 10.0 8.0 9.0 12.0 10.0 10.0 10.0 8.0 9.0 9.0 10.0 10.0 10.0 8.0 11.0 12.0 9.0 10.0 10.0 8.0 12.0 12.0 13.0 10.0 10.0 8.0 10.0 12.0 11.0 10.0 10.0 8.0 10.0 13.0 10.0 9.0 10.0 8.0 10.0 10.0 11.0 10.0 12.0 8.0 32.0 11.0 10.0 10.0 10.0 8.0 30.0 11.0 10.0 10.0 10.0 8.0 10.0 13.0 11.0 9.0 10.0 9.0 10.0 10.0 10.0 10.0 10.0 9.0 9.0 10.0 10.0 9.0 10.0 8.0 50.0 15.0 11.0 45.0 10.0 8.0 10.0 10.0 10.0 11.0 10.0 8.0 9.0 11.0 11.0 10.0 10.0 8.0 10.0 16.0 12.0 9.0 11.0 8.0 10.0 12.0 10.0 10.0 10.0 8.0 9.0 31.0 22.0 10.0 10.0 8.0 38.0 12.0 10.0 9.0 9.0 8.0 9.0 10.0 11.0 10.0 10.0 8.0 23.0 13.0 10.0 47.0 10.0 8.0 10.0 9.0 10.0 9.0 10.0 8.0 13.0 10.0 10.0 13.0 9.0 8.0 10.0 10.0 10.0 9.0 10.0 9.0 10.0 11.0 11.0 9.0 10.0 8.0 10.0 11.0 11.0 9.0 10.0 8.0 9.0 11.0 10.0 10.0 10.0 8.0 9.0 9.0 10.0 10.0 9.0 8.0 9.0 12.0 21.0 9.0 10.0 8.0 9.0 12.0 10.0 9.0 10.0 8.0 12.0 12.0 11.0 10.0 10.0 8.0 35.0 10.0 12.0 47.0 10.0 7.0 10.0 10.0 12.0 10.0 10.0 8.0 9.0 10.0 10.0 9.0 10.0 8.0 9.0 12.0 12.0 9.0 10.0 8.0 45.0 13.0 11.0 10.0 10.0 8.0 46.0 12.0 10.0 10.0 9.0 8.0 17.0 17.0 11.0 10.0 10.0 8.0 9.0 13.0 9.0 10.0 10.0 8.0 49.0 14.0 10.0 10.0 9.0 8.0 9.0 11.0 9.0 10.0 10.0 8.0 10.0 11.0 11.0 9.0 11.0 8.0 18.0 11.0 9.0 9.0 10.0 8.0 10.0 13.0 10.0 10.0 10.0 9.0 9.0 10.0 10.0 10.0 10.0 8.0 9.0 13.0 9.0 10.0 10.0 8.0 10.0 12.0 9.0 10.0 47.0 8.0 9.0 10.0 9.0 37.0 9.0 8.0 10.0 9.0 9.0 10.0 10.0 8.0 10.0 13.0 10.0 10.0 12.0 8.0 9.0 10.0 10.0 10.0 10.0 8.0 10.0 12.0 11.0 9.0 10.0 8.0 9.0 10.0 10.0 10.0 17.0 9.0 10.0 11.0 12.0 10.0 10.0 8.0 49.0 11.0 11.0 9.0 10.0 8.0 45.0 12.0 10.0 10.0 10.0 7.0 10.0 15.0 9.0 10.0 10.0 8.0 9.0 10.0 10.0 10.0 10.0 8.0 10.0 9.0 10.0 10.0 10.0 8.0 11.0 11.0 10.0 9.0 10.0 8.0 36.0 11.0 10.0 9.0 10.0 8.0 16.0 13.0 10.0 9.0 10.0 8.0 9.0 11.0 10.0 10.0 10.0 8.0 10.0 9.0 11.0 10.0 10.0 9.0 45.0 11.0 10.0 10.0 10.0 8.0 10.0 12.0 10.0 10.0 10.0 8.0 15.0 11.0 10.0 10.0 10.0 8.0 42.0 9.0 10.0 10.0 9.0 8.0 10.0 47.0 11.0 10.0 10.0 8.0 9.0 10.0 10.0 31.0 9.0 8.0 10.0 10.0 11.0 10.0 9.0 8.0 11.0 12.0 11.0 9.0 10.0 8.0 47.0 10.0 10.0 9.0 10.0 8.0 9.0 12.0 10.0 10.0 10.0 8.0 49.0 18.0 9.0 10.0 9.0 8.0 10.0 11.0 10.0 10.0 9.0 8.0 9.0 10.0 10.0 9.0 10.0 8.0 9.0 12.0 9.0 10.0 10.0 8.0 10.0 12.0 10.0 10.0 10.0 8.0 32.0 11.0 10.0 10.0 9.0 8.0 23.0 11.0 10.0 10.0 10.0 8.0 9.0 11.0 11.0 9.0 10.0 8.0 48.0 10.0 9.0 10.0 9.0 8.0 49.0 13.0 10.0 9.0 9.0 8.0 10.0 10.0 10.0 9.0 10.0 8.0 9.0 9.0 10.0 10.0 10.0 8.0 10.0 10.0 10.0 9.0 19.0 8.0 10.0 10.0 11.0 9.0 10.0 8.0 10.0 10.0 15.0 9.0 10.0 8.0 11.0 10.0 15.0 10.0 10.0 7.0 10.0 10.0 11.0 9.0 10.0 8.0 42.0 11.0 11.0 10.0 10.0 9.0 50.0 11.0 10.0 10.0 10.0 8.0 10.0 47.0 11.0 10.0 10.0 8.0 10.0 10.0 10.0 10.0 10.0 8.0 99.0 11.0 10.0 9.0 10.0 8.0 11.0 11.0 10.0 10.0 9.0 8.0 10.0 10.0 10.0 10.0 10.0 8.0 9.0 10.0 10.0 9.0 10.0 8.0 47.0 11.0 10.0 10.0 11.0 8.0 10.0 34.0 10.0 9.0 10.0 8.0 11.0 11.0 10.0 10.0 11.0 8.0 10.0 10.0 10.0 10.0 10.0 8.0 9.0 17.0 12.0 10.0 11.0 8.0 10.0 10.0 10.0 10.0 10.0 8.0 10.0 9.0 10.0 9.0 10.0 8.0 37.0 11.0 10.0 10.0 10.0 8.0 12.0 11.0 31.0 11.0 10.0 8.0 55.0 12.0 11.0 9.0 10.0 8.0 10.0 12.0 10.0 10.0 10.0 8.0 9.0 14.0 49.0 9.0 11.0 8.0 46.0 11.0 10.0 10.0 15.0 8.0 9.0 11.0 10.0 9.0 9.0 8.0 10.0 10.0 10.0 10.0 10.0 9.0 10.0 10.0 10.0 10.0 10.0 8.0 10.0 11.0 12.0 9.0 10.0 7.0 67.0 30.0 10.0 10.0 10.0 8.0 9.0 12.0 28.0 9.0 10.0 8.0 9.0 13.0 44.0 10.0 10.0 8.0 9.0 10.0 11.0 10.0 10.0 8.0 13.0 12.0 11.0 58.0 12.0 8.0 10.0 10.0 11.0 14.0 10.0 8.0 9.0 10.0 10.0 10.0 10.0 8.0 25.0 11.0 10.0 9.0 10.0 9.0 9.0 12.0 10.0 10.0 11.0 8.0 49.0 10.0 11.0 18.0 9.0 7.0 9.0 10.0 43.0 9.0 9.0 8.0 10.0 13.0 10.0 13.0 10.0 8.0 10.0 10.0 9.0 9.0 10.0 8.0 9.0 10.0 10.0 9.0 9.0 8.0 10.0 10.0 10.0 10.0 10.0 8.0 27.0 11.0 11.0 10.0 10.0 8.0 9.0 9.0 9.0 9.0 10.0 8.0 10.0 11.0 11.0 9.0 9.0 8.0 47.0 12.0 11.0 10.0 10.0 7.0 9.0 42.0 10.0 13.0 9.0 8.0 26.0 10.0 10.0 10.0 10.0 8.0 9.0 10.0 10.0 9.0 10.0 8.0 9.0 9.0 11.0 9.0 10.0 8.0 10.0 10.0 10.0 17.0 10.0 8.0 18.0 11.0 10.0 9.0 10.0 7.0 28.0 10.0 10.0 10.0 10.0 9.0 41.0 10.0 10.0 10.0 10.0 8.0 61.0 11.0 10.0 10.0 10.0 8.0 9.0 10.0 10.0 41.0 10.0 8.0 9.0 10.0 10.0 10.0 9.0 8.0 9.0 11.0 11.0 9.0 10.0 8.0 9.0 9.0 10.0 9.0 10.0 8.0 10.0 9.0 10.0 9.0 10.0 8.0 18.0 10.0 10.0 9.0 9.0 8.0 9.0 9.0 10.0 10.0 11.0 8.0 10.0 14.0 11.0 10.0 10.0 8.0 46.0 13.0 12.0 9.0 10.0 8.0 10.0 13.0 48.0 10.0 9.0 8.0 12.0 12.0 10.0 53.0 9.0 8.0 9.0 12.0 10.0 10.0 10.0 8.0 11.0 10.0 10.0 10.0 15.0 8.0 10.0 13.0 10.0 10.0 10.0 8.0 9.0 10.0 10.0 15.0 9.0 8.0 55.0 12.0 11.0 10.0 10.0 8.0 11.0 12.0 11.0 9.0 11.0
48 49 1 TRACE 14.0 13.0 12.0 11.0 11.0 11.0 7.0 11.0 10.0 9.0 9.0 10.0 8.0 13.0 11.0 9.0 11.0 10.0 9.0 27.0 18.0 49.0 12.0 12.0 8.0 11.0 10.0 10.0 12.0 10.0 7.0 22.0 10.0 9.0 11.0 10.0 7.0 17.0 10.0 10.0 10.0 10.0 9.0 13.0 11.0 11.0 13.0 10.0 8.0 32.0 11.0 10.0 11.0 10.0 7.0 10.0 10.0 10.0 11.0 9.0 8.0 13.0 10.0 9.0 11.0 9.0 9.0 15.0 12.0 11.0 12.0 11.0 8.0 11.0 9.0 9.0 11.0 9.0 8.0 11.0 10.0 9.0 11.0 10.0 10.0 13.0 12.0 11.0 11.0 10.0 8.0 17.0 11.0 9.0 11.0 10.0 7.0 13.0 10.0 9.0 11.0 9.0 8.0 12.0 11.0 10.0 11.0 11.0 9.0 13.0 11.0 10.0 12.0 11.0 7.0 23.0 10.0 9.0 10.0 25.0 7.0 14.0 30.0 9.0 10.0 9.0 9.0 13.0 11.0 11.0 11.0 10.0 8.0 16.0 12.0 10.0 12.0 10.0 7.0 11.0 9.0 9.0 9.0 9.0 8.0 17.0 10.0 10.0 11.0 9.0 9.0 12.0 12.0 11.0 11.0 11.0 7.0 18.0 10.0 9.0 10.0 10.0 8.0 18.0 10.0 10.0 10.0 10.0 9.0 13.0 12.0 10.0 11.0 10.0 7.0 21.0 10.0 10.0 11.0 10.0 8.0 20.0 10.0 10.0 11.0 9.0 9.0 13.0 12.0 11.0 11.0 10.0 7.0 30.0 12.0 10.0 11.0 10.0 8.0 13.0 9.0 9.0 11.0 10.0 9.0 12.0 11.0 10.0 12.0 11.0 7.0 16.0 11.0 9.0 10.0 10.0 8.0 9.0 9.0 10.0 10.0 10.0 9.0 13.0 12.0 11.0 11.0 10.0 8.0 17.0 10.0 10.0 10.0 10.0 7.0 15.0 10.0 9.0 11.0 9.0 9.0 17.0 12.0 11.0 11.0 10.0 7.0 17.0 10.0 9.0 11.0 10.0 7.0 9.0 10.0 9.0 11.0 10.0 9.0 14.0 12.0 11.0 11.0 11.0 8.0 53.0 41.0 10.0 14.0 10.0 7.0 15.0 10.0 9.0 12.0 10.0 9.0 14.0 12.0 11.0 13.0 11.0 8.0 10.0 10.0 9.0 12.0 10.0 8.0 25.0 10.0 10.0 12.0 10.0 9.0 15.0 12.0 11.0 12.0 10.0 8.0 20.0 11.0 10.0 12.0 10.0 8.0 9.0 10.0 9.0 10.0 10.0 9.0 12.0 12.0 11.0 10.0 11.0 7.0 18.0 11.0 10.0 11.0 11.0 8.0 10.0 10.0 9.0 10.0 10.0 10.0 13.0 12.0 11.0 12.0 11.0 7.0 10.0 10.0 10.0 12.0 10.0 8.0 10.0 10.0 9.0 12.0 10.0 9.0 12.0 15.0 10.0 12.0 11.0 8.0 17.0 11.0 10.0 11.0 11.0 8.0 9.0 9.0 9.0 12.0 10.0 8.0 10.0 10.0 9.0 10.0 10.0 9.0 13.0 14.0 10.0 11.0 11.0 7.0 25.0 10.0 9.0 10.0 10.0 7.0 9.0 9.0 10.0 11.0 9.0 8.0 13.0 12.0 10.0 13.0 12.0 7.0 9.0 9.0 9.0 10.0 9.0 8.0 17.0 9.0 10.0 10.0 9.0 9.0 13.0 11.0 11.0 11.0 10.0 8.0 15.0 11.0 10.0 11.0 10.0 8.0 9.0 9.0 9.0 11.0 11.0 9.0 17.0 12.0 11.0 13.0 11.0 8.0 36.0 10.0 10.0 10.0 11.0 7.0 10.0 11.0 10.0 12.0 10.0 9.0 12.0 11.0 11.0 13.0 10.0 8.0 28.0 11.0 10.0 13.0 10.0 8.0 14.0 10.0 9.0 12.0 10.0 9.0 24.0 11.0 11.0 12.0 11.0 8.0 10.0 11.0 10.0 12.0 10.0 8.0 9.0 10.0 10.0 12.0 10.0 9.0 13.0 12.0 10.0 11.0 55.0 7.0 9.0 9.0 9.0 11.0 10.0 8.0 9.0 10.0 9.0 12.0 9.0 8.0 21.0 11.0 19.0 10.0 11.0 7.0 10.0 10.0 9.0 12.0 10.0 7.0 9.0 10.0 9.0 12.0 10.0 9.0 34.0 12.0 11.0 11.0 11.0 7.0 10.0 10.0 9.0 10.0 13.0 8.0 56.0 10.0 9.0 10.0 10.0 8.0 14.0 11.0 11.0 12.0 10.0 8.0 19.0 11.0 10.0 11.0 10.0 7.0 9.0 10.0 9.0 11.0 9.0 7.0 10.0 10.0 9.0 10.0 10.0 10.0 13.0 12.0 10.0 12.0 11.0 7.0 10.0 11.0 9.0 11.0 9.0 7.0 18.0 9.0 10.0 11.0 10.0 9.0 31.0 12.0 11.0 10.0 11.0 7.0 12.0 10.0 10.0 11.0 9.0 8.0 9.0 10.0 10.0 11.0 10.0 9.0 12.0 12.0 11.0 11.0 31.0 8.0 11.0 10.0 10.0 11.0 11.0 8.0 13.0 10.0 9.0 10.0 9.0 9.0 15.0 12.0 11.0 12.0 10.0 7.0 49.0 9.0 9.0 11.0 10.0 7.0 9.0 10.0 10.0 12.0 9.0 10.0 14.0 12.0 11.0 12.0 10.0 7.0 10.0 10.0 10.0 10.0 10.0 8.0 54.0 10.0 10.0 12.0 10.0 10.0 53.0 11.0 11.0 12.0 10.0 8.0 17.0 13.0 10.0 14.0 10.0 7.0 17.0 9.0 9.0 9.0 9.0 9.0 16.0 12.0 11.0 10.0 10.0 8.0 19.0 11.0 10.0 11.0 10.0 7.0 9.0 10.0 9.0 11.0 9.0 7.0 10.0 9.0 9.0 10.0 10.0 9.0 14.0 11.0 10.0 11.0 11.0 8.0 14.0 10.0 10.0 10.0 9.0 8.0 11.0 9.0 9.0 10.0 10.0 9.0 13.0 11.0 11.0 12.0 10.0 8.0 11.0 10.0 9.0 11.0 10.0 8.0 31.0 10.0 10.0 16.0 9.0 10.0 20.0 12.0 11.0 16.0 11.0 7.0 15.0 9.0 9.0 11.0 10.0 8.0 9.0 9.0 9.0 10.0 9.0 9.0 13.0 13.0 11.0 11.0 10.0 8.0 10.0 10.0 9.0 10.0 10.0 8.0 10.0 10.0 9.0 11.0 9.0 9.0 12.0 12.0 11.0 11.0 11.0 8.0 10.0 10.0 10.0 11.0 10.0 7.0 10.0 9.0 10.0 9.0 10.0 10.0 13.0 12.0 12.0 11.0 11.0 7.0 12.0 10.0 9.0 10.0 10.0 7.0 9.0 10.0 9.0 11.0 10.0 10.0 17.0 12.0 11.0 11.0 10.0 8.0 18.0 10.0 12.0 10.0 10.0 7.0 17.0 10.0 9.0 11.0 10.0 9.0 14.0 12.0 11.0 10.0 10.0 8.0 12.0 12.0 9.0 11.0 10.0 7.0 11.0 10.0 9.0 11.0 10.0 9.0 12.0 12.0 10.0 13.0 11.0 7.0 10.0 9.0 9.0 10.0 10.0 7.0 9.0 9.0 10.0 11.0 9.0 9.0 13.0 44.0 11.0 12.0 10.0 8.0 16.0 10.0 9.0 10.0 10.0 7.0 17.0 11.0 9.0 13.0 10.0 9.0 13.0 12.0 11.0 11.0 10.0 8.0 16.0 9.0 9.0 10.0 10.0 7.0 11.0 9.0 9.0 11.0 9.0 9.0 15.0 13.0 11.0 11.0 11.0 8.0 21.0 11.0 10.0 11.0 10.0 7.0 10.0 43.0 10.0 10.0 10.0 8.0 11.0 12.0 10.0 10.0 11.0 8.0 16.0 11.0 10.0 11.0 11.0 8.0 14.0 9.0 9.0 11.0 9.0 7.0 9.0 11.0 9.0 11.0 9.0 12.0 20.0 12.0 11.0 11.0 11.0 8.0 14.0 10.0 9.0 11.0 9.0 7.0 63.0 10.0 9.0 11.0 10.0 8.0 122.0 11.0 11.0 10.0 11.0 8.0 14.0 12.0 11.0 10.0 11.0 8.0 9.0 9.0 9.0 11.0 10.0 8.0 20.0 10.0 10.0 11.0 11.0 9.0 12.0 12.0 11.0 11.0 10.0 7.0 10.0 10.0 9.0 10.0 10.0 7.0 31.0 10.0 9.0 12.0 10.0 10.0 13.0 12.0 11.0 13.0 11.0 8.0 10.0 9.0 10.0 9.0 9.0 7.0 9.0 10.0 9.0 9.0 9.0 9.0 25.0 43.0 44.0 10.0 11.0 8.0 10.0 10.0 10.0 11.0 22.0 7.0 9.0 10.0 9.0 11.0 10.0 9.0 13.0 11.0 10.0 11.0 10.0 7.0 13.0 10.0 9.0 10.0 10.0 8.0 9.0 10.0 9.0 11.0 10.0 10.0 13.0 11.0 11.0 11.0 10.0 7.0 12.0 10.0 9.0 10.0 10.0 7.0 9.0 14.0 42.0 9.0 9.0 8.0 16.0 52.0 11.0 11.0 11.0 7.0 9.0 10.0 9.0 11.0 10.0 7.0 10.0 11.0 10.0 10.0 9.0 9.0 13.0 12.0 11.0 11.0 10.0 7.0 12.0 10.0 9.0 11.0 10.0 7.0 39.0 9.0 9.0 11.0 10.0 10.0 47.0 12.0 11.0 12.0 10.0 8.0 19.0 10.0 10.0 10.0 10.0 8.0 10.0 47.0 10.0 10.0 9.0 9.0 22.0 12.0 11.0 19.0 13.0 7.0 17.0 9.0 10.0 10.0 10.0 7.0 9.0 14.0 10.0 10.0 10.0 8.0 11.0 11.0 10.0 10.0 12.0 8.0 41.0 10.0 9.0 12.0 9.0 8.0 13.0 10.0 10.0 11.0 10.0 9.0 15.0 12.0 10.0 13.0 11.0 7.0 11.0 10.0 10.0 12.0 10.0 8.0 10.0 15.0 9.0 12.0 15.0 9.0 14.0 12.0 10.0 12.0 10.0 8.0 19.0 12.0 10.0 12.0 11.0 8.0 15.0 9.0 10.0 12.0 10.0 7.0 20.0 11.0 10.0 12.0 10.0 9.0 16.0 12.0 11.0 12.0 10.0 8.0 14.0 10.0 9.0 12.0 10.0 7.0 17.0 9.0 10.0 12.0 10.0
49 47 1 TRACE 30.0 21.0 19.0 19.0 17.0 14.0 14.0 13.0 14.0 14.0 13.0 13.0 636.0 14.0 13.0 35.0 34.0 33.0 30.0 26.0 19.0 33.0 17.0 18.0 16.0 13.0 13.0 13.0 13.0 13.0 13.0 25.0 13.0 13.0 14.0 35.0 32.0 29.0 29.0 23.0 18.0 17.0 16.0 19.0 15.0 13.0 13.0 13.0 15.0 13.0 18.0 13.0 12.0 14.0 17.0 22.0 25.0 17.0 19.0 17.0 22.0 14.0 13.0 15.0 13.0 14.0 13.0 50.0 18.0 13.0 27.0 23.0 24.0 58.0 23.0 15.0 15.0 14.0 16.0 15.0 13.0 27.0 13.0 14.0 13.0 35.0 33.0 29.0 28.0 25.0 19.0 18.0 17.0 19.0 16.0 38.0 14.0 13.0 14.0 12.0 16.0 12.0 12.0 14.0 12.0 38.0 32.0 37.0 29.0 24.0 19.0 18.0 17.0 18.0 15.0 15.0 13.0 13.0 14.0 13.0 12.0 40.0 47.0 18.0 12.0 22.0 19.0 18.0 19.0 16.0 13.0 33.0 48.0 19.0 14.0 13.0 13.0 13.0 14.0 13.0 24.0 20.0 18.0 20.0 17.0 13.0 14.0 13.0 16.0 13.0 13.0 13.0 12.0 14.0 12.0 35.0 30.0 26.0 24.0 21.0 17.0 17.0 16.0 16.0 16.0 32.0 13.0 13.0 16.0 21.0 67.0 23.0 21.0 21.0 24.0 15.0 16.0 14.0 16.0 54.0 14.0 13.0 12.0 14.0 13.0 31.0 24.0 21.0 23.0 19.0 16.0 16.0 15.0 17.0 14.0 12.0 13.0 13.0 14.0 13.0 24.0 21.0 26.0 18.0 17.0 14.0 14.0 13.0 15.0 13.0 13.0 13.0 12.0 20.0 14.0 32.0 28.0 24.0 31.0 21.0 16.0 17.0 16.0 17.0 16.0 13.0 13.0 12.0 15.0 12.0 23.0 20.0 18.0 21.0 17.0 45.0 14.0 13.0 16.0 13.0 13.0 13.0 13.0 15.0 13.0 32.0 27.0 22.0 23.0 21.0 16.0 16.0 15.0 18.0 15.0 14.0 13.0 19.0 13.0 13.0 33.0 28.0 30.0 24.0 21.0 17.0 17.0 15.0 18.0 17.0 14.0 14.0 12.0 14.0 26.0 26.0 22.0 19.0 21.0 18.0 14.0 34.0 13.0 16.0 14.0 13.0 14.0 13.0 14.0 12.0 34.0 51.0 24.0 25.0 30.0 55.0 17.0 24.0 17.0 16.0 13.0 20.0 13.0 16.0 13.0 12.0 13.0 12.0 15.0 13.0 25.0 19.0 17.0 19.0 16.0 14.0 13.0 13.0 50.0 13.0 13.0 13.0 13.0 14.0 13.0 22.0 19.0 17.0 24.0 16.0 43.0 13.0 13.0 15.0 13.0 81.0 12.0 12.0 15.0 13.0 33.0 29.0 24.0 23.0 22.0 18.0 16.0 16.0 27.0 15.0 13.0 13.0 12.0 14.0 12.0 26.0 23.0 20.0 20.0 18.0 15.0 15.0 13.0 16.0 40.0 49.0 14.0 13.0 15.0 12.0 25.0 68.0 20.0 20.0 17.0 14.0 14.0 14.0 16.0 13.0 14.0 12.0 12.0 15.0 12.0 29.0 26.0 23.0 22.0 20.0 16.0 16.0 15.0 17.0 14.0 12.0 13.0 22.0 13.0 12.0 22.0 19.0 18.0 19.0 17.0 16.0 13.0 47.0 19.0 13.0 13.0 12.0 12.0 15.0 13.0 53.0 19.0 17.0 18.0 16.0 13.0 13.0 13.0 15.0 13.0 12.0 14.0 13.0 15.0 12.0 34.0 20.0 17.0 18.0 17.0 13.0 14.0 13.0 14.0 13.0 13.0 13.0 13.0 13.0 13.0 34.0 36.0 27.0 25.0 21.0 37.0 80.0 16.0 19.0 16.0 13.0 14.0 12.0 14.0 13.0 13.0 13.0 12.0 15.0 12.0 28.0 23.0 21.0 21.0 19.0 15.0 15.0 14.0 15.0 15.0 13.0 13.0 12.0 14.0 12.0 30.0 25.0 23.0 21.0 19.0 15.0 16.0 15.0 17.0 15.0 19.0 14.0 13.0 15.0 13.0 34.0 27.0 25.0 23.0 21.0 52.0 16.0 15.0 17.0 15.0 12.0 13.0 13.0 14.0 13.0 22.0 28.0 18.0 27.0 16.0 13.0 14.0 13.0 16.0 15.0 12.0 13.0 13.0 15.0 12.0 24.0 21.0 19.0 19.0 17.0 14.0 38.0 14.0 15.0 14.0 13.0 14.0 13.0 14.0 13.0 33.0 29.0 24.0 23.0 20.0 17.0 16.0 16.0 19.0 15.0 12.0 13.0 12.0 14.0 14.0 35.0 28.0 24.0 24.0 21.0 17.0 16.0 15.0 18.0 16.0 13.0 14.0 13.0 13.0 13.0 13.0 39.0 12.0 13.0 13.0 29.0 25.0 22.0 23.0 19.0 17.0 35.0 15.0 28.0 15.0 13.0 17.0 12.0 14.0 12.0 31.0 25.0 23.0 22.0 19.0 16.0 16.0 15.0 18.0 15.0 15.0 13.0 13.0 14.0 15.0 52.0 20.0 17.0 20.0 20.0 14.0 13.0 13.0 15.0 15.0 13.0 13.0 19.0 13.0 13.0 21.0 18.0 18.0 19.0 16.0 13.0 14.0 13.0 15.0 13.0 15.0 13.0 13.0 15.0 13.0 99.0 22.0 19.0 20.0 17.0 14.0 13.0 14.0 16.0 14.0 12.0 13.0 13.0 14.0 12.0 83.0 22.0 21.0 20.0 17.0 13.0 18.0 14.0 15.0 14.0 16.0 13.0 13.0 14.0 13.0 31.0 20.0 18.0 18.0 17.0 13.0 168.0 14.0 16.0 14.0 13.0 44.0 13.0 14.0 13.0 23.0 20.0 56.0 18.0 16.0 14.0 13.0 14.0 14.0 14.0 13.0 18.0 13.0 15.0 13.0 21.0 19.0 18.0 19.0 16.0 13.0 13.0 12.0 14.0 13.0 49.0 13.0 12.0 15.0 12.0 67.0 23.0 21.0 20.0 18.0 14.0 14.0 14.0 57.0 14.0 13.0 13.0 12.0 16.0 12.0 23.0 37.0 20.0 18.0 17.0 13.0 16.0 13.0 15.0 13.0 13.0 12.0 12.0 14.0 16.0 32.0 28.0 24.0 22.0 21.0 17.0 17.0 15.0 18.0 14.0 49.0 15.0 14.0 14.0 13.0 34.0 91.0 30.0 27.0 25.0 18.0 18.0 16.0 18.0 54.0 13.0 13.0 12.0 14.0 13.0 18.0 13.0 12.0 14.0 13.0 25.0 21.0 18.0 18.0 16.0 13.0 13.0 13.0 14.0 13.0 20.0 13.0 14.0 15.0 12.0 36.0 33.0 34.0 30.0 30.0 25.0 56.0 17.0 16.0 16.0 13.0 13.0 13.0 14.0 12.0 13.0 13.0 13.0 29.0 13.0 125.0 25.0 22.0 23.0 19.0 15.0 15.0 14.0 16.0 14.0 13.0 13.0 12.0 14.0 13.0 35.0 20.0 18.0 19.0 17.0 13.0 15.0 13.0 15.0 13.0 13.0 53.0 13.0 12.0 13.0 30.0 25.0 22.0 21.0 19.0 18.0 18.0 17.0 18.0 16.0 13.0 14.0 13.0 15.0 13.0 26.0 21.0 19.0 21.0 17.0 14.0 14.0 14.0 16.0 14.0 12.0 34.0 14.0 15.0 14.0 23.0 20.0 18.0 20.0 21.0 15.0 14.0 13.0 15.0 13.0 13.0 13.0 13.0 13.0 13.0 22.0 45.0 18.0 21.0 50.0 14.0 13.0 13.0 15.0 13.0 13.0 13.0 12.0 14.0 13.0 24.0 20.0 17.0 19.0 16.0 14.0 13.0 13.0 15.0 13.0 13.0 13.0 12.0 15.0 12.0 39.0 23.0 20.0 20.0 17.0 14.0 15.0 14.0 15.0 14.0 13.0 13.0 13.0 12.0 14.0 23.0 21.0 18.0 55.0 40.0 15.0 13.0 13.0 15.0 13.0 48.0 14.0 31.0 13.0 12.0 58.0 21.0 17.0 20.0 20.0 13.0 14.0 13.0 14.0 13.0 12.0 20.0 16.0 13.0 12.0 27.0 41.0 19.0 21.0 18.0 13.0 14.0 14.0 16.0 14.0 12.0 12.0 12.0 18.0 45.0 31.0 28.0 24.0 25.0 21.0 17.0 17.0 16.0 19.0 15.0 13.0 47.0 13.0 15.0 12.0 13.0 12.0 12.0 15.0 12.0 22.0 57.0 18.0 20.0 19.0 13.0 14.0 12.0 16.0 13.0 13.0 12.0 12.0 15.0 12.0
49 50 1 TRACE 59.0 108.0 783.0 99.0 55.0 30.0 31.0 36.0 99.0 51.0 132.0 92.0 96.0 31.0 31.0 56.0 30.0 92.0 45.0 29.0 35.0 44.0 134.0 170.0 104.0 111.0 32.0 42.0 51.0 33.0 39.0 32.0 107.0 113.0 82.0 28.0 54.0 35.0 56.0 81.0 68.0 146.0 69.0 67.0 34.0 49.0 62.0 45.0 57.0 69.0 159.0 72.0 87.0 34.0 31.0 36.0 229.0 52.0 31.0 149.0 33.0 32.0 133.0 31.0 40.0 31.0 351.0 298.0 167.0 74.0 148.0 109.0 29.0 65.0 52.0 37.0 111.0 133.0 91.0 138.0 146.0 33.0 43.0 109.0 34.0 144.0 62.0 32.0 69.0 82.0 80.0 82.0 70.0 74.0 84.0 32.0 33.0 38.0 124.0 120.0 103.0 63.0 102.0 311.0 63.0 33.0 44.0 109.0 129.0 73.0 58.0 113.0 132.0 31.0 101.0 32.0 94.0 162.0 100.0 77.0 28.0 29.0 123.0 33.0 206.0 135.0 30.0 30.0 75.0 478.0 51.0 132.0 31.0 318.0 202.0 207.0 192.0 181.0 50.0 166.0 61.0 83.0 86.0 56.0 51.0 103.0 31.0 124.0 152.0 100.0 48.0 30.0 97.0 67.0 299.0 39.0 112.0 38.0 30.0 89.0 149.0 32.0 107.0 127.0 97.0 183.0 289.0 29.0 112.0 47.0 93.0 88.0 70.0 83.0 207.0 45.0 40.0 29.0 43.0 92.0 70.0 92.0 126.0 116.0 49.0 37.0 28.0 39.0 38.0 28.0 101.0 150.0 155.0 71.0 29.0 118.0 37.0 30.0 83.0 33.0 83.0 96.0
50 25 1 TRACE 62.0 20.0 20.0 55.0 42.0 28.0 20.0 20.0 21.0 22.0 20.0 20.0 21.0 20.0 20.0 19.0 20.0 20.0 20.0 20.0 21.0 19.0 56.0 21.0 21.0 59.0 20.0 26.0 20.0 19.0 26.0 20.0 21.0 19.0 457.0 27.0 20.0 59.0 20.0 24.0 22.0 21.0 25.0 20.0 19.0 20.0 20.0 20.0 19.0 19.0 19.0 26.0 20.0 25.0 20.0
50 41 1 TRACE 8.0 9.0 8.0 9.0 8.0 8.0 8.0 8.0 9.0 8.0 9.0 8.0 8.0 8.0 8.0 8.0 9.0 11.0 9.0 8.0 8.0 8.0 9.0 8.0 9.0 8.0 9.0 9.0 8.0 9.0 9.0 8.0 8.0 8.0 8.0 8.0 9.0 8.0 8.0 9.0 8.0 8.0 8.0 8.0 8.0 8.0 9.0 9.0 8.0 9.0 9.0 8.0 8.0 9.0 8.0 9.0 8.0 9.0 8.0 8.0 8.0 9.0 8.0 8.0 9.0 8.0 8.0 8.0 8.0 8.0 8.0 8.0 8.0 9.0 9.0 9.0 12.0 9.0 8.0 9.0 8.0 8.0 8.0 8.0 8.0 9.0 9.0 9.0 8.0 8.0 8.0 8.0 8.0 8.0 8.0 9.0 8.0 9.0 9.0 8.0 8.0 8.0 9.0 8.0 8.0 9.0 20.0 8.0 8.0 8.0 8.0 8.0 9.0 9.0 9.0 8.0 8.0 9.0 9.0 9.0 9.0 8.0 8.0 8.0 8.0 9.0 8.0 9.0 8.0 11.0 8.0 8.0 9.0 8.0 8.0 8.0 9.0 8.0
50 51 1 TRACE 39.0 33.0 29.0 134.0 42.0 69.0 64.0 64.0 46.0
51 52 1 TRACE 96.0 96.0 106.0 87.0 109.0 107.0 180.0 105.0 88.0 86.0 99.0 106.0 78.0 94.0 104.0 104.0 101.0 76.0 87.0 77.0 80.0 155.0 77.0 105.0 85.0 75.0 96.0 113.0 86.0 86.0 104.0 98.0 112.0 103.0 171.0 102.0 75.0 75.0 100.0 142.0 154.0 76.0 398.0 100.0 94.0 94.0 103.0 99.0 96.0 80.0 140.0 88.0 104.0 188.0 86.0 76.0 97.0 102.0 81.0 98.0 74.0 90.0 107.0 102.0
52 53 1 TRACE 41.0 25.0 58.0 32.0 23.0 111.0 25.0 24.0 61.0 34.0 35.0 24.0 25.0 24.0 58.0 104.0 35.0 24.0 61.0 24.0 52.0 24.0 24.0 35.0 35.0 55.0 55.0 44.0 59.0 183.0 35.0 58.0 51.0 35.0 23.0 36.0 46.0 57.0 58.0 24.0 29.0 24.0 140.0 66.0 26.0 25.0 42.0 25.0 61.0 68.0 24.0 57.0 35.0 56.0 34.0 64.0 59.0 35.0 39.0 46.0 30.0 48.0 24.0 54.0
53 54 1 TRACE 27.0 16.0 17.0 14.0 19.0 137.0 21.0 21.0 21.0 21.0 18.0 20.0 18.0 14.0 17.0 35.0 17.0 14.0 14.0 13.0 28.0 78.0 13.0 17.0 18.0 19.0 17.0 18.0 17.0 17.0 18.0 13.0 22.0 19.0 65.0 17.0 17.0 14.0 21.0 28.0 18.0 13.0 19.0 18.0 18.0 14.0 14.0 15.0 17.0 13.0 16.0 15.0 13.0 16.0 18.0 25.0 23.0 20.0 18.0 17.0 13.0 14.0 14.0 13.0
54 55 1 TRACE 44.0 20.0 24.0 20.0 20.0 43.0 39.0 20.0 19.0 20.0 19.0 19.0 20.0 21.0 20.0 20.0 19.0 20.0 20.0 19.0 24.0 20.0 19.0 21.0 19.0 20.0 20.0 19.0 19.0 31.0 20.0 20.0 22.0 18.0 20.0 19.0 19.0 20.0 19.0 19.0 20.0 19.0 18.0 19.0 21.0 19.0 19.0 19.0 20.0 19.0 20.0 19.0 19.0 19.0 20.0 20.0 20.0 19.0 20.0 20.0 19.0 20.0 20.0 19.0
55 56 1 TRACE 11.0 8.0 7.0 7.0 8.0 18.0 8.0 8.0 7.0 8.0 7.0 7.0 8.0 8.0 8.0 7.0 8.0 8.0 8.0 8.0 8.0 8.0 7.0 8.0 8.0 8.0 7.0 8.0 7.0 8.0 8.0 8.0 7.0 7.0 8.0 7.0 8.0 8.0 8.0 7.0 8.0 8.0 8.0 8.0 8.0 7.0 7.0 7.0 8.0 8.0 8.0 8.0 8.0 8.0 8.0 8.0 8.0 8.0 7.0 8.0 8.0 8.0 8.0 8.0
56 57 1 TRACE 11.0 7.0 8.0 7.0 8.0 7.0 8.0 8.0 8.0 7.0 8.0 8.0 8.0 8.0 7.0 8.0 8.0 7.0 7.0 8.0 8.0 8.0 8.0 8.0 7.0 7.0 8.0 7.0 8.0 8.0 8.0 8.0 8.0 8.0 7.0 8.0 7.0 7.0 7.0 8.0 8.0 7.0 6.0 8.0 7.0 8.0 8.0 8.0 8.0 8.0 7.0 7.0 7.0 7.0 7.0 7.0 7.0 8.0 8.0 7.0 7.0 7.0 8.0 7.0
57 58 1 TRACE 10.0 8.0 7.0 8.0 7.0 7.0 7.0 7.0 7.0 8.0 7.0 7.0 7.0 8.0 7.0 7.0 7.0 8.0 7.0 7.0 7.0 8.0 7.0 7.0 8.0 8.0 7.0 8.0 7.0 7.0 7.0 8.0 7.0 7.0 8.0 7.0 8.0 8.0 7.0 7.0 7.0 8.0 7.0 8.0 7.0 7.0 7.0 7.0 7.0 8.0 8.0 8.0 8.0 8.0 8.0 8.0 8.0 8.0 7.0 8.0 8.0 8.0 8.0 8.0
58 59 1 TRACE 15.0 9.0 8.0 8.0 8.0 8.0 9.0 9.0 8.0 9.0 8.0 8.0 8.0 8.0 9.0 8.0 8.0 8.0 8.0 8.0 8.0 8.0 8.0 8.0 8.0 8.0 8.0 8.0 8.0 19.0 8.0 8.0 8.0 8.0 9.0 8.0 8.0 8.0 8.0 8.0 8.0 8.0 8.0 8.0 9.0 8.0 8.0 8.0 8.0 8.0 8.0 8.0 9.0 8.0 9.0 8.0 8.0 8.0 8.0 8.0 8.0 8.0 8.0 8.0
59 60 1 TRACE 7.0 7.0 8.0 7.0 8.0 19.0 7.0 7.0 7.0 7.0 8.0 8.0 8.0 7.0 8.0 7.0 8.0 7.0 8.0 8.0 8.0 8.0 8.0 7.0 7.0 7.0 7.0 7.0 7.0 20.0 7.0 7.0 8.0 8.0 7.0 8.0 7.0 7.0 8.0 8.0 7.0 7.0 7.0 7.0 7.0 8.0 8.0 8.0 8.0 7.0 7.0 7.0 8.0 7.0 7.0 7.0 7.0 7.0 8.0 7.0 7.0 7.0 7.0 7.0
60 61 1 TRACE 8.0 7.0 8.0 8.0 7.0 7.0 8.0 8.0 8.0 7.0 7.0 8.0 7.0 8.0 7.0 8.0 7.0 10.0 7.0 8.0 7.0 8.0 8.0 7.0 8.0 8.0 8.0 7.0 8.0 19.0 8.0 8.0 7.0 7.0 7.0 7.0 7.0 8.0 7.0 7.0 8.0 7.0 10.0 8.0 7.0 7.0 7.0 8.0 8.0 8.0 7.0 8.0 7.0 8.0 7.0 7.0 8.0 8.0 7.0 8.0 7.0 7.0 8.0 8.0
61 62 1 TRACE 8.0 8.0 7.0 8.0 7.0 7.0 7.0 7.0 7.0 8.0 7.0 7.0 7.0 7.0 7.0 7.0 7.0 7.0 7.0 16.0 7.0 7.0 7.0 8.0 8.0 8.0 7.0 8.0 7.0 7.0 7.0 7.0 7.0 7.0 8.0 7.0 8.0 7.0 7.0 7.0 8.0 8.0 20.0 7.0 8.0 7.0 7.0 7.0 7.0 7.0 8.0 8.0 7.0 7.0 7.0 8.0 8.0 7.0 7.0 8.0 8.0 8.0 8.0 8.0
62 1 1 TRACE 24.0 23.0 25.0 21.0 22.0 21.0 31.0 21.0 22.0 21.0 22.0 21.0 22.0 22.0 22.0 21.0 21.0 26.0 21.0 27.0 24.0 22.0 21.0 24.0 30.0 21.0 22.0 21.0 32.0 21.0 21.0 33.0 23.0 22.0 27.0 21.0 21.0 24.0 24.0 22.0 61.0 24.0 26.0 28.0 22.0 21.0 31.0 21.0 34.0 21.0 21.0 28.0 21.0 21.0 25.0 21.0 21.0 26.0 23.0 21.0 21.0 31.0 21.0
