0 1 1 TRACE 1672856943266819.0
1 2 1 TRACE 12127.0 26.0 25.0 25.0 28.0 28.0 29.0 26.0 25.0 25.0 30.0 24.0 28.0 25.0 26.0 24.0 24.0 26.0 27.0 24.0 27.0 31.0 37.0 26.0 26.0 27.0 27.0 28.0 25.0 25.0 25.0 25.0 36.0 24.0 26.0 24.0 24.0 25.0 25.0 45.0 28.0 25.0 26.0 27.0 27.0 26.0 25.0 26.0 26.0 29.0 27.0 27.0 26.0 49.0 28.0 35.0 28.0 39.0 25.0 27.0 26.0 27.0 24.0 25.0
2 3 1 TRACE 1413.0 35.0 34.0 35.0 33.0 32.0 46.0 30.0 34.0 33.0 35.0 51.0 32.0 32.0 32.0 39.0 33.0 35.0 52.0 34.0 70.0 31.0 31.0 33.0 33.0 35.0 31.0 32.0 135.0 36.0 60.0 36.0 34.0 33.0 33.0 33.0 34.0 102.0 32.0 28.0 27.0 45.0 46.0 32.0 33.0 33.0 33.0 33.0 34.0 28.0 32.0 32.0 34.0 28.0 33.0 35.0 33.0 34.0 58.0 36.0 31.0 27.0 56.0 34.0
3 4 1 TRACE 73.0 36.0 25.0 21.0 26.0 51.0 50.0 45.0 151.0 52.0 60.0 84.0 41.0 54.0 46.0 51.0 78.0 64.0 56.0 35.0 20.0 34.0 60.0 50.0 57.0 29.0 45.0 32.0 51.0 22.0 76.0 43.0 21.0 28.0 37.0 55.0 51.0 133.0 78.0 55.0 71.0 21.0 21.0 23.0 21.0 20.0 26.0 25.0 20.0 48.0 62.0 26.0 34.0 55.0 52.0 22.0 32.0 59.0 54.0 55.0 33.0 22.0 50.0 49.0
4 5 1 TRACE 25.0 14.0 14.0 14.0 13.0 16.0 19.0 59.0 76.0 14.0 14.0 14.0 13.0 16.0 16.0 14.0 14.0 25.0 21.0 31.0 64.0 14.0 19.0 18.0 13.0 14.0 13.0 17.0 32.0 20.0 24.0 14.0 19.0 13.0 30.0 15.0 13.0 45.0 18.0 19.0 25.0 15.0 14.0 57.0 14.0 14.0 14.0 17.0 14.0 15.0 46.0 21.0 14.0 16.0 57.0 16.0 19.0 16.0 14.0 19.0 13.0 14.0 21.0 20.0
5 6 1 TRACE 39.0 225.0 153.0 161.0 151.0 20.0 26.0 21.0 15.0 52.0 54.0 45.0 20.0 116.0 104.0 35.0 32.0 23.0 26.0 13.0 14.0 19.0 57.0 26.0 22.0 31.0 25.0 11.0 14.0 21.0 43.0 17.0 19.0 19.0 12.0 29.0 35.0 39.0 45.0 42.0 50.0 23.0 19.0 12.0 17.0 20.0 21.0 56.0 55.0 23.0 12.0 71.0 18.0 14.0 11.0 20.0 15.0 24.0 69.0 23.0 20.0 22.0 52.0 17.0
6 7 1 TRACE 20.0 10.0 130.0 109.0 13.0 153.0 153.0 144.0 84.0 182.0 108.0 197.0 127.0 56.0 34.0 93.0 14.0 7.0 12.0 19.0 11.0 22.0 14.0 8.0 11.0 22.0 8.0 14.0 11.0 26.0 17.0 14.0 13.0 16.0 18.0 8.0 11.0 41.0 13.0 13.0 17.0 19.0 19.0 8.0 15.0 17.0 14.0 8.0 14.0 11.0 12.0 11.0 26.0 8.0 8.0 8.0 11.0 21.0 17.0 9.0 27.0 7.0 17.0 8.0
7 8 1 TRACE 21.0 8.0 13.0 13.0 12.0 16.0 18.0 15.0 24.0 21.0 32.0 21.0 16.0 17.0 30.0 21.0 13.0 8.0 13.0 7.0 11.0 13.0 15.0 51.0 13.0 8.0 13.0 8.0 13.0 8.0 52.0 7.0 13.0 12.0 7.0 7.0 13.0 55.0 13.0 13.0 17.0 8.0 12.0 7.0 12.0 8.0 7.0 13.0 46.0 14.0 15.0 16.0 11.0 12.0 7.0 16.0 11.0 11.0 18.0 23.0 11.0 12.0 19.0 25.0
8 9 1 TRACE 19.0 10.0 12.0 12.0 12.0 16.0 32.0 15.0 18.0 11.0 9.0 29.0 17.0 18.0 152.0 11.0 53.0 12.0 13.0 17.0 11.0 17.0 15.0 18.0 17.0 12.0 26.0 11.0 17.0 17.0 75.0 12.0 13.0 7.0 15.0 15.0 17.0 178.0 13.0 12.0 18.0 14.0 17.0 8.0 11.0 14.0 13.0 15.0 22.0 15.0 52.0 18.0 10.0 14.0 7.0 17.0 31.0 7.0 17.0 18.0 13.0 17.0 18.0 8.0
9 10 1 TRACE 74.0 101.0 30.0 89.0 35.0 40.0 68.0 48.0 73.0 26.0 34.0 59.0 79.0 134.0 122.0 37.0 57.0 41.0 37.0 71.0 84.0 62.0 75.0 87.0 60.0 29.0 55.0 42.0 56.0 30.0 127.0 77.0 27.0 25.0 48.0 42.0 29.0 272.0 58.0 94.0 66.0 45.0 46.0 92.0 56.0 58.0 42.0 77.0 79.0 102.0 60.0 102.0 54.0 43.0 87.0 81.0 75.0 41.0 96.0 75.0 65.0 138.0 30.0 27.0
10 11 1 TRACE 23.0 19.0 30.0 29.0 539.0 166.0 47.0 19.0 18.0 57.0 21.0 32.0 24.0 31.0 17.0 104.0 15.0 17.0 18.0 18.0 20.0 18.0 18.0 24.0 15.0 17.0 18.0 30.0 19.0 19.0 18.0 48.0 37.0 18.0 19.0 17.0 17.0 91.0 19.0 17.0 19.0 19.0 17.0 35.0 19.0 16.0 18.0 18.0 24.0 17.0 21.0 26.0 17.0 17.0 21.0 19.0 18.0 17.0 17.0 18.0 18.0 86.0 16.0 24.0
11 12 1 TRACE 45.0 31.0 23.0 16.0 20.0 122.0 20.0 18.0 25.0 14.0 30.0 15.0 24.0 34.0 19.0 171.0 21.0 30.0 25.0 24.0 25.0 18.0 17.0 62.0 15.0 16.0 32.0 26.0 25.0 20.0 16.0 14.0 22.0 27.0 24.0 18.0 18.0 16.0 18.0 19.0 46.0 21.0 19.0 17.0 17.0 18.0 18.0 17.0 18.0 59.0 19.0 42.0 17.0 18.0 20.0 15.0 43.0 60.0 50.0 25.0 17.0 47.0 41.0 15.0
12 13 1 TRACE 22.0 27.0 15.0 20.0 147.0 53.0 35.0 16.0 15.0 68.0 33.0 17.0 15.0 15.0 17.0 151.0 42.0 25.0 17.0 21.0 21.0 17.0 21.0 15.0 17.0 26.0 21.0 19.0 25.0 112.0 16.0 19.0 18.0 29.0 21.0 26.0 15.0 18.0 17.0 17.0 16.0 19.0 15.0 26.0 17.0 15.0 18.0 16.0 15.0 15.0 36.0 28.0 16.0 16.0 31.0 58.0 15.0 20.0 15.0 50.0 27.0 33.0 41.0 32.0
13 14 1 TRACE 18.0 9.0 9.0 9.0 9.0 9.0 9.0 9.0 8.0 9.0 12.0 8.0 9.0 9.0 8.0 9.0 9.0 9.0 9.0 9.0 9.0 8.0 8.0 9.0 9.0 8.0 9.0 8.0 8.0 9.0 9.0 9.0 9.0 9.0 9.0 9.0 9.0 9.0 9.0 9.0 8.0 9.0 9.0 8.0 8.0 8.0 9.0 9.0 9.0 9.0 9.0 8.0 9.0 9.0 9.0 9.0 9.0 8.0 9.0 9.0 8.0 20.0 9.0 9.0
14 15 1 TRACE 22.0 25.0 14.0 15.0 14.0 13.0 14.0 23.0 13.0 14.0 17.0 28.0 14.0 14.0 14.0 23.0 14.0 14.0 14.0 14.0 13.0 14.0 13.0 14.0 14.0 19.0 14.0 14.0 13.0 13.0 14.0 17.0 14.0 14.0 14.0 13.0 21.0 14.0 13.0 14.0 14.0 14.0 13.0 13.0 13.0 14.0 14.0 14.0 15.0 44.0 13.0 14.0 14.0 14.0 13.0 13.0 14.0 37.0 18.0 14.0 13.0 25.0 14.0 14.0
15 16 1 TRACE 12.0 7.0 8.0 9.0 7.0 8.0 8.0 8.0 8.0 8.0 20.0 7.0 8.0 8.0 8.0 8.0 8.0 8.0 7.0 7.0 8.0 8.0 8.0 8.0 8.0 8.0 8.0 7.0 8.0 8.0 8.0 8.0 8.0 7.0 8.0 8.0 8.0 8.0 8.0 7.0 7.0 8.0 8.0 8.0 8.0 8.0 8.0 8.0 8.0 8.0 8.0 8.0 8.0 8.0 8.0 8.0 8.0 8.0 7.0 8.0 8.0 7.0 8.0 9.0
16 17 1 TRACE 50.0 60.0 57.0 51.0 395.0 35.0 63.0 43.0 73.0 39.0 36.0 42.0 54.0 35.0 39.0 272.0 42.0 56.0 36.0 32.0 42.0 33.0 62.0 65.0 40.0 48.0 46.0 68.0 38.0 63.0 72.0 62.0 35.0 36.0 40.0 31.0 33.0 34.0 86.0 68.0 55.0 44.0 48.0 41.0 37.0 39.0 30.0 77.0 69.0 38.0 74.0 78.0 45.0 63.0 38.0 39.0 43.0 36.0 32.0 80.0 32.0 29.0 71.0 59.0
17 18 1 TRACE 23.0 19.0 36.0 19.0 110.0 16.0 32.0 18.0 19.0 18.0 16.0 18.0 18.0 16.0 18.0 17.0 29.0 33.0 18.0 18.0 19.0 18.0 18.0 19.0 26.0 17.0 17.0 18.0 18.0 17.0 15.0 36.0 18.0 30.0 19.0 23.0 17.0 19.0 19.0 19.0 20.0 18.0 19.0 17.0 20.0 18.0 18.0 16.0 21.0 28.0 18.0 24.0 16.0 18.0 17.0 17.0 20.0 29.0 17.0 21.0 18.0 18.0 19.0 15.0
18 19 1 TRACE 23.0 71.0 17.0 29.0 213.0 40.0 20.0 19.0 25.0 17.0 20.0 18.0 18.0 18.0 16.0 45.0 18.0 26.0 18.0 20.0 16.0 18.0 17.0 18.0 19.0 278.0 31.0 35.0 17.0 22.0 67.0 47.0 28.0 15.0 19.0 20.0 18.0 17.0 17.0 47.0 17.0 17.0 17.0 25.0 17.0 38.0 20.0 21.0 29.0 18.0 32.0 16.0 25.0 20.0 18.0 18.0 23.0 18.0 18.0 42.0 17.0 17.0 58.0 30.0
19 20 1 TRACE 28.0 73.0 55.0 29.0 16.0 17.0 19.0 15.0 42.0 17.0 35.0 24.0 19.0 17.0 24.0 16.0 19.0 18.0 15.0 15.0 19.0 19.0 17.0 17.0 32.0 356.0 17.0 22.0 18.0 16.0 15.0 57.0 16.0 23.0 15.0 19.0 16.0 19.0 17.0 93.0 20.0 16.0 15.0 19.0 53.0 17.0 23.0 20.0 37.0 21.0 15.0 46.0 17.0 17.0 15.0 15.0 17.0 48.0 17.0 19.0 18.0 23.0 15.0 15.0
20 21 1 TRACE 18.0 14.0 13.0 15.0 13.0 13.0 14.0 14.0 17.0 13.0 14.0 23.0 14.0 14.0 13.0 14.0 14.0 15.0 14.0 14.0 14.0 14.0 14.0 14.0 14.0 14.0 14.0 14.0 14.0 13.0 14.0 14.0 14.0 13.0 14.0 13.0 13.0 14.0 14.0 15.0 13.0 14.0 14.0 14.0 14.0 14.0 13.0 15.0 14.0 14.0 14.0 13.0 14.0 14.0 13.0 13.0 14.0 14.0 13.0 14.0 14.0 13.0 13.0 14.0
21 22 1 TRACE 26.0 16.0 11.0 13.0 11.0 11.0 12.0 12.0 25.0 11.0 12.0 12.0 12.0 12.0 12.0 11.0 12.0 11.0 12.0 12.0 16.0 12.0 11.0 11.0 12.0 12.0 16.0 12.0 11.0 11.0 12.0 11.0 11.0 12.0 12.0 11.0 11.0 11.0 12.0 13.0 12.0 12.0 12.0 11.0 12.0 12.0 11.0 12.0 11.0 12.0 12.0 12.0 11.0 12.0 12.0 11.0 12.0 11.0 11.0 12.0 11.0 12.0 12.0 12.0
22 23 1 TRACE 50.0 58.0 50.0 35.0 47.0 48.0 55.0 45.0 28.0 47.0 54.0 28.0 85.0 35.0 38.0 66.0 33.0 78.0 61.0 67.0 25.0 34.0 43.0 58.0 51.0 377.0 48.0 41.0 32.0 44.0 70.0 71.0 38.0 35.0 58.0 38.0 34.0 48.0 33.0 56.0 61.0 70.0 42.0 31.0 32.0 77.0 40.0 52.0 59.0 58.0 73.0 115.0 33.0 43.0 49.0 42.0 33.0 57.0 57.0 61.0 81.0 34.0 44.0 64.0
23 24 1 TRACE 58.0 154.0 80.0 28.0 33.0 41.0 27.0 70.0 54.0 57.0 64.0 27.0 90.0 26.0 27.0 62.0 59.0 70.0 69.0 63.0 26.0 27.0 30.0 59.0 27.0 532.0 66.0 63.0 27.0 51.0 57.0 67.0 69.0 39.0 37.0 28.0 50.0 28.0 58.0 89.0 57.0 36.0 126.0 30.0 48.0 24.0 26.0 32.0 59.0 41.0 91.0 107.0 64.0 25.0 74.0 29.0 46.0 39.0 59.0 56.0 67.0 33.0 65.0 65.0
24 25 1 TRACE 49.0 145.0 22.0 21.0 21.0 23.0 23.0 19.0 27.0 23.0 25.0 20.0 20.0 23.0 58.0 24.0 22.0 31.0 24.0 53.0 22.0 21.0 22.0 24.0 54.0 289.0 26.0 25.0 22.0 21.0 23.0 25.0 56.0 22.0 21.0 22.0 19.0 22.0 25.0 32.0 60.0 25.0 21.0 24.0 22.0 21.0 27.0 32.0 23.0 63.0 19.0 24.0 22.0 23.0 21.0 27.0 21.0 24.0 55.0 27.0 21.0 22.0 27.0 24.0
25 26 1 TRACE 23.0 10.0 9.0 9.0 9.0 9.0 9.0 11.0 9.0 8.0 9.0 9.0 9.0 9.0 9.0 8.0 9.0 10.0 8.0 9.0 9.0 9.0 9.0 9.0 8.0 9.0 9.0 10.0 8.0 9.0 9.0 9.0 9.0 9.0 9.0 9.0 9.0 9.0 9.0 9.0 9.0 10.0 9.0 9.0 9.0 9.0 9.0 9.0 9.0 9.0 9.0 9.0 9.0 8.0 9.0 11.0 9.0 9.0 9.0 9.0 9.0 9.0 8.0 9.0 9.0 8.0 10.0 9.0 9.0 9.0 11.0 9.0 9.0 10.0 9.0 9.0 11.0 9.0 9.0 9.0 9.0 9.0 9.0 10.0 9.0 9.0 9.0 10.0 9.0 9.0 9.0 9.0 9.0 9.0 9.0 9.0 9.0 9.0 9.0 9.0 8.0 9.0 9.0 9.0 9.0 9.0 8.0 9.0 9.0 9.0 9.0 9.0 9.0 9.0 9.0 9.0 9.0 9.0 9.0 9.0 9.0 9.0 9.0 11.0 9.0 9.0 9.0 8.0 9.0 11.0 9.0 8.0 9.0 9.0 9.0 9.0 8.0 9.0 9.0 9.0 9.0 9.0 9.0 11.0 8.0 9.0 9.0 9.0 10.0 11.0 8.0 9.0 10.0 9.0 9.0 10.0 8.0 9.0 10.0 9.0 9.0 9.0 10.0 9.0 8.0 9.0 9.0 9.0 9.0 10.0 9.0 8.0 9.0 9.0 9.0 9.0 9.0 8.0 8.0 9.0 9.0 10.0 9.0 9.0 9.0 9.0 9.0 9.0 9.0 9.0 9.0 9.0 9.0 9.0 8.0 9.0 9.0 9.0 9.0 10.0 9.0 9.0 12.0 9.0 9.0 9.0 9.0 9.0 8.0 8.0 9.0 9.0 9.0 9.0 9.0 9.0 9.0 9.0 9.0 9.0 9.0
26 27 1 TRACE 11.0 8.0 8.0 8.0 7.0 8.0 8.0 7.0 8.0 7.0 7.0 8.0 8.0 8.0 7.0 7.0 7.0 8.0 7.0 7.0 7.0 8.0 8.0 7.0 7.0 8.0 7.0 8.0 7.0 7.0 7.0 8.0 7.0 7.0 7.0 7.0 8.0 8.0 7.0 8.0 8.0 8.0 8.0 7.0 7.0 8.0 7.0 8.0 8.0 7.0 7.0 8.0 7.0 7.0 7.0 9.0 8.0 7.0 8.0 7.0 7.0 7.0 7.0 7.0 8.0 7.0 7.0 8.0 7.0 8.0 8.0 7.0 7.0 7.0 7.0 8.0 8.0 8.0 7.0 7.0 7.0 8.0 7.0 8.0 8.0 7.0 7.0 7.0 8.0 7.0 7.0 7.0 8.0 8.0 8.0 7.0 7.0 7.0 8.0 7.0 7.0 8.0 8.0 7.0 8.0 8.0 7.0 8.0 7.0 7.0 8.0 8.0 7.0 8.0 8.0 8.0 7.0 7.0 7.0 7.0 7.0 8.0 8.0 7.0 7.0 8.0 7.0 7.0 8.0 7.0 7.0 7.0 8.0 7.0 8.0 7.0 7.0 7.0 8.0 7.0 8.0 7.0 7.0 7.0 7.0 8.0 8.0 7.0 7.0 7.0 7.0 7.0 8.0 7.0 8.0 8.0 7.0 8.0 8.0 8.0 8.0 8.0 7.0 7.0 7.0 8.0 8.0 8.0 7.0 7.0 7.0 7.0 7.0 8.0 8.0 23.0 7.0 7.0 7.0 8.0 8.0 8.0 7.0 8.0 7.0 8.0 8.0 8.0 8.0 7.0 8.0 7.0 7.0 7.0 7.0 8.0 8.0 8.0 7.0 8.0 8.0 7.0 8.0 8.0 7.0 7.0 8.0 7.0 7.0 7.0 7.0 7.0 8.0 7.0 7.0 7.0 7.0 7.0 7.0 7.0 8.0
27 28 1 TRACE 11.0 8.0 7.0 7.0 7.0 7.0 7.0 7.0 7.0 8.0 7.0 7.0 7.0 7.0 8.0 8.0 7.0 9.0 8.0 8.0 7.0 7.0 7.0 7.0 8.0 7.0 7.0 8.0 8.0 8.0 7.0 7.0 8.0 7.0 7.0 7.0 8.0 7.0 8.0 7.0 7.0 8.0 7.0 8.0 7.0 7.0 8.0 7.0 7.0 7.0 8.0 7.0 8.0 8.0 7.0 8.0 10.0 7.0 7.0 8.0 8.0 7.0 8.0 7.0 7.0 8.0 7.0 8.0 7.0 7.0 7.0 7.0 8.0 7.0 7.0 24.0 7.0 7.0 8.0 8.0 8.0 7.0 8.0 7.0 7.0 7.0 7.0 7.0 7.0 7.0 8.0 8.0 7.0 7.0 7.0 7.0 7.0 8.0 8.0 8.0 8.0 7.0 7.0 8.0 7.0 7.0 8.0 7.0 8.0 7.0 7.0 7.0 7.0 7.0 7.0 7.0 8.0 7.0 7.0 8.0 8.0 7.0 7.0 8.0 7.0 7.0 8.0 8.0 7.0 8.0 7.0 8.0 7.0 7.0 7.0 7.0 8.0 7.0 7.0 7.0 7.0 7.0 7.0 8.0 8.0 7.0 7.0 7.0 7.0 8.0 7.0 8.0 7.0 7.0 7.0 8.0 8.0 7.0 7.0 7.0 7.0 7.0 7.0 8.0 8.0 7.0 7.0 7.0 7.0 7.0 7.0 8.0 8.0 7.0 7.0 9.0 7.0 8.0 8.0 7.0 7.0 7.0 8.0 7.0 7.0 7.0 7.0 7.0 7.0 8.0 7.0 7.0 7.0 8.0 7.0 7.0 7.0 7.0 7.0 8.0 7.0 7.0 7.0 7.0 7.0 8.0 7.0 8.0 8.0 8.0 8.0 7.0 8.0 8.0 8.0 8.0 7.0 10.0 7.0 8.0 7.0
28 29 1 TRACE 12.0 8.0 9.0 8.0 8.0 9.0 8.0 9.0 8.0 8.0 8.0 9.0 8.0 8.0 8.0 8.0 8.0 9.0 8.0 8.0 8.0 9.0 9.0 9.0 8.0 8.0 8.0 9.0 8.0 8.0 8.0 8.0 8.0 8.0 9.0 8.0 9.0 8.0 8.0 9.0 9.0 9.0 8.0 8.0 8.0 9.0 8.0 8.0 13.0 9.0 8.0 8.0 8.0 8.0 8.0 9.0 10.0 8.0 8.0 8.0 8.0 8.0 8.0 8.0 9.0 8.0 8.0 9.0 9.0 8.0 9.0 8.0 8.0 8.0 8.0 10.0 9.0 9.0 8.0 8.0 8.0 8.0 8.0 8.0 9.0 8.0 8.0 8.0 8.0 8.0 8.0 8.0 8.0 8.0 9.0 8.0 8.0 8.0 9.0 8.0 8.0 9.0 9.0 8.0 9.0 9.0 8.0 8.0 8.0 8.0 9.0 9.0 8.0 8.0 8.0 8.0 8.0 8.0 8.0 8.0 8.0 9.0 8.0 9.0 8.0 9.0 8.0 8.0 8.0 9.0 8.0 8.0 8.0 8.0 9.0 9.0 8.0 8.0 9.0 8.0 9.0 8.0 8.0 9.0 8.0 8.0 9.0 8.0 9.0 9.0 8.0 8.0 9.0 8.0 8.0 9.0 12.0 9.0 9.0 9.0 8.0 9.0 8.0 8.0 8.0 8.0 8.0 8.0 8.0 8.0 8.0 8.0 8.0 9.0 8.0 10.0 8.0 8.0 8.0 9.0 9.0 8.0 8.0 8.0 8.0 9.0 9.0 8.0 8.0 8.0 9.0 8.0 8.0 8.0 8.0 8.0 8.0 9.0 9.0 9.0 9.0 8.0 9.0 9.0 8.0 8.0 8.0 8.0 8.0 8.0 8.0 8.0 9.0 8.0 8.0 8.0 8.0 10.0 8.0 8.0 8.0
29 30 1 TRACE 41.0 46.0 62.0 101.0 53.0 86.0 46.0 85.0 55.0 41.0 52.0 132.0 63.0 54.0 44.0 29.0 31.0 34.0 64.0 71.0 59.0 66.0 30.0 36.0 60.0 30.0 59.0 54.0 33.0 31.0 72.0 79.0 33.0 31.0 53.0 35.0 28.0 51.0 51.0 41.0 30.0 102.0 33.0 57.0 118.0 56.0 40.0 33.0 42.0 62.0 48.0 52.0 40.0 45.0 55.0 72.0 16.0 61.0 170.0 42.0 71.0 55.0 85.0 49.0 127.0 54.0 58.0 73.0 64.0 31.0 19.0 29.0 47.0 59.0 42.0 24.0 16.0 82.0 125.0 31.0 30.0 71.0 64.0 33.0 34.0 74.0 70.0 49.0 37.0 73.0 33.0 63.0 41.0 30.0 66.0 32.0 49.0 66.0 26.0 58.0 35.0 33.0 46.0 32.0 61.0 76.0 55.0 63.0 32.0 72.0 63.0 32.0 34.0 32.0 59.0 76.0 42.0 52.0 73.0 31.0 29.0 60.0 57.0 16.0 60.0 66.0 59.0 40.0 75.0 16.0 33.0 37.0 33.0 39.0 22.0 43.0 62.0 70.0 57.0 53.0 60.0 81.0 61.0 49.0 62.0 54.0 105.0 30.0 93.0 31.0 48.0 33.0 28.0 99.0 49.0 34.0 16.0 41.0 51.0 62.0 61.0 58.0 32.0 55.0 68.0 57.0 59.0 33.0 64.0 66.0 41.0 47.0 41.0 58.0 34.0 16.0 70.0 152.0 68.0 73.0 77.0 29.0 36.0 43.0 70.0 59.0 49.0 62.0 71.0 30.0 80.0 69.0 55.0 38.0 50.0 73.0 54.0 44.0 65.0 47.0 50.0 58.0 35.0 35.0 53.0 79.0 64.0 70.0 77.0 68.0 62.0 69.0 61.0 65.0 32.0 30.0 62.0 61.0 30.0 42.0 43.0
30 31 1 TRACE 21.0 19.0 8.0 8.0 17.0 39.0 8.0 9.0 17.0 49.0 16.0 8.0 8.0 34.0 8.0 8.0 8.0 16.0 15.0 8.0 8.0 16.0 16.0 8.0 16.0 17.0 8.0 8.0 8.0 8.0 8.0 8.0 16.0 8.0 17.0 16.0 16.0 8.0 9.0 17.0 16.0 8.0 10.0 17.0 8.0 15.0 16.0 8.0 19.0 17.0 8.0 9.0 16.0 17.0 8.0 15.0 15.0 9.0 8.0 8.0 8.0 16.0 20.0 8.0 17.0 17.0 9.0 8.0 17.0 8.0 8.0 8.0 17.0 8.0 8.0 15.0 9.0 34.0 33.0 17.0 8.0 22.0 16.0 116.0 7.0 17.0 8.0 20.0 8.0 8.0 8.0 17.0 15.0 8.0 8.0 8.0 17.0 8.0 8.0 9.0 17.0 16.0 16.0 19.0 8.0 8.0 16.0 8.0 16.0 8.0 16.0 8.0 8.0 16.0 17.0 8.0 21.0 17.0 28.0 8.0 17.0 8.0 8.0 9.0 16.0 18.0 8.0 8.0 16.0 8.0 8.0 16.0 18.0 8.0 8.0 8.0 17.0 8.0 7.0 17.0 9.0 16.0 8.0 8.0 8.0 25.0 8.0 8.0 37.0 17.0 8.0 8.0 8.0 56.0 16.0 8.0 8.0 16.0 8.0 8.0 16.0 8.0 8.0 8.0 8.0 9.0 8.0 17.0 8.0 16.0 15.0 17.0 9.0 8.0 8.0 9.0 18.0 138.0 9.0 16.0 30.0 9.0 16.0 8.0 16.0 8.0 8.0 16.0 16.0 8.0 8.0 39.0 16.0 8.0 8.0 16.0 8.0 8.0 8.0 65.0 9.0 16.0 59.0 8.0 8.0 17.0 16.0 8.0 17.0 16.0 8.0 16.0 16.0 8.0 7.0 17.0 8.0 9.0 8.0 17.0 8.0
31 32 1 TRACE 16.0 12.0 12.0 11.0 11.0 11.0 11.0 12.0 12.0 12.0 12.0 11.0 12.0 11.0 12.0 11.0 11.0 13.0 11.0 11.0 12.0 12.0 12.0 11.0 11.0 12.0 12.0 11.0 11.0 13.0 11.0 11.0 11.0 11.0 12.0 12.0 12.0 12.0 12.0 12.0 12.0 12.0 15.0 12.0 12.0 12.0 11.0 11.0 12.0 11.0 12.0 11.0 12.0 11.0 11.0 12.0 12.0 11.0 11.0 12.0 11.0 12.0 11.0 12.0 12.0 12.0 12.0 11.0 12.0 11.0 12.0 12.0 12.0 11.0 12.0 12.0 12.0 11.0 12.0 11.0 11.0 11.0 11.0 12.0 11.0 12.0 11.0 12.0 11.0 11.0 12.0 12.0 12.0 11.0 11.0 11.0 12.0 11.0 12.0 12.0 11.0 11.0 11.0 11.0 11.0 12.0 11.0 11.0 11.0 11.0 12.0 11.0 12.0 12.0 12.0 11.0 12.0 12.0 12.0 12.0 11.0 22.0 11.0 12.0 11.0 11.0 12.0 11.0 12.0 11.0 11.0 11.0 11.0 11.0 11.0 11.0 12.0 12.0 11.0 12.0 11.0 12.0 12.0 12.0 11.0 11.0 11.0 11.0 12.0 12.0 11.0 12.0 12.0 12.0 12.0 12.0 12.0 11.0 11.0 11.0 11.0 11.0 11.0 11.0 11.0 11.0 12.0 11.0 11.0 12.0 12.0 11.0 12.0 11.0 11.0 12.0 12.0 12.0 11.0 12.0 11.0 12.0 11.0 11.0 12.0 11.0 11.0 12.0 12.0 11.0 11.0 12.0 11.0 11.0 12.0 12.0 11.0 11.0 12.0 12.0 11.0 12.0 12.0 11.0 11.0 12.0 12.0 11.0 11.0 11.0 11.0 12.0 12.0 11.0 11.0 12.0 11.0 12.0 12.0 12.0 12.0
32 33 1 TRACE 20.0 15.0 16.0 30.0 15.0 15.0 20.0 16.0 17.0 33.0 33.0 48.0 16.0 97.0 71.0 16.0 15.0 15.0 15.0 61.0 19.0 14.0 15.0 31.0 15.0 17.0 19.0 29.0 25.0 14.0 14.0 15.0 15.0 23.0 15.0 15.0 15.0 17.0 15.0 14.0 15.0 51.0 22.0 47.0 21.0 16.0 17.0 16.0 16.0 15.0 15.0 16.0 16.0 15.0 14.0 14.0 15.0 15.0 19.0 17.0 34.0 14.0 51.0 25.0 28.0 16.0 14.0 15.0 14.0 15.0 17.0 17.0 14.0 16.0 15.0 15.0 15.0 17.0 56.0 22.0 15.0 51.0 15.0 121.0 59.0 15.0 17.0 17.0 56.0 16.0 14.0 15.0 16.0 15.0 18.0 33.0 15.0 19.0 30.0 17.0 19.0 31.0 16.0 16.0 16.0 15.0 15.0 15.0 15.0 68.0 33.0 16.0 15.0 15.0 15.0 16.0 17.0 17.0 15.0 61.0 15.0 78.0 19.0 14.0 15.0 17.0 15.0 15.0 14.0 15.0 45.0 16.0 34.0 25.0 15.0 15.0 15.0 63.0 16.0 16.0 16.0 16.0 16.0 39.0 20.0 15.0 60.0 15.0 16.0 15.0 19.0 15.0 15.0 54.0 17.0 14.0 14.0 15.0 15.0 16.0 15.0 42.0 16.0 21.0 15.0 39.0 15.0 15.0 37.0 15.0 15.0 16.0 15.0 15.0 32.0 16.0 16.0 57.0 15.0 19.0 15.0 32.0 15.0 16.0 15.0 24.0 16.0 15.0 27.0 16.0 24.0 17.0 16.0 15.0 17.0 17.0 16.0 15.0 16.0 65.0 15.0 15.0 56.0 45.0 15.0 53.0 15.0 15.0 15.0 15.0 16.0 15.0 28.0 15.0 15.0 16.0 15.0 51.0 15.0 14.0 27.0
33 34 1 TRACE 86.0 156.0 47.0 70.0 46.0 141.0 61.0 52.0 112.0 69.0 34.0 24.0 33.0 32.0 95.0 81.0 47.0 130.0 98.0 20.0 35.0 125.0 61.0 39.0 62.0 160.0 82.0 42.0 322.0 47.0 60.0 62.0 144.0 53.0 46.0 70.0 49.0 51.0 81.0 66.0 52.0 20.0 25.0 38.0 20.0 138.0 48.0 45.0 57.0 68.0 45.0 40.0 134.0 39.0 50.0 64.0 50.0 58.0 46.0 25.0 74.0 68.0 38.0 21.0 140.0 50.0 90.0 108.0 53.0 44.0 25.0 76.0 60.0 46.0 70.0 234.0 54.0 35.0 54.0 52.0 118.0 88.0 133.0 378.0 1163.0 129.0 117.0 41.0 19.0 174.0 63.0 55.0 72.0 122.0 21.0 94.0 58.0 20.0 92.0 55.0 39.0 33.0 100.0 44.0 94.0 94.0 90.0 50.0 84.0 29.0 74.0 87.0 207.0 70.0 98.0 71.0 45.0 71.0 152.0 31.0 41.0 48.0 84.0 25.0 167.0 144.0 65.0 63.0 212.0 71.0 21.0 82.0 38.0 61.0 68.0 86.0 43.0 21.0 90.0 91.0 124.0 64.0 48.0 82.0 49.0 166.0 25.0 122.0 247.0 114.0 62.0 71.0 86.0 57.0 121.0 69.0 75.0 173.0 65.0 31.0 185.0 64.0 45.0 50.0 44.0 24.0 43.0 66.0 53.0 35.0 49.0 49.0 52.0 72.0 36.0 25.0 168.0 75.0 95.0 53.0 62.0 151.0 139.0 68.0 105.0 146.0 95.0 134.0 167.0 55.0 66.0 124.0 169.0 92.0 57.0 49.0 76.0 42.0 40.0 38.0 26.0 75.0 45.0 33.0 55.0 41.0 54.0 86.0 82.0 83.0 65.0 164.0 38.0 43.0 62.0 76.0 44.0 21.0 85.0 55.0 55.0
34 35 1 TRACE 668.0 78.0 60.0 65.0 58.0 59.0 20.0 50.0 56.0 20.0 19.0 76.0 21.0 20.0 51.0 17.0 60.0 96.0 64.0 18.0 82.0 424.0 21.0 48.0 53.0 110.0 19.0 42.0 51.0 17.0 18.0 48.0 65.0 19.0 47.0 54.0 48.0 18.0 48.0 58.0 91.0 19.0 67.0 52.0 49.0 61.0 45.0 45.0 56.0 52.0 19.0 105.0 85.0 46.0 47.0 52.0 47.0 17.0 272.0 18.0 52.0 50.0 57.0 48.0 61.0 45.0 55.0 82.0 54.0 17.0 17.0 65.0 95.0 17.0 50.0 58.0 18.0 48.0 198.0 57.0 66.0 51.0 48.0 21.0 81.0 56.0 18.0 18.0 65.0 19.0 47.0 61.0 75.0 16.0 18.0 55.0 50.0 18.0 15.0 69.0 48.0 65.0 49.0 48.0 18.0 63.0 49.0 15.0 18.0 75.0 66.0 16.0 49.0 123.0 49.0 49.0 48.0 47.0 50.0 17.0 18.0 81.0 18.0 51.0 63.0 47.0 19.0 47.0 56.0 17.0 67.0 54.0 55.0 17.0 17.0 53.0 49.0 18.0 69.0 53.0 48.0 49.0 16.0 19.0 91.0 58.0 18.0 46.0 81.0 48.0 54.0 20.0 58.0 159.0 49.0 16.0 54.0 51.0 16.0 50.0 110.0 32.0 16.0 54.0 18.0 33.0 52.0 51.0 17.0 47.0 50.0 51.0 17.0 84.0 19.0 49.0 70.0 17.0 85.0 106.0 55.0 17.0 17.0 52.0 50.0 21.0 47.0 51.0 246.0 16.0 51.0 55.0 60.0 16.0 54.0 100.0 17.0 18.0 54.0 69.0 51.0 135.0 59.0 17.0 51.0 66.0 49.0 49.0 52.0 58.0 81.0 52.0 49.0 29.0 49.0 49.0 40.0 19.0 50.0 52.0 30.0
35 36 1 TRACE 76.0 194.0 76.0 60.0 69.0 58.0 17.0 45.0 56.0 17.0 36.0 45.0 17.0 16.0 46.0 16.0 43.0 54.0 45.0 16.0 60.0 127.0 16.0 46.0 50.0 77.0 18.0 16.0 48.0 17.0 16.0 46.0 60.0 36.0 43.0 52.0 42.0 17.0 48.0 52.0 45.0 16.0 72.0 45.0 45.0 72.0 44.0 41.0 80.0 47.0 16.0 47.0 53.0 51.0 47.0 48.0 48.0 15.0 91.0 16.0 47.0 48.0 44.0 45.0 130.0 42.0 54.0 50.0 48.0 15.0 15.0 55.0 80.0 48.0 48.0 57.0 15.0 43.0 329.0 53.0 44.0 51.0 63.0 17.0 55.0 62.0 16.0 17.0 50.0 18.0 42.0 50.0 98.0 16.0 17.0 90.0 56.0 16.0 15.0 56.0 44.0 43.0 48.0 47.0 16.0 54.0 46.0 15.0 17.0 47.0 49.0 15.0 47.0 293.0 65.0 19.0 42.0 45.0 49.0 15.0 14.0 55.0 15.0 45.0 109.0 49.0 15.0 52.0 56.0 21.0 44.0 49.0 47.0 18.0 17.0 53.0 47.0 16.0 50.0 47.0 44.0 46.0 15.0 15.0 86.0 58.0 15.0 46.0 52.0 48.0 49.0 15.0 76.0 160.0 62.0 15.0 50.0 46.0 15.0 58.0 251.0 16.0 16.0 47.0 16.0 17.0 48.0 51.0 15.0 43.0 48.0 47.0 18.0 90.0 17.0 45.0 57.0 24.0 46.0 117.0 47.0 31.0 16.0 53.0 46.0 31.0 53.0 56.0 81.0 15.0 45.0 51.0 47.0 15.0 50.0 50.0 15.0 15.0 53.0 48.0 43.0 244.0 43.0 16.0 83.0 65.0 46.0 48.0 50.0 44.0 58.0 50.0 42.0 15.0 45.0 46.0 54.0 17.0 49.0 53.0 19.0
36 37 1 TRACE 245.0 1543.0 38.0 30.0 83.0 179.0 116.0 73.0 187.0 149.0 103.0 71.0 92.0 896.0 75.0 94.0 53.0 136.0 58.0 171.0 34.0 1724.0 458.0 31.0 94.0 53.0 102.0 84.0 58.0 100.0 118.0 40.0 146.0 83.0 110.0 69.0 41.0 93.0 43.0 70.0 31.0 104.0 47.0 58.0 83.0 184.0 174.0 49.0 65.0 83.0 123.0 29.0 101.0 40.0 52.0 107.0 61.0 187.0 55.0 104.0 58.0 545.0 61.0 46.0 830.0 80.0 29.0 81.0 78.0 119.0 144.0 73.0 63.0 66.0 31.0 126.0 110.0 791.0 1939.0 77.0 55.0 87.0 60.0 812.0 1984.0 168.0 165.0 87.0 48.0 106.0 74.0 48.0 64.0 183.0 89.0 44.0 422.0 146.0 155.0 66.0 231.0 29.0 70.0 64.0 111.0 57.0 118.0 100.0 120.0 42.0 70.0 104.0 68.0 105.0 43.0 85.0 82.0 49.0 79.0 93.0 122.0 465.0 155.0 39.0 49.0 98.0 110.0 31.0 159.0 192.0 31.0 63.0 42.0 56.0 104.0 62.0 57.0 100.0 65.0 61.0 64.0 148.0 111.0 136.0 62.0 142.0 138.0 86.0 82.0 107.0 117.0 196.0 36.0 77.0 75.0 94.0 65.0 119.0 100.0 37.0 465.0 195.0 77.0 63.0 200.0 81.0 51.0 36.0 94.0 67.0 85.0 97.0 133.0 31.0 93.0 142.0 123.0 124.0 29.0 120.0 98.0 119.0 142.0 67.0 102.0 71.0 130.0 45.0 137.0 97.0 74.0 97.0 77.0 109.0 83.0 79.0 174.0 120.0 54.0 177.0 80.0 188.0 83.0 88.0 28.0 587.0 41.0 71.0 104.0 69.0 65.0 118.0 225.0 84.0 76.0 84.0 61.0 99.0 351.0 38.0 81.0
37 38 1 TRACE 86.0 65.0 63.0 48.0 45.0 65.0 44.0 47.0 45.0 39.0 43.0 61.0 49.0 61.0 32.0 46.0 166.0 88.0 42.0 47.0 55.0 83.0 48.0 53.0 48.0 82.0 69.0 44.0 47.0 53.0 95.0 60.0 35.0 43.0 47.0 42.0 30.0 48.0 39.0 42.0 44.0 63.0 75.0 35.0 28.0 67.0 61.0 29.0 43.0 65.0 121.0 40.0 39.0 30.0 26.0 76.0 69.0 168.0 48.0 40.0 75.0 50.0 71.0 41.0 39.0 71.0 60.0 54.0 29.0 34.0 31.0 51.0 65.0 30.0 37.0 69.0 62.0 1532.0 49.0 41.0 59.0 39.0 83.0 184.0 221.0 46.0 43.0 73.0 72.0 59.0 35.0 82.0 66.0 272.0 58.0 57.0 171.0 77.0 30.0 74.0 27.0 44.0 48.0 35.0 42.0 50.0 62.0 28.0 60.0 61.0 73.0 32.0 64.0 63.0 45.0 54.0 68.0 76.0 69.0 49.0 90.0 38.0 59.0 76.0 41.0 60.0 47.0 55.0 80.0 68.0 30.0 36.0 29.0 71.0 47.0 44.0 57.0 63.0 63.0 31.0 80.0 62.0 58.0 64.0 80.0 43.0 44.0 56.0 43.0 32.0 62.0 69.0 45.0 72.0 70.0 183.0 58.0 79.0 40.0 100.0 82.0 64.0 47.0 47.0 66.0 48.0 39.0 63.0 70.0 47.0 44.0 26.0 71.0 76.0 49.0 70.0 103.0 61.0 65.0 45.0 63.0 71.0 74.0 32.0 81.0 62.0 66.0 70.0 109.0 49.0 72.0 88.0 58.0 62.0 47.0 57.0 66.0 28.0 47.0 62.0 72.0 63.0 38.0 155.0 70.0 44.0 62.0 73.0 41.0 38.0 64.0 71.0 151.0 42.0 45.0 43.0 75.0 34.0 35.0 60.0 28.0
38 39 1 TRACE 37.0 32.0 55.0 56.0 32.0 54.0 62.0 46.0 62.0 65.0 67.0 56.0 45.0 206.0 66.0 27.0 123.0 40.0 68.0 28.0 48.0 58.0 37.0 45.0 36.0 24.0 40.0 44.0 44.0 69.0 103.0 47.0 35.0 64.0 71.0 43.0 30.0 57.0 57.0 45.0 44.0 68.0 34.0 27.0 38.0 48.0 74.0 46.0 26.0 26.0 60.0 33.0 26.0 63.0 43.0 58.0 61.0 111.0 28.0 59.0 23.0 30.0 37.0 25.0 72.0 57.0 42.0 27.0 28.0 64.0 66.0 61.0 25.0 26.0 44.0 50.0 66.0 1095.0 40.0 32.0 34.0 46.0 58.0 157.0 638.0 57.0 76.0 62.0 63.0 29.0 45.0 67.0 35.0 276.0 32.0 39.0 273.0 77.0 40.0 63.0 24.0 57.0 35.0 61.0 68.0 20.0 27.0 58.0 41.0 36.0 66.0 27.0 65.0 57.0 63.0 59.0 114.0 66.0 71.0 40.0 87.0 32.0 26.0 73.0 31.0 62.0 37.0 66.0 80.0 53.0 58.0 29.0 24.0 67.0 37.0 27.0 22.0 60.0 37.0 43.0 60.0 63.0 33.0 61.0 59.0 38.0 26.0 38.0 78.0 53.0 58.0 32.0 46.0 64.0 68.0 181.0 44.0 40.0 65.0 90.0 59.0 61.0 41.0 36.0 64.0 35.0 39.0 26.0 65.0 50.0 25.0 45.0 67.0 36.0 24.0 85.0 62.0 34.0 62.0 59.0 77.0 58.0 45.0 27.0 96.0 72.0 65.0 56.0 60.0 28.0 69.0 64.0 60.0 61.0 66.0 31.0 71.0 28.0 52.0 63.0 66.0 22.0 33.0 80.0 34.0 43.0 58.0 64.0 41.0 55.0 25.0 57.0 60.0 61.0 70.0 30.0 75.0 25.0 40.0 42.0 67.0
39 25 1 TRACE 23.0 19.0 17.0 18.0 30.0 19.0 18.0 15.0 18.0 17.0 18.0 24.0 20.0 19.0 17.0 18.0 20.0 39.0 34.0 17.0 18.0 26.0 16.0 21.0 14.0 16.0 20.0 57.0 56.0 18.0 24.0 64.0 21.0 663.0 18.0 24.0 71.0 17.0 17.0 62.0 37.0 17.0 15.0 15.0 31.0 54.0 17.0 19.0 48.0 137.0 58.0 17.0 24.0 22.0 16.0 18.0 19.0 17.0 17.0 18.0 32.0 29.0 19.0 34.0 15.0 30.0 15.0 34.0 22.0 26.0 17.0 21.0 16.0 19.0 17.0 20.0 52.0 15.0 17.0 54.0 18.0 19.0 25.0 57.0 18.0 27.0 20.0 24.0 17.0 19.0 17.0 18.0 24.0
39 40 1 TRACE 60.0 24.0 43.0 56.0 59.0 101.0 58.0 35.0 31.0 83.0 27.0 35.0 28.0 60.0 60.0 44.0 40.0 47.0 31.0 69.0 31.0 129.0 56.0 42.0 41.0 42.0 117.0 71.0 66.0 28.0 30.0 30.0 49.0 62.0 57.0 73.0 39.0 31.0 49.0 28.0 58.0 66.0 43.0 65.0 37.0 32.0 57.0 65.0 59.0 27.0 45.0 63.0 66.0 26.0 38.0 59.0 115.0 27.0 35.0 77.0 64.0 64.0 59.0 44.0
39 51 1 TRACE 67.0 40.0 45.0 30.0 36.0 129.0 83.0 40.0 40.0 63.0 49.0 28.0 40.0 79.0 62.0 53.0 44.0 70.0 70.0 63.0 104.0 60.0 62.0 38.0 44.0 67.0 64.0 29.0 56.0 42.0 31.0 133.0 58.0 25.0 76.0 37.0 66.0 31.0 62.0 36.0 31.0 57.0 67.0 39.0 60.0 77.0 45.0 59.0 71.0 47.0 54.0 36.0 56.0 67.0 64.0 62.0 86.0 38.0 67.0 30.0 30.0 57.0 64.0 65.0
40 41 1 TRACE 40.0 25.0 25.0 15.0 15.0 20.0 24.0 15.0 14.0 25.0 17.0 18.0 18.0 21.0 15.0 21.0 16.0 15.0 19.0 18.0 16.0 17.0 25.0 21.0 19.0 28.0 15.0 19.0 17.0 17.0 19.0 18.0 14.0 17.0 15.0 15.0 18.0 25.0 16.0 16.0 16.0 14.0 26.0 15.0 18.0 15.0 25.0 15.0 15.0 15.0 14.0 25.0 16.0 16.0 19.0 18.0 17.0 18.0 17.0 18.0 22.0 18.0 15.0 14.0
41 42 1 TRACE 16.0 13.0 12.0 12.0 11.0 11.0 13.0 11.0 11.0 12.0 11.0 11.0 11.0 11.0 12.0 12.0 11.0 12.0 11.0 11.0 12.0 11.0 11.0 12.0 11.0 11.0 12.0 12.0 11.0 11.0 12.0 13.0 11.0 11.0 12.0 11.0 12.0 11.0 11.0 11.0 11.0 12.0 11.0 11.0 12.0 12.0 11.0 12.0 12.0 11.0 11.0 12.0 11.0 11.0 12.0 12.0 12.0 11.0 14.0 11.0 11.0 11.0 12.0 12.0 12.0 12.0 11.0 12.0 12.0 12.0 12.0 12.0 11.0 12.0 11.0 11.0 12.0 12.0 11.0 12.0 11.0 12.0 12.0 11.0 13.0 12.0 13.0 11.0 11.0 12.0 11.0 36.0 12.0 11.0 12.0 14.0 11.0 12.0 13.0 11.0 12.0 11.0 11.0 11.0 12.0 11.0 11.0 12.0 12.0 11.0 11.0 11.0 12.0 11.0 12.0 12.0 12.0 12.0 11.0 11.0 12.0 11.0 11.0 15.0 11.0 11.0 11.0 11.0 12.0 12.0 11.0 11.0 12.0 12.0 16.0 12.0 13.0 11.0 11.0 12.0 12.0 11.0 12.0 11.0 12.0 12.0 11.0 11.0 12.0 12.0 11.0 11.0 12.0 36.0 12.0 11.0 11.0 12.0 11.0 11.0 11.0 12.0 12.0 11.0 11.0 12.0 12.0 11.0 12.0 11.0 12.0 14.0 11.0 11.0 12.0 11.0 11.0 13.0 11.0 11.0 11.0 12.0 12.0 11.0 11.0 12.0 12.0 12.0 11.0 14.0 12.0 12.0 12.0 11.0 11.0 11.0 11.0 12.0 12.0 11.0 11.0
42 43 1 TRACE 15.0 13.0 11.0 11.0 11.0 11.0 12.0 10.0 11.0 11.0 11.0 11.0 11.0 11.0 10.0 11.0 11.0 11.0 11.0 10.0 15.0 11.0 11.0 11.0 11.0 11.0 10.0 11.0 11.0 11.0 11.0 11.0 11.0 11.0 10.0 11.0 15.0 11.0 11.0 11.0 10.0 11.0 11.0 11.0 11.0 10.0 11.0 11.0 10.0 11.0 11.0 11.0 11.0 11.0 11.0 10.0 12.0 10.0 11.0 11.0 11.0 11.0 11.0 11.0 11.0 10.0 11.0 11.0 11.0 22.0 11.0 11.0 11.0 11.0 11.0 11.0 11.0 10.0 10.0 12.0 11.0 11.0 11.0 11.0 11.0 11.0 11.0 11.0 11.0 11.0 11.0 11.0 11.0 11.0 11.0 11.0 11.0 11.0 11.0 11.0 11.0 11.0 11.0 11.0 11.0 10.0 11.0 10.0 11.0 11.0 11.0 11.0 11.0 11.0 11.0 11.0 11.0 11.0 10.0 11.0 11.0 11.0 10.0 11.0 11.0 10.0 11.0 10.0 11.0 11.0 11.0 11.0 10.0 11.0 11.0 11.0 11.0 11.0 11.0 12.0 11.0 11.0 11.0 11.0 11.0 11.0 11.0 10.0 11.0 11.0 10.0 11.0 11.0 11.0 11.0 11.0 11.0 10.0 11.0 11.0 11.0 10.0 12.0 11.0 11.0 11.0 11.0 11.0 11.0 11.0 10.0 11.0 11.0 11.0 11.0 11.0 11.0 11.0 10.0 11.0 11.0 11.0 11.0 11.0 11.0 10.0 11.0 11.0 11.0 11.0 11.0 11.0 11.0 11.0 11.0 11.0 11.0 11.0 11.0 11.0 10.0
43 44 1 TRACE 12.0 8.0 7.0 8.0 8.0 7.0 8.0 8.0 8.0 7.0 7.0 8.0 8.0 8.0 8.0 8.0 7.0 7.0 8.0 8.0 9.0 8.0 7.0 7.0 7.0 8.0 8.0 8.0 7.0 8.0 8.0 8.0 8.0 7.0 8.0 7.0 8.0 8.0 8.0 8.0 8.0 8.0 8.0 7.0 8.0 8.0 7.0 7.0 8.0 8.0 7.0 8.0 7.0 8.0 7.0 8.0 19.0 8.0 8.0 8.0 8.0 8.0 7.0 7.0 7.0 8.0 8.0 8.0 8.0 8.0 8.0 8.0 8.0 7.0 8.0 8.0 8.0 8.0 8.0 8.0 7.0 7.0 8.0 8.0 7.0 7.0 8.0 8.0 7.0 8.0 7.0 9.0 8.0 8.0 7.0 8.0 7.0 8.0 8.0 8.0 8.0 8.0 7.0 7.0 8.0 8.0 8.0 8.0 8.0 7.0 7.0 8.0 8.0 7.0 8.0 8.0 8.0 8.0 8.0 7.0 8.0 8.0 8.0 8.0 8.0 8.0 7.0 8.0 8.0 8.0 8.0 8.0 8.0 8.0 9.0 8.0 8.0 7.0 7.0 8.0 8.0 8.0 8.0 8.0 8.0 7.0 8.0 8.0 8.0 7.0 8.0 7.0 7.0 8.0 7.0 8.0 8.0 8.0 7.0 8.0 8.0 8.0 7.0 8.0 7.0 7.0 9.0 8.0 8.0 8.0 8.0 8.0 7.0 8.0 8.0 7.0 8.0 8.0 8.0 7.0 8.0 8.0 7.0 7.0 8.0 8.0 8.0 7.0 8.0 8.0 8.0 7.0 8.0 7.0 8.0 8.0 7.0 7.0 8.0 8.0 8.0
44 45 1 TRACE 56.0 2573.0 141.0 56.0 27.0 37.0 20.0 62.0 45.0 41.0 50.0 23.0 26.0 32.0 202.0 34.0 23.0 69.0 55.0 54.0 20.0 48.0 32.0 26.0 72.0 49.0 34.0 68.0 60.0 27.0 50.0 21.0 60.0 57.0 29.0 24.0 25.0 35.0 70.0 59.0 37.0 30.0 30.0 27.0 27.0 43.0 58.0 102.0 36.0 26.0 26.0 39.0 68.0 67.0 27.0 59.0 16.0 91.0 21.0 42.0 63.0 27.0 23.0 64.0 37.0 86.0 30.0 38.0 71.0 39.0 54.0 30.0 254.0 28.0 28.0 39.0 58.0 24.0 145.0 26.0 126.0 69.0 52.0 35.0 23.0 61.0 62.0 40.0 38.0 36.0 61.0 23.0 46.0 70.0 29.0 24.0 64.0 26.0 55.0 24.0 64.0 42.0 25.0 25.0 44.0 48.0 34.0 58.0 55.0 43.0 66.0 28.0 36.0 28.0 71.0 26.0 25.0 40.0 45.0 24.0 25.0 67.0 26.0 23.0 51.0 28.0 40.0 27.0 27.0 29.0 55.0 27.0 58.0 27.0 96.0 39.0 63.0 25.0 36.0 22.0 59.0 24.0 26.0 51.0 54.0 43.0 65.0 49.0 45.0 60.0 64.0 27.0 26.0 33.0 58.0 44.0 36.0 68.0 27.0 24.0 24.0 66.0 30.0 36.0 26.0 71.0 57.0 35.0 66.0 42.0 26.0 32.0 45.0 31.0 35.0 60.0 51.0 23.0 55.0 61.0 30.0 26.0 68.0 27.0 256.0 288.0 27.0 54.0 24.0 200.0 31.0 92.0 27.0 69.0 26.0 65.0 48.0 25.0 67.0 26.0 27.0
45 46 1 TRACE 23.0 28.0 16.0 16.0 14.0 15.0 15.0 19.0 19.0 31.0 16.0 17.0 16.0 17.0 103.0 16.0 17.0 17.0 16.0 15.0 17.0 16.0 16.0 17.0 15.0 17.0 35.0 15.0 16.0 17.0 17.0 37.0 17.0 17.0 14.0 18.0 16.0 17.0 34.0 21.0 17.0 17.0 17.0 18.0 34.0 16.0 17.0 24.0 18.0 16.0 16.0 17.0 25.0 17.0 17.0 16.0 16.0 20.0 17.0 17.0 15.0 17.0 17.0 16.0 17.0 17.0 16.0 16.0 51.0 15.0 15.0 17.0 26.0 16.0 16.0 15.0 18.0 17.0 129.0 18.0 18.0 17.0 17.0 17.0 16.0 16.0 16.0 15.0 16.0 27.0 16.0 15.0 18.0 30.0 46.0 16.0 17.0 56.0 35.0 15.0 18.0 17.0 17.0 16.0 17.0 17.0 16.0 17.0 16.0 18.0 16.0 48.0 16.0 17.0 47.0 16.0 15.0 44.0 17.0 16.0 17.0 16.0 33.0 18.0 16.0 16.0 16.0 17.0 16.0 17.0 17.0 16.0 15.0 16.0 68.0 21.0 16.0 45.0 17.0 17.0 19.0 16.0 18.0 16.0 16.0 16.0 17.0 16.0 18.0 16.0 16.0 17.0 17.0 28.0 16.0 17.0 16.0 17.0 16.0 16.0 32.0 57.0 30.0 31.0 16.0 48.0 16.0 28.0 56.0 15.0 48.0 23.0 16.0 16.0 17.0 18.0 16.0 17.0 29.0 17.0 25.0 28.0 17.0 17.0 324.0 603.0 18.0 16.0 16.0 19.0 16.0 17.0 25.0 55.0 17.0 17.0 17.0 17.0 18.0 16.0 17.0
46 47 1 TRACE 47.0 29.0 23.0 57.0 52.0 26.0 58.0 23.0 22.0 47.0 33.0 54.0 48.0 47.0 40.0 36.0 75.0 73.0 23.0 23.0 41.0 24.0 38.0 47.0 28.0 23.0 47.0 51.0 67.0 23.0 81.0 23.0 22.0 42.0 106.0 24.0 45.0 23.0 23.0 40.0 25.0 28.0 35.0 24.0 39.0 74.0 59.0 23.0 38.0 47.0 26.0 67.0 24.0 23.0 47.0 40.0 23.0 23.0 47.0 25.0 23.0 84.0 25.0 22.0 48.0 35.0 43.0 52.0 24.0 25.0 47.0 75.0 23.0 36.0 23.0 80.0 41.0 33.0 23.0 39.0 70.0 22.0 46.0 29.0 31.0 214.0 149.0 37.0 23.0 41.0 24.0 40.0 40.0 23.0 23.0 49.0 26.0 22.0 41.0 25.0 23.0 51.0 41.0 39.0 42.0 24.0 23.0 48.0 27.0 37.0 54.0 29.0 23.0 27.0 39.0 54.0 24.0 33.0 63.0 37.0 47.0 30.0 32.0 43.0 24.0 23.0 46.0 48.0 85.0 64.0 31.0 25.0 94.0 39.0 24.0 45.0 48.0 26.0 25.0 66.0 25.0 25.0 57.0 40.0 24.0 35.0 23.0 23.0 47.0 28.0 22.0 22.0 50.0 27.0 23.0 79.0 61.0 22.0 91.0 50.0 112.0 23.0 34.0 23.0 95.0 46.0 25.0 23.0 47.0 33.0 53.0 53.0 26.0 23.0 39.0 26.0 23.0 49.0 47.0 35.0 38.0 70.0 23.0 55.0 24.0 185.0 37.0 24.0 100.0 38.0 41.0 23.0 67.0 27.0 50.0 47.0 102.0 74.0 48.0 67.0 22.0
47 48 1 TRACE 13.0 9.0 10.0 11.0 11.0 9.0 14.0 11.0 9.0 11.0 10.0 10.0 10.0 9.0 15.0 12.0 8.0 105.0 10.0 9.0 10.0 9.0 13.0 11.0 8.0 9.0 19.0 10.0 10.0 9.0 12.0 11.0 7.0 9.0 9.0 29.0 22.0 9.0 10.0 10.0 9.0 10.0 11.0 10.0 10.0 9.0 12.0 11.0 8.0 12.0 10.0 9.0 10.0 9.0 32.0 14.0 8.0 16.0 10.0 9.0 10.0 9.0 12.0 12.0 8.0 9.0 9.0 10.0 10.0 9.0 14.0 12.0 8.0 12.0 17.0 14.0 10.0 9.0 14.0 11.0 8.0 10.0 34.0 9.0 11.0 10.0 13.0 10.0 7.0 10.0 9.0 10.0 10.0 32.0 13.0 11.0 8.0 12.0 27.0 11.0 10.0 10.0 11.0 11.0 8.0 10.0 10.0 25.0 10.0 9.0 13.0 11.0 8.0 16.0 11.0 10.0 11.0 32.0 13.0 11.0 8.0 9.0 11.0 11.0 10.0 10.0 11.0 10.0 8.0 9.0 9.0 10.0 14.0 9.0 16.0 12.0 8.0 9.0 10.0 12.0 11.0 9.0 15.0 12.0 8.0 9.0 10.0 33.0 9.0 9.0 13.0 11.0 8.0 12.0 27.0 11.0 11.0 9.0 12.0 11.0 8.0 12.0 10.0 12.0 9.0 9.0 39.0 12.0 7.0 9.0 10.0 31.0 12.0 9.0 12.0 11.0 8.0 9.0 15.0 9.0 10.0 9.0 14.0 10.0 8.0 19.0 9.0 9.0 10.0 9.0 32.0 10.0 8.0 10.0 9.0 10.0 17.0 11.0 13.0 12.0 8.0 9.0 10.0 10.0 10.0 10.0 27.0 15.0 8.0 24.0 9.0 39.0 9.0 9.0 13.0 10.0 8.0 9.0 9.0 18.0 10.0 10.0 12.0 12.0 7.0 9.0 9.0 11.0 10.0 32.0 13.0 11.0 7.0 13.0 9.0 11.0 10.0 10.0 10.0 9.0 8.0 46.0 10.0 9.0 12.0 11.0 13.0 12.0 8.0 9.0 38.0 9.0 10.0 10.0 10.0 11.0 8.0 11.0 12.0 11.0 10.0 10.0 13.0 11.0 7.0 30.0 12.0 22.0 9.0 10.0 13.0 12.0 8.0 13.0 10.0 10.0 9.0 10.0 12.0 11.0 7.0 10.0 11.0 11.0 14.0 11.0 12.0 11.0 8.0 9.0 10.0 10.0 11.0 9.0 14.0 11.0 7.0 9.0 11.0 10.0 11.0 9.0 13.0 11.0 7.0 11.0 10.0 9.0 10.0 10.0 13.0 11.0 8.0 13.0 10.0 11.0 12.0 9.0 14.0 12.0 7.0 15.0 21.0 10.0 10.0 10.0 12.0 10.0 7.0 12.0 25.0 9.0 11.0 9.0 13.0 11.0 8.0 15.0 9.0 10.0 11.0 10.0 57.0 12.0 7.0 9.0 10.0 10.0 22.0 10.0 10.0 15.0 7.0 10.0 10.0 9.0 11.0 9.0 15.0 12.0 8.0 9.0 10.0 25.0 11.0 9.0 13.0 12.0 7.0 9.0 10.0 9.0 10.0 10.0 12.0 11.0 7.0 11.0 10.0 10.0 11.0 9.0 10.0 11.0 8.0 17.0 10.0 10.0 21.0 10.0 11.0 10.0 8.0 8.0 9.0 10.0 12.0 9.0 15.0 12.0 8.0 92.0 39.0 11.0 13.0 9.0 13.0 11.0 8.0 18.0 10.0 10.0 11.0 10.0 15.0 12.0 8.0 12.0 9.0 10.0 9.0 10.0 15.0 12.0 8.0 10.0 25.0 12.0 24.0 9.0 10.0 11.0 8.0 27.0 43.0 11.0 9.0 9.0 14.0 11.0 8.0 9.0 9.0 10.0 10.0 26.0 10.0 10.0 8.0 10.0 9.0 9.0 11.0 9.0 13.0 12.0 8.0 11.0 10.0 9.0 10.0 9.0 12.0 10.0 8.0 12.0 9.0 11.0 51.0 17.0 11.0 11.0 8.0 9.0 11.0 11.0 9.0 10.0 13.0 9.0 7.0 10.0 10.0 9.0 9.0 9.0 12.0 11.0 9.0 10.0 11.0 9.0 10.0 10.0 11.0 10.0 8.0 10.0 10.0 9.0 10.0 9.0 115.0 17.0 8.0 9.0 9.0 9.0 10.0 9.0 10.0 11.0 8.0 9.0 11.0 9.0 10.0 9.0 14.0 12.0 8.0 9.0 9.0 11.0 10.0 9.0 14.0 11.0 7.0 10.0 9.0 9.0 11.0 9.0 11.0 11.0 8.0 16.0 11.0 11.0 12.0 9.0 14.0 12.0 8.0 11.0 11.0 9.0 10.0 9.0 10.0 20.0 7.0 13.0 11.0 10.0 11.0 10.0 13.0 9.0 8.0 9.0 11.0 9.0 11.0 10.0 14.0 11.0 8.0 10.0 10.0 9.0 10.0 10.0 11.0 11.0 8.0 92.0 10.0 10.0 11.0 10.0 13.0 10.0 8.0 9.0 16.0 11.0 13.0 9.0 28.0 12.0 8.0 9.0 10.0 9.0 10.0 9.0 13.0 11.0 8.0 9.0 11.0 10.0 9.0 9.0 13.0 11.0 8.0 11.0 14.0 10.0 11.0 10.0 13.0 11.0 8.0 9.0 23.0 23.0 13.0 48.0 44.0 24.0 8.0 38.0 11.0 10.0 10.0 19.0 10.0 10.0 8.0 15.0 9.0 10.0 10.0 9.0 14.0 11.0 8.0 10.0 10.0 10.0 10.0 9.0 11.0 11.0 8.0 9.0 9.0 10.0 10.0 10.0 13.0 11.0 8.0 9.0 10.0 9.0 9.0 10.0 13.0 14.0 8.0 11.0 18.0 10.0 11.0 9.0 14.0 12.0 7.0 9.0 10.0 10.0 10.0 10.0 14.0 11.0 8.0 93.0 11.0 10.0 10.0 9.0 14.0 11.0 8.0 10.0 10.0 12.0 11.0 10.0 37.0 13.0 7.0 21.0 11.0 9.0 9.0 9.0 12.0 11.0 8.0 22.0 11.0 9.0 10.0 9.0 11.0 10.0 8.0 24.0 53.0 10.0 13.0 11.0 12.0 12.0 8.0 10.0 9.0 15.0 11.0 13.0 24.0 10.0 9.0 10.0 11.0 10.0 9.0 10.0 10.0 11.0 8.0 43.0 12.0 9.0 11.0 10.0 13.0 11.0 8.0 10.0 27.0 11.0 11.0 9.0 13.0 11.0 8.0 11.0 9.0 9.0 10.0 10.0 13.0 11.0 8.0 11.0 9.0 10.0 10.0 9.0 15.0 11.0 8.0 25.0 10.0 10.0 10.0 10.0 10.0 9.0 7.0 11.0 12.0 13.0 10.0 10.0 14.0 12.0 8.0 11.0 9.0 11.0 12.0 9.0 29.0 11.0 7.0 10.0 10.0 9.0 11.0 9.0 13.0 12.0 8.0 9.0 9.0 10.0 9.0 9.0 13.0 11.0 8.0 10.0 12.0 10.0 11.0 9.0 13.0 11.0 7.0 9.0 9.0 10.0 10.0 18.0 12.0 10.0 7.0 23.0 10.0 60.0 10.0 13.0 10.0 10.0 8.0 12.0 9.0 10.0 11.0 9.0 13.0 11.0 8.0 12.0 9.0 11.0 10.0 9.0 13.0 14.0 8.0 23.0 10.0 10.0 10.0 9.0 11.0 50.0 8.0 10.0 9.0 9.0 11.0 10.0 13.0 11.0 8.0 13.0 10.0 9.0 11.0 9.0 13.0 11.0 8.0 8.0 9.0 10.0 10.0 9.0 12.0 12.0 7.0 9.0 10.0 9.0 10.0 10.0 11.0 9.0 7.0 12.0 10.0 9.0 10.0 10.0 23.0 11.0 8.0 11.0 25.0 13.0 10.0 10.0 12.0 11.0 8.0 11.0 9.0 13.0 47.0 10.0 11.0 11.0 8.0 11.0 11.0 10.0 10.0 9.0 13.0 13.0 22.0 10.0 9.0 10.0 10.0 10.0 11.0 10.0 8.0 15.0 10.0 9.0 10.0 9.0 14.0 9.0 8.0 14.0 12.0 9.0 10.0 9.0 12.0 11.0 8.0 9.0 9.0 9.0 9.0 10.0 11.0 11.0 8.0 9.0 9.0 10.0 9.0 14.0 11.0 11.0 8.0 68.0 11.0 10.0 10.0 13.0 12.0 49.0 8.0 12.0 14.0 9.0 9.0 9.0 11.0 11.0 8.0 11.0 10.0 9.0 9.0 10.0 14.0 13.0 8.0 10.0 10.0 9.0 11.0 9.0 13.0 11.0 8.0 33.0 62.0 10.0 11.0 9.0 13.0 11.0 8.0 20.0 10.0 10.0 10.0 9.0 12.0 11.0 8.0 10.0 10.0 11.0 12.0 9.0 13.0 12.0 10.0 9.0 11.0 10.0 11.0 10.0 13.0 28.0 8.0 10.0 10.0 54.0 11.0 16.0 10.0 11.0 8.0 9.0 10.0 11.0 11.0 9.0 16.0 11.0 8.0 10.0 11.0 10.0 11.0 9.0 14.0 10.0 7.0 24.0 10.0 9.0 9.0 9.0 14.0 11.0 8.0 9.0 10.0 10.0 10.0 9.0 44.0 79.0 8.0 10.0 10.0 13.0 11.0 9.0 14.0 11.0 8.0 9.0 10.0 11.0 9.0 9.0 12.0 9.0 7.0 9.0 10.0 11.0 10.0 9.0 13.0 11.0 8.0 39.0 12.0 11.0 10.0 9.0 13.0 12.0 8.0 12.0 11.0 10.0 10.0 10.0 22.0 12.0 8.0 30.0 11.0 10.0 9.0 18.0 9.0 11.0 7.0 48.0 11.0 9.0 11.0 9.0 13.0 10.0 8.0 15.0 11.0 10.0 9.0 10.0 13.0 11.0 8.0 21.0 10.0 9.0 9.0 10.0 13.0 11.0 8.0 39.0 20.0 75.0 12.0 44.0 9.0 11.0 8.0 10.0 12.0 10.0 11.0 9.0 21.0 11.0 7.0 11.0 9.0 10.0 10.0 9.0 12.0 11.0 8.0 9.0 9.0 9.0 12.0 10.0 55.0 14.0 8.0 9.0 9.0 9.0 9.0 9.0 11.0 10.0 8.0 11.0 10.0 9.0 9.0 9.0 11.0 10.0 8.0 51.0 10.0 10.0 10.0 14.0 9.0 10.0 8.0 12.0 31.0 11.0 10.0 10.0 12.0 11.0 8.0 10.0 53.0 9.0 10.0 9.0 12.0 11.0 7.0 10.0 10.0 10.0 10.0 9.0 13.0 11.0 8.0 48.0 10.0 10.0 10.0 9.0 14.0 10.0 8.0 11.0 10.0 9.0 10.0 9.0 36.0 11.0 7.0 18.0 12.0 9.0 48.0 10.0 13.0 11.0 8.0 9.0 13.0 10.0 10.0 9.0 13.0 11.0 8.0 10.0 63.0 11.0 11.0 9.0 14.0 11.0 8.0 14.0 10.0 9.0 10.0 42.0 18.0 10.0 8.0 9.0 9.0 10.0 9.0 14.0 12.0 11.0 8.0 9.0 9.0 10.0 9.0 9.0 11.0 11.0 7.0 9.0 10.0 9.0 11.0 9.0 26.0 11.0 8.0 10.0 10.0 10.0 11.0 10.0 12.0 11.0 8.0 19.0 10.0 11.0 11.0 9.0 14.0 12.0 7.0 11.0 10.0 25.0 11.0 9.0 13.0 10.0 7.0 10.0 10.0 11.0 11.0 10.0 12.0 11.0 8.0 12.0 12.0 9.0 11.0 9.0 13.0 51.0 8.0 16.0 9.0 9.0 10.0 10.0 12.0 10.0 8.0 9.0 9.0 9.0 11.0 9.0 14.0 15.0 8.0 12.0 11.0 10.0 10.0 9.0 13.0 14.0 7.0 9.0 29.0 14.0 12.0 10.0 13.0 11.0 8.0 9.0 9.0 10.0 10.0 10.0 12.0 11.0 8.0 10.0 10.0 10.0 9.0 10.0 14.0 11.0 8.0 9.0 9.0 10.0 12.0 9.0 15.0 49.0 8.0 10.0 9.0 10.0 11.0 11.0 13.0 11.0 10.0 9.0 11.0 11.0 13.0 10.0 14.0 11.0 7.0 9.0 11.0 9.0 10.0 9.0 13.0 11.0 8.0 9.0 9.0 9.0 10.0 9.0 11.0 13.0 8.0 35.0 76.0 10.0 11.0 9.0 17.0 13.0 7.0 14.0 13.0 13.0 9.0 24.0 12.0 21.0 8.0 10.0 10.0 10.0 10.0 10.0 13.0 11.0 8.0 94.0 12.0 12.0 11.0 9.0 13.0 12.0 8.0 10.0 10.0 10.0 10.0 9.0 11.0 11.0 8.0 11.0 10.0 10.0 10.0 10.0 12.0 22.0 7.0 10.0 10.0 14.0 9.0 9.0 41.0 12.0 7.0 782.0 11.0 11.0 11.0 9.0 13.0 11.0 8.0 203.0 9.0 10.0 9.0 9.0 9.0 9.0 8.0 11.0 10.0 10.0 11.0 9.0 16.0 13.0 8.0 9.0 9.0 9.0 9.0 10.0 10.0 16.0 8.0 9.0 9.0 10.0 9.0 10.0 13.0 12.0 8.0 9.0 10.0 10.0 11.0 9.0 14.0 12.0 7.0 48.0 9.0 10.0 9.0 10.0 56.0 12.0 8.0 10.0 10.0 10.0 10.0 9.0 12.0 10.0 8.0 10.0 12.0 26.0 11.0 10.0 14.0 11.0 8.0 12.0 11.0 10.0 10.0 10.0 12.0 10.0 8.0 9.0 9.0 10.0 10.0 9.0 12.0 12.0 8.0 10.0 28.0 10.0 10.0 10.0 13.0 12.0 8.0 9.0 10.0 10.0 10.0 9.0 13.0 12.0 8.0 10.0 15.0 9.0 10.0 9.0 12.0 11.0 8.0 11.0 43.0 11.0 11.0 9.0 13.0 10.0 8.0 9.0 11.0 9.0 11.0 10.0 12.0 11.0 8.0 9.0 10.0 10.0 10.0 9.0 13.0 12.0
48 49 1 TRACE 13.0 11.0 13.0 15.0 10.0 11.0 11.0 11.0 8.0 9.0 12.0 39.0 9.0 11.0 11.0 10.0 7.0 9.0 9.0 10.0 9.0 10.0 10.0 10.0 8.0 11.0 12.0 14.0 11.0 10.0 10.0 11.0 7.0 8.0 9.0 19.0 10.0 10.0 10.0 11.0 8.0 10.0 11.0 10.0 21.0 9.0 9.0 10.0 9.0 12.0 12.0 14.0 11.0 10.0 14.0 13.0 7.0 10.0 9.0 9.0 9.0 9.0 10.0 10.0 7.0 11.0 9.0 12.0 9.0 13.0 13.0 14.0 9.0 50.0 12.0 10.0 11.0 39.0 11.0 12.0 8.0 11.0 10.0 12.0 10.0 11.0 11.0 11.0 7.0 10.0 10.0 12.0 10.0 9.0 9.0 9.0 8.0 10.0 22.0 11.0 10.0 10.0 10.0 11.0 9.0 57.0 10.0 12.0 11.0 11.0 11.0 11.0 8.0 11.0 10.0 13.0 10.0 11.0 11.0 10.0 8.0 25.0 11.0 10.0 11.0 10.0 10.0 10.0 7.0 10.0 10.0 13.0 9.0 13.0 10.0 10.0 9.0 12.0 11.0 13.0 11.0 12.0 10.0 11.0 7.0 9.0 27.0 9.0 9.0 14.0 10.0 10.0 8.0 10.0 10.0 9.0 9.0 9.0 9.0 9.0 8.0 13.0 13.0 15.0 11.0 11.0 11.0 12.0 7.0 31.0 10.0 10.0 10.0 9.0 10.0 10.0 8.0 9.0 10.0 12.0 9.0 10.0 9.0 9.0 9.0 12.0 12.0 16.0 10.0 13.0 11.0 12.0 11.0 11.0 10.0 87.0 10.0 10.0 10.0 47.0 8.0 21.0 10.0 12.0 9.0 11.0 10.0 9.0 9.0 11.0 11.0 11.0 11.0 16.0 10.0 11.0 8.0 10.0 23.0 10.0 11.0 10.0 11.0 11.0 7.0 9.0 9.0 12.0 10.0 10.0 10.0 10.0 7.0 9.0 14.0 9.0 10.0 10.0 10.0 9.0 8.0 12.0 11.0 26.0 10.0 11.0 10.0 10.0 7.0 9.0 9.0 11.0 10.0 9.0 10.0 10.0 7.0 16.0 10.0 10.0 9.0 36.0 9.0 10.0 9.0 19.0 13.0 11.0 10.0 11.0 10.0 25.0 8.0 9.0 9.0 10.0 10.0 10.0 10.0 10.0 7.0 10.0 9.0 19.0 9.0 10.0 10.0 10.0 9.0 11.0 11.0 15.0 10.0 12.0 11.0 10.0 7.0 17.0 10.0 13.0 9.0 14.0 10.0 11.0 7.0 10.0 9.0 13.0 10.0 9.0 9.0 47.0 9.0 12.0 11.0 15.0 10.0 13.0 11.0 11.0 7.0 12.0 10.0 11.0 9.0 10.0 10.0 12.0 7.0 9.0 10.0 11.0 9.0 10.0 10.0 10.0 9.0 11.0 11.0 12.0 10.0 10.0 11.0 40.0 7.0 9.0 9.0 11.0 10.0 10.0 11.0 10.0 7.0 9.0 10.0 35.0 9.0 11.0 11.0 10.0 9.0 11.0 12.0 15.0 10.0 12.0 10.0 10.0 7.0 15.0 11.0 13.0 10.0 10.0 11.0 11.0 7.0 33.0 10.0 10.0 9.0 9.0 10.0 10.0 9.0 12.0 11.0 13.0 11.0 11.0 11.0 10.0 7.0 9.0 10.0 33.0 9.0 12.0 10.0 10.0 8.0 10.0 14.0 9.0 9.0 9.0 10.0 11.0 9.0 45.0 14.0 12.0 11.0 11.0 11.0 11.0 8.0 10.0 9.0 12.0 10.0 13.0 10.0 10.0 8.0 30.0 11.0 10.0 9.0 9.0 9.0 11.0 9.0 12.0 18.0 11.0 10.0 13.0 11.0 12.0 8.0 10.0 11.0 15.0 10.0 23.0 11.0 10.0 7.0 10.0 10.0 12.0 9.0 9.0 10.0 15.0 7.0 10.0 9.0 10.0 10.0 10.0 9.0 9.0 9.0 13.0 13.0 52.0 51.0 10.0 11.0 12.0 8.0 17.0 10.0 10.0 10.0 21.0 10.0 10.0 7.0 9.0 10.0 12.0 9.0 10.0 10.0 9.0 9.0 13.0 12.0 15.0 11.0 11.0 11.0 10.0 7.0 11.0 9.0 11.0 10.0 10.0 17.0 12.0 7.0 9.0 11.0 12.0 9.0 9.0 10.0 10.0 9.0 41.0 12.0 12.0 10.0 13.0 11.0 11.0 8.0 9.0 12.0 12.0 9.0 13.0 10.0 9.0 7.0 14.0 9.0 13.0 9.0 9.0 15.0 10.0 10.0 13.0 13.0 16.0 11.0 12.0 10.0 12.0 8.0 10.0 10.0 10.0 9.0 10.0 10.0 10.0 7.0 10.0 11.0 11.0 9.0 9.0 10.0 10.0 8.0 12.0 11.0 14.0 11.0 11.0 10.0 10.0 8.0 9.0 9.0 10.0 10.0 28.0 11.0 10.0 7.0 10.0 9.0 12.0 10.0 9.0 10.0 10.0 8.0 44.0 44.0 17.0 10.0 13.0 10.0 11.0 8.0 9.0 9.0 11.0 10.0 10.0 10.0 10.0 7.0 30.0 9.0 10.0 9.0 12.0 10.0 10.0 9.0 12.0 13.0 14.0 10.0 11.0 11.0 11.0 8.0 24.0 9.0 10.0 11.0 46.0 60.0 10.0 7.0 80.0 9.0 22.0 9.0 10.0 10.0 10.0 8.0 12.0 12.0 15.0 10.0 13.0 11.0 11.0 7.0 32.0 9.0 10.0 10.0 9.0 9.0 10.0 7.0 9.0 10.0 11.0 9.0 10.0 10.0 10.0 9.0 11.0 12.0 15.0 10.0 11.0 10.0 12.0 8.0 13.0 12.0 11.0 10.0 10.0 11.0 10.0 8.0 10.0 10.0 12.0 10.0 10.0 10.0 10.0 7.0 126.0 9.0 10.0 9.0 10.0 10.0 10.0 9.0 12.0 11.0 16.0 11.0 11.0 12.0 11.0 7.0 10.0 10.0 10.0 9.0 10.0 10.0 10.0 8.0 9.0 9.0 10.0 13.0 9.0 10.0 10.0 9.0 12.0 15.0 12.0 11.0 10.0 33.0 11.0 8.0 9.0 70.0 12.0 9.0 10.0 10.0 10.0 8.0 9.0 10.0 20.0 9.0 10.0 10.0 10.0 9.0 13.0 11.0 13.0 12.0 11.0 10.0 48.0 7.0 27.0 11.0 10.0 10.0 10.0 10.0 9.0 8.0 9.0 9.0 13.0 10.0 10.0 10.0 10.0 9.0 12.0 14.0 14.0 10.0 12.0 11.0 47.0 8.0 11.0 11.0 11.0 10.0 10.0 11.0 21.0 7.0 10.0 12.0 13.0 9.0 11.0 10.0 10.0 9.0 13.0 15.0 18.0 10.0 12.0 10.0 11.0 7.0 10.0 10.0 13.0 9.0 11.0 10.0 10.0 8.0 36.0 9.0 12.0 9.0 10.0 9.0 10.0 9.0 12.0 23.0 10.0 10.0 13.0 11.0 11.0 7.0 10.0 11.0 10.0 10.0 10.0 12.0 11.0 7.0 9.0 14.0 10.0 45.0 10.0 10.0 21.0 9.0 12.0 12.0 15.0 11.0 11.0 10.0 10.0 7.0 11.0 10.0 10.0 9.0 10.0 10.0 10.0 8.0 10.0 10.0 12.0 9.0 10.0 9.0 12.0 10.0 11.0 14.0 15.0 11.0 12.0 11.0 10.0 8.0 10.0 11.0 13.0 9.0 10.0 10.0 10.0 7.0 9.0 9.0 12.0 9.0 11.0 10.0 10.0 8.0 11.0 12.0 14.0 10.0 10.0 11.0 10.0 7.0 22.0 10.0 11.0 10.0 11.0 11.0 11.0 8.0 10.0 11.0 10.0 10.0 9.0 9.0 10.0 7.0 10.0 10.0 10.0 9.0 9.0 49.0 9.0 9.0 12.0 12.0 17.0 10.0 11.0 11.0 11.0 8.0 10.0 10.0 10.0 9.0 10.0 21.0 9.0 7.0 9.0 10.0 11.0 10.0 27.0 10.0 10.0 8.0 12.0 11.0 12.0 10.0 11.0 10.0 11.0 7.0 10.0 10.0 10.0 9.0 10.0 9.0 9.0 8.0 9.0 9.0 10.0 9.0 10.0 10.0 10.0 10.0 12.0 11.0 12.0 10.0 10.0 11.0 14.0 8.0 20.0 10.0 9.0 9.0 10.0 10.0 10.0 8.0 27.0 10.0 9.0 9.0 9.0 22.0 10.0 9.0 28.0 11.0 14.0 11.0 12.0 10.0 11.0 8.0 10.0 15.0 10.0 9.0 9.0 16.0 10.0 8.0 31.0 9.0 10.0 9.0 10.0 10.0 9.0 9.0 13.0 13.0 13.0 11.0 12.0 11.0 11.0 7.0 10.0 10.0 11.0 10.0 10.0 9.0 10.0 7.0 10.0 9.0 10.0 47.0 9.0 11.0 12.0 9.0 11.0 14.0 40.0 11.0 14.0 11.0 11.0 8.0 11.0 10.0 13.0 10.0 11.0 10.0 10.0 7.0 10.0 10.0 10.0 10.0 9.0 10.0 10.0 8.0 9.0 9.0 11.0 9.0 9.0 9.0 9.0 9.0 11.0 10.0 13.0 11.0 11.0 11.0 11.0 8.0 9.0 9.0 11.0 10.0 10.0 9.0 9.0 7.0 15.0 10.0 11.0 9.0 10.0 10.0 10.0 9.0 12.0 11.0 16.0 10.0 12.0 10.0 11.0 8.0 10.0 10.0 11.0 10.0 9.0 10.0 10.0 7.0 10.0 10.0 19.0 9.0 10.0 10.0 9.0 9.0 12.0 11.0 11.0 11.0 12.0 11.0 15.0 8.0 10.0 9.0 10.0 9.0 10.0 10.0 11.0 8.0 10.0 9.0 9.0 10.0 10.0 9.0 10.0 9.0 13.0 12.0 16.0 11.0 10.0 11.0 12.0 8.0 15.0 10.0 10.0 9.0 10.0 15.0 10.0 7.0 10.0 9.0 11.0 9.0 9.0 10.0 10.0 8.0 10.0 13.0 36.0 10.0 11.0 15.0 13.0 8.0 9.0 10.0 11.0 9.0 9.0 10.0 10.0 7.0 9.0 9.0 11.0 10.0 15.0 10.0 10.0 9.0 12.0 11.0 13.0 11.0 11.0 11.0 10.0 8.0 11.0 11.0 11.0 10.0 11.0 11.0 10.0 7.0 10.0 10.0 12.0 10.0 9.0 10.0 10.0 8.0 9.0 10.0 12.0 10.0 10.0 10.0 10.0 8.0 12.0 11.0 14.0 10.0 13.0 22.0 10.0 8.0 11.0 10.0 12.0 10.0 11.0 11.0 11.0 7.0 41.0 10.0 10.0 10.0 9.0 10.0 9.0 9.0 19.0 13.0 15.0 10.0 12.0 10.0 10.0 8.0 10.0 10.0 11.0 10.0 9.0 10.0 16.0 7.0 33.0 10.0 10.0 10.0 13.0 10.0 13.0 9.0 11.0 13.0 16.0 11.0 11.0 10.0 11.0 8.0 11.0 12.0 11.0 10.0 10.0 10.0 12.0 7.0 10.0 14.0 9.0 10.0 12.0 10.0 10.0 8.0 9.0 9.0 12.0 9.0 10.0 10.0 10.0 8.0 12.0 14.0 16.0 10.0 33.0 12.0 11.0 7.0 10.0 18.0 10.0 10.0 10.0 10.0 10.0 7.0 9.0 10.0 12.0 9.0 10.0 10.0 10.0 10.0 12.0 13.0 13.0 11.0 11.0 10.0 12.0 8.0 21.0 10.0 12.0 10.0 10.0 10.0 10.0 8.0 9.0 11.0 14.0 9.0 11.0 10.0 10.0 9.0 12.0 11.0 14.0 11.0 11.0 11.0 11.0 7.0 42.0 49.0 10.0 10.0 9.0 10.0 10.0 7.0 9.0 10.0 12.0 10.0 10.0 10.0 9.0 9.0 11.0 11.0 11.0 11.0 12.0 10.0 11.0 8.0 9.0 11.0 63.0 10.0 50.0 10.0 10.0 8.0 10.0 11.0 11.0 10.0 9.0 10.0 10.0 9.0 13.0 11.0 13.0 10.0 10.0 11.0 10.0 7.0 9.0 10.0 11.0 9.0 10.0 9.0 9.0 8.0 9.0 9.0 12.0 9.0 10.0 9.0 9.0 9.0 12.0 14.0 17.0 10.0 11.0 26.0 12.0 7.0 12.0 10.0 10.0 10.0 11.0 21.0 11.0 8.0 10.0 9.0 12.0 9.0 10.0 10.0 10.0 9.0 13.0 13.0 11.0 10.0 11.0 11.0 18.0 7.0 10.0 9.0 11.0 10.0 10.0 10.0 14.0 8.0 9.0 10.0 11.0 9.0 10.0 10.0 10.0 9.0 39.0 48.0 11.0 11.0 12.0 14.0 11.0 7.0 10.0 11.0 10.0 10.0 10.0 10.0 10.0 7.0 9.0 10.0 10.0 9.0 10.0 9.0 9.0 10.0 13.0 11.0 53.0 11.0 47.0 11.0 14.0 7.0 9.0 9.0 11.0 11.0 9.0 10.0 10.0 8.0 9.0 9.0 11.0 9.0 13.0 10.0 10.0 9.0 11.0 17.0 16.0 10.0 13.0 14.0 36.0 7.0 9.0 9.0 10.0 9.0 10.0 12.0 10.0 8.0 9.0 10.0 10.0 9.0 12.0 10.0 10.0 9.0 17.0 12.0 11.0 11.0 11.0 11.0 11.0 8.0 10.0 9.0 10.0 10.0 10.0 10.0 10.0 7.0 9.0 10.0 12.0 9.0 10.0 10.0 9.0 9.0 11.0 15.0 15.0 10.0 10.0 11.0 11.0 8.0 10.0 9.0 14.0 9.0 11.0 10.0 10.0 7.0 10.0 9.0 11.0 9.0 11.0 10.0 10.0 9.0 52.0 33.0 11.0 11.0 13.0 10.0 11.0 8.0 11.0 11.0 13.0 10.0 12.0 10.0 10.0 8.0 9.0 10.0 12.0 9.0 10.0 10.0 9.0
49 47 1 TRACE 30.0 26.0 20.0 16.0 20.0 17.0 15.0 691.0 13.0 13.0 13.0 16.0 16.0 13.0 12.0 12.0 13.0 12.0 13.0 14.0 12.0 21.0 21.0 21.0 16.0 19.0 18.0 15.0 30.0 17.0 17.0 12.0 56.0 14.0 23.0 13.0 20.0 13.0 13.0 13.0 12.0 13.0 21.0 76.0 21.0 17.0 19.0 19.0 15.0 13.0 12.0 13.0 13.0 14.0 15.0 13.0 42.0 13.0 14.0 12.0 13.0 14.0 37.0 32.0 28.0 24.0 26.0 47.0 19.0 31.0 17.0 16.0 16.0 15.0 17.0 16.0 14.0 13.0 14.0 15.0 12.0 14.0 12.0 13.0 17.0 15.0 14.0 14.0 33.0 31.0 13.0 33.0 29.0 30.0 24.0 24.0 22.0 20.0 18.0 16.0 18.0 15.0 17.0 15.0 15.0 41.0 27.0 14.0 14.0 19.0 13.0 14.0 12.0 15.0 13.0 12.0 29.0 15.0 12.0 25.0 21.0 22.0 16.0 18.0 18.0 15.0 16.0 18.0 13.0 16.0 15.0 12.0 14.0 12.0 16.0 13.0 12.0 14.0 14.0 12.0 51.0 61.0 19.0 56.0 17.0 16.0 16.0 16.0 13.0 13.0 12.0 14.0 15.0 12.0 18.0 17.0 15.0 12.0 15.0 15.0 12.0 60.0 34.0 29.0 22.0 23.0 22.0 20.0 19.0 18.0 17.0 15.0 14.0 15.0 14.0 29.0 12.0 12.0 12.0 15.0 16.0 12.0 46.0 30.0 30.0 27.0 25.0 22.0 22.0 20.0 31.0 18.0 15.0 20.0 14.0 14.0 17.0 14.0 15.0 12.0 14.0 12.0 13.0 25.0 25.0 25.0 12.0 13.0 25.0 14.0 20.0 18.0 19.0 15.0 18.0 17.0 14.0 36.0 17.0 13.0 12.0 50.0 17.0 12.0 12.0 12.0 12.0 14.0 15.0 12.0 12.0 26.0 22.0 20.0 19.0 19.0 19.0 16.0 14.0 13.0 15.0 14.0 16.0 16.0 13.0 12.0 12.0 48.0 42.0 12.0 14.0 12.0 36.0 24.0 24.0 17.0 19.0 18.0 15.0 72.0 12.0 15.0 12.0 27.0 16.0 13.0 12.0 12.0 13.0 14.0 12.0 13.0 12.0 24.0 21.0 20.0 17.0 19.0 17.0 16.0 14.0 16.0 13.0 13.0 15.0 17.0 27.0 13.0 11.0 12.0 11.0 14.0 15.0 12.0 27.0 20.0 22.0 16.0 17.0 18.0 15.0 49.0 17.0 15.0 29.0 14.0 13.0 40.0 44.0 16.0 14.0 11.0 15.0 15.0 12.0 59.0 42.0 52.0 20.0 21.0 21.0 17.0 17.0 15.0 16.0 19.0 14.0 14.0 14.0 12.0 12.0 13.0 12.0 67.0 18.0 13.0 99.0 33.0 23.0 28.0 18.0 16.0 16.0 17.0 18.0 13.0 12.0 15.0 15.0 13.0 13.0 12.0 12.0 13.0 14.0 14.0 13.0 43.0 22.0 20.0 19.0 19.0 18.0 16.0 14.0 14.0 14.0 43.0 15.0 14.0 13.0 12.0 12.0 15.0 12.0 38.0 26.0 12.0 66.0 29.0 25.0 24.0 26.0 23.0 20.0 17.0 20.0 19.0 15.0 17.0 15.0 15.0 13.0 33.0 15.0 12.0 13.0 15.0 12.0 12.0 11.0 14.0 13.0 16.0 13.0 12.0 31.0 29.0 26.0 20.0 19.0 18.0 17.0 54.0 14.0 14.0 26.0 16.0 13.0 15.0 12.0 12.0 13.0 12.0 13.0 14.0 12.0 25.0 21.0 22.0 20.0 18.0 17.0 25.0 13.0 13.0 14.0 14.0 15.0 16.0 14.0 30.0 16.0 14.0 12.0 53.0 13.0 12.0 88.0 24.0 24.0 20.0 22.0 21.0 17.0 52.0 19.0 16.0 14.0 16.0 13.0 14.0 13.0 14.0 13.0 12.0 14.0 25.0 12.0 31.0 21.0 21.0 17.0 19.0 19.0 15.0 13.0 13.0 15.0 15.0 14.0 13.0 13.0 13.0 12.0 13.0 11.0 13.0 14.0 14.0 20.0 18.0 19.0 16.0 17.0 17.0 14.0 13.0 12.0 13.0 12.0 13.0 13.0 12.0 12.0 12.0 13.0 13.0 13.0 14.0 12.0 72.0 19.0 22.0 51.0 18.0 18.0 15.0 15.0 57.0 14.0 13.0 15.0 15.0 13.0 12.0 12.0 13.0 12.0 14.0 13.0 13.0 25.0 20.0 19.0 16.0 18.0 18.0 15.0 37.0 13.0 14.0 32.0 13.0 16.0 13.0 12.0 12.0 13.0 12.0 14.0 56.0 13.0 22.0 22.0 21.0 16.0 17.0 16.0 14.0 100.0 13.0 15.0 13.0 15.0 15.0 12.0 14.0 15.0 15.0 12.0 15.0 15.0 12.0 33.0 34.0 32.0 28.0 24.0 25.0 39.0 18.0 28.0 18.0 15.0 16.0 16.0 15.0 16.0 17.0 12.0 12.0 14.0 15.0 12.0 12.0 12.0 12.0 12.0 14.0 15.0 12.0 29.0 24.0 25.0 18.0 19.0 19.0 16.0 16.0 13.0 16.0 14.0 16.0 17.0 14.0 12.0 12.0 15.0 12.0 14.0 13.0 12.0 65.0 22.0 20.0 19.0 17.0 18.0 15.0 13.0 21.0 13.0 13.0 15.0 13.0 24.0 13.0 13.0 12.0 23.0 12.0 13.0 12.0 91.0 20.0 21.0 17.0 19.0 18.0 16.0 13.0 13.0 15.0 13.0 15.0 15.0 12.0 12.0 12.0 13.0 12.0 14.0 15.0 12.0 31.0 28.0 26.0 20.0 22.0 20.0 19.0 91.0 16.0 15.0 24.0 14.0 15.0 15.0 12.0 13.0 36.0 12.0 15.0 16.0 12.0 25.0 27.0 24.0 17.0 21.0 19.0 16.0 14.0 14.0 15.0 13.0 14.0 16.0 12.0 18.0 19.0 13.0 33.0 14.0 14.0 12.0 33.0 32.0 38.0 23.0 23.0 22.0 19.0 16.0 36.0 22.0 15.0 15.0 16.0 15.0 13.0 12.0 31.0 13.0 13.0 13.0 13.0 32.0 26.0 24.0 18.0 20.0 19.0 16.0 13.0 16.0 14.0 14.0 15.0 16.0 13.0 14.0 13.0 15.0 12.0 14.0 15.0 12.0 50.0 31.0 26.0 20.0 22.0 21.0 18.0 15.0 15.0 17.0 14.0 15.0 16.0 14.0 17.0 17.0 14.0 12.0 14.0 15.0 12.0 34.0 31.0 31.0 68.0 25.0 23.0 23.0 17.0 17.0 18.0 16.0 16.0 32.0 16.0 12.0 13.0 16.0 14.0 12.0 13.0 12.0 96.0 13.0 14.0 11.0 50.0 15.0 12.0 24.0 20.0 21.0 18.0 19.0 19.0 53.0 15.0 14.0 24.0 13.0 14.0 14.0 23.0 16.0 12.0 13.0 12.0 18.0 16.0 14.0 19.0 17.0 20.0 16.0 18.0 18.0 16.0 14.0 15.0 15.0 14.0 14.0 14.0 13.0 15.0 17.0 14.0 13.0 14.0 12.0 13.0 109.0 25.0 23.0 20.0 22.0 18.0 17.0 15.0 14.0 24.0 17.0 16.0 17.0 14.0 23.0 16.0 60.0 15.0 14.0 14.0 12.0 78.0 23.0 22.0 18.0 21.0 18.0 38.0 35.0 14.0 15.0 14.0 15.0 16.0 13.0 13.0 12.0 13.0 12.0 15.0 14.0 13.0 32.0 30.0 25.0 19.0 21.0 20.0 18.0 17.0 15.0 16.0 14.0 14.0 16.0 19.0 12.0 13.0 51.0 12.0 12.0 13.0 12.0 37.0 35.0 29.0 23.0 26.0 24.0 21.0 18.0 16.0 18.0 14.0 18.0 16.0 14.0 13.0 12.0 18.0 14.0 12.0 14.0 12.0 12.0 12.0 13.0 11.0 13.0 24.0 12.0 60.0 20.0 19.0 15.0 16.0 18.0 15.0 23.0 14.0 13.0 13.0 14.0 15.0 18.0 12.0 14.0 13.0 12.0 14.0 15.0 13.0 33.0 25.0 26.0 20.0 23.0 20.0 18.0 16.0 15.0 15.0 50.0 20.0 15.0 14.0 13.0 12.0 14.0 12.0 13.0 13.0 13.0 25.0 21.0 22.0 18.0 20.0 18.0 16.0 14.0 14.0 15.0 14.0 15.0 16.0 13.0 114.0 12.0 18.0 12.0 14.0 15.0 12.0 30.0 25.0 58.0 20.0 20.0 23.0 18.0 16.0 14.0 16.0 14.0 15.0 17.0 14.0 14.0 53.0 13.0 12.0 13.0 16.0 12.0 29.0 24.0 23.0 16.0 19.0 19.0 15.0 46.0 16.0 14.0 13.0 15.0 15.0 13.0 12.0 12.0 13.0 13.0 15.0 12.0 54.0 86.0 29.0 27.0 22.0 23.0 21.0 20.0 19.0 18.0 17.0 15.0 16.0 17.0 14.0 16.0 15.0 16.0 13.0 14.0 15.0 12.0 40.0 16.0 14.0 12.0 14.0 14.0 12.0 109.0 27.0 25.0 22.0 23.0 21.0 22.0 16.0 16.0 17.0 15.0 17.0 17.0 14.0 48.0 12.0 12.0 13.0 12.0 12.0 12.0 31.0 24.0 27.0 20.0 22.0 20.0 18.0 16.0 15.0 16.0 14.0 16.0 16.0 14.0 11.0 12.0 14.0 12.0 14.0 19.0 73.0 42.0 38.0 32.0 26.0 27.0 23.0 21.0 17.0 23.0 54.0 28.0 17.0 15.0 14.0 13.0 13.0 14.0 12.0 15.0 15.0 12.0 12.0 12.0 14.0 12.0 14.0 12.0 12.0 19.0 18.0 17.0 15.0 18.0 17.0 15.0 12.0 12.0 16.0 12.0 13.0 15.0 52.0 13.0 13.0 15.0 12.0 17.0 12.0 12.0 29.0 23.0 22.0 19.0 22.0 20.0 17.0 15.0 14.0 16.0 14.0 15.0 16.0 14.0 23.0 18.0 17.0 12.0 14.0 27.0 13.0 30.0 25.0 25.0 20.0 22.0 20.0 18.0 53.0 15.0 14.0 16.0 15.0 16.0 14.0 21.0 16.0 13.0 12.0 14.0 15.0 12.0 40.0 28.0 35.0 21.0 21.0 20.0 18.0 21.0 36.0 18.0 15.0 18.0 14.0 14.0 15.0 14.0 14.0 12.0 13.0 14.0 12.0 26.0 20.0 21.0 17.0 17.0 18.0 16.0 22.0 18.0 15.0 13.0 15.0 15.0 13.0 28.0 16.0 14.0 12.0 14.0 15.0 11.0 53.0 24.0 23.0 19.0 21.0 21.0 17.0 14.0 14.0 18.0 15.0 13.0 16.0 15.0 12.0 12.0 13.0 12.0 14.0 15.0 12.0 85.0 20.0 20.0 17.0 18.0 18.0 15.0 13.0 53.0 14.0 13.0 15.0 17.0 13.0 12.0 13.0 16.0 12.0 14.0 14.0 29.0 71.0 22.0 20.0 20.0 20.0 18.0 16.0 13.0 13.0 14.0 13.0 15.0 15.0 14.0 12.0 13.0 12.0 12.0 15.0 55.0 13.0 36.0 24.0 24.0 17.0 21.0 18.0 16.0 30.0 17.0 16.0 15.0 14.0 13.0 14.0 14.0 15.0 16.0 13.0 35.0 16.0 12.0 38.0 30.0 21.0 16.0 20.0 31.0 16.0 17.0 13.0 14.0 13.0 16.0 14.0 12.0 12.0 12.0 13.0 12.0 14.0 13.0 12.0 25.0 20.0 22.0 17.0 17.0 17.0 16.0 14.0 13.0 16.0 14.0 16.0 16.0 13.0 16.0 17.0 13.0 11.0 14.0 14.0 12.0 88.0 27.0 31.0 21.0 32.0 18.0 17.0 16.0 15.0 18.0 14.0 27.0 17.0 13.0 13.0 52.0 13.0 12.0 15.0 14.0 12.0 34.0 27.0 28.0 21.0 22.0 23.0 19.0 16.0 15.0 18.0 14.0 16.0 17.0 14.0 30.0 16.0 14.0 12.0 13.0 14.0 17.0
49 50 1 TRACE 146.0 37.0 66.0 76.0 29.0 74.0 50.0 95.0 217.0 31.0 95.0 56.0 175.0 187.0 69.0 71.0 196.0 71.0 33.0 91.0 34.0 88.0 102.0 221.0 28.0 63.0 166.0 70.0 46.0 47.0 125.0 29.0 56.0 88.0 217.0 29.0 110.0 158.0 88.0 90.0 77.0 214.0 66.0 170.0 79.0 144.0 40.0 194.0 160.0 106.0 29.0 99.0 159.0 35.0 33.0 96.0 201.0 104.0 31.0 118.0 186.0 68.0 54.0 34.0 179.0 74.0 28.0 199.0 72.0 56.0 165.0 163.0 166.0 30.0 161.0 175.0 98.0 29.0 172.0 96.0 95.0 88.0 133.0 71.0 359.0 63.0 98.0 75.0 89.0 127.0 28.0 133.0 109.0 98.0 85.0 38.0 119.0 84.0 74.0 51.0 150.0 101.0 28.0 78.0 84.0 97.0 159.0 80.0 95.0 91.0 98.0 81.0 29.0 29.0 46.0 24.0 28.0 170.0 99.0 58.0 105.0 134.0 573.0 131.0 91.0 80.0 67.0 149.0 81.0 62.0 58.0 227.0 123.0 43.0 199.0 135.0 87.0 44.0 200.0 77.0 51.0 129.0 30.0 73.0 49.0 109.0 51.0 29.0 89.0 175.0 30.0 81.0 129.0 136.0 29.0 149.0 79.0 64.0 58.0 168.0 71.0 120.0 49.0 175.0 91.0 55.0 56.0 232.0 96.0 43.0 152.0 148.0 176.0 98.0 162.0 77.0 61.0 95.0 81.0 78.0 134.0 26.0 45.0 181.0 3123.0 2522.0 62.0 171.0 66.0 34.0 99.0 167.0 110.0 117.0 75.0 153.0 52.0 67.0 152.0 75.0 148.0
50 25 1 TRACE 29.0 21.0 17.0 31.0 22.0 22.0 22.0 23.0 16.0 23.0 70.0 59.0 22.0 26.0 22.0 54.0 21.0 20.0 23.0 19.0 63.0 21.0 23.0 37.0 28.0 21.0 22.0 20.0 26.0 20.0 35.0 22.0 22.0 59.0 41.0 21.0 23.0 20.0 22.0 22.0 24.0 59.0 61.0 22.0 26.0 21.0 19.0 20.0 22.0 22.0 63.0 23.0 21.0 21.0 21.0 20.0 21.0 24.0 75.0 34.0 22.0 58.0 177.0 20.0
50 41 1 TRACE 10.0 9.0 8.0 9.0 8.0 8.0 9.0 8.0 8.0 8.0 8.0 8.0 9.0 8.0 8.0 9.0 9.0 8.0 9.0 8.0 8.0 11.0 8.0 8.0 8.0 8.0 8.0 8.0 8.0 8.0 8.0 8.0 9.0 8.0 8.0 8.0 9.0 8.0 9.0 8.0 8.0 9.0 9.0 9.0 8.0 8.0 8.0 9.0 8.0 8.0 8.0 9.0 9.0 8.0 8.0 9.0 8.0 8.0 9.0 9.0 9.0 8.0 8.0 9.0 8.0 8.0 9.0 9.0 8.0 9.0 8.0 8.0 8.0 9.0 9.0 9.0 8.0 8.0 8.0 8.0 8.0 8.0 8.0 8.0 9.0 8.0 8.0 9.0 8.0 8.0 8.0 9.0 9.0 9.0 8.0 8.0 8.0 9.0 8.0 8.0 8.0 9.0 8.0 8.0 11.0 8.0 8.0 9.0 8.0 8.0 9.0 8.0 8.0 9.0 8.0 8.0 8.0 8.0 8.0 8.0 8.0 8.0 8.0 9.0 8.0 9.0 9.0 8.0 8.0 8.0 8.0 9.0 8.0 8.0 8.0 9.0 8.0
51 52 1 TRACE 108.0 81.0 94.0 78.0 104.0 104.0 117.0 97.0 99.0 84.0 132.0 92.0 104.0 141.0 118.0 97.0 77.0 110.0 99.0 111.0 131.0 114.0 112.0 103.0 102.0 106.0 143.0 118.0 109.0 120.0 102.0 188.0 108.0 121.0 90.0 100.0 110.0 135.0 105.0 98.0 76.0 104.0 99.0 98.0 112.0 110.0 78.0 88.0 98.0 114.0 93.0 91.0 85.0 103.0 133.0 104.0 83.0 88.0 111.0 83.0 84.0 107.0 98.0 108.0
52 53 1 TRACE 35.0 33.0 29.0 31.0 26.0 27.0 37.0 28.0 28.0 32.0 40.0 29.0 31.0 42.0 33.0 28.0 31.0 25.0 32.0 25.0 29.0 33.0 33.0 25.0 27.0 35.0 39.0 29.0 26.0 31.0 26.0 55.0 27.0 25.0 30.0 28.0 26.0 26.0 28.0 29.0 31.0 26.0 28.0 28.0 24.0 30.0 31.0 30.0 28.0 30.0 29.0 50.0 32.0 28.0 49.0 26.0 31.0 30.0 24.0 30.0 30.0 46.0 28.0 78.0
53 54 1 TRACE 28.0 14.0 20.0 14.0 20.0 47.0 14.0 19.0 17.0 14.0 18.0 13.0 19.0 19.0 20.0 18.0 20.0 16.0 28.0 18.0 22.0 21.0 15.0 16.0 19.0 13.0 19.0 30.0 22.0 16.0 17.0 14.0 45.0 13.0 26.0 16.0 17.0 16.0 19.0 16.0 18.0 26.0 20.0 26.0 30.0 22.0 14.0 16.0 20.0 14.0 18.0 18.0 17.0 15.0 18.0 47.0 17.0 14.0 22.0 14.0 18.0 15.0 18.0 13.0
54 55 1 TRACE 48.0 20.0 20.0 20.0 21.0 37.0 20.0 20.0 20.0 19.0 20.0 20.0 20.0 20.0 21.0 20.0 20.0 20.0 21.0 20.0 20.0 19.0 21.0 20.0 20.0 19.0 20.0 22.0 21.0 21.0 20.0 32.0 21.0 20.0 20.0 20.0 20.0 20.0 20.0 20.0 20.0 21.0 20.0 20.0 21.0 19.0 20.0 20.0 21.0 20.0 20.0 21.0 21.0 21.0 32.0 20.0 20.0 20.0 20.0 21.0 20.0 20.0 20.0 42.0
55 56 1 TRACE 16.0 8.0 9.0 10.0 10.0 8.0 9.0 9.0 8.0 9.0 10.0 9.0 10.0 9.0 8.0 9.0 10.0 10.0 10.0 9.0 10.0 8.0 9.0 9.0 9.0 9.0 10.0 10.0 8.0 8.0 10.0 8.0 9.0 9.0 9.0 9.0 9.0 9.0 9.0 9.0 9.0 10.0 9.0 9.0 9.0 9.0 9.0 9.0 9.0 9.0 9.0 9.0 10.0 9.0 8.0 9.0 10.0 9.0 9.0 9.0 9.0 9.0 9.0 7.0
56 57 1 TRACE 16.0 10.0 10.0 10.0 10.0 7.0 10.0 10.0 10.0 10.0 9.0 10.0 10.0 10.0 9.0 10.0 10.0 9.0 10.0 10.0 9.0 10.0 11.0 10.0 10.0 10.0 10.0 11.0 10.0 10.0 10.0 8.0 10.0 10.0 9.0 10.0 10.0 9.0 10.0 10.0 10.0 10.0 9.0 10.0 10.0 9.0 10.0 10.0 10.0 10.0 10.0 10.0 10.0 10.0 8.0 10.0 10.0 10.0 10.0 10.0 10.0 10.0 10.0 7.0
57 58 1 TRACE 16.0 10.0 10.0 10.0 9.0 8.0 9.0 10.0 10.0 10.0 10.0 10.0 10.0 10.0 10.0 9.0 10.0 10.0 10.0 10.0 10.0 10.0 10.0 10.0 10.0 10.0 10.0 22.0 10.0 11.0 10.0 8.0 10.0 10.0 10.0 10.0 11.0 10.0 10.0 10.0 10.0 10.0 10.0 10.0 10.0 10.0 9.0 10.0 10.0 10.0 9.0 11.0 10.0 10.0 7.0 10.0 10.0 10.0 10.0 9.0 10.0 10.0 9.0 8.0
58 59 1 TRACE 22.0 11.0 11.0 11.0 12.0 22.0 11.0 10.0 11.0 11.0 11.0 11.0 12.0 11.0 11.0 11.0 11.0 12.0 12.0 11.0 11.0 11.0 11.0 12.0 11.0 11.0 11.0 11.0 11.0 11.0 15.0 11.0 11.0 11.0 11.0 11.0 11.0 11.0 11.0 11.0 11.0 12.0 11.0 11.0 12.0 11.0 11.0 12.0 11.0 11.0 11.0 11.0 11.0 11.0 9.0 11.0 11.0 11.0 11.0 11.0 11.0 11.0 11.0 11.0
59 60 1 TRACE 10.0 10.0 10.0 10.0 10.0 10.0 10.0 10.0 10.0 10.0 10.0 9.0 10.0 9.0 10.0 10.0 27.0 9.0 9.0 10.0 10.0 10.0 11.0 10.0 10.0 10.0 10.0 10.0 10.0 10.0 10.0 21.0 10.0 10.0 10.0 9.0 10.0 10.0 10.0 10.0 10.0 10.0 10.0 10.0 10.0 10.0 10.0 10.0 10.0 10.0 10.0 10.0 10.0 10.0 10.0 10.0 10.0 10.0 10.0 10.0 10.0 10.0 10.0 10.0
60 61 1 TRACE 10.0 10.0 11.0 10.0 11.0 10.0 10.0 10.0 10.0 11.0 11.0 11.0 11.0 11.0 10.0 10.0 12.0 11.0 11.0 11.0 11.0 10.0 21.0 10.0 11.0 11.0 11.0 11.0 10.0 10.0 7.0 9.0 10.0 10.0 10.0 10.0 10.0 10.0 10.0 11.0 10.0 11.0 11.0 11.0 10.0 10.0 10.0 10.0 10.0 10.0 10.0 10.0 10.0 10.0 10.0 11.0 10.0 10.0 10.0 11.0 10.0 10.0 10.0 10.0
61 62 1 TRACE 8.0 11.0 10.0 10.0 10.0 11.0 11.0 11.0 11.0 10.0 10.0 10.0 10.0 10.0 11.0 11.0 11.0 10.0 7.0 10.0 10.0 11.0 11.0 11.0 10.0 10.0 10.0 10.0 11.0 11.0 8.0 10.0 11.0 11.0 10.0 11.0 10.0 11.0 10.0 11.0 11.0 11.0 11.0 11.0 11.0 10.0 11.0 11.0 11.0 11.0 11.0 10.0 10.0 11.0 11.0 11.0 11.0 11.0 11.0 10.0 11.0 10.0 10.0 10.0
62 1 1 TRACE 28.0 30.0 30.0 30.0 30.0 47.0 31.0 29.0 29.0 30.0 30.0 31.0 29.0 30.0 30.0 30.0 37.0 31.0 30.0 29.0 29.0 30.0 42.0 30.0 30.0 32.0 30.0 29.0 30.0 30.0 27.0 45.0 30.0 30.0 29.0 29.0 30.0 31.0 29.0 30.0 30.0 32.0 31.0 30.0 31.0 29.0 31.0 31.0 29.0 29.0 31.0 31.0 29.0 29.0 55.0 30.0 30.0 30.0 46.0 30.0 30.0 29.0 29.0
