0 1 CONSTANT 8.0
1 1 CONSTANT 8.0
2 1 CONSTANT 0.0
3 1 CONSTANT 8.0
4 1 CONSTANT 8.0
5 1 CONSTANT 8.0
6 1 CONSTANT 8.0
7 1 CONSTANT 8.0
8 1 CONSTANT 8.0
9 1 CONSTANT 0.0
10 1 CONSTANT 0.0
11 1 CONSTANT 0.0
12 1 CONSTANT 0.0
13 1 CONSTANT 8.0
14 1 CONSTANT 4.0
15 1 CONSTANT 4.0
16 1 CONSTANT 0.0
17 1 CONSTANT 0.0
18 1 CONSTANT 0.0
19 1 CONSTANT 0.0
20 1 CONSTANT 4.0
21 1 CONSTANT 8.0
22 1 CONSTANT 8.0
23 1 CONSTANT 8.0
24 1 CONSTANT 8.0
25 1 CONSTANT 4.0
26 1 CONSTANT 4.0
27 1 CONSTANT 8.0
28 1 TRACE 0.0 4.0 1028.0 0.0 0.0 8.0 3840.0 0.0 0.0 0.0 36.0 4.0 16.0 2796.0 4.0 4.0 4.0 28.0 0.0 12.0 2244.0 0.0 0.0 0.0 44.0 1456.0 0.0 0.0 0.0 1020.0 116.0 0.0 4.0 3416.0 4.0 0.0 4.0 3140.0 0.0 4.0 8.0 1632.0 96.0 0.0 0.0 28.0 2552.0 0.0 0.0 32.0 1972.0 0.0 0.0 12.0 1480.0 0.0 0.0 0.0 4184.0 8.0 0.0 16.0 2080.0 0.0 0.0 4.0 1972.0 0.0 0.0 0.0 1844.0 0.0 0.0 0.0 60.0 0.0 0.0 276.0 324.0 0.0 0.0 4.0 1028.0 152.0 0.0 0.0 8.0 0.0 296.0 376.0 0.0 4.0 0.0 3916.0 4.0 0.0 0.0 420.0 272.0 0.0 4.0 0.0 40.0 1104.0 0.0 0.0 32.0 1396.0 0.0 0.0 0.0 2664.0 0.0 0.0 12.0 1688.0 0.0 0.0 4.0 1092.0 112.0 4.0 8.0 4.0 0.0 4.0 1660.0 0.0 4.0 0.0 40.0 0.0 40.0 1016.0 0.0 0.0 316.0 324.0 0.0 4.0 0.0 28.0 0.0 0.0 32.0 0.0 0.0 8.0 0.0 20.0 1816.0 0.0 0.0 4.0 8.0 0.0 12.0 2420.0 0.0 0.0 0.0 12.0 0.0 8.0 1604.0 0.0 0.0 0.0 316.0 292.0 0.0 0.0 8.0 3988.0 0.0 0.0 4.0 20.0 0.0 0.0 984.0 84.0 0.0 0.0 0.0 1764.0 80.0 0.0 0.0 1944.0 68.0 4.0 12.0 2100.0 0.0 0.0 0.0 68.0 0.0 0.0 1688.0 0.0 0.0 112.0 496.0 0.0 4.0 4.0 12.0 2024.0 0.0 0.0 4.0 3384.0 8.0 0.0 44.0 1200.0 0.0 0.0 4.0 4020.0 0.0 0.0 4.0 60.0 0.0 108.0 648.0 0.0 0.0 32.0 1072.0 0.0 0.0 4.0 2328.0 0.0 0.0 0.0 420.0 276.0 0.0 0.0 0.0 24.0 0.0 28.0 2004.0 0.0
29 1 CONSTANT 4.0
30 1 TRACE 0.0 4.0 1028.0 0.0 0.0 8.0 3840.0 0.0 0.0 0.0 36.0 4.0 16.0 2796.0 4.0 4.0 4.0 28.0 0.0 12.0 2244.0 0.0 0.0 0.0 44.0 1456.0 0.0 0.0 0.0 1020.0 116.0 0.0 4.0 3416.0 4.0 0.0 4.0 3140.0 0.0 4.0 8.0 1632.0 96.0 0.0 0.0 28.0 2552.0 0.0 0.0 32.0 1972.0 0.0 0.0 12.0 1480.0 0.0 0.0 0.0 4184.0 8.0 0.0 16.0 2080.0 0.0 0.0 4.0 1972.0 0.0 0.0 0.0 1844.0 0.0 0.0 0.0 60.0 0.0 0.0 276.0 324.0 0.0 0.0 4.0 1028.0 152.0 0.0 0.0 8.0 0.0 296.0 376.0 0.0 4.0 0.0 3916.0 4.0 0.0 0.0 420.0 272.0 0.0 4.0 0.0 40.0 1104.0 0.0 0.0 32.0 1396.0 0.0 0.0 0.0 2664.0 0.0 0.0 12.0 1688.0 0.0 0.0 4.0 1092.0 112.0 4.0 8.0 4.0 0.0 4.0 1660.0 0.0 4.0 0.0 40.0 0.0 40.0 1016.0 0.0 0.0 316.0 324.0 0.0 4.0 0.0 28.0 0.0 0.0 32.0 0.0 0.0 8.0 0.0 20.0 1816.0 0.0 0.0 4.0 8.0 0.0 12.0 2420.0 0.0 0.0 0.0 12.0 0.0 8.0 1604.0 0.0 0.0 0.0 316.0 292.0 0.0 0.0 8.0 3988.0 0.0 0.0 4.0 20.0 0.0 0.0 984.0 84.0 0.0 0.0 0.0 1764.0 80.0 0.0 0.0 1944.0 68.0 4.0 12.0 2100.0 0.0 0.0 0.0 68.0 0.0 0.0 1688.0 0.0 0.0 112.0 496.0 0.0 4.0 4.0 12.0 2024.0 0.0 0.0 4.0 3384.0 8.0 0.0 44.0 1200.0 0.0 0.0 4.0 4020.0 0.0 0.0 4.0 60.0 0.0 108.0 648.0 0.0 0.0 32.0 1072.0 0.0 0.0 4.0 2328.0 0.0 0.0 0.0 420.0 276.0 0.0 0.0 0.0 24.0 0.0 28.0 2004.0 0.0
31 1 CONSTANT 8.0
32 1 CONSTANT 8.0
33 1 CONSTANT 4.0
34 1 CONSTANT 0.0
35 1 CONSTANT 0.0
36 1 CONSTANT 8.0
37 1 CONSTANT 8.0
38 1 CONSTANT 8.0
39 1 TRACE 8.0 0.0 8.0 0.0 8.0 0.0 8.0 0.0 8.0 0.0 0.0 8.0 0.0 8.0 0.0 8.0 0.0 0.0 8.0 0.0 8.0 0.0 8.0 8.0 0.0 8.0 0.0 8.0 8.0 0.0 0.0 8.0 0.0 8.0 0.0 8.0 0.0 8.0 0.0 8.0 8.0 0.0 0.0 8.0 8.0 0.0 8.0 0.0 8.0 0.0 8.0 0.0 8.0 0.0 8.0 0.0 8.0 0.0 8.0 0.0 8.0 0.0 8.0 0.0 8.0 0.0 8.0 0.0 8.0 0.0 8.0 0.0 8.0 0.0 0.0 8.0 8.0 0.0 8.0 0.0 8.0 8.0 0.0 0.0 8.0 0.0 0.0 8.0 0.0 8.0 0.0 8.0 0.0 8.0 0.0 8.0 8.0 0.0 8.0 0.0 8.0 8.0 0.0 8.0 0.0 8.0 0.0 8.0 0.0 8.0 0.0 8.0 0.0 8.0 0.0 8.0 0.0 8.0 8.0 0.0 0.0 8.0 0.0 0.0 8.0 0.0 8.0 0.0 8.0 0.0 0.0 8.0 0.0 8.0 0.0 8.0 0.0 8.0 0.0 8.0 0.0 0.0 8.0 0.0 0.0 8.0 0.0 0.0 8.0 0.0 8.0 0.0 8.0 0.0 0.0 8.0 0.0 8.0 0.0 8.0 0.0 0.0 8.0 0.0 8.0 0.0 8.0 8.0 0.0 8.0 0.0 8.0 0.0 8.0 0.0 8.0 0.0 0.0 8.0 8.0 0.0 8.0 0.0 8.0 8.0 0.0 0.0 8.0 8.0 0.0 0.0 8.0 0.0 8.0 0.0 8.0 0.0 0.0 8.0 0.0 8.0 0.0 8.0 0.0 8.0 0.0 8.0 8.0 0.0 8.0 0.0 8.0 0.0 8.0 0.0 8.0 0.0 8.0 0.0 8.0 0.0 8.0 0.0 8.0 0.0 0.0 8.0 0.0 8.0 0.0 8.0 0.0 8.0 0.0 8.0 0.0 8.0 0.0 8.0 8.0 0.0 8.0 0.0 8.0 0.0 0.0 8.0 0.0 8.0 0.0
40 1 CONSTANT 8.0
41 1 CONSTANT 8.0
42 1 CONSTANT 8.0
43 1 CONSTANT 123216.0
44 1 CONSTANT 123208.0
45 1 CONSTANT 8.0
46 1 CONSTANT 123216.0
47 1 CONSTANT 4.0
48 1 TRACE 9573296.0 2613600.0 1587504.0 460096.0 405296.0 370416.0 1280.0 1360.0 1040.0 8418960.0 2485248.0 1554016.0 1469168.0 1058512.0 834240.0 5104.0 5184.0 4464.0 5108624.0 1981536.0 1323840.0 4288272.0 2029584.0 1337680.0 22576.0 23552.0 21936.0 48.0 64.0 80.0 8902912.0 2534512.0 1573152.0 1120928.0 868064.0 707424.0 3520.0 3856.0 3312.0 5830928.0 2167424.0 1414432.0 3611664.0 1861248.0 1263248.0 16960.0 18272.0 16608.0 16.0 64.0 32.0 9126480.0 2559120.0 1578080.0 955856.0 759824.0 637760.0 2896.0 3184.0 2464.0 9474336.0 2587808.0 1585664.0 670592.0 569120.0 496832.0 1792.0 1824.0 1696.0 6738128.0 2397760.0 1491008.0 64032.0 62432.0 60304.0 128.0 96.0 192.0 8575344.0 2514176.0 1562448.0 1356704.0 997840.0 796640.0 4416.0 4608.0 3968.0 8726304.0 2519856.0 1571424.0 1248208.0 940800.0 758560.0 3904.0 4304.0 3488.0 5961584.0 2305072.0 1456144.0 45616.0 46560.0 44208.0 80.0 96.0 176.0 9006752.0 2552672.0 1576608.0 1048672.0 818544.0 679184.0 3312.0 3664.0 2960.0 9277792.0 2577264.0 1577744.0 843360.0 686352.0 586432.0 2624.0 2768.0 2032.0 9443296.0 2582944.0 1579136.0 686720.0 581728.0 505360.0 1840.0 2080.0 1648.0 8238368.0 2481392.0 1562112.0 1601616.0 1128672.0 876288.0 5200.0 6128.0 4640.0 9214800.0 2568144.0 1580368.0 887776.0 717280.0 607248.0 2848.0 3088.0 2160.0 9294560.0 2575056.0 1574576.0 823680.0 671328.0 578864.0 2592.0 2640.0 2048.0 9323360.0 2581920.0 1578864.0 803200.0 654976.0 566896.0 2320.0 2416.0 2032.0 4666656.0 1964432.0 1313776.0 4813952.0 2125024.0 1379840.0 29440.0 29744.0 27696.0 64.0 80.0 80.0 8601552.0 2573456.0 1569456.0 153200.0 145632.0 140896.0 416.0 384.0 320.0 6832416.0 2421936.0 1504848.0 65904.0 65584.0 62688.0 176.0 144.0 208.0 7181856.0 2378368.0 1525632.0 2444224.0 1490400.0 1079680.0 9056.0 9664.0 8816.0 0.0 48.0 16.0 8846608.0 2583312.0 1567360.0 180816.0 169904.0 165856.0 560.0 496.0 464.0 8364176.0 2487712.0 1559936.0 1515536.0 1078752.0 846320.0 5152.0 5264.0 4656.0 8390272.0 2538800.0 1545296.0 135632.0 132528.0 128480.0 304.0 272.0 336.0 9560096.0 2590320.0 1572528.0 490512.0 433536.0 391056.0 1392.0 1424.0 1104.0 9511984.0 2596640.0 1583552.0 622304.0 532384.0 469008.0 1904.0 1936.0 1488.0 8937280.0 2537712.0 1569328.0 1091024.0 844640.0 696624.0 3424.0 3744.0 2944.0 9378480.0 2592992.0 1584416.0 754800.0 625568.0 541056.0 2224.0 2400.0 1712.0 6737824.0 2409536.0 1500256.0 62704.0 61648.0 60160.0 96.0 176.0 192.0 6924480.0 2339312.0 1505312.0 2648352.0 1564944.0 1121856.0 10352.0 10896.0 9872.0 16.0 32.0 48.0 9419856.0 2591920.0 1581904.0 711312.0 596560.0 517728.0 2128.0 2272.0 1824.0 4937552.0 2032288.0 1368144.0 4577680.0 2076912.0 1358832.0 25776.0 27376.0 25456.0 16.0 80.0 96.0 9565808.0 2613680.0 1579760.0 447040.0 392800.0 361232.0 1280.0 1296.0 1152.0 8623712.0 2570032.0 1567760.0 157152.0 149808.0 143744.0 400.0 416.0 352.0 4619920.0 1872928.0 1274048.0 4822256.0 2140128.0 1388992.0 29408.0 29600.0 27120.0 32.0 64.0 96.0 4627504.0 1966224.0 1320640.0 4902048.0 2142880.0 1388560.0 29952.0 30880.0 28256.0 32.0 96.0 80.0 7009984.0 2357616.0 1516848.0 2590144.0 1545424.0 1108672.0 10240.0 11008.0 9824.0 0.0 32.0 32.0 9385936.0 2589456.0 1582624.0 762320.0 627216.0 542672.0 2368.0 2400.0 1808.0 6711504.0 2291264.0 1469216.0 2798688.0 1623664.0 1148288.0 11872.0 12432.0 10784.0 16.0 64.0 32.0 9045040.0 2543536.0 1568576.0 1016336.0 802256.0 668480.0 3168.0 3248.0 2736.0 6390624.0 2251392.0 1478464.0 3109648.0 1722432.0 1190048.0 13472.0 14144.0 12848.0 16.0 48.0 64.0 9384704.0 2589008.0 1578528.0 740544.0 609920.0 531984.0 2080.0 2272.0 1808.0 8634992.0 2573232.0 1562928.0 156112.0 149312.0 143904.0 336.0 288.0 336.0 8325872.0 2475744.0 1551504.0 1534688.0 1090960.0 856432.0 5248.0 5328.0 4640.0 6353248.0 2249936.0 1457744.0 3138016.0 1727376.0 1200512.0 12896.0 14208.0 13040.0 16.0 32.0 80.0 6845728.0 2419584.0 1505696.0 65552.0 65664.0 62768.0 80.0 144.0 192.0 5908960.0 2305408.0 1455216.0 44480.0 45872.0 42240.0 48.0 128.0 128.0 5710752.0 2269776.0 1440928.0 42480.0 41904.0 40000.0 48.0 112.0 144.0 9269392.0 2571200.0 1581200.0 845968.0 686784.0 584560.0 2976.0 2640.0 2064.0 4384016.0 1857584.0 1241808.0 5059200.0 2176368.0 1405760.0 31040.0 32544.0 30480.0 64.0 80.0 80.0 9358672.0 2576464.0 1577488.0 765136.0 628928.0 545200.0 2192.0 2528.0 2016.0 9263968.0 2609728.0 1585088.0 252352.0 230672.0 221120.0 544.0 640.0 608.0 9230976.0 2579792.0 1582416.0 881680.0 711616.0 604912.0 2704.0 2656.0 2256.0 8579600.0 2523248.0 1568912.0 1360704.0 999200.0 796160.0 4288.0 4496.0 4224.0 9562208.0 2599984.0 1585888.0 545568.0 469248.0 422736.0 1696.0 1776.0 1248.0 8346736.0 2498080.0 1561776.0 1529264.0 1085904.0 851328.0 5088.0 5600.0 4336.0 4532768.0 1962832.0 1322752.0 5014432.0 2156464.0 1392416.0 30528.0 32656.0 30176.0 48.0 96.0 128.0 9419584.0 2599504.0 1573664.0 303264.0 278544.0 263024.0 864.0 912.0 624.0 9582736.0 2609280.0 1585744.0 481600.0 421328.0 382688.0 1392.0 1392.0 1088.0 9037952.0 2538672.0 1565408.0 1015856.0 799712.0 664784.0 2800.0 3360.0 2880.0 8320576.0 2542448.0 1552832.0 131568.0 125920.0 121456.0 336.0 464.0 320.0 5522848.0 2149120.0 1435360.0 3970368.0 1944064.0 1296832.0 20272.0 21248.0 19584.0 0.0 96.0 96.0 9298016.0 2574432.0 1579696.0 824592.0 672480.0 577632.0 2560.0 2608.0 2064.0
49 1 TRACE 123216.0 123224.0 8.0 123216.0 123224.0 8.0 123216.0 123224.0 8.0 123216.0 123224.0 8.0 123216.0 123224.0 8.0 123216.0 123224.0 8.0 123216.0 123224.0 8.0 123216.0 123224.0 8.0 123216.0 123224.0 8.0 123216.0 123224.0 8.0 123216.0 123224.0 8.0 123216.0 123224.0 8.0 123216.0 123224.0 8.0 123216.0 123224.0 8.0 123216.0 123224.0 8.0 123216.0 123224.0 8.0 123216.0 123224.0 8.0 123216.0 123224.0 8.0 123216.0 123224.0 8.0 123216.0 123224.0 8.0 123216.0 123224.0 8.0 123216.0 123224.0 8.0 123216.0 123224.0 8.0 123216.0 123224.0 8.0 123216.0 123224.0 8.0 123216.0 123224.0 8.0 123216.0 123224.0 8.0 123216.0 123224.0 8.0 123216.0 123224.0 8.0 123216.0 123224.0 8.0 123216.0 123224.0 8.0 123216.0 123224.0 8.0 123216.0 123224.0 8.0 123216.0 123224.0 8.0 123216.0 123224.0 8.0 123216.0 123224.0 8.0 123216.0 123224.0 8.0 123216.0 123224.0 8.0 123216.0 123224.0 8.0 123216.0 123224.0 8.0 123216.0 123224.0 8.0 123216.0 123224.0 8.0 123216.0 123224.0 8.0 123216.0 123224.0 8.0 123216.0 123224.0 8.0 123216.0 123224.0 8.0 123216.0 123224.0 8.0 123216.0 123224.0 8.0 123216.0 123224.0 8.0 123216.0 123224.0 8.0 123216.0 123224.0 8.0 123216.0 123224.0 8.0 123216.0 123224.0 8.0 123216.0 123224.0 8.0 123216.0 123224.0 8.0 123216.0 123224.0 8.0 123216.0 123224.0 8.0 123216.0 123224.0 8.0 123216.0 123224.0 8.0 123216.0 123224.0 8.0 123216.0 123224.0 8.0 123216.0 123224.0 8.0 123216.0 123224.0 8.0 123216.0 123224.0 8.0 123216.0 123224.0 8.0 123216.0 123224.0 8.0 123216.0 123224.0 8.0 123216.0 123224.0 8.0 123216.0 123224.0 8.0 123216.0 123224.0 8.0 123216.0 123224.0 8.0 123216.0 123224.0 8.0 123216.0 123224.0 8.0 123216.0 123224.0 8.0 123216.0 123224.0 8.0 123216.0 123224.0 8.0 123216.0 123224.0 8.0 123216.0 123224.0 8.0 123216.0 123224.0 8.0 123216.0 123224.0 8.0 123216.0 123224.0 8.0 123216.0 123224.0 8.0 123216.0 123224.0 8.0 123216.0 123224.0 8.0 123216.0 123224.0 8.0 123216.0 123224.0 8.0 123216.0 123224.0 8.0 123216.0 123224.0 8.0 123216.0 123224.0 8.0 123216.0 123224.0 8.0 123216.0 123224.0 8.0 123216.0 123224.0 8.0 123216.0 123224.0 8.0 123216.0 123224.0 8.0 123216.0 123224.0 8.0 123216.0 123224.0 8.0 123216.0 123224.0 8.0 123216.0 123224.0 8.0 123216.0 123224.0 8.0 123216.0 123224.0 8.0 123216.0 123224.0 8.0 123216.0 123224.0 8.0 123216.0 123224.0 8.0 123216.0 123224.0 8.0 123216.0 123224.0 8.0 123216.0 123224.0 8.0 123216.0 123224.0 8.0 123216.0 123224.0 8.0 123216.0 123224.0 8.0 123216.0 123224.0 8.0 123216.0 123224.0 8.0 123216.0 123224.0 8.0 123216.0 123224.0 8.0 123216.0 123224.0 8.0 123216.0 123224.0 8.0 123216.0 123224.0 8.0 123216.0 123224.0 8.0 123216.0 123224.0 8.0 123216.0 123224.0 8.0 123216.0 123224.0 8.0 123216.0 123224.0 8.0 123216.0 123224.0 8.0 123216.0 123224.0 8.0 123216.0 123224.0 8.0 123216.0 123224.0 8.0 123216.0 123224.0 8.0 123216.0 123224.0 8.0 123216.0 123224.0 8.0 123216.0 123224.0 8.0 123216.0 123224.0 8.0 123216.0 123224.0 8.0 123216.0 123224.0 8.0 123216.0 123224.0 8.0 123216.0 123224.0 8.0 123216.0 123224.0 8.0 123216.0 123224.0 8.0 123216.0 123224.0 8.0 123216.0 123224.0 8.0 123216.0 123224.0 8.0 123216.0 123224.0 8.0 123216.0 123224.0 8.0 123216.0 123224.0 8.0 123216.0 123224.0 8.0 123216.0 123224.0 8.0 123216.0 123224.0 8.0 123216.0 123224.0 8.0 123216.0 123224.0 8.0 123216.0 123224.0 8.0 123216.0 123224.0 8.0 123216.0 123224.0 8.0 123216.0 123224.0 8.0 123216.0 123224.0 8.0 123216.0 123224.0 8.0 123216.0 123224.0 8.0 123216.0 123224.0 8.0 123216.0 123224.0 8.0 123216.0 123224.0 8.0 123216.0 123224.0 8.0 123216.0 123224.0 8.0 123216.0 123224.0 8.0 123216.0 123224.0 8.0 123216.0 123224.0 8.0 123216.0 123224.0 8.0 123216.0 123224.0 8.0 123216.0 123224.0 8.0 123216.0 123224.0 8.0 123216.0 123224.0 8.0 123216.0 123224.0 8.0 123216.0 123224.0 8.0 123216.0 123224.0 8.0 123216.0 123224.0 8.0 123216.0 123224.0 8.0 123216.0 123224.0 8.0 123216.0 123224.0 8.0 123216.0 123224.0 8.0 123216.0 123224.0 8.0 123216.0 123224.0 8.0 123216.0 123224.0 8.0 123216.0 123224.0 8.0 123216.0 123224.0 8.0 123216.0 123224.0 8.0 123216.0 123224.0 8.0 123216.0 123224.0 8.0 123216.0 123224.0 8.0 123216.0 123224.0 8.0 123216.0 123224.0 8.0 123216.0 123224.0 8.0 123216.0 123224.0 8.0 123216.0 123224.0 8.0 123216.0 123224.0 8.0 123216.0 123224.0 8.0 123216.0 123224.0 8.0 123216.0 123224.0 8.0 123216.0 123224.0 8.0 123216.0 123224.0 8.0 123216.0 123224.0 8.0 123216.0 123224.0 8.0 123216.0 123224.0 8.0 123216.0 123224.0 8.0 123216.0 123224.0 8.0 123216.0 123224.0 8.0 123216.0 123224.0 8.0 123216.0 123224.0 8.0 123216.0 123224.0 8.0 123216.0 123224.0 8.0 123216.0 123224.0 8.0 123216.0 123224.0 8.0
50 1 CONSTANT 8.0
51 1 CONSTANT 8.0
52 1 CONSTANT 8.0
53 1 CONSTANT 8.0
54 1 CONSTANT 0.0
55 1 CONSTANT 0.0
56 1 CONSTANT 0.0
57 1 CONSTANT 0.0
58 1 CONSTANT 0.0
59 1 CONSTANT 0.0
60 1 CONSTANT 0.0
61 1 CONSTANT 0.0
62 1 CONSTANT 8.0
