0 1 1 TRACE 1672854734683392.0
1 2 1 TRACE 12035.0 18.0 18.0 30.0 17.0 19.0 17.0 18.0 18.0 18.0 18.0 19.0 18.0 18.0 17.0 18.0 17.0 18.0 17.0 18.0 18.0 21.0 20.0 30.0 50.0 54.0 18.0 29.0 18.0 18.0 18.0 18.0 17.0 18.0 18.0 17.0 17.0 20.0 18.0 47.0 19.0 20.0 18.0 29.0 18.0 18.0 18.0 29.0 17.0 19.0 30.0 19.0 30.0 17.0 31.0 18.0 17.0 18.0 19.0 18.0 19.0 19.0 18.0 18.0
2 3 1 TRACE 1014.0 25.0 24.0 26.0 26.0 24.0 25.0 25.0 30.0 24.0 24.0 25.0 25.0 24.0 23.0 62.0 22.0 25.0 27.0 26.0 23.0 52.0 48.0 23.0 27.0 35.0 23.0 23.0 24.0 24.0 24.0 35.0 35.0 31.0 25.0 98.0 23.0 37.0 71.0 25.0 24.0 24.0 38.0 24.0 25.0 24.0 23.0 25.0 25.0 34.0 23.0 28.0 23.0 46.0 25.0 25.0 25.0 30.0 24.0 44.0 25.0 38.0 35.0 52.0
3 4 1 TRACE 37.0 16.0 17.0 16.0 35.0 18.0 17.0 22.0 18.0 17.0 17.0 23.0 17.0 17.0 16.0 17.0 17.0 16.0 55.0 17.0 17.0 18.0 17.0 17.0 17.0 19.0 18.0 17.0 17.0 58.0 24.0 47.0 25.0 19.0 50.0 16.0 17.0 17.0 19.0 17.0 53.0 16.0 16.0 18.0 16.0 17.0 18.0 17.0 16.0 18.0 17.0 17.0 22.0 23.0 17.0 17.0 22.0 38.0 16.0 20.0 16.0 16.0 17.0 17.0
4 5 1 TRACE 18.0 12.0 12.0 12.0 14.0 13.0 13.0 13.0 13.0 13.0 13.0 13.0 13.0 19.0 12.0 12.0 12.0 13.0 12.0 12.0 12.0 12.0 12.0 12.0 13.0 13.0 12.0 12.0 12.0 13.0 12.0 12.0 12.0 12.0 13.0 12.0 13.0 20.0 13.0 13.0 13.0 14.0 13.0 12.0 12.0 11.0 12.0 12.0 13.0 13.0 12.0 13.0 13.0 12.0 13.0 13.0 13.0 29.0 12.0 12.0 12.0 12.0 13.0 13.0
5 6 1 TRACE 36.0 16.0 17.0 16.0 163.0 17.0 16.0 16.0 16.0 17.0 17.0 17.0 16.0 15.0 53.0 15.0 17.0 16.0 17.0 16.0 18.0 16.0 15.0 15.0 15.0 20.0 17.0 17.0 16.0 15.0 12.0 16.0 16.0 14.0 17.0 19.0 14.0 11.0 15.0 12.0 17.0 14.0 14.0 14.0 13.0 49.0 14.0 13.0 15.0 14.0 14.0 14.0 17.0 51.0 56.0 15.0 53.0 12.0 15.0 16.0 14.0 13.0 49.0 13.0
6 7 1 TRACE 18.0 14.0 14.0 13.0 10.0 14.0 12.0 13.0 160.0 13.0 14.0 13.0 143.0 13.0 11.0 14.0 14.0 13.0 13.0 13.0 14.0 13.0 13.0 13.0 14.0 15.0 14.0 13.0 13.0 13.0 10.0 14.0 14.0 11.0 13.0 12.0 11.0 8.0 10.0 9.0 14.0 13.0 15.0 13.0 14.0 15.0 13.0 13.0 13.0 14.0 12.0 11.0 13.0 14.0 15.0 13.0 13.0 9.0 14.0 13.0 13.0 14.0 14.0 13.0
7 8 1 TRACE 18.0 14.0 14.0 14.0 10.0 13.0 14.0 13.0 8.0 14.0 14.0 14.0 19.0 13.0 11.0 14.0 13.0 13.0 13.0 13.0 14.0 14.0 13.0 14.0 14.0 9.0 14.0 14.0 15.0 14.0 14.0 14.0 13.0 13.0 17.0 22.0 12.0 10.0 11.0 11.0 13.0 13.0 13.0 14.0 49.0 12.0 12.0 13.0 13.0 13.0 13.0 12.0 13.0 14.0 14.0 13.0 14.0 8.0 13.0 14.0 13.0 14.0 15.0 14.0
8 9 1 TRACE 17.0 13.0 13.0 13.0 9.0 14.0 13.0 12.0 12.0 13.0 14.0 13.0 7.0 50.0 11.0 14.0 13.0 12.0 12.0 13.0 14.0 13.0 14.0 13.0 21.0 9.0 14.0 14.0 13.0 13.0 14.0 14.0 12.0 13.0 12.0 10.0 12.0 12.0 46.0 29.0 13.0 13.0 13.0 14.0 15.0 13.0 13.0 12.0 13.0 11.0 13.0 13.0 13.0 13.0 20.0 13.0 21.0 10.0 13.0 14.0 14.0 13.0 21.0 13.0
9 10 1 TRACE 52.0 39.0 21.0 86.0 46.0 22.0 20.0 20.0 48.0 21.0 22.0 22.0 51.0 38.0 24.0 22.0 70.0 48.0 40.0 20.0 21.0 68.0 72.0 55.0 34.0 59.0 22.0 68.0 43.0 25.0 52.0 22.0 20.0 37.0 32.0 22.0 23.0 55.0 32.0 46.0 68.0 40.0 28.0 35.0 23.0 22.0 23.0 23.0 28.0 28.0 48.0 44.0 47.0 56.0 42.0 54.0 33.0 53.0 55.0 61.0 51.0 61.0 31.0 23.0
10 11 1 TRACE 20.0 16.0 15.0 25.0 14.0 14.0 14.0 14.0 16.0 15.0 15.0 15.0 16.0 26.0 24.0 25.0 13.0 14.0 13.0 15.0 15.0 13.0 13.0 24.0 26.0 25.0 26.0 14.0 15.0 24.0 25.0 24.0 15.0 16.0 15.0 14.0 14.0 24.0 14.0 14.0 13.0 15.0 14.0 14.0 25.0 25.0 15.0 15.0 15.0 16.0 24.0 24.0 24.0 17.0 24.0 24.0 15.0 23.0 23.0 23.0 46.0 24.0 12.0 15.0
11 12 1 TRACE 18.0 25.0 15.0 49.0 14.0 19.0 13.0 14.0 13.0 14.0 14.0 14.0 13.0 12.0 24.0 24.0 24.0 24.0 13.0 13.0 13.0 14.0 14.0 13.0 14.0 13.0 14.0 13.0 23.0 12.0 13.0 24.0 14.0 24.0 36.0 13.0 13.0 23.0 12.0 40.0 13.0 24.0 23.0 24.0 24.0 23.0 13.0 15.0 14.0 14.0 13.0 23.0 14.0 13.0 12.0 23.0 13.0 13.0 23.0 13.0 20.0 13.0 13.0 24.0
12 13 1 TRACE 18.0 25.0 24.0 85.0 14.0 24.0 15.0 24.0 14.0 25.0 16.0 24.0 16.0 12.0 26.0 12.0 13.0 24.0 15.0 24.0 24.0 24.0 29.0 13.0 14.0 13.0 14.0 14.0 24.0 12.0 13.0 12.0 24.0 23.0 21.0 15.0 15.0 12.0 15.0 24.0 15.0 23.0 23.0 13.0 13.0 13.0 28.0 25.0 24.0 53.0 26.0 12.0 24.0 53.0 40.0 13.0 14.0 15.0 13.0 16.0 15.0 15.0 14.0 24.0
13 14 1 TRACE 19.0 10.0 19.0 8.0 9.0 19.0 9.0 9.0 9.0 9.0 21.0 8.0 8.0 8.0 8.0 9.0 8.0 8.0 9.0 8.0 20.0 9.0 9.0 8.0 9.0 9.0 8.0 9.0 8.0 8.0 9.0 8.0 19.0 8.0 8.0 9.0 20.0 8.0 8.0 8.0 8.0 9.0 8.0 9.0 8.0 11.0 9.0 9.0 9.0 8.0 8.0 9.0 8.0 9.0 9.0 8.0 8.0 9.0 9.0 8.0 8.0 8.0 8.0 8.0
14 15 1 TRACE 21.0 14.0 12.0 49.0 25.0 12.0 23.0 12.0 12.0 23.0 22.0 23.0 12.0 12.0 12.0 12.0 12.0 12.0 12.0 12.0 12.0 12.0 12.0 12.0 14.0 12.0 12.0 12.0 12.0 11.0 12.0 12.0 13.0 12.0 12.0 12.0 23.0 12.0 12.0 12.0 12.0 13.0 12.0 12.0 11.0 14.0 23.0 23.0 12.0 36.0 12.0 11.0 12.0 29.0 13.0 12.0 12.0 13.0 12.0 12.0 12.0 12.0 12.0 12.0
15 16 1 TRACE 12.0 8.0 8.0 8.0 18.0 8.0 8.0 7.0 8.0 8.0 8.0 8.0 7.0 8.0 8.0 8.0 8.0 8.0 8.0 7.0 8.0 8.0 8.0 8.0 9.0 8.0 7.0 8.0 8.0 8.0 7.0 8.0 8.0 8.0 7.0 8.0 7.0 8.0 8.0 8.0 8.0 8.0 8.0 8.0 8.0 8.0 8.0 8.0 8.0 8.0 8.0 8.0 8.0 9.0 8.0 7.0 8.0 8.0 8.0 8.0 8.0 8.0 7.0 8.0
16 17 1 TRACE 43.0 21.0 40.0 43.0 19.0 22.0 24.0 22.0 25.0 24.0 25.0 23.0 28.0 26.0 30.0 65.0 27.0 37.0 24.0 23.0 63.0 25.0 26.0 25.0 53.0 25.0 49.0 23.0 31.0 35.0 24.0 25.0 23.0 25.0 26.0 25.0 35.0 23.0 25.0 25.0 24.0 51.0 21.0 24.0 24.0 69.0 22.0 23.0 22.0 56.0 23.0 30.0 33.0 20.0 26.0 24.0 24.0 23.0 25.0 65.0 26.0 25.0 25.0 26.0
17 18 1 TRACE 20.0 17.0 16.0 15.0 16.0 15.0 17.0 16.0 16.0 14.0 15.0 14.0 13.0 15.0 16.0 14.0 16.0 16.0 15.0 15.0 16.0 15.0 14.0 15.0 15.0 14.0 16.0 15.0 15.0 15.0 15.0 14.0 15.0 14.0 15.0 14.0 16.0 14.0 16.0 16.0 16.0 15.0 15.0 17.0 18.0 13.0 15.0 16.0 15.0 18.0 16.0 16.0 15.0 14.0 48.0 14.0 15.0 15.0 15.0 22.0 16.0 16.0 14.0 15.0
18 19 1 TRACE 16.0 15.0 16.0 12.0 14.0 32.0 14.0 12.0 14.0 15.0 13.0 13.0 27.0 13.0 13.0 13.0 13.0 13.0 14.0 52.0 13.0 13.0 13.0 12.0 25.0 13.0 12.0 20.0 12.0 14.0 13.0 14.0 14.0 14.0 13.0 13.0 13.0 13.0 13.0 14.0 12.0 15.0 12.0 12.0 13.0 13.0 13.0 14.0 52.0 13.0 12.0 13.0 13.0 22.0 13.0 13.0 12.0 23.0 12.0 12.0 13.0 12.0 13.0 12.0
19 20 1 TRACE 20.0 15.0 28.0 16.0 15.0 16.0 16.0 17.0 16.0 14.0 15.0 15.0 16.0 15.0 16.0 15.0 16.0 15.0 13.0 15.0 14.0 15.0 14.0 15.0 14.0 29.0 15.0 13.0 14.0 14.0 16.0 15.0 15.0 24.0 16.0 16.0 15.0 14.0 16.0 14.0 16.0 20.0 17.0 14.0 14.0 49.0 16.0 14.0 16.0 16.0 15.0 17.0 16.0 14.0 21.0 15.0 16.0 14.0 16.0 17.0 16.0 16.0 56.0 16.0
20 21 1 TRACE 17.0 14.0 13.0 13.0 12.0 12.0 12.0 12.0 13.0 12.0 13.0 13.0 13.0 12.0 12.0 12.0 12.0 13.0 12.0 32.0 13.0 12.0 12.0 13.0 34.0 24.0 12.0 13.0 13.0 13.0 12.0 12.0 12.0 12.0 13.0 12.0 12.0 13.0 13.0 12.0 13.0 12.0 12.0 12.0 13.0 12.0 13.0 12.0 34.0 12.0 12.0 12.0 13.0 14.0 12.0 13.0 13.0 13.0 12.0 27.0 12.0 12.0 12.0 40.0
21 22 1 TRACE 26.0 12.0 11.0 11.0 11.0 11.0 11.0 11.0 11.0 11.0 11.0 11.0 12.0 11.0 11.0 11.0 11.0 11.0 11.0 12.0 11.0 11.0 10.0 11.0 11.0 12.0 11.0 11.0 11.0 11.0 11.0 11.0 11.0 11.0 11.0 11.0 11.0 10.0 11.0 11.0 11.0 11.0 11.0 11.0 11.0 11.0 11.0 11.0 11.0 11.0 11.0 11.0 11.0 12.0 11.0 11.0 11.0 11.0 11.0 11.0 11.0 11.0 11.0 11.0
22 23 1 TRACE 42.0 41.0 29.0 28.0 36.0 55.0 34.0 34.0 33.0 35.0 33.0 34.0 37.0 35.0 74.0 36.0 33.0 34.0 75.0 35.0 65.0 65.0 78.0 62.0 26.0 26.0 35.0 40.0 61.0 46.0 34.0 35.0 34.0 35.0 36.0 34.0 68.0 77.0 43.0 28.0 28.0 33.0 30.0 55.0 66.0 38.0 34.0 36.0 30.0 35.0 37.0 35.0 36.0 32.0 35.0 37.0 34.0 34.0 36.0 33.0 32.0 35.0 29.0 40.0
23 24 1 TRACE 33.0 19.0 24.0 23.0 22.0 22.0 31.0 22.0 22.0 22.0 20.0 21.0 20.0 24.0 24.0 23.0 19.0 54.0 21.0 53.0 22.0 40.0 21.0 21.0 22.0 22.0 21.0 22.0 23.0 20.0 21.0 21.0 20.0 20.0 22.0 26.0 52.0 27.0 32.0 22.0 23.0 22.0 23.0 22.0 23.0 21.0 22.0 21.0 22.0 21.0 21.0 21.0 21.0 27.0 22.0 23.0 21.0 22.0 28.0 24.0 23.0 21.0 21.0 22.0
24 25 1 TRACE 49.0 22.0 19.0 20.0 20.0 19.0 20.0 19.0 20.0 20.0 20.0 20.0 21.0 19.0 43.0 19.0 21.0 23.0 20.0 21.0 20.0 20.0 18.0 21.0 20.0 18.0 20.0 21.0 20.0 20.0 19.0 21.0 20.0 21.0 20.0 21.0 58.0 21.0 19.0 21.0 22.0 19.0 20.0 19.0 20.0 21.0 25.0 25.0 20.0 20.0 20.0 21.0 21.0 19.0 20.0 18.0 18.0 20.0 22.0 24.0 34.0 20.0 20.0 23.0
25 26 1 TRACE 23.0 10.0 9.0 9.0 9.0 9.0 20.0 9.0 14.0 9.0 9.0 10.0 9.0 9.0 10.0 9.0 9.0 9.0 9.0 9.0 9.0 9.0 9.0 9.0 20.0 9.0 9.0 9.0 9.0 9.0 9.0 9.0 9.0 9.0 9.0 9.0 8.0 9.0 9.0 9.0 9.0 9.0 9.0 9.0 9.0 9.0 9.0 9.0 9.0 9.0 9.0 9.0 9.0 9.0 9.0 9.0 9.0 9.0 10.0 9.0 9.0 10.0 9.0 9.0 11.0 9.0 10.0 9.0 8.0 11.0 9.0 10.0 22.0 10.0 8.0 9.0 9.0 9.0 9.0 9.0 9.0 9.0 9.0 10.0 8.0 9.0 9.0 9.0 9.0 9.0 9.0 9.0 9.0 9.0 9.0 9.0 9.0 10.0 9.0 9.0 9.0 10.0 10.0 9.0 9.0 9.0 9.0 9.0 9.0 9.0 8.0 9.0 9.0 9.0 9.0 9.0 9.0 9.0 9.0 9.0 9.0 9.0 10.0 9.0 9.0 9.0 9.0 9.0 9.0 9.0 9.0 9.0 9.0 10.0 10.0 10.0 10.0 10.0 10.0 9.0 9.0 10.0 9.0 9.0 9.0 9.0 9.0 9.0 9.0 9.0 10.0 9.0 9.0 10.0 9.0 9.0 10.0 9.0 9.0 9.0 9.0 9.0 9.0 9.0 9.0 9.0 9.0 9.0 8.0 10.0 9.0 10.0 9.0 9.0 9.0 9.0 12.0 9.0 9.0 9.0 9.0 9.0 9.0 9.0 9.0 10.0 9.0 8.0 9.0 10.0 9.0 9.0 9.0 9.0 9.0 9.0 9.0 9.0 9.0 28.0 9.0 9.0 10.0 9.0 10.0 9.0 9.0
26 27 1 TRACE 11.0 8.0 8.0 7.0 7.0 7.0 7.0 8.0 19.0 8.0 7.0 7.0 7.0 8.0 8.0 8.0 7.0 7.0 8.0 7.0 7.0 7.0 7.0 7.0 8.0 7.0 7.0 7.0 7.0 7.0 7.0 7.0 7.0 8.0 8.0 8.0 7.0 7.0 7.0 8.0 8.0 8.0 8.0 8.0 8.0 7.0 8.0 7.0 7.0 7.0 7.0 8.0 8.0 7.0 7.0 7.0 7.0 7.0 9.0 7.0 8.0 8.0 7.0 7.0 8.0 8.0 8.0 7.0 10.0 9.0 7.0 7.0 9.0 7.0 7.0 7.0 7.0 7.0 8.0 7.0 8.0 7.0 8.0 7.0 7.0 7.0 8.0 7.0 7.0 7.0 7.0 8.0 7.0 7.0 7.0 7.0 7.0 8.0 7.0 7.0 8.0 8.0 7.0 7.0 8.0 7.0 7.0 8.0 7.0 8.0 7.0 8.0 7.0 7.0 8.0 7.0 7.0 8.0 7.0 7.0 7.0 8.0 7.0 8.0 7.0 7.0 8.0 7.0 7.0 7.0 7.0 7.0 7.0 7.0 8.0 7.0 8.0 9.0 7.0 7.0 7.0 8.0 8.0 8.0 7.0 7.0 8.0 8.0 8.0 7.0 7.0 8.0 7.0 7.0 8.0 8.0 7.0 7.0 7.0 7.0 8.0 7.0 7.0 7.0 7.0 7.0 8.0 8.0 7.0 8.0 8.0 8.0 7.0 7.0 8.0 8.0 8.0 7.0 7.0 7.0 8.0 7.0 8.0 7.0 8.0 19.0 8.0 7.0 7.0 8.0 7.0 7.0 8.0 7.0 7.0 7.0 8.0 8.0 7.0 8.0 7.0 8.0 8.0 7.0 8.0 7.0 7.0
27 28 1 TRACE 10.0 7.0 7.0 8.0 8.0 7.0 8.0 7.0 8.0 7.0 7.0 7.0 7.0 7.0 8.0 7.0 7.0 8.0 7.0 8.0 8.0 8.0 7.0 8.0 7.0 8.0 7.0 8.0 8.0 8.0 7.0 7.0 7.0 7.0 7.0 7.0 8.0 7.0 7.0 7.0 7.0 7.0 7.0 7.0 7.0 8.0 7.0 7.0 8.0 8.0 7.0 7.0 7.0 8.0 8.0 7.0 7.0 7.0 8.0 8.0 7.0 8.0 8.0 7.0 8.0 7.0 8.0 7.0 8.0 9.0 7.0 7.0 8.0 7.0 8.0 7.0 8.0 8.0 7.0 7.0 7.0 8.0 7.0 7.0 7.0 7.0 7.0 7.0 8.0 8.0 7.0 8.0 7.0 7.0 7.0 7.0 7.0 7.0 8.0 8.0 7.0 8.0 7.0 7.0 7.0 8.0 7.0 7.0 7.0 7.0 8.0 7.0 8.0 7.0 7.0 7.0 7.0 7.0 8.0 8.0 7.0 7.0 7.0 7.0 7.0 8.0 7.0 7.0 8.0 7.0 8.0 7.0 8.0 7.0 8.0 7.0 7.0 8.0 7.0 8.0 7.0 7.0 7.0 7.0 7.0 8.0 7.0 7.0 7.0 8.0 7.0 7.0 7.0 8.0 7.0 7.0 7.0 8.0 7.0 7.0 7.0 7.0 24.0 7.0 7.0 7.0 7.0 7.0 8.0 7.0 7.0 8.0 8.0 7.0 8.0 7.0 7.0 7.0 8.0 8.0 7.0 8.0 19.0 8.0 7.0 8.0 7.0 8.0 7.0 7.0 7.0 7.0 7.0 8.0 8.0 8.0 7.0 7.0 7.0 8.0 7.0 7.0 8.0 7.0 7.0 8.0 8.0
28 29 1 TRACE 12.0 8.0 9.0 8.0 8.0 8.0 8.0 8.0 10.0 8.0 9.0 9.0 9.0 9.0 9.0 8.0 8.0 8.0 8.0 8.0 8.0 8.0 8.0 8.0 8.0 8.0 8.0 8.0 8.0 8.0 8.0 8.0 8.0 8.0 9.0 8.0 8.0 8.0 8.0 9.0 9.0 9.0 9.0 9.0 9.0 8.0 9.0 8.0 8.0 8.0 9.0 9.0 8.0 8.0 8.0 9.0 8.0 8.0 9.0 8.0 8.0 9.0 9.0 8.0 10.0 8.0 10.0 8.0 9.0 10.0 8.0 9.0 9.0 8.0 8.0 8.0 8.0 8.0 8.0 8.0 8.0 8.0 8.0 8.0 8.0 8.0 9.0 8.0 8.0 8.0 8.0 9.0 8.0 8.0 8.0 8.0 8.0 9.0 8.0 8.0 8.0 20.0 9.0 8.0 8.0 8.0 8.0 9.0 8.0 9.0 8.0 8.0 8.0 8.0 9.0 8.0 8.0 9.0 8.0 8.0 8.0 9.0 8.0 8.0 8.0 8.0 8.0 9.0 8.0 8.0 8.0 8.0 8.0 8.0 9.0 8.0 8.0 10.0 8.0 8.0 8.0 9.0 8.0 9.0 9.0 8.0 8.0 9.0 8.0 8.0 9.0 9.0 8.0 8.0 9.0 9.0 8.0 8.0 8.0 9.0 9.0 8.0 21.0 8.0 8.0 8.0 9.0 9.0 8.0 9.0 9.0 9.0 8.0 9.0 8.0 9.0 8.0 9.0 8.0 8.0 8.0 8.0 20.0 8.0 8.0 20.0 8.0 8.0 8.0 9.0 8.0 9.0 9.0 8.0 8.0 8.0 9.0 8.0 9.0 8.0 8.0 8.0 9.0 8.0 9.0 8.0 8.0
29 30 1 TRACE 33.0 31.0 34.0 26.0 24.0 25.0 25.0 27.0 14.0 28.0 29.0 66.0 24.0 26.0 61.0 32.0 26.0 69.0 27.0 26.0 110.0 27.0 26.0 36.0 15.0 27.0 34.0 27.0 28.0 35.0 27.0 27.0 36.0 27.0 26.0 68.0 26.0 26.0 36.0 65.0 26.0 62.0 26.0 26.0 27.0 26.0 27.0 25.0 28.0 27.0 25.0 28.0 59.0 61.0 26.0 26.0 24.0 57.0 22.0 62.0 27.0 23.0 34.0 27.0 21.0 26.0 21.0 26.0 26.0 21.0 27.0 63.0 14.0 27.0 26.0 67.0 25.0 27.0 28.0 27.0 26.0 27.0 63.0 31.0 27.0 27.0 36.0 26.0 27.0 59.0 24.0 50.0 33.0 26.0 26.0 16.0 26.0 69.0 27.0 26.0 35.0 50.0 25.0 37.0 32.0 17.0 24.0 26.0 26.0 63.0 26.0 26.0 30.0 44.0 30.0 25.0 26.0 27.0 26.0 27.0 25.0 27.0 94.0 26.0 25.0 101.0 61.0 28.0 101.0 26.0 62.0 26.0 35.0 25.0 50.0 25.0 96.0 38.0 25.0 61.0 27.0 25.0 32.0 26.0 25.0 31.0 26.0 27.0 26.0 28.0 26.0 28.0 28.0 62.0 26.0 26.0 26.0 27.0 26.0 62.0 26.0 27.0 14.0 25.0 25.0 25.0 26.0 27.0 27.0 59.0 64.0 17.0 26.0 70.0 25.0 26.0 32.0 27.0 73.0 64.0 26.0 71.0 12.0 26.0 25.0 23.0 26.0 36.0 27.0 27.0 27.0 29.0 32.0 25.0 25.0 25.0 64.0 31.0 60.0 13.0 25.0 26.0 42.0 64.0 13.0 59.0 28.0
30 31 1 TRACE 21.0 15.0 14.0 8.0 9.0 9.0 13.0 14.0 14.0 12.0 13.0 8.0 13.0 14.0 13.0 8.0 13.0 48.0 9.0 8.0 62.0 8.0 13.0 13.0 13.0 8.0 13.0 13.0 9.0 14.0 13.0 14.0 13.0 13.0 8.0 13.0 13.0 9.0 8.0 13.0 13.0 14.0 13.0 13.0 9.0 17.0 13.0 8.0 8.0 8.0 13.0 13.0 8.0 9.0 7.0 14.0 8.0 8.0 9.0 15.0 8.0 14.0 14.0 8.0 13.0 10.0 10.0 13.0 13.0 9.0 13.0 13.0 13.0 14.0 13.0 13.0 8.0 13.0 13.0 14.0 13.0 12.0 8.0 15.0 13.0 13.0 15.0 13.0 14.0 8.0 13.0 12.0 8.0 8.0 14.0 8.0 14.0 14.0 13.0 8.0 14.0 13.0 14.0 14.0 13.0 9.0 8.0 8.0 15.0 13.0 13.0 13.0 13.0 8.0 14.0 14.0 13.0 9.0 15.0 13.0 8.0 9.0 13.0 13.0 13.0 8.0 8.0 13.0 14.0 8.0 17.0 8.0 13.0 8.0 14.0 8.0 13.0 14.0 8.0 14.0 8.0 9.0 14.0 13.0 9.0 13.0 12.0 9.0 14.0 14.0 8.0 14.0 13.0 8.0 8.0 13.0 16.0 13.0 13.0 18.0 8.0 13.0 14.0 14.0 8.0 13.0 13.0 8.0 29.0 14.0 13.0 13.0 13.0 15.0 8.0 8.0 8.0 13.0 9.0 8.0 8.0 13.0 8.0 8.0 13.0 12.0 8.0 7.0 12.0 14.0 14.0 8.0 8.0 13.0 8.0 9.0 13.0 14.0 8.0 13.0 13.0 8.0 8.0 8.0 8.0 15.0 8.0
31 32 1 TRACE 15.0 11.0 11.0 11.0 11.0 10.0 11.0 11.0 12.0 10.0 11.0 11.0 11.0 11.0 11.0 11.0 11.0 11.0 10.0 10.0 13.0 10.0 11.0 11.0 11.0 11.0 11.0 10.0 10.0 11.0 11.0 11.0 11.0 12.0 11.0 11.0 11.0 10.0 11.0 11.0 11.0 11.0 11.0 11.0 11.0 11.0 11.0 11.0 11.0 10.0 12.0 11.0 10.0 11.0 11.0 11.0 11.0 11.0 11.0 11.0 10.0 12.0 11.0 11.0 16.0 13.0 12.0 11.0 11.0 12.0 11.0 11.0 12.0 11.0 11.0 11.0 10.0 11.0 11.0 11.0 11.0 11.0 11.0 11.0 10.0 11.0 11.0 11.0 11.0 10.0 11.0 11.0 11.0 10.0 11.0 11.0 11.0 11.0 11.0 10.0 11.0 11.0 10.0 11.0 10.0 11.0 10.0 11.0 10.0 11.0 11.0 11.0 11.0 11.0 11.0 11.0 11.0 10.0 12.0 11.0 11.0 11.0 12.0 11.0 12.0 11.0 11.0 11.0 11.0 11.0 14.0 10.0 11.0 10.0 12.0 10.0 11.0 12.0 11.0 11.0 10.0 10.0 11.0 10.0 10.0 11.0 12.0 11.0 11.0 11.0 10.0 11.0 11.0 11.0 10.0 11.0 11.0 11.0 11.0 11.0 10.0 11.0 12.0 11.0 11.0 27.0 11.0 10.0 24.0 11.0 10.0 11.0 11.0 11.0 11.0 11.0 10.0 12.0 12.0 11.0 11.0 11.0 11.0 10.0 11.0 11.0 11.0 11.0 11.0 12.0 11.0 11.0 10.0 11.0 11.0 11.0 11.0 11.0 11.0 12.0 11.0 10.0 11.0 11.0 11.0 10.0 34.0
32 33 1 TRACE 17.0 13.0 14.0 941.0 12.0 25.0 12.0 12.0 14.0 12.0 12.0 48.0 12.0 20.0 53.0 13.0 12.0 15.0 12.0 12.0 13.0 12.0 12.0 12.0 13.0 31.0 12.0 11.0 29.0 12.0 12.0 12.0 14.0 12.0 12.0 12.0 13.0 21.0 12.0 12.0 12.0 13.0 16.0 12.0 12.0 49.0 13.0 12.0 12.0 12.0 13.0 12.0 12.0 12.0 12.0 31.0 12.0 12.0 13.0 12.0 12.0 13.0 12.0 12.0 18.0 14.0 13.0 12.0 13.0 14.0 12.0 12.0 13.0 12.0 12.0 12.0 11.0 12.0 12.0 11.0 21.0 12.0 12.0 12.0 12.0 47.0 12.0 12.0 47.0 13.0 12.0 52.0 12.0 11.0 55.0 12.0 12.0 12.0 12.0 12.0 11.0 12.0 17.0 12.0 12.0 52.0 11.0 12.0 12.0 12.0 12.0 12.0 12.0 13.0 12.0 12.0 30.0 12.0 12.0 28.0 12.0 12.0 24.0 12.0 49.0 12.0 12.0 49.0 12.0 23.0 19.0 12.0 12.0 12.0 13.0 11.0 12.0 13.0 12.0 12.0 12.0 11.0 12.0 12.0 12.0 12.0 12.0 12.0 12.0 12.0 12.0 12.0 11.0 13.0 12.0 12.0 12.0 12.0 12.0 12.0 12.0 12.0 12.0 12.0 12.0 14.0 12.0 12.0 13.0 12.0 12.0 12.0 12.0 13.0 12.0 12.0 23.0 12.0 12.0 12.0 12.0 12.0 48.0 12.0 12.0 50.0 12.0 12.0 12.0 12.0 13.0 12.0 11.0 11.0 19.0 12.0 12.0 12.0 13.0 13.0 12.0 12.0 12.0 12.0 13.0 12.0 48.0
33 34 1 TRACE 89.0 137.0 56.0 27.0 58.0 45.0 94.0 81.0 42.0 82.0 95.0 48.0 35.0 198.0 91.0 49.0 80.0 95.0 58.0 66.0 64.0 62.0 58.0 85.0 63.0 38.0 160.0 63.0 29.0 134.0 66.0 38.0 149.0 62.0 74.0 278.0 60.0 60.0 59.0 349.0 58.0 46.0 88.0 62.0 59.0 104.0 62.0 68.0 44.0 63.0 129.0 67.0 48.0 64.0 110.0 57.0 40.0 102.0 150.0 62.0 104.0 159.0 97.0 106.0 97.0 79.0 56.0 172.0 71.0 55.0 93.0 69.0 40.0 48.0 214.0 79.0 46.0 112.0 89.0 41.0 67.0 89.0 47.0 52.0 174.0 50.0 50.0 96.0 72.0 58.0 187.0 80.0 90.0 95.0 74.0 51.0 34.0 177.0 67.0 56.0 150.0 60.0 44.0 124.0 59.0 41.0 74.0 63.0 45.0 145.0 61.0 34.0 58.0 41.0 48.0 217.0 83.0 72.0 57.0 89.0 49.0 139.0 53.0 186.0 43.0 21.0 106.0 68.0 54.0 60.0 88.0 66.0 53.0 60.0 72.0 45.0 128.0 62.0 52.0 65.0 51.0 60.0 97.0 61.0 52.0 51.0 47.0 41.0 166.0 61.0 55.0 97.0 96.0 15.0 58.0 173.0 63.0 44.0 79.0 64.0 44.0 56.0 61.0 67.0 101.0 97.0 72.0 135.0 60.0 224.0 96.0 42.0 73.0 62.0 41.0 86.0 86.0 96.0 50.0 49.0 89.0 75.0 17.0 61.0 214.0 47.0 96.0 67.0 46.0 46.0 57.0 41.0 106.0 70.0 36.0 80.0 220.0 66.0 54.0 118.0 62.0 68.0 63.0 54.0 42.0 292.0 38.0
34 35 1 TRACE 626.0 621.0 39.0 1133.0 40.0 42.0 40.0 41.0 36.0 64.0 56.0 15.0 55.0 64.0 57.0 36.0 40.0 39.0 16.0 41.0 75.0 14.0 67.0 57.0 40.0 37.0 52.0 39.0 36.0 140.0 39.0 37.0 46.0 64.0 38.0 45.0 32.0 14.0 39.0 74.0 38.0 29.0 43.0 40.0 37.0 40.0 54.0 38.0 14.0 35.0 65.0 64.0 14.0 15.0 77.0 38.0 13.0 18.0 43.0 58.0 41.0 42.0 43.0 34.0 36.0 16.0 89.0 78.0 38.0 61.0 42.0 50.0 42.0 36.0 56.0 39.0 36.0 47.0 41.0 35.0 35.0 44.0 13.0 34.0 42.0 75.0 38.0 40.0 38.0 38.0 43.0 37.0 16.0 40.0 39.0 16.0 35.0 47.0 38.0 38.0 44.0 39.0 36.0 141.0 39.0 17.0 37.0 14.0 36.0 41.0 41.0 34.0 35.0 16.0 36.0 58.0 38.0 38.0 37.0 40.0 22.0 40.0 35.0 376.0 75.0 17.0 70.0 39.0 13.0 42.0 39.0 16.0 14.0 37.0 25.0 36.0 41.0 45.0 35.0 38.0 17.0 37.0 42.0 40.0 36.0 37.0 16.0 37.0 243.0 40.0 36.0 40.0 44.0 15.0 37.0 41.0 39.0 33.0 80.0 39.0 14.0 37.0 39.0 39.0 39.0 42.0 38.0 38.0 35.0 44.0 38.0 37.0 36.0 39.0 14.0 16.0 42.0 40.0 14.0 15.0 48.0 50.0 15.0 36.0 44.0 39.0 18.0 38.0 15.0 31.0 47.0 15.0 39.0 39.0 14.0 38.0 240.0 40.0 37.0 56.0 38.0 15.0 57.0 16.0 37.0 43.0 39.0
35 36 1 TRACE 46.0 300.0 35.0 18.0 34.0 34.0 37.0 44.0 33.0 37.0 43.0 14.0 46.0 52.0 33.0 34.0 37.0 35.0 12.0 37.0 47.0 13.0 33.0 44.0 38.0 34.0 42.0 35.0 32.0 43.0 66.0 33.0 41.0 36.0 36.0 48.0 30.0 13.0 36.0 72.0 34.0 27.0 40.0 36.0 34.0 38.0 36.0 35.0 13.0 32.0 37.0 35.0 13.0 13.0 37.0 37.0 13.0 14.0 38.0 49.0 36.0 39.0 36.0 30.0 39.0 13.0 35.0 42.0 35.0 27.0 38.0 41.0 33.0 34.0 44.0 36.0 34.0 45.0 35.0 34.0 44.0 37.0 49.0 31.0 41.0 34.0 31.0 38.0 69.0 34.0 44.0 34.0 14.0 37.0 39.0 12.0 32.0 40.0 40.0 37.0 42.0 36.0 32.0 657.0 36.0 14.0 35.0 13.0 32.0 44.0 36.0 31.0 32.0 13.0 31.0 39.0 35.0 34.0 34.0 35.0 15.0 36.0 31.0 163.0 36.0 13.0 73.0 35.0 13.0 36.0 36.0 13.0 13.0 38.0 23.0 34.0 38.0 46.0 33.0 36.0 15.0 33.0 52.0 36.0 33.0 34.0 12.0 33.0 189.0 36.0 33.0 39.0 36.0 13.0 32.0 85.0 35.0 30.0 52.0 36.0 13.0 31.0 37.0 40.0 34.0 39.0 35.0 35.0 32.0 44.0 34.0 31.0 34.0 37.0 13.0 13.0 39.0 111.0 13.0 12.0 38.0 35.0 13.0 33.0 41.0 36.0 13.0 35.0 13.0 34.0 36.0 13.0 35.0 35.0 13.0 34.0 81.0 41.0 34.0 39.0 40.0 13.0 71.0 13.0 32.0 50.0 35.0
36 37 1 TRACE 50.0 310.0 26.0 24.0 31.0 28.0 62.0 32.0 32.0 35.0 145.0 67.0 25.0 613.0 25.0 23.0 74.0 44.0 66.0 48.0 38.0 60.0 24.0 63.0 64.0 25.0 102.0 30.0 25.0 60.0 25.0 51.0 60.0 26.0 52.0 236.0 45.0 112.0 48.0 206.0 32.0 79.0 131.0 28.0 26.0 85.0 31.0 38.0 71.0 24.0 44.0 55.0 72.0 69.0 41.0 28.0 75.0 73.0 47.0 27.0 72.0 128.0 55.0 26.0 29.0 72.0 25.0 97.0 25.0 25.0 55.0 30.0 38.0 31.0 112.0 67.0 22.0 78.0 47.0 24.0 52.0 27.0 53.0 64.0 81.0 28.0 59.0 114.0 24.0 31.0 132.0 55.0 54.0 59.0 25.0 69.0 44.0 80.0 37.0 26.0 69.0 35.0 103.0 76.0 44.0 62.0 30.0 70.0 26.0 117.0 58.0 24.0 40.0 71.0 31.0 85.0 26.0 22.0 79.0 27.0 59.0 39.0 24.0 186.0 25.0 68.0 125.0 27.0 65.0 38.0 93.0 67.0 54.0 80.0 22.0 56.0 81.0 27.0 24.0 34.0 71.0 38.0 72.0 36.0 26.0 28.0 64.0 26.0 75.0 63.0 63.0 62.0 56.0 71.0 28.0 114.0 30.0 26.0 65.0 38.0 66.0 61.0 81.0 29.0 70.0 125.0 83.0 27.0 121.0 181.0 76.0 59.0 85.0 26.0 68.0 66.0 46.0 101.0 71.0 73.0 72.0 27.0 61.0 37.0 146.0 26.0 81.0 57.0 82.0 56.0 29.0 70.0 53.0 114.0 69.0 189.0 158.0 29.0 31.0 96.0 27.0 65.0 35.0 100.0 49.0 209.0 32.0
37 38 1 TRACE 60.0 81.0 29.0 31.0 27.0 22.0 34.0 24.0 35.0 30.0 61.0 24.0 37.0 77.0 23.0 24.0 35.0 32.0 24.0 32.0 20.0 23.0 25.0 36.0 24.0 25.0 44.0 24.0 25.0 37.0 24.0 23.0 73.0 24.0 27.0 59.0 24.0 24.0 25.0 73.0 39.0 24.0 38.0 24.0 22.0 47.0 24.0 27.0 23.0 24.0 37.0 24.0 23.0 61.0 47.0 69.0 25.0 25.0 35.0 24.0 35.0 40.0 24.0 73.0 28.0 23.0 25.0 44.0 24.0 24.0 35.0 24.0 20.0 24.0 43.0 24.0 24.0 32.0 25.0 63.0 28.0 27.0 24.0 26.0 80.0 22.0 24.0 36.0 22.0 22.0 75.0 30.0 23.0 31.0 23.0 22.0 27.0 42.0 23.0 64.0 41.0 24.0 24.0 45.0 28.0 24.0 28.0 24.0 24.0 61.0 26.0 58.0 27.0 33.0 23.0 77.0 65.0 23.0 38.0 59.0 24.0 21.0 24.0 50.0 23.0 39.0 37.0 23.0 63.0 28.0 24.0 45.0 23.0 34.0 23.0 25.0 45.0 61.0 25.0 26.0 24.0 24.0 38.0 24.0 25.0 27.0 62.0 60.0 46.0 61.0 64.0 44.0 24.0 23.0 22.0 45.0 24.0 23.0 70.0 24.0 25.0 24.0 63.0 23.0 42.0 39.0 23.0 26.0 24.0 51.0 25.0 25.0 35.0 54.0 22.0 24.0 31.0 24.0 28.0 23.0 33.0 56.0 23.0 25.0 85.0 24.0 23.0 63.0 58.0 25.0 66.0 24.0 22.0 27.0 23.0 26.0 54.0 24.0 66.0 39.0 23.0 68.0 28.0 24.0 21.0 57.0 24.0
38 39 1 TRACE 30.0 25.0 20.0 24.0 21.0 19.0 22.0 61.0 19.0 21.0 21.0 21.0 25.0 24.0 26.0 20.0 20.0 19.0 20.0 20.0 20.0 22.0 20.0 22.0 20.0 21.0 57.0 20.0 20.0 23.0 20.0 20.0 22.0 20.0 56.0 21.0 27.0 31.0 20.0 23.0 29.0 22.0 21.0 20.0 19.0 21.0 20.0 21.0 19.0 20.0 61.0 18.0 21.0 53.0 19.0 21.0 21.0 60.0 28.0 21.0 49.0 22.0 19.0 40.0 21.0 20.0 22.0 23.0 19.0 21.0 22.0 19.0 58.0 19.0 23.0 22.0 19.0 27.0 20.0 20.0 21.0 60.0 56.0 60.0 22.0 20.0 21.0 21.0 18.0 21.0 23.0 20.0 19.0 25.0 22.0 21.0 59.0 22.0 19.0 23.0 25.0 20.0 21.0 24.0 19.0 20.0 20.0 19.0 20.0 23.0 20.0 57.0 21.0 26.0 21.0 30.0 52.0 20.0 20.0 23.0 57.0 19.0 20.0 22.0 20.0 19.0 23.0 19.0 20.0 21.0 51.0 19.0 20.0 22.0 58.0 23.0 23.0 19.0 60.0 20.0 19.0 20.0 22.0 19.0 19.0 57.0 21.0 63.0 35.0 23.0 60.0 23.0 20.0 31.0 19.0 20.0 28.0 20.0 44.0 28.0 22.0 20.0 22.0 58.0 21.0 22.0 20.0 19.0 20.0 29.0 53.0 20.0 21.0 20.0 21.0 19.0 20.0 19.0 29.0 20.0 21.0 22.0 20.0 20.0 58.0 56.0 19.0 22.0 21.0 20.0 20.0 20.0 20.0 20.0 20.0 63.0 22.0 20.0 63.0 40.0 20.0 64.0 21.0 19.0 55.0 57.0 55.0
39 25 1 TRACE 19.0 15.0 31.0 17.0 19.0 15.0 15.0 15.0 16.0 16.0 14.0 16.0 15.0 17.0 16.0 15.0 14.0 14.0 18.0 16.0 19.0 14.0 48.0 14.0 16.0 16.0 15.0 16.0 16.0 16.0 15.0 18.0 16.0 15.0 15.0 15.0 35.0 16.0 15.0 16.0 14.0 15.0 49.0 15.0 15.0 16.0 15.0 14.0 16.0 15.0 16.0 14.0 14.0 15.0 15.0 16.0 20.0 15.0 18.0 15.0 15.0 16.0 15.0 15.0 16.0 15.0 15.0 14.0 15.0 15.0 14.0 16.0 16.0 14.0 17.0 15.0 18.0 21.0 14.0 16.0
39 40 1 TRACE 35.0 22.0 23.0 22.0 25.0 24.0 23.0 26.0 35.0 23.0 23.0 25.0 22.0 24.0 51.0 23.0 57.0 59.0 23.0 25.0 23.0 23.0 32.0 26.0 22.0 31.0 27.0 56.0 22.0 21.0 24.0 23.0 24.0 24.0 24.0 27.0 20.0 21.0 22.0 24.0 23.0 24.0 23.0 28.0 60.0 84.0 23.0 38.0 59.0 23.0 25.0 22.0 25.0 23.0 24.0 28.0 26.0 22.0 24.0 62.0 24.0 35.0 23.0 29.0
39 51 1 TRACE 31.0 61.0 24.0 23.0 31.0 22.0 23.0 24.0 25.0 25.0 23.0 24.0 23.0 23.0 24.0 22.0 22.0 25.0 23.0 23.0 22.0 24.0 23.0 63.0 25.0 23.0 22.0 28.0 25.0 22.0 23.0 24.0 23.0 22.0 22.0 28.0 24.0 24.0 53.0 60.0 54.0 57.0 30.0 29.0 23.0 22.0 23.0 24.0 24.0 27.0 29.0 25.0 22.0 23.0 23.0 26.0 35.0 25.0 24.0 25.0 23.0 52.0 68.0
40 41 1 TRACE 58.0 26.0 33.0 29.0 56.0 32.0 26.0 32.0 48.0 40.0 36.0 65.0 87.0 39.0 40.0 30.0 34.0 29.0 35.0 43.0 26.0 49.0 33.0 49.0 29.0 27.0 42.0 33.0 54.0 29.0 43.0 41.0 42.0 26.0 43.0 26.0 41.0 28.0 54.0 38.0 30.0 30.0 42.0 26.0 34.0 25.0 41.0 34.0 73.0 34.0 33.0 40.0 57.0 29.0 29.0 30.0 55.0 25.0 25.0 26.0 59.0 39.0 25.0 67.0
41 42 1 TRACE 16.0 11.0 11.0 12.0 11.0 11.0 10.0 11.0 11.0 10.0 11.0 11.0 10.0 12.0 11.0 11.0 11.0 10.0 10.0 11.0 11.0 11.0 12.0 11.0 11.0 12.0 11.0 24.0 11.0 13.0 10.0 11.0 11.0 11.0 12.0 11.0 12.0 14.0 10.0 11.0 11.0 10.0 10.0 12.0 11.0 10.0 13.0 16.0 11.0 10.0 11.0 11.0 10.0 13.0 10.0 11.0 11.0 11.0 10.0 11.0 11.0 11.0 11.0 11.0 10.0 16.0 11.0 11.0 11.0 12.0 11.0 10.0 11.0 10.0 11.0 12.0 11.0 12.0 11.0 11.0 11.0 11.0 11.0 10.0 11.0 11.0 11.0 14.0 11.0 11.0 12.0 11.0 11.0 11.0 11.0 11.0 11.0 11.0 10.0 12.0 12.0 11.0 11.0 11.0 11.0 11.0 11.0 11.0 11.0 11.0 11.0 10.0 11.0 12.0 11.0 11.0 12.0 11.0 11.0 12.0 11.0 11.0 11.0 11.0 11.0 11.0 10.0 10.0 13.0 11.0 10.0 11.0 12.0 12.0 11.0 11.0 10.0 11.0 12.0 12.0 11.0 11.0 12.0 11.0 12.0 10.0 11.0 11.0 10.0 12.0 11.0 10.0 24.0 11.0 10.0 12.0 10.0 11.0 12.0 10.0 11.0 12.0 11.0 11.0 11.0 11.0 11.0 11.0 10.0 11.0 11.0 10.0 11.0 11.0 11.0 11.0 11.0 11.0 10.0 11.0 11.0 10.0 11.0 11.0 10.0 11.0 11.0 12.0 11.0 11.0 11.0 12.0 13.0 11.0 11.0 11.0 10.0 11.0 11.0 11.0 11.0 12.0 11.0 11.0
42 43 1 TRACE 15.0 10.0 11.0 10.0 10.0 11.0 10.0 10.0 10.0 10.0 10.0 10.0 10.0 11.0 11.0 11.0 11.0 10.0 10.0 10.0 11.0 10.0 10.0 10.0 11.0 11.0 10.0 12.0 11.0 11.0 10.0 11.0 10.0 11.0 10.0 11.0 12.0 11.0 10.0 10.0 10.0 10.0 10.0 11.0 10.0 10.0 10.0 12.0 11.0 11.0 11.0 11.0 10.0 11.0 10.0 10.0 11.0 11.0 10.0 11.0 10.0 10.0 10.0 10.0 11.0 10.0 11.0 10.0 10.0 11.0 10.0 10.0 10.0 10.0 11.0 11.0 10.0 10.0 11.0 10.0 10.0 10.0 10.0 11.0 11.0 10.0 10.0 10.0 10.0 11.0 10.0 10.0 10.0 10.0 10.0 10.0 10.0 11.0 10.0 10.0 12.0 10.0 10.0 10.0 11.0 10.0 11.0 11.0 10.0 10.0 10.0 10.0 10.0 11.0 11.0 10.0 12.0 10.0 11.0 11.0 10.0 11.0 10.0 10.0 11.0 11.0 15.0 10.0 11.0 10.0 11.0 10.0 11.0 11.0 10.0 11.0 10.0 10.0 11.0 11.0 11.0 11.0 10.0 10.0 11.0 11.0 10.0 11.0 10.0 11.0 11.0 11.0 10.0 10.0 10.0 12.0 10.0 10.0 10.0 10.0 10.0 11.0 11.0 10.0 10.0 10.0 11.0 15.0 10.0 10.0 11.0 10.0 10.0 11.0 10.0 10.0 10.0 10.0 10.0 10.0 11.0 10.0 10.0 10.0 10.0 11.0 10.0 10.0 11.0 10.0 10.0 10.0 10.0 10.0 11.0 10.0 10.0 10.0 10.0 10.0 11.0 11.0 10.0 10.0
43 44 1 TRACE 12.0 8.0 8.0 8.0 8.0 8.0 8.0 7.0 8.0 8.0 8.0 8.0 8.0 8.0 9.0 8.0 8.0 8.0 8.0 7.0 8.0 7.0 8.0 8.0 8.0 8.0 10.0 9.0 9.0 8.0 24.0 9.0 8.0 8.0 8.0 8.0 9.0 9.0 8.0 7.0 12.0 8.0 8.0 8.0 8.0 8.0 8.0 9.0 8.0 8.0 8.0 8.0 8.0 8.0 8.0 8.0 8.0 8.0 8.0 8.0 8.0 8.0 8.0 7.0 8.0 8.0 8.0 8.0 8.0 8.0 7.0 7.0 7.0 8.0 8.0 8.0 8.0 7.0 8.0 8.0 8.0 8.0 8.0 8.0 11.0 8.0 8.0 8.0 9.0 8.0 8.0 8.0 8.0 8.0 8.0 7.0 8.0 8.0 8.0 8.0 9.0 7.0 8.0 8.0 8.0 8.0 8.0 8.0 8.0 8.0 8.0 8.0 8.0 8.0 8.0 7.0 9.0 8.0 8.0 8.0 8.0 8.0 8.0 8.0 8.0 8.0 9.0 8.0 8.0 8.0 8.0 8.0 8.0 8.0 8.0 8.0 8.0 7.0 8.0 8.0 8.0 9.0 8.0 8.0 19.0 8.0 8.0 8.0 8.0 8.0 8.0 8.0 8.0 8.0 8.0 8.0 8.0 7.0 8.0 8.0 8.0 8.0 8.0 8.0 8.0 8.0 7.0 9.0 8.0 7.0 8.0 8.0 8.0 8.0 8.0 8.0 8.0 8.0 8.0 8.0 8.0 8.0 8.0 8.0 8.0 8.0 8.0 7.0 8.0 7.0 8.0 8.0 8.0 8.0 8.0 8.0 8.0 7.0 8.0 7.0 8.0 8.0 7.0 8.0
44 45 1 TRACE 32.0 22.0 21.0 25.0 22.0 23.0 28.0 21.0 22.0 36.0 31.0 24.0 27.0 18.0 22.0 21.0 33.0 25.0 24.0 28.0 25.0 23.0 26.0 23.0 66.0 27.0 23.0 51.0 31.0 22.0 41.0 30.0 26.0 64.0 21.0 20.0 65.0 54.0 95.0 91.0 58.0 59.0 25.0 67.0 60.0 21.0 59.0 36.0 25.0 29.0 30.0 24.0 31.0 20.0 29.0 24.0 24.0 23.0 24.0 20.0 22.0 22.0 27.0 33.0 41.0 26.0 28.0 35.0 24.0 26.0 24.0 31.0 34.0 31.0 26.0 26.0 33.0 22.0 24.0 34.0 21.0 36.0 22.0 22.0 17.0 24.0 23.0 62.0 23.0 22.0 60.0 24.0 25.0 74.0 23.0 23.0 60.0 24.0 56.0 60.0 16.0 58.0 62.0 31.0 76.0 29.0 20.0 60.0 21.0 27.0 61.0 34.0 23.0 59.0 24.0 24.0 53.0 28.0 24.0 20.0 22.0 28.0 18.0 22.0 28.0 19.0 53.0 24.0 61.0 22.0 60.0 23.0 17.0 58.0 23.0 25.0 62.0 34.0 14.0 60.0 23.0 20.0 33.0 23.0 14.0 24.0 23.0 24.0 25.0 30.0 24.0 23.0 20.0 30.0 24.0 16.0 29.0 23.0 23.0 24.0 20.0 22.0 32.0 24.0 20.0 24.0 24.0 53.0 23.0 23.0 27.0 30.0 58.0 26.0 23.0 23.0 33.0 24.0 63.0 28.0 24.0 66.0 25.0 31.0 26.0 25.0 25.0 27.0 22.0 25.0 22.0 52.0 27.0 23.0 58.0 21.0 22.0 60.0 20.0 22.0 22.0 20.0 23.0 22.0
45 46 1 TRACE 19.0 14.0 13.0 13.0 13.0 14.0 12.0 13.0 13.0 14.0 14.0 13.0 16.0 14.0 14.0 13.0 14.0 13.0 13.0 15.0 12.0 14.0 14.0 13.0 61.0 15.0 16.0 15.0 14.0 14.0 13.0 14.0 13.0 27.0 13.0 51.0 12.0 13.0 14.0 14.0 13.0 16.0 12.0 15.0 14.0 14.0 13.0 14.0 13.0 14.0 14.0 13.0 14.0 13.0 14.0 14.0 14.0 13.0 13.0 13.0 13.0 12.0 14.0 15.0 13.0 16.0 15.0 16.0 14.0 14.0 13.0 14.0 14.0 13.0 13.0 13.0 14.0 12.0 13.0 13.0 13.0 17.0 13.0 13.0 49.0 15.0 12.0 13.0 14.0 13.0 14.0 13.0 14.0 13.0 13.0 50.0 17.0 14.0 18.0 13.0 13.0 13.0 13.0 13.0 13.0 12.0 12.0 15.0 13.0 14.0 13.0 33.0 12.0 13.0 13.0 13.0 14.0 14.0 14.0 12.0 12.0 13.0 13.0 16.0 12.0 12.0 21.0 13.0 21.0 14.0 13.0 13.0 13.0 13.0 14.0 13.0 13.0 13.0 13.0 13.0 13.0 13.0 17.0 12.0 13.0 13.0 14.0 13.0 13.0 14.0 14.0 14.0 13.0 14.0 14.0 13.0 17.0 14.0 13.0 14.0 13.0 14.0 13.0 14.0 12.0 12.0 13.0 16.0 14.0 13.0 14.0 13.0 13.0 13.0 14.0 13.0 14.0 13.0 13.0 13.0 13.0 12.0 45.0 12.0 13.0 46.0 14.0 12.0 47.0 17.0 13.0 18.0 15.0 13.0 14.0 14.0 13.0 13.0 13.0 14.0 13.0 13.0 13.0 14.0
46 47 1 TRACE 178.0 57.0 43.0 163.0 69.0 45.0 42.0 148.0 53.0 43.0 168.0 57.0 43.0 108.0 48.0 43.0 160.0 55.0 42.0 165.0 65.0 43.0 157.0 56.0 46.0 111.0 82.0 71.0 129.0 53.0 82.0 138.0 55.0 47.0 103.0 46.0 42.0 116.0 47.0 43.0 134.0 52.0 42.0 165.0 53.0 48.0 165.0 91.0 44.0 44.0 205.0 56.0 43.0 188.0 67.0 42.0 143.0 51.0 43.0 120.0 49.0 43.0 165.0 66.0 45.0 44.0 112.0 46.0 49.0 146.0 52.0 43.0 109.0 48.0 42.0 167.0 56.0 42.0 168.0 63.0 44.0 119.0 50.0 79.0 155.0 53.0 78.0 108.0 48.0 72.0 168.0 57.0 43.0 118.0 49.0 45.0 121.0 51.0 62.0 124.0 57.0 84.0 165.0 73.0 84.0 42.0 168.0 90.0 44.0 181.0 108.0 43.0 43.0 128.0 53.0 43.0 191.0 74.0 44.0 111.0 50.0 42.0 137.0 52.0 44.0 174.0 61.0 44.0 165.0 67.0 43.0 59.0 120.0 51.0 42.0 163.0 69.0 52.0 46.0 142.0 69.0 62.0 161.0 104.0 43.0 43.0 154.0 49.0 43.0 167.0 52.0 51.0 112.0 48.0 42.0 189.0 56.0 43.0 159.0 54.0 45.0 124.0 49.0 43.0 113.0 50.0 43.0 169.0 64.0 43.0 168.0 57.0 47.0 167.0 57.0 42.0 105.0 47.0 87.0 164.0 81.0 58.0 43.0 163.0 123.0 43.0 49.0 202.0 68.0 47.0 42.0 107.0 82.0 42.0 161.0 85.0 44.0 198.0 100.0 47.0 42.0 102.0 45.0 43.0
47 48 1 TRACE 12.0 16.0 16.0 12.0 8.0 9.0 14.0 11.0 8.0 9.0 12.0 11.0 8.0 20.0 21.0 15.0 8.0 9.0 14.0 12.0 8.0 11.0 13.0 11.0 8.0 9.0 14.0 11.0 8.0 16.0 16.0 13.0 8.0 10.0 14.0 11.0 8.0 10.0 13.0 11.0 8.0 18.0 18.0 14.0 8.0 9.0 15.0 12.0 7.0 10.0 13.0 10.0 8.0 10.0 30.0 10.0 8.0 14.0 12.0 10.0 8.0 42.0 12.0 15.0 8.0 20.0 20.0 26.0 8.0 15.0 14.0 11.0 7.0 9.0 10.0 10.0 8.0 18.0 34.0 25.0 8.0 10.0 14.0 12.0 8.0 10.0 12.0 10.0 8.0 61.0 16.0 12.0 8.0 11.0 13.0 11.0 8.0 10.0 11.0 10.0 8.0 10.0 16.0 14.0 8.0 10.0 14.0 9.0 9.0 10.0 9.0 11.0 9.0 10.0 15.0 12.0 8.0 14.0 52.0 10.0 9.0 11.0 12.0 10.0 8.0 10.0 16.0 13.0 8.0 51.0 12.0 10.0 10.0 11.0 10.0 11.0 8.0 18.0 14.0 11.0 8.0 12.0 11.0 23.0 8.0 11.0 12.0 11.0 9.0 10.0 51.0 15.0 8.0 10.0 12.0 10.0 8.0 12.0 13.0 10.0 9.0 10.0 56.0 13.0 8.0 13.0 13.0 11.0 8.0 12.0 12.0 11.0 10.0 12.0 12.0 11.0 7.0 13.0 14.0 10.0 8.0 10.0 13.0 10.0 8.0 18.0 21.0 16.0 9.0 10.0 15.0 13.0 8.0 9.0 13.0 10.0 8.0 16.0 12.0 11.0 22.0 11.0 12.0 10.0 7.0 16.0 13.0 11.0 8.0 14.0 13.0 10.0 8.0 17.0 18.0 15.0 7.0 16.0 15.0 13.0 8.0 16.0 12.0 9.0 8.0 15.0 15.0 14.0 8.0 14.0 14.0 11.0 8.0 12.0 13.0 10.0 9.0 15.0 15.0 14.0 8.0 45.0 11.0 10.0 8.0 10.0 12.0 10.0 8.0 23.0 19.0 12.0 8.0 16.0 15.0 11.0 8.0 10.0 13.0 10.0 7.0 11.0 12.0 10.0 8.0 17.0 15.0 13.0 8.0 13.0 13.0 10.0 7.0 9.0 41.0 13.0 8.0 17.0 17.0 13.0 8.0 13.0 13.0 10.0 7.0 13.0 12.0 10.0 8.0 14.0 15.0 14.0 8.0 15.0 13.0 10.0 8.0 9.0 21.0 9.0 8.0 10.0 18.0 15.0 8.0 9.0 10.0 16.0 8.0 9.0 12.0 9.0 8.0 21.0 20.0 16.0 7.0 9.0 19.0 13.0 8.0 9.0 12.0 11.0 8.0 12.0 15.0 13.0 8.0 21.0 13.0 11.0 8.0 12.0 13.0 10.0 8.0 15.0 15.0 13.0 8.0 17.0 14.0 9.0 8.0 10.0 13.0 51.0 8.0 18.0 14.0 10.0 8.0 14.0 15.0 10.0 8.0 9.0 47.0 12.0 8.0 10.0 52.0 13.0 8.0 48.0 23.0 10.0 8.0 15.0 54.0 10.0 8.0 85.0 19.0 14.0 8.0 65.0 56.0 10.0 9.0 11.0 10.0 10.0 8.0 56.0 15.0 14.0 8.0 41.0 17.0 11.0 9.0 11.0 10.0 10.0 8.0 10.0 15.0 14.0 9.0 11.0 12.0 11.0 7.0 9.0 12.0 11.0 8.0 57.0 14.0 9.0 9.0 11.0 9.0 14.0 8.0 9.0 14.0 10.0 8.0 10.0 12.0 10.0 9.0 25.0 17.0 12.0 8.0 10.0 14.0 11.0 8.0 10.0 12.0 10.0 13.0 10.0 9.0 15.0 8.0 9.0 14.0 12.0 7.0 11.0 12.0 11.0 8.0 9.0 12.0 11.0 8.0 9.0 14.0 13.0 8.0 11.0 13.0 11.0 8.0 11.0 12.0 11.0 8.0 18.0 17.0 13.0 8.0 9.0 16.0 14.0 8.0 13.0 12.0 11.0 9.0 12.0 16.0 14.0 8.0 10.0 12.0 10.0 8.0 11.0 11.0 10.0 8.0 13.0 15.0 13.0 8.0 10.0 13.0 11.0 8.0 48.0 11.0 10.0 9.0 13.0 17.0 12.0 8.0 10.0 14.0 16.0 8.0 13.0 12.0 11.0 7.0 18.0 20.0 11.0 8.0 9.0 16.0 13.0 8.0 53.0 13.0 10.0 8.0 10.0 13.0 26.0 8.0 24.0 15.0 13.0 8.0 10.0 9.0 10.0 8.0 10.0 11.0 11.0 8.0 27.0 18.0 16.0 8.0 9.0 16.0 14.0 7.0 9.0 10.0 10.0 8.0 9.0 12.0 10.0 8.0 18.0 16.0 14.0 8.0 9.0 16.0 17.0 7.0 9.0 12.0 11.0 8.0 45.0 15.0 14.0 8.0 10.0 35.0 11.0 7.0 11.0 12.0 10.0 8.0 9.0 13.0 10.0 9.0 10.0 44.0 9.0 8.0 9.0 12.0 50.0 8.0 10.0 13.0 10.0 9.0 10.0 9.0 11.0 8.0 10.0 13.0 15.0 8.0 9.0 14.0 11.0 8.0 16.0 16.0 13.0 8.0 14.0 12.0 12.0 8.0 87.0 12.0 10.0 8.0 14.0 17.0 10.0 8.0 12.0 14.0 12.0 7.0 16.0 15.0 9.0 8.0 15.0 15.0 15.0 8.0 14.0 10.0 11.0 8.0 14.0 12.0 10.0 8.0 51.0 14.0 13.0 10.0 10.0 13.0 11.0 8.0 11.0 12.0 10.0 8.0 9.0 17.0 14.0 8.0 10.0 13.0 11.0 8.0 9.0 12.0 10.0 8.0 16.0 18.0 14.0 8.0 9.0 13.0 11.0 8.0 10.0 12.0 10.0 8.0 21.0 18.0 14.0 8.0 9.0 12.0 11.0 8.0 18.0 13.0 10.0 8.0 17.0 18.0 13.0 8.0 13.0 14.0 11.0 8.0 10.0 11.0 11.0 8.0 16.0 15.0 14.0 8.0 11.0 11.0 12.0 9.0 11.0 11.0 11.0 8.0 18.0 15.0 11.0 8.0 10.0 18.0 14.0 9.0 11.0 11.0 9.0 8.0 10.0 14.0 11.0 8.0 15.0 15.0 12.0 8.0 9.0 16.0 11.0 8.0 9.0 14.0 10.0 8.0 9.0 13.0 11.0 8.0 10.0 18.0 9.0 8.0 9.0 16.0 13.0 8.0 10.0 12.0 11.0 7.0 14.0 13.0 11.0 8.0 15.0 17.0 14.0 8.0 10.0 13.0 12.0 7.0 9.0 12.0 10.0 9.0 9.0 16.0 13.0 8.0 10.0 12.0 11.0 8.0 10.0 11.0 9.0 8.0 10.0 19.0 13.0 8.0 9.0 15.0 12.0 8.0 10.0 12.0 11.0 7.0 9.0 18.0 10.0 8.0 10.0 16.0 14.0 7.0 9.0 13.0 11.0 8.0 10.0 11.0 10.0
48 49 1 TRACE 21.0 26.0 19.0 18.0 8.0 16.0 12.0 13.0 7.0 16.0 10.0 10.0 14.0 22.0 19.0 17.0 10.0 21.0 17.0 15.0 8.0 14.0 10.0 10.0 7.0 17.0 11.0 10.0 16.0 22.0 18.0 18.0 8.0 17.0 12.0 13.0 7.0 14.0 10.0 10.0 15.0 21.0 20.0 17.0 9.0 18.0 13.0 13.0 7.0 16.0 11.0 11.0 14.0 30.0 19.0 20.0 8.0 11.0 10.0 10.0 8.0 11.0 10.0 9.0 16.0 49.0 20.0 19.0 9.0 14.0 12.0 12.0 7.0 15.0 10.0 10.0 14.0 29.0 20.0 20.0 10.0 23.0 17.0 14.0 7.0 12.0 10.0 10.0 16.0 22.0 19.0 18.0 8.0 14.0 12.0 13.0 8.0 10.0 10.0 10.0 15.0 26.0 18.0 18.0 8.0 10.0 11.0 19.0 8.0 10.0 9.0 11.0 17.0 25.0 19.0 17.0 8.0 12.0 12.0 12.0 8.0 10.0 21.0 9.0 16.0 28.0 18.0 21.0 8.0 12.0 12.0 12.0 9.0 11.0 10.0 11.0 14.0 21.0 18.0 17.0 8.0 11.0 10.0 13.0 7.0 10.0 10.0 10.0 24.0 22.0 25.0 17.0 8.0 10.0 10.0 11.0 7.0 11.0 10.0 10.0 17.0 22.0 19.0 17.0 8.0 12.0 11.0 12.0 7.0 12.0 9.0 10.0 19.0 37.0 19.0 18.0 8.0 12.0 12.0 11.0 8.0 13.0 10.0 10.0 15.0 21.0 19.0 18.0 10.0 59.0 18.0 14.0 8.0 14.0 10.0 10.0 7.0 10.0 10.0 10.0 18.0 33.0 29.0 18.0 8.0 13.0 12.0 12.0 7.0 10.0 11.0 10.0 14.0 22.0 19.0 18.0 9.0 20.0 18.0 14.0 8.0 9.0 10.0 11.0 16.0 24.0 18.0 17.0 8.0 13.0 12.0 12.0 8.0 13.0 11.0 10.0 16.0 22.0 18.0 18.0 7.0 12.0 11.0 10.0 8.0 13.0 10.0 9.0 14.0 22.0 18.0 20.0 9.0 20.0 17.0 15.0 7.0 14.0 10.0 11.0 7.0 20.0 10.0 11.0 15.0 22.0 19.0 17.0 8.0 11.0 12.0 11.0 7.0 20.0 11.0 11.0 16.0 26.0 19.0 23.0 8.0 14.0 12.0 12.0 7.0 10.0 10.0 10.0 15.0 26.0 19.0 23.0 8.0 11.0 11.0 10.0 8.0 29.0 11.0 11.0 16.0 32.0 19.0 17.0 9.0 16.0 14.0 15.0 8.0 15.0 10.0 13.0 14.0 25.0 19.0 17.0 11.0 18.0 18.0 15.0 7.0 17.0 10.0 10.0 16.0 31.0 19.0 18.0 8.0 12.0 11.0 11.0 8.0 11.0 10.0 10.0 17.0 22.0 19.0 18.0 8.0 13.0 12.0 19.0 8.0 15.0 10.0 14.0 15.0 22.0 18.0 19.0 8.0 47.0 10.0 11.0 8.0 14.0 16.0 10.0 16.0 50.0 19.0 20.0 8.0 18.0 13.0 14.0 7.0 11.0 10.0 10.0 16.0 21.0 19.0 18.0 7.0 14.0 11.0 11.0 8.0 10.0 10.0 10.0 16.0 26.0 18.0 18.0 8.0 51.0 10.0 11.0 8.0 10.0 10.0 11.0 16.0 23.0 18.0 24.0 9.0 53.0 11.0 12.0 7.0 9.0 10.0 10.0 14.0 22.0 19.0 19.0 11.0 43.0 17.0 14.0 8.0 9.0 10.0 10.0 8.0 14.0 10.0 10.0 17.0 42.0 19.0 19.0 8.0 11.0 11.0 12.0 7.0 13.0 10.0 10.0 26.0 31.0 18.0 18.0 10.0 20.0 17.0 15.0 7.0 12.0 10.0 10.0 7.0 14.0 10.0 11.0 16.0 22.0 18.0 18.0 8.0 13.0 11.0 11.0 7.0 12.0 10.0 10.0 14.0 22.0 19.0 18.0 9.0 19.0 18.0 14.0 7.0 11.0 10.0 10.0 15.0 24.0 19.0 17.0 8.0 14.0 11.0 11.0 8.0 11.0 10.0 10.0 17.0 26.0 18.0 17.0 9.0 12.0 11.0 11.0 7.0 13.0 10.0 10.0 15.0 22.0 19.0 18.0 9.0 18.0 21.0 13.0 7.0 11.0 10.0 10.0 14.0 22.0 18.0 21.0 9.0 23.0 18.0 14.0 7.0 11.0 10.0 10.0 7.0 13.0 11.0 10.0 16.0 23.0 19.0 17.0 8.0 14.0 10.0 11.0 8.0 14.0 10.0 10.0 13.0 21.0 19.0 17.0 10.0 24.0 18.0 17.0 7.0 10.0 9.0 47.0 8.0 9.0 10.0 9.0 17.0 24.0 19.0 17.0 8.0 17.0 45.0 11.0 7.0 9.0 10.0 10.0 13.0 20.0 19.0 18.0 10.0 19.0 22.0 16.0 7.0 11.0 10.0 48.0 7.0 13.0 10.0 10.0 17.0 22.0 33.0 18.0 8.0 14.0 12.0 14.0 8.0 13.0 10.0 10.0 18.0 21.0 18.0 17.0 8.0 15.0 12.0 12.0 8.0 9.0 9.0 10.0 15.0 22.0 18.0 19.0 8.0 11.0 10.0 11.0 8.0 10.0 10.0 14.0 16.0 22.0 19.0 18.0 9.0 13.0 13.0 13.0 7.0 11.0 9.0 9.0 17.0 22.0 19.0 17.0 8.0 15.0 12.0 12.0 8.0 10.0 10.0 10.0 16.0 22.0 19.0 17.0 8.0 11.0 11.0 11.0 7.0 13.0 10.0 10.0 14.0 20.0 19.0 17.0 8.0 15.0 11.0 10.0 8.0 22.0 10.0 10.0 15.0 22.0 18.0 18.0 8.0 19.0 13.0 13.0 8.0 15.0 10.0 10.0 15.0 22.0 19.0 17.0 9.0 22.0 13.0 12.0 8.0 11.0 10.0 10.0 16.0 21.0 19.0 65.0 8.0 16.0 12.0 13.0 7.0 14.0 10.0 10.0 15.0 24.0 18.0 17.0 8.0 12.0 10.0 10.0 8.0 11.0 11.0 11.0 12.0 29.0 19.0 19.0 11.0 25.0 19.0 17.0 8.0 16.0 10.0 9.0 8.0 9.0 10.0 10.0 13.0 22.0 19.0 19.0 11.0 26.0 19.0 17.0 8.0 10.0 11.0 10.0 7.0 9.0 10.0 11.0 13.0 22.0 30.0 18.0 10.0 20.0 18.0 18.0 8.0 11.0 10.0 10.0 7.0 11.0 9.0 10.0 14.0 26.0 19.0 18.0 8.0 10.0 11.0 10.0 7.0 16.0 10.0 10.0 17.0 21.0 18.0 21.0 8.0 12.0 11.0 12.0 8.0 14.0 10.0 10.0 14.0 21.0 21.0 18.0 10.0 18.0 17.0 16.0 8.0 15.0 10.0 10.0 7.0 14.0 10.0 10.0 13.0 26.0 19.0 18.0 7.0 13.0 10.0 10.0 8.0 14.0 9.0 10.0
49 47 1 TRACE 93.0 68.0 54.0 37.0 31.0 30.0 26.0 21.0 20.0 112.0 82.0 66.0 42.0 40.0 35.0 23.0 21.0 21.0 44.0 21.0 21.0 84.0 64.0 49.0 34.0 30.0 29.0 22.0 20.0 21.0 100.0 72.0 58.0 41.0 39.0 32.0 22.0 21.0 21.0 90.0 47.0 45.0 24.0 24.0 23.0 21.0 21.0 20.0 86.0 66.0 53.0 37.0 30.0 30.0 63.0 26.0 21.0 110.0 104.0 66.0 48.0 39.0 34.0 33.0 22.0 21.0 85.0 64.0 52.0 32.0 31.0 30.0 23.0 21.0 23.0 100.0 50.0 40.0 26.0 25.0 60.0 23.0 45.0 20.0 91.0 55.0 46.0 29.0 28.0 29.0 22.0 22.0 32.0 106.0 57.0 47.0 30.0 28.0 28.0 25.0 23.0 24.0 89.0 46.0 40.0 23.0 41.0 48.0 20.0 21.0 20.0 49.0 46.0 37.0 22.0 23.0 22.0 20.0 20.0 21.0 81.0 54.0 45.0 29.0 28.0 27.0 26.0 21.0 21.0 82.0 63.0 46.0 29.0 26.0 28.0 21.0 20.0 21.0 111.0 82.0 67.0 42.0 41.0 34.0 27.0 21.0 21.0 22.0 21.0 21.0 86.0 62.0 84.0 31.0 29.0 29.0 23.0 21.0 21.0 110.0 82.0 66.0 42.0 39.0 34.0 23.0 21.0 22.0 83.0 61.0 48.0 34.0 29.0 28.0 23.0 20.0 21.0 67.0 54.0 43.0 28.0 27.0 27.0 62.0 21.0 21.0 112.0 83.0 69.0 42.0 40.0 34.0 33.0 21.0 21.0 49.0 21.0 21.0 61.0 51.0 41.0 26.0 25.0 24.0 24.0 21.0 21.0 81.0 58.0 49.0 32.0 30.0 29.0 21.0 20.0 21.0 64.0 50.0 41.0 30.0 25.0 30.0 29.0 21.0 21.0 127.0 69.0 55.0 37.0 36.0 31.0 27.0 21.0 28.0 152.0 78.0 64.0 40.0 37.0 34.0 25.0 22.0 21.0 65.0 54.0 42.0 31.0 27.0 26.0 21.0 20.0 20.0 83.0 63.0 51.0 32.0 30.0 70.0 22.0 21.0 21.0 59.0 49.0 48.0 24.0 27.0 25.0 22.0 21.0 22.0 126.0 73.0 59.0 43.0 36.0 33.0 24.0 21.0 21.0 65.0 52.0 42.0 30.0 27.0 26.0 22.0 22.0 23.0 67.0 54.0 44.0 31.0 29.0 27.0 24.0 23.0 22.0 74.0 54.0 44.0 30.0 28.0 26.0 24.0 23.0 21.0 116.0 85.0 71.0 43.0 68.0 34.0 23.0 21.0 21.0 26.0 20.0 20.0 75.0 48.0 44.0 27.0 27.0 25.0 22.0 21.0 21.0 125.0 114.0 68.0 42.0 39.0 35.0 21.0 21.0 22.0 25.0 21.0 20.0 69.0 54.0 44.0 28.0 26.0 26.0 24.0 21.0 20.0 108.0 82.0 66.0 41.0 38.0 35.0 22.0 21.0 21.0 57.0 49.0 39.0 25.0 24.0 23.0 21.0 20.0 21.0 74.0 58.0 46.0 30.0 29.0 29.0 21.0 21.0 21.0 107.0 78.0 64.0 39.0 39.0 36.0 22.0 21.0 21.0 110.0 83.0 69.0 44.0 40.0 34.0 21.0 21.0 21.0 22.0 21.0 21.0 69.0 52.0 43.0 30.0 27.0 27.0 55.0 21.0 21.0 116.0 92.0 72.0 49.0 41.0 34.0 40.0 24.0 22.0 21.0 21.0 20.0 77.0 59.0 48.0 33.0 30.0 31.0 22.0 20.0 20.0 116.0 98.0 81.0 47.0 52.0 52.0 21.0 22.0 21.0 23.0 20.0 21.0 72.0 63.0 55.0 68.0 28.0 28.0 21.0 20.0 21.0 83.0 107.0 54.0 79.0 29.0 66.0 22.0 22.0 20.0 64.0 49.0 76.0 29.0 25.0 24.0 24.0 21.0 21.0 91.0 69.0 92.0 33.0 31.0 31.0 65.0 21.0 23.0 89.0 65.0 53.0 70.0 33.0 29.0 22.0 21.0 21.0 69.0 54.0 44.0 30.0 27.0 26.0 22.0 20.0 21.0 58.0 46.0 38.0 25.0 24.0 23.0 24.0 21.0 20.0 97.0 72.0 58.0 40.0 40.0 32.0 75.0 21.0 21.0 96.0 73.0 58.0 41.0 37.0 32.0 22.0 21.0 21.0 99.0 70.0 56.0 36.0 32.0 31.0 59.0 21.0 20.0 61.0 49.0 40.0 65.0 25.0 23.0 36.0 23.0 24.0 122.0 106.0 94.0 54.0 43.0 35.0 25.0 24.0 44.0 33.0 21.0 21.0 122.0 103.0 87.0 46.0 45.0 40.0 34.0 23.0 22.0 22.0 21.0 20.0 147.0 90.0 106.0 49.0 40.0 35.0 22.0 21.0 21.0 23.0 20.0 21.0 59.0 47.0 39.0 24.0 24.0 22.0 63.0 21.0 21.0 71.0 56.0 44.0 28.0 28.0 27.0 26.0 22.0 22.0 113.0 86.0 71.0 42.0 41.0 35.0 24.0 21.0 21.0 24.0 21.0 21.0 58.0 44.0 37.0 27.0 24.0 22.0 29.0 21.0 20.0
49 50 1 TRACE 43.0 32.0 24.0 68.0 47.0 40.0 37.0 70.0 32.0 48.0 38.0 75.0 75.0 30.0 30.0 61.0 35.0 68.0 60.0 70.0 71.0 113.0 75.0 94.0 24.0 73.0 65.0 28.0 78.0 89.0 26.0 36.0 76.0 64.0 51.0 28.0 30.0 37.0 62.0 35.0 33.0 31.0 30.0 57.0 29.0 30.0 75.0 70.0 25.0 25.0 62.0 32.0 31.0 40.0 40.0 53.0 44.0 55.0 68.0 40.0 30.0 33.0 88.0 39.0 42.0 24.0 70.0 84.0 28.0 67.0 60.0 35.0 55.0 30.0 25.0 54.0 30.0 48.0 52.0 56.0 63.0 63.0 67.0 71.0 56.0 26.0 30.0 30.0 25.0 33.0 32.0 40.0 41.0 33.0 50.0 29.0 55.0 35.0 24.0 86.0 32.0 57.0 68.0 242.0 30.0 31.0 33.0 37.0 58.0 64.0 43.0 62.0 31.0 36.0 64.0 30.0 32.0 51.0 25.0 58.0 63.0 61.0 71.0 58.0 25.0 58.0 57.0 24.0 55.0 31.0 47.0 51.0 41.0 47.0 69.0 42.0 116.0 32.0 64.0 93.0 31.0 59.0 71.0 29.0 29.0 25.0 30.0 27.0 39.0 33.0 35.0 35.0 37.0 45.0 54.0 31.0 70.0 26.0 68.0 40.0 38.0 60.0 48.0 63.0 83.0 36.0 61.0 38.0 38.0 57.0 87.0 135.0 49.0 29.0 55.0 36.0 51.0 50.0 23.0 53.0 53.0 27.0 48.0 71.0 51.0 52.0 72.0 31.0 66.0 66.0 61.0 35.0 27.0 25.0 98.0 55.0 25.0 34.0 56.0 30.0 25.0 66.0 30.0 61.0
50 25 1 TRACE 28.0 20.0 36.0 18.0 56.0 21.0 31.0 19.0 19.0 20.0 19.0 19.0 19.0 20.0 19.0 19.0 20.0 19.0 19.0 20.0 22.0 23.0 20.0 52.0 20.0 20.0 21.0 19.0 21.0 37.0 17.0 18.0 19.0 19.0 17.0 19.0 20.0 18.0 19.0 20.0 17.0 41.0 58.0 20.0 20.0 19.0 20.0 20.0 18.0 19.0 18.0 19.0 19.0 19.0 19.0 17.0 19.0 19.0 18.0 20.0 19.0 18.0 62.0
50 41 1 TRACE 9.0 8.0 9.0 9.0 8.0 9.0 8.0 9.0 8.0 8.0 8.0 8.0 8.0 9.0 8.0 9.0 8.0 8.0 8.0 11.0 8.0 8.0 8.0 9.0 9.0 9.0 8.0 8.0 8.0 8.0 8.0 8.0 8.0 8.0 8.0 8.0 9.0 8.0 8.0 8.0 9.0 8.0 8.0 8.0 8.0 8.0 8.0 8.0 8.0 8.0 9.0 8.0 8.0 9.0 9.0 9.0 8.0 9.0 9.0 8.0 9.0 8.0 8.0 8.0 8.0 9.0 8.0 10.0 8.0 9.0 9.0 9.0 8.0 8.0 8.0 8.0 9.0 9.0 8.0 9.0 8.0 8.0 9.0 8.0 8.0 8.0 8.0 9.0 8.0 9.0 9.0 9.0 8.0 9.0 9.0 9.0 9.0 9.0 10.0 8.0 9.0 8.0 9.0 8.0 9.0 8.0 8.0 9.0 9.0 9.0 9.0 8.0 9.0 8.0 8.0 9.0 8.0 8.0 8.0 9.0 9.0 8.0 9.0 8.0 9.0 9.0 9.0 8.0 8.0 9.0 8.0 11.0 8.0 8.0 9.0 9.0 9.0 9.0 9.0 9.0
50 51 1 TRACE 65.0
51 52 1 TRACE 219.0 220.0 210.0 209.0 262.0 211.0 209.0 209.0 213.0 211.0 211.0 211.0 211.0 212.0 211.0 210.0 223.0 211.0 210.0 210.0 212.0 207.0 211.0 217.0 211.0 252.0 264.0 249.0 234.0 210.0 210.0 209.0 209.0 209.0 210.0 209.0 210.0 212.0 226.0 214.0 262.0 210.0 210.0 211.0 210.0 212.0 212.0 211.0 212.0 212.0 210.0 209.0 224.0 212.0 211.0 211.0 213.0 212.0 210.0 210.0 210.0 211.0 212.0 212.0
52 53 1 TRACE 29.0 61.0 28.0 22.0 23.0 23.0 29.0 21.0 22.0 23.0 28.0 26.0 23.0 22.0 25.0 38.0 22.0 22.0 23.0 22.0 22.0 22.0 58.0 24.0 24.0 22.0 38.0 23.0 23.0 31.0 24.0 29.0 23.0 23.0 24.0 26.0 23.0 21.0 23.0 22.0 24.0 23.0 58.0 22.0 23.0 55.0 25.0 25.0 28.0 60.0 24.0 59.0 27.0 62.0 23.0 21.0 22.0 23.0 23.0 22.0 23.0 56.0 23.0 22.0
53 54 1 TRACE 25.0 18.0 19.0 18.0 18.0 18.0 19.0 20.0 20.0 19.0 19.0 19.0 17.0 18.0 17.0 52.0 17.0 18.0 18.0 18.0 17.0 17.0 17.0 17.0 18.0 17.0 13.0 19.0 17.0 14.0 14.0 14.0 16.0 16.0 16.0 16.0 17.0 16.0 18.0 17.0 16.0 16.0 17.0 16.0 25.0 18.0 16.0 15.0 16.0 17.0 17.0 18.0 18.0 16.0 17.0 18.0 18.0 19.0 18.0 18.0 15.0 17.0 14.0 15.0
54 55 1 TRACE 43.0 35.0 43.0 19.0 20.0 19.0 19.0 19.0 19.0 19.0 19.0 19.0 19.0 19.0 19.0 30.0 19.0 19.0 19.0 20.0 20.0 19.0 29.0 18.0 19.0 45.0 41.0 19.0 19.0 19.0 19.0 19.0 19.0 19.0 20.0 19.0 19.0 19.0 20.0 19.0 29.0 19.0 30.0 20.0 19.0 34.0 31.0 19.0 19.0 29.0 20.0 29.0 19.0 29.0 20.0 19.0 18.0 20.0 19.0 19.0 19.0 19.0 19.0 19.0
55 56 1 TRACE 12.0 19.0 8.0 8.0 8.0 8.0 8.0 7.0 8.0 8.0 8.0 8.0 7.0 8.0 8.0 8.0 8.0 7.0 7.0 8.0 8.0 7.0 19.0 7.0 8.0 9.0 20.0 8.0 7.0 8.0 8.0 8.0 8.0 8.0 8.0 8.0 8.0 8.0 7.0 8.0 8.0 8.0 19.0 8.0 7.0 8.0 20.0 8.0 8.0 19.0 7.0 19.0 8.0 19.0 7.0 8.0 7.0 8.0 8.0 8.0 8.0 8.0 8.0 8.0
56 57 1 TRACE 11.0 7.0 7.0 8.0 7.0 7.0 7.0 8.0 8.0 7.0 7.0 8.0 8.0 7.0 8.0 7.0 8.0 8.0 8.0 10.0 7.0 8.0 8.0 8.0 7.0 8.0 7.0 8.0 8.0 8.0 7.0 7.0 7.0 7.0 7.0 8.0 7.0 8.0 8.0 7.0 7.0 7.0 7.0 7.0 8.0 19.0 8.0 7.0 7.0 7.0 8.0 7.0 7.0 8.0 8.0 7.0 8.0 7.0 7.0 7.0 7.0 7.0 8.0 7.0
57 58 1 TRACE 11.0 7.0 8.0 7.0 7.0 8.0 7.0 7.0 8.0 8.0 8.0 8.0 7.0 8.0 7.0 18.0 8.0 7.0 7.0 8.0 7.0 7.0 7.0 7.0 8.0 9.0 19.0 8.0 7.0 8.0 8.0 8.0 7.0 8.0 7.0 7.0 8.0 8.0 7.0 8.0 8.0 8.0 7.0 8.0 7.0 7.0 7.0 8.0 8.0 8.0 7.0 8.0 7.0 7.0 7.0 8.0 7.0 7.0 8.0 8.0 8.0 8.0 7.0 8.0
58 59 1 TRACE 16.0 7.0 19.0 8.0 8.0 8.0 9.0 8.0 8.0 8.0 8.0 8.0 8.0 8.0 8.0 9.0 8.0 8.0 8.0 8.0 9.0 8.0 8.0 9.0 8.0 20.0 8.0 8.0 8.0 8.0 8.0 8.0 9.0 8.0 9.0 8.0 8.0 8.0 8.0 8.0 8.0 9.0 9.0 9.0 8.0 18.0 8.0 8.0 8.0 9.0 8.0 9.0 9.0 9.0 8.0 9.0 8.0 9.0 9.0 8.0 8.0 8.0 8.0 8.0
59 60 1 TRACE 7.0 19.0 19.0 7.0 8.0 7.0 8.0 8.0 7.0 7.0 7.0 7.0 7.0 7.0 8.0 19.0 7.0 8.0 7.0 7.0 8.0 8.0 19.0 8.0 7.0 7.0 17.0 8.0 8.0 7.0 7.0 7.0 8.0 7.0 8.0 8.0 7.0 7.0 8.0 7.0 7.0 7.0 18.0 7.0 8.0 19.0 19.0 7.0 7.0 18.0 8.0 18.0 8.0 19.0 8.0 7.0 8.0 8.0 7.0 7.0 7.0 7.0 8.0 7.0
60 61 1 TRACE 8.0 7.0 18.0 8.0 7.0 7.0 7.0 7.0 8.0 8.0 7.0 8.0 8.0 7.0 8.0 18.0 7.0 7.0 8.0 8.0 7.0 7.0 19.0 7.0 8.0 8.0 19.0 8.0 8.0 8.0 7.0 8.0 7.0 8.0 7.0 7.0 7.0 8.0 7.0 8.0 7.0 7.0 20.0 7.0 7.0 7.0 19.0 7.0 8.0 19.0 7.0 18.0 7.0 24.0 8.0 7.0 7.0 7.0 7.0 8.0 7.0 7.0 7.0 7.0
61 62 1 TRACE 7.0 7.0 8.0 7.0 7.0 8.0 7.0 7.0 7.0 7.0 8.0 7.0 7.0 8.0 7.0 7.0 8.0 7.0 10.0 7.0 7.0 7.0 19.0 7.0 8.0 19.0 8.0 7.0 7.0 7.0 8.0 7.0 7.0 7.0 7.0 7.0 8.0 7.0 7.0 8.0 8.0 7.0 18.0 8.0 7.0 7.0 7.0 7.0 7.0 19.0 7.0 18.0 7.0 19.0 7.0 7.0 7.0 7.0 7.0 7.0 8.0 8.0 7.0 8.0
62 1 1 TRACE 20.0 32.0 17.0 18.0 18.0 17.0 18.0 18.0 18.0 18.0 18.0 17.0 19.0 18.0 18.0 17.0 18.0 17.0 23.0 23.0 27.0 30.0 17.0 18.0 17.0 18.0 18.0 18.0 18.0 18.0 18.0 17.0 18.0 17.0 18.0 18.0 18.0 17.0 18.0 35.0 17.0 18.0 18.0 18.0 18.0 32.0 29.0 18.0 17.0 17.0 34.0 17.0 18.0 20.0 25.0 18.0 25.0 18.0 18.0 28.0 30.0 31.0 17.0
