0 1 1 TRACE 1672857067657488.0
1 2 1 TRACE 10813.0 26.0 34.0 23.0 23.0 23.0 33.0 23.0 32.0 33.0 32.0 22.0 21.0 34.0 32.0 22.0 34.0 34.0 34.0 33.0 21.0 32.0 21.0 38.0 22.0 33.0 23.0 21.0 19.0 36.0 24.0 34.0 20.0 22.0 21.0 22.0 28.0 21.0 40.0 22.0 24.0 22.0 34.0 46.0 23.0 23.0 33.0 34.0 39.0 33.0 21.0 36.0 19.0 33.0 22.0 21.0 32.0 34.0 27.0 22.0 22.0 23.0 33.0 34.0
2 3 1 TRACE 454.0 28.0 46.0 27.0 37.0 29.0 28.0 28.0 28.0 28.0 27.0 56.0 84.0 28.0 28.0 27.0 26.0 28.0 28.0 28.0 37.0 28.0 28.0 28.0 29.0 28.0 51.0 28.0 28.0 27.0 27.0 46.0 59.0 27.0 27.0 27.0 28.0 27.0 101.0 27.0 27.0 28.0 27.0 117.0 31.0 95.0 56.0 65.0 27.0 38.0 39.0 27.0 35.0 28.0 61.0 52.0 28.0 28.0 115.0 28.0 27.0 29.0 28.0 27.0
3 4 1 TRACE 50.0 35.0 40.0 30.0 24.0 28.0 26.0 34.0 34.0 22.0 60.0 57.0 122.0 64.0 38.0 27.0 29.0 27.0 22.0 26.0 52.0 41.0 29.0 55.0 49.0 28.0 56.0 58.0 58.0 22.0 58.0 23.0 27.0 37.0 22.0 34.0 60.0 22.0 27.0 32.0 55.0 22.0 22.0 67.0 42.0 55.0 54.0 56.0 60.0 52.0 41.0 55.0 29.0 50.0 47.0 59.0 59.0 59.0 74.0 26.0 26.0 22.0 59.0 57.0
4 5 1 TRACE 20.0 15.0 15.0 14.0 16.0 15.0 14.0 15.0 14.0 48.0 15.0 15.0 68.0 14.0 16.0 15.0 68.0 15.0 16.0 19.0 47.0 20.0 14.0 243.0 31.0 15.0 15.0 20.0 15.0 14.0 15.0 15.0 15.0 21.0 20.0 15.0 19.0 21.0 15.0 17.0 15.0 15.0 14.0 66.0 28.0 15.0 60.0 15.0 14.0 15.0 15.0 15.0 15.0 15.0 15.0 22.0 15.0 41.0 24.0 14.0 15.0 14.0 21.0 46.0
5 6 1 TRACE 43.0 283.0 158.0 128.0 172.0 21.0 20.0 16.0 20.0 12.0 21.0 57.0 66.0 115.0 177.0 69.0 20.0 19.0 24.0 27.0 26.0 15.0 42.0 10.0 16.0 14.0 54.0 49.0 88.0 18.0 22.0 35.0 59.0 12.0 14.0 22.0 60.0 19.0 12.0 18.0 19.0 16.0 13.0 33.0 16.0 21.0 11.0 14.0 65.0 55.0 22.0 26.0 20.0 26.0 20.0 215.0 51.0 63.0 11.0 14.0 16.0 17.0 23.0 12.0
6 7 1 TRACE 22.0 10.0 113.0 220.0 13.0 153.0 128.0 146.0 151.0 126.0 155.0 118.0 151.0 41.0 20.0 129.0 15.0 54.0 12.0 13.0 12.0 13.0 15.0 8.0 13.0 26.0 24.0 8.0 15.0 15.0 8.0 15.0 26.0 9.0 12.0 13.0 196.0 63.0 9.0 15.0 23.0 14.0 13.0 22.0 13.0 40.0 70.0 8.0 16.0 8.0 19.0 26.0 15.0 19.0 8.0 52.0 13.0 19.0 51.0 16.0 14.0 15.0 8.0 9.0
7 8 1 TRACE 22.0 9.0 12.0 14.0 12.0 16.0 16.0 18.0 17.0 16.0 13.0 17.0 16.0 52.0 15.0 17.0 26.0 9.0 9.0 9.0 11.0 9.0 9.0 8.0 22.0 9.0 8.0 8.0 12.0 9.0 10.0 8.0 14.0 7.0 9.0 14.0 31.0 8.0 12.0 9.0 22.0 22.0 19.0 23.0 13.0 17.0 71.0 20.0 15.0 14.0 10.0 21.0 12.0 21.0 57.0 277.0 12.0 8.0 19.0 9.0 13.0 19.0 8.0 13.0
8 9 1 TRACE 21.0 10.0 12.0 14.0 11.0 16.0 17.0 19.0 18.0 17.0 15.0 17.0 17.0 21.0 29.0 17.0 13.0 44.0 8.0 22.0 11.0 19.0 8.0 7.0 12.0 9.0 7.0 11.0 11.0 12.0 20.0 8.0 14.0 8.0 9.0 8.0 25.0 16.0 16.0 12.0 12.0 18.0 8.0 9.0 16.0 18.0 15.0 12.0 14.0 12.0 19.0 17.0 12.0 9.0 29.0 220.0 12.0 9.0 17.0 12.0 12.0 18.0 7.0 8.0
9 10 1 TRACE 49.0 184.0 76.0 53.0 29.0 34.0 49.0 97.0 66.0 38.0 43.0 69.0 73.0 58.0 67.0 75.0 27.0 67.0 51.0 53.0 27.0 40.0 54.0 50.0 40.0 69.0 28.0 28.0 30.0 43.0 25.0 28.0 64.0 40.0 27.0 27.0 103.0 42.0 61.0 43.0 30.0 45.0 45.0 101.0 48.0 72.0 48.0 89.0 76.0 29.0 65.0 54.0 44.0 80.0 62.0 34.0 58.0 81.0 98.0 53.0 25.0 25.0 25.0 27.0
10 11 1 TRACE 20.0 18.0 19.0 34.0 16.0 17.0 16.0 166.0 19.0 17.0 20.0 16.0 15.0 21.0 28.0 17.0 18.0 371.0 18.0 19.0 16.0 17.0 21.0 158.0 26.0 20.0 17.0 16.0 16.0 16.0 19.0 21.0 16.0 17.0 17.0 16.0 17.0 15.0 16.0 16.0 18.0 17.0 22.0 28.0 17.0 28.0 15.0 20.0 19.0 18.0 17.0 18.0 16.0 20.0 18.0 38.0 21.0 47.0 15.0 17.0 16.0 17.0 17.0 16.0
11 12 1 TRACE 24.0 16.0 17.0 85.0 25.0 18.0 20.0 19.0 33.0 20.0 22.0 28.0 20.0 17.0 50.0 24.0 18.0 38.0 51.0 52.0 51.0 23.0 21.0 17.0 15.0 23.0 31.0 19.0 21.0 19.0 53.0 20.0 17.0 19.0 53.0 17.0 37.0 18.0 19.0 18.0 23.0 18.0 16.0 41.0 20.0 17.0 20.0 26.0 16.0 48.0 25.0 53.0 27.0 19.0 34.0 45.0 17.0 33.0 24.0 17.0 23.0 18.0 20.0 31.0
12 13 1 TRACE 20.0 61.0 18.0 16.0 38.0 29.0 16.0 175.0 16.0 17.0 25.0 16.0 19.0 18.0 15.0 46.0 58.0 79.0 54.0 54.0 25.0 16.0 15.0 173.0 19.0 44.0 17.0 26.0 19.0 23.0 15.0 23.0 23.0 56.0 49.0 54.0 26.0 26.0 17.0 36.0 17.0 20.0 16.0 31.0 16.0 32.0 17.0 18.0 37.0 19.0 19.0 17.0 50.0 55.0 50.0 21.0 17.0 46.0 15.0 24.0 17.0 17.0 16.0 17.0
13 14 1 TRACE 18.0 8.0 8.0 9.0 9.0 8.0 9.0 9.0 9.0 8.0 8.0 8.0 8.0 9.0 9.0 8.0 8.0 8.0 9.0 9.0 9.0 9.0 8.0 8.0 8.0 8.0 8.0 8.0 9.0 9.0 9.0 9.0 8.0 9.0 9.0 9.0 9.0 8.0 9.0 9.0 9.0 8.0 8.0 22.0 10.0 8.0 9.0 9.0 8.0 9.0 8.0 8.0 9.0 8.0 9.0 8.0 8.0 8.0 8.0 8.0 9.0 9.0 8.0 8.0
14 15 1 TRACE 22.0 15.0 24.0 14.0 15.0 15.0 15.0 29.0 14.0 15.0 16.0 14.0 14.0 14.0 14.0 15.0 14.0 14.0 15.0 15.0 15.0 14.0 14.0 15.0 14.0 15.0 14.0 15.0 14.0 16.0 15.0 15.0 15.0 16.0 14.0 15.0 14.0 15.0 15.0 14.0 15.0 15.0 14.0 29.0 39.0 15.0 14.0 15.0 15.0 15.0 20.0 14.0 15.0 14.0 15.0 15.0 14.0 14.0 14.0 23.0 14.0 15.0 15.0 14.0
15 16 1 TRACE 13.0 8.0 8.0 8.0 8.0 8.0 8.0 8.0 8.0 8.0 8.0 8.0 8.0 8.0 8.0 8.0 8.0 8.0 7.0 8.0 8.0 8.0 8.0 7.0 8.0 8.0 8.0 8.0 8.0 8.0 8.0 8.0 8.0 7.0 8.0 8.0 8.0 8.0 8.0 8.0 8.0 7.0 7.0 20.0 9.0 8.0 8.0 8.0 8.0 8.0 9.0 8.0 8.0 8.0 8.0 8.0 8.0 8.0 8.0 8.0 8.0 8.0 8.0 8.0
16 17 1 TRACE 43.0 155.0 66.0 74.0 36.0 43.0 37.0 123.0 35.0 37.0 37.0 72.0 33.0 32.0 55.0 67.0 75.0 102.0 65.0 103.0 128.0 116.0 31.0 1031.0 33.0 39.0 31.0 33.0 36.0 78.0 32.0 65.0 76.0 70.0 90.0 85.0 61.0 80.0 41.0 31.0 44.0 41.0 35.0 41.0 41.0 62.0 57.0 35.0 72.0 68.0 59.0 69.0 70.0 91.0 171.0 111.0 53.0 41.0 40.0 61.0 39.0 37.0 42.0 32.0
17 18 1 TRACE 21.0 15.0 17.0 51.0 21.0 17.0 16.0 52.0 16.0 16.0 17.0 17.0 17.0 17.0 18.0 22.0 17.0 25.0 16.0 17.0 24.0 18.0 19.0 16.0 16.0 24.0 17.0 17.0 17.0 16.0 31.0 16.0 17.0 56.0 20.0 17.0 53.0 17.0 16.0 18.0 16.0 17.0 17.0 34.0 17.0 26.0 20.0 16.0 20.0 18.0 44.0 16.0 16.0 208.0 76.0 81.0 17.0 22.0 17.0 18.0 17.0 16.0 26.0 17.0
18 19 1 TRACE 22.0 80.0 27.0 66.0 22.0 20.0 18.0 57.0 20.0 23.0 23.0 20.0 18.0 24.0 25.0 51.0 56.0 22.0 17.0 25.0 56.0 52.0 26.0 85.0 18.0 17.0 26.0 19.0 18.0 24.0 16.0 19.0 90.0 16.0 49.0 52.0 16.0 18.0 18.0 17.0 30.0 31.0 20.0 27.0 25.0 47.0 23.0 20.0 24.0 49.0 31.0 45.0 48.0 90.0 38.0 40.0 49.0 92.0 75.0 16.0 20.0 21.0 16.0 25.0
19 20 1 TRACE 22.0 16.0 25.0 96.0 65.0 17.0 19.0 63.0 28.0 17.0 47.0 21.0 17.0 15.0 17.0 20.0 51.0 27.0 18.0 38.0 47.0 23.0 15.0 42.0 21.0 17.0 17.0 15.0 17.0 17.0 58.0 56.0 15.0 20.0 20.0 22.0 50.0 55.0 18.0 18.0 18.0 39.0 20.0 37.0 18.0 20.0 22.0 17.0 18.0 19.0 66.0 19.0 25.0 19.0 191.0 43.0 52.0 60.0 481.0 16.0 18.0 16.0 19.0 17.0
20 21 1 TRACE 20.0 20.0 15.0 17.0 15.0 15.0 15.0 15.0 15.0 15.0 15.0 20.0 15.0 14.0 15.0 15.0 15.0 15.0 15.0 16.0 16.0 15.0 16.0 15.0 15.0 15.0 32.0 15.0 15.0 15.0 15.0 15.0 14.0 31.0 15.0 15.0 15.0 15.0 15.0 17.0 15.0 15.0 15.0 15.0 16.0 15.0 15.0 15.0 15.0 15.0 15.0 15.0 15.0 15.0 15.0 15.0 15.0 16.0 15.0 14.0 15.0 14.0 15.0 15.0
21 22 1 TRACE 28.0 13.0 12.0 12.0 12.0 12.0 13.0 13.0 12.0 13.0 13.0 13.0 12.0 13.0 13.0 12.0 12.0 13.0 13.0 13.0 13.0 12.0 12.0 12.0 13.0 12.0 12.0 13.0 13.0 13.0 13.0 13.0 12.0 13.0 13.0 13.0 13.0 12.0 13.0 12.0 13.0 13.0 13.0 13.0 13.0 12.0 13.0 13.0 12.0 12.0 13.0 12.0 12.0 13.0 13.0 13.0 12.0 12.0 13.0 12.0 12.0 12.0 12.0 13.0
22 23 1 TRACE 74.0 80.0 82.0 52.0 112.0 85.0 50.0 51.0 52.0 51.0 82.0 37.0 63.0 90.0 53.0 55.0 81.0 88.0 75.0 49.0 61.0 95.0 84.0 57.0 55.0 51.0 82.0 59.0 46.0 77.0 77.0 79.0 133.0 80.0 66.0 76.0 73.0 68.0 86.0 65.0 50.0 48.0 48.0 146.0 52.0 51.0 53.0 46.0 46.0 68.0 83.0 52.0 51.0 68.0 43.0 45.0 68.0 80.0 160.0 80.0 71.0 48.0 50.0 50.0
23 24 1 TRACE 52.0 62.0 74.0 114.0 44.0 66.0 71.0 34.0 30.0 56.0 37.0 42.0 33.0 31.0 30.0 33.0 66.0 68.0 60.0 60.0 97.0 57.0 66.0 68.0 27.0 34.0 54.0 59.0 29.0 53.0 65.0 62.0 62.0 58.0 60.0 69.0 39.0 89.0 55.0 67.0 28.0 35.0 31.0 86.0 30.0 63.0 56.0 33.0 36.0 65.0 56.0 35.0 26.0 33.0 57.0 65.0 61.0 103.0 261.0 65.0 64.0 60.0 26.0 26.0
24 25 1 TRACE 48.0 24.0 27.0 35.0 20.0 21.0 18.0 19.0 20.0 22.0 27.0 69.0 27.0 20.0 21.0 28.0 19.0 22.0 22.0 33.0 24.0 22.0 28.0 59.0 20.0 22.0 26.0 60.0 25.0 22.0 19.0 23.0 21.0 25.0 84.0 20.0 45.0 55.0 21.0 22.0 20.0 28.0 25.0 49.0 22.0 20.0 20.0 25.0 20.0 49.0 23.0 20.0 26.0 21.0 333.0 29.0 27.0 153.0 24.0 29.0 22.0 175.0 20.0 24.0
25 26 1 TRACE 23.0 10.0 10.0 9.0 9.0 10.0 10.0 10.0 9.0 9.0 10.0 9.0 10.0 9.0 9.0 10.0 9.0 9.0 10.0 10.0 9.0 10.0 10.0 9.0 9.0 10.0 10.0 9.0 10.0 10.0 9.0 10.0 10.0 10.0 9.0 9.0 10.0 9.0 9.0 9.0 10.0 9.0 10.0 10.0 10.0 9.0 9.0 10.0 9.0 10.0 10.0 10.0 9.0 10.0 9.0 10.0 9.0 9.0 10.0 10.0 21.0 10.0 10.0 9.0 10.0 10.0 12.0 9.0 9.0 9.0 10.0 9.0 9.0 9.0 9.0 10.0 10.0 10.0 9.0 10.0 10.0 10.0 10.0 9.0 10.0 9.0 10.0 9.0 10.0 9.0 9.0 9.0 10.0 10.0 10.0 9.0 10.0 9.0 9.0 9.0 10.0 9.0 9.0 9.0 10.0 9.0 10.0 9.0 9.0 9.0 10.0 10.0 9.0 9.0 9.0 9.0 10.0 10.0 9.0 9.0 10.0 10.0 9.0 9.0 9.0 9.0 10.0 9.0 10.0 10.0 10.0 10.0 10.0 9.0 9.0 9.0 9.0 10.0 9.0 10.0 10.0 9.0 10.0 9.0 10.0 9.0 9.0 9.0 10.0 10.0 10.0 9.0 9.0 21.0 12.0 10.0 10.0 11.0 13.0 10.0 10.0 10.0 9.0 10.0 10.0 10.0 10.0 9.0 9.0 9.0 9.0 9.0 9.0 10.0 9.0 9.0 10.0 10.0 9.0 10.0 10.0 9.0 9.0 9.0 9.0 10.0 10.0 9.0 10.0 9.0 10.0 10.0 9.0 9.0 9.0 10.0 9.0 9.0 10.0 10.0 9.0 9.0 9.0 10.0 9.0 10.0 9.0 9.0 10.0 9.0 10.0 9.0 10.0 9.0 9.0 10.0 9.0 9.0 10.0 10.0 9.0 9.0 10.0 10.0 9.0 9.0 10.0 10.0 10.0 10.0 9.0
26 27 1 TRACE 11.0 8.0 7.0 7.0 7.0 8.0 7.0 8.0 7.0 7.0 7.0 7.0 8.0 7.0 7.0 8.0 10.0 7.0 8.0 7.0 7.0 8.0 8.0 7.0 8.0 8.0 8.0 7.0 8.0 7.0 7.0 7.0 7.0 8.0 8.0 7.0 8.0 8.0 7.0 8.0 7.0 7.0 7.0 8.0 7.0 7.0 7.0 8.0 7.0 8.0 7.0 8.0 7.0 8.0 8.0 8.0 7.0 7.0 8.0 8.0 8.0 8.0 8.0 7.0 8.0 8.0 8.0 7.0 7.0 8.0 8.0 7.0 7.0 7.0 8.0 8.0 8.0 7.0 7.0 7.0 8.0 8.0 8.0 7.0 7.0 7.0 8.0 7.0 8.0 7.0 7.0 7.0 7.0 7.0 8.0 7.0 8.0 7.0 7.0 7.0 7.0 7.0 7.0 7.0 7.0 7.0 7.0 7.0 7.0 7.0 7.0 7.0 7.0 7.0 7.0 8.0 8.0 8.0 7.0 7.0 8.0 7.0 7.0 7.0 7.0 8.0 7.0 7.0 7.0 8.0 8.0 7.0 8.0 7.0 8.0 7.0 7.0 7.0 7.0 8.0 8.0 7.0 8.0 7.0 8.0 8.0 7.0 7.0 7.0 8.0 8.0 7.0 7.0 8.0 10.0 8.0 8.0 9.0 9.0 8.0 8.0 7.0 7.0 8.0 8.0 8.0 7.0 7.0 7.0 8.0 7.0 7.0 7.0 8.0 7.0 8.0 8.0 8.0 7.0 8.0 8.0 7.0 7.0 7.0 7.0 7.0 8.0 7.0 8.0 7.0 8.0 8.0 7.0 7.0 7.0 7.0 7.0 8.0 7.0 7.0 7.0 7.0 7.0 8.0 8.0 8.0 7.0 7.0 7.0 7.0 8.0 7.0 8.0 7.0 7.0 8.0 7.0 7.0 8.0 8.0 7.0 8.0 8.0 7.0 7.0 7.0 8.0 8.0 8.0 8.0 8.0
27 28 1 TRACE 11.0 8.0 8.0 7.0 7.0 7.0 8.0 7.0 8.0 8.0 8.0 7.0 7.0 7.0 7.0 7.0 7.0 8.0 7.0 8.0 7.0 8.0 7.0 8.0 8.0 7.0 7.0 8.0 7.0 7.0 7.0 7.0 8.0 7.0 7.0 7.0 7.0 7.0 8.0 7.0 8.0 7.0 8.0 7.0 7.0 7.0 8.0 7.0 8.0 7.0 8.0 7.0 7.0 7.0 7.0 7.0 7.0 8.0 7.0 7.0 7.0 7.0 7.0 8.0 7.0 7.0 7.0 8.0 8.0 7.0 7.0 7.0 8.0 7.0 7.0 7.0 7.0 8.0 8.0 8.0 7.0 7.0 7.0 7.0 7.0 8.0 7.0 8.0 7.0 8.0 8.0 7.0 7.0 8.0 7.0 7.0 7.0 8.0 8.0 8.0 8.0 8.0 8.0 8.0 8.0 8.0 8.0 8.0 7.0 7.0 8.0 7.0 7.0 7.0 8.0 7.0 7.0 7.0 8.0 7.0 7.0 8.0 8.0 8.0 8.0 7.0 7.0 8.0 8.0 7.0 7.0 7.0 7.0 7.0 7.0 8.0 8.0 8.0 8.0 7.0 7.0 8.0 7.0 7.0 7.0 11.0 7.0 8.0 8.0 7.0 7.0 8.0 7.0 20.0 10.0 8.0 8.0 9.0 9.0 8.0 8.0 7.0 8.0 7.0 7.0 7.0 8.0 8.0 8.0 7.0 7.0 8.0 8.0 7.0 7.0 7.0 7.0 7.0 7.0 7.0 7.0 8.0 8.0 7.0 7.0 8.0 7.0 8.0 7.0 8.0 7.0 7.0 8.0 8.0 8.0 8.0 8.0 7.0 7.0 8.0 7.0 8.0 8.0 7.0 7.0 7.0 8.0 7.0 7.0 7.0 7.0 8.0 7.0 8.0 8.0 7.0 8.0 8.0 7.0 7.0 7.0 7.0 7.0 7.0 8.0 8.0 7.0 7.0 7.0 7.0 7.0
28 29 1 TRACE 13.0 8.0 9.0 9.0 8.0 8.0 8.0 8.0 8.0 8.0 8.0 9.0 9.0 8.0 8.0 8.0 10.0 8.0 9.0 8.0 9.0 8.0 9.0 12.0 9.0 8.0 8.0 8.0 9.0 8.0 8.0 9.0 8.0 9.0 8.0 8.0 9.0 8.0 8.0 8.0 8.0 8.0 9.0 8.0 8.0 8.0 8.0 9.0 8.0 9.0 8.0 8.0 8.0 8.0 8.0 8.0 9.0 8.0 9.0 8.0 13.0 8.0 9.0 8.0 9.0 9.0 9.0 8.0 8.0 8.0 8.0 8.0 8.0 8.0 8.0 9.0 8.0 8.0 8.0 8.0 8.0 8.0 9.0 8.0 8.0 8.0 9.0 8.0 9.0 8.0 8.0 8.0 8.0 8.0 9.0 8.0 8.0 8.0 8.0 8.0 8.0 8.0 8.0 8.0 8.0 8.0 8.0 9.0 8.0 8.0 9.0 8.0 8.0 8.0 8.0 8.0 9.0 8.0 8.0 8.0 9.0 8.0 8.0 8.0 8.0 8.0 8.0 8.0 8.0 9.0 8.0 9.0 8.0 8.0 8.0 8.0 8.0 8.0 8.0 9.0 8.0 8.0 9.0 8.0 8.0 10.0 9.0 8.0 9.0 9.0 8.0 8.0 8.0 10.0 11.0 21.0 9.0 10.0 11.0 9.0 9.0 8.0 8.0 8.0 8.0 8.0 8.0 8.0 8.0 8.0 8.0 8.0 8.0 9.0 8.0 9.0 9.0 8.0 9.0 9.0 8.0 8.0 8.0 8.0 8.0 8.0 8.0 8.0 9.0 8.0 9.0 13.0 8.0 9.0 8.0 8.0 8.0 8.0 9.0 8.0 8.0 8.0 8.0 9.0 8.0 9.0 8.0 8.0 8.0 8.0 9.0 8.0 8.0 8.0 8.0 8.0 8.0 8.0 9.0 9.0 9.0 8.0 9.0 9.0 8.0 8.0 8.0 9.0 9.0 9.0 9.0
29 30 1 TRACE 70.0 33.0 61.0 49.0 42.0 52.0 62.0 68.0 59.0 44.0 106.0 36.0 66.0 1599.0 123.0 36.0 17.0 47.0 45.0 64.0 112.0 44.0 56.0 17.0 117.0 34.0 72.0 42.0 71.0 42.0 27.0 31.0 48.0 87.0 46.0 50.0 61.0 33.0 35.0 33.0 60.0 35.0 63.0 35.0 26.0 31.0 30.0 40.0 63.0 33.0 29.0 30.0 69.0 65.0 36.0 57.0 49.0 35.0 35.0 39.0 18.0 40.0 28.0 79.0 40.0 72.0 17.0 80.0 39.0 42.0 54.0 66.0 29.0 134.0 69.0 50.0 70.0 33.0 75.0 37.0 64.0 68.0 62.0 67.0 83.0 82.0 65.0 38.0 72.0 74.0 69.0 67.0 37.0 47.0 61.0 80.0 31.0 40.0 72.0 62.0 65.0 94.0 63.0 38.0 72.0 30.0 30.0 33.0 67.0 68.0 47.0 35.0 79.0 20.0 35.0 35.0 74.0 55.0 66.0 68.0 35.0 42.0 65.0 46.0 67.0 75.0 63.0 34.0 37.0 56.0 69.0 70.0 76.0 53.0 75.0 79.0 32.0 67.0 70.0 112.0 63.0 60.0 78.0 35.0 66.0 29.0 61.0 30.0 77.0 95.0 37.0 31.0 20.0 99.0 79.0 98.0 122.0 43.0 35.0 69.0 70.0 41.0 42.0 31.0 67.0 68.0 60.0 68.0 44.0 54.0 71.0 28.0 42.0 71.0 35.0 31.0 72.0 39.0 29.0 72.0 32.0 77.0 107.0 66.0 60.0 72.0 44.0 34.0 26.0 32.0 30.0 29.0 66.0 66.0 77.0 45.0 73.0 39.0 65.0 60.0 37.0 67.0 61.0 63.0 35.0 98.0 75.0 75.0 36.0 47.0 39.0 53.0 71.0 64.0 63.0 2109.0 67.0 47.0 64.0 63.0 178.0 74.0 33.0 63.0 37.0 64.0 113.0 34.0 33.0 64.0 64.0
30 31 1 TRACE 21.0 20.0 16.0 8.0 16.0 15.0 8.0 8.0 8.0 8.0 77.0 15.0 16.0 9.0 17.0 16.0 16.0 8.0 8.0 258.0 17.0 8.0 8.0 16.0 28.0 8.0 19.0 52.0 8.0 8.0 17.0 17.0 8.0 8.0 8.0 17.0 17.0 8.0 17.0 8.0 8.0 17.0 17.0 8.0 8.0 17.0 16.0 8.0 8.0 17.0 16.0 8.0 8.0 8.0 8.0 9.0 16.0 28.0 8.0 8.0 15.0 16.0 8.0 8.0 15.0 17.0 8.0 8.0 8.0 16.0 8.0 17.0 16.0 8.0 8.0 16.0 9.0 8.0 16.0 8.0 8.0 17.0 55.0 8.0 16.0 17.0 17.0 8.0 8.0 54.0 16.0 8.0 17.0 8.0 18.0 8.0 8.0 8.0 8.0 8.0 16.0 8.0 8.0 8.0 17.0 9.0 16.0 21.0 9.0 21.0 8.0 8.0 8.0 16.0 18.0 16.0 16.0 16.0 8.0 8.0 8.0 33.0 8.0 9.0 16.0 8.0 17.0 17.0 8.0 8.0 17.0 17.0 9.0 9.0 8.0 16.0 8.0 8.0 17.0 8.0 9.0 17.0 55.0 8.0 16.0 17.0 8.0 8.0 17.0 16.0 9.0 8.0 16.0 30.0 11.0 9.0 21.0 18.0 9.0 9.0 8.0 17.0 8.0 8.0 15.0 16.0 8.0 8.0 8.0 27.0 8.0 8.0 8.0 17.0 8.0 16.0 16.0 16.0 24.0 24.0 9.0 8.0 8.0 16.0 16.0 9.0 8.0 17.0 8.0 8.0 8.0 15.0 8.0 18.0 8.0 8.0 17.0 16.0 9.0 9.0 8.0 22.0 16.0 8.0 21.0 293.0 9.0 8.0 8.0 9.0 7.0 16.0 8.0 16.0 19.0 8.0 8.0 8.0 16.0 16.0 8.0 8.0 15.0 17.0 8.0 8.0 89.0 8.0 8.0 17.0 50.0
31 32 1 TRACE 17.0 13.0 13.0 12.0 13.0 13.0 12.0 12.0 12.0 12.0 13.0 13.0 13.0 13.0 13.0 13.0 13.0 12.0 13.0 13.0 12.0 12.0 13.0 13.0 13.0 13.0 12.0 13.0 13.0 12.0 13.0 12.0 13.0 13.0 12.0 12.0 13.0 13.0 13.0 12.0 12.0 13.0 12.0 12.0 13.0 13.0 13.0 12.0 18.0 13.0 13.0 13.0 12.0 13.0 12.0 23.0 13.0 12.0 12.0 13.0 13.0 12.0 12.0 12.0 12.0 13.0 13.0 13.0 12.0 17.0 13.0 13.0 12.0 13.0 12.0 13.0 12.0 12.0 13.0 12.0 13.0 12.0 12.0 12.0 12.0 13.0 12.0 12.0 12.0 12.0 12.0 13.0 12.0 12.0 13.0 12.0 12.0 12.0 12.0 12.0 13.0 12.0 13.0 12.0 12.0 12.0 13.0 13.0 12.0 13.0 13.0 13.0 13.0 13.0 13.0 12.0 12.0 12.0 12.0 12.0 13.0 13.0 12.0 13.0 12.0 12.0 12.0 12.0 12.0 12.0 12.0 12.0 13.0 13.0 13.0 13.0 12.0 12.0 13.0 12.0 12.0 13.0 12.0 12.0 13.0 12.0 12.0 12.0 13.0 12.0 13.0 13.0 13.0 27.0 15.0 14.0 25.0 14.0 14.0 14.0 13.0 13.0 12.0 12.0 13.0 12.0 13.0 12.0 12.0 13.0 12.0 12.0 12.0 12.0 12.0 13.0 13.0 12.0 13.0 13.0 13.0 12.0 14.0 13.0 12.0 13.0 13.0 13.0 13.0 12.0 13.0 13.0 12.0 13.0 12.0 13.0 12.0 13.0 13.0 13.0 12.0 13.0 12.0 12.0 13.0 13.0 12.0 12.0 13.0 12.0 12.0 13.0 13.0 13.0 13.0 13.0 13.0 13.0 13.0 12.0 13.0 13.0 13.0 13.0 12.0 12.0 13.0 12.0 13.0 14.0 13.0
32 33 1 TRACE 22.0 16.0 16.0 18.0 15.0 16.0 16.0 32.0 17.0 24.0 83.0 15.0 16.0 38.0 54.0 16.0 17.0 16.0 16.0 282.0 17.0 16.0 15.0 16.0 21.0 16.0 18.0 24.0 53.0 16.0 15.0 17.0 16.0 30.0 15.0 16.0 16.0 16.0 17.0 16.0 16.0 17.0 16.0 17.0 16.0 16.0 15.0 16.0 16.0 15.0 16.0 15.0 17.0 24.0 16.0 17.0 21.0 15.0 16.0 48.0 15.0 17.0 15.0 15.0 17.0 15.0 16.0 54.0 16.0 16.0 59.0 15.0 16.0 16.0 17.0 31.0 16.0 50.0 15.0 20.0 17.0 15.0 55.0 16.0 16.0 16.0 15.0 15.0 15.0 50.0 16.0 15.0 15.0 15.0 16.0 17.0 16.0 20.0 177.0 16.0 15.0 49.0 16.0 16.0 15.0 15.0 15.0 16.0 16.0 18.0 16.0 15.0 15.0 15.0 22.0 17.0 16.0 50.0 15.0 16.0 15.0 30.0 15.0 17.0 15.0 17.0 16.0 15.0 15.0 89.0 15.0 16.0 17.0 15.0 17.0 24.0 26.0 15.0 17.0 16.0 16.0 21.0 57.0 16.0 17.0 16.0 15.0 15.0 15.0 16.0 17.0 15.0 16.0 37.0 55.0 18.0 29.0 17.0 17.0 27.0 21.0 24.0 16.0 16.0 15.0 16.0 25.0 16.0 52.0 17.0 25.0 51.0 16.0 15.0 16.0 28.0 17.0 18.0 15.0 17.0 61.0 50.0 98.0 15.0 15.0 59.0 16.0 16.0 54.0 16.0 17.0 17.0 16.0 15.0 15.0 16.0 15.0 17.0 36.0 17.0 18.0 17.0 16.0 47.0 35.0 252.0 22.0 22.0 19.0 17.0 55.0 16.0 16.0 17.0 15.0 15.0 15.0 89.0 16.0 16.0 52.0 17.0 15.0 15.0 16.0 15.0 16.0 24.0 16.0 19.0 67.0
33 34 1 TRACE 137.0 387.0 90.0 74.0 215.0 105.0 98.0 64.0 87.0 73.0 67.0 148.0 93.0 21.0 58.0 182.0 130.0 76.0 219.0 762.0 84.0 80.0 117.0 269.0 88.0 99.0 88.0 82.0 110.0 108.0 118.0 118.0 139.0 136.0 158.0 91.0 64.0 130.0 91.0 81.0 76.0 262.0 84.0 81.0 87.0 190.0 84.0 90.0 22.0 115.0 137.0 171.0 84.0 79.0 102.0 59.0 152.0 89.0 69.0 56.0 89.0 102.0 120.0 80.0 132.0 101.0 57.0 57.0 167.0 75.0 70.0 86.0 76.0 148.0 46.0 75.0 82.0 59.0 118.0 73.0 97.0 158.0 79.0 64.0 64.0 106.0 119.0 86.0 112.0 95.0 120.0 72.0 92.0 165.0 196.0 68.0 78.0 79.0 124.0 34.0 92.0 24.0 86.0 170.0 214.0 80.0 126.0 81.0 159.0 55.0 54.0 185.0 83.0 427.0 86.0 75.0 259.0 84.0 91.0 128.0 78.0 80.0 108.0 76.0 55.0 81.0 304.0 126.0 77.0 30.0 267.0 115.0 40.0 102.0 141.0 109.0 79.0 80.0 83.0 95.0 67.0 215.0 76.0 104.0 100.0 115.0 169.0 80.0 174.0 131.0 88.0 84.0 131.0 349.0 114.0 85.0 132.0 239.0 95.0 98.0 836.0 105.0 89.0 86.0 323.0 80.0 69.0 159.0 196.0 210.0 117.0 48.0 92.0 118.0 95.0 190.0 92.0 113.0 178.0 112.0 31.0 57.0 74.0 493.0 82.0 173.0 118.0 72.0 48.0 94.0 116.0 73.0 102.0 74.0 300.0 59.0 228.0 88.0 21.0 66.0 108.0 561.0 98.0 93.0 171.0 371.0 152.0 51.0 76.0 53.0 83.0 122.0 106.0 234.0 126.0 1372.0 136.0 235.0 350.0 95.0 73.0 57.0 262.0 108.0 94.0 175.0 250.0 83.0 63.0 241.0 248.0
34 35 1 TRACE 697.0 704.0 62.0 41.0 134.0 65.0 44.0 17.0 55.0 45.0 51.0 54.0 53.0 45.0 46.0 63.0 117.0 44.0 46.0 55.0 56.0 46.0 47.0 61.0 59.0 48.0 60.0 50.0 44.0 46.0 71.0 49.0 48.0 17.0 52.0 56.0 16.0 52.0 49.0 44.0 47.0 71.0 49.0 45.0 87.0 59.0 61.0 44.0 86.0 51.0 53.0 49.0 17.0 50.0 47.0 40.0 235.0 54.0 48.0 46.0 94.0 49.0 60.0 48.0 52.0 49.0 44.0 16.0 56.0 48.0 46.0 50.0 47.0 19.0 49.0 48.0 17.0 52.0 48.0 44.0 50.0 151.0 50.0 43.0 48.0 52.0 49.0 43.0 57.0 78.0 49.0 52.0 18.0 51.0 50.0 44.0 17.0 50.0 48.0 46.0 49.0 53.0 16.0 65.0 50.0 48.0 50.0 93.0 46.0 16.0 51.0 85.0 49.0 62.0 48.0 47.0 54.0 47.0 17.0 49.0 46.0 26.0 60.0 75.0 16.0 65.0 55.0 56.0 73.0 63.0 66.0 47.0 45.0 20.0 54.0 50.0 44.0 51.0 91.0 50.0 84.0 57.0 64.0 47.0 679.0 63.0 49.0 48.0 175.0 58.0 69.0 46.0 104.0 105.0 93.0 68.0 94.0 53.0 49.0 17.0 443.0 49.0 49.0 46.0 61.0 49.0 44.0 19.0 52.0 51.0 77.0 17.0 51.0 46.0 56.0 66.0 51.0 51.0 56.0 86.0 45.0 18.0 168.0 154.0 49.0 17.0 75.0 55.0 17.0 72.0 50.0 16.0 52.0 47.0 17.0 53.0 59.0 50.0 55.0 17.0 100.0 60.0 52.0 45.0 54.0 50.0 17.0 87.0 46.0 16.0 62.0 50.0 51.0 56.0 53.0 45.0 41.0 52.0 511.0 48.0 49.0 49.0 58.0 49.0 16.0 52.0 50.0 44.0 47.0 521.0 92.0
35 36 1 TRACE 58.0 65.0 46.0 39.0 58.0 46.0 41.0 14.0 52.0 41.0 83.0 55.0 47.0 41.0 52.0 63.0 50.0 44.0 50.0 63.0 46.0 41.0 45.0 56.0 47.0 45.0 173.0 51.0 40.0 45.0 49.0 45.0 40.0 22.0 52.0 68.0 16.0 52.0 80.0 42.0 58.0 69.0 66.0 41.0 46.0 63.0 45.0 41.0 45.0 93.0 47.0 41.0 14.0 49.0 45.0 39.0 260.0 47.0 43.0 45.0 55.0 47.0 42.0 46.0 56.0 46.0 40.0 27.0 46.0 78.0 44.0 49.0 51.0 15.0 59.0 53.0 15.0 54.0 70.0 40.0 46.0 112.0 48.0 40.0 50.0 50.0 46.0 66.0 47.0 55.0 51.0 43.0 15.0 52.0 47.0 41.0 15.0 51.0 46.0 45.0 48.0 42.0 15.0 64.0 45.0 47.0 92.0 50.0 41.0 15.0 71.0 83.0 45.0 65.0 46.0 46.0 61.0 44.0 15.0 52.0 41.0 30.0 50.0 53.0 15.0 46.0 56.0 53.0 44.0 47.0 71.0 46.0 41.0 14.0 65.0 45.0 41.0 46.0 81.0 80.0 45.0 57.0 60.0 44.0 99.0 47.0 82.0 54.0 53.0 45.0 44.0 51.0 76.0 111.0 92.0 91.0 119.0 50.0 44.0 30.0 450.0 46.0 50.0 45.0 59.0 46.0 41.0 15.0 51.0 47.0 46.0 15.0 47.0 45.0 47.0 66.0 53.0 54.0 63.0 55.0 41.0 15.0 82.0 71.0 46.0 15.0 55.0 44.0 15.0 91.0 45.0 14.0 80.0 90.0 14.0 54.0 56.0 88.0 42.0 15.0 56.0 69.0 60.0 50.0 80.0 308.0 16.0 71.0 42.0 15.0 79.0 86.0 47.0 64.0 46.0 41.0 17.0 49.0 492.0 46.0 16.0 48.0 56.0 45.0 57.0 62.0 47.0 44.0 70.0 286.0 195.0
36 37 1 TRACE 136.0 195.0 69.0 82.0 119.0 76.0 26.0 106.0 88.0 26.0 29.0 108.0 767.0 26.0 40.0 73.0 188.0 26.0 60.0 832.0 66.0 27.0 141.0 103.0 86.0 45.0 151.0 126.0 32.0 63.0 44.0 132.0 67.0 98.0 84.0 60.0 103.0 75.0 30.0 26.0 62.0 146.0 31.0 26.0 28.0 113.0 143.0 26.0 30.0 100.0 83.0 26.0 131.0 67.0 80.0 37.0 209.0 55.0 26.0 47.0 36.0 82.0 26.0 114.0 50.0 94.0 65.0 87.0 165.0 105.0 102.0 91.0 33.0 122.0 46.0 256.0 157.0 116.0 41.0 25.0 97.0 120.0 94.0 25.0 59.0 97.0 136.0 44.0 77.0 131.0 133.0 26.0 125.0 129.0 68.0 26.0 182.0 188.0 47.0 111.0 123.0 26.0 152.0 108.0 91.0 42.0 77.0 61.0 27.0 105.0 73.0 28.0 50.0 311.0 52.0 65.0 139.0 88.0 162.0 101.0 34.0 63.0 68.0 26.0 108.0 38.0 166.0 75.0 27.0 62.0 190.0 83.0 26.0 144.0 62.0 312.0 25.0 34.0 233.0 27.0 111.0 144.0 67.0 59.0 360.0 69.0 26.0 150.0 112.0 181.0 76.0 115.0 216.0 132.0 54.0 72.0 63.0 119.0 29.0 102.0 86.0 152.0 27.0 85.0 104.0 135.0 27.0 188.0 167.0 238.0 26.0 129.0 171.0 78.0 52.0 215.0 76.0 62.0 127.0 28.0 26.0 91.0 93.0 289.0 45.0 100.0 65.0 35.0 128.0 66.0 56.0 151.0 33.0 28.0 86.0 28.0 97.0 83.0 25.0 91.0 28.0 404.0 28.0 93.0 103.0 1270.0 213.0 46.0 49.0 116.0 73.0 55.0 83.0 124.0 98.0 49.0 72.0 100.0 206.0 40.0 107.0 73.0 276.0 48.0 86.0 123.0 78.0 25.0 852.0 359.0 153.0
37 38 1 TRACE 54.0 78.0 63.0 44.0 44.0 38.0 37.0 41.0 41.0 36.0 60.0 51.0 319.0 55.0 73.0 39.0 41.0 41.0 64.0 43.0 69.0 45.0 73.0 77.0 30.0 35.0 67.0 29.0 65.0 39.0 86.0 63.0 73.0 49.0 37.0 73.0 29.0 45.0 42.0 190.0 32.0 69.0 36.0 30.0 48.0 47.0 42.0 38.0 70.0 74.0 28.0 47.0 33.0 40.0 32.0 30.0 42.0 38.0 62.0 104.0 71.0 41.0 31.0 69.0 42.0 51.0 66.0 36.0 59.0 29.0 37.0 32.0 30.0 33.0 40.0 34.0 67.0 35.0 37.0 60.0 72.0 41.0 31.0 33.0 65.0 35.0 69.0 49.0 67.0 81.0 70.0 67.0 60.0 74.0 72.0 30.0 55.0 76.0 57.0 67.0 73.0 29.0 83.0 72.0 71.0 33.0 71.0 55.0 33.0 37.0 38.0 58.0 57.0 67.0 30.0 74.0 55.0 37.0 66.0 39.0 30.0 68.0 41.0 64.0 67.0 51.0 55.0 29.0 36.0 35.0 86.0 63.0 65.0 38.0 76.0 160.0 31.0 71.0 38.0 30.0 73.0 46.0 71.0 37.0 71.0 34.0 70.0 67.0 71.0 133.0 70.0 67.0 111.0 112.0 77.0 81.0 104.0 44.0 78.0 52.0 372.0 67.0 36.0 41.0 48.0 74.0 62.0 27.0 60.0 70.0 67.0 42.0 67.0 60.0 38.0 102.0 38.0 84.0 77.0 39.0 53.0 51.0 37.0 94.0 29.0 69.0 35.0 33.0 167.0 67.0 68.0 67.0 67.0 53.0 66.0 30.0 80.0 118.0 70.0 31.0 63.0 99.0 68.0 36.0 90.0 397.0 67.0 70.0 30.0 46.0 37.0 74.0 65.0 75.0 415.0 68.0 28.0 30.0 334.0 67.0 64.0 62.0 84.0 62.0 71.0 65.0 58.0 35.0 676.0 74.0 66.0
38 39 1 TRACE 42.0 28.0 43.0 37.0 49.0 45.0 43.0 26.0 26.0 27.0 34.0 47.0 853.0 192.0 70.0 42.0 50.0 38.0 31.0 41.0 56.0 40.0 63.0 44.0 30.0 25.0 80.0 27.0 45.0 38.0 61.0 32.0 29.0 39.0 68.0 50.0 25.0 31.0 25.0 377.0 34.0 27.0 33.0 68.0 28.0 41.0 38.0 32.0 57.0 53.0 26.0 27.0 28.0 57.0 33.0 38.0 27.0 64.0 40.0 30.0 54.0 29.0 35.0 27.0 35.0 38.0 90.0 63.0 30.0 63.0 133.0 25.0 25.0 26.0 31.0 33.0 40.0 37.0 63.0 31.0 64.0 32.0 27.0 32.0 66.0 63.0 27.0 26.0 64.0 42.0 64.0 47.0 64.0 34.0 59.0 27.0 95.0 63.0 67.0 53.0 68.0 34.0 61.0 67.0 27.0 24.0 71.0 25.0 64.0 56.0 61.0 26.0 29.0 33.0 30.0 63.0 45.0 33.0 78.0 77.0 24.0 66.0 66.0 31.0 59.0 69.0 27.0 64.0 24.0 71.0 29.0 60.0 39.0 67.0 65.0 133.0 34.0 63.0 33.0 47.0 70.0 37.0 64.0 51.0 89.0 34.0 68.0 64.0 63.0 165.0 64.0 69.0 122.0 67.0 120.0 121.0 69.0 29.0 58.0 241.0 57.0 53.0 59.0 38.0 39.0 62.0 30.0 113.0 47.0 69.0 59.0 28.0 54.0 81.0 25.0 127.0 73.0 63.0 29.0 31.0 45.0 32.0 47.0 86.0 27.0 27.0 44.0 26.0 297.0 58.0 25.0 32.0 65.0 61.0 30.0 25.0 62.0 53.0 65.0 184.0 29.0 63.0 85.0 31.0 62.0 140.0 65.0 34.0 35.0 83.0 69.0 67.0 65.0 42.0 1729.0 61.0 60.0 24.0 285.0 231.0 58.0 28.0 72.0 28.0 68.0 64.0 27.0 61.0 360.0 79.0 60.0
39 25 1 TRACE 18.0 16.0 16.0 17.0 18.0 17.0 27.0 27.0 54.0 21.0 16.0 15.0 15.0 40.0 16.0 16.0 20.0 19.0 16.0 15.0 64.0 15.0 21.0 51.0 53.0 17.0 56.0 24.0 18.0 17.0 17.0 15.0 18.0 20.0 33.0 16.0 14.0 15.0 19.0 16.0 18.0 20.0 32.0 18.0 54.0 18.0 16.0 15.0 17.0 22.0 17.0 15.0 15.0 20.0 18.0 20.0 15.0 16.0 20.0 16.0 18.0 15.0 25.0 17.0 16.0 16.0 16.0 30.0 32.0 46.0 17.0 17.0 17.0 16.0 17.0 73.0 20.0 16.0 17.0 22.0 16.0 55.0 19.0 22.0 15.0 17.0 17.0 53.0 42.0 113.0 16.0 18.0 22.0 47.0 15.0 15.0 15.0 16.0 18.0 23.0 17.0 16.0 53.0
39 40 1 TRACE 61.0 41.0 30.0 32.0 29.0 37.0 49.0 65.0 71.0 73.0 32.0 61.0 36.0 39.0 47.0 58.0 36.0 89.0 28.0 31.0 28.0 28.0 35.0 34.0 93.0 32.0 40.0 69.0 63.0 69.0 66.0 66.0 45.0 66.0 64.0 29.0 30.0 29.0 59.0 29.0 66.0 62.0 81.0 82.0 101.0 61.0 31.0 36.0 147.0 27.0 68.0 33.0 31.0 247.0 180.0 49.0 59.0 33.0 146.0 65.0 359.0 66.0 31.0 37.0
39 51 1 TRACE 57.0 33.0 35.0 29.0 29.0 45.0 63.0 31.0 65.0 41.0 186.0 64.0 74.0 66.0 68.0 37.0 39.0 57.0 61.0 56.0 29.0 31.0 38.0 30.0 32.0 66.0 106.0 48.0 62.0 63.0 60.0 27.0 38.0 36.0 31.0 51.0 54.0 31.0 28.0 57.0 65.0 66.0 157.0 74.0 67.0 56.0 55.0 75.0 66.0 228.0 29.0 34.0 41.0 86.0 65.0 71.0 70.0 35.0 69.0 324.0 476.0 68.0 41.0 31.0
40 41 1 TRACE 65.0 32.0 24.0 32.0 29.0 28.0 40.0 25.0 26.0 27.0 25.0 41.0 35.0 26.0 24.0 31.0 25.0 29.0 24.0 26.0 23.0 25.0 29.0 28.0 33.0 26.0 24.0 24.0 26.0 28.0 25.0 60.0 41.0 25.0 24.0 43.0 45.0 27.0 23.0 35.0 25.0 31.0 27.0 27.0 27.0 33.0 29.0 24.0 37.0 34.0 57.0 24.0 23.0 25.0 37.0 62.0 31.0 24.0 25.0 36.0 49.0 46.0 29.0 40.0
41 42 1 TRACE 17.0 13.0 13.0 13.0 13.0 12.0 13.0 13.0 13.0 12.0 13.0 12.0 13.0 13.0 12.0 12.0 13.0 13.0 12.0 14.0 13.0 12.0 13.0 13.0 12.0 14.0 12.0 13.0 13.0 12.0 12.0 13.0 12.0 16.0 14.0 12.0 12.0 14.0 12.0 12.0 13.0 12.0 12.0 13.0 12.0 12.0 12.0 13.0 12.0 12.0 13.0 12.0 13.0 13.0 12.0 12.0 13.0 12.0 13.0 13.0 13.0 13.0 13.0 12.0 13.0 12.0 12.0 13.0 13.0 13.0 12.0 13.0 13.0 12.0 13.0 13.0 12.0 13.0 13.0 12.0 13.0 12.0 13.0 13.0 13.0 13.0 12.0 13.0 25.0 13.0 12.0 13.0 12.0 16.0 14.0 12.0 12.0 13.0 13.0 13.0 13.0 13.0 12.0 12.0 14.0 13.0 12.0 13.0 12.0 13.0 12.0 13.0 13.0 13.0 12.0 13.0 14.0 13.0 13.0 12.0 13.0 13.0 12.0 13.0 13.0 12.0 13.0 12.0 13.0 13.0 14.0 13.0 13.0 12.0 13.0 12.0 12.0 13.0 12.0 13.0 14.0 18.0 13.0 14.0 13.0 13.0 15.0 12.0 12.0 14.0 12.0 12.0 13.0 12.0 13.0 12.0 13.0 13.0 12.0 14.0 12.0 13.0 13.0 12.0 13.0 13.0 13.0 12.0 13.0 13.0 12.0 12.0 12.0 13.0 13.0 12.0 13.0 14.0 13.0 12.0 13.0 12.0 13.0 13.0 12.0 12.0 13.0 12.0 12.0 13.0 13.0 12.0 12.0 13.0 13.0 12.0 15.0 12.0 12.0 13.0 13.0 12.0 13.0 13.0 12.0 14.0 12.0 13.0
42 43 1 TRACE 16.0 12.0 12.0 12.0 11.0 12.0 12.0 11.0 11.0 11.0 12.0 12.0 12.0 12.0 12.0 12.0 12.0 12.0 12.0 12.0 12.0 12.0 12.0 12.0 12.0 12.0 12.0 11.0 11.0 11.0 12.0 12.0 12.0 12.0 12.0 11.0 11.0 12.0 12.0 12.0 12.0 12.0 12.0 11.0 12.0 12.0 11.0 12.0 12.0 11.0 12.0 12.0 12.0 13.0 12.0 12.0 12.0 12.0 11.0 11.0 12.0 11.0 11.0 11.0 16.0 12.0 11.0 11.0 12.0 12.0 13.0 21.0 12.0 12.0 12.0 12.0 11.0 12.0 16.0 12.0 11.0 12.0 12.0 12.0 11.0 12.0 12.0 12.0 12.0 11.0 12.0 12.0 12.0 12.0 12.0 12.0 11.0 12.0 12.0 12.0 12.0 12.0 12.0 12.0 12.0 12.0 12.0 12.0 12.0 11.0 11.0 12.0 11.0 12.0 11.0 12.0 12.0 12.0 12.0 12.0 12.0 11.0 12.0 12.0 12.0 12.0 11.0 12.0 12.0 11.0 11.0 12.0 11.0 11.0 12.0 12.0 12.0 12.0 12.0 12.0 13.0 14.0 13.0 13.0 12.0 12.0 11.0 12.0 11.0 11.0 12.0 11.0 12.0 12.0 12.0 12.0 11.0 11.0 12.0 12.0 11.0 11.0 12.0 12.0 12.0 12.0 11.0 11.0 12.0 11.0 12.0 12.0 11.0 11.0 11.0 12.0 11.0 12.0 12.0 11.0 12.0 12.0 11.0 12.0 12.0 12.0 11.0 12.0 11.0 12.0 12.0 12.0 12.0 12.0 12.0 12.0 12.0 11.0 12.0 12.0 12.0 11.0 12.0 11.0 12.0 12.0 12.0 11.0
43 44 1 TRACE 12.0 8.0 8.0 8.0 8.0 7.0 8.0 8.0 8.0 8.0 8.0 8.0 8.0 8.0 8.0 8.0 9.0 8.0 8.0 9.0 8.0 8.0 8.0 8.0 8.0 8.0 8.0 8.0 8.0 8.0 7.0 8.0 8.0 9.0 8.0 8.0 7.0 8.0 8.0 8.0 8.0 8.0 7.0 8.0 8.0 8.0 8.0 8.0 8.0 8.0 8.0 8.0 7.0 8.0 8.0 8.0 7.0 8.0 8.0 7.0 8.0 8.0 8.0 8.0 9.0 8.0 8.0 8.0 8.0 8.0 8.0 9.0 8.0 8.0 8.0 8.0 8.0 8.0 9.0 8.0 8.0 8.0 8.0 8.0 8.0 8.0 8.0 8.0 8.0 8.0 8.0 8.0 8.0 9.0 8.0 8.0 8.0 9.0 8.0 8.0 8.0 8.0 8.0 8.0 9.0 8.0 7.0 8.0 8.0 8.0 8.0 8.0 8.0 8.0 8.0 8.0 8.0 7.0 8.0 7.0 8.0 8.0 8.0 8.0 8.0 8.0 8.0 8.0 9.0 8.0 16.0 8.0 8.0 8.0 8.0 8.0 8.0 8.0 8.0 9.0 8.0 10.0 9.0 8.0 8.0 8.0 8.0 8.0 8.0 8.0 8.0 8.0 8.0 8.0 8.0 8.0 8.0 8.0 7.0 8.0 8.0 8.0 9.0 8.0 8.0 8.0 8.0 8.0 7.0 8.0 8.0 8.0 8.0 8.0 8.0 8.0 8.0 8.0 8.0 10.0 8.0 9.0 8.0 8.0 8.0 8.0 8.0 8.0 8.0 8.0 8.0 7.0 8.0 8.0 8.0 8.0 8.0 8.0 8.0 8.0 7.0 8.0 8.0 8.0 8.0 9.0 8.0 8.0
44 45 1 TRACE 44.0 2856.0 45.0 64.0 37.0 86.0 30.0 26.0 27.0 29.0 37.0 28.0 24.0 45.0 47.0 54.0 42.0 26.0 34.0 30.0 36.0 27.0 71.0 27.0 29.0 73.0 60.0 28.0 70.0 63.0 27.0 44.0 27.0 24.0 37.0 55.0 30.0 36.0 63.0 65.0 30.0 27.0 77.0 36.0 28.0 73.0 36.0 29.0 27.0 70.0 31.0 26.0 27.0 66.0 46.0 46.0 68.0 58.0 28.0 29.0 37.0 32.0 114.0 34.0 22.0 27.0 26.0 77.0 38.0 33.0 25.0 21.0 62.0 64.0 32.0 34.0 127.0 81.0 21.0 38.0 36.0 28.0 103.0 36.0 51.0 1310.0 396.0 30.0 49.0 25.0 35.0 32.0 26.0 22.0 30.0 67.0 38.0 26.0 70.0 65.0 22.0 74.0 81.0 27.0 34.0 65.0 84.0 71.0 28.0 46.0 43.0 68.0 26.0 25.0 76.0 35.0 31.0 65.0 33.0 35.0 64.0 83.0 28.0 92.0 67.0 59.0 26.0 105.0 77.0 27.0 22.0 73.0 34.0 31.0 137.0 58.0 35.0 124.0 198.0 100.0 95.0 60.0 47.0 57.0 67.0 64.0 25.0 69.0 26.0 33.0 70.0 26.0 29.0 31.0 61.0 50.0 109.0 32.0 68.0 38.0 35.0 26.0 45.0 25.0 28.0 66.0 32.0 44.0 55.0 28.0 26.0 27.0 67.0 38.0 27.0 98.0 108.0 72.0 31.0 33.0 29.0 25.0 162.0 66.0 227.0 62.0 38.0 67.0 60.0 27.0 178.0 67.0 46.0 57.0 27.0 69.0 31.0 2164.0 171.0 71.0 38.0 68.0 39.0 110.0 32.0 43.0 181.0 41.0
45 46 1 TRACE 23.0 27.0 17.0 15.0 19.0 57.0 16.0 18.0 16.0 16.0 16.0 17.0 16.0 16.0 15.0 47.0 17.0 44.0 14.0 17.0 16.0 15.0 18.0 16.0 15.0 53.0 29.0 15.0 53.0 16.0 17.0 16.0 55.0 34.0 16.0 18.0 18.0 17.0 16.0 23.0 17.0 17.0 19.0 17.0 16.0 17.0 19.0 19.0 18.0 18.0 18.0 18.0 18.0 16.0 16.0 17.0 17.0 37.0 16.0 20.0 16.0 33.0 15.0 17.0 18.0 17.0 16.0 197.0 18.0 17.0 16.0 17.0 17.0 16.0 18.0 16.0 81.0 17.0 18.0 18.0 54.0 17.0 16.0 18.0 18.0 336.0 252.0 18.0 16.0 19.0 18.0 17.0 17.0 16.0 16.0 17.0 16.0 16.0 16.0 16.0 21.0 27.0 51.0 51.0 20.0 17.0 52.0 17.0 18.0 16.0 16.0 16.0 18.0 16.0 18.0 19.0 17.0 18.0 18.0 20.0 16.0 17.0 17.0 16.0 20.0 17.0 17.0 55.0 17.0 19.0 16.0 17.0 52.0 16.0 20.0 16.0 17.0 76.0 29.0 31.0 29.0 27.0 15.0 17.0 18.0 18.0 19.0 15.0 16.0 33.0 52.0 16.0 17.0 51.0 16.0 16.0 17.0 16.0 17.0 23.0 16.0 15.0 16.0 23.0 18.0 21.0 15.0 16.0 15.0 54.0 16.0 18.0 16.0 20.0 16.0 16.0 15.0 16.0 17.0 53.0 18.0 16.0 19.0 19.0 95.0 18.0 17.0 16.0 68.0 18.0 41.0 51.0 18.0 16.0 17.0 20.0 18.0 292.0 326.0 19.0 17.0 16.0 18.0 15.0 18.0 17.0 35.0 16.0
46 47 1 TRACE 104.0 46.0 43.0 104.0 47.0 120.0 124.0 64.0 42.0 41.0 103.0 46.0 42.0 111.0 47.0 41.0 119.0 49.0 43.0 114.0 46.0 41.0 126.0 54.0 43.0 126.0 51.0 57.0 168.0 51.0 41.0 126.0 84.0 45.0 89.0 108.0 47.0 95.0 45.0 42.0 158.0 51.0 246.0 125.0 77.0 67.0 42.0 110.0 48.0 53.0 155.0 53.0 88.0 120.0 49.0 75.0 122.0 77.0 41.0 41.0 121.0 69.0 42.0 68.0 120.0 65.0 50.0 42.0 129.0 52.0 43.0 140.0 48.0 42.0 120.0 48.0 94.0 101.0 47.0 46.0 127.0 52.0 42.0 120.0 65.0 42.0 41.0 124.0 57.0 42.0 41.0 182.0 54.0 45.0 192.0 50.0 41.0 124.0 56.0 42.0 48.0 78.0 42.0 51.0 90.0 44.0 42.0 122.0 55.0 42.0 70.0 124.0 57.0 59.0 523.0 88.0 45.0 41.0 87.0 45.0 47.0 121.0 49.0 86.0 121.0 69.0 41.0 42.0 94.0 50.0 42.0 126.0 53.0 41.0 111.0 47.0 41.0 134.0 70.0 85.0 214.0 57.0 44.0 139.0 53.0 46.0 111.0 118.0 41.0 166.0 48.0 45.0 171.0 99.0 41.0 41.0 132.0 78.0 42.0 119.0 50.0 158.0 187.0 45.0 70.0 120.0 66.0 150.0 140.0 119.0 69.0 48.0 41.0 120.0 58.0 42.0 40.0 93.0 116.0 43.0 113.0 86.0 41.0 105.0 47.0 48.0 122.0 61.0 42.0 102.0 126.0 52.0 45.0 97.0 46.0 42.0 87.0 150.0 1163.0 85.0 43.0 40.0 134.0 76.0 40.0 102.0 70.0 40.0
47 48 1 TRACE 12.0 10.0 11.0 11.0 10.0 13.0 11.0 9.0 9.0 472.0 131.0 21.0 10.0 10.0 9.0 21.0 8.0 15.0 11.0 10.0 10.0 10.0 10.0 10.0 8.0 248.0 11.0 11.0 10.0 10.0 13.0 10.0 8.0 174.0 11.0 10.0 9.0 9.0 10.0 19.0 8.0 40.0 11.0 10.0 10.0 10.0 10.0 10.0 8.0 10.0 27.0 18.0 13.0 9.0 19.0 12.0 8.0 10.0 31.0 10.0 10.0 10.0 12.0 11.0 8.0 13.0 11.0 10.0 9.0 38.0 11.0 12.0 8.0 26.0 12.0 9.0 9.0 9.0 10.0 10.0 8.0 10.0 14.0 24.0 10.0 10.0 13.0 10.0 8.0 13.0 9.0 9.0 10.0 10.0 10.0 10.0 8.0 10.0 9.0 10.0 10.0 10.0 10.0 10.0 8.0 41.0 13.0 11.0 10.0 9.0 13.0 10.0 8.0 9.0 9.0 9.0 10.0 10.0 10.0 9.0 8.0 9.0 10.0 11.0 9.0 9.0 10.0 10.0 8.0 157.0 16.0 15.0 11.0 10.0 12.0 10.0 8.0 14.0 12.0 10.0 10.0 9.0 10.0 10.0 8.0 10.0 38.0 10.0 9.0 10.0 9.0 10.0 8.0 10.0 9.0 11.0 9.0 10.0 17.0 12.0 8.0 9.0 10.0 10.0 10.0 10.0 12.0 10.0 7.0 32.0 11.0 10.0 10.0 10.0 10.0 10.0 10.0 9.0 20.0 58.0 18.0 10.0 18.0 13.0 7.0 9.0 16.0 10.0 10.0 10.0 11.0 10.0 7.0 12.0 10.0 10.0 9.0 18.0 9.0 9.0 8.0 10.0 20.0 14.0 10.0 10.0 15.0 14.0 7.0 10.0 9.0 10.0 9.0 9.0 19.0 10.0 7.0 28.0 9.0 10.0 10.0 9.0 9.0 10.0 8.0 10.0 12.0 12.0 12.0 10.0 18.0 11.0 8.0 43.0 10.0 10.0 9.0 10.0 12.0 9.0 8.0 10.0 14.0 10.0 10.0 10.0 12.0 10.0 8.0 15.0 29.0 17.0 11.0 10.0 21.0 14.0 8.0 10.0 13.0 10.0 10.0 9.0 11.0 10.0 8.0 41.0 15.0 10.0 10.0 10.0 10.0 10.0 8.0 10.0 28.0 11.0 11.0 10.0 13.0 9.0 8.0 9.0 9.0 10.0 10.0 9.0 11.0 10.0 7.0 9.0 10.0 10.0 48.0 10.0 11.0 10.0 8.0 10.0 10.0 10.0 10.0 9.0 11.0 33.0 8.0 60.0 11.0 10.0 9.0 10.0 10.0 10.0 8.0 10.0 10.0 11.0 15.0 10.0 9.0 10.0 8.0 10.0 15.0 16.0 12.0 10.0 10.0 10.0 8.0 11.0 18.0 10.0 9.0 10.0 10.0 9.0 8.0 9.0 9.0 10.0 9.0 9.0 10.0 10.0 8.0 9.0 46.0 22.0 12.0 10.0 22.0 14.0 8.0 9.0 10.0 14.0 9.0 10.0 11.0 10.0 7.0 10.0 10.0 9.0 9.0 9.0 10.0 20.0 8.0 9.0 10.0 10.0 12.0 10.0 10.0 10.0 8.0 10.0 13.0 12.0 10.0 11.0 14.0 10.0 7.0 10.0 9.0 11.0 10.0 10.0 9.0 9.0 8.0 9.0 9.0 9.0 9.0 10.0 10.0 9.0 8.0 10.0 19.0 19.0 16.0 10.0 22.0 13.0 8.0 10.0 13.0 10.0 9.0 9.0 12.0 9.0 8.0 10.0 22.0 10.0 10.0 9.0 11.0 10.0 8.0 11.0 9.0 10.0 11.0 10.0 14.0 10.0 8.0 10.0 10.0 10.0 9.0 11.0 11.0 10.0 8.0 9.0 21.0 10.0 10.0 10.0 17.0 9.0 8.0 38.0 53.0 16.0 15.0 22.0 20.0 12.0 8.0 70.0 13.0 11.0 26.0 10.0 12.0 11.0 8.0 10.0 10.0 9.0 11.0 10.0 11.0 10.0 8.0 10.0 41.0 10.0 10.0 9.0 11.0 10.0 8.0 9.0 16.0 32.0 10.0 10.0 22.0 13.0 8.0 10.0 11.0 10.0 10.0 10.0 10.0 9.0 8.0 53.0 12.0 10.0 10.0 10.0 9.0 9.0 8.0 9.0 9.0 10.0 10.0 10.0 10.0 10.0 8.0 9.0 22.0 21.0 17.0 16.0 67.0 18.0 8.0 18.0 13.0 10.0 9.0 9.0 11.0 9.0 8.0 10.0 18.0 10.0 10.0 12.0 9.0 9.0 7.0 43.0 11.0 9.0 9.0 23.0 10.0 10.0 8.0 10.0 16.0 15.0 11.0 10.0 18.0 18.0 8.0 9.0 12.0 18.0 10.0 10.0 10.0 10.0 8.0 10.0 24.0 10.0 10.0 10.0 9.0 10.0 8.0 10.0 9.0 15.0 10.0 14.0 16.0 10.0 8.0 35.0 18.0 10.0 11.0 9.0 10.0 10.0 7.0 9.0 10.0 10.0 10.0 10.0 10.0 10.0 8.0 42.0 15.0 11.0 10.0 10.0 16.0 10.0 8.0 43.0 50.0 50.0 13.0 9.0 11.0 10.0 8.0 9.0 10.0 10.0 10.0 10.0 9.0 10.0 8.0 9.0 10.0 11.0 16.0 17.0 10.0 10.0 8.0 31.0 12.0 9.0 9.0 41.0 15.0 9.0 8.0 11.0 22.0 10.0 9.0 10.0 9.0 10.0 8.0 10.0 16.0 14.0 11.0 11.0 20.0 10.0 8.0 10.0 10.0 9.0 10.0 10.0 11.0 9.0 8.0 9.0 13.0 10.0 10.0 18.0 11.0 10.0 7.0 13.0 21.0 16.0 14.0 10.0 29.0 23.0 8.0 9.0 16.0 10.0 13.0 16.0 9.0 10.0 8.0 332.0 10.0 10.0 10.0 10.0 11.0 11.0 8.0 69.0 10.0 9.0 10.0 9.0 10.0 29.0 8.0 9.0 16.0 15.0 9.0 10.0 18.0 11.0 8.0 9.0 21.0 33.0 9.0 10.0 11.0 9.0 7.0 10.0 9.0 10.0 49.0 10.0 10.0 21.0 8.0 10.0 9.0 10.0 10.0 10.0 10.0 10.0 8.0 10.0 10.0 13.0 50.0 10.0 20.0 11.0 8.0 9.0 14.0 10.0 9.0 9.0 10.0 10.0 8.0 10.0 9.0 10.0 19.0 30.0 11.0 17.0 8.0 9.0 14.0 13.0 11.0 10.0 10.0 14.0 7.0 10.0 10.0 10.0 9.0 9.0 11.0 9.0 8.0 9.0 10.0 10.0 10.0 9.0 10.0 10.0 8.0 10.0 13.0 18.0 10.0 10.0 19.0 11.0 8.0 10.0 11.0 10.0 10.0 9.0 11.0 9.0 8.0 9.0 9.0 10.0 10.0 10.0 10.0 9.0 8.0 10.0 9.0 16.0 10.0 9.0 10.0 10.0 8.0 10.0 10.0 10.0 9.0 19.0 10.0 10.0 8.0 9.0 9.0 10.0 10.0 9.0 9.0 10.0 8.0 9.0 11.0 12.0 9.0 10.0 10.0 9.0 11.0 10.0 10.0 9.0 10.0 10.0 10.0 27.0 8.0 63.0 11.0 10.0 9.0 10.0 10.0 9.0 7.0 9.0 10.0 10.0 9.0 10.0 10.0 9.0 8.0 10.0 22.0 20.0 12.0 9.0 21.0 12.0 8.0 10.0 9.0 10.0 10.0 10.0 23.0 16.0 8.0 42.0 15.0 9.0 10.0 10.0 10.0 10.0 8.0 38.0 9.0 10.0 10.0 9.0 10.0 10.0 8.0 9.0 18.0 18.0 10.0 10.0 20.0 15.0 8.0 10.0 22.0 12.0 10.0 10.0 11.0 15.0 8.0 10.0 10.0 15.0 38.0 10.0 10.0 10.0 8.0 99.0 10.0 10.0 10.0 9.0 10.0 10.0 7.0 9.0 10.0 10.0 11.0 10.0 11.0 10.0 7.0 18.0 10.0 9.0 10.0 10.0 12.0 10.0 8.0 10.0 9.0 10.0 10.0 10.0 12.0 9.0 8.0 9.0 10.0 11.0 30.0 10.0 10.0 11.0 8.0 9.0 9.0 9.0 9.0 10.0 10.0 10.0 8.0 31.0 15.0 19.0 9.0 10.0 10.0 10.0 8.0 10.0 12.0 12.0 10.0 10.0 10.0 10.0 7.0 9.0 10.0 10.0 10.0 10.0 12.0 10.0 8.0 9.0 60.0 17.0 46.0 10.0 9.0 10.0 8.0 9.0 24.0 26.0 12.0 9.0 22.0 14.0 7.0 10.0 10.0 10.0 10.0 16.0 11.0 11.0 8.0 23.0 10.0 10.0 10.0 18.0 80.0 15.0 8.0 9.0 10.0 11.0 9.0 9.0 9.0 10.0 8.0 9.0 10.0 10.0 17.0 12.0 10.0 11.0 8.0 10.0 9.0 10.0 10.0 11.0 12.0 10.0 7.0 9.0 10.0 10.0 10.0 13.0 9.0 10.0 8.0 10.0 10.0 17.0 11.0 9.0 18.0 12.0 8.0 9.0 10.0 10.0 10.0 10.0 10.0 9.0 7.0 9.0 10.0 10.0 10.0 9.0 9.0 10.0 8.0 9.0 11.0 11.0 11.0 10.0 10.0 10.0 7.0 9.0 15.0 9.0 12.0 10.0 10.0 10.0 8.0 10.0 10.0 10.0 12.0 10.0 9.0 10.0 8.0 9.0 10.0 130.0 58.0 58.0 29.0 14.0 10.0 11.0 38.0 35.0 11.0 10.0 10.0 13.0 10.0 12.0 14.0 11.0 22.0 10.0 44.0 22.0 10.0 12.0 10.0 65.0 40.0 12.0 11.0 12.0 8.0 27.0 39.0 11.0 11.0 11.0 11.0 24.0 8.0 24.0 11.0 11.0 11.0 11.0 12.0 11.0 8.0 229.0 23.0 16.0 9.0 10.0 17.0 11.0 7.0 10.0 9.0 22.0 10.0 9.0 12.0 10.0 7.0 10.0 10.0 10.0 10.0 9.0 9.0 11.0 8.0 9.0 11.0 10.0 10.0 10.0 11.0 10.0 8.0 43.0 31.0 10.0 9.0 9.0 10.0 11.0 8.0 9.0 11.0 10.0 10.0 10.0 9.0 10.0 11.0 9.0 10.0 11.0 11.0 19.0 9.0 10.0 8.0 10.0 49.0 9.0 11.0 9.0 16.0 10.0 8.0 22.0 10.0 21.0 10.0 10.0 9.0 10.0 8.0 10.0 15.0 10.0 14.0 9.0 23.0 10.0 8.0 9.0 33.0 12.0 17.0 10.0 9.0 10.0 8.0 15.0 14.0 10.0 9.0 10.0 10.0 11.0 7.0 12.0 10.0 10.0 10.0 10.0 10.0 43.0 8.0 9.0 10.0 10.0 10.0 10.0 11.0 10.0 7.0 48.0 12.0 10.0 9.0 9.0 10.0 11.0 8.0 65.0 10.0 10.0 10.0 9.0 9.0 9.0 8.0 29.0 13.0 9.0 10.0 9.0 11.0 12.0 8.0 9.0 10.0 10.0 16.0 10.0 10.0 10.0 8.0 10.0 9.0 10.0 9.0 10.0 9.0 10.0 9.0 9.0 10.0 10.0 10.0 10.0 10.0 11.0 8.0 48.0 10.0 10.0 9.0 10.0 10.0 10.0 8.0 9.0 10.0 45.0 10.0 13.0 18.0 10.0 8.0 10.0 14.0 18.0 12.0 9.0 26.0 15.0 7.0 31.0 13.0 10.0 9.0 9.0 11.0 10.0 8.0 455.0 15.0 9.0 9.0 9.0 12.0 10.0 8.0 10.0 10.0 9.0 9.0 9.0 46.0 20.0 8.0 10.0 16.0 18.0 14.0 11.0 26.0 11.0 8.0 68.0 14.0 11.0 10.0 10.0 10.0 11.0 7.0 46.0 11.0 10.0 9.0 10.0 10.0 10.0 7.0 9.0 10.0 10.0 9.0 23.0 10.0 9.0 8.0 13.0 21.0 21.0 11.0 9.0 21.0 14.0 8.0 10.0 13.0 12.0 9.0 10.0 11.0 10.0 7.0 55.0 11.0 9.0 9.0 9.0 10.0 10.0 8.0 9.0 10.0 10.0 10.0 13.0 9.0 9.0 8.0 10.0 16.0 9.0 9.0 10.0 13.0 10.0 8.0 10.0 10.0 10.0 9.0 9.0 9.0 9.0 8.0 9.0 10.0 10.0 18.0 10.0 10.0 10.0 8.0 10.0 10.0 11.0 9.0 10.0 12.0 10.0 8.0 9.0 10.0 10.0 9.0 10.0 11.0 9.0 8.0 27.0 12.0 11.0 10.0 9.0 10.0 10.0 8.0 9.0 11.0 10.0 11.0 10.0 14.0 10.0 7.0 644.0 10.0 10.0 10.0 10.0 16.0 9.0 8.0 361.0 108.0 9.0 9.0 10.0 16.0 9.0 8.0 9.0 27.0 20.0 12.0 14.0 16.0 22.0 8.0 10.0 10.0 9.0 9.0 10.0 10.0 10.0 8.0 10.0 10.0 11.0 10.0 9.0 10.0 11.0 8.0 13.0 10.0 9.0 10.0 10.0 9.0 15.0 8.0 13.0 31.0 13.0 12.0 10.0 17.0 10.0 8.0 9.0 20.0 10.0 10.0 11.0 10.0 10.0 7.0 10.0 10.0 19.0 10.0 9.0 10.0 10.0 8.0 43.0 13.0 9.0 14.0 10.0 11.0 10.0 8.0 9.0 17.0 11.0 9.0 9.0 12.0 10.0 7.0 10.0 11.0 11.0 10.0 9.0 10.0 10.0 8.0 10.0 10.0 10.0 10.0 13.0 11.0 10.0 8.0 10.0 40.0 12.0 49.0 11.0 13.0 10.0 8.0 10.0 11.0 11.0 10.0 10.0 12.0 10.0 10.0 9.0 11.0 10.0 17.0 10.0 11.0 10.0 8.0 10.0 12.0 10.0 9.0 9.0 10.0 15.0 8.0 21.0 41.0 12.0 10.0 9.0 9.0 10.0 8.0 9.0 10.0 10.0 11.0 10.0 28.0 11.0 7.0 10.0 16.0 10.0 10.0 32.0 13.0 10.0 8.0 9.0 10.0 10.0 10.0 9.0 26.0 11.0 8.0 10.0 10.0 9.0 11.0 10.0 31.0 11.0 8.0 163.0 15.0 10.0 9.0 10.0 10.0 9.0 8.0 9.0 21.0 10.0 9.0 9.0 10.0 10.0
48 49 1 TRACE 17.0 22.0 25.0 17.0 15.0 16.0 13.0 12.0 7.0 9051.0 33.0 10.0 10.0 12.0 10.0 11.0 7.0 12.0 10.0 9.0 10.0 10.0 16.0 10.0 13.0 30.0 24.0 29.0 18.0 18.0 13.0 12.0 8.0 11.0 11.0 10.0 10.0 13.0 10.0 23.0 7.0 12.0 9.0 9.0 10.0 9.0 10.0 10.0 12.0 40.0 20.0 16.0 13.0 26.0 14.0 12.0 8.0 21.0 13.0 13.0 12.0 13.0 12.0 12.0 8.0 22.0 10.0 9.0 15.0 11.0 13.0 10.0 7.0 12.0 10.0 9.0 9.0 10.0 10.0 10.0 13.0 25.0 20.0 19.0 14.0 13.0 14.0 12.0 8.0 14.0 10.0 11.0 11.0 10.0 11.0 11.0 8.0 10.0 9.0 10.0 9.0 10.0 16.0 10.0 14.0 21.0 20.0 17.0 18.0 16.0 14.0 12.0 7.0 10.0 11.0 11.0 11.0 11.0 17.0 10.0 7.0 10.0 9.0 10.0 9.0 9.0 10.0 9.0 13.0 32.0 19.0 18.0 18.0 18.0 14.0 13.0 8.0 27.0 11.0 12.0 11.0 12.0 12.0 11.0 7.0 9.0 10.0 10.0 10.0 10.0 9.0 9.0 13.0 21.0 19.0 17.0 18.0 18.0 13.0 15.0 8.0 10.0 10.0 10.0 10.0 10.0 10.0 10.0 8.0 10.0 9.0 10.0 9.0 22.0 9.0 15.0 13.0 20.0 53.0 20.0 14.0 15.0 14.0 13.0 8.0 13.0 13.0 12.0 13.0 14.0 12.0 11.0 7.0 19.0 9.0 9.0 9.0 10.0 9.0 10.0 13.0 30.0 19.0 17.0 14.0 13.0 13.0 15.0 8.0 12.0 11.0 12.0 12.0 11.0 12.0 11.0 7.0 11.0 10.0 10.0 9.0 10.0 9.0 10.0 13.0 24.0 21.0 19.0 19.0 21.0 13.0 17.0 8.0 11.0 12.0 12.0 11.0 11.0 11.0 11.0 8.0 10.0 10.0 10.0 10.0 10.0 9.0 10.0 13.0 50.0 18.0 18.0 13.0 20.0 13.0 12.0 8.0 13.0 13.0 12.0 12.0 11.0 12.0 11.0 8.0 11.0 11.0 11.0 10.0 10.0 9.0 10.0 13.0 26.0 19.0 24.0 14.0 14.0 14.0 12.0 8.0 9.0 10.0 11.0 10.0 9.0 10.0 10.0 7.0 10.0 10.0 10.0 11.0 43.0 10.0 10.0 13.0 30.0 21.0 17.0 14.0 18.0 24.0 12.0 8.0 14.0 11.0 11.0 10.0 11.0 10.0 10.0 8.0 19.0 18.0 10.0 10.0 10.0 9.0 9.0 13.0 20.0 19.0 17.0 14.0 18.0 14.0 14.0 8.0 12.0 12.0 12.0 11.0 11.0 11.0 10.0 7.0 10.0 9.0 10.0 9.0 10.0 10.0 10.0 11.0 32.0 19.0 14.0 13.0 26.0 16.0 12.0 9.0 19.0 18.0 14.0 13.0 13.0 12.0 19.0 7.0 9.0 12.0 9.0 9.0 12.0 10.0 10.0 8.0 9.0 10.0 10.0 10.0 9.0 10.0 9.0 14.0 23.0 27.0 17.0 19.0 15.0 14.0 12.0 7.0 11.0 11.0 11.0 11.0 10.0 10.0 10.0 7.0 9.0 11.0 10.0 9.0 10.0 10.0 9.0 12.0 22.0 20.0 17.0 14.0 19.0 14.0 13.0 8.0 23.0 13.0 12.0 12.0 14.0 12.0 12.0 8.0 32.0 10.0 10.0 9.0 9.0 9.0 10.0 13.0 36.0 23.0 27.0 14.0 12.0 15.0 12.0 8.0 11.0 11.0 13.0 10.0 11.0 11.0 11.0 7.0 10.0 9.0 10.0 10.0 10.0 10.0 9.0 11.0 34.0 18.0 15.0 21.0 13.0 14.0 12.0 9.0 132.0 18.0 14.0 14.0 14.0 13.0 12.0 8.0 9.0 10.0 10.0 9.0 17.0 10.0 10.0 7.0 9.0 9.0 10.0 9.0 9.0 9.0 9.0 11.0 28.0 32.0 17.0 14.0 22.0 13.0 12.0 10.0 20.0 18.0 13.0 14.0 14.0 12.0 11.0 8.0 27.0 9.0 9.0 10.0 10.0 9.0 9.0 8.0 9.0 10.0 9.0 10.0 10.0 10.0 10.0 10.0 36.0 20.0 14.0 52.0 52.0 16.0 12.0 10.0 35.0 18.0 14.0 14.0 14.0 13.0 11.0 8.0 10.0 9.0 10.0 10.0 10.0 9.0 10.0 7.0 12.0 11.0 9.0 10.0 11.0 10.0 10.0 13.0 21.0 17.0 17.0 13.0 21.0 13.0 15.0 8.0 15.0 12.0 12.0 12.0 11.0 12.0 11.0 8.0 13.0 10.0 9.0 9.0 9.0 9.0 10.0 13.0 21.0 21.0 18.0 15.0 14.0 13.0 12.0 8.0 13.0 13.0 11.0 11.0 11.0 10.0 11.0 7.0 9.0 9.0 10.0 10.0 10.0 10.0 10.0 14.0 26.0 19.0 17.0 15.0 17.0 14.0 12.0 8.0 13.0 18.0 13.0 11.0 10.0 11.0 10.0 7.0 17.0 9.0 10.0 9.0 9.0 9.0 10.0 13.0 26.0 20.0 18.0 18.0 13.0 14.0 12.0 8.0 13.0 12.0 10.0 12.0 14.0 10.0 10.0 8.0 10.0 10.0 10.0 9.0 10.0 9.0 9.0 12.0 21.0 20.0 17.0 14.0 18.0 14.0 13.0 8.0 17.0 12.0 13.0 12.0 12.0 11.0 11.0 8.0 9.0 10.0 10.0 10.0 11.0 10.0 10.0 10.0 32.0 19.0 19.0 12.0 28.0 14.0 12.0 10.0 35.0 18.0 14.0 15.0 13.0 12.0 13.0 8.0 50.0 42.0 10.0 9.0 10.0 10.0 10.0 7.0 11.0 9.0 9.0 10.0 10.0 22.0 10.0 12.0 34.0 26.0 17.0 13.0 27.0 14.0 12.0 9.0 23.0 15.0 13.0 13.0 12.0 13.0 17.0 8.0 9.0 9.0 10.0 11.0 10.0 11.0 9.0 7.0 10.0 9.0 9.0 10.0 9.0 9.0 9.0 12.0 34.0 24.0 18.0 15.0 13.0 14.0 12.0 8.0 48.0 13.0 13.0 12.0 12.0 12.0 11.0 8.0 9.0 9.0 10.0 9.0 10.0 43.0 11.0 13.0 20.0 18.0 17.0 13.0 18.0 13.0 12.0 8.0 12.0 12.0 12.0 11.0 13.0 11.0 11.0 8.0 42.0 10.0 10.0 10.0 9.0 10.0 10.0 12.0 34.0 24.0 18.0 13.0 24.0 14.0 13.0 9.0 37.0 13.0 20.0 13.0 12.0 11.0 11.0 8.0 46.0 9.0 9.0 10.0 10.0 10.0 10.0 8.0 10.0 9.0 11.0 10.0 9.0 10.0 10.0 11.0 24.0 20.0 17.0 15.0 14.0 17.0 12.0 8.0 10.0 10.0 10.0 10.0 9.0 9.0 10.0 8.0 9.0 11.0 10.0 9.0 10.0 9.0 20.0 14.0 21.0 19.0 17.0 14.0 16.0 14.0 13.0 8.0 10.0 12.0 10.0 10.0 10.0 10.0 9.0 7.0 9.0 9.0 10.0 9.0 9.0 9.0 9.0 11.0 44.0 18.0 17.0 13.0 20.0 13.0 12.0 9.0 22.0 19.0 12.0 13.0 20.0 12.0 12.0 7.0 46.0 47.0 9.0 10.0 10.0 10.0 10.0 7.0 10.0 9.0 10.0 10.0 10.0 9.0 10.0 12.0 25.0 18.0 17.0 17.0 24.0 14.0 13.0 9.0 36.0 15.0 13.0 13.0 12.0 14.0 12.0 8.0 10.0 45.0 10.0 10.0 9.0 10.0 10.0 8.0 40.0 9.0 10.0 9.0 12.0 10.0 9.0 12.0 25.0 19.0 17.0 15.0 25.0 13.0 12.0 7.0 11.0 10.0 10.0 10.0 10.0 16.0 33.0 8.0 9.0 9.0 10.0 9.0 9.0 10.0 9.0 13.0 25.0 18.0 18.0 14.0 19.0 14.0 13.0 8.0 9.0 10.0 10.0 10.0 10.0 10.0 10.0 7.0 10.0 9.0 10.0 9.0 10.0 10.0 10.0 14.0 22.0 19.0 17.0 14.0 18.0 13.0 13.0 8.0 11.0 11.0 12.0 12.0 11.0 11.0 11.0 7.0 24.0 10.0 13.0 9.0 9.0 10.0 10.0 11.0 32.0 19.0 16.0 14.0 27.0 14.0 11.0 9.0 28.0 17.0 15.0 14.0 16.0 18.0 12.0 8.0 10.0 10.0 10.0 10.0 9.0 45.0 10.0 7.0 9.0 17.0 10.0 9.0 9.0 9.0 9.0 13.0 22.0 20.0 18.0 19.0 15.0 15.0 12.0 8.0 10.0 12.0 11.0 11.0 10.0 11.0 10.0 7.0 10.0 9.0 10.0 10.0 12.0 9.0 34.0 13.0 34.0 27.0 17.0 14.0 32.0 14.0 12.0 9.0 13.0 12.0 12.0 13.0 12.0 16.0 11.0 7.0 9.0 10.0 10.0 9.0 10.0 9.0 10.0 14.0 21.0 20.0 18.0 18.0 35.0 15.0 13.0 7.0 10.0 12.0 11.0 11.0 10.0 11.0 10.0 8.0 10.0 10.0 10.0 10.0 10.0 10.0 10.0 13.0 301.0 38.0 51.0 25.0 46.0 26.0 37.0 10.0 56.0 64.0 47.0 12.0 30.0 28.0 13.0 10.0 12.0 78.0 22.0 10.0 22.0 12.0 23.0 15.0 49.0 23.0 24.0 28.0 13.0 51.0 14.0 9.0 26.0 14.0 13.0 13.0 12.0 15.0 12.0 8.0 36.0 10.0 11.0 10.0 11.0 11.0 11.0 13.0 165.0 19.0 17.0 15.0 23.0 14.0 13.0 8.0 13.0 12.0 12.0 12.0 12.0 12.0 11.0 7.0 10.0 10.0 10.0 10.0 19.0 9.0 9.0 14.0 31.0 19.0 17.0 19.0 14.0 14.0 12.0 7.0 12.0 12.0 11.0 11.0 10.0 19.0 11.0 7.0 10.0 10.0 9.0 10.0 10.0 9.0 10.0 14.0 22.0 20.0 17.0 18.0 18.0 15.0 12.0 8.0 10.0 11.0 51.0 11.0 11.0 10.0 10.0 7.0 11.0 10.0 10.0 10.0 10.0 9.0 10.0 10.0 20.0 18.0 13.0 12.0 12.0 13.0 12.0 9.0 21.0 18.0 16.0 14.0 16.0 21.0 52.0 8.0 13.0 10.0 10.0 9.0 19.0 10.0 9.0 7.0 23.0 10.0 10.0 10.0 11.0 9.0 13.0 13.0 21.0 19.0 17.0 19.0 18.0 13.0 12.0 7.0 15.0 11.0 11.0 11.0 11.0 18.0 10.0 7.0 9.0 9.0 9.0 10.0 10.0 19.0 10.0 13.0 29.0 20.0 17.0 19.0 22.0 13.0 13.0 8.0 10.0 11.0 11.0 12.0 10.0 10.0 15.0 7.0 9.0 10.0 9.0 9.0 9.0 9.0 9.0 12.0 20.0 18.0 17.0 15.0 12.0 14.0 12.0 8.0 10.0 10.0 10.0 9.0 10.0 10.0 10.0 7.0 9.0 9.0 9.0 45.0 42.0 9.0 42.0 11.0 33.0 23.0 25.0 12.0 28.0 14.0 13.0 9.0 23.0 18.0 15.0 13.0 15.0 13.0 12.0 7.0 148.0 11.0 9.0 9.0 9.0 10.0 9.0 7.0 9.0 10.0 9.0 9.0 9.0 10.0 15.0 10.0 20.0 18.0 13.0 13.0 27.0 17.0 12.0 10.0 41.0 17.0 17.0 14.0 16.0 13.0 12.0 7.0 10.0 10.0 9.0 15.0 9.0 10.0 10.0 7.0 9.0 10.0 10.0 10.0 10.0 10.0 9.0 11.0 33.0 19.0 17.0 14.0 28.0 15.0 12.0 9.0 29.0 16.0 15.0 13.0 13.0 12.0 11.0 7.0 10.0 9.0 10.0 9.0 10.0 9.0 9.0 8.0 10.0 9.0 9.0 17.0 10.0 9.0 9.0 14.0 22.0 19.0 17.0 13.0 12.0 13.0 12.0 8.0 11.0 10.0 10.0 10.0 10.0 10.0 10.0 7.0 9.0 9.0 10.0 10.0 10.0 10.0 10.0 11.0 20.0 19.0 17.0 15.0 13.0 13.0 13.0 7.0 9.0 10.0 9.0 10.0 10.0 10.0 10.0 8.0 22.0 10.0 10.0 10.0 9.0 9.0 9.0 14.0 21.0 19.0 17.0 14.0 16.0 14.0 12.0 8.0 135.0 11.0 11.0 11.0 11.0 11.0 11.0 7.0 11.0 10.0 9.0 9.0 10.0 10.0 9.0 11.0 32.0 18.0 17.0 14.0 56.0 14.0 13.0 9.0 19.0 14.0 12.0 13.0 12.0 12.0 11.0 7.0 9.0 10.0 10.0 9.0 10.0 9.0 9.0 7.0 10.0 9.0 9.0 9.0 10.0 9.0 10.0 12.0 65.0 19.0 17.0 14.0 24.0 14.0 12.0 9.0 12.0 13.0 12.0 12.0 11.0 12.0 11.0 7.0 10.0 9.0 10.0 10.0 9.0 10.0 9.0 13.0 44.0 20.0 17.0 14.0 14.0 13.0 13.0 8.0 9.0 11.0 11.0 10.0 16.0 10.0 10.0 7.0 9.0 11.0 10.0 9.0 10.0 10.0 9.0 13.0 34.0 19.0 17.0 14.0 16.0 26.0 13.0 8.0 9.0 13.0 10.0 11.0 10.0 10.0 14.0 7.0 10.0 10.0 9.0 9.0 9.0 10.0 10.0 13.0 21.0 19.0 18.0 14.0 16.0 14.0 15.0 8.0 10.0 10.0 10.0 9.0 10.0 10.0 10.0 8.0 47.0 19.0 10.0 9.0 10.0 10.0 9.0 14.0 21.0 21.0 19.0 14.0 17.0 14.0 13.0 8.0 11.0 12.0 11.0 11.0 11.0 10.0 11.0 8.0 9.0 9.0 10.0 9.0 9.0 9.0 10.0 13.0 22.0 21.0 19.0 13.0 15.0 15.0 13.0 8.0 19.0 11.0 10.0 10.0 16.0 10.0 10.0 8.0 13.0 10.0 10.0 9.0 11.0 10.0 10.0
49 47 1 TRACE 53.0 43.0 38.0 35.0 31.0 30.0 30.0 21.0 22.0 21.0 21.0 21.0 20.0 22.0 19.0 18.0 18.0 17.0 18.0 17.0 18.0 72.0 89.0 44.0 42.0 37.0 33.0 32.0 26.0 24.0 23.0 25.0 22.0 22.0 23.0 23.0 18.0 56.0 19.0 18.0 19.0 18.0 86.0 68.0 57.0 52.0 48.0 43.0 41.0 41.0 41.0 31.0 30.0 30.0 27.0 38.0 50.0 18.0 18.0 18.0 20.0 24.0 53.0 17.0 18.0 18.0 18.0 18.0 18.0 18.0 64.0 51.0 44.0 40.0 39.0 34.0 32.0 23.0 50.0 23.0 23.0 22.0 23.0 23.0 62.0 20.0 19.0 19.0 18.0 19.0 20.0 71.0 54.0 46.0 45.0 38.0 34.0 34.0 25.0 24.0 24.0 24.0 23.0 24.0 23.0 18.0 18.0 17.0 18.0 18.0 18.0 18.0 75.0 58.0 48.0 43.0 40.0 36.0 36.0 26.0 26.0 25.0 24.0 23.0 24.0 24.0 17.0 18.0 18.0 19.0 17.0 17.0 17.0 55.0 45.0 39.0 37.0 33.0 31.0 31.0 22.0 21.0 21.0 21.0 21.0 24.0 21.0 26.0 18.0 18.0 19.0 18.0 18.0 18.0 87.0 64.0 55.0 50.0 43.0 40.0 74.0 38.0 37.0 27.0 28.0 26.0 26.0 25.0 19.0 49.0 18.0 18.0 19.0 18.0 18.0 80.0 60.0 52.0 51.0 40.0 39.0 68.0 28.0 28.0 26.0 26.0 25.0 26.0 25.0 18.0 21.0 18.0 18.0 18.0 18.0 18.0 81.0 63.0 52.0 47.0 43.0 40.0 38.0 30.0 27.0 26.0 66.0 26.0 24.0 24.0 20.0 20.0 18.0 18.0 18.0 18.0 17.0 97.0 62.0 54.0 48.0 46.0 40.0 39.0 29.0 28.0 27.0 26.0 26.0 26.0 26.0 19.0 20.0 19.0 44.0 18.0 19.0 59.0 86.0 44.0 39.0 36.0 37.0 31.0 30.0 21.0 23.0 22.0 21.0 21.0 21.0 20.0 23.0 19.0 19.0 18.0 18.0 21.0 19.0 60.0 48.0 41.0 38.0 37.0 31.0 30.0 66.0 21.0 22.0 24.0 21.0 22.0 21.0 18.0 18.0 17.0 18.0 19.0 18.0 17.0 82.0 60.0 52.0 47.0 44.0 46.0 48.0 54.0 36.0 26.0 27.0 25.0 26.0 25.0 20.0 19.0 18.0 18.0 18.0 19.0 18.0 87.0 71.0 60.0 58.0 54.0 45.0 44.0 36.0 40.0 32.0 31.0 28.0 28.0 27.0 36.0 19.0 18.0 18.0 18.0 17.0 18.0 18.0 18.0 18.0 55.0 55.0 23.0 19.0 69.0 55.0 45.0 41.0 36.0 35.0 33.0 49.0 26.0 25.0 23.0 23.0 25.0 23.0 34.0 19.0 27.0 18.0 18.0 19.0 28.0 85.0 63.0 55.0 68.0 49.0 41.0 38.0 31.0 29.0 28.0 27.0 26.0 26.0 25.0 18.0 18.0 19.0 18.0 18.0 19.0 18.0 75.0 59.0 49.0 45.0 83.0 36.0 36.0 26.0 26.0 25.0 24.0 23.0 24.0 24.0 18.0 18.0 17.0 18.0 18.0 19.0 18.0 95.0 79.0 73.0 65.0 59.0 53.0 51.0 38.0 35.0 32.0 43.0 28.0 28.0 27.0 91.0 19.0 19.0 19.0 18.0 18.0 18.0 17.0 18.0 17.0 17.0 17.0 18.0 17.0 87.0 108.0 81.0 60.0 52.0 48.0 45.0 41.0 35.0 60.0 30.0 28.0 27.0 27.0 18.0 18.0 18.0 18.0 18.0 19.0 18.0 21.0 19.0 18.0 17.0 17.0 18.0 17.0 87.0 76.0 72.0 69.0 58.0 54.0 52.0 40.0 40.0 75.0 31.0 32.0 28.0 27.0 92.0 19.0 18.0 39.0 19.0 24.0 18.0 19.0 17.0 18.0 18.0 18.0 18.0 18.0 83.0 62.0 53.0 48.0 48.0 40.0 67.0 29.0 27.0 27.0 27.0 26.0 67.0 25.0 98.0 17.0 18.0 18.0 17.0 18.0 17.0 71.0 55.0 47.0 43.0 39.0 35.0 35.0 28.0 24.0 25.0 23.0 23.0 23.0 23.0 19.0 18.0 18.0 29.0 18.0 18.0 18.0 75.0 56.0 48.0 44.0 42.0 37.0 41.0 50.0 25.0 25.0 25.0 23.0 24.0 25.0 26.0 51.0 20.0 18.0 17.0 18.0 17.0 66.0 51.0 43.0 38.0 35.0 33.0 37.0 23.0 23.0 24.0 23.0 22.0 22.0 23.0 18.0 18.0 40.0 18.0 17.0 18.0 58.0 82.0 62.0 53.0 47.0 47.0 40.0 38.0 69.0 31.0 26.0 27.0 26.0 26.0 25.0 18.0 19.0 18.0 18.0 18.0 19.0 18.0 88.0 78.0 73.0 69.0 61.0 55.0 73.0 38.0 35.0 33.0 31.0 29.0 29.0 28.0 19.0 19.0 86.0 20.0 18.0 20.0 18.0 17.0 18.0 52.0 20.0 18.0 18.0 18.0 87.0 71.0 61.0 56.0 51.0 44.0 43.0 33.0 31.0 29.0 28.0 27.0 27.0 26.0 18.0 18.0 34.0 57.0 18.0 53.0 18.0 121.0 18.0 18.0 17.0 17.0 54.0 22.0 94.0 64.0 54.0 48.0 42.0 40.0 37.0 28.0 27.0 27.0 26.0 25.0 25.0 25.0 18.0 18.0 17.0 18.0 18.0 18.0 28.0 80.0 60.0 52.0 47.0 49.0 77.0 38.0 28.0 28.0 27.0 26.0 24.0 25.0 24.0 18.0 18.0 19.0 18.0 18.0 18.0 18.0 146.0 70.0 58.0 54.0 48.0 44.0 42.0 38.0 36.0 30.0 29.0 28.0 41.0 27.0 19.0 18.0 18.0 19.0 19.0 18.0 19.0 18.0 18.0 18.0 20.0 18.0 18.0 18.0 65.0 39.0 34.0 34.0 31.0 50.0 28.0 22.0 20.0 19.0 19.0 19.0 19.0 18.0 19.0 18.0 18.0 26.0 17.0 17.0 17.0 57.0 45.0 41.0 36.0 36.0 30.0 30.0 24.0 22.0 21.0 21.0 20.0 20.0 21.0 18.0 18.0 60.0 18.0 17.0 25.0 18.0 86.0 67.0 57.0 52.0 52.0 43.0 40.0 37.0 30.0 31.0 28.0 36.0 27.0 27.0 90.0 19.0 22.0 18.0 18.0 18.0 18.0 18.0 18.0 17.0 27.0 19.0 54.0 21.0 87.0 71.0 60.0 54.0 48.0 45.0 43.0 34.0 31.0 29.0 30.0 33.0 27.0 27.0 116.0 18.0 18.0 19.0 59.0 24.0 18.0 32.0 18.0 17.0 18.0 23.0 19.0 18.0 53.0 44.0 38.0 35.0 36.0 30.0 29.0 83.0 21.0 21.0 21.0 20.0 21.0 20.0 18.0 19.0 18.0 18.0 18.0 18.0 18.0 61.0 44.0 38.0 37.0 39.0 30.0 30.0 21.0 22.0 20.0 21.0 20.0 20.0 20.0 23.0 19.0 17.0 18.0 17.0 18.0 19.0 77.0 58.0 48.0 45.0 43.0 45.0 43.0 33.0 26.0 33.0 26.0 24.0 32.0 24.0 19.0 18.0 18.0 18.0 22.0 19.0 18.0 85.0 73.0 63.0 58.0 58.0 45.0 45.0 37.0 43.0 32.0 30.0 29.0 28.0 30.0 45.0 18.0 18.0 18.0 18.0 18.0 19.0 18.0 18.0 18.0 18.0 19.0 18.0 18.0 59.0 47.0 40.0 37.0 33.0 31.0 31.0 24.0 23.0 21.0 22.0 20.0 22.0 21.0 19.0 66.0 19.0 20.0 19.0 22.0 20.0 111.0 64.0 55.0 50.0 48.0 41.0 40.0 29.0 30.0 28.0 28.0 26.0 36.0 25.0 22.0 19.0 18.0 18.0 18.0 18.0 17.0 69.0 54.0 46.0 42.0 37.0 36.0 34.0 24.0 25.0 24.0 24.0 22.0 63.0 23.0 18.0 19.0 17.0 19.0 17.0 18.0 18.0 98.0 107.0 58.0 71.0 76.0 67.0 59.0 34.0 32.0 53.0 38.0 76.0 60.0 42.0 22.0 44.0 43.0 31.0 33.0 31.0 41.0 121.0 90.0 58.0 64.0 86.0 59.0 60.0 32.0 31.0 65.0 57.0 33.0 33.0 41.0 19.0 24.0 20.0 30.0 20.0 22.0 20.0 88.0 63.0 54.0 57.0 52.0 41.0 39.0 34.0 31.0 29.0 36.0 27.0 27.0 26.0 19.0 19.0 18.0 18.0 18.0 18.0 57.0 71.0 53.0 46.0 43.0 37.0 35.0 34.0 24.0 24.0 24.0 24.0 24.0 23.0 23.0 18.0 18.0 18.0 17.0 18.0 18.0 18.0 74.0 54.0 48.0 43.0 38.0 35.0 34.0 26.0 25.0 24.0 25.0 24.0 70.0 23.0 18.0 18.0 18.0 18.0 17.0 18.0 18.0 89.0 80.0 84.0 73.0 65.0 58.0 62.0 40.0 37.0 34.0 33.0 31.0 28.0 83.0 18.0 19.0 18.0 19.0 19.0 18.0 18.0 19.0 48.0 18.0 18.0 18.0 18.0 18.0 59.0 47.0 41.0 38.0 34.0 36.0 31.0 22.0 21.0 22.0 22.0 23.0 21.0 20.0 19.0 18.0 17.0 17.0 17.0 18.0 18.0 60.0 47.0 42.0 39.0 34.0 32.0 70.0 24.0 24.0 22.0 23.0 21.0 22.0 21.0 19.0 19.0 18.0 19.0 18.0 19.0 18.0 45.0 40.0 36.0 35.0 30.0 31.0 29.0 20.0 19.0 19.0 20.0 19.0 19.0 19.0 19.0 18.0 18.0 20.0 18.0 21.0 18.0 90.0 79.0 72.0 65.0 60.0 56.0 51.0 69.0 35.0 63.0 34.0 30.0 28.0 27.0 19.0 19.0 20.0 18.0 18.0 18.0 18.0 18.0 17.0 18.0 18.0 18.0 18.0 56.0 88.0 78.0 76.0 75.0 65.0 61.0 56.0 88.0 37.0 35.0 34.0 31.0 68.0 27.0 37.0 19.0 18.0 19.0 21.0 19.0 18.0 24.0 41.0 18.0 19.0 18.0 18.0 18.0 87.0 69.0 60.0 56.0 49.0 45.0 43.0 118.0 33.0 30.0 29.0 28.0 27.0 27.0 19.0 18.0 18.0 18.0 18.0 19.0 24.0 18.0 18.0 18.0 18.0 18.0 19.0 18.0 194.0 48.0 41.0 38.0 39.0 39.0 31.0 61.0 23.0 22.0 22.0 21.0 22.0 21.0 19.0 18.0 18.0 18.0 18.0 17.0 18.0 43.0 40.0 34.0 34.0 30.0 29.0 66.0 20.0 20.0 25.0 20.0 18.0 18.0 19.0 18.0 18.0 17.0 17.0 18.0 19.0 18.0 67.0 51.0 45.0 41.0 49.0 33.0 33.0 25.0 23.0 24.0 23.0 23.0 22.0 24.0 17.0 18.0 18.0 18.0 24.0 18.0 18.0 87.0 68.0 58.0 53.0 49.0 43.0 73.0 33.0 31.0 31.0 29.0 27.0 27.0 26.0 18.0 19.0 18.0 18.0 18.0 18.0 17.0 19.0 18.0 18.0 17.0 17.0 18.0 17.0 84.0 62.0 55.0 49.0 44.0 41.0 39.0 30.0 29.0 27.0 28.0 25.0 26.0 25.0 49.0 19.0 18.0 18.0 18.0 18.0 18.0 57.0 46.0 41.0 37.0 32.0 31.0 30.0 22.0 22.0 22.0 22.0 20.0 20.0 21.0 52.0 19.0 18.0 18.0 18.0 27.0 17.0 349.0 43.0 38.0 35.0 32.0 30.0 30.0 26.0 20.0 20.0 19.0 20.0 20.0 52.0 18.0 18.0 17.0 17.0 17.0 18.0 18.0 53.0 42.0 39.0 36.0 37.0 30.0 29.0 20.0 21.0 20.0 21.0 20.0 21.0 55.0 19.0 18.0 18.0 18.0 18.0 19.0 19.0 73.0 53.0 47.0 43.0 41.0 36.0 34.0 26.0 27.0 27.0 32.0 23.0 23.0 33.0 18.0 19.0 19.0 18.0 19.0 18.0 17.0 57.0 47.0 40.0 38.0 48.0 31.0 30.0 34.0 21.0 21.0 63.0 21.0 23.0 22.0 18.0 18.0 18.0 18.0 18.0 17.0 17.0
49 50 1 TRACE 133.0 30.0 142.0 44.0 29.0 27.0 91.0 99.0 78.0 85.0 64.0 1040.0 137.0 119.0 62.0 232.0 2323.0 110.0 271.0 158.0 84.0 132.0 30.0 144.0 49.0 75.0 275.0 94.0 36.0 31.0 55.0 167.0 124.0 27.0 70.0 214.0 27.0 86.0 223.0 58.0 320.0 179.0 97.0 178.0 189.0 76.0 26.0 129.0 231.0 84.0 90.0 207.0 140.0 137.0 199.0 215.0 109.0 185.0 195.0 126.0 67.0 42.0 139.0 97.0 40.0 64.0 143.0 47.0 79.0 91.0 157.0 114.0 59.0 280.0 81.0 28.0 201.0 102.0 66.0 99.0 88.0 125.0 136.0 62.0 2044.0 2083.0 97.0 83.0 55.0 26.0 87.0 102.0 86.0 60.0 151.0 98.0 85.0 159.0 100.0 76.0 26.0 144.0 66.0 110.0 93.0 107.0 54.0 84.0 28.0 28.0 55.0 63.0 28.0 28.0 95.0 76.0 107.0 199.0 57.0 145.0 170.0 59.0 153.0 65.0 210.0 350.0 27.0 149.0 87.0 201.0 45.0 71.0 68.0 168.0 53.0 43.0 189.0 273.0 140.0 149.0 123.0 412.0 82.0 136.0 76.0 79.0 178.0 29.0 102.0 109.0 27.0 78.0 145.0 32.0 109.0 109.0 127.0 78.0 31.0 171.0 86.0 112.0 147.0 155.0 31.0 178.0 135.0 114.0 59.0 131.0 538.0 149.0 55.0 118.0 253.0 194.0 107.0 153.0 122.0 78.0 72.0 139.0 78.0 220.0 1465.0 398.0 32.0 206.0 119.0 55.0 142.0 210.0 80.0 69.0 235.0 238.0 284.0 87.0 344.0 47.0 101.0 75.0 157.0 29.0 84.0 261.0 27.0 59.0
50 25 1 TRACE 29.0 18.0 19.0 27.0 20.0 18.0 17.0 19.0 21.0 20.0 21.0 18.0 70.0 46.0 17.0 19.0 18.0 28.0 21.0 21.0 18.0 22.0 22.0 22.0 19.0 27.0 22.0 19.0 22.0 19.0 17.0 18.0 18.0 18.0 53.0 20.0 21.0 19.0 136.0 60.0 19.0 19.0 49.0 22.0 58.0 20.0 82.0 20.0 19.0 25.0 19.0 24.0 58.0 21.0 19.0 60.0 135.0 18.0 25.0 23.0 21.0 27.0 56.0 26.0
50 41 1 TRACE 9.0 9.0 8.0 8.0 9.0 9.0 8.0 9.0 9.0 9.0 8.0 9.0 9.0 9.0 9.0 8.0 9.0 9.0 9.0 9.0 8.0 8.0 8.0 9.0 8.0 8.0 8.0 9.0 9.0 9.0 8.0 8.0 9.0 8.0 8.0 9.0 8.0 9.0 9.0 9.0 8.0 9.0 9.0 8.0 8.0 8.0 8.0 9.0 9.0 9.0 9.0 9.0 8.0 9.0 9.0 9.0 9.0 9.0 10.0 9.0 9.0 8.0 8.0 8.0 8.0 8.0 9.0 9.0 9.0 9.0 9.0 8.0 9.0 8.0 8.0 9.0 8.0 9.0 9.0 8.0 11.0 9.0 8.0 8.0 9.0 8.0 8.0 9.0 8.0 9.0 11.0 8.0 8.0 9.0 8.0 9.0 20.0 11.0 10.0 8.0 9.0 8.0 9.0 9.0 8.0 9.0 9.0 9.0 9.0 9.0 9.0 9.0 9.0 9.0 8.0 8.0 9.0 9.0 8.0 8.0 8.0 9.0 9.0 9.0 8.0 9.0 9.0 8.0 8.0 8.0 9.0 9.0 9.0 9.0 9.0 9.0 9.0 9.0 8.0 8.0 9.0 8.0 9.0 8.0
51 52 1 TRACE 239.0 239.0 207.0 210.0 207.0 258.0 211.0 210.0 206.0 222.0 206.0 219.0 232.0 212.0 209.0 215.0 206.0 226.0 210.0 214.0 206.0 206.0 205.0 207.0 206.0 207.0 207.0 207.0 213.0 216.0 206.0 207.0 210.0 205.0 205.0 205.0 210.0 203.0 206.0 205.0 204.0 215.0 305.0 245.0 400.0 209.0 212.0 203.0 211.0 589.0 207.0 206.0 204.0 205.0 207.0 219.0 205.0 204.0 208.0 233.0 210.0 209.0 205.0 210.0
52 53 1 TRACE 43.0 43.0 26.0 31.0 31.0 31.0 52.0 61.0 33.0 63.0 27.0 31.0 34.0 66.0 35.0 60.0 68.0 43.0 27.0 36.0 61.0 26.0 27.0 26.0 74.0 67.0 40.0 59.0 61.0 56.0 53.0 26.0 34.0 34.0 44.0 32.0 30.0 112.0 37.0 34.0 26.0 54.0 115.0 71.0 224.0 64.0 63.0 31.0 63.0 108.0 66.0 57.0 72.0 27.0 32.0 49.0 147.0 33.0 37.0 94.0 62.0 53.0 63.0 55.0
53 54 1 TRACE 30.0 14.0 19.0 17.0 21.0 14.0 31.0 24.0 32.0 42.0 19.0 14.0 28.0 13.0 20.0 14.0 21.0 23.0 55.0 21.0 43.0 20.0 16.0 15.0 17.0 13.0 18.0 27.0 19.0 13.0 24.0 14.0 20.0 18.0 20.0 16.0 18.0 48.0 19.0 29.0 28.0 24.0 16.0 52.0 16.0 24.0 25.0 14.0 20.0 23.0 60.0 26.0 17.0 19.0 22.0 24.0 22.0 15.0 17.0 17.0 29.0 22.0 24.0 25.0
54 55 1 TRACE 82.0 31.0 30.0 31.0 31.0 30.0 31.0 32.0 33.0 42.0 31.0 31.0 31.0 31.0 30.0 31.0 31.0 31.0 32.0 30.0 32.0 31.0 32.0 31.0 32.0 31.0 31.0 31.0 32.0 31.0 31.0 31.0 32.0 31.0 30.0 30.0 31.0 18.0 31.0 31.0 32.0 30.0 19.0 20.0 18.0 30.0 31.0 33.0 32.0 18.0 31.0 31.0 31.0 31.0 42.0 30.0 19.0 30.0 31.0 19.0 31.0 31.0 31.0 31.0
55 56 1 TRACE 21.0 25.0 8.0 8.0 7.0 8.0 8.0 8.0 8.0 18.0 8.0 8.0 8.0 7.0 7.0 8.0 8.0 8.0 8.0 8.0 8.0 7.0 8.0 8.0 8.0 8.0 7.0 8.0 8.0 7.0 7.0 8.0 8.0 7.0 7.0 8.0 8.0 7.0 8.0 8.0 8.0 7.0 7.0 8.0 7.0 8.0 8.0 8.0 8.0 7.0 19.0 8.0 8.0 8.0 7.0 7.0 7.0 7.0 7.0 7.0 8.0 8.0 8.0 8.0
56 57 1 TRACE 10.0 20.0 7.0 7.0 8.0 7.0 7.0 7.0 18.0 7.0 7.0 7.0 7.0 19.0 8.0 8.0 23.0 7.0 19.0 8.0 22.0 8.0 23.0 7.0 18.0 7.0 8.0 7.0 18.0 8.0 8.0 7.0 7.0 7.0 8.0 7.0 7.0 7.0 7.0 7.0 7.0 8.0 7.0 8.0 6.0 8.0 8.0 20.0 18.0 7.0 18.0 7.0 19.0 8.0 8.0 8.0 7.0 8.0 8.0 7.0 18.0 7.0 7.0 7.0
57 58 1 TRACE 22.0 8.0 7.0 8.0 7.0 18.0 8.0 23.0 8.0 6.0 7.0 8.0 8.0 26.0 7.0 8.0 18.0 18.0 7.0 7.0 17.0 7.0 18.0 10.0 7.0 18.0 7.0 8.0 7.0 7.0 7.0 8.0 7.0 8.0 7.0 7.0 7.0 7.0 8.0 8.0 7.0 19.0 8.0 7.0 7.0 19.0 18.0 7.0 19.0 7.0 7.0 8.0 8.0 8.0 7.0 7.0 6.0 7.0 7.0 7.0 7.0 28.0 7.0 8.0
58 59 1 TRACE 15.0 19.0 9.0 8.0 8.0 21.0 8.0 19.0 19.0 8.0 9.0 8.0 20.0 21.0 8.0 8.0 19.0 9.0 18.0 8.0 19.0 8.0 8.0 9.0 7.0 8.0 8.0 20.0 19.0 8.0 19.0 8.0 9.0 8.0 8.0 8.0 8.0 8.0 8.0 9.0 8.0 8.0 9.0 9.0 7.0 8.0 8.0 18.0 7.0 7.0 8.0 8.0 8.0 8.0 8.0 8.0 8.0 8.0 8.0 7.0 8.0 19.0 8.0 19.0
59 60 1 TRACE 8.0 19.0 8.0 7.0 8.0 18.0 7.0 18.0 19.0 19.0 8.0 7.0 7.0 7.0 7.0 19.0 7.0 8.0 19.0 8.0 8.0 8.0 18.0 7.0 7.0 8.0 8.0 19.0 18.0 18.0 20.0 7.0 8.0 7.0 19.0 8.0 8.0 7.0 7.0 7.0 8.0 19.0 8.0 7.0 7.0 19.0 19.0 19.0 7.0 7.0 19.0 19.0 19.0 7.0 8.0 24.0 7.0 7.0 7.0 7.0 19.0 23.0 19.0 19.0
60 61 1 TRACE 7.0 7.0 7.0 8.0 7.0 7.0 19.0 7.0 7.0 7.0 7.0 7.0 18.0 7.0 8.0 7.0 7.0 8.0 7.0 8.0 8.0 7.0 7.0 8.0 7.0 8.0 8.0 18.0 7.0 18.0 18.0 8.0 7.0 7.0 19.0 7.0 7.0 26.0 7.0 7.0 7.0 18.0 20.0 8.0 19.0 18.0 18.0 8.0 7.0 19.0 8.0 18.0 7.0 7.0 8.0 18.0 19.0 8.0 7.0 19.0 10.0 8.0 18.0 18.0
61 62 1 TRACE 7.0 8.0 8.0 7.0 7.0 7.0 7.0 7.0 7.0 7.0 7.0 18.0 7.0 7.0 18.0 7.0 7.0 7.0 7.0 7.0 7.0 7.0 7.0 7.0 7.0 8.0 7.0 7.0 7.0 8.0 7.0 8.0 18.0 7.0 18.0 7.0 7.0 7.0 8.0 8.0 7.0 7.0 7.0 7.0 7.0 7.0 8.0 8.0 7.0 7.0 8.0 7.0 7.0 8.0 7.0 7.0 8.0 8.0 18.0 7.0 7.0 7.0 8.0 7.0
62 1 1 TRACE 36.0 23.0 44.0 21.0 34.0 22.0 21.0 23.0 24.0 21.0 43.0 33.0 21.0 22.0 21.0 21.0 21.0 20.0 23.0 31.0 21.0 42.0 23.0 28.0 21.0 22.0 44.0 21.0 21.0 22.0 20.0 42.0 34.0 44.0 21.0 21.0 44.0 23.0 43.0 33.0 44.0 21.0 45.0 34.0 22.0 21.0 20.0 22.0 22.0 21.0 21.0 21.0 21.0 42.0 44.0 21.0 35.0 20.0 21.0 22.0 39.0 25.0 21.0
