0 1 CONSTANT 8.0
1 1 CONSTANT 8.0
2 1 CONSTANT 0.0
3 1 CONSTANT 8.0
4 1 CONSTANT 8.0
5 1 CONSTANT 8.0
6 1 CONSTANT 8.0
7 1 CONSTANT 8.0
8 1 CONSTANT 8.0
9 1 CONSTANT 0.0
10 1 CONSTANT 0.0
11 1 CONSTANT 0.0
12 1 CONSTANT 0.0
13 1 CONSTANT 8.0
14 1 CONSTANT 4.0
15 1 CONSTANT 4.0
16 1 CONSTANT 0.0
17 1 CONSTANT 0.0
18 1 CONSTANT 0.0
19 1 CONSTANT 0.0
20 1 CONSTANT 4.0
21 1 CONSTANT 8.0
22 1 CONSTANT 8.0
23 1 CONSTANT 8.0
24 1 CONSTANT 8.0
25 1 CONSTANT 4.0
26 1 CONSTANT 4.0
27 1 CONSTANT 8.0
28 1 TRACE 0.0 8.0 4.0 0.0 0.0 4.0 0.0 28.0 0.0 0.0 0.0 16.0 4.0 0.0 28.0 0.0 0.0 4.0 0.0 0.0 8.0 0.0 0.0 0.0 0.0 0.0 8.0 0.0 0.0 12.0 0.0 0.0 24.0 0.0 4.0 20.0 0.0 16.0 4.0 0.0 0.0 0.0 4.0 4.0 0.0 0.0 8.0 0.0 0.0 4.0 4.0 0.0 0.0 0.0 0.0 0.0 12.0 0.0 16.0 0.0 0.0 0.0 0.0 0.0 8.0 0.0 0.0 28.0 0.0 0.0 16.0 0.0 0.0 4.0 0.0 4.0 4.0 0.0 0.0 4.0 0.0 0.0 4.0 0.0 0.0 0.0 0.0 8.0 0.0 4.0 8.0 4.0 0.0 0.0 0.0 0.0 0.0 24.0 0.0 0.0 0.0 0.0 12.0 4.0 4.0 0.0 0.0 0.0 0.0 4.0 0.0 0.0 4.0 0.0 4.0 0.0 0.0 0.0 0.0 0.0 0.0 4.0 0.0 0.0 0.0 0.0 28.0 0.0 0.0 4.0 0.0 0.0 32.0 0.0 0.0 4.0 0.0 0.0 4.0 0.0 0.0 4.0 0.0 0.0 4.0 4.0 8.0 4.0 0.0 8.0 4.0 0.0 0.0 4.0 0.0 4.0 4.0 0.0 4.0 4.0 0.0 4.0 24.0 0.0 4.0 4.0 0.0 0.0 4.0 0.0 8.0 0.0 0.0 0.0 8.0 0.0 0.0 8.0 0.0 0.0 24.0 0.0 4.0 4.0 0.0 0.0 12.0 0.0 0.0
29 1 CONSTANT 4.0
30 1 TRACE 0.0 8.0 4.0 0.0 0.0 4.0 0.0 28.0 0.0 0.0 0.0 16.0 4.0 0.0 28.0 0.0 0.0 4.0 0.0 0.0 8.0 0.0 0.0 0.0 0.0 0.0 8.0 0.0 0.0 12.0 0.0 0.0 24.0 0.0 4.0 20.0 0.0 16.0 4.0 0.0 0.0 0.0 4.0 4.0 0.0 0.0 8.0 0.0 0.0 4.0 4.0 0.0 0.0 0.0 0.0 0.0 12.0 0.0 16.0 0.0 0.0 0.0 0.0 0.0 8.0 0.0 0.0 28.0 0.0 0.0 16.0 0.0 0.0 4.0 0.0 4.0 4.0 0.0 0.0 4.0 0.0 0.0 4.0 0.0 0.0 0.0 0.0 8.0 0.0 4.0 8.0 4.0 0.0 0.0 0.0 0.0 0.0 24.0 0.0 0.0 0.0 0.0 12.0 4.0 4.0 0.0 0.0 0.0 0.0 4.0 0.0 0.0 4.0 0.0 4.0 0.0 0.0 0.0 0.0 0.0 0.0 4.0 0.0 0.0 0.0 0.0 28.0 0.0 0.0 4.0 0.0 0.0 32.0 0.0 0.0 4.0 0.0 0.0 4.0 0.0 0.0 4.0 0.0 0.0 4.0 4.0 8.0 4.0 0.0 8.0 4.0 0.0 0.0 4.0 0.0 4.0 4.0 0.0 4.0 4.0 0.0 4.0 24.0 0.0 4.0 4.0 0.0 0.0 4.0 0.0 8.0 0.0 0.0 0.0 8.0 0.0 0.0 8.0 0.0 0.0 24.0 0.0 4.0 4.0 0.0 0.0 12.0 0.0 0.0
31 1 CONSTANT 8.0
32 1 CONSTANT 8.0
33 1 CONSTANT 4.0
34 1 CONSTANT 0.0
35 1 CONSTANT 0.0
36 1 CONSTANT 8.0
37 1 CONSTANT 8.0
38 1 CONSTANT 8.0
39 1 TRACE 8.0 0.0 0.0 8.0 0.0 0.0 8.0 0.0 0.0 8.0 0.0 0.0 8.0 0.0 0.0 8.0 0.0 0.0 8.0 0.0 0.0 8.0 0.0 0.0 8.0 0.0 0.0 8.0 0.0 0.0 8.0 0.0 0.0 8.0 0.0 0.0 8.0 0.0 0.0 0.0 8.0 8.0 0.0 0.0 8.0 8.0 0.0 0.0 8.0 0.0 0.0 8.0 0.0 0.0 8.0 0.0 0.0 8.0 0.0 0.0 0.0 0.0 8.0 0.0 0.0 8.0 0.0 0.0 8.0 0.0 0.0 8.0 0.0 0.0 8.0 0.0 0.0 8.0 0.0 0.0 8.0 0.0 0.0 8.0 0.0 0.0 8.0 0.0 0.0 8.0 0.0 0.0 8.0 0.0 0.0 8.0 0.0 0.0 0.0 0.0 8.0 8.0 0.0 0.0 8.0 0.0 0.0 8.0 0.0 0.0 8.0 0.0 0.0 8.0 0.0 0.0 8.0 0.0 0.0 8.0 0.0 0.0 0.0 0.0 8.0 0.0 0.0 8.0 0.0 0.0 8.0 0.0 0.0 8.0 0.0 0.0 8.0 0.0 0.0 8.0 0.0 0.0 8.0 0.0 0.0 8.0 0.0 0.0 8.0 0.0 0.0 8.0 0.0 0.0 8.0 0.0 0.0 8.0 0.0 0.0 8.0 0.0 0.0 8.0 0.0 0.0 8.0 0.0 0.0 8.0 0.0 0.0 8.0 0.0 0.0 8.0 0.0 0.0 8.0 0.0 0.0 8.0 0.0 0.0 8.0 0.0 0.0 8.0 0.0
40 1 CONSTANT 8.0
41 1 CONSTANT 8.0
42 1 CONSTANT 8.0
43 1 CONSTANT 240.0
44 1 CONSTANT 232.0
45 1 CONSTANT 8.0
46 1 CONSTANT 240.0
47 1 CONSTANT 4.0
48 1 TRACE 12192.0 4400.0 2496.0 1968.0 1248.0 160.0 208.0 160.0 176.0 112.0 0.0 0.0 0.0 0.0 0.0 11120.0 4176.0 2384.0 1968.0 1296.0 96.0 160.0 144.0 112.0 48.0 0.0 0.0 0.0 0.0 0.0 9616.0 4288.0 2480.0 1952.0 1152.0 112.0 64.0 64.0 96.0 112.0 0.0 0.0 0.0 0.0 0.0 12352.0 4736.0 2448.0 1840.0 1376.0 1920.0 1536.0 1392.0 1168.0 608.0 0.0 0.0 0.0 16.0 16.0 12000.0 4624.0 2544.0 2048.0 1456.0 2320.0 1744.0 1536.0 1168.0 800.0 32.0 0.0 48.0 16.0 0.0 14016.0 4512.0 2496.0 1728.0 1280.0 272.0 384.0 352.0 432.0 240.0 0.0 0.0 0.0 0.0 0.0 14496.0 5072.0 2720.0 2016.0 1296.0 864.0 784.0 784.0 672.0 400.0 0.0 0.0 0.0 0.0 0.0 4848.0 2864.0 1600.0 1504.0 816.0 7632.0 3680.0 2272.0 1664.0 1104.0 96.0 48.0 80.0 16.0 48.0 0.0 0.0 0.0 0.0 0.0 14336.0 4640.0 2768.0 2112.0 1152.0 1152.0 1168.0 976.0 768.0 480.0 0.0 0.0 0.0 0.0 0.0 14960.0 4784.0 2736.0 1968.0 1312.0 640.0 592.0 544.0 544.0 352.0 0.0 0.0 0.0 0.0 0.0 11840.0 4608.0 2512.0 2128.0 1408.0 2704.0 1840.0 1616.0 1104.0 800.0 16.0 0.0 0.0 0.0 0.0 13296.0 5360.0 3024.0 2016.0 1312.0 1760.0 1568.0 1392.0 992.0 688.0 0.0 0.0 0.0 0.0 0.0 8848.0 3872.0 2416.0 1792.0 1168.0 96.0 80.0 80.0 48.0 48.0 0.0 0.0 0.0 0.0 0.0 10272.0 5008.0 3328.0 2928.0 1760.0 4912.0 2832.0 2000.0 1344.0 1024.0 16.0 32.0 32.0 16.0 16.0 0.0 0.0 0.0 0.0 0.0 8672.0 3888.0 2432.0 1808.0 1136.0 112.0 64.0 48.0 32.0 64.0 0.0 0.0 0.0 0.0 0.0 8128.0 3680.0 2400.0 1600.0 1056.0 80.0 80.0 64.0 80.0 64.0 0.0 0.0 0.0 0.0 0.0 14672.0 4800.0 2880.0 2128.0 1360.0 416.0 528.0 400.0 352.0 256.0 0.0 0.0 0.0 0.0 0.0 14416.0 4688.0 2720.0 2048.0 1216.0 336.0 416.0 384.0 336.0 240.0 0.0 0.0 0.0 0.0 0.0 14192.0 4640.0 2640.0 2096.0 1264.0 1344.0 1248.0 1104.0 768.0 576.0 0.0 0.0 0.0 16.0 0.0 9008.0 3952.0 2272.0 1824.0 1056.0 112.0 128.0 80.0 64.0 96.0 0.0 0.0 0.0 0.0 0.0 4240.0 3040.0 1488.0 864.0 800.0 7584.0 3328.0 2384.0 1808.0 1072.0 64.0 96.0 48.0 16.0 32.0 0.0 0.0 0.0 0.0 0.0 14592.0 4688.0 2736.0 2064.0 1376.0 784.0 688.0 752.0 608.0 384.0 0.0 0.0 0.0 0.0 0.0 13008.0 5040.0 3248.0 2400.0 1520.0 2144.0 1680.0 1344.0 976.0 624.0 16.0 0.0 0.0 0.0 0.0 11904.0 4608.0 2624.0 2000.0 1376.0 2400.0 2144.0 1504.0 1248.0 784.0 0.0 0.0 32.0 0.0 0.0 14976.0 4992.0 2656.0 2192.0 1376.0 880.0 896.0 864.0 624.0 432.0 0.0 0.0 0.0 0.0 0.0 12624.0 4288.0 2528.0 1968.0 1264.0 224.0 144.0 192.0 144.0 144.0 0.0 0.0 0.0 0.0 0.0 11984.0 4320.0 2528.0 1776.0 1184.0 144.0 128.0 176.0 192.0 64.0 0.0 0.0 0.0 0.0 0.0 14736.0 4640.0 2656.0 1856.0 1280.0 304.0 512.0 448.0 464.0 208.0 0.0 0.0 0.0 0.0 0.0 14064.0 4848.0 2672.0 2048.0 1248.0 240.0 208.0 288.0 272.0 240.0 0.0 0.0 0.0 0.0 0.0 13104.0 4336.0 2608.0 2016.0 1296.0 192.0 160.0 208.0 176.0 80.0 0.0 0.0 0.0 0.0 0.0 12976.0 4640.0 2512.0 1888.0 1216.0 176.0 224.0 208.0 208.0 128.0 0.0 0.0 0.0 0.0 0.0 8736.0 4640.0 2624.0 2368.0 1584.0 5296.0 2976.0 2032.0 1488.0 912.0 48.0 32.0 48.0 32.0 16.0 0.0 0.0 0.0 0.0 0.0 11344.0 4224.0 2560.0 2112.0 1264.0 2576.0 1984.0 1552.0 1248.0 768.0 16.0 16.0 0.0 0.0 0.0 4576.0 2384.0 1328.0 1152.0 1056.0 7936.0 3536.0 2320.0 1760.0 1072.0 112.0 48.0 64.0 48.0 48.0 0.0 0.0 0.0 0.0 0.0 10416.0 4112.0 2496.0 1952.0 1232.0 144.0 112.0 96.0 96.0 48.0 0.0 0.0 0.0 0.0 0.0 4224.0 2560.0 2176.0 1376.0 816.0 8032.0 3632.0 2240.0 1760.0 1056.0 96.0 64.0 48.0 64.0 32.0 0.0 0.0 0.0 0.0 0.0 11616.0 4144.0 2512.0 1952.0 1296.0 128.0 160.0 128.0 96.0 64.0 0.0 0.0 0.0 0.0 0.0 10720.0 4224.0 2448.0 2000.0 1168.0 80.0 112.0 128.0 64.0 112.0 0.0 0.0 0.0 0.0 0.0 12160.0 4352.0 2560.0 1824.0 1200.0 208.0 192.0 208.0 224.0 144.0 0.0 0.0 0.0 0.0 0.0 8560.0 3760.0 2224.0 1696.0 1360.0 4752.0 2816.0 2096.0 1520.0 912.0 16.0 16.0 32.0 16.0 32.0 0.0 0.0 0.0 0.0 0.0 14832.0 4672.0 2528.0 1984.0 1168.0 512.0 512.0 496.0 464.0 304.0 0.0 0.0 0.0 0.0 0.0 4928.0 2832.0 1648.0 880.0 672.0 6976.0 3424.0 2352.0 1856.0 1024.0 64.0 64.0 48.0 32.0 64.0 0.0 0.0 0.0 0.0 0.0 13152.0 5856.0 2960.0 2480.0 1488.0 2144.0 1888.0 1392.0 1056.0 608.0 16.0 0.0 16.0 0.0 0.0 13792.0 4832.0 2736.0 2000.0 1184.0 208.0 272.0 240.0 224.0 176.0 0.0 0.0 0.0 0.0 0.0 12144.0 4896.0 2784.0 1920.0 1392.0 2464.0 1824.0 1584.0 1136.0 768.0 16.0 32.0 0.0 16.0 0.0 12736.0 4576.0 2592.0 1936.0 1200.0 176.0 160.0 208.0 224.0 128.0 0.0 0.0 0.0 0.0 0.0 14096.0 4704.0 2560.0 2096.0 1168.0 208.0 192.0 320.0 176.0 256.0 0.0 0.0 0.0 0.0 0.0 14688.0 4624.0 2336.0 2096.0 1312.0 384.0 528.0 528.0 368.0 240.0 0.0 0.0 0.0 0.0 0.0 12240.0 4608.0 2560.0 2016.0 1216.0 160.0 128.0 160.0 144.0 144.0 0.0 0.0 0.0 0.0 0.0 11184.0 4160.0 2544.0 1888.0 1216.0 112.0 96.0 176.0 128.0 80.0 0.0 0.0 0.0 0.0 0.0 10768.0 4096.0 2400.0 1840.0 1104.0 144.0 128.0 128.0 96.0 96.0 0.0 0.0 0.0 0.0 0.0 12608.0 4560.0 2624.0 2032.0 1216.0 128.0 192.0 144.0 160.0 160.0 0.0 0.0 0.0 0.0 0.0 14528.0 4784.0 2640.0 2096.0 1296.0 400.0 416.0 384.0 272.0 208.0 0.0 0.0 0.0 0.0 0.0 10208.0 4208.0 2368.0 1872.0 1168.0 96.0 112.0 144.0 64.0 96.0 0.0 0.0 0.0 0.0 0.0 12432.0 5264.0 3168.0 2352.0 1680.0 2480.0 1872.0 1488.0 1072.0 672.0 0.0 16.0 16.0 16.0 16.0 13760.0 4400.0 2720.0 1920.0 1296.0 272.0 256.0 240.0 240.0 112.0 0.0 0.0 0.0 0.0 0.0 14176.0 4704.0 2480.0 1744.0 1216.0 320.0 368.0 432.0 384.0 256.0 0.0 0.0 0.0 0.0 0.0 9872.0 4240.0 2544.0 1936.0 1168.0 64.0 80.0 80.0 80.0 96.0 0.0 0.0 0.0 0.0 0.0 14688.0 4640.0 2624.0 2000.0 1328.0 416.0 464.0 496.0 368.0 272.0 0.0 0.0 0.0 0.0 0.0 14352.0 4448.0 2864.0 2128.0 1328.0 1120.0 1104.0 944.0 752.0 512.0 0.0 0.0 0.0 0.0 0.0 13184.0 4896.0 2624.0 2224.0 1392.0 1680.0 1696.0 1328.0 1040.0 672.0 16.0 0.0 16.0 0.0 16.0 12384.0 4656.0 2544.0 1984.0 1184.0 192.0 176.0 240.0 128.0 112.0 0.0 0.0 0.0 0.0 0.0 14592.0 4784.0 2608.0 2112.0 1280.0 352.0 336.0 400.0 336.0 256.0 0.0 0.0 0.0 0.0 0.0 11120.0 4976.0 2608.0 1984.0 1376.0 2944.0 2144.0 1664.0 1168.0 768.0 16.0 0.0 16.0 16.0 16.0 0.0 0.0 0.0 0.0 0.0
49 1 TRACE 240.0 240.0 240.0 240.0 8.0 240.0 240.0 240.0 240.0 8.0 240.0 240.0 240.0 240.0 8.0 240.0 240.0 240.0 240.0 8.0 240.0 240.0 240.0 240.0 8.0 240.0 240.0 240.0 240.0 8.0 240.0 240.0 240.0 240.0 8.0 240.0 240.0 240.0 240.0 8.0 240.0 240.0 240.0 240.0 8.0 240.0 240.0 240.0 240.0 8.0 240.0 240.0 240.0 240.0 8.0 240.0 240.0 240.0 240.0 8.0 240.0 240.0 240.0 240.0 8.0 240.0 240.0 240.0 240.0 8.0 240.0 240.0 240.0 240.0 8.0 240.0 240.0 240.0 240.0 8.0 240.0 240.0 240.0 240.0 8.0 240.0 240.0 240.0 240.0 8.0 240.0 240.0 240.0 240.0 8.0 240.0 240.0 240.0 240.0 8.0 240.0 240.0 240.0 240.0 8.0 240.0 240.0 240.0 240.0 8.0 240.0 240.0 240.0 240.0 8.0 240.0 240.0 240.0 240.0 8.0 240.0 240.0 240.0 240.0 8.0 240.0 240.0 240.0 240.0 8.0 240.0 240.0 240.0 240.0 8.0 240.0 240.0 240.0 240.0 8.0 240.0 240.0 240.0 240.0 8.0 240.0 240.0 240.0 240.0 8.0 240.0 240.0 240.0 240.0 8.0 240.0 240.0 240.0 240.0 8.0 240.0 240.0 240.0 240.0 8.0 240.0 240.0 240.0 240.0 8.0 240.0 240.0 240.0 240.0 8.0 240.0 240.0 240.0 240.0 8.0 240.0 240.0 240.0 240.0 8.0 240.0 240.0 240.0 240.0 8.0 240.0 240.0 240.0 240.0 8.0 240.0 240.0 240.0 240.0 8.0 240.0 240.0 240.0 240.0 8.0 240.0 240.0 240.0 240.0 8.0 240.0 240.0 240.0 240.0 8.0 240.0 240.0 240.0 240.0 8.0 240.0 240.0 240.0 240.0 8.0 240.0 240.0 240.0 240.0 8.0 240.0 240.0 240.0 240.0 8.0 240.0 240.0 240.0 240.0 8.0 240.0 240.0 240.0 240.0 8.0 240.0 240.0 240.0 240.0 8.0 240.0 240.0 240.0 240.0 8.0 240.0 240.0 240.0 240.0 8.0 240.0 240.0 240.0 240.0 8.0 240.0 240.0 240.0 240.0 8.0 240.0 240.0 240.0 240.0 8.0 240.0 240.0 240.0 240.0 8.0 240.0 240.0 240.0 240.0 8.0 240.0 240.0 240.0 240.0 8.0 240.0 240.0 240.0 240.0 8.0 240.0 240.0 240.0 240.0 8.0 240.0 240.0 240.0 240.0 8.0 240.0 240.0 240.0 240.0 8.0 240.0 240.0 240.0 240.0 8.0 240.0 240.0 240.0 240.0 8.0 240.0 240.0 240.0 240.0 8.0 240.0 240.0 240.0 240.0 8.0 240.0 240.0 240.0 240.0 8.0 240.0 240.0 240.0 240.0 8.0 240.0 240.0 240.0 240.0 8.0 240.0 240.0 240.0 240.0 8.0 240.0 240.0 240.0 240.0 8.0 240.0 240.0 240.0 240.0 8.0 240.0 240.0 240.0 240.0 8.0 240.0 240.0 240.0 240.0 8.0 240.0 240.0 240.0 240.0 8.0 240.0 240.0 240.0 240.0 8.0 240.0 240.0 240.0 240.0 8.0 240.0 240.0 240.0 240.0 8.0 240.0 240.0 240.0 240.0 8.0 240.0 240.0 240.0 240.0 8.0 240.0 240.0 240.0 240.0 8.0 240.0 240.0 240.0 240.0 8.0 240.0 240.0 240.0 240.0 8.0 240.0 240.0 240.0 240.0 8.0 240.0 240.0 240.0 240.0 8.0 240.0 240.0 240.0 240.0 8.0 240.0 240.0 240.0 240.0 8.0 240.0 240.0 240.0 240.0 8.0 240.0 240.0 240.0 240.0 8.0 240.0 240.0 240.0 240.0 8.0 240.0 240.0 240.0 240.0 8.0 240.0 240.0 240.0 240.0 8.0 240.0 240.0 240.0 240.0 8.0 240.0 240.0 240.0 240.0 8.0 240.0 240.0 240.0 240.0 8.0 240.0 240.0 240.0 240.0 8.0 240.0 240.0 240.0 240.0 8.0 240.0 240.0 240.0 240.0 8.0 240.0 240.0 240.0 240.0 8.0 240.0 240.0 240.0 240.0 8.0 240.0 240.0 240.0 240.0 8.0 240.0 240.0 240.0 240.0 8.0 240.0 240.0 240.0 240.0 8.0 240.0 240.0 240.0 240.0 8.0 240.0 240.0 240.0 240.0 8.0 240.0 240.0 240.0 240.0 8.0 240.0 240.0 240.0 240.0 8.0 240.0 240.0 240.0 240.0 8.0 240.0 240.0 240.0 240.0 8.0 240.0 240.0 240.0 240.0 8.0 240.0 240.0 240.0 240.0 8.0 240.0 240.0 240.0 240.0 8.0 240.0 240.0 240.0 240.0 8.0 240.0 240.0 240.0 240.0 8.0 240.0 240.0 240.0 240.0 8.0 240.0 240.0 240.0 240.0 8.0 240.0 240.0 240.0 240.0 8.0 240.0 240.0 240.0 240.0 8.0 240.0 240.0 240.0 240.0 8.0 240.0 240.0 240.0 240.0 8.0 240.0 240.0 240.0 240.0 8.0 240.0 240.0 240.0 240.0 8.0 240.0 240.0 240.0 240.0 8.0 240.0 240.0 240.0 240.0 8.0 240.0 240.0 240.0 240.0 8.0 240.0 240.0 240.0 240.0 8.0 240.0 240.0 240.0 240.0 8.0 240.0 240.0 240.0 240.0 8.0 240.0 240.0 240.0 240.0 8.0 240.0 240.0 240.0 240.0 8.0 240.0 240.0 240.0 240.0 8.0 240.0 240.0 240.0 240.0 8.0 240.0 240.0 240.0 240.0 8.0 240.0 240.0 240.0 240.0 8.0 240.0 240.0 240.0 240.0 8.0 240.0 240.0 240.0 240.0 8.0 240.0 240.0 240.0 240.0 8.0 240.0 240.0 240.0 240.0 8.0 240.0 240.0 240.0 240.0 8.0 240.0 240.0 240.0 240.0 8.0 240.0 240.0 240.0 240.0 8.0 240.0 240.0 240.0 240.0 8.0 240.0 240.0 240.0 240.0 8.0 240.0 240.0 240.0 240.0 8.0 240.0 240.0 240.0 240.0 8.0 240.0 240.0 240.0 240.0 8.0 240.0 240.0 240.0 240.0 8.0 240.0 240.0 240.0 240.0 8.0 240.0 240.0 240.0 240.0 8.0 240.0 240.0 240.0 240.0 8.0 240.0 240.0 240.0 240.0 8.0 240.0 240.0 240.0 240.0 8.0 240.0 240.0 240.0 240.0 8.0 240.0 240.0 240.0 240.0 8.0 240.0 240.0 240.0 240.0 8.0 240.0 240.0 240.0 240.0 8.0 240.0 240.0 240.0 240.0 8.0 240.0 240.0 240.0 240.0 8.0 240.0 240.0 240.0 240.0 8.0 240.0 240.0 240.0 240.0 8.0 240.0 240.0 240.0 240.0 8.0 240.0 240.0 240.0 240.0 8.0 240.0 240.0 240.0 240.0 8.0 240.0 240.0 240.0 240.0 8.0 240.0 240.0 240.0 240.0 8.0 240.0 240.0 240.0 240.0 8.0 240.0 240.0 240.0 240.0 8.0 240.0 240.0 240.0 240.0 8.0 240.0 240.0 240.0 240.0 8.0 240.0 240.0 240.0 240.0 8.0 240.0 240.0 240.0 240.0 8.0 240.0 240.0 240.0 240.0 8.0 240.0 240.0 240.0 240.0 8.0 240.0 240.0 240.0 240.0 8.0 240.0 240.0 240.0 240.0 8.0 240.0 240.0 240.0 240.0 8.0 240.0 240.0 240.0 240.0 8.0 240.0 240.0 240.0 240.0 8.0 240.0 240.0 240.0 240.0 8.0 240.0 240.0 240.0 240.0 8.0 240.0 240.0 240.0 240.0 8.0 240.0 240.0 240.0 240.0 8.0 240.0 240.0 240.0 240.0 8.0 240.0 240.0 240.0 240.0 8.0 240.0 240.0 240.0 240.0 8.0 240.0 240.0 240.0 240.0 8.0 240.0 240.0 240.0 240.0 8.0 240.0 240.0 240.0 240.0 8.0 240.0 240.0 240.0 240.0 8.0 240.0 240.0 240.0 240.0 8.0 240.0 240.0 240.0 240.0 8.0 240.0 240.0 240.0 240.0 8.0 240.0 240.0 240.0 240.0 8.0 240.0 240.0 240.0 240.0 8.0 240.0 240.0 240.0 240.0 8.0 240.0 240.0 240.0 240.0 8.0 240.0 240.0 240.0 240.0 8.0 240.0 240.0 240.0 240.0 8.0 240.0 240.0 240.0 240.0 8.0 240.0 240.0 240.0 240.0 8.0 240.0 240.0 240.0 240.0 8.0
50 1 TRACE 8.0 8.0 8.0 8.0 8.0 8.0 8.0 8.0 8.0 8.0 8.0 8.0 8.0 8.0 8.0 8.0 8.0 8.0 8.0 8.0 8.0 8.0 8.0 8.0 8.0 8.0 8.0 8.0 8.0 8.0 8.0 8.0 8.0 8.0 8.0 8.0 8.0 8.0 8.0 8.0 8.0 8.0 8.0 0.0 8.0 8.0 8.0 8.0 8.0 8.0 8.0 8.0 8.0 8.0 8.0 8.0 8.0 8.0 8.0 8.0 8.0 8.0 8.0 8.0 8.0 8.0 8.0 8.0 8.0 8.0 8.0 8.0 8.0 8.0 8.0 8.0 8.0 8.0 8.0 8.0 8.0 8.0 8.0 8.0 8.0 8.0 8.0 8.0 8.0 8.0 8.0 8.0 8.0 8.0 8.0 8.0 8.0 8.0 8.0 8.0 8.0 8.0 8.0 8.0 8.0 8.0 8.0 8.0 8.0 8.0 8.0 8.0 8.0 8.0 8.0 8.0 8.0 8.0 8.0 8.0 8.0 8.0 8.0 8.0 8.0 8.0 8.0 8.0 8.0 8.0 8.0 8.0 8.0 8.0 8.0 8.0 8.0 8.0 8.0 8.0 8.0 8.0 8.0 8.0 8.0 8.0 8.0 8.0 8.0 8.0 8.0 8.0 8.0 8.0 8.0 8.0 8.0 8.0 8.0 8.0 8.0 8.0 8.0 8.0 8.0 8.0 8.0 8.0 8.0 8.0 8.0 8.0 8.0 8.0 8.0 8.0 8.0 8.0 8.0 8.0 8.0 8.0 8.0 8.0 8.0 8.0 8.0 8.0 8.0 8.0 8.0 8.0 8.0 8.0 8.0 8.0 8.0 8.0 8.0 8.0 0.0
51 1 CONSTANT 8.0
52 1 CONSTANT 8.0
53 1 CONSTANT 8.0
54 1 CONSTANT 0.0
55 1 CONSTANT 0.0
56 1 CONSTANT 0.0
57 1 CONSTANT 0.0
58 1 CONSTANT 0.0
59 1 CONSTANT 0.0
60 1 CONSTANT 0.0
61 1 CONSTANT 0.0
62 1 CONSTANT 8.0
