0 1 CONSTANT 8.0
1 1 CONSTANT 8.0
2 1 CONSTANT 0.0
3 1 CONSTANT 8.0
4 1 CONSTANT 8.0
5 1 CONSTANT 8.0
6 1 CONSTANT 8.0
7 1 CONSTANT 8.0
8 1 CONSTANT 8.0
9 1 CONSTANT 0.0
10 1 CONSTANT 0.0
11 1 CONSTANT 0.0
12 1 CONSTANT 0.0
13 1 CONSTANT 8.0
14 1 CONSTANT 4.0
15 1 CONSTANT 4.0
16 1 CONSTANT 0.0
17 1 CONSTANT 0.0
18 1 CONSTANT 0.0
19 1 CONSTANT 0.0
20 1 CONSTANT 4.0
21 1 CONSTANT 8.0
22 1 CONSTANT 8.0
23 1 CONSTANT 8.0
24 1 CONSTANT 8.0
25 1 CONSTANT 4.0
26 1 CONSTANT 4.0
27 1 CONSTANT 8.0
28 1 TRACE 0.0 8.0 4.0 0.0 4.0 4.0 0.0 0.0 8.0 0.0 0.0 0.0 0.0 4.0 0.0 8.0 0.0 0.0 4.0 0.0 4.0 0.0 0.0 0.0 8.0 0.0 0.0 8.0 0.0 0.0 0.0 0.0 8.0 0.0 0.0 0.0 0.0 0.0 0.0 0.0 0.0 24.0 0.0 0.0 0.0 0.0 0.0 0.0 0.0 0.0 0.0 4.0 8.0 0.0 0.0 0.0 0.0 0.0 0.0 12.0 0.0 0.0 8.0 0.0 0.0 12.0 0.0 8.0 0.0 0.0 0.0 0.0 4.0 0.0 0.0 0.0 16.0 4.0 0.0 0.0 4.0 0.0 0.0 4.0 0.0 0.0 0.0 0.0 0.0 0.0 0.0 8.0 4.0 0.0 8.0 0.0 4.0 0.0 0.0 0.0 4.0 0.0 0.0 12.0 0.0 0.0 8.0 4.0 0.0 0.0 0.0 16.0 0.0 4.0 0.0 4.0 0.0 0.0 0.0 8.0 0.0 0.0 20.0 0.0 0.0 0.0 4.0 4.0 0.0 0.0 0.0 0.0 4.0 0.0 0.0 4.0 0.0 0.0 0.0 0.0 0.0 0.0 0.0 0.0 4.0 0.0 0.0 0.0 0.0 0.0 16.0 0.0 4.0 8.0 0.0 0.0 8.0 0.0 0.0 0.0 0.0 0.0 0.0 0.0 8.0 0.0 0.0 8.0 0.0 0.0 8.0 0.0 0.0 16.0 0.0 0.0 0.0 0.0 0.0 8.0 0.0 4.0 0.0 0.0 0.0 12.0 0.0 0.0 12.0
29 1 CONSTANT 4.0
30 1 TRACE 0.0 8.0 4.0 0.0 4.0 4.0 0.0 0.0 8.0 0.0 0.0 0.0 0.0 4.0 0.0 8.0 0.0 0.0 4.0 0.0 4.0 0.0 0.0 0.0 8.0 0.0 0.0 8.0 0.0 0.0 0.0 0.0 8.0 0.0 0.0 0.0 0.0 0.0 0.0 0.0 0.0 24.0 0.0 0.0 0.0 0.0 0.0 0.0 0.0 0.0 0.0 4.0 8.0 0.0 0.0 0.0 0.0 0.0 0.0 12.0 0.0 0.0 8.0 0.0 0.0 12.0 0.0 8.0 0.0 0.0 0.0 0.0 4.0 0.0 0.0 0.0 16.0 4.0 0.0 0.0 4.0 0.0 0.0 4.0 0.0 0.0 0.0 0.0 0.0 0.0 0.0 8.0 4.0 0.0 8.0 0.0 4.0 0.0 0.0 0.0 4.0 0.0 0.0 12.0 0.0 0.0 8.0 4.0 0.0 0.0 0.0 16.0 0.0 4.0 0.0 4.0 0.0 0.0 0.0 8.0 0.0 0.0 20.0 0.0 0.0 0.0 4.0 4.0 0.0 0.0 0.0 0.0 4.0 0.0 0.0 4.0 0.0 0.0 0.0 0.0 0.0 0.0 0.0 0.0 4.0 0.0 0.0 0.0 0.0 0.0 16.0 0.0 4.0 8.0 0.0 0.0 8.0 0.0 0.0 0.0 0.0 0.0 0.0 0.0 8.0 0.0 0.0 8.0 0.0 0.0 8.0 0.0 0.0 16.0 0.0 0.0 0.0 0.0 0.0 8.0 0.0 4.0 0.0 0.0 0.0 12.0 0.0 0.0 12.0
31 1 CONSTANT 8.0
32 1 CONSTANT 8.0
33 1 CONSTANT 4.0
34 1 CONSTANT 0.0
35 1 CONSTANT 0.0
36 1 CONSTANT 8.0
37 1 CONSTANT 8.0
38 1 CONSTANT 8.0
39 1 TRACE 8.0 0.0 0.0 8.0 0.0 0.0 8.0 8.0 0.0 0.0 8.0 0.0 0.0 8.0 0.0 0.0 8.0 0.0 0.0 8.0 0.0 0.0 8.0 0.0 0.0 8.0 0.0 0.0 8.0 0.0 8.0 0.0 0.0 8.0 0.0 0.0 8.0 0.0 0.0 8.0 8.0 0.0 0.0 8.0 0.0 0.0 8.0 8.0 0.0 0.0 8.0 0.0 0.0 8.0 0.0 0.0 8.0 8.0 0.0 0.0 8.0 0.0 0.0 8.0 0.0 0.0 8.0 0.0 0.0 8.0 0.0 8.0 0.0 0.0 8.0 8.0 0.0 0.0 8.0 0.0 0.0 8.0 0.0 0.0 8.0 0.0 0.0 8.0 0.0 8.0 0.0 0.0 8.0 0.0 0.0 8.0 0.0 0.0 8.0 0.0 0.0 8.0 0.0 0.0 8.0 0.0 0.0 8.0 0.0 8.0 0.0 0.0 8.0 0.0 8.0 0.0 0.0 8.0 0.0 0.0 8.0 0.0 0.0 8.0 0.0 8.0 0.0 0.0 8.0 0.0 8.0 0.0 0.0 8.0 0.0 0.0 8.0 0.0 0.0 8.0 8.0 0.0 8.0 0.0 0.0 8.0 0.0 0.0 8.0 0.0 0.0 8.0 0.0 0.0 8.0 0.0 0.0 8.0 0.0 8.0 0.0 0.0 8.0 0.0 0.0 8.0 0.0 0.0 8.0 0.0 0.0 8.0 0.0 0.0 8.0 0.0 0.0 8.0 0.0 0.0 8.0 0.0 0.0 8.0 0.0 0.0 8.0 0.0 0.0
40 1 CONSTANT 8.0
41 1 CONSTANT 8.0
42 1 CONSTANT 8.0
43 1 CONSTANT 232.0
44 1 CONSTANT 224.0
45 1 CONSTANT 8.0
46 1 CONSTANT 232.0
47 1 CONSTANT 4.0
48 1 TRACE 10160.0 3872.0 2704.0 1584.0 1136.0 1104.0 1024.0 128.0 144.0 96.0 128.0 112.0 176.0 80.0 0.0 0.0 0.0 0.0 0.0 0.0 0.0 11264.0 4016.0 3120.0 1680.0 1504.0 1296.0 1168.0 80.0 192.0 48.0 144.0 96.0 208.0 80.0 16.0 0.0 0.0 0.0 0.0 0.0 0.0 8080.0 3648.0 2624.0 1584.0 1152.0 1152.0 1056.0 80.0 96.0 16.0 64.0 48.0 112.0 64.0 0.0 0.0 0.0 0.0 0.0 0.0 0.0 11488.0 4336.0 3136.0 1888.0 1520.0 1312.0 1152.0 112.0 176.0 128.0 144.0 64.0 208.0 112.0 0.0 0.0 0.0 0.0 0.0 0.0 0.0 13472.0 4800.0 3168.0 2176.0 1584.0 1424.0 1120.0 560.0 512.0 544.0 336.0 288.0 448.0 384.0 16.0 0.0 0.0 0.0 0.0 0.0 0.0 9328.0 3696.0 2768.0 1616.0 1168.0 1136.0 992.0 64.0 128.0 80.0 80.0 80.0 160.0 96.0 0.0 0.0 0.0 0.0 0.0 0.0 0.0 10032.0 3952.0 2784.0 1712.0 1264.0 1264.0 1056.0 64.0 160.0 80.0 96.0 80.0 80.0 80.0 0.0 0.0 0.0 0.0 0.0 0.0 0.0 12432.0 4704.0 3024.0 1776.0 1424.0 1296.0 1200.0 208.0 224.0 160.0 192.0 160.0 304.0 112.0 16.0 0.0 0.0 0.0 0.0 0.0 0.0 13600.0 4720.0 3104.0 1904.0 1472.0 1424.0 1136.0 496.0 320.0 448.0 368.0 448.0 272.0 288.0 0.0 0.0 0.0 0.0 0.0 0.0 0.0 11344.0 5504.0 3488.0 2512.0 1984.0 1552.0 1392.0 2128.0 1264.0 1328.0 928.0 896.0 800.0 832.0 16.0 32.0 0.0 0.0 0.0 16.0 0.0 0.0 0.0 0.0 0.0 0.0 0.0 0.0 12640.0 4656.0 3312.0 1792.0 1552.0 1392.0 1152.0 224.0 240.0 176.0 208.0 160.0 224.0 192.0 16.0 0.0 0.0 0.0 0.0 0.0 0.0 9280.0 5248.0 3792.0 2864.0 2512.0 1776.0 1536.0 3968.0 2272.0 2016.0 1248.0 992.0 960.0 1024.0 48.0 32.0 16.0 16.0 0.0 48.0 16.0 0.0 0.0 0.0 0.0 0.0 0.0 0.0 9728.0 6656.0 4592.0 3952.0 2928.0 2448.0 2208.0 4320.0 2336.0 1920.0 1168.0 1008.0 944.0 896.0 48.0 48.0 0.0 16.0 0.0 32.0 32.0 0.0 0.0 0.0 0.0 0.0 0.0 0.0 8032.0 3488.0 2480.0 1472.0 1200.0 1136.0 1008.0 48.0 112.0 32.0 32.0 32.0 80.0 48.0 0.0 0.0 0.0 0.0 0.0 0.0 0.0 8704.0 3552.0 2640.0 1536.0 1168.0 1136.0 1008.0 48.0 112.0 48.0 80.0 64.0 112.0 80.0 0.0 0.0 0.0 0.0 0.0 0.0 0.0 11296.0 4272.0 3072.0 1776.0 1456.0 1264.0 1088.0 96.0 128.0 112.0 128.0 96.0 240.0 144.0 0.0 0.0 0.0 0.0 0.0 0.0 0.0 13808.0 4752.0 3344.0 2000.0 1568.0 1264.0 1136.0 416.0 464.0 368.0 400.0 352.0 432.0 416.0 16.0 16.0 0.0 0.0 0.0 0.0 0.0 11600.0 4368.0 3152.0 1936.0 1392.0 1280.0 1200.0 128.0 192.0 80.0 96.0 112.0 192.0 96.0 0.0 0.0 0.0 0.0 0.0 0.0 0.0 13008.0 5008.0 3056.0 2272.0 1712.0 1440.0 1072.0 928.0 752.0 752.0 592.0 576.0 576.0 608.0 16.0 0.0 0.0 0.0 0.0 0.0 0.0 11984.0 5408.0 3584.0 3008.0 2096.0 1648.0 1248.0 1520.0 1136.0 976.0 672.0 736.0 688.0 704.0 16.0 16.0 0.0 0.0 0.0 0.0 0.0 13312.0 5248.0 3520.0 1936.0 1776.0 1440.0 1232.0 912.0 624.0 496.0 512.0 496.0 528.0 432.0 16.0 0.0 0.0 0.0 0.0 0.0 0.0 10544.0 3840.0 2720.0 1648.0 1280.0 1184.0 1088.0 96.0 208.0 80.0 112.0 112.0 128.0 80.0 0.0 0.0 0.0 0.0 0.0 0.0 0.0 9440.0 5936.0 4240.0 3536.0 2576.0 2080.0 1808.0 4048.0 2064.0 1984.0 1136.0 992.0 1072.0 928.0 16.0 32.0 0.0 16.0 0.0 16.0 16.0 0.0 0.0 0.0 0.0 0.0 0.0 0.0 12128.0 4224.0 3072.0 1792.0 1440.0 1248.0 1120.0 176.0 240.0 160.0 224.0 112.0 176.0 160.0 0.0 0.0 0.0 0.0 0.0 0.0 0.0 11280.0 4176.0 2992.0 1904.0 1360.0 1264.0 1104.0 128.0 144.0 64.0 96.0 80.0 176.0 160.0 0.0 0.0 0.0 0.0 0.0 0.0 0.0 11552.0 4112.0 3056.0 1760.0 1264.0 1136.0 1056.0 192.0 256.0 128.0 112.0 144.0 224.0 128.0 0.0 0.0 0.0 0.0 0.0 0.0 0.0 13088.0 5136.0 3264.0 2192.0 1664.0 1488.0 1056.0 1120.0 736.0 736.0 528.0 576.0 544.0 592.0 0.0 0.0 0.0 0.0 0.0 0.0 0.0 10032.0 6192.0 4224.0 3392.0 2544.0 2400.0 1744.0 3312.0 1920.0 1808.0 1152.0 960.0 944.0 912.0 32.0 16.0 0.0 0.0 16.0 32.0 16.0 0.0 0.0 0.0 0.0 0.0 0.0 0.0 10192.0 4704.0 2960.0 2000.0 1952.0 1408.0 1216.0 2448.0 1408.0 1424.0 1024.0 880.0 864.0 832.0 16.0 32.0 0.0 0.0 0.0 16.0 0.0 0.0 0.0 0.0 0.0 0.0 0.0 0.0 13152.0 4928.0 3168.0 2240.0 1600.0 1504.0 1056.0 848.0 624.0 752.0 608.0 560.0 528.0 608.0 16.0 0.0 0.0 0.0 0.0 0.0 0.0 13632.0 4832.0 3104.0 2080.0 1568.0 1488.0 1152.0 560.0 544.0 464.0 416.0 480.0 336.0 352.0 16.0 0.0 0.0 0.0 0.0 0.0 0.0 9904.0 3904.0 3024.0 1632.0 1312.0 1216.0 1136.0 64.0 112.0 16.0 80.0 32.0 160.0 80.0 0.0 0.0 0.0 0.0 0.0 0.0 0.0 13520.0 4528.0 3152.0 1888.0 1504.0 1232.0 1104.0 416.0 400.0 368.0 272.0 320.0 304.0 288.0 16.0 0.0 0.0 0.0 0.0 0.0 0.0 12944.0 5408.0 3456.0 2288.0 1824.0 1568.0 1248.0 960.0 720.0 688.0 560.0 576.0 512.0 512.0 16.0 0.0 0.0 0.0 0.0 0.0 0.0 13696.0 4752.0 3376.0 2016.0 1632.0 1440.0 1280.0 624.0 432.0 368.0 496.0 336.0 336.0 288.0 0.0 0.0 0.0 0.0 0.0 0.0 0.0 9856.0 5456.0 4032.0 2912.0 2464.0 1952.0 1424.0 3184.0 1856.0 1712.0 992.0 912.0 960.0 896.0 16.0 16.0 0.0 0.0 16.0 0.0 0.0 0.0 0.0 0.0 0.0 0.0 0.0 0.0 11552.0 5376.0 3440.0 2496.0 1952.0 1552.0 1136.0 1760.0 992.0 1072.0 752.0 688.0 784.0 784.0 16.0 16.0 0.0 0.0 0.0 0.0 0.0 7936.0 4880.0 3504.0 2240.0 1968.0 1616.0 1504.0 4592.0 2512.0 2064.0 1312.0 1056.0 1120.0 976.0 48.0 48.0 16.0 0.0 0.0 64.0 0.0 0.0 0.0 0.0 0.0 0.0 0.0 0.0 6656.0 3264.0 2512.0 1328.0 1120.0 1168.0 1024.0 48.0 64.0 16.0 48.0 0.0 64.0 16.0 0.0 0.0 0.0 0.0 0.0 0.0 0.0 13536.0 4560.0 3024.0 1840.0 1520.0 1248.0 1136.0 544.0 432.0 464.0 336.0 400.0 336.0 384.0 16.0 0.0 0.0 0.0 0.0 0.0 0.0 11712.0 5456.0 3616.0 2896.0 2160.0 1728.0 1408.0 1920.0 1280.0 1264.0 800.0 800.0 752.0 704.0 16.0 16.0 0.0 0.0 0.0 0.0 0.0 10784.0 5088.0 3328.0 2608.0 2112.0 1728.0 1296.0 2128.0 1456.0 1360.0 896.0 752.0 848.0 816.0 16.0 32.0 0.0 0.0 0.0 16.0 0.0 0.0 0.0 0.0 0.0 0.0 0.0 0.0 11344.0 4080.0 2992.0 1728.0 1296.0 1152.0 1040.0 208.0 208.0 128.0 128.0 144.0 224.0 128.0 0.0 0.0 0.0 0.0 0.0 0.0 0.0 9648.0 5872.0 3568.0 3056.0 2240.0 1888.0 1328.0 3568.0 1920.0 1744.0 1152.0 912.0 976.0 976.0 16.0 16.0 0.0 0.0 0.0 0.0 0.0 0.0 0.0 0.0 0.0 0.0 0.0 0.0 12176.0 4656.0 3120.0 1968.0 1440.0 1248.0 1072.0 176.0 176.0 224.0 144.0 144.0 256.0 176.0 0.0 0.0 0.0 0.0 0.0 0.0 0.0 11328.0 4176.0 3056.0 1760.0 1456.0 1248.0 1136.0 96.0 160.0 48.0 112.0 128.0 208.0 128.0 16.0 0.0 0.0 0.0 0.0 0.0 0.0 13280.0 4688.0 3280.0 1904.0 1664.0 1312.0 1216.0 336.0 288.0 192.0 304.0 192.0 240.0 192.0 0.0 0.0 0.0 0.0 0.0 0.0 0.0 9264.0 5248.0 3696.0 3248.0 2304.0 1936.0 1552.0 3744.0 2256.0 1712.0 1072.0 1024.0 1008.0 864.0 16.0 16.0 0.0 16.0 0.0 16.0 16.0 0.0 0.0 0.0 0.0 0.0 0.0 0.0 13440.0 4576.0 2976.0 1840.0 1376.0 1280.0 1136.0 320.0 320.0 368.0 256.0 224.0 400.0 272.0 0.0 0.0 0.0 0.0 0.0 0.0 0.0 6096.0 3648.0 2384.0 1616.0 1248.0 1008.0 928.0 4784.0 2656.0 2192.0 1408.0 1344.0 1216.0 1056.0 32.0 32.0 0.0 16.0 16.0 16.0 0.0 0.0 0.0 0.0 0.0 0.0 0.0 0.0 11184.0 5056.0 3744.0 2464.0 1760.0 1728.0 1360.0 1952.0 1360.0 1216.0 912.0 816.0 784.0 768.0 16.0 16.0 0.0 0.0 0.0 0.0 0.0 12624.0 4624.0 3168.0 1856.0 1536.0 1376.0 1200.0 256.0 224.0 240.0 176.0 144.0 240.0 160.0 16.0 0.0 0.0 0.0 0.0 0.0 0.0 13520.0 4752.0 3040.0 1904.0 1536.0 1328.0 1104.0 432.0 304.0 288.0 304.0 224.0 320.0 256.0 0.0 0.0 0.0 0.0 0.0 0.0 0.0 8000.0 4624.0 3184.0 2832.0 2224.0 1680.0 1280.0 4144.0 2400.0 1984.0 1152.0 1040.0 1088.0 960.0 16.0 16.0 0.0 0.0 0.0 0.0 0.0 0.0 0.0 0.0 0.0 0.0 0.0 0.0 10448.0 4192.0 3024.0 1776.0 1376.0 1280.0 1104.0 128.0 144.0 96.0 80.0 80.0 192.0 128.0 0.0 0.0 0.0 0.0 0.0 0.0 0.0 11584.0 4896.0 3296.0 2256.0 1760.0 1616.0 1264.0 1584.0 1232.0 1088.0 832.0 800.0 688.0 768.0 16.0 16.0 0.0 0.0 0.0 0.0 0.0 13376.0 4800.0 3104.0 1872.0 1536.0 1344.0 1104.0 480.0 352.0 512.0 368.0 304.0 352.0 368.0 16.0 0.0 0.0 0.0 0.0 0.0 0.0 12656.0 4736.0 3072.0 1744.0 1360.0 1280.0 1200.0 256.0 208.0 160.0 224.0 224.0 320.0 144.0 16.0 0.0 0.0 0.0 0.0 0.0 0.0 11600.0 5936.0 3472.0 2752.0 2080.0 1664.0 1392.0 1968.0 1184.0 1328.0 816.0 848.0 848.0 752.0 16.0 32.0 0.0 0.0 0.0 16.0 0.0 9200.0 3792.0 2960.0 1648.0 1344.0 1280.0 1104.0 32.0 64.0 32.0 96.0 64.0 112.0 64.0 0.0 0.0 0.0 0.0 0.0 0.0 0.0 12880.0 4352.0 3008.0 1840.0 1472.0 1200.0 1088.0 336.0 336.0 256.0 256.0 256.0 256.0 240.0 16.0 0.0 0.0 0.0 0.0 0.0 0.0 9200.0 3888.0 2880.0 1712.0 1344.0 1216.0 1168.0 48.0 96.0 16.0 48.0 64.0 112.0 64.0 0.0 0.0 0.0 0.0 0.0 0.0 0.0 13664.0 4880.0 3184.0 2128.0 1488.0 1296.0 1168.0 736.0 624.0 640.0 384.0 448.0 464.0 480.0 16.0 16.0 0.0 0.0 0.0 0.0 0.0 12272.0 5280.0 3712.0 2368.0 1760.0 1344.0 1328.0 1440.0 992.0 1136.0 720.0 624.0 880.0 672.0 16.0 16.0 0.0 0.0 0.0 0.0 0.0
49 1 TRACE 240.0 240.0 232.0 240.0 240.0 240.0 8.0 240.0 240.0 232.0 240.0 240.0 240.0 8.0 240.0 240.0 232.0 240.0 240.0 240.0 8.0 240.0 240.0 232.0 240.0 240.0 240.0 8.0 240.0 240.0 232.0 240.0 240.0 240.0 8.0 240.0 240.0 232.0 240.0 240.0 240.0 8.0 240.0 240.0 232.0 240.0 240.0 240.0 8.0 240.0 240.0 232.0 240.0 240.0 240.0 8.0 240.0 240.0 232.0 240.0 240.0 240.0 8.0 240.0 240.0 232.0 240.0 240.0 240.0 8.0 240.0 240.0 232.0 240.0 240.0 240.0 8.0 240.0 240.0 232.0 240.0 240.0 240.0 8.0 240.0 240.0 232.0 240.0 240.0 240.0 8.0 240.0 240.0 232.0 240.0 240.0 240.0 8.0 240.0 240.0 232.0 240.0 240.0 240.0 8.0 240.0 240.0 232.0 240.0 240.0 240.0 8.0 240.0 240.0 232.0 240.0 240.0 240.0 8.0 240.0 240.0 232.0 240.0 240.0 240.0 8.0 240.0 240.0 232.0 240.0 240.0 240.0 8.0 240.0 240.0 232.0 240.0 240.0 240.0 8.0 240.0 240.0 232.0 240.0 240.0 240.0 8.0 240.0 240.0 232.0 240.0 240.0 240.0 8.0 240.0 240.0 232.0 240.0 240.0 240.0 8.0 240.0 240.0 232.0 240.0 240.0 240.0 8.0 240.0 240.0 232.0 240.0 240.0 240.0 8.0 240.0 240.0 232.0 240.0 240.0 240.0 8.0 240.0 240.0 232.0 240.0 240.0 240.0 8.0 240.0 240.0 232.0 240.0 240.0 240.0 8.0 240.0 240.0 232.0 240.0 240.0 240.0 8.0 240.0 240.0 232.0 240.0 240.0 240.0 8.0 240.0 240.0 232.0 240.0 240.0 240.0 8.0 240.0 240.0 232.0 240.0 240.0 240.0 8.0 240.0 240.0 232.0 240.0 240.0 240.0 8.0 240.0 240.0 232.0 240.0 240.0 240.0 8.0 240.0 240.0 232.0 240.0 240.0 240.0 8.0 240.0 240.0 232.0 240.0 240.0 240.0 8.0 240.0 240.0 232.0 240.0 240.0 240.0 8.0 240.0 240.0 232.0 240.0 240.0 240.0 8.0 240.0 240.0 232.0 240.0 240.0 240.0 8.0 240.0 240.0 232.0 240.0 240.0 240.0 8.0 240.0 240.0 232.0 240.0 240.0 240.0 8.0 240.0 240.0 232.0 240.0 240.0 240.0 8.0 240.0 240.0 232.0 240.0 240.0 240.0 8.0 240.0 240.0 232.0 240.0 240.0 240.0 8.0 240.0 240.0 232.0 240.0 240.0 240.0 8.0 240.0 240.0 232.0 240.0 240.0 240.0 8.0 240.0 240.0 232.0 240.0 240.0 240.0 8.0 240.0 240.0 232.0 240.0 240.0 240.0 8.0 240.0 240.0 232.0 240.0 240.0 240.0 8.0 240.0 240.0 232.0 240.0 240.0 240.0 8.0 240.0 240.0 232.0 240.0 240.0 240.0 8.0 240.0 240.0 232.0 240.0 240.0 240.0 8.0 240.0 240.0 232.0 240.0 240.0 240.0 8.0 240.0 240.0 232.0 240.0 240.0 240.0 8.0 240.0 240.0 232.0 240.0 240.0 240.0 8.0 240.0 240.0 232.0 240.0 240.0 240.0 8.0 240.0 240.0 232.0 240.0 240.0 240.0 8.0 240.0 240.0 232.0 240.0 240.0 240.0 8.0 240.0 240.0 232.0 240.0 240.0 240.0 8.0 240.0 240.0 232.0 240.0 240.0 240.0 8.0 240.0 240.0 232.0 240.0 240.0 240.0 8.0 240.0 240.0 232.0 240.0 240.0 240.0 8.0 240.0 240.0 232.0 240.0 240.0 240.0 8.0 240.0 240.0 232.0 240.0 240.0 240.0 8.0 240.0 240.0 232.0 240.0 240.0 240.0 8.0 240.0 240.0 232.0 240.0 240.0 240.0 8.0 240.0 240.0 232.0 240.0 240.0 240.0 8.0 240.0 240.0 232.0 240.0 240.0 240.0 8.0 240.0 240.0 232.0 240.0 240.0 240.0 8.0 240.0 240.0 232.0 240.0 240.0 240.0 8.0 240.0 240.0 232.0 240.0 240.0 240.0 8.0 240.0 240.0 232.0 240.0 240.0 240.0 8.0 240.0 240.0 232.0 240.0 240.0 240.0 8.0 240.0 240.0 232.0 240.0 240.0 240.0 8.0 240.0 240.0 232.0 240.0 240.0 240.0 8.0 240.0 240.0 232.0 240.0 240.0 240.0 8.0 240.0 240.0 232.0 240.0 240.0 240.0 8.0 240.0 240.0 232.0 240.0 240.0 240.0 8.0 240.0 240.0 232.0 240.0 240.0 240.0 8.0 240.0 240.0 232.0 240.0 240.0 240.0 8.0 240.0 240.0 232.0 240.0 240.0 240.0 8.0 240.0 240.0 232.0 240.0 240.0 240.0 8.0 240.0 240.0 232.0 240.0 240.0 240.0 8.0 240.0 240.0 232.0 240.0 240.0 240.0 8.0 240.0 240.0 232.0 240.0 240.0 240.0 8.0 240.0 240.0 232.0 240.0 240.0 240.0 8.0 240.0 240.0 232.0 240.0 240.0 240.0 8.0 240.0 240.0 232.0 240.0 240.0 240.0 8.0 240.0 240.0 232.0 240.0 240.0 240.0 8.0 240.0 240.0 232.0 240.0 240.0 240.0 8.0 240.0 240.0 232.0 240.0 240.0 240.0 8.0 240.0 240.0 232.0 240.0 240.0 240.0 8.0 240.0 240.0 232.0 240.0 240.0 240.0 8.0 240.0 240.0 232.0 240.0 240.0 240.0 8.0 240.0 240.0 232.0 240.0 240.0 240.0 8.0 240.0 240.0 232.0 240.0 240.0 240.0 8.0 240.0 240.0 232.0 240.0 240.0 240.0 8.0 240.0 240.0 232.0 240.0 240.0 240.0 8.0 240.0 240.0 232.0 240.0 240.0 240.0 8.0 240.0 240.0 232.0 240.0 240.0 240.0 8.0 240.0 240.0 232.0 240.0 240.0 240.0 8.0 240.0 240.0 232.0 240.0 240.0 240.0 8.0 240.0 240.0 232.0 240.0 240.0 240.0 8.0 240.0 240.0 232.0 240.0 240.0 240.0 8.0 240.0 240.0 232.0 240.0 240.0 240.0 8.0 240.0 240.0 232.0 240.0 240.0 240.0 8.0 240.0 240.0 232.0 240.0 240.0 240.0 8.0 240.0 240.0 232.0 240.0 240.0 240.0 8.0 240.0 240.0 232.0 240.0 240.0 240.0 8.0 240.0 240.0 232.0 240.0 240.0 240.0 8.0 240.0 240.0 232.0 240.0 240.0 240.0 8.0 240.0 240.0 232.0 240.0 240.0 240.0 8.0 240.0 240.0 232.0 240.0 240.0 240.0 8.0 240.0 240.0 232.0 240.0 240.0 240.0 8.0 240.0 240.0 232.0 240.0 240.0 240.0 8.0 240.0 240.0 232.0 240.0 240.0 240.0 8.0 240.0 240.0 232.0 240.0 240.0 240.0 8.0 240.0 240.0 232.0 240.0 240.0 240.0 8.0 240.0 240.0 232.0 240.0 240.0 240.0 8.0 240.0 240.0 232.0 240.0 240.0 240.0 8.0 240.0 240.0 232.0 240.0 240.0 240.0 8.0 240.0 240.0 232.0 240.0 240.0 240.0 8.0 240.0 240.0 232.0 240.0 240.0 240.0 8.0 240.0 240.0 232.0 240.0 240.0 240.0 8.0 240.0 240.0 232.0 240.0 240.0 240.0 8.0 240.0 240.0 232.0 240.0 240.0 240.0 8.0 240.0 240.0 232.0 240.0 240.0 240.0 8.0 240.0 240.0 232.0 240.0 240.0 240.0 8.0 240.0 240.0 232.0 240.0 240.0 240.0 8.0 240.0 240.0 232.0 240.0 240.0 240.0 8.0 240.0 240.0 232.0 240.0 240.0 240.0 8.0 240.0 240.0 232.0 240.0 240.0 240.0 8.0 240.0 240.0 232.0 240.0 240.0 240.0 8.0 240.0 240.0 232.0 240.0 240.0 240.0 8.0 240.0 240.0 232.0 240.0 240.0 240.0 8.0 240.0 240.0 232.0 240.0 240.0 240.0 8.0 240.0 240.0 232.0 240.0 240.0 240.0 8.0 240.0 240.0 232.0 240.0 240.0 240.0 8.0 240.0 240.0 232.0 240.0 240.0 240.0 8.0 240.0 240.0 232.0 240.0 240.0 240.0 8.0 240.0 240.0 232.0 240.0 240.0 240.0 8.0 240.0 240.0 232.0 240.0 240.0 240.0 8.0 240.0 240.0 232.0 240.0 240.0 240.0 8.0 240.0 240.0 232.0 240.0 240.0 240.0 8.0 240.0 240.0 232.0 240.0 240.0 240.0 8.0 240.0 240.0 232.0 240.0 240.0 240.0 8.0 240.0 240.0 232.0 240.0 240.0 240.0 8.0 240.0 240.0 232.0 240.0 240.0 240.0 8.0 240.0 240.0 232.0 240.0 240.0 240.0 8.0 240.0 240.0 232.0 240.0 240.0 240.0 8.0 240.0 240.0 232.0 240.0 240.0 240.0 8.0 240.0 240.0 232.0 240.0 240.0 240.0 8.0 240.0 240.0 232.0 240.0 240.0 240.0 8.0 240.0 240.0 232.0 240.0 240.0 240.0 8.0 240.0 240.0 232.0 240.0 240.0 240.0 8.0 240.0 240.0 232.0 240.0 240.0 240.0 8.0 240.0 240.0 232.0 240.0 240.0 240.0 8.0 240.0 240.0 232.0 240.0 240.0 240.0 8.0 240.0 240.0 232.0 240.0 240.0 240.0 8.0 240.0 240.0 232.0 240.0 240.0 240.0 8.0 240.0 240.0 232.0 240.0 240.0 240.0 8.0 240.0 240.0 232.0 240.0 240.0 240.0 8.0 240.0 240.0 232.0 240.0 240.0 240.0 8.0 240.0 240.0 232.0 240.0 240.0 240.0 8.0 240.0 240.0 232.0 240.0 240.0 240.0 8.0 240.0 240.0 232.0 240.0 240.0 240.0 8.0 240.0 240.0 232.0 240.0 240.0 240.0 8.0 240.0 240.0 232.0 240.0 240.0 240.0 8.0 240.0 240.0 232.0 240.0 240.0 240.0 8.0 240.0 240.0 232.0 240.0 240.0 240.0 8.0 240.0 240.0 232.0 240.0 240.0 240.0 8.0 240.0 240.0 232.0 240.0 240.0 240.0 8.0 240.0 240.0 232.0 240.0 240.0 240.0 8.0 240.0 240.0 232.0 240.0 240.0 240.0 8.0 240.0 240.0 232.0 240.0 240.0 240.0 8.0 240.0 240.0 232.0 240.0 240.0 240.0 8.0 240.0 240.0 232.0 240.0 240.0 240.0 8.0 240.0 240.0 232.0 240.0 240.0 240.0 8.0 240.0 240.0 232.0 240.0 240.0 240.0 8.0 240.0 240.0 232.0 240.0 240.0 240.0 8.0 240.0 240.0 232.0 240.0 240.0 240.0 8.0 240.0 240.0 232.0 240.0 240.0 240.0 8.0 240.0 240.0 232.0 240.0 240.0 240.0 8.0 240.0 240.0 232.0 240.0 240.0 240.0 8.0 240.0 240.0 232.0 240.0 240.0 240.0 8.0 240.0 240.0 232.0 240.0 240.0 240.0 8.0 240.0 240.0 232.0 240.0 240.0 240.0 8.0 240.0 240.0 232.0 240.0 240.0 240.0 8.0 240.0 240.0 232.0 240.0 240.0 240.0 8.0 240.0 240.0 232.0 240.0 240.0 240.0 8.0 240.0 240.0 232.0 240.0 240.0 240.0 8.0 240.0 240.0 232.0 240.0 240.0 240.0 8.0 240.0 240.0 232.0 240.0 240.0 240.0 8.0 240.0 240.0 232.0 240.0 240.0 240.0 8.0 240.0 240.0 232.0 240.0 240.0 240.0 8.0 240.0 240.0 232.0 240.0 240.0 240.0 8.0 240.0 240.0 232.0 240.0 240.0 240.0 8.0 240.0 240.0 232.0 240.0 240.0 240.0 8.0 240.0 240.0 232.0 240.0 240.0 240.0 8.0 240.0 240.0 232.0 240.0 240.0 240.0 8.0 240.0 240.0 232.0 240.0 240.0 240.0 8.0 240.0 240.0 232.0 240.0 240.0 240.0 8.0 240.0 240.0 232.0 240.0 240.0 240.0 8.0 240.0 240.0 232.0 240.0 240.0 240.0 8.0 240.0 240.0 232.0 240.0 240.0 240.0 8.0
50 1 TRACE 8.0 8.0 8.0 8.0 8.0 8.0 8.0 8.0 8.0 8.0 8.0 8.0 8.0 8.0 8.0 8.0 8.0 8.0 8.0 8.0 8.0 8.0 8.0 8.0 8.0 8.0 8.0 8.0 8.0 8.0 0.0 8.0 8.0 8.0 8.0 8.0 8.0 8.0 8.0 8.0 8.0 8.0 8.0 8.0 8.0 8.0 8.0 8.0 8.0 8.0 8.0 8.0 8.0 8.0 8.0 8.0 8.0 8.0 8.0 8.0 8.0 8.0 8.0 8.0 8.0 8.0 8.0 8.0 8.0 8.0 8.0 8.0 0.0 8.0 8.0 8.0 8.0 8.0 8.0 8.0 8.0 8.0 8.0 8.0 8.0 8.0 8.0 8.0 8.0 8.0 8.0 8.0 0.0 8.0 8.0 8.0 8.0 8.0 8.0 8.0 8.0 8.0 8.0 8.0 8.0 8.0 8.0 8.0 8.0 8.0 8.0 8.0 8.0 8.0 0.0 8.0 8.0 8.0 8.0 8.0 8.0 0.0 8.0 8.0 8.0 8.0 8.0 8.0 8.0 8.0 8.0 8.0 8.0 8.0 0.0 8.0 8.0 8.0 8.0 8.0 8.0 0.0 8.0 8.0 8.0 8.0 8.0 8.0 8.0 8.0 8.0 8.0 8.0 8.0 0.0 8.0 8.0 8.0 8.0 8.0 8.0 8.0 8.0 8.0 8.0 8.0 8.0 8.0 8.0 8.0 8.0 8.0 8.0 8.0 0.0 8.0 8.0 8.0 8.0 8.0 8.0 8.0 8.0 8.0 8.0 8.0 8.0 8.0 8.0 8.0 8.0 8.0 8.0 8.0 8.0 8.0 8.0 8.0 8.0 8.0 8.0 8.0 8.0 8.0 8.0
51 1 CONSTANT 8.0
52 1 CONSTANT 8.0
53 1 CONSTANT 8.0
54 1 CONSTANT 0.0
55 1 CONSTANT 0.0
56 1 CONSTANT 0.0
57 1 CONSTANT 0.0
58 1 CONSTANT 0.0
59 1 CONSTANT 0.0
60 1 CONSTANT 0.0
61 1 CONSTANT 0.0
62 1 CONSTANT 8.0
