0 1 CONSTANT 8.0
1 1 CONSTANT 8.0
2 1 CONSTANT 0.0
3 1 CONSTANT 8.0
4 1 CONSTANT 8.0
5 1 CONSTANT 8.0
6 1 CONSTANT 8.0
7 1 CONSTANT 8.0
8 1 CONSTANT 8.0
9 1 CONSTANT 0.0
10 1 CONSTANT 0.0
11 1 CONSTANT 0.0
12 1 CONSTANT 0.0
13 1 CONSTANT 8.0
14 1 CONSTANT 4.0
15 1 CONSTANT 4.0
16 1 CONSTANT 0.0
17 1 CONSTANT 0.0
18 1 CONSTANT 0.0
19 1 CONSTANT 0.0
20 1 CONSTANT 4.0
21 1 CONSTANT 8.0
22 1 CONSTANT 8.0
23 1 CONSTANT 8.0
24 1 CONSTANT 8.0
25 1 CONSTANT 4.0
26 1 CONSTANT 4.0
27 1 CONSTANT 8.0
28 1 TRACE 0.0 456.0 0.0 0.0 0.0 0.0 440.0 0.0 0.0 0.0 52.0 48.0 0.0 4.0 208.0 24.0 4.0 0.0 112.0 24.0 0.0 0.0 4.0 0.0 8.0 124.0 0.0 0.0 24.0 84.0 0.0 0.0 4.0 4.0 0.0 0.0 4.0 0.0 0.0 152.0 0.0 0.0 24.0 60.0 0.0 0.0 8.0 0.0 4.0 8.0 0.0 0.0 396.0 4.0 0.0 32.0 84.0 0.0 0.0 0.0 572.0 4.0 0.0 4.0 320.0 0.0 0.0 0.0 4.0 256.0 0.0 0.0 4.0 16.0 0.0 0.0 0.0 0.0 0.0 0.0 0.0 0.0 52.0 40.0 0.0 0.0 8.0 0.0 0.0 180.0 0.0 0.0 0.0 212.0 16.0 0.0 0.0 336.0 0.0 0.0 0.0 212.0 0.0 0.0 8.0 56.0 0.0 0.0 196.0 0.0 4.0 4.0 120.0 0.0 0.0 0.0 56.0 52.0 0.0 0.0 0.0 4.0 0.0 0.0 8.0 0.0 4.0 0.0 4.0 4.0 336.0 0.0 0.0 4.0 288.0 0.0 0.0 48.0 40.0 0.0 0.0 532.0 4.0 0.0 0.0 212.0 0.0 0.0 0.0 504.0 0.0 0.0 0.0 4.0 0.0 0.0 140.0 0.0 0.0 0.0 4.0 0.0 32.0 52.0 0.0 0.0 0.0 412.0 0.0 0.0 0.0 8.0 0.0 20.0 56.0 0.0 0.0 488.0 0.0 4.0 0.0 576.0 0.0 0.0 0.0 44.0 28.0 0.0 0.0 176.0 28.0 0.0 0.0 472.0 0.0 0.0 0.0 376.0 0.0 0.0 12.0 216.0 0.0 0.0 0.0 212.0 0.0 0.0 8.0 64.0 0.0 0.0 4.0 356.0 0.0 0.0 16.0 120.0 0.0 0.0 8.0 288.0 0.0 0.0 0.0 212.0 0.0 0.0 16.0 100.0 0.0 0.0 404.0 0.0 0.0 0.0 228.0 0.0
29 1 CONSTANT 4.0
30 1 TRACE 0.0 456.0 0.0 0.0 0.0 0.0 440.0 0.0 0.0 0.0 52.0 48.0 0.0 4.0 208.0 24.0 4.0 0.0 112.0 24.0 0.0 0.0 4.0 0.0 8.0 124.0 0.0 0.0 24.0 84.0 0.0 0.0 4.0 4.0 0.0 0.0 4.0 0.0 0.0 152.0 0.0 0.0 24.0 60.0 0.0 0.0 8.0 0.0 4.0 8.0 0.0 0.0 396.0 4.0 0.0 32.0 84.0 0.0 0.0 0.0 572.0 4.0 0.0 4.0 320.0 0.0 0.0 0.0 4.0 256.0 0.0 0.0 4.0 16.0 0.0 0.0 0.0 0.0 0.0 0.0 0.0 0.0 52.0 40.0 0.0 0.0 8.0 0.0 0.0 180.0 0.0 0.0 0.0 212.0 16.0 0.0 0.0 336.0 0.0 0.0 0.0 212.0 0.0 0.0 8.0 56.0 0.0 0.0 196.0 0.0 4.0 4.0 120.0 0.0 0.0 0.0 56.0 52.0 0.0 0.0 0.0 4.0 0.0 0.0 8.0 0.0 4.0 0.0 4.0 4.0 336.0 0.0 0.0 4.0 288.0 0.0 0.0 48.0 40.0 0.0 0.0 532.0 4.0 0.0 0.0 212.0 0.0 0.0 0.0 504.0 0.0 0.0 0.0 4.0 0.0 0.0 140.0 0.0 0.0 0.0 4.0 0.0 32.0 52.0 0.0 0.0 0.0 412.0 0.0 0.0 0.0 8.0 0.0 20.0 56.0 0.0 0.0 488.0 0.0 4.0 0.0 576.0 0.0 0.0 0.0 44.0 28.0 0.0 0.0 176.0 28.0 0.0 0.0 472.0 0.0 0.0 0.0 376.0 0.0 0.0 12.0 216.0 0.0 0.0 0.0 212.0 0.0 0.0 8.0 64.0 0.0 0.0 4.0 356.0 0.0 0.0 16.0 120.0 0.0 0.0 8.0 288.0 0.0 0.0 0.0 212.0 0.0 0.0 16.0 100.0 0.0 0.0 404.0 0.0 0.0 0.0 228.0 0.0
31 1 CONSTANT 8.0
32 1 CONSTANT 8.0
33 1 CONSTANT 4.0
34 1 CONSTANT 0.0
35 1 CONSTANT 0.0
36 1 CONSTANT 8.0
37 1 CONSTANT 8.0
38 1 CONSTANT 8.0
39 1 TRACE 0.0 8.0 0.0 8.0 8.0 0.0 8.0 0.0 8.0 8.0 0.0 0.0 8.0 8.0 0.0 0.0 8.0 8.0 0.0 0.0 8.0 0.0 0.0 8.0 0.0 8.0 0.0 8.0 0.0 8.0 0.0 8.0 0.0 0.0 8.0 0.0 0.0 8.0 0.0 8.0 0.0 8.0 0.0 0.0 8.0 0.0 0.0 8.0 0.0 0.0 8.0 0.0 8.0 0.0 8.0 0.0 8.0 0.0 8.0 0.0 8.0 0.0 8.0 0.0 8.0 0.0 8.0 8.0 0.0 8.0 0.0 8.0 0.0 0.0 8.0 0.0 0.0 8.0 0.0 0.0 8.0 8.0 0.0 0.0 8.0 0.0 0.0 8.0 0.0 8.0 0.0 8.0 8.0 0.0 0.0 8.0 0.0 8.0 0.0 8.0 0.0 8.0 0.0 8.0 0.0 0.0 8.0 0.0 8.0 0.0 8.0 0.0 8.0 0.0 8.0 8.0 0.0 8.0 0.0 8.0 0.0 0.0 8.0 0.0 0.0 8.0 0.0 0.0 8.0 0.0 8.0 0.0 8.0 0.0 8.0 0.0 8.0 0.0 0.0 8.0 0.0 8.0 0.0 8.0 0.0 8.0 0.0 8.0 0.0 8.0 0.0 8.0 0.0 0.0 8.0 0.0 8.0 0.0 8.0 0.0 0.0 8.0 0.0 8.0 0.0 8.0 0.0 8.0 0.0 8.0 0.0 0.0 8.0 0.0 0.0 8.0 0.0 8.0 0.0 8.0 0.0 8.0 0.0 8.0 8.0 0.0 0.0 8.0 8.0 0.0 0.0 8.0 0.0 8.0 0.0 8.0 0.0 8.0 0.0 8.0 0.0 8.0 0.0 8.0 0.0 8.0 0.0 8.0 0.0 8.0 0.0 8.0 0.0 8.0 0.0 8.0 0.0 8.0 0.0 8.0 0.0 8.0 0.0 8.0 0.0 8.0 0.0 8.0 0.0 0.0 8.0 0.0 8.0 0.0 8.0 0.0 8.0 0.0
40 1 CONSTANT 8.0
41 1 CONSTANT 8.0
42 1 CONSTANT 8.0
43 1 CONSTANT 11984.0
44 1 CONSTANT 11976.0
45 1 CONSTANT 8.0
46 1 CONSTANT 11984.0
47 1 CONSTANT 4.0
48 1 TRACE 644976.0 212992.0 138560.0 103104.0 83648.0 107712.0 84944.0 67632.0 56544.0 47456.0 528.0 592.0 432.0 384.0 464.0 658240.0 214656.0 139328.0 101760.0 80944.0 100592.0 80048.0 64208.0 53696.0 45744.0 528.0 448.0 336.0 256.0 304.0 633408.0 223888.0 141088.0 102480.0 79728.0 7824.0 7136.0 7216.0 6592.0 6544.0 64.0 48.0 48.0 48.0 16.0 469552.0 201456.0 130528.0 95648.0 75056.0 3392.0 3760.0 3296.0 3296.0 3120.0 32.0 32.0 0.0 16.0 0.0 482528.0 205968.0 134208.0 98496.0 76352.0 3536.0 3760.0 3456.0 3312.0 3280.0 32.0 48.0 0.0 16.0 0.0 512144.0 191680.0 124544.0 95872.0 79040.0 197488.0 127488.0 95664.0 74368.0 60672.0 976.0 1056.0 704.0 800.0 896.0 0.0 0.0 0.0 0.0 0.0 772112.0 232384.0 143824.0 104912.0 82016.0 26944.0 25920.0 23840.0 21776.0 19648.0 128.0 112.0 144.0 96.0 112.0 757328.0 232208.0 142768.0 104656.0 81952.0 20704.0 20128.0 18432.0 16688.0 15632.0 128.0 80.0 96.0 112.0 144.0 415072.0 167616.0 116480.0 92752.0 77408.0 288688.0 162240.0 111904.0 84576.0 67504.0 1456.0 1536.0 1392.0 1344.0 1568.0 16.0 16.0 0.0 0.0 0.0 466656.0 178640.0 120368.0 92544.0 75120.0 233280.0 143872.0 103424.0 80080.0 64528.0 1152.0 1280.0 960.0 944.0 1024.0 16.0 16.0 0.0 0.0 0.0 771232.0 232608.0 145488.0 105568.0 83760.0 30736.0 29344.0 25552.0 23232.0 21312.0 128.0 144.0 160.0 112.0 144.0 722112.0 231760.0 144480.0 105136.0 81760.0 13488.0 13152.0 12304.0 11120.0 10464.0 80.0 80.0 96.0 64.0 64.0 513456.0 197776.0 128512.0 98128.0 82704.0 200704.0 129632.0 95056.0 74944.0 60608.0 880.0 1072.0 816.0 720.0 704.0 16.0 0.0 0.0 0.0 0.0 432912.0 183920.0 124480.0 98016.0 80736.0 273312.0 156000.0 108608.0 82864.0 66528.0 1472.0 1648.0 1248.0 1056.0 1296.0 16.0 0.0 0.0 0.0 0.0 658912.0 216848.0 139856.0 104256.0 82768.0 101008.0 79808.0 64720.0 53920.0 45504.0 384.0 544.0 320.0 288.0 320.0 756720.0 232240.0 144768.0 105216.0 82112.0 19728.0 19824.0 18000.0 16368.0 15392.0 96.0 128.0 96.0 80.0 80.0 612512.0 210352.0 135424.0 101040.0 82000.0 129744.0 95520.0 75312.0 61600.0 51728.0 576.0 704.0 416.0 432.0 416.0 688512.0 221232.0 141728.0 103456.0 82560.0 83904.0 67728.0 56144.0 48048.0 40640.0 320.0 416.0 272.0 256.0 288.0 730608.0 226672.0 143840.0 105472.0 83680.0 61088.0 53008.0 45248.0 39040.0 34608.0 288.0 320.0 192.0 256.0 208.0 357568.0 149824.0 97072.0 77808.0 66576.0 328960.0 173296.0 120064.0 90208.0 71152.0 1824.0 2048.0 1536.0 1584.0 1840.0 32.0 0.0 0.0 0.0 0.0 557728.0 205824.0 131936.0 100320.0 80944.0 165776.0 114400.0 85536.0 70048.0 56784.0 768.0 784.0 560.0 592.0 672.0 0.0 0.0 0.0 0.0 0.0 509664.0 193936.0 129072.0 97728.0 80496.0 199296.0 130544.0 94592.0 74128.0 60816.0 992.0 960.0 816.0 784.0 928.0 0.0 0.0 0.0 0.0 0.0 615456.0 222880.0 141280.0 100736.0 79056.0 7120.0 6848.0 6320.0 6208.0 6096.0 64.0 32.0 48.0 32.0 32.0 532624.0 200368.0 132400.0 101216.0 83088.0 184176.0 123776.0 91328.0 72080.0 58816.0 880.0 1072.0 640.0 608.0 720.0 16.0 0.0 0.0 0.0 0.0 756640.0 230448.0 144224.0 105456.0 83392.0 44832.0 40768.0 35344.0 31840.0 28160.0 192.0 192.0 192.0 160.0 224.0 443888.0 199056.0 130720.0 96832.0 76016.0 3168.0 3216.0 3056.0 2512.0 2576.0 32.0 32.0 0.0 16.0 16.0 698752.0 223760.0 141152.0 104096.0 82560.0 78816.0 65264.0 53680.0 46320.0 40592.0 384.0 336.0 224.0 256.0 320.0 756992.0 229872.0 143600.0 105968.0 83872.0 42800.0 40512.0 34912.0 31344.0 27600.0 256.0 208.0 192.0 112.0 192.0 696672.0 232368.0 144912.0 105264.0 81728.0 10864.0 10640.0 9904.0 9344.0 9056.0 80.0 64.0 48.0 32.0 64.0 747360.0 229968.0 142944.0 105568.0 82848.0 49280.0 43120.0 38576.0 33280.0 29840.0 144.0 240.0 224.0 176.0 176.0 767200.0 231440.0 145056.0 106208.0 83680.0 26032.0 24688.0 22816.0 20544.0 18544.0 128.0 128.0 128.0 96.0 112.0 644416.0 226752.0 140784.0 101744.0 78816.0 8000.0 7968.0 7472.0 7264.0 7216.0 80.0 80.0 0.0 16.0 48.0 562912.0 200720.0 133056.0 100192.0 82688.0 164080.0 113280.0 85952.0 68848.0 56512.0 832.0 816.0 608.0 592.0 736.0 0.0 0.0 0.0 0.0 0.0 534816.0 207808.0 132512.0 100848.0 83696.0 185600.0 121072.0 90432.0 72128.0 58976.0 816.0 992.0 784.0 672.0 720.0 16.0 0.0 0.0 0.0 0.0 553904.0 200064.0 126544.0 97232.0 78896.0 164656.0 113760.0 87488.0 69360.0 56592.0 800.0 768.0 592.0 544.0 784.0 0.0 0.0 0.0 0.0 0.0 688592.0 221504.0 141648.0 103904.0 83392.0 83776.0 69200.0 56496.0 48608.0 41360.0 352.0 368.0 240.0 208.0 288.0 705360.0 224272.0 142192.0 104704.0 83168.0 73456.0 61968.0 51520.0 44224.0 38416.0 352.0 336.0 272.0 176.0 256.0 644064.0 225600.0 140336.0 102224.0 78880.0 7664.0 7696.0 7520.0 7248.0 7248.0 64.0 48.0 48.0 16.0 16.0 617632.0 211712.0 138608.0 103792.0 83712.0 127488.0 94736.0 73904.0 61136.0 51072.0 416.0 624.0 352.0 384.0 512.0 739632.0 228656.0 142512.0 105056.0 84304.0 56000.0 49296.0 42656.0 37136.0 32320.0 208.0 272.0 192.0 224.0 208.0 657648.0 215200.0 137904.0 102720.0 82432.0 101072.0 81744.0 65424.0 54960.0 46160.0 528.0 432.0 384.0 304.0 384.0 394304.0 167104.0 113520.0 84912.0 72896.0 298688.0 165296.0 113984.0 86608.0 68896.0 1616.0 1712.0 1360.0 1280.0 1408.0 16.0 16.0 0.0 0.0 0.0 766512.0 233424.0 144304.0 104992.0 82128.0 32368.0 29504.0 26896.0 24240.0 22336.0 176.0 144.0 112.0 96.0 176.0 553408.0 197152.0 128256.0 97472.0 78416.0 164112.0 114544.0 86912.0 68720.0 56672.0 704.0 848.0 512.0 576.0 688.0 16.0 0.0 0.0 0.0 0.0 687552.0 229616.0 142816.0 103824.0 80304.0 10592.0 10288.0 9616.0 8736.0 8800.0 32.0 80.0 64.0 64.0 16.0 675632.0 220336.0 140752.0 103216.0 83552.0 91888.0 73632.0 59984.0 51504.0 43040.0 400.0 432.0 272.0 352.0 320.0 510480.0 194384.0 125520.0 96016.0 80448.0 200288.0 129984.0 95552.0 75360.0 60800.0 928.0 1104.0 736.0 912.0 848.0 16.0 0.0 0.0 0.0 0.0 715728.0 233504.0 145872.0 105392.0 82256.0 11952.0 12128.0 11072.0 10640.0 10096.0 64.0 64.0 64.0 48.0 48.0 646272.0 216080.0 139360.0 102352.0 83504.0 107504.0 84176.0 67888.0 55920.0 47472.0 512.0 496.0 400.0 400.0 496.0 623040.0 215360.0 138128.0 103392.0 83136.0 124032.0 94064.0 73072.0 60144.0 50608.0 672.0 480.0 432.0 480.0 496.0 618512.0 219760.0 139040.0 100128.0 77696.0 7072.0 7360.0 6752.0 6704.0 6128.0 64.0 64.0 48.0 16.0 32.0 494112.0 206960.0 133984.0 97472.0 76704.0 3952.0 3872.0 3568.0 3440.0 3376.0 32.0 16.0 0.0 0.0 0.0 642144.0 214976.0 137440.0 104128.0 84240.0 109744.0 83792.0 68528.0 56336.0 47840.0 528.0 496.0 336.0 368.0 384.0 676256.0 219824.0 140704.0 105504.0 83600.0 92048.0 74992.0 60336.0 50880.0 43856.0 416.0 416.0 304.0 304.0 352.0 757216.0 230256.0 143600.0 105856.0 83040.0 43568.0 40560.0 34560.0 30928.0 28096.0 272.0 192.0 208.0 144.0 160.0 752016.0 229792.0 142896.0 105872.0 82464.0 47504.0 42592.0 37200.0 32272.0 29584.0 240.0 192.0 144.0 192.0 192.0 732320.0 233056.0 145392.0 104928.0 82096.0 14576.0 14416.0 13136.0 12400.0 11680.0 96.0 80.0 48.0 64.0 48.0 686000.0 220624.0 141328.0 104496.0 83920.0 85744.0 70432.0 58992.0 49296.0 41600.0 400.0 320.0 256.0 384.0 256.0 767952.0 231856.0 144288.0 105872.0 81488.0 25792.0 24240.0 21712.0 19312.0 18960.0 144.0 96.0 128.0 112.0 144.0 718080.0 222416.0 141424.0 103808.0 80992.0 67824.0 58448.0 49392.0 43456.0 37376.0 336.0 352.0 240.0 240.0 224.0 738960.0 225344.0 141680.0 104768.0 82480.0 55856.0 49680.0 43264.0 36944.0 33296.0 240.0 256.0 208.0 224.0 144.0 756256.0 233312.0 143312.0 105536.0 82096.0 18672.0 18720.0 17504.0 16048.0 15088.0 128.0 96.0 96.0 96.0 112.0 667024.0 219344.0 140304.0 106048.0 84656.0 95104.0 77920.0 63168.0 52752.0 44816.0 400.0 528.0 336.0 240.0 304.0 738976.0 227552.0 144496.0 105696.0 82848.0 55232.0 49200.0 42592.0 37200.0 33328.0 208.0 288.0 176.0 160.0 224.0
49 1 TRACE 11992.0 11992.0 11992.0 11992.0 8.0 11992.0 11992.0 11992.0 11992.0 8.0 11992.0 11992.0 11992.0 11992.0 8.0 11992.0 11992.0 11992.0 11992.0 8.0 11992.0 11992.0 11992.0 11992.0 8.0 11992.0 11992.0 11992.0 11992.0 8.0 11992.0 11992.0 11992.0 11992.0 8.0 11992.0 11992.0 11992.0 11992.0 8.0 11992.0 11992.0 11992.0 11992.0 8.0 11992.0 11992.0 11992.0 11992.0 8.0 11992.0 11992.0 11992.0 11992.0 8.0 11992.0 11992.0 11992.0 11992.0 8.0 11992.0 11992.0 11992.0 11992.0 8.0 11992.0 11992.0 11992.0 11992.0 8.0 11992.0 11992.0 11992.0 11992.0 8.0 11992.0 11992.0 11992.0 11992.0 8.0 11992.0 11992.0 11992.0 11992.0 8.0 11992.0 11992.0 11992.0 11992.0 8.0 11992.0 11992.0 11992.0 11992.0 8.0 11992.0 11992.0 11992.0 11992.0 8.0 11992.0 11992.0 11992.0 11992.0 8.0 11992.0 11992.0 11992.0 11992.0 8.0 11992.0 11992.0 11992.0 11992.0 8.0 11992.0 11992.0 11992.0 11992.0 8.0 11992.0 11992.0 11992.0 11992.0 8.0 11992.0 11992.0 11992.0 11992.0 8.0 11992.0 11992.0 11992.0 11992.0 8.0 11992.0 11992.0 11992.0 11992.0 8.0 11992.0 11992.0 11992.0 11992.0 8.0 11992.0 11992.0 11992.0 11992.0 8.0 11992.0 11992.0 11992.0 11992.0 8.0 11992.0 11992.0 11992.0 11992.0 8.0 11992.0 11992.0 11992.0 11992.0 8.0 11992.0 11992.0 11992.0 11992.0 8.0 11992.0 11992.0 11992.0 11992.0 8.0 11992.0 11992.0 11992.0 11992.0 8.0 11992.0 11992.0 11992.0 11992.0 8.0 11992.0 11992.0 11992.0 11992.0 8.0 11992.0 11992.0 11992.0 11992.0 8.0 11992.0 11992.0 11992.0 11992.0 8.0 11992.0 11992.0 11992.0 11992.0 8.0 11992.0 11992.0 11992.0 11992.0 8.0 11992.0 11992.0 11992.0 11992.0 8.0 11992.0 11992.0 11992.0 11992.0 8.0 11992.0 11992.0 11992.0 11992.0 8.0 11992.0 11992.0 11992.0 11992.0 8.0 11992.0 11992.0 11992.0 11992.0 8.0 11992.0 11992.0 11992.0 11992.0 8.0 11992.0 11992.0 11992.0 11992.0 8.0 11992.0 11992.0 11992.0 11992.0 8.0 11992.0 11992.0 11992.0 11992.0 8.0 11992.0 11992.0 11992.0 11992.0 8.0 11992.0 11992.0 11992.0 11992.0 8.0 11992.0 11992.0 11992.0 11992.0 8.0 11992.0 11992.0 11992.0 11992.0 8.0 11992.0 11992.0 11992.0 11992.0 8.0 11992.0 11992.0 11992.0 11992.0 8.0 11992.0 11992.0 11992.0 11992.0 8.0 11992.0 11992.0 11992.0 11992.0 8.0 11992.0 11992.0 11992.0 11992.0 8.0 11992.0 11992.0 11992.0 11992.0 8.0 11992.0 11992.0 11992.0 11992.0 8.0 11992.0 11992.0 11992.0 11992.0 8.0 11992.0 11992.0 11992.0 11992.0 8.0 11992.0 11992.0 11992.0 11992.0 8.0 11992.0 11992.0 11992.0 11992.0 8.0 11992.0 11992.0 11992.0 11992.0 8.0 11992.0 11992.0 11992.0 11992.0 8.0 11992.0 11992.0 11992.0 11992.0 8.0 11992.0 11992.0 11992.0 11992.0 8.0 11992.0 11992.0 11992.0 11992.0 8.0 11992.0 11992.0 11992.0 11992.0 8.0 11992.0 11992.0 11992.0 11992.0 8.0 11992.0 11992.0 11992.0 11992.0 8.0 11992.0 11992.0 11992.0 11992.0 8.0 11992.0 11992.0 11992.0 11992.0 8.0 11992.0 11992.0 11992.0 11992.0 8.0 11992.0 11992.0 11992.0 11992.0 8.0 11992.0 11992.0 11992.0 11992.0 8.0 11992.0 11992.0 11992.0 11992.0 8.0 11992.0 11992.0 11992.0 11992.0 8.0 11992.0 11992.0 11992.0 11992.0 8.0 11992.0 11992.0 11992.0 11992.0 8.0 11992.0 11992.0 11992.0 11992.0 8.0 11992.0 11992.0 11992.0 11992.0 8.0 11992.0 11992.0 11992.0 11992.0 8.0 11992.0 11992.0 11992.0 11992.0 8.0 11992.0 11992.0 11992.0 11992.0 8.0 11992.0 11992.0 11992.0 11992.0 8.0 11992.0 11992.0 11992.0 11992.0 8.0 11992.0 11992.0 11992.0 11992.0 8.0 11992.0 11992.0 11992.0 11992.0 8.0 11992.0 11992.0 11992.0 11992.0 8.0 11992.0 11992.0 11992.0 11992.0 8.0 11992.0 11992.0 11992.0 11992.0 8.0 11992.0 11992.0 11992.0 11992.0 8.0 11992.0 11992.0 11992.0 11992.0 8.0 11992.0 11992.0 11992.0 11992.0 8.0 11992.0 11992.0 11992.0 11992.0 8.0 11992.0 11992.0 11992.0 11992.0 8.0 11992.0 11992.0 11992.0 11992.0 8.0 11992.0 11992.0 11992.0 11992.0 8.0 11992.0 11992.0 11992.0 11992.0 8.0 11992.0 11992.0 11992.0 11992.0 8.0 11992.0 11992.0 11992.0 11992.0 8.0 11992.0 11992.0 11992.0 11992.0 8.0 11992.0 11992.0 11992.0 11992.0 8.0 11992.0 11992.0 11992.0 11992.0 8.0 11992.0 11992.0 11992.0 11992.0 8.0 11992.0 11992.0 11992.0 11992.0 8.0 11992.0 11992.0 11992.0 11992.0 8.0 11992.0 11992.0 11992.0 11992.0 8.0 11992.0 11992.0 11992.0 11992.0 8.0 11992.0 11992.0 11992.0 11992.0 8.0 11992.0 11992.0 11992.0 11992.0 8.0 11992.0 11992.0 11992.0 11992.0 8.0 11992.0 11992.0 11992.0 11992.0 8.0 11992.0 11992.0 11992.0 11992.0 8.0 11992.0 11992.0 11992.0 11992.0 8.0 11992.0 11992.0 11992.0 11992.0 8.0 11992.0 11992.0 11992.0 11992.0 8.0 11992.0 11992.0 11992.0 11992.0 8.0 11992.0 11992.0 11992.0 11992.0 8.0 11992.0 11992.0 11992.0 11992.0 8.0 11992.0 11992.0 11992.0 11992.0 8.0 11992.0 11992.0 11992.0 11992.0 8.0 11992.0 11992.0 11992.0 11992.0 8.0 11992.0 11992.0 11992.0 11992.0 8.0 11992.0 11992.0 11992.0 11992.0 8.0 11992.0 11992.0 11992.0 11992.0 8.0 11992.0 11992.0 11992.0 11992.0 8.0 11992.0 11992.0 11992.0 11992.0 8.0 11992.0 11992.0 11992.0 11992.0 8.0 11992.0 11992.0 11992.0 11992.0 8.0 11992.0 11992.0 11992.0 11992.0 8.0 11992.0 11992.0 11992.0 11992.0 8.0 11992.0 11992.0 11992.0 11992.0 8.0 11992.0 11992.0 11992.0 11992.0 8.0 11992.0 11992.0 11992.0 11992.0 8.0 11992.0 11992.0 11992.0 11992.0 8.0 11992.0 11992.0 11992.0 11992.0 8.0 11992.0 11992.0 11992.0 11992.0 8.0 11992.0 11992.0 11992.0 11992.0 8.0 11992.0 11992.0 11992.0 11992.0 8.0 11992.0 11992.0 11992.0 11992.0 8.0 11992.0 11992.0 11992.0 11992.0 8.0 11992.0 11992.0 11992.0 11992.0 8.0 11992.0 11992.0 11992.0 11992.0 8.0 11992.0 11992.0 11992.0 11992.0 8.0 11992.0 11992.0 11992.0 11992.0 8.0 11992.0 11992.0 11992.0 11992.0 8.0 11992.0 11992.0 11992.0 11992.0 8.0 11992.0 11992.0 11992.0 11992.0 8.0 11992.0 11992.0 11992.0 11992.0 8.0 11992.0 11992.0 11992.0 11992.0 8.0 11992.0 11992.0 11992.0 11992.0 8.0 11992.0 11992.0 11992.0 11992.0 8.0 11992.0 11992.0 11992.0 11992.0 8.0 11992.0 11992.0 11992.0 11992.0 8.0 11992.0 11992.0 11992.0 11992.0 8.0 11992.0 11992.0 11992.0 11992.0 8.0 11992.0 11992.0 11992.0 11992.0 8.0 11992.0 11992.0 11992.0 11992.0 8.0 11992.0 11992.0 11992.0 11992.0 8.0 11992.0 11992.0 11992.0 11992.0 8.0 11992.0 11992.0 11992.0 11992.0 8.0 11992.0 11992.0 11992.0 11992.0 8.0 11992.0 11992.0 11992.0 11992.0 8.0 11992.0 11992.0 11992.0 11992.0 8.0 11992.0 11992.0 11992.0 11992.0 8.0 11992.0 11992.0 11992.0 11992.0 8.0 11992.0 11992.0 11992.0 11992.0 8.0 11992.0 11992.0 11992.0 11992.0 8.0 11992.0 11992.0 11992.0 11992.0 8.0 11992.0 11992.0 11992.0 11992.0 8.0 11992.0 11992.0 11992.0 11992.0 8.0 11992.0 11992.0 11992.0 11992.0 8.0 11992.0 11992.0 11992.0 11992.0 8.0 11992.0 11992.0 11992.0 11992.0 8.0 11992.0 11992.0 11992.0 11992.0 8.0 11992.0 11992.0 11992.0 11992.0 8.0 11992.0 11992.0 11992.0 11992.0 8.0 11992.0 11992.0 11992.0 11992.0 8.0 11992.0 11992.0 11992.0 11992.0 8.0 11992.0 11992.0 11992.0 11992.0 8.0 11992.0 11992.0 11992.0 11992.0 8.0 11992.0 11992.0 11992.0 11992.0 8.0 11992.0 11992.0 11992.0 11992.0 8.0 11992.0 11992.0 11992.0 11992.0 8.0 11992.0 11992.0 11992.0 11992.0 8.0 11992.0 11992.0 11992.0 11992.0 8.0 11992.0 11992.0 11992.0 11992.0 8.0 11992.0 11992.0 11992.0 11992.0 8.0 11992.0 11992.0 11992.0 11992.0 8.0 11992.0 11992.0 11992.0 11992.0 8.0 11992.0 11992.0 11992.0 11992.0 8.0 11992.0 11992.0 11992.0 11992.0 8.0 11992.0 11992.0 11992.0 11992.0 8.0 11992.0 11992.0 11992.0 11992.0 8.0 11992.0 11992.0 11992.0 11992.0 8.0 11992.0 11992.0 11992.0 11992.0 8.0 11992.0 11992.0 11992.0 11992.0 8.0 11992.0 11992.0 11992.0 11992.0 8.0 11992.0 11992.0 11992.0 11992.0 8.0 11992.0 11992.0 11992.0 11992.0 8.0 11992.0 11992.0 11992.0 11992.0 8.0 11992.0 11992.0 11992.0 11992.0 8.0
50 1 CONSTANT 8.0
51 1 CONSTANT 8.0
52 1 CONSTANT 8.0
53 1 CONSTANT 8.0
54 1 CONSTANT 0.0
55 1 CONSTANT 0.0
56 1 CONSTANT 0.0
57 1 CONSTANT 0.0
58 1 CONSTANT 0.0
59 1 CONSTANT 0.0
60 1 CONSTANT 0.0
61 1 CONSTANT 0.0
62 1 CONSTANT 8.0
