0 1 1 TRACE 1672852998109334.0
1 2 1 TRACE 10582.0 1055.0 1076.0 1089.0 1087.0 1087.0 1099.0 1074.0 1087.0 1089.0 1100.0 1161.0 1082.0 1068.0 1114.0 1076.0 1086.0 1097.0 1092.0 1085.0 1119.0 1086.0 1088.0 1108.0 1091.0 1091.0 1086.0 1085.0 1112.0 1081.0 1082.0 1087.0 1093.0 1080.0 1089.0 1083.0 1077.0 1075.0 1085.0 1092.0 1097.0 1116.0 1075.0 1092.0 1090.0 1090.0 1079.0 1095.0 1083.0 1085.0 1084.0 1127.0 1071.0 1080.0 1080.0 1090.0 1108.0 1070.0 1098.0 1090.0 1078.0 1097.0 1128.0 1077.0
2 3 1 TRACE 554.0 37.0 38.0 41.0 41.0 41.0 39.0 41.0 40.0 40.0 42.0 44.0 39.0 41.0 42.0 43.0 37.0 40.0 41.0 40.0 41.0 42.0 41.0 40.0 41.0 40.0 42.0 40.0 42.0 41.0 42.0 42.0 40.0 41.0 39.0 40.0 41.0 41.0 44.0 39.0 41.0 39.0 42.0 47.0 40.0 40.0 42.0 40.0 39.0 40.0 41.0 39.0 41.0 40.0 39.0 40.0 42.0 39.0 40.0 39.0 41.0 39.0 41.0 41.0
3 4 1 TRACE 31.0 14.0 17.0 15.0 14.0 14.0 14.0 14.0 17.0 17.0 14.0 15.0 14.0 14.0 13.0 15.0 17.0 14.0 14.0 16.0 14.0 14.0 17.0 20.0 14.0 13.0 14.0 14.0 14.0 15.0 14.0 14.0 14.0 14.0 14.0 15.0 14.0 14.0 13.0 14.0 14.0 14.0 15.0 16.0 17.0 14.0 14.0 15.0 14.0 14.0 14.0 15.0 13.0 13.0 16.0 14.0 14.0 122.0 14.0 17.0 15.0 13.0 14.0 13.0
4 5 1 TRACE 16.0 10.0 10.0 11.0 11.0 11.0 10.0 10.0 11.0 11.0 10.0 11.0 11.0 10.0 11.0 11.0 10.0 11.0 11.0 10.0 10.0 11.0 10.0 10.0 12.0 11.0 11.0 19.0 11.0 11.0 10.0 10.0 11.0 10.0 11.0 10.0 11.0 11.0 11.0 10.0 11.0 11.0 11.0 10.0 10.0 10.0 10.0 11.0 11.0 10.0 11.0 11.0 11.0 11.0 11.0 10.0 10.0 12.0 11.0 11.0 11.0 11.0 11.0 11.0
5 6 1 TRACE 42.0 17.0 18.0 19.0 19.0 20.0 18.0 19.0 17.0 17.0 20.0 18.0 17.0 17.0 21.0 19.0 18.0 17.0 17.0 17.0 17.0 16.0 16.0 17.0 17.0 17.0 17.0 16.0 17.0 16.0 17.0 17.0 18.0 17.0 18.0 19.0 19.0 19.0 18.0 18.0 18.0 18.0 19.0 17.0 20.0 17.0 17.0 18.0 17.0 21.0 15.0 14.0 17.0 16.0 14.0 17.0 16.0 19.0 14.0 14.0 16.0 15.0 14.0 16.0
6 7 1 TRACE 17.0 12.0 12.0 12.0 11.0 12.0 12.0 12.0 12.0 11.0 12.0 12.0 11.0 21.0 11.0 12.0 11.0 11.0 11.0 10.0 11.0 11.0 11.0 111.0 16.0 10.0 11.0 9.0 11.0 11.0 10.0 11.0 14.0 12.0 12.0 12.0 12.0 118.0 10.0 11.0 13.0 12.0 14.0 12.0 13.0 12.0 11.0 11.0 14.0 9.0 9.0 10.0 9.0 10.0 10.0 9.0 10.0 12.0 11.0 11.0 10.0 11.0 10.0 9.0
7 8 1 TRACE 17.0 12.0 12.0 12.0 12.0 12.0 12.0 12.0 12.0 11.0 12.0 12.0 12.0 12.0 12.0 12.0 11.0 11.0 11.0 11.0 11.0 10.0 11.0 12.0 10.0 11.0 11.0 10.0 10.0 11.0 11.0 10.0 11.0 12.0 12.0 11.0 12.0 15.0 12.0 12.0 12.0 12.0 11.0 16.0 15.0 12.0 12.0 12.0 11.0 9.0 11.0 11.0 10.0 10.0 11.0 12.0 11.0 12.0 10.0 11.0 11.0 10.0 11.0 11.0
8 9 1 TRACE 15.0 11.0 12.0 11.0 12.0 11.0 11.0 11.0 11.0 11.0 11.0 11.0 11.0 12.0 11.0 11.0 11.0 10.0 10.0 11.0 10.0 11.0 11.0 10.0 11.0 11.0 10.0 10.0 10.0 10.0 10.0 10.0 11.0 12.0 13.0 11.0 12.0 12.0 11.0 12.0 11.0 14.0 11.0 8.0 9.0 11.0 11.0 12.0 11.0 8.0 10.0 10.0 9.0 10.0 11.0 10.0 10.0 11.0 10.0 10.0 11.0 12.0 11.0 10.0
9 10 1 TRACE 45.0 26.0 32.0 25.0 26.0 25.0 26.0 24.0 28.0 24.0 24.0 24.0 24.0 25.0 25.0 34.0 24.0 25.0 38.0 25.0 27.0 26.0 25.0 25.0 26.0 25.0 24.0 132.0 25.0 25.0 26.0 25.0 25.0 25.0 25.0 26.0 26.0 27.0 25.0 27.0 25.0 33.0 26.0 28.0 28.0 26.0 36.0 38.0 28.0 26.0 25.0 31.0 26.0 24.0 26.0 26.0 27.0 26.0 121.0 25.0 26.0 25.0 26.0 26.0
10 11 1 TRACE 17.0 12.0 13.0 12.0 13.0 13.0 13.0 12.0 12.0 12.0 13.0 12.0 12.0 13.0 12.0 14.0 29.0 13.0 13.0 13.0 12.0 12.0 13.0 14.0 13.0 12.0 13.0 13.0 12.0 13.0 12.0 13.0 12.0 13.0 13.0 13.0 12.0 13.0 13.0 12.0 13.0 12.0 12.0 13.0 12.0 12.0 13.0 15.0 12.0 13.0 13.0 13.0 12.0 12.0 13.0 13.0 12.0 12.0 13.0 12.0 13.0 13.0 12.0 12.0
11 12 1 TRACE 18.0 13.0 13.0 15.0 13.0 13.0 13.0 13.0 13.0 15.0 13.0 14.0 13.0 13.0 13.0 115.0 13.0 13.0 13.0 13.0 14.0 13.0 13.0 13.0 13.0 12.0 12.0 13.0 13.0 13.0 13.0 14.0 13.0 14.0 13.0 12.0 12.0 13.0 25.0 13.0 13.0 14.0 13.0 123.0 13.0 13.0 13.0 13.0 125.0 12.0 12.0 14.0 13.0 12.0 13.0 13.0 13.0 13.0 12.0 14.0 14.0 12.0 13.0 13.0
12 13 1 TRACE 17.0 13.0 12.0 12.0 13.0 12.0 12.0 12.0 12.0 12.0 12.0 13.0 13.0 13.0 13.0 14.0 13.0 15.0 13.0 12.0 12.0 12.0 12.0 12.0 13.0 13.0 12.0 13.0 12.0 13.0 12.0 12.0 13.0 13.0 13.0 13.0 13.0 13.0 12.0 12.0 12.0 13.0 18.0 16.0 130.0 12.0 13.0 13.0 14.0 13.0 12.0 12.0 12.0 13.0 13.0 13.0 12.0 22.0 13.0 13.0 12.0 12.0 12.0 12.0
13 14 1 TRACE 22.0 12.0 12.0 12.0 13.0 12.0 13.0 12.0 12.0 12.0 12.0 13.0 13.0 12.0 13.0 13.0 13.0 13.0 13.0 12.0 12.0 13.0 13.0 12.0 13.0 12.0 12.0 13.0 12.0 12.0 12.0 12.0 13.0 13.0 13.0 13.0 13.0 12.0 12.0 13.0 12.0 12.0 13.0 12.0 12.0 13.0 13.0 13.0 12.0 13.0 12.0 13.0 12.0 13.0 13.0 13.0 12.0 12.0 13.0 13.0 13.0 12.0 13.0 12.0
14 15 1 TRACE 22.0 58.0 15.0 15.0 15.0 15.0 15.0 15.0 15.0 14.0 15.0 15.0 15.0 15.0 20.0 15.0 15.0 15.0 14.0 15.0 15.0 15.0 14.0 14.0 16.0 14.0 15.0 15.0 15.0 15.0 15.0 15.0 14.0 14.0 15.0 14.0 20.0 15.0 15.0 15.0 15.0 15.0 14.0 15.0 15.0 15.0 15.0 14.0 14.0 15.0 15.0 14.0 15.0 16.0 15.0 15.0 15.0 15.0 14.0 14.0 15.0 15.0 15.0 15.0
15 16 1 TRACE 13.0 29.0 9.0 8.0 9.0 9.0 8.0 9.0 9.0 8.0 9.0 9.0 9.0 9.0 9.0 9.0 9.0 9.0 9.0 9.0 8.0 9.0 8.0 9.0 8.0 8.0 9.0 9.0 9.0 9.0 10.0 9.0 8.0 8.0 9.0 9.0 9.0 9.0 9.0 8.0 9.0 8.0 9.0 9.0 8.0 8.0 8.0 8.0 8.0 9.0 9.0 9.0 9.0 9.0 9.0 9.0 8.0 8.0 9.0 9.0 8.0 9.0 8.0 9.0
16 17 1 TRACE 150.0 197.0 152.0 131.0 129.0 130.0 130.0 129.0 129.0 181.0 130.0 138.0 237.0 131.0 160.0 130.0 130.0 130.0 135.0 130.0 144.0 135.0 130.0 129.0 131.0 130.0 130.0 129.0 131.0 134.0 129.0 129.0 130.0 130.0 130.0 129.0 130.0 220.0 136.0 130.0 130.0 141.0 130.0 131.0 130.0 130.0 130.0 130.0 130.0 129.0 135.0 145.0 129.0 129.0 136.0 131.0 131.0 129.0 129.0 236.0 130.0 130.0 138.0 131.0
17 18 1 TRACE 18.0 1643.0 12.0 12.0 12.0 12.0 13.0 13.0 12.0 12.0 13.0 13.0 19.0 12.0 13.0 12.0 12.0 12.0 12.0 12.0 12.0 13.0 13.0 12.0 12.0 13.0 13.0 13.0 12.0 12.0 13.0 13.0 12.0 12.0 12.0 13.0 12.0 13.0 13.0 12.0 12.0 13.0 12.0 12.0 12.0 12.0 12.0 12.0 12.0 13.0 12.0 13.0 13.0 12.0 12.0 12.0 12.0 12.0 12.0 12.0 12.0 12.0 13.0 12.0
18 19 1 TRACE 17.0 273.0 13.0 14.0 13.0 12.0 13.0 12.0 14.0 37.0 12.0 14.0 13.0 12.0 13.0 13.0 32.0 12.0 13.0 13.0 12.0 12.0 13.0 13.0 12.0 12.0 12.0 12.0 13.0 13.0 13.0 13.0 12.0 11.0 12.0 12.0 12.0 13.0 12.0 12.0 13.0 12.0 13.0 22.0 13.0 12.0 13.0 12.0 12.0 13.0 12.0 12.0 11.0 12.0 12.0 12.0 13.0 13.0 20.0 14.0 13.0 12.0 13.0 12.0
19 20 1 TRACE 17.0 12.0 13.0 12.0 13.0 12.0 12.0 12.0 12.0 12.0 12.0 12.0 13.0 12.0 19.0 15.0 14.0 12.0 12.0 12.0 11.0 11.0 12.0 12.0 12.0 12.0 12.0 12.0 12.0 22.0 12.0 11.0 12.0 12.0 12.0 12.0 12.0 13.0 12.0 12.0 12.0 12.0 12.0 22.0 12.0 12.0 12.0 13.0 12.0 13.0 12.0 11.0 12.0 12.0 12.0 12.0 12.0 12.0 13.0 12.0 11.0 12.0 12.0 12.0
20 21 1 TRACE 83.0 78.0 78.0 77.0 78.0 79.0 78.0 77.0 78.0 78.0 78.0 78.0 160.0 78.0 78.0 77.0 78.0 77.0 78.0 78.0 78.0 79.0 78.0 77.0 78.0 78.0 86.0 78.0 85.0 79.0 78.0 78.0 78.0 77.0 77.0 78.0 77.0 79.0 78.0 78.0 78.0 78.0 78.0 78.0 78.0 78.0 85.0 78.0 78.0 78.0 79.0 78.0 78.0 78.0 78.0 78.0 78.0 78.0 78.0 78.0 78.0 78.0 78.0 78.0
21 22 1 TRACE 28.0 13.0 11.0 11.0 11.0 11.0 11.0 11.0 11.0 11.0 11.0 11.0 12.0 12.0 11.0 12.0 12.0 12.0 12.0 12.0 12.0 13.0 12.0 12.0 13.0 12.0 13.0 12.0 13.0 12.0 13.0 12.0 12.0 12.0 12.0 12.0 12.0 12.0 12.0 13.0 12.0 12.0 12.0 13.0 12.0 12.0 13.0 12.0 12.0 12.0 13.0 12.0 12.0 12.0 12.0 12.0 13.0 12.0 13.0 12.0 12.0 12.0 12.0 12.0
22 23 1 TRACE 613.0 619.0 611.0 606.0 605.0 532.0 606.0 482.0 479.0 501.0 494.0 602.0 604.0 481.0 482.0 603.0 506.0 483.0 487.0 603.0 513.0 608.0 517.0 563.0 571.0 482.0 484.0 629.0 607.0 609.0 603.0 483.0 604.0 513.0 606.0 604.0 477.0 604.0 606.0 491.0 482.0 544.0 481.0 841.0 482.0 478.0 482.0 605.0 581.0 608.0 609.0 529.0 604.0 606.0 604.0 605.0 532.0 476.0 560.0 484.0 601.0 606.0 606.0 594.0
23 24 1 TRACE 39.0 29.0 28.0 29.0 27.0 34.0 29.0 28.0 26.0 26.0 30.0 26.0 27.0 31.0 27.0 27.0 26.0 26.0 27.0 30.0 28.0 26.0 28.0 30.0 26.0 30.0 30.0 32.0 27.0 27.0 27.0 26.0 29.0 25.0 30.0 27.0 29.0 26.0 25.0 67.0 28.0 30.0 27.0 36.0 29.0 36.0 127.0 27.0 27.0 29.0 29.0 27.0 29.0 28.0 27.0 27.0 28.0 26.0 30.0 30.0 26.0 27.0 26.0 27.0
24 25 1 TRACE 54.0 24.0 20.0 22.0 21.0 22.0 21.0 21.0 21.0 21.0 23.0 20.0 22.0 22.0 24.0 23.0 21.0 21.0 21.0 20.0 21.0 22.0 21.0 22.0 123.0 23.0 22.0 23.0 23.0 22.0 22.0 21.0 20.0 22.0 22.0 21.0 22.0 20.0 22.0 23.0 21.0 21.0 21.0 46.0 21.0 23.0 23.0 21.0 20.0 22.0 20.0 21.0 22.0 22.0 21.0 22.0 22.0 21.0 32.0 20.0 21.0 20.0 29.0 21.0
25 26 1 TRACE 70.0 21.0 56.0 22.0 54.0 21.0 55.0 22.0 55.0 21.0 21.0 55.0 21.0 58.0 21.0 56.0 21.0 54.0 21.0 56.0 21.0 55.0 20.0 56.0 54.0 21.0 55.0 21.0 54.0 21.0 55.0 21.0 54.0 21.0 55.0 55.0 20.0 20.0 56.0 55.0 20.0 57.0 55.0 20.0 56.0 21.0 56.0 21.0 55.0 22.0 55.0 21.0 21.0 56.0 55.0 20.0 20.0 57.0 21.0 55.0 21.0 57.0 21.0 59.0 21.0 56.0 21.0 55.0 21.0 21.0 56.0 21.0 55.0 20.0 56.0 21.0 55.0 21.0 56.0 22.0 55.0 21.0 56.0 22.0 55.0 20.0 56.0 55.0 20.0 56.0 22.0 55.0 21.0 21.0 57.0 55.0 21.0 55.0 25.0 55.0 21.0 56.0 54.0 21.0 69.0 21.0 56.0 21.0 56.0 21.0 55.0 20.0 56.0 55.0 20.0 21.0 55.0 21.0 55.0 21.0 21.0 56.0 21.0 54.0 20.0 56.0 22.0 55.0 21.0 21.0 56.0 21.0 55.0 21.0 56.0 22.0 54.0 21.0 56.0 22.0 55.0 21.0 20.0 56.0 21.0 54.0 21.0 56.0 22.0 55.0 21.0 20.0 56.0 54.0 21.0 56.0 55.0 21.0 56.0 21.0 55.0 21.0 57.0 21.0 55.0 21.0 56.0 21.0 55.0 20.0 56.0 55.0 24.0 56.0 21.0 55.0 21.0 56.0 22.0 55.0 21.0 20.0 56.0 21.0 55.0 21.0 57.0 55.0 22.0 56.0 55.0 20.0 56.0 22.0 55.0 21.0 56.0 55.0 20.0 21.0 56.0 22.0 55.0 20.0 55.0 22.0 55.0 21.0 56.0 54.0 21.0 57.0 21.0 55.0 21.0 56.0 55.0 21.0 21.0 62.0 21.0 54.0 20.0 56.0 55.0 21.0 56.0 55.0 21.0 56.0 21.0 55.0 21.0 56.0 21.0 54.0 20.0 56.0 21.0 55.0 20.0 57.0 55.0 21.0 56.0 21.0 55.0 20.0 56.0 22.0
26 27 1 TRACE 12.0 8.0 8.0 8.0 8.0 8.0 8.0 8.0 8.0 8.0 8.0 8.0 8.0 8.0 8.0 8.0 8.0 8.0 8.0 8.0 8.0 7.0 7.0 8.0 8.0 8.0 8.0 8.0 8.0 8.0 8.0 7.0 8.0 8.0 8.0 8.0 8.0 7.0 8.0 7.0 8.0 8.0 8.0 8.0 8.0 8.0 7.0 8.0 8.0 8.0 7.0 7.0 7.0 8.0 8.0 8.0 8.0 8.0 8.0 8.0 8.0 8.0 8.0 8.0 7.0 8.0 8.0 7.0 7.0 8.0 8.0 8.0 8.0 8.0 8.0 8.0 8.0 7.0 8.0 7.0 7.0 8.0 9.0 8.0 8.0 8.0 8.0 8.0 7.0 8.0 8.0 8.0 8.0 7.0 7.0 7.0 8.0 8.0 8.0 7.0 7.0 8.0 8.0 8.0 9.0 8.0 9.0 7.0 8.0 8.0 8.0 8.0 8.0 8.0 8.0 7.0 8.0 8.0 8.0 8.0 8.0 7.0 7.0 8.0 8.0 8.0 8.0 8.0 7.0 7.0 8.0 8.0 8.0 7.0 7.0 8.0 8.0 7.0 8.0 8.0 8.0 7.0 8.0 8.0 7.0 8.0 8.0 8.0 8.0 8.0 8.0 8.0 8.0 8.0 9.0 7.0 8.0 7.0 8.0 8.0 8.0 7.0 8.0 8.0 8.0 7.0 8.0 8.0 7.0 8.0 8.0 8.0 9.0 8.0 8.0 8.0 8.0 8.0 8.0 8.0 8.0 7.0 8.0 8.0 8.0 7.0 8.0 8.0 8.0 8.0 8.0 7.0 8.0 7.0 8.0 8.0 8.0 8.0 8.0 7.0 8.0 8.0 7.0 8.0 8.0 8.0 8.0 7.0 8.0 9.0 8.0 8.0 8.0 9.0 7.0 9.0 8.0 8.0 7.0 7.0 8.0 8.0 8.0 8.0 8.0 8.0 8.0 7.0 8.0 8.0 8.0 8.0 7.0 8.0 7.0 8.0 8.0 8.0 8.0 8.0 8.0 8.0 8.0 7.0 8.0 8.0 7.0 8.0 8.0 8.0
27 28 1 TRACE 11.0 8.0 8.0 8.0 8.0 8.0 8.0 8.0 8.0 8.0 8.0 8.0 8.0 8.0 8.0 8.0 7.0 8.0 8.0 8.0 8.0 7.0 8.0 8.0 8.0 8.0 8.0 8.0 8.0 7.0 8.0 7.0 8.0 8.0 8.0 8.0 8.0 8.0 8.0 7.0 8.0 8.0 8.0 8.0 8.0 7.0 8.0 8.0 7.0 8.0 7.0 8.0 8.0 8.0 8.0 7.0 7.0 8.0 8.0 8.0 8.0 8.0 8.0 8.0 7.0 8.0 8.0 7.0 8.0 8.0 8.0 8.0 8.0 8.0 8.0 8.0 8.0 7.0 8.0 8.0 8.0 8.0 8.0 8.0 8.0 8.0 8.0 7.0 7.0 8.0 8.0 8.0 8.0 7.0 7.0 7.0 8.0 7.0 7.0 7.0 7.0 8.0 8.0 8.0 19.0 8.0 8.0 7.0 8.0 8.0 8.0 8.0 8.0 8.0 7.0 7.0 8.0 8.0 8.0 8.0 8.0 7.0 7.0 8.0 7.0 8.0 7.0 8.0 12.0 7.0 7.0 8.0 8.0 7.0 7.0 8.0 8.0 7.0 8.0 8.0 8.0 7.0 8.0 8.0 7.0 8.0 7.0 8.0 8.0 8.0 7.0 8.0 8.0 8.0 8.0 7.0 8.0 8.0 7.0 8.0 8.0 7.0 7.0 8.0 8.0 7.0 8.0 7.0 7.0 8.0 9.0 7.0 10.0 8.0 8.0 7.0 8.0 8.0 7.0 8.0 8.0 8.0 8.0 8.0 8.0 7.0 8.0 8.0 8.0 8.0 7.0 7.0 8.0 7.0 8.0 8.0 12.0 8.0 8.0 7.0 8.0 8.0 7.0 8.0 8.0 7.0 7.0 7.0 8.0 8.0 8.0 8.0 8.0 8.0 7.0 8.0 8.0 7.0 7.0 7.0 8.0 8.0 7.0 8.0 8.0 8.0 8.0 7.0 7.0 8.0 8.0 8.0 8.0 7.0 7.0 8.0 8.0 8.0 8.0 7.0 8.0 8.0 8.0 7.0 8.0 8.0 7.0 7.0 8.0 8.0
28 29 1 TRACE 14.0 10.0 12.0 10.0 9.0 10.0 12.0 10.0 15.0 9.0 10.0 11.0 10.0 12.0 10.0 10.0 9.0 10.0 9.0 11.0 10.0 9.0 10.0 10.0 10.0 10.0 11.0 9.0 10.0 9.0 10.0 9.0 10.0 9.0 10.0 10.0 9.0 10.0 12.0 10.0 9.0 10.0 9.0 10.0 11.0 10.0 10.0 10.0 11.0 9.0 10.0 10.0 11.0 11.0 9.0 8.0 10.0 10.0 10.0 9.0 9.0 11.0 10.0 12.0 10.0 11.0 9.0 9.0 10.0 9.0 11.0 10.0 10.0 9.0 12.0 10.0 10.0 10.0 12.0 9.0 9.0 10.0 12.0 10.0 10.0 10.0 10.0 9.0 10.0 11.0 10.0 10.0 9.0 11.0 10.0 9.0 10.0 10.0 11.0 10.0 10.0 10.0 11.0 10.0 12.0 10.0 11.0 10.0 10.0 10.0 10.0 9.0 10.0 9.0 9.0 10.0 10.0 10.0 10.0 9.0 11.0 11.0 10.0 10.0 9.0 12.0 10.0 10.0 11.0 11.0 11.0 9.0 9.0 10.0 11.0 10.0 11.0 10.0 11.0 9.0 10.0 10.0 10.0 11.0 9.0 10.0 10.0 11.0 10.0 9.0 9.0 10.0 10.0 9.0 9.0 10.0 10.0 10.0 10.0 10.0 10.0 10.0 11.0 15.0 10.0 10.0 11.0 9.0 9.0 9.0 11.0 9.0 12.0 11.0 9.0 10.0 10.0 12.0 10.0 10.0 9.0 10.0 10.0 9.0 9.0 9.0 10.0 9.0 10.0 11.0 9.0 10.0 12.0 10.0 10.0 10.0 10.0 10.0 9.0 10.0 11.0 10.0 9.0 10.0 11.0 10.0 10.0 9.0 10.0 10.0 9.0 10.0 9.0 10.0 10.0 12.0 10.0 9.0 10.0 10.0 9.0 9.0 9.0 10.0 10.0 10.0 10.0 10.0 9.0 11.0 9.0 10.0 11.0 10.0 10.0 10.0 16.0 11.0 9.0 10.0 9.0 10.0 9.0 10.0 11.0 9.0 9.0 9.0 12.0 10.0
29 30 1 TRACE 31.0 23.0 27.0 24.0 26.0 22.0 30.0 23.0 15.0 33.0 22.0 30.0 50.0 14.0 25.0 37.0 24.0 22.0 21.0 26.0 22.0 23.0 22.0 26.0 34.0 20.0 27.0 23.0 21.0 23.0 28.0 23.0 26.0 50.0 28.0 26.0 23.0 23.0 30.0 35.0 22.0 22.0 24.0 22.0 40.0 22.0 23.0 21.0 35.0 23.0 23.0 22.0 21.0 49.0 22.0 25.0 25.0 27.0 22.0 21.0 23.0 30.0 25.0 15.0 23.0 27.0 24.0 29.0 24.0 24.0 27.0 22.0 23.0 36.0 28.0 21.0 26.0 23.0 29.0 24.0 26.0 22.0 51.0 27.0 23.0 20.0 27.0 28.0 22.0 27.0 23.0 43.0 22.0 27.0 27.0 29.0 23.0 36.0 15.0 23.0 29.0 24.0 23.0 23.0 17.0 22.0 18.0 23.0 26.0 24.0 20.0 21.0 26.0 23.0 22.0 20.0 72.0 23.0 21.0 21.0 20.0 42.0 24.0 26.0 22.0 128.0 24.0 25.0 14.0 25.0 136.0 22.0 25.0 20.0 25.0 130.0 21.0 23.0 27.0 20.0 21.0 21.0 22.0 24.0 23.0 22.0 23.0 25.0 24.0 27.0 28.0 22.0 28.0 139.0 24.0 27.0 27.0 127.0 29.0 28.0 41.0 22.0 25.0 15.0 23.0 22.0 25.0 22.0 27.0 23.0 24.0 102.0 75.0 26.0 22.0 22.0 23.0 29.0 24.0 21.0 22.0 24.0 27.0 118.0 27.0 23.0 30.0 22.0 126.0 24.0 24.0 23.0 27.0 24.0 31.0 22.0 19.0 21.0 21.0 22.0 25.0 34.0 28.0 22.0 28.0 23.0 23.0 22.0 24.0 21.0 22.0 21.0 23.0 21.0 30.0 26.0 22.0 22.0 23.0 135.0 22.0 24.0 22.0 123.0 26.0 22.0 27.0 23.0 22.0 27.0 25.0 125.0 30.0 26.0 32.0 24.0 15.0 26.0 25.0 27.0 22.0 25.0 33.0 29.0 58.0 24.0 27.0 24.0 32.0 29.0
30 31 1 TRACE 25.0 15.0 20.0 14.0 15.0 14.0 21.0 14.0 11.0 8.0 13.0 16.0 13.0 15.0 14.0 15.0 13.0 15.0 13.0 18.0 13.0 11.0 13.0 17.0 11.0 14.0 17.0 12.0 16.0 13.0 14.0 13.0 11.0 13.0 15.0 15.0 9.0 14.0 119.0 15.0 12.0 15.0 10.0 13.0 19.0 14.0 10.0 12.0 19.0 13.0 15.0 13.0 13.0 15.0 11.0 8.0 19.0 15.0 12.0 20.0 13.0 21.0 13.0 15.0 14.0 18.0 13.0 11.0 13.0 13.0 16.0 13.0 10.0 13.0 20.0 14.0 11.0 13.0 21.0 13.0 10.0 13.0 18.0 14.0 11.0 12.0 15.0 11.0 12.0 18.0 14.0 15.0 13.0 13.0 15.0 11.0 13.0 16.0 13.0 15.0 13.0 15.0 15.0 13.0 18.0 14.0 28.0 12.0 16.0 13.0 11.0 13.0 15.0 11.0 8.0 14.0 20.0 12.0 15.0 12.0 13.0 17.0 12.0 14.0 13.0 20.0 14.0 16.0 13.0 13.0 16.0 14.0 11.0 12.0 17.0 13.0 16.0 13.0 16.0 13.0 14.0 12.0 13.0 16.0 13.0 15.0 13.0 16.0 13.0 12.0 8.0 14.0 16.0 11.0 13.0 14.0 11.0 13.0 18.0 13.0 15.0 9.0 18.0 14.0 15.0 13.0 16.0 13.0 15.0 13.0 15.0 28.0 12.0 15.0 13.0 11.0 12.0 21.0 13.0 11.0 12.0 13.0 15.0 13.0 15.0 9.0 15.0 14.0 14.0 15.0 11.0 13.0 18.0 13.0 116.0 11.0 15.0 16.0 13.0 13.0 16.0 13.0 11.0 13.0 17.0 13.0 11.0 13.0 14.0 15.0 10.0 15.0 13.0 10.0 14.0 15.0 15.0 13.0 13.0 16.0 13.0 11.0 13.0 17.0 11.0 12.0 15.0 15.0 13.0 18.0 13.0 11.0 15.0 16.0 19.0 16.0 14.0 19.0 14.0 11.0 13.0 15.0 11.0 13.0 17.0 13.0 11.0 12.0 20.0 14.0
31 32 1 TRACE 17.0 12.0 14.0 16.0 11.0 11.0 14.0 14.0 12.0 10.0 11.0 14.0 12.0 12.0 11.0 14.0 12.0 11.0 12.0 14.0 13.0 11.0 11.0 14.0 11.0 11.0 20.0 13.0 11.0 11.0 13.0 12.0 11.0 11.0 13.0 11.0 11.0 11.0 14.0 11.0 11.0 14.0 11.0 11.0 14.0 13.0 11.0 11.0 14.0 13.0 11.0 11.0 11.0 14.0 11.0 10.0 11.0 13.0 12.0 11.0 11.0 15.0 13.0 11.0 11.0 14.0 13.0 10.0 11.0 11.0 14.0 12.0 11.0 11.0 14.0 14.0 10.0 10.0 14.0 14.0 11.0 11.0 15.0 13.0 12.0 11.0 14.0 12.0 11.0 14.0 13.0 14.0 11.0 11.0 13.0 11.0 11.0 14.0 14.0 11.0 11.0 15.0 11.0 11.0 14.0 13.0 23.0 10.0 14.0 12.0 11.0 11.0 13.0 11.0 11.0 11.0 14.0 13.0 11.0 12.0 11.0 14.0 13.0 15.0 10.0 14.0 13.0 11.0 12.0 11.0 14.0 12.0 11.0 11.0 14.0 13.0 11.0 11.0 14.0 13.0 12.0 13.0 10.0 14.0 13.0 11.0 11.0 15.0 12.0 11.0 10.0 11.0 14.0 12.0 11.0 14.0 11.0 11.0 20.0 13.0 11.0 10.0 14.0 13.0 11.0 10.0 14.0 12.0 11.0 11.0 14.0 10.0 13.0 14.0 11.0 11.0 11.0 14.0 13.0 11.0 11.0 11.0 13.0 12.0 10.0 11.0 14.0 11.0 11.0 15.0 11.0 11.0 14.0 13.0 11.0 11.0 14.0 13.0 11.0 11.0 13.0 12.0 11.0 11.0 14.0 13.0 11.0 11.0 14.0 11.0 10.0 14.0 13.0 10.0 11.0 14.0 11.0 11.0 11.0 14.0 12.0 11.0 11.0 14.0 11.0 11.0 14.0 11.0 11.0 14.0 12.0 17.0 11.0 13.0 25.0 11.0 11.0 14.0 13.0 11.0 11.0 14.0 11.0 11.0 14.0 12.0 11.0 11.0 12.0 11.0
32 33 1 TRACE 17.0 12.0 14.0 12.0 11.0 11.0 15.0 12.0 13.0 11.0 12.0 12.0 11.0 13.0 12.0 11.0 11.0 11.0 117.0 14.0 11.0 11.0 11.0 12.0 12.0 11.0 13.0 12.0 12.0 11.0 12.0 12.0 12.0 11.0 12.0 12.0 12.0 14.0 13.0 12.0 12.0 15.0 12.0 11.0 14.0 12.0 12.0 12.0 14.0 12.0 12.0 11.0 12.0 11.0 12.0 109.0 12.0 12.0 11.0 12.0 116.0 15.0 12.0 12.0 11.0 14.0 11.0 11.0 11.0 11.0 11.0 11.0 12.0 12.0 15.0 11.0 12.0 19.0 16.0 12.0 12.0 11.0 14.0 12.0 11.0 11.0 12.0 11.0 12.0 13.0 11.0 12.0 11.0 11.0 11.0 11.0 11.0 12.0 12.0 11.0 12.0 12.0 11.0 11.0 14.0 12.0 12.0 13.0 13.0 12.0 11.0 11.0 12.0 11.0 11.0 12.0 16.0 11.0 12.0 12.0 11.0 12.0 11.0 13.0 11.0 14.0 12.0 11.0 12.0 11.0 12.0 11.0 11.0 11.0 13.0 12.0 12.0 12.0 12.0 12.0 11.0 11.0 12.0 12.0 11.0 11.0 11.0 12.0 11.0 12.0 11.0 12.0 12.0 12.0 13.0 11.0 11.0 11.0 15.0 11.0 12.0 11.0 14.0 13.0 12.0 16.0 12.0 11.0 11.0 11.0 11.0 35.0 13.0 12.0 11.0 11.0 11.0 15.0 12.0 11.0 11.0 11.0 12.0 11.0 11.0 11.0 12.0 12.0 12.0 17.0 12.0 11.0 13.0 11.0 13.0 11.0 11.0 12.0 111.0 11.0 13.0 12.0 12.0 116.0 13.0 12.0 11.0 12.0 12.0 12.0 11.0 11.0 15.0 12.0 12.0 12.0 11.0 11.0 16.0 12.0 12.0 12.0 11.0 11.0 11.0 12.0 12.0 11.0 11.0 13.0 12.0 13.0 11.0 12.0 11.0 11.0 12.0 13.0 11.0 12.0 112.0 12.0 11.0 11.0 12.0 11.0 12.0 11.0 15.0 12.0
33 34 1 TRACE 3248.0 4028.0 5175.0 2252.0 3165.0 3647.0 5509.0 2317.0 2409.0 1344.0 11072.0 4253.0 1365.0 2244.0 17149.0 4217.0 1057.0 2126.0 4346.0 4517.0 1753.0 2583.0 2443.0 4189.0 2063.0 6189.0 4403.0 1742.0 2680.0 1583.0 4195.0 1056.0 2802.0 2798.0 4129.0 2787.0 2087.0 29395.0 4222.0 2191.0 3054.0 4188.0 3079.0 3675.0 4422.0 1903.0 2830.0 3947.0 4692.0 1740.0 2317.0 2679.0 27245.0 4218.0 2771.0 1416.0 34922.0 4212.0 1061.0 3119.0 2813.0 4815.0 1819.0 2902.0 4517.0 4520.0 2222.0 1992.0 2656.0 17606.0 4199.0 1056.0 2270.0 4222.0 4745.0 2252.0 2306.0 3751.0 4939.0 2332.0 2229.0 4725.0 4524.0 1769.0 2223.0 3376.0 4216.0 2281.0 5968.0 4381.0 1756.0 2191.0 2748.0 29572.0 4195.0 2715.0 8122.0 4299.0 1368.0 2243.0 3222.0 4169.0 2525.0 3504.0 4634.0 1902.0 2446.0 5950.0 4320.0 1489.0 3121.0 3158.0 4185.0 1990.0 957.0 8757.0 4272.0 1516.0 2129.0 2137.0 17351.0 4229.0 1056.0 1988.0 5179.0 4646.0 1902.0 2227.0 1775.0 31485.0 4291.0 1066.0 2614.0 5195.0 4372.0 1840.0 2332.0 9702.0 4364.0 1365.0 2020.0 1748.0 19958.0 4361.0 1063.0 2432.0 9395.0 4457.0 1062.0 3127.0 1903.0 29678.0 4197.0 2449.0 3424.0 4188.0 2219.0 5767.0 4379.0 1731.0 2623.0 4836.0 4473.0 1766.0 2548.0 9423.0 4371.0 1379.0 2820.0 2158.0 4193.0 3671.0 3914.0 4299.0 1056.0 2977.0 3634.0 4800.0 2354.0 2829.0 2081.0 29834.0 4257.0 1059.0 2930.0 3133.0 4168.0 3109.0 2274.0 4205.0 2817.0 3084.0 4492.0 2213.0 2067.0 1796.0 4143.0 2577.0 994.0 11426.0 4255.0 1277.0 2139.0 5895.0 4420.0 1742.0 2131.0 3469.0 4153.0 2226.0 3170.0 4153.0 1055.0 2762.0 18282.0 4208.0 3078.0 2031.0 25652.0 4308.0 1063.0 2997.0 2330.0 4130.0 2454.0 2309.0 4171.0 2343.0 5298.0 4338.0 1743.0 2175.0 17353.0 4188.0 1058.0 3149.0 3919.0 4508.0 1746.0 2159.0 3497.0 4157.0 2975.0 4994.0 4312.0 1732.0 2806.0 3996.0 4815.0 1761.0
34 35 1 TRACE 760.0 48.0 49.0 32.0 49.0 42.0 50.0 31.0 113.0 116.0 119.0 70.0 22.0 48.0 254.0 46.0 22.0 49.0 54.0 49.0 35.0 47.0 46.0 47.0 45.0 91.0 48.0 31.0 46.0 31.0 47.0 22.0 31.0 45.0 47.0 17.0 45.0 386.0 48.0 34.0 43.0 51.0 48.0 53.0 49.0 31.0 46.0 52.0 50.0 33.0 49.0 39.0 360.0 47.0 16.0 147.0 446.0 48.0 22.0 47.0 46.0 48.0 36.0 48.0 56.0 48.0 32.0 45.0 41.0 250.0 49.0 21.0 53.0 50.0 49.0 31.0 47.0 45.0 50.0 33.0 46.0 61.0 49.0 32.0 47.0 42.0 48.0 49.0 72.0 48.0 31.0 48.0 43.0 372.0 48.0 46.0 98.0 47.0 23.0 49.0 41.0 51.0 48.0 49.0 50.0 32.0 50.0 92.0 49.0 32.0 44.0 40.0 47.0 17.0 44.0 111.0 47.0 22.0 48.0 32.0 229.0 47.0 22.0 47.0 63.0 48.0 31.0 55.0 32.0 395.0 48.0 22.0 45.0 71.0 48.0 32.0 48.0 115.0 48.0 22.0 48.0 32.0 278.0 47.0 21.0 48.0 112.0 49.0 22.0 17.0 48.0 375.0 47.0 32.0 44.0 48.0 46.0 157.0 47.0 32.0 16.0 73.0 48.0 30.0 50.0 122.0 48.0 32.0 49.0 43.0 47.0 19.0 47.0 48.0 22.0 46.0 47.0 50.0 33.0 45.0 40.0 373.0 54.0 22.0 17.0 51.0 47.0 51.0 39.0 47.0 52.0 58.0 49.0 31.0 51.0 31.0 47.0 36.0 55.0 192.0 47.0 21.0 46.0 71.0 49.0 34.0 45.0 40.0 48.0 17.0 46.0 48.0 21.0 46.0 247.0 47.0 35.0 40.0 337.0 51.0 22.0 46.0 32.0 48.0 61.0 39.0 50.0 50.0 69.0 48.0 31.0 45.0 238.0 48.0 22.0 35.0 50.0 49.0 32.0 30.0 46.0 47.0 46.0 75.0 49.0 31.0 48.0 49.0 49.0 31.0
35 36 1 TRACE 34.0 55.0 28.0 23.0 26.0 46.0 29.0 25.0 13.0 25.0 214.0 25.0 19.0 26.0 428.0 26.0 19.0 26.0 56.0 27.0 23.0 24.0 31.0 25.0 25.0 166.0 27.0 22.0 25.0 28.0 29.0 18.0 20.0 34.0 25.0 12.0 26.0 696.0 30.0 21.0 29.0 25.0 25.0 68.0 29.0 30.0 24.0 50.0 27.0 24.0 122.0 25.0 643.0 29.0 11.0 27.0 952.0 27.0 19.0 25.0 47.0 28.0 24.0 27.0 63.0 27.0 24.0 24.0 42.0 455.0 45.0 19.0 25.0 52.0 27.0 24.0 25.0 39.0 28.0 24.0 24.0 65.0 28.0 23.0 25.0 29.0 25.0 106.0 91.0 27.0 23.0 25.0 25.0 690.0 29.0 25.0 145.0 27.0 20.0 26.0 30.0 26.0 26.0 55.0 27.0 24.0 26.0 124.0 27.0 23.0 24.0 29.0 24.0 12.0 23.0 178.0 25.0 19.0 26.0 24.0 400.0 44.0 19.0 25.0 75.0 27.0 22.0 26.0 25.0 775.0 29.0 19.0 24.0 97.0 25.0 23.0 25.0 191.0 26.0 19.0 26.0 25.0 503.0 44.0 20.0 25.0 185.0 26.0 19.0 11.0 25.0 658.0 30.0 21.0 34.0 26.0 28.0 87.0 26.0 23.0 11.0 80.0 26.0 23.0 26.0 210.0 26.0 24.0 26.0 35.0 25.0 14.0 42.0 30.0 19.0 25.0 43.0 28.0 24.0 23.0 29.0 787.0 30.0 19.0 11.0 34.0 25.0 25.0 27.0 26.0 25.0 79.0 27.0 23.0 25.0 27.0 26.0 21.0 25.0 256.0 26.0 19.0 24.0 87.0 26.0 23.0 24.0 30.0 45.0 12.0 31.0 29.0 19.0 25.0 425.0 25.0 20.0 25.0 592.0 29.0 19.0 25.0 26.0 25.0 25.0 30.0 29.0 35.0 85.0 25.0 23.0 25.0 404.0 25.0 19.0 20.0 52.0 27.0 25.0 21.0 34.0 25.0 24.0 103.0 25.0 25.0 25.0 49.0 27.0 24.0
36 37 1 TRACE 1079.0 656.0 68.0 21.0 27.0 413.0 78.0 22.0 579.0 29.0 4172.0 75.0 20.0 46.0 10388.0 33.0 61.0 25.0 915.0 57.0 20.0 24.0 68.0 28.0 28.0 3542.0 45.0 19.0 23.0 74.0 29.0 23.0 22.0 144.0 28.0 21.0 45.0 11396.0 31.0 60.0 669.0 29.0 43.0 874.0 56.0 21.0 26.0 571.0 68.0 20.0 27.0 555.0 11449.0 31.0 647.0 49.0 12748.0 31.0 19.0 23.0 389.0 76.0 413.0 29.0 1382.0 59.0 21.0 24.0 34.0 7932.0 33.0 19.0 77.0 555.0 67.0 21.0 565.0 401.0 76.0 21.0 546.0 819.0 149.0 24.0 24.0 117.0 29.0 31.0 1871.0 49.0 20.0 23.0 535.0 11450.0 284.0 473.0 3275.0 41.0 20.0 25.0 128.0 29.0 28.0 855.0 61.0 21.0 28.0 2335.0 49.0 20.0 556.0 91.0 29.0 29.0 28.0 3527.0 40.0 35.0 23.0 32.0 8362.0 34.0 20.0 171.0 1022.0 53.0 20.0 23.0 43.0 11572.0 30.0 19.0 338.0 1397.0 53.0 20.0 29.0 3642.0 41.0 20.0 25.0 33.0 9956.0 34.0 19.0 124.0 3831.0 38.0 152.0 502.0 42.0 11108.0 31.0 474.0 201.0 29.0 29.0 1627.0 51.0 20.0 21.0 1087.0 54.0 20.0 31.0 4000.0 38.0 21.0 22.0 719.0 27.0 145.0 666.0 28.0 23.0 25.0 447.0 71.0 20.0 522.0 40.0 11388.0 31.0 19.0 134.0 534.0 29.0 33.0 88.0 28.0 24.0 952.0 53.0 20.0 118.0 111.0 28.0 23.0 26.0 5925.0 36.0 60.0 54.0 1696.0 48.0 20.0 25.0 167.0 31.0 21.0 70.0 31.0 23.0 36.0 7123.0 41.0 24.0 46.0 10217.0 32.0 21.0 435.0 200.0 122.0 23.0 73.0 29.0 27.0 1512.0 51.0 20.0 127.0 7194.0 33.0 20.0 79.0 834.0 59.0 21.0 21.0 225.0 28.0 26.0 1960.0 46.0 189.0 30.0 421.0 73.0 523.0
37 38 1 TRACE 29.0 448.0 23.0 19.0 22.0 307.0 26.0 19.0 20.0 23.0 1836.0 22.0 18.0 27.0 2226.0 22.0 18.0 63.0 606.0 23.0 19.0 19.0 57.0 24.0 21.0 1397.0 26.0 18.0 20.0 60.0 21.0 18.0 34.0 123.0 24.0 23.0 33.0 3297.0 25.0 21.0 102.0 24.0 21.0 607.0 23.0 34.0 31.0 415.0 23.0 19.0 21.0 32.0 4182.0 21.0 30.0 37.0 3698.0 25.0 19.0 22.0 304.0 23.0 19.0 24.0 583.0 24.0 19.0 31.0 26.0 2296.0 22.0 18.0 23.0 406.0 24.0 20.0 20.0 283.0 23.0 19.0 20.0 604.0 24.0 20.0 20.0 86.0 28.0 22.0 1077.0 23.0 18.0 19.0 34.0 3291.0 25.0 21.0 1481.0 22.0 20.0 24.0 88.0 21.0 23.0 642.0 23.0 18.0 23.0 1263.0 22.0 19.0 20.0 77.0 21.0 19.0 22.0 1690.0 23.0 18.0 21.0 26.0 2162.0 23.0 19.0 21.0 670.0 23.0 19.0 21.0 36.0 3371.0 26.0 23.0 22.0 951.0 22.0 21.0 25.0 1497.0 23.0 19.0 20.0 28.0 2459.0 23.0 18.0 24.0 1507.0 22.0 19.0 20.0 32.0 3194.0 27.0 23.0 119.0 21.0 28.0 976.0 24.0 21.0 21.0 734.0 22.0 19.0 23.0 1518.0 22.0 18.0 21.0 151.0 21.0 26.0 87.0 21.0 18.0 21.0 316.0 132.0 19.0 19.0 34.0 3274.0 29.0 18.0 22.0 117.0 26.0 24.0 69.0 21.0 19.0 725.0 23.0 19.0 21.0 71.0 21.0 21.0 23.0 1804.0 24.0 18.0 21.0 1085.0 22.0 18.0 20.0 136.0 22.0 21.0 56.0 22.0 19.0 26.0 2142.0 23.0 22.0 31.0 3009.0 21.0 19.0 21.0 69.0 25.0 19.0 57.0 21.0 22.0 905.0 22.0 19.0 26.0 2149.0 23.0 19.0 22.0 546.0 22.0 19.0 22.0 176.0 24.0 22.0 1142.0 23.0 19.0 20.0 316.0 23.0 19.0
38 39 1 TRACE 21.0 16.0 16.0 27.0 16.0 16.0 17.0 21.0 15.0 14.0 20.0 20.0 15.0 16.0 21.0 15.0 19.0 17.0 16.0 15.0 20.0 15.0 16.0 15.0 15.0 35.0 15.0 19.0 14.0 17.0 14.0 15.0 15.0 17.0 16.0 19.0 16.0 30.0 21.0 15.0 21.0 15.0 16.0 16.0 15.0 20.0 17.0 17.0 16.0 19.0 15.0 16.0 61.0 20.0 15.0 16.0 26.0 19.0 14.0 15.0 16.0 16.0 26.0 15.0 16.0 15.0 19.0 130.0 16.0 18.0 20.0 15.0 15.0 17.0 15.0 20.0 15.0 17.0 15.0 19.0 15.0 17.0 16.0 19.0 15.0 16.0 16.0 15.0 18.0 15.0 19.0 15.0 16.0 25.0 19.0 15.0 20.0 15.0 19.0 15.0 17.0 15.0 15.0 18.0 15.0 19.0 15.0 17.0 15.0 19.0 15.0 17.0 14.0 121.0 15.0 23.0 20.0 14.0 15.0 16.0 24.0 19.0 14.0 15.0 23.0 15.0 19.0 15.0 16.0 25.0 20.0 15.0 26.0 17.0 15.0 27.0 16.0 121.0 16.0 20.0 15.0 15.0 29.0 19.0 15.0 15.0 17.0 16.0 19.0 15.0 16.0 26.0 19.0 16.0 16.0 15.0 17.0 20.0 16.0 20.0 17.0 17.0 15.0 19.0 15.0 17.0 15.0 18.0 35.0 16.0 15.0 32.0 21.0 15.0 15.0 15.0 16.0 18.0 19.0 14.0 16.0 26.0 20.0 14.0 15.0 16.0 35.0 15.0 16.0 15.0 15.0 18.0 15.0 19.0 15.0 19.0 18.0 15.0 111.0 19.0 19.0 15.0 15.0 19.0 24.0 19.0 16.0 17.0 15.0 14.0 16.0 15.0 15.0 15.0 19.0 16.0 15.0 16.0 28.0 18.0 15.0 15.0 16.0 16.0 15.0 16.0 15.0 15.0 16.0 16.0 19.0 16.0 20.0 18.0 19.0 17.0 23.0 16.0 19.0 16.0 113.0 15.0 16.0 17.0 16.0 20.0 15.0 17.0 16.0 21.0
39 25 1 TRACE 13.0 13.0 12.0 13.0 12.0 12.0 13.0 13.0 13.0 13.0 14.0 13.0 13.0 13.0 12.0 13.0 12.0 13.0 12.0 13.0 12.0 13.0 13.0 13.0 13.0 13.0 12.0 13.0 13.0 12.0 14.0 13.0 13.0 14.0 12.0 24.0 13.0 14.0 12.0 14.0 12.0 13.0 12.0 14.0 13.0 12.0 13.0 12.0 13.0 106.0 13.0 14.0 13.0 13.0 13.0 13.0 12.0 12.0 12.0 12.0 13.0 12.0 13.0 13.0 13.0 13.0 14.0 13.0 13.0 13.0 13.0 13.0 13.0 13.0 13.0 12.0 13.0 13.0 13.0 13.0 12.0 13.0 13.0 13.0 12.0 16.0 13.0 12.0 14.0 12.0 12.0 13.0 13.0 13.0 13.0 13.0 13.0 12.0 15.0 12.0 12.0 13.0 13.0 12.0 13.0 14.0 13.0 13.0 13.0 12.0 13.0 13.0 13.0 12.0 19.0 113.0 13.0 12.0 13.0 13.0 12.0 13.0
39 40 1 TRACE 33.0 36.0 38.0 37.0 33.0 31.0 64.0 33.0 32.0 39.0 32.0 33.0 32.0 43.0 38.0 32.0 35.0 38.0 34.0 108.0 33.0 34.0 36.0 39.0 34.0 32.0 34.0 35.0 34.0 39.0 42.0 55.0 38.0 36.0 39.0 39.0 38.0 41.0 32.0 34.0 32.0 36.0 33.0 48.0 35.0 44.0 34.0 33.0 132.0 34.0 38.0 33.0 47.0 38.0 37.0 37.0 30.0 30.0 36.0 39.0 35.0 41.0 34.0 32.0
39 51 1 TRACE 59.0 36.0 37.0 37.0 39.0 37.0 37.0 39.0 37.0 36.0 38.0 39.0 36.0 36.0 34.0 37.0 37.0 37.0 38.0 37.0 36.0 125.0 40.0 39.0 38.0 36.0 36.0 39.0 36.0 37.0 36.0 38.0 35.0 48.0 39.0 142.0 35.0 36.0 39.0 37.0 38.0 45.0 36.0 36.0 38.0 36.0 140.0 38.0 38.0 39.0 39.0 36.0 37.0 37.0 135.0 37.0 36.0 36.0 39.0 37.0 39.0 35.0 37.0 37.0
40 41 1 TRACE 1724.0 1677.0 2948.0 3694.0 1936.0 1435.0 2977.0 1511.0 1405.0 5120.0 1399.0 1704.0 1557.0 6307.0 5459.0 1525.0 1635.0 3926.0 1612.0 1602.0 2047.0 1449.0 1896.0 5079.0 2371.0 1435.0 1630.0 2260.0 1411.0 2565.0 3774.0 1690.0 5089.0 2080.0 2676.0 4083.0 2776.0 4911.0 1434.0 2264.0 1747.0 2718.0 1457.0 2027.0 1527.0 5002.0 1419.0 1416.0 1666.0 1393.0 3237.0 2045.0 1440.0 1352.0 3751.0 4543.0 1374.0 1353.0 1870.0 3673.0 1625.0 1449.0 1914.0 1526.0
41 42 1 TRACE 17.0 15.0 14.0 13.0 14.0 14.0 15.0 15.0 14.0 15.0 15.0 14.0 12.0 15.0 14.0 13.0 14.0 15.0 15.0 16.0 15.0 14.0 12.0 14.0 15.0 14.0 12.0 14.0 15.0 15.0 16.0 14.0 16.0 12.0 14.0 14.0 13.0 12.0 14.0 14.0 13.0 14.0 14.0 19.0 15.0 14.0 18.0 14.0 14.0 13.0 15.0 15.0 13.0 14.0 13.0 16.0 14.0 13.0 13.0 14.0 15.0 13.0 14.0 14.0 13.0 14.0 15.0 13.0 15.0 16.0 14.0 13.0 14.0 13.0 16.0 15.0 14.0 14.0 14.0 14.0 12.0 15.0 15.0 13.0 13.0 14.0 14.0 13.0 14.0 14.0 12.0 14.0 14.0 14.0 15.0 14.0 14.0 16.0 14.0 13.0 13.0 15.0 15.0 17.0 14.0 14.0 13.0 14.0 14.0 13.0 15.0 14.0 16.0 20.0 13.0 14.0 16.0 15.0 18.0 15.0 16.0 12.0 14.0 14.0 15.0 13.0 15.0 14.0 12.0 14.0 16.0 13.0 15.0 15.0 12.0 14.0 14.0 15.0 14.0 14.0 14.0 14.0 12.0 15.0 15.0 16.0 15.0 14.0 12.0 15.0 14.0 14.0 12.0 14.0 14.0 14.0 12.0 15.0 15.0 12.0 15.0 15.0 14.0 15.0 15.0 14.0 13.0 14.0 15.0 12.0 14.0 14.0 15.0 12.0 14.0 15.0 13.0 17.0 15.0 13.0 17.0 15.0 14.0 13.0 14.0 14.0 14.0 12.0 16.0 14.0 14.0 12.0 14.0 14.0 16.0 14.0 13.0 12.0 14.0 13.0 13.0 15.0 14.0 14.0 13.0 16.0 14.0 12.0 14.0 14.0
42 43 1 TRACE 14.0 11.0 11.0 10.0 10.0 11.0 10.0 10.0 11.0 11.0 11.0 10.0 10.0 11.0 11.0 10.0 10.0 11.0 11.0 12.0 11.0 10.0 10.0 10.0 10.0 10.0 10.0 10.0 10.0 10.0 10.0 10.0 10.0 10.0 11.0 10.0 11.0 10.0 10.0 10.0 10.0 11.0 10.0 13.0 10.0 10.0 11.0 10.0 10.0 10.0 10.0 11.0 10.0 10.0 10.0 10.0 10.0 10.0 10.0 10.0 11.0 10.0 11.0 11.0 16.0 10.0 11.0 10.0 17.0 11.0 10.0 10.0 10.0 10.0 12.0 11.0 17.0 10.0 10.0 11.0 10.0 11.0 12.0 10.0 10.0 12.0 11.0 10.0 11.0 10.0 10.0 11.0 10.0 10.0 11.0 10.0 11.0 11.0 10.0 10.0 10.0 11.0 10.0 10.0 10.0 10.0 11.0 11.0 10.0 11.0 10.0 11.0 11.0 11.0 10.0 11.0 11.0 10.0 10.0 11.0 10.0 10.0 10.0 11.0 10.0 10.0 10.0 10.0 10.0 10.0 11.0 11.0 10.0 10.0 10.0 10.0 10.0 11.0 12.0 10.0 11.0 10.0 10.0 10.0 11.0 11.0 10.0 10.0 10.0 11.0 10.0 10.0 11.0 10.0 12.0 10.0 10.0 11.0 10.0 11.0 11.0 10.0 10.0 11.0 10.0 11.0 10.0 11.0 10.0 10.0 10.0 10.0 10.0 10.0 11.0 11.0 11.0 11.0 11.0 10.0 11.0 10.0 10.0 10.0 11.0 11.0 10.0 10.0 11.0 11.0 10.0 11.0 10.0 10.0 10.0 10.0 10.0 10.0 11.0 10.0 10.0 11.0 10.0 10.0 11.0 16.0 11.0 10.0 10.0 17.0
43 44 1 TRACE 29.0 28.0 27.0 23.0 28.0 28.0 29.0 33.0 23.0 28.0 28.0 21.0 24.0 28.0 28.0 19.0 27.0 28.0 21.0 30.0 27.0 25.0 20.0 28.0 28.0 21.0 22.0 28.0 27.0 20.0 28.0 27.0 20.0 20.0 27.0 27.0 21.0 26.0 28.0 28.0 25.0 27.0 27.0 31.0 28.0 20.0 27.0 28.0 21.0 23.0 28.0 29.0 26.0 28.0 27.0 29.0 28.0 21.0 23.0 28.0 52.0 24.0 28.0 28.0 27.0 28.0 30.0 23.0 29.0 28.0 20.0 27.0 28.0 26.0 29.0 28.0 22.0 28.0 28.0 25.0 23.0 28.0 28.0 21.0 26.0 27.0 28.0 28.0 29.0 26.0 21.0 27.0 27.0 21.0 28.0 28.0 25.0 28.0 28.0 21.0 26.0 28.0 27.0 28.0 28.0 21.0 26.0 27.0 27.0 28.0 28.0 25.0 28.0 30.0 21.0 28.0 28.0 23.0 28.0 28.0 20.0 23.0 27.0 31.0 20.0 27.0 28.0 26.0 23.0 28.0 27.0 28.0 28.0 24.0 23.0 28.0 28.0 21.0 23.0 27.0 28.0 21.0 24.0 28.0 28.0 28.0 28.0 20.0 21.0 28.0 28.0 20.0 24.0 28.0 27.0 21.0 23.0 28.0 27.0 22.0 28.0 27.0 21.0 30.0 28.0 24.0 28.0 28.0 27.0 22.0 28.0 27.0 20.0 20.0 27.0 28.0 21.0 28.0 29.0 22.0 29.0 28.0 21.0 18.0 28.0 28.0 20.0 20.0 30.0 27.0 21.0 26.0 27.0 26.0 29.0 28.0 21.0 25.0 28.0 27.0 23.0 27.0 28.0 20.0 28.0 28.0 27.0 23.0 27.0 29.0
44 45 1 TRACE 291.0 111.0 110.0 587.0 117.0 115.0 128.0 116.0 110.0 257.0 117.0 119.0 313.0 113.0 114.0 140.0 123.0 194.0 116.0 132.0 117.0 122.0 128.0 118.0 122.0 317.0 223.0 118.0 117.0 227.0 132.0 118.0 123.0 157.0 121.0 119.0 119.0 147.0 120.0 119.0 202.0 116.0 109.0 436.0 112.0 120.0 172.0 118.0 118.0 236.0 121.0 112.0 273.0 115.0 108.0 270.0 104.0 118.0 534.0 119.0 98.0 150.0 117.0 110.0 113.0 120.0 140.0 120.0 113.0 116.0 121.0 135.0 114.0 106.0 129.0 117.0 113.0 263.0 122.0 118.0 123.0 112.0 113.0 124.0 681.0 115.0 107.0 289.0 217.0 110.0 126.0 119.0 241.0 122.0 826.0 118.0 212.0 225.0 121.0 227.0 671.0 113.0 107.0 217.0 120.0 121.0 124.0 118.0 105.0 156.0 115.0 109.0 151.0 118.0 118.0 110.0 116.0 109.0 141.0 110.0 113.0 258.0 117.0 98.0 118.0 159.0 114.0 110.0 236.0 114.0 109.0 238.0 215.0 113.0 211.0 114.0 109.0 119.0 134.0 121.0 111.0 120.0 123.0 122.0 111.0 241.0 115.0 119.0 137.0 113.0 114.0 123.0 186.0 112.0 110.0 132.0 586.0 115.0 115.0 122.0 108.0 112.0 120.0 216.0 116.0 115.0 349.0 115.0 115.0 119.0 114.0 112.0 118.0 262.0 112.0 110.0 118.0 131.0 111.0 226.0 179.0 117.0 116.0 210.0 115.0 114.0 121.0 167.0 134.0 113.0 121.0 226.0 120.0 103.0 160.0 114.0 116.0 669.0 116.0 106.0 187.0 113.0 111.0 122.0 499.0 108.0 108.0 404.0 120.0 101.0
45 46 1 TRACE 23.0 18.0 17.0 17.0 18.0 17.0 16.0 18.0 17.0 17.0 19.0 17.0 14.0 18.0 17.0 114.0 17.0 65.0 17.0 17.0 22.0 18.0 17.0 17.0 18.0 19.0 18.0 17.0 18.0 19.0 18.0 18.0 16.0 14.0 18.0 17.0 16.0 15.0 18.0 17.0 18.0 17.0 17.0 20.0 18.0 18.0 18.0 18.0 16.0 14.0 18.0 17.0 117.0 17.0 17.0 17.0 17.0 17.0 17.0 116.0 17.0 18.0 17.0 18.0 16.0 18.0 20.0 14.0 17.0 18.0 17.0 15.0 17.0 22.0 34.0 20.0 17.0 15.0 18.0 17.0 14.0 18.0 17.0 17.0 17.0 17.0 17.0 16.0 19.0 17.0 16.0 17.0 18.0 16.0 18.0 17.0 17.0 23.0 18.0 18.0 15.0 18.0 18.0 17.0 18.0 16.0 15.0 18.0 17.0 15.0 18.0 19.0 17.0 18.0 17.0 16.0 18.0 17.0 18.0 18.0 17.0 17.0 18.0 18.0 17.0 14.0 18.0 16.0 17.0 18.0 18.0 15.0 20.0 17.0 19.0 17.0 110.0 17.0 17.0 18.0 17.0 16.0 14.0 18.0 17.0 18.0 18.0 17.0 14.0 18.0 18.0 17.0 17.0 18.0 18.0 31.0 15.0 18.0 17.0 14.0 17.0 17.0 17.0 17.0 18.0 17.0 15.0 17.0 17.0 113.0 18.0 18.0 17.0 15.0 18.0 17.0 16.0 18.0 17.0 17.0 19.0 17.0 17.0 15.0 17.0 17.0 17.0 14.0 30.0 18.0 17.0 17.0 19.0 19.0 16.0 17.0 17.0 16.0 18.0 17.0 14.0 18.0 17.0 16.0 16.0 20.0 17.0 17.0 17.0 17.0
46 47 1 TRACE 41729.0 16609.0 5439.0 42567.0 18375.0 5469.0 34481.0 10056.0 5343.0 25637.0 8169.0 5206.0 32047.0 14599.0 5385.0 30714.0 21669.0 5913.0 4834.0 31297.0 11940.0 5395.0 30616.0 21540.0 5910.0 4847.0 30862.0 19155.0 5577.0 5063.0 23898.0 6806.0 4946.0 30755.0 19637.0 5611.0 4826.0 32137.0 14519.0 5372.0 32079.0 15657.0 5402.0 24747.0 6835.0 4954.0 23383.0 6400.0 4885.0 31759.0 16667.0 5442.0 32314.0 14785.0 5407.0 25435.0 7804.0 5062.0 32021.0 15557.0 5387.0 31929.0 16655.0 5438.0 32084.0 14554.0 6013.0 30731.0 20090.0 5704.0 4819.0 31023.0 12590.0 5300.0 23883.0 6691.0 4934.0 29222.0 11049.0 5381.0 30770.0 19885.0 5642.0 4847.0 32112.0 14936.0 5386.0 30241.0 11852.0 5354.0 34122.0 20489.0 5891.0 4834.0 28634.0 10662.0 5236.0 25612.0 8008.0 5200.0 32071.0 14220.0 5402.0 23806.0 6604.0 4911.0 31612.0 13134.0 5375.0 28470.0 10535.0 5289.0 25124.0 7856.0 5041.0 28027.0 10229.0 5279.0 24062.0 6789.0 4946.0 30928.0 19155.0 5554.0 4871.0 31499.0 13035.0 5386.0 32044.0 13995.0 5400.0 27983.0 10004.0 5292.0 31123.0 18412.0 5425.0 4859.0 31383.0 21254.0 5833.0 4851.0 31837.0 16334.0 5411.0 25462.0 6668.0 4927.0 30855.0 22198.0 5561.0 4829.0 30544.0 20752.0 5775.0 4807.0 31913.0 14028.0 5390.0 30764.0 20852.0 5778.0 4834.0 27679.0 9761.0 5264.0 31500.0 12964.0 5384.0 30846.0 19285.0 5600.0 4827.0 30899.0 21747.0 6058.0 4849.0 25586.0 8037.0 5084.0 24450.0 7076.0 5015.0 30705.0 20921.0 5775.0 4822.0 30638.0 21873.0 5929.0 4851.0 31746.0 13234.0 5395.0 25751.0 8089.0 5094.0 32240.0 14936.0 5411.0 31288.0 18258.0 5504.0 4845.0 30925.0 12506.0 5383.0 32001.0 16394.0 5530.0
47 48 1 TRACE 17.0 15.0 10.0 12.0 9.0 11.0 12.0 14.0 10.0 11.0 9.0 11.0 10.0 13.0 10.0 12.0 9.0 11.0 11.0 13.0 10.0 11.0 9.0 11.0 10.0 13.0 10.0 13.0 9.0 11.0 11.0 16.0 11.0 12.0 9.0 11.0 9.0 11.0 11.0 13.0 10.0 12.0 10.0 10.0 10.0 13.0 10.0 12.0 9.0 10.0 10.0 11.0 11.0 19.0 11.0 13.0 9.0 12.0 9.0 11.0 11.0 12.0 9.0 11.0 9.0 11.0 11.0 16.0 11.0 12.0 9.0 12.0 9.0 11.0 11.0 13.0 10.0 13.0 9.0 11.0 11.0 13.0 10.0 12.0 9.0 11.0 11.0 12.0 9.0 11.0 9.0 11.0 11.0 12.0 10.0 11.0 9.0 11.0 11.0 13.0 10.0 12.0 9.0 13.0 11.0 13.0 10.0 12.0 9.0 11.0 11.0 13.0 10.0 11.0 9.0 11.0 11.0 13.0 11.0 12.0 10.0 11.0 10.0 12.0 10.0 13.0 10.0 111.0 11.0 13.0 10.0 18.0 9.0 11.0 11.0 14.0 10.0 12.0 9.0 11.0 10.0 11.0 11.0 13.0 10.0 12.0 10.0 11.0 11.0 12.0 9.0 11.0 9.0 11.0 11.0 12.0 10.0 12.0 9.0 10.0 11.0 14.0 11.0 12.0 9.0 11.0 9.0 11.0 11.0 13.0 10.0 12.0 10.0 13.0 11.0 13.0 10.0 12.0 9.0 10.0 11.0 13.0 10.0 13.0 10.0 11.0 8.0 11.0 11.0 13.0 10.0 11.0 9.0 11.0 11.0 12.0 9.0 11.0 10.0 11.0 11.0 14.0 10.0 12.0 9.0 10.0 11.0 13.0 10.0 10.0 9.0 11.0 11.0 13.0 10.0 12.0 9.0 11.0 11.0 13.0 10.0 12.0 9.0 12.0 11.0 14.0 10.0 13.0 9.0 10.0 11.0 13.0 10.0 12.0 9.0 11.0 10.0 12.0 10.0 11.0 9.0 12.0 11.0 12.0 10.0 13.0 9.0 10.0 9.0 11.0 11.0 13.0 10.0 12.0 10.0 11.0 11.0 13.0 10.0 11.0 9.0 13.0 10.0 13.0 9.0 12.0 9.0 10.0 11.0 13.0 11.0 12.0 9.0 11.0 9.0 11.0 11.0 12.0 10.0 13.0 9.0 45.0 9.0 11.0 11.0 13.0 10.0 12.0 10.0 11.0 11.0 12.0 9.0 11.0 9.0 12.0 11.0 13.0 10.0 11.0 9.0 11.0 9.0 11.0 11.0 12.0 10.0 13.0 10.0 11.0 9.0 11.0 10.0 12.0 10.0 11.0 9.0 11.0 11.0 15.0 11.0 12.0 9.0 11.0 9.0 11.0 11.0 13.0 10.0 12.0 9.0 10.0 11.0 13.0 10.0 12.0 9.0 10.0 12.0 13.0 11.0 12.0 9.0 11.0 9.0 12.0 11.0 13.0 10.0 12.0 9.0 11.0 9.0 11.0 11.0 12.0 10.0 11.0 9.0 10.0 11.0 12.0 10.0 11.0 9.0 11.0 11.0 13.0 10.0 12.0 10.0 11.0 9.0 11.0 11.0 15.0 10.0 13.0 10.0 10.0 10.0 12.0 11.0 13.0 10.0 12.0 9.0 11.0 11.0 13.0 9.0 11.0 10.0 11.0 11.0 13.0 10.0 12.0 10.0 11.0 11.0 13.0 10.0 12.0 9.0 11.0 9.0 11.0 10.0 12.0 9.0 11.0 9.0 11.0 11.0 12.0 11.0 11.0 9.0 11.0
48 49 1 TRACE 2313.0 897.0 408.0 407.0 11.0 18.0 2116.0 896.0 526.0 485.0 11.0 20.0 2521.0 905.0 105.0 146.0 9.0 11.0 2268.0 894.0 60.0 86.0 10.0 14.0 2443.0 862.0 353.0 372.0 10.0 16.0 1277.0 687.0 1324.0 750.0 18.0 29.0 9.0 10.0 2612.0 943.0 200.0 239.0 10.0 13.0 1272.0 687.0 1309.0 731.0 18.0 29.0 8.0 11.0 1758.0 806.0 897.0 655.0 13.0 23.0 8.0 10.0 1773.0 842.0 28.0 40.0 9.0 11.0 1670.0 797.0 987.0 686.0 14.0 24.0 8.0 12.0 2470.0 908.0 347.0 367.0 10.0 14.0 2338.0 911.0 445.0 344.0 10.0 18.0 1857.0 846.0 30.0 43.0 8.0 13.0 1645.0 813.0 24.0 34.0 9.0 10.0 2172.0 877.0 542.0 494.0 11.0 20.0 2431.0 910.0 362.0 380.0 10.0 15.0 2181.0 882.0 44.0 61.0 9.0 11.0 2338.0 890.0 447.0 340.0 11.0 20.0 2186.0 860.0 543.0 500.0 11.0 25.0 2469.0 879.0 354.0 611.0 11.0 15.0 1576.0 794.0 1075.0 703.0 14.0 26.0 8.0 10.0 2592.0 866.0 229.0 208.0 10.0 13.0 1777.0 838.0 27.0 40.0 8.0 11.0 2601.0 912.0 153.0 153.0 9.0 12.0 1608.0 792.0 1033.0 709.0 14.0 23.0 8.0 10.0 2420.0 899.0 375.0 387.0 10.0 17.0 2607.0 917.0 187.0 234.0 10.0 12.0 1490.0 736.0 1125.0 709.0 16.0 23.0 8.0 10.0 2592.0 918.0 136.0 137.0 9.0 12.0 2235.0 945.0 49.0 65.0 9.0 10.0 2569.0 869.0 322.0 349.0 10.0 14.0 1770.0 848.0 26.0 39.0 8.0 12.0 2577.0 902.0 262.0 230.0 9.0 13.0 2584.0 901.0 131.0 133.0 9.0 14.0 2134.0 965.0 41.0 57.0 8.0 11.0 2571.0 902.0 122.0 124.0 9.0 12.0 1828.0 860.0 30.0 41.0 8.0 11.0 1747.0 819.0 909.0 628.0 14.0 22.0 8.0 10.0 2576.0 903.0 258.0 224.0 9.0 15.0 2502.0 901.0 312.0 339.0 10.0 14.0 2566.0 925.0 116.0 119.0 10.0 12.0 1903.0 866.0 783.0 610.0 12.0 23.0 8.0 9.0 1354.0 695.0 1255.0 734.0 16.0 29.0 8.0 10.0 2234.0 872.0 522.0 473.0 11.0 19.0 1804.0 848.0 28.0 39.0 9.0 10.0 1771.0 822.0 895.0 646.0 13.0 24.0 8.0 9.0 1425.0 738.0 1175.0 714.0 16.0 26.0 9.0 10.0 2506.0 924.0 313.0 343.0 10.0 16.0 1426.0 747.0 1188.0 739.0 16.0 25.0 8.0 10.0 2534.0 896.0 97.0 134.0 9.0 12.0 2583.0 903.0 247.0 224.0 10.0 13.0 1741.0 782.0 923.0 663.0 18.0 22.0 8.0 10.0 1269.0 692.0 1337.0 769.0 18.0 28.0 8.0 10.0 2256.0 876.0 51.0 64.0 8.0 11.0 1949.0 847.0 35.0 46.0 8.0 11.0 1394.0 719.0 1209.0 753.0 16.0 26.0 8.0 10.0 1270.0 706.0 1337.0 751.0 18.0 28.0 8.0 10.0 2561.0 906.0 270.0 230.0 9.0 13.0 2271.0 871.0 53.0 68.0 8.0 11.0 2414.0 883.0 380.0 388.0 11.0 14.0 1919.0 857.0 767.0 605.0 12.0 21.0 7.0 10.0 2604.0 917.0 221.0 256.0 9.0 13.0 2232.0 899.0 516.0 476.0 11.0 21.0
49 47 1 TRACE 23506.0 11320.0 1471.0 24109.0 12216.0 1627.0 16411.0 5920.0 1259.0 14907.0 4152.0 1242.0 18626.0 9801.0 1340.0 20109.0 13286.0 2248.0 1234.0 17044.0 7750.0 1281.0 20050.0 13162.0 2194.0 1233.0 19533.0 12312.0 1689.0 1227.0 14101.0 2849.0 1232.0 19789.0 12588.0 1783.0 1230.0 18528.0 9753.0 1335.0 18709.0 10549.0 1388.0 14045.0 3026.0 1238.0 13733.0 2656.0 1231.0 18828.0 11185.0 1438.0 18790.0 9884.0 1339.0 14519.0 3837.0 1234.0 18785.0 10654.0 1376.0 18850.0 11133.0 1429.0 18597.0 11701.0 1428.0 19961.0 12830.0 1883.0 1229.0 17549.0 8248.0 1302.0 13938.0 2865.0 1235.0 16465.0 6988.0 1265.0 19914.0 12705.0 1824.0 1223.0 18715.0 10022.0 1354.0 17047.0 7666.0 1271.0 19898.0 12898.0 1945.0 1222.0 16099.0 6566.0 1360.0 14596.0 4037.0 1231.0 18565.0 9516.0 1332.0 13895.0 2842.0 1252.0 17980.0 8689.0 1309.0 15983.0 6429.0 1264.0 16614.0 3739.0 1227.0 15843.0 6146.0 1261.0 13980.0 2971.0 1231.0 19610.0 12355.0 1692.0 1229.0 20212.0 9135.0 1298.0 20186.0 10012.0 1332.0 15760.0 6113.0 1254.0 19467.0 12150.0 1588.0 1223.0 20019.0 13159.0 2097.0 1222.0 18752.0 10986.0 1412.0 13968.0 2904.0 1241.0 19604.0 12376.0 1692.0 1231.0 19936.0 13071.0 2005.0 1223.0 20324.0 10080.0 1322.0 20146.0 14897.0 2003.0 1222.0 15398.0 5647.0 1244.0 17888.0 8448.0 1300.0 19639.0 12453.0 1691.0 1310.0 20254.0 13332.0 2209.0 1232.0 14633.0 4085.0 1343.0 16350.0 3223.0 1233.0 20069.0 14998.0 2035.0 1229.0 23355.0 13302.0 2260.0 1229.0 18042.0 8751.0 1299.0 14699.0 4152.0 1239.0 18760.0 10064.0 1340.0 19252.0 11989.0 1576.0 1226.0 20060.0 8452.0 1375.0 18697.0 10991.0 1414.0
49 50 1 TRACE 1144.0 572.0 78.0 1127.0 630.0 79.0 1101.0 1538.0 71.0 7256.0 1450.0 71.0 12279.0 1562.0 74.0 1043.0 684.0 115.0 68.0 1121.0 575.0 72.0 1029.0 661.0 116.0 69.0 1135.0 690.0 92.0 65.0 994.0 154.0 68.0 1089.0 634.0 96.0 66.0 1121.0 512.0 74.0 1152.0 536.0 78.0 854.0 161.0 69.0 747.0 137.0 68.0 1140.0 584.0 79.0 1124.0 526.0 73.0 983.0 220.0 69.0 1126.0 550.0 77.0 1123.0 575.0 83.0 1116.0 587.0 76.0 1075.0 643.0 99.0 67.0 1131.0 459.0 122.0 813.0 152.0 69.0 1088.0 432.0 72.0 1112.0 630.0 98.0 69.0 1121.0 521.0 79.0 1098.0 457.0 86.0 1087.0 655.0 103.0 66.0 1078.0 441.0 74.0 994.0 234.0 74.0 1108.0 505.0 74.0 813.0 161.0 67.0 1127.0 550.0 73.0 1090.0 398.0 70.0 1050.0 216.0 70.0 1069.0 383.0 72.0 833.0 158.0 66.0 1108.0 612.0 92.0 67.0 1114.0 469.0 71.0 1141.0 493.0 73.0 1074.0 376.0 72.0 1127.0 621.0 181.0 69.0 1069.0 670.0 112.0 140.0 1125.0 567.0 80.0 818.0 152.0 66.0 1128.0 631.0 91.0 67.0 1065.0 664.0 304.0 149.0 1118.0 501.0 73.0 1075.0 1433.0 108.0 87.0 1074.0 378.0 71.0 1101.0 464.0 74.0 1789.0 628.0 94.0 69.0 1048.0 2000.0 116.0 68.0 978.0 235.0 71.0 878.0 214.0 69.0 1056.0 645.0 108.0 69.0 1081.0 688.0 115.0 67.0 1127.0 471.0 74.0 1002.0 243.0 65.0 1140.0 830.0 75.0 1112.0 609.0 87.0 68.0 1094.0 461.0 74.0 1129.0 570.0 79.0
50 25 1 TRACE 87.0 77.0 40.0 37.0 60.0 33.0 47.0 33.0 34.0 35.0 42.0 60.0 67.0 36.0 35.0 78.0 60.0 37.0 69.0 79.0 62.0 34.0 50.0 35.0 42.0 33.0 67.0 47.0 33.0 41.0 37.0 57.0 35.0 51.0 42.0 38.0 42.0 34.0 33.0 50.0 56.0 46.0 34.0 34.0 75.0 34.0 34.0 33.0 57.0 33.0 40.0 50.0 34.0 41.0 36.0 35.0 34.0 34.0 51.0 36.0 67.0 34.0 48.0 73.0
50 41 1 TRACE 12.0 10.0 11.0 10.0 11.0 10.0 11.0 10.0 11.0 10.0 12.0 10.0 10.0 11.0 11.0 11.0 10.0 10.0 11.0 10.0 10.0 10.0 10.0 11.0 10.0 10.0 12.0 10.0 11.0 10.0 11.0 10.0 11.0 10.0 10.0 10.0 11.0 10.0 11.0 9.0 11.0 11.0 11.0 11.0 11.0 11.0 11.0 10.0 9.0 11.0 10.0 11.0 10.0 11.0 10.0 11.0 11.0 9.0 11.0 10.0 11.0 10.0 10.0 10.0 10.0 10.0 10.0 11.0 10.0 11.0 10.0 10.0 9.0 11.0 10.0 10.0 10.0 12.0 10.0 10.0 9.0 10.0 10.0 11.0 10.0 10.0 11.0 10.0 11.0 10.0 15.0 10.0 11.0 10.0 10.0 11.0 10.0 10.0 11.0 10.0 11.0 9.0 11.0 10.0 9.0 11.0 10.0 10.0 11.0 10.0 11.0 10.0 9.0 11.0 10.0 11.0 10.0 11.0 10.0 10.0 11.0 10.0 10.0 10.0 10.0 10.0 10.0 11.0 11.0 10.0 12.0 10.0 9.0 11.0 10.0 11.0 10.0 11.0 10.0 11.0 10.0 10.0 11.0 10.0 11.0 10.0
51 52 1 TRACE 21938.0 22062.0 21219.0 20916.0 20799.0 21126.0 21149.0 21064.0 21359.0 20514.0 21191.0 21220.0 21169.0 20804.0 20769.0 21197.0 21168.0 20809.0 21312.0 21226.0 21155.0 21213.0 20769.0 20415.0 21087.0 21245.0 21228.0 21094.0 21177.0 20830.0 20959.0 21143.0 20489.0 21158.0 21167.0 20723.0 20884.0 20783.0 21301.0 20987.0 21194.0 20877.0 21201.0 21102.0 21328.0 20543.0 21281.0 21243.0 21220.0 21201.0 21203.0 20959.0 21249.0 21238.0 20885.0 20521.0 21193.0 21154.0 21160.0 20840.0 21123.0 21267.0 21066.0 21274.0
52 53 1 TRACE 744.0 729.0 654.0 661.0 656.0 721.0 660.0 717.0 723.0 666.0 721.0 713.0 716.0 673.0 607.0 715.0 713.0 664.0 717.0 717.0 706.0 717.0 662.0 668.0 651.0 732.0 715.0 656.0 721.0 655.0 651.0 722.0 696.0 710.0 708.0 665.0 657.0 669.0 721.0 658.0 715.0 659.0 722.0 718.0 725.0 667.0 720.0 725.0 715.0 721.0 718.0 653.0 722.0 737.0 650.0 671.0 729.0 717.0 713.0 673.0 717.0 726.0 659.0 732.0
53 54 1 TRACE 41.0 42.0 36.0 35.0 35.0 34.0 33.0 40.0 34.0 35.0 34.0 35.0 34.0 35.0 34.0 34.0 32.0 32.0 31.0 31.0 32.0 31.0 31.0 31.0 30.0 32.0 31.0 31.0 32.0 31.0 29.0 31.0 37.0 33.0 32.0 33.0 31.0 35.0 35.0 36.0 34.0 32.0 31.0 40.0 32.0 36.0 33.0 33.0 32.0 32.0 33.0 30.0 33.0 32.0 33.0 33.0 32.0 32.0 32.0 30.0 32.0 31.0 30.0 32.0
54 55 1 TRACE 87.0 64.0 47.0 48.0 48.0 49.0 47.0 62.0 50.0 49.0 47.0 50.0 48.0 49.0 49.0 73.0 49.0 48.0 50.0 49.0 48.0 48.0 48.0 50.0 46.0 45.0 49.0 49.0 49.0 48.0 46.0 46.0 50.0 47.0 48.0 47.0 47.0 49.0 47.0 47.0 47.0 60.0 48.0 60.0 49.0 46.0 49.0 47.0 48.0 48.0 50.0 47.0 49.0 44.0 48.0 48.0 50.0 48.0 45.0 46.0 49.0 48.0 49.0 48.0
55 56 1 TRACE 12.0 9.0 8.0 8.0 8.0 8.0 8.0 8.0 8.0 8.0 8.0 8.0 7.0 8.0 9.0 9.0 9.0 8.0 9.0 9.0 8.0 8.0 8.0 8.0 8.0 8.0 8.0 8.0 8.0 8.0 9.0 8.0 8.0 8.0 8.0 8.0 8.0 8.0 9.0 8.0 9.0 8.0 8.0 9.0 8.0 8.0 15.0 8.0 8.0 8.0 8.0 8.0 9.0 8.0 8.0 8.0 8.0 8.0 8.0 9.0 8.0 8.0 8.0 9.0
56 57 1 TRACE 11.0 8.0 7.0 7.0 8.0 8.0 7.0 8.0 7.0 8.0 8.0 8.0 8.0 8.0 8.0 8.0 7.0 7.0 7.0 7.0 8.0 8.0 8.0 7.0 8.0 8.0 7.0 7.0 8.0 8.0 7.0 8.0 7.0 7.0 8.0 7.0 8.0 8.0 7.0 8.0 8.0 8.0 8.0 7.0 8.0 7.0 9.0 8.0 7.0 7.0 8.0 7.0 7.0 8.0 8.0 8.0 8.0 7.0 8.0 7.0 7.0 8.0 8.0 7.0
57 58 1 TRACE 10.0 8.0 8.0 7.0 8.0 8.0 8.0 7.0 8.0 7.0 7.0 8.0 7.0 8.0 7.0 8.0 8.0 8.0 8.0 7.0 7.0 13.0 7.0 8.0 8.0 7.0 8.0 8.0 8.0 8.0 8.0 7.0 8.0 8.0 8.0 8.0 8.0 7.0 8.0 8.0 8.0 8.0 7.0 8.0 8.0 7.0 8.0 7.0 7.0 8.0 7.0 7.0 7.0 8.0 7.0 8.0 7.0 7.0 7.0 8.0 8.0 7.0 8.0 8.0
58 59 1 TRACE 17.0 10.0 10.0 10.0 10.0 10.0 11.0 11.0 29.0 10.0 10.0 10.0 11.0 10.0 11.0 11.0 10.0 10.0 11.0 11.0 10.0 23.0 11.0 11.0 10.0 10.0 10.0 10.0 11.0 11.0 11.0 11.0 11.0 10.0 10.0 10.0 10.0 11.0 11.0 10.0 11.0 11.0 11.0 11.0 10.0 11.0 11.0 10.0 10.0 10.0 11.0 11.0 11.0 11.0 10.0 11.0 11.0 11.0 11.0 11.0 11.0 10.0 11.0 10.0
59 60 1 TRACE 20.0 8.0 8.0 7.0 7.0 7.0 7.0 8.0 8.0 8.0 8.0 7.0 7.0 7.0 7.0 8.0 7.0 8.0 7.0 7.0 8.0 8.0 7.0 8.0 7.0 8.0 7.0 7.0 7.0 8.0 7.0 7.0 7.0 8.0 8.0 7.0 8.0 7.0 8.0 8.0 8.0 8.0 7.0 8.0 8.0 7.0 8.0 8.0 8.0 8.0 7.0 7.0 7.0 7.0 7.0 7.0 7.0 7.0 8.0 7.0 7.0 7.0 7.0 7.0
60 61 1 TRACE 9.0 8.0 8.0 8.0 7.0 7.0 7.0 7.0 8.0 8.0 8.0 7.0 8.0 8.0 7.0 8.0 8.0 7.0 8.0 8.0 7.0 8.0 8.0 8.0 8.0 7.0 8.0 7.0 8.0 7.0 7.0 8.0 8.0 7.0 7.0 8.0 7.0 8.0 7.0 7.0 7.0 19.0 8.0 7.0 7.0 7.0 8.0 7.0 7.0 8.0 8.0 8.0 8.0 8.0 8.0 7.0 7.0 7.0 7.0 7.0 7.0 8.0 8.0 8.0
61 62 1 TRACE 7.0 7.0 7.0 7.0 7.0 7.0 7.0 8.0 7.0 7.0 7.0 7.0 7.0 7.0 7.0 8.0 7.0 7.0 8.0 7.0 7.0 8.0 7.0 7.0 7.0 7.0 7.0 7.0 8.0 7.0 7.0 7.0 8.0 7.0 7.0 7.0 7.0 7.0 7.0 7.0 8.0 8.0 8.0 8.0 8.0 8.0 8.0 7.0 7.0 8.0 8.0 8.0 7.0 7.0 7.0 7.0 11.0 7.0 7.0 7.0 7.0 7.0 8.0 7.0
62 1 1 TRACE 24.0 35.0 19.0 20.0 19.0 19.0 31.0 33.0 33.0 19.0 19.0 31.0 33.0 20.0 18.0 33.0 20.0 18.0 32.0 19.0 19.0 21.0 20.0 20.0 19.0 31.0 18.0 30.0 18.0 31.0 19.0 19.0 19.0 20.0 95.0 86.0 19.0 19.0 19.0 19.0 20.0 31.0 18.0 33.0 18.0 32.0 58.0 19.0 19.0 19.0 19.0 19.0 19.0 19.0 19.0 20.0 30.0 18.0 50.0 19.0 20.0 19.0 19.0
