0 1 1 TRACE 1672855153578309.0
1 2 1 TRACE 11366.0 359.0 374.0 374.0 409.0 399.0 383.0 368.0 429.0 395.0 374.0 368.0 380.0 377.0 411.0 343.0 374.0 369.0 387.0 381.0 339.0 392.0 369.0 435.0 405.0 405.0 392.0 381.0 395.0 390.0 411.0 429.0 382.0 370.0 338.0 388.0 371.0 342.0 337.0 368.0 396.0 375.0 426.0 406.0 389.0 377.0 398.0 340.0 371.0 342.0 401.0 371.0 386.0 428.0 343.0 328.0 403.0 366.0 335.0 368.0 382.0 332.0 410.0 404.0
2 3 1 TRACE 1311.0 40.0 48.0 46.0 39.0 135.0 52.0 38.0 44.0 127.0 42.0 62.0 38.0 40.0 89.0 173.0 143.0 40.0 41.0 40.0 82.0 140.0 192.0 48.0 42.0 129.0 54.0 86.0 45.0 43.0 74.0 39.0 42.0 49.0 147.0 75.0 39.0 116.0 44.0 109.0 50.0 90.0 36.0 200.0 42.0 71.0 111.0 65.0 174.0 46.0 86.0 88.0 74.0 42.0 39.0 56.0 106.0 48.0 67.0 48.0 176.0 55.0 134.0 51.0
3 4 1 TRACE 36.0 17.0 19.0 18.0 18.0 18.0 18.0 17.0 18.0 19.0 18.0 18.0 20.0 118.0 28.0 21.0 18.0 17.0 20.0 17.0 20.0 26.0 25.0 17.0 19.0 17.0 30.0 21.0 19.0 18.0 22.0 18.0 115.0 19.0 44.0 17.0 18.0 22.0 18.0 115.0 115.0 17.0 19.0 25.0 17.0 20.0 18.0 18.0 118.0 19.0 17.0 19.0 19.0 19.0 19.0 21.0 19.0 21.0 18.0 31.0 23.0 26.0 118.0 18.0
4 5 1 TRACE 18.0 14.0 13.0 12.0 27.0 12.0 12.0 12.0 13.0 13.0 116.0 12.0 13.0 14.0 12.0 12.0 12.0 12.0 12.0 13.0 14.0 17.0 14.0 12.0 14.0 12.0 13.0 12.0 13.0 19.0 15.0 12.0 13.0 13.0 12.0 13.0 13.0 12.0 12.0 15.0 12.0 13.0 23.0 13.0 13.0 13.0 15.0 13.0 14.0 18.0 14.0 12.0 14.0 13.0 12.0 12.0 13.0 12.0 12.0 95.0 13.0 13.0 114.0 12.0
5 6 1 TRACE 39.0 16.0 16.0 16.0 180.0 116.0 18.0 17.0 20.0 119.0 19.0 20.0 16.0 15.0 15.0 14.0 21.0 17.0 17.0 18.0 20.0 70.0 17.0 19.0 19.0 17.0 17.0 28.0 16.0 13.0 20.0 17.0 21.0 16.0 17.0 15.0 17.0 15.0 21.0 18.0 18.0 15.0 12.0 18.0 15.0 14.0 23.0 14.0 19.0 17.0 18.0 125.0 21.0 20.0 18.0 27.0 19.0 17.0 17.0 12.0 17.0 14.0 14.0 13.0
6 7 1 TRACE 18.0 13.0 13.0 17.0 11.0 13.0 11.0 13.0 179.0 14.0 16.0 12.0 142.0 13.0 13.0 13.0 16.0 14.0 13.0 14.0 15.0 14.0 15.0 15.0 16.0 8.0 19.0 10.0 16.0 14.0 16.0 13.0 132.0 15.0 14.0 14.0 15.0 13.0 12.0 14.0 14.0 13.0 10.0 20.0 15.0 14.0 13.0 14.0 16.0 15.0 14.0 12.0 14.0 14.0 14.0 14.0 15.0 14.0 14.0 8.0 15.0 13.0 8.0 13.0
7 8 1 TRACE 17.0 13.0 13.0 33.0 9.0 8.0 12.0 11.0 13.0 14.0 15.0 15.0 25.0 14.0 13.0 14.0 16.0 14.0 15.0 14.0 14.0 16.0 15.0 15.0 15.0 8.0 9.0 13.0 14.0 14.0 15.0 14.0 16.0 12.0 14.0 14.0 14.0 17.0 14.0 14.0 12.0 13.0 14.0 12.0 15.0 14.0 8.0 15.0 14.0 14.0 14.0 15.0 14.0 16.0 14.0 16.0 14.0 13.0 15.0 8.0 13.0 13.0 8.0 12.0
8 9 1 TRACE 18.0 13.0 12.0 14.0 9.0 7.0 13.0 12.0 12.0 11.0 15.0 14.0 16.0 14.0 13.0 14.0 15.0 14.0 14.0 15.0 14.0 14.0 16.0 14.0 14.0 14.0 15.0 11.0 13.0 15.0 16.0 14.0 14.0 14.0 13.0 14.0 14.0 13.0 15.0 14.0 13.0 13.0 14.0 12.0 13.0 13.0 7.0 14.0 15.0 14.0 14.0 14.0 19.0 14.0 14.0 15.0 14.0 14.0 13.0 34.0 13.0 13.0 8.0 13.0
9 10 1 TRACE 70.0 44.0 28.0 31.0 66.0 115.0 32.0 29.0 41.0 30.0 115.0 36.0 66.0 39.0 108.0 125.0 130.0 30.0 123.0 113.0 28.0 31.0 123.0 31.0 112.0 30.0 31.0 34.0 109.0 113.0 42.0 31.0 34.0 146.0 121.0 28.0 32.0 132.0 31.0 29.0 112.0 30.0 32.0 31.0 130.0 114.0 74.0 36.0 139.0 122.0 133.0 93.0 28.0 126.0 29.0 28.0 133.0 30.0 52.0 34.0 34.0 151.0 88.0 36.0
10 11 1 TRACE 23.0 29.0 16.0 15.0 15.0 14.0 16.0 15.0 25.0 14.0 127.0 17.0 15.0 16.0 16.0 16.0 17.0 14.0 16.0 14.0 18.0 16.0 16.0 14.0 29.0 17.0 18.0 17.0 16.0 14.0 16.0 14.0 14.0 17.0 17.0 15.0 14.0 17.0 15.0 17.0 15.0 14.0 14.0 13.0 14.0 16.0 15.0 16.0 15.0 16.0 15.0 14.0 14.0 15.0 16.0 15.0 15.0 14.0 16.0 18.0 16.0 16.0 17.0 13.0
11 12 1 TRACE 20.0 14.0 14.0 16.0 16.0 39.0 17.0 14.0 13.0 15.0 16.0 13.0 15.0 14.0 14.0 14.0 14.0 22.0 16.0 16.0 14.0 14.0 13.0 20.0 14.0 14.0 14.0 13.0 15.0 15.0 105.0 17.0 13.0 14.0 21.0 16.0 14.0 13.0 15.0 19.0 17.0 14.0 24.0 24.0 16.0 15.0 14.0 15.0 14.0 13.0 14.0 16.0 16.0 17.0 13.0 16.0 106.0 14.0 14.0 24.0 29.0 16.0 15.0 15.0
12 13 1 TRACE 22.0 14.0 16.0 16.0 15.0 14.0 15.0 17.0 18.0 17.0 18.0 16.0 15.0 16.0 21.0 16.0 16.0 18.0 15.0 18.0 15.0 16.0 17.0 15.0 29.0 16.0 15.0 15.0 15.0 14.0 37.0 17.0 110.0 15.0 15.0 15.0 107.0 16.0 26.0 105.0 14.0 17.0 19.0 14.0 14.0 15.0 15.0 26.0 15.0 32.0 16.0 18.0 13.0 18.0 120.0 15.0 20.0 102.0 15.0 14.0 28.0 14.0 16.0 15.0
13 14 1 TRACE 20.0 12.0 10.0 10.0 20.0 10.0 11.0 12.0 10.0 9.0 11.0 10.0 9.0 9.0 10.0 11.0 10.0 10.0 10.0 9.0 10.0 10.0 10.0 11.0 10.0 11.0 9.0 10.0 10.0 10.0 12.0 10.0 10.0 10.0 10.0 10.0 10.0 10.0 10.0 10.0 10.0 9.0 10.0 10.0 10.0 9.0 9.0 10.0 10.0 10.0 10.0 10.0 10.0 10.0 10.0 11.0 10.0 10.0 10.0 10.0 10.0 11.0 10.0 10.0
14 15 1 TRACE 22.0 13.0 14.0 15.0 15.0 13.0 13.0 13.0 14.0 13.0 14.0 13.0 14.0 13.0 14.0 13.0 13.0 13.0 13.0 13.0 14.0 14.0 13.0 30.0 13.0 13.0 12.0 14.0 12.0 14.0 15.0 14.0 13.0 14.0 12.0 12.0 13.0 12.0 13.0 13.0 13.0 12.0 13.0 14.0 13.0 13.0 13.0 13.0 14.0 13.0 13.0 19.0 13.0 14.0 13.0 12.0 14.0 13.0 13.0 14.0 14.0 14.0 14.0 14.0
15 16 1 TRACE 12.0 8.0 9.0 9.0 24.0 9.0 9.0 8.0 8.0 8.0 8.0 8.0 8.0 8.0 8.0 8.0 8.0 8.0 8.0 8.0 8.0 8.0 9.0 8.0 8.0 8.0 8.0 8.0 8.0 8.0 9.0 8.0 8.0 8.0 8.0 8.0 8.0 8.0 8.0 8.0 9.0 8.0 8.0 8.0 8.0 8.0 8.0 8.0 8.0 9.0 8.0 9.0 8.0 8.0 8.0 9.0 8.0 8.0 8.0 8.0 9.0 9.0 8.0 8.0
16 17 1 TRACE 111.0 103.0 95.0 112.0 139.0 209.0 94.0 93.0 129.0 191.0 95.0 94.0 134.0 95.0 95.0 211.0 213.0 102.0 95.0 95.0 95.0 95.0 99.0 93.0 97.0 93.0 210.0 195.0 96.0 132.0 116.0 93.0 107.0 93.0 94.0 93.0 94.0 95.0 200.0 96.0 93.0 95.0 104.0 94.0 94.0 94.0 92.0 96.0 173.0 100.0 94.0 121.0 183.0 187.0 94.0 94.0 96.0 97.0 93.0 94.0 115.0 196.0 98.0 90.0
17 18 1 TRACE 21.0 16.0 14.0 13.0 39.0 119.0 16.0 14.0 23.0 32.0 14.0 24.0 15.0 20.0 15.0 14.0 21.0 15.0 15.0 14.0 15.0 15.0 14.0 13.0 14.0 14.0 14.0 135.0 14.0 14.0 15.0 13.0 16.0 29.0 13.0 14.0 14.0 14.0 16.0 13.0 15.0 14.0 14.0 23.0 15.0 17.0 15.0 14.0 15.0 15.0 13.0 16.0 15.0 14.0 14.0 14.0 16.0 16.0 15.0 14.0 17.0 24.0 15.0 14.0
18 19 1 TRACE 18.0 13.0 14.0 16.0 15.0 13.0 15.0 17.0 14.0 103.0 15.0 15.0 13.0 13.0 14.0 127.0 13.0 15.0 15.0 14.0 14.0 15.0 16.0 18.0 14.0 14.0 17.0 14.0 18.0 15.0 121.0 17.0 15.0 14.0 16.0 15.0 16.0 16.0 21.0 16.0 14.0 16.0 15.0 60.0 14.0 15.0 14.0 23.0 16.0 14.0 15.0 16.0 16.0 16.0 15.0 14.0 13.0 19.0 15.0 16.0 39.0 13.0 14.0 111.0
19 20 1 TRACE 22.0 15.0 15.0 14.0 15.0 19.0 16.0 14.0 25.0 16.0 123.0 13.0 14.0 15.0 15.0 17.0 15.0 17.0 15.0 18.0 16.0 16.0 31.0 13.0 15.0 15.0 129.0 18.0 20.0 14.0 16.0 19.0 13.0 14.0 13.0 20.0 16.0 15.0 14.0 14.0 16.0 15.0 16.0 49.0 17.0 15.0 17.0 16.0 14.0 15.0 15.0 17.0 14.0 15.0 14.0 17.0 15.0 16.0 14.0 17.0 14.0 13.0 15.0 19.0
20 21 1 TRACE 30.0 34.0 28.0 30.0 31.0 25.0 21.0 24.0 45.0 32.0 32.0 23.0 32.0 32.0 28.0 24.0 32.0 32.0 34.0 26.0 27.0 29.0 37.0 31.0 33.0 33.0 28.0 28.0 27.0 32.0 33.0 33.0 36.0 35.0 28.0 33.0 35.0 28.0 28.0 34.0 30.0 28.0 29.0 42.0 39.0 35.0 30.0 25.0 37.0 28.0 36.0 36.0 36.0 30.0 27.0 28.0 30.0 35.0 28.0 35.0 54.0 25.0 31.0 33.0
21 22 1 TRACE 25.0 12.0 11.0 12.0 13.0 14.0 13.0 12.0 13.0 16.0 13.0 12.0 13.0 13.0 13.0 13.0 12.0 12.0 11.0 12.0 11.0 12.0 12.0 13.0 13.0 13.0 13.0 12.0 12.0 13.0 15.0 13.0 12.0 12.0 12.0 11.0 12.0 13.0 12.0 13.0 12.0 12.0 13.0 13.0 13.0 12.0 13.0 13.0 12.0 11.0 11.0 12.0 12.0 12.0 12.0 13.0 13.0 12.0 13.0 13.0 13.0 13.0 14.0 13.0
22 23 1 TRACE 758.0 690.0 804.0 742.0 709.0 586.0 682.0 674.0 578.0 581.0 574.0 561.0 691.0 627.0 695.0 664.0 554.0 603.0 660.0 558.0 539.0 579.0 674.0 583.0 563.0 572.0 577.0 704.0 658.0 690.0 660.0 666.0 571.0 618.0 540.0 655.0 728.0 539.0 552.0 571.0 707.0 630.0 609.0 576.0 577.0 571.0 716.0 611.0 685.0 550.0 654.0 576.0 572.0 580.0 628.0 538.0 598.0 689.0 684.0 671.0 552.0 567.0 610.0 690.0
23 24 1 TRACE 42.0 32.0 25.0 24.0 28.0 26.0 25.0 25.0 23.0 27.0 26.0 25.0 26.0 25.0 23.0 25.0 24.0 33.0 22.0 23.0 120.0 23.0 25.0 21.0 25.0 23.0 119.0 32.0 24.0 23.0 25.0 23.0 37.0 24.0 22.0 23.0 25.0 25.0 27.0 22.0 23.0 27.0 23.0 25.0 26.0 23.0 23.0 29.0 22.0 135.0 23.0 29.0 25.0 22.0 26.0 23.0 27.0 23.0 24.0 24.0 30.0 43.0 24.0 133.0
24 25 1 TRACE 58.0 21.0 23.0 22.0 20.0 29.0 24.0 21.0 22.0 21.0 24.0 22.0 25.0 24.0 21.0 24.0 23.0 21.0 23.0 22.0 21.0 123.0 22.0 22.0 22.0 24.0 22.0 24.0 23.0 23.0 28.0 22.0 23.0 25.0 21.0 21.0 22.0 21.0 20.0 23.0 23.0 23.0 23.0 23.0 23.0 23.0 21.0 21.0 21.0 26.0 21.0 25.0 23.0 21.0 23.0 23.0 20.0 22.0 23.0 22.0 21.0 23.0 22.0 21.0
25 26 1 TRACE 64.0 19.0 20.0 52.0 49.0 19.0 54.0 19.0 44.0 18.0 53.0 19.0 45.0 19.0 53.0 20.0 51.0 19.0 19.0 54.0 21.0 45.0 19.0 19.0 54.0 49.0 19.0 52.0 47.0 20.0 19.0 52.0 19.0 47.0 19.0 21.0 65.0 19.0 36.0 22.0 53.0 20.0 47.0 20.0 19.0 53.0 19.0 38.0 19.0 52.0 20.0 49.0 19.0 53.0 20.0 47.0 19.0 53.0 20.0 54.0 19.0 57.0 46.0 19.0 52.0 20.0 48.0 19.0 53.0 20.0 48.0 19.0 54.0 20.0 51.0 19.0 54.0 19.0 32.0 19.0 54.0 44.0 19.0 53.0 19.0 44.0 19.0 52.0 20.0 49.0 19.0 18.0 53.0 20.0 48.0 19.0 52.0 18.0 46.0 19.0 20.0 52.0 47.0 19.0 19.0 53.0 19.0 36.0 20.0 54.0 46.0 20.0 18.0 53.0 19.0 28.0 18.0 53.0 19.0 50.0 19.0 53.0 19.0 50.0 20.0 52.0 19.0 50.0 19.0 53.0 19.0 48.0 19.0 55.0 20.0 45.0 19.0 53.0 45.0 21.0 54.0 19.0 49.0 19.0 53.0 19.0 48.0 20.0 52.0 46.0 19.0 52.0 46.0 19.0 53.0 20.0 45.0 18.0 19.0 69.0 19.0 46.0 19.0 52.0 20.0 43.0 19.0 20.0 53.0 19.0 37.0 18.0 19.0 72.0 21.0 50.0 29.0 53.0 20.0 50.0 19.0 52.0 20.0 48.0 19.0 19.0 53.0 20.0 46.0 19.0 52.0 45.0 18.0 53.0 20.0 47.0 18.0 52.0 45.0 20.0 32.0 52.0 19.0 48.0 20.0 53.0 19.0 47.0 19.0 52.0 19.0 48.0 19.0 18.0 53.0 19.0 49.0 19.0 53.0 43.0 18.0 53.0 46.0 19.0 52.0 20.0 46.0 18.0 53.0 20.0 46.0 19.0 53.0 45.0 21.0 55.0 19.0 45.0 18.0 54.0 19.0 47.0 19.0 53.0 45.0 19.0 21.0 53.0 20.0 48.0 18.0 19.0 53.0 20.0 34.0 19.0 51.0
26 27 1 TRACE 11.0 7.0 8.0 8.0 8.0 7.0 8.0 7.0 7.0 7.0 8.0 7.0 8.0 7.0 7.0 8.0 8.0 7.0 7.0 8.0 8.0 8.0 7.0 8.0 8.0 7.0 7.0 7.0 7.0 7.0 8.0 8.0 7.0 7.0 7.0 7.0 8.0 7.0 8.0 10.0 8.0 7.0 8.0 8.0 7.0 10.0 7.0 8.0 7.0 8.0 8.0 7.0 7.0 7.0 8.0 7.0 7.0 7.0 8.0 7.0 8.0 9.0 7.0 7.0 7.0 8.0 8.0 7.0 7.0 8.0 8.0 7.0 8.0 8.0 7.0 8.0 8.0 7.0 7.0 7.0 8.0 7.0 8.0 7.0 7.0 7.0 8.0 8.0 8.0 8.0 8.0 7.0 8.0 7.0 8.0 7.0 8.0 8.0 7.0 8.0 8.0 7.0 7.0 7.0 8.0 7.0 7.0 7.0 8.0 8.0 8.0 8.0 7.0 8.0 8.0 7.0 7.0 8.0 8.0 7.0 7.0 7.0 7.0 9.0 8.0 8.0 7.0 8.0 7.0 7.0 7.0 7.0 8.0 8.0 8.0 7.0 8.0 7.0 8.0 8.0 8.0 7.0 8.0 7.0 7.0 8.0 7.0 8.0 7.0 8.0 8.0 7.0 7.0 7.0 7.0 7.0 7.0 7.0 7.0 8.0 7.0 7.0 7.0 7.0 8.0 7.0 8.0 8.0 7.0 7.0 8.0 7.0 7.0 10.0 8.0 7.0 7.0 8.0 8.0 8.0 7.0 8.0 8.0 7.0 8.0 7.0 7.0 8.0 7.0 8.0 7.0 8.0 8.0 7.0 8.0 8.0 8.0 7.0 7.0 8.0 8.0 8.0 8.0 7.0 7.0 7.0 8.0 8.0 8.0 8.0 7.0 7.0 8.0 7.0 7.0 7.0 8.0 8.0 8.0 8.0 7.0 8.0 8.0 8.0 7.0 8.0 7.0 7.0 8.0 8.0 7.0 7.0 8.0 8.0 8.0 8.0 7.0 7.0 7.0 8.0 7.0 8.0 8.0 8.0 8.0 7.0 8.0 7.0 8.0 7.0 7.0 8.0 8.0 7.0 8.0 8.0 8.0
27 28 1 TRACE 10.0 8.0 7.0 7.0 8.0 8.0 7.0 7.0 8.0 7.0 8.0 8.0 8.0 8.0 7.0 7.0 8.0 7.0 8.0 9.0 8.0 7.0 7.0 7.0 8.0 7.0 7.0 7.0 7.0 7.0 7.0 7.0 8.0 8.0 8.0 8.0 8.0 7.0 7.0 10.0 8.0 7.0 7.0 7.0 8.0 8.0 8.0 7.0 7.0 7.0 8.0 7.0 7.0 8.0 8.0 7.0 7.0 8.0 7.0 8.0 7.0 10.0 8.0 7.0 7.0 8.0 8.0 8.0 7.0 7.0 8.0 8.0 8.0 7.0 8.0 8.0 8.0 7.0 8.0 8.0 8.0 10.0 7.0 7.0 8.0 8.0 7.0 8.0 7.0 8.0 7.0 7.0 8.0 7.0 7.0 7.0 8.0 7.0 7.0 7.0 7.0 7.0 8.0 8.0 7.0 8.0 7.0 8.0 8.0 8.0 7.0 7.0 8.0 8.0 7.0 7.0 7.0 8.0 8.0 7.0 7.0 8.0 7.0 9.0 8.0 8.0 8.0 8.0 8.0 8.0 8.0 7.0 8.0 8.0 7.0 8.0 7.0 8.0 8.0 7.0 8.0 7.0 8.0 7.0 8.0 7.0 7.0 8.0 7.0 7.0 7.0 7.0 8.0 8.0 8.0 8.0 7.0 7.0 7.0 8.0 8.0 8.0 7.0 7.0 8.0 7.0 7.0 7.0 8.0 8.0 7.0 8.0 8.0 9.0 8.0 7.0 8.0 7.0 7.0 8.0 8.0 8.0 7.0 8.0 7.0 8.0 8.0 8.0 7.0 7.0 7.0 8.0 7.0 8.0 8.0 8.0 7.0 7.0 7.0 7.0 7.0 8.0 7.0 8.0 7.0 7.0 8.0 7.0 7.0 8.0 7.0 7.0 7.0 8.0 8.0 8.0 7.0 7.0 8.0 7.0 8.0 8.0 7.0 8.0 8.0 7.0 8.0 7.0 8.0 7.0 7.0 7.0 8.0 8.0 8.0 7.0 7.0 8.0 7.0 19.0 7.0 8.0 7.0 8.0 8.0 7.0 8.0 7.0 8.0 8.0 7.0 7.0 8.0 8.0 8.0 7.0 7.0
28 29 1 TRACE 13.0 8.0 9.0 9.0 9.0 8.0 9.0 9.0 9.0 8.0 10.0 8.0 9.0 9.0 10.0 8.0 9.0 8.0 8.0 10.0 9.0 8.0 8.0 10.0 9.0 9.0 8.0 9.0 9.0 9.0 9.0 10.0 8.0 9.0 8.0 10.0 10.0 8.0 9.0 10.0 10.0 9.0 9.0 8.0 9.0 10.0 8.0 8.0 8.0 9.0 8.0 9.0 8.0 10.0 9.0 9.0 9.0 10.0 8.0 10.0 8.0 12.0 9.0 8.0 9.0 8.0 9.0 9.0 14.0 8.0 8.0 8.0 9.0 8.0 9.0 10.0 10.0 8.0 9.0 9.0 9.0 9.0 9.0 10.0 8.0 8.0 8.0 9.0 8.0 8.0 8.0 9.0 9.0 8.0 9.0 8.0 10.0 8.0 9.0 8.0 9.0 9.0 9.0 8.0 8.0 9.0 9.0 8.0 8.0 9.0 8.0 8.0 9.0 9.0 8.0 9.0 9.0 10.0 9.0 9.0 9.0 9.0 9.0 10.0 9.0 10.0 9.0 8.0 8.0 10.0 8.0 9.0 9.0 11.0 8.0 8.0 9.0 9.0 8.0 8.0 10.0 9.0 9.0 8.0 10.0 9.0 10.0 8.0 9.0 8.0 8.0 8.0 9.0 8.0 10.0 9.0 9.0 8.0 8.0 9.0 8.0 9.0 9.0 9.0 8.0 9.0 9.0 9.0 10.0 9.0 9.0 8.0 8.0 12.0 10.0 9.0 9.0 9.0 8.0 8.0 8.0 9.0 8.0 9.0 9.0 9.0 9.0 8.0 9.0 8.0 9.0 8.0 9.0 9.0 8.0 9.0 8.0 9.0 9.0 8.0 8.0 10.0 9.0 9.0 8.0 10.0 8.0 9.0 9.0 10.0 9.0 9.0 8.0 9.0 9.0 8.0 8.0 8.0 9.0 8.0 8.0 9.0 8.0 13.0 9.0 8.0 8.0 8.0 10.0 8.0 8.0 8.0 9.0 9.0 8.0 10.0 8.0 8.0 9.0 9.0 8.0 8.0 8.0 9.0 8.0 8.0 10.0 9.0 8.0 8.0 8.0 9.0 9.0 9.0 9.0 8.0 8.0
29 30 1 TRACE 37.0 28.0 28.0 30.0 30.0 29.0 272.0 46.0 34.0 43.0 27.0 29.0 34.0 29.0 29.0 39.0 36.0 129.0 27.0 61.0 36.0 36.0 28.0 29.0 39.0 55.0 25.0 229.0 53.0 35.0 37.0 40.0 28.0 33.0 118.0 63.0 14.0 33.0 167.0 25.0 36.0 32.0 43.0 52.0 26.0 47.0 151.0 38.0 27.0 31.0 31.0 28.0 26.0 50.0 27.0 31.0 28.0 28.0 36.0 74.0 124.0 84.0 47.0 26.0 30.0 123.0 28.0 36.0 36.0 49.0 32.0 26.0 124.0 135.0 25.0 50.0 17.0 26.0 141.0 32.0 25.0 85.0 146.0 29.0 28.0 49.0 28.0 32.0 29.0 31.0 27.0 26.0 30.0 44.0 34.0 27.0 28.0 28.0 127.0 27.0 32.0 28.0 28.0 28.0 27.0 28.0 25.0 40.0 32.0 28.0 32.0 41.0 28.0 34.0 128.0 47.0 38.0 155.0 60.0 24.0 81.0 28.0 30.0 23.0 50.0 28.0 27.0 45.0 35.0 29.0 134.0 63.0 26.0 17.0 56.0 140.0 47.0 28.0 31.0 29.0 31.0 25.0 32.0 133.0 30.0 27.0 16.0 36.0 34.0 31.0 40.0 137.0 129.0 28.0 146.0 30.0 156.0 132.0 28.0 141.0 114.0 44.0 28.0 34.0 29.0 138.0 28.0 27.0 43.0 27.0 37.0 123.0 36.0 39.0 60.0 142.0 13.0 27.0 26.0 120.0 27.0 39.0 27.0 27.0 47.0 33.0 29.0 26.0 34.0 28.0 132.0 158.0 25.0 121.0 27.0 29.0 145.0 112.0 141.0 126.0 105.0 127.0 29.0 130.0 31.0 29.0 28.0 29.0 115.0 46.0 126.0 32.0 60.0 125.0 123.0 54.0 27.0 31.0 133.0 140.0 28.0 34.0 133.0 16.0 35.0 26.0 129.0 27.0 149.0 47.0 54.0 26.0 31.0 132.0 119.0 17.0 29.0 34.0 26.0 14.0 48.0 54.0 28.0 28.0 144.0 123.0 25.0 30.0 42.0 34.0 26.0 225.0 134.0 30.0 162.0 27.0 28.0
30 31 1 TRACE 22.0 8.0 23.0 242.0 10.0 14.0 20.0 14.0 10.0 8.0 24.0 14.0 16.0 14.0 15.0 14.0 15.0 10.0 16.0 16.0 31.0 10.0 8.0 17.0 16.0 10.0 8.0 17.0 19.0 15.0 15.0 15.0 14.0 9.0 8.0 14.0 17.0 8.0 8.0 14.0 19.0 16.0 19.0 8.0 16.0 16.0 8.0 9.0 14.0 113.0 14.0 11.0 15.0 21.0 13.0 15.0 117.0 17.0 13.0 10.0 14.0 16.0 10.0 14.0 19.0 20.0 10.0 14.0 20.0 15.0 10.0 14.0 21.0 14.0 10.0 14.0 16.0 8.0 9.0 114.0 15.0 10.0 17.0 16.0 14.0 9.0 14.0 18.0 117.0 10.0 8.0 15.0 17.0 14.0 17.0 14.0 16.0 13.0 9.0 14.0 17.0 14.0 113.0 14.0 17.0 14.0 8.0 23.0 15.0 14.0 16.0 9.0 33.0 14.0 8.0 9.0 14.0 17.0 14.0 10.0 16.0 15.0 13.0 18.0 27.0 17.0 14.0 10.0 15.0 19.0 14.0 16.0 20.0 20.0 14.0 10.0 14.0 14.0 16.0 29.0 17.0 13.0 15.0 14.0 21.0 14.0 18.0 9.0 14.0 10.0 14.0 16.0 10.0 8.0 25.0 14.0 9.0 8.0 15.0 15.0 14.0 17.0 15.0 16.0 13.0 16.0 8.0 17.0 16.0 8.0 11.0 8.0 15.0 21.0 29.0 10.0 14.0 18.0 13.0 10.0 15.0 18.0 14.0 10.0 10.0 16.0 16.0 14.0 10.0 8.0 15.0 10.0 14.0 18.0 14.0 10.0 15.0 15.0 16.0 8.0 14.0 17.0 13.0 20.0 9.0 18.0 13.0 10.0 15.0 17.0 14.0 10.0 8.0 14.0 17.0 14.0 15.0 13.0 15.0 10.0 14.0 16.0 10.0 16.0 16.0 14.0 10.0 14.0 37.0 14.0 10.0 14.0 19.0 16.0 14.0 20.0 15.0 9.0 15.0 17.0 15.0 9.0 14.0 13.0 9.0 20.0 15.0 15.0 13.0 10.0 8.0 18.0 16.0 13.0 9.0 15.0 15.0
31 32 1 TRACE 16.0 11.0 12.0 14.0 11.0 11.0 12.0 11.0 11.0 10.0 12.0 11.0 11.0 11.0 12.0 11.0 12.0 14.0 12.0 23.0 11.0 11.0 11.0 12.0 11.0 11.0 10.0 12.0 11.0 12.0 11.0 12.0 12.0 11.0 11.0 11.0 12.0 10.0 11.0 11.0 12.0 12.0 14.0 11.0 11.0 12.0 11.0 16.0 11.0 12.0 11.0 11.0 11.0 11.0 12.0 11.0 11.0 12.0 11.0 12.0 11.0 14.0 11.0 11.0 12.0 12.0 11.0 11.0 12.0 12.0 11.0 11.0 11.0 11.0 11.0 12.0 12.0 11.0 11.0 11.0 13.0 11.0 11.0 12.0 11.0 11.0 11.0 12.0 12.0 10.0 11.0 11.0 12.0 12.0 11.0 11.0 11.0 11.0 11.0 11.0 12.0 11.0 12.0 12.0 11.0 12.0 11.0 12.0 11.0 12.0 12.0 11.0 11.0 12.0 11.0 11.0 11.0 11.0 11.0 11.0 12.0 12.0 11.0 13.0 12.0 12.0 12.0 11.0 11.0 12.0 17.0 11.0 11.0 13.0 11.0 11.0 12.0 12.0 11.0 12.0 11.0 11.0 11.0 16.0 12.0 11.0 12.0 11.0 12.0 11.0 11.0 11.0 11.0 11.0 13.0 11.0 11.0 11.0 11.0 12.0 12.0 11.0 11.0 12.0 12.0 11.0 11.0 11.0 11.0 11.0 11.0 11.0 11.0 14.0 24.0 12.0 11.0 12.0 12.0 11.0 11.0 11.0 11.0 10.0 13.0 13.0 12.0 11.0 11.0 11.0 11.0 11.0 11.0 12.0 11.0 11.0 11.0 11.0 11.0 11.0 11.0 12.0 11.0 11.0 11.0 11.0 11.0 12.0 11.0 12.0 12.0 11.0 10.0 11.0 12.0 12.0 11.0 11.0 14.0 11.0 11.0 11.0 11.0 12.0 12.0 11.0 12.0 11.0 12.0 11.0 11.0 11.0 13.0 11.0 11.0 13.0 11.0 11.0 11.0 27.0 12.0 11.0 10.0 11.0 10.0 12.0 12.0 11.0 11.0 11.0 11.0 11.0 12.0 11.0 12.0 11.0 11.0
32 33 1 TRACE 21.0 12.0 13.0 2206.0 13.0 13.0 14.0 13.0 12.0 24.0 16.0 13.0 12.0 12.0 13.0 13.0 13.0 35.0 12.0 13.0 13.0 12.0 12.0 13.0 13.0 19.0 12.0 13.0 18.0 12.0 12.0 13.0 13.0 13.0 12.0 13.0 13.0 14.0 13.0 13.0 16.0 13.0 15.0 13.0 12.0 14.0 109.0 15.0 13.0 18.0 12.0 12.0 12.0 15.0 12.0 13.0 18.0 13.0 13.0 14.0 12.0 15.0 13.0 13.0 16.0 13.0 12.0 12.0 15.0 13.0 13.0 13.0 13.0 13.0 17.0 12.0 13.0 13.0 12.0 16.0 13.0 14.0 13.0 13.0 18.0 13.0 13.0 14.0 17.0 110.0 12.0 13.0 130.0 13.0 13.0 13.0 13.0 12.0 13.0 13.0 13.0 13.0 17.0 12.0 13.0 13.0 13.0 13.0 12.0 13.0 108.0 16.0 13.0 13.0 13.0 14.0 12.0 13.0 13.0 13.0 13.0 13.0 13.0 15.0 13.0 16.0 13.0 130.0 12.0 14.0 14.0 13.0 101.0 17.0 13.0 12.0 13.0 13.0 13.0 12.0 14.0 13.0 13.0 13.0 16.0 13.0 14.0 13.0 13.0 12.0 13.0 13.0 13.0 13.0 18.0 13.0 13.0 13.0 12.0 13.0 13.0 12.0 12.0 14.0 12.0 13.0 15.0 13.0 13.0 12.0 13.0 12.0 12.0 31.0 16.0 13.0 105.0 13.0 13.0 13.0 13.0 14.0 12.0 13.0 13.0 12.0 13.0 12.0 18.0 128.0 12.0 15.0 13.0 20.0 13.0 13.0 12.0 13.0 12.0 114.0 12.0 15.0 13.0 13.0 12.0 14.0 13.0 12.0 13.0 15.0 13.0 13.0 12.0 13.0 14.0 12.0 15.0 12.0 121.0 18.0 110.0 14.0 12.0 14.0 13.0 13.0 13.0 19.0 17.0 12.0 13.0 13.0 14.0 131.0 12.0 16.0 13.0 12.0 12.0 14.0 13.0 34.0 12.0 13.0 13.0 13.0 13.0 13.0 13.0 13.0 13.0 13.0 14.0 12.0 12.0 12.0 35.0
33 34 1 TRACE 3090.0 1261.0 22824.0 4404.0 2203.0 2677.0 2279.0 1918.0 2056.0 2657.0 2678.0 1929.0 1753.0 8729.0 2191.0 1672.0 1358.0 2461.0 12919.0 1749.0 837.0 1863.0 1272.0 18773.0 1767.0 1498.0 2510.0 1658.0 2095.0 2306.0 9674.0 1831.0 1543.0 2276.0 2060.0 8208.0 1776.0 1512.0 2050.0 2714.0 2047.0 2005.0 1741.0 2096.0 18687.0 1700.0 1522.0 2536.0 2940.0 2001.0 1572.0 2251.0 3279.0 1984.0 1912.0 1721.0 6419.0 1819.0 1513.0 2076.0 2512.0 1654.0 2343.0 2677.0 2110.0 1486.0 2159.0 3110.0 2123.0 1598.0 1502.0 5565.0 1989.0 1546.0 1981.0 6307.0 1953.0 1576.0 1960.0 2910.0 1665.0 1879.0 8008.0 1868.0 1590.0 1777.0 3320.0 2051.0 1499.0 1808.0 2440.0 10162.0 1746.0 1487.0 1147.0 7194.0 2088.0 1578.0 1886.0 2677.0 22359.0 1760.0 1306.0 1472.0 18756.0 1784.0 802.0 1951.0 2787.0 1679.0 1858.0 2250.0 18514.0 1762.0 1172.0 2669.0 5649.0 1937.0 1861.0 1479.0 12269.0 1909.0 2253.0 1089.0 5626.0 2024.0 1548.0 1438.0 3860.0 1896.0 1609.0 1540.0 2323.0 2110.0 1885.0 1966.0 2265.0 1703.0 1967.0 5219.0 1799.0 1808.0 1226.0 2946.0 2068.0 1633.0 2096.0 2661.0 1755.0 2619.0 2351.0 1643.0 1928.0 2593.0 2095.0 1572.0 1818.0 1920.0 11637.0 1678.0 1024.0 1965.0 5696.0 1815.0 1647.0 1984.0 1934.0 11051.0 1731.0 1602.0 1914.0 2571.0 3135.0 2243.0 1751.0 1896.0 4390.0 1798.0 1608.0 2375.0 3788.0 1936.0 1525.0 2266.0 1705.0 9921.0 1727.0 850.0 2065.0 2033.0 1694.0 2456.0 2881.0 1949.0 1528.0 2144.0 2380.0 1794.0 1672.0 1642.0 2997.0 2060.0 1673.0 2063.0 3472.0 2059.0 1920.0 1720.0 3182.0 1970.0 1542.0 1686.0 2423.0 7532.0 1758.0 1569.0 1592.0 2650.0 1649.0 2040.0 2445.0 1804.0 2318.0 9917.0 1726.0 1513.0 2315.0 2687.0 2215.0 1931.0 2155.0 2710.0 1642.0 2029.0 2127.0 2045.0 1919.0 1843.0 6038.0 1723.0 1564.0 2352.0 2566.0 1783.0 1707.0 2180.0 12129.0 1761.0 1530.0 2375.0 2406.0 12163.0 1867.0 1259.0 2147.0 2629.0 1671.0
34 35 1 TRACE 29.0 750.0 925.0 139.0 50.0 111.0 60.0 42.0 18.0 77.0 85.0 56.0 57.0 119.0 59.0 38.0 20.0 183.0 238.0 59.0 35.0 18.0 114.0 807.0 56.0 19.0 95.0 56.0 81.0 108.0 375.0 57.0 87.0 18.0 51.0 150.0 68.0 37.0 47.0 120.0 83.0 49.0 17.0 49.0 397.0 159.0 17.0 49.0 247.0 55.0 39.0 61.0 136.0 58.0 44.0 49.0 474.0 59.0 41.0 47.0 93.0 57.0 50.0 71.0 56.0 45.0 61.0 251.0 112.0 42.0 76.0 131.0 176.0 38.0 59.0 132.0 56.0 34.0 60.0 51.0 55.0 57.0 177.0 59.0 36.0 58.0 312.0 56.0 44.0 17.0 50.0 209.0 534.0 36.0 66.0 201.0 84.0 38.0 50.0 52.0 414.0 56.0 57.0 39.0 310.0 65.0 18.0 55.0 169.0 56.0 17.0 50.0 442.0 58.0 17.0 52.0 158.0 53.0 43.0 58.0 201.0 191.0 74.0 54.0 143.0 81.0 41.0 56.0 87.0 204.0 68.0 21.0 61.0 56.0 43.0 40.0 48.0 71.0 50.0 107.0 55.0 48.0 48.0 114.0 57.0 41.0 17.0 58.0 63.0 52.0 86.0 60.0 17.0 57.0 62.0 41.0 21.0 53.0 207.0 122.0 37.0 54.0 241.0 57.0 36.0 21.0 51.0 225.0 61.0 14.0 16.0 54.0 61.0 216.0 42.0 50.0 100.0 61.0 38.0 53.0 74.0 59.0 41.0 18.0 57.0 200.0 57.0 34.0 17.0 57.0 57.0 55.0 155.0 59.0 40.0 52.0 51.0 57.0 17.0 47.0 66.0 66.0 39.0 19.0 88.0 156.0 44.0 60.0 273.0 60.0 39.0 19.0 55.0 113.0 81.0 39.0 40.0 157.0 63.0 62.0 58.0 56.0 55.0 252.0 57.0 40.0 51.0 139.0 57.0 205.0 55.0 123.0 57.0 50.0 48.0 58.0 39.0 61.0 203.0 110.0 37.0 51.0 581.0 55.0 42.0 56.0 271.0 57.0 16.0 16.0 76.0 207.0 56.0 34.0 51.0 87.0 68.0
35 36 1 TRACE 19.0 52.0 1080.0 39.0 38.0 106.0 38.0 35.0 14.0 188.0 48.0 36.0 77.0 364.0 42.0 32.0 14.0 159.0 359.0 40.0 49.0 13.0 162.0 667.0 40.0 15.0 115.0 183.0 32.0 40.0 562.0 105.0 33.0 13.0 39.0 271.0 61.0 30.0 150.0 114.0 41.0 32.0 13.0 37.0 555.0 39.0 14.0 164.0 112.0 38.0 32.0 37.0 197.0 52.0 35.0 33.0 169.0 43.0 31.0 34.0 46.0 79.0 36.0 75.0 40.0 32.0 35.0 440.0 84.0 34.0 37.0 274.0 43.0 42.0 51.0 171.0 42.0 29.0 38.0 46.0 38.0 81.0 229.0 41.0 31.0 37.0 219.0 40.0 32.0 13.0 36.0 381.0 69.0 34.0 47.0 189.0 62.0 33.0 34.0 35.0 763.0 37.0 33.0 146.0 568.0 37.0 14.0 33.0 43.0 63.0 12.0 35.0 585.0 104.0 13.0 33.0 164.0 36.0 33.0 38.0 359.0 73.0 80.0 38.0 137.0 48.0 31.0 49.0 133.0 239.0 31.0 15.0 137.0 45.0 165.0 32.0 36.0 36.0 33.0 153.0 37.0 35.0 31.0 233.0 161.0 35.0 13.0 39.0 37.0 50.0 43.0 34.0 14.0 51.0 40.0 38.0 14.0 36.0 333.0 141.0 30.0 57.0 220.0 159.0 31.0 13.0 35.0 486.0 38.0 12.0 13.0 38.0 296.0 86.0 34.0 36.0 122.0 37.0 32.0 36.0 95.0 42.0 42.0 14.0 40.0 360.0 41.0 32.0 13.0 36.0 37.0 35.0 86.0 130.0 35.0 34.0 101.0 38.0 12.0 68.0 74.0 136.0 156.0 13.0 122.0 45.0 32.0 38.0 162.0 57.0 45.0 15.0 62.0 186.0 176.0 31.0 27.0 50.0 36.0 33.0 43.0 46.0 36.0 296.0 37.0 33.0 32.0 107.0 41.0 360.0 37.0 126.0 37.0 33.0 53.0 49.0 33.0 44.0 198.0 51.0 150.0 37.0 190.0 39.0 32.0 35.0 413.0 160.0 14.0 13.0 38.0 384.0 149.0 31.0 36.0 80.0 50.0
36 37 1 TRACE 886.0 195.0 7619.0 45.0 31.0 2068.0 196.0 155.0 1041.0 420.0 410.0 107.0 1101.0 2530.0 115.0 368.0 1175.0 151.0 5100.0 136.0 95.0 47.0 440.0 9370.0 200.0 1024.0 47.0 176.0 1309.0 108.0 3569.0 34.0 483.0 23.0 589.0 3823.0 302.0 528.0 562.0 1319.0 300.0 131.0 980.0 42.0 9047.0 307.0 142.0 28.0 1112.0 161.0 501.0 30.0 1419.0 75.0 25.0 1178.0 2966.0 279.0 161.0 24.0 810.0 150.0 572.0 1530.0 46.0 515.0 590.0 468.0 112.0 524.0 988.0 2144.0 48.0 435.0 1023.0 3864.0 207.0 590.0 996.0 858.0 172.0 1009.0 3338.0 196.0 444.0 1047.0 765.0 117.0 546.0 991.0 589.0 6706.0 145.0 104.0 1362.0 4045.0 227.0 42.0 27.0 698.0 11275.0 70.0 929.0 62.0 10802.0 154.0 203.0 794.0 242.0 297.0 1183.0 35.0 8865.0 314.0 63.0 24.0 2070.0 37.0 25.0 1117.0 5070.0 39.0 42.0 1376.0 1973.0 38.0 79.0 1100.0 2537.0 281.0 353.0 1272.0 1083.0 239.0 198.0 1055.0 852.0 175.0 853.0 2225.0 304.0 24.0 1255.0 203.0 201.0 393.0 841.0 306.0 74.0 127.0 1052.0 109.0 1055.0 603.0 261.0 477.0 965.0 620.0 5838.0 181.0 35.0 1175.0 2582.0 38.0 186.0 1240.0 29.0 5798.0 133.0 182.0 99.0 45.0 2278.0 96.0 312.0 650.0 1993.0 422.0 526.0 25.0 1859.0 178.0 739.0 49.0 1062.0 6613.0 223.0 113.0 648.0 59.0 48.0 628.0 1319.0 148.0 467.0 28.0 852.0 95.0 981.0 23.0 2636.0 42.0 253.0 1206.0 1171.0 74.0 24.0 978.0 951.0 337.0 687.0 1125.0 689.0 3870.0 135.0 457.0 1109.0 299.0 135.0 93.0 1282.0 180.0 847.0 6010.0 136.0 150.0 75.0 1549.0 68.0 27.0 982.0 940.0 306.0 964.0 632.0 241.0 98.0 1077.0 3347.0 375.0 48.0 633.0 346.0 175.0 990.0 1010.0 6052.0 105.0 540.0 193.0 188.0 7625.0 33.0 84.0 224.0 975.0 113.0
37 38 1 TRACE 36.0 29.0 1753.0 35.0 25.0 327.0 30.0 39.0 27.0 159.0 33.0 30.0 26.0 906.0 29.0 31.0 23.0 131.0 1185.0 39.0 26.0 26.0 30.0 1616.0 29.0 27.0 41.0 25.0 29.0 28.0 861.0 35.0 25.0 25.0 39.0 941.0 29.0 23.0 24.0 171.0 53.0 28.0 27.0 31.0 1583.0 30.0 24.0 25.0 307.0 36.0 36.0 26.0 318.0 48.0 30.0 41.0 778.0 26.0 28.0 131.0 92.0 25.0 26.0 237.0 28.0 29.0 24.0 200.0 31.0 152.0 46.0 664.0 55.0 28.0 41.0 765.0 27.0 30.0 24.0 93.0 41.0 29.0 763.0 27.0 27.0 30.0 283.0 29.0 27.0 27.0 27.0 1047.0 32.0 25.0 25.0 839.0 30.0 27.0 25.0 53.0 1795.0 28.0 30.0 31.0 1579.0 29.0 24.0 144.0 109.0 24.0 28.0 48.0 1647.0 29.0 24.0 27.0 719.0 28.0 27.0 28.0 1092.0 27.0 83.0 39.0 744.0 28.0 28.0 24.0 458.0 30.0 29.0 23.0 140.0 30.0 31.0 26.0 46.0 26.0 53.0 663.0 144.0 127.0 34.0 132.0 28.0 27.0 24.0 42.0 26.0 143.0 77.0 30.0 118.0 150.0 30.0 29.0 24.0 46.0 1104.0 31.0 146.0 28.0 739.0 26.0 29.0 48.0 27.0 1091.0 30.0 128.0 41.0 28.0 608.0 46.0 47.0 26.0 675.0 131.0 28.0 23.0 393.0 28.0 147.0 128.0 29.0 1052.0 131.0 23.0 24.0 44.0 24.0 25.0 222.0 30.0 31.0 25.0 42.0 26.0 32.0 23.0 363.0 30.0 25.0 30.0 334.0 28.0 30.0 25.0 338.0 27.0 30.0 132.0 33.0 771.0 32.0 23.0 129.0 49.0 26.0 26.0 91.0 26.0 33.0 1040.0 27.0 39.0 118.0 135.0 27.0 130.0 27.0 99.0 23.0 33.0 138.0 28.0 29.0 25.0 860.0 24.0 142.0 28.0 108.0 29.0 118.0 28.0 1075.0 34.0 26.0 29.0 22.0 1198.0 127.0 26.0 31.0 91.0 25.0
38 39 1 TRACE 26.0 17.0 28.0 22.0 21.0 26.0 50.0 28.0 23.0 25.0 21.0 26.0 26.0 122.0 23.0 21.0 20.0 121.0 25.0 20.0 30.0 27.0 20.0 25.0 138.0 21.0 21.0 47.0 21.0 20.0 23.0 27.0 20.0 19.0 116.0 24.0 25.0 123.0 129.0 22.0 28.0 20.0 19.0 21.0 26.0 23.0 22.0 19.0 23.0 26.0 20.0 20.0 24.0 20.0 20.0 20.0 24.0 39.0 19.0 142.0 134.0 32.0 20.0 22.0 20.0 19.0 21.0 22.0 20.0 21.0 19.0 109.0 23.0 21.0 20.0 24.0 21.0 19.0 22.0 24.0 23.0 20.0 22.0 20.0 19.0 21.0 22.0 41.0 22.0 20.0 22.0 24.0 19.0 19.0 22.0 26.0 124.0 20.0 19.0 73.0 23.0 20.0 19.0 134.0 26.0 20.0 122.0 135.0 42.0 24.0 28.0 20.0 24.0 19.0 20.0 19.0 22.0 124.0 20.0 20.0 23.0 21.0 62.0 38.0 26.0 19.0 20.0 19.0 24.0 21.0 28.0 26.0 22.0 28.0 20.0 20.0 22.0 27.0 22.0 22.0 134.0 20.0 21.0 22.0 20.0 19.0 22.0 23.0 24.0 23.0 22.0 126.0 21.0 22.0 27.0 25.0 21.0 21.0 22.0 20.0 132.0 24.0 22.0 20.0 19.0 22.0 21.0 22.0 20.0 112.0 21.0 20.0 22.0 35.0 23.0 18.0 23.0 138.0 21.0 40.0 22.0 21.0 20.0 114.0 21.0 23.0 20.0 21.0 20.0 31.0 127.0 20.0 114.0 19.0 20.0 20.0 20.0 23.0 20.0 18.0 22.0 21.0 20.0 120.0 22.0 20.0 121.0 21.0 23.0 19.0 32.0 140.0 22.0 21.0 23.0 21.0 20.0 22.0 116.0 41.0 129.0 23.0 18.0 22.0 20.0 20.0 20.0 21.0 20.0 20.0 21.0 118.0 24.0 21.0 21.0 20.0 20.0 23.0 26.0 20.0 28.0 20.0 19.0 27.0 55.0 24.0 22.0 31.0 18.0 23.0 20.0 120.0 26.0 20.0 21.0 23.0 23.0
39 25 1 TRACE 16.0 17.0 17.0 16.0 15.0 16.0 15.0 17.0 13.0 16.0 15.0 15.0 16.0 15.0 15.0 17.0 17.0 15.0 16.0 15.0 16.0 17.0 26.0 16.0 15.0 16.0 15.0 16.0 16.0 16.0 15.0 16.0 16.0 17.0 16.0 120.0 16.0 19.0 18.0 17.0 16.0 16.0 16.0 138.0 16.0 14.0 15.0 15.0 14.0 18.0 16.0 15.0 13.0 17.0 18.0 17.0 16.0 16.0 17.0 14.0 15.0 16.0 16.0 19.0 16.0 15.0 16.0 14.0 15.0 16.0 17.0 23.0 16.0 16.0 13.0 15.0 15.0 16.0 14.0 15.0 16.0 15.0 15.0 16.0 16.0 16.0 15.0 16.0 27.0 25.0 21.0 14.0 15.0 15.0 17.0 16.0 16.0 17.0 16.0 15.0 15.0 14.0 17.0 17.0 16.0 15.0 15.0 15.0 15.0 15.0 139.0 14.0 16.0 16.0 15.0 16.0 18.0 17.0 17.0 14.0 14.0 16.0 23.0 13.0 132.0 25.0 16.0 14.0 14.0
39 40 1 TRACE 61.0 37.0 42.0 50.0 43.0 44.0 38.0 56.0 134.0 39.0 43.0 37.0 39.0 142.0 42.0 51.0 38.0 39.0 43.0 39.0 41.0 51.0 58.0 41.0 55.0 157.0 40.0 42.0 130.0 44.0 41.0 60.0 39.0 39.0 129.0 39.0 137.0 38.0 39.0 44.0 133.0 43.0 39.0 40.0 40.0 55.0 134.0 40.0 37.0 40.0 40.0 142.0 42.0 38.0 129.0 44.0 40.0 40.0 41.0 42.0 139.0 38.0 44.0 42.0
39 51 1 TRACE 49.0 43.0 43.0 47.0 140.0 159.0 50.0 42.0 42.0 42.0 42.0 41.0 44.0 42.0 47.0 46.0 42.0 46.0 41.0 45.0 43.0 40.0 40.0 43.0 43.0 127.0 44.0 43.0 41.0 97.0 129.0 45.0 40.0 41.0 43.0 42.0 42.0 41.0 43.0 41.0 42.0 44.0 49.0 43.0 42.0 133.0 47.0 45.0 43.0 42.0 46.0 41.0 46.0 44.0 133.0 63.0 138.0 47.0 44.0 48.0 49.0 43.0 46.0 45.0
40 41 1 TRACE 2376.0 1026.0 695.0 1400.0 1884.0 2399.0 681.0 1523.0 1502.0 735.0 2437.0 910.0 1031.0 1243.0 680.0 762.0 751.0 1113.0 1331.0 679.0 1307.0 777.0 1772.0 1446.0 2659.0 2407.0 694.0 2459.0 1172.0 1848.0 1084.0 874.0 702.0 670.0 1024.0 731.0 671.0 679.0 683.0 1930.0 1198.0 1915.0 891.0 1225.0 871.0 1815.0 646.0 756.0 672.0 823.0 905.0 809.0 1377.0 661.0 736.0 1736.0 699.0 743.0 730.0 1353.0 709.0 1778.0 2003.0 684.0
41 42 1 TRACE 20.0 16.0 12.0 12.0 15.0 14.0 13.0 15.0 14.0 13.0 14.0 12.0 14.0 17.0 13.0 15.0 14.0 11.0 12.0 16.0 14.0 11.0 12.0 14.0 13.0 13.0 14.0 26.0 12.0 14.0 15.0 15.0 14.0 13.0 13.0 17.0 14.0 12.0 14.0 13.0 12.0 14.0 12.0 12.0 14.0 13.0 11.0 12.0 14.0 14.0 11.0 43.0 14.0 15.0 14.0 14.0 12.0 15.0 12.0 12.0 15.0 17.0 11.0 12.0 14.0 13.0 12.0 14.0 13.0 14.0 14.0 13.0 12.0 16.0 13.0 15.0 14.0 12.0 14.0 14.0 11.0 12.0 16.0 14.0 11.0 14.0 13.0 12.0 12.0 14.0 12.0 13.0 15.0 12.0 12.0 13.0 13.0 12.0 14.0 14.0 11.0 14.0 14.0 12.0 15.0 15.0 11.0 13.0 15.0 14.0 12.0 16.0 14.0 12.0 14.0 22.0 11.0 11.0 15.0 14.0 11.0 13.0 15.0 15.0 14.0 18.0 12.0 13.0 13.0 12.0 13.0 14.0 12.0 12.0 15.0 24.0 12.0 14.0 25.0 12.0 14.0 13.0 14.0 14.0 12.0 12.0 15.0 15.0 50.0 12.0 14.0 14.0 12.0 14.0 15.0 11.0 14.0 14.0 13.0 12.0 14.0 14.0 12.0 14.0 12.0 13.0 14.0 13.0 13.0 15.0 15.0 11.0 12.0 15.0 14.0 11.0 15.0 16.0 12.0 12.0 14.0 13.0 12.0 15.0 13.0 11.0 12.0 14.0 14.0 12.0 14.0 12.0 12.0 14.0 14.0 11.0 13.0 15.0 12.0 14.0 14.0 12.0 12.0 15.0 15.0 12.0
42 43 1 TRACE 16.0 11.0 21.0 11.0 11.0 10.0 11.0 11.0 11.0 11.0 11.0 15.0 11.0 13.0 12.0 11.0 11.0 11.0 11.0 10.0 10.0 10.0 11.0 11.0 11.0 11.0 12.0 11.0 11.0 11.0 11.0 11.0 10.0 13.0 11.0 11.0 10.0 11.0 11.0 11.0 11.0 11.0 10.0 11.0 11.0 10.0 11.0 10.0 11.0 11.0 11.0 11.0 11.0 13.0 11.0 12.0 11.0 11.0 11.0 11.0 11.0 29.0 11.0 11.0 10.0 11.0 11.0 11.0 11.0 11.0 11.0 10.0 12.0 11.0 11.0 12.0 11.0 11.0 11.0 11.0 10.0 11.0 11.0 11.0 11.0 11.0 11.0 11.0 11.0 11.0 11.0 11.0 11.0 10.0 11.0 11.0 10.0 11.0 11.0 11.0 11.0 11.0 10.0 10.0 11.0 11.0 10.0 11.0 10.0 11.0 11.0 11.0 11.0 10.0 10.0 10.0 11.0 10.0 11.0 11.0 10.0 10.0 11.0 11.0 11.0 11.0 10.0 11.0 11.0 10.0 11.0 11.0 11.0 11.0 12.0 22.0 11.0 11.0 11.0 11.0 11.0 10.0 11.0 11.0 11.0 11.0 11.0 11.0 10.0 11.0 11.0 11.0 10.0 11.0 11.0 10.0 10.0 10.0 11.0 11.0 11.0 11.0 10.0 10.0 11.0 11.0 11.0 11.0 11.0 11.0 11.0 11.0 10.0 11.0 11.0 10.0 11.0 11.0 10.0 10.0 11.0 10.0 10.0 11.0 11.0 11.0 11.0 11.0 10.0 11.0 11.0 10.0 10.0 11.0 10.0 11.0 13.0 11.0 11.0 12.0 11.0 10.0 11.0 11.0 10.0 11.0
43 44 1 TRACE 22.0 15.0 12.0 15.0 17.0 14.0 13.0 17.0 15.0 18.0 16.0 13.0 17.0 20.0 13.0 17.0 16.0 12.0 23.0 17.0 16.0 11.0 18.0 20.0 13.0 17.0 17.0 15.0 15.0 17.0 15.0 17.0 16.0 14.0 15.0 16.0 14.0 16.0 17.0 14.0 17.0 17.0 13.0 14.0 17.0 15.0 12.0 14.0 17.0 15.0 16.0 16.0 15.0 19.0 17.0 38.0 17.0 17.0 12.0 14.0 18.0 16.0 12.0 17.0 16.0 13.0 15.0 17.0 15.0 17.0 16.0 13.0 18.0 17.0 13.0 18.0 16.0 13.0 17.0 17.0 13.0 16.0 17.0 14.0 12.0 17.0 16.0 12.0 17.0 16.0 13.0 17.0 17.0 12.0 17.0 17.0 14.0 16.0 17.0 14.0 15.0 17.0 14.0 16.0 17.0 16.0 12.0 17.0 16.0 14.0 16.0 17.0 15.0 15.0 17.0 15.0 11.0 14.0 17.0 16.0 12.0 12.0 18.0 15.0 17.0 17.0 13.0 16.0 16.0 13.0 18.0 16.0 12.0 16.0 18.0 24.0 16.0 16.0 14.0 17.0 16.0 13.0 17.0 17.0 12.0 12.0 17.0 16.0 12.0 15.0 17.0 14.0 14.0 17.0 19.0 12.0 17.0 16.0 14.0 17.0 17.0 14.0 15.0 16.0 14.0 17.0 16.0 13.0 14.0 17.0 16.0 12.0 15.0 17.0 15.0 11.0 18.0 17.0 13.0 15.0 17.0 14.0 15.0 17.0 15.0 12.0 16.0 18.0 15.0 17.0 16.0 12.0 14.0 17.0 14.0 12.0 17.0 17.0 12.0 18.0 17.0 13.0 14.0 17.0 15.0 12.0
44 45 1 TRACE 798.0 116.0 126.0 185.0 104.0 105.0 262.0 106.0 222.0 240.0 116.0 101.0 235.0 193.0 112.0 128.0 107.0 106.0 131.0 107.0 112.0 109.0 126.0 130.0 206.0 194.0 104.0 105.0 485.0 108.0 107.0 131.0 120.0 102.0 252.0 97.0 108.0 159.0 232.0 203.0 351.0 104.0 104.0 186.0 110.0 105.0 108.0 301.0 110.0 109.0 145.0 120.0 107.0 534.0 107.0 77.0 136.0 118.0 112.0 231.0 107.0 96.0 107.0 273.0 103.0 105.0 199.0 102.0 99.0 152.0 105.0 214.0 160.0 103.0 213.0 268.0 229.0 102.0 130.0 107.0 110.0 411.0 108.0 101.0 106.0 127.0 110.0 115.0 221.0 108.0 112.0 140.0 111.0 231.0 156.0 107.0 111.0 330.0 109.0 102.0 173.0 102.0 106.0 159.0 105.0 107.0 102.0 270.0 101.0 102.0 154.0 232.0 106.0 282.0 106.0 94.0 106.0 212.0 102.0 104.0 106.0 275.0 110.0 110.0 127.0 104.0 114.0 278.0 104.0 107.0 123.0 103.0 103.0 161.0 102.0 119.0 126.0 156.0 114.0 239.0 105.0 106.0 133.0 102.0 112.0 212.0 106.0 106.0 96.0 388.0 106.0 100.0 190.0 107.0 78.0 107.0 121.0 109.0 108.0 247.0 209.0 107.0 318.0 106.0 105.0 256.0 105.0 106.0 225.0 211.0 106.0 108.0 170.0 103.0 115.0 232.0 190.0 109.0 106.0 197.0 105.0 122.0 119.0 106.0 218.0 102.0 144.0 112.0 109.0 143.0 219.0 142.0 422.0 117.0 102.0 114.0 187.0 195.0 106.0 131.0 108.0 106.0 185.0 110.0 106.0 107.0
45 46 1 TRACE 45.0 32.0 31.0 34.0 37.0 34.0 32.0 32.0 35.0 29.0 33.0 33.0 62.0 59.0 33.0 36.0 33.0 33.0 34.0 36.0 35.0 32.0 29.0 34.0 39.0 40.0 35.0 33.0 29.0 58.0 34.0 29.0 31.0 27.0 38.0 37.0 34.0 34.0 33.0 35.0 25.0 32.0 33.0 38.0 34.0 35.0 38.0 32.0 34.0 34.0 31.0 32.0 33.0 33.0 34.0 32.0 33.0 32.0 34.0 43.0 37.0 36.0 31.0 27.0 33.0 34.0 34.0 36.0 33.0 30.0 37.0 18.0 37.0 33.0 29.0 30.0 32.0 42.0 31.0 34.0 32.0 39.0 38.0 35.0 40.0 30.0 36.0 36.0 28.0 34.0 30.0 29.0 32.0 32.0 32.0 31.0 32.0 32.0 34.0 33.0 38.0 36.0 36.0 37.0 34.0 36.0 34.0 33.0 33.0 140.0 29.0 32.0 34.0 34.0 36.0 36.0 35.0 39.0 31.0 35.0 38.0 124.0 32.0 35.0 38.0 33.0 33.0 33.0 36.0 37.0 28.0 35.0 34.0 30.0 35.0 69.0 32.0 126.0 32.0 31.0 33.0 33.0 30.0 32.0 33.0 36.0 36.0 41.0 34.0 31.0 36.0 33.0 31.0 37.0 33.0 38.0 26.0 35.0 36.0 26.0 150.0 33.0 34.0 33.0 34.0 26.0 37.0 127.0 39.0 37.0 35.0 31.0 38.0 32.0 32.0 31.0 29.0 40.0 37.0 39.0 32.0 41.0 30.0 37.0 33.0 30.0 31.0 30.0 30.0 37.0 119.0 43.0 36.0 48.0 36.0 31.0 31.0 152.0 32.0 27.0 34.0 30.0 36.0 34.0 37.0 30.0
46 47 1 TRACE 9995.0 2812.0 1381.0 13714.0 5166.0 1702.0 14771.0 6069.0 1784.0 11332.0 3471.0 1466.0 10461.0 3150.0 1425.0 7628.0 2538.0 1302.0 10294.0 7528.0 2252.0 1360.0 8192.0 3152.0 1387.0 8395.0 3574.0 1576.0 10611.0 5576.0 1824.0 7670.0 2605.0 1290.0 10570.0 4834.0 1735.0 10568.0 4857.0 1685.0 8700.0 3364.0 1471.0 10080.0 6406.0 1785.0 1251.0 10691.0 5278.0 1735.0 10657.0 5355.0 1665.0 11594.0 3857.0 1571.0 8745.0 3343.0 1401.0 10170.0 6325.0 1819.0 1322.0 8795.0 3391.0 1400.0 10767.0 4958.0 1654.0 7945.0 2856.0 1340.0 8333.0 3158.0 1377.0 7694.0 2572.0 1309.0 7718.0 2525.0 1290.0 10104.0 6243.0 1769.0 1311.0 7700.0 2615.0 1301.0 9408.0 3865.0 1621.0 8042.0 2881.0 1321.0 9320.0 3821.0 1500.0 10094.0 4366.0 1573.0 10900.0 5863.0 1750.0 10267.0 7343.0 2152.0 1329.0 9419.0 3914.0 1525.0 10906.0 5949.0 1728.0 9733.0 7492.0 2157.0 1343.0 10559.0 6594.0 1843.0 1278.0 10729.0 5928.0 1708.0 7870.0 2793.0 1295.0 8674.0 3389.0 1470.0 7872.0 2830.0 1389.0 9852.0 4204.0 2222.0 9326.0 3792.0 1513.0 10423.0 4555.0 1594.0 7971.0 2910.0 1308.0 9796.0 7522.0 2179.0 1299.0 10645.0 5256.0 1659.0 9762.0 7575.0 2163.0 1253.0 10420.0 4664.0 1681.0 10551.0 4755.0 1622.0 10498.0 4753.0 1605.0 8602.0 3292.0 1390.0 9722.0 7239.0 2091.0 1282.0 10100.0 6401.0 1817.0 1343.0 8039.0 2960.0 1369.0 10238.0 5975.0 1801.0 10222.0 6281.0 1798.0 1383.0 10267.0 5913.0 1694.0 8803.0 3433.0 1415.0 10118.0 6162.0 1778.0 1308.0 7965.0 2877.0 1394.0 7875.0 2746.0 1383.0 10066.0 6363.0 1788.0 1277.0
47 48 1 TRACE 14.0 10.0 12.0 12.0 9.0 10.0 12.0 11.0 8.0 11.0 14.0 10.0 10.0 11.0 11.0 10.0 8.0 10.0 11.0 10.0 8.0 10.0 13.0 11.0 9.0 11.0 13.0 12.0 8.0 12.0 12.0 11.0 8.0 10.0 11.0 9.0 9.0 11.0 15.0 11.0 8.0 10.0 12.0 10.0 9.0 10.0 15.0 10.0 9.0 10.0 11.0 12.0 10.0 104.0 14.0 12.0 9.0 10.0 11.0 21.0 9.0 87.0 83.0 68.0 8.0 33.0 15.0 10.0 8.0 14.0 19.0 18.0 9.0 10.0 17.0 12.0 8.0 10.0 71.0 105.0 8.0 13.0 12.0 10.0 8.0 10.0 18.0 10.0 8.0 11.0 82.0 92.0 9.0 10.0 12.0 10.0 8.0 10.0 17.0 20.0 8.0 11.0 88.0 94.0 10.0 12.0 11.0 25.0 8.0 13.0 9.0 10.0 9.0 10.0 82.0 10.0 8.0 10.0 19.0 10.0 9.0 12.0 11.0 16.0 8.0 36.0 31.0 74.0 8.0 13.0 13.0 29.0 8.0 16.0 13.0 10.0 8.0 11.0 11.0 34.0 8.0 10.0 11.0 15.0 8.0 12.0 16.0 13.0 8.0 10.0 10.0 37.0 8.0 10.0 13.0 107.0 8.0 10.0 15.0 10.0 9.0 14.0 13.0 48.0 8.0 12.0 13.0 10.0 8.0 11.0 20.0 9.0 8.0 11.0 11.0 11.0 8.0 64.0 76.0 59.0 8.0 12.0 12.0 10.0 8.0 11.0 13.0 15.0 9.0 10.0 10.0 18.0 8.0 12.0 10.0 11.0 8.0 10.0 17.0 15.0 8.0 10.0 45.0 90.0 8.0 17.0 13.0 11.0 9.0 10.0 16.0 10.0 10.0 187.0 95.0 80.0 8.0 58.0 10.0 10.0 8.0 23.0 12.0 9.0 9.0 11.0 55.0 65.0 8.0 115.0 33.0 10.0 8.0 11.0 15.0 10.0 12.0 10.0 13.0 44.0 9.0 100.0 40.0 21.0 8.0 11.0 12.0 16.0 9.0 15.0 17.0 23.0 9.0 11.0 86.0 43.0 9.0 10.0 11.0 11.0 8.0 10.0 11.0 15.0 8.0 10.0 14.0 59.0 9.0 24.0 10.0 10.0 8.0 10.0 11.0 14.0 9.0 10.0 54.0 98.0 9.0 10.0 11.0 10.0 9.0 10.0 10.0 12.0 9.0 11.0 41.0 48.0 9.0 27.0 11.0 10.0 8.0 10.0 18.0 11.0 9.0 11.0 16.0 42.0 8.0 15.0 11.0 10.0 8.0 15.0 21.0 10.0 8.0 74.0 80.0 79.0 8.0 10.0 18.0 18.0 8.0 10.0 17.0 18.0 8.0 10.0 10.0 10.0 8.0 54.0 64.0 95.0 8.0 24.0 11.0 15.0 8.0 15.0 21.0 9.0 9.0 70.0 89.0 89.0 8.0 27.0 15.0 21.0 8.0 10.0 13.0 14.0 8.0 15.0 62.0 10.0 8.0 10.0 12.0 10.0 8.0 13.0 18.0 17.0 9.0 10.0 96.0 70.0 8.0 9.0 12.0 10.0 8.0 10.0 10.0 12.0 9.0 13.0 29.0 181.0 8.0 10.0 30.0 12.0 8.0 10.0 10.0 15.0 8.0 10.0 66.0 52.0 9.0 31.0 10.0 10.0 8.0 12.0 12.0 10.0 9.0 11.0 77.0 124.0 8.0 42.0 44.0 18.0 8.0 10.0 16.0 16.0 9.0 10.0 12.0 11.0 8.0 70.0 85.0 25.0 9.0 10.0 18.0 20.0 8.0 10.0 11.0 11.0 9.0 15.0 80.0 49.0 8.0 10.0 10.0 10.0 8.0 9.0 12.0 16.0 9.0 10.0 10.0 11.0 9.0 10.0 30.0 27.0 8.0 9.0 132.0 21.0 9.0 11.0 11.0 10.0 9.0 40.0 113.0 107.0 7.0 10.0 11.0 14.0 8.0 10.0 20.0 21.0 8.0 10.0 11.0 12.0 8.0 11.0 53.0 64.0 7.0 9.0 17.0 13.0 8.0 13.0 10.0 9.0 9.0 10.0 59.0 60.0 9.0 92.0 39.0 59.0 8.0 16.0 14.0 12.0 9.0 11.0 41.0 97.0 8.0 98.0 10.0 10.0 8.0 12.0 16.0 16.0 9.0 10.0 14.0 97.0 8.0 26.0 12.0 10.0 8.0 12.0 16.0 18.0 9.0 42.0 65.0 94.0 8.0 140.0 10.0 11.0 8.0 14.0 11.0 13.0 8.0 11.0 50.0 103.0 8.0 26.0 22.0 23.0 9.0 13.0 14.0 10.0 9.0 11.0 76.0 67.0 8.0 11.0 10.0 10.0 8.0 10.0 12.0 10.0 9.0 11.0 148.0 40.0 8.0 10.0 10.0 12.0 8.0 10.0 11.0 19.0 9.0 10.0 103.0 67.0 9.0 31.0 23.0 10.0 8.0 141.0 11.0 10.0 9.0 11.0 323.0 12.0 9.0 58.0 196.0 104.0 8.0 23.0 18.0 10.0 8.0 13.0 14.0 33.0 9.0 10.0 13.0 10.0 9.0 25.0 27.0 11.0 8.0 10.0 10.0 15.0 8.0 11.0 127.0 77.0 8.0 73.0 90.0 64.0 8.0 19.0 12.0 10.0 8.0 15.0 10.0 9.0 9.0 10.0 11.0 50.0 9.0 11.0 12.0 10.0 8.0 13.0 17.0 11.0 8.0 10.0 11.0 109.0 8.0 10.0 11.0 9.0 8.0 10.0 10.0 15.0 8.0 11.0 48.0 55.0 9.0 13.0 10.0 44.0 8.0 11.0 18.0 28.0 8.0 11.0 133.0 67.0 9.0 24.0 11.0 10.0 7.0 12.0 9.0 11.0 9.0 10.0 14.0 10.0 8.0 10.0 21.0 117.0 8.0 25.0 20.0 9.0 8.0 15.0 18.0 17.0 11.0 176.0 101.0 126.0 8.0 86.0 60.0 42.0 8.0 10.0 15.0 20.0 8.0 10.0 19.0 10.0 8.0 24.0 267.0 290.0 8.0 34.0 11.0 10.0 8.0 9.0 16.0 16.0 9.0 10.0 36.0 10.0 9.0 29.0 54.0 44.0 8.0 13.0 10.0 11.0 9.0 10.0 12.0 10.0 8.0 82.0 93.0 86.0 9.0 9.0 19.0 16.0 8.0 14.0 13.0 16.0 9.0 11.0 12.0 10.0 8.0 39.0 66.0 55.0 8.0 10.0 17.0 11.0 8.0 10.0 76.0 67.0 9.0 10.0 31.0 11.0 8.0 10.0 18.0 16.0 8.0 10.0 11.0 58.0 8.0 10.0 70.0 17.0 7.0 9.0 13.0 9.0 8.0 9.0 19.0 18.0 9.0 13.0 79.0 86.0 8.0 12.0 10.0 9.0 8.0 10.0 18.0 17.0 8.0 11.0 23.0 46.0 8.0 10.0 21.0 10.0 8.0 15.0 18.0 19.0 9.0 11.0 124.0 10.0 9.0 91.0 78.0 24.0 11.0 10.0 12.0 11.0 8.0 15.0 17.0 10.0
48 49 1 TRACE 452.0 373.0 288.0 155.0 13.0 22.0 23.0 22.0 8.0 13.0 9.0 13.0 848.0 428.0 237.0 170.0 61.0 103.0 84.0 68.0 8.0 11.0 11.0 15.0 713.0 373.0 229.0 123.0 96.0 115.0 127.0 185.0 9.0 12.0 11.0 13.0 865.0 369.0 258.0 225.0 19.0 41.0 38.0 34.0 8.0 15.0 11.0 12.0 755.0 401.0 278.0 207.0 30.0 34.0 28.0 29.0 9.0 11.0 11.0 23.0 466.0 335.0 255.0 167.0 13.0 20.0 20.0 18.0 8.0 14.0 10.0 12.0 409.0 263.0 140.0 144.0 420.0 344.0 209.0 126.0 10.0 21.0 18.0 18.0 11.0 9.0 11.0 11.0 835.0 376.0 237.0 140.0 23.0 33.0 35.0 29.0 8.0 12.0 10.0 11.0 841.0 373.0 234.0 138.0 21.0 44.0 35.0 33.0 7.0 10.0 11.0 10.0 739.0 390.0 241.0 127.0 91.0 134.0 121.0 84.0 8.0 11.0 11.0 14.0 439.0 329.0 235.0 155.0 13.0 20.0 22.0 19.0 7.0 14.0 10.0 11.0 870.0 382.0 238.0 170.0 61.0 103.0 85.0 65.0 9.0 14.0 11.0 12.0 854.0 398.0 225.0 171.0 62.0 109.0 84.0 85.0 8.0 13.0 11.0 17.0 860.0 504.0 243.0 138.0 28.0 44.0 40.0 33.0 8.0 10.0 11.0 15.0 633.0 354.0 224.0 144.0 154.0 181.0 135.0 129.0 9.0 18.0 14.0 13.0 8.0 12.0 10.0 14.0 771.0 408.0 234.0 177.0 72.0 135.0 95.0 76.0 8.0 14.0 11.0 12.0 747.0 450.0 230.0 166.0 81.0 134.0 102.0 82.0 8.0 11.0 12.0 12.0 1004.0 402.0 243.0 155.0 37.0 59.0 53.0 46.0 9.0 14.0 11.0 11.0 862.0 343.0 236.0 149.0 28.0 42.0 40.0 34.0 8.0 10.0 10.0 134.0 696.0 351.0 223.0 152.0 151.0 207.0 152.0 98.0 9.0 16.0 12.0 14.0 7.0 11.0 9.0 16.0 935.0 389.0 262.0 140.0 29.0 40.0 40.0 35.0 7.0 10.0 10.0 12.0 807.0 405.0 236.0 170.0 66.0 107.0 98.0 70.0 9.0 11.0 11.0 13.0 770.0 349.0 236.0 162.0 17.0 25.0 28.0 26.0 8.0 11.0 10.0 13.0 840.0 364.0 244.0 139.0 17.0 36.0 36.0 31.0 8.0 10.0 10.0 10.0 484.0 345.0 229.0 146.0 11.0 18.0 19.0 19.0 8.0 14.0 10.0 10.0 436.0 382.0 243.0 161.0 13.0 22.0 20.0 20.0 7.0 12.0 10.0 10.0 688.0 353.0 251.0 147.0 146.0 144.0 133.0 144.0 8.0 13.0 12.0 14.0 8.0 12.0 10.0 13.0 442.0 343.0 228.0 146.0 12.0 22.0 21.0 21.0 7.0 10.0 10.0 12.0 869.0 429.0 243.0 133.0 36.0 57.0 54.0 146.0 8.0 10.0 11.0 14.0 780.0 448.0 240.0 165.0 12.0 26.0 26.0 23.0 7.0 12.0 9.0 9.0 878.0 395.0 237.0 141.0 36.0 160.0 56.0 47.0 7.0 10.0 10.0 12.0 907.0 392.0 230.0 136.0 48.0 78.0 79.0 63.0 8.0 10.0 11.0 14.0 698.0 386.0 229.0 152.0 113.0 137.0 135.0 93.0 9.0 14.0 11.0 14.0 441.0 275.0 193.0 146.0 339.0 300.0 202.0 131.0 9.0 18.0 15.0 18.0 8.0 11.0 10.0 12.0 876.0 349.0 241.0 138.0 38.0 59.0 71.0 47.0 8.0 12.0 11.0 14.0 689.0 391.0 235.0 156.0 116.0 143.0 137.0 95.0 9.0 11.0 15.0 15.0 411.0 264.0 141.0 143.0 376.0 467.0 207.0 123.0 10.0 20.0 18.0 20.0 8.0 11.0 9.0 9.0 581.0 334.0 217.0 146.0 176.0 169.0 140.0 130.0 9.0 18.0 13.0 14.0 7.0 14.0 10.0 13.0 643.0 410.0 228.0 154.0 117.0 129.0 135.0 98.0 9.0 13.0 11.0 11.0 741.0 384.0 239.0 163.0 12.0 23.0 26.0 24.0 8.0 10.0 10.0 13.0 897.0 410.0 264.0 137.0 20.0 43.0 47.0 35.0 7.0 10.0 11.0 10.0 752.0 360.0 244.0 166.0 13.0 24.0 26.0 24.0 8.0 12.0 10.0 13.0 865.0 412.0 238.0 130.0 61.0 82.0 67.0 78.0 9.0 16.0 12.0 32.0 867.0 397.0 247.0 136.0 35.0 60.0 53.0 46.0 7.0 11.0 11.0 13.0 827.0 402.0 238.0 136.0 52.0 89.0 82.0 72.0 9.0 119.0 12.0 13.0 765.0 380.0 243.0 166.0 13.0 29.0 27.0 23.0 7.0 11.0 11.0 12.0 391.0 270.0 150.0 151.0 378.0 336.0 209.0 126.0 10.0 17.0 19.0 17.0 7.0 15.0 10.0 13.0 771.0 382.0 230.0 174.0 77.0 217.0 108.0 79.0 8.0 12.0 10.0 12.0 443.0 271.0 177.0 142.0 375.0 338.0 238.0 134.0 9.0 25.0 16.0 17.0 7.0 14.0 10.0 9.0 829.0 401.0 235.0 133.0 58.0 81.0 87.0 68.0 9.0 16.0 11.0 11.0 804.0 419.0 234.0 127.0 59.0 122.0 90.0 69.0 8.0 11.0 11.0 12.0 808.0 404.0 238.0 128.0 72.0 112.0 86.0 77.0 8.0 12.0 11.0 11.0 883.0 395.0 252.0 143.0 19.0 140.0 38.0 33.0 7.0 10.0 10.0 15.0 431.0 300.0 189.0 146.0 360.0 296.0 198.0 126.0 10.0 18.0 16.0 17.0 7.0 12.0 10.0 11.0 613.0 331.0 224.0 149.0 158.0 195.0 140.0 105.0 8.0 12.0 13.0 14.0 7.0 10.0 10.0 14.0 804.0 311.0 272.0 173.0 13.0 32.0 27.0 25.0 7.0 10.0 10.0 12.0 701.0 442.0 227.0 152.0 115.0 147.0 118.0 113.0 9.0 15.0 12.0 11.0 628.0 362.0 229.0 148.0 147.0 173.0 134.0 122.0 10.0 13.0 12.0 13.0 7.0 12.0 11.0 12.0 711.0 384.0 242.0 264.0 108.0 143.0 130.0 92.0 9.0 16.0 11.0 11.0 866.0 384.0 234.0 149.0 19.0 40.0 48.0 36.0 7.0 10.0 10.0 27.0 672.0 366.0 227.0 151.0 140.0 167.0 128.0 116.0 8.0 11.0 11.0 12.0 7.0 10.0 10.0 14.0 779.0 374.0 240.0 168.0 13.0 29.0 28.0 24.0 7.0 12.0 10.0 14.0 720.0 380.0 258.0 191.0 15.0 26.0 24.0 134.0 7.0 13.0 10.0 14.0 637.0 371.0 219.0 142.0 152.0 176.0 136.0 123.0 9.0 11.0 14.0 15.0 7.0 12.0 9.0 9.0
49 47 1 TRACE 6330.0 4886.0 4224.0 980.0 930.0 707.0 461.0 463.0 487.0 8693.0 6891.0 5844.0 3375.0 3016.0 2615.0 563.0 471.0 457.0 9031.0 7452.0 6520.0 3982.0 3635.0 3030.0 491.0 482.0 478.0 6896.0 5522.0 4661.0 1769.0 1603.0 1379.0 459.0 459.0 490.0 6517.0 5690.0 4799.0 1190.0 1081.0 931.0 518.0 500.0 482.0 5463.0 4388.0 3792.0 855.0 752.0 650.0 476.0 447.0 445.0 7127.0 6411.0 5929.0 5016.0 4121.0 3575.0 612.0 636.0 536.0 449.0 449.0 584.0 6118.0 4701.0 4076.0 1501.0 1289.0 1152.0 448.0 448.0 448.0 5781.0 4708.0 4108.0 1676.0 1483.0 1376.0 487.0 485.0 484.0 7119.0 5823.0 5327.0 3605.0 3155.0 2876.0 470.0 465.0 459.0 5514.0 4423.0 3792.0 827.0 802.0 635.0 578.0 460.0 491.0 7072.0 5834.0 5114.0 3051.0 2695.0 2497.0 461.0 455.0 454.0 7242.0 5799.0 5132.0 3019.0 2738.0 2503.0 460.0 457.0 463.0 5921.0 4889.0 4244.0 1629.0 1502.0 1340.0 451.0 448.0 454.0 7275.0 5889.0 5438.0 4169.0 3583.0 3154.0 491.0 510.0 509.0 561.0 454.0 444.0 7153.0 5923.0 5236.0 3204.0 2911.0 2650.0 498.0 459.0 456.0 7178.0 5835.0 5210.0 3424.0 3020.0 2767.0 475.0 461.0 494.0 6584.0 5254.0 4548.0 2140.0 1969.0 1758.0 452.0 516.0 553.0 5970.0 4832.0 4248.0 1651.0 1500.0 1386.0 651.0 448.0 453.0 6994.0 5866.0 5323.0 4404.0 3567.0 3191.0 486.0 515.0 465.0 446.0 447.0 444.0 5884.0 4860.0 4253.0 1604.0 1491.0 1309.0 515.0 488.0 448.0 7083.0 5824.0 5143.0 3093.0 2807.0 2515.0 528.0 478.0 453.0 5615.0 4563.0 3919.0 1113.0 1096.0 870.0 451.0 526.0 448.0 5859.0 4753.0 4133.0 1435.0 1335.0 1145.0 472.0 448.0 498.0 5240.0 4354.0 3759.0 739.0 674.0 684.0 469.0 448.0 514.0 5434.0 4466.0 3805.0 913.0 743.0 624.0 645.0 447.0 446.0 7128.0 5870.0 5342.0 4157.0 3579.0 3121.0 483.0 498.0 462.0 454.0 446.0 482.0 5397.0 4374.0 3780.0 820.0 722.0 616.0 524.0 486.0 446.0 6230.0 5176.0 4568.0 2118.0 1952.0 1754.0 456.0 452.0 449.0 5559.0 4504.0 3944.0 1108.0 1028.0 839.0 564.0 483.0 560.0 6358.0 5209.0 4502.0 2129.0 1909.0 1766.0 503.0 478.0 450.0 6813.0 5520.0 4871.0 2593.0 2382.0 2157.0 457.0 488.0 485.0 7010.0 5801.0 5252.0 3784.0 3318.0 2955.0 481.0 466.0 458.0 7220.0 6304.0 5779.0 4895.0 4064.0 3512.0 648.0 532.0 495.0 558.0 495.0 454.0 6381.0 5179.0 4553.0 2138.0 1995.0 1781.0 454.0 484.0 449.0 7071.0 5763.0 5297.0 3867.0 3340.0 2950.0 554.0 467.0 458.0 7137.0 6482.0 5991.0 4995.0 4089.0 3572.0 741.0 647.0 513.0 567.0 446.0 531.0 7168.0 5912.0 5361.0 4401.0 3730.0 3245.0 552.0 475.0 467.0 498.0 492.0 484.0 7194.0 5889.0 5289.0 3824.0 3377.0 2969.0 503.0 497.0 521.0 5542.0 4527.0 3914.0 1040.0 983.0 873.0 513.0 448.0 446.0 5968.0 4911.0 4232.0 1679.0 1554.0 1433.0 451.0 450.0 446.0 5574.0 4553.0 3928.0 1071.0 1071.0 841.0 495.0 620.0 447.0 6819.0 5435.0 4746.0 2435.0 2601.0 2955.0 682.0 790.0 663.0 6449.0 5161.0 4530.0 2076.0 1935.0 1752.0 453.0 490.0 457.0 6853.0 5605.0 4997.0 2818.0 2540.0 2340.0 459.0 458.0 456.0 5605.0 4501.0 3957.0 1115.0 1044.0 859.0 487.0 473.0 468.0 7404.0 6419.0 5953.0 5280.0 4116.0 3585.0 620.0 569.0 652.0 480.0 448.0 446.0 7130.0 5853.0 5294.0 3304.0 2960.0 2672.0 485.0 497.0 455.0 8048.0 6389.0 5907.0 4964.0 4101.0 3613.0 607.0 609.0 543.0 531.0 477.0 489.0 6981.0 5790.0 5020.0 2913.0 2620.0 2388.0 459.0 456.0 493.0 7273.0 5732.0 5041.0 2930.0 2710.0 2468.0 486.0 500.0 453.0 6977.0 5741.0 5027.0 2913.0 2625.0 2400.0 575.0 454.0 479.0 5908.0 4793.0 4207.0 1551.0 1457.0 1322.0 448.0 515.0 488.0 7164.0 6275.0 5701.0 4851.0 4021.0 3499.0 572.0 529.0 528.0 490.0 446.0 445.0 7490.0 5990.0 5370.0 4228.0 3601.0 3168.0 488.0 479.0 463.0 445.0 446.0 474.0 7421.0 5286.0 4190.0 1179.0 1077.0 999.0 449.0 448.0 446.0 7109.0 5778.0 5327.0 3885.0 3323.0 2952.0 474.0 482.0 507.0 7221.0 5851.0 5348.0 4125.0 3531.0 3114.0 571.0 474.0 463.0 498.0 620.0 445.0 7381.0 5798.0 5305.0 3792.0 3273.0 2909.0 575.0 462.0 495.0 5974.0 4849.0 4237.0 1681.0 1492.0 1391.0 515.0 449.0 447.0 7061.0 5851.0 5293.0 3994.0 3456.0 3092.0 482.0 485.0 504.0 562.0 447.0 444.0 5606.0 4536.0 3954.0 1151.0 1151.0 890.0 531.0 446.0 446.0 5491.0 4485.0 3889.0 1019.0 913.0 805.0 508.0 448.0 447.0 7278.0 5845.0 5315.0 4219.0 3576.0 3189.0 498.0 503.0 465.0 500.0 447.0 520.0
49 50 1 TRACE 1048.0 314.0 149.0 1746.0 648.0 310.0 2229.0 1106.0 199.0 1342.0 438.0 140.0 1090.0 362.0 129.0 1942.0 130.0 231.0 1049.0 1018.0 184.0 211.0 1030.0 391.0 245.0 1767.0 84.0 36.0 1072.0 711.0 109.0 1189.0 244.0 131.0 922.0 537.0 206.0 1226.0 359.0 42.0 1506.0 106.0 110.0 919.0 842.0 128.0 95.0 676.0 492.0 40.0 689.0 812.0 116.0 1336.0 183.0 64.0 1243.0 259.0 37.0 1069.0 667.0 41.0 271.0 1025.0 251.0 39.0 917.0 628.0 242.0 1208.0 210.0 53.0 1333.0 234.0 140.0 1127.0 135.0 68.0 983.0 214.0 38.0 777.0 1453.0 112.0 262.0 1133.0 214.0 65.0 1603.0 314.0 93.0 727.0 131.0 40.0 1043.0 167.0 53.0 964.0 454.0 36.0 936.0 820.0 142.0 1162.0 969.0 92.0 219.0 1391.0 330.0 173.0 1187.0 922.0 40.0 867.0 939.0 45.0 37.0 1027.0 951.0 69.0 106.0 1037.0 764.0 94.0 1062.0 114.0 130.0 1236.0 277.0 230.0 1906.0 68.0 47.0 1033.0 437.0 323.0 891.0 312.0 38.0 822.0 360.0 243.0 999.0 195.0 47.0 914.0 1480.0 207.0 210.0 773.0 739.0 349.0 634.0 1024.0 140.0 55.0 1470.0 442.0 145.0 1160.0 401.0 147.0 1083.0 343.0 166.0 828.0 112.0 32.0 902.0 1045.0 167.0 112.0 216.0 1011.0 85.0 202.0 1069.0 346.0 253.0 1342.0 1063.0 216.0 1280.0 1006.0 78.0 89.0 1198.0 782.0 97.0 1144.0 154.0 137.0 1283.0 1134.0 276.0 250.0 1043.0 264.0 241.0 1043.0 67.0 212.0 1210.0 949.0 188.0 111.0
50 25 1 TRACE 47.0 45.0 57.0 34.0 32.0 29.0 29.0 33.0 31.0 48.0 30.0 44.0 40.0 34.0 47.0 43.0 54.0 34.0 43.0 46.0 34.0 41.0 30.0 38.0 28.0 30.0 32.0 142.0 36.0 30.0 36.0 38.0 51.0 30.0 35.0 51.0 27.0 27.0 56.0 31.0 32.0 31.0 67.0 36.0 38.0 32.0 29.0 42.0 29.0 41.0 41.0 40.0 32.0 30.0 29.0 35.0 52.0 27.0 63.0 31.0 36.0 29.0 31.0 30.0
50 41 1 TRACE 10.0 9.0 10.0 9.0 10.0 9.0 9.0 9.0 12.0 9.0 9.0 9.0 9.0 9.0 9.0 9.0 9.0 10.0 9.0 10.0 9.0 9.0 11.0 10.0 10.0 9.0 9.0 9.0 9.0 9.0 9.0 9.0 9.0 9.0 10.0 9.0 10.0 10.0 10.0 9.0 10.0 9.0 8.0 9.0 9.0 9.0 9.0 9.0 9.0 11.0 9.0 9.0 22.0 9.0 8.0 10.0 9.0 9.0 10.0 9.0 9.0 9.0 9.0 9.0 9.0 9.0 9.0 10.0 9.0 9.0 10.0 10.0 9.0 10.0 20.0 16.0 9.0 10.0 9.0 9.0 9.0 9.0 9.0 9.0 9.0 12.0 9.0 9.0 8.0 9.0 9.0 9.0 10.0 9.0 10.0 9.0 9.0 9.0 8.0 10.0 8.0 8.0 9.0 9.0 9.0 9.0 9.0 10.0 9.0 9.0 9.0 9.0 9.0 9.0 9.0 10.0 9.0 9.0 10.0 10.0 9.0 10.0 9.0 10.0 9.0 10.0 9.0 9.0 9.0 10.0 10.0 9.0 10.0 9.0 8.0 10.0 9.0 9.0 9.0 10.0 8.0 9.0
51 52 1 TRACE 10222.0 10279.0 10242.0 10290.0 9812.0 9994.0 9864.0 9971.0 9833.0 9888.0 9797.0 9849.0 9740.0 9883.0 9811.0 9744.0 9806.0 9769.0 9788.0 9851.0 9749.0 9827.0 9827.0 9858.0 9877.0 9834.0 9858.0 9863.0 9807.0 12378.0 9735.0 9920.0 9812.0 9726.0 9786.0 9773.0 9854.0 9852.0 9780.0 9694.0 9935.0 9778.0 10574.0 9860.0 9846.0 9792.0 9813.0 9891.0 9777.0 9817.0 9841.0 9796.0 9825.0 9732.0 9843.0 9731.0 9770.0 9793.0 9793.0 9869.0 9785.0 9730.0 9830.0 9797.0
52 53 1 TRACE 179.0 170.0 169.0 166.0 183.0 283.0 170.0 170.0 176.0 256.0 181.0 170.0 168.0 179.0 165.0 169.0 170.0 173.0 176.0 167.0 168.0 168.0 170.0 172.0 176.0 183.0 169.0 266.0 194.0 187.0 168.0 170.0 173.0 178.0 168.0 172.0 168.0 168.0 251.0 190.0 170.0 169.0 297.0 198.0 166.0 169.0 167.0 168.0 266.0 174.0 168.0 150.0 172.0 273.0 164.0 169.0 170.0 167.0 168.0 169.0 167.0 168.0 193.0 255.0
53 54 1 TRACE 27.0 24.0 24.0 24.0 26.0 27.0 23.0 26.0 30.0 32.0 29.0 31.0 22.0 25.0 23.0 129.0 122.0 29.0 24.0 27.0 42.0 27.0 24.0 27.0 28.0 21.0 25.0 28.0 28.0 27.0 27.0 24.0 25.0 27.0 26.0 26.0 26.0 29.0 30.0 25.0 27.0 22.0 32.0 26.0 22.0 24.0 22.0 22.0 28.0 27.0 28.0 27.0 29.0 26.0 29.0 32.0 28.0 27.0 29.0 30.0 24.0 21.0 18.0 120.0
54 55 1 TRACE 54.0 29.0 28.0 28.0 27.0 26.0 28.0 29.0 28.0 28.0 27.0 30.0 29.0 28.0 27.0 29.0 28.0 29.0 26.0 27.0 40.0 28.0 48.0 29.0 27.0 27.0 27.0 26.0 29.0 47.0 30.0 28.0 27.0 27.0 31.0 39.0 28.0 26.0 40.0 29.0 28.0 28.0 43.0 27.0 28.0 27.0 26.0 29.0 27.0 28.0 27.0 29.0 59.0 27.0 27.0 28.0 28.0 27.0 27.0 28.0 25.0 27.0 28.0 26.0
55 56 1 TRACE 11.0 8.0 8.0 7.0 7.0 8.0 8.0 7.0 8.0 7.0 8.0 8.0 9.0 7.0 8.0 8.0 8.0 8.0 7.0 7.0 9.0 8.0 9.0 7.0 8.0 8.0 8.0 7.0 8.0 9.0 8.0 7.0 8.0 8.0 8.0 8.0 8.0 8.0 8.0 8.0 8.0 7.0 8.0 8.0 8.0 8.0 8.0 8.0 8.0 8.0 8.0 8.0 8.0 8.0 8.0 8.0 7.0 8.0 8.0 7.0 8.0 8.0 7.0 7.0
56 57 1 TRACE 11.0 8.0 7.0 8.0 8.0 7.0 7.0 7.0 8.0 11.0 7.0 7.0 7.0 8.0 7.0 8.0 7.0 7.0 8.0 8.0 19.0 8.0 8.0 8.0 8.0 7.0 7.0 8.0 8.0 8.0 7.0 8.0 8.0 7.0 8.0 18.0 7.0 7.0 8.0 8.0 8.0 8.0 8.0 8.0 7.0 7.0 8.0 8.0 8.0 7.0 8.0 7.0 8.0 8.0 7.0 8.0 8.0 8.0 7.0 8.0 7.0 7.0 7.0 8.0
57 58 1 TRACE 11.0 7.0 7.0 8.0 7.0 7.0 8.0 8.0 7.0 8.0 8.0 8.0 7.0 7.0 8.0 7.0 7.0 8.0 7.0 7.0 7.0 7.0 8.0 7.0 7.0 8.0 7.0 7.0 7.0 9.0 7.0 8.0 7.0 8.0 7.0 8.0 8.0 7.0 7.0 7.0 7.0 7.0 7.0 7.0 7.0 8.0 7.0 7.0 8.0 7.0 7.0 8.0 8.0 8.0 7.0 7.0 7.0 8.0 8.0 8.0 7.0 7.0 7.0 7.0
58 59 1 TRACE 28.0 9.0 10.0 10.0 9.0 9.0 13.0 10.0 9.0 10.0 10.0 10.0 10.0 10.0 10.0 9.0 10.0 10.0 9.0 9.0 10.0 10.0 10.0 10.0 10.0 10.0 9.0 9.0 10.0 11.0 11.0 10.0 11.0 10.0 10.0 9.0 9.0 9.0 10.0 10.0 9.0 10.0 10.0 10.0 10.0 10.0 10.0 9.0 9.0 9.0 10.0 9.0 10.0 9.0 10.0 9.0 10.0 9.0 9.0 9.0 9.0 9.0 10.0 9.0
59 60 1 TRACE 7.0 7.0 7.0 7.0 7.0 7.0 19.0 7.0 7.0 20.0 8.0 7.0 7.0 7.0 7.0 8.0 7.0 7.0 7.0 7.0 18.0 7.0 7.0 7.0 7.0 7.0 7.0 7.0 7.0 9.0 7.0 7.0 7.0 8.0 7.0 7.0 7.0 7.0 7.0 7.0 7.0 7.0 7.0 7.0 7.0 7.0 7.0 7.0 7.0 7.0 7.0 7.0 8.0 7.0 7.0 7.0 7.0 7.0 7.0 7.0 8.0 7.0 8.0 7.0
60 61 1 TRACE 8.0 7.0 7.0 7.0 7.0 19.0 20.0 7.0 18.0 8.0 8.0 7.0 7.0 7.0 19.0 7.0 7.0 7.0 19.0 19.0 20.0 7.0 20.0 8.0 8.0 19.0 19.0 19.0 7.0 8.0 7.0 8.0 7.0 19.0 7.0 20.0 19.0 7.0 19.0 7.0 7.0 19.0 19.0 7.0 7.0 7.0 18.0 8.0 19.0 8.0 7.0 7.0 20.0 19.0 18.0 7.0 7.0 19.0 7.0 7.0 8.0 7.0 8.0 18.0
61 62 1 TRACE 8.0 7.0 7.0 7.0 19.0 8.0 7.0 19.0 8.0 8.0 19.0 19.0 19.0 7.0 7.0 8.0 7.0 7.0 7.0 7.0 7.0 19.0 8.0 7.0 19.0 8.0 8.0 8.0 19.0 8.0 7.0 8.0 19.0 8.0 19.0 7.0 7.0 19.0 7.0 19.0 7.0 7.0 8.0 7.0 19.0 19.0 8.0 19.0 8.0 18.0 19.0 23.0 8.0 7.0 8.0 19.0 19.0 7.0 19.0 19.0 19.0 19.0 19.0 8.0
62 1 1 TRACE 33.0 29.0 29.0 30.0 19.0 86.0 20.0 19.0 19.0 25.0 20.0 19.0 19.0 20.0 19.0 18.0 29.0 30.0 19.0 19.0 19.0 19.0 21.0 30.0 19.0 21.0 80.0 23.0 19.0 21.0 29.0 30.0 18.0 18.0 19.0 19.0 19.0 19.0 31.0 18.0 19.0 21.0 19.0 31.0 19.0 19.0 19.0 18.0 18.0 18.0 19.0 32.0 42.0 19.0 97.0 19.0 40.0 19.0 19.0 18.0 19.0 19.0 20.0
