0 1 CONSTANT 8.0
1 1 CONSTANT 8.0
2 1 CONSTANT 0.0
3 1 CONSTANT 8.0
4 1 CONSTANT 8.0
5 1 CONSTANT 8.0
6 1 CONSTANT 8.0
7 1 CONSTANT 8.0
8 1 CONSTANT 8.0
9 1 CONSTANT 0.0
10 1 CONSTANT 0.0
11 1 CONSTANT 0.0
12 1 CONSTANT 0.0
13 1 CONSTANT 8.0
14 1 CONSTANT 4.0
15 1 CONSTANT 4.0
16 1 CONSTANT 0.0
17 1 CONSTANT 0.0
18 1 CONSTANT 0.0
19 1 CONSTANT 0.0
20 1 CONSTANT 4.0
21 1 CONSTANT 8.0
22 1 CONSTANT 8.0
23 1 CONSTANT 8.0
24 1 CONSTANT 8.0
25 1 CONSTANT 4.0
26 1 CONSTANT 4.0
27 1 CONSTANT 8.0
28 1 TRACE 0.0 0.0 28.0 12.0 0.0 0.0 0.0 0.0 4.0 16.0 0.0 0.0 48.0 0.0 0.0 0.0 40.0 0.0 0.0 60.0 0.0 0.0 0.0 0.0 0.0 0.0 4.0 0.0 0.0 0.0 0.0 0.0 0.0 0.0 4.0 20.0 0.0 0.0 0.0 0.0 0.0 48.0 0.0 0.0 0.0 36.0 0.0 0.0 40.0 0.0 0.0 36.0 4.0 0.0 20.0 12.0 0.0 0.0 4.0 28.0 0.0 0.0 0.0 0.0 0.0 24.0 0.0 0.0 52.0 0.0 0.0 24.0 0.0 4.0 32.0 0.0 0.0 20.0 16.0 0.0 4.0 60.0 0.0 0.0 4.0 12.0 0.0 0.0 40.0 0.0 0.0 68.0 0.0 0.0 0.0 12.0 4.0 0.0 0.0 44.0 4.0 0.0 72.0 0.0 0.0 0.0 76.0 0.0 0.0 0.0 0.0 0.0 8.0 24.0 0.0 8.0 24.0 4.0 0.0 64.0 0.0 0.0 0.0 36.0 4.0 0.0 0.0 48.0 0.0 0.0 4.0 116.0 0.0 0.0 4.0 12.0 0.0 0.0 84.0 0.0 0.0 0.0 0.0 36.0 0.0 0.0 4.0 20.0 0.0 0.0 0.0 0.0 0.0 28.0 0.0 0.0 0.0 0.0 0.0 0.0 64.0 0.0 0.0 4.0 36.0 0.0 0.0 0.0 0.0 0.0 68.0 0.0 0.0 0.0 16.0 12.0 0.0 64.0 8.0 0.0 0.0 36.0 0.0 0.0 0.0 0.0 0.0 8.0 12.0 0.0 0.0 20.0 0.0 0.0 16.0 0.0 0.0 36.0 0.0 0.0 0.0 0.0 0.0 88.0 0.0 0.0 0.0 16.0 0.0 4.0 24.0 0.0 0.0 56.0 0.0 0.0 0.0 56.0 0.0
29 1 CONSTANT 4.0
30 1 TRACE 0.0 0.0 28.0 12.0 0.0 0.0 0.0 0.0 4.0 16.0 0.0 0.0 48.0 0.0 0.0 0.0 40.0 0.0 0.0 60.0 0.0 0.0 0.0 0.0 0.0 0.0 4.0 0.0 0.0 0.0 0.0 0.0 0.0 0.0 4.0 20.0 0.0 0.0 0.0 0.0 0.0 48.0 0.0 0.0 0.0 36.0 0.0 0.0 40.0 0.0 0.0 36.0 4.0 0.0 20.0 12.0 0.0 0.0 4.0 28.0 0.0 0.0 0.0 0.0 0.0 24.0 0.0 0.0 52.0 0.0 0.0 24.0 0.0 4.0 32.0 0.0 0.0 20.0 16.0 0.0 4.0 60.0 0.0 0.0 4.0 12.0 0.0 0.0 40.0 0.0 0.0 68.0 0.0 0.0 0.0 12.0 4.0 0.0 0.0 44.0 4.0 0.0 72.0 0.0 0.0 0.0 76.0 0.0 0.0 0.0 0.0 0.0 8.0 24.0 0.0 8.0 24.0 4.0 0.0 64.0 0.0 0.0 0.0 36.0 4.0 0.0 0.0 48.0 0.0 0.0 4.0 116.0 0.0 0.0 4.0 12.0 0.0 0.0 84.0 0.0 0.0 0.0 0.0 36.0 0.0 0.0 4.0 20.0 0.0 0.0 0.0 0.0 0.0 28.0 0.0 0.0 0.0 0.0 0.0 0.0 64.0 0.0 0.0 4.0 36.0 0.0 0.0 0.0 0.0 0.0 68.0 0.0 0.0 0.0 16.0 12.0 0.0 64.0 8.0 0.0 0.0 36.0 0.0 0.0 0.0 0.0 0.0 8.0 12.0 0.0 0.0 20.0 0.0 0.0 16.0 0.0 0.0 36.0 0.0 0.0 0.0 0.0 0.0 88.0 0.0 0.0 0.0 16.0 0.0 4.0 24.0 0.0 0.0 56.0 0.0 0.0 0.0 56.0 0.0
31 1 CONSTANT 8.0
32 1 CONSTANT 8.0
33 1 CONSTANT 4.0
34 1 CONSTANT 0.0
35 1 CONSTANT 0.0
36 1 CONSTANT 8.0
37 1 CONSTANT 8.0
38 1 CONSTANT 8.0
39 1 TRACE 8.0 8.0 0.0 0.0 8.0 0.0 0.0 8.0 0.0 0.0 8.0 0.0 8.0 0.0 8.0 0.0 0.0 8.0 0.0 8.0 0.0 8.0 0.0 0.0 8.0 0.0 0.0 8.0 0.0 0.0 8.0 0.0 0.0 8.0 0.0 0.0 8.0 0.0 0.0 8.0 0.0 8.0 0.0 8.0 0.0 0.0 8.0 0.0 0.0 8.0 8.0 0.0 0.0 8.0 0.0 0.0 8.0 8.0 0.0 0.0 8.0 0.0 0.0 8.0 0.0 0.0 8.0 0.0 0.0 8.0 0.0 0.0 8.0 0.0 0.0 8.0 8.0 0.0 0.0 8.0 0.0 8.0 0.0 8.0 0.0 0.0 8.0 0.0 0.0 8.0 0.0 8.0 0.0 8.0 8.0 0.0 0.0 8.0 0.0 0.0 8.0 0.0 8.0 0.0 8.0 0.0 8.0 0.0 8.0 0.0 0.0 8.0 0.0 0.0 8.0 0.0 0.0 8.0 0.0 8.0 0.0 8.0 8.0 0.0 0.0 8.0 0.0 8.0 0.0 8.0 0.0 8.0 0.0 8.0 0.0 0.0 8.0 0.0 8.0 0.0 8.0 8.0 0.0 8.0 0.0 8.0 0.0 0.0 8.0 0.0 0.0 8.0 0.0 8.0 0.0 8.0 0.0 0.0 8.0 0.0 8.0 0.0 8.0 0.0 0.0 8.0 0.0 0.0 8.0 0.0 8.0 0.0 8.0 8.0 0.0 0.0 8.0 0.0 0.0 8.0 0.0 0.0 8.0 0.0 0.0 8.0 8.0 0.0 0.0 8.0 0.0 0.0 8.0 0.0 0.0 8.0 0.0 0.0 8.0 0.0 0.0 8.0 0.0 8.0 0.0 8.0 0.0 0.0 8.0 0.0 0.0 8.0 0.0 8.0 0.0 8.0 0.0 8.0 0.0
40 1 CONSTANT 8.0
41 1 CONSTANT 8.0
42 1 CONSTANT 8.0
43 1 CONSTANT 2440.0
44 1 CONSTANT 2432.0
45 1 CONSTANT 8.0
46 1 CONSTANT 2440.0
47 1 CONSTANT 4.0
48 1 TRACE 96832.0 40800.0 26448.0 18800.0 14784.0 12272.0 10720.0 8848.0 848.0 784.0 896.0 800.0 704.0 848.0 1136.0 768.0 0.0 16.0 16.0 16.0 0.0 0.0 0.0 0.0 72688.0 28896.0 20304.0 16176.0 13104.0 10672.0 9488.0 8240.0 30240.0 21408.0 17008.0 13056.0 11344.0 9312.0 8688.0 7424.0 128.0 80.0 96.0 80.0 64.0 208.0 144.0 96.0 0.0 0.0 0.0 0.0 0.0 0.0 0.0 0.0 121152.0 42736.0 27536.0 19808.0 15104.0 12832.0 11056.0 9264.0 2560.0 2304.0 2512.0 2160.0 2144.0 1984.0 2352.0 1984.0 0.0 16.0 16.0 16.0 0.0 0.0 16.0 16.0 113040.0 38944.0 25552.0 18640.0 15632.0 12288.0 10576.0 8896.0 9120.0 7888.0 7440.0 6240.0 5760.0 5200.0 5296.0 4736.0 16.0 48.0 48.0 48.0 32.0 16.0 32.0 16.0 119536.0 40304.0 25920.0 18704.0 15616.0 12640.0 10288.0 9136.0 6592.0 6384.0 6112.0 5440.0 4768.0 4416.0 4880.0 4000.0 0.0 16.0 32.0 32.0 0.0 48.0 32.0 16.0 105264.0 37600.0 24384.0 18096.0 14656.0 11664.0 10064.0 9008.0 12512.0 10096.0 9408.0 7792.0 7328.0 6256.0 6352.0 5504.0 16.0 48.0 48.0 80.0 16.0 80.0 16.0 32.0 58272.0 24928.0 18768.0 15200.0 13248.0 10992.0 9744.0 8480.0 46192.0 28672.0 20592.0 15296.0 12640.0 10384.0 9408.0 8000.0 176.0 192.0 256.0 256.0 144.0 224.0 288.0 160.0 0.0 0.0 0.0 0.0 0.0 0.0 0.0 0.0 50992.0 21536.0 14528.0 12112.0 10480.0 8416.0 7712.0 7088.0 48208.0 28704.0 21504.0 16016.0 12656.0 10928.0 9776.0 8224.0 144.0 128.0 176.0 192.0 192.0 256.0 256.0 208.0 0.0 0.0 0.0 16.0 0.0 0.0 0.0 0.0 56272.0 23648.0 17008.0 13328.0 11344.0 10016.0 8720.0 7744.0 43856.0 28208.0 20496.0 15504.0 12608.0 10496.0 9648.0 8304.0 208.0 176.0 192.0 128.0 96.0 224.0 240.0 144.0 0.0 0.0 0.0 0.0 0.0 0.0 0.0 0.0 85456.0 30048.0 20752.0 16016.0 13088.0 10576.0 8736.0 7936.0 21536.0 16416.0 13824.0 11056.0 9664.0 8416.0 8112.0 6784.0 64.0 80.0 48.0 80.0 48.0 160.0 80.0 80.0 0.0 0.0 0.0 0.0 0.0 0.0 0.0 0.0 123440.0 41296.0 27536.0 19456.0 15280.0 12624.0 10496.0 9104.0 4368.0 3888.0 4048.0 3392.0 3136.0 3056.0 3456.0 3008.0 0.0 16.0 16.0 16.0 0.0 0.0 0.0 16.0 84448.0 31520.0 20128.0 16192.0 13056.0 11040.0 9232.0 8160.0 22448.0 17328.0 14112.0 11136.0 9856.0 8128.0 7888.0 6720.0 32.0 64.0 64.0 96.0 64.0 96.0 64.0 64.0 0.0 0.0 0.0 0.0 0.0 0.0 0.0 0.0 113824.0 39232.0 25472.0 18752.0 14944.0 12176.0 10288.0 9120.0 8896.0 7744.0 7216.0 6160.0 5760.0 5136.0 5536.0 4592.0 16.0 48.0 32.0 48.0 0.0 16.0 16.0 16.0 121680.0 41536.0 26560.0 19344.0 15136.0 12352.0 11072.0 9264.0 5376.0 4928.0 4992.0 4432.0 4224.0 3728.0 3904.0 3552.0 16.0 48.0 16.0 64.0 0.0 16.0 0.0 16.0 121472.0 40864.0 26096.0 18688.0 14816.0 12544.0 10624.0 9216.0 6032.0 5520.0 5296.0 4896.0 4592.0 4224.0 4512.0 3664.0 0.0 32.0 32.0 32.0 0.0 32.0 16.0 16.0 78112.0 36864.0 24816.0 17568.0 14240.0 11712.0 10400.0 8704.0 416.0 448.0 480.0 512.0 432.0 624.0 576.0 416.0 0.0 16.0 0.0 0.0 0.0 0.0 0.0 0.0 105728.0 41952.0 26960.0 19632.0 14704.0 12400.0 11104.0 9136.0 1120.0 944.0 1216.0 1040.0 1184.0 1152.0 1280.0 976.0 0.0 16.0 0.0 16.0 0.0 0.0 0.0 0.0 124192.0 42160.0 26672.0 19088.0 15232.0 12832.0 11008.0 9568.0 3984.0 3552.0 3664.0 3280.0 3152.0 2896.0 3248.0 2528.0 0.0 48.0 32.0 16.0 0.0 0.0 16.0 16.0 83328.0 32560.0 21776.0 16960.0 13680.0 11472.0 9376.0 8880.0 23616.0 17600.0 14592.0 11376.0 10144.0 8528.0 8240.0 6992.0 64.0 64.0 112.0 112.0 32.0 160.0 80.0 64.0 0.0 0.0 0.0 0.0 0.0 0.0 0.0 0.0 123264.0 42496.0 27168.0 19360.0 15328.0 12864.0 10624.0 9104.0 3312.0 2928.0 3232.0 2960.0 2768.0 2624.0 3008.0 2528.0 0.0 16.0 16.0 16.0 0.0 0.0 0.0 0.0 116336.0 40064.0 25616.0 19216.0 15248.0 12288.0 10640.0 9200.0 7712.0 6768.0 6960.0 5552.0 5440.0 4976.0 5296.0 4352.0 32.0 32.0 16.0 32.0 0.0 16.0 16.0 16.0 121072.0 43280.0 28080.0 19776.0 15120.0 12688.0 10880.0 8784.0 2544.0 2160.0 2544.0 2224.0 2224.0 2192.0 2528.0 2144.0 0.0 16.0 0.0 16.0 16.0 0.0 0.0 0.0 120640.0 40832.0 26640.0 18960.0 15280.0 12592.0 11056.0 9376.0 6256.0 5648.0 5696.0 4848.0 4592.0 4160.0 4224.0 3584.0 0.0 32.0 16.0 32.0 16.0 0.0 16.0 16.0 104672.0 40368.0 26256.0 18320.0 14176.0 11984.0 10512.0 8832.0 1248.0 1136.0 1360.0 1296.0 1232.0 1200.0 1392.0 1200.0 0.0 16.0 16.0 0.0 0.0 0.0 0.0 0.0 109984.0 38272.0 25168.0 18768.0 14576.0 11856.0 10496.0 8928.0 10704.0 9248.0 8608.0 7056.0 6336.0 5760.0 5952.0 5152.0 32.0 16.0 48.0 16.0 16.0 16.0 0.0 32.0 119040.0 42384.0 27424.0 19312.0 15216.0 12592.0 10784.0 9248.0 1936.0 1888.0 2160.0 2016.0 1760.0 1664.0 2192.0 1760.0 0.0 16.0 16.0 16.0 0.0 0.0 16.0 0.0 114128.0 39728.0 25616.0 18736.0 15360.0 12672.0 10192.0 9040.0 8400.0 7488.0 7296.0 6048.0 5552.0 4832.0 5328.0 4432.0 16.0 64.0 32.0 64.0 0.0 16.0 32.0 16.0 107904.0 38448.0 24752.0 18032.0 15600.0 12160.0 10496.0 8912.0 11024.0 9408.0 8784.0 7280.0 6432.0 6000.0 6080.0 5152.0 0.0 64.0 32.0 48.0 48.0 96.0 32.0 16.0 91840.0 40288.0 26336.0 18800.0 14400.0 12000.0 10592.0 8912.0 672.0 688.0 784.0 736.0 784.0 832.0 976.0 672.0 0.0 16.0 0.0 16.0 0.0 0.0 0.0 0.0 116272.0 39440.0 25664.0 18944.0 14832.0 11888.0 10464.0 8688.0 7792.0 6688.0 6288.0 5408.0 5184.0 4816.0 4992.0 4272.0 0.0 32.0 32.0 16.0 0.0 32.0 16.0 16.0 103184.0 36896.0 23984.0 17984.0 14224.0 11936.0 9792.0 9136.0 13584.0 11168.0 10240.0 8176.0 7648.0 6480.0 6576.0 5712.0 0.0 32.0 48.0 48.0 16.0 80.0 64.0 16.0 106720.0 38224.0 25440.0 18560.0 15744.0 11984.0 11024.0 9296.0 12128.0 10688.0 9408.0 7552.0 6816.0 6240.0 6176.0 5184.0 16.0 32.0 32.0 64.0 0.0 48.0 32.0 32.0 62544.0 26048.0 18832.0 15696.0 13408.0 11232.0 9984.0 8976.0 42496.0 27184.0 20032.0 14688.0 12448.0 10112.0 9376.0 7760.0 192.0 144.0 256.0 240.0 96.0 256.0 128.0 144.0 0.0 16.0 0.0 0.0 0.0 0.0 0.0 0.0 112032.0 43648.0 27936.0 19904.0 15504.0 12656.0 10976.0 9040.0 1408.0 1168.0 1536.0 1376.0 1312.0 1440.0 1616.0 1296.0 0.0 16.0 0.0 16.0 0.0 0.0 0.0 0.0 123424.0 42176.0 27488.0 19600.0 15600.0 12848.0 10592.0 9536.0 3600.0 3216.0 3248.0 3088.0 2896.0 2624.0 3280.0 2496.0 0.0 16.0 32.0 32.0 0.0 0.0 0.0 0.0 107344.0 36784.0 23856.0 17776.0 14352.0 11984.0 10464.0 8656.0 11632.0 9696.0 8960.0 7680.0 6880.0 6032.0 6352.0 5328.0 16.0 48.0 64.0 32.0 0.0 48.0 48.0 32.0 72768.0 37184.0 25280.0 18336.0 14336.0 11872.0 10768.0 8784.0 432.0 496.0 464.0 288.0 352.0 512.0 464.0 416.0 0.0 16.0 0.0 16.0 0.0 0.0 0.0 0.0 114288.0 39488.0 25680.0 18720.0 14896.0 12272.0 10688.0 9216.0 8512.0 7824.0 7264.0 6144.0 5904.0 5248.0 5568.0 4416.0 0.0 64.0 0.0 48.0 0.0 32.0 16.0 16.0 93472.0 34096.0 23136.0 16864.0 14272.0 11408.0 9840.0 8528.0 17216.0 13472.0 12272.0 10160.0 8512.0 7392.0 7264.0 6240.0 64.0 80.0 48.0 80.0 32.0 112.0 32.0 80.0 115008.0 43024.0 28048.0 19760.0 15216.0 12624.0 10864.0 8880.0 1792.0 1440.0 1952.0 1600.0 1648.0 1440.0 1888.0 1584.0 0.0 16.0 0.0 16.0 0.0 0.0 0.0 0.0 106912.0 37728.0 25424.0 17584.0 15136.0 12080.0 10144.0 9248.0 12736.0 10208.0 9152.0 8032.0 7376.0 5968.0 6608.0 5264.0 32.0 32.0 32.0 48.0 16.0 96.0 48.0 32.0 116320.0 39536.0 25152.0 18432.0 15136.0 12400.0 10464.0 8848.0 7984.0 7200.0 7152.0 5936.0 5472.0 4768.0 5072.0 4256.0 16.0 32.0 48.0 16.0 16.0 32.0 0.0 0.0 105728.0 41136.0 26512.0 18832.0 14896.0 12192.0 10960.0 8896.0 1216.0 1248.0 1296.0 1152.0 1008.0 1168.0 1376.0 1072.0 0.0 16.0 16.0 16.0 0.0 0.0 0.0 16.0 52432.0 22784.0 16032.0 12720.0 10288.0 8864.0 7776.0 7344.0 45456.0 27728.0 21200.0 15664.0 12720.0 10864.0 9984.0 8000.0 128.0 160.0 176.0 160.0 176.0 304.0 192.0 112.0 0.0 0.0 0.0 0.0 0.0 0.0 0.0 0.0 120000.0 41136.0 26256.0 18704.0 15344.0 12480.0 10640.0 8832.0 5712.0 4944.0 4944.0 4368.0 4032.0 3952.0 4192.0 3568.0 16.0 32.0 16.0 48.0 0.0 16.0 16.0 16.0 80400.0 31904.0 20896.0 17184.0 12928.0 10592.0 9232.0 8512.0 25440.0 18880.0 15568.0 12000.0 10448.0 8672.0 8416.0 7040.0 48.0 80.0 96.0 80.0 64.0 96.0 96.0 128.0 0.0 0.0 0.0 0.0 0.0 0.0 0.0 0.0 109008.0 38112.0 24464.0 18064.0 14912.0 11680.0 10368.0 8832.0 11328.0 9712.0 8768.0 7232.0 6592.0 6000.0 5952.0 5120.0 16.0 64.0 48.0 48.0 0.0 16.0 32.0 16.0 118944.0 39712.0 26512.0 18752.0 15328.0 12688.0 10304.0 9568.0 6880.0 5888.0 5424.0 5232.0 4768.0 3968.0 4768.0 3856.0 0.0 16.0 32.0 32.0 16.0 32.0 16.0 16.0 77472.0 29456.0 19712.0 15504.0 12272.0 9952.0 8736.0 7920.0 25904.0 19328.0 15584.0 12432.0 10432.0 8896.0 8416.0 7200.0 48.0 48.0 96.0 96.0 48.0 112.0 112.0 80.0 0.0 0.0 0.0 0.0 0.0 0.0 0.0 0.0 101536.0 36688.0 24112.0 18000.0 14224.0 11520.0 10016.0 8496.0 14528.0 11504.0 10672.0 8640.0 8160.0 6944.0 6736.0 5872.0 0.0 64.0 48.0 96.0 32.0 64.0 48.0 16.0 100096.0 42464.0 26832.0 19504.0 14912.0 12400.0 10672.0 8944.0 848.0 720.0 992.0 768.0 784.0 960.0 1264.0 880.0 0.0 16.0 0.0 16.0 0.0 0.0 0.0 0.0 73712.0 36848.0 24592.0 17840.0 13968.0 11648.0 10320.0 8416.0 400.0 432.0 640.0 448.0 480.0 592.0 656.0 464.0 0.0 0.0 0.0 0.0 0.0 0.0 0.0 0.0 118848.0 40416.0 26000.0 18992.0 14928.0 12192.0 10336.0 9296.0 6544.0 5792.0 5680.0 4768.0 4656.0 4208.0 4416.0 3792.0 0.0 32.0 16.0 32.0 16.0 0.0 16.0 32.0 58720.0 26448.0 18048.0 14624.0 12928.0 10336.0 9504.0 8128.0 44144.0 27808.0 20496.0 15200.0 12256.0 10400.0 9680.0 7984.0 192.0 160.0 272.0 208.0 112.0 256.0 192.0 144.0 0.0 0.0 0.0 16.0 0.0 0.0 0.0 0.0 122752.0 42848.0 27184.0 19552.0 14960.0 12752.0 11008.0 9408.0 2384.0 2288.0 2752.0 2368.0 2208.0 2128.0 2272.0 1936.0 0.0 16.0 0.0 16.0 0.0 0.0 16.0 16.0 123424.0 42704.0 27152.0 19520.0 15280.0 12544.0 10896.0 9328.0 3088.0 2736.0 2960.0 2576.0 2672.0 2288.0 2784.0 2224.0 0.0 16.0 16.0 16.0 0.0 0.0 0.0 0.0 124480.0 42048.0 27120.0 18736.0 16080.0 12384.0 10928.0 9184.0 4400.0 3920.0 4032.0 3760.0 3136.0 3040.0 3456.0 2832.0 0.0 16.0 16.0 32.0 0.0 0.0 0.0 16.0 119472.0 41024.0 26368.0 19520.0 15632.0 12736.0 10592.0 9200.0 7024.0 5616.0 6048.0 4976.0 4560.0 4048.0 4576.0 4016.0 0.0 32.0 32.0 16.0 16.0 16.0 0.0 16.0 55504.0 24784.0 17376.0 13312.0 11408.0 10352.0 8592.0 7616.0 45152.0 27680.0 20640.0 15280.0 12448.0 10672.0 9664.0 8224.0 112.0 144.0 208.0 176.0 192.0 288.0 96.0 192.0 0.0 0.0 0.0 0.0 0.0 0.0 0.0 0.0 101328.0 36288.0 23824.0 17344.0 14096.0 11648.0 10112.0 8544.0 14560.0 11696.0 10448.0 8544.0 7888.0 6592.0 6832.0 5584.0 16.0 64.0 32.0 48.0 32.0 64.0 16.0 48.0 122160.0 42448.0 27200.0 19456.0 15312.0 12736.0 10640.0 8752.0 2944.0 2560.0 2672.0 2496.0 2352.0 2288.0 2720.0 2336.0 0.0 16.0 16.0 16.0 0.0 0.0 0.0 0.0 124704.0 42560.0 27296.0 19648.0 15424.0 12624.0 10704.0 9232.0 3520.0 3472.0 3664.0 2992.0 2864.0 2768.0 3152.0 2592.0 0.0 16.0 32.0 32.0 0.0 0.0 0.0 0.0 106544.0 38240.0 24784.0 19040.0 14896.0 12000.0 10224.0 8704.0 12288.0 10032.0 9200.0 7568.0 7216.0 6080.0 6336.0 5536.0 0.0 48.0 32.0 48.0 16.0 80.0 16.0 16.0 112192.0 38656.0 25584.0 18176.0 14896.0 11856.0 10288.0 8800.0 10368.0 8800.0 8176.0 6976.0 6176.0 5536.0 5840.0 4800.0 16.0 32.0 16.0 64.0 16.0 64.0 32.0 16.0
49 1 TRACE 2440.0 2440.0 2440.0 2440.0 2440.0 2440.0 2440.0 8.0 2440.0 2440.0 2440.0 2440.0 2440.0 2440.0 2440.0 8.0 2440.0 2440.0 2440.0 2440.0 2440.0 2440.0 2440.0 8.0 2440.0 2440.0 2440.0 2440.0 2440.0 2440.0 2440.0 8.0 2440.0 2440.0 2440.0 2440.0 2440.0 2440.0 2440.0 8.0 2440.0 2440.0 2440.0 2440.0 2440.0 2440.0 2440.0 8.0 2440.0 2440.0 2440.0 2440.0 2440.0 2440.0 2440.0 8.0 2440.0 2440.0 2440.0 2440.0 2440.0 2440.0 2440.0 8.0 2440.0 2440.0 2440.0 2440.0 2440.0 2440.0 2440.0 8.0 2440.0 2440.0 2440.0 2440.0 2440.0 2440.0 2440.0 8.0 2440.0 2440.0 2440.0 2440.0 2440.0 2440.0 2440.0 8.0 2440.0 2440.0 2440.0 2440.0 2440.0 2440.0 2440.0 8.0 2440.0 2440.0 2440.0 2440.0 2440.0 2440.0 2440.0 8.0 2440.0 2440.0 2440.0 2440.0 2440.0 2440.0 2440.0 8.0 2440.0 2440.0 2440.0 2440.0 2440.0 2440.0 2440.0 8.0 2440.0 2440.0 2440.0 2440.0 2440.0 2440.0 2440.0 8.0 2440.0 2440.0 2440.0 2440.0 2440.0 2440.0 2440.0 8.0 2440.0 2440.0 2440.0 2440.0 2440.0 2440.0 2440.0 8.0 2440.0 2440.0 2440.0 2440.0 2440.0 2440.0 2440.0 8.0 2440.0 2440.0 2440.0 2440.0 2440.0 2440.0 2440.0 8.0 2440.0 2440.0 2440.0 2440.0 2440.0 2440.0 2440.0 8.0 2440.0 2440.0 2440.0 2440.0 2440.0 2440.0 2440.0 8.0 2440.0 2440.0 2440.0 2440.0 2440.0 2440.0 2440.0 8.0 2440.0 2440.0 2440.0 2440.0 2440.0 2440.0 2440.0 8.0 2440.0 2440.0 2440.0 2440.0 2440.0 2440.0 2440.0 8.0 2440.0 2440.0 2440.0 2440.0 2440.0 2440.0 2440.0 8.0 2440.0 2440.0 2440.0 2440.0 2440.0 2440.0 2440.0 8.0 2440.0 2440.0 2440.0 2440.0 2440.0 2440.0 2440.0 8.0 2440.0 2440.0 2440.0 2440.0 2440.0 2440.0 2440.0 8.0 2440.0 2440.0 2440.0 2440.0 2440.0 2440.0 2440.0 8.0 2440.0 2440.0 2440.0 2440.0 2440.0 2440.0 2440.0 8.0 2440.0 2440.0 2440.0 2440.0 2440.0 2440.0 2440.0 8.0 2440.0 2440.0 2440.0 2440.0 2440.0 2440.0 2440.0 8.0 2440.0 2440.0 2440.0 2440.0 2440.0 2440.0 2440.0 8.0 2440.0 2440.0 2440.0 2440.0 2440.0 2440.0 2440.0 8.0 2440.0 2440.0 2440.0 2440.0 2440.0 2440.0 2440.0 8.0 2440.0 2440.0 2440.0 2440.0 2440.0 2440.0 2440.0 8.0 2440.0 2440.0 2440.0 2440.0 2440.0 2440.0 2440.0 8.0 2440.0 2440.0 2440.0 2440.0 2440.0 2440.0 2440.0 8.0 2440.0 2440.0 2440.0 2440.0 2440.0 2440.0 2440.0 8.0 2440.0 2440.0 2440.0 2440.0 2440.0 2440.0 2440.0 8.0 2440.0 2440.0 2440.0 2440.0 2440.0 2440.0 2440.0 8.0 2440.0 2440.0 2440.0 2440.0 2440.0 2440.0 2440.0 8.0 2440.0 2440.0 2440.0 2440.0 2440.0 2440.0 2440.0 8.0 2440.0 2440.0 2440.0 2440.0 2440.0 2440.0 2440.0 8.0 2440.0 2440.0 2440.0 2440.0 2440.0 2440.0 2440.0 8.0 2440.0 2440.0 2440.0 2440.0 2440.0 2440.0 2440.0 8.0 2440.0 2440.0 2440.0 2440.0 2440.0 2440.0 2440.0 8.0 2440.0 2440.0 2440.0 2440.0 2440.0 2440.0 2440.0 8.0 2440.0 2440.0 2440.0 2440.0 2440.0 2440.0 2440.0 8.0 2440.0 2440.0 2440.0 2440.0 2440.0 2440.0 2440.0 8.0 2440.0 2440.0 2440.0 2440.0 2440.0 2440.0 2440.0 8.0 2440.0 2440.0 2440.0 2440.0 2440.0 2440.0 2440.0 8.0 2440.0 2440.0 2440.0 2440.0 2440.0 2440.0 2440.0 8.0 2440.0 2440.0 2440.0 2440.0 2440.0 2440.0 2440.0 8.0 2440.0 2440.0 2440.0 2440.0 2440.0 2440.0 2440.0 8.0 2440.0 2440.0 2440.0 2440.0 2440.0 2440.0 2440.0 8.0 2440.0 2440.0 2440.0 2440.0 2440.0 2440.0 2440.0 8.0 2440.0 2440.0 2440.0 2440.0 2440.0 2440.0 2440.0 8.0 2440.0 2440.0 2440.0 2440.0 2440.0 2440.0 2440.0 8.0 2440.0 2440.0 2440.0 2440.0 2440.0 2440.0 2440.0 8.0 2440.0 2440.0 2440.0 2440.0 2440.0 2440.0 2440.0 8.0 2440.0 2440.0 2440.0 2440.0 2440.0 2440.0 2440.0 8.0 2440.0 2440.0 2440.0 2440.0 2440.0 2440.0 2440.0 8.0 2440.0 2440.0 2440.0 2440.0 2440.0 2440.0 2440.0 8.0 2440.0 2440.0 2440.0 2440.0 2440.0 2440.0 2440.0 8.0 2440.0 2440.0 2440.0 2440.0 2440.0 2440.0 2440.0 8.0 2440.0 2440.0 2440.0 2440.0 2440.0 2440.0 2440.0 8.0 2440.0 2440.0 2440.0 2440.0 2440.0 2440.0 2440.0 8.0 2440.0 2440.0 2440.0 2440.0 2440.0 2440.0 2440.0 8.0 2440.0 2440.0 2440.0 2440.0 2440.0 2440.0 2440.0 8.0 2440.0 2440.0 2440.0 2440.0 2440.0 2440.0 2440.0 8.0 2440.0 2440.0 2440.0 2440.0 2440.0 2440.0 2440.0 8.0 2440.0 2440.0 2440.0 2440.0 2440.0 2440.0 2440.0 8.0 2440.0 2440.0 2440.0 2440.0 2440.0 2440.0 2440.0 8.0 2440.0 2440.0 2440.0 2440.0 2440.0 2440.0 2440.0 8.0 2440.0 2440.0 2440.0 2440.0 2440.0 2440.0 2440.0 8.0 2440.0 2440.0 2440.0 2440.0 2440.0 2440.0 2440.0 8.0 2440.0 2440.0 2440.0 2440.0 2440.0 2440.0 2440.0 8.0 2440.0 2440.0 2440.0 2440.0 2440.0 2440.0 2440.0 8.0 2440.0 2440.0 2440.0 2440.0 2440.0 2440.0 2440.0 8.0 2440.0 2440.0 2440.0 2440.0 2440.0 2440.0 2440.0 8.0 2440.0 2440.0 2440.0 2440.0 2440.0 2440.0 2440.0 8.0 2440.0 2440.0 2440.0 2440.0 2440.0 2440.0 2440.0 8.0 2440.0 2440.0 2440.0 2440.0 2440.0 2440.0 2440.0 8.0 2440.0 2440.0 2440.0 2440.0 2440.0 2440.0 2440.0 8.0 2440.0 2440.0 2440.0 2440.0 2440.0 2440.0 2440.0 8.0 2440.0 2440.0 2440.0 2440.0 2440.0 2440.0 2440.0 8.0 2440.0 2440.0 2440.0 2440.0 2440.0 2440.0 2440.0 8.0 2440.0 2440.0 2440.0 2440.0 2440.0 2440.0 2440.0 8.0 2440.0 2440.0 2440.0 2440.0 2440.0 2440.0 2440.0 8.0 2440.0 2440.0 2440.0 2440.0 2440.0 2440.0 2440.0 8.0 2440.0 2440.0 2440.0 2440.0 2440.0 2440.0 2440.0 8.0 2440.0 2440.0 2440.0 2440.0 2440.0 2440.0 2440.0 8.0 2440.0 2440.0 2440.0 2440.0 2440.0 2440.0 2440.0 8.0 2440.0 2440.0 2440.0 2440.0 2440.0 2440.0 2440.0 8.0 2440.0 2440.0 2440.0 2440.0 2440.0 2440.0 2440.0 8.0 2440.0 2440.0 2440.0 2440.0 2440.0 2440.0 2440.0 8.0 2440.0 2440.0 2440.0 2440.0 2440.0 2440.0 2440.0 8.0 2440.0 2440.0 2440.0 2440.0 2440.0 2440.0 2440.0 8.0 2440.0 2440.0 2440.0 2440.0 2440.0 2440.0 2440.0 8.0 2440.0 2440.0 2440.0 2440.0 2440.0 2440.0 2440.0 8.0 2440.0 2440.0 2440.0 2440.0 2440.0 2440.0 2440.0 8.0 2440.0 2440.0 2440.0 2440.0 2440.0 2440.0 2440.0 8.0 2440.0 2440.0 2440.0 2440.0 2440.0 2440.0 2440.0 8.0 2440.0 2440.0 2440.0 2440.0 2440.0 2440.0 2440.0 8.0 2440.0 2440.0 2440.0 2440.0 2440.0 2440.0 2440.0 8.0 2440.0 2440.0 2440.0 2440.0 2440.0 2440.0 2440.0 8.0 2440.0 2440.0 2440.0 2440.0 2440.0 2440.0 2440.0 8.0 2440.0 2440.0 2440.0 2440.0 2440.0 2440.0 2440.0 8.0 2440.0 2440.0 2440.0 2440.0 2440.0 2440.0 2440.0 8.0 2440.0 2440.0 2440.0 2440.0 2440.0 2440.0 2440.0 8.0 2440.0 2440.0 2440.0 2440.0 2440.0 2440.0 2440.0 8.0 2440.0 2440.0 2440.0 2440.0 2440.0 2440.0 2440.0 8.0 2440.0 2440.0 2440.0 2440.0 2440.0 2440.0 2440.0 8.0 2440.0 2440.0 2440.0 2440.0 2440.0 2440.0 2440.0 8.0 2440.0 2440.0 2440.0 2440.0 2440.0 2440.0 2440.0 8.0 2440.0 2440.0 2440.0 2440.0 2440.0 2440.0 2440.0 8.0 2440.0 2440.0 2440.0 2440.0 2440.0 2440.0 2440.0 8.0 2440.0 2440.0 2440.0 2440.0 2440.0 2440.0 2440.0 8.0 2440.0 2440.0 2440.0 2440.0 2440.0 2440.0 2440.0 8.0 2440.0 2440.0 2440.0 2440.0 2440.0 2440.0 2440.0 8.0 2440.0 2440.0 2440.0 2440.0 2440.0 2440.0 2440.0 8.0 2440.0 2440.0 2440.0 2440.0 2440.0 2440.0 2440.0 8.0 2440.0 2440.0 2440.0 2440.0 2440.0 2440.0 2440.0 8.0 2440.0 2440.0 2440.0 2440.0 2440.0 2440.0 2440.0 8.0 2440.0 2440.0 2440.0 2440.0 2440.0 2440.0 2440.0 8.0 2440.0 2440.0 2440.0 2440.0 2440.0 2440.0 2440.0 8.0 2440.0 2440.0 2440.0 2440.0 2440.0 2440.0 2440.0 8.0 2440.0 2440.0 2440.0 2440.0 2440.0 2440.0 2440.0 8.0 2440.0 2440.0 2440.0 2440.0 2440.0 2440.0 2440.0 8.0 2440.0 2440.0 2440.0 2440.0 2440.0 2440.0 2440.0 8.0 2440.0 2440.0 2440.0 2440.0 2440.0 2440.0 2440.0 8.0 2440.0 2440.0 2440.0 2440.0 2440.0 2440.0 2440.0 8.0 2440.0 2440.0 2440.0 2440.0 2440.0 2440.0 2440.0 8.0 2440.0 2440.0 2440.0 2440.0 2440.0 2440.0 2440.0 8.0 2440.0 2440.0 2440.0 2440.0 2440.0 2440.0 2440.0 8.0 2440.0 2440.0 2440.0 2440.0 2440.0 2440.0 2440.0 8.0 2440.0 2440.0 2440.0 2440.0 2440.0 2440.0 2440.0 8.0 2440.0 2440.0 2440.0 2440.0 2440.0 2440.0 2440.0 8.0 2440.0 2440.0 2440.0 2440.0 2440.0 2440.0 2440.0 8.0 2440.0 2440.0 2440.0 2440.0 2440.0 2440.0 2440.0 8.0 2440.0 2440.0 2440.0 2440.0 2440.0 2440.0 2440.0 8.0 2440.0 2440.0 2440.0 2440.0 2440.0 2440.0 2440.0 8.0 2440.0 2440.0 2440.0 2440.0 2440.0 2440.0 2440.0 8.0 2440.0 2440.0 2440.0 2440.0 2440.0 2440.0 2440.0 8.0 2440.0 2440.0 2440.0 2440.0 2440.0 2440.0 2440.0 8.0 2440.0 2440.0 2440.0 2440.0 2440.0 2440.0 2440.0 8.0 2440.0 2440.0 2440.0 2440.0 2440.0 2440.0 2440.0 8.0 2440.0 2440.0 2440.0 2440.0 2440.0 2440.0 2440.0 8.0 2440.0 2440.0 2440.0 2440.0 2440.0 2440.0 2440.0 8.0 2440.0 2440.0 2440.0 2440.0 2440.0 2440.0 2440.0 8.0 2440.0 2440.0 2440.0 2440.0 2440.0 2440.0 2440.0 8.0 2440.0 2440.0 2440.0 2440.0 2440.0 2440.0 2440.0 8.0 2440.0 2440.0 2440.0 2440.0 2440.0 2440.0 2440.0 8.0 2440.0 2440.0 2440.0 2440.0 2440.0 2440.0 2440.0 8.0 2440.0 2440.0 2440.0 2440.0 2440.0 2440.0 2440.0 8.0 2440.0 2440.0 2440.0 2440.0 2440.0 2440.0 2440.0 8.0 2440.0 2440.0 2440.0 2440.0 2440.0 2440.0 2440.0 8.0 2440.0 2440.0 2440.0 2440.0 2440.0 2440.0 2440.0 8.0 2440.0 2440.0 2440.0 2440.0 2440.0 2440.0 2440.0 8.0 2440.0 2440.0 2440.0 2440.0 2440.0 2440.0 2440.0 8.0 2440.0 2440.0 2440.0 2440.0 2440.0 2440.0 2440.0 8.0 2440.0 2440.0 2440.0 2440.0 2440.0 2440.0 2440.0 8.0 2440.0 2440.0 2440.0 2440.0 2440.0 2440.0 2440.0 8.0 2440.0 2440.0 2440.0 2440.0 2440.0 2440.0 2440.0 8.0 2440.0 2440.0 2440.0 2440.0 2440.0 2440.0 2440.0 8.0 2440.0 2440.0 2440.0 2440.0 2440.0 2440.0 2440.0 8.0 2440.0 2440.0 2440.0 2440.0 2440.0 2440.0 2440.0 8.0 2440.0 2440.0 2440.0 2440.0 2440.0 2440.0 2440.0 8.0 2440.0 2440.0 2440.0 2440.0 2440.0 2440.0 2440.0 8.0 2440.0 2440.0 2440.0 2440.0 2440.0 2440.0 2440.0 8.0 2440.0 2440.0 2440.0 2440.0 2440.0 2440.0 2440.0 8.0 2440.0 2440.0 2440.0 2440.0 2440.0 2440.0 2440.0 8.0 2440.0 2440.0 2440.0 2440.0 2440.0 2440.0 2440.0 8.0 2440.0 2440.0 2440.0 2440.0 2440.0 2440.0 2440.0 8.0 2440.0 2440.0 2440.0 2440.0 2440.0 2440.0 2440.0 8.0 2440.0 2440.0 2440.0 2440.0 2440.0 2440.0 2440.0 8.0 2440.0 2440.0 2440.0 2440.0 2440.0 2440.0 2440.0 8.0 2440.0 2440.0 2440.0 2440.0 2440.0 2440.0 2440.0 8.0 2440.0 2440.0 2440.0 2440.0 2440.0 2440.0 2440.0 8.0 2440.0 2440.0 2440.0 2440.0 2440.0 2440.0 2440.0 8.0 2440.0 2440.0 2440.0 2440.0 2440.0 2440.0 2440.0 8.0 2440.0 2440.0 2440.0 2440.0 2440.0 2440.0 2440.0 8.0 2440.0 2440.0 2440.0 2440.0 2440.0 2440.0 2440.0 8.0 2440.0 2440.0 2440.0 2440.0 2440.0 2440.0 2440.0 8.0 2440.0 2440.0 2440.0 2440.0 2440.0 2440.0 2440.0 8.0 2440.0 2440.0 2440.0 2440.0 2440.0 2440.0 2440.0 8.0 2440.0 2440.0 2440.0 2440.0 2440.0 2440.0 2440.0 8.0 2440.0 2440.0 2440.0 2440.0 2440.0 2440.0 2440.0 8.0 2440.0 2440.0 2440.0 2440.0 2440.0 2440.0 2440.0 8.0 2440.0 2440.0 2440.0 2440.0 2440.0 2440.0 2440.0 8.0 2440.0 2440.0 2440.0 2440.0 2440.0 2440.0 2440.0 8.0 2440.0 2440.0 2440.0 2440.0 2440.0 2440.0 2440.0 8.0 2440.0 2440.0 2440.0 2440.0 2440.0 2440.0 2440.0 8.0 2440.0 2440.0 2440.0 2440.0 2440.0 2440.0 2440.0 8.0 2440.0 2440.0 2440.0 2440.0 2440.0 2440.0 2440.0 8.0 2440.0 2440.0 2440.0 2440.0 2440.0 2440.0 2440.0 8.0 2440.0 2440.0 2440.0 2440.0 2440.0 2440.0 2440.0 8.0 2440.0 2440.0 2440.0 2440.0 2440.0 2440.0 2440.0 8.0 2440.0 2440.0 2440.0 2440.0 2440.0 2440.0 2440.0 8.0 2440.0 2440.0 2440.0 2440.0 2440.0 2440.0 2440.0 8.0 2440.0 2440.0 2440.0 2440.0 2440.0 2440.0 2440.0 8.0 2440.0 2440.0 2440.0 2440.0 2440.0 2440.0 2440.0 8.0 2440.0 2440.0 2440.0 2440.0 2440.0 2440.0 2440.0 8.0
50 1 CONSTANT 8.0
51 1 CONSTANT 8.0
52 1 CONSTANT 8.0
53 1 CONSTANT 8.0
54 1 CONSTANT 0.0
55 1 CONSTANT 0.0
56 1 CONSTANT 0.0
57 1 CONSTANT 0.0
58 1 CONSTANT 0.0
59 1 CONSTANT 0.0
60 1 CONSTANT 0.0
61 1 CONSTANT 0.0
62 1 CONSTANT 8.0
