0 1 CONSTANT 8.0
1 1 CONSTANT 8.0
2 1 CONSTANT 0.0
3 1 CONSTANT 8.0
4 1 CONSTANT 8.0
5 1 CONSTANT 8.0
6 1 CONSTANT 8.0
7 1 CONSTANT 8.0
8 1 CONSTANT 8.0
9 1 CONSTANT 0.0
10 1 CONSTANT 0.0
11 1 CONSTANT 0.0
12 1 CONSTANT 0.0
13 1 CONSTANT 8.0
14 1 CONSTANT 4.0
15 1 CONSTANT 4.0
16 1 CONSTANT 0.0
17 1 CONSTANT 0.0
18 1 CONSTANT 0.0
19 1 CONSTANT 0.0
20 1 CONSTANT 4.0
21 1 CONSTANT 8.0
22 1 CONSTANT 8.0
23 1 CONSTANT 8.0
24 1 CONSTANT 8.0
25 1 CONSTANT 4.0
26 1 CONSTANT 4.0
27 1 CONSTANT 8.0
28 1 TRACE 0.0 0.0 4.0 0.0 0.0 136.0 0.0 0.0 0.0 136.0 4.0 0.0 0.0 52.0 4.0 4.0 4.0 28.0 0.0 0.0 0.0 104.0 4.0 0.0 0.0 84.0 8.0 0.0 0.0 36.0 4.0 0.0 0.0 192.0 0.0 0.0 0.0 0.0 0.0 4.0 96.0 0.0 4.0 0.0 0.0 0.0 96.0 0.0 0.0 4.0 0.0 0.0 4.0 0.0 0.0 0.0 108.0 0.0 0.0 4.0 48.0 0.0 0.0 124.0 0.0 0.0 4.0 0.0 0.0 0.0 0.0 0.0 32.0 0.0 0.0 4.0 0.0 0.0 92.0 0.0 0.0 0.0 0.0 0.0 0.0 4.0 0.0 4.0 4.0 0.0 0.0 20.0 12.0 0.0 0.0 136.0 0.0 0.0 0.0 56.0 0.0 0.0 0.0 4.0 4.0 0.0 188.0 0.0 0.0 0.0 4.0 0.0 4.0 88.0 0.0 0.0 4.0 0.0 0.0 148.0 0.0 4.0 0.0 4.0 40.0 0.0 0.0 120.0 4.0 0.0 0.0 0.0 0.0 4.0 4.0 0.0 0.0 120.0 0.0 0.0 0.0 4.0 0.0 0.0 32.0 0.0 4.0 92.0 0.0 0.0 0.0 36.0 0.0 4.0 4.0 0.0 0.0 100.0 4.0 0.0 4.0 44.0 0.0 0.0 72.0 8.0 0.0 0.0 128.0 0.0 0.0 60.0 8.0 0.0 0.0 116.0 0.0 0.0 0.0 32.0 0.0 0.0 56.0 0.0 0.0 16.0 16.0 0.0 0.0 60.0 0.0 12.0 28.0 0.0 4.0 4.0 0.0 0.0 0.0 40.0 0.0 0.0 64.0 8.0 0.0 0.0 68.0 4.0 0.0 0.0 8.0 8.0 0.0 0.0 88.0 0.0 8.0 4.0 0.0 0.0 4.0
29 1 CONSTANT 4.0
30 1 TRACE 0.0 0.0 4.0 0.0 0.0 136.0 0.0 0.0 0.0 136.0 4.0 0.0 0.0 52.0 4.0 4.0 4.0 28.0 0.0 0.0 0.0 104.0 4.0 0.0 0.0 84.0 8.0 0.0 0.0 36.0 4.0 0.0 0.0 192.0 0.0 0.0 0.0 0.0 0.0 4.0 96.0 0.0 4.0 0.0 0.0 0.0 96.0 0.0 0.0 4.0 0.0 0.0 4.0 0.0 0.0 0.0 108.0 0.0 0.0 4.0 48.0 0.0 0.0 124.0 0.0 0.0 4.0 0.0 0.0 0.0 0.0 0.0 32.0 0.0 0.0 4.0 0.0 0.0 92.0 0.0 0.0 0.0 0.0 0.0 0.0 4.0 0.0 4.0 4.0 0.0 0.0 20.0 12.0 0.0 0.0 136.0 0.0 0.0 0.0 56.0 0.0 0.0 0.0 4.0 4.0 0.0 188.0 0.0 0.0 0.0 4.0 0.0 4.0 88.0 0.0 0.0 4.0 0.0 0.0 148.0 0.0 4.0 0.0 4.0 40.0 0.0 0.0 120.0 4.0 0.0 0.0 0.0 0.0 4.0 4.0 0.0 0.0 120.0 0.0 0.0 0.0 4.0 0.0 0.0 32.0 0.0 4.0 92.0 0.0 0.0 0.0 36.0 0.0 4.0 4.0 0.0 0.0 100.0 4.0 0.0 4.0 44.0 0.0 0.0 72.0 8.0 0.0 0.0 128.0 0.0 0.0 60.0 8.0 0.0 0.0 116.0 0.0 0.0 0.0 32.0 0.0 0.0 56.0 0.0 0.0 16.0 16.0 0.0 0.0 60.0 0.0 12.0 28.0 0.0 4.0 4.0 0.0 0.0 0.0 40.0 0.0 0.0 64.0 8.0 0.0 0.0 68.0 4.0 0.0 0.0 8.0 8.0 0.0 0.0 88.0 0.0 8.0 4.0 0.0 0.0 4.0
31 1 CONSTANT 8.0
32 1 CONSTANT 8.0
33 1 CONSTANT 4.0
34 1 CONSTANT 0.0
35 1 CONSTANT 0.0
36 1 CONSTANT 8.0
37 1 CONSTANT 8.0
38 1 CONSTANT 8.0
39 1 TRACE 8.0 0.0 0.0 8.0 0.0 8.0 0.0 8.0 0.0 8.0 0.0 8.0 0.0 8.0 0.0 8.0 0.0 0.0 8.0 8.0 0.0 8.0 0.0 8.0 8.0 0.0 0.0 8.0 0.0 8.0 0.0 8.0 0.0 8.0 0.0 8.0 0.0 0.0 8.0 0.0 0.0 8.0 0.0 0.0 8.0 0.0 0.0 8.0 0.0 0.0 8.0 0.0 0.0 8.0 8.0 0.0 8.0 0.0 8.0 0.0 0.0 8.0 0.0 8.0 0.0 0.0 0.0 8.0 0.0 0.0 8.0 0.0 0.0 8.0 0.0 0.0 8.0 0.0 8.0 0.0 8.0 0.0 0.0 8.0 0.0 0.0 8.0 0.0 0.0 8.0 8.0 0.0 0.0 8.0 0.0 8.0 0.0 8.0 0.0 8.0 0.0 8.0 0.0 0.0 8.0 0.0 8.0 0.0 8.0 0.0 0.0 8.0 0.0 0.0 8.0 0.0 0.0 8.0 0.0 8.0 0.0 8.0 8.0 0.0 0.0 8.0 0.0 8.0 0.0 8.0 0.0 0.0 8.0 0.0 0.0 8.0 0.0 8.0 0.0 8.0 0.0 0.0 8.0 0.0 0.0 8.0 0.0 0.0 8.0 8.0 0.0 0.0 8.0 0.0 0.0 8.0 8.0 0.0 0.0 8.0 0.0 0.0 8.0 8.0 0.0 0.0 8.0 0.0 8.0 0.0 8.0 0.0 0.0 8.0 0.0 8.0 0.0 8.0 0.0 0.0 8.0 0.0 0.0 8.0 8.0 0.0 0.0 8.0 0.0 0.0 8.0 0.0 0.0 8.0 0.0 0.0 8.0 8.0 0.0 0.0 8.0 8.0 0.0 0.0 8.0 0.0 8.0 0.0 8.0 8.0 0.0 0.0 8.0 0.0 0.0 8.0 0.0 0.0 8.0 0.0 0.0
40 1 CONSTANT 8.0
41 1 CONSTANT 8.0
42 1 CONSTANT 8.0
43 1 CONSTANT 4328.0
44 1 CONSTANT 4320.0
45 1 CONSTANT 8.0
46 1 CONSTANT 4328.0
47 1 CONSTANT 4.0
48 1 TRACE 111200.0 47232.0 30560.0 23072.0 20032.0 17456.0 95472.0 55280.0 38448.0 29312.0 23024.0 19920.0 432.0 512.0 304.0 448.0 416.0 576.0 0.0 0.0 0.0 0.0 0.0 0.0 210480.0 71872.0 45424.0 32368.0 26832.0 22000.0 29760.0 23456.0 19776.0 17520.0 14224.0 13760.0 96.0 80.0 64.0 112.0 144.0 128.0 210080.0 73216.0 44528.0 34640.0 26688.0 22832.0 29504.0 24192.0 20192.0 17040.0 15072.0 13216.0 112.0 48.0 64.0 96.0 128.0 144.0 241776.0 78016.0 47872.0 35296.0 27056.0 23200.0 13696.0 11376.0 10864.0 9264.0 8768.0 8480.0 64.0 0.0 16.0 48.0 96.0 64.0 240848.0 80144.0 49600.0 35472.0 27344.0 22896.0 6080.0 5408.0 4944.0 4624.0 4528.0 4832.0 16.0 0.0 16.0 16.0 48.0 16.0 232128.0 76800.0 47232.0 34608.0 28016.0 22464.0 19472.0 16528.0 14736.0 12736.0 10960.0 10960.0 32.0 32.0 32.0 48.0 112.0 80.0 156016.0 69440.0 45088.0 31920.0 24944.0 21280.0 944.0 1136.0 944.0 1072.0 992.0 1008.0 0.0 0.0 0.0 16.0 16.0 0.0 247568.0 80048.0 48544.0 35952.0 27776.0 22720.0 10272.0 9168.0 8880.0 7680.0 7312.0 7440.0 16.0 16.0 16.0 16.0 96.0 48.0 200704.0 72688.0 46048.0 33600.0 27696.0 22720.0 35056.0 28080.0 22368.0 18944.0 15840.0 14480.0 112.0 80.0 64.0 112.0 272.0 128.0 170192.0 64304.0 41104.0 30080.0 24992.0 21888.0 52752.0 37984.0 28560.0 23472.0 19120.0 16784.0 176.0 112.0 112.0 192.0 288.0 176.0 0.0 0.0 0.0 0.0 0.0 0.0 241600.0 77248.0 47344.0 36016.0 27584.0 22896.0 14688.0 12592.0 12096.0 10272.0 8912.0 9296.0 80.0 16.0 48.0 48.0 112.0 48.0 166624.0 64512.0 42928.0 31760.0 26896.0 22384.0 57328.0 39264.0 29360.0 23792.0 19568.0 17056.0 128.0 160.0 208.0 208.0 256.0 240.0 0.0 0.0 0.0 0.0 0.0 0.0 223104.0 75520.0 46864.0 34320.0 27776.0 22912.0 23888.0 19856.0 16720.0 14416.0 12608.0 11856.0 80.0 32.0 48.0 80.0 96.0 112.0 163216.0 62720.0 39616.0 30672.0 25040.0 20208.0 55856.0 39008.0 29600.0 23424.0 19408.0 17264.0 176.0 144.0 192.0 240.0 288.0 256.0 0.0 0.0 0.0 0.0 0.0 0.0 168992.0 67104.0 44224.0 32448.0 27616.0 22736.0 55648.0 38112.0 29152.0 23264.0 18720.0 16528.0 176.0 192.0 176.0 208.0 256.0 240.0 0.0 0.0 0.0 0.0 0.0 0.0 226960.0 76064.0 46032.0 34864.0 27408.0 22640.0 21264.0 17312.0 16016.0 13344.0 11872.0 11424.0 80.0 32.0 16.0 80.0 80.0 80.0 245504.0 78896.0 48288.0 35376.0 27328.0 22768.0 9936.0 8848.0 8688.0 7024.0 6928.0 6640.0 48.0 32.0 16.0 32.0 48.0 16.0 209808.0 72816.0 43728.0 33904.0 27152.0 23344.0 30176.0 23360.0 20752.0 17040.0 14192.0 13072.0 48.0 48.0 48.0 96.0 128.0 144.0 113856.0 50512.0 32976.0 25936.0 23376.0 19280.0 100096.0 55968.0 38896.0 29264.0 23488.0 19504.0 432.0 400.0 432.0 496.0 384.0 576.0 0.0 0.0 0.0 0.0 0.0 0.0 114608.0 51776.0 34096.0 26096.0 22368.0 20000.0 99248.0 55680.0 39056.0 28816.0 23072.0 19568.0 368.0 560.0 416.0 400.0 480.0 560.0 0.0 0.0 0.0 0.0 0.0 0.0 244736.0 79904.0 49968.0 36016.0 27600.0 22672.0 7120.0 6272.0 5824.0 5296.0 5008.0 5584.0 16.0 16.0 0.0 16.0 64.0 32.0 167584.0 65168.0 41984.0 32160.0 26720.0 21664.0 56576.0 37904.0 29744.0 23408.0 19088.0 16816.0 176.0 208.0 112.0 192.0 288.0 288.0 0.0 0.0 0.0 0.0 0.0 0.0 225488.0 74960.0 46176.0 33968.0 27024.0 22464.0 21680.0 18096.0 15904.0 13520.0 11984.0 11728.0 96.0 32.0 16.0 64.0 144.0 112.0 174992.0 66320.0 41408.0 31840.0 25920.0 22048.0 50656.0 36624.0 28576.0 22880.0 19056.0 16384.0 192.0 144.0 96.0 176.0 224.0 224.0 0.0 0.0 0.0 0.0 0.0 0.0 126832.0 52608.0 35600.0 28384.0 23920.0 20496.0 87344.0 52464.0 37040.0 27600.0 22368.0 18896.0 336.0 368.0 272.0 400.0 432.0 512.0 0.0 0.0 0.0 0.0 16.0 0.0 165792.0 64272.0 41312.0 32416.0 27264.0 23152.0 57280.0 38752.0 30080.0 23904.0 19312.0 16752.0 160.0 176.0 128.0 224.0 288.0 256.0 0.0 0.0 0.0 0.0 0.0 0.0 216640.0 77744.0 48336.0 34064.0 26416.0 22272.0 2720.0 2864.0 2720.0 2864.0 2432.0 2752.0 16.0 0.0 0.0 0.0 32.0 0.0 213648.0 74288.0 47328.0 34816.0 27216.0 23488.0 29808.0 23456.0 19872.0 16096.0 14512.0 12880.0 64.0 112.0 48.0 112.0 144.0 144.0 241024.0 76736.0 47696.0 36000.0 27440.0 22800.0 14960.0 12912.0 11840.0 10160.0 9440.0 9264.0 32.0 32.0 16.0 16.0 96.0 80.0 120992.0 52880.0 33984.0 26352.0 22864.0 17840.0 90704.0 52688.0 37648.0 28112.0 23168.0 19536.0 304.0 416.0 368.0 432.0 400.0 400.0 0.0 0.0 0.0 0.0 16.0 0.0 208304.0 72944.0 44960.0 34000.0 26816.0 22320.0 31088.0 25504.0 20448.0 17424.0 14960.0 13792.0 96.0 48.0 96.0 112.0 160.0 112.0 111904.0 46384.0 30000.0 25104.0 20704.0 16944.0 96720.0 54432.0 39216.0 29120.0 23264.0 19872.0 416.0 464.0 416.0 416.0 432.0 496.0 0.0 0.0 0.0 0.0 0.0 0.0 237280.0 76256.0 47216.0 34624.0 27088.0 22432.0 16800.0 14688.0 12992.0 11264.0 10608.0 9760.0 48.0 32.0 16.0 48.0 112.0 48.0 189232.0 67872.0 43824.0 32320.0 27168.0 21472.0 40656.0 30960.0 24400.0 20144.0 16928.0 15712.0 112.0 128.0 80.0 208.0 176.0 112.0 0.0 0.0 0.0 0.0 0.0 0.0 203280.0 71696.0 44384.0 32384.0 28256.0 22272.0 33184.0 25776.0 22368.0 18464.0 14928.0 13824.0 80.0 96.0 48.0 128.0 256.0 192.0 246192.0 80816.0 49440.0 35744.0 27360.0 22544.0 7104.0 6400.0 6384.0 6016.0 5440.0 5696.0 48.0 0.0 0.0 16.0 32.0 32.0 215760.0 73392.0 45616.0 33728.0 27632.0 22352.0 26176.0 21760.0 18016.0 16048.0 13280.0 12736.0 96.0 64.0 32.0 96.0 160.0 112.0 168304.0 63808.0 41408.0 31136.0 26112.0 22928.0 55616.0 38160.0 29456.0 23376.0 19456.0 16416.0 160.0 224.0 160.0 240.0 272.0 272.0 0.0 0.0 0.0 0.0 0.0 0.0 165248.0 63600.0 42752.0 33104.0 27200.0 22944.0 57664.0 40656.0 30528.0 24224.0 19120.0 17072.0 176.0 288.0 160.0 208.0 272.0 176.0 0.0 0.0 0.0 0.0 0.0 0.0 210416.0 70912.0 45744.0 33552.0 26624.0 21296.0 29248.0 23984.0 19216.0 17056.0 14832.0 13520.0 96.0 48.0 48.0 160.0 128.0 128.0 107568.0 46544.0 29456.0 24384.0 20112.0 17136.0 102240.0 57008.0 40000.0 29200.0 23696.0 19984.0 432.0 512.0 368.0 528.0 544.0 512.0 0.0 0.0 0.0 0.0 0.0 0.0 249408.0 79968.0 49600.0 35984.0 27344.0 23312.0 8752.0 8352.0 8112.0 6832.0 6656.0 6336.0 16.0 16.0 0.0 16.0 112.0 48.0 228080.0 77184.0 47504.0 34512.0 27824.0 22512.0 21680.0 17296.0 15376.0 13856.0 11904.0 11568.0 80.0 48.0 48.0 48.0 128.0 80.0 247888.0 79296.0 48176.0 35360.0 26784.0 22400.0 9376.0 8208.0 8560.0 7152.0 6608.0 7072.0 32.0 0.0 16.0 32.0 32.0 48.0 119888.0 53360.0 32960.0 26672.0 21440.0 18416.0 89968.0 53472.0 37440.0 28720.0 22896.0 19632.0 288.0 448.0 384.0 384.0 336.0 416.0 0.0 0.0 0.0 0.0 16.0 0.0 139600.0 66976.0 43456.0 31520.0 25152.0 20912.0 800.0 832.0 768.0 768.0 832.0 944.0 0.0 0.0 0.0 0.0 16.0 0.0 247280.0 79408.0 48608.0 35440.0 26960.0 23136.0 9696.0 8912.0 8736.0 7408.0 7264.0 6880.0 64.0 16.0 0.0 16.0 64.0 80.0 148720.0 67872.0 43856.0 32016.0 24768.0 20992.0 784.0 1008.0 1040.0 976.0 1024.0 1088.0 16.0 0.0 0.0 0.0 16.0 0.0 215232.0 74032.0 46576.0 33408.0 28352.0 22736.0 27296.0 21680.0 18432.0 16480.0 13520.0 12752.0 112.0 80.0 48.0 128.0 128.0 128.0 157888.0 68976.0 45424.0 32880.0 25744.0 21088.0 1072.0 1088.0 944.0 928.0 1152.0 1312.0 16.0 0.0 0.0 16.0 16.0 0.0 221088.0 74432.0 46672.0 34672.0 27184.0 23184.0 24480.0 20096.0 17552.0 14912.0 12656.0 12224.0 96.0 80.0 32.0 96.0 128.0 112.0 244592.0 80096.0 49872.0 36128.0 27504.0 23056.0 7152.0 6320.0 5728.0 5232.0 4976.0 5520.0 16.0 16.0 0.0 16.0 64.0 32.0 250096.0 79920.0 48800.0 35536.0 27792.0 22176.0 9968.0 9136.0 8576.0 7520.0 6992.0 7552.0 80.0 32.0 16.0 32.0 96.0 16.0 197712.0 75216.0 47680.0 34256.0 26304.0 21824.0 1936.0 2208.0 1952.0 1920.0 1824.0 2080.0 16.0 0.0 0.0 0.0 48.0 0.0 243504.0 79104.0 48288.0 35472.0 27648.0 22656.0 13232.0 11104.0 10688.0 9024.0 8688.0 8800.0 64.0 32.0 16.0 32.0 80.0 48.0 238320.0 78704.0 48688.0 34816.0 26800.0 22768.0 4752.0 5360.0 4608.0 4368.0 4384.0 4208.0 32.0 16.0 0.0 16.0 32.0 16.0 106736.0 51776.0 33072.0 24592.0 21104.0 18000.0 105632.0 56768.0 39280.0 29840.0 23760.0 19840.0 384.0 528.0 384.0 512.0 560.0 576.0 0.0 0.0 0.0 0.0 16.0 0.0 247952.0 79760.0 49120.0 35664.0 27232.0 23152.0 8992.0 8160.0 8160.0 6704.0 6608.0 6400.0 48.0 16.0 0.0 48.0 48.0 48.0 150304.0 68464.0 44848.0 32384.0 25680.0 21408.0 944.0 1008.0 784.0 848.0 752.0 1008.0 0.0 0.0 0.0 0.0 16.0 0.0 238368.0 76480.0 46832.0 35248.0 27984.0 22512.0 16608.0 14928.0 13440.0 11312.0 10016.0 10032.0 96.0 48.0 16.0 48.0 96.0 80.0 215488.0 78496.0 48768.0 35824.0 27088.0 22352.0 2544.0 2720.0 2752.0 2192.0 2240.0 2704.0 16.0 0.0 0.0 16.0 0.0 16.0 232960.0 75504.0 46880.0 34544.0 26800.0 23216.0 18048.0 15616.0 14400.0 12000.0 10928.0 10288.0 80.0 16.0 16.0 48.0 160.0 96.0 151760.0 62368.0 39568.0 30448.0 25296.0 21808.0 66864.0 42944.0 32288.0 25264.0 20432.0 17824.0 224.0 224.0 208.0 240.0 256.0 272.0 0.0 0.0 0.0 0.0 0.0 0.0 103232.0 48320.0 30992.0 25184.0 20096.0 17744.0 110032.0 58176.0 40352.0 29472.0 23760.0 20096.0 416.0 480.0 432.0 624.0 496.0 640.0 0.0 0.0 0.0 0.0 0.0 0.0
49 1 TRACE 4336.0 4328.0 4336.0 4328.0 4336.0 8.0 4336.0 4328.0 4336.0 4328.0 4336.0 8.0 4336.0 4328.0 4336.0 4328.0 4336.0 8.0 4336.0 4328.0 4336.0 4328.0 4336.0 8.0 4336.0 4328.0 4336.0 4328.0 4336.0 8.0 4336.0 4328.0 4336.0 4328.0 4336.0 8.0 4336.0 4328.0 4336.0 4328.0 4336.0 8.0 4336.0 4328.0 4336.0 4328.0 4336.0 8.0 4336.0 4328.0 4336.0 4328.0 4336.0 8.0 4336.0 4328.0 4336.0 4328.0 4336.0 8.0 4336.0 4328.0 4336.0 4328.0 4336.0 8.0 4336.0 4328.0 4336.0 4328.0 4336.0 8.0 4336.0 4328.0 4336.0 4328.0 4336.0 8.0 4336.0 4328.0 4336.0 4328.0 4336.0 8.0 4336.0 4328.0 4336.0 4328.0 4336.0 8.0 4336.0 4328.0 4336.0 4328.0 4336.0 8.0 4336.0 4328.0 4336.0 4328.0 4336.0 8.0 4336.0 4328.0 4336.0 4328.0 4336.0 8.0 4336.0 4328.0 4336.0 4328.0 4336.0 8.0 4336.0 4328.0 4336.0 4328.0 4336.0 8.0 4336.0 4328.0 4336.0 4328.0 4336.0 8.0 4336.0 4328.0 4336.0 4328.0 4336.0 8.0 4336.0 4328.0 4336.0 4328.0 4336.0 8.0 4336.0 4328.0 4336.0 4328.0 4336.0 8.0 4336.0 4328.0 4336.0 4328.0 4336.0 8.0 4336.0 4328.0 4336.0 4328.0 4336.0 8.0 4336.0 4328.0 4336.0 4328.0 4336.0 8.0 4336.0 4328.0 4336.0 4328.0 4336.0 8.0 4336.0 4328.0 4336.0 4328.0 4336.0 8.0 4336.0 4328.0 4336.0 4328.0 4336.0 8.0 4336.0 4328.0 4336.0 4328.0 4336.0 8.0 4336.0 4328.0 4336.0 4328.0 4336.0 8.0 4336.0 4328.0 4336.0 4328.0 4336.0 8.0 4336.0 4328.0 4336.0 4328.0 4336.0 8.0 4336.0 4328.0 4336.0 4328.0 4336.0 8.0 4336.0 4328.0 4336.0 4328.0 4336.0 8.0 4336.0 4328.0 4336.0 4328.0 4336.0 8.0 4336.0 4328.0 4336.0 4328.0 4336.0 8.0 4336.0 4328.0 4336.0 4328.0 4336.0 8.0 4336.0 4328.0 4336.0 4328.0 4336.0 8.0 4336.0 4328.0 4336.0 4328.0 4336.0 8.0 4336.0 4328.0 4336.0 4328.0 4336.0 8.0 4336.0 4328.0 4336.0 4328.0 4336.0 8.0 4336.0 4328.0 4336.0 4328.0 4336.0 8.0 4336.0 4328.0 4336.0 4328.0 4336.0 8.0 4336.0 4328.0 4336.0 4328.0 4336.0 8.0 4336.0 4328.0 4336.0 4328.0 4336.0 8.0 4336.0 4328.0 4336.0 4328.0 4336.0 8.0 4336.0 4328.0 4336.0 4328.0 4336.0 8.0 4336.0 4328.0 4336.0 4328.0 4336.0 8.0 4336.0 4328.0 4336.0 4328.0 4336.0 8.0 4336.0 4328.0 4336.0 4328.0 4336.0 8.0 4336.0 4328.0 4336.0 4328.0 4336.0 8.0 4336.0 4328.0 4336.0 4328.0 4336.0 8.0 4336.0 4328.0 4336.0 4328.0 4336.0 8.0 4336.0 4328.0 4336.0 4328.0 4336.0 8.0 4336.0 4328.0 4336.0 4328.0 4336.0 8.0 4336.0 4328.0 4336.0 4328.0 4336.0 8.0 4336.0 4328.0 4336.0 4328.0 4336.0 8.0 4336.0 4328.0 4336.0 4328.0 4336.0 8.0 4336.0 4328.0 4336.0 4328.0 4336.0 8.0 4336.0 4328.0 4336.0 4328.0 4336.0 8.0 4336.0 4328.0 4336.0 4328.0 4336.0 8.0 4336.0 4328.0 4336.0 4328.0 4336.0 8.0 4336.0 4328.0 4336.0 4328.0 4336.0 8.0 4336.0 4328.0 4336.0 4328.0 4336.0 8.0 4336.0 4328.0 4336.0 4328.0 4336.0 8.0 4336.0 4328.0 4336.0 4328.0 4336.0 8.0 4336.0 4328.0 4336.0 4328.0 4336.0 8.0 4336.0 4328.0 4336.0 4328.0 4336.0 8.0 4336.0 4328.0 4336.0 4328.0 4336.0 8.0 4336.0 4328.0 4336.0 4328.0 4336.0 8.0 4336.0 4328.0 4336.0 4328.0 4336.0 8.0 4336.0 4328.0 4336.0 4328.0 4336.0 8.0 4336.0 4328.0 4336.0 4328.0 4336.0 8.0 4336.0 4328.0 4336.0 4328.0 4336.0 8.0 4336.0 4328.0 4336.0 4328.0 4336.0 8.0 4336.0 4328.0 4336.0 4328.0 4336.0 8.0 4336.0 4328.0 4336.0 4328.0 4336.0 8.0 4336.0 4328.0 4336.0 4328.0 4336.0 8.0 4336.0 4328.0 4336.0 4328.0 4336.0 8.0 4336.0 4328.0 4336.0 4328.0 4336.0 8.0 4336.0 4328.0 4336.0 4328.0 4336.0 8.0 4336.0 4328.0 4336.0 4328.0 4336.0 8.0 4336.0 4328.0 4336.0 4328.0 4336.0 8.0 4336.0 4328.0 4336.0 4328.0 4336.0 8.0 4336.0 4328.0 4336.0 4328.0 4336.0 8.0 4336.0 4328.0 4336.0 4328.0 4336.0 8.0 4336.0 4328.0 4336.0 4328.0 4336.0 8.0 4336.0 4328.0 4336.0 4328.0 4336.0 8.0 4336.0 4328.0 4336.0 4328.0 4336.0 8.0 4336.0 4328.0 4336.0 4328.0 4336.0 8.0 4336.0 4328.0 4336.0 4328.0 4336.0 8.0 4336.0 4328.0 4336.0 4328.0 4336.0 8.0 4336.0 4328.0 4336.0 4328.0 4336.0 8.0 4336.0 4328.0 4336.0 4328.0 4336.0 8.0 4336.0 4328.0 4336.0 4328.0 4336.0 8.0 4336.0 4328.0 4336.0 4328.0 4336.0 8.0 4336.0 4328.0 4336.0 4328.0 4336.0 8.0 4336.0 4328.0 4336.0 4328.0 4336.0 8.0 4336.0 4328.0 4336.0 4328.0 4336.0 8.0 4336.0 4328.0 4336.0 4328.0 4336.0 8.0 4336.0 4328.0 4336.0 4328.0 4336.0 8.0 4336.0 4328.0 4336.0 4328.0 4336.0 8.0 4336.0 4328.0 4336.0 4328.0 4336.0 8.0 4336.0 4328.0 4336.0 4328.0 4336.0 8.0 4336.0 4328.0 4336.0 4328.0 4336.0 8.0 4336.0 4328.0 4336.0 4328.0 4336.0 8.0 4336.0 4328.0 4336.0 4328.0 4336.0 8.0 4336.0 4328.0 4336.0 4328.0 4336.0 8.0 4336.0 4328.0 4336.0 4328.0 4336.0 8.0 4336.0 4328.0 4336.0 4328.0 4336.0 8.0 4336.0 4328.0 4336.0 4328.0 4336.0 8.0 4336.0 4328.0 4336.0 4328.0 4336.0 8.0 4336.0 4328.0 4336.0 4328.0 4336.0 8.0 4336.0 4328.0 4336.0 4328.0 4336.0 8.0 4336.0 4328.0 4336.0 4328.0 4336.0 8.0 4336.0 4328.0 4336.0 4328.0 4336.0 8.0 4336.0 4328.0 4336.0 4328.0 4336.0 8.0 4336.0 4328.0 4336.0 4328.0 4336.0 8.0 4336.0 4328.0 4336.0 4328.0 4336.0 8.0 4336.0 4328.0 4336.0 4328.0 4336.0 8.0 4336.0 4328.0 4336.0 4328.0 4336.0 8.0 4336.0 4328.0 4336.0 4328.0 4336.0 8.0 4336.0 4328.0 4336.0 4328.0 4336.0 8.0 4336.0 4328.0 4336.0 4328.0 4336.0 8.0 4336.0 4328.0 4336.0 4328.0 4336.0 8.0 4336.0 4328.0 4336.0 4328.0 4336.0 8.0 4336.0 4328.0 4336.0 4328.0 4336.0 8.0 4336.0 4328.0 4336.0 4328.0 4336.0 8.0 4336.0 4328.0 4336.0 4328.0 4336.0 8.0 4336.0 4328.0 4336.0 4328.0 4336.0 8.0 4336.0 4328.0 4336.0 4328.0 4336.0 8.0 4336.0 4328.0 4336.0 4328.0 4336.0 8.0 4336.0 4328.0 4336.0 4328.0 4336.0 8.0 4336.0 4328.0 4336.0 4328.0 4336.0 8.0 4336.0 4328.0 4336.0 4328.0 4336.0 8.0 4336.0 4328.0 4336.0 4328.0 4336.0 8.0 4336.0 4328.0 4336.0 4328.0 4336.0 8.0 4336.0 4328.0 4336.0 4328.0 4336.0 8.0 4336.0 4328.0 4336.0 4328.0 4336.0 8.0 4336.0 4328.0 4336.0 4328.0 4336.0 8.0 4336.0 4328.0 4336.0 4328.0 4336.0 8.0 4336.0 4328.0 4336.0 4328.0 4336.0 8.0 4336.0 4328.0 4336.0 4328.0 4336.0 8.0 4336.0 4328.0 4336.0 4328.0 4336.0 8.0 4336.0 4328.0 4336.0 4328.0 4336.0 8.0 4336.0 4328.0 4336.0 4328.0 4336.0 8.0 4336.0 4328.0 4336.0 4328.0 4336.0 8.0 4336.0 4328.0 4336.0 4328.0 4336.0 8.0 4336.0 4328.0 4336.0 4328.0 4336.0 8.0 4336.0 4328.0 4336.0 4328.0 4336.0 8.0 4336.0 4328.0 4336.0 4328.0 4336.0 8.0 4336.0 4328.0 4336.0 4328.0 4336.0 8.0 4336.0 4328.0 4336.0 4328.0 4336.0 8.0 4336.0 4328.0 4336.0 4328.0 4336.0 8.0 4336.0 4328.0 4336.0 4328.0 4336.0 8.0 4336.0 4328.0 4336.0 4328.0 4336.0 8.0 4336.0 4328.0 4336.0 4328.0 4336.0 8.0 4336.0 4328.0 4336.0 4328.0 4336.0 8.0 4336.0 4328.0 4336.0 4328.0 4336.0 8.0 4336.0 4328.0 4336.0 4328.0 4336.0 8.0 4336.0 4328.0 4336.0 4328.0 4336.0 8.0 4336.0 4328.0 4336.0 4328.0 4336.0 8.0 4336.0 4328.0 4336.0 4328.0 4336.0 8.0 4336.0 4328.0 4336.0 4328.0 4336.0 8.0 4336.0 4328.0 4336.0 4328.0 4336.0 8.0 4336.0 4328.0 4336.0 4328.0 4336.0 8.0 4336.0 4328.0 4336.0 4328.0 4336.0 8.0 4336.0 4328.0 4336.0 4328.0 4336.0 8.0 4336.0 4328.0 4336.0 4328.0 4336.0 8.0 4336.0 4328.0 4336.0 4328.0 4336.0 8.0 4336.0 4328.0 4336.0 4328.0 4336.0 8.0 4336.0 4328.0 4336.0 4328.0 4336.0 8.0 4336.0 4328.0 4336.0 4328.0 4336.0 8.0 4336.0 4328.0 4336.0 4328.0 4336.0 8.0 4336.0 4328.0 4336.0 4328.0 4336.0 8.0 4336.0 4328.0 4336.0 4328.0 4336.0 8.0 4336.0 4328.0 4336.0 4328.0 4336.0 8.0 4336.0 4328.0 4336.0 4328.0 4336.0 8.0 4336.0 4328.0 4336.0 4328.0 4336.0 8.0 4336.0 4328.0 4336.0 4328.0 4336.0 8.0 4336.0 4328.0 4336.0 4328.0 4336.0 8.0 4336.0 4328.0 4336.0 4328.0 4336.0 8.0 4336.0 4328.0 4336.0 4328.0 4336.0 8.0 4336.0 4328.0 4336.0 4328.0 4336.0 8.0 4336.0 4328.0 4336.0 4328.0 4336.0 8.0 4336.0 4328.0 4336.0 4328.0 4336.0 8.0 4336.0 4328.0 4336.0 4328.0 4336.0 8.0 4336.0 4328.0 4336.0 4328.0 4336.0 8.0 4336.0 4328.0 4336.0 4328.0 4336.0 8.0 4336.0 4328.0 4336.0 4328.0 4336.0 8.0 4336.0 4328.0 4336.0 4328.0 4336.0 8.0 4336.0 4328.0 4336.0 4328.0 4336.0 8.0 4336.0 4328.0 4336.0 4328.0 4336.0 8.0 4336.0 4328.0 4336.0 4328.0 4336.0 8.0 4336.0 4328.0 4336.0 4328.0 4336.0 8.0 4336.0 4328.0 4336.0 4328.0 4336.0 8.0 4336.0 4328.0 4336.0 4328.0 4336.0 8.0 4336.0 4328.0 4336.0 4328.0 4336.0 8.0 4336.0 4328.0 4336.0 4328.0 4336.0 8.0 4336.0 4328.0 4336.0 4328.0 4336.0 8.0 4336.0 4328.0 4336.0 4328.0 4336.0 8.0 4336.0 4328.0 4336.0 4328.0 4336.0 8.0 4336.0 4328.0 4336.0 4328.0 4336.0 8.0 4336.0 4328.0 4336.0 4328.0 4336.0 8.0 4336.0 4328.0 4336.0 4328.0 4336.0 8.0 4336.0 4328.0 4336.0 4328.0 4336.0 8.0 4336.0 4328.0 4336.0 4328.0 4336.0 8.0 4336.0 4328.0 4336.0 4328.0 4336.0 8.0 4336.0 4328.0 4336.0 4328.0 4336.0 8.0 4336.0 4328.0 4336.0 4328.0 4336.0 8.0 4336.0 4328.0 4336.0 4328.0 4336.0 8.0
50 1 CONSTANT 8.0
51 1 CONSTANT 8.0
52 1 CONSTANT 8.0
53 1 CONSTANT 8.0
54 1 CONSTANT 0.0
55 1 CONSTANT 0.0
56 1 CONSTANT 0.0
57 1 CONSTANT 0.0
58 1 CONSTANT 0.0
59 1 CONSTANT 0.0
60 1 CONSTANT 0.0
61 1 CONSTANT 0.0
62 1 CONSTANT 8.0
