0 1 CONSTANT 8.0
1 1 CONSTANT 8.0
2 1 CONSTANT 0.0
3 1 CONSTANT 8.0
4 1 CONSTANT 8.0
5 1 CONSTANT 8.0
6 1 CONSTANT 8.0
7 1 CONSTANT 8.0
8 1 CONSTANT 8.0
9 1 CONSTANT 0.0
10 1 CONSTANT 0.0
11 1 CONSTANT 0.0
12 1 CONSTANT 0.0
13 1 CONSTANT 8.0
14 1 CONSTANT 4.0
15 1 CONSTANT 4.0
16 1 CONSTANT 0.0
17 1 CONSTANT 0.0
18 1 CONSTANT 0.0
19 1 CONSTANT 0.0
20 1 CONSTANT 4.0
21 1 CONSTANT 8.0
22 1 CONSTANT 8.0
23 1 CONSTANT 8.0
24 1 CONSTANT 8.0
25 1 CONSTANT 4.0
26 1 CONSTANT 4.0
27 1 CONSTANT 8.0
28 1 TRACE 0.0 0.0 0.0 0.0 0.0 0.0 0.0 0.0 0.0 4.0 0.0 4.0 0.0 0.0 4.0 0.0 0.0 4.0 0.0 0.0 8.0 0.0 0.0 0.0 0.0 0.0 0.0 8.0 0.0 0.0 8.0 0.0 0.0 0.0 0.0 0.0 0.0 8.0 0.0 0.0 4.0 0.0 0.0 0.0 4.0 0.0 0.0 8.0 0.0 0.0 4.0 0.0 0.0 0.0 4.0 0.0 0.0 0.0 0.0 0.0 4.0 0.0 0.0 16.0 0.0 0.0 8.0 0.0 0.0 0.0 20.0 0.0 0.0 0.0 4.0 0.0 0.0 0.0 12.0 0.0 0.0 4.0 4.0 0.0 0.0 24.0 0.0 4.0 4.0 0.0 0.0 0.0 0.0 0.0 8.0 0.0 0.0 4.0 4.0 4.0 0.0 0.0 0.0 0.0 24.0 0.0 0.0 12.0 0.0 0.0 0.0 0.0 0.0 0.0 16.0 0.0 4.0 0.0 0.0 0.0 4.0 8.0 0.0 0.0 8.0 0.0 0.0 4.0 0.0 0.0 0.0 0.0 0.0 8.0 0.0 0.0 0.0 8.0 0.0 0.0 0.0 0.0 0.0 0.0 0.0 0.0 0.0 0.0 0.0 0.0 0.0 0.0 0.0 4.0 4.0 0.0 0.0 4.0 0.0 4.0 4.0 0.0 0.0 0.0 0.0 0.0 28.0 0.0 0.0 0.0 0.0 0.0 0.0 0.0 0.0 0.0 8.0 0.0 0.0 12.0 0.0 0.0 0.0 0.0 0.0 0.0 0.0 0.0 0.0 0.0 4.0 0.0 4.0 0.0 0.0 0.0 12.0 0.0 0.0 0.0 4.0 0.0 0.0 0.0 0.0 0.0 0.0 16.0 0.0 0.0 0.0 4.0
29 1 CONSTANT 4.0
30 1 TRACE 0.0 0.0 0.0 0.0 0.0 0.0 0.0 0.0 0.0 4.0 0.0 4.0 0.0 0.0 4.0 0.0 0.0 4.0 0.0 0.0 8.0 0.0 0.0 0.0 0.0 0.0 0.0 8.0 0.0 0.0 8.0 0.0 0.0 0.0 0.0 0.0 0.0 8.0 0.0 0.0 4.0 0.0 0.0 0.0 4.0 0.0 0.0 8.0 0.0 0.0 4.0 0.0 0.0 0.0 4.0 0.0 0.0 0.0 0.0 0.0 4.0 0.0 0.0 16.0 0.0 0.0 8.0 0.0 0.0 0.0 20.0 0.0 0.0 0.0 4.0 0.0 0.0 0.0 12.0 0.0 0.0 4.0 4.0 0.0 0.0 24.0 0.0 4.0 4.0 0.0 0.0 0.0 0.0 0.0 8.0 0.0 0.0 4.0 4.0 4.0 0.0 0.0 0.0 0.0 24.0 0.0 0.0 12.0 0.0 0.0 0.0 0.0 0.0 0.0 16.0 0.0 4.0 0.0 0.0 0.0 4.0 8.0 0.0 0.0 8.0 0.0 0.0 4.0 0.0 0.0 0.0 0.0 0.0 8.0 0.0 0.0 0.0 8.0 0.0 0.0 0.0 0.0 0.0 0.0 0.0 0.0 0.0 0.0 0.0 0.0 0.0 0.0 0.0 4.0 4.0 0.0 0.0 4.0 0.0 4.0 4.0 0.0 0.0 0.0 0.0 0.0 28.0 0.0 0.0 0.0 0.0 0.0 0.0 0.0 0.0 0.0 8.0 0.0 0.0 12.0 0.0 0.0 0.0 0.0 0.0 0.0 0.0 0.0 0.0 0.0 4.0 0.0 4.0 0.0 0.0 0.0 12.0 0.0 0.0 0.0 4.0 0.0 0.0 0.0 0.0 0.0 0.0 16.0 0.0 0.0 0.0 4.0
31 1 CONSTANT 8.0
32 1 CONSTANT 8.0
33 1 CONSTANT 4.0
34 1 CONSTANT 0.0
35 1 CONSTANT 0.0
36 1 CONSTANT 8.0
37 1 CONSTANT 8.0
38 1 CONSTANT 8.0
39 1 TRACE 8.0 0.0 0.0 0.0 0.0 8.0 0.0 0.0 8.0 0.0 0.0 8.0 8.0 0.0 0.0 8.0 0.0 0.0 8.0 0.0 8.0 0.0 8.0 0.0 0.0 8.0 0.0 0.0 8.0 0.0 8.0 0.0 8.0 0.0 0.0 8.0 0.0 0.0 8.0 0.0 8.0 0.0 8.0 0.0 8.0 0.0 8.0 0.0 0.0 8.0 0.0 0.0 8.0 0.0 0.0 8.0 0.0 0.0 8.0 0.0 0.0 8.0 0.0 8.0 0.0 8.0 0.0 0.0 8.0 8.0 0.0 0.0 8.0 8.0 0.0 0.0 8.0 0.0 8.0 0.0 8.0 0.0 0.0 8.0 0.0 0.0 8.0 0.0 0.0 8.0 0.0 0.0 8.0 0.0 8.0 0.0 8.0 0.0 0.0 8.0 0.0 0.0 8.0 0.0 8.0 0.0 8.0 0.0 0.0 8.0 0.0 0.0 8.0 0.0 8.0 0.0 8.0 0.0 0.0 8.0 0.0 0.0 8.0 0.0 0.0 8.0 0.0 0.0 8.0 0.0 0.0 8.0 0.0 8.0 0.0 8.0 0.0 8.0 0.0 8.0 0.0 0.0 8.0 0.0 0.0 8.0 8.0 0.0 0.0 8.0 0.0 0.0 8.0 0.0 0.0 8.0 0.0 0.0 8.0 0.0 0.0 8.0 0.0 0.0 8.0 8.0 0.0 0.0 8.0 0.0 0.0 8.0 0.0 0.0 8.0 0.0 0.0 8.0 0.0 8.0 0.0 8.0 8.0 0.0 0.0 8.0 0.0 0.0 8.0 0.0 0.0 8.0 0.0 0.0 8.0 0.0 8.0 0.0 8.0 0.0 0.0 8.0 8.0 0.0 0.0 8.0 0.0 8.0 0.0 8.0 0.0 0.0
40 1 CONSTANT 8.0
41 1 CONSTANT 8.0
42 1 CONSTANT 8.0
43 1 CONSTANT 448.0
44 1 CONSTANT 440.0
45 1 CONSTANT 8.0
46 1 CONSTANT 448.0
47 1 CONSTANT 4.0
48 1 TRACE 12736.0 6720.0 4720.0 3008.0 2128.0 2096.0 1744.0 8336.0 5136.0 2960.0 2320.0 2272.0 2064.0 1744.0 32.0 64.0 48.0 0.0 48.0 64.0 16.0 0.0 0.0 0.0 0.0 0.0 0.0 0.0 8944.0 3824.0 2800.0 1744.0 1168.0 1456.0 1152.0 9568.0 6048.0 3456.0 2544.0 2400.0 2176.0 1920.0 16.0 48.0 16.0 16.0 48.0 48.0 16.0 0.0 0.0 0.0 0.0 0.0 0.0 0.0 19776.0 7744.0 4304.0 2976.0 2544.0 2320.0 1808.0 256.0 304.0 128.0 128.0 304.0 160.0 240.0 0.0 0.0 16.0 0.0 0.0 0.0 0.0 21136.0 8240.0 4464.0 3152.0 2576.0 2432.0 1952.0 272.0 256.0 208.0 208.0 384.0 224.0 272.0 0.0 0.0 0.0 0.0 0.0 0.0 0.0 22144.0 8240.0 4704.0 3232.0 2608.0 2272.0 1968.0 336.0 368.0 160.0 192.0 368.0 304.0 240.0 0.0 0.0 0.0 0.0 0.0 0.0 0.0 23600.0 7824.0 4912.0 2960.0 2640.0 2320.0 1856.0 1264.0 1312.0 608.0 800.0 880.0 912.0 736.0 0.0 0.0 0.0 0.0 16.0 0.0 0.0 21248.0 7504.0 4400.0 2896.0 2208.0 1888.0 1856.0 2496.0 2192.0 1264.0 1248.0 1488.0 1360.0 1040.0 0.0 32.0 16.0 0.0 16.0 0.0 16.0 16592.0 6608.0 4240.0 3136.0 2256.0 2176.0 1568.0 4736.0 3744.0 2304.0 1760.0 1824.0 1664.0 1536.0 0.0 32.0 16.0 0.0 16.0 16.0 16.0 0.0 0.0 0.0 0.0 0.0 0.0 0.0 23072.0 7936.0 4576.0 3152.0 2384.0 2352.0 1856.0 1760.0 1568.0 944.0 896.0 1120.0 1120.0 944.0 0.0 16.0 16.0 0.0 0.0 0.0 0.0 23920.0 8480.0 4944.0 2960.0 2624.0 2352.0 1824.0 1152.0 1072.0 736.0 672.0 832.0 944.0 800.0 0.0 0.0 16.0 0.0 0.0 0.0 0.0 13312.0 6048.0 4832.0 3120.0 1952.0 2352.0 1776.0 8016.0 5184.0 3136.0 2448.0 2400.0 2000.0 1552.0 16.0 80.0 32.0 16.0 48.0 16.0 48.0 0.0 0.0 0.0 0.0 0.0 0.0 0.0 23824.0 8544.0 4928.0 3040.0 2496.0 2240.0 1904.0 1424.0 1168.0 736.0 736.0 928.0 912.0 736.0 0.0 0.0 16.0 0.0 16.0 0.0 16.0 23760.0 8304.0 4784.0 3328.0 2640.0 2464.0 1872.0 848.0 912.0 400.0 464.0 752.0 704.0 560.0 0.0 0.0 16.0 0.0 0.0 0.0 0.0 22784.0 7568.0 4528.0 3120.0 2416.0 2144.0 1760.0 1840.0 1600.0 976.0 912.0 1200.0 1120.0 960.0 0.0 0.0 16.0 0.0 0.0 0.0 16.0 19440.0 7872.0 4496.0 3200.0 2640.0 2272.0 1920.0 256.0 176.0 96.0 96.0 256.0 272.0 208.0 0.0 0.0 16.0 0.0 0.0 0.0 0.0 23744.0 7936.0 5120.0 2896.0 2528.0 2128.0 1728.0 976.0 1024.0 432.0 640.0 736.0 704.0 656.0 0.0 0.0 16.0 0.0 0.0 0.0 0.0 23504.0 8896.0 4912.0 2752.0 2544.0 2192.0 1872.0 1184.0 928.0 624.0 784.0 880.0 896.0 672.0 0.0 0.0 16.0 0.0 16.0 0.0 16.0 12416.0 5312.0 3920.0 2512.0 2160.0 1920.0 1472.0 7872.0 5264.0 3088.0 2240.0 2144.0 2144.0 1680.0 32.0 48.0 16.0 16.0 64.0 64.0 32.0 0.0 0.0 0.0 0.0 0.0 0.0 0.0 23872.0 8224.0 4848.0 3280.0 2656.0 2336.0 1776.0 768.0 720.0 368.0 400.0 592.0 528.0 560.0 0.0 0.0 16.0 0.0 0.0 0.0 0.0 17920.0 6656.0 4720.0 2688.0 2560.0 2064.0 1760.0 4336.0 3584.0 2128.0 1872.0 1792.0 1760.0 1488.0 0.0 16.0 16.0 0.0 16.0 32.0 16.0 15696.0 7248.0 4016.0 2992.0 2544.0 2224.0 1840.0 32.0 144.0 48.0 112.0 176.0 144.0 112.0 0.0 0.0 0.0 0.0 0.0 0.0 0.0 14096.0 7104.0 4016.0 2848.0 2416.0 2304.0 1728.0 48.0 96.0 64.0 64.0 160.0 80.0 64.0 0.0 0.0 16.0 0.0 0.0 0.0 0.0 21136.0 8240.0 4464.0 3152.0 2576.0 2432.0 1952.0 272.0 256.0 208.0 208.0 384.0 224.0 272.0 0.0 0.0 0.0 0.0 0.0 0.0 0.0 21616.0 7328.0 4752.0 3328.0 2240.0 2240.0 1664.0 2128.0 2080.0 1344.0 1040.0 1408.0 1248.0 1136.0 0.0 16.0 16.0 16.0 0.0 16.0 16.0 23872.0 8400.0 4944.0 3248.0 2480.0 2320.0 2032.0 1056.0 1104.0 512.0 528.0 768.0 784.0 640.0 0.0 0.0 16.0 0.0 0.0 0.0 0.0 18320.0 7088.0 4688.0 2896.0 2160.0 2048.0 1600.0 4176.0 3344.0 2032.0 1648.0 1872.0 1808.0 1456.0 16.0 32.0 16.0 16.0 32.0 32.0 16.0 22864.0 8352.0 4640.0 3040.0 2416.0 2144.0 1840.0 656.0 608.0 288.0 336.0 560.0 592.0 432.0 0.0 0.0 16.0 0.0 0.0 0.0 0.0 17312.0 6592.0 4608.0 2896.0 2192.0 2192.0 1712.0 4752.0 3808.0 2240.0 1824.0 1904.0 1680.0 1360.0 0.0 48.0 16.0 16.0 32.0 48.0 16.0 0.0 0.0 0.0 0.0 0.0 0.0 0.0 20944.0 6960.0 4352.0 2944.0 2352.0 2176.0 1712.0 2752.0 2416.0 1584.0 1328.0 1376.0 1392.0 1168.0 0.0 16.0 16.0 0.0 16.0 0.0 16.0 23024.0 8400.0 4864.0 3296.0 2672.0 2480.0 1824.0 656.0 560.0 208.0 304.0 624.0 464.0 432.0 0.0 0.0 16.0 0.0 0.0 0.0 0.0 18192.0 7840.0 4160.0 2976.0 2400.0 2096.0 1744.0 144.0 240.0 96.0 144.0 240.0 256.0 160.0 0.0 0.0 16.0 0.0 0.0 0.0 0.0 17616.0 7104.0 4432.0 2688.0 2384.0 1936.0 1712.0 4208.0 3536.0 2080.0 1712.0 2016.0 1792.0 1472.0 0.0 64.0 16.0 16.0 16.0 16.0 16.0 14288.0 7072.0 4000.0 2944.0 2432.0 2256.0 1952.0 112.0 80.0 80.0 48.0 176.0 128.0 64.0 0.0 0.0 0.0 0.0 0.0 0.0 0.0 12960.0 5664.0 4064.0 2720.0 1952.0 2192.0 1648.0 7696.0 5136.0 2944.0 2368.0 2176.0 2064.0 1648.0 16.0 48.0 32.0 16.0 64.0 64.0 32.0 0.0 0.0 0.0 0.0 0.0 0.0 0.0 17552.0 6496.0 4656.0 2864.0 2400.0 2272.0 1600.0 4240.0 3296.0 2016.0 1824.0 1888.0 1680.0 1408.0 0.0 32.0 16.0 16.0 16.0 16.0 16.0 21136.0 8256.0 4528.0 3136.0 2576.0 2352.0 1984.0 368.0 352.0 208.0 208.0 336.0 224.0 288.0 0.0 0.0 0.0 0.0 0.0 0.0 0.0 22480.0 8048.0 4800.0 3040.0 2352.0 2272.0 1936.0 1952.0 1680.0 960.0 1040.0 1136.0 1136.0 864.0 0.0 0.0 16.0 0.0 16.0 0.0 0.0 23808.0 8128.0 4752.0 3008.0 2336.0 2160.0 1840.0 1040.0 1120.0 496.0 544.0 816.0 848.0 672.0 0.0 0.0 16.0 0.0 16.0 0.0 16.0 24144.0 8640.0 4704.0 3232.0 2480.0 2224.0 1760.0 1072.0 896.0 480.0 528.0 832.0 704.0 720.0 0.0 0.0 16.0 0.0 0.0 0.0 0.0 10544.0 4304.0 2976.0 2096.0 1536.0 1536.0 1296.0 9264.0 5792.0 3472.0 2608.0 2416.0 2096.0 1760.0 0.0 64.0 16.0 16.0 64.0 64.0 16.0 0.0 0.0 0.0 0.0 0.0 0.0 0.0 23152.0 8000.0 4592.0 3120.0 2256.0 2048.0 1808.0 1760.0 1840.0 1104.0 1120.0 1248.0 1232.0 1008.0 0.0 16.0 16.0 0.0 0.0 0.0 0.0 22336.0 7616.0 4528.0 2960.0 2240.0 2032.0 1952.0 1936.0 1776.0 1024.0 1040.0 1328.0 1200.0 944.0 0.0 16.0 16.0 0.0 16.0 0.0 16.0 13568.0 6624.0 4608.0 2928.0 2112.0 2256.0 1776.0 8192.0 5040.0 3088.0 2368.0 2224.0 2096.0 1632.0 16.0 48.0 48.0 16.0 64.0 16.0 32.0 0.0 0.0 0.0 0.0 0.0 0.0 0.0 20688.0 8176.0 4528.0 2944.0 2608.0 2432.0 1936.0 304.0 240.0 160.0 192.0 320.0 208.0 256.0 0.0 0.0 16.0 0.0 0.0 0.0 0.0 17648.0 8208.0 4464.0 2944.0 2624.0 2368.0 1952.0 176.0 160.0 160.0 144.0 224.0 176.0 144.0 0.0 0.0 0.0 0.0 0.0 0.0 0.0 10064.0 4816.0 3152.0 2576.0 2016.0 1808.0 1536.0 9664.0 5984.0 3440.0 2432.0 2432.0 2224.0 1664.0 32.0 64.0 16.0 48.0 48.0 48.0 48.0 0.0 0.0 0.0 0.0 0.0 0.0 0.0 22112.0 8416.0 4752.0 3120.0 2576.0 2256.0 1984.0 448.0 352.0 128.0 192.0 400.0 400.0 256.0 0.0 0.0 16.0 0.0 0.0 0.0 0.0 23584.0 8528.0 4848.0 3136.0 2592.0 2256.0 1824.0 704.0 656.0 416.0 416.0 624.0 672.0 592.0 0.0 0.0 16.0 0.0 0.0 0.0 0.0 21728.0 7904.0 4336.0 3152.0 2544.0 2336.0 1808.0 320.0 368.0 224.0 192.0 384.0 336.0 256.0 0.0 0.0 16.0 0.0 0.0 0.0 0.0 17984.0 6640.0 4624.0 2880.0 2224.0 2208.0 1584.0 4400.0 3504.0 2192.0 1920.0 1904.0 1760.0 1456.0 0.0 32.0 16.0 16.0 16.0 32.0 32.0 0.0 0.0 0.0 0.0 0.0 0.0 0.0 13536.0 7040.0 3936.0 2800.0 2480.0 2240.0 1824.0 32.0 80.0 32.0 96.0 96.0 128.0 64.0 0.0 0.0 0.0 0.0 0.0 0.0 0.0 12240.0 5600.0 4432.0 2608.0 2208.0 2016.0 1648.0 8944.0 5632.0 3072.0 2464.0 2240.0 1984.0 1680.0 32.0 64.0 48.0 48.0 64.0 64.0 48.0 0.0 0.0 0.0 0.0 0.0 0.0 0.0 17216.0 6720.0 4368.0 2640.0 2288.0 1952.0 1616.0 4592.0 3568.0 2128.0 1856.0 1968.0 1920.0 1536.0 0.0 48.0 16.0 0.0 32.0 16.0 32.0 0.0 0.0 0.0 0.0 0.0 0.0 0.0 22160.0 7696.0 4656.0 3136.0 2432.0 2288.0 1808.0 2256.0 2000.0 1280.0 1120.0 1344.0 1248.0 1088.0 0.0 32.0 16.0 0.0 0.0 0.0 16.0 21696.0 7632.0 4592.0 2960.0 2368.0 2320.0 1632.0 2416.0 2032.0 1392.0 1200.0 1376.0 1344.0 1216.0 0.0 16.0 16.0 0.0 16.0 16.0 0.0 12832.0 6720.0 3792.0 2816.0 2528.0 2256.0 1792.0 80.0 80.0 80.0 64.0 128.0 96.0 64.0 0.0 0.0 0.0 0.0 0.0 0.0 0.0 11360.0 5232.0 3392.0 2544.0 1808.0 1920.0 1472.0 9088.0 5552.0 3152.0 2352.0 2432.0 2080.0 1632.0 0.0 48.0 48.0 32.0 32.0 48.0 16.0 0.0 0.0 0.0 0.0 0.0 0.0 0.0 21632.0 8320.0 4736.0 3072.0 2688.0 2304.0 1904.0 368.0 368.0 176.0 224.0 336.0 336.0 224.0 0.0 0.0 16.0 0.0 0.0 0.0 0.0 18096.0 7232.0 4944.0 3120.0 2384.0 2448.0 2032.0 4352.0 3520.0 1968.0 1744.0 1984.0 1744.0 1424.0 0.0 48.0 16.0 0.0 16.0 16.0 16.0 0.0 0.0 0.0 0.0 0.0 0.0 0.0 22128.0 7440.0 4848.0 2640.0 2464.0 2048.0 1648.0 2304.0 2048.0 1168.0 1184.0 1328.0 1344.0 1200.0 0.0 0.0 16.0 0.0 16.0 0.0 16.0 24160.0 8256.0 4848.0 3328.0 2544.0 2112.0 1760.0 1056.0 1056.0 560.0 512.0 768.0 896.0 768.0 0.0 0.0 16.0 0.0 0.0 0.0 0.0 21408.0 8432.0 4720.0 3056.0 2640.0 2272.0 1888.0 272.0 368.0 160.0 224.0 352.0 304.0 288.0 0.0 0.0 16.0 0.0 0.0 0.0 0.0 21744.0 7584.0 4528.0 2960.0 2416.0 2144.0 1872.0 2256.0 2112.0 1312.0 1216.0 1232.0 1232.0 1056.0 0.0 16.0 16.0 0.0 16.0 0.0 0.0 24048.0 8608.0 4864.0 3216.0 2496.0 2272.0 1776.0 976.0 768.0 416.0 672.0 816.0 672.0 656.0 0.0 0.0 16.0 0.0 0.0 0.0 0.0
49 1 TRACE 448.0 448.0 448.0 448.0 448.0 448.0 8.0 448.0 448.0 448.0 448.0 448.0 448.0 8.0 448.0 448.0 448.0 448.0 448.0 448.0 8.0 448.0 448.0 448.0 448.0 448.0 448.0 8.0 448.0 448.0 448.0 448.0 448.0 448.0 8.0 448.0 448.0 448.0 448.0 448.0 448.0 8.0 448.0 448.0 448.0 448.0 448.0 448.0 8.0 448.0 448.0 448.0 448.0 448.0 448.0 8.0 448.0 448.0 448.0 448.0 448.0 448.0 8.0 448.0 448.0 448.0 448.0 448.0 448.0 8.0 448.0 448.0 448.0 448.0 448.0 448.0 8.0 448.0 448.0 448.0 448.0 448.0 448.0 8.0 448.0 448.0 448.0 448.0 448.0 448.0 8.0 448.0 448.0 448.0 448.0 448.0 448.0 8.0 448.0 448.0 448.0 448.0 448.0 448.0 8.0 448.0 448.0 448.0 448.0 448.0 448.0 8.0 448.0 448.0 448.0 448.0 448.0 448.0 8.0 448.0 448.0 448.0 448.0 448.0 448.0 8.0 448.0 448.0 448.0 448.0 448.0 448.0 8.0 448.0 448.0 448.0 448.0 448.0 448.0 8.0 448.0 448.0 448.0 448.0 448.0 448.0 8.0 448.0 448.0 448.0 448.0 448.0 448.0 8.0 448.0 448.0 448.0 448.0 448.0 448.0 8.0 448.0 448.0 448.0 448.0 448.0 448.0 8.0 448.0 448.0 448.0 448.0 448.0 448.0 8.0 448.0 448.0 448.0 448.0 448.0 448.0 8.0 448.0 448.0 448.0 448.0 448.0 448.0 8.0 448.0 448.0 448.0 448.0 448.0 448.0 8.0 448.0 448.0 448.0 448.0 448.0 448.0 8.0 448.0 448.0 448.0 448.0 448.0 448.0 8.0 448.0 448.0 448.0 448.0 448.0 448.0 8.0 448.0 448.0 448.0 448.0 448.0 448.0 8.0 448.0 448.0 448.0 448.0 448.0 448.0 8.0 448.0 448.0 448.0 448.0 448.0 448.0 8.0 448.0 448.0 448.0 448.0 448.0 448.0 8.0 448.0 448.0 448.0 448.0 448.0 448.0 8.0 448.0 448.0 448.0 448.0 448.0 448.0 8.0 448.0 448.0 448.0 448.0 448.0 448.0 8.0 448.0 448.0 448.0 448.0 448.0 448.0 8.0 448.0 448.0 448.0 448.0 448.0 448.0 8.0 448.0 448.0 448.0 448.0 448.0 448.0 8.0 448.0 448.0 448.0 448.0 448.0 448.0 8.0 448.0 448.0 448.0 448.0 448.0 448.0 8.0 448.0 448.0 448.0 448.0 448.0 448.0 8.0 448.0 448.0 448.0 448.0 448.0 448.0 8.0 448.0 448.0 448.0 448.0 448.0 448.0 8.0 448.0 448.0 448.0 448.0 448.0 448.0 8.0 448.0 448.0 448.0 448.0 448.0 448.0 8.0 448.0 448.0 448.0 448.0 448.0 448.0 8.0 448.0 448.0 448.0 448.0 448.0 448.0 8.0 448.0 448.0 448.0 448.0 448.0 448.0 8.0 448.0 448.0 448.0 448.0 448.0 448.0 8.0 448.0 448.0 448.0 448.0 448.0 448.0 8.0 448.0 448.0 448.0 448.0 448.0 448.0 8.0 448.0 448.0 448.0 448.0 448.0 448.0 8.0 448.0 448.0 448.0 448.0 448.0 448.0 8.0 448.0 448.0 448.0 448.0 448.0 448.0 8.0 448.0 448.0 448.0 448.0 448.0 448.0 8.0 448.0 448.0 448.0 448.0 448.0 448.0 8.0 448.0 448.0 448.0 448.0 448.0 448.0 8.0 448.0 448.0 448.0 448.0 448.0 448.0 8.0 448.0 448.0 448.0 448.0 448.0 448.0 8.0 448.0 448.0 448.0 448.0 448.0 448.0 8.0 448.0 448.0 448.0 448.0 448.0 448.0 8.0 448.0 448.0 448.0 448.0 448.0 448.0 8.0 448.0 448.0 448.0 448.0 448.0 448.0 8.0 448.0 448.0 448.0 448.0 448.0 448.0 8.0 448.0 448.0 448.0 448.0 448.0 448.0 8.0 448.0 448.0 448.0 448.0 448.0 448.0 8.0 448.0 448.0 448.0 448.0 448.0 448.0 8.0 448.0 448.0 448.0 448.0 448.0 448.0 8.0 448.0 448.0 448.0 448.0 448.0 448.0 8.0 448.0 448.0 448.0 448.0 448.0 448.0 8.0 448.0 448.0 448.0 448.0 448.0 448.0 8.0 448.0 448.0 448.0 448.0 448.0 448.0 8.0 448.0 448.0 448.0 448.0 448.0 448.0 8.0 448.0 448.0 448.0 448.0 448.0 448.0 8.0 448.0 448.0 448.0 448.0 448.0 448.0 8.0 448.0 448.0 448.0 448.0 448.0 448.0 8.0 448.0 448.0 448.0 448.0 448.0 448.0 8.0 448.0 448.0 448.0 448.0 448.0 448.0 8.0 448.0 448.0 448.0 448.0 448.0 448.0 8.0 448.0 448.0 448.0 448.0 448.0 448.0 8.0 448.0 448.0 448.0 448.0 448.0 448.0 8.0 448.0 448.0 448.0 448.0 448.0 448.0 8.0 448.0 448.0 448.0 448.0 448.0 448.0 8.0 448.0 448.0 448.0 448.0 448.0 448.0 8.0 448.0 448.0 448.0 448.0 448.0 448.0 8.0 448.0 448.0 448.0 448.0 448.0 448.0 8.0 448.0 448.0 448.0 448.0 448.0 448.0 8.0 448.0 448.0 448.0 448.0 448.0 448.0 8.0 448.0 448.0 448.0 448.0 448.0 448.0 8.0 448.0 448.0 448.0 448.0 448.0 448.0 8.0 448.0 448.0 448.0 448.0 448.0 448.0 8.0 448.0 448.0 448.0 448.0 448.0 448.0 8.0 448.0 448.0 448.0 448.0 448.0 448.0 8.0 448.0 448.0 448.0 448.0 448.0 448.0 8.0 448.0 448.0 448.0 448.0 448.0 448.0 8.0 448.0 448.0 448.0 448.0 448.0 448.0 8.0 448.0 448.0 448.0 448.0 448.0 448.0 8.0 448.0 448.0 448.0 448.0 448.0 448.0 8.0 448.0 448.0 448.0 448.0 448.0 448.0 8.0 448.0 448.0 448.0 448.0 448.0 448.0 8.0 448.0 448.0 448.0 448.0 448.0 448.0 8.0 448.0 448.0 448.0 448.0 448.0 448.0 8.0 448.0 448.0 448.0 448.0 448.0 448.0 8.0 448.0 448.0 448.0 448.0 448.0 448.0 8.0 448.0 448.0 448.0 448.0 448.0 448.0 8.0 448.0 448.0 448.0 448.0 448.0 448.0 8.0 448.0 448.0 448.0 448.0 448.0 448.0 8.0 448.0 448.0 448.0 448.0 448.0 448.0 8.0 448.0 448.0 448.0 448.0 448.0 448.0 8.0 448.0 448.0 448.0 448.0 448.0 448.0 8.0 448.0 448.0 448.0 448.0 448.0 448.0 8.0 448.0 448.0 448.0 448.0 448.0 448.0 8.0 448.0 448.0 448.0 448.0 448.0 448.0 8.0 448.0 448.0 448.0 448.0 448.0 448.0 8.0 448.0 448.0 448.0 448.0 448.0 448.0 8.0 448.0 448.0 448.0 448.0 448.0 448.0 8.0 448.0 448.0 448.0 448.0 448.0 448.0 8.0 448.0 448.0 448.0 448.0 448.0 448.0 8.0 448.0 448.0 448.0 448.0 448.0 448.0 8.0 448.0 448.0 448.0 448.0 448.0 448.0 8.0 448.0 448.0 448.0 448.0 448.0 448.0 8.0 448.0 448.0 448.0 448.0 448.0 448.0 8.0 448.0 448.0 448.0 448.0 448.0 448.0 8.0 448.0 448.0 448.0 448.0 448.0 448.0 8.0 448.0 448.0 448.0 448.0 448.0 448.0 8.0 448.0 448.0 448.0 448.0 448.0 448.0 8.0 448.0 448.0 448.0 448.0 448.0 448.0 8.0 448.0 448.0 448.0 448.0 448.0 448.0 8.0 448.0 448.0 448.0 448.0 448.0 448.0 8.0 448.0 448.0 448.0 448.0 448.0 448.0 8.0 448.0 448.0 448.0 448.0 448.0 448.0 8.0 448.0 448.0 448.0 448.0 448.0 448.0 8.0 448.0 448.0 448.0 448.0 448.0 448.0 8.0 448.0 448.0 448.0 448.0 448.0 448.0 8.0 448.0 448.0 448.0 448.0 448.0 448.0 8.0 448.0 448.0 448.0 448.0 448.0 448.0 8.0 448.0 448.0 448.0 448.0 448.0 448.0 8.0 448.0 448.0 448.0 448.0 448.0 448.0 8.0 448.0 448.0 448.0 448.0 448.0 448.0 8.0 448.0 448.0 448.0 448.0 448.0 448.0 8.0 448.0 448.0 448.0 448.0 448.0 448.0 8.0 448.0 448.0 448.0 448.0 448.0 448.0 8.0 448.0 448.0 448.0 448.0 448.0 448.0 8.0 448.0 448.0 448.0 448.0 448.0 448.0 8.0 448.0 448.0 448.0 448.0 448.0 448.0 8.0 448.0 448.0 448.0 448.0 448.0 448.0 8.0 448.0 448.0 448.0 448.0 448.0 448.0 8.0 448.0 448.0 448.0 448.0 448.0 448.0 8.0 448.0 448.0 448.0 448.0 448.0 448.0 8.0 448.0 448.0 448.0 448.0 448.0 448.0 8.0 448.0 448.0 448.0 448.0 448.0 448.0 8.0 448.0 448.0 448.0 448.0 448.0 448.0 8.0 448.0 448.0 448.0 448.0 448.0 448.0 8.0 448.0 448.0 448.0 448.0 448.0 448.0 8.0 448.0 448.0 448.0 448.0 448.0 448.0 8.0 448.0 448.0 448.0 448.0 448.0 448.0 8.0 448.0 448.0 448.0 448.0 448.0 448.0 8.0 448.0 448.0 448.0 448.0 448.0 448.0 8.0 448.0 448.0 448.0 448.0 448.0 448.0 8.0 448.0 448.0 448.0 448.0 448.0 448.0 8.0 448.0 448.0 448.0 448.0 448.0 448.0 8.0 448.0 448.0 448.0 448.0 448.0 448.0 8.0 448.0 448.0 448.0 448.0 448.0 448.0 8.0 448.0 448.0 448.0 448.0 448.0 448.0 8.0 448.0 448.0 448.0 448.0 448.0 448.0 8.0 448.0 448.0 448.0 448.0 448.0 448.0 8.0 448.0 448.0 448.0 448.0 448.0 448.0 8.0 448.0 448.0 448.0 448.0 448.0 448.0 8.0 448.0 448.0 448.0 448.0 448.0 448.0 8.0 448.0 448.0 448.0 448.0 448.0 448.0 8.0 448.0 448.0 448.0 448.0 448.0 448.0 8.0 448.0 448.0 448.0 448.0 448.0 448.0 8.0 448.0 448.0 448.0 448.0 448.0 448.0 8.0 448.0 448.0 448.0 448.0 448.0 448.0 8.0 448.0 448.0 448.0 448.0 448.0 448.0 8.0 448.0 448.0 448.0 448.0 448.0 448.0 8.0 448.0 448.0 448.0 448.0 448.0 448.0 8.0 448.0 448.0 448.0 448.0 448.0 448.0 8.0 448.0 448.0 448.0 448.0 448.0 448.0 8.0 448.0 448.0 448.0 448.0 448.0 448.0 8.0 448.0 448.0 448.0 448.0 448.0 448.0 8.0 448.0 448.0 448.0 448.0 448.0 448.0 8.0 448.0 448.0 448.0 448.0 448.0 448.0 8.0 448.0 448.0 448.0 448.0 448.0 448.0 8.0 448.0 448.0 448.0 448.0 448.0 448.0 8.0 448.0 448.0 448.0 448.0 448.0 448.0 8.0 448.0 448.0 448.0 448.0 448.0 448.0 8.0 448.0 448.0 448.0 448.0 448.0 448.0 8.0 448.0 448.0 448.0 448.0 448.0 448.0 8.0 448.0 448.0 448.0 448.0 448.0 448.0 8.0 448.0 448.0 448.0 448.0 448.0 448.0 8.0 448.0 448.0 448.0 448.0 448.0 448.0 8.0 448.0 448.0 448.0 448.0 448.0 448.0 8.0 448.0 448.0 448.0 448.0 448.0 448.0 8.0 448.0 448.0 448.0 448.0 448.0 448.0 8.0 448.0 448.0 448.0 448.0 448.0 448.0 8.0 448.0 448.0 448.0 448.0 448.0 448.0 8.0 448.0 448.0 448.0 448.0 448.0 448.0 8.0 448.0 448.0 448.0 448.0 448.0 448.0 8.0 448.0 448.0 448.0 448.0 448.0 448.0 8.0 448.0 448.0 448.0 448.0 448.0 448.0 8.0 448.0 448.0 448.0 448.0 448.0 448.0 8.0 448.0 448.0 448.0 448.0 448.0 448.0 8.0 448.0 448.0 448.0 448.0 448.0 448.0 8.0
50 1 CONSTANT 8.0
51 1 CONSTANT 8.0
52 1 CONSTANT 8.0
53 1 CONSTANT 8.0
54 1 CONSTANT 0.0
55 1 CONSTANT 0.0
56 1 CONSTANT 0.0
57 1 CONSTANT 0.0
58 1 CONSTANT 0.0
59 1 CONSTANT 0.0
60 1 CONSTANT 0.0
61 1 CONSTANT 0.0
62 1 CONSTANT 8.0
