0 1 1 TRACE 1672856984571580.0
1 2 1 TRACE 11212.0 19.0 19.0 19.0 22.0 70.0 20.0 19.0 19.0 20.0 26.0 19.0 19.0 19.0 19.0 21.0 19.0 19.0 23.0 22.0 19.0 19.0 19.0 18.0 19.0 20.0 20.0 19.0 20.0 20.0 18.0 23.0 19.0 22.0 40.0 19.0 19.0 33.0 23.0 29.0 19.0 19.0 19.0 33.0 23.0 18.0 19.0 20.0 20.0 23.0 19.0 19.0 19.0 21.0 35.0 19.0 19.0 18.0 19.0 22.0 23.0 19.0 22.0 19.0
2 3 1 TRACE 789.0 29.0 29.0 28.0 29.0 31.0 74.0 65.0 28.0 37.0 28.0 67.0 28.0 28.0 32.0 28.0 80.0 28.0 28.0 27.0 28.0 34.0 27.0 64.0 30.0 28.0 96.0 48.0 31.0 30.0 29.0 28.0 97.0 30.0 50.0 107.0 56.0 28.0 30.0 31.0 55.0 50.0 51.0 54.0 28.0 50.0 60.0 28.0 28.0 37.0 32.0 33.0 70.0 28.0 27.0 34.0 51.0 49.0 47.0 39.0 59.0 81.0 31.0 28.0
3 4 1 TRACE 52.0 33.0 42.0 44.0 51.0 25.0 58.0 31.0 50.0 25.0 43.0 55.0 46.0 23.0 23.0 29.0 27.0 33.0 49.0 23.0 55.0 22.0 29.0 28.0 23.0 62.0 58.0 27.0 54.0 54.0 28.0 22.0 53.0 56.0 191.0 59.0 36.0 64.0 27.0 23.0 22.0 53.0 35.0 23.0 22.0 26.0 21.0 49.0 63.0 45.0 64.0 44.0 58.0 58.0 40.0 27.0 59.0 23.0 27.0 71.0 74.0 29.0 68.0 31.0
4 5 1 TRACE 24.0 15.0 20.0 27.0 15.0 15.0 15.0 17.0 15.0 15.0 32.0 37.0 15.0 16.0 50.0 48.0 25.0 25.0 15.0 16.0 17.0 16.0 33.0 15.0 18.0 21.0 27.0 18.0 16.0 15.0 15.0 16.0 116.0 15.0 33.0 26.0 15.0 15.0 14.0 15.0 15.0 48.0 16.0 50.0 14.0 15.0 15.0 15.0 15.0 15.0 17.0 14.0 21.0 33.0 16.0 14.0 15.0 15.0 37.0 39.0 14.0 15.0 15.0 49.0
5 6 1 TRACE 43.0 232.0 148.0 169.0 136.0 19.0 51.0 16.0 22.0 16.0 12.0 13.0 36.0 110.0 120.0 12.0 20.0 39.0 38.0 15.0 25.0 27.0 12.0 14.0 19.0 13.0 33.0 31.0 46.0 18.0 33.0 31.0 20.0 17.0 32.0 39.0 27.0 81.0 16.0 42.0 19.0 13.0 50.0 33.0 27.0 14.0 379.0 34.0 70.0 51.0 29.0 16.0 46.0 12.0 18.0 17.0 18.0 13.0 11.0 56.0 17.0 47.0 20.0 11.0
6 7 1 TRACE 23.0 9.0 97.0 89.0 34.0 295.0 101.0 146.0 111.0 300.0 115.0 37.0 171.0 48.0 24.0 122.0 16.0 42.0 20.0 48.0 23.0 15.0 8.0 14.0 21.0 24.0 9.0 22.0 13.0 15.0 15.0 13.0 27.0 19.0 12.0 16.0 13.0 24.0 15.0 25.0 16.0 20.0 8.0 19.0 13.0 13.0 16.0 20.0 15.0 9.0 36.0 15.0 13.0 19.0 8.0 11.0 12.0 12.0 9.0 9.0 15.0 8.0 8.0 8.0
7 8 1 TRACE 22.0 10.0 12.0 15.0 18.0 17.0 17.0 18.0 14.0 26.0 16.0 14.0 17.0 16.0 18.0 15.0 15.0 8.0 19.0 9.0 11.0 9.0 8.0 19.0 24.0 8.0 16.0 19.0 12.0 20.0 9.0 19.0 15.0 19.0 13.0 17.0 12.0 8.0 20.0 19.0 12.0 8.0 13.0 9.0 12.0 8.0 80.0 19.0 15.0 24.0 8.0 11.0 11.0 9.0 8.0 20.0 13.0 9.0 19.0 9.0 18.0 8.0 13.0 8.0
8 9 1 TRACE 22.0 12.0 11.0 24.0 20.0 18.0 16.0 16.0 17.0 12.0 17.0 10.0 15.0 17.0 17.0 16.0 15.0 8.0 53.0 9.0 26.0 12.0 8.0 35.0 12.0 9.0 16.0 7.0 12.0 7.0 8.0 8.0 15.0 9.0 14.0 17.0 12.0 7.0 7.0 8.0 11.0 8.0 15.0 19.0 12.0 8.0 9.0 44.0 15.0 13.0 46.0 7.0 11.0 8.0 47.0 18.0 12.0 8.0 8.0 15.0 18.0 10.0 7.0 8.0
9 10 1 TRACE 82.0 59.0 80.0 43.0 44.0 64.0 33.0 97.0 80.0 93.0 77.0 41.0 73.0 76.0 65.0 65.0 36.0 40.0 120.0 63.0 105.0 28.0 73.0 75.0 74.0 79.0 37.0 26.0 67.0 61.0 91.0 52.0 37.0 62.0 77.0 46.0 67.0 85.0 31.0 43.0 53.0 96.0 61.0 75.0 27.0 29.0 45.0 33.0 32.0 35.0 74.0 59.0 70.0 68.0 57.0 95.0 97.0 80.0 127.0 168.0 58.0 61.0 46.0 31.0
10 11 1 TRACE 22.0 36.0 23.0 17.0 24.0 18.0 69.0 16.0 25.0 16.0 17.0 28.0 16.0 29.0 17.0 21.0 17.0 23.0 34.0 40.0 26.0 16.0 17.0 31.0 17.0 17.0 31.0 17.0 17.0 17.0 19.0 18.0 17.0 16.0 17.0 19.0 25.0 19.0 16.0 16.0 16.0 16.0 20.0 18.0 17.0 19.0 471.0 21.0 16.0 19.0 37.0 28.0 50.0 16.0 18.0 20.0 16.0 38.0 27.0 19.0 18.0 16.0 16.0 70.0
11 12 1 TRACE 59.0 17.0 31.0 31.0 17.0 17.0 15.0 58.0 16.0 45.0 25.0 16.0 59.0 931.0 19.0 26.0 18.0 17.0 31.0 55.0 43.0 20.0 19.0 16.0 19.0 19.0 15.0 26.0 22.0 19.0 51.0 52.0 22.0 27.0 26.0 15.0 17.0 49.0 16.0 32.0 26.0 47.0 18.0 17.0 744.0 18.0 266.0 23.0 32.0 17.0 15.0 16.0 15.0 18.0 22.0 33.0 46.0 16.0 39.0 31.0 27.0 20.0 20.0 17.0
12 13 1 TRACE 22.0 25.0 19.0 19.0 28.0 200.0 17.0 17.0 16.0 16.0 16.0 28.0 16.0 24.0 15.0 15.0 20.0 18.0 16.0 17.0 16.0 15.0 15.0 17.0 51.0 21.0 17.0 26.0 15.0 17.0 64.0 55.0 22.0 29.0 31.0 16.0 38.0 21.0 17.0 19.0 17.0 54.0 54.0 18.0 2740.0 24.0 41.0 16.0 32.0 20.0 43.0 18.0 49.0 17.0 16.0 21.0 22.0 18.0 17.0 42.0 17.0 18.0 16.0 17.0
13 14 1 TRACE 19.0 9.0 9.0 9.0 9.0 8.0 9.0 9.0 8.0 9.0 9.0 9.0 8.0 8.0 8.0 8.0 8.0 9.0 9.0 9.0 9.0 9.0 8.0 9.0 8.0 9.0 8.0 9.0 9.0 9.0 9.0 8.0 9.0 8.0 9.0 9.0 9.0 9.0 9.0 9.0 9.0 9.0 9.0 9.0 9.0 9.0 8.0 9.0 9.0 9.0 9.0 9.0 9.0 9.0 9.0 9.0 8.0 9.0 9.0 9.0 10.0 9.0 9.0 9.0
14 15 1 TRACE 23.0 16.0 14.0 15.0 15.0 16.0 15.0 15.0 15.0 15.0 15.0 16.0 40.0 1230.0 15.0 15.0 14.0 15.0 15.0 33.0 15.0 15.0 15.0 14.0 14.0 14.0 15.0 15.0 15.0 15.0 15.0 14.0 15.0 14.0 15.0 14.0 15.0 14.0 15.0 14.0 14.0 14.0 14.0 15.0 14.0 28.0 15.0 38.0 15.0 15.0 15.0 15.0 14.0 15.0 15.0 15.0 15.0 15.0 15.0 16.0 15.0 15.0 25.0 37.0
15 16 1 TRACE 13.0 8.0 8.0 8.0 8.0 8.0 8.0 8.0 8.0 8.0 8.0 8.0 8.0 8.0 8.0 8.0 8.0 8.0 8.0 8.0 8.0 8.0 8.0 8.0 8.0 8.0 8.0 8.0 8.0 8.0 8.0 8.0 11.0 9.0 8.0 8.0 9.0 8.0 8.0 8.0 8.0 9.0 8.0 8.0 8.0 8.0 8.0 8.0 9.0 8.0 8.0 8.0 8.0 8.0 8.0 8.0 8.0 8.0 8.0 9.0 9.0 8.0 8.0 8.0
16 17 1 TRACE 63.0 70.0 40.0 46.0 53.0 249.0 29.0 46.0 87.0 43.0 43.0 38.0 30.0 281.0 36.0 50.0 34.0 88.0 126.0 267.0 37.0 38.0 30.0 93.0 50.0 33.0 57.0 90.0 44.0 68.0 53.0 103.0 47.0 67.0 65.0 31.0 31.0 45.0 54.0 29.0 38.0 68.0 49.0 34.0 1266.0 34.0 242.0 68.0 85.0 63.0 58.0 51.0 30.0 28.0 29.0 68.0 64.0 58.0 92.0 83.0 34.0 41.0 47.0 32.0
17 18 1 TRACE 21.0 20.0 17.0 34.0 17.0 814.0 58.0 17.0 16.0 20.0 19.0 18.0 18.0 25.0 17.0 16.0 17.0 21.0 16.0 45.0 17.0 17.0 19.0 20.0 18.0 18.0 18.0 22.0 17.0 18.0 19.0 31.0 17.0 18.0 17.0 18.0 18.0 19.0 34.0 25.0 22.0 22.0 18.0 18.0 18.0 31.0 97.0 47.0 18.0 22.0 20.0 42.0 23.0 21.0 18.0 24.0 19.0 19.0 26.0 25.0 18.0 17.0 19.0 18.0
18 19 1 TRACE 31.0 27.0 36.0 16.0 45.0 448.0 16.0 33.0 25.0 27.0 25.0 61.0 17.0 1820.0 20.0 35.0 24.0 19.0 141.0 27.0 24.0 24.0 55.0 50.0 25.0 21.0 15.0 19.0 16.0 38.0 47.0 35.0 41.0 50.0 54.0 18.0 16.0 15.0 16.0 16.0 35.0 15.0 17.0 16.0 194.0 15.0 445.0 16.0 47.0 20.0 24.0 17.0 17.0 16.0 17.0 30.0 48.0 19.0 30.0 38.0 22.0 20.0 28.0 17.0
19 20 1 TRACE 56.0 59.0 52.0 17.0 15.0 335.0 50.0 18.0 16.0 17.0 16.0 41.0 19.0 20.0 20.0 18.0 17.0 17.0 23.0 17.0 16.0 17.0 18.0 21.0 45.0 28.0 21.0 20.0 19.0 16.0 23.0 47.0 16.0 48.0 45.0 21.0 16.0 50.0 37.0 20.0 52.0 51.0 17.0 16.0 406.0 20.0 48.0 48.0 21.0 16.0 18.0 32.0 18.0 17.0 17.0 31.0 51.0 19.0 92.0 37.0 32.0 23.0 17.0 16.0
20 21 1 TRACE 19.0 15.0 15.0 14.0 15.0 15.0 15.0 15.0 14.0 14.0 14.0 15.0 14.0 15.0 15.0 15.0 15.0 14.0 15.0 15.0 15.0 21.0 15.0 14.0 15.0 14.0 14.0 15.0 14.0 14.0 14.0 15.0 16.0 14.0 14.0 15.0 15.0 14.0 15.0 15.0 15.0 15.0 15.0 15.0 16.0 16.0 15.0 15.0 15.0 14.0 15.0 15.0 15.0 14.0 14.0 15.0 15.0 15.0 15.0 15.0 16.0 16.0 14.0 15.0
21 22 1 TRACE 29.0 13.0 12.0 13.0 13.0 13.0 13.0 13.0 13.0 13.0 13.0 13.0 13.0 13.0 12.0 13.0 13.0 12.0 12.0 12.0 13.0 13.0 13.0 13.0 13.0 12.0 18.0 13.0 14.0 12.0 13.0 13.0 13.0 12.0 13.0 13.0 13.0 13.0 13.0 13.0 12.0 12.0 13.0 13.0 13.0 12.0 13.0 13.0 13.0 13.0 13.0 13.0 13.0 12.0 13.0 13.0 14.0 12.0 13.0 26.0 13.0 13.0 13.0 13.0
22 23 1 TRACE 49.0 90.0 78.0 35.0 43.0 45.0 36.0 36.0 40.0 57.0 37.0 64.0 62.0 1256.0 57.0 36.0 49.0 69.0 83.0 52.0 53.0 33.0 36.0 47.0 66.0 41.0 32.0 39.0 36.0 72.0 51.0 63.0 54.0 35.0 58.0 72.0 54.0 46.0 71.0 49.0 62.0 38.0 57.0 71.0 35.0 72.0 38.0 71.0 46.0 38.0 42.0 34.0 42.0 64.0 42.0 41.0 65.0 49.0 74.0 68.0 43.0 42.0 70.0 32.0
23 24 1 TRACE 58.0 65.0 173.0 54.0 47.0 66.0 63.0 26.0 50.0 46.0 34.0 67.0 62.0 721.0 31.0 40.0 41.0 26.0 69.0 25.0 26.0 57.0 26.0 59.0 57.0 31.0 56.0 62.0 27.0 64.0 47.0 64.0 27.0 27.0 27.0 62.0 60.0 53.0 89.0 33.0 28.0 34.0 54.0 66.0 377.0 26.0 83.0 59.0 55.0 61.0 61.0 39.0 41.0 57.0 69.0 41.0 88.0 62.0 103.0 69.0 39.0 26.0 28.0 46.0
24 25 1 TRACE 72.0 61.0 253.0 21.0 21.0 22.0 42.0 60.0 22.0 21.0 31.0 27.0 21.0 24.0 23.0 23.0 21.0 21.0 35.0 22.0 22.0 63.0 21.0 24.0 24.0 21.0 21.0 22.0 23.0 30.0 25.0 48.0 20.0 21.0 21.0 23.0 23.0 21.0 27.0 33.0 21.0 21.0 57.0 26.0 21.0 23.0 441.0 34.0 24.0 52.0 26.0 60.0 23.0 25.0 20.0 22.0 64.0 19.0 55.0 61.0 21.0 22.0 40.0 27.0
25 26 1 TRACE 23.0 9.0 9.0 9.0 9.0 9.0 10.0 11.0 9.0 9.0 9.0 9.0 9.0 9.0 9.0 10.0 10.0 9.0 10.0 10.0 9.0 9.0 10.0 10.0 9.0 9.0 10.0 10.0 12.0 9.0 9.0 9.0 10.0 9.0 9.0 9.0 9.0 10.0 9.0 10.0 10.0 10.0 9.0 9.0 9.0 10.0 9.0 9.0 9.0 9.0 10.0 9.0 9.0 10.0 9.0 9.0 9.0 10.0 9.0 10.0 9.0 9.0 9.0 9.0 9.0 9.0 10.0 9.0 9.0 9.0 9.0 9.0 9.0 9.0 9.0 10.0 9.0 9.0 9.0 9.0 9.0 9.0 9.0 10.0 9.0 9.0 10.0 9.0 11.0 9.0 10.0 9.0 9.0 9.0 9.0 9.0 9.0 9.0 9.0 10.0 10.0 9.0 9.0 9.0 9.0 10.0 9.0 10.0 10.0 10.0 10.0 10.0 10.0 9.0 9.0 9.0 10.0 10.0 9.0 10.0 10.0 10.0 10.0 9.0 9.0 9.0 10.0 9.0 10.0 9.0 12.0 10.0 9.0 9.0 10.0 9.0 9.0 9.0 10.0 10.0 10.0 10.0 10.0 10.0 10.0 9.0 9.0 9.0 9.0 9.0 9.0 9.0 9.0 9.0 9.0 9.0 10.0 9.0 9.0 10.0 9.0 10.0 9.0 9.0 10.0 9.0 9.0 9.0 9.0 9.0 9.0 9.0 9.0 10.0 9.0 10.0 9.0 10.0 9.0 9.0 10.0 9.0 9.0 9.0 9.0 9.0 10.0 10.0 9.0 10.0 11.0 10.0 11.0 23.0 11.0 11.0 11.0 10.0 10.0 9.0 9.0 9.0 9.0 9.0 9.0 9.0 9.0 9.0 9.0 9.0
26 27 1 TRACE 12.0 8.0 7.0 7.0 7.0 8.0 7.0 7.0 8.0 7.0 7.0 8.0 8.0 7.0 8.0 8.0 8.0 8.0 7.0 8.0 7.0 7.0 8.0 8.0 7.0 7.0 7.0 8.0 7.0 7.0 8.0 7.0 8.0 7.0 7.0 8.0 7.0 8.0 7.0 8.0 7.0 7.0 7.0 7.0 8.0 8.0 7.0 7.0 7.0 7.0 8.0 8.0 7.0 7.0 8.0 7.0 7.0 8.0 8.0 8.0 7.0 8.0 7.0 8.0 8.0 7.0 8.0 7.0 7.0 7.0 7.0 7.0 7.0 7.0 7.0 8.0 7.0 7.0 8.0 7.0 7.0 7.0 7.0 8.0 7.0 7.0 7.0 8.0 7.0 7.0 8.0 7.0 8.0 7.0 7.0 8.0 7.0 7.0 7.0 8.0 8.0 7.0 8.0 8.0 7.0 7.0 7.0 7.0 8.0 8.0 8.0 8.0 8.0 7.0 7.0 7.0 7.0 8.0 7.0 7.0 8.0 7.0 8.0 7.0 7.0 7.0 7.0 8.0 8.0 7.0 8.0 7.0 7.0 7.0 8.0 8.0 8.0 7.0 7.0 8.0 8.0 8.0 8.0 7.0 7.0 8.0 7.0 8.0 7.0 7.0 7.0 8.0 7.0 8.0 8.0 7.0 8.0 7.0 7.0 7.0 8.0 10.0 7.0 7.0 7.0 8.0 8.0 7.0 8.0 8.0 7.0 8.0 7.0 8.0 8.0 7.0 7.0 8.0 7.0 7.0 8.0 7.0 11.0 7.0 7.0 7.0 8.0 7.0 7.0 8.0 9.0 8.0 10.0 10.0 22.0 9.0 8.0 8.0 8.0 7.0 7.0 7.0 8.0 8.0 7.0 7.0 7.0 7.0 7.0 7.0
27 28 1 TRACE 11.0 7.0 8.0 8.0 8.0 7.0 7.0 7.0 7.0 8.0 8.0 7.0 8.0 8.0 7.0 7.0 8.0 7.0 8.0 7.0 7.0 8.0 7.0 7.0 8.0 7.0 7.0 7.0 8.0 7.0 7.0 7.0 7.0 7.0 8.0 7.0 7.0 7.0 7.0 7.0 7.0 7.0 8.0 8.0 7.0 7.0 7.0 8.0 7.0 8.0 7.0 7.0 7.0 7.0 7.0 7.0 7.0 7.0 7.0 8.0 7.0 7.0 8.0 7.0 7.0 8.0 8.0 8.0 8.0 7.0 7.0 8.0 8.0 7.0 8.0 7.0 7.0 7.0 7.0 8.0 7.0 8.0 7.0 7.0 8.0 8.0 7.0 7.0 7.0 8.0 7.0 8.0 7.0 7.0 8.0 7.0 7.0 7.0 7.0 7.0 7.0 7.0 7.0 7.0 8.0 7.0 8.0 7.0 7.0 7.0 7.0 7.0 7.0 7.0 7.0 7.0 10.0 7.0 8.0 7.0 7.0 7.0 7.0 7.0 7.0 7.0 8.0 7.0 7.0 8.0 7.0 7.0 7.0 7.0 8.0 7.0 7.0 8.0 8.0 7.0 7.0 7.0 7.0 7.0 7.0 7.0 7.0 7.0 8.0 8.0 8.0 7.0 7.0 7.0 7.0 8.0 7.0 8.0 8.0 7.0 7.0 8.0 7.0 7.0 7.0 7.0 7.0 8.0 7.0 7.0 8.0 7.0 8.0 7.0 7.0 7.0 8.0 7.0 8.0 8.0 7.0 8.0 8.0 8.0 8.0 7.0 7.0 7.0 8.0 7.0 9.0 8.0 13.0 10.0 9.0 8.0 8.0 8.0 8.0 8.0 8.0 8.0 7.0 7.0 7.0 7.0 8.0 8.0 7.0 7.0
28 29 1 TRACE 13.0 8.0 8.0 9.0 8.0 8.0 8.0 9.0 17.0 8.0 8.0 9.0 9.0 8.0 8.0 9.0 8.0 8.0 8.0 8.0 8.0 8.0 9.0 8.0 8.0 8.0 8.0 9.0 9.0 8.0 8.0 8.0 9.0 8.0 8.0 9.0 9.0 9.0 8.0 8.0 9.0 8.0 8.0 8.0 8.0 8.0 8.0 8.0 8.0 8.0 8.0 9.0 8.0 8.0 8.0 8.0 8.0 8.0 9.0 9.0 8.0 8.0 8.0 9.0 9.0 8.0 8.0 8.0 8.0 8.0 8.0 8.0 8.0 8.0 8.0 9.0 8.0 8.0 8.0 8.0 8.0 8.0 8.0 9.0 8.0 8.0 17.0 8.0 9.0 8.0 9.0 8.0 8.0 8.0 8.0 9.0 8.0 9.0 8.0 9.0 9.0 8.0 8.0 8.0 8.0 9.0 8.0 8.0 9.0 8.0 12.0 9.0 8.0 8.0 8.0 8.0 9.0 8.0 8.0 9.0 9.0 8.0 9.0 8.0 8.0 8.0 8.0 9.0 9.0 8.0 9.0 9.0 8.0 9.0 9.0 8.0 9.0 8.0 8.0 9.0 9.0 8.0 8.0 9.0 8.0 9.0 8.0 8.0 8.0 8.0 8.0 8.0 8.0 9.0 8.0 8.0 8.0 8.0 8.0 8.0 9.0 9.0 8.0 8.0 8.0 8.0 8.0 8.0 9.0 8.0 9.0 8.0 8.0 9.0 8.0 8.0 8.0 9.0 8.0 8.0 8.0 8.0 9.0 8.0 8.0 8.0 9.0 8.0 8.0 9.0 9.0 10.0 10.0 11.0 10.0 10.0 9.0 9.0 8.0 8.0 8.0 8.0 9.0 8.0 8.0 8.0 8.0 8.0 8.0 8.0
29 30 1 TRACE 44.0 84.0 48.0 30.0 43.0 33.0 55.0 40.0 37.0 56.0 50.0 64.0 41.0 87.0 28.0 53.0 41.0 30.0 103.0 52.0 34.0 34.0 32.0 38.0 51.0 32.0 34.0 30.0 20.0 71.0 31.0 29.0 71.0 104.0 42.0 54.0 33.0 73.0 37.0 33.0 53.0 32.0 28.0 1126.0 225.0 65.0 59.0 35.0 65.0 67.0 30.0 30.0 51.0 83.0 39.0 30.0 35.0 100.0 29.0 68.0 56.0 32.0 70.0 29.0 74.0 29.0 33.0 29.0 65.0 71.0 29.0 35.0 32.0 46.0 47.0 30.0 83.0 68.0 32.0 53.0 69.0 78.0 59.0 72.0 30.0 29.0 59.0 56.0 27.0 33.0 32.0 70.0 62.0 69.0 52.0 30.0 75.0 69.0 28.0 66.0 40.0 69.0 59.0 50.0 63.0 65.0 38.0 33.0 33.0 33.0 23.0 33.0 120.0 68.0 35.0 29.0 17.0 67.0 31.0 36.0 74.0 55.0 53.0 54.0 95.0 30.0 72.0 30.0 47.0 68.0 24.0 34.0 68.0 29.0 63.0 67.0 37.0 71.0 25.0 55.0 64.0 403.0 55.0 35.0 29.0 67.0 359.0 35.0 86.0 43.0 55.0 66.0 54.0 37.0 37.0 54.0 48.0 28.0 70.0 33.0 29.0 21.0 73.0 64.0 37.0 50.0 66.0 31.0 31.0 85.0 76.0 33.0 31.0 31.0 75.0 68.0 35.0 61.0 66.0 69.0 66.0 35.0 17.0 105.0 40.0 58.0 31.0 73.0 135.0 133.0 111.0 85.0 154.0 71.0 62.0 45.0 44.0 67.0 51.0 55.0 69.0 62.0 74.0 28.0 64.0 68.0 82.0 70.0 28.0 32.0
30 31 1 TRACE 21.0 8.0 17.0 8.0 8.0 23.0 16.0 9.0 8.0 17.0 16.0 8.0 16.0 16.0 8.0 16.0 15.0 8.0 17.0 18.0 8.0 8.0 17.0 8.0 8.0 17.0 16.0 8.0 8.0 16.0 8.0 8.0 17.0 52.0 16.0 16.0 42.0 9.0 16.0 16.0 9.0 17.0 15.0 8.0 57.0 171.0 17.0 9.0 16.0 16.0 8.0 24.0 15.0 8.0 16.0 16.0 8.0 8.0 16.0 16.0 8.0 8.0 16.0 9.0 8.0 16.0 8.0 9.0 16.0 16.0 8.0 17.0 16.0 8.0 9.0 21.0 51.0 8.0 9.0 9.0 8.0 17.0 16.0 16.0 9.0 8.0 21.0 8.0 8.0 8.0 16.0 9.0 16.0 34.0 8.0 17.0 8.0 16.0 8.0 8.0 8.0 16.0 57.0 16.0 8.0 16.0 8.0 9.0 8.0 17.0 16.0 17.0 8.0 16.0 8.0 17.0 9.0 8.0 8.0 15.0 8.0 8.0 9.0 8.0 16.0 8.0 16.0 17.0 9.0 8.0 15.0 15.0 9.0 16.0 15.0 9.0 16.0 16.0 8.0 16.0 8.0 9.0 8.0 16.0 8.0 16.0 206.0 9.0 8.0 8.0 8.0 16.0 16.0 9.0 8.0 15.0 16.0 16.0 8.0 8.0 16.0 8.0 8.0 17.0 9.0 15.0 15.0 8.0 8.0 16.0 15.0 16.0 8.0 16.0 9.0 16.0 15.0 8.0 9.0 16.0 8.0 9.0 15.0 16.0 9.0 8.0 16.0 8.0 8.0 9.0 19.0 31.0 9.0 10.0 18.0 26.0 9.0 17.0 8.0 9.0 8.0 29.0 8.0 8.0 8.0 16.0 17.0 9.0 8.0 16.0
31 32 1 TRACE 18.0 13.0 13.0 12.0 12.0 13.0 12.0 12.0 13.0 12.0 13.0 13.0 12.0 13.0 12.0 12.0 13.0 12.0 13.0 13.0 12.0 12.0 12.0 12.0 14.0 12.0 13.0 13.0 13.0 13.0 12.0 12.0 12.0 13.0 12.0 13.0 13.0 12.0 13.0 13.0 12.0 13.0 13.0 12.0 13.0 13.0 12.0 12.0 13.0 13.0 12.0 13.0 13.0 12.0 13.0 13.0 12.0 13.0 13.0 13.0 12.0 12.0 13.0 12.0 12.0 13.0 12.0 12.0 13.0 13.0 12.0 13.0 12.0 12.0 13.0 13.0 14.0 13.0 12.0 12.0 12.0 14.0 13.0 12.0 13.0 12.0 13.0 12.0 13.0 12.0 13.0 12.0 13.0 14.0 12.0 13.0 12.0 12.0 13.0 13.0 13.0 12.0 13.0 12.0 12.0 14.0 12.0 13.0 12.0 12.0 13.0 13.0 12.0 12.0 12.0 12.0 13.0 12.0 12.0 13.0 13.0 12.0 13.0 13.0 13.0 12.0 13.0 13.0 13.0 12.0 13.0 13.0 12.0 13.0 13.0 13.0 13.0 13.0 12.0 13.0 13.0 13.0 12.0 13.0 12.0 13.0 12.0 14.0 12.0 12.0 12.0 12.0 12.0 12.0 12.0 13.0 12.0 13.0 12.0 12.0 12.0 13.0 12.0 12.0 12.0 13.0 13.0 12.0 12.0 13.0 12.0 13.0 12.0 12.0 12.0 12.0 13.0 13.0 13.0 13.0 13.0 12.0 13.0 12.0 12.0 12.0 12.0 12.0 14.0 14.0 15.0 14.0 13.0 15.0 15.0 13.0 13.0 14.0 12.0 12.0 12.0 13.0 12.0 13.0 12.0 12.0 12.0 12.0 12.0 12.0
32 33 1 TRACE 21.0 15.0 15.0 22.0 15.0 16.0 16.0 16.0 31.0 16.0 17.0 56.0 15.0 15.0 15.0 15.0 16.0 17.0 15.0 39.0 16.0 15.0 17.0 16.0 15.0 16.0 15.0 16.0 16.0 91.0 16.0 16.0 15.0 82.0 15.0 16.0 44.0 17.0 16.0 22.0 17.0 16.0 15.0 719.0 16.0 271.0 21.0 18.0 17.0 16.0 17.0 15.0 16.0 25.0 16.0 15.0 49.0 15.0 16.0 15.0 21.0 21.0 16.0 16.0 51.0 15.0 18.0 16.0 64.0 16.0 23.0 16.0 15.0 16.0 21.0 15.0 18.0 15.0 18.0 87.0 16.0 16.0 15.0 15.0 21.0 16.0 15.0 16.0 16.0 17.0 15.0 16.0 15.0 28.0 16.0 16.0 15.0 15.0 15.0 36.0 17.0 16.0 63.0 15.0 15.0 15.0 15.0 16.0 15.0 15.0 15.0 91.0 193.0 16.0 15.0 16.0 15.0 15.0 15.0 16.0 56.0 15.0 16.0 53.0 15.0 15.0 15.0 21.0 19.0 18.0 15.0 16.0 17.0 19.0 24.0 54.0 15.0 15.0 15.0 15.0 15.0 15.0 15.0 15.0 16.0 25.0 17.0 15.0 15.0 15.0 16.0 15.0 16.0 21.0 15.0 52.0 16.0 16.0 17.0 15.0 16.0 38.0 56.0 17.0 16.0 16.0 15.0 20.0 15.0 15.0 16.0 16.0 15.0 50.0 53.0 16.0 16.0 16.0 57.0 16.0 19.0 16.0 16.0 16.0 20.0 16.0 16.0 16.0 34.0 32.0 46.0 42.0 62.0 18.0 27.0 16.0 17.0 16.0 16.0 16.0 15.0 16.0 17.0 16.0 51.0 15.0 16.0 17.0 17.0 15.0
33 34 1 TRACE 97.0 85.0 96.0 86.0 54.0 151.0 111.0 75.0 62.0 90.0 49.0 158.0 106.0 43.0 48.0 263.0 91.0 61.0 59.0 257.0 50.0 59.0 222.0 69.0 93.0 180.0 96.0 145.0 157.0 58.0 113.0 97.0 137.0 57.0 52.0 166.0 228.0 65.0 53.0 61.0 28.0 150.0 114.0 531.0 53.0 205.0 61.0 108.0 133.0 113.0 51.0 315.0 154.0 221.0 164.0 95.0 22.0 43.0 176.0 76.0 40.0 68.0 61.0 102.0 22.0 286.0 64.0 48.0 105.0 139.0 70.0 68.0 107.0 53.0 110.0 62.0 47.0 66.0 63.0 22.0 31.0 52.0 111.0 113.0 56.0 74.0 76.0 166.0 59.0 81.0 115.0 57.0 136.0 121.0 93.0 61.0 79.0 44.0 57.0 48.0 104.0 83.0 60.0 55.0 149.0 135.0 56.0 87.0 124.0 60.0 58.0 226.0 162.0 41.0 51.0 408.0 89.0 44.0 104.0 98.0 70.0 60.0 69.0 55.0 103.0 43.0 173.0 63.0 90.0 28.0 183.0 82.0 122.0 171.0 64.0 22.0 281.0 102.0 87.0 129.0 86.0 134.0 60.0 175.0 62.0 119.0 82.0 496.0 26.0 42.0 54.0 74.0 298.0 93.0 40.0 70.0 57.0 57.0 91.0 121.0 64.0 54.0 46.0 95.0 85.0 211.0 160.0 63.0 64.0 182.0 195.0 65.0 90.0 60.0 22.0 84.0 577.0 79.0 27.0 216.0 57.0 95.0 72.0 58.0 54.0 58.0 204.0 161.0 216.0 192.0 269.0 208.0 24.0 151.0 242.0 161.0 103.0 134.0 126.0 59.0 142.0 56.0 86.0 60.0 83.0 272.0 242.0 32.0 98.0 82.0
34 35 1 TRACE 27.0 702.0 66.0 28.0 47.0 58.0 53.0 19.0 53.0 70.0 16.0 54.0 50.0 22.0 48.0 82.0 60.0 48.0 56.0 52.0 18.0 48.0 60.0 55.0 52.0 52.0 49.0 19.0 49.0 61.0 18.0 48.0 59.0 55.0 52.0 56.0 51.0 50.0 50.0 76.0 48.0 59.0 68.0 61.0 52.0 66.0 60.0 49.0 68.0 50.0 49.0 82.0 50.0 45.0 58.0 55.0 18.0 46.0 325.0 50.0 16.0 48.0 54.0 18.0 50.0 59.0 50.0 46.0 55.0 53.0 45.0 56.0 54.0 17.0 97.0 49.0 16.0 48.0 19.0 18.0 47.0 49.0 52.0 51.0 21.0 52.0 83.0 28.0 19.0 83.0 51.0 49.0 58.0 53.0 47.0 48.0 49.0 19.0 49.0 31.0 56.0 49.0 67.0 17.0 54.0 50.0 18.0 47.0 82.0 49.0 102.0 66.0 18.0 16.0 53.0 64.0 50.0 21.0 54.0 120.0 18.0 68.0 20.0 52.0 52.0 46.0 55.0 50.0 19.0 54.0 80.0 51.0 56.0 56.0 51.0 136.0 58.0 49.0 57.0 94.0 19.0 19.0 51.0 52.0 48.0 109.0 56.0 19.0 52.0 18.0 52.0 96.0 112.0 24.0 45.0 53.0 50.0 18.0 83.0 57.0 51.0 21.0 51.0 54.0 49.0 59.0 51.0 27.0 49.0 65.0 49.0 27.0 91.0 51.0 50.0 52.0 198.0 18.0 50.0 66.0 66.0 50.0 53.0 52.0 18.0 49.0 58.0 51.0 41.0 137.0 77.0 55.0 32.0 66.0 64.0 52.0 47.0 52.0 17.0 17.0 51.0 62.0 18.0 19.0 67.0 82.0 48.0 23.0 107.0 73.0
35 36 1 TRACE 20.0 82.0 60.0 30.0 44.0 72.0 48.0 16.0 49.0 49.0 16.0 56.0 75.0 16.0 44.0 70.0 48.0 43.0 48.0 65.0 24.0 46.0 76.0 54.0 50.0 85.0 50.0 15.0 47.0 48.0 16.0 50.0 63.0 46.0 48.0 55.0 47.0 43.0 101.0 48.0 48.0 56.0 54.0 49.0 55.0 62.0 57.0 44.0 146.0 49.0 45.0 236.0 47.0 41.0 57.0 48.0 16.0 79.0 178.0 46.0 15.0 47.0 59.0 16.0 47.0 60.0 43.0 44.0 55.0 47.0 44.0 50.0 59.0 16.0 50.0 50.0 17.0 48.0 20.0 16.0 44.0 43.0 52.0 49.0 67.0 50.0 58.0 15.0 17.0 50.0 92.0 73.0 53.0 70.0 43.0 49.0 48.0 15.0 46.0 16.0 43.0 48.0 47.0 16.0 50.0 46.0 15.0 50.0 51.0 45.0 188.0 51.0 16.0 16.0 48.0 62.0 48.0 16.0 61.0 127.0 16.0 92.0 46.0 55.0 55.0 43.0 54.0 49.0 15.0 52.0 54.0 48.0 91.0 58.0 54.0 78.0 62.0 48.0 52.0 54.0 17.0 16.0 50.0 64.0 45.0 50.0 49.0 16.0 49.0 17.0 56.0 76.0 48.0 18.0 42.0 69.0 50.0 24.0 42.0 54.0 252.0 17.0 73.0 51.0 44.0 68.0 50.0 18.0 90.0 54.0 48.0 17.0 66.0 49.0 45.0 50.0 49.0 17.0 44.0 98.0 51.0 39.0 50.0 88.0 32.0 92.0 68.0 44.0 43.0 84.0 119.0 113.0 30.0 57.0 85.0 51.0 53.0 53.0 16.0 16.0 84.0 48.0 17.0 16.0 56.0 59.0 48.0 16.0 83.0 222.0
36 37 1 TRACE 749.0 84.0 48.0 45.0 51.0 125.0 30.0 91.0 94.0 82.0 105.0 90.0 62.0 88.0 69.0 133.0 75.0 62.0 81.0 52.0 99.0 132.0 186.0 52.0 54.0 109.0 58.0 137.0 82.0 60.0 62.0 83.0 113.0 58.0 57.0 250.0 37.0 39.0 130.0 169.0 57.0 105.0 29.0 831.0 41.0 183.0 30.0 103.0 954.0 452.0 81.0 794.0 35.0 337.0 3612.0 30.0 111.0 63.0 122.0 39.0 100.0 67.0 66.0 216.0 64.0 176.0 44.0 139.0 134.0 945.0 42.0 72.0 30.0 117.0 46.0 37.0 100.0 42.0 72.0 150.0 101.0 130.0 178.0 84.0 68.0 115.0 46.0 71.0 96.0 39.0 90.0 28.0 59.0 73.0 74.0 70.0 66.0 148.0 51.0 89.0 27.0 73.0 53.0 121.0 103.0 75.0 133.0 75.0 59.0 29.0 33.0 489.0 122.0 83.0 35.0 302.0 44.0 89.0 74.0 81.0 111.0 239.0 95.0 496.0 85.0 45.0 113.0 137.0 102.0 40.0 112.0 66.0 33.0 139.0 29.0 56.0 178.0 45.0 62.0 34.0 111.0 84.0 123.0 40.0 62.0 58.0 4792.0 999.0 233.0 101.0 47.0 254.0 57.0 95.0 92.0 94.0 30.0 97.0 28.0 66.0 42.0 122.0 84.0 163.0 137.0 113.0 50.0 74.0 706.0 177.0 60.0 74.0 42.0 44.0 60.0 73.0 233.0 93.0 83.0 194.0 30.0 76.0 143.0 31.0 193.0 65.0 199.0 60.0 111.0 126.0 197.0 135.0 223.0 297.0 164.0 101.0 48.0 110.0 76.0 144.0 98.0 59.0 114.0 91.0 97.0 186.0 82.0 123.0 707.0 38.0
37 38 1 TRACE 60.0 51.0 56.0 29.0 77.0 54.0 38.0 52.0 54.0 30.0 28.0 76.0 92.0 29.0 54.0 80.0 33.0 563.0 58.0 30.0 41.0 60.0 63.0 36.0 29.0 63.0 42.0 66.0 72.0 34.0 68.0 72.0 78.0 42.0 64.0 77.0 48.0 30.0 31.0 64.0 50.0 44.0 31.0 317.0 248.0 85.0 64.0 65.0 45.0 32.0 41.0 84.0 56.0 131.0 345.0 47.0 31.0 55.0 77.0 49.0 29.0 112.0 186.0 79.0 37.0 51.0 56.0 66.0 45.0 253.0 51.0 75.0 57.0 33.0 34.0 28.0 34.0 33.0 29.0 51.0 37.0 41.0 74.0 102.0 38.0 73.0 72.0 62.0 36.0 77.0 42.0 31.0 40.0 61.0 62.0 32.0 61.0 70.0 68.0 72.0 69.0 40.0 46.0 74.0 51.0 66.0 47.0 33.0 85.0 30.0 56.0 421.0 70.0 54.0 28.0 221.0 74.0 38.0 42.0 34.0 68.0 55.0 63.0 67.0 69.0 35.0 70.0 114.0 68.0 35.0 55.0 40.0 52.0 47.0 49.0 68.0 84.0 46.0 65.0 77.0 44.0 62.0 73.0 60.0 57.0 39.0 1368.0 31.0 57.0 70.0 34.0 41.0 29.0 66.0 31.0 53.0 30.0 60.0 38.0 71.0 39.0 64.0 71.0 65.0 62.0 79.0 65.0 28.0 107.0 80.0 47.0 65.0 75.0 35.0 69.0 47.0 73.0 49.0 68.0 56.0 31.0 30.0 65.0 52.0 72.0 73.0 88.0 29.0 107.0 151.0 145.0 71.0 71.0 72.0 73.0 63.0 76.0 68.0 80.0 61.0 61.0 86.0 65.0 59.0 69.0 80.0 66.0 30.0 77.0 41.0
38 39 1 TRACE 41.0 29.0 45.0 44.0 31.0 33.0 30.0 37.0 35.0 47.0 76.0 44.0 70.0 32.0 38.0 32.0 74.0 452.0 49.0 30.0 32.0 44.0 46.0 25.0 53.0 56.0 25.0 42.0 32.0 46.0 45.0 66.0 63.0 32.0 64.0 67.0 31.0 25.0 63.0 29.0 70.0 33.0 65.0 180.0 100.0 78.0 64.0 66.0 45.0 30.0 66.0 65.0 28.0 64.0 316.0 33.0 186.0 51.0 33.0 65.0 25.0 61.0 49.0 45.0 66.0 43.0 71.0 73.0 45.0 65.0 63.0 70.0 36.0 25.0 32.0 86.0 25.0 38.0 62.0 25.0 30.0 67.0 37.0 68.0 32.0 59.0 84.0 58.0 42.0 72.0 28.0 31.0 27.0 30.0 37.0 32.0 50.0 61.0 46.0 24.0 65.0 63.0 29.0 77.0 70.0 65.0 27.0 72.0 63.0 26.0 73.0 418.0 87.0 39.0 34.0 45.0 74.0 25.0 30.0 25.0 81.0 57.0 57.0 37.0 65.0 63.0 64.0 160.0 67.0 27.0 62.0 78.0 37.0 36.0 39.0 37.0 63.0 40.0 45.0 62.0 68.0 61.0 63.0 30.0 27.0 66.0 866.0 63.0 262.0 66.0 38.0 32.0 31.0 62.0 25.0 62.0 64.0 68.0 24.0 38.0 51.0 68.0 60.0 62.0 55.0 59.0 64.0 37.0 120.0 33.0 64.0 41.0 67.0 40.0 34.0 26.0 100.0 29.0 33.0 32.0 34.0 53.0 66.0 38.0 61.0 39.0 48.0 34.0 143.0 147.0 34.0 79.0 90.0 93.0 53.0 39.0 46.0 66.0 61.0 35.0 62.0 69.0 63.0 43.0 62.0 62.0 58.0 32.0 67.0 24.0
39 25 1 TRACE 17.0 17.0 16.0 18.0 23.0 43.0 27.0 470.0 17.0 17.0 16.0 17.0 21.0 15.0 19.0 17.0 18.0 17.0 16.0 19.0 21.0 22.0 164.0 20.0 16.0 86.0 27.0 19.0 23.0 16.0 16.0 16.0 21.0 35.0 25.0 54.0 18.0 17.0 25.0 16.0 24.0 21.0 16.0 18.0 17.0 18.0 16.0 23.0 19.0 16.0 100.0 18.0 43.0 18.0 18.0 19.0 20.0 18.0 18.0 52.0 17.0 16.0 30.0 15.0 19.0 16.0 23.0 17.0 25.0 17.0 15.0 19.0 19.0 17.0 57.0 29.0 30.0 32.0 20.0 15.0 15.0 54.0 20.0 44.0
39 40 1 TRACE 34.0 41.0 57.0 37.0 76.0 30.0 36.0 37.0 33.0 45.0 66.0 60.0 28.0 40.0 37.0 64.0 307.0 44.0 65.0 42.0 29.0 58.0 69.0 32.0 53.0 43.0 63.0 67.0 42.0 37.0 28.0 52.0 65.0 66.0 69.0 54.0 43.0 46.0 65.0 79.0 68.0 30.0 29.0 62.0 64.0 70.0 47.0 63.0 56.0 44.0 51.0 65.0 60.0 64.0 64.0 64.0 33.0 63.0 111.0 69.0 84.0 64.0 51.0 76.0
39 51 1 TRACE 59.0 27.0 30.0 68.0 70.0 50.0 35.0 29.0 68.0 29.0 67.0 31.0 38.0 30.0 65.0 66.0 62.0 48.0 30.0 31.0 62.0 46.0 65.0 63.0 65.0 29.0 33.0 44.0 42.0 29.0 35.0 64.0 65.0 68.0 63.0 27.0 71.0 67.0 57.0 42.0 34.0 51.0 66.0 762.0 64.0 52.0 33.0 31.0 64.0 64.0 67.0 37.0 51.0 28.0 64.0 29.0 61.0 67.0 38.0 64.0 60.0 66.0
40 41 1 TRACE 35.0 29.0 20.0 27.0 32.0 19.0 37.0 31.0 22.0 31.0 32.0 20.0 29.0 38.0 29.0 40.0 30.0 30.0 22.0 39.0 27.0 20.0 20.0 20.0 19.0 21.0 19.0 22.0 28.0 19.0 19.0 21.0 28.0 19.0 19.0 39.0 20.0 19.0 19.0 19.0 22.0 36.0 39.0 20.0 20.0 20.0 19.0 24.0 26.0 23.0 22.0 31.0 36.0 21.0 22.0 38.0 24.0 38.0 34.0 34.0 19.0 19.0 37.0 20.0
41 42 1 TRACE 18.0 13.0 13.0 13.0 12.0 12.0 13.0 13.0 12.0 14.0 13.0 13.0 14.0 13.0 12.0 13.0 14.0 12.0 14.0 13.0 13.0 13.0 12.0 12.0 13.0 13.0 13.0 13.0 12.0 20.0 13.0 12.0 12.0 12.0 13.0 12.0 14.0 12.0 12.0 13.0 13.0 12.0 15.0 14.0 13.0 13.0 13.0 13.0 13.0 13.0 12.0 13.0 12.0 13.0 13.0 12.0 12.0 14.0 13.0 13.0 13.0 12.0 13.0 13.0 12.0 14.0 13.0 12.0 12.0 13.0 12.0 12.0 12.0 12.0 12.0 12.0 12.0 13.0 12.0 12.0 13.0 12.0 12.0 13.0 12.0 12.0 13.0 12.0 12.0 13.0 12.0 12.0 12.0 12.0 13.0 13.0 12.0 13.0 16.0 13.0 13.0 13.0 12.0 13.0 12.0 13.0 12.0 13.0 12.0 12.0 14.0 12.0 13.0 13.0 12.0 12.0 12.0 15.0 12.0 12.0 13.0 12.0 12.0 13.0 12.0 12.0 13.0 12.0 12.0 13.0 12.0 13.0 13.0 12.0 13.0 13.0 12.0 12.0 13.0 13.0 13.0 12.0 14.0 12.0 13.0 12.0 13.0 12.0 11.0 14.0 13.0 12.0 13.0 12.0 12.0 13.0 12.0 12.0 13.0 13.0 13.0 13.0 13.0 12.0 13.0 13.0 13.0 13.0 15.0 13.0 13.0 13.0 13.0 14.0 12.0 12.0 13.0 12.0 12.0 14.0 12.0 12.0 16.0 13.0 13.0 17.0 14.0 13.0 13.0 13.0 13.0 12.0 13.0 12.0 12.0 13.0 12.0 12.0 13.0 12.0 12.0
42 43 1 TRACE 17.0 12.0 11.0 11.0 12.0 12.0 12.0 11.0 12.0 13.0 12.0 12.0 13.0 12.0 12.0 12.0 12.0 12.0 12.0 12.0 11.0 12.0 12.0 12.0 12.0 12.0 12.0 12.0 12.0 12.0 12.0 12.0 12.0 11.0 11.0 12.0 12.0 12.0 11.0 14.0 12.0 12.0 12.0 13.0 12.0 12.0 12.0 11.0 12.0 13.0 12.0 12.0 12.0 11.0 12.0 12.0 11.0 12.0 12.0 12.0 12.0 11.0 12.0 12.0 12.0 12.0 12.0 12.0 12.0 12.0 12.0 12.0 12.0 17.0 12.0 11.0 12.0 12.0 12.0 12.0 12.0 12.0 12.0 13.0 12.0 11.0 12.0 13.0 12.0 12.0 12.0 12.0 12.0 12.0 11.0 11.0 12.0 12.0 12.0 12.0 13.0 12.0 12.0 12.0 12.0 12.0 12.0 12.0 12.0 12.0 12.0 11.0 12.0 12.0 12.0 11.0 12.0 12.0 12.0 12.0 12.0 12.0 16.0 12.0 12.0 11.0 12.0 12.0 11.0 13.0 13.0 11.0 12.0 12.0 12.0 12.0 12.0 12.0 12.0 12.0 11.0 12.0 12.0 12.0 12.0 12.0 12.0 11.0 12.0 12.0 12.0 11.0 12.0 12.0 12.0 12.0 12.0 12.0 12.0 12.0 12.0 12.0 11.0 12.0 13.0 12.0 12.0 12.0 12.0 12.0 12.0 12.0 12.0 12.0 12.0 12.0 12.0 12.0 12.0 12.0 12.0 11.0 15.0 12.0 12.0 13.0 13.0 13.0 12.0 13.0 12.0 12.0 12.0 12.0 12.0 12.0 12.0 11.0 12.0 12.0 16.0
43 44 1 TRACE 12.0 8.0 8.0 8.0 8.0 8.0 8.0 8.0 7.0 8.0 8.0 8.0 8.0 9.0 8.0 8.0 8.0 7.0 8.0 8.0 8.0 8.0 8.0 8.0 8.0 8.0 8.0 8.0 8.0 8.0 8.0 8.0 9.0 8.0 8.0 8.0 9.0 8.0 8.0 9.0 8.0 8.0 8.0 8.0 8.0 8.0 10.0 8.0 8.0 8.0 8.0 8.0 9.0 8.0 8.0 8.0 8.0 9.0 8.0 8.0 8.0 9.0 8.0 8.0 8.0 9.0 8.0 8.0 8.0 8.0 8.0 8.0 8.0 9.0 8.0 8.0 8.0 8.0 8.0 8.0 8.0 8.0 7.0 8.0 8.0 8.0 8.0 8.0 8.0 8.0 8.0 7.0 8.0 8.0 8.0 8.0 8.0 8.0 8.0 8.0 8.0 8.0 8.0 8.0 8.0 8.0 7.0 8.0 8.0 8.0 8.0 8.0 8.0 8.0 7.0 17.0 8.0 8.0 8.0 8.0 8.0 8.0 9.0 8.0 8.0 8.0 8.0 8.0 8.0 8.0 8.0 7.0 8.0 8.0 8.0 8.0 8.0 8.0 7.0 8.0 8.0 8.0 8.0 8.0 8.0 8.0 8.0 8.0 8.0 8.0 8.0 8.0 8.0 8.0 8.0 8.0 8.0 8.0 8.0 8.0 8.0 8.0 8.0 8.0 8.0 8.0 8.0 8.0 8.0 8.0 8.0 8.0 10.0 8.0 8.0 8.0 8.0 8.0 7.0 8.0 8.0 8.0 10.0 8.0 8.0 10.0 9.0 9.0 9.0 8.0 8.0 8.0 8.0 8.0 8.0 8.0 8.0 8.0 8.0 8.0 9.0
44 45 1 TRACE 44.0 54.0 27.0 24.0 113.0 46.0 48.0 55.0 28.0 49.0 31.0 20.0 59.0 21.0 26.0 41.0 43.0 24.0 48.0 60.0 33.0 38.0 49.0 62.0 47.0 55.0 33.0 66.0 26.0 21.0 70.0 30.0 31.0 32.0 68.0 62.0 30.0 30.0 69.0 68.0 42.0 23.0 22.0 23.0 126.0 87.0 20.0 68.0 27.0 66.0 25.0 24.0 29.0 26.0 56.0 41.0 25.0 58.0 22.0 38.0 59.0 29.0 62.0 25.0 67.0 44.0 63.0 23.0 28.0 22.0 23.0 24.0 40.0 20.0 23.0 27.0 60.0 58.0 25.0 59.0 63.0 31.0 28.0 32.0 59.0 22.0 54.0 24.0 57.0 24.0 24.0 29.0 103.0 25.0 28.0 22.0 76.0 25.0 26.0 56.0 57.0 59.0 21.0 23.0 67.0 63.0 24.0 63.0 215.0 35.0 41.0 38.0 32.0 30.0 23.0 57.0 29.0 27.0 60.0 60.0 61.0 22.0 17.0 34.0 22.0 37.0 29.0 174.0 26.0 21.0 49.0 21.0 25.0 32.0 37.0 23.0 66.0 31.0 20.0 29.0 98.0 37.0 23.0 51.0 49.0 37.0 23.0 98.0 23.0 27.0 21.0 98.0 32.0 22.0 88.0 30.0 21.0 26.0 23.0 21.0 27.0 67.0 66.0 30.0 20.0 21.0 63.0 27.0 20.0 31.0 43.0 64.0 21.0 56.0 24.0 26.0 27.0 25.0 35.0 61.0 62.0 40.0 183.0 164.0 76.0 74.0 32.0 66.0 23.0 35.0 47.0 67.0 24.0 132.0 25.0 30.0 58.0 156.0 39.0 22.0 70.0
45 46 1 TRACE 20.0 957.0 16.0 16.0 75.0 15.0 16.0 16.0 16.0 16.0 15.0 15.0 17.0 16.0 16.0 15.0 15.0 16.0 16.0 20.0 23.0 17.0 15.0 15.0 17.0 15.0 17.0 17.0 16.0 34.0 25.0 16.0 15.0 16.0 16.0 15.0 16.0 15.0 16.0 16.0 16.0 14.0 16.0 16.0 28.0 16.0 15.0 16.0 350.0 60.0 15.0 17.0 16.0 16.0 16.0 16.0 15.0 15.0 15.0 15.0 17.0 16.0 20.0 16.0 15.0 17.0 17.0 15.0 17.0 15.0 15.0 15.0 15.0 16.0 15.0 17.0 17.0 19.0 20.0 15.0 15.0 17.0 15.0 17.0 18.0 15.0 16.0 16.0 15.0 16.0 16.0 16.0 19.0 16.0 16.0 15.0 51.0 15.0 15.0 26.0 15.0 17.0 15.0 16.0 51.0 16.0 16.0 15.0 450.0 88.0 15.0 16.0 16.0 17.0 16.0 19.0 17.0 16.0 22.0 24.0 15.0 16.0 15.0 15.0 15.0 18.0 16.0 103.0 18.0 20.0 16.0 15.0 16.0 16.0 15.0 16.0 15.0 15.0 16.0 15.0 16.0 15.0 18.0 22.0 52.0 17.0 16.0 16.0 16.0 16.0 17.0 16.0 17.0 19.0 41.0 15.0 16.0 16.0 15.0 15.0 16.0 17.0 18.0 15.0 16.0 15.0 15.0 17.0 16.0 16.0 16.0 16.0 15.0 16.0 16.0 16.0 17.0 16.0 15.0 15.0 16.0 16.0 79.0 51.0 19.0 29.0 27.0 17.0 17.0 21.0 16.0 16.0 17.0 37.0 15.0 17.0 16.0 19.0 17.0 15.0 17.0
46 47 1 TRACE 98.0 3404.0 29.0 60.0 31.0 30.0 75.0 35.0 29.0 58.0 43.0 31.0 57.0 31.0 32.0 76.0 52.0 29.0 54.0 31.0 30.0 55.0 31.0 30.0 87.0 33.0 29.0 59.0 31.0 30.0 56.0 72.0 30.0 77.0 37.0 36.0 60.0 31.0 30.0 51.0 30.0 67.0 62.0 44.0 149.0 50.0 31.0 36.0 56.0 31.0 33.0 58.0 98.0 31.0 67.0 35.0 138.0 50.0 32.0 86.0 62.0 137.0 30.0 145.0 37.0 30.0 77.0 103.0 30.0 75.0 45.0 109.0 36.0 77.0 40.0 32.0 30.0 71.0 35.0 31.0 109.0 36.0 43.0 164.0 36.0 34.0 59.0 75.0 31.0 111.0 42.0 31.0 29.0 74.0 52.0 66.0 30.0 76.0 35.0 30.0 60.0 32.0 33.0 76.0 40.0 30.0 30.0 77.0 126.0 35.0 61.0 31.0 31.0 77.0 77.0 33.0 77.0 38.0 60.0 53.0 80.0 38.0 137.0 77.0 81.0 31.0 106.0 32.0 33.0 55.0 89.0 63.0 50.0 43.0 90.0 77.0 38.0 30.0 168.0 101.0 43.0 30.0 124.0 37.0 30.0 76.0 74.0 29.0 38.0 91.0 101.0 30.0 59.0 83.0 49.0 105.0 34.0 32.0 75.0 37.0 38.0 55.0 30.0 32.0 94.0 33.0 31.0 77.0 40.0 52.0 66.0 60.0 252.0 51.0 38.0 61.0 96.0 35.0 30.0 53.0 30.0 30.0 60.0 34.0 72.0 63.0 34.0 38.0 185.0 41.0 30.0 30.0 147.0 37.0 106.0 67.0 107.0 133.0 73.0 62.0 30.0
47 48 1 TRACE 13.0 10.0 10.0 20.0 10.0 10.0 11.0 10.0 10.0 11.0 10.0 10.0 9.0 10.0 9.0 10.0 8.0 9.0 10.0 11.0 10.0 10.0 9.0 10.0 8.0 33.0 10.0 10.0 54.0 9.0 10.0 10.0 8.0 14.0 10.0 14.0 9.0 32.0 9.0 28.0 8.0 10.0 10.0 9.0 10.0 9.0 10.0 24.0 8.0 10.0 21.0 10.0 9.0 11.0 10.0 10.0 8.0 9.0 10.0 10.0 10.0 10.0 10.0 10.0 8.0 10.0 10.0 10.0 10.0 9.0 14.0 12.0 8.0 9.0 11.0 21.0 24.0 10.0 10.0 10.0 8.0 10.0 10.0 10.0 9.0 10.0 10.0 11.0 8.0 17.0 10.0 10.0 10.0 10.0 10.0 10.0 8.0 10.0 11.0 9.0 10.0 14.0 10.0 10.0 8.0 10.0 10.0 9.0 10.0 10.0 10.0 9.0 8.0 9.0 32.0 10.0 10.0 10.0 10.0 10.0 8.0 45.0 15.0 10.0 40.0 10.0 10.0 10.0 8.0 10.0 23.0 9.0 10.0 10.0 9.0 10.0 8.0 10.0 10.0 9.0 9.0 9.0 9.0 9.0 8.0 9.0 63.0 10.0 9.0 10.0 10.0 10.0 8.0 44.0 12.0 10.0 9.0 10.0 10.0 10.0 8.0 16.0 9.0 42.0 10.0 10.0 9.0 10.0 8.0 9.0 13.0 10.0 34.0 10.0 10.0 10.0 8.0 15.0 11.0 9.0 9.0 9.0 9.0 10.0 8.0 10.0 10.0 9.0 9.0 29.0 10.0 11.0 8.0 9.0 10.0 10.0 10.0 9.0 10.0 10.0 8.0 34.0 9.0 9.0 9.0 9.0 10.0 10.0 8.0 25.0 11.0 9.0 10.0 9.0 10.0 9.0 8.0 10.0 17.0 10.0 41.0 10.0 10.0 10.0 8.0 9.0 9.0 10.0 9.0 9.0 10.0 10.0 8.0 10.0 10.0 10.0 10.0 10.0 9.0 10.0 8.0 10.0 10.0 10.0 11.0 10.0 36.0 10.0 8.0 10.0 9.0 9.0 10.0 10.0 10.0 10.0 8.0 10.0 10.0 10.0 11.0 10.0 16.0 10.0 8.0 9.0 20.0 9.0 17.0 25.0 9.0 10.0 7.0 10.0 10.0 10.0 9.0 10.0 10.0 10.0 8.0 10.0 9.0 9.0 9.0 10.0 18.0 11.0 8.0 10.0 10.0 11.0 10.0 10.0 10.0 10.0 8.0 9.0 10.0 10.0 11.0 10.0 10.0 10.0 8.0 10.0 9.0 10.0 10.0 9.0 10.0 10.0 8.0 10.0 11.0 10.0 10.0 10.0 9.0 10.0 7.0 9.0 23.0 10.0 9.0 10.0 10.0 10.0 8.0 37.0 10.0 10.0 19.0 10.0 10.0 10.0 8.0 42.0 10.0 10.0 10.0 10.0 10.0 39.0 8.0 9.0 9.0 10.0 10.0 10.0 9.0 10.0 8.0 189.0 10.0 10.0 9.0 10.0 10.0 9.0 8.0 9.0 14.0 20.0 10.0 10.0 9.0 11.0 8.0 10.0 10.0 40.0 10.0 9.0 10.0 10.0 8.0 10.0 9.0 9.0 9.0 9.0 9.0 10.0 8.0 875.0 11.0 10.0 10.0 10.0 10.0 10.0 8.0 9.0 10.0 23.0 10.0 10.0 10.0 10.0 8.0 9.0 10.0 10.0 10.0 10.0 43.0 45.0 8.0 10.0 11.0 10.0 9.0 10.0 39.0 11.0 8.0 9.0 9.0 9.0 9.0 10.0 9.0 10.0 8.0 10.0 10.0 12.0 10.0 10.0 10.0 10.0 8.0 26.0 10.0 20.0 9.0 10.0 10.0 10.0 8.0 12.0 9.0 9.0 10.0 10.0 10.0 10.0 8.0 10.0 10.0 9.0 9.0 9.0 9.0 10.0 8.0 11.0 11.0 10.0 10.0 10.0 9.0 10.0 8.0 9.0 10.0 9.0 10.0 10.0 9.0 10.0 8.0 17.0 11.0 18.0 9.0 9.0 9.0 10.0 8.0 9.0 17.0 10.0 25.0 9.0 16.0 10.0 8.0 50.0 35.0 31.0 10.0 10.0 10.0 10.0 8.0 10.0 9.0 18.0 10.0 9.0 10.0 9.0 8.0 9.0 10.0 13.0 9.0 9.0 10.0 10.0 8.0 9.0 9.0 10.0 15.0 37.0 9.0 10.0 7.0 9.0 10.0 9.0 44.0 10.0 10.0 10.0 8.0 10.0 10.0 10.0 10.0 9.0 10.0 10.0 8.0 10.0 11.0 10.0 10.0 10.0 9.0 10.0 8.0 10.0 9.0 9.0 9.0 10.0 33.0 10.0 8.0 10.0 10.0 41.0 47.0 11.0 10.0 11.0 8.0 10.0 10.0 10.0 10.0 10.0 9.0 10.0 8.0 10.0 9.0 9.0 10.0 10.0 21.0 10.0 8.0 9.0 10.0 9.0 11.0 9.0 9.0 10.0 8.0 10.0 57.0 10.0 43.0 9.0 45.0 37.0 8.0 9.0 10.0 10.0 10.0 11.0 9.0 10.0 8.0 23.0 10.0 10.0 9.0 10.0 10.0 9.0 8.0 10.0 10.0 10.0 9.0 9.0 9.0 9.0 8.0 9.0 9.0 9.0 10.0 10.0 14.0 12.0 8.0 9.0 10.0 9.0 10.0 10.0 10.0 10.0 7.0 10.0 9.0 10.0 10.0 9.0 9.0 11.0 7.0 10.0 11.0 12.0 9.0 9.0 9.0 11.0 7.0 12.0 25.0 10.0 10.0 16.0 9.0 10.0 8.0 9.0 10.0 10.0 10.0 10.0 9.0 10.0 8.0 10.0 10.0 10.0 10.0 9.0 22.0 12.0 8.0 9.0 10.0 10.0 9.0 10.0 9.0 10.0 8.0 10.0 18.0 9.0 9.0 9.0 10.0 9.0 8.0 23.0 10.0 10.0 10.0 9.0 10.0 10.0 8.0 19.0 20.0 10.0 10.0 9.0 9.0 10.0 8.0 9.0 10.0 10.0 10.0 10.0 10.0 10.0 8.0 10.0 16.0 10.0 11.0 9.0 10.0 10.0 7.0 14.0 49.0 10.0 9.0 9.0 35.0 10.0 8.0 63.0 9.0 10.0 10.0 10.0 9.0 10.0 8.0 9.0 10.0 10.0 10.0 9.0 9.0 9.0 8.0 50.0 10.0 10.0 10.0 11.0 9.0 10.0 8.0 9.0 31.0 10.0 10.0 10.0 10.0 12.0 8.0 38.0 10.0 10.0 9.0 9.0 10.0 10.0 8.0 9.0 9.0 10.0 10.0 10.0 10.0 9.0 8.0 26.0 11.0 9.0 23.0 9.0 13.0 11.0 8.0 11.0 9.0 10.0 10.0 10.0 10.0 11.0 7.0 49.0 73.0 11.0 10.0 9.0 11.0 11.0 8.0 10.0 9.0 13.0 10.0 9.0 10.0 10.0 8.0 18.0 27.0 10.0 9.0 9.0 10.0 10.0 9.0 10.0 10.0 10.0 10.0 10.0 9.0 10.0 8.0 21.0 9.0 11.0 10.0 23.0 11.0 10.0 8.0 10.0 10.0 10.0 10.0 9.0 10.0 11.0 8.0 36.0 10.0 9.0 9.0 9.0 10.0 10.0 7.0 20.0 18.0 10.0 9.0 9.0 9.0 11.0 8.0 48.0 11.0 9.0 30.0 10.0 10.0 10.0 8.0 594.0 10.0 10.0 9.0 10.0 9.0 10.0 8.0 687.0 10.0 9.0 10.0 10.0 10.0 10.0 8.0 9.0 10.0 10.0 10.0 10.0 10.0 10.0 8.0 10.0 36.0 11.0 9.0 10.0 9.0 10.0 7.0 9.0 16.0 10.0 9.0 9.0 9.0 10.0 8.0 10.0 10.0 43.0 16.0 10.0 40.0 15.0 8.0 10.0 9.0 10.0 10.0 10.0 10.0 10.0 8.0 24.0 10.0 9.0 9.0 13.0 10.0 9.0 8.0 10.0 10.0 9.0 17.0 10.0 9.0 10.0 8.0 9.0 10.0 10.0 9.0 10.0 10.0 10.0 8.0 10.0 17.0 10.0 10.0 9.0 10.0 9.0 8.0 10.0 10.0 10.0 9.0 10.0 10.0 10.0 8.0 10.0 10.0 10.0 9.0 10.0 10.0 11.0 7.0 27.0 9.0 10.0 9.0 9.0 10.0 13.0 8.0 10.0 10.0 9.0 9.0 10.0 11.0 11.0 8.0 9.0 10.0 10.0 10.0 9.0 10.0 11.0 8.0 9.0 10.0 10.0 10.0 9.0 9.0 10.0 7.0 10.0 10.0 9.0 9.0 10.0 10.0 10.0 8.0 49.0 10.0 9.0 10.0 10.0 29.0 10.0 8.0 35.0 10.0 10.0 9.0 10.0 10.0 11.0 8.0 10.0 10.0 10.0 9.0 9.0 9.0 9.0 8.0 10.0 12.0 10.0 10.0 10.0 9.0 10.0 8.0 10.0 13.0 10.0 11.0 9.0 9.0 10.0 8.0 46.0 10.0 10.0 10.0 9.0 9.0 10.0 8.0 37.0 10.0 16.0 10.0 22.0 10.0 11.0 8.0 10.0 9.0 9.0 10.0 9.0 12.0 11.0 8.0 10.0 9.0 10.0 37.0 35.0 9.0 9.0 7.0 13.0 13.0 10.0 10.0 9.0 9.0 17.0 8.0 31.0 10.0 10.0 10.0 10.0 9.0 10.0 8.0 9.0 9.0 10.0 10.0 10.0 9.0 10.0 8.0 10.0 9.0 10.0 10.0 10.0 9.0 10.0 8.0 10.0 10.0 9.0 10.0 10.0 9.0 10.0 8.0 10.0 9.0 10.0 10.0 9.0 9.0 10.0 8.0 10.0 17.0 10.0 10.0 10.0 10.0 10.0 8.0 10.0 10.0 10.0 10.0 10.0 10.0 43.0 8.0 9.0 10.0 10.0 10.0 10.0 9.0 10.0 8.0 9.0 10.0 18.0 10.0 9.0 9.0 11.0 8.0 10.0 13.0 10.0 9.0 16.0 10.0 9.0 8.0 10.0 24.0 25.0 35.0 9.0 9.0 10.0 8.0 12.0 11.0 10.0 9.0 9.0 9.0 10.0 8.0 11.0 10.0 10.0 10.0 10.0 11.0 12.0 8.0 10.0 11.0 10.0 10.0 10.0 10.0 11.0 8.0 10.0 9.0 10.0 10.0 9.0 10.0 10.0 9.0 47.0 10.0 10.0 9.0 9.0 10.0 9.0 8.0 10.0 11.0 10.0 10.0 10.0 10.0 11.0 8.0 10.0 10.0 10.0 10.0 10.0 9.0 10.0 8.0 9.0 10.0 10.0 12.0 12.0 13.0 10.0 8.0 10.0 10.0 10.0 10.0 10.0 10.0 10.0 8.0 18.0 11.0 10.0 10.0 9.0 10.0 10.0 8.0 19.0 10.0 9.0 10.0 10.0 9.0 10.0 8.0 9.0 24.0 9.0 41.0 9.0 10.0 10.0 8.0 9.0 11.0 10.0 9.0 10.0 9.0 11.0 8.0 38.0 10.0 9.0 10.0 9.0 10.0 10.0 8.0 9.0 9.0 10.0 9.0 10.0 9.0 11.0 8.0 9.0 9.0 9.0 9.0 10.0 10.0 10.0 8.0 9.0 9.0 9.0 10.0 9.0 10.0 10.0 8.0 9.0 10.0 10.0 10.0 9.0 10.0 10.0 8.0 18.0 9.0 14.0 9.0 9.0 11.0 10.0 8.0 10.0 9.0 10.0 9.0 10.0 10.0 10.0 8.0 18.0 10.0 10.0 10.0 10.0 9.0 11.0 7.0 10.0 10.0 10.0 9.0 9.0 10.0 11.0 8.0 9.0 24.0 45.0 19.0 9.0 10.0 11.0 8.0 10.0 17.0 17.0 9.0 9.0 10.0 10.0 8.0 9.0 10.0 10.0 10.0 20.0 9.0 10.0 8.0 9.0 9.0 9.0 9.0 10.0 9.0 10.0 8.0 10.0 21.0 10.0 21.0 10.0 10.0 10.0 8.0 10.0 10.0 9.0 10.0 9.0 10.0 10.0 8.0 9.0 14.0 10.0 10.0 9.0 9.0 10.0 8.0 10.0 10.0 9.0 9.0 10.0 56.0 22.0 8.0 9.0 10.0 9.0 9.0 10.0 9.0 10.0 7.0 58.0 10.0 10.0 10.0 9.0 10.0 10.0 8.0 9.0 10.0 10.0 10.0 9.0 10.0 11.0 8.0 11.0 9.0 9.0 10.0 9.0 12.0 9.0 8.0 42.0 10.0 10.0 10.0 10.0 10.0 10.0 8.0 36.0 11.0 14.0 12.0 13.0 15.0 28.0 8.0 27.0 49.0 12.0 20.0 12.0 22.0 26.0 9.0 10.0 10.0 16.0 11.0 12.0 12.0 11.0 9.0 11.0 13.0 11.0 11.0 11.0 11.0 11.0 9.0 10.0 11.0 20.0 11.0 22.0 48.0 12.0 8.0 10.0 11.0 10.0 11.0 11.0 10.0 11.0 8.0 10.0 10.0 11.0 10.0 10.0 10.0 11.0 9.0 40.0 10.0 11.0 14.0 34.0 10.0 10.0 8.0 11.0 10.0 9.0 10.0 10.0 9.0 10.0 8.0 12.0 10.0 10.0 10.0 9.0 17.0 9.0 8.0 10.0 9.0 25.0 11.0 9.0 9.0 12.0 8.0 109.0 16.0 10.0 10.0 10.0 9.0 11.0 9.0 9.0 10.0 10.0 10.0 10.0 9.0 10.0 8.0 9.0 10.0 10.0 9.0 10.0 9.0 10.0 8.0 9.0 21.0 9.0 35.0 10.0 9.0 10.0 7.0 9.0 10.0 9.0 38.0 10.0 16.0 11.0 8.0 36.0 9.0 10.0 10.0 10.0 52.0 11.0 8.0 9.0 9.0 9.0 10.0 10.0 9.0 10.0 8.0 9.0 10.0 10.0 9.0 10.0 9.0 10.0
48 49 1 TRACE 15.0 47.0 20.0 43.0 12.0 11.0 12.0 11.0 8.0 11.0 12.0 31.0 10.0 10.0 10.0 11.0 8.0 9.0 23.0 10.0 10.0 10.0 9.0 10.0 10.0 20.0 17.0 13.0 12.0 11.0 11.0 12.0 8.0 10.0 9.0 11.0 9.0 10.0 9.0 14.0 7.0 9.0 9.0 9.0 10.0 9.0 10.0 10.0 10.0 31.0 14.0 13.0 12.0 13.0 11.0 18.0 8.0 11.0 11.0 11.0 10.0 10.0 10.0 11.0 8.0 33.0 10.0 9.0 10.0 9.0 20.0 9.0 11.0 21.0 14.0 13.0 13.0 11.0 12.0 11.0 8.0 10.0 11.0 10.0 9.0 10.0 9.0 11.0 8.0 10.0 19.0 9.0 9.0 9.0 9.0 10.0 11.0 21.0 13.0 13.0 12.0 13.0 11.0 11.0 8.0 11.0 10.0 10.0 10.0 10.0 10.0 10.0 7.0 9.0 10.0 10.0 10.0 9.0 10.0 10.0 10.0 46.0 15.0 12.0 12.0 11.0 12.0 11.0 8.0 11.0 11.0 10.0 10.0 11.0 10.0 10.0 8.0 10.0 10.0 9.0 9.0 9.0 10.0 10.0 10.0 52.0 14.0 13.0 12.0 15.0 11.0 33.0 8.0 13.0 10.0 9.0 10.0 9.0 10.0 10.0 7.0 10.0 10.0 10.0 10.0 9.0 10.0 10.0 11.0 31.0 15.0 12.0 13.0 12.0 11.0 11.0 7.0 9.0 10.0 10.0 9.0 9.0 10.0 10.0 7.0 10.0 10.0 9.0 42.0 11.0 11.0 10.0 11.0 23.0 13.0 13.0 12.0 11.0 12.0 22.0 8.0 11.0 10.0 10.0 10.0 10.0 11.0 10.0 8.0 10.0 10.0 10.0 9.0 9.0 9.0 9.0 11.0 22.0 14.0 13.0 13.0 11.0 11.0 11.0 7.0 10.0 9.0 10.0 9.0 9.0 10.0 10.0 7.0 10.0 9.0 10.0 9.0 9.0 10.0 10.0 11.0 20.0 15.0 13.0 13.0 11.0 12.0 42.0 8.0 10.0 10.0 10.0 9.0 10.0 9.0 10.0 7.0 27.0 10.0 10.0 9.0 10.0 9.0 9.0 10.0 23.0 15.0 13.0 12.0 11.0 11.0 11.0 8.0 13.0 11.0 11.0 10.0 10.0 16.0 11.0 8.0 10.0 20.0 9.0 10.0 9.0 10.0 10.0 10.0 21.0 15.0 13.0 12.0 11.0 11.0 11.0 7.0 9.0 14.0 10.0 9.0 10.0 10.0 9.0 7.0 9.0 9.0 10.0 10.0 9.0 10.0 10.0 9.0 28.0 13.0 11.0 12.0 11.0 10.0 11.0 7.0 12.0 10.0 20.0 9.0 10.0 9.0 9.0 8.0 18.0 9.0 9.0 10.0 9.0 9.0 9.0 10.0 22.0 16.0 12.0 12.0 11.0 11.0 30.0 8.0 9.0 10.0 10.0 10.0 10.0 9.0 10.0 7.0 10.0 10.0 9.0 9.0 10.0 10.0 10.0 9.0 19.0 15.0 12.0 12.0 11.0 11.0 11.0 7.0 9.0 10.0 11.0 10.0 9.0 18.0 9.0 7.0 9.0 9.0 10.0 9.0 9.0 9.0 9.0 10.0 110.0 15.0 12.0 12.0 12.0 12.0 11.0 8.0 10.0 9.0 10.0 9.0 10.0 10.0 10.0 10.0 10.0 9.0 9.0 9.0 9.0 10.0 10.0 11.0 21.0 13.0 12.0 13.0 11.0 12.0 12.0 8.0 9.0 10.0 10.0 10.0 10.0 9.0 10.0 8.0 9.0 10.0 10.0 15.0 9.0 10.0 11.0 10.0 68.0 14.0 13.0 13.0 11.0 11.0 11.0 8.0 11.0 16.0 11.0 10.0 11.0 10.0 10.0 7.0 9.0 9.0 9.0 9.0 17.0 10.0 9.0 10.0 20.0 13.0 12.0 12.0 12.0 11.0 12.0 8.0 37.0 10.0 10.0 9.0 9.0 10.0 9.0 7.0 14.0 9.0 9.0 23.0 10.0 9.0 9.0 11.0 21.0 15.0 13.0 22.0 11.0 12.0 11.0 8.0 133.0 11.0 10.0 10.0 9.0 10.0 10.0 8.0 10.0 9.0 11.0 9.0 9.0 9.0 10.0 11.0 20.0 14.0 13.0 11.0 11.0 11.0 11.0 8.0 10.0 10.0 10.0 11.0 10.0 10.0 11.0 7.0 9.0 9.0 39.0 12.0 9.0 10.0 9.0 10.0 22.0 14.0 13.0 11.0 11.0 11.0 11.0 8.0 11.0 11.0 11.0 10.0 11.0 10.0 11.0 7.0 10.0 9.0 10.0 10.0 10.0 10.0 11.0 9.0 36.0 13.0 21.0 12.0 12.0 12.0 12.0 9.0 13.0 12.0 12.0 12.0 11.0 10.0 11.0 7.0 9.0 9.0 9.0 9.0 10.0 10.0 9.0 8.0 9.0 9.0 9.0 18.0 9.0 10.0 10.0 10.0 22.0 14.0 12.0 12.0 11.0 12.0 11.0 8.0 11.0 11.0 11.0 11.0 11.0 21.0 18.0 7.0 10.0 9.0 10.0 9.0 10.0 10.0 10.0 7.0 9.0 9.0 9.0 10.0 9.0 9.0 9.0 11.0 20.0 14.0 12.0 12.0 23.0 12.0 12.0 8.0 11.0 10.0 10.0 10.0 10.0 10.0 10.0 7.0 10.0 9.0 10.0 9.0 10.0 9.0 10.0 10.0 27.0 14.0 13.0 11.0 12.0 11.0 11.0 8.0 12.0 12.0 11.0 11.0 10.0 10.0 10.0 8.0 15.0 10.0 10.0 10.0 9.0 9.0 11.0 10.0 20.0 14.0 13.0 12.0 11.0 13.0 12.0 8.0 10.0 11.0 10.0 10.0 11.0 10.0 11.0 7.0 10.0 11.0 9.0 9.0 9.0 10.0 10.0 11.0 27.0 15.0 12.0 11.0 11.0 11.0 11.0 8.0 10.0 24.0 10.0 10.0 10.0 9.0 10.0 8.0 9.0 10.0 11.0 10.0 10.0 10.0 9.0 10.0 39.0 15.0 12.0 12.0 11.0 11.0 11.0 8.0 14.0 36.0 12.0 11.0 11.0 11.0 11.0 7.0 10.0 9.0 9.0 10.0 9.0 9.0 10.0 8.0 9.0 10.0 9.0 9.0 9.0 9.0 10.0 10.0 26.0 13.0 15.0 11.0 12.0 11.0 11.0 8.0 13.0 13.0 12.0 11.0 12.0 11.0 11.0 7.0 10.0 10.0 10.0 10.0 10.0 10.0 10.0 7.0 9.0 9.0 10.0 10.0 10.0 10.0 9.0 11.0 46.0 15.0 12.0 12.0 11.0 12.0 21.0 8.0 11.0 10.0 10.0 10.0 10.0 10.0 11.0 7.0 10.0 10.0 9.0 10.0 15.0 10.0 11.0 11.0 21.0 14.0 13.0 12.0 11.0 11.0 11.0 8.0 31.0 10.0 10.0 10.0 10.0 10.0 10.0 8.0 10.0 10.0 10.0 10.0 10.0 9.0 10.0 9.0 19.0 15.0 12.0 20.0 12.0 12.0 14.0 9.0 13.0 13.0 38.0 11.0 10.0 12.0 11.0 7.0 10.0 10.0 10.0 10.0 9.0 9.0 10.0 7.0 10.0 9.0 10.0 9.0 16.0 9.0 10.0 11.0 21.0 15.0 12.0 12.0 12.0 12.0 11.0 8.0 113.0 11.0 12.0 11.0 11.0 10.0 11.0 7.0 11.0 10.0 9.0 9.0 10.0 9.0 10.0 10.0 21.0 13.0 12.0 12.0 11.0 11.0 12.0 7.0 10.0 10.0 9.0 9.0 10.0 9.0 10.0 7.0 9.0 10.0 10.0 9.0 9.0 9.0 10.0 10.0 21.0 14.0 23.0 12.0 11.0 48.0 12.0 8.0 11.0 11.0 10.0 11.0 12.0 10.0 11.0 7.0 10.0 9.0 9.0 9.0 10.0 10.0 9.0 10.0 29.0 13.0 24.0 11.0 11.0 11.0 11.0 9.0 13.0 11.0 11.0 10.0 10.0 10.0 11.0 7.0 9.0 23.0 10.0 10.0 10.0 9.0 10.0 7.0 9.0 10.0 10.0 9.0 10.0 9.0 10.0 11.0 23.0 14.0 13.0 11.0 12.0 11.0 12.0 8.0 11.0 10.0 11.0 11.0 10.0 10.0 11.0 7.0 96.0 10.0 13.0 9.0 10.0 10.0 9.0 11.0 25.0 15.0 13.0 13.0 11.0 11.0 11.0 8.0 10.0 11.0 11.0 11.0 11.0 10.0 11.0 7.0 11.0 10.0 9.0 9.0 9.0 21.0 10.0 11.0 20.0 13.0 12.0 12.0 11.0 11.0 11.0 8.0 10.0 10.0 10.0 10.0 10.0 10.0 11.0 8.0 50.0 9.0 10.0 9.0 10.0 9.0 10.0 10.0 20.0 16.0 13.0 11.0 11.0 11.0 11.0 7.0 17.0 14.0 9.0 10.0 10.0 9.0 11.0 8.0 11.0 10.0 10.0 9.0 9.0 9.0 47.0 10.0 20.0 14.0 13.0 12.0 12.0 10.0 13.0 7.0 16.0 9.0 9.0 10.0 34.0 11.0 10.0 8.0 9.0 10.0 10.0 9.0 10.0 10.0 10.0 10.0 20.0 15.0 12.0 12.0 11.0 12.0 11.0 8.0 31.0 13.0 10.0 10.0 12.0 11.0 11.0 7.0 10.0 10.0 10.0 15.0 10.0 9.0 10.0 7.0 9.0 9.0 10.0 10.0 10.0 10.0 9.0 10.0 20.0 14.0 12.0 12.0 15.0 11.0 11.0 7.0 11.0 10.0 11.0 11.0 10.0 11.0 10.0 8.0 9.0 9.0 10.0 10.0 10.0 9.0 15.0 10.0 21.0 14.0 12.0 12.0 12.0 11.0 11.0 8.0 11.0 12.0 11.0 11.0 11.0 10.0 11.0 8.0 9.0 10.0 10.0 10.0 9.0 9.0 11.0 10.0 44.0 15.0 13.0 11.0 12.0 11.0 10.0 8.0 30.0 14.0 24.0 11.0 10.0 11.0 11.0 7.0 10.0 9.0 9.0 9.0 10.0 10.0 10.0 8.0 10.0 9.0 9.0 10.0 10.0 9.0 10.0 11.0 23.0 14.0 13.0 13.0 11.0 11.0 36.0 8.0 11.0 11.0 10.0 10.0 10.0 11.0 11.0 8.0 10.0 10.0 10.0 10.0 10.0 9.0 9.0 11.0 22.0 14.0 13.0 12.0 11.0 11.0 11.0 7.0 9.0 9.0 10.0 10.0 10.0 9.0 10.0 8.0 10.0 10.0 38.0 43.0 10.0 11.0 10.0 11.0 21.0 13.0 14.0 12.0 11.0 11.0 11.0 8.0 10.0 10.0 15.0 10.0 10.0 10.0 10.0 7.0 74.0 10.0 9.0 10.0 10.0 17.0 10.0 11.0 23.0 16.0 13.0 13.0 11.0 11.0 11.0 8.0 11.0 10.0 10.0 10.0 10.0 10.0 11.0 7.0 9.0 10.0 9.0 10.0 9.0 15.0 10.0 11.0 20.0 14.0 24.0 11.0 12.0 11.0 35.0 7.0 9.0 9.0 9.0 9.0 10.0 10.0 10.0 7.0 9.0 9.0 9.0 10.0 9.0 10.0 10.0 10.0 28.0 14.0 12.0 12.0 12.0 11.0 11.0 8.0 10.0 10.0 27.0 9.0 10.0 10.0 10.0 7.0 10.0 10.0 10.0 9.0 10.0 9.0 10.0 10.0 20.0 14.0 12.0 12.0 12.0 12.0 11.0 8.0 10.0 10.0 11.0 10.0 10.0 24.0 11.0 8.0 9.0 26.0 10.0 10.0 9.0 10.0 11.0 11.0 22.0 17.0 12.0 11.0 11.0 11.0 11.0 8.0 10.0 10.0 10.0 10.0 11.0 9.0 15.0 7.0 10.0 10.0 10.0 9.0 10.0 10.0 10.0 10.0 19.0 14.0 12.0 12.0 11.0 31.0 11.0 8.0 10.0 10.0 9.0 10.0 10.0 10.0 10.0 7.0 10.0 11.0 10.0 10.0 9.0 9.0 10.0 10.0 22.0 16.0 12.0 12.0 14.0 14.0 21.0 8.0 10.0 9.0 10.0 10.0 10.0 10.0 10.0 7.0 20.0 10.0 10.0 10.0 9.0 9.0 11.0 9.0 21.0 14.0 12.0 12.0 11.0 11.0 12.0 7.0 10.0 9.0 9.0 10.0 9.0 10.0 9.0 8.0 11.0 9.0 10.0 10.0 10.0 9.0 10.0 11.0 48.0 42.0 85.0 15.0 45.0 14.0 12.0 20.0 145.0 21.0 18.0 11.0 22.0 11.0 14.0 8.0 10.0 10.0 11.0 11.0 12.0 11.0 12.0 12.0 37.0 15.0 14.0 13.0 13.0 13.0 12.0 9.0 12.0 12.0 15.0 11.0 15.0 12.0 12.0 8.0 11.0 10.0 10.0 11.0 10.0 10.0 11.0 10.0 21.0 14.0 13.0 13.0 11.0 17.0 20.0 9.0 14.0 12.0 12.0 11.0 15.0 11.0 11.0 7.0 10.0 10.0 10.0 9.0 9.0 9.0 10.0 7.0 10.0 9.0 10.0 10.0 10.0 10.0 10.0 10.0 21.0 13.0 13.0 12.0 11.0 19.0 11.0 8.0 27.0 12.0 11.0 11.0 11.0 10.0 11.0 8.0 9.0 10.0 10.0 10.0 10.0 9.0 10.0 9.0 21.0 19.0 13.0 11.0 11.0 11.0 16.0 7.0 12.0 10.0 9.0 10.0 9.0 10.0 10.0 7.0 9.0 9.0 9.0 10.0 14.0 10.0 10.0 10.0 22.0 39.0 29.0 12.0 11.0 11.0 11.0 8.0 11.0 10.0 11.0 11.0 10.0 10.0 11.0 8.0 9.0 10.0 10.0 9.0 10.0 9.0 10.0
49 47 1 TRACE 52.0 48.0 34.0 30.0 28.0 27.0 25.0 2011.0 26.0 25.0 23.0 21.0 26.0 20.0 45.0 16.0 15.0 18.0 16.0 16.0 17.0 38.0 31.0 26.0 27.0 23.0 23.0 23.0 57.0 16.0 17.0 18.0 62.0 17.0 19.0 18.0 17.0 16.0 17.0 16.0 16.0 17.0 63.0 49.0 36.0 31.0 30.0 28.0 28.0 20.0 21.0 23.0 22.0 21.0 22.0 20.0 14.0 16.0 15.0 16.0 17.0 16.0 17.0 38.0 32.0 38.0 27.0 24.0 26.0 23.0 31.0 18.0 17.0 17.0 18.0 17.0 18.0 26.0 17.0 15.0 16.0 39.0 16.0 18.0 52.0 30.0 28.0 25.0 24.0 22.0 22.0 16.0 16.0 16.0 17.0 17.0 17.0 16.0 16.0 16.0 15.0 16.0 15.0 16.0 16.0 73.0 43.0 36.0 32.0 33.0 29.0 29.0 27.0 25.0 21.0 23.0 20.0 21.0 21.0 33.0 19.0 17.0 17.0 16.0 16.0 17.0 48.0 28.0 31.0 24.0 23.0 23.0 22.0 16.0 16.0 15.0 18.0 61.0 17.0 17.0 14.0 16.0 31.0 15.0 16.0 16.0 16.0 34.0 30.0 36.0 27.0 22.0 22.0 24.0 25.0 16.0 17.0 18.0 18.0 18.0 18.0 18.0 22.0 17.0 19.0 17.0 17.0 30.0 49.0 37.0 46.0 32.0 29.0 27.0 26.0 18.0 20.0 20.0 20.0 21.0 21.0 19.0 39.0 15.0 16.0 17.0 17.0 17.0 17.0 36.0 42.0 26.0 26.0 23.0 22.0 23.0 19.0 20.0 19.0 19.0 18.0 18.0 19.0 45.0 19.0 19.0 18.0 18.0 19.0 31.0 34.0 30.0 27.0 30.0 24.0 22.0 22.0 18.0 17.0 17.0 16.0 17.0 16.0 17.0 14.0 15.0 15.0 16.0 15.0 17.0 15.0 55.0 45.0 36.0 33.0 31.0 32.0 28.0 22.0 22.0 22.0 22.0 22.0 22.0 21.0 15.0 16.0 64.0 23.0 17.0 17.0 16.0 52.0 31.0 29.0 27.0 25.0 24.0 22.0 18.0 28.0 20.0 19.0 17.0 19.0 19.0 14.0 17.0 17.0 18.0 18.0 18.0 18.0 39.0 31.0 26.0 26.0 24.0 24.0 23.0 16.0 15.0 16.0 15.0 17.0 17.0 17.0 17.0 14.0 15.0 17.0 18.0 16.0 16.0 39.0 31.0 28.0 28.0 26.0 25.0 61.0 41.0 20.0 18.0 18.0 18.0 19.0 20.0 17.0 16.0 16.0 17.0 16.0 17.0 17.0 29.0 35.0 25.0 33.0 23.0 23.0 22.0 15.0 16.0 17.0 52.0 18.0 17.0 16.0 17.0 17.0 17.0 17.0 17.0 16.0 17.0 36.0 29.0 26.0 26.0 27.0 38.0 22.0 17.0 17.0 17.0 16.0 16.0 17.0 18.0 18.0 16.0 15.0 15.0 16.0 16.0 15.0 36.0 31.0 27.0 26.0 23.0 23.0 22.0 19.0 18.0 17.0 17.0 18.0 16.0 17.0 45.0 16.0 16.0 18.0 16.0 15.0 17.0 46.0 36.0 43.0 27.0 26.0 27.0 26.0 22.0 25.0 18.0 18.0 20.0 20.0 20.0 17.0 17.0 16.0 16.0 17.0 16.0 15.0 30.0 34.0 26.0 25.0 22.0 21.0 68.0 17.0 16.0 16.0 17.0 16.0 16.0 17.0 17.0 14.0 14.0 15.0 15.0 17.0 16.0 38.0 47.0 28.0 26.0 24.0 23.0 23.0 56.0 18.0 17.0 19.0 23.0 24.0 18.0 17.0 15.0 20.0 18.0 17.0 16.0 16.0 53.0 42.0 35.0 32.0 31.0 28.0 26.0 24.0 23.0 21.0 22.0 20.0 23.0 20.0 17.0 18.0 16.0 15.0 15.0 16.0 17.0 52.0 42.0 35.0 32.0 31.0 28.0 27.0 23.0 30.0 20.0 22.0 21.0 20.0 21.0 49.0 17.0 17.0 17.0 15.0 17.0 15.0 54.0 51.0 45.0 40.0 42.0 37.0 35.0 68.0 30.0 25.0 24.0 23.0 21.0 22.0 18.0 17.0 17.0 16.0 15.0 18.0 24.0 17.0 18.0 16.0 16.0 14.0 16.0 17.0 54.0 46.0 38.0 34.0 33.0 29.0 30.0 28.0 26.0 24.0 23.0 68.0 21.0 21.0 69.0 16.0 16.0 17.0 17.0 17.0 17.0 16.0 37.0 16.0 17.0 17.0 16.0 17.0 48.0 39.0 33.0 31.0 42.0 33.0 24.0 19.0 21.0 21.0 21.0 20.0 20.0 21.0 18.0 16.0 17.0 17.0 20.0 17.0 62.0 55.0 43.0 36.0 32.0 51.0 29.0 39.0 23.0 23.0 21.0 22.0 22.0 21.0 21.0 18.0 17.0 16.0 17.0 16.0 17.0 17.0 51.0 40.0 34.0 30.0 29.0 29.0 25.0 23.0 22.0 20.0 20.0 21.0 20.0 20.0 17.0 17.0 15.0 16.0 16.0 21.0 16.0 37.0 31.0 28.0 27.0 25.0 24.0 23.0 18.0 18.0 17.0 17.0 17.0 18.0 18.0 16.0 16.0 17.0 14.0 15.0 15.0 15.0 55.0 48.0 41.0 43.0 36.0 33.0 41.0 29.0 25.0 38.0 22.0 24.0 21.0 20.0 75.0 16.0 62.0 16.0 17.0 18.0 18.0 38.0 17.0 16.0 21.0 16.0 16.0 17.0 74.0 49.0 44.0 40.0 38.0 42.0 41.0 28.0 26.0 23.0 24.0 54.0 86.0 21.0 90.0 15.0 17.0 17.0 16.0 54.0 24.0 15.0 16.0 17.0 16.0 16.0 17.0 17.0 72.0 38.0 32.0 31.0 35.0 30.0 24.0 22.0 21.0 20.0 21.0 20.0 20.0 20.0 48.0 16.0 15.0 19.0 17.0 14.0 17.0 65.0 31.0 52.0 25.0 24.0 23.0 22.0 17.0 17.0 17.0 16.0 18.0 17.0 17.0 15.0 16.0 15.0 16.0 15.0 18.0 16.0 94.0 48.0 42.0 38.0 36.0 33.0 38.0 24.0 25.0 23.0 24.0 24.0 22.0 20.0 18.0 15.0 17.0 18.0 17.0 16.0 16.0 15.0 14.0 22.0 15.0 14.0 15.0 17.0 73.0 43.0 36.0 39.0 29.0 29.0 28.0 66.0 22.0 24.0 21.0 22.0 21.0 23.0 18.0 16.0 16.0 23.0 17.0 17.0 17.0 32.0 29.0 28.0 25.0 24.0 23.0 70.0 18.0 18.0 15.0 18.0 16.0 17.0 17.0 18.0 18.0 15.0 17.0 17.0 16.0 24.0 80.0 44.0 35.0 32.0 30.0 29.0 27.0 25.0 23.0 22.0 21.0 21.0 20.0 21.0 25.0 15.0 16.0 17.0 16.0 18.0 18.0 83.0 46.0 39.0 34.0 35.0 31.0 31.0 24.0 25.0 24.0 22.0 22.0 22.0 22.0 17.0 19.0 17.0 16.0 16.0 15.0 17.0 151.0 61.0 16.0 17.0 16.0 16.0 16.0 53.0 42.0 35.0 31.0 31.0 29.0 27.0 24.0 22.0 24.0 26.0 20.0 19.0 26.0 38.0 16.0 17.0 17.0 17.0 18.0 15.0 70.0 43.0 36.0 32.0 31.0 29.0 28.0 25.0 25.0 22.0 22.0 22.0 22.0 21.0 18.0 16.0 17.0 17.0 23.0 17.0 15.0 44.0 35.0 32.0 29.0 27.0 32.0 27.0 18.0 19.0 19.0 20.0 65.0 20.0 21.0 18.0 15.0 16.0 17.0 17.0 17.0 17.0 82.0 29.0 25.0 24.0 23.0 22.0 22.0 17.0 17.0 48.0 30.0 16.0 17.0 17.0 17.0 15.0 14.0 16.0 15.0 16.0 16.0 31.0 28.0 27.0 23.0 22.0 42.0 28.0 41.0 18.0 17.0 18.0 15.0 18.0 15.0 17.0 17.0 17.0 17.0 23.0 27.0 17.0 54.0 45.0 37.0 34.0 32.0 30.0 67.0 25.0 22.0 22.0 23.0 35.0 21.0 21.0 22.0 18.0 16.0 17.0 17.0 16.0 17.0 16.0 17.0 17.0 16.0 17.0 17.0 25.0 53.0 42.0 33.0 32.0 30.0 26.0 26.0 24.0 23.0 21.0 21.0 22.0 22.0 21.0 14.0 15.0 14.0 16.0 16.0 16.0 16.0 55.0 45.0 37.0 33.0 32.0 31.0 61.0 83.0 31.0 30.0 30.0 76.0 23.0 23.0 15.0 61.0 22.0 17.0 16.0 16.0 17.0 91.0 46.0 36.0 33.0 31.0 31.0 28.0 26.0 22.0 24.0 21.0 29.0 22.0 22.0 14.0 15.0 15.0 17.0 16.0 17.0 17.0 18.0 16.0 23.0 31.0 16.0 89.0 19.0 68.0 39.0 45.0 32.0 28.0 27.0 25.0 23.0 20.0 19.0 20.0 19.0 20.0 18.0 15.0 15.0 15.0 15.0 14.0 15.0 15.0 40.0 31.0 29.0 29.0 26.0 24.0 24.0 19.0 20.0 18.0 18.0 24.0 17.0 17.0 19.0 17.0 16.0 15.0 15.0 53.0 16.0 42.0 33.0 31.0 27.0 26.0 25.0 25.0 43.0 17.0 18.0 19.0 18.0 18.0 20.0 34.0 15.0 16.0 16.0 15.0 16.0 15.0 52.0 42.0 34.0 30.0 29.0 28.0 26.0 23.0 61.0 28.0 22.0 23.0 22.0 23.0 61.0 16.0 18.0 16.0 18.0 18.0 17.0 33.0 30.0 31.0 28.0 27.0 26.0 23.0 18.0 20.0 19.0 19.0 19.0 19.0 19.0 19.0 19.0 18.0 19.0 18.0 63.0 18.0 33.0 29.0 26.0 30.0 24.0 22.0 29.0 46.0 17.0 17.0 17.0 18.0 18.0 16.0 16.0 17.0 16.0 16.0 16.0 16.0 15.0 64.0 39.0 34.0 31.0 29.0 27.0 27.0 95.0 23.0 20.0 21.0 20.0 19.0 19.0 20.0 16.0 15.0 19.0 14.0 16.0 18.0 50.0 37.0 31.0 37.0 30.0 26.0 26.0 21.0 21.0 20.0 20.0 19.0 17.0 19.0 17.0 16.0 24.0 17.0 17.0 17.0 16.0 29.0 28.0 24.0 25.0 22.0 34.0 20.0 113.0 63.0 18.0 19.0 17.0 17.0 17.0 18.0 17.0 16.0 15.0 16.0 16.0 17.0 44.0 36.0 31.0 30.0 88.0 24.0 23.0 23.0 21.0 21.0 21.0 21.0 21.0 20.0 65.0 15.0 17.0 18.0 18.0 62.0 18.0 34.0 28.0 28.0 27.0 26.0 24.0 23.0 15.0 17.0 17.0 17.0 19.0 22.0 16.0 72.0 15.0 16.0 17.0 16.0 16.0 16.0 40.0 62.0 40.0 51.0 34.0 70.0 55.0 30.0 21.0 19.0 19.0 62.0 30.0 37.0 95.0 17.0 27.0 29.0 30.0 18.0 18.0 40.0 33.0 32.0 31.0 28.0 27.0 26.0 19.0 18.0 18.0 18.0 43.0 17.0 17.0 18.0 18.0 18.0 18.0 19.0 18.0 19.0 57.0 49.0 75.0 39.0 39.0 33.0 31.0 25.0 24.0 24.0 22.0 24.0 22.0 22.0 15.0 15.0 17.0 17.0 22.0 17.0 17.0 15.0 17.0 22.0 16.0 22.0 17.0 15.0 53.0 43.0 35.0 31.0 31.0 28.0 66.0 21.0 21.0 21.0 19.0 21.0 21.0 20.0 16.0 16.0 39.0 19.0 19.0 18.0 18.0 72.0 28.0 24.0 24.0 24.0 23.0 22.0 23.0 14.0 14.0 18.0 14.0 18.0 17.0 17.0 16.0 16.0 16.0 18.0 46.0 16.0 75.0 42.0 35.0 31.0 36.0 36.0 28.0 24.0 23.0 22.0 67.0 23.0 21.0 22.0 15.0 17.0 15.0 16.0 16.0 16.0 17.0
49 50 1 TRACE 79.0 30.0 80.0 28.0 73.0 52.0 41.0 89.0 170.0 56.0 98.0 28.0 54.0 296.0 52.0 133.0 35.0 84.0 135.0 28.0 26.0 37.0 256.0 69.0 73.0 31.0 214.0 58.0 66.0 119.0 74.0 94.0 88.0 164.0 32.0 27.0 81.0 172.0 107.0 61.0 113.0 107.0 30.0 73.0 148.0 67.0 38.0 63.0 3178.0 199.0 27.0 155.0 119.0 56.0 67.0 155.0 119.0 60.0 77.0 172.0 29.0 150.0 121.0 117.0 28.0 28.0 199.0 127.0 27.0 31.0 123.0 174.0 61.0 30.0 36.0 121.0 57.0 82.0 69.0 69.0 119.0 101.0 53.0 132.0 285.0 75.0 175.0 148.0 73.0 123.0 32.0 101.0 98.0 111.0 28.0 92.0 103.0 85.0 62.0 65.0 50.0 35.0 38.0 115.0 42.0 45.0 28.0 378.0 1370.0 1370.0 95.0 86.0 231.0 66.0 138.0 70.0 130.0 211.0 136.0 49.0 85.0 65.0 211.0 226.0 111.0 31.0 252.0 29.0 158.0 155.0 120.0 33.0 30.0 129.0 66.0 138.0 77.0 181.0 100.0 76.0 85.0 149.0 116.0 28.0 28.0 160.0 83.0 64.0 74.0 109.0 205.0 37.0 178.0 108.0 27.0 183.0 60.0 89.0 39.0 108.0 70.0 72.0 62.0 77.0 69.0 49.0 67.0 144.0 112.0 27.0 140.0 99.0 271.0 93.0 87.0 102.0 30.0 101.0 70.0 55.0 72.0 136.0 198.0 54.0 260.0 188.0 29.0 223.0 226.0 62.0 62.0 183.0 29.0 80.0 41.0 111.0 128.0 75.0 56.0 97.0 115.0
50 25 1 TRACE 30.0 22.0 23.0 24.0 44.0 57.0 55.0 24.0 23.0 21.0 46.0 21.0 26.0 38.0 20.0 32.0 19.0 19.0 21.0 20.0 21.0 20.0 22.0 18.0 20.0 20.0 19.0 19.0 20.0 46.0 60.0 34.0 18.0 278.0 20.0 20.0 23.0 21.0 20.0 23.0 20.0 57.0 19.0 51.0 22.0 19.0 21.0 68.0 22.0 21.0 18.0 22.0 188.0 36.0 24.0 23.0 40.0 63.0 35.0 33.0 19.0 21.0
50 41 1 TRACE 9.0 9.0 8.0 8.0 9.0 8.0 8.0 9.0 9.0 9.0 11.0 8.0 9.0 8.0 8.0 8.0 9.0 8.0 9.0 8.0 9.0 8.0 9.0 8.0 9.0 9.0 9.0 8.0 10.0 8.0 9.0 9.0 9.0 9.0 9.0 9.0 9.0 8.0 8.0 9.0 9.0 9.0 9.0 11.0 8.0 9.0 8.0 9.0 8.0 8.0 8.0 8.0 8.0 9.0 9.0 8.0 8.0 8.0 9.0 8.0 9.0 8.0 9.0 9.0 9.0 9.0 9.0 8.0 8.0 8.0 8.0 8.0 9.0 8.0 9.0 9.0 8.0 8.0 8.0 11.0 9.0 8.0 9.0 9.0 8.0 8.0 9.0 8.0 9.0 8.0 9.0 9.0 8.0 8.0 9.0 9.0 8.0 9.0 8.0 8.0 8.0 8.0 9.0 8.0 8.0 8.0 9.0 9.0 9.0 9.0 9.0 9.0 8.0 8.0 11.0 9.0 9.0 9.0 9.0 9.0 9.0 9.0 9.0 8.0 9.0 9.0 10.0 9.0 9.0 9.0 8.0 8.0 8.0 8.0 8.0 8.0 8.0
50 51 1 TRACE 30.0 66.0
51 52 1 TRACE 161.0 129.0 149.0 131.0 151.0 161.0 127.0 133.0 127.0 130.0 152.0 128.0 129.0 135.0 128.0 153.0 151.0 156.0 129.0 133.0 140.0 148.0 136.0 135.0 137.0 155.0 163.0 131.0 133.0 130.0 129.0 161.0 137.0 152.0 156.0 134.0 157.0 128.0 154.0 153.0 171.0 132.0 125.0 152.0 151.0 195.0 132.0 160.0 127.0 135.0 151.0 134.0 155.0 172.0 135.0 134.0 128.0 132.0 279.0 138.0 135.0 139.0 158.0 151.0
52 53 1 TRACE 34.0 25.0 25.0 43.0 47.0 29.0 27.0 24.0 45.0 26.0 56.0 24.0 25.0 46.0 25.0 53.0 24.0 57.0 25.0 30.0 25.0 65.0 25.0 44.0 24.0 24.0 57.0 52.0 25.0 29.0 24.0 29.0 25.0 68.0 49.0 45.0 87.0 25.0 59.0 61.0 34.0 26.0 46.0 34.0 54.0 784.0 46.0 72.0 25.0 48.0 48.0 37.0 47.0 83.0 48.0 51.0 47.0 49.0 85.0 48.0 50.0 25.0 59.0 59.0
53 54 1 TRACE 29.0 36.0 18.0 16.0 22.0 14.0 18.0 17.0 20.0 28.0 19.0 50.0 19.0 23.0 19.0 20.0 21.0 20.0 18.0 14.0 17.0 48.0 20.0 15.0 19.0 23.0 17.0 49.0 19.0 15.0 20.0 19.0 21.0 617.0 18.0 17.0 18.0 26.0 19.0 13.0 20.0 19.0 18.0 23.0 17.0 20.0 17.0 17.0 21.0 16.0 17.0 20.0 23.0 55.0 19.0 14.0 22.0 14.0 28.0 19.0 19.0 15.0 18.0 16.0
54 55 1 TRACE 45.0 20.0 20.0 20.0 54.0 20.0 20.0 20.0 20.0 20.0 20.0 20.0 21.0 19.0 20.0 20.0 20.0 30.0 20.0 22.0 20.0 31.0 20.0 21.0 20.0 19.0 19.0 43.0 20.0 21.0 24.0 20.0 20.0 18.0 20.0 21.0 35.0 20.0 31.0 19.0 19.0 20.0 20.0 20.0 20.0 20.0 44.0 31.0 20.0 21.0 20.0 20.0 33.0 20.0 21.0 19.0 20.0 20.0 34.0 20.0 20.0 19.0 30.0 19.0
55 56 1 TRACE 11.0 8.0 8.0 8.0 8.0 7.0 8.0 8.0 8.0 8.0 8.0 8.0 8.0 7.0 8.0 8.0 7.0 8.0 8.0 8.0 8.0 8.0 8.0 8.0 8.0 7.0 7.0 8.0 8.0 7.0 8.0 8.0 8.0 7.0 8.0 8.0 7.0 8.0 20.0 7.0 8.0 8.0 8.0 8.0 8.0 7.0 8.0 7.0 8.0 8.0 8.0 8.0 8.0 8.0 8.0 7.0 8.0 8.0 9.0 8.0 8.0 8.0 19.0 7.0
56 57 1 TRACE 11.0 7.0 7.0 7.0 8.0 8.0 7.0 7.0 8.0 7.0 7.0 7.0 7.0 8.0 7.0 7.0 8.0 7.0 7.0 8.0 7.0 7.0 7.0 7.0 8.0 8.0 8.0 7.0 7.0 8.0 7.0 7.0 7.0 7.0 7.0 7.0 7.0 7.0 7.0 8.0 7.0 7.0 7.0 7.0 7.0 7.0 7.0 8.0 7.0 7.0 7.0 7.0 8.0 19.0 7.0 8.0 7.0 7.0 20.0 7.0 7.0 7.0 8.0 8.0
57 58 1 TRACE 11.0 7.0 7.0 8.0 7.0 7.0 7.0 8.0 7.0 8.0 8.0 8.0 7.0 7.0 7.0 7.0 7.0 7.0 7.0 8.0 7.0 7.0 7.0 8.0 8.0 7.0 8.0 7.0 8.0 7.0 8.0 7.0 8.0 7.0 8.0 8.0 18.0 8.0 8.0 7.0 7.0 8.0 7.0 8.0 7.0 7.0 8.0 7.0 7.0 7.0 7.0 7.0 8.0 8.0 8.0 7.0 7.0 8.0 8.0 8.0 8.0 7.0 7.0 7.0
58 59 1 TRACE 16.0 8.0 8.0 9.0 22.0 8.0 8.0 8.0 8.0 9.0 9.0 8.0 8.0 8.0 11.0 9.0 8.0 9.0 8.0 8.0 9.0 8.0 9.0 8.0 8.0 8.0 8.0 8.0 8.0 8.0 8.0 8.0 8.0 8.0 9.0 8.0 8.0 8.0 8.0 8.0 9.0 9.0 9.0 8.0 8.0 8.0 8.0 8.0 9.0 8.0 8.0 8.0 8.0 19.0 8.0 8.0 8.0 8.0 9.0 8.0 8.0 9.0 8.0 8.0
59 60 1 TRACE 7.0 8.0 7.0 7.0 8.0 8.0 8.0 7.0 7.0 7.0 7.0 7.0 7.0 7.0 7.0 8.0 8.0 8.0 8.0 7.0 7.0 7.0 8.0 7.0 7.0 8.0 7.0 8.0 7.0 7.0 7.0 8.0 7.0 7.0 7.0 7.0 19.0 7.0 7.0 7.0 8.0 8.0 8.0 7.0 8.0 7.0 7.0 7.0 7.0 8.0 8.0 8.0 7.0 18.0 7.0 8.0 8.0 7.0 20.0 7.0 7.0 8.0 8.0 7.0
60 61 1 TRACE 8.0 7.0 8.0 7.0 7.0 7.0 7.0 7.0 8.0 7.0 7.0 7.0 8.0 8.0 7.0 7.0 7.0 7.0 7.0 7.0 7.0 8.0 7.0 7.0 10.0 8.0 7.0 8.0 7.0 8.0 8.0 8.0 8.0 19.0 7.0 7.0 7.0 7.0 8.0 7.0 7.0 7.0 7.0 7.0 8.0 19.0 7.0 8.0 7.0 8.0 8.0 7.0 8.0 7.0 7.0 8.0 8.0 7.0 8.0 7.0 7.0 7.0 8.0 8.0
61 62 1 TRACE 7.0 7.0 8.0 7.0 7.0 7.0 7.0 8.0 8.0 7.0 7.0 8.0 7.0 7.0 8.0 7.0 7.0 7.0 7.0 8.0 7.0 19.0 7.0 7.0 8.0 7.0 8.0 7.0 7.0 7.0 8.0 7.0 7.0 7.0 8.0 8.0 7.0 8.0 8.0 8.0 7.0 7.0 7.0 7.0 7.0 7.0 8.0 7.0 7.0 7.0 7.0 7.0 8.0 7.0 7.0 7.0 7.0 8.0 20.0 7.0 7.0 7.0 7.0 8.0
62 1 1 TRACE 23.0 21.0 21.0 25.0 27.0 20.0 21.0 21.0 20.0 28.0 21.0 20.0 20.0 21.0 27.0 20.0 21.0 22.0 59.0 22.0 21.0 21.0 21.0 21.0 26.0 21.0 21.0 21.0 21.0 21.0 24.0 21.0 28.0 44.0 21.0 22.0 24.0 21.0 21.0 23.0 21.0 22.0 20.0 31.0 20.0 21.0 24.0 46.0 27.0 23.0 28.0 22.0 23.0 42.0 21.0 20.0 20.0 22.0 26.0 28.0 21.0 33.0 20.0
