0 1 CONSTANT 8.0
1 1 CONSTANT 8.0
2 1 CONSTANT 0.0
3 1 CONSTANT 8.0
4 1 CONSTANT 8.0
5 1 CONSTANT 8.0
6 1 CONSTANT 8.0
7 1 CONSTANT 8.0
8 1 CONSTANT 8.0
9 1 CONSTANT 0.0
10 1 CONSTANT 0.0
11 1 CONSTANT 0.0
12 1 CONSTANT 0.0
13 1 CONSTANT 8.0
14 1 CONSTANT 4.0
15 1 CONSTANT 4.0
16 1 CONSTANT 0.0
17 1 CONSTANT 0.0
18 1 CONSTANT 0.0
19 1 CONSTANT 0.0
20 1 CONSTANT 4.0
21 1 CONSTANT 8.0
22 1 CONSTANT 8.0
23 1 CONSTANT 8.0
24 1 CONSTANT 8.0
25 1 CONSTANT 4.0
26 1 CONSTANT 4.0
27 1 CONSTANT 8.0
28 1 TRACE 0.0 0.0 56.0 0.0 4.0 2772.0 20.0 0.0 4.0 3144.0 12.0 4.0 4.0 24.0 4.0 0.0 64.0 404.0 4.0 0.0 4.0 2220.0 8.0 0.0 32.0 976.0 12.0 4.0 0.0 1464.0 8.0 0.0 20.0 1596.0 4.0 0.0 4.0 1536.0 8.0 4.0 28.0 1328.0 8.0 0.0 0.0 848.0 128.0 0.0 24.0 540.0 4.0 4.0 76.0 576.0 4.0 0.0 0.0 32.0 0.0 68.0 700.0 8.0 0.0 16.0 3712.0 12.0 0.0 12.0 3544.0 12.0 0.0 4.0 3304.0 12.0 0.0 4.0 2888.0 16.0 0.0 28.0 1060.0 8.0 0.0 24.0 624.0 4.0 0.0 24.0 508.0 4.0 4.0 0.0 12.0 0.0 8.0 1452.0 8.0 4.0 124.0 508.0 4.0 4.0 12.0 16.0 4.0 20.0 2416.0 8.0 0.0 28.0 2296.0 12.0 0.0 0.0 16.0 4.0 0.0 20.0 904.0 4.0 0.0 0.0 248.0 256.0 4.0 4.0 80.0 308.0 0.0 16.0 1352.0 8.0 4.0 28.0 2224.0 8.0 4.0 16.0 2444.0 12.0 4.0 4.0 60.0 0.0 4.0 52.0 0.0 4.0 20.0 0.0 0.0 48.0 4.0 4.0 24.0 4.0 8.0 36.0 0.0 12.0 3512.0 8.0 0.0 8.0 52.0 0.0 8.0 28.0 0.0 0.0 32.0 0.0 0.0 2380.0 8.0 0.0 24.0 1156.0 8.0 0.0 0.0 20.0 4.0 0.0 24.0 4.0 28.0 1364.0 8.0 0.0 0.0 28.0 0.0 28.0 500.0 4.0 8.0 16.0 0.0 8.0 1908.0 8.0 0.0 4.0 2852.0 12.0 0.0 8.0 20.0 0.0 24.0 1784.0 8.0 4.0 4.0 2672.0 16.0 0.0 0.0 32.0 0.0 0.0 308.0 292.0 0.0 4.0 48.0 0.0 36.0 1828.0 12.0 0.0 92.0 596.0 8.0
29 1 CONSTANT 4.0
30 1 TRACE 0.0 0.0 56.0 0.0 4.0 2772.0 20.0 0.0 4.0 3144.0 12.0 4.0 4.0 24.0 4.0 0.0 64.0 404.0 4.0 0.0 4.0 2220.0 8.0 0.0 32.0 976.0 12.0 4.0 0.0 1464.0 8.0 0.0 20.0 1596.0 4.0 0.0 4.0 1536.0 8.0 4.0 28.0 1328.0 8.0 0.0 0.0 848.0 128.0 0.0 24.0 540.0 4.0 4.0 76.0 576.0 4.0 0.0 0.0 32.0 0.0 68.0 700.0 8.0 0.0 16.0 3712.0 12.0 0.0 12.0 3544.0 12.0 0.0 4.0 3304.0 12.0 0.0 4.0 2888.0 16.0 0.0 28.0 1060.0 8.0 0.0 24.0 624.0 4.0 0.0 24.0 508.0 4.0 4.0 0.0 12.0 0.0 8.0 1452.0 8.0 4.0 124.0 508.0 4.0 4.0 12.0 16.0 4.0 20.0 2416.0 8.0 0.0 28.0 2296.0 12.0 0.0 0.0 16.0 4.0 0.0 20.0 904.0 4.0 0.0 0.0 248.0 256.0 4.0 4.0 80.0 308.0 0.0 16.0 1352.0 8.0 4.0 28.0 2224.0 8.0 4.0 16.0 2444.0 12.0 4.0 4.0 60.0 0.0 4.0 52.0 0.0 4.0 20.0 0.0 0.0 48.0 4.0 4.0 24.0 4.0 8.0 36.0 0.0 12.0 3512.0 8.0 0.0 8.0 52.0 0.0 8.0 28.0 0.0 0.0 32.0 0.0 0.0 2380.0 8.0 0.0 24.0 1156.0 8.0 0.0 0.0 20.0 4.0 0.0 24.0 4.0 28.0 1364.0 8.0 0.0 0.0 28.0 0.0 28.0 500.0 4.0 8.0 16.0 0.0 8.0 1908.0 8.0 0.0 4.0 2852.0 12.0 0.0 8.0 20.0 0.0 24.0 1784.0 8.0 4.0 4.0 2672.0 16.0 0.0 0.0 32.0 0.0 0.0 308.0 292.0 0.0 4.0 48.0 0.0 36.0 1828.0 12.0 0.0 92.0 596.0 8.0
31 1 CONSTANT 8.0
32 1 CONSTANT 8.0
33 1 CONSTANT 4.0
34 1 CONSTANT 0.0
35 1 CONSTANT 0.0
36 1 CONSTANT 8.0
37 1 CONSTANT 8.0
38 1 CONSTANT 8.0
39 1 TRACE 8.0 0.0 0.0 8.0 0.0 8.0 0.0 8.0 0.0 8.0 0.0 8.0 0.0 0.0 8.0 8.0 0.0 8.0 0.0 8.0 0.0 8.0 0.0 8.0 0.0 8.0 0.0 8.0 0.0 8.0 0.0 8.0 0.0 8.0 0.0 8.0 0.0 8.0 0.0 8.0 0.0 8.0 0.0 8.0 8.0 0.0 0.0 8.0 0.0 8.0 0.0 8.0 0.0 8.0 0.0 8.0 0.0 0.0 8.0 0.0 8.0 0.0 8.0 0.0 8.0 0.0 8.0 0.0 8.0 0.0 8.0 0.0 8.0 0.0 8.0 0.0 8.0 0.0 8.0 0.0 8.0 0.0 8.0 0.0 8.0 0.0 8.0 0.0 8.0 0.0 8.0 0.0 0.0 8.0 0.0 8.0 0.0 8.0 0.0 8.0 0.0 8.0 0.0 0.0 8.0 0.0 8.0 0.0 8.0 0.0 8.0 0.0 8.0 0.0 0.0 8.0 8.0 0.0 8.0 0.0 8.0 8.0 0.0 8.0 0.0 8.0 0.0 0.0 8.0 0.0 8.0 0.0 8.0 0.0 8.0 0.0 8.0 0.0 8.0 0.0 8.0 0.0 0.0 8.0 0.0 0.0 8.0 0.0 0.0 8.0 0.0 0.0 8.0 0.0 0.0 8.0 0.0 0.0 8.0 0.0 8.0 0.0 8.0 0.0 0.0 8.0 0.0 0.0 8.0 0.0 0.0 8.0 0.0 8.0 0.0 8.0 0.0 8.0 0.0 8.0 0.0 0.0 8.0 0.0 0.0 8.0 0.0 8.0 0.0 8.0 0.0 0.0 8.0 0.0 0.0 8.0 0.0 0.0 8.0 0.0 8.0 0.0 8.0 0.0 8.0 0.0 8.0 0.0 0.0 8.0 0.0 8.0 0.0 8.0 0.0 8.0 0.0 8.0 0.0 0.0 8.0 8.0 0.0 0.0 8.0 0.0 0.0 8.0 0.0 8.0 0.0 8.0 0.0 8.0 0.0
40 1 CONSTANT 8.0
41 1 CONSTANT 8.0
42 1 CONSTANT 8.0
43 1 CONSTANT 74896.0
44 1 CONSTANT 74888.0
45 1 CONSTANT 8.0
46 1 CONSTANT 74896.0
47 1 CONSTANT 4.0
48 1 TRACE 3403168.0 1186144.0 3521440.0 1304224.0 26672.0 26208.0 144.0 96.0 5780960.0 1479456.0 1317968.0 804032.0 5728.0 5200.0 5615744.0 1469664.0 1458704.0 858336.0 6432.0 6128.0 4911056.0 1397616.0 2063104.0 1038752.0 10176.0 10496.0 48.0 32.0 6413552.0 1501760.0 229424.0 202656.0 768.0 752.0 5986544.0 1485696.0 1131248.0 730480.0 4496.0 4256.0 6580336.0 1506560.0 537344.0 421024.0 1952.0 1552.0 6376448.0 1502432.0 780304.0 563520.0 2944.0 2928.0 6322768.0 1497664.0 841744.0 595920.0 3328.0 2960.0 6408592.0 1507856.0 754704.0 549728.0 3168.0 2624.0 6469392.0 1506352.0 692176.0 515744.0 2704.0 2704.0 4904048.0 1432896.0 63456.0 60992.0 288.0 176.0 6561680.0 1518944.0 300848.0 260032.0 1088.0 992.0 6589712.0 1509664.0 337424.0 285168.0 1120.0 1168.0 4775760.0 1407088.0 2208896.0 1069808.0 11808.0 11664.0 64.0 32.0 6635104.0 1514176.0 385200.0 323344.0 1472.0 1152.0 5392512.0 1438176.0 1639104.0 919920.0 7504.0 7296.0 5478320.0 1470592.0 1581904.0 897520.0 7056.0 7520.0 5520208.0 1455776.0 1536752.0 886560.0 6336.0 6784.0 5698096.0 1467936.0 1380672.0 830304.0 5792.0 5552.0 6566976.0 1510448.0 570176.0 443824.0 2096.0 2128.0 6605472.0 1522400.0 348304.0 295424.0 1232.0 1232.0 6562560.0 1508928.0 309680.0 264944.0 864.0 1072.0 4995008.0 1393520.0 1982608.0 1021920.0 9776.0 9952.0 32.0 16.0 6418352.0 1504512.0 744864.0 544880.0 2832.0 2800.0 6545936.0 1510128.0 283792.0 248672.0 1088.0 976.0 5346544.0 1441984.0 1676944.0 930816.0 7616.0 7648.0 48.0 16.0 5957904.0 1479840.0 1162080.0 746208.0 4848.0 4256.0 5981072.0 1490032.0 1146528.0 734032.0 4688.0 4608.0 4849216.0 1392880.0 2127488.0 1059168.0 11296.0 10784.0 48.0 32.0 6611232.0 1513344.0 487936.0 393696.0 1872.0 1776.0 6084336.0 1494112.0 153008.0 141744.0 496.0 512.0 6244864.0 1512800.0 181984.0 163824.0 624.0 720.0 6449760.0 1505856.0 717968.0 531456.0 2624.0 2720.0 6015632.0 1484640.0 1108624.0 721984.0 4736.0 4320.0 5900256.0 1470496.0 1206000.0 765280.0 4896.0 4672.0 3670096.0 1198496.0 3221712.0 1271568.0 22384.0 21680.0 144.0 64.0 3434992.0 1188624.0 3491472.0 1300944.0 26144.0 25664.0 112.0 96.0 4934240.0 1380192.0 2035200.0 1036016.0 9968.0 10416.0 48.0 0.0 3707648.0 1207312.0 3180432.0 1263232.0 22480.0 21232.0 112.0 48.0 4729248.0 1374416.0 2237664.0 1083936.0 12624.0 11760.0 64.0 32.0 4281328.0 1342576.0 2670144.0 1170448.0 15712.0 15920.0 80.0 32.0 5476400.0 1433456.0 1561968.0 897056.0 7088.0 6944.0 3747600.0 1264624.0 3197568.0 1255040.0 22336.0 21952.0 64.0 80.0 5276784.0 1420992.0 1734112.0 951760.0 8016.0 8176.0 48.0 16.0 4638752.0 1358112.0 2303328.0 1100416.0 12128.0 12064.0 32.0 32.0 5879104.0 1470928.0 1222064.0 771200.0 4896.0 5072.0 6554240.0 1512544.0 592896.0 455920.0 2400.0 1952.0 4849408.0 1397952.0 2124864.0 1056128.0 10976.0 10560.0 64.0 16.0 5054672.0 1432592.0 1958064.0 1008976.0 9328.0 9616.0 64.0 0.0 6456464.0 1504352.0 704448.0 518448.0 2784.0 2752.0 4864448.0 1359584.0 2082560.0 1051216.0 10544.0 9760.0 48.0 32.0 6520160.0 1515152.0 277792.0 240112.0 912.0 928.0 4820800.0 1385248.0 2148048.0 1058672.0 11568.0 10992.0 32.0 16.0 6159536.0 1494032.0 984448.0 666640.0 3856.0 3744.0 5708288.0 1460864.0 1369888.0 826608.0 5856.0 5408.0 4907024.0 1382400.0 2056448.0 1038176.0 10832.0 10544.0 32.0 32.0 6194432.0 1492832.0 957968.0 650048.0 3504.0 3600.0 5778352.0 1466912.0 1311648.0 802576.0 5408.0 5200.0 4781744.0 1364400.0 2171456.0 1072160.0 11200.0 11600.0 64.0 16.0 6156464.0 1498192.0 162464.0 150176.0 624.0 496.0 3367280.0 1132880.0 3499296.0 1307024.0 25840.0 25840.0 96.0 64.0 6187296.0 1491440.0 963040.0 659664.0 3664.0 3520.0 6611680.0 1517808.0 354256.0 299120.0 1152.0 1088.0
49 1 TRACE 74904.0 8.0 74904.0 8.0 74904.0 8.0 74904.0 8.0 74904.0 8.0 74904.0 8.0 74904.0 8.0 74904.0 8.0 74904.0 8.0 74904.0 8.0 74904.0 8.0 74904.0 8.0 74904.0 8.0 74904.0 8.0 74904.0 8.0 74904.0 8.0 74904.0 8.0 74904.0 8.0 74904.0 8.0 74904.0 8.0 74904.0 8.0 74904.0 8.0 74904.0 8.0 74904.0 8.0 74904.0 8.0 74904.0 8.0 74904.0 8.0 74904.0 8.0 74904.0 8.0 74904.0 8.0 74904.0 8.0 74904.0 8.0 74904.0 8.0 74904.0 8.0 74904.0 8.0 74904.0 8.0 74904.0 8.0 74904.0 8.0 74904.0 8.0 74904.0 8.0 74904.0 8.0 74904.0 8.0 74904.0 8.0 74904.0 8.0 74904.0 8.0 74904.0 8.0 74904.0 8.0 74904.0 8.0 74904.0 8.0 74904.0 8.0 74904.0 8.0 74904.0 8.0 74904.0 8.0 74904.0 8.0 74904.0 8.0 74904.0 8.0 74904.0 8.0 74904.0 8.0 74904.0 8.0 74904.0 8.0 74904.0 8.0 74904.0 8.0 74904.0 8.0 74904.0 8.0 74904.0 8.0 74904.0 8.0 74904.0 8.0 74904.0 8.0 74904.0 8.0 74904.0 8.0 74904.0 8.0 74904.0 8.0 74904.0 8.0 74904.0 8.0 74904.0 8.0 74904.0 8.0 74904.0 8.0 74904.0 8.0 74904.0 8.0 74904.0 8.0 74904.0 8.0 74904.0 8.0 74904.0 8.0 74904.0 8.0 74904.0 8.0 74904.0 8.0 74904.0 8.0 74904.0 8.0 74904.0 8.0 74904.0 8.0 74904.0 8.0 74904.0 8.0 74904.0 8.0 74904.0 8.0 74904.0 8.0 74904.0 8.0 74904.0 8.0 74904.0 8.0 74904.0 8.0 74904.0 8.0 74904.0 8.0 74904.0 8.0 74904.0 8.0 74904.0 8.0 74904.0 8.0 74904.0 8.0 74904.0 8.0 74904.0 8.0 74904.0 8.0 74904.0 8.0 74904.0 8.0 74904.0 8.0 74904.0 8.0 74904.0 8.0 74904.0 8.0 74904.0 8.0 74904.0 8.0 74904.0 8.0 74904.0 8.0 74904.0 8.0 74904.0 8.0 74904.0 8.0 74904.0 8.0 74904.0 8.0 74904.0 8.0 74904.0 8.0 74904.0 8.0 74904.0 8.0 74904.0 8.0 74904.0 8.0 74904.0 8.0 74904.0 8.0 74904.0 8.0 74904.0 8.0 74904.0 8.0 74904.0 8.0 74904.0 8.0 74904.0 8.0 74904.0 8.0 74904.0 8.0 74904.0 8.0 74904.0 8.0 74904.0 8.0 74904.0 8.0 74904.0 8.0 74904.0 8.0 74904.0 8.0 74904.0 8.0 74904.0 8.0 74904.0 8.0 74904.0 8.0 74904.0 8.0 74904.0 8.0 74904.0 8.0 74904.0 8.0 74904.0 8.0 74904.0 8.0 74904.0 8.0 74904.0 8.0 74904.0 8.0 74904.0 8.0 74904.0 8.0 74904.0 8.0 74904.0 8.0 74904.0 8.0 74904.0 8.0 74904.0 8.0 74904.0 8.0 74904.0 8.0 74904.0 8.0 74904.0 8.0 74904.0 8.0 74904.0 8.0 74904.0 8.0 74904.0 8.0 74904.0 8.0 74904.0 8.0 74904.0 8.0 74904.0 8.0 74904.0 8.0 74904.0 8.0 74904.0 8.0 74904.0 8.0 74904.0 8.0 74904.0 8.0 74904.0 8.0 74904.0 8.0 74904.0 8.0 74904.0 8.0 74904.0 8.0 74904.0 8.0 74904.0 8.0 74904.0 8.0 74904.0 8.0 74904.0 8.0 74904.0 8.0 74904.0 8.0 74904.0 8.0 74904.0 8.0 74904.0 8.0 74904.0 8.0 74904.0 8.0 74904.0 8.0 74904.0 8.0 74904.0 8.0 74904.0 8.0 74904.0 8.0 74904.0 8.0 74904.0 8.0 74904.0 8.0 74904.0 8.0 74904.0 8.0 74904.0 8.0 74904.0 8.0
50 1 CONSTANT 8.0
51 1 CONSTANT 8.0
52 1 CONSTANT 8.0
53 1 CONSTANT 8.0
54 1 CONSTANT 0.0
55 1 CONSTANT 0.0
56 1 CONSTANT 0.0
57 1 CONSTANT 0.0
58 1 CONSTANT 0.0
59 1 CONSTANT 0.0
60 1 CONSTANT 0.0
61 1 CONSTANT 0.0
62 1 CONSTANT 8.0
