0 1 CONSTANT 8.0
1 1 CONSTANT 8.0
2 1 CONSTANT 0.0
3 1 CONSTANT 8.0
4 1 CONSTANT 8.0
5 1 CONSTANT 8.0
6 1 CONSTANT 8.0
7 1 CONSTANT 8.0
8 1 CONSTANT 8.0
9 1 CONSTANT 0.0
10 1 CONSTANT 0.0
11 1 CONSTANT 0.0
12 1 CONSTANT 0.0
13 1 CONSTANT 8.0
14 1 CONSTANT 4.0
15 1 CONSTANT 4.0
16 1 CONSTANT 0.0
17 1 CONSTANT 0.0
18 1 CONSTANT 0.0
19 1 CONSTANT 0.0
20 1 CONSTANT 4.0
21 1 CONSTANT 8.0
22 1 CONSTANT 8.0
23 1 CONSTANT 8.0
24 1 CONSTANT 8.0
25 1 CONSTANT 4.0
26 1 CONSTANT 4.0
27 1 CONSTANT 8.0
28 1 TRACE 0.0 4.0 124.0 12.0 0.0 28.0 24.0 0.0 0.0 0.0 0.0 0.0 84.0 4.0 4.0 124.0 0.0 0.0 0.0 84.0 0.0 4.0 72.0 0.0 0.0 272.0 0.0 0.0 0.0 64.0 0.0 4.0 136.0 0.0 0.0 4.0 16.0 28.0 0.0 4.0 268.0 0.0 0.0 0.0 92.0 8.0 0.0 0.0 124.0 0.0 0.0 140.0 0.0 4.0 108.0 0.0 0.0 108.0 0.0 0.0 0.0 4.0 0.0 0.0 4.0 0.0 8.0 68.0 0.0 0.0 164.0 0.0 0.0 16.0 48.0 0.0 16.0 40.0 0.0 0.0 180.0 0.0 0.0 4.0 100.0 0.0 0.0 160.0 0.0 0.0 0.0 0.0 0.0 0.0 112.0 12.0 0.0 4.0 116.0 0.0 0.0 12.0 4.0 0.0 4.0 0.0 0.0 0.0 0.0 0.0 96.0 0.0 4.0 72.0 0.0 0.0 60.0 4.0 0.0 184.0 0.0 0.0 4.0 0.0 140.0 0.0 0.0 156.0 8.0 0.0 0.0 0.0 0.0 0.0 92.0 16.0 0.0 0.0 4.0 0.0 36.0 24.0 0.0 0.0 4.0 0.0 4.0 56.0 0.0 0.0 80.0 0.0 0.0 0.0 0.0 4.0 0.0 0.0 0.0 12.0 0.0 4.0 32.0 4.0 0.0 256.0 0.0 0.0 0.0 116.0 16.0 0.0 32.0 12.0 0.0 16.0 52.0 0.0 8.0 148.0 0.0 0.0 4.0 108.0 0.0 0.0 152.0 0.0 0.0 184.0 0.0 0.0 0.0 28.0 28.0 0.0 8.0 48.0 0.0 8.0 156.0 0.0 0.0 0.0 4.0 0.0 36.0 28.0 0.0 0.0 4.0 0.0 0.0 260.0 0.0
29 1 CONSTANT 4.0
30 1 TRACE 0.0 4.0 124.0 12.0 0.0 28.0 24.0 0.0 0.0 0.0 0.0 0.0 84.0 4.0 4.0 124.0 0.0 0.0 0.0 84.0 0.0 4.0 72.0 0.0 0.0 272.0 0.0 0.0 0.0 64.0 0.0 4.0 136.0 0.0 0.0 4.0 16.0 28.0 0.0 4.0 268.0 0.0 0.0 0.0 92.0 8.0 0.0 0.0 124.0 0.0 0.0 140.0 0.0 4.0 108.0 0.0 0.0 108.0 0.0 0.0 0.0 4.0 0.0 0.0 4.0 0.0 8.0 68.0 0.0 0.0 164.0 0.0 0.0 16.0 48.0 0.0 16.0 40.0 0.0 0.0 180.0 0.0 0.0 4.0 100.0 0.0 0.0 160.0 0.0 0.0 0.0 0.0 0.0 0.0 112.0 12.0 0.0 4.0 116.0 0.0 0.0 12.0 4.0 0.0 4.0 0.0 0.0 0.0 0.0 0.0 96.0 0.0 4.0 72.0 0.0 0.0 60.0 4.0 0.0 184.0 0.0 0.0 4.0 0.0 140.0 0.0 0.0 156.0 8.0 0.0 0.0 0.0 0.0 0.0 92.0 16.0 0.0 0.0 4.0 0.0 36.0 24.0 0.0 0.0 4.0 0.0 4.0 56.0 0.0 0.0 80.0 0.0 0.0 0.0 0.0 4.0 0.0 0.0 0.0 12.0 0.0 4.0 32.0 4.0 0.0 256.0 0.0 0.0 0.0 116.0 16.0 0.0 32.0 12.0 0.0 16.0 52.0 0.0 8.0 148.0 0.0 0.0 4.0 108.0 0.0 0.0 152.0 0.0 0.0 184.0 0.0 0.0 0.0 28.0 28.0 0.0 8.0 48.0 0.0 8.0 156.0 0.0 0.0 0.0 4.0 0.0 36.0 28.0 0.0 0.0 4.0 0.0 0.0 260.0 0.0
31 1 CONSTANT 8.0
32 1 CONSTANT 8.0
33 1 CONSTANT 4.0
34 1 CONSTANT 0.0
35 1 CONSTANT 0.0
36 1 CONSTANT 8.0
37 1 CONSTANT 8.0
38 1 CONSTANT 8.0
39 1 TRACE 8.0 8.0 0.0 0.0 8.0 0.0 0.0 8.0 0.0 0.0 8.0 0.0 0.0 8.0 0.0 8.0 0.0 8.0 0.0 0.0 8.0 0.0 0.0 8.0 0.0 8.0 0.0 8.0 0.0 0.0 8.0 0.0 8.0 0.0 8.0 8.0 0.0 0.0 8.0 0.0 8.0 0.0 8.0 8.0 0.0 0.0 8.0 0.0 0.0 8.0 0.0 0.0 8.0 0.0 0.0 8.0 0.0 8.0 0.0 8.0 0.0 0.0 8.0 0.0 0.0 8.0 0.0 0.0 8.0 0.0 8.0 0.0 8.0 0.0 0.0 8.0 0.0 0.0 8.0 0.0 8.0 0.0 8.0 0.0 0.0 8.0 0.0 8.0 0.0 8.0 0.0 0.0 8.0 8.0 0.0 0.0 8.0 0.0 0.0 8.0 0.0 0.0 8.0 0.0 0.0 8.0 0.0 0.0 8.0 0.0 0.0 8.0 0.0 0.0 8.0 0.0 0.0 8.0 0.0 8.0 0.0 8.0 8.0 0.0 0.0 8.0 8.0 0.0 0.0 8.0 0.0 0.0 8.0 8.0 0.0 0.0 8.0 0.0 0.0 8.0 0.0 0.0 8.0 0.0 0.0 8.0 0.0 0.0 8.0 0.0 0.0 8.0 0.0 0.0 8.0 0.0 0.0 8.0 0.0 0.0 8.0 0.0 0.0 8.0 0.0 8.0 0.0 8.0 8.0 0.0 0.0 8.0 0.0 0.0 8.0 0.0 0.0 8.0 0.0 8.0 0.0 8.0 0.0 0.0 8.0 0.0 0.0 8.0 0.0 8.0 0.0 8.0 8.0 0.0 0.0 8.0 0.0 0.0 8.0 0.0 8.0 0.0 8.0 0.0 0.0 8.0 0.0 0.0 8.0 0.0 0.0 8.0 0.0 8.0 0.0
40 1 CONSTANT 8.0
41 1 CONSTANT 8.0
42 1 CONSTANT 8.0
43 1 CONSTANT 6232.0
44 1 CONSTANT 6224.0
45 1 CONSTANT 8.0
46 1 CONSTANT 6232.0
47 1 CONSTANT 4.0
48 1 TRACE 249296.0 102992.0 66128.0 46624.0 37392.0 2128.0 1792.0 1888.0 1952.0 1632.0 0.0 16.0 0.0 0.0 0.0 324496.0 113088.0 71248.0 48928.0 39344.0 4448.0 3248.0 3712.0 3840.0 3328.0 0.0 16.0 0.0 0.0 0.0 305312.0 98928.0 67936.0 47376.0 40528.0 69200.0 48992.0 38928.0 31152.0 25968.0 288.0 224.0 336.0 272.0 240.0 0.0 0.0 0.0 0.0 0.0 390944.0 113728.0 73392.0 51120.0 41216.0 21760.0 18912.0 17232.0 15424.0 13552.0 80.0 48.0 112.0 48.0 32.0 377312.0 111536.0 73088.0 50560.0 40112.0 30848.0 25904.0 22544.0 19680.0 17936.0 96.0 48.0 208.0 96.0 64.0 393840.0 115392.0 73760.0 50288.0 41008.0 17792.0 15536.0 14576.0 13168.0 12048.0 80.0 48.0 64.0 32.0 32.0 395456.0 115552.0 73488.0 50208.0 41120.0 17040.0 14976.0 14096.0 13248.0 11520.0 32.0 32.0 80.0 64.0 16.0 323184.0 101408.0 69984.0 49008.0 41296.0 59056.0 44752.0 35072.0 28928.0 24688.0 224.0 144.0 224.0 208.0 208.0 395920.0 116000.0 73936.0 50176.0 40576.0 16912.0 14400.0 13408.0 12704.0 11104.0 32.0 32.0 48.0 16.0 16.0 382128.0 111472.0 72672.0 51184.0 41280.0 26752.0 24304.0 21040.0 17936.0 16128.0 112.0 48.0 96.0 96.0 32.0 363808.0 113856.0 72576.0 49536.0 39472.0 6848.0 5696.0 5968.0 6064.0 5440.0 0.0 16.0 48.0 16.0 0.0 337536.0 104384.0 70848.0 49616.0 39920.0 51504.0 39344.0 31952.0 26768.0 22992.0 240.0 112.0 240.0 112.0 160.0 264640.0 106432.0 68208.0 47456.0 38096.0 2544.0 1968.0 2208.0 2224.0 1920.0 0.0 16.0 16.0 0.0 0.0 378240.0 112288.0 73088.0 51056.0 40736.0 29632.0 25152.0 21968.0 18816.0 17072.0 128.0 96.0 112.0 80.0 96.0 370560.0 111216.0 72656.0 51248.0 41344.0 34160.0 27136.0 23968.0 20176.0 18160.0 80.0 48.0 176.0 128.0 64.0 384032.0 112176.0 72800.0 49792.0 41360.0 26848.0 22800.0 19920.0 18048.0 15600.0 48.0 80.0 128.0 48.0 48.0 383616.0 113248.0 72816.0 49872.0 39824.0 25280.0 21536.0 19440.0 17264.0 15760.0 64.0 80.0 80.0 64.0 0.0 174880.0 59840.0 48304.0 34304.0 27568.0 161424.0 86128.0 59152.0 43392.0 35392.0 912.0 720.0 928.0 960.0 752.0 0.0 16.0 0.0 0.0 0.0 259664.0 88880.0 63968.0 46384.0 38672.0 99216.0 64064.0 46912.0 36304.0 30144.0 400.0 304.0 528.0 320.0 336.0 0.0 16.0 0.0 0.0 0.0 387952.0 113584.0 73504.0 51056.0 40288.0 22784.0 19856.0 17488.0 15728.0 14272.0 32.0 32.0 112.0 32.0 32.0 352912.0 109488.0 72160.0 50944.0 41808.0 44048.0 34032.0 28880.0 24176.0 21088.0 112.0 96.0 224.0 96.0 64.0 392448.0 114960.0 73520.0 49712.0 40912.0 13296.0 11600.0 10368.0 10528.0 9136.0 0.0 32.0 64.0 48.0 0.0 385568.0 116352.0 73040.0 50400.0 40240.0 9632.0 8304.0 8416.0 8368.0 7408.0 16.0 32.0 48.0 0.0 0.0 362272.0 110432.0 74224.0 50736.0 42864.0 38496.0 29808.0 26224.0 22560.0 18960.0 176.0 112.0 192.0 80.0 32.0 392800.0 116416.0 73536.0 50928.0 40960.0 19856.0 16976.0 16160.0 14448.0 12960.0 80.0 48.0 48.0 48.0 16.0 364608.0 110304.0 73088.0 50960.0 41360.0 36736.0 30432.0 25648.0 22240.0 18896.0 144.0 96.0 224.0 96.0 64.0 266896.0 91168.0 65664.0 46432.0 38272.0 93024.0 60560.0 45744.0 35552.0 29216.0 528.0 256.0 528.0 416.0 272.0 0.0 0.0 0.0 0.0 0.0 243536.0 103152.0 66560.0 46720.0 38000.0 1936.0 1584.0 1872.0 1920.0 1776.0 0.0 16.0 16.0 0.0 0.0 384400.0 112672.0 73008.0 50752.0 40784.0 27376.0 22416.0 20944.0 17840.0 15904.0 112.0 80.0 96.0 80.0 32.0 176816.0 64096.0 48112.0 36336.0 29520.0 161936.0 85184.0 59360.0 43296.0 35216.0 1040.0 576.0 912.0 816.0 784.0 0.0 0.0 0.0 0.0 0.0 182672.0 71712.0 52560.0 38000.0 31376.0 160912.0 84896.0 59232.0 43024.0 35536.0 784.0 752.0 864.0 992.0 736.0 0.0 0.0 0.0 0.0 0.0 272464.0 86784.0 63504.0 45712.0 37968.0 90736.0 61040.0 45536.0 35168.0 29024.0 480.0 304.0 432.0 416.0 320.0 0.0 16.0 0.0 0.0 0.0 392336.0 115120.0 74496.0 50304.0 40608.0 18112.0 15216.0 14304.0 13632.0 12000.0 96.0 48.0 64.0 48.0 0.0 393056.0 114192.0 73168.0 50672.0 40560.0 20400.0 17808.0 15856.0 14336.0 13008.0 32.0 64.0 64.0 16.0 32.0 389248.0 115408.0 73104.0 49760.0 40016.0 11232.0 10144.0 9264.0 9392.0 8608.0 32.0 32.0 48.0 16.0 0.0 356496.0 106992.0 72816.0 50592.0 40560.0 42432.0 34160.0 28096.0 23712.0 20480.0 160.0 96.0 192.0 128.0 96.0 366560.0 109968.0 71744.0 50608.0 41088.0 36528.0 29152.0 25584.0 21440.0 18976.0 128.0 80.0 192.0 96.0 80.0 218448.0 98368.0 64560.0 45888.0 37104.0 1424.0 1120.0 1456.0 1456.0 1328.0 0.0 16.0 0.0 0.0 0.0 261232.0 85680.0 62880.0 45424.0 38384.0 98592.0 63488.0 47696.0 36816.0 30320.0 448.0 288.0 544.0 416.0 320.0 0.0 0.0 0.0 0.0 0.0 249312.0 103344.0 67088.0 47520.0 38352.0 1952.0 1728.0 1824.0 2032.0 1472.0 0.0 16.0 0.0 0.0 0.0 266560.0 89952.0 65584.0 47088.0 39968.0 95760.0 61808.0 45888.0 35856.0 29216.0 496.0 256.0 448.0 384.0 400.0 0.0 16.0 0.0 0.0 0.0 330336.0 112688.0 70832.0 48480.0 38464.0 4528.0 3664.0 3856.0 4320.0 3680.0 0.0 32.0 0.0 0.0 0.0 235488.0 81744.0 61872.0 43680.0 36320.0 115440.0 70592.0 50784.0 38448.0 31728.0 560.0 464.0 592.0 528.0 416.0 0.0 16.0 0.0 0.0 0.0 395168.0 116896.0 74192.0 50736.0 41152.0 14832.0 12880.0 11696.0 11136.0 10288.0 32.0 32.0 64.0 48.0 0.0 391232.0 114080.0 73568.0 50928.0 41312.0 20560.0 18240.0 16272.0 14688.0 13376.0 64.0 48.0 96.0 64.0 0.0 199584.0 71808.0 54240.0 39152.0 34112.0 147440.0 82080.0 56064.0 41664.0 33904.0 832.0 640.0 768.0 720.0 624.0 0.0 0.0 0.0 0.0 0.0 290704.0 93232.0 65136.0 45424.0 38784.0 78384.0 54320.0 42400.0 33072.0 27680.0 304.0 240.0 480.0 272.0 192.0 0.0 0.0 0.0 0.0 0.0 189440.0 77120.0 58496.0 42464.0 34928.0 160864.0 83856.0 58000.0 41952.0 34432.0 992.0 768.0 800.0 928.0 800.0 0.0 16.0 0.0 0.0 0.0 385520.0 117760.0 74416.0 50304.0 40928.0 10128.0 8736.0 8608.0 8336.0 7296.0 0.0 32.0 48.0 16.0 16.0 339424.0 106672.0 71600.0 50576.0 43072.0 52080.0 39632.0 31936.0 26848.0 22336.0 240.0 128.0 272.0 208.0 80.0 247184.0 102464.0 66432.0 46992.0 37776.0 1888.0 1664.0 1904.0 2160.0 1584.0 0.0 16.0 0.0 0.0 0.0 339504.0 112000.0 70704.0 49040.0 39408.0 4976.0 3968.0 4416.0 4480.0 3664.0 0.0 16.0 0.0 16.0 0.0 393904.0 116672.0 73920.0 49952.0 40544.0 13584.0 11808.0 11456.0 11040.0 9712.0 48.0 16.0 32.0 16.0 0.0 368064.0 109264.0 72224.0 50528.0 41296.0 35200.0 29008.0 24944.0 21488.0 18320.0 144.0 80.0 192.0 128.0 64.0 389504.0 114064.0 74144.0 49552.0 41056.0 22560.0 19168.0 17312.0 16192.0 13984.0 112.0 80.0 112.0 64.0 32.0 365616.0 110240.0 73152.0 50640.0 41328.0 35552.0 28560.0 24528.0 21776.0 18640.0 144.0 96.0 176.0 144.0 48.0 353376.0 108976.0 72256.0 49824.0 42064.0 43200.0 33152.0 28896.0 24128.0 20656.0 144.0 80.0 224.0 144.0 112.0 339184.0 114512.0 72352.0 49312.0 39376.0 5024.0 4000.0 4192.0 4480.0 3872.0 0.0 16.0 16.0 16.0 0.0 384656.0 114512.0 73120.0 49936.0 40048.0 9280.0 8688.0 7888.0 8160.0 7392.0 0.0 16.0 32.0 48.0 0.0 372832.0 111248.0 72256.0 51104.0 40544.0 33104.0 27712.0 23648.0 20560.0 18112.0 128.0 96.0 192.0 80.0 96.0 237392.0 82848.0 62112.0 46032.0 37712.0 117488.0 71152.0 51792.0 38976.0 31872.0 672.0 448.0 656.0 528.0 368.0 0.0 0.0 0.0 0.0 0.0 357104.0 114784.0 72976.0 49344.0 39856.0 6672.0 5200.0 5168.0 5520.0 4688.0 0.0 16.0 0.0 0.0 0.0 173520.0 60368.0 47504.0 35360.0 29488.0 167456.0 87824.0 60160.0 43616.0 35680.0 992.0 784.0 880.0 1024.0 704.0 0.0 0.0 0.0 0.0 0.0 339280.0 104480.0 69232.0 49248.0 40448.0 51200.0 38624.0 31984.0 27008.0 23136.0 272.0 96.0 224.0 160.0 128.0
49 1 TRACE 6232.0 6240.0 6232.0 6240.0 8.0 6232.0 6240.0 6232.0 6240.0 8.0 6232.0 6240.0 6232.0 6240.0 8.0 6232.0 6240.0 6232.0 6240.0 8.0 6232.0 6240.0 6232.0 6240.0 8.0 6232.0 6240.0 6232.0 6240.0 8.0 6232.0 6240.0 6232.0 6240.0 8.0 6232.0 6240.0 6232.0 6240.0 8.0 6232.0 6240.0 6232.0 6240.0 8.0 6232.0 6240.0 6232.0 6240.0 8.0 6232.0 6240.0 6232.0 6240.0 8.0 6232.0 6240.0 6232.0 6240.0 8.0 6232.0 6240.0 6232.0 6240.0 8.0 6232.0 6240.0 6232.0 6240.0 8.0 6232.0 6240.0 6232.0 6240.0 8.0 6232.0 6240.0 6232.0 6240.0 8.0 6232.0 6240.0 6232.0 6240.0 8.0 6232.0 6240.0 6232.0 6240.0 8.0 6232.0 6240.0 6232.0 6240.0 8.0 6232.0 6240.0 6232.0 6240.0 8.0 6232.0 6240.0 6232.0 6240.0 8.0 6232.0 6240.0 6232.0 6240.0 8.0 6232.0 6240.0 6232.0 6240.0 8.0 6232.0 6240.0 6232.0 6240.0 8.0 6232.0 6240.0 6232.0 6240.0 8.0 6232.0 6240.0 6232.0 6240.0 8.0 6232.0 6240.0 6232.0 6240.0 8.0 6232.0 6240.0 6232.0 6240.0 8.0 6232.0 6240.0 6232.0 6240.0 8.0 6232.0 6240.0 6232.0 6240.0 8.0 6232.0 6240.0 6232.0 6240.0 8.0 6232.0 6240.0 6232.0 6240.0 8.0 6232.0 6240.0 6232.0 6240.0 8.0 6232.0 6240.0 6232.0 6240.0 8.0 6232.0 6240.0 6232.0 6240.0 8.0 6232.0 6240.0 6232.0 6240.0 8.0 6232.0 6240.0 6232.0 6240.0 8.0 6232.0 6240.0 6232.0 6240.0 8.0 6232.0 6240.0 6232.0 6240.0 8.0 6232.0 6240.0 6232.0 6240.0 8.0 6232.0 6240.0 6232.0 6240.0 8.0 6232.0 6240.0 6232.0 6240.0 8.0 6232.0 6240.0 6232.0 6240.0 8.0 6232.0 6240.0 6232.0 6240.0 8.0 6232.0 6240.0 6232.0 6240.0 8.0 6232.0 6240.0 6232.0 6240.0 8.0 6232.0 6240.0 6232.0 6240.0 8.0 6232.0 6240.0 6232.0 6240.0 8.0 6232.0 6240.0 6232.0 6240.0 8.0 6232.0 6240.0 6232.0 6240.0 8.0 6232.0 6240.0 6232.0 6240.0 8.0 6232.0 6240.0 6232.0 6240.0 8.0 6232.0 6240.0 6232.0 6240.0 8.0 6232.0 6240.0 6232.0 6240.0 8.0 6232.0 6240.0 6232.0 6240.0 8.0 6232.0 6240.0 6232.0 6240.0 8.0 6232.0 6240.0 6232.0 6240.0 8.0 6232.0 6240.0 6232.0 6240.0 8.0 6232.0 6240.0 6232.0 6240.0 8.0 6232.0 6240.0 6232.0 6240.0 8.0 6232.0 6240.0 6232.0 6240.0 8.0 6232.0 6240.0 6232.0 6240.0 8.0 6232.0 6240.0 6232.0 6240.0 8.0 6232.0 6240.0 6232.0 6240.0 8.0 6232.0 6240.0 6232.0 6240.0 8.0 6232.0 6240.0 6232.0 6240.0 8.0 6232.0 6240.0 6232.0 6240.0 8.0 6232.0 6240.0 6232.0 6240.0 8.0 6232.0 6240.0 6232.0 6240.0 8.0 6232.0 6240.0 6232.0 6240.0 8.0 6232.0 6240.0 6232.0 6240.0 8.0 6232.0 6240.0 6232.0 6240.0 8.0 6232.0 6240.0 6232.0 6240.0 8.0 6232.0 6240.0 6232.0 6240.0 8.0 6232.0 6240.0 6232.0 6240.0 8.0 6232.0 6240.0 6232.0 6240.0 8.0 6232.0 6240.0 6232.0 6240.0 8.0 6232.0 6240.0 6232.0 6240.0 8.0 6232.0 6240.0 6232.0 6240.0 8.0 6232.0 6240.0 6232.0 6240.0 8.0 6232.0 6240.0 6232.0 6240.0 8.0 6232.0 6240.0 6232.0 6240.0 8.0 6232.0 6240.0 6232.0 6240.0 8.0 6232.0 6240.0 6232.0 6240.0 8.0 6232.0 6240.0 6232.0 6240.0 8.0 6232.0 6240.0 6232.0 6240.0 8.0 6232.0 6240.0 6232.0 6240.0 8.0 6232.0 6240.0 6232.0 6240.0 8.0 6232.0 6240.0 6232.0 6240.0 8.0 6232.0 6240.0 6232.0 6240.0 8.0 6232.0 6240.0 6232.0 6240.0 8.0 6232.0 6240.0 6232.0 6240.0 8.0 6232.0 6240.0 6232.0 6240.0 8.0 6232.0 6240.0 6232.0 6240.0 8.0 6232.0 6240.0 6232.0 6240.0 8.0 6232.0 6240.0 6232.0 6240.0 8.0 6232.0 6240.0 6232.0 6240.0 8.0 6232.0 6240.0 6232.0 6240.0 8.0 6232.0 6240.0 6232.0 6240.0 8.0 6232.0 6240.0 6232.0 6240.0 8.0 6232.0 6240.0 6232.0 6240.0 8.0 6232.0 6240.0 6232.0 6240.0 8.0 6232.0 6240.0 6232.0 6240.0 8.0 6232.0 6240.0 6232.0 6240.0 8.0 6232.0 6240.0 6232.0 6240.0 8.0 6232.0 6240.0 6232.0 6240.0 8.0 6232.0 6240.0 6232.0 6240.0 8.0 6232.0 6240.0 6232.0 6240.0 8.0 6232.0 6240.0 6232.0 6240.0 8.0 6232.0 6240.0 6232.0 6240.0 8.0 6232.0 6240.0 6232.0 6240.0 8.0 6232.0 6240.0 6232.0 6240.0 8.0 6232.0 6240.0 6232.0 6240.0 8.0 6232.0 6240.0 6232.0 6240.0 8.0 6232.0 6240.0 6232.0 6240.0 8.0 6232.0 6240.0 6232.0 6240.0 8.0 6232.0 6240.0 6232.0 6240.0 8.0 6232.0 6240.0 6232.0 6240.0 8.0 6232.0 6240.0 6232.0 6240.0 8.0 6232.0 6240.0 6232.0 6240.0 8.0 6232.0 6240.0 6232.0 6240.0 8.0 6232.0 6240.0 6232.0 6240.0 8.0 6232.0 6240.0 6232.0 6240.0 8.0 6232.0 6240.0 6232.0 6240.0 8.0 6232.0 6240.0 6232.0 6240.0 8.0 6232.0 6240.0 6232.0 6240.0 8.0 6232.0 6240.0 6232.0 6240.0 8.0 6232.0 6240.0 6232.0 6240.0 8.0 6232.0 6240.0 6232.0 6240.0 8.0 6232.0 6240.0 6232.0 6240.0 8.0 6232.0 6240.0 6232.0 6240.0 8.0 6232.0 6240.0 6232.0 6240.0 8.0 6232.0 6240.0 6232.0 6240.0 8.0 6232.0 6240.0 6232.0 6240.0 8.0 6232.0 6240.0 6232.0 6240.0 8.0 6232.0 6240.0 6232.0 6240.0 8.0 6232.0 6240.0 6232.0 6240.0 8.0 6232.0 6240.0 6232.0 6240.0 8.0 6232.0 6240.0 6232.0 6240.0 8.0 6232.0 6240.0 6232.0 6240.0 8.0 6232.0 6240.0 6232.0 6240.0 8.0 6232.0 6240.0 6232.0 6240.0 8.0 6232.0 6240.0 6232.0 6240.0 8.0 6232.0 6240.0 6232.0 6240.0 8.0 6232.0 6240.0 6232.0 6240.0 8.0 6232.0 6240.0 6232.0 6240.0 8.0 6232.0 6240.0 6232.0 6240.0 8.0 6232.0 6240.0 6232.0 6240.0 8.0 6232.0 6240.0 6232.0 6240.0 8.0 6232.0 6240.0 6232.0 6240.0 8.0 6232.0 6240.0 6232.0 6240.0 8.0 6232.0 6240.0 6232.0 6240.0 8.0 6232.0 6240.0 6232.0 6240.0 8.0 6232.0 6240.0 6232.0 6240.0 8.0 6232.0 6240.0 6232.0 6240.0 8.0 6232.0 6240.0 6232.0 6240.0 8.0 6232.0 6240.0 6232.0 6240.0 8.0 6232.0 6240.0 6232.0 6240.0 8.0 6232.0 6240.0 6232.0 6240.0 8.0 6232.0 6240.0 6232.0 6240.0 8.0 6232.0 6240.0 6232.0 6240.0 8.0 6232.0 6240.0 6232.0 6240.0 8.0 6232.0 6240.0 6232.0 6240.0 8.0 6232.0 6240.0 6232.0 6240.0 8.0 6232.0 6240.0 6232.0 6240.0 8.0 6232.0 6240.0 6232.0 6240.0 8.0 6232.0 6240.0 6232.0 6240.0 8.0 6232.0 6240.0 6232.0 6240.0 8.0 6232.0 6240.0 6232.0 6240.0 8.0 6232.0 6240.0 6232.0 6240.0 8.0 6232.0 6240.0 6232.0 6240.0 8.0 6232.0 6240.0 6232.0 6240.0 8.0 6232.0 6240.0 6232.0 6240.0 8.0 6232.0 6240.0 6232.0 6240.0 8.0 6232.0 6240.0 6232.0 6240.0 8.0 6232.0 6240.0 6232.0 6240.0 8.0 6232.0 6240.0 6232.0 6240.0 8.0 6232.0 6240.0 6232.0 6240.0 8.0 6232.0 6240.0 6232.0 6240.0 8.0 6232.0 6240.0 6232.0 6240.0 8.0 6232.0 6240.0 6232.0 6240.0 8.0 6232.0 6240.0 6232.0 6240.0 8.0 6232.0 6240.0 6232.0 6240.0 8.0 6232.0 6240.0 6232.0 6240.0 8.0 6232.0 6240.0 6232.0 6240.0 8.0 6232.0 6240.0 6232.0 6240.0 8.0 6232.0 6240.0 6232.0 6240.0 8.0 6232.0 6240.0 6232.0 6240.0 8.0 6232.0 6240.0 6232.0 6240.0 8.0 6232.0 6240.0 6232.0 6240.0 8.0 6232.0 6240.0 6232.0 6240.0 8.0 6232.0 6240.0 6232.0 6240.0 8.0 6232.0 6240.0 6232.0 6240.0 8.0 6232.0 6240.0 6232.0 6240.0 8.0 6232.0 6240.0 6232.0 6240.0 8.0 6232.0 6240.0 6232.0 6240.0 8.0 6232.0 6240.0 6232.0 6240.0 8.0 6232.0 6240.0 6232.0 6240.0 8.0 6232.0 6240.0 6232.0 6240.0 8.0 6232.0 6240.0 6232.0 6240.0 8.0 6232.0 6240.0 6232.0 6240.0 8.0 6232.0 6240.0 6232.0 6240.0 8.0 6232.0 6240.0 6232.0 6240.0 8.0 6232.0 6240.0 6232.0 6240.0 8.0 6232.0 6240.0 6232.0 6240.0 8.0 6232.0 6240.0 6232.0 6240.0 8.0 6232.0 6240.0 6232.0 6240.0 8.0
50 1 CONSTANT 8.0
51 1 CONSTANT 8.0
52 1 CONSTANT 8.0
53 1 CONSTANT 8.0
54 1 CONSTANT 0.0
55 1 CONSTANT 0.0
56 1 CONSTANT 0.0
57 1 CONSTANT 0.0
58 1 CONSTANT 0.0
59 1 CONSTANT 0.0
60 1 CONSTANT 0.0
61 1 CONSTANT 0.0
62 1 CONSTANT 8.0
