0 1 CONSTANT 8.0
1 1 CONSTANT 8.0
2 1 CONSTANT 0.0
3 1 CONSTANT 8.0
4 1 CONSTANT 8.0
5 1 CONSTANT 8.0
6 1 CONSTANT 8.0
7 1 CONSTANT 8.0
8 1 CONSTANT 8.0
9 1 CONSTANT 0.0
10 1 CONSTANT 0.0
11 1 CONSTANT 0.0
12 1 CONSTANT 0.0
13 1 CONSTANT 8.0
14 1 CONSTANT 4.0
15 1 CONSTANT 4.0
16 1 CONSTANT 0.0
17 1 CONSTANT 0.0
18 1 CONSTANT 0.0
19 1 CONSTANT 0.0
20 1 CONSTANT 4.0
21 1 CONSTANT 8.0
22 1 CONSTANT 8.0
23 1 CONSTANT 8.0
24 1 CONSTANT 8.0
25 1 CONSTANT 4.0
26 1 CONSTANT 4.0
27 1 CONSTANT 8.0
28 1 TRACE 0.0 8.0 44.0 0.0 4.0 180.0 0.0 48.0 24.0 4.0 32.0 24.0 4.0 4.0 108.0 4.0 0.0 12.0 100.0 0.0 4.0 0.0 0.0 16.0 60.0 0.0 0.0 52.0 0.0 16.0 32.0 4.0 20.0 24.0 0.0 12.0 16.0 0.0 0.0 140.0 0.0 0.0 4.0 40.0 0.0 0.0 180.0 0.0 16.0 16.0 0.0 0.0 92.0 0.0 4.0 40.0 24.0 0.0 0.0 0.0 0.0 12.0 52.0 0.0 0.0 0.0 0.0 0.0 0.0 0.0 8.0 48.0 4.0 0.0 80.0 0.0 0.0 292.0 0.0 4.0 12.0 20.0 0.0 0.0 0.0 0.0 12.0 40.0 0.0 0.0 148.0 0.0 0.0 40.0 4.0 48.0 12.0 0.0 16.0 32.0 4.0 12.0 36.0 0.0 132.0 4.0 0.0 4.0 4.0 20.0 20.0 0.0 4.0 96.0 0.0 0.0 80.0 0.0 0.0 80.0 8.0 0.0 4.0 148.0 0.0 0.0 168.0 0.0 0.0 16.0 260.0 0.0 0.0 32.0 28.0 0.0 8.0 20.0 0.0 0.0 176.0 0.0 0.0 4.0 80.0 0.0 0.0 172.0 0.0 84.0 8.0 0.0 0.0 4.0 0.0 0.0 0.0 0.0 64.0 0.0 0.0 108.0 0.0 4.0 48.0 4.0 4.0 64.0 0.0 4.0 92.0 0.0 4.0 4.0 0.0 0.0 260.0 0.0 0.0 4.0 136.0 0.0 8.0 144.0 0.0 0.0 104.0 0.0 32.0 16.0 0.0 0.0 152.0 4.0 0.0 0.0 0.0 0.0 16.0 124.0
29 1 CONSTANT 4.0
30 1 TRACE 0.0 8.0 44.0 0.0 4.0 180.0 0.0 48.0 24.0 4.0 32.0 24.0 4.0 4.0 108.0 4.0 0.0 12.0 100.0 0.0 4.0 0.0 0.0 16.0 60.0 0.0 0.0 52.0 0.0 16.0 32.0 4.0 20.0 24.0 0.0 12.0 16.0 0.0 0.0 140.0 0.0 0.0 4.0 40.0 0.0 0.0 180.0 0.0 16.0 16.0 0.0 0.0 92.0 0.0 4.0 40.0 24.0 0.0 0.0 0.0 0.0 12.0 52.0 0.0 0.0 0.0 0.0 0.0 0.0 0.0 8.0 48.0 4.0 0.0 80.0 0.0 0.0 292.0 0.0 4.0 12.0 20.0 0.0 0.0 0.0 0.0 12.0 40.0 0.0 0.0 148.0 0.0 0.0 40.0 4.0 48.0 12.0 0.0 16.0 32.0 4.0 12.0 36.0 0.0 132.0 4.0 0.0 4.0 4.0 20.0 20.0 0.0 4.0 96.0 0.0 0.0 80.0 0.0 0.0 80.0 8.0 0.0 4.0 148.0 0.0 0.0 168.0 0.0 0.0 16.0 260.0 0.0 0.0 32.0 28.0 0.0 8.0 20.0 0.0 0.0 176.0 0.0 0.0 4.0 80.0 0.0 0.0 172.0 0.0 84.0 8.0 0.0 0.0 4.0 0.0 0.0 0.0 0.0 64.0 0.0 0.0 108.0 0.0 4.0 48.0 4.0 4.0 64.0 0.0 4.0 92.0 0.0 4.0 4.0 0.0 0.0 260.0 0.0 0.0 4.0 136.0 0.0 8.0 144.0 0.0 0.0 104.0 0.0 32.0 16.0 0.0 0.0 152.0 4.0 0.0 0.0 0.0 0.0 16.0 124.0
31 1 CONSTANT 8.0
32 1 CONSTANT 8.0
33 1 CONSTANT 4.0
34 1 CONSTANT 0.0
35 1 CONSTANT 0.0
36 1 CONSTANT 8.0
37 1 CONSTANT 8.0
38 1 CONSTANT 8.0
39 1 TRACE 8.0 0.0 0.0 8.0 0.0 0.0 8.0 0.0 0.0 8.0 0.0 0.0 8.0 8.0 0.0 0.0 8.0 0.0 0.0 8.0 0.0 0.0 8.0 0.0 0.0 8.0 0.0 0.0 8.0 0.0 0.0 8.0 0.0 0.0 8.0 0.0 0.0 8.0 8.0 0.0 0.0 8.0 0.0 0.0 8.0 0.0 0.0 8.0 0.0 0.0 8.0 0.0 0.0 8.0 8.0 0.0 0.0 8.0 0.0 0.0 8.0 0.0 0.0 8.0 0.0 0.0 8.0 0.0 0.0 8.0 0.0 0.0 8.0 0.0 0.0 8.0 0.0 8.0 0.0 8.0 0.0 0.0 8.0 0.0 0.0 8.0 0.0 0.0 8.0 0.0 0.0 8.0 0.0 0.0 8.0 0.0 0.0 8.0 0.0 0.0 8.0 0.0 0.0 8.0 0.0 0.0 0.0 0.0 8.0 0.0 0.0 8.0 0.0 0.0 8.0 0.0 0.0 8.0 8.0 0.0 0.0 8.0 0.0 0.0 8.0 0.0 8.0 0.0 8.0 0.0 8.0 0.0 8.0 0.0 0.0 8.0 0.0 0.0 8.0 0.0 8.0 0.0 8.0 0.0 0.0 8.0 0.0 0.0 8.0 0.0 0.0 0.0 0.0 8.0 0.0 0.0 8.0 0.0 0.0 8.0 0.0 0.0 8.0 0.0 0.0 8.0 0.0 0.0 8.0 0.0 0.0 8.0 0.0 0.0 8.0 0.0 8.0 0.0 8.0 0.0 0.0 8.0 0.0 0.0 8.0 0.0 0.0 8.0 0.0 0.0 8.0 8.0 0.0 0.0 8.0 0.0 0.0 8.0 0.0 0.0
40 1 CONSTANT 8.0
41 1 CONSTANT 8.0
42 1 CONSTANT 8.0
43 1 CONSTANT 4656.0
44 1 CONSTANT 4648.0
45 1 CONSTANT 8.0
46 1 CONSTANT 4656.0
47 1 CONSTANT 4.0
48 1 TRACE 360368.0 94656.0 54736.0 14160.0 13200.0 11312.0 16.0 32.0 32.0 323056.0 98656.0 57872.0 56464.0 38304.0 29456.0 224.0 240.0 208.0 311792.0 89872.0 51920.0 5376.0 5680.0 5296.0 0.0 16.0 0.0 338752.0 92128.0 53296.0 8160.0 8112.0 7264.0 0.0 32.0 48.0 243408.0 82784.0 50368.0 2480.0 2640.0 2192.0 0.0 0.0 16.0 357856.0 95040.0 54640.0 27664.0 23424.0 20080.0 128.0 64.0 112.0 280848.0 99552.0 60784.0 93872.0 52992.0 36208.0 464.0 448.0 480.0 0.0 0.0 0.0 361248.0 94960.0 55056.0 16752.0 15136.0 12896.0 80.0 64.0 96.0 363376.0 96192.0 55264.0 16864.0 16016.0 14464.0 80.0 32.0 80.0 355776.0 94352.0 54448.0 12352.0 11440.0 10592.0 16.0 48.0 64.0 329408.0 90512.0 52336.0 6768.0 7280.0 6816.0 16.0 16.0 16.0 327104.0 91216.0 53584.0 6672.0 6864.0 6144.0 0.0 16.0 16.0 226944.0 81712.0 49440.0 2000.0 2112.0 2368.0 0.0 0.0 0.0 354848.0 94896.0 54032.0 12288.0 11536.0 10976.0 48.0 80.0 64.0 329888.0 98176.0 56960.0 49920.0 36240.0 28544.0 192.0 224.0 240.0 327552.0 90672.0 52912.0 6528.0 7024.0 6320.0 16.0 32.0 0.0 351264.0 97424.0 57200.0 34992.0 27040.0 22080.0 128.0 128.0 128.0 333312.0 93680.0 54064.0 7312.0 6800.0 6656.0 32.0 32.0 16.0 216192.0 95712.0 55120.0 151712.0 67968.0 44000.0 992.0 960.0 928.0 0.0 0.0 0.0 362992.0 95920.0 55184.0 18672.0 16320.0 14944.0 64.0 48.0 80.0 231456.0 94256.0 55696.0 135520.0 64992.0 42416.0 640.0 752.0 784.0 0.0 0.0 0.0 267232.0 90016.0 51808.0 96288.0 55488.0 38640.0 512.0 464.0 416.0 0.0 0.0 0.0 362672.0 95424.0 54496.0 18064.0 16480.0 14448.0 64.0 64.0 64.0 359392.0 95360.0 54432.0 23504.0 19920.0 17344.0 112.0 80.0 64.0 303136.0 96736.0 57360.0 73120.0 46368.0 33008.0 320.0 336.0 352.0 300608.0 89424.0 51456.0 4448.0 4864.0 4528.0 16.0 0.0 16.0 274960.0 95296.0 57248.0 94208.0 54672.0 37264.0 448.0 480.0 432.0 0.0 0.0 0.0 355472.0 94704.0 53760.0 11392.0 11056.0 10544.0 0.0 64.0 32.0 330912.0 98496.0 56048.0 50192.0 34960.0 27504.0 224.0 160.0 128.0 356672.0 94576.0 53728.0 13552.0 13120.0 11472.0 48.0 64.0 48.0 301216.0 90368.0 52512.0 4512.0 4448.0 4512.0 0.0 16.0 16.0 346752.0 93232.0 53584.0 9440.0 9696.0 8800.0 16.0 48.0 16.0 351328.0 94480.0 54336.0 10512.0 10464.0 9328.0 48.0 32.0 48.0 243136.0 82848.0 50304.0 2288.0 2560.0 2416.0 0.0 16.0 0.0 212512.0 95040.0 55552.0 155920.0 69152.0 44848.0 1040.0 1040.0 944.0 0.0 0.0 0.0 330768.0 93088.0 53488.0 6752.0 6736.0 6544.0 16.0 16.0 16.0 359072.0 96256.0 55520.0 27232.0 22432.0 19552.0 112.0 96.0 96.0 359632.0 95920.0 56192.0 24768.0 20896.0 17520.0 96.0 80.0 64.0 230224.0 83008.0 50224.0 1920.0 2256.0 2112.0 0.0 16.0 0.0 341168.0 99696.0 57024.0 43200.0 31360.0 24944.0 176.0 144.0 208.0 333200.0 96112.0 56848.0 48400.0 35840.0 27360.0 192.0 144.0 224.0 301856.0 94336.0 54272.0 69744.0 44528.0 33424.0 272.0 224.0 256.0 317296.0 90640.0 52176.0 5536.0 5920.0 5536.0 0.0 16.0 0.0 329712.0 91024.0 52784.0 6544.0 7264.0 6368.0 0.0 32.0 16.0 324688.0 95392.0 56288.0 53376.0 37952.0 29168.0 176.0 96.0 256.0 362832.0 96016.0 56080.0 20112.0 17680.0 15456.0 112.0 112.0 80.0 331520.0 95936.0 56288.0 49616.0 35520.0 27664.0 256.0 160.0 160.0 259824.0 86272.0 51312.0 2880.0 2832.0 2752.0 0.0 0.0 0.0 200512.0 79872.0 46128.0 155776.0 71104.0 45888.0 832.0 896.0 880.0 0.0 0.0 0.0 282320.0 99152.0 59248.0 89456.0 52016.0 36416.0 448.0 352.0 352.0 0.0 0.0 0.0 361008.0 95248.0 54576.0 21424.0 18576.0 16080.0 64.0 64.0 112.0 349152.0 96640.0 54640.0 35984.0 27856.0 23440.0 112.0 96.0 112.0 353872.0 93952.0 53808.0 11952.0 11696.0 10288.0 48.0 32.0 80.0 361952.0 95376.0 54704.0 17952.0 16560.0 14240.0 64.0 64.0 112.0 353504.0 97824.0 56496.0 32000.0 26112.0 21104.0 96.0 112.0 144.0 192128.0 93408.0 54896.0 179808.0 73776.0 46240.0 1296.0 1184.0 1328.0 0.0 0.0 0.0 297360.0 95024.0 55040.0 74736.0 47184.0 34080.0 320.0 304.0 352.0 343808.0 95440.0 54400.0 39360.0 30496.0 24832.0 192.0 144.0 144.0 335296.0 98272.0 56096.0 47024.0 34256.0 26848.0 208.0 112.0 192.0 349040.0 96848.0 55360.0 36640.0 28736.0 23616.0 112.0 64.0 144.0 330320.0 92368.0 53744.0 6704.0 6640.0 6400.0 16.0 0.0 16.0 243104.0 83568.0 49936.0 2368.0 2400.0 2432.0 0.0 0.0 0.0 245456.0 88784.0 52432.0 115952.0 61232.0 41168.0 544.0 640.0 688.0 0.0 0.0 0.0 335248.0 97616.0 58208.0 46880.0 34304.0 25936.0 160.0 160.0 192.0
49 1 TRACE 4664.0 4664.0 8.0 4664.0 4664.0 8.0 4664.0 4664.0 8.0 4664.0 4664.0 8.0 4664.0 4664.0 8.0 4664.0 4664.0 8.0 4664.0 4664.0 8.0 4664.0 4664.0 8.0 4664.0 4664.0 8.0 4664.0 4664.0 8.0 4664.0 4664.0 8.0 4664.0 4664.0 8.0 4664.0 4664.0 8.0 4664.0 4664.0 8.0 4664.0 4664.0 8.0 4664.0 4664.0 8.0 4664.0 4664.0 8.0 4664.0 4664.0 8.0 4664.0 4664.0 8.0 4664.0 4664.0 8.0 4664.0 4664.0 8.0 4664.0 4664.0 8.0 4664.0 4664.0 8.0 4664.0 4664.0 8.0 4664.0 4664.0 8.0 4664.0 4664.0 8.0 4664.0 4664.0 8.0 4664.0 4664.0 8.0 4664.0 4664.0 8.0 4664.0 4664.0 8.0 4664.0 4664.0 8.0 4664.0 4664.0 8.0 4664.0 4664.0 8.0 4664.0 4664.0 8.0 4664.0 4664.0 8.0 4664.0 4664.0 8.0 4664.0 4664.0 8.0 4664.0 4664.0 8.0 4664.0 4664.0 8.0 4664.0 4664.0 8.0 4664.0 4664.0 8.0 4664.0 4664.0 8.0 4664.0 4664.0 8.0 4664.0 4664.0 8.0 4664.0 4664.0 8.0 4664.0 4664.0 8.0 4664.0 4664.0 8.0 4664.0 4664.0 8.0 4664.0 4664.0 8.0 4664.0 4664.0 8.0 4664.0 4664.0 8.0 4664.0 4664.0 8.0 4664.0 4664.0 8.0 4664.0 4664.0 8.0 4664.0 4664.0 8.0 4664.0 4664.0 8.0 4664.0 4664.0 8.0 4664.0 4664.0 8.0 4664.0 4664.0 8.0 4664.0 4664.0 8.0 4664.0 4664.0 8.0 4664.0 4664.0 8.0 4664.0 4664.0 8.0 4664.0 4664.0 8.0 4664.0 4664.0 8.0 4664.0 4664.0 8.0 4664.0 4664.0 8.0 4664.0 4664.0 8.0 4664.0 4664.0 8.0 4664.0 4664.0 8.0 4664.0 4664.0 8.0 4664.0 4664.0 8.0 4664.0 4664.0 8.0 4664.0 4664.0 8.0 4664.0 4664.0 8.0 4664.0 4664.0 8.0 4664.0 4664.0 8.0 4664.0 4664.0 8.0 4664.0 4664.0 8.0 4664.0 4664.0 8.0 4664.0 4664.0 8.0 4664.0 4664.0 8.0 4664.0 4664.0 8.0 4664.0 4664.0 8.0 4664.0 4664.0 8.0 4664.0 4664.0 8.0 4664.0 4664.0 8.0 4664.0 4664.0 8.0 4664.0 4664.0 8.0 4664.0 4664.0 8.0 4664.0 4664.0 8.0 4664.0 4664.0 8.0 4664.0 4664.0 8.0 4664.0 4664.0 8.0 4664.0 4664.0 8.0 4664.0 4664.0 8.0 4664.0 4664.0 8.0 4664.0 4664.0 8.0 4664.0 4664.0 8.0 4664.0 4664.0 8.0 4664.0 4664.0 8.0 4664.0 4664.0 8.0 4664.0 4664.0 8.0 4664.0 4664.0 8.0 4664.0 4664.0 8.0 4664.0 4664.0 8.0 4664.0 4664.0 8.0 4664.0 4664.0 8.0 4664.0 4664.0 8.0 4664.0 4664.0 8.0 4664.0 4664.0 8.0 4664.0 4664.0 8.0 4664.0 4664.0 8.0 4664.0 4664.0 8.0 4664.0 4664.0 8.0 4664.0 4664.0 8.0 4664.0 4664.0 8.0 4664.0 4664.0 8.0 4664.0 4664.0 8.0 4664.0 4664.0 8.0 4664.0 4664.0 8.0 4664.0 4664.0 8.0 4664.0 4664.0 8.0 4664.0 4664.0 8.0 4664.0 4664.0 8.0 4664.0 4664.0 8.0 4664.0 4664.0 8.0 4664.0 4664.0 8.0 4664.0 4664.0 8.0 4664.0 4664.0 8.0 4664.0 4664.0 8.0 4664.0 4664.0 8.0 4664.0 4664.0 8.0 4664.0 4664.0 8.0 4664.0 4664.0 8.0 4664.0 4664.0 8.0 4664.0 4664.0 8.0 4664.0 4664.0 8.0 4664.0 4664.0 8.0 4664.0 4664.0 8.0 4664.0 4664.0 8.0 4664.0 4664.0 8.0 4664.0 4664.0 8.0 4664.0 4664.0 8.0 4664.0 4664.0 8.0 4664.0 4664.0 8.0 4664.0 4664.0 8.0 4664.0 4664.0 8.0 4664.0 4664.0 8.0 4664.0 4664.0 8.0 4664.0 4664.0 8.0 4664.0 4664.0 8.0 4664.0 4664.0 8.0 4664.0 4664.0 8.0 4664.0 4664.0 8.0 4664.0 4664.0 8.0 4664.0 4664.0 8.0 4664.0 4664.0 8.0 4664.0 4664.0 8.0 4664.0 4664.0 8.0 4664.0 4664.0 8.0 4664.0 4664.0 8.0 4664.0 4664.0 8.0 4664.0 4664.0 8.0 4664.0 4664.0 8.0 4664.0 4664.0 8.0 4664.0 4664.0 8.0 4664.0 4664.0 8.0 4664.0 4664.0 8.0 4664.0 4664.0 8.0 4664.0 4664.0 8.0 4664.0 4664.0 8.0 4664.0 4664.0 8.0 4664.0 4664.0 8.0 4664.0 4664.0 8.0 4664.0 4664.0 8.0 4664.0 4664.0 8.0 4664.0 4664.0 8.0 4664.0 4664.0 8.0 4664.0 4664.0 8.0 4664.0 4664.0 8.0 4664.0 4664.0 8.0 4664.0 4664.0 8.0 4664.0 4664.0 8.0 4664.0 4664.0 8.0 4664.0 4664.0 8.0 4664.0 4664.0 8.0 4664.0 4664.0 8.0 4664.0 4664.0 8.0 4664.0 4664.0 8.0 4664.0 4664.0 8.0 4664.0 4664.0 8.0 4664.0 4664.0 8.0 4664.0 4664.0 8.0 4664.0 4664.0 8.0 4664.0 4664.0 8.0 4664.0 4664.0 8.0 4664.0 4664.0 8.0 4664.0 4664.0 8.0 4664.0 4664.0 8.0 4664.0 4664.0 8.0 4664.0 4664.0 8.0
50 1 CONSTANT 8.0
51 1 CONSTANT 8.0
52 1 CONSTANT 8.0
53 1 CONSTANT 8.0
54 1 CONSTANT 0.0
55 1 CONSTANT 0.0
56 1 CONSTANT 0.0
57 1 CONSTANT 0.0
58 1 CONSTANT 0.0
59 1 CONSTANT 0.0
60 1 CONSTANT 0.0
61 1 CONSTANT 0.0
62 1 CONSTANT 8.0
