0 1 1 TRACE 1672857103272176.0
1 2 1 TRACE 10965.0 27.0 25.0 24.0 23.0 38.0 35.0 24.0 24.0 38.0 56.0 24.0 25.0 23.0 24.0 37.0 57.0 25.0 23.0 23.0 34.0 36.0 59.0 24.0 24.0 24.0 35.0 37.0 38.0 36.0 23.0 23.0 24.0 23.0 23.0 63.0 24.0 24.0 26.0 24.0 40.0 39.0 23.0 24.0 24.0 24.0 23.0 26.0 23.0 25.0 25.0 24.0 23.0 24.0 37.0 62.0 23.0 25.0 23.0 42.0 24.0 24.0 30.0 37.0
2 3 1 TRACE 252.0 67.0 51.0 41.0 67.0 30.0 28.0 28.0 150.0 32.0 30.0 66.0 43.0 128.0 58.0 30.0 31.0 34.0 40.0 76.0 81.0 28.0 293.0 29.0 30.0 28.0 40.0 28.0 55.0 30.0 60.0 70.0 64.0 49.0 64.0 28.0 33.0 89.0 29.0 28.0 27.0 27.0 29.0 28.0 28.0 30.0 29.0 29.0 66.0 29.0 29.0 49.0 104.0 42.0 29.0 33.0 61.0 31.0 93.0 86.0 72.0 28.0 33.0 47.0
3 4 1 TRACE 82.0 83.0 74.0 37.0 21.0 29.0 53.0 37.0 39.0 44.0 36.0 34.0 56.0 30.0 34.0 40.0 24.0 29.0 30.0 23.0 60.0 33.0 63.0 27.0 22.0 57.0 61.0 22.0 23.0 55.0 22.0 21.0 32.0 28.0 54.0 58.0 34.0 55.0 57.0 31.0 25.0 35.0 28.0 27.0 29.0 26.0 22.0 31.0 57.0 60.0 57.0 57.0 59.0 22.0 27.0 55.0 36.0 28.0 48.0 65.0 60.0 22.0 56.0 63.0
4 5 1 TRACE 19.0 20.0 14.0 15.0 14.0 16.0 15.0 28.0 14.0 15.0 22.0 21.0 15.0 15.0 15.0 15.0 15.0 20.0 21.0 16.0 15.0 82.0 85.0 14.0 15.0 15.0 30.0 15.0 15.0 55.0 15.0 20.0 18.0 15.0 15.0 17.0 49.0 25.0 15.0 16.0 15.0 14.0 15.0 48.0 15.0 15.0 15.0 15.0 15.0 15.0 15.0 38.0 39.0 15.0 23.0 15.0 16.0 15.0 26.0 14.0 27.0 19.0 14.0 31.0
5 6 1 TRACE 42.0 293.0 214.0 173.0 183.0 20.0 21.0 31.0 19.0 19.0 18.0 19.0 18.0 120.0 190.0 38.0 21.0 30.0 13.0 22.0 26.0 160.0 28.0 20.0 20.0 19.0 41.0 14.0 18.0 22.0 24.0 19.0 19.0 19.0 25.0 30.0 16.0 14.0 55.0 52.0 18.0 19.0 15.0 12.0 18.0 17.0 28.0 12.0 31.0 18.0 18.0 13.0 40.0 18.0 18.0 23.0 18.0 20.0 12.0 15.0 41.0 22.0 20.0 13.0
6 7 1 TRACE 22.0 11.0 78.0 90.0 13.0 133.0 139.0 150.0 146.0 190.0 205.0 146.0 149.0 19.0 59.0 140.0 26.0 9.0 10.0 9.0 12.0 56.0 12.0 11.0 15.0 8.0 15.0 60.0 23.0 9.0 13.0 8.0 28.0 20.0 8.0 9.0 13.0 14.0 13.0 15.0 15.0 13.0 14.0 19.0 14.0 15.0 14.0 8.0 16.0 9.0 20.0 9.0 13.0 14.0 15.0 8.0 12.0 14.0 8.0 23.0 25.0 16.0 18.0 9.0
7 8 1 TRACE 22.0 9.0 11.0 13.0 14.0 16.0 17.0 15.0 16.0 18.0 16.0 13.0 15.0 21.0 19.0 55.0 16.0 10.0 9.0 12.0 11.0 51.0 13.0 13.0 12.0 11.0 8.0 8.0 59.0 19.0 22.0 11.0 16.0 9.0 12.0 19.0 13.0 8.0 8.0 20.0 16.0 9.0 41.0 8.0 13.0 8.0 17.0 8.0 37.0 10.0 19.0 8.0 11.0 10.0 9.0 31.0 12.0 9.0 8.0 8.0 12.0 9.0 8.0 8.0
8 9 1 TRACE 22.0 8.0 13.0 13.0 17.0 18.0 17.0 15.0 17.0 17.0 16.0 7.0 17.0 18.0 15.0 17.0 27.0 8.0 8.0 9.0 12.0 13.0 17.0 9.0 12.0 21.0 11.0 8.0 11.0 20.0 9.0 28.0 15.0 27.0 8.0 11.0 22.0 8.0 9.0 12.0 11.0 10.0 21.0 8.0 13.0 12.0 9.0 22.0 20.0 21.0 8.0 8.0 13.0 9.0 13.0 8.0 12.0 22.0 12.0 41.0 12.0 13.0 17.0 8.0
9 10 1 TRACE 87.0 36.0 78.0 97.0 46.0 55.0 63.0 29.0 58.0 29.0 124.0 73.0 28.0 67.0 63.0 32.0 53.0 55.0 75.0 29.0 61.0 45.0 65.0 28.0 30.0 52.0 79.0 84.0 50.0 67.0 27.0 31.0 26.0 26.0 63.0 82.0 46.0 73.0 69.0 79.0 26.0 25.0 55.0 27.0 33.0 42.0 42.0 31.0 65.0 72.0 93.0 106.0 53.0 38.0 32.0 48.0 33.0 29.0 90.0 61.0 64.0 50.0 83.0 63.0
10 11 1 TRACE 30.0 16.0 20.0 17.0 17.0 17.0 17.0 19.0 17.0 18.0 18.0 20.0 16.0 20.0 22.0 17.0 19.0 18.0 24.0 16.0 34.0 17.0 20.0 20.0 16.0 16.0 24.0 19.0 20.0 19.0 16.0 16.0 20.0 16.0 16.0 18.0 16.0 17.0 18.0 18.0 18.0 18.0 20.0 16.0 19.0 15.0 176.0 19.0 22.0 16.0 16.0 19.0 19.0 17.0 16.0 16.0 19.0 16.0 20.0 26.0 20.0 18.0 16.0 18.0
11 12 1 TRACE 23.0 26.0 42.0 27.0 42.0 28.0 29.0 20.0 22.0 18.0 60.0 30.0 18.0 24.0 17.0 22.0 16.0 28.0 42.0 20.0 49.0 34.0 58.0 19.0 18.0 44.0 16.0 42.0 52.0 29.0 26.0 33.0 21.0 17.0 49.0 54.0 20.0 17.0 20.0 18.0 17.0 17.0 22.0 28.0 15.0 19.0 16.0 17.0 16.0 34.0 23.0 59.0 22.0 18.0 20.0 19.0 15.0 45.0 16.0 16.0 17.0 18.0 25.0 58.0
12 13 1 TRACE 22.0 20.0 17.0 18.0 19.0 20.0 18.0 20.0 21.0 16.0 18.0 18.0 17.0 18.0 17.0 18.0 17.0 17.0 27.0 17.0 50.0 18.0 122.0 56.0 20.0 45.0 20.0 23.0 20.0 23.0 15.0 20.0 35.0 32.0 26.0 16.0 51.0 18.0 51.0 18.0 17.0 17.0 18.0 17.0 25.0 86.0 124.0 18.0 24.0 19.0 16.0 15.0 20.0 17.0 18.0 17.0 18.0 19.0 19.0 18.0 47.0 26.0 26.0 48.0
13 14 1 TRACE 22.0 9.0 9.0 8.0 9.0 9.0 9.0 9.0 9.0 9.0 9.0 9.0 9.0 8.0 8.0 8.0 8.0 9.0 9.0 8.0 8.0 9.0 9.0 9.0 9.0 9.0 9.0 8.0 9.0 9.0 9.0 9.0 9.0 9.0 9.0 9.0 9.0 9.0 9.0 9.0 9.0 9.0 9.0 9.0 9.0 10.0 8.0 9.0 9.0 9.0 9.0 9.0 9.0 9.0 9.0 8.0 9.0 9.0 9.0 8.0 9.0 9.0 9.0 9.0
14 15 1 TRACE 25.0 15.0 14.0 15.0 15.0 14.0 15.0 15.0 15.0 15.0 14.0 15.0 15.0 19.0 15.0 15.0 15.0 15.0 23.0 15.0 44.0 14.0 15.0 15.0 15.0 15.0 15.0 15.0 15.0 14.0 14.0 15.0 15.0 15.0 15.0 42.0 14.0 14.0 15.0 16.0 15.0 15.0 15.0 15.0 14.0 16.0 15.0 15.0 32.0 15.0 15.0 15.0 15.0 16.0 14.0 15.0 15.0 40.0 15.0 14.0 15.0 15.0 15.0 15.0
15 16 1 TRACE 12.0 7.0 8.0 8.0 8.0 8.0 8.0 7.0 8.0 8.0 8.0 8.0 8.0 9.0 8.0 8.0 8.0 8.0 8.0 8.0 8.0 8.0 8.0 8.0 8.0 8.0 8.0 8.0 8.0 8.0 8.0 8.0 8.0 8.0 7.0 8.0 8.0 8.0 8.0 8.0 8.0 8.0 8.0 8.0 16.0 8.0 8.0 7.0 8.0 8.0 8.0 8.0 8.0 8.0 8.0 8.0 8.0 8.0 8.0 7.0 7.0 8.0 7.0 8.0
16 17 1 TRACE 49.0 46.0 34.0 72.0 42.0 51.0 54.0 54.0 47.0 83.0 42.0 36.0 71.0 31.0 89.0 46.0 37.0 48.0 40.0 33.0 36.0 33.0 35.0 76.0 75.0 80.0 39.0 34.0 59.0 54.0 31.0 39.0 41.0 41.0 69.0 75.0 69.0 70.0 70.0 61.0 41.0 34.0 38.0 31.0 47.0 31.0 50.0 34.0 69.0 86.0 31.0 80.0 72.0 96.0 75.0 33.0 68.0 65.0 65.0 35.0 57.0 77.0 41.0 52.0
17 18 1 TRACE 20.0 28.0 17.0 23.0 18.0 17.0 17.0 40.0 20.0 16.0 27.0 19.0 49.0 17.0 16.0 17.0 17.0 27.0 17.0 65.0 30.0 18.0 17.0 17.0 16.0 24.0 17.0 17.0 18.0 20.0 17.0 19.0 23.0 17.0 19.0 18.0 18.0 18.0 18.0 21.0 21.0 16.0 29.0 20.0 17.0 17.0 30.0 17.0 25.0 48.0 19.0 17.0 16.0 19.0 17.0 16.0 19.0 16.0 19.0 17.0 19.0 21.0 17.0 23.0
18 19 1 TRACE 24.0 18.0 19.0 37.0 54.0 19.0 25.0 21.0 15.0 20.0 19.0 29.0 16.0 17.0 79.0 18.0 18.0 17.0 24.0 16.0 18.0 17.0 378.0 31.0 51.0 16.0 18.0 17.0 49.0 52.0 17.0 17.0 16.0 18.0 49.0 17.0 17.0 17.0 17.0 15.0 16.0 30.0 118.0 19.0 16.0 25.0 21.0 54.0 16.0 18.0 15.0 56.0 18.0 47.0 20.0 17.0 16.0 63.0 17.0 18.0 23.0 20.0 21.0 18.0
19 20 1 TRACE 21.0 34.0 24.0 30.0 56.0 19.0 21.0 18.0 19.0 23.0 18.0 56.0 56.0 26.0 15.0 24.0 17.0 19.0 16.0 53.0 18.0 18.0 384.0 17.0 29.0 53.0 18.0 22.0 22.0 21.0 18.0 17.0 28.0 19.0 16.0 17.0 20.0 19.0 18.0 18.0 20.0 17.0 16.0 20.0 18.0 38.0 18.0 16.0 18.0 20.0 24.0 16.0 52.0 58.0 54.0 20.0 53.0 16.0 28.0 54.0 18.0 60.0 22.0 19.0
20 21 1 TRACE 20.0 16.0 15.0 15.0 15.0 15.0 15.0 15.0 15.0 15.0 15.0 15.0 16.0 15.0 15.0 15.0 16.0 15.0 15.0 15.0 15.0 15.0 16.0 16.0 16.0 16.0 15.0 15.0 15.0 16.0 15.0 15.0 18.0 15.0 15.0 15.0 15.0 15.0 15.0 16.0 15.0 15.0 16.0 16.0 15.0 16.0 15.0 15.0 37.0 17.0 16.0 16.0 16.0 15.0 15.0 15.0 15.0 15.0 15.0 15.0 16.0 15.0 15.0 15.0
21 22 1 TRACE 29.0 13.0 13.0 13.0 13.0 13.0 13.0 13.0 12.0 13.0 13.0 13.0 13.0 14.0 13.0 13.0 12.0 13.0 13.0 13.0 12.0 13.0 13.0 13.0 13.0 13.0 13.0 13.0 12.0 13.0 12.0 13.0 13.0 13.0 12.0 12.0 12.0 13.0 12.0 13.0 13.0 13.0 13.0 13.0 13.0 14.0 12.0 13.0 13.0 16.0 13.0 13.0 12.0 13.0 13.0 13.0 13.0 13.0 13.0 13.0 12.0 13.0 13.0 13.0
22 23 1 TRACE 77.0 59.0 88.0 87.0 78.0 67.0 72.0 71.0 73.0 94.0 71.0 74.0 71.0 75.0 77.0 73.0 70.0 76.0 80.0 99.0 72.0 140.0 68.0 72.0 109.0 107.0 74.0 70.0 86.0 88.0 72.0 71.0 69.0 67.0 74.0 73.0 118.0 100.0 78.0 102.0 106.0 73.0 88.0 83.0 71.0 68.0 78.0 70.0 66.0 129.0 88.0 77.0 89.0 104.0 91.0 114.0 106.0 109.0 76.0 71.0 75.0 133.0 70.0 69.0
23 24 1 TRACE 56.0 28.0 35.0 77.0 40.0 34.0 31.0 29.0 52.0 28.0 33.0 92.0 122.0 69.0 62.0 31.0 27.0 57.0 32.0 44.0 35.0 65.0 734.0 63.0 30.0 67.0 62.0 67.0 39.0 59.0 46.0 38.0 26.0 29.0 34.0 53.0 62.0 85.0 66.0 64.0 33.0 28.0 45.0 27.0 35.0 23.0 31.0 32.0 33.0 66.0 61.0 32.0 60.0 63.0 66.0 65.0 56.0 149.0 31.0 41.0 57.0 71.0 28.0 27.0
24 25 1 TRACE 55.0 21.0 22.0 27.0 25.0 32.0 22.0 22.0 30.0 22.0 22.0 55.0 36.0 62.0 21.0 25.0 23.0 25.0 22.0 21.0 21.0 20.0 590.0 59.0 22.0 24.0 20.0 22.0 21.0 25.0 65.0 25.0 22.0 21.0 21.0 56.0 22.0 23.0 22.0 59.0 40.0 22.0 24.0 24.0 23.0 22.0 22.0 29.0 24.0 34.0 58.0 23.0 26.0 21.0 23.0 23.0 60.0 58.0 22.0 57.0 29.0 22.0 21.0 21.0
25 26 1 TRACE 25.0 10.0 10.0 10.0 9.0 9.0 10.0 10.0 10.0 10.0 10.0 10.0 10.0 10.0 10.0 10.0 11.0 10.0 10.0 10.0 10.0 10.0 9.0 10.0 10.0 9.0 10.0 10.0 10.0 10.0 10.0 10.0 10.0 10.0 10.0 10.0 10.0 10.0 10.0 10.0 9.0 10.0 9.0 10.0 9.0 10.0 10.0 11.0 10.0 10.0 10.0 12.0 10.0 10.0 10.0 10.0 10.0 10.0 10.0 10.0 10.0 10.0 10.0 10.0 10.0 11.0 10.0 10.0 10.0 10.0 10.0 10.0 10.0 9.0 9.0 10.0 10.0 10.0 10.0 10.0 10.0 10.0 10.0 11.0 10.0 10.0 10.0 10.0 9.0 10.0 10.0 10.0 10.0 10.0 10.0 10.0 10.0 10.0 10.0 10.0 10.0 10.0 10.0 10.0 10.0 9.0 10.0 10.0 10.0 10.0 9.0 10.0 9.0 10.0 10.0 12.0 9.0 10.0 10.0 9.0 10.0 10.0 10.0 10.0 10.0 10.0 10.0 10.0 10.0 10.0 9.0 10.0 10.0 10.0 10.0 10.0 10.0 9.0 10.0 10.0 12.0 9.0 10.0 10.0 10.0 10.0 10.0 10.0 9.0 10.0 10.0 10.0 10.0 10.0 10.0 10.0 10.0 10.0 10.0 10.0 10.0 11.0 10.0 10.0 10.0 10.0 10.0 10.0 12.0 10.0 10.0 10.0 10.0 10.0 10.0 10.0 10.0 9.0 10.0 10.0 11.0 10.0 10.0 10.0 10.0 10.0 10.0 10.0 10.0 10.0 9.0 10.0 10.0 10.0 10.0 10.0 10.0 9.0 10.0 10.0 10.0 10.0 10.0 10.0 10.0 10.0 11.0 10.0 10.0 10.0 10.0 10.0 10.0 10.0 10.0 10.0 10.0 10.0 10.0
26 27 1 TRACE 11.0 8.0 8.0 7.0 7.0 7.0 8.0 7.0 7.0 8.0 8.0 7.0 7.0 7.0 8.0 7.0 7.0 8.0 7.0 7.0 7.0 8.0 7.0 7.0 7.0 7.0 8.0 7.0 8.0 8.0 7.0 8.0 8.0 7.0 7.0 7.0 8.0 7.0 7.0 8.0 7.0 8.0 7.0 7.0 7.0 7.0 15.0 8.0 7.0 7.0 7.0 7.0 7.0 7.0 8.0 8.0 7.0 7.0 8.0 8.0 7.0 8.0 7.0 8.0 7.0 8.0 8.0 7.0 7.0 8.0 7.0 7.0 7.0 7.0 8.0 7.0 7.0 7.0 7.0 8.0 8.0 7.0 8.0 8.0 7.0 7.0 7.0 7.0 7.0 8.0 7.0 7.0 7.0 7.0 7.0 7.0 8.0 7.0 8.0 7.0 7.0 7.0 8.0 8.0 8.0 7.0 7.0 7.0 7.0 8.0 7.0 7.0 7.0 7.0 8.0 8.0 7.0 7.0 8.0 7.0 8.0 8.0 8.0 8.0 7.0 7.0 8.0 8.0 8.0 7.0 7.0 8.0 7.0 7.0 7.0 8.0 8.0 7.0 8.0 7.0 7.0 7.0 8.0 7.0 7.0 7.0 8.0 7.0 7.0 7.0 8.0 7.0 7.0 8.0 8.0 7.0 8.0 7.0 7.0 7.0 8.0 8.0 7.0 7.0 7.0 7.0 8.0 7.0 9.0 7.0 7.0 8.0 7.0 8.0 8.0 7.0 7.0 7.0 8.0 7.0 8.0 7.0 7.0 7.0 7.0 7.0 7.0 8.0 7.0 8.0 7.0 7.0 8.0 7.0 8.0 8.0 7.0 7.0 7.0 7.0 8.0 7.0 7.0 8.0 8.0 7.0 8.0 7.0 7.0 8.0 7.0 7.0 7.0 7.0 7.0 8.0 7.0 7.0 8.0
27 28 1 TRACE 11.0 7.0 7.0 8.0 8.0 8.0 7.0 8.0 7.0 7.0 10.0 8.0 7.0 8.0 7.0 7.0 8.0 7.0 8.0 8.0 7.0 7.0 7.0 7.0 8.0 8.0 7.0 8.0 7.0 7.0 8.0 7.0 7.0 7.0 16.0 8.0 7.0 8.0 8.0 7.0 8.0 7.0 7.0 8.0 8.0 8.0 7.0 7.0 7.0 8.0 7.0 7.0 7.0 8.0 7.0 7.0 8.0 7.0 7.0 7.0 8.0 7.0 8.0 7.0 7.0 8.0 8.0 8.0 8.0 7.0 8.0 7.0 8.0 7.0 8.0 8.0 8.0 8.0 8.0 7.0 7.0 7.0 7.0 7.0 7.0 8.0 7.0 7.0 8.0 7.0 8.0 8.0 8.0 8.0 8.0 7.0 7.0 8.0 7.0 7.0 8.0 7.0 7.0 7.0 7.0 7.0 7.0 7.0 7.0 7.0 8.0 8.0 8.0 8.0 7.0 7.0 8.0 7.0 7.0 8.0 7.0 7.0 7.0 7.0 8.0 7.0 7.0 7.0 7.0 8.0 7.0 7.0 8.0 8.0 8.0 7.0 7.0 8.0 7.0 8.0 7.0 8.0 7.0 8.0 7.0 7.0 7.0 7.0 7.0 8.0 7.0 7.0 8.0 7.0 7.0 7.0 7.0 7.0 7.0 7.0 7.0 7.0 7.0 7.0 7.0 7.0 7.0 7.0 9.0 8.0 7.0 7.0 7.0 7.0 7.0 8.0 8.0 8.0 7.0 7.0 7.0 7.0 7.0 7.0 8.0 8.0 8.0 7.0 8.0 7.0 7.0 8.0 7.0 8.0 7.0 7.0 7.0 7.0 7.0 8.0 7.0 8.0 7.0 7.0 7.0 8.0 7.0 8.0 8.0 7.0 7.0 8.0 8.0 7.0 8.0 7.0 8.0 7.0 7.0
28 29 1 TRACE 13.0 9.0 9.0 9.0 8.0 8.0 9.0 8.0 9.0 9.0 9.0 8.0 8.0 8.0 9.0 9.0 8.0 9.0 8.0 8.0 8.0 8.0 8.0 8.0 8.0 8.0 9.0 8.0 9.0 9.0 8.0 8.0 8.0 8.0 9.0 8.0 9.0 8.0 8.0 9.0 8.0 8.0 8.0 8.0 8.0 8.0 9.0 9.0 9.0 8.0 8.0 10.0 8.0 8.0 8.0 9.0 8.0 8.0 9.0 9.0 8.0 8.0 8.0 8.0 8.0 9.0 9.0 8.0 8.0 9.0 8.0 9.0 8.0 8.0 9.0 9.0 8.0 9.0 8.0 8.0 9.0 9.0 8.0 9.0 8.0 8.0 8.0 8.0 9.0 8.0 8.0 8.0 8.0 8.0 8.0 8.0 9.0 8.0 8.0 8.0 8.0 8.0 9.0 9.0 8.0 8.0 9.0 8.0 9.0 9.0 8.0 8.0 9.0 8.0 8.0 9.0 8.0 9.0 9.0 8.0 8.0 8.0 8.0 8.0 8.0 9.0 8.0 8.0 8.0 8.0 8.0 8.0 8.0 8.0 8.0 9.0 8.0 8.0 9.0 8.0 9.0 8.0 8.0 8.0 8.0 8.0 9.0 9.0 8.0 8.0 9.0 8.0 8.0 9.0 9.0 8.0 9.0 8.0 9.0 9.0 8.0 9.0 8.0 8.0 8.0 8.0 9.0 8.0 10.0 8.0 8.0 9.0 9.0 9.0 8.0 9.0 8.0 8.0 8.0 9.0 9.0 8.0 8.0 8.0 8.0 8.0 8.0 9.0 9.0 8.0 8.0 8.0 9.0 8.0 9.0 8.0 8.0 9.0 8.0 8.0 9.0 8.0 9.0 9.0 8.0 8.0 9.0 8.0 8.0 9.0 8.0 8.0 8.0 9.0 8.0 8.0 8.0 8.0 8.0
29 30 1 TRACE 53.0 33.0 33.0 53.0 52.0 37.0 37.0 37.0 66.0 32.0 22.0 37.0 39.0 41.0 148.0 33.0 71.0 30.0 33.0 35.0 69.0 32.0 32.0 99.0 37.0 34.0 75.0 33.0 34.0 106.0 30.0 64.0 94.0 32.0 45.0 33.0 34.0 48.0 64.0 111.0 40.0 59.0 96.0 36.0 32.0 65.0 63.0 32.0 32.0 58.0 67.0 18.0 243.0 37.0 76.0 68.0 32.0 38.0 81.0 74.0 63.0 33.0 76.0 39.0 36.0 35.0 37.0 36.0 31.0 39.0 32.0 74.0 38.0 81.0 57.0 31.0 38.0 68.0 88.0 74.0 63.0 34.0 69.0 30.0 32.0 68.0 33.0 123.0 36.0 75.0 30.0 33.0 32.0 77.0 30.0 67.0 54.0 34.0 33.0 62.0 75.0 64.0 69.0 76.0 30.0 66.0 32.0 31.0 33.0 31.0 32.0 29.0 70.0 41.0 35.0 18.0 48.0 35.0 58.0 72.0 36.0 35.0 68.0 35.0 37.0 96.0 34.0 68.0 71.0 74.0 65.0 33.0 69.0 31.0 49.0 66.0 56.0 69.0 73.0 74.0 32.0 58.0 83.0 69.0 35.0 31.0 70.0 31.0 32.0 65.0 31.0 30.0 45.0 72.0 29.0 32.0 21.0 62.0 35.0 33.0 71.0 27.0 63.0 136.0 37.0 34.0 37.0 34.0 17.0 70.0 35.0 34.0 67.0 50.0 66.0 52.0 35.0 77.0 70.0 96.0 441.0 82.0 66.0 35.0 110.0 55.0 30.0 72.0 30.0 78.0 62.0 30.0 30.0 356.0 150.0 107.0 69.0 30.0 36.0 33.0 38.0 34.0 74.0 136.0 54.0 29.0 76.0 34.0 72.0 61.0 71.0 34.0 70.0 67.0 38.0 38.0 70.0 34.0 67.0
30 31 1 TRACE 25.0 8.0 21.0 29.0 9.0 8.0 17.0 8.0 16.0 23.0 16.0 8.0 18.0 16.0 16.0 16.0 18.0 8.0 16.0 18.0 8.0 8.0 8.0 18.0 8.0 9.0 17.0 9.0 8.0 20.0 9.0 15.0 48.0 16.0 17.0 18.0 8.0 8.0 8.0 8.0 8.0 19.0 8.0 9.0 25.0 19.0 8.0 17.0 24.0 9.0 8.0 16.0 230.0 8.0 16.0 15.0 9.0 8.0 52.0 24.0 8.0 8.0 16.0 8.0 17.0 17.0 10.0 16.0 17.0 9.0 17.0 555.0 8.0 16.0 17.0 16.0 8.0 60.0 55.0 9.0 16.0 19.0 16.0 17.0 17.0 16.0 8.0 8.0 16.0 8.0 8.0 17.0 8.0 9.0 8.0 16.0 16.0 9.0 16.0 16.0 17.0 8.0 16.0 8.0 8.0 8.0 17.0 8.0 16.0 8.0 17.0 9.0 17.0 17.0 16.0 15.0 17.0 16.0 8.0 23.0 8.0 8.0 8.0 18.0 15.0 9.0 8.0 31.0 8.0 9.0 16.0 17.0 8.0 8.0 16.0 16.0 9.0 8.0 16.0 16.0 9.0 8.0 8.0 52.0 8.0 8.0 15.0 17.0 8.0 16.0 16.0 8.0 16.0 16.0 8.0 8.0 9.0 8.0 8.0 16.0 20.0 8.0 8.0 44.0 29.0 8.0 8.0 9.0 20.0 16.0 49.0 8.0 9.0 8.0 17.0 18.0 8.0 16.0 16.0 8.0 16.0 52.0 22.0 10.0 78.0 9.0 8.0 23.0 16.0 8.0 15.0 16.0 8.0 16.0 242.0 8.0 8.0 58.0 8.0 9.0 18.0 8.0 32.0 256.0 9.0 9.0 18.0 17.0 8.0 31.0 16.0 9.0 8.0 19.0 16.0 8.0 16.0 18.0 8.0
31 32 1 TRACE 18.0 12.0 14.0 13.0 13.0 12.0 13.0 12.0 13.0 13.0 14.0 13.0 13.0 13.0 14.0 13.0 13.0 12.0 12.0 13.0 13.0 12.0 12.0 13.0 12.0 12.0 13.0 12.0 12.0 13.0 13.0 13.0 14.0 13.0 13.0 13.0 12.0 13.0 14.0 13.0 12.0 12.0 13.0 13.0 12.0 13.0 12.0 13.0 13.0 13.0 12.0 13.0 13.0 12.0 14.0 13.0 12.0 12.0 13.0 13.0 13.0 13.0 13.0 12.0 13.0 13.0 17.0 12.0 13.0 12.0 13.0 13.0 12.0 12.0 12.0 12.0 12.0 13.0 13.0 13.0 13.0 13.0 13.0 12.0 12.0 13.0 12.0 13.0 13.0 12.0 13.0 13.0 12.0 13.0 12.0 12.0 12.0 12.0 13.0 13.0 12.0 12.0 13.0 13.0 13.0 12.0 13.0 12.0 13.0 12.0 13.0 13.0 14.0 13.0 12.0 13.0 13.0 13.0 13.0 13.0 13.0 12.0 12.0 13.0 12.0 13.0 13.0 13.0 12.0 13.0 13.0 13.0 14.0 12.0 13.0 13.0 14.0 12.0 13.0 13.0 13.0 12.0 12.0 13.0 12.0 12.0 13.0 12.0 12.0 12.0 13.0 13.0 13.0 13.0 12.0 12.0 13.0 12.0 12.0 13.0 13.0 13.0 12.0 13.0 13.0 12.0 12.0 12.0 25.0 13.0 13.0 12.0 13.0 12.0 12.0 12.0 13.0 13.0 12.0 14.0 13.0 13.0 14.0 16.0 13.0 13.0 12.0 13.0 13.0 13.0 13.0 13.0 12.0 13.0 12.0 12.0 12.0 12.0 12.0 12.0 13.0 13.0 13.0 14.0 13.0 13.0 13.0 13.0 12.0 13.0 13.0 12.0 13.0 13.0 13.0 12.0 12.0 13.0 12.0
32 33 1 TRACE 21.0 20.0 16.0 65.0 16.0 15.0 16.0 17.0 16.0 34.0 18.0 16.0 25.0 16.0 52.0 17.0 16.0 16.0 57.0 16.0 21.0 15.0 16.0 15.0 15.0 15.0 49.0 16.0 15.0 17.0 15.0 15.0 16.0 15.0 15.0 24.0 16.0 18.0 15.0 15.0 25.0 16.0 43.0 15.0 20.0 15.0 16.0 23.0 20.0 16.0 16.0 45.0 236.0 16.0 14.0 15.0 17.0 15.0 18.0 15.0 15.0 16.0 20.0 16.0 16.0 124.0 17.0 16.0 16.0 16.0 15.0 379.0 190.0 16.0 16.0 17.0 17.0 50.0 95.0 15.0 15.0 15.0 17.0 15.0 15.0 15.0 22.0 15.0 16.0 16.0 25.0 21.0 16.0 55.0 50.0 16.0 15.0 16.0 16.0 16.0 16.0 16.0 16.0 22.0 15.0 17.0 15.0 55.0 15.0 16.0 15.0 16.0 14.0 16.0 15.0 19.0 15.0 16.0 17.0 16.0 16.0 16.0 18.0 15.0 16.0 17.0 16.0 17.0 15.0 49.0 16.0 15.0 16.0 56.0 16.0 18.0 14.0 15.0 16.0 18.0 16.0 15.0 16.0 72.0 17.0 23.0 15.0 16.0 15.0 16.0 16.0 15.0 15.0 15.0 15.0 15.0 15.0 16.0 15.0 16.0 16.0 15.0 17.0 151.0 16.0 21.0 15.0 17.0 16.0 15.0 17.0 16.0 20.0 49.0 15.0 16.0 14.0 26.0 16.0 15.0 21.0 52.0 15.0 16.0 99.0 15.0 17.0 16.0 16.0 16.0 16.0 16.0 16.0 35.0 17.0 39.0 15.0 20.0 15.0 20.0 17.0 16.0 18.0 54.0 38.0 16.0 16.0 16.0 17.0 19.0 17.0 21.0 26.0 49.0 16.0 18.0 34.0 15.0 17.0
33 34 1 TRACE 183.0 145.0 581.0 170.0 132.0 183.0 134.0 130.0 314.0 136.0 102.0 232.0 148.0 84.0 85.0 215.0 171.0 137.0 192.0 170.0 34.0 130.0 159.0 132.0 134.0 204.0 126.0 128.0 101.0 151.0 162.0 139.0 105.0 99.0 231.0 193.0 130.0 168.0 159.0 116.0 199.0 146.0 62.0 77.0 193.0 138.0 107.0 242.0 129.0 189.0 152.0 671.0 501.0 186.0 506.0 172.0 138.0 128.0 227.0 198.0 116.0 150.0 176.0 130.0 304.0 143.0 59.0 304.0 220.0 97.0 367.0 1923.0 960.0 278.0 176.0 96.0 201.0 572.0 189.0 104.0 167.0 153.0 83.0 106.0 362.0 183.0 120.0 258.0 201.0 106.0 213.0 161.0 186.0 127.0 95.0 548.0 181.0 145.0 237.0 179.0 83.0 202.0 169.0 109.0 162.0 231.0 221.0 117.0 113.0 147.0 198.0 133.0 543.0 295.0 125.0 301.0 156.0 79.0 194.0 283.0 129.0 163.0 99.0 843.0 148.0 169.0 215.0 160.0 123.0 111.0 133.0 219.0 103.0 74.0 413.0 190.0 114.0 159.0 164.0 141.0 139.0 154.0 195.0 128.0 91.0 115.0 422.0 245.0 137.0 118.0 180.0 109.0 274.0 194.0 152.0 122.0 202.0 163.0 131.0 151.0 303.0 117.0 102.0 191.0 288.0 122.0 137.0 211.0 130.0 141.0 130.0 156.0 83.0 94.0 660.0 159.0 171.0 684.0 130.0 93.0 420.0 151.0 113.0 89.0 201.0 122.0 88.0 305.0 177.0 129.0 277.0 216.0 95.0 338.0 184.0 212.0 254.0 139.0 82.0 120.0 177.0 95.0 325.0 207.0 68.0 118.0 277.0 173.0 137.0 297.0 180.0 120.0 210.0 185.0 116.0 79.0 289.0 213.0 90.0
34 35 1 TRACE 30.0 743.0 66.0 95.0 17.0 61.0 17.0 52.0 59.0 70.0 16.0 65.0 53.0 16.0 56.0 59.0 56.0 47.0 54.0 74.0 19.0 17.0 53.0 90.0 20.0 79.0 51.0 16.0 50.0 95.0 47.0 51.0 19.0 49.0 64.0 52.0 18.0 52.0 17.0 27.0 57.0 53.0 18.0 50.0 55.0 54.0 51.0 56.0 69.0 21.0 56.0 61.0 52.0 50.0 62.0 50.0 17.0 49.0 57.0 53.0 17.0 55.0 20.0 88.0 60.0 49.0 50.0 193.0 122.0 50.0 117.0 51.0 48.0 53.0 56.0 17.0 58.0 61.0 51.0 48.0 55.0 51.0 18.0 246.0 326.0 50.0 19.0 57.0 55.0 19.0 55.0 54.0 17.0 17.0 50.0 65.0 51.0 48.0 54.0 50.0 18.0 53.0 53.0 16.0 18.0 56.0 54.0 18.0 16.0 56.0 53.0 50.0 63.0 86.0 48.0 61.0 53.0 32.0 56.0 54.0 17.0 17.0 50.0 67.0 57.0 17.0 56.0 53.0 16.0 48.0 58.0 57.0 20.0 266.0 63.0 53.0 19.0 96.0 52.0 16.0 16.0 52.0 60.0 61.0 16.0 50.0 62.0 59.0 57.0 56.0 86.0 47.0 59.0 61.0 17.0 26.0 52.0 30.0 48.0 53.0 65.0 16.0 56.0 64.0 54.0 16.0 51.0 17.0 56.0 54.0 58.0 21.0 20.0 60.0 60.0 49.0 51.0 64.0 50.0 49.0 58.0 55.0 18.0 56.0 50.0 17.0 52.0 60.0 54.0 51.0 57.0 58.0 48.0 58.0 67.0 17.0 65.0 91.0 18.0 50.0 49.0 49.0 52.0 65.0 16.0 52.0 58.0 52.0 49.0 55.0 70.0 17.0 52.0 53.0 16.0 42.0 223.0 90.0 21.0
35 36 1 TRACE 22.0 101.0 68.0 49.0 16.0 53.0 17.0 46.0 86.0 92.0 15.0 69.0 47.0 16.0 47.0 57.0 49.0 45.0 62.0 54.0 53.0 16.0 48.0 48.0 15.0 60.0 96.0 15.0 47.0 57.0 45.0 52.0 15.0 45.0 58.0 90.0 14.0 49.0 15.0 15.0 55.0 60.0 15.0 88.0 55.0 48.0 126.0 55.0 174.0 16.0 50.0 104.0 46.0 47.0 68.0 48.0 16.0 46.0 71.0 54.0 15.0 48.0 15.0 45.0 55.0 59.0 44.0 125.0 90.0 46.0 68.0 47.0 45.0 57.0 51.0 15.0 49.0 71.0 48.0 45.0 81.0 95.0 15.0 86.0 208.0 46.0 16.0 57.0 53.0 17.0 54.0 50.0 19.0 16.0 48.0 76.0 48.0 43.0 78.0 52.0 15.0 52.0 49.0 24.0 53.0 55.0 95.0 17.0 14.0 97.0 45.0 46.0 72.0 86.0 44.0 61.0 47.0 16.0 53.0 48.0 15.0 16.0 44.0 82.0 45.0 16.0 54.0 50.0 15.0 46.0 50.0 51.0 15.0 48.0 102.0 53.0 15.0 53.0 47.0 16.0 15.0 54.0 55.0 48.0 15.0 46.0 62.0 84.0 47.0 48.0 87.0 45.0 57.0 48.0 15.0 15.0 55.0 17.0 45.0 53.0 50.0 15.0 62.0 55.0 49.0 15.0 129.0 16.0 44.0 51.0 54.0 16.0 16.0 48.0 72.0 85.0 47.0 83.0 46.0 44.0 90.0 56.0 14.0 326.0 46.0 15.0 45.0 69.0 58.0 47.0 58.0 49.0 42.0 65.0 50.0 15.0 52.0 90.0 20.0 49.0 64.0 45.0 67.0 50.0 28.0 48.0 61.0 51.0 43.0 56.0 58.0 54.0 51.0 84.0 15.0 39.0 83.0 52.0 16.0
36 37 1 TRACE 829.0 77.0 370.0 77.0 123.0 72.0 130.0 81.0 180.0 387.0 817.0 54.0 94.0 85.0 35.0 144.0 67.0 63.0 72.0 98.0 71.0 123.0 190.0 32.0 77.0 88.0 29.0 101.0 171.0 128.0 64.0 161.0 145.0 63.0 518.0 40.0 106.0 43.0 125.0 100.0 100.0 35.0 128.0 29.0 113.0 54.0 106.0 91.0 520.0 123.0 68.0 779.0 62.0 88.0 255.0 105.0 124.0 180.0 111.0 139.0 98.0 130.0 202.0 29.0 125.0 42.0 1592.0 1094.0 66.0 40.0 106.0 1165.0 223.0 121.0 133.0 98.0 71.0 298.0 92.0 29.0 155.0 71.0 88.0 30.0 601.0 31.0 111.0 101.0 34.0 98.0 63.0 67.0 95.0 107.0 60.0 381.0 88.0 94.0 419.0 49.0 115.0 109.0 97.0 131.0 159.0 47.0 33.0 102.0 113.0 92.0 79.0 44.0 250.0 68.0 76.0 152.0 52.0 139.0 158.0 109.0 114.0 95.0 98.0 549.0 38.0 88.0 95.0 79.0 94.0 49.0 107.0 93.0 111.0 28.0 280.0 35.0 132.0 271.0 69.0 126.0 93.0 69.0 62.0 109.0 101.0 45.0 280.0 65.0 42.0 46.0 66.0 153.0 198.0 82.0 196.0 126.0 162.0 148.0 59.0 59.0 38.0 121.0 28.0 121.0 113.0 104.0 34.0 186.0 27.0 86.0 60.0 145.0 97.0 44.0 345.0 86.0 261.0 474.0 63.0 1483.0 3822.0 41.0 105.0 102.0 30.0 121.0 80.0 159.0 110.0 57.0 153.0 60.0 67.0 112.0 162.0 93.0 90.0 34.0 56.0 84.0 45.0 96.0 84.0 129.0 94.0 90.0 156.0 68.0 113.0 169.0 79.0 62.0 102.0 319.0 99.0 53.0 80.0 96.0 85.0
37 38 1 TRACE 39.0 31.0 69.0 44.0 41.0 36.0 31.0 54.0 69.0 50.0 30.0 59.0 34.0 58.0 71.0 56.0 36.0 70.0 45.0 76.0 37.0 47.0 63.0 65.0 31.0 74.0 32.0 75.0 76.0 32.0 74.0 71.0 46.0 69.0 79.0 47.0 148.0 49.0 54.0 69.0 127.0 35.0 45.0 33.0 43.0 33.0 31.0 43.0 31.0 71.0 38.0 122.0 112.0 67.0 63.0 68.0 30.0 64.0 52.0 71.0 29.0 72.0 69.0 51.0 99.0 30.0 158.0 88.0 69.0 66.0 61.0 58.0 34.0 41.0 33.0 35.0 67.0 72.0 70.0 54.0 68.0 64.0 70.0 68.0 90.0 29.0 72.0 73.0 32.0 71.0 41.0 30.0 36.0 32.0 39.0 75.0 31.0 36.0 40.0 40.0 29.0 75.0 38.0 29.0 64.0 75.0 64.0 63.0 71.0 42.0 30.0 70.0 59.0 63.0 30.0 51.0 34.0 45.0 44.0 37.0 36.0 62.0 33.0 81.0 30.0 67.0 38.0 35.0 28.0 70.0 69.0 65.0 33.0 72.0 58.0 39.0 63.0 71.0 72.0 47.0 65.0 68.0 42.0 66.0 32.0 71.0 70.0 62.0 33.0 36.0 66.0 71.0 50.0 42.0 78.0 71.0 38.0 68.0 66.0 67.0 35.0 70.0 71.0 42.0 37.0 33.0 33.0 62.0 48.0 43.0 34.0 66.0 34.0 74.0 69.0 73.0 121.0 83.0 57.0 292.0 77.0 36.0 76.0 65.0 49.0 70.0 68.0 85.0 35.0 72.0 57.0 38.0 368.0 294.0 68.0 30.0 82.0 68.0 69.0 31.0 67.0 33.0 36.0 43.0 46.0 68.0 58.0 82.0 72.0 87.0 37.0 71.0 67.0 70.0 59.0 66.0 52.0 72.0 34.0
38 39 1 TRACE 41.0 27.0 45.0 30.0 29.0 25.0 27.0 34.0 27.0 35.0 24.0 29.0 29.0 35.0 78.0 34.0 28.0 26.0 29.0 68.0 60.0 68.0 64.0 63.0 69.0 32.0 31.0 56.0 69.0 92.0 59.0 69.0 24.0 67.0 71.0 69.0 66.0 76.0 32.0 51.0 70.0 31.0 37.0 34.0 68.0 32.0 30.0 58.0 78.0 72.0 27.0 28.0 34.0 74.0 46.0 32.0 26.0 64.0 68.0 64.0 30.0 58.0 63.0 35.0 29.0 31.0 244.0 269.0 65.0 25.0 51.0 93.0 75.0 65.0 61.0 58.0 35.0 27.0 192.0 32.0 65.0 68.0 66.0 34.0 37.0 29.0 135.0 66.0 27.0 30.0 88.0 26.0 31.0 32.0 69.0 46.0 97.0 63.0 34.0 28.0 73.0 29.0 66.0 33.0 67.0 69.0 32.0 26.0 69.0 67.0 62.0 73.0 59.0 65.0 32.0 67.0 37.0 63.0 31.0 48.0 30.0 27.0 24.0 27.0 35.0 28.0 34.0 28.0 32.0 59.0 26.0 27.0 36.0 65.0 62.0 25.0 35.0 68.0 63.0 31.0 34.0 65.0 41.0 52.0 59.0 63.0 33.0 33.0 24.0 69.0 29.0 30.0 108.0 59.0 69.0 64.0 28.0 143.0 64.0 33.0 64.0 67.0 67.0 60.0 36.0 63.0 67.0 24.0 39.0 68.0 28.0 34.0 25.0 27.0 60.0 84.0 58.0 35.0 75.0 654.0 372.0 56.0 59.0 605.0 38.0 61.0 52.0 40.0 37.0 66.0 65.0 32.0 73.0 118.0 31.0 60.0 67.0 62.0 63.0 32.0 63.0 70.0 31.0 31.0 47.0 59.0 62.0 51.0 38.0 63.0 35.0 68.0 68.0 59.0 33.0 72.0 27.0 66.0 62.0
39 25 1 TRACE 29.0 16.0 17.0 21.0 16.0 21.0 20.0 28.0 19.0 16.0 16.0 17.0 20.0 18.0 40.0 16.0 16.0 19.0 17.0 16.0 16.0 19.0 17.0 20.0 16.0 19.0 54.0 16.0 16.0 22.0 17.0 18.0 18.0 16.0 17.0 85.0 25.0 19.0 22.0 16.0 19.0 16.0 73.0 17.0 19.0 56.0 16.0 16.0 16.0 16.0 16.0 17.0 16.0 21.0 16.0 27.0 52.0 19.0 15.0 17.0 19.0 53.0 18.0 33.0 25.0 22.0 20.0 23.0 15.0 15.0 16.0 16.0 18.0 16.0 18.0 18.0 16.0 31.0 19.0 15.0 17.0 52.0 16.0 16.0 20.0 22.0 18.0 20.0 19.0 17.0 17.0
39 40 1 TRACE 40.0 27.0 30.0 46.0 32.0 71.0 48.0 64.0 35.0 61.0 66.0 35.0 29.0 32.0 35.0 30.0 80.0 35.0 63.0 65.0 201.0 30.0 29.0 29.0 37.0 63.0 66.0 68.0 33.0 69.0 62.0 66.0 67.0 59.0 72.0 54.0 27.0 28.0 35.0 34.0 65.0 30.0 35.0 64.0 63.0 34.0 36.0 38.0 67.0 72.0 72.0 57.0 29.0 62.0 61.0 53.0 47.0 68.0 44.0 32.0 33.0 59.0 60.0 65.0
39 51 1 TRACE 55.0 39.0 48.0 42.0 46.0 56.0 59.0 61.0 31.0 28.0 68.0 69.0 43.0 31.0 34.0 42.0 37.0 33.0 62.0 66.0 29.0 377.0 33.0 116.0 67.0 69.0 34.0 33.0 534.0 30.0 37.0 36.0 30.0 64.0 32.0 32.0 35.0 28.0 27.0 61.0 28.0 63.0 70.0 35.0 82.0 106.0 71.0 62.0 61.0 31.0 64.0 131.0 33.0 61.0 47.0 28.0 39.0 29.0 62.0 62.0 71.0 37.0 35.0 183.0
40 41 1 TRACE 96.0 35.0 56.0 40.0 43.0 39.0 38.0 35.0 35.0 36.0 47.0 36.0 40.0 45.0 44.0 97.0 75.0 49.0 35.0 57.0 41.0 60.0 48.0 73.0 49.0 59.0 41.0 39.0 85.0 42.0 38.0 38.0 34.0 68.0 50.0 38.0 101.0 41.0 36.0 67.0 45.0 42.0 73.0 35.0 45.0 36.0 38.0 43.0 36.0 37.0 80.0 99.0 50.0 35.0 58.0 53.0 48.0 42.0 35.0 37.0 54.0 50.0 39.0 39.0
41 42 1 TRACE 18.0 13.0 13.0 14.0 13.0 12.0 12.0 14.0 13.0 14.0 13.0 13.0 13.0 13.0 13.0 12.0 14.0 12.0 12.0 15.0 12.0 12.0 12.0 14.0 12.0 12.0 13.0 13.0 12.0 12.0 13.0 14.0 13.0 14.0 12.0 13.0 13.0 12.0 14.0 13.0 12.0 12.0 14.0 12.0 13.0 14.0 13.0 12.0 13.0 12.0 13.0 14.0 13.0 12.0 14.0 13.0 12.0 13.0 13.0 12.0 13.0 13.0 13.0 12.0 14.0 13.0 13.0 14.0 13.0 12.0 14.0 12.0 12.0 13.0 13.0 13.0 14.0 12.0 13.0 14.0 12.0 15.0 14.0 13.0 12.0 14.0 12.0 13.0 18.0 13.0 12.0 14.0 13.0 13.0 13.0 13.0 13.0 14.0 13.0 13.0 13.0 13.0 15.0 13.0 13.0 12.0 13.0 14.0 13.0 12.0 13.0 13.0 12.0 13.0 12.0 12.0 14.0 12.0 12.0 13.0 12.0 12.0 13.0 15.0 12.0 14.0 13.0 13.0 14.0 13.0 12.0 13.0 13.0 13.0 13.0 13.0 12.0 14.0 12.0 12.0 12.0 14.0 13.0 13.0 13.0 12.0 12.0 12.0 13.0 12.0 12.0 14.0 13.0 12.0 13.0 13.0 12.0 12.0 13.0 13.0 12.0 13.0 13.0 13.0 14.0 12.0 13.0 14.0 13.0 13.0 14.0 12.0 12.0 13.0 14.0 12.0 12.0 14.0 13.0 12.0 13.0 13.0 13.0 13.0 13.0 13.0 13.0 13.0 12.0 16.0 13.0 13.0 12.0 13.0 13.0 13.0 13.0 12.0 12.0 13.0 12.0 13.0 13.0 12.0 13.0
42 43 1 TRACE 17.0 11.0 12.0 12.0 12.0 12.0 11.0 12.0 11.0 12.0 12.0 12.0 11.0 12.0 12.0 11.0 12.0 12.0 11.0 12.0 12.0 12.0 11.0 12.0 12.0 12.0 12.0 12.0 12.0 12.0 12.0 12.0 11.0 12.0 12.0 12.0 12.0 12.0 11.0 11.0 12.0 12.0 12.0 12.0 12.0 11.0 12.0 12.0 11.0 12.0 12.0 12.0 12.0 12.0 12.0 12.0 12.0 12.0 11.0 12.0 12.0 12.0 11.0 12.0 12.0 12.0 12.0 12.0 11.0 12.0 12.0 11.0 12.0 12.0 11.0 12.0 12.0 12.0 12.0 12.0 12.0 12.0 12.0 11.0 12.0 13.0 12.0 11.0 12.0 12.0 12.0 12.0 12.0 12.0 12.0 13.0 11.0 11.0 12.0 12.0 12.0 12.0 12.0 12.0 11.0 12.0 12.0 12.0 11.0 11.0 12.0 12.0 12.0 12.0 12.0 12.0 12.0 12.0 12.0 12.0 12.0 11.0 12.0 12.0 15.0 23.0 12.0 11.0 11.0 12.0 11.0 13.0 12.0 12.0 12.0 12.0 16.0 12.0 13.0 11.0 12.0 13.0 12.0 11.0 11.0 12.0 12.0 12.0 12.0 11.0 12.0 12.0 11.0 12.0 11.0 12.0 12.0 11.0 12.0 12.0 12.0 12.0 11.0 12.0 12.0 12.0 12.0 12.0 12.0 12.0 11.0 12.0 12.0 12.0 12.0 12.0 11.0 12.0 12.0 12.0 12.0 12.0 11.0 12.0 12.0 12.0 12.0 12.0 12.0 12.0 12.0 11.0 12.0 12.0 11.0 12.0 17.0 12.0 11.0 11.0 12.0 12.0 12.0 12.0 11.0
43 44 1 TRACE 12.0 8.0 8.0 8.0 8.0 8.0 8.0 8.0 8.0 8.0 8.0 8.0 8.0 8.0 8.0 8.0 8.0 8.0 8.0 9.0 8.0 7.0 8.0 11.0 8.0 8.0 7.0 7.0 7.0 8.0 8.0 8.0 8.0 8.0 8.0 8.0 8.0 7.0 8.0 8.0 8.0 7.0 8.0 8.0 8.0 8.0 8.0 8.0 8.0 8.0 8.0 8.0 8.0 8.0 11.0 8.0 8.0 8.0 8.0 8.0 8.0 8.0 8.0 8.0 9.0 8.0 8.0 8.0 8.0 7.0 8.0 9.0 8.0 8.0 9.0 8.0 8.0 8.0 7.0 8.0 8.0 8.0 8.0 8.0 8.0 8.0 8.0 8.0 9.0 8.0 8.0 8.0 8.0 8.0 8.0 8.0 8.0 8.0 8.0 8.0 8.0 8.0 8.0 8.0 8.0 8.0 8.0 8.0 8.0 8.0 8.0 8.0 7.0 8.0 8.0 8.0 8.0 8.0 8.0 8.0 8.0 8.0 8.0 8.0 8.0 9.0 8.0 8.0 8.0 8.0 8.0 8.0 8.0 8.0 8.0 8.0 9.0 9.0 8.0 8.0 7.0 9.0 8.0 8.0 8.0 8.0 8.0 8.0 8.0 8.0 8.0 8.0 8.0 8.0 8.0 8.0 8.0 8.0 8.0 8.0 8.0 9.0 8.0 8.0 8.0 8.0 8.0 8.0 8.0 8.0 8.0 8.0 8.0 8.0 9.0 8.0 8.0 8.0 8.0 8.0 8.0 8.0 8.0 8.0 8.0 8.0 8.0 8.0 8.0 8.0 8.0 8.0 8.0 8.0 8.0 8.0 9.0 8.0 8.0 8.0 8.0 8.0 8.0 8.0 8.0
44 45 1 TRACE 64.0 45.0 37.0 48.0 44.0 35.0 40.0 72.0 85.0 89.0 44.0 34.0 34.0 80.0 44.0 34.0 79.0 67.0 59.0 79.0 35.0 36.0 39.0 33.0 43.0 36.0 47.0 76.0 45.0 70.0 39.0 311.0 185.0 451.0 67.0 107.0 34.0 36.0 75.0 440.0 76.0 155.0 76.0 80.0 160.0 52.0 86.0 34.0 59.0 35.0 78.0 69.0 41.0 42.0 33.0 60.0 57.0 46.0 84.0 43.0 49.0 37.0 109.0 43.0 56.0 73.0 40.0 91.0 268.0 102.0 105.0 33.0 602.0 40.0 38.0 70.0 73.0 37.0 37.0 44.0 77.0 33.0 52.0 43.0 49.0 48.0 38.0 37.0 33.0 73.0 36.0 44.0 35.0 37.0 344.0 33.0 36.0 49.0 40.0 40.0 47.0 44.0 32.0 82.0 73.0 39.0 44.0 83.0 72.0 37.0 116.0 99.0 37.0 84.0 41.0 81.0 45.0 132.0 67.0 48.0 39.0 74.0 42.0 33.0 74.0 40.0 34.0 38.0 39.0 32.0 34.0 71.0 39.0 60.0 43.0 35.0 30.0 109.0 37.0 42.0 38.0 88.0 36.0 35.0 48.0 38.0 42.0 38.0 47.0 40.0 76.0 52.0 73.0 41.0 50.0 39.0 80.0 36.0 40.0 35.0 47.0 43.0 114.0 42.0 45.0 35.0 85.0 34.0 33.0 40.0 48.0 129.0 35.0 43.0 77.0 40.0 73.0 116.0 85.0 40.0 110.0 82.0 41.0 44.0 309.0 117.0 88.0 34.0 38.0 70.0 56.0 38.0 212.0 44.0 77.0 37.0 46.0 66.0 79.0 58.0 84.0 36.0 47.0 37.0 49.0
45 46 1 TRACE 23.0 17.0 18.0 19.0 19.0 19.0 19.0 18.0 17.0 36.0 28.0 17.0 17.0 43.0 19.0 16.0 21.0 18.0 31.0 20.0 20.0 17.0 18.0 20.0 16.0 19.0 17.0 20.0 19.0 301.0 22.0 21.0 428.0 276.0 425.0 82.0 19.0 17.0 18.0 105.0 24.0 33.0 19.0 19.0 33.0 19.0 19.0 18.0 20.0 17.0 52.0 20.0 20.0 18.0 17.0 17.0 42.0 19.0 19.0 20.0 56.0 20.0 18.0 18.0 18.0 19.0 16.0 39.0 18.0 103.0 18.0 19.0 466.0 156.0 28.0 20.0 19.0 23.0 17.0 56.0 18.0 17.0 18.0 17.0 18.0 18.0 20.0 20.0 19.0 17.0 25.0 20.0 18.0 21.0 17.0 17.0 17.0 16.0 22.0 20.0 17.0 18.0 17.0 19.0 19.0 19.0 17.0 25.0 21.0 23.0 19.0 33.0 53.0 20.0 18.0 50.0 19.0 18.0 21.0 21.0 19.0 24.0 18.0 16.0 18.0 17.0 18.0 17.0 18.0 23.0 16.0 19.0 21.0 19.0 19.0 23.0 19.0 26.0 17.0 19.0 18.0 51.0 35.0 18.0 18.0 17.0 19.0 19.0 18.0 18.0 26.0 19.0 17.0 48.0 19.0 18.0 18.0 19.0 20.0 16.0 18.0 18.0 17.0 17.0 18.0 18.0 16.0 441.0 17.0 17.0 18.0 18.0 17.0 17.0 18.0 18.0 23.0 18.0 17.0 19.0 318.0 52.0 18.0 18.0 18.0 51.0 19.0 18.0 19.0 57.0 17.0 20.0 51.0 19.0 19.0 20.0 53.0 103.0 18.0 18.0 22.0 22.0 18.0 21.0 17.0
46 47 1 TRACE 3166.0 67.0 62.0 217.0 98.0 64.0 62.0 166.0 70.0 62.0 226.0 81.0 62.0 217.0 85.0 64.0 230.0 82.0 63.0 220.0 111.0 67.0 62.0 213.0 112.0 64.0 75.0 216.0 113.0 66.0 62.0 225.0 169.0 63.0 65.0 187.0 114.0 88.0 217.0 90.0 62.0 64.0 226.0 100.0 63.0 203.0 106.0 63.0 215.0 75.0 62.0 138.0 64.0 85.0 155.0 73.0 62.0 203.0 73.0 62.0 242.0 95.0 63.0 62.0 190.0 79.0 63.0 251.0 79.0 71.0 165.0 71.0 64.0 212.0 76.0 63.0 150.0 66.0 67.0 226.0 80.0 63.0 173.0 69.0 65.0 234.0 102.0 62.0 227.0 81.0 84.0 146.0 101.0 63.0 219.0 78.0 104.0 234.0 83.0 62.0 269.0 82.0 63.0 214.0 106.0 66.0 70.0 153.0 67.0 102.0 183.0 73.0 62.0 227.0 81.0 63.0 136.0 64.0 62.0 224.0 79.0 62.0 221.0 85.0 62.0 158.0 72.0 90.0 227.0 81.0 67.0 220.0 77.0 65.0 154.0 66.0 63.0 214.0 109.0 62.0 65.0 207.0 77.0 62.0 245.0 102.0 93.0 62.0 260.0 87.0 62.0 217.0 76.0 62.0 217.0 94.0 63.0 62.0 225.0 83.0 62.0 164.0 66.0 62.0 136.0 95.0 62.0 214.0 77.0 94.0 222.0 108.0 63.0 90.0 166.0 97.0 93.0 169.0 72.0 88.0 720.0 74.0 63.0 215.0 114.0 62.0 211.0 112.0 85.0 63.0 224.0 84.0 190.0 180.0 70.0 133.0 183.0 72.0 62.0 240.0 81.0 62.0 290.0 183.0 76.0
47 48 1 TRACE 21.0 798.0 19.0 50.0 17.0 13.0 16.0 14.0 8.0 9.0 10.0 14.0 10.0 14.0 11.0 11.0 8.0 9.0 21.0 21.0 10.0 10.0 10.0 12.0 8.0 17.0 29.0 10.0 10.0 10.0 12.0 10.0 8.0 28.0 14.0 17.0 10.0 11.0 12.0 12.0 8.0 10.0 10.0 10.0 11.0 12.0 16.0 10.0 8.0 10.0 10.0 11.0 10.0 13.0 18.0 10.0 8.0 10.0 10.0 10.0 10.0 13.0 12.0 11.0 8.0 20.0 10.0 11.0 14.0 49.0 11.0 11.0 7.0 25.0 9.0 10.0 11.0 13.0 13.0 9.0 8.0 16.0 14.0 10.0 12.0 12.0 10.0 10.0 8.0 10.0 16.0 15.0 10.0 14.0 11.0 11.0 8.0 9.0 10.0 21.0 10.0 10.0 15.0 10.0 8.0 15.0 18.0 10.0 10.0 10.0 12.0 10.0 8.0 10.0 12.0 11.0 9.0 15.0 10.0 10.0 8.0 9.0 9.0 10.0 10.0 19.0 10.0 10.0 8.0 10.0 11.0 10.0 10.0 10.0 11.0 10.0 8.0 10.0 33.0 12.0 13.0 10.0 10.0 10.0 7.0 26.0 13.0 11.0 11.0 14.0 13.0 10.0 8.0 10.0 10.0 10.0 11.0 10.0 11.0 10.0 8.0 10.0 11.0 11.0 10.0 14.0 12.0 11.0 8.0 9.0 12.0 11.0 12.0 13.0 11.0 9.0 14.0 10.0 43.0 10.0 10.0 30.0 12.0 9.0 8.0 98.0 33.0 11.0 10.0 10.0 10.0 12.0 8.0 9.0 10.0 10.0 11.0 13.0 11.0 10.0 8.0 9.0 9.0 12.0 10.0 15.0 12.0 10.0 8.0 10.0 10.0 11.0 10.0 14.0 11.0 10.0 9.0 61.0 11.0 87.0 16.0 10.0 10.0 13.0 8.0 9.0 10.0 11.0 11.0 18.0 12.0 10.0 8.0 9.0 13.0 13.0 11.0 13.0 11.0 10.0 8.0 20.0 16.0 16.0 10.0 10.0 10.0 10.0 8.0 9.0 11.0 12.0 10.0 9.0 21.0 10.0 8.0 22.0 10.0 10.0 10.0 15.0 12.0 12.0 8.0 10.0 10.0 11.0 10.0 13.0 11.0 10.0 8.0 10.0 9.0 11.0 9.0 15.0 12.0 10.0 8.0 33.0 13.0 11.0 11.0 11.0 10.0 11.0 8.0 10.0 10.0 13.0 11.0 12.0 10.0 10.0 7.0 11.0 9.0 16.0 10.0 9.0 10.0 10.0 8.0 85.0 10.0 10.0 9.0 10.0 11.0 10.0 8.0 10.0 11.0 10.0 10.0 16.0 11.0 10.0 8.0 10.0 9.0 10.0 10.0 15.0 19.0 10.0 7.0 59.0 22.0 9.0 10.0 15.0 12.0 10.0 8.0 9.0 20.0 11.0 10.0 15.0 11.0 11.0 8.0 9.0 9.0 10.0 10.0 9.0 10.0 10.0 8.0 106.0 15.0 10.0 10.0 14.0 10.0 9.0 9.0 21.0 20.0 13.0 10.0 19.0 13.0 10.0 8.0 22.0 15.0 17.0 10.0 19.0 11.0 9.0 8.0 9.0 10.0 12.0 17.0 12.0 12.0 9.0 8.0 10.0 28.0 18.0 13.0 18.0 13.0 10.0 8.0 10.0 12.0 16.0 11.0 18.0 12.0 10.0 8.0 19.0 12.0 11.0 11.0 18.0 13.0 11.0 8.0 9.0 11.0 10.0 10.0 18.0 11.0 10.0 7.0 9.0 10.0 10.0 11.0 16.0 12.0 11.0 8.0 10.0 11.0 15.0 10.0 19.0 13.0 11.0 8.0 10.0 11.0 10.0 45.0 51.0 55.0 10.0 8.0 11.0 12.0 10.0 12.0 14.0 11.0 11.0 8.0 10.0 12.0 12.0 10.0 19.0 13.0 11.0 8.0 10.0 10.0 9.0 10.0 15.0 13.0 10.0 8.0 10.0 10.0 10.0 10.0 11.0 12.0 21.0 8.0 10.0 9.0 15.0 11.0 19.0 12.0 14.0 9.0 20.0 12.0 10.0 10.0 20.0 15.0 10.0 7.0 10.0 12.0 10.0 11.0 15.0 12.0 10.0 8.0 10.0 50.0 10.0 12.0 19.0 12.0 11.0 8.0 10.0 11.0 15.0 10.0 21.0 13.0 11.0 8.0 20.0 11.0 12.0 9.0 19.0 10.0 10.0 8.0 10.0 11.0 13.0 10.0 17.0 10.0 10.0 8.0 37.0 11.0 10.0 11.0 27.0 12.0 9.0 9.0 41.0 12.0 9.0 9.0 16.0 9.0 11.0 8.0 9.0 10.0 12.0 11.0 16.0 10.0 10.0 8.0 10.0 10.0 13.0 11.0 15.0 13.0 10.0 8.0 19.0 26.0 18.0 11.0 16.0 10.0 11.0 8.0 23.0 22.0 11.0 12.0 15.0 11.0 13.0 8.0 271.0 12.0 10.0 9.0 12.0 10.0 10.0 8.0 10.0 11.0 11.0 14.0 11.0 11.0 11.0 8.0 83.0 10.0 13.0 10.0 15.0 10.0 11.0 8.0 10.0 9.0 11.0 11.0 15.0 12.0 12.0 8.0 10.0 10.0 12.0 11.0 34.0 13.0 15.0 8.0 10.0 10.0 49.0 18.0 11.0 12.0 11.0 7.0 12.0 10.0 15.0 12.0 18.0 13.0 12.0 8.0 46.0 10.0 11.0 10.0 16.0 12.0 17.0 8.0 36.0 16.0 16.0 11.0 15.0 11.0 11.0 8.0 9.0 9.0 13.0 11.0 53.0 15.0 11.0 8.0 10.0 15.0 10.0 9.0 13.0 12.0 10.0 8.0 9.0 10.0 16.0 13.0 10.0 15.0 10.0 8.0 10.0 10.0 13.0 10.0 18.0 14.0 11.0 8.0 10.0 10.0 12.0 12.0 10.0 13.0 10.0 8.0 9.0 10.0 15.0 11.0 16.0 11.0 10.0 8.0 12.0 12.0 25.0 12.0 15.0 13.0 9.0 8.0 21.0 10.0 37.0 10.0 10.0 15.0 10.0 8.0 10.0 10.0 12.0 11.0 15.0 10.0 47.0 8.0 9.0 9.0 12.0 11.0 15.0 12.0 10.0 7.0 65.0 10.0 11.0 12.0 17.0 13.0 11.0 8.0 10.0 10.0 14.0 12.0 16.0 12.0 10.0 8.0 10.0 10.0 14.0 11.0 19.0 13.0 10.0 8.0 43.0 13.0 9.0 12.0 11.0 13.0 10.0 8.0 9.0 48.0 56.0 41.0 10.0 14.0 10.0 8.0 9.0 10.0 15.0 10.0 13.0 13.0 10.0 8.0 12.0 11.0 10.0 16.0 11.0 11.0 10.0 8.0 19.0 10.0 13.0 11.0 15.0 10.0 10.0 8.0 9.0 22.0 11.0 10.0 55.0 51.0 14.0 8.0 10.0 10.0 10.0 20.0 10.0 12.0 10.0 7.0 10.0 9.0 12.0 12.0 15.0 11.0 10.0 8.0 12.0 12.0 26.0 12.0 17.0 13.0 11.0 8.0 10.0 10.0 9.0 10.0 10.0 11.0 10.0 8.0 46.0 13.0 15.0 13.0 11.0 10.0 11.0 8.0 10.0 10.0 12.0 11.0 16.0 12.0 13.0 8.0 59.0 42.0 11.0 12.0 15.0 12.0 10.0 8.0 11.0 9.0 11.0 10.0 36.0 11.0 10.0 8.0 10.0 19.0 14.0 11.0 18.0 12.0 10.0 8.0 9.0 11.0 10.0 12.0 19.0 13.0 12.0 8.0 10.0 10.0 12.0 10.0 10.0 12.0 10.0 8.0 10.0 9.0 17.0 14.0 22.0 12.0 10.0 7.0 9.0 9.0 14.0 11.0 12.0 13.0 10.0 8.0 20.0 13.0 10.0 11.0 15.0 12.0 11.0 8.0 31.0 10.0 13.0 11.0 13.0 17.0 12.0 8.0 13.0 12.0 10.0 10.0 10.0 11.0 10.0 8.0 10.0 20.0 12.0 12.0 49.0 46.0 10.0 7.0 9.0 10.0 12.0 13.0 13.0 11.0 10.0 8.0 56.0 28.0 13.0 13.0 14.0 10.0 12.0 9.0 14.0 10.0 10.0 12.0 17.0 11.0 9.0 8.0 10.0 10.0 14.0 11.0 17.0 9.0 13.0 8.0 10.0 13.0 13.0 11.0 16.0 12.0 10.0 8.0 17.0 12.0 10.0 12.0 14.0 12.0 10.0 8.0 43.0 40.0 11.0 9.0 17.0 11.0 10.0 8.0 9.0 10.0 13.0 10.0 16.0 13.0 10.0 8.0 10.0 11.0 10.0 10.0 10.0 12.0 10.0 8.0 10.0 10.0 13.0 12.0 15.0 11.0 10.0 8.0 40.0 11.0 16.0 22.0 11.0 13.0 13.0 8.0 10.0 16.0 10.0 11.0 10.0 16.0 11.0 8.0 10.0 10.0 11.0 10.0 11.0 10.0 11.0 9.0 9.0 11.0 10.0 10.0 15.0 12.0 10.0 8.0 17.0 10.0 10.0 10.0 11.0 13.0 10.0 8.0 9.0 12.0 13.0 11.0 16.0 11.0 16.0 8.0 9.0 10.0 13.0 13.0 13.0 13.0 11.0 8.0 10.0 12.0 9.0 11.0 10.0 11.0 10.0 8.0 10.0 9.0 15.0 13.0 14.0 12.0 15.0 8.0 9.0 12.0 11.0 12.0 14.0 13.0 11.0 8.0 16.0 11.0 14.0 14.0 14.0 16.0 10.0 8.0 10.0 10.0 11.0 10.0 9.0 12.0 10.0 8.0 9.0 11.0 14.0 12.0 17.0 9.0 11.0 8.0 9.0 10.0 14.0 12.0 17.0 14.0 10.0 8.0 16.0 10.0 11.0 10.0 19.0 12.0 10.0 8.0 38.0 10.0 9.0 11.0 11.0 11.0 14.0 8.0 10.0 10.0 14.0 12.0 16.0 12.0 10.0 8.0 64.0 21.0 49.0 17.0 14.0 12.0 11.0 8.0 14.0 10.0 10.0 9.0 15.0 11.0 10.0 8.0 10.0 9.0 14.0 11.0 16.0 10.0 10.0 8.0 9.0 11.0 15.0 11.0 15.0 9.0 11.0 8.0 40.0 10.0 10.0 10.0 58.0 12.0 43.0 8.0 9.0 10.0 12.0 10.0 19.0 12.0 10.0 8.0 27.0 10.0 13.0 10.0 18.0 10.0 10.0 8.0 10.0 28.0 13.0 10.0 15.0 11.0 10.0 8.0 10.0 10.0 16.0 10.0 15.0 12.0 11.0 8.0 24.0 22.0 10.0 11.0 15.0 10.0 11.0 8.0 11.0 10.0 10.0 10.0 59.0 10.0 10.0 8.0 10.0 12.0 11.0 10.0 19.0 12.0 10.0 8.0 18.0 10.0 16.0 12.0 19.0 13.0 11.0 8.0 10.0 14.0 15.0 12.0 15.0 13.0 11.0 8.0 10.0 10.0 11.0 12.0 11.0 12.0 11.0 8.0 40.0 10.0 12.0 10.0 16.0 11.0 10.0 8.0 43.0 10.0 10.0 15.0 18.0 13.0 12.0 11.0 10.0 10.0 10.0 10.0 12.0 11.0 10.0 9.0 10.0 10.0 14.0 10.0 23.0 11.0 12.0 8.0 9.0 10.0 13.0 9.0 19.0 14.0 13.0 8.0 10.0 11.0 11.0 10.0 21.0 12.0 19.0 8.0 9.0 9.0 9.0 10.0 15.0 13.0 11.0 8.0 9.0 11.0 15.0 10.0 19.0 13.0 10.0 8.0 80.0 10.0 12.0 11.0 10.0 11.0 10.0 8.0 76.0 10.0 10.0 10.0 12.0 10.0 11.0 8.0 10.0 40.0 15.0 10.0 12.0 12.0 11.0 8.0 22.0 10.0 10.0 13.0 40.0 15.0 10.0 7.0 10.0 9.0 13.0 10.0 17.0 12.0 10.0 8.0 107.0 10.0 10.0 10.0 19.0 10.0 10.0 8.0 10.0 9.0 13.0 10.0 15.0 9.0 10.0 8.0 11.0 10.0 11.0 10.0 17.0 11.0 9.0 8.0 10.0 9.0 15.0 11.0 14.0 13.0 11.0 8.0 38.0 13.0 10.0 10.0 17.0 13.0 31.0 9.0 10.0 9.0 21.0 12.0 16.0 11.0 9.0 8.0 27.0 17.0 13.0 12.0 15.0 11.0 10.0 9.0 10.0 11.0 10.0 21.0 12.0 12.0 10.0 9.0 10.0 10.0 10.0 11.0 13.0 10.0 10.0 7.0 10.0 9.0 12.0 9.0 19.0 17.0 11.0 8.0 86.0 43.0 10.0 15.0 9.0 12.0 10.0 8.0 10.0 11.0 9.0 10.0 13.0 11.0 10.0 8.0 10.0 10.0 15.0 10.0 35.0 12.0 10.0 8.0 10.0 11.0 33.0 10.0 12.0 13.0 10.0 8.0 20.0 10.0 10.0 10.0 20.0 15.0 10.0 8.0 10.0 16.0 14.0 11.0 11.0 12.0 10.0 8.0 13.0 10.0 13.0 9.0 18.0 13.0 12.0 8.0 9.0 9.0 12.0 10.0 18.0 14.0 10.0 8.0 30.0 41.0 15.0 9.0 11.0 11.0 11.0 8.0 10.0 9.0 11.0 9.0 38.0 11.0 10.0 8.0 10.0 10.0 13.0 9.0 10.0 12.0 11.0 8.0 9.0 10.0 10.0 10.0 54.0 11.0 11.0 8.0 56.0 9.0 13.0 9.0 16.0 10.0 9.0 8.0 13.0 12.0 20.0 10.0 17.0 12.0 10.0 8.0 11.0 10.0 11.0 10.0 10.0 12.0 11.0 8.0 52.0 21.0 10.0 10.0 16.0 85.0 9.0 8.0 31.0 13.0 13.0 11.0 15.0 13.0 11.0 8.0 9.0 10.0 10.0 9.0 15.0 12.0 10.0 8.0 9.0 10.0 10.0 10.0 13.0 10.0 37.0 8.0 10.0 9.0 11.0 10.0 18.0 12.0 10.0 8.0 10.0 27.0 11.0 10.0 12.0 12.0 10.0 8.0 10.0 12.0 10.0 18.0 22.0 12.0 10.0 8.0 10.0 9.0 13.0 11.0 18.0 13.0 9.0
48 49 1 TRACE 29.0 28.0 22.0 27.0 18.0 25.0 20.0 16.0 8.0 9.0 11.0 11.0 10.0 10.0 11.0 10.0 7.0 9.0 10.0 12.0 10.0 10.0 9.0 11.0 14.0 23.0 21.0 20.0 18.0 19.0 22.0 17.0 11.0 29.0 27.0 59.0 17.0 17.0 17.0 18.0 8.0 9.0 10.0 10.0 9.0 18.0 10.0 11.0 7.0 9.0 14.0 10.0 10.0 10.0 9.0 9.0 20.0 33.0 23.0 22.0 18.0 19.0 19.0 18.0 8.0 11.0 18.0 11.0 13.0 11.0 12.0 12.0 7.0 9.0 9.0 10.0 10.0 9.0 10.0 21.0 19.0 37.0 23.0 24.0 18.0 26.0 18.0 19.0 8.0 19.0 19.0 14.0 13.0 13.0 12.0 13.0 7.0 21.0 19.0 11.0 10.0 10.0 10.0 22.0 19.0 26.0 22.0 22.0 18.0 23.0 39.0 19.0 8.0 20.0 15.0 13.0 13.0 13.0 12.0 12.0 8.0 11.0 9.0 25.0 10.0 11.0 9.0 12.0 18.0 44.0 24.0 20.0 18.0 20.0 18.0 17.0 9.0 18.0 21.0 18.0 15.0 14.0 12.0 14.0 7.0 32.0 11.0 9.0 10.0 10.0 9.0 9.0 13.0 69.0 20.0 19.0 20.0 18.0 19.0 18.0 13.0 28.0 29.0 20.0 18.0 18.0 18.0 18.0 7.0 25.0 10.0 9.0 10.0 10.0 10.0 9.0 8.0 9.0 22.0 10.0 10.0 10.0 10.0 9.0 12.0 21.0 20.0 20.0 18.0 17.0 18.0 17.0 12.0 23.0 25.0 22.0 18.0 18.0 17.0 17.0 7.0 9.0 10.0 11.0 10.0 10.0 10.0 10.0 8.0 9.0 22.0 10.0 10.0 10.0 9.0 9.0 13.0 22.0 20.0 21.0 18.0 20.0 27.0 18.0 12.0 28.0 25.0 22.0 19.0 18.0 17.0 17.0 7.0 9.0 16.0 10.0 10.0 10.0 9.0 10.0 7.0 11.0 19.0 10.0 9.0 10.0 10.0 10.0 16.0 107.0 23.0 20.0 18.0 87.0 18.0 17.0 10.0 19.0 23.0 21.0 24.0 17.0 14.0 14.0 7.0 10.0 10.0 10.0 9.0 10.0 9.0 10.0 7.0 9.0 9.0 10.0 9.0 10.0 9.0 9.0 21.0 128.0 22.0 22.0 18.0 23.0 18.0 52.0 8.0 11.0 12.0 13.0 12.0 11.0 11.0 12.0 7.0 10.0 10.0 10.0 10.0 9.0 10.0 10.0 16.0 23.0 20.0 20.0 18.0 17.0 20.0 16.0 10.0 120.0 20.0 19.0 16.0 22.0 20.0 17.0 8.0 9.0 12.0 9.0 10.0 10.0 10.0 9.0 7.0 20.0 10.0 10.0 9.0 10.0 10.0 10.0 19.0 45.0 21.0 24.0 18.0 19.0 17.0 17.0 8.0 13.0 20.0 18.0 13.0 12.0 13.0 14.0 7.0 12.0 10.0 9.0 10.0 21.0 10.0 9.0 20.0 36.0 22.0 22.0 17.0 18.0 17.0 20.0 8.0 13.0 16.0 13.0 12.0 13.0 12.0 14.0 7.0 9.0 12.0 74.0 10.0 28.0 10.0 12.0 20.0 32.0 22.0 20.0 18.0 19.0 18.0 19.0 8.0 19.0 18.0 13.0 13.0 12.0 12.0 14.0 7.0 10.0 10.0 11.0 9.0 10.0 10.0 10.0 15.0 26.0 22.0 20.0 18.0 19.0 17.0 19.0 7.0 11.0 17.0 9.0 10.0 19.0 10.0 11.0 8.0 45.0 16.0 11.0 9.0 10.0 9.0 10.0 18.0 25.0 21.0 23.0 21.0 20.0 17.0 16.0 8.0 10.0 11.0 11.0 11.0 11.0 11.0 14.0 7.0 12.0 10.0 11.0 9.0 10.0 10.0 11.0 21.0 28.0 21.0 27.0 18.0 19.0 17.0 18.0 8.0 11.0 16.0 11.0 12.0 11.0 12.0 11.0 7.0 9.0 12.0 12.0 9.0 10.0 9.0 10.0 16.0 23.0 22.0 21.0 17.0 18.0 18.0 18.0 10.0 20.0 21.0 21.0 17.0 18.0 17.0 14.0 7.0 10.0 11.0 13.0 10.0 19.0 9.0 10.0 7.0 9.0 18.0 10.0 9.0 10.0 10.0 12.0 20.0 41.0 27.0 22.0 18.0 19.0 18.0 19.0 8.0 11.0 12.0 11.0 11.0 17.0 11.0 11.0 7.0 12.0 11.0 9.0 10.0 10.0 10.0 11.0 19.0 24.0 21.0 23.0 18.0 18.0 17.0 18.0 8.0 13.0 19.0 14.0 13.0 13.0 12.0 15.0 7.0 9.0 9.0 10.0 9.0 10.0 10.0 15.0 21.0 40.0 21.0 20.0 18.0 19.0 17.0 57.0 8.0 11.0 45.0 11.0 12.0 11.0 32.0 12.0 7.0 10.0 11.0 10.0 9.0 10.0 10.0 11.0 31.0 29.0 24.0 25.0 19.0 19.0 17.0 17.0 8.0 13.0 30.0 13.0 13.0 12.0 12.0 13.0 7.0 9.0 9.0 12.0 9.0 10.0 10.0 10.0 18.0 37.0 25.0 24.0 18.0 18.0 17.0 17.0 7.0 10.0 17.0 58.0 10.0 17.0 11.0 12.0 7.0 17.0 10.0 10.0 10.0 10.0 10.0 12.0 18.0 24.0 38.0 42.0 17.0 17.0 19.0 17.0 9.0 17.0 17.0 13.0 15.0 14.0 13.0 15.0 8.0 10.0 10.0 10.0 9.0 13.0 41.0 46.0 19.0 33.0 24.0 24.0 18.0 19.0 17.0 20.0 8.0 11.0 15.0 12.0 11.0 10.0 11.0 12.0 7.0 9.0 10.0 11.0 10.0 10.0 10.0 12.0 18.0 30.0 24.0 23.0 18.0 18.0 18.0 30.0 9.0 13.0 14.0 14.0 14.0 13.0 13.0 14.0 7.0 14.0 11.0 10.0 10.0 11.0 9.0 12.0 18.0 24.0 27.0 137.0 19.0 23.0 48.0 50.0 9.0 21.0 19.0 15.0 14.0 13.0 25.0 20.0 8.0 10.0 9.0 9.0 10.0 10.0 10.0 10.0 17.0 24.0 37.0 22.0 18.0 18.0 18.0 19.0 8.0 10.0 11.0 10.0 10.0 11.0 11.0 14.0 7.0 9.0 11.0 11.0 10.0 11.0 11.0 12.0 19.0 24.0 28.0 23.0 19.0 20.0 17.0 19.0 8.0 50.0 36.0 14.0 12.0 14.0 12.0 13.0 7.0 9.0 12.0 10.0 10.0 10.0 10.0 12.0 18.0 40.0 29.0 33.0 18.0 29.0 20.0 20.0 9.0 17.0 18.0 17.0 15.0 18.0 12.0 15.0 7.0 10.0 10.0 10.0 13.0 11.0 10.0 10.0 19.0 24.0 22.0 21.0 18.0 21.0 19.0 19.0 8.0 20.0 20.0 17.0 14.0 14.0 13.0 16.0 7.0 10.0 12.0 10.0 9.0 10.0 10.0 11.0 13.0 22.0 21.0 27.0 17.0 18.0 20.0 38.0 11.0 21.0 21.0 19.0 20.0 20.0 25.0 18.0 8.0 9.0 10.0 9.0 10.0 9.0 13.0 10.0 7.0 10.0 10.0 10.0 9.0 10.0 10.0 12.0 19.0 30.0 25.0 22.0 18.0 19.0 17.0 35.0 8.0 11.0 19.0 10.0 11.0 14.0 11.0 11.0 7.0 9.0 10.0 10.0 9.0 10.0 10.0 10.0 20.0 31.0 25.0 23.0 18.0 18.0 18.0 18.0 8.0 12.0 11.0 12.0 12.0 11.0 12.0 14.0 7.0 10.0 11.0 10.0 10.0 9.0 10.0 10.0 18.0 24.0 23.0 24.0 18.0 19.0 18.0 19.0 9.0 93.0 19.0 15.0 14.0 13.0 13.0 15.0 7.0 10.0 9.0 11.0 9.0 10.0 9.0 11.0 14.0 44.0 21.0 23.0 57.0 19.0 18.0 17.0 7.0 9.0 11.0 10.0 10.0 16.0 9.0 11.0 7.0 10.0 11.0 9.0 10.0 10.0 10.0 10.0 19.0 29.0 24.0 21.0 18.0 19.0 19.0 17.0 8.0 15.0 15.0 15.0 15.0 12.0 14.0 13.0 8.0 38.0 15.0 10.0 9.0 9.0 9.0 10.0 17.0 23.0 21.0 23.0 17.0 18.0 19.0 18.0 9.0 21.0 29.0 24.0 18.0 15.0 15.0 30.0 8.0 9.0 10.0 9.0 9.0 9.0 10.0 14.0 20.0 29.0 30.0 22.0 18.0 20.0 18.0 31.0 8.0 11.0 11.0 11.0 11.0 11.0 11.0 14.0 8.0 12.0 41.0 10.0 10.0 10.0 10.0 11.0 18.0 34.0 24.0 20.0 19.0 22.0 18.0 18.0 9.0 17.0 28.0 19.0 15.0 13.0 14.0 13.0 8.0 9.0 10.0 9.0 9.0 12.0 10.0 11.0 19.0 28.0 26.0 23.0 22.0 19.0 17.0 19.0 9.0 16.0 16.0 14.0 13.0 13.0 13.0 13.0 7.0 9.0 10.0 10.0 10.0 9.0 10.0 11.0 18.0 26.0 24.0 22.0 18.0 20.0 18.0 18.0 8.0 10.0 11.0 11.0 11.0 11.0 11.0 12.0 7.0 11.0 15.0 11.0 10.0 9.0 10.0 10.0 12.0 24.0 31.0 18.0 18.0 19.0 17.0 20.0 11.0 31.0 26.0 25.0 18.0 18.0 18.0 19.0 8.0 9.0 17.0 11.0 10.0 24.0 10.0 10.0 7.0 9.0 17.0 11.0 10.0 10.0 10.0 12.0 19.0 39.0 28.0 24.0 19.0 18.0 17.0 19.0 8.0 14.0 11.0 15.0 12.0 13.0 12.0 14.0 7.0 9.0 10.0 11.0 10.0 10.0 10.0 10.0 15.0 55.0 26.0 20.0 18.0 54.0 18.0 19.0 10.0 26.0 24.0 20.0 16.0 18.0 16.0 20.0 7.0 9.0 10.0 10.0 10.0 10.0 9.0 12.0 7.0 9.0 9.0 11.0 10.0 11.0 9.0 10.0 19.0 31.0 24.0 21.0 18.0 47.0 17.0 19.0 8.0 51.0 19.0 14.0 14.0 14.0 13.0 15.0 8.0 9.0 10.0 10.0 9.0 10.0 9.0 11.0 19.0 49.0 27.0 23.0 18.0 19.0 18.0 18.0 8.0 12.0 13.0 14.0 13.0 14.0 11.0 14.0 7.0 10.0 9.0 10.0 10.0 10.0 9.0 10.0 15.0 54.0 30.0 22.0 18.0 19.0 19.0 17.0 10.0 58.0 21.0 20.0 17.0 18.0 17.0 15.0 8.0 10.0 11.0 10.0 10.0 10.0 10.0 11.0 7.0 10.0 15.0 10.0 10.0 10.0 10.0 11.0 18.0 30.0 26.0 22.0 18.0 19.0 18.0 17.0 9.0 19.0 22.0 21.0 14.0 14.0 14.0 15.0 7.0 9.0 16.0 41.0 10.0 10.0 10.0 10.0 17.0 26.0 28.0 20.0 18.0 18.0 18.0 18.0 8.0 9.0 12.0 12.0 10.0 11.0 40.0 12.0 8.0 10.0 9.0 12.0 9.0 10.0 9.0 10.0 15.0 24.0 21.0 23.0 17.0 18.0 17.0 17.0 7.0 14.0 9.0 13.0 10.0 10.0 10.0 11.0 7.0 12.0 10.0 13.0 10.0 10.0 10.0 18.0 20.0 25.0 26.0 25.0 18.0 19.0 17.0 18.0 8.0 51.0 15.0 12.0 13.0 13.0 12.0 13.0 8.0 23.0 11.0 11.0 10.0 10.0 20.0 10.0 12.0 45.0 24.0 23.0 17.0 18.0 46.0 54.0 11.0 21.0 21.0 22.0 18.0 18.0 17.0 17.0 7.0 10.0 10.0 12.0 10.0 10.0 9.0 10.0 7.0 9.0 11.0 13.0 10.0 10.0 9.0 11.0 21.0 30.0 23.0 23.0 18.0 18.0 17.0 18.0 8.0 14.0 19.0 12.0 11.0 12.0 12.0 13.0 8.0 13.0 10.0 11.0 9.0 10.0 10.0 9.0 20.0 33.0 31.0 20.0 19.0 18.0 17.0 18.0 8.0 11.0 61.0 13.0 12.0 11.0 12.0 13.0 8.0 28.0 10.0 10.0 10.0 10.0 9.0 13.0 20.0 26.0 23.0 26.0 19.0 19.0 18.0 17.0 8.0 12.0 12.0 13.0 12.0 12.0 12.0 12.0 7.0 12.0 13.0 36.0 10.0 10.0 10.0 11.0 19.0 29.0 25.0 23.0 19.0 18.0 16.0 19.0 8.0 13.0 12.0 15.0 13.0 13.0 13.0 14.0 7.0 9.0 10.0 9.0 9.0 12.0 10.0 12.0 12.0 29.0 25.0 25.0 17.0 19.0 18.0 24.0 12.0 32.0 20.0 21.0 17.0 21.0 18.0 17.0 8.0 10.0 9.0 12.0 10.0 10.0 10.0 10.0 7.0 9.0 9.0 11.0 10.0 10.0 10.0 11.0 18.0 62.0 25.0 26.0 18.0 24.0 18.0 30.0 9.0 20.0 20.0 22.0 14.0 14.0 13.0 16.0 8.0 9.0 15.0 12.0 9.0 10.0 9.0 10.0 20.0 31.0 24.0 23.0 19.0 18.0 26.0 43.0 8.0 11.0 13.0 12.0 11.0 11.0 11.0 14.0 7.0 9.0 10.0 10.0 9.0 10.0 9.0 11.0 20.0 25.0 26.0 28.0 18.0 19.0 17.0 18.0 8.0 264.0 12.0 15.0 11.0 12.0 12.0 15.0 7.0 14.0 10.0 10.0 9.0 10.0 11.0 10.0 18.0 26.0 21.0 23.0 18.0 19.0 25.0 57.0 8.0 17.0 18.0 17.0 14.0 14.0 13.0 29.0 7.0 9.0 13.0 11.0 9.0 10.0 10.0 10.0 19.0 24.0 23.0 21.0 40.0 20.0 17.0 17.0 9.0 18.0 20.0 13.0 13.0 13.0 13.0 16.0 7.0 9.0 9.0 13.0 10.0 10.0 10.0 11.0
49 47 1 TRACE 92.0 78.0 66.0 53.0 56.0 49.0 48.0 30.0 30.0 28.0 29.0 29.0 28.0 30.0 29.0 27.0 24.0 29.0 34.0 28.0 27.0 206.0 139.0 122.0 105.0 97.0 85.0 79.0 85.0 53.0 50.0 73.0 46.0 44.0 42.0 66.0 28.0 25.0 26.0 26.0 25.0 30.0 28.0 35.0 24.0 27.0 25.0 24.0 25.0 104.0 84.0 70.0 67.0 55.0 51.0 49.0 46.0 37.0 33.0 32.0 32.0 33.0 72.0 24.0 25.0 25.0 25.0 24.0 24.0 35.0 137.0 104.0 87.0 78.0 71.0 64.0 61.0 47.0 41.0 44.0 42.0 40.0 38.0 39.0 70.0 26.0 24.0 38.0 27.0 25.0 26.0 129.0 101.0 81.0 75.0 68.0 61.0 62.0 42.0 39.0 39.0 39.0 39.0 37.0 40.0 66.0 40.0 34.0 30.0 29.0 30.0 28.0 194.0 124.0 93.0 100.0 72.0 67.0 64.0 45.0 45.0 45.0 46.0 41.0 40.0 42.0 26.0 24.0 25.0 25.0 26.0 25.0 27.0 184.0 155.0 139.0 149.0 115.0 104.0 96.0 64.0 63.0 53.0 49.0 47.0 44.0 46.0 30.0 26.0 26.0 25.0 26.0 25.0 29.0 25.0 27.0 35.0 25.0 26.0 24.0 28.0 151.0 144.0 135.0 130.0 152.0 107.0 95.0 65.0 70.0 54.0 49.0 47.0 46.0 44.0 25.0 27.0 27.0 29.0 26.0 25.0 27.0 54.0 26.0 25.0 26.0 26.0 25.0 26.0 150.0 143.0 137.0 114.0 112.0 97.0 140.0 64.0 58.0 56.0 49.0 46.0 44.0 48.0 26.0 27.0 25.0 27.0 27.0 25.0 28.0 62.0 31.0 24.0 26.0 31.0 25.0 26.0 168.0 124.0 99.0 92.0 82.0 69.0 72.0 51.0 57.0 49.0 45.0 43.0 41.0 73.0 24.0 27.0 26.0 27.0 26.0 24.0 26.0 34.0 28.0 25.0 27.0 26.0 24.0 27.0 113.0 87.0 73.0 68.0 59.0 56.0 55.0 38.0 38.0 37.0 36.0 36.0 34.0 38.0 38.0 27.0 26.0 32.0 28.0 27.0 28.0 164.0 129.0 109.0 98.0 83.0 75.0 71.0 52.0 50.0 48.0 45.0 44.0 44.0 42.0 26.0 29.0 68.0 25.0 26.0 25.0 27.0 24.0 24.0 25.0 26.0 24.0 23.0 27.0 144.0 110.0 89.0 76.0 71.0 63.0 63.0 48.0 43.0 41.0 43.0 48.0 39.0 40.0 25.0 25.0 26.0 28.0 25.0 52.0 27.0 128.0 99.0 81.0 69.0 63.0 59.0 58.0 39.0 37.0 38.0 37.0 36.0 35.0 38.0 45.0 34.0 30.0 24.0 26.0 27.0 29.0 138.0 100.0 82.0 70.0 63.0 59.0 57.0 46.0 39.0 38.0 38.0 36.0 36.0 37.0 24.0 25.0 24.0 25.0 24.0 24.0 24.0 80.0 67.0 68.0 52.0 49.0 47.0 49.0 27.0 27.0 39.0 41.0 26.0 26.0 27.0 25.0 25.0 24.0 26.0 24.0 24.0 35.0 85.0 71.0 64.0 55.0 51.0 49.0 47.0 28.0 29.0 39.0 36.0 29.0 29.0 30.0 24.0 24.0 24.0 25.0 24.0 24.0 26.0 109.0 86.0 78.0 72.0 60.0 55.0 61.0 40.0 39.0 59.0 79.0 34.0 34.0 35.0 24.0 27.0 24.0 25.0 25.0 24.0 26.0 152.0 126.0 110.0 91.0 80.0 74.0 72.0 65.0 51.0 52.0 46.0 45.0 42.0 43.0 24.0 25.0 25.0 25.0 24.0 25.0 62.0 26.0 25.0 24.0 25.0 23.0 24.0 25.0 108.0 87.0 73.0 62.0 56.0 54.0 53.0 33.0 53.0 34.0 35.0 33.0 36.0 34.0 24.0 73.0 44.0 26.0 25.0 25.0 26.0 137.0 102.0 86.0 84.0 69.0 64.0 60.0 42.0 77.0 39.0 39.0 39.0 38.0 38.0 24.0 36.0 25.0 25.0 24.0 24.0 25.0 100.0 83.0 69.0 61.0 55.0 53.0 52.0 36.0 34.0 32.0 32.0 31.0 33.0 32.0 25.0 25.0 24.0 28.0 25.0 24.0 25.0 126.0 100.0 82.0 71.0 64.0 60.0 58.0 61.0 40.0 46.0 37.0 35.0 36.0 38.0 24.0 24.0 24.0 24.0 25.0 27.0 24.0 87.0 81.0 63.0 55.0 52.0 48.0 47.0 67.0 30.0 29.0 29.0 29.0 29.0 31.0 25.0 65.0 25.0 24.0 24.0 24.0 25.0 141.0 117.0 99.0 76.0 73.0 64.0 61.0 43.0 42.0 50.0 40.0 39.0 39.0 40.0 69.0 27.0 27.0 25.0 24.0 24.0 28.0 111.0 79.0 64.0 72.0 55.0 50.0 52.0 39.0 36.0 32.0 31.0 52.0 53.0 32.0 24.0 27.0 25.0 25.0 25.0 24.0 26.0 145.0 110.0 88.0 76.0 108.0 64.0 62.0 42.0 42.0 41.0 42.0 38.0 38.0 40.0 32.0 24.0 25.0 24.0 24.0 24.0 27.0 152.0 112.0 94.0 91.0 70.0 67.0 63.0 46.0 52.0 43.0 41.0 40.0 39.0 39.0 25.0 26.0 26.0 25.0 25.0 25.0 27.0 81.0 94.0 60.0 54.0 49.0 53.0 48.0 66.0 29.0 29.0 28.0 27.0 28.0 28.0 58.0 25.0 26.0 25.0 24.0 24.0 25.0 142.0 101.0 82.0 73.0 71.0 62.0 61.0 41.0 39.0 39.0 38.0 41.0 38.0 41.0 25.0 26.0 24.0 64.0 25.0 24.0 26.0 146.0 120.0 91.0 79.0 72.0 68.0 64.0 45.0 44.0 43.0 41.0 40.0 42.0 39.0 25.0 25.0 25.0 62.0 26.0 25.0 24.0 146.0 115.0 94.0 80.0 74.0 66.0 76.0 73.0 46.0 46.0 43.0 40.0 40.0 40.0 32.0 26.0 24.0 24.0 24.0 25.0 26.0 190.0 155.0 137.0 123.0 111.0 104.0 90.0 64.0 57.0 52.0 48.0 46.0 44.0 43.0 25.0 26.0 26.0 25.0 25.0 25.0 24.0 91.0 24.0 23.0 24.0 23.0 24.0 25.0 90.0 76.0 65.0 56.0 53.0 49.0 50.0 28.0 30.0 29.0 31.0 29.0 30.0 32.0 27.0 31.0 26.0 23.0 23.0 24.0 26.0 115.0 88.0 73.0 72.0 59.0 54.0 53.0 55.0 36.0 35.0 34.0 33.0 34.0 34.0 25.0 27.0 25.0 24.0 31.0 24.0 26.0 140.0 107.0 93.0 79.0 75.0 66.0 64.0 83.0 47.0 43.0 46.0 40.0 39.0 39.0 25.0 25.0 34.0 63.0 26.0 26.0 26.0 159.0 67.0 57.0 52.0 48.0 45.0 46.0 27.0 26.0 27.0 25.0 26.0 26.0 27.0 31.0 25.0 23.0 23.0 23.0 28.0 25.0 143.0 109.0 92.0 75.0 75.0 69.0 60.0 167.0 41.0 47.0 40.0 38.0 42.0 84.0 24.0 25.0 24.0 26.0 24.0 24.0 25.0 163.0 118.0 101.0 83.0 78.0 69.0 72.0 50.0 56.0 45.0 46.0 41.0 40.0 41.0 56.0 28.0 27.0 24.0 24.0 24.0 25.0 94.0 76.0 67.0 56.0 62.0 50.0 48.0 30.0 33.0 31.0 30.0 31.0 31.0 31.0 31.0 24.0 57.0 23.0 25.0 25.0 25.0 155.0 110.0 94.0 115.0 74.0 66.0 74.0 44.0 45.0 43.0 42.0 40.0 40.0 41.0 25.0 31.0 26.0 24.0 25.0 25.0 25.0 145.0 106.0 88.0 81.0 71.0 62.0 61.0 42.0 42.0 39.0 38.0 38.0 38.0 39.0 25.0 26.0 26.0 24.0 25.0 24.0 25.0 120.0 74.0 67.0 55.0 58.0 48.0 47.0 36.0 33.0 29.0 28.0 29.0 29.0 27.0 27.0 25.0 25.0 25.0 24.0 24.0 24.0 152.0 146.0 133.0 120.0 105.0 96.0 93.0 72.0 63.0 55.0 92.0 51.0 44.0 44.0 31.0 31.0 24.0 26.0 26.0 35.0 27.0 25.0 28.0 24.0 25.0 25.0 23.0 25.0 122.0 101.0 81.0 70.0 63.0 59.0 57.0 72.0 44.0 37.0 39.0 42.0 37.0 73.0 29.0 38.0 25.0 24.0 24.0 24.0 24.0 164.0 125.0 135.0 89.0 82.0 79.0 73.0 53.0 62.0 53.0 53.0 44.0 42.0 43.0 25.0 25.0 25.0 25.0 42.0 32.0 27.0 136.0 24.0 23.0 25.0 24.0 26.0 25.0 152.0 116.0 96.0 114.0 74.0 67.0 65.0 43.0 47.0 44.0 41.0 41.0 39.0 41.0 25.0 45.0 25.0 26.0 24.0 30.0 27.0 163.0 97.0 80.0 73.0 66.0 61.0 59.0 68.0 41.0 39.0 38.0 37.0 37.0 39.0 24.0 25.0 24.0 24.0 24.0 57.0 28.0 193.0 132.0 112.0 94.0 87.0 80.0 70.0 87.0 52.0 51.0 46.0 45.0 43.0 47.0 39.0 65.0 25.0 25.0 25.0 24.0 25.0 24.0 28.0 24.0 25.0 25.0 24.0 25.0 226.0 119.0 97.0 82.0 75.0 69.0 66.0 88.0 53.0 46.0 46.0 42.0 40.0 43.0 31.0 51.0 37.0 24.0 24.0 24.0 25.0 86.0 69.0 60.0 54.0 56.0 48.0 47.0 28.0 30.0 27.0 40.0 62.0 29.0 30.0 25.0 26.0 25.0 25.0 25.0 24.0 25.0 193.0 66.0 59.0 52.0 49.0 46.0 46.0 27.0 29.0 26.0 34.0 27.0 27.0 27.0 24.0 24.0 24.0 25.0 25.0 24.0 96.0 126.0 98.0 80.0 73.0 65.0 62.0 59.0 43.0 39.0 73.0 44.0 37.0 36.0 36.0 24.0 25.0 26.0 26.0 24.0 24.0 25.0 155.0 148.0 133.0 123.0 118.0 100.0 102.0 1064.0 61.0 55.0 48.0 48.0 44.0 47.0 245.0 27.0 26.0 26.0 26.0 57.0 30.0 67.0 25.0 26.0 39.0 26.0 25.0 24.0 139.0 84.0 70.0 60.0 55.0 52.0 53.0 32.0 41.0 33.0 32.0 33.0 32.0 33.0 24.0 25.0 24.0 25.0 25.0 24.0 25.0 107.0 86.0 72.0 61.0 55.0 53.0 53.0 33.0 34.0 38.0 32.0 32.0 33.0 34.0 27.0 27.0 26.0 25.0 24.0 24.0 26.0 114.0 87.0 76.0 66.0 59.0 61.0 52.0 36.0 36.0 36.0 36.0 36.0 34.0 35.0 27.0 25.0 32.0 24.0 28.0 26.0 28.0 242.0 101.0 86.0 71.0 72.0 61.0 59.0 40.0 39.0 41.0 40.0 38.0 37.0 39.0 24.0 24.0 23.0 41.0 27.0 24.0 26.0 152.0 188.0 134.0 120.0 110.0 96.0 90.0 140.0 57.0 52.0 48.0 53.0 45.0 46.0 26.0 59.0 26.0 26.0 27.0 24.0 26.0 25.0 26.0 26.0 25.0 25.0 24.0 27.0 161.0 114.0 95.0 78.0 114.0 78.0 66.0 172.0 46.0 47.0 42.0 43.0 41.0 42.0 28.0 28.0 24.0 26.0 65.0 24.0 25.0 106.0 85.0 72.0 96.0 57.0 79.0 52.0 32.0 33.0 32.0 33.0 33.0 33.0 32.0 24.0 24.0 24.0 24.0 24.0 24.0 26.0 109.0 87.0 71.0 70.0 61.0 55.0 53.0 34.0 35.0 34.0 35.0 34.0 34.0 37.0 40.0 24.0 24.0 48.0 23.0 24.0 26.0 147.0 119.0 93.0 81.0 74.0 65.0 61.0 44.0 45.0 43.0 44.0 40.0 40.0 41.0 24.0 25.0 24.0 25.0 25.0 24.0 26.0 141.0 120.0 93.0 81.0 69.0 64.0 64.0 43.0 42.0 48.0 40.0 40.0 39.0 40.0 34.0 28.0 26.0 23.0 24.0 24.0 26.0
49 50 1 TRACE 53.0 70.0 42.0 326.0 35.0 31.0 80.0 90.0 58.0 187.0 137.0 57.0 89.0 126.0 61.0 140.0 71.0 64.0 114.0 43.0 119.0 67.0 136.0 35.0 65.0 71.0 152.0 93.0 2948.0 74.0 174.0 85.0 1770.0 188.0 156.0 109.0 30.0 351.0 143.0 36.0 28.0 28.0 194.0 175.0 118.0 190.0 64.0 35.0 130.0 188.0 85.0 112.0 89.0 118.0 37.0 74.0 141.0 99.0 32.0 83.0 154.0 35.0 26.0 78.0 83.0 32.0 80.0 185.0 73.0 181.0 46.0 138.0 2240.0 185.0 34.0 207.0 32.0 36.0 131.0 94.0 37.0 34.0 208.0 35.0 64.0 161.0 126.0 45.0 71.0 159.0 147.0 125.0 145.0 49.0 98.0 55.0 142.0 93.0 34.0 30.0 62.0 41.0 198.0 59.0 126.0 29.0 89.0 81.0 47.0 32.0 186.0 64.0 108.0 187.0 71.0 39.0 38.0 109.0 66.0 75.0 75.0 134.0 98.0 725.0 120.0 45.0 142.0 72.0 78.0 56.0 126.0 74.0 124.0 112.0 47.0 151.0 78.0 155.0 40.0 97.0 69.0 66.0 29.0 71.0 39.0 91.0 30.0 54.0 37.0 51.0 33.0 261.0 42.0 27.0 76.0 119.0 79.0 67.0 141.0 155.0 31.0 133.0 70.0 101.0 124.0 128.0 51.0 1777.0 119.0 32.0 79.0 105.0 84.0 118.0 132.0 156.0 44.0 92.0 33.0 178.0 188.0 68.0 67.0 237.0 227.0 44.0 291.0 132.0 66.0 88.0 30.0 129.0 49.0 50.0 186.0 69.0 89.0 96.0 169.0 157.0 152.0 72.0 50.0 47.0 63.0
50 25 1 TRACE 31.0 18.0 33.0 56.0 27.0 22.0 23.0 21.0 24.0 35.0 21.0 22.0 21.0 23.0 24.0 21.0 22.0 22.0 21.0 55.0 29.0 37.0 27.0 22.0 22.0 62.0 20.0 22.0 22.0 24.0 24.0 60.0 21.0 22.0 21.0 22.0 21.0 22.0 23.0 22.0 19.0 60.0 23.0 25.0 22.0 21.0 25.0 22.0 42.0 23.0 23.0 59.0 22.0 18.0 26.0 30.0 65.0 42.0 19.0 24.0 57.0 22.0 61.0 20.0
50 41 1 TRACE 9.0 9.0 9.0 8.0 8.0 9.0 9.0 9.0 9.0 9.0 8.0 9.0 8.0 9.0 9.0 8.0 9.0 9.0 10.0 9.0 9.0 8.0 10.0 8.0 9.0 8.0 9.0 9.0 8.0 8.0 9.0 9.0 9.0 8.0 8.0 17.0 9.0 9.0 9.0 9.0 9.0 9.0 9.0 9.0 9.0 9.0 9.0 9.0 9.0 9.0 9.0 9.0 9.0 9.0 8.0 9.0 11.0 9.0 9.0 9.0 9.0 8.0 8.0 9.0 9.0 9.0 9.0 9.0 9.0 9.0 11.0 9.0 8.0 9.0 8.0 8.0 9.0 8.0 9.0 9.0 9.0 8.0 9.0 8.0 11.0 9.0 9.0 8.0 9.0 9.0 9.0 9.0 9.0 9.0 8.0 8.0 8.0 9.0 9.0 8.0 9.0 9.0 9.0 8.0 9.0 8.0 9.0 9.0 8.0 9.0 9.0 9.0 9.0 9.0 9.0 9.0 9.0 9.0 8.0 9.0 9.0 8.0 9.0 9.0 10.0 9.0 9.0 9.0 9.0 8.0 8.0 9.0 9.0 9.0 9.0 9.0 8.0 8.0 8.0 9.0 9.0
51 52 1 TRACE 374.0 398.0 366.0 365.0 364.0 364.0 364.0 393.0 368.0 367.0 378.0 364.0 419.0 365.0 492.0 365.0 361.0 365.0 523.0 369.0 366.0 367.0 375.0 367.0 365.0 365.0 367.0 366.0 1159.0 365.0 366.0 366.0 378.0 373.0 364.0 369.0 378.0 370.0 367.0 364.0 365.0 374.0 363.0 403.0 367.0 365.0 366.0 363.0 366.0 365.0 363.0 361.0 374.0 366.0 363.0 364.0 367.0 366.0 366.0 367.0 372.0 365.0 374.0 422.0
52 53 1 TRACE 52.0 57.0 51.0 56.0 36.0 67.0 30.0 61.0 67.0 29.0 102.0 59.0 57.0 69.0 40.0 36.0 30.0 30.0 43.0 63.0 29.0 208.0 42.0 35.0 63.0 49.0 68.0 51.0 43.0 30.0 63.0 38.0 49.0 29.0 72.0 33.0 42.0 34.0 41.0 37.0 54.0 35.0 34.0 40.0 62.0 61.0 63.0 45.0 31.0 61.0 54.0 35.0 65.0 61.0 29.0 45.0 67.0 63.0 58.0 64.0 64.0 62.0 36.0 29.0
53 54 1 TRACE 27.0 21.0 15.0 20.0 16.0 13.0 13.0 24.0 24.0 13.0 21.0 58.0 21.0 19.0 24.0 13.0 20.0 13.0 24.0 25.0 16.0 22.0 13.0 13.0 23.0 45.0 19.0 14.0 19.0 13.0 23.0 13.0 22.0 19.0 56.0 13.0 23.0 14.0 13.0 13.0 22.0 13.0 13.0 17.0 23.0 18.0 22.0 14.0 25.0 32.0 26.0 12.0 26.0 26.0 13.0 17.0 23.0 18.0 22.0 19.0 21.0 21.0 13.0 18.0
54 55 1 TRACE 42.0 19.0 19.0 19.0 18.0 19.0 18.0 19.0 19.0 18.0 18.0 19.0 19.0 18.0 19.0 19.0 19.0 18.0 18.0 19.0 19.0 20.0 19.0 18.0 20.0 19.0 19.0 19.0 19.0 18.0 18.0 18.0 19.0 20.0 18.0 19.0 20.0 23.0 18.0 18.0 19.0 18.0 18.0 18.0 19.0 19.0 20.0 20.0 20.0 18.0 18.0 19.0 20.0 18.0 20.0 20.0 18.0 18.0 19.0 19.0 19.0 19.0 19.0 18.0
55 56 1 TRACE 11.0 7.0 7.0 7.0 7.0 7.0 7.0 7.0 7.0 7.0 7.0 7.0 7.0 7.0 7.0 7.0 7.0 7.0 7.0 7.0 8.0 7.0 7.0 7.0 7.0 7.0 7.0 7.0 7.0 7.0 7.0 7.0 7.0 7.0 8.0 7.0 7.0 8.0 7.0 7.0 8.0 7.0 7.0 7.0 7.0 7.0 8.0 7.0 7.0 7.0 7.0 7.0 7.0 7.0 7.0 7.0 7.0 7.0 7.0 7.0 7.0 7.0 7.0 7.0
56 57 1 TRACE 22.0 7.0 7.0 7.0 6.0 7.0 6.0 7.0 7.0 6.0 7.0 7.0 7.0 7.0 6.0 7.0 7.0 7.0 7.0 7.0 7.0 7.0 7.0 7.0 7.0 7.0 7.0 7.0 7.0 6.0 6.0 7.0 7.0 7.0 7.0 6.0 6.0 7.0 7.0 7.0 16.0 7.0 7.0 7.0 7.0 7.0 7.0 6.0 7.0 7.0 7.0 7.0 7.0 7.0 7.0 7.0 7.0 7.0 7.0 7.0 7.0 7.0 7.0 7.0
57 58 1 TRACE 11.0 6.0 6.0 7.0 7.0 7.0 7.0 6.0 7.0 7.0 7.0 7.0 7.0 7.0 7.0 7.0 7.0 7.0 7.0 7.0 7.0 7.0 7.0 7.0 6.0 7.0 7.0 7.0 7.0 7.0 7.0 7.0 7.0 6.0 7.0 7.0 7.0 19.0 7.0 7.0 7.0 7.0 7.0 7.0 7.0 7.0 7.0 7.0 7.0 7.0 7.0 7.0 7.0 7.0 7.0 6.0 7.0 7.0 6.0 7.0 7.0 7.0 7.0 7.0
58 59 1 TRACE 15.0 8.0 8.0 8.0 8.0 8.0 7.0 9.0 8.0 7.0 8.0 8.0 7.0 8.0 7.0 8.0 7.0 8.0 7.0 8.0 7.0 8.0 8.0 8.0 8.0 8.0 7.0 8.0 8.0 7.0 7.0 8.0 8.0 8.0 7.0 7.0 7.0 8.0 7.0 8.0 8.0 8.0 8.0 8.0 7.0 8.0 7.0 7.0 8.0 7.0 7.0 8.0 8.0 8.0 8.0 8.0 8.0 7.0 8.0 8.0 7.0 7.0 7.0 7.0
59 60 1 TRACE 8.0 7.0 6.0 7.0 7.0 6.0 7.0 6.0 6.0 7.0 7.0 6.0 18.0 7.0 7.0 7.0 7.0 7.0 19.0 7.0 18.0 6.0 7.0 7.0 6.0 7.0 7.0 7.0 19.0 7.0 7.0 7.0 7.0 7.0 7.0 7.0 7.0 7.0 7.0 7.0 7.0 7.0 7.0 7.0 7.0 6.0 7.0 7.0 7.0 7.0 7.0 6.0 7.0 6.0 6.0 6.0 7.0 7.0 6.0 7.0 7.0 7.0 7.0 7.0
60 61 1 TRACE 7.0 19.0 19.0 19.0 7.0 7.0 19.0 7.0 19.0 6.0 19.0 19.0 8.0 19.0 19.0 7.0 19.0 19.0 7.0 7.0 7.0 8.0 19.0 19.0 19.0 19.0 19.0 19.0 7.0 18.0 7.0 7.0 19.0 19.0 18.0 18.0 18.0 7.0 19.0 7.0 19.0 19.0 19.0 18.0 18.0 19.0 18.0 19.0 19.0 19.0 18.0 19.0 19.0 19.0 19.0 19.0 19.0 19.0 19.0 18.0 18.0 19.0 18.0 19.0
61 62 1 TRACE 7.0 7.0 7.0 7.0 7.0 7.0 7.0 7.0 7.0 7.0 7.0 7.0 7.0 7.0 7.0 7.0 7.0 7.0 7.0 7.0 7.0 8.0 7.0 7.0 7.0 7.0 7.0 7.0 7.0 7.0 19.0 18.0 7.0 7.0 7.0 7.0 7.0 7.0 7.0 7.0 7.0 7.0 8.0 7.0 7.0 7.0 8.0 7.0 7.0 9.0 8.0 13.0 7.0 7.0 7.0 7.0 7.0 7.0 7.0 7.0 7.0 7.0 7.0 7.0
62 1 1 TRACE 36.0 20.0 20.0 21.0 21.0 21.0 21.0 21.0 22.0 21.0 20.0 21.0 21.0 21.0 27.0 21.0 21.0 20.0 20.0 21.0 22.0 22.0 21.0 21.0 20.0 20.0 25.0 21.0 21.0 21.0 21.0 21.0 21.0 21.0 28.0 21.0 22.0 24.0 21.0 22.0 23.0 20.0 21.0 21.0 21.0 20.0 144.0 21.0 23.0 39.0 21.0 23.0 21.0 24.0 25.0 21.0 21.0 21.0 21.0 21.0 21.0 21.0 23.0
