0 1 1 TRACE 1672852546368267.0
1 2 1 TRACE 9824.0 28.0 28.0 39.0 39.0 40.0 40.0 40.0 40.0 39.0 39.0 27.0 40.0 40.0 40.0 41.0 40.0 40.0 28.0 40.0 40.0 28.0 40.0 40.0 40.0 40.0 40.0 40.0 40.0 39.0 40.0 29.0 40.0 40.0 39.0 39.0 39.0 39.0 39.0 39.0 40.0 39.0 39.0 39.0 28.0 39.0 39.0 39.0 39.0 40.0 40.0 27.0 40.0 40.0 39.0 39.0 40.0 38.0 40.0 40.0 39.0 39.0 39.0 40.0
2 3 1 TRACE 56.0 23.0 19.0 19.0 20.0 19.0 20.0 19.0 19.0 19.0 20.0 21.0 20.0 20.0 20.0 19.0 20.0 20.0 33.0 20.0 19.0 22.0 20.0 19.0 20.0 20.0 20.0 20.0 20.0 20.0 19.0 20.0 20.0 20.0 20.0 20.0 20.0 20.0 20.0 21.0 22.0 19.0 20.0 36.0 23.0 20.0 20.0 19.0 19.0 19.0 19.0 32.0 19.0 19.0 19.0 19.0 19.0 23.0 20.0 19.0 20.0 20.0 20.0 23.0
3 4 1 TRACE 33.0 14.0 13.0 13.0 15.0 14.0 13.0 14.0 13.0 14.0 13.0 14.0 13.0 13.0 13.0 14.0 13.0 13.0 15.0 13.0 14.0 13.0 13.0 13.0 13.0 14.0 13.0 14.0 13.0 13.0 14.0 13.0 13.0 14.0 13.0 14.0 13.0 13.0 13.0 13.0 12.0 13.0 14.0 14.0 14.0 13.0 14.0 15.0 13.0 13.0 14.0 14.0 14.0 14.0 13.0 14.0 13.0 14.0 13.0 14.0 13.0 13.0 13.0 26.0
4 5 1 TRACE 17.0 11.0 10.0 10.0 11.0 10.0 10.0 10.0 10.0 10.0 10.0 11.0 11.0 11.0 10.0 10.0 10.0 10.0 10.0 10.0 11.0 10.0 11.0 10.0 10.0 11.0 11.0 10.0 10.0 11.0 11.0 10.0 11.0 11.0 10.0 11.0 11.0 10.0 10.0 11.0 10.0 10.0 10.0 11.0 10.0 11.0 11.0 11.0 11.0 10.0 10.0 10.0 10.0 11.0 10.0 10.0 10.0 10.0 11.0 11.0 10.0 19.0 10.0 11.0
5 6 1 TRACE 34.0 13.0 14.0 13.0 14.0 13.0 14.0 14.0 13.0 14.0 13.0 13.0 14.0 13.0 14.0 15.0 14.0 14.0 14.0 14.0 14.0 15.0 14.0 14.0 14.0 14.0 14.0 14.0 14.0 14.0 14.0 14.0 14.0 11.0 14.0 13.0 13.0 13.0 13.0 12.0 13.0 13.0 13.0 12.0 13.0 13.0 13.0 14.0 11.0 12.0 11.0 12.0 11.0 19.0 11.0 12.0 11.0 12.0 12.0 11.0 11.0 12.0 12.0 12.0
6 7 1 TRACE 16.0 11.0 10.0 11.0 11.0 11.0 11.0 11.0 11.0 11.0 11.0 10.0 15.0 11.0 11.0 12.0 12.0 50.0 10.0 11.0 11.0 12.0 53.0 11.0 13.0 11.0 12.0 11.0 11.0 12.0 11.0 12.0 11.0 11.0 12.0 11.0 10.0 11.0 13.0 11.0 11.0 10.0 11.0 11.0 11.0 12.0 12.0 11.0 13.0 11.0 11.0 11.0 11.0 11.0 10.0 11.0 10.0 11.0 11.0 10.0 10.0 11.0 10.0 9.0
7 8 1 TRACE 15.0 11.0 11.0 11.0 11.0 11.0 11.0 11.0 11.0 11.0 11.0 11.0 11.0 11.0 10.0 11.0 11.0 13.0 10.0 11.0 11.0 11.0 14.0 11.0 10.0 11.0 11.0 11.0 11.0 11.0 11.0 11.0 11.0 11.0 11.0 11.0 11.0 11.0 9.0 11.0 12.0 50.0 11.0 11.0 11.0 11.0 12.0 11.0 11.0 10.0 11.0 11.0 14.0 10.0 11.0 11.0 11.0 10.0 11.0 10.0 10.0 11.0 11.0 9.0
8 9 1 TRACE 15.0 11.0 11.0 10.0 11.0 11.0 10.0 11.0 11.0 11.0 11.0 11.0 11.0 10.0 11.0 11.0 12.0 11.0 11.0 11.0 10.0 11.0 11.0 11.0 8.0 10.0 11.0 12.0 49.0 10.0 12.0 11.0 11.0 11.0 11.0 11.0 12.0 21.0 8.0 11.0 11.0 14.0 11.0 11.0 10.0 11.0 50.0 11.0 10.0 13.0 11.0 11.0 9.0 10.0 10.0 10.0 10.0 10.0 11.0 10.0 10.0 11.0 10.0 10.0
9 10 1 TRACE 39.0 16.0 16.0 16.0 32.0 16.0 15.0 15.0 16.0 16.0 44.0 16.0 59.0 19.0 16.0 16.0 16.0 18.0 16.0 16.0 16.0 16.0 50.0 16.0 17.0 16.0 16.0 16.0 55.0 16.0 15.0 16.0 17.0 17.0 17.0 17.0 16.0 18.0 18.0 17.0 17.0 18.0 16.0 17.0 17.0 17.0 21.0 17.0 17.0 29.0 21.0 18.0 18.0 17.0 17.0 21.0 16.0 17.0 59.0 16.0 17.0 17.0 17.0 17.0
10 11 1 TRACE 16.0 12.0 13.0 13.0 13.0 12.0 13.0 12.0 12.0 12.0 13.0 12.0 14.0 13.0 12.0 12.0 11.0 14.0 13.0 13.0 13.0 14.0 21.0 12.0 17.0 13.0 13.0 14.0 22.0 13.0 12.0 12.0 12.0 13.0 12.0 20.0 13.0 12.0 12.0 12.0 12.0 13.0 12.0 12.0 12.0 13.0 10.0 12.0 12.0 15.0 14.0 13.0 36.0 12.0 13.0 11.0 12.0 12.0 12.0 12.0 12.0 12.0 12.0 12.0
11 12 1 TRACE 18.0 11.0 12.0 12.0 13.0 11.0 11.0 11.0 12.0 11.0 11.0 12.0 23.0 11.0 12.0 12.0 12.0 11.0 11.0 12.0 11.0 11.0 21.0 11.0 11.0 11.0 11.0 11.0 11.0 12.0 11.0 11.0 12.0 12.0 11.0 12.0 11.0 12.0 12.0 12.0 11.0 11.0 12.0 12.0 20.0 11.0 14.0 12.0 12.0 12.0 11.0 12.0 13.0 11.0 12.0 13.0 11.0 11.0 11.0 12.0 12.0 12.0 11.0 12.0
12 13 1 TRACE 15.0 12.0 12.0 11.0 11.0 11.0 11.0 12.0 11.0 11.0 13.0 11.0 22.0 11.0 11.0 11.0 11.0 23.0 11.0 13.0 11.0 13.0 10.0 12.0 30.0 11.0 12.0 11.0 21.0 11.0 11.0 12.0 12.0 11.0 11.0 12.0 12.0 12.0 12.0 11.0 12.0 12.0 11.0 12.0 11.0 12.0 22.0 11.0 11.0 12.0 11.0 11.0 12.0 11.0 12.0 11.0 11.0 13.0 11.0 11.0 12.0 11.0 11.0 12.0
13 14 1 TRACE 21.0 10.0 9.0 9.0 9.0 9.0 9.0 9.0 9.0 9.0 9.0 9.0 20.0 9.0 9.0 9.0 9.0 9.0 9.0 9.0 9.0 9.0 9.0 10.0 9.0 10.0 9.0 9.0 9.0 9.0 9.0 9.0 9.0 10.0 9.0 9.0 9.0 10.0 20.0 9.0 9.0 20.0 9.0 10.0 9.0 9.0 8.0 9.0 10.0 10.0 20.0 9.0 22.0 9.0 10.0 8.0 9.0 20.0 20.0 9.0 9.0 10.0 9.0 10.0
14 15 1 TRACE 19.0 11.0 11.0 11.0 11.0 11.0 39.0 11.0 11.0 11.0 22.0 11.0 10.0 11.0 10.0 12.0 11.0 21.0 11.0 11.0 11.0 11.0 10.0 11.0 21.0 11.0 12.0 11.0 10.0 11.0 10.0 11.0 11.0 11.0 11.0 11.0 10.0 11.0 11.0 11.0 11.0 21.0 13.0 11.0 12.0 11.0 21.0 11.0 12.0 11.0 10.0 11.0 12.0 11.0 11.0 11.0 11.0 11.0 11.0 11.0 10.0 11.0 11.0 11.0
15 16 1 TRACE 12.0 8.0 8.0 8.0 20.0 8.0 20.0 9.0 8.0 9.0 18.0 19.0 8.0 9.0 8.0 9.0 8.0 8.0 23.0 8.0 9.0 8.0 8.0 8.0 8.0 9.0 9.0 8.0 8.0 9.0 9.0 8.0 26.0 9.0 9.0 9.0 9.0 20.0 19.0 8.0 9.0 8.0 8.0 20.0 9.0 9.0 8.0 8.0 8.0 20.0 8.0 8.0 20.0 8.0 9.0 8.0 8.0 19.0 8.0 8.0 8.0 8.0 9.0 20.0
16 17 1 TRACE 32.0 20.0 20.0 26.0 28.0 18.0 19.0 27.0 26.0 19.0 15.0 15.0 19.0 20.0 27.0 28.0 27.0 20.0 37.0 19.0 18.0 35.0 21.0 27.0 20.0 27.0 16.0 19.0 22.0 28.0 26.0 34.0 31.0 27.0 27.0 16.0 27.0 27.0 15.0 27.0 26.0 20.0 27.0 26.0 27.0 27.0 21.0 26.0 27.0 27.0 15.0 27.0 17.0 27.0 28.0 27.0 29.0 15.0 15.0 27.0 28.0 27.0 27.0 28.0
17 18 1 TRACE 18.0 22.0 22.0 23.0 10.0 23.0 11.0 21.0 23.0 28.0 13.0 21.0 12.0 32.0 21.0 10.0 21.0 13.0 21.0 25.0 25.0 22.0 13.0 22.0 13.0 21.0 25.0 22.0 11.0 22.0 21.0 21.0 11.0 22.0 22.0 21.0 22.0 22.0 13.0 22.0 23.0 13.0 21.0 13.0 21.0 22.0 13.0 23.0 21.0 11.0 13.0 13.0 24.0 21.0 11.0 21.0 10.0 12.0 13.0 22.0 21.0 10.0 11.0 12.0
18 19 1 TRACE 15.0 10.0 22.0 11.0 12.0 23.0 12.0 10.0 11.0 22.0 11.0 11.0 11.0 10.0 11.0 11.0 11.0 11.0 11.0 22.0 10.0 12.0 11.0 10.0 11.0 11.0 22.0 11.0 11.0 10.0 10.0 11.0 13.0 11.0 10.0 10.0 10.0 11.0 11.0 10.0 10.0 10.0 10.0 12.0 11.0 10.0 11.0 11.0 11.0 21.0 12.0 11.0 12.0 10.0 11.0 11.0 21.0 12.0 11.0 10.0 10.0 11.0 10.0 12.0
19 20 1 TRACE 16.0 11.0 10.0 11.0 11.0 11.0 13.0 13.0 11.0 10.0 13.0 12.0 11.0 10.0 12.0 13.0 13.0 12.0 14.0 11.0 10.0 11.0 11.0 11.0 13.0 11.0 11.0 11.0 11.0 11.0 11.0 13.0 11.0 12.0 12.0 13.0 11.0 11.0 12.0 11.0 11.0 13.0 13.0 22.0 12.0 11.0 12.0 11.0 11.0 11.0 19.0 12.0 12.0 12.0 11.0 11.0 11.0 10.0 11.0 11.0 11.0 12.0 11.0 12.0
20 21 1 TRACE 16.0 11.0 11.0 11.0 11.0 11.0 13.0 11.0 11.0 12.0 11.0 11.0 11.0 12.0 11.0 11.0 12.0 11.0 11.0 11.0 12.0 11.0 11.0 12.0 11.0 11.0 12.0 11.0 11.0 11.0 11.0 11.0 12.0 11.0 11.0 11.0 11.0 12.0 11.0 11.0 11.0 11.0 11.0 11.0 11.0 11.0 11.0 11.0 11.0 11.0 11.0 11.0 13.0 11.0 11.0 11.0 11.0 11.0 10.0 11.0 11.0 11.0 11.0 22.0
21 22 1 TRACE 24.0 9.0 10.0 9.0 10.0 9.0 11.0 10.0 9.0 9.0 10.0 10.0 10.0 10.0 9.0 9.0 10.0 10.0 10.0 9.0 10.0 10.0 10.0 10.0 10.0 10.0 15.0 9.0 10.0 10.0 10.0 10.0 10.0 10.0 10.0 10.0 10.0 10.0 10.0 10.0 10.0 10.0 10.0 10.0 10.0 9.0 9.0 9.0 9.0 10.0 10.0 10.0 11.0 10.0 10.0 10.0 10.0 10.0 9.0 10.0 9.0 10.0 9.0 10.0
22 23 1 TRACE 71.0 41.0 42.0 41.0 41.0 31.0 35.0 39.0 31.0 31.0 33.0 39.0 29.0 40.0 39.0 30.0 38.0 38.0 29.0 31.0 36.0 36.0 32.0 31.0 37.0 38.0 54.0 38.0 32.0 31.0 38.0 39.0 38.0 37.0 39.0 38.0 38.0 38.0 39.0 36.0 38.0 38.0 40.0 40.0 35.0 38.0 41.0 40.0 40.0 38.0 42.0 40.0 39.0 36.0 30.0 33.0 30.0 41.0 31.0 31.0 30.0 37.0 30.0 26.0
23 24 1 TRACE 39.0 17.0 17.0 17.0 18.0 17.0 17.0 17.0 18.0 17.0 18.0 18.0 17.0 18.0 16.0 17.0 19.0 18.0 18.0 18.0 19.0 19.0 18.0 17.0 28.0 17.0 17.0 18.0 17.0 18.0 17.0 19.0 22.0 20.0 17.0 18.0 17.0 25.0 17.0 18.0 18.0 18.0 18.0 18.0 18.0 17.0 17.0 17.0 18.0 26.0 17.0 18.0 17.0 19.0 17.0 20.0 17.0 18.0 18.0 17.0 17.0 18.0 17.0 20.0
24 25 1 TRACE 48.0 17.0 15.0 15.0 15.0 18.0 26.0 17.0 18.0 17.0 17.0 18.0 25.0 18.0 17.0 18.0 19.0 18.0 18.0 17.0 18.0 18.0 17.0 17.0 18.0 19.0 17.0 19.0 18.0 16.0 17.0 32.0 19.0 17.0 16.0 57.0 17.0 17.0 17.0 18.0 17.0 18.0 19.0 17.0 18.0 17.0 18.0 17.0 16.0 18.0 17.0 17.0 40.0 18.0 16.0 18.0 17.0 16.0 17.0 15.0 16.0 18.0 17.0 16.0
25 26 1 TRACE 24.0 10.0 9.0 11.0 9.0 9.0 9.0 9.0 9.0 9.0 20.0 10.0 9.0 9.0 9.0 9.0 9.0 10.0 21.0 10.0 9.0 10.0 9.0 10.0 9.0 9.0 9.0 9.0 9.0 9.0 9.0 20.0 9.0 9.0 12.0 9.0 9.0 9.0 9.0 9.0 9.0 9.0 10.0 9.0 9.0 9.0 9.0 9.0 9.0 9.0 9.0 10.0 9.0 10.0 10.0 9.0 9.0 9.0 9.0 9.0 9.0 10.0 9.0 9.0 9.0 9.0 9.0 9.0 9.0 9.0 9.0 10.0 9.0 9.0 10.0 9.0 9.0 9.0 9.0 9.0 9.0 9.0 9.0 9.0 9.0 10.0 9.0 10.0 9.0 10.0 9.0 10.0 10.0 9.0 9.0 9.0 9.0 9.0 9.0 9.0 9.0 9.0 9.0 10.0 9.0 9.0 9.0 9.0 9.0 10.0 9.0 9.0 9.0 10.0 10.0 10.0 9.0 9.0 9.0 9.0 9.0 9.0 9.0 9.0 9.0 9.0 11.0 9.0 9.0 9.0 9.0 11.0 9.0 9.0 9.0 9.0 9.0 9.0 9.0 10.0 9.0 9.0 9.0 10.0 9.0 9.0 9.0 10.0 9.0 10.0 9.0 9.0 9.0 9.0 9.0 10.0 9.0 9.0 9.0 9.0 9.0 9.0 9.0 9.0 9.0 10.0 9.0 9.0 9.0 9.0 10.0 9.0 9.0 9.0 9.0 9.0 9.0 10.0 10.0 9.0 9.0 9.0 9.0 9.0 9.0 10.0 9.0 9.0 9.0 9.0 9.0 10.0 9.0 9.0 9.0 10.0 9.0 9.0 9.0 9.0 9.0 9.0 9.0 10.0 9.0 9.0 9.0 10.0 9.0 9.0 9.0 9.0 10.0 9.0
26 27 1 TRACE 11.0 8.0 7.0 9.0 7.0 7.0 7.0 7.0 7.0 7.0 7.0 8.0 7.0 7.0 7.0 8.0 7.0 7.0 8.0 7.0 7.0 8.0 8.0 7.0 7.0 8.0 8.0 8.0 7.0 7.0 8.0 7.0 8.0 7.0 8.0 8.0 8.0 7.0 7.0 8.0 7.0 8.0 7.0 8.0 7.0 8.0 8.0 7.0 8.0 8.0 7.0 8.0 7.0 7.0 7.0 7.0 8.0 7.0 7.0 7.0 7.0 8.0 7.0 7.0 7.0 7.0 8.0 8.0 8.0 8.0 8.0 7.0 7.0 7.0 8.0 7.0 8.0 8.0 8.0 8.0 7.0 8.0 7.0 7.0 7.0 8.0 8.0 7.0 7.0 8.0 7.0 7.0 7.0 8.0 7.0 8.0 7.0 8.0 8.0 7.0 8.0 7.0 7.0 8.0 7.0 7.0 8.0 7.0 7.0 7.0 7.0 8.0 7.0 8.0 8.0 8.0 8.0 7.0 10.0 8.0 8.0 8.0 7.0 7.0 8.0 7.0 8.0 8.0 8.0 7.0 8.0 8.0 7.0 8.0 7.0 7.0 7.0 7.0 8.0 8.0 8.0 7.0 7.0 7.0 8.0 7.0 7.0 8.0 7.0 7.0 7.0 7.0 8.0 7.0 7.0 8.0 8.0 7.0 8.0 8.0 8.0 7.0 7.0 8.0 7.0 8.0 7.0 7.0 7.0 7.0 7.0 8.0 7.0 7.0 7.0 7.0 7.0 7.0 7.0 7.0 7.0 8.0 7.0 8.0 7.0 8.0 7.0 7.0 7.0 7.0 8.0 8.0 7.0 8.0 7.0 8.0 7.0 8.0 7.0 7.0 7.0 7.0 7.0 8.0 8.0 7.0 8.0 7.0 8.0 8.0 8.0 8.0 8.0 8.0
27 28 1 TRACE 11.0 7.0 8.0 9.0 8.0 8.0 7.0 8.0 7.0 7.0 8.0 8.0 8.0 7.0 8.0 7.0 7.0 7.0 7.0 7.0 7.0 7.0 7.0 8.0 7.0 7.0 7.0 7.0 12.0 7.0 7.0 7.0 7.0 8.0 7.0 7.0 7.0 7.0 8.0 7.0 7.0 7.0 8.0 7.0 8.0 7.0 7.0 8.0 7.0 7.0 7.0 8.0 8.0 8.0 7.0 8.0 7.0 7.0 8.0 8.0 7.0 7.0 8.0 8.0 8.0 7.0 7.0 7.0 7.0 7.0 7.0 8.0 7.0 8.0 7.0 25.0 7.0 7.0 7.0 7.0 8.0 7.0 8.0 8.0 7.0 8.0 7.0 7.0 8.0 7.0 7.0 7.0 7.0 7.0 7.0 7.0 8.0 7.0 7.0 7.0 7.0 8.0 8.0 8.0 8.0 8.0 7.0 7.0 7.0 7.0 8.0 7.0 7.0 7.0 7.0 8.0 7.0 8.0 7.0 7.0 7.0 7.0 7.0 7.0 7.0 8.0 7.0 7.0 7.0 8.0 7.0 8.0 8.0 7.0 7.0 7.0 8.0 8.0 7.0 7.0 7.0 7.0 7.0 7.0 7.0 7.0 7.0 8.0 8.0 7.0 8.0 7.0 7.0 8.0 7.0 8.0 7.0 7.0 7.0 7.0 7.0 7.0 8.0 7.0 8.0 8.0 7.0 7.0 7.0 8.0 7.0 7.0 8.0 8.0 7.0 8.0 7.0 7.0 7.0 7.0 7.0 12.0 7.0 7.0 8.0 7.0 8.0 7.0 7.0 8.0 7.0 7.0 7.0 7.0 8.0 7.0 8.0 7.0 8.0 8.0 7.0 8.0 7.0 8.0 7.0 7.0 7.0 7.0 7.0 7.0 7.0 7.0 7.0 7.0
28 29 1 TRACE 13.0 9.0 8.0 9.0 8.0 9.0 8.0 8.0 8.0 8.0 9.0 9.0 8.0 8.0 8.0 8.0 8.0 8.0 9.0 8.0 9.0 9.0 8.0 8.0 8.0 8.0 9.0 8.0 21.0 8.0 9.0 8.0 9.0 8.0 9.0 8.0 9.0 8.0 8.0 9.0 9.0 9.0 8.0 9.0 8.0 8.0 8.0 8.0 9.0 8.0 8.0 8.0 8.0 9.0 8.0 8.0 9.0 8.0 8.0 8.0 8.0 9.0 8.0 8.0 8.0 8.0 9.0 9.0 9.0 9.0 8.0 8.0 8.0 8.0 9.0 22.0 9.0 13.0 9.0 8.0 8.0 8.0 8.0 8.0 8.0 9.0 8.0 9.0 13.0 8.0 8.0 8.0 8.0 9.0 8.0 9.0 8.0 9.0 9.0 8.0 9.0 8.0 8.0 9.0 8.0 8.0 8.0 8.0 8.0 8.0 8.0 9.0 8.0 9.0 8.0 19.0 9.0 8.0 9.0 8.0 8.0 9.0 8.0 8.0 9.0 8.0 9.0 8.0 9.0 8.0 9.0 9.0 8.0 9.0 8.0 8.0 8.0 8.0 8.0 8.0 9.0 9.0 8.0 9.0 9.0 8.0 8.0 20.0 8.0 8.0 8.0 8.0 8.0 8.0 8.0 20.0 13.0 8.0 8.0 9.0 8.0 8.0 8.0 9.0 8.0 9.0 8.0 8.0 8.0 8.0 12.0 8.0 8.0 8.0 8.0 8.0 8.0 8.0 8.0 8.0 8.0 21.0 8.0 9.0 8.0 9.0 8.0 8.0 8.0 8.0 8.0 9.0 8.0 9.0 8.0 9.0 8.0 9.0 8.0 8.0 8.0 8.0 8.0 9.0 8.0 8.0 9.0 8.0 8.0 8.0 9.0 8.0 8.0 9.0
29 30 1 TRACE 39.0 27.0 28.0 1284.0 26.0 29.0 30.0 27.0 28.0 29.0 20.0 26.0 29.0 29.0 28.0 27.0 26.0 28.0 10.0 27.0 26.0 27.0 26.0 28.0 26.0 26.0 26.0 27.0 11.0 25.0 26.0 10.0 46.0 26.0 12.0 26.0 26.0 27.0 28.0 27.0 28.0 27.0 24.0 29.0 28.0 26.0 25.0 28.0 26.0 26.0 30.0 26.0 27.0 29.0 26.0 26.0 27.0 28.0 26.0 73.0 28.0 31.0 26.0 28.0 28.0 27.0 29.0 27.0 27.0 34.0 27.0 27.0 26.0 27.0 26.0 38.0 26.0 11.0 27.0 27.0 28.0 27.0 29.0 27.0 27.0 22.0 27.0 28.0 26.0 27.0 26.0 27.0 27.0 29.0 28.0 26.0 28.0 35.0 27.0 26.0 26.0 25.0 28.0 11.0 26.0 28.0 26.0 27.0 26.0 28.0 28.0 27.0 28.0 28.0 28.0 13.0 31.0 27.0 11.0 27.0 27.0 28.0 28.0 28.0 27.0 29.0 26.0 28.0 29.0 29.0 27.0 19.0 28.0 26.0 34.0 27.0 28.0 27.0 28.0 26.0 28.0 29.0 104.0 29.0 28.0 28.0 29.0 11.0 27.0 27.0 66.0 28.0 27.0 29.0 28.0 24.0 13.0 28.0 28.0 29.0 29.0 28.0 29.0 27.0 28.0 23.0 27.0 28.0 29.0 31.0 12.0 29.0 90.0 26.0 27.0 27.0 28.0 26.0 52.0 27.0 26.0 11.0 27.0 27.0 27.0 27.0 26.0 26.0 26.0 27.0 72.0 33.0 28.0 28.0 27.0 25.0 32.0 26.0 28.0 27.0 28.0 27.0 27.0 25.0 27.0 27.0 28.0 30.0 26.0 26.0 27.0 36.0 26.0 28.0
30 31 1 TRACE 21.0 8.0 12.0 13.0 11.0 11.0 8.0 11.0 11.0 12.0 13.0 11.0 12.0 12.0 12.0 8.0 11.0 12.0 8.0 11.0 11.0 12.0 12.0 12.0 11.0 8.0 11.0 10.0 11.0 11.0 11.0 12.0 11.0 11.0 11.0 8.0 13.0 13.0 8.0 11.0 11.0 12.0 12.0 12.0 12.0 8.0 11.0 11.0 11.0 11.0 12.0 10.0 11.0 12.0 11.0 8.0 11.0 11.0 8.0 12.0 11.0 9.0 11.0 11.0 8.0 8.0 12.0 11.0 8.0 12.0 11.0 7.0 11.0 11.0 11.0 9.0 11.0 12.0 8.0 11.0 12.0 11.0 12.0 13.0 12.0 12.0 11.0 12.0 11.0 11.0 11.0 11.0 8.0 23.0 15.0 11.0 8.0 11.0 11.0 14.0 12.0 11.0 11.0 9.0 11.0 12.0 12.0 12.0 11.0 11.0 8.0 11.0 11.0 11.0 12.0 11.0 11.0 11.0 11.0 11.0 11.0 12.0 12.0 8.0 11.0 12.0 8.0 8.0 11.0 11.0 8.0 11.0 11.0 11.0 12.0 11.0 11.0 11.0 13.0 11.0 11.0 12.0 14.0 11.0 12.0 12.0 12.0 11.0 8.0 11.0 18.0 10.0 11.0 11.0 12.0 10.0 12.0 12.0 51.0 12.0 8.0 12.0 12.0 12.0 8.0 11.0 12.0 8.0 12.0 8.0 11.0 12.0 8.0 11.0 11.0 11.0 8.0 11.0 11.0 8.0 8.0 12.0 12.0 13.0 11.0 11.0 11.0 8.0 11.0 12.0 11.0 8.0 12.0 12.0 11.0 11.0 11.0 11.0 8.0 11.0 7.0 11.0 12.0 11.0 11.0 8.0 11.0 12.0 10.0 8.0 12.0 8.0 11.0 11.0
31 32 1 TRACE 14.0 10.0 10.0 10.0 10.0 10.0 10.0 10.0 10.0 10.0 10.0 10.0 10.0 10.0 10.0 10.0 10.0 10.0 10.0 10.0 10.0 10.0 13.0 10.0 10.0 9.0 10.0 9.0 11.0 10.0 10.0 10.0 9.0 10.0 10.0 9.0 10.0 9.0 10.0 10.0 9.0 10.0 10.0 10.0 10.0 10.0 10.0 9.0 10.0 10.0 10.0 10.0 10.0 10.0 10.0 10.0 10.0 10.0 9.0 10.0 9.0 10.0 10.0 10.0 9.0 9.0 10.0 10.0 10.0 10.0 10.0 10.0 10.0 10.0 9.0 10.0 10.0 10.0 10.0 10.0 10.0 10.0 10.0 10.0 10.0 10.0 10.0 10.0 10.0 10.0 10.0 10.0 9.0 10.0 11.0 10.0 10.0 10.0 10.0 10.0 10.0 10.0 10.0 10.0 10.0 10.0 10.0 10.0 11.0 10.0 10.0 10.0 10.0 10.0 10.0 10.0 10.0 9.0 10.0 10.0 10.0 10.0 10.0 10.0 10.0 10.0 21.0 10.0 10.0 10.0 10.0 11.0 10.0 10.0 10.0 10.0 10.0 11.0 10.0 10.0 10.0 10.0 10.0 13.0 10.0 10.0 10.0 11.0 10.0 10.0 10.0 12.0 10.0 9.0 27.0 10.0 11.0 10.0 10.0 10.0 10.0 10.0 10.0 10.0 9.0 10.0 10.0 10.0 10.0 9.0 10.0 10.0 10.0 10.0 10.0 10.0 10.0 10.0 10.0 10.0 10.0 11.0 10.0 10.0 10.0 10.0 10.0 10.0 10.0 10.0 10.0 10.0 10.0 10.0 10.0 10.0 9.0 10.0 10.0 10.0 10.0 11.0 10.0 11.0 10.0 10.0 10.0 10.0 10.0 10.0 10.0 9.0 10.0 10.0
32 33 1 TRACE 32.0 11.0 11.0 11.0 11.0 11.0 11.0 11.0 10.0 17.0 10.0 10.0 11.0 12.0 14.0 10.0 11.0 11.0 54.0 10.0 10.0 11.0 11.0 11.0 10.0 11.0 11.0 11.0 11.0 11.0 10.0 11.0 10.0 10.0 11.0 11.0 11.0 11.0 10.0 11.0 10.0 11.0 11.0 12.0 11.0 11.0 11.0 10.0 11.0 10.0 10.0 10.0 10.0 11.0 11.0 10.0 11.0 10.0 10.0 12.0 10.0 10.0 10.0 11.0 10.0 10.0 11.0 10.0 10.0 10.0 16.0 10.0 10.0 11.0 10.0 11.0 11.0 11.0 11.0 10.0 16.0 11.0 10.0 11.0 10.0 11.0 10.0 11.0 11.0 10.0 10.0 11.0 12.0 10.0 11.0 10.0 57.0 10.0 11.0 11.0 11.0 49.0 11.0 10.0 10.0 10.0 10.0 11.0 11.0 11.0 11.0 15.0 11.0 11.0 11.0 10.0 11.0 11.0 11.0 10.0 10.0 11.0 11.0 12.0 11.0 11.0 10.0 11.0 10.0 11.0 10.0 11.0 10.0 11.0 10.0 10.0 10.0 11.0 11.0 11.0 11.0 11.0 13.0 11.0 11.0 11.0 12.0 11.0 10.0 10.0 11.0 11.0 10.0 11.0 11.0 11.0 12.0 11.0 15.0 11.0 12.0 11.0 12.0 11.0 13.0 11.0 11.0 11.0 16.0 11.0 11.0 10.0 12.0 11.0 10.0 11.0 11.0 10.0 11.0 11.0 11.0 11.0 11.0 10.0 11.0 10.0 16.0 11.0 11.0 11.0 11.0 13.0 12.0 11.0 11.0 11.0 11.0 11.0 52.0 10.0 11.0 10.0 10.0 11.0 10.0 11.0 10.0 11.0 11.0 11.0 11.0 10.0 11.0 10.0
33 34 1 TRACE 115.0 86.0 93.0 82.0 108.0 100.0 68.0 135.0 76.0 73.0 105.0 63.0 44.0 278.0 100.0 79.0 221.0 94.0 61.0 291.0 103.0 71.0 257.0 93.0 58.0 86.0 108.0 83.0 81.0 84.0 726.0 89.0 48.0 576.0 99.0 94.0 316.0 94.0 86.0 404.0 107.0 57.0 215.0 95.0 59.0 85.0 93.0 82.0 87.0 151.0 116.0 60.0 105.0 113.0 87.0 59.0 625.0 91.0 66.0 213.0 94.0 74.0 895.0 101.0 72.0 155.0 119.0 59.0 77.0 937.0 89.0 66.0 236.0 94.0 45.0 75.0 777.0 110.0 93.0 126.0 111.0 59.0 49.0 326.0 94.0 68.0 126.0 120.0 97.0 65.0 881.0 101.0 93.0 101.0 99.0 83.0 52.0 120.0 97.0 61.0 44.0 97.0 88.0 58.0 152.0 94.0 59.0 56.0 836.0 89.0 80.0 111.0 87.0 52.0 208.0 113.0 42.0 273.0 115.0 53.0 115.0 120.0 54.0 115.0 119.0 119.0 87.0 78.0 919.0 79.0 70.0 219.0 116.0 54.0 60.0 205.0 112.0 54.0 61.0 355.0 89.0 69.0 191.0 113.0 71.0 111.0 126.0 53.0 107.0 192.0 107.0 106.0 396.0 110.0 93.0 775.0 84.0 81.0 85.0 89.0 83.0 133.0 95.0 43.0 95.0 81.0 61.0 121.0 87.0 61.0 80.0 66.0 64.0 710.0 113.0 48.0 124.0 135.0 55.0 80.0 96.0 907.0 97.0 75.0 164.0 94.0 55.0 89.0 83.0 1026.0 83.0 65.0 160.0 96.0 53.0 118.0 97.0 54.0 66.0 102.0 86.0 79.0 127.0 92.0 55.0 66.0 171.0 99.0 55.0 117.0 55.0 97.0 240.0 93.0
34 35 1 TRACE 25.0 717.0 42.0 28.0 29.0 29.0 24.0 27.0 25.0 25.0 28.0 25.0 26.0 32.0 45.0 30.0 57.0 28.0 30.0 33.0 27.0 25.0 29.0 28.0 22.0 30.0 24.0 28.0 20.0 28.0 43.0 28.0 24.0 40.0 29.0 30.0 34.0 28.0 30.0 35.0 28.0 24.0 32.0 27.0 29.0 30.0 28.0 28.0 24.0 29.0 27.0 24.0 25.0 28.0 27.0 29.0 36.0 28.0 24.0 30.0 27.0 64.0 43.0 27.0 15.0 32.0 29.0 24.0 30.0 45.0 27.0 30.0 31.0 28.0 12.0 30.0 42.0 29.0 30.0 28.0 29.0 24.0 25.0 33.0 28.0 30.0 29.0 29.0 27.0 24.0 43.0 29.0 30.0 27.0 28.0 26.0 29.0 30.0 27.0 24.0 24.0 30.0 26.0 22.0 30.0 28.0 23.0 24.0 43.0 28.0 29.0 25.0 27.0 26.0 30.0 29.0 22.0 33.0 34.0 24.0 29.0 28.0 23.0 29.0 30.0 28.0 24.0 30.0 43.0 28.0 30.0 31.0 30.0 25.0 30.0 31.0 29.0 23.0 25.0 32.0 29.0 24.0 30.0 30.0 26.0 29.0 26.0 23.0 25.0 30.0 29.0 29.0 35.0 29.0 31.0 42.0 27.0 19.0 29.0 29.0 24.0 25.0 30.0 12.0 31.0 52.0 12.0 31.0 28.0 23.0 24.0 26.0 29.0 38.0 29.0 12.0 32.0 32.0 23.0 15.0 30.0 44.0 27.0 24.0 30.0 29.0 23.0 30.0 27.0 44.0 27.0 23.0 28.0 28.0 19.0 26.0 29.0 23.0 29.0 26.0 24.0 19.0 71.0 36.0 24.0 30.0 29.0 28.0 23.0 31.0 28.0 31.0 30.0 28.0
35 36 1 TRACE 16.0 29.0 22.0 21.0 25.0 23.0 18.0 22.0 21.0 22.0 24.0 21.0 21.0 31.0 26.0 25.0 30.0 74.0 25.0 33.0 23.0 21.0 29.0 29.0 20.0 25.0 21.0 21.0 17.0 24.0 52.0 24.0 21.0 50.0 23.0 24.0 39.0 24.0 24.0 39.0 39.0 21.0 29.0 24.0 21.0 24.0 23.0 21.0 21.0 26.0 24.0 21.0 22.0 26.0 21.0 29.0 47.0 23.0 18.0 27.0 23.0 23.0 58.0 21.0 11.0 28.0 24.0 21.0 25.0 58.0 23.0 24.0 31.0 24.0 10.0 25.0 52.0 24.0 24.0 24.0 25.0 21.0 21.0 34.0 24.0 18.0 26.0 28.0 21.0 21.0 58.0 23.0 24.0 25.0 23.0 23.0 26.0 26.0 24.0 20.0 20.0 23.0 20.0 18.0 26.0 24.0 21.0 20.0 58.0 25.0 25.0 22.0 61.0 21.0 27.0 24.0 19.0 33.0 27.0 21.0 25.0 30.0 21.0 25.0 26.0 23.0 18.0 25.0 57.0 22.0 25.0 29.0 25.0 19.0 23.0 29.0 24.0 21.0 22.0 34.0 24.0 20.0 29.0 25.0 21.0 27.0 24.0 20.0 19.0 29.0 30.0 25.0 42.0 24.0 23.0 56.0 25.0 18.0 24.0 21.0 19.0 23.0 25.0 11.0 26.0 22.0 11.0 26.0 24.0 19.0 20.0 21.0 25.0 43.0 24.0 11.0 27.0 27.0 20.0 11.0 24.0 59.0 23.0 21.0 25.0 24.0 21.0 24.0 23.0 61.0 24.0 18.0 25.0 25.0 18.0 23.0 25.0 20.0 26.0 43.0 18.0 18.0 34.0 24.0 21.0 24.0 26.0 24.0 21.0 25.0 20.0 25.0 29.0 47.0
36 37 1 TRACE 767.0 31.0 45.0 33.0 59.0 45.0 20.0 37.0 18.0 57.0 30.0 18.0 36.0 146.0 22.0 26.0 183.0 25.0 22.0 167.0 33.0 27.0 122.0 22.0 18.0 19.0 36.0 18.0 27.0 35.0 503.0 31.0 35.0 417.0 43.0 28.0 227.0 27.0 68.0 249.0 32.0 38.0 107.0 105.0 19.0 27.0 56.0 18.0 18.0 63.0 63.0 19.0 41.0 48.0 19.0 25.0 397.0 31.0 35.0 139.0 29.0 24.0 619.0 20.0 32.0 47.0 23.0 19.0 24.0 623.0 20.0 23.0 153.0 31.0 42.0 24.0 504.0 21.0 20.0 53.0 22.0 19.0 29.0 227.0 40.0 18.0 36.0 22.0 19.0 34.0 595.0 20.0 20.0 47.0 34.0 18.0 21.0 78.0 40.0 19.0 18.0 39.0 27.0 23.0 96.0 36.0 19.0 47.0 609.0 27.0 20.0 28.0 42.0 44.0 151.0 22.0 37.0 124.0 24.0 33.0 44.0 23.0 19.0 19.0 47.0 22.0 19.0 25.0 602.0 24.0 46.0 91.0 21.0 18.0 20.0 148.0 24.0 18.0 34.0 242.0 45.0 46.0 121.0 24.0 46.0 38.0 23.0 18.0 20.0 144.0 23.0 23.0 248.0 21.0 23.0 540.0 34.0 59.0 40.0 34.0 19.0 88.0 50.0 46.0 40.0 20.0 58.0 59.0 51.0 19.0 59.0 43.0 24.0 520.0 21.0 43.0 51.0 25.0 18.0 32.0 23.0 553.0 20.0 33.0 70.0 22.0 21.0 20.0 24.0 573.0 46.0 30.0 97.0 39.0 21.0 70.0 32.0 18.0 20.0 32.0 20.0 31.0 55.0 21.0 18.0 22.0 105.0 21.0 17.0 33.0 18.0 33.0 153.0 21.0
37 38 1 TRACE 26.0 26.0 20.0 20.0 29.0 19.0 20.0 26.0 19.0 35.0 20.0 21.0 21.0 53.0 21.0 20.0 70.0 20.0 21.0 61.0 18.0 19.0 52.0 20.0 19.0 21.0 27.0 19.0 17.0 21.0 135.0 20.0 21.0 109.0 19.0 21.0 74.0 18.0 23.0 83.0 19.0 20.0 45.0 21.0 20.0 19.0 25.0 19.0 20.0 44.0 22.0 19.0 28.0 21.0 21.0 25.0 117.0 18.0 20.0 54.0 18.0 23.0 146.0 19.0 18.0 40.0 62.0 19.0 23.0 147.0 26.0 20.0 54.0 19.0 19.0 40.0 132.0 28.0 20.0 35.0 30.0 20.0 20.0 70.0 20.0 18.0 28.0 21.0 21.0 22.0 143.0 20.0 20.0 50.0 18.0 20.0 21.0 37.0 19.0 19.0 20.0 25.0 19.0 19.0 38.0 19.0 19.0 22.0 145.0 20.0 21.0 23.0 21.0 20.0 51.0 20.0 19.0 54.0 19.0 18.0 28.0 21.0 19.0 20.0 30.0 21.0 20.0 23.0 153.0 20.0 18.0 47.0 21.0 63.0 22.0 55.0 20.0 20.0 19.0 73.0 19.0 20.0 54.0 20.0 20.0 30.0 21.0 19.0 20.0 54.0 22.0 20.0 78.0 20.0 22.0 134.0 18.0 18.0 26.0 20.0 21.0 36.0 20.0 20.0 27.0 20.0 19.0 37.0 20.0 21.0 24.0 19.0 23.0 115.0 20.0 19.0 37.0 25.0 19.0 18.0 23.0 141.0 20.0 20.0 40.0 20.0 17.0 22.0 23.0 149.0 19.0 24.0 40.0 20.0 18.0 37.0 19.0 20.0 21.0 26.0 20.0 19.0 38.0 21.0 19.0 22.0 47.0 20.0 19.0 27.0 20.0 20.0 51.0 18.0
38 39 1 TRACE 23.0 17.0 15.0 15.0 16.0 15.0 16.0 16.0 16.0 19.0 16.0 15.0 16.0 18.0 16.0 16.0 14.0 18.0 18.0 20.0 16.0 15.0 18.0 17.0 22.0 16.0 17.0 16.0 15.0 15.0 18.0 16.0 16.0 18.0 16.0 16.0 18.0 15.0 16.0 21.0 16.0 16.0 18.0 15.0 17.0 15.0 17.0 16.0 16.0 18.0 15.0 17.0 18.0 13.0 15.0 17.0 19.0 15.0 15.0 19.0 14.0 17.0 19.0 17.0 16.0 16.0 20.0 17.0 17.0 19.0 17.0 15.0 20.0 15.0 14.0 16.0 19.0 17.0 17.0 20.0 20.0 17.0 15.0 26.0 15.0 15.0 25.0 17.0 24.0 16.0 19.0 17.0 16.0 16.0 14.0 17.0 17.0 19.0 16.0 17.0 15.0 16.0 15.0 24.0 17.0 15.0 17.0 16.0 19.0 16.0 19.0 18.0 16.0 16.0 20.0 16.0 15.0 21.0 16.0 15.0 17.0 16.0 18.0 16.0 18.0 16.0 18.0 18.0 16.0 15.0 15.0 20.0 15.0 64.0 17.0 21.0 15.0 17.0 16.0 18.0 16.0 16.0 17.0 15.0 16.0 18.0 16.0 18.0 16.0 20.0 16.0 15.0 27.0 16.0 17.0 18.0 13.0 15.0 17.0 15.0 16.0 19.0 15.0 17.0 17.0 16.0 16.0 18.0 17.0 16.0 16.0 14.0 16.0 19.0 18.0 15.0 20.0 16.0 17.0 15.0 17.0 19.0 16.0 15.0 18.0 17.0 22.0 16.0 17.0 25.0 17.0 18.0 18.0 16.0 15.0 18.0 15.0 17.0 17.0 16.0 16.0 15.0 20.0 16.0 17.0 18.0 17.0 16.0 17.0 18.0 16.0 16.0 22.0 15.0
39 25 1 TRACE 12.0 13.0 14.0 12.0 12.0 13.0 14.0 13.0 13.0 14.0 10.0 13.0 13.0 12.0 14.0 16.0 12.0 13.0 14.0 13.0 12.0 14.0 13.0 14.0 13.0 15.0 13.0 13.0 12.0 13.0 13.0 14.0 14.0 13.0 53.0 13.0 13.0 12.0 13.0 11.0 14.0 13.0 12.0 13.0 12.0 12.0 13.0 13.0 14.0 13.0 13.0 14.0 17.0 14.0 14.0 12.0 15.0 13.0 13.0 13.0 13.0 15.0 23.0 12.0 14.0 13.0 12.0 14.0 14.0 13.0 15.0 13.0 14.0 13.0 12.0 14.0 14.0 14.0 13.0 12.0 14.0 11.0 13.0 13.0 13.0 13.0
39 40 1 TRACE 28.0 20.0 17.0 21.0 18.0 20.0 20.0 19.0 18.0 19.0 19.0 19.0 25.0 20.0 23.0 19.0 17.0 21.0 24.0 20.0 19.0 19.0 19.0 19.0 20.0 28.0 21.0 20.0 28.0 19.0 18.0 19.0 20.0 46.0 20.0 21.0 18.0 19.0 18.0 19.0 51.0 18.0 20.0 19.0 19.0 19.0 19.0 19.0 35.0 19.0 18.0 17.0 19.0 20.0 18.0 18.0 20.0 29.0 19.0 19.0 20.0 18.0 18.0 20.0
39 51 1 TRACE 24.0 18.0 19.0 19.0 20.0 19.0 19.0 20.0 19.0 19.0 18.0 18.0 19.0 19.0 20.0 21.0 26.0 18.0 19.0 20.0 19.0 19.0 23.0 19.0 21.0 20.0 19.0 18.0 19.0 18.0 18.0 34.0 19.0 19.0 18.0 19.0 19.0 20.0 20.0 20.0 19.0 19.0 18.0 20.0 20.0 18.0 19.0 19.0 21.0 19.0 19.0 19.0 19.0 20.0 19.0 21.0 20.0 19.0 21.0 19.0 19.0 19.0 19.0 18.0
40 41 1 TRACE 79.0 70.0 69.0 68.0 102.0 119.0 123.0 112.0 66.0 210.0 184.0 141.0 146.0 92.0 69.0 81.0 84.0 196.0 106.0 232.0 78.0 233.0 116.0 214.0 78.0 133.0 69.0 266.0 84.0 96.0 64.0 81.0 230.0 71.0 96.0 110.0 67.0 68.0 235.0 89.0 102.0 136.0 96.0 67.0 101.0 172.0 208.0 64.0 84.0 66.0 74.0 63.0 188.0 74.0 222.0 80.0 230.0 80.0 74.0 69.0 74.0 88.0 89.0 92.0
41 42 1 TRACE 15.0 11.0 9.0 9.0 10.0 10.0 9.0 10.0 9.0 10.0 9.0 10.0 10.0 9.0 10.0 10.0 9.0 11.0 9.0 9.0 11.0 10.0 10.0 10.0 10.0 11.0 10.0 10.0 10.0 9.0 10.0 10.0 10.0 11.0 10.0 10.0 10.0 10.0 9.0 10.0 9.0 10.0 10.0 9.0 10.0 11.0 10.0 10.0 10.0 11.0 10.0 10.0 11.0 10.0 10.0 11.0 10.0 10.0 10.0 10.0 9.0 10.0 10.0 9.0 11.0 10.0 9.0 11.0 10.0 10.0 11.0 10.0 10.0 11.0 9.0 9.0 11.0 10.0 10.0 10.0 10.0 9.0 11.0 10.0 10.0 11.0 11.0 10.0 10.0 9.0 10.0 12.0 10.0 11.0 10.0 10.0 10.0 10.0 11.0 10.0 9.0 11.0 10.0 10.0 12.0 10.0 9.0 9.0 11.0 10.0 10.0 10.0 11.0 10.0 10.0 10.0 10.0 11.0 10.0 9.0 11.0 10.0 10.0 11.0 10.0 10.0 11.0 10.0 10.0 12.0 14.0 11.0 11.0 10.0 10.0 10.0 10.0 10.0 10.0 10.0 10.0 11.0 10.0 10.0 10.0 10.0 10.0 10.0 22.0 10.0 10.0 12.0 10.0 9.0 10.0 10.0 10.0 9.0 10.0 22.0 9.0 10.0 9.0 9.0 9.0 11.0 10.0 10.0 10.0 10.0 10.0 11.0 9.0 10.0 10.0 10.0 10.0 10.0 10.0 10.0 10.0 10.0 10.0 11.0 10.0 10.0 11.0 10.0 9.0 11.0 10.0 12.0 9.0 10.0 10.0 10.0 11.0 10.0 10.0 9.0 11.0 9.0 10.0
42 43 1 TRACE 13.0 20.0 9.0 9.0 9.0 10.0 9.0 9.0 9.0 9.0 9.0 9.0 9.0 9.0 9.0 9.0 9.0 9.0 11.0 9.0 9.0 9.0 9.0 10.0 9.0 10.0 9.0 9.0 9.0 9.0 9.0 9.0 9.0 10.0 9.0 9.0 9.0 9.0 9.0 9.0 9.0 9.0 9.0 9.0 9.0 9.0 9.0 9.0 9.0 9.0 9.0 9.0 9.0 10.0 9.0 9.0 9.0 9.0 9.0 9.0 9.0 9.0 8.0 9.0 10.0 9.0 9.0 9.0 9.0 10.0 10.0 9.0 9.0 9.0 9.0 9.0 10.0 10.0 8.0 9.0 9.0 9.0 9.0 9.0 9.0 10.0 10.0 9.0 9.0 9.0 9.0 9.0 9.0 9.0 9.0 9.0 9.0 9.0 9.0 9.0 9.0 9.0 9.0 9.0 10.0 9.0 9.0 9.0 9.0 9.0 9.0 9.0 20.0 9.0 9.0 9.0 9.0 9.0 9.0 9.0 9.0 9.0 9.0 9.0 9.0 9.0 10.0 10.0 10.0 9.0 9.0 9.0 9.0 9.0 9.0 9.0 9.0 9.0 9.0 10.0 9.0 9.0 9.0 9.0 9.0 9.0 9.0 9.0 9.0 9.0 9.0 10.0 9.0 9.0 9.0 9.0 9.0 9.0 9.0 10.0 9.0 9.0 9.0 9.0 9.0 9.0 9.0 9.0 9.0 9.0 9.0 10.0 9.0 9.0 9.0 9.0 9.0 9.0 8.0 9.0 9.0 9.0 21.0 9.0 9.0 9.0 10.0 9.0 9.0 9.0 9.0 9.0 9.0 9.0 9.0 9.0 9.0 9.0 9.0 9.0 9.0 9.0 9.0
43 44 1 TRACE 12.0 8.0 8.0 8.0 9.0 8.0 8.0 8.0 8.0 8.0 8.0 8.0 8.0 8.0 8.0 8.0 8.0 9.0 8.0 8.0 8.0 8.0 8.0 9.0 9.0 9.0 8.0 8.0 8.0 8.0 9.0 8.0 8.0 9.0 8.0 7.0 8.0 8.0 8.0 9.0 8.0 9.0 8.0 8.0 8.0 8.0 8.0 8.0 8.0 8.0 8.0 8.0 8.0 8.0 8.0 8.0 8.0 8.0 8.0 8.0 8.0 8.0 8.0 8.0 9.0 8.0 8.0 8.0 8.0 8.0 25.0 8.0 8.0 8.0 8.0 8.0 8.0 9.0 8.0 8.0 8.0 8.0 8.0 8.0 8.0 9.0 8.0 8.0 8.0 8.0 7.0 8.0 8.0 8.0 8.0 8.0 8.0 8.0 8.0 8.0 8.0 8.0 8.0 8.0 8.0 8.0 8.0 8.0 8.0 8.0 7.0 8.0 8.0 8.0 8.0 8.0 8.0 8.0 8.0 8.0 8.0 8.0 8.0 8.0 8.0 8.0 8.0 8.0 9.0 8.0 9.0 8.0 8.0 8.0 8.0 8.0 8.0 8.0 9.0 20.0 8.0 8.0 8.0 8.0 11.0 8.0 8.0 8.0 9.0 8.0 8.0 9.0 8.0 8.0 8.0 8.0 8.0 8.0 8.0 9.0 8.0 8.0 8.0 8.0 8.0 8.0 8.0 8.0 8.0 8.0 8.0 8.0 8.0 7.0 8.0 8.0 8.0 8.0 8.0 7.0 8.0 8.0 9.0 8.0 8.0 8.0 9.0 8.0 8.0 8.0 8.0 8.0 8.0 8.0 8.0 10.0 8.0 8.0 8.0 8.0 8.0 8.0 8.0
44 45 1 TRACE 50.0 23.0 28.0 60.0 28.0 26.0 26.0 96.0 26.0 26.0 26.0 51.0 25.0 25.0 42.0 27.0 54.0 31.0 23.0 24.0 62.0 23.0 22.0 20.0 23.0 23.0 26.0 24.0 27.0 24.0 21.0 23.0 67.0 20.0 27.0 26.0 21.0 27.0 25.0 64.0 24.0 25.0 41.0 72.0 30.0 24.0 24.0 25.0 25.0 28.0 24.0 24.0 20.0 23.0 27.0 24.0 24.0 25.0 69.0 25.0 24.0 21.0 27.0 26.0 39.0 24.0 25.0 20.0 19.0 24.0 14.0 27.0 26.0 22.0 26.0 26.0 119.0 22.0 31.0 22.0 24.0 24.0 47.0 26.0 26.0 20.0 20.0 26.0 21.0 25.0 24.0 20.0 23.0 25.0 26.0 28.0 27.0 24.0 25.0 26.0 24.0 22.0 27.0 73.0 24.0 25.0 24.0 23.0 43.0 25.0 25.0 28.0 20.0 26.0 87.0 32.0 25.0 58.0 26.0 29.0 20.0 24.0 25.0 42.0 26.0 26.0 40.0 26.0 19.0 28.0 20.0 24.0 45.0 26.0 26.0 58.0 25.0 27.0 39.0 15.0 25.0 22.0 26.0 27.0 15.0 25.0 26.0 53.0 19.0 26.0 32.0 22.0 26.0 25.0 52.0 26.0 26.0 26.0 50.0 19.0 26.0 54.0 31.0 26.0 25.0 31.0 25.0 32.0 90.0 24.0 26.0 77.0 26.0 24.0 27.0 25.0 24.0 29.0 26.0 25.0 47.0 26.0 14.0 27.0 26.0 24.0 21.0 28.0 25.0 24.0 27.0 20.0 23.0 40.0 21.0 15.0 19.0 27.0 31.0 24.0 44.0 24.0 25.0
45 46 1 TRACE 18.0 14.0 12.0 11.0 12.0 12.0 12.0 12.0 12.0 12.0 12.0 12.0 12.0 14.0 12.0 11.0 22.0 13.0 11.0 12.0 11.0 13.0 10.0 47.0 12.0 12.0 14.0 12.0 12.0 11.0 12.0 13.0 11.0 12.0 12.0 12.0 12.0 12.0 11.0 11.0 12.0 12.0 11.0 15.0 11.0 11.0 12.0 50.0 11.0 12.0 14.0 12.0 12.0 11.0 12.0 12.0 12.0 11.0 11.0 12.0 12.0 23.0 47.0 12.0 12.0 11.0 11.0 12.0 12.0 11.0 12.0 20.0 11.0 11.0 11.0 11.0 14.0 11.0 12.0 11.0 11.0 11.0 11.0 11.0 12.0 12.0 11.0 12.0 12.0 12.0 12.0 11.0 11.0 11.0 12.0 11.0 11.0 11.0 11.0 13.0 12.0 13.0 11.0 11.0 12.0 12.0 12.0 12.0 11.0 11.0 11.0 11.0 12.0 11.0 11.0 11.0 11.0 11.0 54.0 12.0 12.0 12.0 11.0 11.0 11.0 11.0 11.0 12.0 23.0 12.0 12.0 12.0 11.0 13.0 12.0 12.0 12.0 13.0 11.0 11.0 12.0 14.0 12.0 13.0 12.0 13.0 12.0 12.0 12.0 12.0 11.0 12.0 12.0 12.0 11.0 12.0 13.0 53.0 12.0 12.0 12.0 11.0 14.0 12.0 12.0 14.0 11.0 11.0 11.0 12.0 11.0 12.0 12.0 11.0 12.0 11.0 13.0 12.0 12.0 12.0 11.0 12.0 23.0 12.0 12.0 11.0 12.0 13.0 12.0 11.0 11.0 11.0 12.0 11.0 12.0 11.0 12.0 43.0 23.0 11.0 11.0 12.0 12.0
46 47 1 TRACE 975.0 357.0 145.0 165.0 793.0 254.0 133.0 732.0 277.0 134.0 131.0 741.0 276.0 157.0 610.0 190.0 132.0 521.0 181.0 134.0 552.0 175.0 135.0 571.0 185.0 154.0 764.0 295.0 142.0 132.0 425.0 147.0 165.0 464.0 155.0 144.0 470.0 165.0 133.0 467.0 168.0 133.0 666.0 225.0 133.0 772.0 302.0 139.0 133.0 734.0 223.0 135.0 735.0 306.0 136.0 437.0 151.0 133.0 594.0 184.0 133.0 434.0 150.0 139.0 771.0 244.0 136.0 421.0 146.0 133.0 594.0 179.0 135.0 427.0 150.0 134.0 750.0 248.0 136.0 484.0 169.0 147.0 742.0 269.0 137.0 441.0 146.0 134.0 754.0 244.0 135.0 742.0 225.0 138.0 734.0 353.0 138.0 133.0 742.0 219.0 133.0 454.0 145.0 135.0 734.0 336.0 137.0 132.0 597.0 192.0 159.0 563.0 185.0 135.0 789.0 265.0 137.0 742.0 259.0 135.0 425.0 152.0 134.0 652.0 200.0 136.0 563.0 187.0 133.0 498.0 166.0 139.0 590.0 189.0 133.0 743.0 301.0 136.0 565.0 183.0 136.0 460.0 171.0 133.0 434.0 147.0 132.0 718.0 316.0 136.0 130.0 749.0 230.0 134.0 736.0 279.0 136.0 138.0 746.0 239.0 134.0 760.0 338.0 137.0 132.0 432.0 153.0 129.0 744.0 227.0 135.0 418.0 144.0 133.0 719.0 221.0 133.0 410.0 141.0 133.0 721.0 217.0 133.0 742.0 227.0 135.0 721.0 274.0 135.0 132.0 743.0 228.0 134.0 642.0 199.0 146.0 749.0 260.0 125.0 173.0 628.0 193.0 133.0
47 48 1 TRACE 14.0 11.0 8.0 12.0 8.0 13.0 8.0 12.0 8.0 12.0 8.0 12.0 8.0 12.0 8.0 13.0 8.0 12.0 8.0 13.0 8.0 12.0 8.0 13.0 8.0 13.0 9.0 11.0 9.0 12.0 8.0 12.0 8.0 12.0 8.0 14.0 8.0 12.0 8.0 12.0 8.0 12.0 8.0 12.0 8.0 12.0 8.0 13.0 8.0 10.0 8.0 12.0 9.0 12.0 8.0 14.0 8.0 12.0 8.0 12.0 11.0 10.0 8.0 12.0 9.0 11.0 8.0 13.0 8.0 13.0 8.0 13.0 8.0 13.0 8.0 12.0 8.0 12.0 8.0 11.0 8.0 12.0 8.0 12.0 8.0 12.0 9.0 11.0 8.0 12.0 8.0 14.0 8.0 12.0 7.0 12.0 7.0 12.0 8.0 12.0 8.0 12.0 7.0 12.0 8.0 10.0 9.0 11.0 7.0 11.0 8.0 12.0 8.0 11.0 8.0 12.0 8.0 11.0 8.0 13.0 7.0 11.0 8.0 12.0 8.0 11.0 8.0 12.0 8.0 11.0 8.0 12.0 7.0 12.0 9.0 10.0 8.0 13.0 8.0 12.0 8.0 12.0 8.0 12.0 8.0 11.0 8.0 12.0 7.0 12.0 8.0 13.0 8.0 13.0 8.0 13.0 8.0 12.0 8.0 12.0 8.0 13.0 8.0 11.0 8.0 12.0 8.0 12.0 8.0 12.0 8.0 12.0 8.0 13.0 8.0 14.0 8.0 13.0 8.0 12.0 8.0 12.0 9.0 11.0 8.0 12.0 9.0 11.0 22.0 11.0 8.0 12.0 8.0 12.0 8.0 11.0 9.0 12.0 8.0 11.0 8.0 11.0 8.0 12.0 8.0 12.0 7.0 12.0 8.0 13.0 8.0 13.0 8.0 11.0 8.0 11.0 9.0 10.0 7.0 12.0 9.0 11.0 9.0 12.0 8.0 12.0 8.0 12.0 9.0 12.0 8.0 13.0 8.0 12.0 8.0 13.0 8.0 12.0 8.0 13.0 9.0 13.0 8.0 12.0 8.0 13.0 8.0 13.0 8.0 12.0 8.0 12.0 8.0 13.0 8.0 12.0 9.0 11.0 8.0 13.0 8.0 12.0 8.0 12.0 8.0 12.0 7.0 12.0 8.0 12.0 8.0 12.0 8.0 12.0 8.0 12.0 8.0 12.0 8.0 12.0 8.0 12.0 8.0 12.0 8.0 12.0 8.0 13.0 8.0 12.0 8.0 12.0 8.0 12.0 8.0 12.0 8.0 12.0 8.0 13.0 8.0 12.0 9.0 14.0 8.0 12.0 8.0 12.0 8.0 11.0 8.0 12.0 8.0 12.0 7.0 26.0 8.0 12.0 8.0 11.0 8.0 11.0 8.0 12.0 8.0 12.0 8.0 12.0 8.0 12.0 8.0 12.0 8.0 12.0 9.0 11.0 8.0 12.0 8.0 12.0 8.0 12.0 8.0 11.0 8.0 12.0 8.0 13.0 8.0 12.0 9.0 11.0 8.0 49.0 8.0 12.0 8.0 12.0 7.0 12.0 8.0 12.0 8.0 11.0 8.0 11.0 8.0 11.0 7.0 11.0 8.0 12.0 8.0 12.0 8.0 11.0 8.0 12.0 8.0 11.0 9.0 12.0 8.0 12.0 8.0 11.0 9.0 47.0 8.0 13.0 8.0 11.0 8.0 12.0 7.0 12.0 8.0 12.0 8.0 11.0 8.0 11.0 8.0 12.0 8.0 12.0
48 49 1 TRACE 47.0 43.0 34.0 36.0 7.0 17.0 8.0 10.0 59.0 40.0 18.0 29.0 8.0 11.0 53.0 39.0 21.0 31.0 7.0 9.0 7.0 11.0 53.0 39.0 20.0 31.0 8.0 10.0 69.0 40.0 11.0 21.0 8.0 10.0 65.0 39.0 9.0 20.0 7.0 10.0 65.0 39.0 10.0 20.0 8.0 10.0 65.0 38.0 10.0 21.0 8.0 10.0 51.0 38.0 27.0 70.0 8.0 11.0 7.0 10.0 51.0 37.0 8.0 11.0 8.0 11.0 56.0 38.0 8.0 14.0 8.0 10.0 63.0 38.0 9.0 18.0 8.0 10.0 63.0 39.0 9.0 19.0 7.0 11.0 65.0 39.0 12.0 24.0 8.0 10.0 49.0 37.0 26.0 33.0 8.0 11.0 7.0 10.0 63.0 39.0 13.0 27.0 7.0 10.0 54.0 39.0 21.0 29.0 7.0 10.0 53.0 38.0 8.0 13.0 7.0 11.0 65.0 38.0 10.0 20.0 7.0 10.0 47.0 36.0 8.0 12.0 7.0 10.0 59.0 40.0 17.0 29.0 7.0 11.0 47.0 37.0 8.0 11.0 7.0 9.0 65.0 38.0 10.0 20.0 7.0 9.0 50.0 36.0 8.0 12.0 7.0 10.0 62.0 59.0 15.0 27.0 7.0 10.0 63.0 38.0 9.0 20.0 7.0 10.0 54.0 38.0 20.0 30.0 8.0 11.0 48.0 36.0 8.0 17.0 7.0 11.0 59.0 38.0 16.0 28.0 7.0 10.0 63.0 39.0 14.0 25.0 8.0 9.0 44.0 37.0 33.0 35.0 8.0 10.0 7.0 10.0 63.0 78.0 13.0 25.0 7.0 10.0 46.0 36.0 8.0 11.0 7.0 10.0 44.0 38.0 31.0 34.0 8.0 11.0 8.0 9.0 64.0 39.0 10.0 22.0 8.0 21.0 64.0 39.0 10.0 21.0 8.0 10.0 54.0 38.0 19.0 29.0 7.0 10.0 54.0 39.0 18.0 30.0 8.0 11.0 46.0 37.0 8.0 13.0 8.0 11.0 63.0 39.0 12.0 22.0 7.0 11.0 63.0 39.0 10.0 21.0 8.0 11.0 61.0 38.0 9.0 18.0 8.0 10.0 64.0 39.0 10.0 21.0 8.0 10.0 53.0 39.0 19.0 30.0 7.0 10.0 63.0 38.0 10.0 22.0 8.0 10.0 60.0 38.0 9.0 19.0 7.0 10.0 48.0 37.0 8.0 12.0 7.0 10.0 46.0 37.0 27.0 33.0 8.0 10.0 7.0 10.0 60.0 40.0 15.0 26.0 7.0 10.0 53.0 40.0 20.0 30.0 8.0 10.0 7.0 22.0 59.0 41.0 14.0 25.0 8.0 11.0 42.0 37.0 31.0 33.0 8.0 11.0 7.0 10.0 51.0 37.0 8.0 13.0 8.0 10.0 59.0 39.0 14.0 26.0 8.0 11.0 45.0 37.0 8.0 11.0 7.0 9.0 62.0 39.0 14.0 25.0 7.0 13.0 42.0 37.0 8.0 12.0 7.0 47.0 61.0 39.0 13.0 24.0 19.0 10.0 59.0 40.0 14.0 25.0 7.0 10.0 51.0 40.0 21.0 31.0 7.0 11.0 7.0 10.0 60.0 39.0 15.0 26.0 7.0 13.0 63.0 41.0 11.0 22.0 8.0 10.0 52.0 38.0 20.0 30.0 7.0 10.0 7.0 9.0 64.0 40.0 11.0 22.0 8.0 10.0
49 47 1 TRACE 767.0 196.0 70.0 90.0 452.0 161.0 64.0 472.0 169.0 64.0 60.0 464.0 169.0 78.0 307.0 116.0 66.0 286.0 105.0 60.0 277.0 105.0 60.0 301.0 126.0 61.0 498.0 185.0 65.0 61.0 202.0 75.0 64.0 223.0 84.0 63.0 259.0 94.0 61.0 260.0 95.0 61.0 337.0 129.0 62.0 501.0 178.0 64.0 61.0 376.0 138.0 63.0 458.0 168.0 63.0 222.0 79.0 61.0 300.0 112.0 61.0 206.0 74.0 62.0 407.0 155.0 64.0 234.0 72.0 61.0 289.0 115.0 61.0 216.0 77.0 62.0 394.0 146.0 63.0 258.0 137.0 61.0 462.0 165.0 64.0 208.0 73.0 62.0 418.0 155.0 63.0 391.0 142.0 82.0 561.0 197.0 67.0 60.0 390.0 139.0 62.0 206.0 74.0 62.0 533.0 184.0 65.0 60.0 289.0 118.0 62.0 296.0 112.0 62.0 442.0 164.0 64.0 443.0 163.0 64.0 207.0 74.0 99.0 337.0 124.0 63.0 295.0 112.0 79.0 258.0 96.0 61.0 321.0 116.0 63.0 455.0 168.0 64.0 297.0 112.0 63.0 247.0 93.0 62.0 216.0 76.0 60.0 507.0 180.0 65.0 66.0 442.0 144.0 62.0 458.0 172.0 64.0 61.0 398.0 145.0 62.0 527.0 187.0 66.0 61.0 227.0 80.0 60.0 406.0 144.0 63.0 207.0 73.0 61.0 370.0 142.0 62.0 204.0 71.0 61.0 383.0 137.0 70.0 441.0 144.0 61.0 487.0 168.0 64.0 60.0 393.0 143.0 62.0 349.0 124.0 62.0 460.0 170.0 62.0 61.0 324.0 119.0 62.0
49 50 1 TRACE 55.0 40.0 22.0 20.0 47.0 57.0 43.0 106.0 49.0 32.0 36.0 100.0 48.0 21.0 55.0 43.0 39.0 70.0 43.0 30.0 63.0 44.0 33.0 48.0 29.0 20.0 68.0 41.0 29.0 29.0 81.0 38.0 21.0 42.0 45.0 20.0 67.0 42.0 31.0 69.0 41.0 32.0 82.0 30.0 31.0 76.0 53.0 28.0 28.0 119.0 47.0 31.0 94.0 37.0 30.0 67.0 42.0 29.0 58.0 43.0 31.0 42.0 37.0 20.0 105.0 41.0 29.0 41.0 41.0 30.0 43.0 32.0 29.0 63.0 37.0 29.0 48.0 33.0 26.0 76.0 49.0 28.0 109.0 45.0 27.0 45.0 30.0 44.0 106.0 45.0 30.0 97.0 45.0 21.0 41.0 40.0 38.0 33.0 99.0 44.0 29.0 40.0 36.0 24.0 68.0 52.0 33.0 33.0 110.0 45.0 20.0 87.0 45.0 30.0 66.0 50.0 28.0 133.0 43.0 31.0 67.0 37.0 30.0 99.0 44.0 30.0 83.0 41.0 20.0 47.0 51.0 43.0 90.0 46.0 31.0 116.0 50.0 30.0 79.0 44.0 59.0 74.0 53.0 30.0 63.0 40.0 31.0 93.0 44.0 39.0 27.0 47.0 49.0 33.0 97.0 50.0 32.0 21.0 93.0 38.0 33.0 61.0 78.0 28.0 25.0 54.0 23.0 40.0 63.0 38.0 31.0 52.0 26.0 27.0 55.0 37.0 22.0 52.0 28.0 27.0 53.0 42.0 19.0 43.0 37.0 26.0 52.0 45.0 20.0 22.0 60.0 39.0 30.0 45.0 33.0 29.0 43.0 156.0 46.0 61.0 131.0 34.0 22.0
50 25 1 TRACE 25.0 19.0 15.0 62.0 16.0 16.0 16.0 19.0 15.0 25.0 20.0 16.0 16.0 17.0 15.0 17.0 18.0 15.0 16.0 19.0 19.0 15.0 16.0 16.0 17.0 17.0 19.0 17.0 17.0 19.0 15.0 17.0 16.0 15.0 18.0 16.0 19.0 18.0 16.0 17.0 19.0 17.0 17.0 18.0 22.0 16.0 15.0 14.0 17.0 18.0 17.0 15.0 13.0 20.0 17.0 21.0 19.0 20.0 16.0 15.0 15.0 16.0 16.0 16.0
50 41 1 TRACE 10.0 8.0 8.0 8.0 8.0 9.0 8.0 8.0 9.0 8.0 8.0 8.0 8.0 8.0 9.0 9.0 9.0 9.0 8.0 9.0 8.0 9.0 9.0 8.0 8.0 9.0 8.0 9.0 9.0 9.0 9.0 8.0 9.0 8.0 9.0 9.0 9.0 9.0 9.0 8.0 9.0 8.0 8.0 8.0 9.0 8.0 8.0 8.0 9.0 9.0 8.0 8.0 9.0 8.0 9.0 8.0 8.0 8.0 10.0 9.0 9.0 8.0 9.0 21.0 9.0 9.0 9.0 8.0 8.0 9.0 8.0 8.0 9.0 9.0 9.0 9.0 9.0 9.0 8.0 8.0 8.0 8.0 8.0 9.0 8.0 9.0 8.0 10.0 9.0 9.0 9.0 8.0 9.0 9.0 9.0 9.0 8.0 9.0 9.0 9.0 9.0 9.0 8.0 9.0 8.0 9.0 9.0 8.0 9.0 8.0 8.0 8.0 8.0 9.0 8.0 9.0 9.0 8.0 8.0 8.0 8.0 9.0 8.0 8.0 9.0 8.0 8.0 8.0 8.0 8.0 11.0 8.0 9.0 9.0 9.0 8.0 8.0 9.0 9.0
51 52 1 TRACE 724.0 710.0 764.0 707.0 710.0 708.0 794.0 704.0 701.0 703.0 704.0 704.0 761.0 709.0 711.0 705.0 713.0 700.0 778.0 700.0 726.0 702.0 707.0 703.0 706.0 705.0 700.0 702.0 772.0 702.0 707.0 776.0 701.0 818.0 690.0 688.0 693.0 692.0 683.0 792.0 688.0 683.0 693.0 691.0 688.0 682.0 683.0 689.0 690.0 686.0 689.0 692.0 683.0 692.0 724.0 689.0 743.0 690.0 691.0 727.0 694.0 690.0 690.0 728.0
52 53 1 TRACE 34.0 30.0 29.0 42.0 30.0 29.0 28.0 29.0 28.0 28.0 28.0 27.0 29.0 29.0 30.0 31.0 29.0 29.0 28.0 28.0 28.0 30.0 29.0 29.0 30.0 27.0 27.0 28.0 28.0 29.0 29.0 26.0 29.0 28.0 31.0 28.0 59.0 30.0 28.0 27.0 28.0 28.0 28.0 30.0 27.0 28.0 30.0 29.0 30.0 30.0 28.0 29.0 33.0 28.0 29.0 28.0 29.0 58.0 29.0 28.0 30.0 30.0 29.0 29.0
53 54 1 TRACE 20.0 14.0 14.0 14.0 15.0 14.0 15.0 14.0 13.0 14.0 14.0 14.0 14.0 16.0 14.0 14.0 15.0 16.0 16.0 17.0 17.0 15.0 16.0 17.0 16.0 16.0 17.0 17.0 15.0 17.0 15.0 16.0 16.0 16.0 16.0 17.0 16.0 17.0 16.0 16.0 18.0 16.0 16.0 16.0 16.0 16.0 16.0 16.0 13.0 12.0 14.0 12.0 16.0 15.0 12.0 14.0 12.0 12.0 12.0 14.0 12.0 12.0 12.0 14.0
54 55 1 TRACE 41.0 18.0 18.0 18.0 18.0 19.0 19.0 18.0 18.0 18.0 18.0 18.0 18.0 18.0 19.0 18.0 18.0 18.0 18.0 18.0 31.0 18.0 19.0 18.0 18.0 17.0 18.0 18.0 18.0 18.0 18.0 18.0 17.0 19.0 17.0 18.0 18.0 18.0 19.0 18.0 17.0 18.0 17.0 17.0 18.0 17.0 18.0 18.0 17.0 18.0 17.0 17.0 17.0 18.0 17.0 17.0 18.0 18.0 17.0 31.0 18.0 17.0 18.0 18.0
55 56 1 TRACE 11.0 8.0 7.0 7.0 7.0 7.0 7.0 7.0 8.0 7.0 7.0 7.0 7.0 7.0 7.0 7.0 7.0 7.0 7.0 7.0 8.0 7.0 7.0 7.0 7.0 7.0 7.0 7.0 7.0 7.0 7.0 7.0 7.0 7.0 7.0 7.0 7.0 7.0 7.0 7.0 7.0 7.0 7.0 7.0 7.0 7.0 7.0 7.0 7.0 7.0 7.0 7.0 7.0 7.0 7.0 7.0 7.0 7.0 7.0 7.0 7.0 7.0 7.0 7.0
56 57 1 TRACE 10.0 6.0 7.0 7.0 7.0 7.0 7.0 7.0 7.0 7.0 7.0 7.0 7.0 7.0 7.0 7.0 7.0 7.0 7.0 7.0 18.0 6.0 7.0 7.0 7.0 7.0 7.0 7.0 6.0 7.0 7.0 7.0 7.0 7.0 7.0 6.0 6.0 7.0 6.0 7.0 6.0 7.0 7.0 21.0 6.0 7.0 7.0 7.0 7.0 7.0 7.0 7.0 7.0 6.0 6.0 7.0 7.0 6.0 7.0 8.0 7.0 7.0 7.0 7.0
57 58 1 TRACE 10.0 7.0 7.0 6.0 6.0 7.0 7.0 7.0 7.0 7.0 7.0 6.0 6.0 7.0 6.0 7.0 7.0 6.0 6.0 7.0 18.0 7.0 7.0 7.0 7.0 7.0 7.0 7.0 7.0 7.0 7.0 7.0 7.0 7.0 6.0 7.0 7.0 7.0 7.0 7.0 7.0 7.0 7.0 7.0 7.0 6.0 6.0 7.0 7.0 7.0 7.0 7.0 7.0 7.0 7.0 7.0 7.0 7.0 7.0 8.0 6.0 7.0 7.0 7.0
58 59 1 TRACE 16.0 7.0 8.0 8.0 8.0 8.0 7.0 8.0 7.0 8.0 8.0 8.0 8.0 8.0 8.0 8.0 8.0 8.0 8.0 7.0 19.0 7.0 8.0 8.0 7.0 8.0 8.0 8.0 7.0 8.0 8.0 8.0 8.0 8.0 8.0 7.0 7.0 7.0 7.0 7.0 7.0 8.0 8.0 8.0 7.0 8.0 8.0 8.0 7.0 7.0 7.0 8.0 7.0 7.0 7.0 7.0 8.0 7.0 8.0 9.0 8.0 7.0 8.0 8.0
59 60 1 TRACE 19.0 7.0 7.0 6.0 19.0 19.0 18.0 7.0 18.0 7.0 7.0 18.0 18.0 18.0 18.0 18.0 7.0 6.0 18.0 18.0 7.0 18.0 7.0 7.0 7.0 18.0 7.0 6.0 7.0 7.0 7.0 7.0 7.0 7.0 6.0 7.0 7.0 7.0 7.0 7.0 7.0 7.0 7.0 7.0 7.0 6.0 6.0 7.0 7.0 7.0 7.0 6.0 7.0 7.0 7.0 7.0 7.0 7.0 7.0 20.0 6.0 7.0 7.0 7.0
60 61 1 TRACE 8.0 8.0 19.0 18.0 7.0 7.0 8.0 19.0 8.0 19.0 19.0 7.0 7.0 8.0 7.0 8.0 19.0 19.0 7.0 7.0 7.0 8.0 7.0 18.0 19.0 8.0 19.0 7.0 7.0 7.0 9.0 18.0 19.0 19.0 19.0 18.0 18.0 18.0 18.0 18.0 18.0 19.0 19.0 20.0 18.0 19.0 19.0 19.0 18.0 18.0 18.0 19.0 19.0 19.0 19.0 19.0 19.0 18.0 19.0 8.0 19.0 18.0 18.0 19.0
61 62 1 TRACE 8.0 7.0 7.0 8.0 7.0 8.0 8.0 7.0 8.0 7.0 7.0 7.0 7.0 8.0 7.0 8.0 7.0 7.0 7.0 7.0 7.0 8.0 7.0 8.0 7.0 8.0 7.0 7.0 7.0 7.0 20.0 7.0 7.0 7.0 7.0 8.0 7.0 7.0 7.0 7.0 7.0 7.0 7.0 7.0 7.0 7.0 7.0 7.0 8.0 7.0 7.0 7.0 7.0 7.0 7.0 7.0 7.0 7.0 7.0 8.0 7.0 8.0 8.0 7.0
62 1 1 TRACE 18.0 28.0 15.0 17.0 15.0 16.0 16.0 15.0 16.0 15.0 38.0 15.0 15.0 16.0 33.0 15.0 16.0 22.0 15.0 15.0 28.0 16.0 15.0 16.0 15.0 15.0 15.0 15.0 15.0 15.0 21.0 15.0 15.0 15.0 15.0 16.0 16.0 15.0 15.0 16.0 15.0 15.0 15.0 20.0 15.0 15.0 15.0 15.0 16.0 16.0 36.0 15.0 15.0 15.0 15.0 15.0 15.0 15.0 15.0 27.0 15.0 16.0 16.0
