0 1 CONSTANT 8.0
1 1 CONSTANT 8.0
2 1 CONSTANT 0.0
3 1 CONSTANT 8.0
4 1 CONSTANT 8.0
5 1 CONSTANT 8.0
6 1 CONSTANT 8.0
7 1 CONSTANT 8.0
8 1 CONSTANT 8.0
9 1 CONSTANT 0.0
10 1 CONSTANT 0.0
11 1 CONSTANT 0.0
12 1 CONSTANT 0.0
13 1 CONSTANT 8.0
14 1 CONSTANT 4.0
15 1 CONSTANT 4.0
16 1 CONSTANT 0.0
17 1 CONSTANT 0.0
18 1 CONSTANT 0.0
19 1 CONSTANT 0.0
20 1 CONSTANT 4.0
21 1 CONSTANT 8.0
22 1 CONSTANT 8.0
23 1 CONSTANT 8.0
24 1 CONSTANT 8.0
25 1 CONSTANT 4.0
26 1 CONSTANT 4.0
27 1 CONSTANT 8.0
28 1 TRACE 0.0 32.0 0.0 0.0 4.0 60.0 0.0 40.0 4.0 4.0 24.0 8.0 4.0 76.0 0.0 4.0 28.0 0.0 0.0 64.0 4.0 4.0 0.0 4.0 0.0 0.0 20.0 0.0 8.0 16.0 4.0 8.0 28.0 0.0 16.0 4.0 0.0 24.0 0.0 4.0 0.0 0.0 0.0 56.0 0.0 0.0 32.0 0.0 0.0 56.0 0.0 40.0 4.0 0.0 68.0 0.0 0.0 0.0 8.0 12.0 0.0 0.0 0.0 0.0 0.0 72.0 4.0 0.0 32.0 0.0 0.0 56.0 4.0 4.0 32.0 4.0 108.0 0.0 4.0 56.0 4.0 0.0 4.0 8.0 0.0 8.0 8.0 4.0 4.0 12.0 0.0 8.0 4.0 4.0 4.0 8.0 0.0 4.0 8.0 4.0 0.0 4.0 0.0 4.0 4.0 0.0 0.0 84.0 0.0 0.0 0.0 12.0 0.0 4.0 56.0 4.0 4.0 12.0 4.0 4.0 0.0 16.0 0.0 4.0 4.0 0.0 8.0 4.0 0.0 72.0 4.0 0.0 4.0 28.0 0.0 24.0 4.0 0.0 76.0 4.0 0.0 0.0 32.0 4.0 0.0 92.0 0.0 4.0 36.0 8.0 0.0 0.0 92.0 0.0 0.0 68.0 4.0 4.0 8.0 52.0 0.0 0.0 64.0 0.0 0.0 32.0 0.0 16.0 0.0 0.0 4.0 12.0 4.0 8.0 24.0 0.0 0.0 0.0 0.0 0.0 56.0 0.0 0.0 28.0 0.0 20.0 4.0 0.0 0.0 8.0
29 1 CONSTANT 4.0
30 1 TRACE 0.0 32.0 0.0 0.0 4.0 60.0 0.0 40.0 4.0 4.0 24.0 8.0 4.0 76.0 0.0 4.0 28.0 0.0 0.0 64.0 4.0 4.0 0.0 4.0 0.0 0.0 20.0 0.0 8.0 16.0 4.0 8.0 28.0 0.0 16.0 4.0 0.0 24.0 0.0 4.0 0.0 0.0 0.0 56.0 0.0 0.0 32.0 0.0 0.0 56.0 0.0 40.0 4.0 0.0 68.0 0.0 0.0 0.0 8.0 12.0 0.0 0.0 0.0 0.0 0.0 72.0 4.0 0.0 32.0 0.0 0.0 56.0 4.0 4.0 32.0 4.0 108.0 0.0 4.0 56.0 4.0 0.0 4.0 8.0 0.0 8.0 8.0 4.0 4.0 12.0 0.0 8.0 4.0 4.0 4.0 8.0 0.0 4.0 8.0 4.0 0.0 4.0 0.0 4.0 4.0 0.0 0.0 84.0 0.0 0.0 0.0 12.0 0.0 4.0 56.0 4.0 4.0 12.0 4.0 4.0 0.0 16.0 0.0 4.0 4.0 0.0 8.0 4.0 0.0 72.0 4.0 0.0 4.0 28.0 0.0 24.0 4.0 0.0 76.0 4.0 0.0 0.0 32.0 4.0 0.0 92.0 0.0 4.0 36.0 8.0 0.0 0.0 92.0 0.0 0.0 68.0 4.0 4.0 8.0 52.0 0.0 0.0 64.0 0.0 0.0 32.0 0.0 16.0 0.0 0.0 4.0 12.0 4.0 8.0 24.0 0.0 0.0 0.0 0.0 0.0 56.0 0.0 0.0 28.0 0.0 20.0 4.0 0.0 0.0 8.0
31 1 CONSTANT 8.0
32 1 CONSTANT 8.0
33 1 CONSTANT 4.0
34 1 CONSTANT 0.0
35 1 CONSTANT 0.0
36 1 CONSTANT 8.0
37 1 CONSTANT 8.0
38 1 CONSTANT 8.0
39 1 TRACE 8.0 0.0 0.0 8.0 0.0 0.0 8.0 0.0 0.0 8.0 0.0 0.0 0.0 0.0 8.0 0.0 0.0 8.0 8.0 0.0 0.0 8.0 0.0 0.0 8.0 0.0 0.0 8.0 0.0 0.0 8.0 0.0 0.0 8.0 0.0 0.0 8.0 0.0 0.0 0.0 0.0 8.0 0.0 0.0 8.0 0.0 0.0 8.0 0.0 0.0 8.0 0.0 0.0 8.0 0.0 0.0 0.0 8.0 0.0 0.0 8.0 0.0 0.0 8.0 0.0 0.0 8.0 0.0 0.0 8.0 0.0 0.0 8.0 0.0 0.0 8.0 0.0 0.0 8.0 0.0 0.0 8.0 0.0 0.0 8.0 0.0 0.0 8.0 0.0 0.0 8.0 0.0 0.0 8.0 0.0 0.0 8.0 0.0 0.0 0.0 0.0 0.0 0.0 0.0 0.0 8.0 0.0 8.0 0.0 8.0 0.0 0.0 8.0 8.0 0.0 0.0 8.0 0.0 0.0 8.0 0.0 0.0 8.0 0.0 0.0 8.0 0.0 0.0 8.0 0.0 0.0 8.0 0.0 0.0 8.0 0.0 0.0 8.0 0.0 0.0 8.0 0.0 0.0 8.0 8.0 0.0 0.0 8.0 0.0 0.0 8.0 8.0 0.0 0.0 8.0 0.0 0.0 8.0 0.0 0.0 8.0 0.0 0.0 8.0 0.0 0.0 8.0 0.0 0.0 8.0 0.0 0.0 8.0 0.0 0.0 8.0 0.0 0.0 8.0 0.0 0.0 8.0 0.0 0.0 8.0 0.0 0.0 8.0 0.0 0.0
40 1 CONSTANT 8.0
41 1 CONSTANT 8.0
42 1 CONSTANT 8.0
43 1 CONSTANT 1464.0
44 1 CONSTANT 1456.0
45 1 CONSTANT 8.0
46 1 CONSTANT 1464.0
47 1 CONSTANT 4.0
48 1 TRACE 104464.0 24352.0 1888.0 2064.0 0.0 0.0 108624.0 27856.0 31408.0 15184.0 96.0 224.0 104672.0 23232.0 2240.0 2176.0 0.0 16.0 118336.0 24576.0 3600.0 3232.0 0.0 16.0 106128.0 27024.0 32816.0 15600.0 112.0 208.0 124768.0 26544.0 15360.0 9968.0 32.0 96.0 79472.0 23088.0 880.0 800.0 0.0 16.0 116144.0 25424.0 3024.0 3056.0 0.0 0.0 126080.0 26720.0 14464.0 9984.0 32.0 32.0 127472.0 26320.0 9984.0 7280.0 0.0 0.0 128208.0 25760.0 10208.0 8000.0 48.0 32.0 101072.0 24304.0 1408.0 1616.0 0.0 0.0 101600.0 24352.0 1632.0 1952.0 0.0 0.0 59024.0 21872.0 79040.0 22240.0 912.0 944.0 0.0 0.0 107536.0 26384.0 32384.0 16064.0 64.0 128.0 124928.0 26464.0 15520.0 10352.0 48.0 48.0 108368.0 27072.0 30992.0 15552.0 112.0 208.0 83712.0 22768.0 816.0 1152.0 0.0 0.0 84016.0 23232.0 800.0 1136.0 0.0 0.0 88672.0 26624.0 51344.0 19040.0 304.0 464.0 0.0 0.0 126320.0 25584.0 6352.0 5728.0 0.0 16.0 84032.0 23872.0 52864.0 19776.0 384.0 560.0 0.0 0.0 106352.0 25312.0 31296.0 15744.0 112.0 192.0 122144.0 25824.0 17072.0 10768.0 32.0 96.0 112224.0 26000.0 27728.0 14464.0 80.0 160.0 124912.0 24368.0 14240.0 10576.0 32.0 32.0 85088.0 24400.0 1056.0 1152.0 0.0 0.0 86672.0 23824.0 896.0 1200.0 0.0 0.0 121664.0 25792.0 3840.0 3552.0 0.0 16.0 123488.0 25840.0 4880.0 4464.0 0.0 0.0 127760.0 26288.0 7696.0 6432.0 16.0 16.0 113984.0 25424.0 2720.0 2736.0 0.0 0.0 126736.0 26048.0 7136.0 5648.0 0.0 16.0 114960.0 24816.0 3088.0 2928.0 0.0 16.0 54192.0 14896.0 74640.0 22944.0 656.0 816.0 0.0 0.0 64528.0 24128.0 74416.0 22160.0 704.0 896.0 0.0 0.0 52912.0 16960.0 80208.0 22720.0 800.0 976.0 0.0 0.0 106912.0 26656.0 32192.0 15552.0 128.0 224.0 124704.0 25360.0 6272.0 4736.0 0.0 16.0 89760.0 23024.0 1136.0 1392.0 0.0 0.0 111712.0 25248.0 2672.0 2544.0 0.0 0.0 127936.0 26240.0 11104.0 8224.0 0.0 16.0 109728.0 25056.0 2304.0 2496.0 0.0 0.0 97968.0 24416.0 1440.0 1728.0 0.0 0.0 89360.0 23376.0 1328.0 1344.0 0.0 16.0 123824.0 25984.0 15008.0 9952.0 16.0 80.0 112976.0 24240.0 2496.0 2672.0 0.0 16.0 88608.0 23568.0 976.0 1136.0 0.0 0.0 123504.0 25792.0 16992.0 10736.0 32.0 64.0 84224.0 23728.0 880.0 1072.0 0.0 0.0 114096.0 24800.0 3024.0 2848.0 0.0 16.0 86608.0 23312.0 944.0 1152.0 0.0 0.0 82816.0 22768.0 880.0 944.0 0.0 0.0 111392.0 24528.0 26032.0 14288.0 80.0 144.0 111056.0 25728.0 27808.0 14592.0 64.0 128.0 124560.0 27840.0 15760.0 10256.0 32.0 64.0 96912.0 23904.0 1392.0 1584.0 0.0 0.0 126160.0 25936.0 7504.0 5904.0 0.0 16.0 126704.0 26448.0 11936.0 8624.0 32.0 16.0 77200.0 21648.0 55824.0 20656.0 400.0 592.0 0.0 0.0 121792.0 27040.0 19520.0 11920.0 96.0 80.0 122528.0 26688.0 17136.0 10400.0 48.0 96.0 104704.0 25040.0 1696.0 1984.0 0.0 0.0 128144.0 26880.0 8944.0 6896.0 0.0 32.0
49 1 TRACE 1472.0 8.0 1472.0 8.0 1472.0 8.0 1472.0 8.0 1472.0 8.0 1472.0 8.0 1472.0 8.0 1472.0 8.0 1472.0 8.0 1472.0 8.0 1472.0 8.0 1472.0 8.0 1472.0 8.0 1472.0 8.0 1472.0 8.0 1472.0 8.0 1472.0 8.0 1472.0 8.0 1472.0 8.0 1472.0 8.0 1472.0 8.0 1472.0 8.0 1472.0 8.0 1472.0 8.0 1472.0 8.0 1472.0 8.0 1472.0 8.0 1472.0 8.0 1472.0 8.0 1472.0 8.0 1472.0 8.0 1472.0 8.0 1472.0 8.0 1472.0 8.0 1472.0 8.0 1472.0 8.0 1472.0 8.0 1472.0 8.0 1472.0 8.0 1472.0 8.0 1472.0 8.0 1472.0 8.0 1472.0 8.0 1472.0 8.0 1472.0 8.0 1472.0 8.0 1472.0 8.0 1472.0 8.0 1472.0 8.0 1472.0 8.0 1472.0 8.0 1472.0 8.0 1472.0 8.0 1472.0 8.0 1472.0 8.0 1472.0 8.0 1472.0 8.0 1472.0 8.0 1472.0 8.0 1472.0 8.0 1472.0 8.0 1472.0 8.0 1472.0 8.0 1472.0 8.0 1472.0 8.0 1472.0 8.0 1472.0 8.0 1472.0 8.0 1472.0 8.0 1472.0 8.0 1472.0 8.0 1472.0 8.0 1472.0 8.0 1472.0 8.0 1472.0 8.0 1472.0 8.0 1472.0 8.0 1472.0 8.0 1472.0 8.0 1472.0 8.0 1472.0 8.0 1472.0 8.0 1472.0 8.0 1472.0 8.0 1472.0 8.0 1472.0 8.0 1472.0 8.0 1472.0 8.0 1472.0 8.0 1472.0 8.0 1472.0 8.0 1472.0 8.0 1472.0 8.0 1472.0 8.0 1472.0 8.0 1472.0 8.0 1472.0 8.0 1472.0 8.0 1472.0 8.0 1472.0 8.0 1472.0 8.0 1472.0 8.0 1472.0 8.0 1472.0 8.0 1472.0 8.0 1472.0 8.0 1472.0 8.0 1472.0 8.0 1472.0 8.0 1472.0 8.0 1472.0 8.0 1472.0 8.0 1472.0 8.0 1472.0 8.0 1472.0 8.0 1472.0 8.0 1472.0 8.0 1472.0 8.0 1472.0 8.0 1472.0 8.0 1472.0 8.0 1472.0 8.0 1472.0 8.0 1472.0 8.0 1472.0 8.0 1472.0 8.0 1472.0 8.0 1472.0 8.0 1472.0 8.0 1472.0 8.0 1472.0 8.0 1472.0 8.0 1472.0 8.0 1472.0 8.0 1472.0 8.0 1472.0 8.0 1472.0 8.0 1472.0 8.0 1472.0 8.0 1472.0 8.0 1472.0 8.0 1472.0 8.0 1472.0 8.0 1472.0 8.0 1472.0 8.0 1472.0 8.0 1472.0 8.0 1472.0 8.0 1472.0 8.0 1472.0 8.0 1472.0 8.0 1472.0 8.0 1472.0 8.0 1472.0 8.0 1472.0 8.0 1472.0 8.0 1472.0 8.0 1472.0 8.0 1472.0 8.0 1472.0 8.0 1472.0 8.0 1472.0 8.0 1472.0 8.0 1472.0 8.0 1472.0 8.0 1472.0 8.0 1472.0 8.0 1472.0 8.0 1472.0 8.0 1472.0 8.0 1472.0 8.0 1472.0 8.0 1472.0 8.0 1472.0 8.0 1472.0 8.0 1472.0 8.0 1472.0 8.0 1472.0 8.0 1472.0 8.0 1472.0 8.0 1472.0 8.0 1472.0 8.0 1472.0 8.0 1472.0 8.0 1472.0 8.0 1472.0 8.0 1472.0 8.0 1472.0 8.0 1472.0 8.0 1472.0 8.0 1472.0 8.0 1472.0 8.0 1472.0 8.0 1472.0 8.0 1472.0 8.0 1472.0 8.0 1472.0 8.0 1472.0 8.0 1472.0 8.0
50 1 TRACE 8.0 8.0 8.0 8.0 8.0 8.0 8.0 8.0 8.0 8.0 8.0 8.0 8.0 8.0 8.0 8.0 8.0 8.0 8.0 8.0 8.0 8.0 8.0 8.0 8.0 8.0 8.0 8.0 8.0 8.0 8.0 8.0 8.0 8.0 8.0 8.0 8.0 8.0 8.0 8.0 8.0 8.0 8.0 8.0 8.0 8.0 8.0 8.0 8.0 8.0 8.0 8.0 8.0 8.0 8.0 8.0 8.0 8.0 8.0 8.0 8.0 0.0 8.0 8.0 8.0 8.0 8.0 8.0 8.0 8.0 8.0 8.0 8.0 8.0 8.0 8.0 8.0 8.0 8.0 8.0 8.0 8.0 8.0 8.0 8.0 8.0 8.0 8.0 8.0 8.0 8.0 8.0 8.0 8.0 8.0 8.0 8.0 8.0 8.0 8.0 8.0 8.0 8.0 8.0 8.0 8.0 8.0 8.0 8.0 8.0 8.0 8.0 8.0 8.0 8.0 8.0 8.0 8.0 8.0 8.0 8.0 8.0 8.0 8.0 8.0 8.0 8.0 8.0 8.0 8.0 8.0 8.0 8.0 8.0 8.0 8.0 8.0 8.0 8.0 8.0 8.0 8.0 8.0 8.0 8.0 8.0 8.0 8.0 8.0 8.0 8.0 8.0 8.0 8.0 8.0 8.0 8.0 8.0 8.0 8.0 8.0 8.0 8.0 8.0 8.0 8.0 8.0 8.0 8.0 8.0 8.0 8.0 8.0 8.0 8.0 8.0 8.0 8.0 8.0 8.0 8.0 8.0 8.0 8.0 8.0 8.0 8.0 8.0 8.0 8.0 8.0 8.0 8.0 8.0 8.0 8.0 8.0 8.0 8.0
51 1 CONSTANT 8.0
52 1 CONSTANT 8.0
53 1 CONSTANT 8.0
54 1 CONSTANT 0.0
55 1 CONSTANT 0.0
56 1 CONSTANT 0.0
57 1 CONSTANT 0.0
58 1 CONSTANT 0.0
59 1 CONSTANT 0.0
60 1 CONSTANT 0.0
61 1 CONSTANT 0.0
62 1 CONSTANT 8.0
