0 1 CONSTANT 8.0
1 1 CONSTANT 8.0
2 1 CONSTANT 0.0
3 1 CONSTANT 8.0
4 1 CONSTANT 8.0
5 1 CONSTANT 8.0
6 1 CONSTANT 8.0
7 1 CONSTANT 8.0
8 1 CONSTANT 8.0
9 1 CONSTANT 0.0
10 1 CONSTANT 0.0
11 1 CONSTANT 0.0
12 1 CONSTANT 0.0
13 1 CONSTANT 8.0
14 1 CONSTANT 4.0
15 1 CONSTANT 4.0
16 1 CONSTANT 0.0
17 1 CONSTANT 0.0
18 1 CONSTANT 0.0
19 1 CONSTANT 0.0
20 1 CONSTANT 4.0
21 1 CONSTANT 8.0
22 1 CONSTANT 8.0
23 1 CONSTANT 8.0
24 1 CONSTANT 8.0
25 1 CONSTANT 4.0
26 1 CONSTANT 4.0
27 1 CONSTANT 8.0
28 1 TRACE 0.0 8.0 1096.0 4.0 0.0 4.0 44.0 0.0 20.0 1056.0 12.0 4.0 12.0 2388.0 12.0 4.0 0.0 2560.0 20.0 0.0 0.0 32.0 676.0 8.0 0.0 0.0 608.0 84.0 4.0 0.0 4.0 52.0 0.0 0.0 40.0 0.0 64.0 340.0 8.0 4.0 0.0 2772.0 16.0 0.0 4.0 664.0 76.0 4.0 0.0 0.0 228.0 128.0 0.0 0.0 16.0 0.0 0.0 24.0 0.0 24.0 780.0 8.0 0.0 0.0 24.0 0.0 88.0 448.0 8.0 0.0 0.0 32.0 0.0 0.0 24.0 0.0 8.0 2512.0 16.0 0.0 0.0 1168.0 12.0 0.0 0.0 12.0 408.0 8.0 4.0 12.0 1292.0 12.0 0.0 0.0 48.0 4.0 0.0 156.0 144.0 0.0 8.0 12.0 0.0 0.0 24.0 0.0 4.0 2144.0 20.0 0.0 0.0 20.0 4.0 4.0 2144.0 20.0 0.0 4.0 1684.0 16.0 4.0 0.0 36.0 0.0 0.0 692.0 72.0 0.0 4.0 1168.0 4.0 4.0 0.0 2288.0 20.0 0.0 12.0 1708.0 16.0 0.0 4.0 20.0 0.0 56.0 356.0 8.0 0.0 0.0 268.0 124.0 4.0 0.0 0.0 20.0 0.0 0.0 16.0 0.0 0.0 36.0 0.0 0.0 28.0 0.0 0.0 32.0 0.0 8.0 388.0 8.0 0.0 24.0 696.0 8.0 0.0 0.0 2880.0 12.0 0.0 0.0 1660.0 12.0 4.0 8.0 16.0 0.0 0.0 1704.0 8.0 0.0 28.0 788.0 8.0 0.0 4.0 1232.0 12.0 4.0 0.0 2388.0 16.0 0.0 0.0 40.0 0.0 0.0 32.0 4.0 0.0 100.0 216.0 4.0 0.0 0.0 1228.0 12.0 0.0 0.0 36.0 0.0 0.0 168.0 132.0 4.0 0.0 4.0 768.0 68.0 4.0 0.0 0.0 628.0 76.0 0.0 16.0 2356.0 16.0 0.0 0.0 384.0 108.0 4.0
29 1 CONSTANT 4.0
30 1 TRACE 0.0 8.0 1096.0 4.0 0.0 4.0 44.0 0.0 20.0 1056.0 12.0 4.0 12.0 2388.0 12.0 4.0 0.0 2560.0 20.0 0.0 0.0 32.0 676.0 8.0 0.0 0.0 608.0 84.0 4.0 0.0 4.0 52.0 0.0 0.0 40.0 0.0 64.0 340.0 8.0 4.0 0.0 2772.0 16.0 0.0 4.0 664.0 76.0 4.0 0.0 0.0 228.0 128.0 0.0 0.0 16.0 0.0 0.0 24.0 0.0 24.0 780.0 8.0 0.0 0.0 24.0 0.0 88.0 448.0 8.0 0.0 0.0 32.0 0.0 0.0 24.0 0.0 8.0 2512.0 16.0 0.0 0.0 1168.0 12.0 0.0 0.0 12.0 408.0 8.0 4.0 12.0 1292.0 12.0 0.0 0.0 48.0 4.0 0.0 156.0 144.0 0.0 8.0 12.0 0.0 0.0 24.0 0.0 4.0 2144.0 20.0 0.0 0.0 20.0 4.0 4.0 2144.0 20.0 0.0 4.0 1684.0 16.0 4.0 0.0 36.0 0.0 0.0 692.0 72.0 0.0 4.0 1168.0 4.0 4.0 0.0 2288.0 20.0 0.0 12.0 1708.0 16.0 0.0 4.0 20.0 0.0 56.0 356.0 8.0 0.0 0.0 268.0 124.0 4.0 0.0 0.0 20.0 0.0 0.0 16.0 0.0 0.0 36.0 0.0 0.0 28.0 0.0 0.0 32.0 0.0 8.0 388.0 8.0 0.0 24.0 696.0 8.0 0.0 0.0 2880.0 12.0 0.0 0.0 1660.0 12.0 4.0 8.0 16.0 0.0 0.0 1704.0 8.0 0.0 28.0 788.0 8.0 0.0 4.0 1232.0 12.0 4.0 0.0 2388.0 16.0 0.0 0.0 40.0 0.0 0.0 32.0 4.0 0.0 100.0 216.0 4.0 0.0 0.0 1228.0 12.0 0.0 0.0 36.0 0.0 0.0 168.0 132.0 4.0 0.0 4.0 768.0 68.0 4.0 0.0 0.0 628.0 76.0 0.0 16.0 2356.0 16.0 0.0 0.0 384.0 108.0 4.0
31 1 CONSTANT 8.0
32 1 CONSTANT 8.0
33 1 CONSTANT 4.0
34 1 CONSTANT 0.0
35 1 CONSTANT 0.0
36 1 CONSTANT 8.0
37 1 CONSTANT 8.0
38 1 CONSTANT 8.0
39 1 TRACE 8.0 0.0 8.0 0.0 8.0 0.0 0.0 8.0 0.0 8.0 0.0 8.0 0.0 8.0 0.0 8.0 0.0 8.0 0.0 8.0 8.0 0.0 8.0 0.0 8.0 8.0 0.0 8.0 0.0 8.0 0.0 0.0 8.0 0.0 0.0 8.0 0.0 8.0 0.0 8.0 0.0 8.0 0.0 8.0 8.0 0.0 8.0 0.0 8.0 8.0 0.0 0.0 8.0 0.0 0.0 8.0 0.0 0.0 8.0 0.0 8.0 0.0 8.0 0.0 0.0 8.0 0.0 8.0 0.0 8.0 0.0 0.0 8.0 0.0 0.0 8.0 0.0 8.0 0.0 8.0 0.0 8.0 0.0 8.0 8.0 0.0 8.0 0.0 8.0 0.0 8.0 0.0 8.0 0.0 0.0 8.0 8.0 0.0 0.0 8.0 0.0 0.0 8.0 0.0 0.0 8.0 0.0 8.0 0.0 8.0 0.0 0.0 8.0 0.0 8.0 0.0 8.0 0.0 8.0 0.0 8.0 0.0 0.0 8.0 8.0 0.0 0.0 8.0 0.0 8.0 0.0 8.0 0.0 8.0 0.0 8.0 0.0 8.0 0.0 8.0 0.0 0.0 8.0 0.0 8.0 0.0 8.0 8.0 0.0 8.0 0.0 8.0 0.0 0.0 8.0 0.0 0.0 8.0 0.0 0.0 8.0 0.0 0.0 8.0 0.0 0.0 8.0 0.0 8.0 0.0 8.0 0.0 8.0 0.0 8.0 0.0 8.0 0.0 8.0 0.0 8.0 0.0 8.0 0.0 0.0 8.0 0.0 8.0 0.0 8.0 0.0 8.0 0.0 8.0 0.0 8.0 0.0 8.0 0.0 8.0 0.0 8.0 0.0 0.0 8.0 0.0 8.0 0.0 8.0 0.0 8.0 0.0 8.0 0.0 8.0 0.0 8.0 0.0 0.0 8.0 8.0 0.0 8.0 0.0 8.0 8.0 0.0 8.0 0.0 8.0 8.0 0.0 0.0 8.0 0.0 8.0 0.0 8.0 8.0 0.0 8.0 0.0
40 1 CONSTANT 8.0
41 1 CONSTANT 8.0
42 1 CONSTANT 8.0
43 1 CONSTANT 64024.0
44 1 CONSTANT 64016.0
45 1 CONSTANT 8.0
46 1 CONSTANT 64024.0
47 1 CONSTANT 4.0
48 1 TRACE 4726352.0 1268544.0 783440.0 474576.0 375904.0 312048.0 1488.0 1600.0 1632.0 2706848.0 951440.0 635248.0 2072064.0 1004688.0 659312.0 11472.0 10784.0 11344.0 32.0 16.0 32.0 4772176.0 1270448.0 781856.0 440576.0 355264.0 298496.0 1312.0 1360.0 1392.0 4171840.0 1220496.0 766768.0 877840.0 598832.0 455840.0 3328.0 3216.0 3312.0 4073792.0 1184512.0 750480.0 944592.0 634352.0 476656.0 3632.0 3248.0 3712.0 4919184.0 1290784.0 787920.0 298848.0 253824.0 226976.0 816.0 1008.0 912.0 3532848.0 1224432.0 749760.0 35344.0 34288.0 34592.0 80.0 96.0 144.0 2367280.0 929392.0 614336.0 2456128.0 1074288.0 688992.0 15312.0 14368.0 15504.0 48.0 32.0 64.0 2578160.0 974784.0 647008.0 2250144.0 1033392.0 670384.0 13248.0 12640.0 13328.0 48.0 16.0 48.0 4896448.0 1299840.0 779584.0 181888.0 162992.0 154576.0 464.0 576.0 544.0 3954480.0 1160352.0 739600.0 1023008.0 670256.0 496496.0 3760.0 3728.0 4096.0 3503328.0 1213296.0 747744.0 34864.0 33456.0 33536.0 80.0 80.0 144.0 4284704.0 1268176.0 771184.0 69952.0 65728.0 64400.0 160.0 272.0 304.0 3145840.0 1042848.0 687440.0 1689328.0 904832.0 613920.0 8160.0 7488.0 8064.0 16.0 16.0 16.0 3241120.0 1055232.0 687072.0 1588560.0 873840.0 604448.0 7232.0 7488.0 7136.0 48.0 16.0 32.0 4876432.0 1287776.0 784704.0 355168.0 296096.0 256880.0 1120.0 1184.0 1136.0 3258608.0 1050384.0 692880.0 1582352.0 875104.0 601344.0 7152.0 7072.0 7456.0 16.0 16.0 32.0 4942624.0 1305024.0 787840.0 222240.0 195168.0 177936.0 544.0 672.0 800.0 2589232.0 953536.0 647216.0 2226032.0 1033824.0 670544.0 12992.0 12336.0 13120.0 48.0 32.0 32.0 3040944.0 1037056.0 691216.0 1788496.0 932144.0 624432.0 8976.0 8464.0 9088.0 32.0 32.0 16.0 4103392.0 1208160.0 763280.0 925520.0 621456.0 468368.0 3456.0 3440.0 3504.0 4676512.0 1264240.0 782944.0 519344.0 403392.0 333184.0 1536.0 1840.0 1648.0 4921184.0 1298576.0 786896.0 200976.0 179952.0 166416.0 480.0 624.0 656.0 4614416.0 1257520.0 780608.0 565648.0 433328.0 351584.0 1792.0 1920.0 1824.0 2114848.0 829280.0 578112.0 2710240.0 1123120.0 706016.0 19024.0 17872.0 18640.0 32.0 0.0 80.0 4331456.0 1285696.0 774656.0 73856.0 69744.0 66672.0 192.0 224.0 272.0 3642256.0 1125408.0 727216.0 1277008.0 771472.0 548128.0 5280.0 4992.0 5424.0 0.0 16.0 0.0 3073696.0 1014976.0 677552.0 1745248.0 925840.0 622288.0 8640.0 7888.0 9056.0 32.0 16.0 16.0 4264416.0 1218224.0 762944.0 811328.0 563744.0 439040.0 2832.0 2992.0 2912.0 3478016.0 1108096.0 716784.0 1410272.0 814608.0 572896.0 6096.0 6192.0 6032.0 16.0 16.0 0.0 4228464.0 1210880.0 764112.0 831152.0 582640.0 443008.0 2816.0 3232.0 3168.0 4478960.0 1250320.0 778656.0 667424.0 489504.0 391520.0 2336.0 2288.0 2320.0 2255840.0 846512.0 554576.0 2492528.0 1088528.0 698752.0 16368.0 15344.0 16192.0 64.0 32.0 48.0 3447936.0 1204928.0 740928.0 33328.0 32000.0 32096.0 64.0 80.0 176.0 4701392.0 1266800.0 782048.0 494048.0 388240.0 323392.0 1552.0 1696.0 1664.0 4226992.0 1201200.0 753264.0 826832.0 579216.0 444848.0 3136.0 2864.0 3184.0 4437488.0 1233792.0 768288.0 689888.0 503776.0 398976.0 2416.0 2416.0 2544.0 3724960.0 1124544.0 719280.0 1197584.0 743552.0 537088.0 4688.0 4784.0 5520.0 32.0 16.0 16.0 4905312.0 1299168.0 784160.0 186096.0 167040.0 155312.0 416.0 704.0 608.0 4261168.0 1283728.0 774048.0 66240.0 64096.0 62816.0 144.0 208.0 224.0 3381936.0 1090352.0 712240.0 1484720.0 844608.0 583344.0 6864.0 6320.0 6960.0 16.0 32.0 32.0 3652960.0 1136672.0 729504.0 1261440.0 763440.0 546656.0 5232.0 5136.0 5312.0 0.0 16.0 16.0 2545584.0 953632.0 636016.0 2273808.0 1039056.0 674304.0 13984.0 12560.0 13504.0 16.0 16.0 64.0 2898240.0 1015760.0 686352.0 1936480.0 970720.0 640624.0 10240.0 9232.0 10320.0 16.0 16.0 48.0 3063120.0 1027584.0 676160.0 1753984.0 925472.0 623072.0 9104.0 7952.0 8960.0 48.0 32.0 0.0 4893216.0 1299520.0 789280.0 178816.0 161744.0 149104.0 448.0 448.0 560.0 4923728.0 1294448.0 784416.0 296176.0 254688.0 227536.0 960.0 880.0 944.0 3968896.0 1172800.0 746880.0 1025792.0 670320.0 492896.0 3888.0 3696.0 4080.0 4461344.0 1237696.0 767856.0 665088.0 491376.0 393552.0 2080.0 2176.0 2512.0 3830320.0 1150208.0 734896.0 1120576.0 711120.0 518128.0 4256.0 4464.0 4656.0 16.0 16.0 16.0 4446816.0 1232336.0 773568.0 680800.0 499856.0 394784.0 2272.0 2320.0 2480.0 4867264.0 1286080.0 787824.0 366112.0 302800.0 261984.0 928.0 1344.0 1088.0 4689152.0 1268944.0 782560.0 506016.0 397792.0 329344.0 1616.0 1616.0 1648.0 4123504.0 1202128.0 762912.0 917264.0 619424.0 465888.0 3120.0 3488.0 3712.0 2528112.0 894576.0 609968.0 2249072.0 1045056.0 677280.0 13120.0 12592.0 13120.0 64.0 0.0 32.0 2655984.0 978064.0 653488.0 2157232.0 1019536.0 663312.0 11936.0 11536.0 12496.0 48.0 16.0 16.0 4617696.0 1294128.0 782688.0 101920.0 96144.0 90912.0 288.0 400.0 384.0 4689456.0 1268752.0 780832.0 512736.0 399520.0 332304.0 1584.0 1728.0 1936.0 2706000.0 913664.0 611216.0 2035104.0 1003728.0 661648.0 11072.0 10704.0 11088.0 48.0 16.0 32.0 4259792.0 1278704.0 775424.0 68864.0 65296.0 63440.0 176.0 208.0 160.0 3456832.0 1213632.0 744224.0 34528.0 32304.0 32512.0 64.0 96.0 160.0 3410480.0 1204128.0 740576.0 33232.0 31488.0 31792.0 80.0 80.0 64.0 4222144.0 1203952.0 759248.0 832816.0 583008.0 445888.0 3152.0 2928.0 2848.0 3985040.0 1247424.0 756576.0 53984.0 50992.0 50080.0 160.0 176.0 208.0
49 1 TRACE 64024.0 64032.0 8.0 64024.0 64032.0 8.0 64024.0 64032.0 8.0 64024.0 64032.0 8.0 64024.0 64032.0 8.0 64024.0 64032.0 8.0 64024.0 64032.0 8.0 64024.0 64032.0 8.0 64024.0 64032.0 8.0 64024.0 64032.0 8.0 64024.0 64032.0 8.0 64024.0 64032.0 8.0 64024.0 64032.0 8.0 64024.0 64032.0 8.0 64024.0 64032.0 8.0 64024.0 64032.0 8.0 64024.0 64032.0 8.0 64024.0 64032.0 8.0 64024.0 64032.0 8.0 64024.0 64032.0 8.0 64024.0 64032.0 8.0 64024.0 64032.0 8.0 64024.0 64032.0 8.0 64024.0 64032.0 8.0 64024.0 64032.0 8.0 64024.0 64032.0 8.0 64024.0 64032.0 8.0 64024.0 64032.0 8.0 64024.0 64032.0 8.0 64024.0 64032.0 8.0 64024.0 64032.0 8.0 64024.0 64032.0 8.0 64024.0 64032.0 8.0 64024.0 64032.0 8.0 64024.0 64032.0 8.0 64024.0 64032.0 8.0 64024.0 64032.0 8.0 64024.0 64032.0 8.0 64024.0 64032.0 8.0 64024.0 64032.0 8.0 64024.0 64032.0 8.0 64024.0 64032.0 8.0 64024.0 64032.0 8.0 64024.0 64032.0 8.0 64024.0 64032.0 8.0 64024.0 64032.0 8.0 64024.0 64032.0 8.0 64024.0 64032.0 8.0 64024.0 64032.0 8.0 64024.0 64032.0 8.0 64024.0 64032.0 8.0 64024.0 64032.0 8.0 64024.0 64032.0 8.0 64024.0 64032.0 8.0 64024.0 64032.0 8.0 64024.0 64032.0 8.0 64024.0 64032.0 8.0 64024.0 64032.0 8.0 64024.0 64032.0 8.0 64024.0 64032.0 8.0 64024.0 64032.0 8.0 64024.0 64032.0 8.0 64024.0 64032.0 8.0 64024.0 64032.0 8.0 64024.0 64032.0 8.0 64024.0 64032.0 8.0 64024.0 64032.0 8.0 64024.0 64032.0 8.0 64024.0 64032.0 8.0 64024.0 64032.0 8.0 64024.0 64032.0 8.0 64024.0 64032.0 8.0 64024.0 64032.0 8.0 64024.0 64032.0 8.0 64024.0 64032.0 8.0 64024.0 64032.0 8.0 64024.0 64032.0 8.0 64024.0 64032.0 8.0 64024.0 64032.0 8.0 64024.0 64032.0 8.0 64024.0 64032.0 8.0 64024.0 64032.0 8.0 64024.0 64032.0 8.0 64024.0 64032.0 8.0 64024.0 64032.0 8.0 64024.0 64032.0 8.0 64024.0 64032.0 8.0 64024.0 64032.0 8.0 64024.0 64032.0 8.0 64024.0 64032.0 8.0 64024.0 64032.0 8.0 64024.0 64032.0 8.0 64024.0 64032.0 8.0 64024.0 64032.0 8.0 64024.0 64032.0 8.0 64024.0 64032.0 8.0 64024.0 64032.0 8.0 64024.0 64032.0 8.0 64024.0 64032.0 8.0 64024.0 64032.0 8.0 64024.0 64032.0 8.0 64024.0 64032.0 8.0 64024.0 64032.0 8.0 64024.0 64032.0 8.0 64024.0 64032.0 8.0 64024.0 64032.0 8.0 64024.0 64032.0 8.0 64024.0 64032.0 8.0 64024.0 64032.0 8.0 64024.0 64032.0 8.0 64024.0 64032.0 8.0 64024.0 64032.0 8.0 64024.0 64032.0 8.0 64024.0 64032.0 8.0 64024.0 64032.0 8.0 64024.0 64032.0 8.0 64024.0 64032.0 8.0 64024.0 64032.0 8.0 64024.0 64032.0 8.0 64024.0 64032.0 8.0 64024.0 64032.0 8.0 64024.0 64032.0 8.0 64024.0 64032.0 8.0 64024.0 64032.0 8.0 64024.0 64032.0 8.0 64024.0 64032.0 8.0 64024.0 64032.0 8.0 64024.0 64032.0 8.0 64024.0 64032.0 8.0 64024.0 64032.0 8.0 64024.0 64032.0 8.0 64024.0 64032.0 8.0 64024.0 64032.0 8.0 64024.0 64032.0 8.0 64024.0 64032.0 8.0 64024.0 64032.0 8.0 64024.0 64032.0 8.0 64024.0 64032.0 8.0 64024.0 64032.0 8.0 64024.0 64032.0 8.0 64024.0 64032.0 8.0 64024.0 64032.0 8.0 64024.0 64032.0 8.0 64024.0 64032.0 8.0 64024.0 64032.0 8.0 64024.0 64032.0 8.0 64024.0 64032.0 8.0 64024.0 64032.0 8.0 64024.0 64032.0 8.0 64024.0 64032.0 8.0 64024.0 64032.0 8.0 64024.0 64032.0 8.0 64024.0 64032.0 8.0 64024.0 64032.0 8.0 64024.0 64032.0 8.0 64024.0 64032.0 8.0 64024.0 64032.0 8.0 64024.0 64032.0 8.0 64024.0 64032.0 8.0 64024.0 64032.0 8.0 64024.0 64032.0 8.0 64024.0 64032.0 8.0 64024.0 64032.0 8.0 64024.0 64032.0 8.0 64024.0 64032.0 8.0 64024.0 64032.0 8.0 64024.0 64032.0 8.0 64024.0 64032.0 8.0 64024.0 64032.0 8.0 64024.0 64032.0 8.0 64024.0 64032.0 8.0 64024.0 64032.0 8.0 64024.0 64032.0 8.0 64024.0 64032.0 8.0 64024.0 64032.0 8.0 64024.0 64032.0 8.0 64024.0 64032.0 8.0 64024.0 64032.0 8.0 64024.0 64032.0 8.0 64024.0 64032.0 8.0 64024.0 64032.0 8.0 64024.0 64032.0 8.0 64024.0 64032.0 8.0 64024.0 64032.0 8.0 64024.0 64032.0 8.0 64024.0 64032.0 8.0 64024.0 64032.0 8.0 64024.0 64032.0 8.0 64024.0 64032.0 8.0 64024.0 64032.0 8.0 64024.0 64032.0 8.0 64024.0 64032.0 8.0 64024.0 64032.0 8.0 64024.0 64032.0 8.0 64024.0 64032.0 8.0 64024.0 64032.0 8.0 64024.0 64032.0 8.0 64024.0 64032.0 8.0 64024.0 64032.0 8.0 64024.0 64032.0 8.0 64024.0 64032.0 8.0 64024.0 64032.0 8.0 64024.0 64032.0 8.0 64024.0 64032.0 8.0 64024.0 64032.0 8.0 64024.0 64032.0 8.0 64024.0 64032.0 8.0 64024.0 64032.0 8.0 64024.0 64032.0 8.0 64024.0 64032.0 8.0 64024.0 64032.0 8.0 64024.0 64032.0 8.0 64024.0 64032.0 8.0 64024.0 64032.0 8.0 64024.0 64032.0 8.0
50 1 CONSTANT 8.0
51 1 CONSTANT 8.0
52 1 CONSTANT 8.0
53 1 CONSTANT 8.0
54 1 CONSTANT 0.0
55 1 CONSTANT 0.0
56 1 CONSTANT 0.0
57 1 CONSTANT 0.0
58 1 CONSTANT 0.0
59 1 CONSTANT 0.0
60 1 CONSTANT 0.0
61 1 CONSTANT 0.0
62 1 CONSTANT 8.0
