0 1 CONSTANT 8.0
1 1 CONSTANT 8.0
2 1 CONSTANT 0.0
3 1 CONSTANT 8.0
4 1 CONSTANT 8.0
5 1 CONSTANT 8.0
6 1 CONSTANT 8.0
7 1 CONSTANT 8.0
8 1 CONSTANT 8.0
9 1 CONSTANT 0.0
10 1 CONSTANT 0.0
11 1 CONSTANT 0.0
12 1 CONSTANT 0.0
13 1 CONSTANT 8.0
14 1 CONSTANT 4.0
15 1 CONSTANT 4.0
16 1 CONSTANT 0.0
17 1 CONSTANT 0.0
18 1 CONSTANT 0.0
19 1 CONSTANT 0.0
20 1 CONSTANT 4.0
21 1 CONSTANT 8.0
22 1 CONSTANT 8.0
23 1 CONSTANT 8.0
24 1 CONSTANT 8.0
25 1 CONSTANT 4.0
26 1 CONSTANT 4.0
27 1 CONSTANT 8.0
28 1 TRACE 0.0 0.0 0.0 0.0 8.0 4.0 0.0 0.0 12.0 0.0 0.0 0.0 4.0 4.0 8.0 0.0 0.0 4.0 0.0 0.0 12.0 0.0 0.0 24.0 0.0 0.0 0.0 16.0 0.0 4.0 24.0 0.0 0.0 12.0 0.0 0.0 4.0 16.0 0.0 0.0 32.0 0.0 0.0 64.0 4.0 0.0 0.0 16.0 0.0 0.0 20.0 0.0 12.0 4.0 0.0 28.0 4.0 0.0 4.0 16.0 0.0 4.0 12.0 0.0 0.0 40.0 4.0 0.0 4.0 8.0 0.0 0.0 28.0 0.0 0.0 16.0 0.0 8.0 4.0 0.0 12.0 4.0 0.0 0.0 0.0 0.0 12.0 0.0 0.0 0.0 0.0 0.0 8.0 4.0 4.0 4.0 8.0 0.0 0.0 0.0 0.0 0.0 20.0 0.0 0.0 0.0 40.0 0.0 0.0 0.0 20.0 4.0 0.0 20.0 0.0 0.0 20.0 0.0 0.0 4.0 0.0 0.0 0.0 0.0 8.0 4.0 0.0 0.0 16.0 0.0 16.0 4.0 0.0 0.0 16.0 0.0 0.0 32.0 0.0 8.0 4.0 0.0 0.0 12.0 0.0 8.0 8.0 0.0 0.0 28.0 0.0 0.0 0.0 24.0 0.0 24.0 8.0 0.0 16.0 4.0 0.0 0.0 16.0 0.0 0.0 0.0 20.0 0.0 8.0 8.0 0.0 0.0 24.0 0.0 0.0 20.0 0.0 0.0 12.0 0.0 0.0 16.0 0.0 0.0 32.0 4.0 0.0 8.0 8.0 0.0 8.0 8.0 0.0 0.0 20.0 0.0 4.0 4.0 0.0 4.0 8.0
29 1 CONSTANT 4.0
30 1 TRACE 0.0 0.0 0.0 0.0 8.0 4.0 0.0 0.0 12.0 0.0 0.0 0.0 4.0 4.0 8.0 0.0 0.0 4.0 0.0 0.0 12.0 0.0 0.0 24.0 0.0 0.0 0.0 16.0 0.0 4.0 24.0 0.0 0.0 12.0 0.0 0.0 4.0 16.0 0.0 0.0 32.0 0.0 0.0 64.0 4.0 0.0 0.0 16.0 0.0 0.0 20.0 0.0 12.0 4.0 0.0 28.0 4.0 0.0 4.0 16.0 0.0 4.0 12.0 0.0 0.0 40.0 4.0 0.0 4.0 8.0 0.0 0.0 28.0 0.0 0.0 16.0 0.0 8.0 4.0 0.0 12.0 4.0 0.0 0.0 0.0 0.0 12.0 0.0 0.0 0.0 0.0 0.0 8.0 4.0 4.0 4.0 8.0 0.0 0.0 0.0 0.0 0.0 20.0 0.0 0.0 0.0 40.0 0.0 0.0 0.0 20.0 4.0 0.0 20.0 0.0 0.0 20.0 0.0 0.0 4.0 0.0 0.0 0.0 0.0 8.0 4.0 0.0 0.0 16.0 0.0 16.0 4.0 0.0 0.0 16.0 0.0 0.0 32.0 0.0 8.0 4.0 0.0 0.0 12.0 0.0 8.0 8.0 0.0 0.0 28.0 0.0 0.0 0.0 24.0 0.0 24.0 8.0 0.0 16.0 4.0 0.0 0.0 16.0 0.0 0.0 0.0 20.0 0.0 8.0 8.0 0.0 0.0 24.0 0.0 0.0 20.0 0.0 0.0 12.0 0.0 0.0 16.0 0.0 0.0 32.0 4.0 0.0 8.0 8.0 0.0 8.0 8.0 0.0 0.0 20.0 0.0 4.0 4.0 0.0 4.0 8.0
31 1 CONSTANT 8.0
32 1 CONSTANT 8.0
33 1 CONSTANT 4.0
34 1 CONSTANT 0.0
35 1 CONSTANT 0.0
36 1 CONSTANT 8.0
37 1 CONSTANT 8.0
38 1 CONSTANT 8.0
39 1 TRACE 8.0 0.0 0.0 8.0 0.0 0.0 8.0 0.0 0.0 8.0 0.0 0.0 8.0 0.0 0.0 8.0 0.0 0.0 8.0 0.0 0.0 8.0 0.0 8.0 0.0 8.0 0.0 0.0 8.0 0.0 0.0 8.0 0.0 0.0 8.0 8.0 0.0 0.0 8.0 0.0 0.0 8.0 8.0 0.0 0.0 8.0 0.0 0.0 8.0 0.0 0.0 8.0 0.0 0.0 8.0 0.0 0.0 8.0 0.0 0.0 8.0 0.0 0.0 8.0 8.0 0.0 0.0 8.0 0.0 0.0 8.0 0.0 0.0 8.0 0.0 0.0 8.0 0.0 0.0 8.0 0.0 0.0 8.0 0.0 0.0 8.0 0.0 0.0 8.0 0.0 0.0 8.0 0.0 0.0 8.0 0.0 0.0 8.0 0.0 0.0 8.0 0.0 8.0 0.0 8.0 8.0 0.0 0.0 8.0 0.0 0.0 8.0 0.0 0.0 8.0 0.0 0.0 8.0 0.0 0.0 8.0 0.0 0.0 8.0 0.0 0.0 8.0 0.0 0.0 8.0 0.0 0.0 8.0 0.0 0.0 8.0 0.0 0.0 8.0 0.0 0.0 8.0 0.0 0.0 8.0 0.0 0.0 8.0 0.0 8.0 0.0 8.0 0.0 0.0 8.0 0.0 0.0 8.0 0.0 0.0 8.0 0.0 0.0 8.0 8.0 0.0 0.0 8.0 0.0 0.0 8.0 0.0 0.0 8.0 0.0 0.0 8.0 0.0 0.0 8.0 0.0 0.0 8.0 8.0 0.0 0.0 8.0 0.0 0.0 8.0 0.0 0.0 8.0 0.0 0.0 8.0 0.0 0.0 8.0 0.0 0.0
40 1 CONSTANT 8.0
41 1 CONSTANT 8.0
42 1 CONSTANT 8.0
43 1 CONSTANT 1168.0
44 1 CONSTANT 1160.0
45 1 CONSTANT 8.0
46 1 CONSTANT 1168.0
47 1 CONSTANT 4.0
48 1 TRACE 39088.0 16704.0 13344.0 10496.0 9040.0 7792.0 27952.0 15376.0 10000.0 8256.0 6576.0 5728.0 160.0 112.0 176.0 64.0 176.0 144.0 0.0 0.0 0.0 0.0 0.0 0.0 62128.0 20768.0 13104.0 10176.0 7648.0 6736.0 1008.0 1104.0 720.0 880.0 832.0 768.0 0.0 16.0 0.0 0.0 0.0 0.0 71696.0 22208.0 14432.0 10768.0 7872.0 7168.0 2192.0 2416.0 1856.0 1744.0 1776.0 1472.0 16.0 16.0 16.0 16.0 16.0 0.0 39696.0 17344.0 13264.0 10368.0 8352.0 6928.0 26128.0 14656.0 9824.0 8096.0 6560.0 5632.0 112.0 160.0 128.0 80.0 96.0 112.0 0.0 0.0 0.0 0.0 0.0 0.0 71776.0 21632.0 13936.0 10848.0 8016.0 7200.0 2576.0 2752.0 2384.0 1984.0 1920.0 1728.0 16.0 0.0 16.0 0.0 16.0 0.0 72400.0 21936.0 14144.0 11088.0 7936.0 7200.0 2368.0 2304.0 2192.0 1744.0 1824.0 1616.0 0.0 16.0 16.0 0.0 16.0 0.0 69520.0 20944.0 14320.0 10912.0 7808.0 7216.0 4288.0 4256.0 3328.0 2992.0 2640.0 2448.0 16.0 16.0 16.0 32.0 16.0 0.0 57248.0 19600.0 13088.0 10608.0 7952.0 7200.0 10976.0 8480.0 6656.0 5584.0 4720.0 4384.0 16.0 16.0 64.0 48.0 32.0 16.0 65504.0 21888.0 14816.0 11088.0 7872.0 7104.0 6944.0 5424.0 4336.0 4112.0 3584.0 3344.0 16.0 32.0 32.0 0.0 16.0 0.0 66640.0 21840.0 14768.0 11536.0 8224.0 7504.0 6672.0 5552.0 4400.0 3952.0 3408.0 3056.0 16.0 32.0 16.0 16.0 32.0 0.0 71568.0 22256.0 14080.0 10912.0 7872.0 7120.0 2496.0 2720.0 2048.0 2032.0 2016.0 1680.0 0.0 16.0 16.0 0.0 0.0 0.0 71296.0 21920.0 14288.0 11136.0 7760.0 7328.0 3088.0 2752.0 2144.0 1872.0 1968.0 1936.0 16.0 16.0 16.0 16.0 0.0 0.0 60992.0 20864.0 14608.0 10976.0 8112.0 7408.0 9408.0 7424.0 5680.0 5072.0 4432.0 3856.0 48.0 16.0 80.0 32.0 0.0 16.0 37152.0 16992.0 11024.0 8944.0 7040.0 6064.0 320.0 368.0 224.0 144.0 240.0 240.0 0.0 0.0 0.0 0.0 0.0 0.0 71712.0 21920.0 14592.0 10944.0 7888.0 7248.0 2368.0 2608.0 1872.0 1984.0 1952.0 1552.0 16.0 16.0 16.0 0.0 16.0 0.0 65808.0 21712.0 14240.0 11168.0 8160.0 7328.0 6640.0 5456.0 4320.0 4000.0 3392.0 3168.0 16.0 16.0 16.0 16.0 32.0 0.0 61808.0 21216.0 13568.0 10752.0 7936.0 6896.0 864.0 992.0 736.0 640.0 720.0 576.0 0.0 0.0 16.0 0.0 0.0 0.0 41376.0 18512.0 11520.0 9040.0 7168.0 5984.0 256.0 320.0 256.0 208.0 336.0 240.0 0.0 0.0 0.0 0.0 0.0 0.0 71488.0 22352.0 14656.0 11248.0 7936.0 7488.0 3136.0 2848.0 2288.0 2128.0 2112.0 1920.0 16.0 16.0 16.0 32.0 0.0 0.0 70848.0 21856.0 14256.0 10784.0 7984.0 7392.0 2752.0 2848.0 2272.0 2192.0 1936.0 1808.0 16.0 16.0 0.0 0.0 16.0 0.0 46224.0 18528.0 11936.0 9328.0 7264.0 6432.0 304.0 352.0 288.0 320.0 368.0 256.0 0.0 0.0 0.0 0.0 0.0 0.0 69536.0 21712.0 14016.0 10832.0 7968.0 6864.0 1728.0 1888.0 1328.0 1136.0 1248.0 1264.0 16.0 0.0 16.0 16.0 0.0 0.0 61920.0 21392.0 15216.0 11504.0 8704.0 7488.0 8944.0 6928.0 5488.0 4672.0 4048.0 3920.0 32.0 32.0 48.0 48.0 32.0 0.0 67648.0 22112.0 14848.0 11488.0 8576.0 7408.0 5728.0 5248.0 4256.0 3696.0 3264.0 3120.0 16.0 32.0 16.0 32.0 16.0 0.0 67424.0 20848.0 13312.0 10320.0 7728.0 6832.0 1408.0 1632.0 1264.0 1264.0 1216.0 1120.0 0.0 16.0 0.0 16.0 0.0 0.0 60304.0 21504.0 13376.0 10384.0 7776.0 6816.0 768.0 832.0 800.0 608.0 720.0 512.0 0.0 0.0 16.0 0.0 0.0 0.0 53408.0 19712.0 13952.0 11056.0 8496.0 7136.0 13664.0 10096.0 7200.0 6208.0 5088.0 4880.0 32.0 80.0 48.0 64.0 64.0 16.0 0.0 0.0 0.0 0.0 0.0 0.0 62368.0 21168.0 13504.0 10528.0 7600.0 6592.0 944.0 960.0 800.0 688.0 752.0 688.0 0.0 16.0 16.0 0.0 0.0 0.0 41456.0 17840.0 14048.0 12304.0 10400.0 8112.0 26176.0 14640.0 9952.0 7936.0 6192.0 5552.0 128.0 208.0 144.0 96.0 96.0 112.0 0.0 0.0 0.0 0.0 0.0 0.0 56800.0 19968.0 12592.0 9648.0 7408.0 6384.0 672.0 608.0 560.0 624.0 528.0 576.0 0.0 0.0 0.0 0.0 0.0 0.0 71232.0 22000.0 14016.0 10992.0 8032.0 7088.0 2704.0 2576.0 2336.0 1952.0 1856.0 1824.0 16.0 16.0 16.0 0.0 16.0 0.0 42992.0 18592.0 14432.0 11488.0 9296.0 7296.0 23824.0 13696.0 9536.0 7824.0 6240.0 5568.0 112.0 128.0 96.0 64.0 112.0 80.0 0.0 0.0 0.0 0.0 0.0 0.0 64416.0 21536.0 14464.0 11632.0 8928.0 7376.0 7536.0 6256.0 4784.0 4640.0 3488.0 3424.0 16.0 48.0 16.0 16.0 32.0 16.0 38000.0 17232.0 10944.0 8800.0 6912.0 5648.0 256.0 240.0 192.0 224.0 240.0 224.0 0.0 0.0 0.0 0.0 0.0 0.0 63200.0 21472.0 15008.0 11376.0 8720.0 7872.0 8528.0 6864.0 5280.0 4688.0 3968.0 3488.0 16.0 32.0 16.0 32.0 48.0 48.0 64144.0 21440.0 15008.0 11568.0 8384.0 7760.0 7680.0 6640.0 5008.0 4304.0 3952.0 3424.0 16.0 32.0 32.0 32.0 16.0 0.0 69840.0 22640.0 14544.0 10832.0 8032.0 7296.0 4576.0 3872.0 3248.0 2944.0 2528.0 2464.0 16.0 16.0 32.0 32.0 16.0 0.0 59424.0 21248.0 13520.0 10384.0 7904.0 6704.0 576.0 768.0 544.0 640.0 688.0 592.0 0.0 0.0 0.0 0.0 0.0 0.0 54560.0 20288.0 15008.0 11888.0 9072.0 7264.0 14080.0 10096.0 7264.0 6032.0 5152.0 4720.0 48.0 80.0 48.0 48.0 48.0 64.0 0.0 0.0 0.0 0.0 0.0 0.0 70944.0 22032.0 14192.0 10816.0 8016.0 7184.0 2224.0 2224.0 1648.0 1600.0 1760.0 1440.0 0.0 16.0 16.0 32.0 16.0 0.0 71872.0 22320.0 14336.0 11376.0 7744.0 7136.0 3360.0 3264.0 2784.0 2224.0 2400.0 2144.0 16.0 16.0 32.0 32.0 0.0 0.0 47968.0 19504.0 12432.0 9936.0 7440.0 6656.0 480.0 272.0 320.0 320.0 416.0 240.0 0.0 0.0 16.0 0.0 0.0 0.0 66576.0 21328.0 14128.0 11408.0 8192.0 7664.0 5984.0 5792.0 4400.0 3824.0 3232.0 3104.0 16.0 16.0 32.0 32.0 16.0 16.0 59856.0 20800.0 14256.0 11008.0 8192.0 6880.0 10000.0 7648.0 5984.0 5392.0 4400.0 4112.0 16.0 32.0 32.0 32.0 48.0 16.0 66736.0 20848.0 13312.0 10208.0 7680.0 6736.0 1360.0 1568.0 1168.0 1232.0 1200.0 1088.0 0.0 16.0 0.0 16.0 0.0 0.0 70208.0 22176.0 14240.0 10688.0 7840.0 7456.0 3696.0 3456.0 2960.0 2848.0 2432.0 2144.0 16.0 16.0 16.0 16.0 32.0 0.0 60080.0 20880.0 13104.0 10400.0 7440.0 6656.0 656.0 864.0 736.0 656.0 656.0 480.0 16.0 0.0 16.0 0.0 0.0 0.0 59808.0 21216.0 14304.0 11712.0 8304.0 7136.0 10192.0 7920.0 6016.0 5072.0 4656.0 4160.0 16.0 32.0 48.0 16.0 16.0 0.0 63872.0 21584.0 14576.0 11536.0 8384.0 7696.0 8256.0 6864.0 5248.0 4688.0 3936.0 3632.0 32.0 32.0 32.0 0.0 32.0 32.0 60512.0 21440.0 13072.0 10464.0 7536.0 6768.0 896.0 896.0 624.0 608.0 928.0 576.0 16.0 0.0 16.0 0.0 0.0 0.0 56432.0 20272.0 12976.0 9872.0 7600.0 6464.0 624.0 624.0 496.0 624.0 608.0 544.0 0.0 0.0 0.0 0.0 0.0 0.0 70560.0 22096.0 13872.0 10576.0 7808.0 6944.0 3392.0 3344.0 2800.0 2448.0 2304.0 2192.0 16.0 0.0 16.0 0.0 32.0 0.0 64384.0 22192.0 14768.0 11632.0 9088.0 7728.0 7680.0 6416.0 4944.0 4480.0 3584.0 3360.0 16.0 16.0 16.0 32.0 32.0 0.0 69648.0 22288.0 14096.0 10864.0 7872.0 7200.0 1744.0 1888.0 1504.0 1232.0 1376.0 1120.0 16.0 0.0 16.0 0.0 0.0 0.0 68272.0 22224.0 14704.0 11552.0 8496.0 7296.0 5392.0 5152.0 3936.0 3664.0 3024.0 2912.0 16.0 32.0 32.0 16.0 16.0 16.0 70352.0 22240.0 14320.0 10608.0 7792.0 7664.0 4032.0 3792.0 3104.0 3024.0 2688.0 2128.0 16.0 32.0 16.0 16.0 32.0 0.0 71536.0 22592.0 13952.0 11120.0 8080.0 7424.0 2304.0 2512.0 2240.0 1808.0 1808.0 1552.0 16.0 16.0 16.0 0.0 0.0 0.0 64352.0 21984.0 14240.0 11104.0 8384.0 7376.0 7392.0 6096.0 4768.0 4320.0 3680.0 3440.0 16.0 32.0 32.0 16.0 16.0 16.0 41424.0 18464.0 11936.0 9312.0 7280.0 6128.0 368.0 272.0 224.0 208.0 304.0 256.0 0.0 0.0 0.0 0.0 0.0 0.0 70896.0 21920.0 14176.0 10944.0 8000.0 7136.0 2640.0 2592.0 2016.0 1952.0 1936.0 1632.0 16.0 16.0 0.0 0.0 16.0 0.0 70992.0 22176.0 14032.0 10720.0 8000.0 7296.0 2240.0 2208.0 2000.0 1776.0 1552.0 1520.0 16.0 16.0 0.0 0.0 16.0 0.0 68592.0 22096.0 14672.0 11328.0 8032.0 7616.0 5376.0 4928.0 3824.0 3568.0 3152.0 2832.0 16.0 16.0 0.0 16.0 16.0 0.0 70400.0 21936.0 13872.0 10944.0 7840.0 7056.0 1920.0 1920.0 1472.0 1296.0 1488.0 1408.0 0.0 16.0 16.0 16.0 0.0 0.0 68064.0 21872.0 13872.0 10720.0 7744.0 7104.0 1344.0 1536.0 1248.0 1088.0 1200.0 1072.0 16.0 16.0 16.0 0.0 0.0 0.0
49 1 TRACE 1168.0 1176.0 1168.0 1176.0 1168.0 8.0 1168.0 1176.0 1168.0 1176.0 1168.0 8.0 1168.0 1176.0 1168.0 1176.0 1168.0 8.0 1168.0 1176.0 1168.0 1176.0 1168.0 8.0 1168.0 1176.0 1168.0 1176.0 1168.0 8.0 1168.0 1176.0 1168.0 1176.0 1168.0 8.0 1168.0 1176.0 1168.0 1176.0 1168.0 8.0 1168.0 1176.0 1168.0 1176.0 1168.0 8.0 1168.0 1176.0 1168.0 1176.0 1168.0 8.0 1168.0 1176.0 1168.0 1176.0 1168.0 8.0 1168.0 1176.0 1168.0 1176.0 1168.0 8.0 1168.0 1176.0 1168.0 1176.0 1168.0 8.0 1168.0 1176.0 1168.0 1176.0 1168.0 8.0 1168.0 1176.0 1168.0 1176.0 1168.0 8.0 1168.0 1176.0 1168.0 1176.0 1168.0 8.0 1168.0 1176.0 1168.0 1176.0 1168.0 8.0 1168.0 1176.0 1168.0 1176.0 1168.0 8.0 1168.0 1176.0 1168.0 1176.0 1168.0 8.0 1168.0 1176.0 1168.0 1176.0 1168.0 8.0 1168.0 1176.0 1168.0 1176.0 1168.0 8.0 1168.0 1176.0 1168.0 1176.0 1168.0 8.0 1168.0 1176.0 1168.0 1176.0 1168.0 8.0 1168.0 1176.0 1168.0 1176.0 1168.0 8.0 1168.0 1176.0 1168.0 1176.0 1168.0 8.0 1168.0 1176.0 1168.0 1176.0 1168.0 8.0 1168.0 1176.0 1168.0 1176.0 1168.0 8.0 1168.0 1176.0 1168.0 1176.0 1168.0 8.0 1168.0 1176.0 1168.0 1176.0 1168.0 8.0 1168.0 1176.0 1168.0 1176.0 1168.0 8.0 1168.0 1176.0 1168.0 1176.0 1168.0 8.0 1168.0 1176.0 1168.0 1176.0 1168.0 8.0 1168.0 1176.0 1168.0 1176.0 1168.0 8.0 1168.0 1176.0 1168.0 1176.0 1168.0 8.0 1168.0 1176.0 1168.0 1176.0 1168.0 8.0 1168.0 1176.0 1168.0 1176.0 1168.0 8.0 1168.0 1176.0 1168.0 1176.0 1168.0 8.0 1168.0 1176.0 1168.0 1176.0 1168.0 8.0 1168.0 1176.0 1168.0 1176.0 1168.0 8.0 1168.0 1176.0 1168.0 1176.0 1168.0 8.0 1168.0 1176.0 1168.0 1176.0 1168.0 8.0 1168.0 1176.0 1168.0 1176.0 1168.0 8.0 1168.0 1176.0 1168.0 1176.0 1168.0 8.0 1168.0 1176.0 1168.0 1176.0 1168.0 8.0 1168.0 1176.0 1168.0 1176.0 1168.0 8.0 1168.0 1176.0 1168.0 1176.0 1168.0 8.0 1168.0 1176.0 1168.0 1176.0 1168.0 8.0 1168.0 1176.0 1168.0 1176.0 1168.0 8.0 1168.0 1176.0 1168.0 1176.0 1168.0 8.0 1168.0 1176.0 1168.0 1176.0 1168.0 8.0 1168.0 1176.0 1168.0 1176.0 1168.0 8.0 1168.0 1176.0 1168.0 1176.0 1168.0 8.0 1168.0 1176.0 1168.0 1176.0 1168.0 8.0 1168.0 1176.0 1168.0 1176.0 1168.0 8.0 1168.0 1176.0 1168.0 1176.0 1168.0 8.0 1168.0 1176.0 1168.0 1176.0 1168.0 8.0 1168.0 1176.0 1168.0 1176.0 1168.0 8.0 1168.0 1176.0 1168.0 1176.0 1168.0 8.0 1168.0 1176.0 1168.0 1176.0 1168.0 8.0 1168.0 1176.0 1168.0 1176.0 1168.0 8.0 1168.0 1176.0 1168.0 1176.0 1168.0 8.0 1168.0 1176.0 1168.0 1176.0 1168.0 8.0 1168.0 1176.0 1168.0 1176.0 1168.0 8.0 1168.0 1176.0 1168.0 1176.0 1168.0 8.0 1168.0 1176.0 1168.0 1176.0 1168.0 8.0 1168.0 1176.0 1168.0 1176.0 1168.0 8.0 1168.0 1176.0 1168.0 1176.0 1168.0 8.0 1168.0 1176.0 1168.0 1176.0 1168.0 8.0 1168.0 1176.0 1168.0 1176.0 1168.0 8.0 1168.0 1176.0 1168.0 1176.0 1168.0 8.0 1168.0 1176.0 1168.0 1176.0 1168.0 8.0 1168.0 1176.0 1168.0 1176.0 1168.0 8.0 1168.0 1176.0 1168.0 1176.0 1168.0 8.0 1168.0 1176.0 1168.0 1176.0 1168.0 8.0 1168.0 1176.0 1168.0 1176.0 1168.0 8.0 1168.0 1176.0 1168.0 1176.0 1168.0 8.0 1168.0 1176.0 1168.0 1176.0 1168.0 8.0 1168.0 1176.0 1168.0 1176.0 1168.0 8.0 1168.0 1176.0 1168.0 1176.0 1168.0 8.0 1168.0 1176.0 1168.0 1176.0 1168.0 8.0 1168.0 1176.0 1168.0 1176.0 1168.0 8.0 1168.0 1176.0 1168.0 1176.0 1168.0 8.0 1168.0 1176.0 1168.0 1176.0 1168.0 8.0 1168.0 1176.0 1168.0 1176.0 1168.0 8.0 1168.0 1176.0 1168.0 1176.0 1168.0 8.0 1168.0 1176.0 1168.0 1176.0 1168.0 8.0 1168.0 1176.0 1168.0 1176.0 1168.0 8.0 1168.0 1176.0 1168.0 1176.0 1168.0 8.0 1168.0 1176.0 1168.0 1176.0 1168.0 8.0 1168.0 1176.0 1168.0 1176.0 1168.0 8.0 1168.0 1176.0 1168.0 1176.0 1168.0 8.0 1168.0 1176.0 1168.0 1176.0 1168.0 8.0 1168.0 1176.0 1168.0 1176.0 1168.0 8.0 1168.0 1176.0 1168.0 1176.0 1168.0 8.0 1168.0 1176.0 1168.0 1176.0 1168.0 8.0 1168.0 1176.0 1168.0 1176.0 1168.0 8.0 1168.0 1176.0 1168.0 1176.0 1168.0 8.0 1168.0 1176.0 1168.0 1176.0 1168.0 8.0 1168.0 1176.0 1168.0 1176.0 1168.0 8.0 1168.0 1176.0 1168.0 1176.0 1168.0 8.0 1168.0 1176.0 1168.0 1176.0 1168.0 8.0 1168.0 1176.0 1168.0 1176.0 1168.0 8.0 1168.0 1176.0 1168.0 1176.0 1168.0 8.0 1168.0 1176.0 1168.0 1176.0 1168.0 8.0 1168.0 1176.0 1168.0 1176.0 1168.0 8.0 1168.0 1176.0 1168.0 1176.0 1168.0 8.0 1168.0 1176.0 1168.0 1176.0 1168.0 8.0 1168.0 1176.0 1168.0 1176.0 1168.0 8.0 1168.0 1176.0 1168.0 1176.0 1168.0 8.0 1168.0 1176.0 1168.0 1176.0 1168.0 8.0 1168.0 1176.0 1168.0 1176.0 1168.0 8.0 1168.0 1176.0 1168.0 1176.0 1168.0 8.0 1168.0 1176.0 1168.0 1176.0 1168.0 8.0 1168.0 1176.0 1168.0 1176.0 1168.0 8.0 1168.0 1176.0 1168.0 1176.0 1168.0 8.0 1168.0 1176.0 1168.0 1176.0 1168.0 8.0 1168.0 1176.0 1168.0 1176.0 1168.0 8.0 1168.0 1176.0 1168.0 1176.0 1168.0 8.0 1168.0 1176.0 1168.0 1176.0 1168.0 8.0 1168.0 1176.0 1168.0 1176.0 1168.0 8.0 1168.0 1176.0 1168.0 1176.0 1168.0 8.0 1168.0 1176.0 1168.0 1176.0 1168.0 8.0 1168.0 1176.0 1168.0 1176.0 1168.0 8.0 1168.0 1176.0 1168.0 1176.0 1168.0 8.0 1168.0 1176.0 1168.0 1176.0 1168.0 8.0 1168.0 1176.0 1168.0 1176.0 1168.0 8.0 1168.0 1176.0 1168.0 1176.0 1168.0 8.0 1168.0 1176.0 1168.0 1176.0 1168.0 8.0 1168.0 1176.0 1168.0 1176.0 1168.0 8.0 1168.0 1176.0 1168.0 1176.0 1168.0 8.0 1168.0 1176.0 1168.0 1176.0 1168.0 8.0 1168.0 1176.0 1168.0 1176.0 1168.0 8.0 1168.0 1176.0 1168.0 1176.0 1168.0 8.0 1168.0 1176.0 1168.0 1176.0 1168.0 8.0 1168.0 1176.0 1168.0 1176.0 1168.0 8.0 1168.0 1176.0 1168.0 1176.0 1168.0 8.0 1168.0 1176.0 1168.0 1176.0 1168.0 8.0 1168.0 1176.0 1168.0 1176.0 1168.0 8.0 1168.0 1176.0 1168.0 1176.0 1168.0 8.0 1168.0 1176.0 1168.0 1176.0 1168.0 8.0 1168.0 1176.0 1168.0 1176.0 1168.0 8.0 1168.0 1176.0 1168.0 1176.0 1168.0 8.0 1168.0 1176.0 1168.0 1176.0 1168.0 8.0 1168.0 1176.0 1168.0 1176.0 1168.0 8.0 1168.0 1176.0 1168.0 1176.0 1168.0 8.0 1168.0 1176.0 1168.0 1176.0 1168.0 8.0 1168.0 1176.0 1168.0 1176.0 1168.0 8.0 1168.0 1176.0 1168.0 1176.0 1168.0 8.0 1168.0 1176.0 1168.0 1176.0 1168.0 8.0 1168.0 1176.0 1168.0 1176.0 1168.0 8.0 1168.0 1176.0 1168.0 1176.0 1168.0 8.0 1168.0 1176.0 1168.0 1176.0 1168.0 8.0 1168.0 1176.0 1168.0 1176.0 1168.0 8.0 1168.0 1176.0 1168.0 1176.0 1168.0 8.0 1168.0 1176.0 1168.0 1176.0 1168.0 8.0 1168.0 1176.0 1168.0 1176.0 1168.0 8.0 1168.0 1176.0 1168.0 1176.0 1168.0 8.0 1168.0 1176.0 1168.0 1176.0 1168.0 8.0 1168.0 1176.0 1168.0 1176.0 1168.0 8.0 1168.0 1176.0 1168.0 1176.0 1168.0 8.0 1168.0 1176.0 1168.0 1176.0 1168.0 8.0 1168.0 1176.0 1168.0 1176.0 1168.0 8.0 1168.0 1176.0 1168.0 1176.0 1168.0 8.0 1168.0 1176.0 1168.0 1176.0 1168.0 8.0 1168.0 1176.0 1168.0 1176.0 1168.0 8.0 1168.0 1176.0 1168.0 1176.0 1168.0 8.0 1168.0 1176.0 1168.0 1176.0 1168.0 8.0 1168.0 1176.0 1168.0 1176.0 1168.0 8.0 1168.0 1176.0 1168.0 1176.0 1168.0 8.0 1168.0 1176.0 1168.0 1176.0 1168.0 8.0 1168.0 1176.0 1168.0 1176.0 1168.0 8.0 1168.0 1176.0 1168.0 1176.0 1168.0 8.0 1168.0 1176.0 1168.0 1176.0 1168.0 8.0 1168.0 1176.0 1168.0 1176.0 1168.0 8.0 1168.0 1176.0 1168.0 1176.0 1168.0 8.0 1168.0 1176.0 1168.0 1176.0 1168.0 8.0 1168.0 1176.0 1168.0 1176.0 1168.0 8.0 1168.0 1176.0 1168.0 1176.0 1168.0 8.0 1168.0 1176.0 1168.0 1176.0 1168.0 8.0 1168.0 1176.0 1168.0 1176.0 1168.0 8.0 1168.0 1176.0 1168.0 1176.0 1168.0 8.0 1168.0 1176.0 1168.0 1176.0 1168.0 8.0 1168.0 1176.0 1168.0 1176.0 1168.0 8.0 1168.0 1176.0 1168.0 1176.0 1168.0 8.0 1168.0 1176.0 1168.0 1176.0 1168.0 8.0 1168.0 1176.0 1168.0 1176.0 1168.0 8.0 1168.0 1176.0 1168.0 1176.0 1168.0 8.0 1168.0 1176.0 1168.0 1176.0 1168.0 8.0 1168.0 1176.0 1168.0 1176.0 1168.0 8.0 1168.0 1176.0 1168.0 1176.0 1168.0 8.0 1168.0 1176.0 1168.0 1176.0 1168.0 8.0 1168.0 1176.0 1168.0 1176.0 1168.0 8.0 1168.0 1176.0 1168.0 1176.0 1168.0 8.0 1168.0 1176.0 1168.0 1176.0 1168.0 8.0 1168.0 1176.0 1168.0 1176.0 1168.0 8.0 1168.0 1176.0 1168.0 1176.0 1168.0 8.0 1168.0 1176.0 1168.0 1176.0 1168.0 8.0 1168.0 1176.0 1168.0 1176.0 1168.0 8.0 1168.0 1176.0 1168.0 1176.0 1168.0 8.0
50 1 CONSTANT 8.0
51 1 CONSTANT 8.0
52 1 CONSTANT 8.0
53 1 CONSTANT 8.0
54 1 CONSTANT 0.0
55 1 CONSTANT 0.0
56 1 CONSTANT 0.0
57 1 CONSTANT 0.0
58 1 CONSTANT 0.0
59 1 CONSTANT 0.0
60 1 CONSTANT 0.0
61 1 CONSTANT 0.0
62 1 CONSTANT 8.0
