0 1 CONSTANT 8.0
1 1 CONSTANT 8.0
2 1 CONSTANT 0.0
3 1 CONSTANT 8.0
4 1 CONSTANT 8.0
5 1 CONSTANT 8.0
6 1 CONSTANT 8.0
7 1 CONSTANT 8.0
8 1 CONSTANT 8.0
9 1 CONSTANT 0.0
10 1 CONSTANT 0.0
11 1 CONSTANT 0.0
12 1 CONSTANT 0.0
13 1 CONSTANT 8.0
14 1 CONSTANT 4.0
15 1 CONSTANT 4.0
16 1 CONSTANT 0.0
17 1 CONSTANT 0.0
18 1 CONSTANT 0.0
19 1 CONSTANT 0.0
20 1 CONSTANT 4.0
21 1 CONSTANT 8.0
22 1 CONSTANT 8.0
23 1 CONSTANT 8.0
24 1 CONSTANT 8.0
25 1 CONSTANT 4.0
26 1 CONSTANT 4.0
27 1 CONSTANT 8.0
28 1 TRACE 0.0 12.0 4232.0 24.0 0.0 8.0 5884.0 32.0 0.0 0.0 148.0 808.0 4.0 4.0 492.0 372.0 4.0 4.0 8.0 3496.0 32.0 0.0 4.0 92.0 0.0 64.0 1732.0 8.0 4.0 0.0 80.0 4.0 0.0 0.0 52.0 0.0 0.0 1492.0 184.0 4.0 12.0 60.0 0.0 8.0 3552.0 16.0 0.0 12.0 4580.0 28.0 4.0 4.0 1168.0 220.0 0.0 0.0 1944.0 144.0 4.0 0.0 0.0 6148.0 36.0 0.0 24.0 3624.0 28.0 0.0 4.0 516.0 336.0 4.0 0.0 12.0 4860.0 32.0 0.0 16.0 6208.0 44.0 0.0 12.0 3492.0 24.0 0.0 8.0 60.0 0.0 76.0 1964.0 24.0 4.0 0.0 1484.0 176.0 0.0 48.0 1212.0 8.0 4.0 12.0 76.0 4.0 24.0 3792.0 20.0 4.0 68.0 1608.0 12.0 0.0 4.0 84.0 0.0 0.0 136.0 1024.0 8.0 4.0 0.0 544.0 352.0 4.0 0.0 16.0 3168.0 16.0 4.0 4.0 1612.0 208.0 4.0 0.0 16.0 2364.0 20.0 4.0 136.0 1016.0 8.0 4.0 8.0 788.0 328.0 4.0 4.0 176.0 944.0 4.0 0.0 0.0 1292.0 204.0 0.0 0.0 60.0 0.0 76.0 2192.0 16.0 4.0 0.0 3044.0 4.0 4.0 124.0 932.0 8.0 0.0 0.0 52.0 0.0 0.0 88.0 4.0 0.0 12.0 5748.0 36.0 0.0 4.0 1460.0 180.0 4.0 0.0 0.0 52.0 0.0 4.0 88.0 0.0 4.0 2920.0 24.0 4.0 4.0 64.0 4.0 4.0 144.0 764.0 8.0 0.0 56.0 2308.0 12.0 0.0 4.0 52.0 4.0 0.0 104.0 4.0 0.0 476.0 424.0 0.0 4.0 1080.0 252.0 4.0 0.0 4.0 76.0 0.0 4.0 80.0 4.0 16.0 2332.0 12.0 0.0 480.0 412.0 4.0 0.0 12.0 3852.0 20.0 0.0 0.0 32.0 0.0 40.0 1820.0 20.0 0.0 8.0 5676.0 32.0
29 1 CONSTANT 4.0
30 1 TRACE 0.0 12.0 4232.0 24.0 0.0 8.0 5884.0 32.0 0.0 0.0 148.0 808.0 4.0 4.0 492.0 372.0 4.0 4.0 8.0 3496.0 32.0 0.0 4.0 92.0 0.0 64.0 1732.0 8.0 4.0 0.0 80.0 4.0 0.0 0.0 52.0 0.0 0.0 1492.0 184.0 4.0 12.0 60.0 0.0 8.0 3552.0 16.0 0.0 12.0 4580.0 28.0 4.0 4.0 1168.0 220.0 0.0 0.0 1944.0 144.0 4.0 0.0 0.0 6148.0 36.0 0.0 24.0 3624.0 28.0 0.0 4.0 516.0 336.0 4.0 0.0 12.0 4860.0 32.0 0.0 16.0 6208.0 44.0 0.0 12.0 3492.0 24.0 0.0 8.0 60.0 0.0 76.0 1964.0 24.0 4.0 0.0 1484.0 176.0 0.0 48.0 1212.0 8.0 4.0 12.0 76.0 4.0 24.0 3792.0 20.0 4.0 68.0 1608.0 12.0 0.0 4.0 84.0 0.0 0.0 136.0 1024.0 8.0 4.0 0.0 544.0 352.0 4.0 0.0 16.0 3168.0 16.0 4.0 4.0 1612.0 208.0 4.0 0.0 16.0 2364.0 20.0 4.0 136.0 1016.0 8.0 4.0 8.0 788.0 328.0 4.0 4.0 176.0 944.0 4.0 0.0 0.0 1292.0 204.0 0.0 0.0 60.0 0.0 76.0 2192.0 16.0 4.0 0.0 3044.0 4.0 4.0 124.0 932.0 8.0 0.0 0.0 52.0 0.0 0.0 88.0 4.0 0.0 12.0 5748.0 36.0 0.0 4.0 1460.0 180.0 4.0 0.0 0.0 52.0 0.0 4.0 88.0 0.0 4.0 2920.0 24.0 4.0 4.0 64.0 4.0 4.0 144.0 764.0 8.0 0.0 56.0 2308.0 12.0 0.0 4.0 52.0 4.0 0.0 104.0 4.0 0.0 476.0 424.0 0.0 4.0 1080.0 252.0 4.0 0.0 4.0 76.0 0.0 4.0 80.0 4.0 16.0 2332.0 12.0 0.0 480.0 412.0 4.0 0.0 12.0 3852.0 20.0 0.0 0.0 32.0 0.0 40.0 1820.0 20.0 0.0 8.0 5676.0 32.0
31 1 CONSTANT 8.0
32 1 CONSTANT 8.0
33 1 CONSTANT 4.0
34 1 CONSTANT 0.0
35 1 CONSTANT 0.0
36 1 CONSTANT 8.0
37 1 CONSTANT 8.0
38 1 CONSTANT 8.0
39 1 TRACE 8.0 0.0 8.0 0.0 8.0 0.0 8.0 0.0 8.0 8.0 0.0 8.0 0.0 8.0 0.0 8.0 0.0 8.0 0.0 8.0 0.0 8.0 0.0 0.0 8.0 0.0 8.0 0.0 8.0 0.0 8.0 0.0 8.0 0.0 0.0 8.0 8.0 0.0 0.0 8.0 0.0 0.0 8.0 0.0 8.0 0.0 8.0 0.0 8.0 0.0 8.0 8.0 0.0 0.0 8.0 8.0 0.0 8.0 0.0 8.0 0.0 8.0 0.0 8.0 0.0 8.0 0.0 8.0 8.0 0.0 8.0 0.0 8.0 0.0 8.0 0.0 8.0 0.0 8.0 0.0 8.0 0.0 8.0 0.0 8.0 0.0 0.0 8.0 0.0 8.0 0.0 8.0 8.0 0.0 0.0 8.0 0.0 8.0 0.0 8.0 0.0 0.0 8.0 0.0 8.0 0.0 8.0 0.0 8.0 0.0 8.0 0.0 0.0 8.0 8.0 0.0 8.0 0.0 8.0 8.0 0.0 8.0 0.0 8.0 0.0 8.0 0.0 8.0 8.0 0.0 8.0 0.0 8.0 0.0 8.0 0.0 8.0 0.0 8.0 0.0 8.0 8.0 0.0 8.0 0.0 8.0 0.0 8.0 0.0 8.0 8.0 0.0 0.0 8.0 0.0 0.0 8.0 0.0 8.0 0.0 8.0 0.0 8.0 0.0 8.0 0.0 8.0 0.0 8.0 0.0 0.0 8.0 0.0 8.0 0.0 8.0 0.0 8.0 0.0 8.0 8.0 0.0 8.0 0.0 8.0 0.0 0.0 8.0 0.0 0.0 8.0 0.0 8.0 0.0 8.0 0.0 0.0 8.0 8.0 0.0 8.0 0.0 8.0 0.0 8.0 0.0 8.0 0.0 0.0 8.0 0.0 8.0 0.0 8.0 0.0 0.0 8.0 8.0 0.0 8.0 0.0 8.0 0.0 0.0 8.0 0.0 0.0 8.0 0.0 8.0 0.0 8.0 0.0 8.0 0.0 8.0 0.0 8.0 0.0 8.0 0.0 0.0 8.0 0.0 8.0 0.0 8.0 0.0 8.0 0.0
40 1 CONSTANT 8.0
41 1 CONSTANT 8.0
42 1 CONSTANT 8.0
43 1 CONSTANT 144048.0
44 1 CONSTANT 144040.0
45 1 CONSTANT 8.0
46 1 CONSTANT 144048.0
47 1 CONSTANT 4.0
48 1 TRACE 11654176.0 3036640.0 2169536.0 1424432.0 8416.0 8224.0 10877488.0 2939136.0 2827824.0 1700848.0 11488.0 12256.0 12673424.0 3048208.0 528752.0 467536.0 1472.0 1728.0 11511840.0 2969584.0 252352.0 238496.0 720.0 928.0 11969840.0 3024032.0 1870912.0 1292016.0 6768.0 6912.0 6459120.0 2356688.0 7017776.0 2629728.0 54144.0 52512.0 176.0 144.0 12786352.0 3058096.0 993104.0 802816.0 3536.0 3344.0 6517392.0 2366656.0 6957984.0 2624960.0 53136.0 50816.0 160.0 192.0 8795264.0 2748208.0 4702432.0 2234480.0 25008.0 24272.0 128.0 64.0 9280480.0 2844208.0 108464.0 106080.0 384.0 448.0 8367808.0 2722992.0 5143520.0 2319264.0 29360.0 28432.0 144.0 32.0 11998128.0 3029760.0 1846592.0 1280352.0 7152.0 6640.0 11393072.0 2984176.0 2377952.0 1523600.0 9136.0 9760.0 9664768.0 2888352.0 121008.0 120928.0 400.0 416.0 8620992.0 2807600.0 89696.0 84832.0 240.0 304.0 10769472.0 2935504.0 2910080.0 1726000.0 12272.0 12272.0 11900304.0 3014240.0 1935264.0 1328816.0 7216.0 7056.0 11121264.0 2961920.0 211584.0 202640.0 624.0 624.0 11388512.0 2978288.0 2378080.0 1521536.0 9952.0 9344.0 10774480.0 2928688.0 2912000.0 1728496.0 12512.0 12096.0 11976256.0 3014064.0 1867888.0 1291248.0 7136.0 6880.0 7912240.0 2689648.0 5622960.0 2407696.0 35248.0 33408.0 160.0 96.0 12681744.0 3054624.0 1162352.0 908256.0 3872.0 4224.0 9289632.0 2854512.0 110368.0 106832.0 320.0 384.0 12845440.0 3048208.0 764176.0 643280.0 2288.0 2240.0 8082592.0 2671360.0 5423056.0 2373904.0 32832.0 31296.0 144.0 80.0 11818816.0 3012736.0 2005792.0 1356352.0 7744.0 7664.0 12799040.0 3058752.0 957552.0 775120.0 3152.0 3232.0 7543808.0 2557744.0 5929600.0 2471392.0 38544.0 36208.0 192.0 112.0 12828880.0 3067008.0 660224.0 568144.0 2048.0 2224.0 11381744.0 2991824.0 236896.0 219152.0 640.0 752.0 12134288.0 3027584.0 1713360.0 1212176.0 6240.0 6192.0 9258304.0 2855456.0 106688.0 104896.0 368.0 288.0 12527968.0 3056560.0 1340464.0 1015632.0 4832.0 4640.0 12805904.0 3057104.0 635904.0 549664.0 1984.0 2224.0 10909024.0 2961040.0 194272.0 183584.0 640.0 736.0 12745200.0 3048800.0 579568.0 506880.0 1904.0 1888.0 9563088.0 2886976.0 118704.0 113136.0 432.0 400.0 8741536.0 2708128.0 4741168.0 2245248.0 25840.0 24720.0 144.0 64.0 12565408.0 3056032.0 1301632.0 985664.0 4304.0 4960.0 12206640.0 3030016.0 1646576.0 1183376.0 6176.0 6208.0 12712976.0 3052400.0 555184.0 485520.0 1840.0 1856.0 9508208.0 2902064.0 4099376.0 2074960.0 20016.0 19616.0 144.0 32.0 6855408.0 2445424.0 6631984.0 2577584.0 47872.0 46544.0 192.0 160.0 10995504.0 2976240.0 2736224.0 1655040.0 11632.0 11520.0 9354416.0 2872144.0 111200.0 107648.0 336.0 384.0 8827408.0 2771360.0 4690640.0 2223776.0 24816.0 24848.0 112.0 80.0 7264080.0 2508336.0 6193056.0 2511728.0 42784.0 40272.0 192.0 144.0 12199888.0 3042384.0 1652384.0 1184896.0 5744.0 5920.0 7204416.0 2503120.0 6264576.0 2524464.0 41584.0 41824.0 160.0 112.0 12592000.0 3048976.0 486016.0 431376.0 1552.0 1568.0 12583344.0 3049120.0 1271120.0 975232.0 4480.0 4128.0 8667456.0 2754112.0 4840624.0 2257760.0 26528.0 25888.0 144.0 80.0 6423120.0 2364032.0 7072208.0 2632576.0 53824.0 53488.0 208.0 144.0 11454480.0 2990976.0 244256.0 227472.0 848.0 832.0 10116176.0 2901936.0 145584.0 139312.0 400.0 496.0 7032736.0 2428016.0 6392192.0 2549024.0 44144.0 42496.0 160.0 128.0 6466208.0 2411968.0 7074160.0 2631680.0 54640.0 53552.0 176.0 160.0 12512528.0 3067616.0 1361184.0 1018784.0 4560.0 4944.0 11528784.0 2982016.0 252896.0 236816.0 800.0 880.0 11794624.0 3013600.0 2022848.0 1365536.0 7968.0 8032.0 9524000.0 2825536.0 4027568.0 2068912.0 19632.0 19568.0 80.0 48.0 12719344.0 3064416.0 1114288.0 875680.0 3568.0 4064.0 10955248.0 2975200.0 2766672.0 1669152.0 11488.0 11536.0
49 1 TRACE 144048.0 8.0 144048.0 8.0 144048.0 8.0 144048.0 8.0 144048.0 8.0 144048.0 8.0 144048.0 8.0 144048.0 8.0 144048.0 8.0 144048.0 8.0 144048.0 8.0 144048.0 8.0 144048.0 8.0 144048.0 8.0 144048.0 8.0 144048.0 8.0 144048.0 8.0 144048.0 8.0 144048.0 8.0 144048.0 8.0 144048.0 8.0 144048.0 8.0 144048.0 8.0 144048.0 8.0 144048.0 8.0 144048.0 8.0 144048.0 8.0 144048.0 8.0 144048.0 8.0 144048.0 8.0 144048.0 8.0 144048.0 8.0 144048.0 8.0 144048.0 8.0 144048.0 8.0 144048.0 8.0 144048.0 8.0 144048.0 8.0 144048.0 8.0 144048.0 8.0 144048.0 8.0 144048.0 8.0 144048.0 8.0 144048.0 8.0 144048.0 8.0 144048.0 8.0 144048.0 8.0 144048.0 8.0 144048.0 8.0 144048.0 8.0 144048.0 8.0 144048.0 8.0 144048.0 8.0 144048.0 8.0 144048.0 8.0 144048.0 8.0 144048.0 8.0 144048.0 8.0 144048.0 8.0 144048.0 8.0 144048.0 8.0 144048.0 8.0 144048.0 8.0 144048.0 8.0 144048.0 8.0 144048.0 8.0 144048.0 8.0 144048.0 8.0 144048.0 8.0 144048.0 8.0 144048.0 8.0 144048.0 8.0 144048.0 8.0 144048.0 8.0 144048.0 8.0 144048.0 8.0 144048.0 8.0 144048.0 8.0 144048.0 8.0 144048.0 8.0 144048.0 8.0 144048.0 8.0 144048.0 8.0 144048.0 8.0 144048.0 8.0 144048.0 8.0 144048.0 8.0 144048.0 8.0 144048.0 8.0 144048.0 8.0 144048.0 8.0 144048.0 8.0 144048.0 8.0 144048.0 8.0 144048.0 8.0 144048.0 8.0 144048.0 8.0 144048.0 8.0 144048.0 8.0 144048.0 8.0 144048.0 8.0 144048.0 8.0 144048.0 8.0 144048.0 8.0 144048.0 8.0 144048.0 8.0 144048.0 8.0 144048.0 8.0 144048.0 8.0 144048.0 8.0 144048.0 8.0 144048.0 8.0 144048.0 8.0 144048.0 8.0 144048.0 8.0 144048.0 8.0 144048.0 8.0 144048.0 8.0 144048.0 8.0 144048.0 8.0 144048.0 8.0 144048.0 8.0 144048.0 8.0 144048.0 8.0 144048.0 8.0 144048.0 8.0 144048.0 8.0 144048.0 8.0 144048.0 8.0 144048.0 8.0 144048.0 8.0 144048.0 8.0 144048.0 8.0 144048.0 8.0 144048.0 8.0 144048.0 8.0 144048.0 8.0 144048.0 8.0 144048.0 8.0 144048.0 8.0 144048.0 8.0 144048.0 8.0 144048.0 8.0 144048.0 8.0 144048.0 8.0 144048.0 8.0 144048.0 8.0 144048.0 8.0 144048.0 8.0 144048.0 8.0 144048.0 8.0 144048.0 8.0 144048.0 8.0 144048.0 8.0 144048.0 8.0 144048.0 8.0 144048.0 8.0 144048.0 8.0 144048.0 8.0 144048.0 8.0 144048.0 8.0 144048.0 8.0 144048.0 8.0 144048.0 8.0 144048.0 8.0 144048.0 8.0 144048.0 8.0 144048.0 8.0 144048.0 8.0 144048.0 8.0 144048.0 8.0 144048.0 8.0 144048.0 8.0 144048.0 8.0 144048.0 8.0 144048.0 8.0 144048.0 8.0 144048.0 8.0 144048.0 8.0 144048.0 8.0 144048.0 8.0 144048.0 8.0 144048.0 8.0 144048.0 8.0 144048.0 8.0 144048.0 8.0 144048.0 8.0 144048.0 8.0 144048.0 8.0 144048.0 8.0 144048.0 8.0 144048.0 8.0 144048.0 8.0 144048.0 8.0 144048.0 8.0 144048.0 8.0 144048.0 8.0 144048.0 8.0 144048.0 8.0 144048.0 8.0 144048.0 8.0 144048.0 8.0 144048.0 8.0 144048.0 8.0 144048.0 8.0 144048.0 8.0 144048.0 8.0 144048.0 8.0 144048.0 8.0 144048.0 8.0
50 1 CONSTANT 8.0
51 1 CONSTANT 8.0
52 1 CONSTANT 8.0
53 1 CONSTANT 8.0
54 1 CONSTANT 0.0
55 1 CONSTANT 0.0
56 1 CONSTANT 0.0
57 1 CONSTANT 0.0
58 1 CONSTANT 0.0
59 1 CONSTANT 0.0
60 1 CONSTANT 0.0
61 1 CONSTANT 0.0
62 1 CONSTANT 8.0
