0 1 1 TRACE 1672853909328886.0
1 2 1 TRACE 11101.0 31.0 50.0 42.0 44.0 62.0 43.0 43.0 43.0 43.0 43.0 32.0 43.0 43.0 43.0 43.0 42.0 31.0 42.0 43.0 42.0 44.0 30.0 43.0 56.0 44.0 31.0 31.0 43.0 44.0 43.0 42.0 42.0 43.0 43.0 43.0 43.0 43.0 43.0 43.0 42.0 31.0 43.0 43.0 44.0 43.0 43.0 42.0 43.0 42.0 43.0 42.0 42.0 44.0 43.0 43.0 43.0 43.0 44.0 51.0 43.0 42.0 42.0 43.0
2 3 1 TRACE 93.0 25.0 24.0 25.0 24.0 32.0 24.0 23.0 24.0 25.0 32.0 25.0 24.0 24.0 23.0 30.0 23.0 46.0 23.0 24.0 24.0 25.0 31.0 23.0 27.0 23.0 26.0 25.0 24.0 24.0 24.0 24.0 44.0 25.0 24.0 27.0 24.0 23.0 23.0 24.0 23.0 25.0 24.0 27.0 24.0 24.0 24.0 24.0 24.0 24.0 29.0 24.0 23.0 24.0 23.0 24.0 24.0 24.0 24.0 23.0 24.0 23.0 23.0 28.0
3 4 1 TRACE 35.0 18.0 19.0 18.0 19.0 20.0 19.0 19.0 19.0 19.0 57.0 19.0 19.0 19.0 19.0 19.0 18.0 18.0 19.0 28.0 19.0 19.0 18.0 19.0 20.0 19.0 19.0 20.0 19.0 19.0 19.0 25.0 19.0 19.0 18.0 19.0 19.0 19.0 18.0 20.0 18.0 18.0 19.0 53.0 19.0 18.0 19.0 18.0 19.0 18.0 20.0 19.0 19.0 19.0 18.0 19.0 19.0 19.0 19.0 19.0 18.0 19.0 19.0 19.0
4 5 1 TRACE 18.0 14.0 14.0 13.0 14.0 14.0 14.0 13.0 14.0 14.0 15.0 14.0 14.0 13.0 14.0 14.0 14.0 14.0 14.0 13.0 14.0 14.0 14.0 14.0 14.0 13.0 14.0 14.0 14.0 14.0 13.0 15.0 13.0 14.0 13.0 14.0 14.0 14.0 14.0 14.0 14.0 13.0 14.0 52.0 14.0 14.0 14.0 13.0 20.0 15.0 14.0 14.0 14.0 13.0 15.0 14.0 14.0 14.0 14.0 14.0 14.0 14.0 14.0 13.0
5 6 1 TRACE 41.0 17.0 18.0 17.0 17.0 19.0 17.0 14.0 13.0 12.0 18.0 13.0 12.0 13.0 15.0 14.0 14.0 14.0 15.0 16.0 15.0 12.0 14.0 11.0 12.0 11.0 12.0 13.0 12.0 11.0 12.0 11.0 12.0 12.0 12.0 16.0 15.0 16.0 16.0 16.0 15.0 16.0 17.0 17.0 16.0 17.0 15.0 17.0 11.0 13.0 12.0 13.0 15.0 18.0 12.0 13.0 12.0 24.0 12.0 12.0 12.0 12.0 12.0 11.0
6 7 1 TRACE 19.0 15.0 15.0 14.0 15.0 15.0 14.0 14.0 14.0 13.0 9.0 14.0 13.0 14.0 13.0 12.0 12.0 12.0 12.0 13.0 12.0 13.0 14.0 12.0 13.0 12.0 12.0 13.0 12.0 10.0 11.0 10.0 10.0 11.0 24.0 12.0 13.0 12.0 12.0 13.0 12.0 12.0 14.0 17.0 13.0 13.0 13.0 13.0 12.0 14.0 13.0 13.0 12.0 13.0 14.0 13.0 12.0 14.0 12.0 11.0 12.0 11.0 11.0 11.0
7 8 1 TRACE 18.0 14.0 14.0 14.0 15.0 14.0 14.0 13.0 13.0 15.0 12.0 13.0 15.0 13.0 13.0 13.0 13.0 13.0 12.0 12.0 14.0 14.0 15.0 12.0 13.0 12.0 13.0 13.0 12.0 12.0 12.0 12.0 12.0 12.0 13.0 12.0 12.0 12.0 13.0 12.0 12.0 12.0 14.0 10.0 14.0 10.0 14.0 14.0 13.0 14.0 14.0 15.0 13.0 13.0 14.0 13.0 13.0 13.0 12.0 14.0 13.0 13.0 13.0 13.0
8 9 1 TRACE 17.0 14.0 13.0 14.0 14.0 14.0 14.0 13.0 13.0 13.0 13.0 13.0 13.0 13.0 13.0 13.0 13.0 13.0 13.0 12.0 13.0 12.0 15.0 13.0 13.0 13.0 13.0 13.0 12.0 12.0 11.0 11.0 12.0 11.0 12.0 12.0 13.0 13.0 13.0 12.0 12.0 12.0 14.0 8.0 14.0 9.0 14.0 13.0 13.0 12.0 13.0 8.0 13.0 13.0 13.0 13.0 13.0 14.0 13.0 14.0 13.0 13.0 13.0 13.0
9 10 1 TRACE 47.0 24.0 23.0 23.0 24.0 26.0 28.0 25.0 48.0 25.0 32.0 24.0 48.0 26.0 23.0 25.0 25.0 30.0 24.0 24.0 25.0 23.0 24.0 23.0 23.0 23.0 30.0 23.0 23.0 24.0 24.0 23.0 24.0 23.0 24.0 29.0 23.0 38.0 23.0 24.0 23.0 24.0 31.0 35.0 23.0 24.0 31.0 40.0 23.0 27.0 23.0 24.0 24.0 93.0 23.0 24.0 23.0 23.0 23.0 23.0 23.0 35.0 23.0 31.0
10 11 1 TRACE 19.0 16.0 16.0 15.0 16.0 27.0 16.0 16.0 23.0 15.0 15.0 17.0 16.0 16.0 15.0 16.0 16.0 16.0 15.0 16.0 15.0 15.0 16.0 16.0 15.0 16.0 16.0 15.0 23.0 16.0 16.0 15.0 15.0 16.0 15.0 15.0 15.0 15.0 16.0 15.0 15.0 15.0 16.0 15.0 15.0 17.0 16.0 16.0 16.0 15.0 15.0 27.0 16.0 26.0 15.0 15.0 16.0 15.0 16.0 16.0 15.0 15.0 16.0 16.0
11 12 1 TRACE 38.0 18.0 33.0 33.0 24.0 27.0 23.0 26.0 15.0 16.0 27.0 16.0 23.0 31.0 33.0 22.0 16.0 16.0 26.0 17.0 17.0 23.0 27.0 16.0 26.0 28.0 16.0 15.0 32.0 17.0 18.0 25.0 27.0 16.0 25.0 27.0 26.0 26.0 27.0 26.0 16.0 16.0 27.0 15.0 24.0 26.0 28.0 27.0 16.0 26.0 25.0 34.0 17.0 15.0 17.0 27.0 16.0 27.0 16.0 25.0 31.0 24.0 17.0 24.0
12 13 1 TRACE 20.0 41.0 29.0 28.0 15.0 25.0 15.0 15.0 26.0 26.0 15.0 22.0 19.0 15.0 16.0 16.0 28.0 30.0 15.0 23.0 27.0 15.0 25.0 25.0 15.0 15.0 14.0 15.0 15.0 26.0 26.0 15.0 15.0 27.0 15.0 15.0 15.0 14.0 15.0 15.0 26.0 26.0 27.0 14.0 15.0 15.0 15.0 25.0 15.0 15.0 15.0 18.0 26.0 33.0 51.0 15.0 26.0 15.0 26.0 15.0 15.0 15.0 26.0 15.0
13 14 1 TRACE 22.0 9.0 9.0 21.0 9.0 8.0 19.0 8.0 9.0 9.0 9.0 9.0 9.0 9.0 19.0 20.0 9.0 8.0 9.0 9.0 9.0 9.0 8.0 9.0 9.0 9.0 20.0 20.0 9.0 9.0 10.0 9.0 20.0 9.0 9.0 20.0 20.0 8.0 20.0 9.0 9.0 9.0 8.0 9.0 9.0 9.0 20.0 8.0 9.0 20.0 9.0 8.0 9.0 9.0 8.0 9.0 9.0 19.0 8.0 9.0 9.0 9.0 9.0 9.0
14 15 1 TRACE 23.0 14.0 13.0 25.0 13.0 13.0 13.0 13.0 13.0 24.0 13.0 14.0 14.0 14.0 14.0 13.0 24.0 13.0 24.0 24.0 25.0 13.0 12.0 27.0 13.0 25.0 24.0 24.0 13.0 25.0 25.0 24.0 13.0 24.0 24.0 12.0 13.0 13.0 13.0 13.0 24.0 24.0 13.0 13.0 24.0 14.0 14.0 13.0 24.0 13.0 13.0 13.0 25.0 14.0 13.0 24.0 24.0 12.0 24.0 24.0 13.0 25.0 25.0 24.0
15 16 1 TRACE 12.0 8.0 8.0 8.0 7.0 8.0 8.0 8.0 8.0 7.0 7.0 8.0 8.0 8.0 8.0 8.0 8.0 8.0 8.0 8.0 8.0 8.0 8.0 8.0 8.0 8.0 8.0 8.0 8.0 8.0 8.0 8.0 8.0 8.0 8.0 8.0 8.0 8.0 8.0 8.0 8.0 8.0 8.0 8.0 8.0 8.0 8.0 8.0 8.0 8.0 8.0 8.0 8.0 8.0 8.0 7.0 7.0 8.0 7.0 8.0 8.0 8.0 8.0 8.0
16 17 1 TRACE 36.0 414.0 23.0 25.0 25.0 26.0 25.0 26.0 30.0 27.0 25.0 60.0 58.0 62.0 24.0 25.0 25.0 25.0 24.0 27.0 24.0 25.0 24.0 100.0 31.0 24.0 26.0 27.0 59.0 25.0 24.0 26.0 25.0 65.0 25.0 25.0 25.0 60.0 26.0 26.0 25.0 27.0 25.0 27.0 25.0 25.0 26.0 25.0 26.0 24.0 26.0 24.0 33.0 24.0 24.0 25.0 24.0 37.0 25.0 25.0 24.0 25.0 25.0 24.0
17 18 1 TRACE 20.0 17.0 15.0 15.0 15.0 15.0 15.0 15.0 15.0 16.0 14.0 14.0 15.0 15.0 15.0 14.0 15.0 15.0 16.0 15.0 15.0 14.0 15.0 17.0 15.0 15.0 15.0 15.0 14.0 15.0 15.0 15.0 23.0 15.0 14.0 15.0 15.0 14.0 15.0 15.0 15.0 15.0 15.0 15.0 15.0 15.0 15.0 15.0 15.0 15.0 15.0 15.0 15.0 15.0 15.0 15.0 15.0 15.0 15.0 15.0 14.0 15.0 15.0 15.0
18 19 1 TRACE 20.0 15.0 15.0 15.0 34.0 15.0 15.0 16.0 15.0 15.0 15.0 16.0 15.0 15.0 15.0 15.0 15.0 15.0 15.0 15.0 15.0 15.0 15.0 44.0 15.0 15.0 14.0 16.0 16.0 15.0 15.0 15.0 16.0 19.0 15.0 15.0 15.0 14.0 15.0 15.0 17.0 15.0 15.0 15.0 20.0 15.0 15.0 15.0 16.0 15.0 15.0 15.0 15.0 15.0 15.0 15.0 15.0 15.0 15.0 15.0 15.0 15.0 14.0 15.0
19 20 1 TRACE 19.0 14.0 15.0 14.0 14.0 14.0 15.0 20.0 15.0 14.0 15.0 14.0 35.0 14.0 16.0 16.0 16.0 15.0 15.0 15.0 15.0 14.0 15.0 15.0 14.0 14.0 14.0 14.0 14.0 19.0 15.0 15.0 14.0 14.0 14.0 14.0 15.0 14.0 14.0 14.0 15.0 15.0 14.0 15.0 15.0 14.0 14.0 15.0 14.0 15.0 14.0 14.0 14.0 15.0 15.0 15.0 14.0 14.0 14.0 14.0 14.0 25.0 14.0 15.0
20 21 1 TRACE 18.0 16.0 14.0 14.0 15.0 14.0 14.0 15.0 14.0 14.0 14.0 15.0 14.0 14.0 14.0 14.0 14.0 14.0 14.0 14.0 14.0 14.0 14.0 14.0 14.0 14.0 14.0 14.0 14.0 14.0 14.0 14.0 14.0 34.0 13.0 14.0 14.0 15.0 14.0 15.0 14.0 14.0 14.0 14.0 14.0 14.0 14.0 14.0 14.0 14.0 14.0 14.0 14.0 14.0 14.0 14.0 14.0 14.0 14.0 13.0 15.0 14.0 13.0 14.0
21 22 1 TRACE 26.0 12.0 11.0 11.0 11.0 12.0 11.0 11.0 11.0 12.0 11.0 11.0 11.0 11.0 11.0 11.0 11.0 11.0 11.0 11.0 11.0 11.0 10.0 11.0 11.0 11.0 11.0 11.0 11.0 11.0 11.0 11.0 11.0 11.0 11.0 11.0 11.0 11.0 10.0 11.0 11.0 11.0 11.0 12.0 11.0 11.0 11.0 11.0 11.0 11.0 12.0 11.0 10.0 11.0 11.0 11.0 11.0 11.0 12.0 11.0 11.0 11.0 11.0 11.0
22 23 1 TRACE 93.0 4571.0 50.0 53.0 54.0 60.0 55.0 45.0 53.0 52.0 52.0 54.0 52.0 52.0 53.0 51.0 62.0 53.0 53.0 53.0 53.0 52.0 44.0 52.0 50.0 51.0 52.0 51.0 52.0 78.0 54.0 52.0 52.0 58.0 53.0 52.0 71.0 52.0 54.0 51.0 52.0 53.0 53.0 52.0 88.0 54.0 53.0 46.0 52.0 51.0 56.0 53.0 52.0 52.0 54.0 51.0 50.0 52.0 54.0 54.0 52.0 52.0 51.0 39.0
23 24 1 TRACE 41.0 65.0 21.0 21.0 21.0 21.0 21.0 21.0 21.0 20.0 21.0 61.0 21.0 21.0 20.0 21.0 20.0 20.0 21.0 25.0 20.0 22.0 20.0 22.0 21.0 21.0 20.0 21.0 21.0 20.0 21.0 22.0 21.0 56.0 21.0 21.0 22.0 21.0 21.0 20.0 21.0 20.0 21.0 21.0 55.0 55.0 21.0 20.0 21.0 20.0 20.0 21.0 21.0 21.0 20.0 20.0 20.0 21.0 21.0 26.0 20.0 20.0 20.0 20.0
24 25 1 TRACE 71.0 21.0 18.0 19.0 19.0 18.0 19.0 19.0 19.0 19.0 18.0 57.0 19.0 19.0 19.0 19.0 18.0 19.0 18.0 18.0 19.0 18.0 19.0 20.0 19.0 19.0 21.0 20.0 19.0 19.0 18.0 19.0 19.0 21.0 18.0 19.0 18.0 19.0 19.0 18.0 18.0 19.0 19.0 19.0 22.0 56.0 18.0 18.0 18.0 21.0 20.0 19.0 18.0 19.0 18.0 18.0 18.0 18.0 19.0 18.0 18.0 18.0 18.0 18.0
25 26 1 TRACE 25.0 10.0 9.0 10.0 9.0 9.0 10.0 9.0 9.0 10.0 10.0 10.0 10.0 9.0 9.0 10.0 10.0 9.0 20.0 9.0 9.0 10.0 10.0 9.0 9.0 10.0 9.0 10.0 9.0 10.0 10.0 10.0 10.0 10.0 9.0 9.0 9.0 10.0 9.0 10.0 9.0 9.0 10.0 9.0 9.0 9.0 16.0 9.0 10.0 10.0 10.0 9.0 10.0 10.0 10.0 10.0 9.0 10.0 10.0 10.0 9.0 9.0 10.0 10.0 10.0 9.0 10.0 9.0 10.0 10.0 9.0 9.0 10.0 10.0 9.0 9.0 9.0 10.0 10.0 9.0 9.0 10.0 9.0 9.0 10.0 9.0 9.0 9.0 9.0 9.0 10.0 10.0 10.0 10.0 10.0 9.0 9.0 9.0 10.0 10.0 10.0 9.0 10.0 10.0 10.0 10.0 9.0 9.0 10.0 10.0 9.0 10.0 9.0 10.0 10.0 9.0 10.0 9.0 9.0 9.0 10.0 10.0 9.0 9.0 10.0 10.0 9.0 9.0 9.0 10.0 10.0 10.0 9.0 12.0 10.0 10.0 9.0 9.0 9.0 9.0 9.0 10.0 9.0 9.0 9.0 10.0 9.0 10.0 10.0 9.0 11.0 10.0 10.0 10.0 9.0 9.0 10.0 10.0 10.0 10.0 9.0 9.0 12.0 9.0 9.0 10.0 10.0 9.0 9.0 9.0 9.0 9.0 9.0 9.0 9.0 10.0 10.0 9.0 9.0 9.0 10.0 9.0 9.0 10.0 10.0 10.0 10.0 10.0 9.0 9.0 10.0 10.0 9.0 10.0 10.0 9.0 10.0 10.0 9.0 9.0
26 27 1 TRACE 11.0 8.0 7.0 8.0 7.0 8.0 8.0 7.0 7.0 8.0 7.0 8.0 7.0 7.0 7.0 8.0 7.0 8.0 7.0 7.0 7.0 8.0 7.0 7.0 7.0 8.0 7.0 7.0 7.0 7.0 8.0 7.0 8.0 8.0 7.0 8.0 7.0 7.0 7.0 8.0 7.0 7.0 7.0 7.0 7.0 7.0 8.0 7.0 8.0 8.0 8.0 8.0 8.0 8.0 8.0 7.0 7.0 8.0 7.0 8.0 7.0 7.0 8.0 8.0 8.0 8.0 7.0 8.0 7.0 7.0 8.0 8.0 8.0 7.0 7.0 7.0 7.0 8.0 8.0 7.0 7.0 7.0 7.0 7.0 8.0 7.0 7.0 7.0 7.0 7.0 8.0 7.0 8.0 8.0 8.0 7.0 8.0 7.0 7.0 7.0 8.0 8.0 7.0 8.0 8.0 8.0 7.0 7.0 8.0 8.0 8.0 8.0 7.0 7.0 7.0 7.0 8.0 8.0 7.0 8.0 8.0 7.0 7.0 8.0 7.0 11.0 7.0 7.0 7.0 11.0 8.0 7.0 7.0 7.0 8.0 7.0 7.0 7.0 7.0 7.0 7.0 8.0 7.0 8.0 7.0 8.0 7.0 8.0 8.0 17.0 8.0 8.0 7.0 7.0 7.0 7.0 7.0 7.0 8.0 7.0 7.0 7.0 8.0 7.0 7.0 8.0 7.0 7.0 7.0 8.0 7.0 7.0 8.0 7.0 8.0 7.0 7.0 7.0 7.0 8.0 7.0 7.0 7.0 7.0 8.0 8.0 8.0 8.0 8.0 8.0 8.0 7.0 7.0 7.0 8.0 8.0 7.0 8.0 7.0 7.0
27 28 1 TRACE 11.0 7.0 8.0 7.0 7.0 7.0 7.0 7.0 8.0 7.0 7.0 7.0 7.0 7.0 8.0 7.0 7.0 7.0 8.0 7.0 8.0 7.0 7.0 7.0 7.0 7.0 8.0 7.0 8.0 7.0 7.0 7.0 7.0 7.0 8.0 7.0 7.0 7.0 8.0 7.0 7.0 7.0 7.0 8.0 7.0 7.0 7.0 8.0 7.0 7.0 7.0 7.0 7.0 7.0 7.0 7.0 8.0 7.0 7.0 7.0 8.0 7.0 8.0 7.0 7.0 7.0 7.0 7.0 7.0 7.0 7.0 7.0 7.0 7.0 7.0 8.0 7.0 7.0 7.0 7.0 7.0 7.0 8.0 7.0 7.0 8.0 7.0 7.0 7.0 7.0 7.0 7.0 7.0 7.0 7.0 8.0 7.0 7.0 7.0 7.0 7.0 7.0 7.0 7.0 7.0 7.0 8.0 7.0 7.0 7.0 7.0 7.0 7.0 7.0 8.0 7.0 7.0 7.0 8.0 7.0 8.0 10.0 8.0 7.0 7.0 8.0 8.0 8.0 8.0 8.0 7.0 7.0 7.0 7.0 7.0 7.0 8.0 8.0 7.0 8.0 7.0 7.0 7.0 7.0 8.0 7.0 7.0 7.0 7.0 7.0 8.0 7.0 7.0 7.0 8.0 7.0 8.0 7.0 7.0 7.0 8.0 8.0 7.0 7.0 7.0 7.0 8.0 8.0 7.0 7.0 8.0 8.0 7.0 7.0 7.0 7.0 7.0 8.0 7.0 7.0 7.0 8.0 8.0 7.0 7.0 7.0 7.0 7.0 7.0 7.0 7.0 7.0 7.0 7.0 7.0 7.0 7.0 7.0 8.0 8.0
28 29 1 TRACE 13.0 9.0 8.0 8.0 9.0 8.0 8.0 8.0 8.0 9.0 8.0 9.0 8.0 8.0 8.0 9.0 8.0 9.0 8.0 8.0 8.0 8.0 8.0 8.0 8.0 9.0 8.0 9.0 8.0 8.0 9.0 8.0 9.0 9.0 8.0 8.0 8.0 8.0 8.0 9.0 8.0 8.0 9.0 8.0 8.0 8.0 9.0 8.0 8.0 9.0 9.0 9.0 9.0 8.0 9.0 9.0 8.0 9.0 8.0 8.0 8.0 8.0 9.0 9.0 8.0 8.0 8.0 8.0 8.0 8.0 9.0 8.0 9.0 8.0 8.0 8.0 8.0 8.0 8.0 8.0 9.0 8.0 8.0 8.0 9.0 8.0 8.0 8.0 9.0 8.0 9.0 9.0 9.0 9.0 8.0 8.0 8.0 8.0 9.0 9.0 8.0 8.0 9.0 9.0 9.0 9.0 8.0 8.0 9.0 9.0 9.0 8.0 8.0 9.0 8.0 8.0 9.0 13.0 8.0 9.0 8.0 9.0 8.0 8.0 8.0 9.0 8.0 8.0 8.0 10.0 9.0 8.0 8.0 9.0 8.0 8.0 8.0 8.0 8.0 8.0 8.0 9.0 8.0 9.0 8.0 9.0 8.0 9.0 9.0 9.0 9.0 8.0 9.0 8.0 9.0 8.0 8.0 8.0 9.0 9.0 8.0 9.0 9.0 8.0 8.0 9.0 9.0 8.0 8.0 9.0 8.0 8.0 8.0 9.0 8.0 8.0 9.0 8.0 8.0 8.0 9.0 8.0 9.0 9.0 9.0 8.0 9.0 8.0 8.0 8.0 8.0 8.0 9.0 8.0 8.0 9.0 8.0 8.0 8.0 8.0
29 30 1 TRACE 38.0 31.0 31.0 28.0 32.0 30.0 36.0 28.0 31.0 30.0 27.0 32.0 28.0 28.0 29.0 33.0 31.0 33.0 18.0 29.0 26.0 30.0 29.0 28.0 33.0 27.0 36.0 30.0 33.0 32.0 35.0 33.0 33.0 33.0 37.0 31.0 48.0 30.0 72.0 29.0 31.0 30.0 110.0 30.0 18.0 28.0 25.0 31.0 18.0 32.0 32.0 29.0 31.0 29.0 40.0 27.0 42.0 33.0 31.0 30.0 68.0 29.0 29.0 29.0 27.0 31.0 32.0 34.0 28.0 30.0 30.0 31.0 29.0 28.0 28.0 30.0 28.0 32.0 29.0 31.0 30.0 28.0 29.0 29.0 29.0 28.0 29.0 31.0 30.0 29.0 34.0 31.0 30.0 32.0 39.0 18.0 38.0 32.0 30.0 32.0 32.0 31.0 32.0 35.0 31.0 30.0 32.0 32.0 31.0 30.0 31.0 30.0 31.0 30.0 38.0 33.0 31.0 16.0 30.0 31.0 31.0 15.0 30.0 32.0 32.0 15.0 32.0 29.0 30.0 15.0 33.0 30.0 31.0 15.0 30.0 32.0 36.0 30.0 64.0 30.0 32.0 31.0 67.0 38.0 32.0 30.0 115.0 31.0 32.0 18.0 20.0 30.0 30.0 28.0 19.0 29.0 39.0 27.0 30.0 29.0 32.0 33.0 16.0 52.0 30.0 36.0 22.0 35.0 71.0 27.0 29.0 31.0 62.0 40.0 31.0 27.0 30.0 29.0 33.0 33.0 32.0 32.0 30.0 30.0 28.0 31.0 24.0 31.0 30.0 129.0 29.0 27.0 30.0 115.0 31.0 31.0 72.0 30.0 27.0 30.0
30 31 1 TRACE 23.0 18.0 13.0 14.0 14.0 14.0 8.0 14.0 14.0 14.0 14.0 15.0 15.0 13.0 14.0 14.0 8.0 15.0 14.0 8.0 14.0 8.0 14.0 13.0 14.0 8.0 13.0 14.0 14.0 14.0 14.0 13.0 13.0 15.0 8.0 14.0 13.0 8.0 13.0 14.0 20.0 14.0 14.0 14.0 8.0 7.0 14.0 9.0 13.0 13.0 8.0 14.0 15.0 8.0 14.0 14.0 14.0 8.0 8.0 8.0 8.0 13.0 13.0 9.0 14.0 8.0 9.0 8.0 14.0 8.0 13.0 14.0 15.0 14.0 14.0 8.0 14.0 21.0 10.0 14.0 14.0 14.0 14.0 8.0 8.0 15.0 14.0 13.0 9.0 14.0 14.0 10.0 14.0 14.0 14.0 13.0 55.0 8.0 13.0 14.0 14.0 15.0 15.0 8.0 14.0 13.0 14.0 24.0 15.0 14.0 14.0 15.0 14.0 14.0 8.0 8.0 14.0 9.0 8.0 14.0 14.0 8.0 14.0 14.0 14.0 8.0 15.0 8.0 14.0 13.0 15.0 8.0 13.0 13.0 14.0 14.0 15.0 14.0 8.0 14.0 15.0 8.0 8.0 15.0 14.0 8.0 8.0 14.0 8.0 14.0 14.0 8.0 13.0 15.0 13.0 8.0 15.0 14.0 14.0 8.0 8.0 15.0 8.0 13.0 14.0 14.0 13.0 13.0 8.0 13.0 13.0 8.0 15.0 13.0 9.0 14.0 14.0 8.0 9.0 13.0 15.0 14.0 14.0 14.0 9.0 8.0 13.0 9.0 14.0 15.0 9.0 14.0 14.0 14.0 8.0 8.0 14.0 8.0 14.0 15.0
31 32 1 TRACE 15.0 11.0 11.0 11.0 11.0 11.0 10.0 11.0 11.0 11.0 11.0 11.0 11.0 10.0 15.0 10.0 10.0 11.0 11.0 11.0 11.0 10.0 11.0 11.0 11.0 11.0 11.0 11.0 11.0 11.0 11.0 11.0 11.0 11.0 10.0 10.0 11.0 11.0 11.0 11.0 11.0 11.0 11.0 11.0 11.0 10.0 10.0 11.0 11.0 11.0 10.0 11.0 10.0 11.0 10.0 11.0 11.0 10.0 10.0 11.0 10.0 11.0 11.0 11.0 10.0 11.0 11.0 10.0 11.0 10.0 11.0 11.0 19.0 11.0 15.0 11.0 10.0 10.0 13.0 18.0 10.0 10.0 10.0 11.0 10.0 10.0 11.0 11.0 10.0 11.0 11.0 13.0 11.0 11.0 11.0 11.0 11.0 11.0 11.0 11.0 11.0 11.0 11.0 11.0 11.0 11.0 12.0 12.0 11.0 11.0 11.0 11.0 11.0 11.0 10.0 10.0 11.0 11.0 10.0 11.0 11.0 11.0 11.0 11.0 11.0 11.0 11.0 10.0 11.0 11.0 11.0 11.0 11.0 11.0 11.0 11.0 11.0 11.0 10.0 10.0 10.0 11.0 11.0 10.0 11.0 10.0 11.0 11.0 11.0 10.0 11.0 11.0 11.0 10.0 10.0 11.0 10.0 11.0 11.0 10.0 11.0 10.0 11.0 11.0 11.0 11.0 11.0 11.0 10.0 11.0 11.0 10.0 11.0 11.0 11.0 10.0 11.0 11.0 10.0 11.0 11.0 10.0 11.0 11.0 11.0 11.0 11.0 11.0 11.0 11.0 11.0 11.0 11.0 11.0 11.0 10.0 10.0 10.0 10.0 10.0
32 33 1 TRACE 20.0 15.0 14.0 15.0 14.0 14.0 14.0 14.0 15.0 14.0 19.0 14.0 22.0 14.0 17.0 15.0 15.0 14.0 14.0 14.0 15.0 15.0 15.0 14.0 14.0 15.0 14.0 15.0 14.0 15.0 19.0 14.0 18.0 14.0 14.0 14.0 14.0 15.0 14.0 14.0 15.0 14.0 15.0 14.0 16.0 14.0 15.0 14.0 16.0 14.0 14.0 14.0 15.0 19.0 15.0 14.0 14.0 14.0 14.0 15.0 16.0 14.0 14.0 14.0 14.0 16.0 14.0 14.0 14.0 15.0 14.0 14.0 16.0 15.0 16.0 15.0 15.0 14.0 16.0 15.0 14.0 14.0 14.0 15.0 15.0 15.0 14.0 15.0 21.0 15.0 14.0 16.0 15.0 14.0 15.0 15.0 52.0 15.0 14.0 14.0 14.0 15.0 14.0 15.0 14.0 15.0 15.0 16.0 14.0 14.0 14.0 14.0 14.0 15.0 15.0 14.0 14.0 16.0 14.0 14.0 14.0 15.0 14.0 59.0 14.0 15.0 15.0 53.0 14.0 15.0 14.0 19.0 15.0 15.0 14.0 14.0 14.0 14.0 14.0 14.0 15.0 14.0 15.0 15.0 14.0 14.0 14.0 14.0 15.0 15.0 15.0 14.0 15.0 16.0 15.0 14.0 15.0 14.0 14.0 14.0 13.0 15.0 16.0 14.0 16.0 15.0 14.0 14.0 51.0 14.0 14.0 15.0 51.0 15.0 14.0 51.0 14.0 15.0 14.0 15.0 15.0 14.0 14.0 15.0 14.0 14.0 15.0 14.0 15.0 17.0 14.0 14.0 14.0 14.0 15.0 14.0 51.0 15.0 14.0 15.0
33 34 1 TRACE 163.0 367.0 131.0 108.0 143.0 118.0 33.0 630.0 105.0 66.0 435.0 121.0 59.0 77.0 872.0 106.0 81.0 261.0 109.0 93.0 99.0 91.0 95.0 268.0 129.0 93.0 284.0 129.0 105.0 320.0 107.0 64.0 418.0 106.0 108.0 384.0 105.0 91.0 110.0 1013.0 104.0 77.0 343.0 129.0 118.0 156.0 135.0 67.0 387.0 106.0 59.0 155.0 132.0 85.0 65.0 444.0 105.0 103.0 91.0 95.0 59.0 276.0 130.0 104.0 103.0 90.0 109.0 93.0 104.0 105.0 294.0 106.0 63.0 235.0 131.0 92.0 148.0 129.0 79.0 68.0 679.0 123.0 86.0 98.0 105.0 85.0 343.0 128.0 106.0 145.0 123.0 110.0 345.0 130.0 60.0 650.0 105.0 91.0 429.0 133.0 71.0 321.0 129.0 70.0 898.0 105.0 85.0 128.0 57.0 486.0 106.0 79.0 171.0 129.0 124.0 223.0 138.0 119.0 108.0 948.0 128.0 111.0 163.0 127.0 88.0 156.0 112.0 78.0 91.0 136.0 120.0 92.0 102.0 611.0 128.0 107.0 350.0 106.0 151.0 140.0 110.0 81.0 97.0 294.0 109.0 55.0 172.0 131.0 73.0 903.0 127.0 115.0 103.0 61.0 130.0 98.0 93.0 262.0 116.0 96.0 177.0 127.0 95.0 340.0 131.0 72.0 265.0 107.0 90.0 222.0 129.0 66.0 67.0 126.0 99.0 121.0 120.0 85.0 72.0 183.0 114.0 78.0 168.0 108.0 104.0 180.0 140.0 70.0 430.0 112.0 117.0 89.0 816.0 140.0 107.0 107.0 104.0 94.0 130.0 131.0
34 35 1 TRACE 722.0 131.0 55.0 38.0 38.0 38.0 38.0 106.0 38.0 36.0 54.0 36.0 30.0 37.0 55.0 37.0 36.0 47.0 37.0 37.0 43.0 37.0 37.0 64.0 47.0 30.0 39.0 74.0 36.0 49.0 37.0 37.0 79.0 37.0 37.0 45.0 37.0 31.0 84.0 129.0 37.0 37.0 42.0 37.0 16.0 39.0 88.0 36.0 46.0 37.0 35.0 48.0 38.0 36.0 37.0 43.0 38.0 16.0 37.0 16.0 37.0 40.0 37.0 36.0 49.0 37.0 16.0 38.0 36.0 37.0 41.0 37.0 36.0 149.0 38.0 67.0 37.0 38.0 15.0 36.0 314.0 38.0 16.0 38.0 37.0 37.0 93.0 50.0 36.0 112.0 43.0 36.0 42.0 37.0 36.0 49.0 37.0 37.0 43.0 38.0 36.0 42.0 39.0 37.0 94.0 37.0 38.0 37.0 37.0 43.0 37.0 36.0 40.0 37.0 16.0 75.0 38.0 16.0 42.0 55.0 37.0 38.0 38.0 43.0 15.0 67.0 42.0 73.0 30.0 38.0 36.0 51.0 36.0 47.0 37.0 36.0 128.0 37.0 36.0 170.0 44.0 34.0 37.0 81.0 154.0 15.0 39.0 48.0 36.0 55.0 36.0 38.0 37.0 36.0 37.0 37.0 35.0 80.0 42.0 16.0 189.0 37.0 37.0 68.0 38.0 36.0 40.0 37.0 38.0 39.0 41.0 43.0 36.0 36.0 35.0 145.0 37.0 16.0 37.0 38.0 37.0 36.0 37.0 43.0 17.0 48.0 37.0 37.0 44.0 37.0 31.0 44.0 54.0 37.0 15.0 38.0 38.0 37.0 256.0 39.0
35 36 1 TRACE 47.0 198.0 35.0 33.0 48.0 35.0 33.0 144.0 33.0 32.0 75.0 33.0 28.0 34.0 71.0 33.0 32.0 41.0 33.0 33.0 54.0 33.0 33.0 47.0 115.0 27.0 40.0 75.0 33.0 42.0 32.0 32.0 116.0 33.0 32.0 52.0 34.0 27.0 35.0 239.0 33.0 33.0 104.0 39.0 13.0 34.0 38.0 33.0 56.0 33.0 44.0 38.0 35.0 33.0 33.0 47.0 35.0 13.0 47.0 13.0 32.0 41.0 34.0 33.0 40.0 32.0 14.0 35.0 33.0 32.0 40.0 33.0 32.0 623.0 41.0 67.0 34.0 35.0 14.0 72.0 161.0 34.0 13.0 36.0 34.0 52.0 45.0 35.0 32.0 183.0 35.0 34.0 47.0 34.0 33.0 56.0 33.0 34.0 48.0 34.0 33.0 158.0 34.0 33.0 72.0 34.0 33.0 33.0 34.0 48.0 34.0 32.0 36.0 34.0 13.0 42.0 33.0 13.0 33.0 194.0 34.0 32.0 35.0 34.0 13.0 103.0 34.0 35.0 28.0 40.0 35.0 15.0 34.0 54.0 33.0 32.0 52.0 33.0 31.0 336.0 34.0 33.0 33.0 43.0 137.0 14.0 37.0 58.0 32.0 94.0 34.0 41.0 33.0 32.0 34.0 39.0 32.0 95.0 35.0 14.0 134.0 33.0 33.0 129.0 33.0 32.0 40.0 39.0 33.0 37.0 38.0 31.0 49.0 33.0 31.0 81.0 34.0 14.0 32.0 71.0 39.0 32.0 36.0 34.0 14.0 36.0 38.0 32.0 53.0 33.0 28.0 35.0 68.0 33.0 14.0 33.0 32.0 64.0 50.0 44.0
36 37 1 TRACE 77.0 622.0 72.0 47.0 53.0 33.0 90.0 324.0 54.0 29.0 229.0 90.0 23.0 27.0 485.0 50.0 32.0 86.0 55.0 23.0 34.0 24.0 27.0 140.0 26.0 44.0 151.0 27.0 50.0 168.0 49.0 33.0 249.0 57.0 53.0 286.0 48.0 31.0 28.0 515.0 52.0 35.0 174.0 74.0 72.0 49.0 26.0 64.0 260.0 58.0 25.0 74.0 50.0 24.0 26.0 244.0 49.0 80.0 29.0 81.0 40.0 149.0 25.0 25.0 30.0 23.0 51.0 39.0 27.0 26.0 178.0 63.0 27.0 91.0 26.0 43.0 43.0 53.0 47.0 63.0 340.0 25.0 47.0 68.0 24.0 26.0 188.0 26.0 30.0 48.0 40.0 26.0 170.0 30.0 28.0 430.0 52.0 25.0 222.0 25.0 41.0 197.0 29.0 32.0 536.0 31.0 69.0 26.0 27.0 267.0 62.0 36.0 107.0 38.0 67.0 74.0 29.0 64.0 50.0 505.0 25.0 24.0 67.0 73.0 71.0 46.0 60.0 23.0 62.0 57.0 42.0 63.0 48.0 312.0 33.0 50.0 250.0 57.0 44.0 50.0 49.0 23.0 37.0 94.0 26.0 76.0 45.0 26.0 30.0 479.0 24.0 28.0 23.0 23.0 40.0 23.0 25.0 87.0 44.0 85.0 62.0 32.0 52.0 174.0 27.0 24.0 159.0 40.0 60.0 66.0 27.0 24.0 65.0 24.0 28.0 45.0 52.0 40.0 29.0 117.0 40.0 34.0 70.0 50.0 88.0 55.0 26.0 37.0 294.0 62.0 24.0 28.0 486.0 48.0 72.0 34.0 45.0 25.0 55.0 26.0
37 38 1 TRACE 32.0 57.0 23.0 24.0 34.0 24.0 65.0 82.0 22.0 23.0 69.0 32.0 23.0 23.0 133.0 23.0 26.0 43.0 22.0 22.0 29.0 21.0 31.0 53.0 23.0 22.0 59.0 23.0 24.0 57.0 23.0 24.0 76.0 22.0 25.0 82.0 23.0 24.0 25.0 130.0 23.0 23.0 58.0 23.0 23.0 35.0 23.0 23.0 96.0 22.0 22.0 39.0 22.0 22.0 23.0 72.0 24.0 23.0 26.0 23.0 23.0 50.0 65.0 22.0 25.0 22.0 22.0 28.0 29.0 22.0 50.0 22.0 22.0 46.0 28.0 23.0 30.0 24.0 22.0 61.0 89.0 22.0 22.0 72.0 21.0 23.0 58.0 21.0 23.0 34.0 23.0 24.0 55.0 23.0 24.0 88.0 24.0 23.0 66.0 24.0 23.0 64.0 23.0 25.0 125.0 23.0 65.0 22.0 25.0 111.0 23.0 23.0 43.0 22.0 23.0 44.0 23.0 22.0 24.0 131.0 22.0 23.0 36.0 23.0 23.0 35.0 23.0 23.0 23.0 32.0 23.0 59.0 25.0 80.0 25.0 24.0 74.0 29.0 28.0 33.0 23.0 22.0 23.0 49.0 22.0 23.0 34.0 24.0 24.0 117.0 22.0 25.0 22.0 22.0 27.0 22.0 21.0 46.0 23.0 23.0 38.0 61.0 25.0 57.0 23.0 22.0 50.0 22.0 23.0 39.0 23.0 22.0 26.0 23.0 23.0 67.0 23.0 22.0 22.0 38.0 23.0 40.0 36.0 22.0 23.0 44.0 22.0 24.0 81.0 23.0 27.0 24.0 122.0 23.0 21.0 27.0 22.0 24.0 40.0 23.0
38 39 1 TRACE 32.0 21.0 20.0 20.0 30.0 19.0 63.0 19.0 19.0 19.0 82.0 20.0 27.0 18.0 20.0 27.0 33.0 21.0 18.0 20.0 19.0 39.0 20.0 21.0 19.0 19.0 21.0 19.0 19.0 21.0 19.0 20.0 19.0 19.0 19.0 26.0 19.0 19.0 20.0 19.0 21.0 20.0 21.0 20.0 20.0 20.0 18.0 19.0 21.0 18.0 19.0 20.0 19.0 19.0 20.0 20.0 21.0 19.0 20.0 27.0 20.0 21.0 58.0 19.0 19.0 19.0 19.0 19.0 18.0 19.0 20.0 19.0 20.0 20.0 19.0 19.0 20.0 19.0 20.0 19.0 21.0 19.0 20.0 60.0 20.0 20.0 61.0 19.0 19.0 20.0 20.0 20.0 20.0 19.0 20.0 20.0 19.0 21.0 20.0 19.0 19.0 22.0 19.0 21.0 31.0 18.0 20.0 19.0 20.0 57.0 19.0 19.0 21.0 19.0 21.0 21.0 19.0 19.0 19.0 19.0 20.0 19.0 21.0 25.0 20.0 20.0 19.0 20.0 19.0 20.0 19.0 21.0 19.0 21.0 20.0 19.0 21.0 19.0 19.0 21.0 19.0 20.0 19.0 20.0 20.0 18.0 19.0 20.0 19.0 20.0 19.0 19.0 21.0 19.0 20.0 19.0 20.0 20.0 19.0 19.0 20.0 58.0 19.0 22.0 19.0 19.0 19.0 20.0 28.0 20.0 20.0 20.0 20.0 20.0 18.0 20.0 19.0 20.0 20.0 58.0 19.0 20.0 22.0 19.0 24.0 20.0 18.0 19.0 20.0 20.0 19.0 19.0 20.0 26.0 18.0 20.0 19.0 19.0 21.0 20.0
39 25 1 TRACE 15.0 15.0 17.0 16.0 15.0 15.0 16.0 15.0 15.0 14.0 15.0 15.0 15.0 15.0 15.0 15.0 14.0 14.0 15.0 14.0 15.0 14.0 15.0 14.0 15.0 15.0 14.0 15.0 14.0 15.0 15.0 15.0 16.0 15.0 22.0 15.0 16.0 15.0 15.0 15.0 18.0 14.0 15.0 15.0 14.0 15.0 15.0 16.0 15.0 16.0 15.0 14.0 15.0 15.0 15.0 15.0 15.0 14.0 15.0 20.0 15.0 21.0 14.0 14.0 15.0 15.0 15.0 15.0 15.0 15.0 15.0 15.0
39 40 1 TRACE 29.0 25.0 22.0 24.0 61.0 21.0 21.0 22.0 21.0 22.0 22.0 22.0 23.0 23.0 23.0 22.0 23.0 23.0 21.0 23.0 37.0 32.0 52.0 23.0 21.0 22.0 23.0 60.0 23.0 23.0 22.0 23.0 22.0 24.0 60.0 59.0 22.0 21.0 22.0 22.0 21.0 21.0 22.0 26.0 23.0 22.0 23.0 23.0 22.0 23.0 23.0 30.0 22.0 23.0 27.0 22.0 22.0 24.0 22.0 21.0 31.0 24.0 22.0 22.0
39 51 1 TRACE 29.0 28.0 22.0 23.0 22.0 23.0 22.0 22.0 22.0 23.0 24.0 22.0 27.0 22.0 28.0 22.0 22.0 22.0 23.0 60.0 21.0 22.0 26.0 21.0 22.0 22.0 22.0 24.0 23.0 29.0 23.0 23.0 22.0 22.0 23.0 23.0 22.0 27.0 23.0 21.0 36.0 29.0 23.0 23.0 24.0 22.0 22.0 22.0 22.0 22.0 22.0 58.0 22.0 22.0 23.0 24.0 29.0 21.0 22.0 21.0 26.0 22.0 26.0 22.0
40 41 1 TRACE 116.0 62.0 138.0 117.0 184.0 74.0 58.0 94.0 97.0 99.0 122.0 125.0 192.0 100.0 64.0 124.0 70.0 120.0 55.0 88.0 56.0 58.0 85.0 88.0 60.0 146.0 59.0 104.0 64.0 96.0 146.0 109.0 104.0 182.0 56.0 124.0 88.0 79.0 190.0 66.0 64.0 60.0 134.0 126.0 63.0 83.0 64.0 172.0 56.0 59.0 81.0 68.0 104.0 86.0 73.0 55.0 60.0 68.0 64.0 68.0 125.0 184.0 56.0 64.0
41 42 1 TRACE 16.0 11.0 11.0 11.0 11.0 10.0 12.0 11.0 10.0 12.0 11.0 10.0 11.0 11.0 11.0 11.0 11.0 10.0 11.0 11.0 12.0 10.0 12.0 11.0 11.0 11.0 11.0 11.0 12.0 10.0 11.0 11.0 10.0 10.0 12.0 11.0 11.0 11.0 11.0 11.0 12.0 11.0 10.0 12.0 10.0 11.0 12.0 11.0 10.0 12.0 11.0 11.0 16.0 11.0 11.0 11.0 11.0 11.0 11.0 11.0 11.0 11.0 11.0 11.0 11.0 11.0 11.0 11.0 11.0 11.0 12.0 11.0 11.0 11.0 11.0 11.0 11.0 11.0 11.0 11.0 11.0 11.0 12.0 11.0 10.0 10.0 11.0 11.0 10.0 12.0 11.0 10.0 12.0 10.0 10.0 12.0 11.0 11.0 11.0 11.0 11.0 11.0 11.0 11.0 12.0 11.0 11.0 12.0 11.0 11.0 10.0 11.0 11.0 11.0 12.0 11.0 11.0 11.0 11.0 10.0 12.0 11.0 11.0 11.0 11.0 11.0 12.0 11.0 10.0 11.0 10.0 11.0 12.0 11.0 11.0 12.0 11.0 11.0 11.0 12.0 10.0 12.0 12.0 10.0 11.0 11.0 11.0 12.0 11.0 11.0 11.0 17.0 11.0 10.0 11.0 10.0 11.0 11.0 12.0 11.0 10.0 11.0 11.0 11.0 11.0 11.0 11.0 11.0 10.0 10.0 12.0 10.0 11.0 12.0 12.0 11.0 10.0 12.0 12.0 10.0 12.0 12.0 10.0 11.0 11.0 12.0 12.0 11.0 11.0 12.0 11.0 11.0 12.0 11.0 11.0 11.0 11.0 10.0 11.0 11.0 11.0 11.0
42 43 1 TRACE 15.0 11.0 10.0 11.0 10.0 19.0 10.0 10.0 10.0 10.0 11.0 10.0 10.0 10.0 10.0 11.0 11.0 10.0 10.0 11.0 11.0 10.0 11.0 10.0 10.0 11.0 10.0 10.0 10.0 11.0 10.0 10.0 10.0 10.0 11.0 10.0 10.0 10.0 10.0 10.0 10.0 10.0 10.0 10.0 10.0 10.0 11.0 10.0 10.0 14.0 10.0 10.0 11.0 10.0 10.0 10.0 15.0 10.0 10.0 10.0 11.0 10.0 11.0 11.0 10.0 10.0 10.0 10.0 10.0 10.0 11.0 10.0 10.0 10.0 10.0 11.0 11.0 10.0 10.0 10.0 10.0 11.0 10.0 10.0 11.0 10.0 11.0 10.0 11.0 10.0 10.0 10.0 10.0 11.0 11.0 10.0 10.0 10.0 14.0 11.0 10.0 11.0 15.0 10.0 10.0 10.0 11.0 10.0 11.0 10.0 11.0 10.0 10.0 10.0 10.0 11.0 10.0 11.0 10.0 10.0 11.0 10.0 10.0 11.0 10.0 9.0 10.0 10.0 11.0 11.0 10.0 10.0 11.0 10.0 10.0 10.0 10.0 11.0 11.0 10.0 10.0 10.0 10.0 10.0 10.0 10.0 10.0 11.0 11.0 10.0 10.0 11.0 10.0 11.0 10.0 10.0 10.0 10.0 10.0 10.0 10.0 11.0 10.0 10.0 10.0 10.0 11.0 10.0 11.0 11.0 10.0 10.0 10.0 10.0 11.0 11.0 11.0 10.0 11.0 10.0 10.0 10.0 11.0 10.0 10.0 10.0 10.0 10.0 10.0 10.0 10.0 10.0 10.0 10.0 11.0 10.0 10.0 11.0 11.0 11.0 10.0 10.0
43 44 1 TRACE 13.0 8.0 8.0 9.0 8.0 8.0 8.0 8.0 8.0 8.0 8.0 8.0 8.0 8.0 7.0 8.0 8.0 8.0 8.0 8.0 8.0 8.0 8.0 8.0 9.0 8.0 8.0 8.0 8.0 8.0 8.0 8.0 8.0 8.0 8.0 8.0 8.0 8.0 8.0 8.0 8.0 8.0 8.0 8.0 8.0 8.0 8.0 8.0 8.0 9.0 8.0 8.0 10.0 8.0 8.0 8.0 9.0 8.0 8.0 9.0 12.0 8.0 8.0 9.0 8.0 8.0 8.0 8.0 8.0 8.0 8.0 8.0 8.0 8.0 9.0 8.0 8.0 8.0 8.0 8.0 8.0 8.0 8.0 8.0 8.0 8.0 8.0 8.0 8.0 8.0 8.0 8.0 8.0 9.0 8.0 8.0 9.0 9.0 9.0 8.0 8.0 9.0 9.0 8.0 8.0 8.0 11.0 8.0 8.0 9.0 8.0 8.0 8.0 8.0 9.0 8.0 8.0 9.0 8.0 8.0 8.0 9.0 9.0 8.0 8.0 8.0 8.0 8.0 8.0 8.0 8.0 8.0 8.0 8.0 8.0 8.0 8.0 8.0 8.0 8.0 8.0 8.0 8.0 8.0 8.0 8.0 8.0 8.0 8.0 9.0 8.0 9.0 8.0 8.0 8.0 8.0 8.0 8.0 8.0 8.0 8.0 8.0 8.0 8.0 8.0 8.0 8.0 8.0 9.0 9.0 9.0 9.0 8.0 8.0 8.0 8.0 8.0 8.0 8.0 8.0 9.0 8.0 8.0 8.0 8.0 8.0 8.0 8.0 8.0 8.0 8.0 8.0 8.0 8.0 8.0 8.0 8.0 8.0 8.0 8.0 8.0 8.0
44 45 1 TRACE 44.0 25.0 25.0 40.0 25.0 23.0 27.0 36.0 36.0 44.0 26.0 26.0 27.0 48.0 25.0 75.0 70.0 25.0 28.0 25.0 62.0 25.0 49.0 25.0 24.0 24.0 24.0 24.0 38.0 26.0 33.0 43.0 27.0 26.0 28.0 26.0 27.0 28.0 26.0 28.0 38.0 27.0 26.0 95.0 25.0 25.0 29.0 65.0 25.0 21.0 56.0 25.0 23.0 24.0 25.0 54.0 21.0 24.0 24.0 38.0 20.0 22.0 46.0 25.0 23.0 25.0 30.0 25.0 24.0 23.0 41.0 25.0 24.0 28.0 24.0 23.0 44.0 26.0 31.0 28.0 25.0 25.0 47.0 25.0 31.0 25.0 33.0 25.0 25.0 48.0 102.0 27.0 40.0 26.0 73.0 28.0 26.0 25.0 23.0 31.0 26.0 38.0 22.0 25.0 25.0 25.0 20.0 28.0 24.0 25.0 24.0 37.0 25.0 27.0 29.0 71.0 25.0 43.0 25.0 72.0 33.0 23.0 69.0 48.0 25.0 26.0 49.0 30.0 27.0 50.0 25.0 25.0 26.0 24.0 25.0 31.0 27.0 26.0 48.0 24.0 32.0 42.0 26.0 24.0 49.0 24.0 23.0 99.0 23.0 22.0 47.0 23.0 25.0 24.0 43.0 26.0 26.0 27.0 45.0 25.0 25.0 47.0 31.0 27.0 27.0 23.0 24.0 35.0 25.0 25.0 28.0 26.0 25.0 49.0 23.0 24.0 26.0 43.0 23.0 24.0 40.0 23.0 24.0 50.0 25.0 24.0 29.0 25.0 62.0 32.0 25.0 26.0 26.0 24.0 26.0 51.0 23.0 25.0 25.0 39.0 25.0 25.0
45 46 1 TRACE 20.0 14.0 15.0 33.0 13.0 14.0 15.0 15.0 14.0 15.0 15.0 13.0 15.0 15.0 15.0 17.0 15.0 15.0 15.0 17.0 15.0 14.0 14.0 15.0 15.0 15.0 14.0 14.0 15.0 15.0 15.0 14.0 16.0 15.0 15.0 19.0 14.0 16.0 14.0 14.0 16.0 15.0 14.0 16.0 14.0 14.0 14.0 52.0 14.0 14.0 15.0 14.0 15.0 15.0 14.0 16.0 14.0 15.0 15.0 15.0 14.0 14.0 14.0 15.0 14.0 14.0 16.0 15.0 18.0 14.0 15.0 16.0 14.0 14.0 14.0 14.0 15.0 14.0 15.0 14.0 15.0 15.0 15.0 14.0 14.0 14.0 14.0 16.0 15.0 16.0 16.0 14.0 21.0 15.0 16.0 18.0 20.0 15.0 15.0 15.0 15.0 21.0 15.0 15.0 15.0 14.0 21.0 14.0 14.0 14.0 14.0 15.0 15.0 15.0 14.0 15.0 14.0 16.0 14.0 15.0 14.0 15.0 48.0 15.0 15.0 15.0 16.0 15.0 15.0 20.0 15.0 15.0 15.0 14.0 14.0 14.0 15.0 15.0 15.0 15.0 15.0 16.0 15.0 14.0 15.0 14.0 14.0 14.0 14.0 14.0 15.0 14.0 58.0 15.0 14.0 15.0 14.0 15.0 16.0 15.0 15.0 15.0 15.0 15.0 14.0 14.0 13.0 15.0 15.0 15.0 14.0 14.0 15.0 27.0 13.0 15.0 17.0 14.0 14.0 15.0 17.0 14.0 15.0 15.0 14.0 14.0 16.0 14.0 14.0 15.0 13.0 14.0 15.0 14.0 14.0 15.0 14.0 14.0 15.0 15.0 13.0 14.0
46 47 1 TRACE 607.0 154.0 120.0 591.0 190.0 119.0 350.0 135.0 118.0 368.0 140.0 118.0 340.0 127.0 117.0 523.0 164.0 151.0 569.0 216.0 121.0 118.0 469.0 154.0 135.0 437.0 153.0 120.0 400.0 146.0 119.0 364.0 138.0 118.0 406.0 137.0 121.0 331.0 126.0 118.0 403.0 147.0 119.0 599.0 183.0 119.0 365.0 138.0 119.0 550.0 171.0 118.0 384.0 144.0 118.0 565.0 323.0 123.0 119.0 472.0 160.0 119.0 555.0 254.0 122.0 118.0 570.0 220.0 121.0 118.0 489.0 153.0 121.0 496.0 159.0 120.0 577.0 210.0 120.0 347.0 133.0 125.0 566.0 217.0 121.0 117.0 427.0 145.0 119.0 582.0 182.0 120.0 412.0 148.0 136.0 346.0 132.0 117.0 406.0 142.0 118.0 389.0 169.0 118.0 336.0 129.0 119.0 555.0 274.0 124.0 119.0 387.0 138.0 118.0 521.0 162.0 120.0 494.0 159.0 140.0 331.0 126.0 119.0 574.0 178.0 119.0 590.0 182.0 119.0 575.0 211.0 140.0 362.0 135.0 119.0 379.0 137.0 118.0 596.0 208.0 119.0 459.0 175.0 119.0 581.0 182.0 146.0 346.0 129.0 119.0 555.0 272.0 122.0 119.0 570.0 213.0 121.0 117.0 476.0 156.0 119.0 559.0 171.0 119.0 402.0 147.0 120.0 456.0 153.0 119.0 581.0 168.0 119.0 556.0 316.0 123.0 120.0 575.0 220.0 120.0 572.0 192.0 119.0 583.0 214.0 139.0 568.0 171.0 152.0 372.0 137.0 118.0 338.0 124.0 122.0 558.0 234.0 118.0 114.0 574.0 179.0 116.0
47 48 1 TRACE 13.0 10.0 11.0 8.0 10.0 9.0 8.0 9.0 9.0 8.0 10.0 13.0 7.0 10.0 10.0 8.0 10.0 10.0 8.0 20.0 36.0 8.0 10.0 10.0 8.0 14.0 10.0 8.0 10.0 10.0 8.0 10.0 10.0 8.0 11.0 10.0 8.0 22.0 10.0 8.0 10.0 10.0 8.0 11.0 10.0 9.0 10.0 11.0 8.0 12.0 10.0 8.0 10.0 10.0 8.0 10.0 10.0 8.0 13.0 42.0 8.0 10.0 10.0 8.0 10.0 10.0 8.0 10.0 10.0 8.0 10.0 11.0 8.0 10.0 11.0 8.0 9.0 10.0 8.0 10.0 10.0 11.0 9.0 10.0 8.0 9.0 25.0 8.0 14.0 10.0 7.0 12.0 10.0 8.0 12.0 10.0 8.0 13.0 10.0 8.0 14.0 10.0 8.0 10.0 11.0 8.0 13.0 11.0 8.0 12.0 10.0 8.0 14.0 10.0 8.0 13.0 10.0 8.0 11.0 10.0 8.0 10.0 14.0 8.0 10.0 10.0 8.0 12.0 11.0 8.0 10.0 14.0 8.0 13.0 9.0 8.0 13.0 11.0 9.0 10.0 10.0 8.0 10.0 11.0 8.0 12.0 11.0 9.0 15.0 13.0 8.0 13.0 10.0 8.0 14.0 10.0 9.0 14.0 10.0 8.0 10.0 10.0 8.0 18.0 11.0 9.0 10.0 10.0 9.0 11.0 10.0 8.0 10.0 10.0 8.0 10.0 83.0 8.0 10.0 9.0 8.0 10.0 10.0 8.0 11.0 10.0 17.0 10.0 10.0 8.0 10.0 10.0 8.0 11.0 11.0 8.0 12.0 10.0 8.0 10.0 21.0 8.0 10.0 10.0 8.0 10.0 10.0 8.0 10.0 10.0 9.0 11.0 10.0 8.0 24.0 12.0 8.0 11.0 9.0 9.0 11.0 11.0 8.0 11.0 10.0 8.0 11.0 10.0 8.0 10.0 10.0 8.0 15.0 10.0 8.0 12.0 12.0 8.0 18.0 10.0 8.0 12.0 10.0 8.0 11.0 11.0 8.0 10.0 10.0 8.0 14.0 20.0 8.0 13.0 11.0 8.0 12.0 10.0 8.0 10.0 11.0 9.0 10.0 10.0 8.0 10.0 11.0 8.0 10.0 10.0 8.0 11.0 11.0 8.0 10.0 10.0 8.0 10.0 10.0 8.0 12.0 10.0 8.0 12.0 10.0 8.0 10.0 10.0 8.0 11.0 10.0 8.0 14.0 10.0 8.0 12.0 16.0 8.0 12.0 11.0 8.0 12.0 10.0 8.0 11.0 10.0 8.0 11.0 10.0 8.0 12.0 11.0 8.0 13.0 10.0 7.0 9.0 10.0 8.0 11.0 10.0 8.0 10.0 11.0 8.0 10.0 10.0 8.0 10.0 11.0 8.0 10.0 10.0 8.0 10.0 10.0 8.0 11.0 10.0 8.0 13.0 16.0 8.0 11.0 10.0 8.0 14.0 10.0 8.0 12.0 10.0 9.0 10.0 10.0 8.0 13.0 10.0 8.0 13.0 10.0 8.0 10.0 10.0 9.0 10.0 10.0 8.0 10.0 10.0 8.0 10.0 10.0 8.0 10.0 10.0 8.0 13.0 11.0 8.0 10.0 10.0 8.0 13.0 10.0 8.0 11.0 10.0 8.0 11.0 21.0 8.0 10.0 10.0 8.0 9.0 10.0 8.0 22.0 11.0 8.0 10.0 10.0 8.0 10.0 10.0 8.0 19.0 10.0 8.0 10.0 10.0 8.0 11.0 10.0 8.0 10.0 10.0 8.0 10.0 10.0 8.0 10.0 10.0 8.0 10.0 11.0 7.0 13.0 11.0 8.0 9.0 10.0 8.0 10.0 12.0 7.0 16.0 11.0 8.0 13.0 10.0 8.0 17.0 10.0 8.0 11.0 10.0 8.0 12.0 10.0 9.0 10.0 24.0 9.0 11.0 11.0 8.0 10.0 15.0 8.0 10.0 10.0 8.0 11.0 10.0 8.0 14.0 14.0 7.0 49.0 12.0 8.0 12.0 10.0 8.0 10.0 11.0 8.0 12.0 11.0 8.0 10.0 10.0 8.0 10.0 10.0 8.0 15.0 11.0 8.0 13.0 10.0 8.0 10.0 10.0 9.0 11.0 11.0 8.0 10.0 10.0 8.0 10.0 14.0 8.0 13.0 11.0 8.0 10.0 10.0 9.0 9.0 11.0 8.0 12.0 12.0 8.0 10.0 10.0 8.0 10.0 10.0 8.0 15.0 12.0 8.0 10.0 10.0 8.0 42.0 11.0 9.0 11.0 14.0 9.0 16.0 13.0 8.0 11.0 11.0 8.0 10.0 15.0 8.0 14.0 10.0 8.0 11.0 10.0 9.0 10.0 21.0 8.0 12.0 10.0 8.0 10.0 11.0 8.0 11.0 10.0 8.0 14.0 10.0 8.0 10.0 10.0 8.0 10.0 13.0 8.0 12.0 10.0 8.0 10.0 11.0 9.0 9.0 10.0 8.0 10.0 10.0 8.0 11.0 10.0 8.0 10.0 22.0 8.0 15.0 11.0 8.0 10.0 10.0 8.0 10.0 11.0 8.0 11.0 11.0 8.0 15.0 10.0 8.0 10.0 10.0
48 49 1 TRACE 81.0 40.0 29.0 9.0 19.0 17.0 8.0 9.0 9.0 52.0 37.0 28.0 12.0 24.0 21.0 8.0 10.0 9.0 50.0 37.0 32.0 9.0 13.0 13.0 7.0 15.0 10.0 54.0 39.0 30.0 9.0 18.0 14.0 7.0 10.0 9.0 41.0 37.0 28.0 8.0 11.0 11.0 7.0 10.0 9.0 56.0 36.0 30.0 10.0 22.0 19.0 8.0 10.0 10.0 45.0 37.0 29.0 16.0 29.0 27.0 7.0 9.0 11.0 8.0 10.0 10.0 57.0 39.0 28.0 10.0 20.0 19.0 7.0 11.0 10.0 58.0 38.0 35.0 9.0 20.0 18.0 7.0 10.0 10.0 56.0 37.0 28.0 9.0 19.0 19.0 7.0 9.0 11.0 53.0 35.0 28.0 8.0 14.0 13.0 7.0 9.0 10.0 54.0 35.0 30.0 8.0 13.0 45.0 8.0 10.0 9.0 38.0 35.0 27.0 8.0 12.0 11.0 8.0 9.0 10.0 56.0 36.0 32.0 8.0 19.0 18.0 7.0 10.0 10.0 52.0 38.0 30.0 13.0 24.0 22.0 8.0 10.0 10.0 61.0 37.0 28.0 8.0 13.0 13.0 7.0 10.0 9.0 56.0 42.0 30.0 11.0 23.0 21.0 7.0 10.0 10.0 53.0 36.0 31.0 8.0 13.0 13.0 7.0 10.0 10.0 37.0 36.0 26.0 25.0 32.0 25.0 7.0 10.0 10.0 7.0 10.0 13.0 58.0 37.0 29.0 9.0 20.0 25.0 7.0 10.0 9.0 38.0 36.0 27.0 22.0 32.0 25.0 8.0 10.0 10.0 8.0 10.0 10.0 44.0 35.0 26.0 17.0 28.0 23.0 7.0 10.0 10.0 8.0 10.0 10.0 68.0 38.0 28.0 9.0 19.0 19.0 7.0 10.0 10.0 57.0 38.0 32.0 10.0 20.0 19.0 7.0 10.0 16.0 49.0 37.0 28.0 15.0 25.0 24.0 8.0 10.0 10.0 49.0 36.0 26.0 8.0 12.0 12.0 7.0 10.0 10.0 44.0 36.0 27.0 17.0 29.0 27.0 7.0 10.0 11.0 7.0 10.0 10.0 56.0 36.0 28.0 9.0 18.0 18.0 7.0 9.0 10.0 52.0 43.0 27.0 12.0 24.0 21.0 7.0 10.0 9.0 56.0 39.0 27.0 9.0 18.0 20.0 7.0 10.0 10.0 48.0 36.0 27.0 8.0 13.0 12.0 8.0 10.0 9.0 55.0 36.0 30.0 8.0 19.0 18.0 7.0 10.0 10.0 55.0 39.0 28.0 8.0 18.0 19.0 8.0 9.0 10.0 40.0 34.0 27.0 8.0 11.0 11.0 7.0 10.0 10.0 35.0 35.0 25.0 25.0 32.0 26.0 8.0 10.0 10.0 7.0 10.0 10.0 61.0 37.0 28.0 8.0 13.0 13.0 7.0 9.0 10.0 57.0 37.0 31.0 11.0 21.0 20.0 7.0 10.0 9.0 57.0 39.0 29.0 10.0 20.0 20.0 8.0 10.0 10.0 39.0 34.0 32.0 8.0 11.0 11.0 8.0 10.0 10.0 54.0 39.0 27.0 11.0 23.0 21.0 8.0 10.0 10.0 53.0 38.0 30.0 12.0 24.0 22.0 8.0 10.0 10.0 48.0 36.0 28.0 14.0 26.0 22.0 8.0 11.0 21.0 51.0 35.0 27.0 8.0 13.0 12.0 8.0 10.0 10.0 52.0 36.0 27.0 8.0 14.0 13.0 7.0 10.0 10.0 51.0 38.0 28.0 13.0 25.0 22.0 8.0 11.0 10.0 57.0 37.0 30.0 9.0 20.0 19.0 7.0 10.0 17.0 53.0 38.0 33.0 12.0 23.0 22.0 7.0 10.0 10.0 43.0 35.0 27.0 8.0 12.0 12.0 7.0 10.0 9.0 34.0 34.0 27.0 25.0 32.0 27.0 7.0 12.0 11.0 8.0 11.0 10.0 45.0 36.0 28.0 16.0 28.0 23.0 7.0 10.0 10.0 7.0 10.0 10.0 57.0 40.0 27.0 10.0 20.0 19.0 8.0 10.0 47.0 56.0 38.0 29.0 11.0 22.0 22.0 7.0 10.0 10.0 57.0 37.0 29.0 9.0 19.0 19.0 7.0 10.0 10.0 57.0 36.0 28.0 9.0 20.0 20.0 8.0 9.0 10.0 56.0 37.0 27.0 10.0 22.0 20.0 7.0 10.0 10.0 32.0 37.0 25.0 29.0 33.0 25.0 8.0 10.0 11.0 7.0 10.0 10.0 48.0 37.0 28.0 15.0 28.0 24.0 8.0 9.0 10.0 54.0 37.0 30.0 11.0 25.0 21.0 8.0 10.0 10.0 54.0 71.0 68.0 12.0 24.0 21.0 8.0 9.0 10.0 55.0 36.0 27.0 11.0 22.0 57.0 8.0 10.0 10.0 53.0 36.0 29.0 8.0 13.0 14.0 7.0 10.0 11.0 40.0 34.0 26.0 8.0 11.0 11.0 7.0 10.0 10.0 41.0 36.0 27.0 19.0 29.0 28.0 8.0 10.0 10.0 8.0 10.0 10.0 52.0 43.0 31.0 12.0 24.0 22.0 8.0 10.0 10.0
49 47 1 TRACE 394.0 323.0 83.0 82.0 50.0 50.0 382.0 282.0 112.0 103.0 48.0 48.0 193.0 141.0 65.0 63.0 47.0 46.0 203.0 150.0 70.0 69.0 47.0 47.0 169.0 132.0 57.0 55.0 46.0 47.0 291.0 199.0 93.0 90.0 49.0 49.0 414.0 298.0 128.0 113.0 57.0 48.0 46.0 46.0 236.0 169.0 82.0 80.0 86.0 47.0 244.0 173.0 82.0 82.0 50.0 47.0 221.0 159.0 76.0 76.0 47.0 46.0 198.0 147.0 68.0 68.0 47.0 54.0 221.0 146.0 67.0 67.0 59.0 47.0 165.0 133.0 54.0 55.0 46.0 46.0 224.0 162.0 78.0 76.0 47.0 47.0 347.0 232.0 110.0 102.0 49.0 47.0 197.0 146.0 68.0 67.0 54.0 52.0 305.0 212.0 98.0 93.0 84.0 47.0 201.0 147.0 68.0 68.0 80.0 47.0 424.0 356.0 170.0 123.0 51.0 50.0 47.0 47.0 249.0 176.0 84.0 84.0 47.0 47.0 416.0 330.0 155.0 122.0 51.0 50.0 53.0 46.0 392.0 274.0 131.0 114.0 49.0 55.0 46.0 47.0 253.0 177.0 83.0 89.0 47.0 47.0 271.0 185.0 89.0 85.0 48.0 48.0 388.0 256.0 128.0 108.0 48.0 48.0 188.0 140.0 63.0 62.0 47.0 47.0 401.0 283.0 133.0 113.0 49.0 49.0 48.0 47.0 219.0 158.0 75.0 75.0 47.0 48.0 339.0 230.0 148.0 102.0 51.0 54.0 232.0 171.0 78.0 78.0 67.0 47.0 186.0 139.0 63.0 61.0 48.0 46.0 212.0 153.0 72.0 72.0 47.0 47.0 216.0 155.0 83.0 74.0 47.0 47.0 169.0 131.0 64.0 55.0 46.0 47.0 421.0 355.0 148.0 122.0 52.0 50.0 46.0 47.0 200.0 146.0 67.0 67.0 52.0 46.0 291.0 198.0 122.0 89.0 47.0 47.0 271.0 189.0 89.0 86.0 63.0 48.0 168.0 131.0 55.0 55.0 47.0 47.0 333.0 223.0 114.0 99.0 48.0 47.0 340.0 231.0 109.0 100.0 48.0 48.0 365.0 246.0 118.0 106.0 50.0 49.0 193.0 148.0 66.0 64.0 47.0 47.0 205.0 147.0 69.0 66.0 47.0 56.0 347.0 237.0 160.0 104.0 47.0 48.0 255.0 179.0 95.0 83.0 47.0 48.0 345.0 231.0 108.0 100.0 50.0 47.0 194.0 136.0 57.0 56.0 46.0 47.0 413.0 340.0 148.0 123.0 75.0 50.0 47.0 48.0 394.0 281.0 130.0 113.0 48.0 84.0 46.0 46.0 261.0 182.0 87.0 84.0 47.0 47.0 308.0 212.0 98.0 94.0 50.0 47.0 221.0 158.0 76.0 75.0 47.0 47.0 249.0 174.0 83.0 80.0 47.0 47.0 307.0 210.0 97.0 92.0 47.0 47.0 428.0 374.0 166.0 125.0 51.0 51.0 48.0 52.0 371.0 252.0 134.0 109.0 48.0 48.0 319.0 215.0 115.0 95.0 48.0 47.0 342.0 226.0 112.0 100.0 52.0 47.0 315.0 214.0 100.0 94.0 54.0 47.0 199.0 145.0 67.0 67.0 61.0 47.0 172.0 135.0 56.0 55.0 47.0 46.0 414.0 297.0 140.0 123.0 50.0 50.0 47.0 46.0 441.0 233.0 109.0 101.0 48.0 47.0
49 50 1 TRACE 57.0 67.0 24.0 110.0 42.0 29.0 88.0 50.0 56.0 79.0 82.0 34.0 38.0 39.0 60.0 88.0 46.0 25.0 78.0 44.0 36.0 37.0 39.0 45.0 37.0 43.0 46.0 32.0 41.0 48.0 50.0 83.0 102.0 25.0 38.0 31.0 24.0 43.0 28.0 37.0 112.0 38.0 69.0 57.0 75.0 27.0 49.0 42.0 23.0 63.0 60.0 33.0 52.0 33.0 63.0 58.0 38.0 35.0 38.0 69.0 31.0 27.0 69.0 35.0 33.0 35.0 76.0 40.0 55.0 38.0 39.0 31.0 35.0 87.0 60.0 24.0 38.0 54.0 25.0 64.0 37.0 27.0 65.0 35.0 31.0 32.0 53.0 48.0 55.0 46.0 40.0 23.0 38.0 44.0 77.0 57.0 30.0 44.0 50.0 37.0 35.0 38.0 57.0 33.0 59.0 43.0 29.0 58.0 49.0 61.0 35.0 57.0 41.0 24.0 79.0 46.0 31.0 62.0 47.0 73.0 43.0 34.0 96.0 42.0 32.0 38.0 39.0 42.0 37.0 49.0 56.0 25.0 43.0 38.0 41.0 58.0 66.0 28.0 41.0 33.0 33.0 39.0 61.0 25.0 47.0 45.0 28.0 50.0 55.0 32.0 76.0 43.0 64.0 30.0 37.0 39.0 47.0 35.0 45.0 50.0 47.0 67.0 41.0 32.0 79.0 34.0 26.0 39.0 37.0 32.0 53.0 44.0 30.0 48.0 47.0 52.0 24.0 49.0 35.0 31.0 41.0 43.0 41.0 49.0 47.0 39.0 63.0 68.0 38.0 39.0 34.0 62.0 61.0 39.0 28.0 71.0 37.0 32.0 38.0 38.0 77.0 23.0
50 25 1 TRACE 25.0 20.0 18.0 18.0 17.0 19.0 17.0 19.0 18.0 17.0 17.0 18.0 17.0 19.0 18.0 17.0 19.0 19.0 17.0 18.0 18.0 17.0 18.0 18.0 19.0 19.0 17.0 18.0 19.0 18.0 19.0 18.0 18.0 18.0 18.0 18.0 19.0 19.0 18.0 19.0 20.0 19.0 19.0 18.0 20.0 19.0 19.0 32.0 17.0 18.0 60.0 19.0 17.0 19.0 19.0 17.0 19.0 19.0 19.0 25.0 18.0 17.0 17.0 19.0
50 41 1 TRACE 9.0 8.0 9.0 8.0 9.0 8.0 9.0 8.0 8.0 8.0 9.0 8.0 9.0 9.0 8.0 9.0 8.0 9.0 8.0 8.0 8.0 8.0 8.0 9.0 8.0 8.0 9.0 8.0 8.0 8.0 9.0 9.0 8.0 9.0 9.0 9.0 8.0 8.0 9.0 8.0 9.0 8.0 9.0 9.0 8.0 8.0 9.0 8.0 9.0 9.0 9.0 9.0 8.0 9.0 9.0 9.0 9.0 9.0 8.0 9.0 9.0 8.0 9.0 8.0 8.0 9.0 8.0 9.0 8.0 9.0 9.0 9.0 8.0 9.0 8.0 9.0 9.0 9.0 8.0 8.0 8.0 8.0 9.0 8.0 8.0 9.0 8.0 8.0 8.0 9.0 9.0 8.0 9.0 9.0 9.0 8.0 9.0 8.0 8.0 10.0 9.0 8.0 9.0 8.0 9.0 8.0 9.0 8.0 9.0 8.0 8.0 9.0 9.0 9.0 9.0 9.0 8.0 9.0 10.0 9.0 9.0 12.0 8.0 27.0 8.0 9.0 11.0 9.0 9.0 9.0 9.0 9.0 9.0 8.0 8.0 9.0 9.0 9.0
51 52 1 TRACE 678.0 653.0 639.0 637.0 689.0 646.0 642.0 640.0 640.0 641.0 641.0 637.0 655.0 640.0 641.0 638.0 671.0 643.0 657.0 645.0 644.0 643.0 642.0 642.0 640.0 645.0 642.0 667.0 641.0 653.0 641.0 639.0 644.0 640.0 644.0 637.0 651.0 638.0 653.0 640.0 640.0 639.0 638.0 641.0 640.0 639.0 637.0 644.0 645.0 640.0 643.0 640.0 639.0 640.0 648.0 642.0 638.0 641.0 641.0 643.0 643.0 640.0 641.0 638.0
52 53 1 TRACE 37.0 35.0 31.0 32.0 32.0 33.0 31.0 32.0 31.0 31.0 35.0 32.0 31.0 31.0 32.0 32.0 32.0 32.0 31.0 32.0 66.0 32.0 30.0 35.0 30.0 33.0 31.0 31.0 31.0 31.0 31.0 31.0 31.0 32.0 31.0 51.0 32.0 31.0 37.0 30.0 30.0 31.0 31.0 31.0 31.0 31.0 31.0 32.0 34.0 30.0 37.0 53.0 31.0 30.0 32.0 31.0 31.0 31.0 32.0 33.0 31.0 59.0 31.0 32.0
53 54 1 TRACE 24.0 19.0 18.0 19.0 18.0 18.0 18.0 15.0 14.0 14.0 14.0 14.0 13.0 15.0 17.0 17.0 16.0 15.0 16.0 17.0 17.0 15.0 15.0 14.0 15.0 15.0 15.0 15.0 14.0 13.0 13.0 15.0 13.0 29.0 13.0 22.0 18.0 17.0 18.0 16.0 16.0 16.0 18.0 18.0 18.0 18.0 19.0 18.0 16.0 14.0 16.0 15.0 15.0 15.0 14.0 14.0 13.0 14.0 13.0 13.0 49.0 17.0 46.0 13.0
54 55 1 TRACE 45.0 20.0 18.0 19.0 19.0 20.0 20.0 18.0 19.0 18.0 18.0 19.0 18.0 18.0 19.0 18.0 32.0 18.0 19.0 18.0 18.0 19.0 19.0 19.0 18.0 22.0 18.0 18.0 18.0 19.0 19.0 18.0 19.0 19.0 18.0 20.0 19.0 19.0 20.0 19.0 20.0 19.0 19.0 19.0 18.0 19.0 19.0 18.0 19.0 18.0 18.0 18.0 19.0 19.0 19.0 19.0 18.0 19.0 18.0 19.0 19.0 18.0 19.0 18.0
55 56 1 TRACE 10.0 8.0 7.0 7.0 7.0 7.0 8.0 7.0 7.0 7.0 8.0 7.0 7.0 7.0 7.0 7.0 8.0 7.0 8.0 7.0 7.0 7.0 7.0 7.0 7.0 7.0 21.0 7.0 7.0 7.0 8.0 7.0 7.0 7.0 8.0 7.0 7.0 7.0 7.0 7.0 18.0 7.0 7.0 7.0 7.0 7.0 7.0 7.0 7.0 7.0 8.0 7.0 7.0 7.0 7.0 7.0 7.0 7.0 8.0 7.0 7.0 7.0 7.0 7.0
56 57 1 TRACE 22.0 6.0 7.0 7.0 6.0 7.0 7.0 7.0 7.0 7.0 21.0 7.0 7.0 7.0 7.0 7.0 8.0 7.0 7.0 7.0 6.0 7.0 7.0 7.0 7.0 6.0 7.0 7.0 7.0 7.0 7.0 7.0 7.0 7.0 6.0 7.0 6.0 7.0 7.0 7.0 7.0 7.0 7.0 7.0 7.0 7.0 6.0 6.0 7.0 6.0 7.0 7.0 7.0 7.0 7.0 7.0 6.0 7.0 7.0 7.0 7.0 7.0 7.0 7.0
57 58 1 TRACE 10.0 7.0 7.0 7.0 7.0 7.0 7.0 7.0 7.0 7.0 8.0 7.0 7.0 7.0 7.0 7.0 8.0 7.0 7.0 7.0 7.0 7.0 7.0 7.0 7.0 7.0 8.0 7.0 7.0 7.0 7.0 7.0 7.0 7.0 7.0 7.0 7.0 7.0 7.0 7.0 7.0 6.0 6.0 7.0 7.0 7.0 7.0 7.0 7.0 7.0 7.0 7.0 6.0 7.0 7.0 7.0 7.0 7.0 7.0 7.0 6.0 6.0 7.0 7.0
58 59 1 TRACE 15.0 7.0 8.0 8.0 7.0 7.0 8.0 7.0 8.0 8.0 8.0 8.0 8.0 7.0 8.0 8.0 8.0 7.0 7.0 8.0 8.0 8.0 8.0 7.0 7.0 8.0 8.0 8.0 8.0 7.0 8.0 7.0 8.0 8.0 8.0 8.0 8.0 8.0 7.0 8.0 8.0 8.0 8.0 8.0 8.0 8.0 8.0 8.0 8.0 7.0 7.0 7.0 8.0 8.0 8.0 8.0 8.0 8.0 8.0 8.0 8.0 8.0 8.0 8.0
59 60 1 TRACE 20.0 19.0 6.0 7.0 19.0 7.0 7.0 7.0 7.0 7.0 7.0 7.0 7.0 18.0 19.0 7.0 8.0 7.0 7.0 19.0 7.0 18.0 7.0 7.0 7.0 18.0 7.0 7.0 18.0 7.0 7.0 7.0 7.0 7.0 7.0 6.0 7.0 7.0 7.0 7.0 7.0 7.0 7.0 7.0 7.0 7.0 7.0 7.0 7.0 7.0 7.0 7.0 7.0 6.0 7.0 6.0 7.0 7.0 7.0 7.0 7.0 7.0 7.0 6.0
60 61 1 TRACE 8.0 7.0 19.0 19.0 7.0 19.0 7.0 19.0 8.0 18.0 7.0 7.0 19.0 8.0 7.0 19.0 20.0 19.0 8.0 7.0 7.0 7.0 18.0 19.0 18.0 7.0 19.0 8.0 8.0 8.0 19.0 7.0 19.0 18.0 19.0 19.0 19.0 19.0 19.0 19.0 7.0 19.0 19.0 18.0 18.0 19.0 19.0 19.0 19.0 19.0 18.0 18.0 19.0 19.0 18.0 19.0 19.0 19.0 19.0 18.0 19.0 19.0 19.0 19.0
61 62 1 TRACE 7.0 7.0 7.0 7.0 7.0 7.0 7.0 7.0 8.0 8.0 20.0 7.0 7.0 7.0 7.0 7.0 8.0 7.0 7.0 7.0 7.0 7.0 7.0 7.0 7.0 7.0 8.0 7.0 8.0 7.0 7.0 19.0 7.0 8.0 7.0 7.0 7.0 7.0 7.0 7.0 7.0 7.0 7.0 8.0 7.0 7.0 7.0 7.0 8.0 7.0 8.0 8.0 7.0 7.0 7.0 7.0 7.0 8.0 7.0 8.0 7.0 7.0 7.0 7.0
62 1 1 TRACE 23.0 29.0 20.0 20.0 19.0 20.0 20.0 20.0 20.0 20.0 25.0 20.0 20.0 20.0 20.0 20.0 21.0 21.0 20.0 21.0 20.0 24.0 20.0 21.0 21.0 23.0 25.0 21.0 21.0 20.0 20.0 26.0 21.0 20.0 20.0 21.0 20.0 21.0 20.0 21.0 30.0 21.0 21.0 21.0 20.0 20.0 20.0 20.0 21.0 21.0 21.0 21.0 20.0 21.0 21.0 20.0 20.0 21.0 20.0 21.0 21.0 20.0 20.0
