0 1 CONSTANT 8.0
1 1 CONSTANT 8.0
2 1 CONSTANT 0.0
3 1 CONSTANT 8.0
4 1 CONSTANT 8.0
5 1 CONSTANT 8.0
6 1 CONSTANT 8.0
7 1 CONSTANT 8.0
8 1 CONSTANT 8.0
9 1 CONSTANT 0.0
10 1 CONSTANT 0.0
11 1 CONSTANT 0.0
12 1 CONSTANT 0.0
13 1 CONSTANT 8.0
14 1 CONSTANT 4.0
15 1 CONSTANT 4.0
16 1 CONSTANT 0.0
17 1 CONSTANT 0.0
18 1 CONSTANT 0.0
19 1 CONSTANT 0.0
20 1 CONSTANT 4.0
21 1 CONSTANT 8.0
22 1 CONSTANT 8.0
23 1 CONSTANT 8.0
24 1 CONSTANT 8.0
25 1 CONSTANT 4.0
26 1 CONSTANT 4.0
27 1 CONSTANT 8.0
28 1 TRACE 0.0 0.0 0.0 4.0 4.0 0.0 0.0 0.0 0.0 0.0 20.0 0.0 4.0 0.0 16.0 0.0 0.0 0.0 20.0 0.0 0.0 0.0 28.0 0.0 0.0 4.0 0.0 0.0 0.0 24.0 0.0 0.0 24.0 0.0 0.0 8.0 0.0 0.0 0.0 24.0 0.0 0.0 0.0 0.0 0.0 12.0 8.0 0.0 0.0 4.0 8.0 0.0 4.0 32.0 0.0 0.0 0.0 0.0 0.0 4.0 0.0 0.0 8.0 8.0 0.0 0.0 0.0 0.0 0.0 0.0 0.0 4.0 20.0 0.0 0.0 0.0 0.0 0.0 0.0 0.0 0.0 4.0 4.0 0.0 8.0 0.0 0.0 0.0 12.0 0.0 0.0 0.0 4.0 0.0 0.0 4.0 0.0 0.0 8.0 0.0 4.0 24.0 0.0 0.0 0.0 20.0 0.0 8.0 0.0 0.0 16.0 0.0 0.0 4.0 0.0 4.0 4.0 4.0 0.0 8.0 0.0 0.0 20.0 0.0 0.0 0.0 4.0 0.0 0.0 8.0 0.0 12.0 0.0 0.0 4.0 4.0 0.0 0.0 0.0 0.0 0.0 0.0 0.0 8.0 4.0 0.0 0.0 0.0 0.0 0.0 0.0 0.0 0.0 0.0 0.0 4.0 0.0 4.0 0.0 0.0 0.0 0.0 0.0 0.0 12.0 0.0 0.0 0.0 40.0 0.0 0.0 0.0 0.0 0.0 16.0 0.0 0.0 0.0 4.0 0.0 0.0 20.0 0.0 4.0 28.0 0.0 0.0 0.0 0.0 0.0 0.0 0.0 0.0 0.0 0.0 0.0 0.0 12.0 0.0 0.0 0.0 16.0 0.0 0.0 0.0 28.0 0.0
29 1 CONSTANT 4.0
30 1 TRACE 0.0 0.0 0.0 4.0 4.0 0.0 0.0 0.0 0.0 0.0 20.0 0.0 4.0 0.0 16.0 0.0 0.0 0.0 20.0 0.0 0.0 0.0 28.0 0.0 0.0 4.0 0.0 0.0 0.0 24.0 0.0 0.0 24.0 0.0 0.0 8.0 0.0 0.0 0.0 24.0 0.0 0.0 0.0 0.0 0.0 12.0 8.0 0.0 0.0 4.0 8.0 0.0 4.0 32.0 0.0 0.0 0.0 0.0 0.0 4.0 0.0 0.0 8.0 8.0 0.0 0.0 0.0 0.0 0.0 0.0 0.0 4.0 20.0 0.0 0.0 0.0 0.0 0.0 0.0 0.0 0.0 4.0 4.0 0.0 8.0 0.0 0.0 0.0 12.0 0.0 0.0 0.0 4.0 0.0 0.0 4.0 0.0 0.0 8.0 0.0 4.0 24.0 0.0 0.0 0.0 20.0 0.0 8.0 0.0 0.0 16.0 0.0 0.0 4.0 0.0 4.0 4.0 4.0 0.0 8.0 0.0 0.0 20.0 0.0 0.0 0.0 4.0 0.0 0.0 8.0 0.0 12.0 0.0 0.0 4.0 4.0 0.0 0.0 0.0 0.0 0.0 0.0 0.0 8.0 4.0 0.0 0.0 0.0 0.0 0.0 0.0 0.0 0.0 0.0 0.0 4.0 0.0 4.0 0.0 0.0 0.0 0.0 0.0 0.0 12.0 0.0 0.0 0.0 40.0 0.0 0.0 0.0 0.0 0.0 16.0 0.0 0.0 0.0 4.0 0.0 0.0 20.0 0.0 4.0 28.0 0.0 0.0 0.0 0.0 0.0 0.0 0.0 0.0 0.0 0.0 0.0 0.0 12.0 0.0 0.0 0.0 16.0 0.0 0.0 0.0 28.0 0.0
31 1 CONSTANT 8.0
32 1 CONSTANT 8.0
33 1 CONSTANT 4.0
34 1 CONSTANT 0.0
35 1 CONSTANT 0.0
36 1 CONSTANT 8.0
37 1 CONSTANT 8.0
38 1 CONSTANT 8.0
39 1 TRACE 0.0 0.0 8.0 0.0 0.0 8.0 0.0 0.0 8.0 0.0 8.0 0.0 8.0 0.0 8.0 0.0 8.0 0.0 8.0 0.0 8.0 0.0 8.0 0.0 8.0 0.0 0.0 8.0 0.0 0.0 8.0 0.0 8.0 0.0 8.0 0.0 0.0 8.0 0.0 8.0 0.0 8.0 0.0 0.0 8.0 0.0 8.0 0.0 8.0 0.0 0.0 8.0 0.0 8.0 0.0 8.0 0.0 0.0 8.0 0.0 0.0 8.0 0.0 0.0 8.0 0.0 0.0 8.0 0.0 0.0 8.0 0.0 8.0 0.0 8.0 0.0 0.0 8.0 0.0 0.0 8.0 0.0 0.0 8.0 0.0 0.0 8.0 0.0 8.0 0.0 8.0 0.0 0.0 8.0 0.0 0.0 8.0 0.0 8.0 0.0 8.0 0.0 0.0 8.0 0.0 0.0 8.0 0.0 0.0 8.0 0.0 0.0 8.0 0.0 0.0 8.0 0.0 0.0 8.0 0.0 0.0 8.0 0.0 0.0 8.0 0.0 0.0 8.0 0.0 0.0 8.0 0.0 0.0 8.0 0.0 0.0 8.0 0.0 0.0 8.0 0.0 0.0 8.0 0.0 0.0 8.0 0.0 0.0 8.0 0.0 0.0 0.0 0.0 8.0 0.0 0.0 8.0 0.0 0.0 8.0 0.0 0.0 8.0 0.0 8.0 0.0 8.0 0.0 8.0 0.0 8.0 0.0 0.0 8.0 0.0 0.0 8.0 0.0 0.0 8.0 0.0 0.0 8.0 0.0 8.0 0.0 8.0 0.0 0.0 8.0 0.0 0.0 8.0 0.0 0.0 8.0 0.0 8.0 0.0 8.0 0.0 8.0 0.0 8.0 8.0 0.0 0.0
40 1 CONSTANT 8.0
41 1 CONSTANT 8.0
42 1 CONSTANT 8.0
43 1 CONSTANT 608.0
44 1 CONSTANT 600.0
45 1 CONSTANT 8.0
46 1 CONSTANT 608.0
47 1 CONSTANT 4.0
48 1 TRACE 27152.0 10112.0 6512.0 5728.0 4272.0 3312.0 6288.0 4688.0 3696.0 3008.0 2192.0 2176.0 16.0 16.0 0.0 16.0 16.0 0.0 0.0 0.0 0.0 0.0 0.0 0.0 30336.0 10736.0 6976.0 5008.0 3520.0 3040.0 400.0 304.0 416.0 368.0 288.0 384.0 0.0 0.0 0.0 0.0 0.0 0.0 29264.0 10800.0 6912.0 5216.0 3632.0 3072.0 352.0 224.0 432.0 288.0 128.0 320.0 0.0 0.0 0.0 0.0 0.0 0.0 30800.0 10432.0 7104.0 5632.0 3888.0 3072.0 3552.0 3216.0 2720.0 2160.0 1680.0 1776.0 16.0 0.0 0.0 32.0 16.0 0.0 32448.0 10944.0 7248.0 5584.0 3888.0 3264.0 3392.0 2656.0 2496.0 2096.0 1616.0 1504.0 16.0 0.0 0.0 0.0 0.0 16.0 32496.0 11152.0 7376.0 5408.0 4016.0 3216.0 3184.0 2640.0 2272.0 2208.0 1728.0 1600.0 32.0 0.0 0.0 0.0 16.0 0.0 32432.0 10560.0 7040.0 5632.0 3872.0 3328.0 3392.0 2832.0 2432.0 2096.0 1664.0 1600.0 32.0 0.0 0.0 0.0 0.0 0.0 32192.0 10752.0 7008.0 4960.0 3648.0 3104.0 560.0 352.0 592.0 432.0 272.0 384.0 0.0 0.0 0.0 0.0 0.0 0.0 32512.0 11088.0 6912.0 5520.0 4048.0 3232.0 3248.0 2688.0 2448.0 2080.0 1648.0 1504.0 0.0 0.0 0.0 16.0 0.0 16.0 32608.0 10544.0 6816.0 5408.0 3552.0 3392.0 3248.0 2480.0 2464.0 1984.0 1712.0 1456.0 16.0 16.0 0.0 0.0 16.0 16.0 31680.0 10768.0 6976.0 5152.0 3808.0 3152.0 576.0 352.0 464.0 432.0 240.0 464.0 0.0 0.0 0.0 0.0 0.0 0.0 29296.0 10144.0 6432.0 5360.0 4000.0 3200.0 5360.0 3840.0 3216.0 2736.0 1968.0 1952.0 16.0 16.0 16.0 0.0 0.0 32.0 20256.0 8560.0 6656.0 6032.0 3920.0 3152.0 12192.0 7312.0 5216.0 3760.0 2928.0 2560.0 48.0 48.0 112.0 64.0 48.0 80.0 0.0 0.0 0.0 0.0 0.0 0.0 34928.0 10928.0 7152.0 5232.0 3664.0 3456.0 896.0 880.0 944.0 800.0 608.0 560.0 0.0 0.0 0.0 0.0 0.0 0.0 34832.0 11088.0 7264.0 4880.0 3584.0 3152.0 992.0 816.0 944.0 960.0 704.0 736.0 0.0 0.0 0.0 0.0 0.0 16.0 28144.0 9920.0 7008.0 5664.0 4320.0 3408.0 5920.0 4064.0 3536.0 2800.0 2144.0 1968.0 16.0 16.0 16.0 32.0 0.0 0.0 31248.0 10976.0 7136.0 5104.0 3712.0 3296.0 496.0 400.0 512.0 416.0 256.0 384.0 0.0 0.0 0.0 0.0 0.0 0.0 20256.0 8032.0 5808.0 4816.0 3488.0 2864.0 9904.0 6416.0 4784.0 3504.0 2816.0 2480.0 64.0 16.0 48.0 32.0 32.0 32.0 0.0 0.0 0.0 0.0 0.0 0.0 35184.0 10880.0 7232.0 5136.0 3840.0 3232.0 1008.0 928.0 1008.0 912.0 640.0 784.0 16.0 0.0 0.0 0.0 0.0 0.0 17392.0 7504.0 5712.0 4592.0 3216.0 2560.0 12464.0 7040.0 5600.0 3840.0 2992.0 2624.0 80.0 16.0 48.0 48.0 48.0 80.0 0.0 0.0 0.0 0.0 0.0 0.0 33424.0 10912.0 7136.0 5072.0 3504.0 3328.0 688.0 528.0 672.0 528.0 448.0 448.0 0.0 0.0 0.0 0.0 0.0 0.0 30400.0 10336.0 7136.0 5312.0 3696.0 3120.0 4416.0 3616.0 2896.0 2512.0 2080.0 1744.0 16.0 16.0 0.0 0.0 0.0 16.0 19984.0 8768.0 6464.0 6032.0 4400.0 3728.0 12720.0 7328.0 5248.0 3952.0 2864.0 2416.0 80.0 16.0 96.0 64.0 32.0 112.0 0.0 0.0 0.0 0.0 0.0 0.0 27392.0 10176.0 7232.0 6464.0 4704.0 3728.0 6672.0 4800.0 4016.0 2976.0 2112.0 2080.0 16.0 16.0 32.0 16.0 16.0 16.0 0.0 0.0 0.0 0.0 0.0 0.0 34624.0 10800.0 6912.0 5120.0 3680.0 3168.0 1152.0 720.0 1232.0 1008.0 752.0 848.0 16.0 0.0 0.0 0.0 0.0 0.0 33488.0 10880.0 6608.0 4688.0 3264.0 3104.0 688.0 544.0 832.0 736.0 576.0 592.0 0.0 0.0 0.0 0.0 0.0 0.0 34288.0 10576.0 7120.0 5024.0 3776.0 3056.0 2176.0 2304.0 1888.0 1664.0 1264.0 1376.0 0.0 0.0 0.0 0.0 0.0 0.0 35456.0 11136.0 7232.0 5296.0 3856.0 2928.0 1376.0 992.0 1184.0 1088.0 752.0 1072.0 0.0 0.0 0.0 0.0 0.0 0.0 35344.0 10688.0 6848.0 5136.0 3984.0 3248.0 1760.0 1344.0 1520.0 1216.0 800.0 976.0 0.0 0.0 0.0 0.0 0.0 0.0 35440.0 10656.0 7168.0 5232.0 3632.0 3472.0 1568.0 1392.0 1440.0 1296.0 880.0 880.0 0.0 0.0 0.0 0.0 0.0 0.0 20512.0 9024.0 6224.0 4704.0 3296.0 2688.0 96.0 96.0 208.0 96.0 64.0 176.0 0.0 0.0 0.0 0.0 0.0 0.0 30944.0 10288.0 6656.0 5472.0 3776.0 3232.0 3776.0 3376.0 2896.0 2384.0 1856.0 1760.0 16.0 0.0 0.0 0.0 0.0 16.0 33008.0 10688.0 6752.0 4976.0 3616.0 3024.0 752.0 432.0 736.0 656.0 432.0 608.0 0.0 0.0 0.0 0.0 0.0 0.0 28976.0 10336.0 6912.0 4832.0 3456.0 2752.0 320.0 224.0 320.0 384.0 240.0 384.0 0.0 0.0 0.0 0.0 0.0 0.0 17488.0 5984.0 4720.0 4576.0 3232.0 2832.0 12944.0 8080.0 5632.0 4096.0 2944.0 2784.0 48.0 16.0 96.0 48.0 32.0 80.0 0.0 0.0 0.0 0.0 0.0 0.0 33904.0 10912.0 6832.0 5056.0 3520.0 3008.0 1008.0 688.0 832.0 832.0 608.0 768.0 0.0 0.0 0.0 0.0 0.0 0.0 27824.0 10400.0 7040.0 4912.0 3600.0 3040.0 352.0 160.0 288.0 304.0 144.0 352.0 0.0 0.0 0.0 0.0 0.0 0.0 20448.0 9120.0 6064.0 4464.0 3248.0 2784.0 128.0 64.0 144.0 144.0 96.0 160.0 0.0 0.0 0.0 0.0 0.0 0.0 34736.0 10928.0 7296.0 4944.0 3824.0 3136.0 896.0 832.0 848.0 960.0 528.0 800.0 0.0 0.0 0.0 0.0 0.0 0.0 35312.0 11184.0 7328.0 5024.0 3648.0 3264.0 1024.0 896.0 1056.0 992.0 752.0 704.0 16.0 0.0 0.0 0.0 0.0 16.0 30432.0 10864.0 7040.0 4912.0 3600.0 3168.0 432.0 304.0 400.0 464.0 224.0 320.0 0.0 0.0 0.0 0.0 0.0 0.0 34192.0 11280.0 7056.0 5072.0 3744.0 3216.0 896.0 640.0 848.0 864.0 512.0 720.0 0.0 0.0 0.0 0.0 0.0 0.0 22528.0 8832.0 6336.0 5888.0 3728.0 3504.0 10176.0 6128.0 4960.0 3488.0 2624.0 2384.0 16.0 16.0 32.0 64.0 16.0 64.0 0.0 0.0 0.0 0.0 0.0 0.0 33552.0 10784.0 7024.0 5056.0 3568.0 3328.0 704.0 576.0 688.0 544.0 432.0 448.0 0.0 0.0 0.0 0.0 0.0 0.0 34128.0 10912.0 6928.0 5024.0 3680.0 3280.0 656.0 528.0 784.0 752.0 512.0 560.0 0.0 0.0 0.0 0.0 0.0 0.0 19632.0 7680.0 6048.0 6016.0 4448.0 3392.0 13120.0 7600.0 5392.0 3968.0 2864.0 2688.0 64.0 48.0 96.0 48.0 32.0 32.0 0.0 0.0 0.0 0.0 0.0 0.0 20960.0 8944.0 6400.0 5520.0 4448.0 3392.0 11440.0 6704.0 4992.0 3744.0 2880.0 2400.0 64.0 48.0 96.0 64.0 32.0 48.0 0.0 0.0 0.0 0.0 0.0 0.0 18288.0 7584.0 5600.0 4576.0 3584.0 2656.0 12400.0 7552.0 5328.0 4016.0 2960.0 2656.0 80.0 32.0 32.0 32.0 32.0 64.0 0.0 0.0 0.0 0.0 0.0 0.0 28272.0 10816.0 6912.0 5136.0 3664.0 3088.0 384.0 240.0 352.0 352.0 176.0 288.0 0.0 0.0 0.0 0.0 0.0 0.0 34576.0 10832.0 6752.0 5120.0 3904.0 3152.0 1040.0 688.0 928.0 816.0 480.0 672.0 0.0 0.0 0.0 0.0 0.0 0.0 21200.0 9952.0 7200.0 6640.0 5504.0 3808.0 12608.0 7008.0 5264.0 3728.0 2752.0 2496.0 64.0 32.0 32.0 80.0 48.0 48.0 0.0 0.0 0.0 0.0 0.0 0.0 34176.0 10656.0 7024.0 5216.0 3728.0 3104.0 2416.0 1856.0 1888.0 1680.0 1296.0 1392.0 0.0 0.0 0.0 0.0 0.0 0.0 27152.0 9920.0 6896.0 5856.0 4032.0 3184.0 6080.0 4768.0 3760.0 2544.0 2336.0 2096.0 48.0 16.0 16.0 16.0 16.0 16.0 17472.0 6176.0 4928.0 3824.0 3104.0 2320.0 13008.0 7440.0 5664.0 4176.0 3056.0 2720.0 64.0 32.0 80.0 112.0 48.0 96.0 0.0 0.0 0.0 0.0 0.0 0.0 27536.0 10736.0 6960.0 5008.0 3712.0 3072.0 288.0 192.0 416.0 256.0 144.0 224.0 0.0 0.0 0.0 0.0 0.0 0.0 34832.0 11312.0 7040.0 5312.0 3696.0 3168.0 1216.0 944.0 1120.0 1024.0 672.0 768.0 0.0 0.0 0.0 0.0 0.0 0.0 33152.0 10832.0 6720.0 5360.0 3936.0 3296.0 2800.0 2320.0 2256.0 1872.0 1456.0 1296.0 16.0 0.0 0.0 16.0 16.0 0.0 31792.0 10576.0 6816.0 5584.0 4096.0 3008.0 3760.0 2896.0 2512.0 2160.0 1632.0 1616.0 16.0 0.0 0.0 0.0 0.0 16.0 17328.0 6848.0 5264.0 4928.0 3632.0 2816.0 13632.0 7728.0 5392.0 4160.0 2992.0 2640.0 80.0 64.0 112.0 48.0 32.0 48.0 0.0 0.0 0.0 0.0 0.0 0.0 25056.0 8528.0 5760.0 5072.0 3456.0 2848.0 7040.0 5104.0 4160.0 3120.0 2560.0 2144.0 32.0 32.0 32.0 48.0 16.0 32.0 0.0 0.0 0.0 0.0 0.0 0.0 34480.0 11024.0 7024.0 5520.0 3840.0 3280.0 960.0 800.0 880.0 624.0 528.0 656.0 0.0 0.0 0.0 0.0 0.0 0.0 35024.0 10592.0 7232.0 4992.0 3904.0 3088.0 1984.0 1616.0 1680.0 1648.0 1152.0 1232.0 16.0 0.0 0.0 0.0 0.0 0.0 32560.0 9904.0 7120.0 5552.0 3888.0 3248.0 3456.0 2912.0 2560.0 2032.0 1760.0 1600.0 16.0 0.0 0.0 0.0 0.0 16.0 20928.0 9312.0 6272.0 4528.0 3424.0 2912.0 112.0 144.0 272.0 128.0 48.0 160.0 0.0 0.0 0.0 0.0 0.0 0.0
49 1 TRACE 616.0 608.0 616.0 608.0 616.0 8.0 616.0 608.0 616.0 608.0 616.0 8.0 616.0 608.0 616.0 608.0 616.0 8.0 616.0 608.0 616.0 608.0 616.0 8.0 616.0 608.0 616.0 608.0 616.0 8.0 616.0 608.0 616.0 608.0 616.0 8.0 616.0 608.0 616.0 608.0 616.0 8.0 616.0 608.0 616.0 608.0 616.0 8.0 616.0 608.0 616.0 608.0 616.0 8.0 616.0 608.0 616.0 608.0 616.0 8.0 616.0 608.0 616.0 608.0 616.0 8.0 616.0 608.0 616.0 608.0 616.0 8.0 616.0 608.0 616.0 608.0 616.0 8.0 616.0 608.0 616.0 608.0 616.0 8.0 616.0 608.0 616.0 608.0 616.0 8.0 616.0 608.0 616.0 608.0 616.0 8.0 616.0 608.0 616.0 608.0 616.0 8.0 616.0 608.0 616.0 608.0 616.0 8.0 616.0 608.0 616.0 608.0 616.0 8.0 616.0 608.0 616.0 608.0 616.0 8.0 616.0 608.0 616.0 608.0 616.0 8.0 616.0 608.0 616.0 608.0 616.0 8.0 616.0 608.0 616.0 608.0 616.0 8.0 616.0 608.0 616.0 608.0 616.0 8.0 616.0 608.0 616.0 608.0 616.0 8.0 616.0 608.0 616.0 608.0 616.0 8.0 616.0 608.0 616.0 608.0 616.0 8.0 616.0 608.0 616.0 608.0 616.0 8.0 616.0 608.0 616.0 608.0 616.0 8.0 616.0 608.0 616.0 608.0 616.0 8.0 616.0 608.0 616.0 608.0 616.0 8.0 616.0 608.0 616.0 608.0 616.0 8.0 616.0 608.0 616.0 608.0 616.0 8.0 616.0 608.0 616.0 608.0 616.0 8.0 616.0 608.0 616.0 608.0 616.0 8.0 616.0 608.0 616.0 608.0 616.0 8.0 616.0 608.0 616.0 608.0 616.0 8.0 616.0 608.0 616.0 608.0 616.0 8.0 616.0 608.0 616.0 608.0 616.0 8.0 616.0 608.0 616.0 608.0 616.0 8.0 616.0 608.0 616.0 608.0 616.0 8.0 616.0 608.0 616.0 608.0 616.0 8.0 616.0 608.0 616.0 608.0 616.0 8.0 616.0 608.0 616.0 608.0 616.0 8.0 616.0 608.0 616.0 608.0 616.0 8.0 616.0 608.0 616.0 608.0 616.0 8.0 616.0 608.0 616.0 608.0 616.0 8.0 616.0 608.0 616.0 608.0 616.0 8.0 616.0 608.0 616.0 608.0 616.0 8.0 616.0 608.0 616.0 608.0 616.0 8.0 616.0 608.0 616.0 608.0 616.0 8.0 616.0 608.0 616.0 608.0 616.0 8.0 616.0 608.0 616.0 608.0 616.0 8.0 616.0 608.0 616.0 608.0 616.0 8.0 616.0 608.0 616.0 608.0 616.0 8.0 616.0 608.0 616.0 608.0 616.0 8.0 616.0 608.0 616.0 608.0 616.0 8.0 616.0 608.0 616.0 608.0 616.0 8.0 616.0 608.0 616.0 608.0 616.0 8.0 616.0 608.0 616.0 608.0 616.0 8.0 616.0 608.0 616.0 608.0 616.0 8.0 616.0 608.0 616.0 608.0 616.0 8.0 616.0 608.0 616.0 608.0 616.0 8.0 616.0 608.0 616.0 608.0 616.0 8.0 616.0 608.0 616.0 608.0 616.0 8.0 616.0 608.0 616.0 608.0 616.0 8.0 616.0 608.0 616.0 608.0 616.0 8.0 616.0 608.0 616.0 608.0 616.0 8.0 616.0 608.0 616.0 608.0 616.0 8.0 616.0 608.0 616.0 608.0 616.0 8.0 616.0 608.0 616.0 608.0 616.0 8.0 616.0 608.0 616.0 608.0 616.0 8.0 616.0 608.0 616.0 608.0 616.0 8.0 616.0 608.0 616.0 608.0 616.0 8.0 616.0 608.0 616.0 608.0 616.0 8.0 616.0 608.0 616.0 608.0 616.0 8.0 616.0 608.0 616.0 608.0 616.0 8.0 616.0 608.0 616.0 608.0 616.0 8.0 616.0 608.0 616.0 608.0 616.0 8.0 616.0 608.0 616.0 608.0 616.0 8.0 616.0 608.0 616.0 608.0 616.0 8.0 616.0 608.0 616.0 608.0 616.0 8.0 616.0 608.0 616.0 608.0 616.0 8.0 616.0 608.0 616.0 608.0 616.0 8.0 616.0 608.0 616.0 608.0 616.0 8.0 616.0 608.0 616.0 608.0 616.0 8.0 616.0 608.0 616.0 608.0 616.0 8.0 616.0 608.0 616.0 608.0 616.0 8.0 616.0 608.0 616.0 608.0 616.0 8.0 616.0 608.0 616.0 608.0 616.0 8.0 616.0 608.0 616.0 608.0 616.0 8.0 616.0 608.0 616.0 608.0 616.0 8.0 616.0 608.0 616.0 608.0 616.0 8.0 616.0 608.0 616.0 608.0 616.0 8.0 616.0 608.0 616.0 608.0 616.0 8.0 616.0 608.0 616.0 608.0 616.0 8.0 616.0 608.0 616.0 608.0 616.0 8.0 616.0 608.0 616.0 608.0 616.0 8.0 616.0 608.0 616.0 608.0 616.0 8.0 616.0 608.0 616.0 608.0 616.0 8.0 616.0 608.0 616.0 608.0 616.0 8.0 616.0 608.0 616.0 608.0 616.0 8.0 616.0 608.0 616.0 608.0 616.0 8.0 616.0 608.0 616.0 608.0 616.0 8.0 616.0 608.0 616.0 608.0 616.0 8.0 616.0 608.0 616.0 608.0 616.0 8.0 616.0 608.0 616.0 608.0 616.0 8.0 616.0 608.0 616.0 608.0 616.0 8.0 616.0 608.0 616.0 608.0 616.0 8.0 616.0 608.0 616.0 608.0 616.0 8.0 616.0 608.0 616.0 608.0 616.0 8.0 616.0 608.0 616.0 608.0 616.0 8.0 616.0 608.0 616.0 608.0 616.0 8.0 616.0 608.0 616.0 608.0 616.0 8.0 616.0 608.0 616.0 608.0 616.0 8.0 616.0 608.0 616.0 608.0 616.0 8.0 616.0 608.0 616.0 608.0 616.0 8.0 616.0 608.0 616.0 608.0 616.0 8.0 616.0 608.0 616.0 608.0 616.0 8.0 616.0 608.0 616.0 608.0 616.0 8.0 616.0 608.0 616.0 608.0 616.0 8.0 616.0 608.0 616.0 608.0 616.0 8.0 616.0 608.0 616.0 608.0 616.0 8.0 616.0 608.0 616.0 608.0 616.0 8.0 616.0 608.0 616.0 608.0 616.0 8.0 616.0 608.0 616.0 608.0 616.0 8.0 616.0 608.0 616.0 608.0 616.0 8.0 616.0 608.0 616.0 608.0 616.0 8.0 616.0 608.0 616.0 608.0 616.0 8.0 616.0 608.0 616.0 608.0 616.0 8.0 616.0 608.0 616.0 608.0 616.0 8.0 616.0 608.0 616.0 608.0 616.0 8.0 616.0 608.0 616.0 608.0 616.0 8.0 616.0 608.0 616.0 608.0 616.0 8.0 616.0 608.0 616.0 608.0 616.0 8.0 616.0 608.0 616.0 608.0 616.0 8.0 616.0 608.0 616.0 608.0 616.0 8.0 616.0 608.0 616.0 608.0 616.0 8.0 616.0 608.0 616.0 608.0 616.0 8.0 616.0 608.0 616.0 608.0 616.0 8.0 616.0 608.0 616.0 608.0 616.0 8.0 616.0 608.0 616.0 608.0 616.0 8.0 616.0 608.0 616.0 608.0 616.0 8.0 616.0 608.0 616.0 608.0 616.0 8.0 616.0 608.0 616.0 608.0 616.0 8.0 616.0 608.0 616.0 608.0 616.0 8.0 616.0 608.0 616.0 608.0 616.0 8.0 616.0 608.0 616.0 608.0 616.0 8.0 616.0 608.0 616.0 608.0 616.0 8.0 616.0 608.0 616.0 608.0 616.0 8.0 616.0 608.0 616.0 608.0 616.0 8.0 616.0 608.0 616.0 608.0 616.0 8.0 616.0 608.0 616.0 608.0 616.0 8.0 616.0 608.0 616.0 608.0 616.0 8.0 616.0 608.0 616.0 608.0 616.0 8.0 616.0 608.0 616.0 608.0 616.0 8.0 616.0 608.0 616.0 608.0 616.0 8.0 616.0 608.0 616.0 608.0 616.0 8.0 616.0 608.0 616.0 608.0 616.0 8.0 616.0 608.0 616.0 608.0 616.0 8.0 616.0 608.0 616.0 608.0 616.0 8.0 616.0 608.0 616.0 608.0 616.0 8.0 616.0 608.0 616.0 608.0 616.0 8.0 616.0 608.0 616.0 608.0 616.0 8.0 616.0 608.0 616.0 608.0 616.0 8.0 616.0 608.0 616.0 608.0 616.0 8.0 616.0 608.0 616.0 608.0 616.0 8.0 616.0 608.0 616.0 608.0 616.0 8.0 616.0 608.0 616.0 608.0 616.0 8.0 616.0 608.0 616.0 608.0 616.0 8.0 616.0 608.0 616.0 608.0 616.0 8.0 616.0 608.0 616.0 608.0 616.0 8.0 616.0 608.0 616.0 608.0 616.0 8.0 616.0 608.0 616.0 608.0 616.0 8.0 616.0 608.0 616.0 608.0 616.0 8.0 616.0 608.0 616.0 608.0 616.0 8.0 616.0 608.0 616.0 608.0 616.0 8.0 616.0 608.0 616.0 608.0 616.0 8.0 616.0 608.0 616.0 608.0 616.0 8.0 616.0 608.0 616.0 608.0 616.0 8.0 616.0 608.0 616.0 608.0 616.0 8.0 616.0 608.0 616.0 608.0 616.0 8.0 616.0 608.0 616.0 608.0 616.0 8.0 616.0 608.0 616.0 608.0 616.0 8.0 616.0 608.0 616.0 608.0 616.0 8.0 616.0 608.0 616.0 608.0 616.0 8.0 616.0 608.0 616.0 608.0 616.0 8.0 616.0 608.0 616.0 608.0 616.0 8.0 616.0 608.0 616.0 608.0 616.0 8.0 616.0 608.0 616.0 608.0 616.0 8.0 616.0 608.0 616.0 608.0 616.0 8.0 616.0 608.0 616.0 608.0 616.0 8.0 616.0 608.0 616.0 608.0 616.0 8.0 616.0 608.0 616.0 608.0 616.0 8.0 616.0 608.0 616.0 608.0 616.0 8.0 616.0 608.0 616.0 608.0 616.0 8.0 616.0 608.0 616.0 608.0 616.0 8.0 616.0 608.0 616.0 608.0 616.0 8.0 616.0 608.0 616.0 608.0 616.0 8.0 616.0 608.0 616.0 608.0 616.0 8.0 616.0 608.0 616.0 608.0 616.0 8.0 616.0 608.0 616.0 608.0 616.0 8.0 616.0 608.0 616.0 608.0 616.0 8.0 616.0 608.0 616.0 608.0 616.0 8.0 616.0 608.0 616.0 608.0 616.0 8.0 616.0 608.0 616.0 608.0 616.0 8.0 616.0 608.0 616.0 608.0 616.0 8.0
50 1 CONSTANT 8.0
51 1 CONSTANT 8.0
52 1 CONSTANT 8.0
53 1 CONSTANT 8.0
54 1 CONSTANT 0.0
55 1 CONSTANT 0.0
56 1 CONSTANT 0.0
57 1 CONSTANT 0.0
58 1 CONSTANT 0.0
59 1 CONSTANT 0.0
60 1 CONSTANT 0.0
61 1 CONSTANT 0.0
62 1 CONSTANT 8.0
