0 1 1 TRACE 1672855982090051.0
1 2 1 TRACE 11008.0 21.0 33.0 28.0 21.0 22.0 22.0 22.0 23.0 22.0 25.0 33.0 21.0 22.0 22.0 22.0 21.0 21.0 21.0 21.0 32.0 21.0 21.0 21.0 26.0 27.0 21.0 26.0 21.0 20.0 32.0 33.0 33.0 22.0 21.0 21.0 26.0 32.0 33.0 20.0 45.0 32.0 32.0 34.0 20.0 20.0 21.0 22.0 22.0 21.0 21.0 33.0 21.0 21.0 22.0 33.0 33.0 22.0 23.0 22.0 33.0 21.0 32.0 21.0
2 3 1 TRACE 1632.0 29.0 28.0 28.0 29.0 28.0 93.0 53.0 27.0 30.0 36.0 28.0 45.0 41.0 32.0 177.0 36.0 30.0 28.0 56.0 29.0 29.0 30.0 39.0 32.0 90.0 180.0 112.0 28.0 32.0 32.0 29.0 28.0 57.0 28.0 62.0 68.0 28.0 33.0 82.0 33.0 28.0 28.0 30.0 50.0 29.0 48.0 83.0 29.0 57.0 67.0 28.0 56.0 56.0 30.0 28.0 28.0 28.0 37.0 44.0 32.0 34.0 28.0 38.0
3 4 1 TRACE 44.0 23.0 26.0 46.0 23.0 23.0 52.0 80.0 50.0 40.0 26.0 43.0 64.0 56.0 23.0 69.0 24.0 57.0 59.0 55.0 85.0 23.0 67.0 63.0 30.0 34.0 376.0 24.0 23.0 28.0 59.0 66.0 56.0 52.0 28.0 24.0 97.0 30.0 38.0 57.0 29.0 59.0 23.0 46.0 35.0 23.0 22.0 61.0 23.0 57.0 53.0 23.0 61.0 60.0 23.0 30.0 24.0 24.0 61.0 35.0 56.0 37.0 24.0 58.0
4 5 1 TRACE 21.0 15.0 34.0 15.0 16.0 17.0 25.0 17.0 36.0 16.0 16.0 15.0 15.0 16.0 16.0 15.0 16.0 18.0 54.0 16.0 16.0 50.0 16.0 20.0 54.0 16.0 15.0 90.0 16.0 50.0 15.0 40.0 16.0 16.0 16.0 20.0 15.0 16.0 16.0 16.0 22.0 16.0 17.0 16.0 55.0 16.0 16.0 17.0 16.0 18.0 16.0 15.0 16.0 16.0 16.0 15.0 16.0 16.0 16.0 16.0 16.0 15.0 20.0 39.0
5 6 1 TRACE 41.0 168.0 16.0 16.0 16.0 18.0 35.0 19.0 18.0 18.0 38.0 17.0 20.0 19.0 17.0 18.0 14.0 16.0 11.0 17.0 27.0 11.0 84.0 12.0 16.0 59.0 19.0 20.0 16.0 11.0 52.0 44.0 19.0 23.0 55.0 12.0 28.0 14.0 13.0 16.0 17.0 17.0 16.0 16.0 17.0 49.0 14.0 15.0 14.0 12.0 49.0 23.0 33.0 12.0 17.0 15.0 16.0 14.0 40.0 20.0 16.0 13.0 12.0 11.0
6 7 1 TRACE 20.0 11.0 136.0 148.0 14.0 13.0 8.0 10.0 13.0 14.0 14.0 14.0 14.0 15.0 15.0 16.0 14.0 51.0 8.0 15.0 13.0 9.0 20.0 9.0 12.0 17.0 17.0 53.0 14.0 9.0 8.0 9.0 15.0 14.0 10.0 9.0 12.0 14.0 12.0 9.0 12.0 14.0 14.0 14.0 24.0 14.0 13.0 9.0 14.0 15.0 21.0 13.0 9.0 14.0 12.0 13.0 15.0 13.0 75.0 8.0 14.0 14.0 9.0 9.0
7 8 1 TRACE 19.0 8.0 51.0 15.0 14.0 14.0 45.0 8.0 20.0 14.0 39.0 15.0 43.0 9.0 14.0 16.0 16.0 19.0 10.0 8.0 34.0 9.0 8.0 8.0 22.0 86.0 17.0 20.0 15.0 8.0 8.0 8.0 26.0 9.0 10.0 19.0 12.0 13.0 8.0 9.0 12.0 21.0 15.0 15.0 23.0 15.0 19.0 8.0 15.0 9.0 7.0 14.0 8.0 9.0 13.0 13.0 14.0 14.0 19.0 24.0 21.0 14.0 19.0 19.0
8 9 1 TRACE 20.0 8.0 16.0 15.0 14.0 21.0 17.0 8.0 19.0 19.0 20.0 8.0 16.0 9.0 48.0 38.0 13.0 8.0 7.0 8.0 18.0 19.0 8.0 8.0 11.0 35.0 17.0 16.0 15.0 8.0 10.0 8.0 16.0 8.0 9.0 8.0 12.0 24.0 25.0 8.0 12.0 8.0 27.0 13.0 11.0 28.0 19.0 9.0 15.0 38.0 8.0 23.0 8.0 8.0 14.0 24.0 13.0 14.0 16.0 7.0 8.0 14.0 9.0 23.0
9 10 1 TRACE 63.0 253.0 34.0 49.0 31.0 39.0 37.0 69.0 28.0 43.0 62.0 28.0 29.0 39.0 28.0 85.0 39.0 42.0 51.0 36.0 53.0 43.0 44.0 28.0 27.0 60.0 63.0 41.0 32.0 27.0 230.0 87.0 27.0 60.0 45.0 160.0 58.0 56.0 52.0 44.0 53.0 66.0 51.0 28.0 27.0 38.0 28.0 69.0 68.0 67.0 66.0 50.0 46.0 52.0 54.0 37.0 51.0 55.0 34.0 28.0 65.0 28.0 43.0 47.0
10 11 1 TRACE 22.0 18.0 32.0 18.0 17.0 17.0 31.0 18.0 19.0 21.0 54.0 17.0 17.0 18.0 17.0 19.0 18.0 17.0 18.0 29.0 19.0 18.0 17.0 17.0 18.0 18.0 18.0 19.0 17.0 20.0 17.0 17.0 17.0 17.0 18.0 17.0 17.0 17.0 18.0 17.0 18.0 17.0 17.0 18.0 18.0 18.0 17.0 16.0 18.0 17.0 24.0 18.0 17.0 17.0 20.0 16.0 18.0 18.0 17.0 22.0 18.0 18.0 17.0 17.0
11 12 1 TRACE 26.0 28.0 81.0 19.0 18.0 22.0 19.0 55.0 27.0 28.0 19.0 19.0 21.0 19.0 18.0 19.0 18.0 18.0 18.0 19.0 23.0 19.0 18.0 19.0 18.0 54.0 58.0 19.0 19.0 18.0 131.0 18.0 18.0 19.0 53.0 98.0 19.0 19.0 36.0 19.0 23.0 20.0 55.0 31.0 24.0 19.0 19.0 50.0 20.0 48.0 53.0 18.0 24.0 18.0 20.0 18.0 18.0 19.0 54.0 18.0 52.0 19.0 18.0 23.0
12 13 1 TRACE 23.0 17.0 28.0 38.0 51.0 20.0 19.0 55.0 19.0 44.0 31.0 37.0 18.0 18.0 17.0 28.0 58.0 17.0 18.0 19.0 29.0 17.0 17.0 18.0 18.0 79.0 22.0 16.0 16.0 17.0 19.0 18.0 17.0 17.0 17.0 132.0 18.0 29.0 20.0 150.0 54.0 17.0 17.0 29.0 17.0 17.0 16.0 20.0 28.0 17.0 17.0 19.0 16.0 27.0 16.0 17.0 17.0 17.0 17.0 17.0 17.0 18.0 17.0 17.0
13 14 1 TRACE 19.0 9.0 8.0 8.0 9.0 8.0 8.0 9.0 8.0 9.0 8.0 8.0 9.0 9.0 8.0 8.0 9.0 9.0 8.0 9.0 8.0 8.0 8.0 8.0 9.0 9.0 9.0 8.0 9.0 8.0 8.0 8.0 9.0 9.0 9.0 9.0 8.0 9.0 9.0 9.0 11.0 9.0 9.0 8.0 9.0 8.0 9.0 8.0 9.0 9.0 9.0 8.0 9.0 9.0 9.0 8.0 9.0 8.0 9.0 9.0 8.0 8.0 9.0 8.0
14 15 1 TRACE 24.0 230.0 16.0 16.0 15.0 16.0 16.0 16.0 15.0 16.0 16.0 16.0 16.0 16.0 16.0 26.0 15.0 35.0 16.0 17.0 16.0 16.0 16.0 17.0 17.0 190.0 17.0 16.0 16.0 16.0 202.0 16.0 39.0 16.0 16.0 59.0 16.0 16.0 16.0 17.0 19.0 17.0 16.0 16.0 16.0 16.0 16.0 16.0 16.0 17.0 40.0 16.0 16.0 16.0 16.0 16.0 16.0 16.0 16.0 16.0 16.0 16.0 17.0 16.0
15 16 1 TRACE 13.0 8.0 8.0 8.0 8.0 8.0 8.0 8.0 7.0 8.0 7.0 8.0 8.0 8.0 8.0 8.0 8.0 8.0 8.0 8.0 8.0 8.0 8.0 8.0 8.0 8.0 8.0 8.0 8.0 8.0 8.0 8.0 8.0 8.0 8.0 8.0 8.0 8.0 8.0 8.0 8.0 8.0 8.0 8.0 8.0 8.0 7.0 8.0 8.0 8.0 8.0 8.0 8.0 8.0 8.0 8.0 8.0 8.0 8.0 8.0 8.0 8.0 8.0 8.0
16 17 1 TRACE 42.0 393.0 133.0 36.0 72.0 37.0 31.0 52.0 49.0 34.0 44.0 36.0 71.0 55.0 93.0 38.0 58.0 68.0 30.0 35.0 30.0 32.0 32.0 31.0 32.0 89.0 69.0 88.0 30.0 31.0 44.0 33.0 69.0 36.0 84.0 70.0 90.0 33.0 32.0 213.0 41.0 65.0 85.0 36.0 35.0 37.0 31.0 68.0 30.0 70.0 39.0 39.0 74.0 33.0 93.0 74.0 34.0 49.0 66.0 31.0 64.0 33.0 68.0 34.0
17 18 1 TRACE 22.0 18.0 19.0 16.0 20.0 17.0 17.0 17.0 18.0 41.0 17.0 17.0 21.0 17.0 18.0 17.0 18.0 17.0 18.0 22.0 17.0 17.0 18.0 23.0 20.0 19.0 53.0 18.0 18.0 17.0 18.0 17.0 16.0 17.0 17.0 17.0 19.0 17.0 21.0 17.0 18.0 20.0 18.0 17.0 17.0 45.0 17.0 18.0 16.0 17.0 19.0 17.0 21.0 16.0 18.0 20.0 18.0 30.0 51.0 18.0 18.0 17.0 16.0 17.0
18 19 1 TRACE 35.0 19.0 36.0 17.0 19.0 18.0 17.0 56.0 32.0 19.0 23.0 24.0 18.0 35.0 18.0 26.0 18.0 20.0 17.0 18.0 17.0 49.0 19.0 58.0 17.0 18.0 19.0 48.0 18.0 17.0 19.0 18.0 21.0 20.0 26.0 18.0 19.0 20.0 18.0 20.0 18.0 58.0 19.0 18.0 17.0 18.0 18.0 53.0 23.0 30.0 25.0 18.0 18.0 19.0 48.0 18.0 51.0 20.0 18.0 18.0 20.0 18.0 17.0 18.0
19 20 1 TRACE 22.0 17.0 79.0 37.0 21.0 17.0 22.0 17.0 18.0 16.0 19.0 27.0 22.0 32.0 17.0 99.0 17.0 51.0 18.0 19.0 16.0 53.0 17.0 17.0 16.0 54.0 19.0 25.0 17.0 60.0 18.0 38.0 17.0 18.0 18.0 19.0 18.0 17.0 17.0 17.0 29.0 49.0 50.0 22.0 17.0 17.0 19.0 18.0 24.0 246.0 52.0 22.0 54.0 17.0 18.0 56.0 21.0 17.0 20.0 17.0 20.0 42.0 18.0 19.0
20 21 1 TRACE 21.0 17.0 16.0 15.0 16.0 16.0 16.0 16.0 16.0 17.0 16.0 16.0 17.0 15.0 15.0 17.0 16.0 16.0 15.0 16.0 15.0 15.0 16.0 16.0 16.0 16.0 16.0 15.0 15.0 16.0 16.0 15.0 16.0 16.0 16.0 15.0 15.0 16.0 15.0 15.0 16.0 17.0 16.0 16.0 16.0 15.0 16.0 15.0 16.0 16.0 16.0 17.0 16.0 16.0 16.0 15.0 16.0 16.0 15.0 15.0 16.0 15.0 15.0 15.0
21 22 1 TRACE 28.0 14.0 14.0 13.0 13.0 12.0 13.0 13.0 13.0 13.0 13.0 13.0 13.0 12.0 13.0 13.0 12.0 13.0 13.0 13.0 12.0 13.0 12.0 13.0 12.0 12.0 13.0 13.0 13.0 13.0 13.0 13.0 12.0 12.0 13.0 13.0 13.0 13.0 13.0 13.0 12.0 13.0 13.0 13.0 12.0 13.0 13.0 12.0 13.0 13.0 12.0 13.0 13.0 13.0 13.0 12.0 12.0 12.0 13.0 13.0 13.0 12.0 13.0 13.0
22 23 1 TRACE 48.0 37.0 117.0 39.0 52.0 41.0 50.0 75.0 38.0 43.0 69.0 41.0 42.0 108.0 57.0 89.0 70.0 50.0 44.0 51.0 43.0 43.0 46.0 113.0 44.0 71.0 110.0 45.0 42.0 62.0 45.0 44.0 67.0 43.0 139.0 42.0 44.0 45.0 42.0 130.0 60.0 65.0 45.0 43.0 69.0 45.0 83.0 77.0 46.0 80.0 65.0 45.0 70.0 43.0 44.0 45.0 51.0 70.0 67.0 74.0 45.0 44.0 43.0 59.0
23 24 1 TRACE 42.0 39.0 63.0 46.0 64.0 38.0 27.0 94.0 26.0 33.0 27.0 28.0 63.0 34.0 59.0 100.0 57.0 57.0 61.0 136.0 64.0 33.0 60.0 27.0 28.0 53.0 135.0 28.0 63.0 58.0 59.0 27.0 60.0 35.0 293.0 32.0 62.0 28.0 62.0 59.0 26.0 64.0 57.0 31.0 64.0 57.0 59.0 27.0 32.0 30.0 25.0 26.0 58.0 68.0 27.0 66.0 27.0 42.0 63.0 60.0 27.0 33.0 61.0 59.0
24 25 1 TRACE 49.0 22.0 21.0 22.0 24.0 21.0 21.0 25.0 20.0 22.0 23.0 20.0 23.0 21.0 26.0 23.0 28.0 26.0 22.0 35.0 24.0 33.0 21.0 23.0 22.0 21.0 59.0 20.0 23.0 22.0 24.0 59.0 20.0 49.0 24.0 39.0 60.0 20.0 22.0 21.0 21.0 23.0 23.0 22.0 25.0 26.0 21.0 21.0 20.0 28.0 21.0 21.0 37.0 26.0 22.0 23.0 20.0 23.0 22.0 22.0 22.0 20.0 23.0 23.0
25 26 1 TRACE 24.0 10.0 10.0 9.0 9.0 17.0 10.0 9.0 9.0 10.0 9.0 10.0 9.0 9.0 9.0 10.0 9.0 9.0 10.0 9.0 9.0 10.0 9.0 10.0 10.0 9.0 9.0 10.0 9.0 10.0 9.0 9.0 9.0 9.0 10.0 9.0 9.0 9.0 9.0 9.0 9.0 10.0 9.0 10.0 10.0 10.0 9.0 10.0 9.0 9.0 9.0 9.0 9.0 9.0 9.0 10.0 9.0 10.0 9.0 9.0 9.0 9.0 9.0 12.0 9.0 9.0 10.0 9.0 9.0 9.0 9.0 10.0 9.0 9.0 10.0 9.0 9.0 9.0 9.0 10.0 10.0 9.0 10.0 10.0 10.0 9.0 9.0 9.0 9.0 9.0 9.0 10.0 9.0 9.0 9.0 10.0 9.0 9.0 9.0 9.0 9.0 12.0 9.0 9.0 9.0 9.0 9.0 9.0 9.0 12.0 9.0 10.0 9.0 9.0 9.0 9.0 9.0 9.0 9.0 10.0 9.0 9.0 9.0 9.0 10.0 9.0 9.0 9.0 9.0 9.0 9.0 9.0 9.0 9.0 9.0 10.0 9.0 9.0 9.0 9.0 9.0 10.0 9.0 9.0 9.0 9.0 10.0 10.0 9.0 9.0 9.0 9.0 9.0 10.0 9.0 9.0 9.0 9.0 10.0 9.0 9.0 9.0 9.0 10.0 9.0 9.0 9.0 9.0 10.0 10.0 10.0 9.0 9.0 9.0 9.0 9.0 9.0 10.0 9.0 9.0 8.0 10.0 10.0 9.0 9.0 9.0 9.0 9.0 10.0 9.0 9.0 10.0 9.0 10.0 9.0 9.0 9.0 9.0 9.0 9.0 9.0
26 27 1 TRACE 11.0 7.0 8.0 7.0 7.0 8.0 8.0 7.0 7.0 8.0 7.0 7.0 7.0 7.0 7.0 8.0 7.0 7.0 8.0 7.0 7.0 7.0 7.0 7.0 7.0 8.0 7.0 7.0 7.0 7.0 7.0 7.0 7.0 7.0 8.0 7.0 7.0 7.0 8.0 7.0 7.0 7.0 8.0 8.0 7.0 7.0 7.0 8.0 8.0 8.0 8.0 7.0 8.0 8.0 7.0 8.0 7.0 8.0 8.0 7.0 8.0 7.0 8.0 8.0 8.0 8.0 8.0 7.0 7.0 8.0 7.0 8.0 8.0 8.0 7.0 8.0 7.0 8.0 7.0 8.0 7.0 8.0 8.0 8.0 8.0 7.0 7.0 8.0 7.0 8.0 8.0 7.0 7.0 8.0 7.0 8.0 7.0 7.0 8.0 7.0 8.0 7.0 7.0 7.0 7.0 8.0 7.0 8.0 8.0 8.0 7.0 8.0 7.0 7.0 7.0 8.0 7.0 8.0 7.0 8.0 7.0 7.0 7.0 15.0 8.0 8.0 7.0 8.0 7.0 8.0 7.0 8.0 8.0 7.0 8.0 8.0 8.0 7.0 7.0 8.0 8.0 8.0 7.0 8.0 8.0 7.0 8.0 7.0 7.0 7.0 8.0 7.0 7.0 7.0 7.0 7.0 8.0 7.0 8.0 8.0 7.0 8.0 8.0 7.0 8.0 8.0 7.0 7.0 7.0 7.0 7.0 7.0 8.0 8.0 7.0 7.0 7.0 8.0 7.0 8.0 7.0 7.0 7.0 8.0 8.0 7.0 7.0 7.0 7.0 7.0 7.0 8.0 7.0 8.0 7.0 7.0 7.0 7.0 7.0 7.0 7.0
27 28 1 TRACE 11.0 8.0 7.0 8.0 7.0 7.0 7.0 7.0 7.0 7.0 7.0 7.0 8.0 7.0 8.0 7.0 7.0 7.0 7.0 7.0 7.0 8.0 8.0 7.0 7.0 7.0 7.0 7.0 7.0 7.0 7.0 8.0 8.0 7.0 7.0 7.0 8.0 7.0 7.0 7.0 7.0 7.0 7.0 7.0 7.0 7.0 7.0 8.0 7.0 7.0 7.0 7.0 7.0 8.0 8.0 7.0 7.0 7.0 7.0 7.0 7.0 8.0 7.0 7.0 7.0 7.0 8.0 7.0 7.0 7.0 8.0 7.0 7.0 7.0 7.0 7.0 8.0 7.0 8.0 7.0 7.0 7.0 7.0 7.0 7.0 7.0 7.0 7.0 8.0 7.0 7.0 7.0 7.0 7.0 8.0 7.0 7.0 7.0 7.0 7.0 7.0 7.0 7.0 8.0 7.0 7.0 7.0 7.0 7.0 7.0 7.0 7.0 8.0 7.0 7.0 7.0 7.0 7.0 8.0 8.0 7.0 8.0 8.0 7.0 7.0 7.0 8.0 7.0 8.0 7.0 8.0 7.0 7.0 7.0 7.0 7.0 7.0 7.0 7.0 7.0 7.0 7.0 10.0 7.0 7.0 7.0 8.0 7.0 8.0 7.0 7.0 8.0 7.0 7.0 7.0 8.0 7.0 8.0 7.0 7.0 8.0 7.0 7.0 7.0 7.0 7.0 8.0 8.0 7.0 7.0 7.0 7.0 7.0 7.0 7.0 7.0 8.0 7.0 8.0 7.0 8.0 7.0 7.0 7.0 7.0 7.0 7.0 7.0 8.0 7.0 7.0 8.0 8.0 7.0 7.0 8.0 7.0 8.0 8.0 7.0 8.0
28 29 1 TRACE 13.0 8.0 9.0 8.0 8.0 9.0 8.0 8.0 8.0 9.0 8.0 8.0 12.0 9.0 8.0 8.0 8.0 9.0 8.0 8.0 8.0 8.0 8.0 8.0 8.0 8.0 8.0 8.0 8.0 9.0 8.0 8.0 8.0 8.0 9.0 8.0 8.0 8.0 9.0 8.0 8.0 8.0 8.0 9.0 8.0 8.0 8.0 9.0 9.0 9.0 8.0 8.0 9.0 9.0 8.0 9.0 8.0 8.0 9.0 8.0 8.0 8.0 9.0 9.0 8.0 18.0 9.0 9.0 8.0 9.0 8.0 9.0 8.0 8.0 8.0 9.0 8.0 9.0 8.0 9.0 8.0 9.0 8.0 8.0 8.0 8.0 9.0 9.0 8.0 8.0 8.0 8.0 8.0 8.0 8.0 9.0 8.0 8.0 9.0 8.0 9.0 9.0 8.0 8.0 9.0 9.0 8.0 8.0 8.0 9.0 9.0 9.0 8.0 8.0 8.0 8.0 8.0 8.0 8.0 9.0 8.0 8.0 8.0 8.0 9.0 8.0 8.0 8.0 8.0 8.0 8.0 9.0 9.0 8.0 9.0 9.0 8.0 12.0 9.0 8.0 9.0 9.0 9.0 9.0 8.0 8.0 9.0 8.0 8.0 8.0 9.0 8.0 9.0 8.0 8.0 8.0 8.0 8.0 9.0 8.0 8.0 9.0 9.0 8.0 8.0 8.0 8.0 8.0 8.0 8.0 8.0 8.0 9.0 8.0 8.0 8.0 8.0 9.0 8.0 9.0 8.0 8.0 8.0 8.0 9.0 8.0 8.0 8.0 8.0 8.0 8.0 8.0 8.0 8.0 8.0 8.0 8.0 8.0 8.0 8.0 8.0
29 30 1 TRACE 40.0 30.0 33.0 30.0 49.0 26.0 57.0 31.0 111.0 39.0 27.0 49.0 30.0 61.0 147.0 175.0 37.0 31.0 31.0 72.0 30.0 65.0 31.0 35.0 73.0 30.0 67.0 31.0 63.0 37.0 95.0 39.0 29.0 88.0 31.0 52.0 71.0 42.0 223.0 31.0 69.0 36.0 43.0 31.0 53.0 176.0 107.0 38.0 30.0 34.0 32.0 38.0 69.0 30.0 34.0 70.0 74.0 29.0 70.0 59.0 128.0 32.0 54.0 18.0 30.0 22.0 33.0 58.0 30.0 71.0 66.0 65.0 29.0 85.0 33.0 123.0 34.0 68.0 39.0 64.0 29.0 33.0 866.0 32.0 106.0 38.0 31.0 103.0 70.0 64.0 66.0 34.0 68.0 30.0 23.0 114.0 31.0 31.0 37.0 177.0 35.0 19.0 29.0 31.0 65.0 66.0 30.0 48.0 152.0 34.0 70.0 55.0 68.0 30.0 32.0 66.0 31.0 70.0 31.0 69.0 76.0 66.0 64.0 100.0 29.0 30.0 34.0 72.0 30.0 32.0 67.0 30.0 29.0 29.0 66.0 78.0 32.0 18.0 67.0 91.0 66.0 65.0 52.0 32.0 32.0 155.0 33.0 32.0 67.0 227.0 32.0 33.0 33.0 88.0 55.0 31.0 28.0 66.0 80.0 64.0 38.0 66.0 35.0 54.0 65.0 31.0 31.0 30.0 30.0 66.0 71.0 59.0 32.0 66.0 56.0 33.0 31.0 30.0 47.0 74.0 36.0 62.0 34.0 31.0 53.0 38.0 32.0 82.0 31.0 29.0 37.0 33.0 33.0 35.0 39.0 33.0 278.0 72.0 65.0 65.0 74.0
30 31 1 TRACE 21.0 8.0 16.0 8.0 16.0 16.0 9.0 15.0 18.0 17.0 17.0 8.0 16.0 16.0 16.0 9.0 8.0 32.0 8.0 7.0 18.0 8.0 8.0 16.0 8.0 9.0 17.0 16.0 9.0 52.0 17.0 16.0 16.0 16.0 8.0 8.0 16.0 16.0 8.0 8.0 17.0 17.0 16.0 16.0 18.0 9.0 16.0 16.0 8.0 16.0 17.0 8.0 15.0 16.0 8.0 17.0 16.0 9.0 16.0 16.0 9.0 16.0 15.0 8.0 7.0 17.0 17.0 9.0 16.0 16.0 8.0 16.0 16.0 16.0 8.0 272.0 9.0 16.0 18.0 17.0 16.0 16.0 9.0 17.0 8.0 8.0 15.0 16.0 8.0 7.0 8.0 8.0 18.0 17.0 16.0 53.0 16.0 8.0 15.0 35.0 16.0 26.0 16.0 8.0 8.0 8.0 15.0 8.0 16.0 17.0 55.0 16.0 8.0 16.0 18.0 8.0 17.0 8.0 16.0 16.0 9.0 7.0 8.0 8.0 15.0 15.0 8.0 8.0 16.0 8.0 16.0 16.0 8.0 8.0 44.0 9.0 8.0 16.0 9.0 52.0 16.0 8.0 16.0 17.0 8.0 42.0 17.0 8.0 8.0 16.0 8.0 9.0 7.0 16.0 16.0 16.0 15.0 9.0 16.0 16.0 8.0 16.0 16.0 9.0 7.0 23.0 18.0 16.0 16.0 16.0 9.0 8.0 16.0 8.0 22.0 17.0 8.0 16.0 16.0 8.0 8.0 17.0 17.0 16.0 18.0 16.0 8.0 16.0 16.0 8.0 16.0 16.0 8.0 16.0 16.0 8.0 16.0 16.0 9.0 16.0 16.0
31 32 1 TRACE 17.0 12.0 13.0 75.0 13.0 13.0 13.0 12.0 17.0 13.0 13.0 12.0 13.0 13.0 13.0 13.0 12.0 13.0 12.0 12.0 13.0 12.0 12.0 13.0 13.0 12.0 13.0 13.0 12.0 13.0 12.0 13.0 13.0 13.0 12.0 12.0 13.0 13.0 12.0 12.0 12.0 13.0 13.0 12.0 14.0 41.0 13.0 12.0 13.0 12.0 13.0 13.0 13.0 13.0 17.0 13.0 12.0 13.0 12.0 13.0 12.0 13.0 12.0 13.0 12.0 12.0 13.0 13.0 12.0 12.0 12.0 13.0 12.0 12.0 13.0 12.0 12.0 13.0 13.0 13.0 13.0 12.0 13.0 12.0 21.0 13.0 12.0 12.0 12.0 12.0 13.0 13.0 12.0 13.0 13.0 13.0 12.0 13.0 12.0 12.0 12.0 13.0 12.0 12.0 13.0 12.0 12.0 12.0 13.0 13.0 12.0 12.0 12.0 13.0 12.0 13.0 13.0 12.0 13.0 13.0 12.0 13.0 12.0 13.0 12.0 13.0 12.0 13.0 12.0 12.0 12.0 13.0 13.0 12.0 13.0 13.0 13.0 13.0 13.0 13.0 12.0 13.0 13.0 13.0 12.0 13.0 14.0 12.0 12.0 12.0 13.0 13.0 13.0 13.0 12.0 13.0 13.0 12.0 13.0 13.0 12.0 13.0 12.0 12.0 13.0 13.0 13.0 13.0 13.0 12.0 24.0 12.0 13.0 12.0 12.0 13.0 17.0 12.0 12.0 13.0 12.0 13.0 13.0 13.0 17.0 12.0 12.0 13.0 13.0 13.0 13.0 12.0 12.0 12.0 12.0 12.0 12.0 13.0 12.0 13.0 14.0
32 33 1 TRACE 23.0 18.0 18.0 18.0 17.0 19.0 17.0 18.0 55.0 19.0 17.0 20.0 56.0 17.0 18.0 16.0 26.0 29.0 17.0 16.0 18.0 19.0 17.0 17.0 18.0 17.0 21.0 17.0 16.0 18.0 29.0 17.0 17.0 17.0 18.0 17.0 86.0 17.0 17.0 17.0 17.0 26.0 18.0 17.0 18.0 58.0 17.0 17.0 17.0 17.0 24.0 17.0 16.0 17.0 18.0 28.0 56.0 17.0 17.0 22.0 18.0 92.0 17.0 20.0 17.0 18.0 18.0 17.0 17.0 18.0 17.0 18.0 18.0 17.0 16.0 18.0 17.0 17.0 17.0 18.0 17.0 53.0 17.0 17.0 24.0 54.0 17.0 18.0 56.0 16.0 19.0 16.0 17.0 18.0 18.0 22.0 17.0 18.0 17.0 29.0 17.0 18.0 54.0 17.0 17.0 17.0 17.0 17.0 17.0 18.0 52.0 18.0 18.0 17.0 17.0 53.0 23.0 17.0 18.0 18.0 18.0 17.0 18.0 18.0 18.0 18.0 17.0 16.0 18.0 29.0 18.0 16.0 17.0 21.0 53.0 17.0 17.0 18.0 16.0 51.0 18.0 16.0 18.0 17.0 18.0 22.0 17.0 17.0 17.0 17.0 16.0 17.0 16.0 24.0 18.0 17.0 57.0 17.0 17.0 52.0 17.0 57.0 18.0 17.0 72.0 16.0 17.0 17.0 17.0 17.0 19.0 18.0 17.0 17.0 18.0 17.0 19.0 18.0 18.0 18.0 17.0 17.0 16.0 17.0 19.0 18.0 17.0 18.0 17.0 54.0 17.0 17.0 17.0 17.0 26.0 16.0 18.0 18.0 18.0 17.0 18.0
33 34 1 TRACE 122.0 73.0 78.0 19.0 190.0 88.0 61.0 142.0 85.0 54.0 57.0 61.0 72.0 131.0 117.0 26.0 120.0 77.0 65.0 122.0 102.0 58.0 92.0 181.0 73.0 61.0 74.0 86.0 134.0 80.0 74.0 54.0 170.0 121.0 70.0 109.0 78.0 142.0 44.0 87.0 147.0 67.0 62.0 407.0 121.0 79.0 131.0 178.0 59.0 91.0 98.0 47.0 243.0 116.0 19.0 366.0 62.0 85.0 89.0 117.0 40.0 90.0 101.0 63.0 69.0 319.0 112.0 84.0 201.0 79.0 82.0 103.0 161.0 57.0 126.0 268.0 86.0 186.0 89.0 57.0 218.0 69.0 52.0 88.0 98.0 46.0 232.0 121.0 38.0 81.0 140.0 165.0 255.0 85.0 48.0 114.0 84.0 106.0 105.0 74.0 61.0 143.0 73.0 58.0 36.0 78.0 409.0 84.0 64.0 95.0 77.0 45.0 93.0 142.0 69.0 44.0 115.0 116.0 231.0 102.0 38.0 89.0 56.0 85.0 171.0 82.0 97.0 122.0 98.0 122.0 321.0 104.0 79.0 89.0 71.0 119.0 140.0 100.0 71.0 172.0 78.0 26.0 129.0 100.0 52.0 280.0 79.0 73.0 106.0 172.0 93.0 56.0 95.0 306.0 64.0 224.0 109.0 66.0 248.0 67.0 72.0 133.0 75.0 85.0 24.0 100.0 98.0 61.0 143.0 73.0 45.0 130.0 124.0 92.0 108.0 102.0 26.0 182.0 96.0 113.0 98.0 113.0 67.0 51.0 320.0 76.0 145.0 135.0 97.0 38.0 122.0 120.0 93.0 216.0 80.0 108.0 283.0 152.0 86.0 160.0 75.0
34 35 1 TRACE 27.0 664.0 18.0 62.0 56.0 204.0 49.0 65.0 100.0 48.0 49.0 18.0 87.0 55.0 58.0 19.0 533.0 49.0 19.0 204.0 52.0 21.0 53.0 152.0 19.0 50.0 51.0 116.0 47.0 52.0 67.0 50.0 55.0 53.0 18.0 49.0 76.0 50.0 57.0 52.0 67.0 47.0 48.0 57.0 18.0 48.0 294.0 155.0 49.0 50.0 50.0 49.0 261.0 55.0 72.0 92.0 18.0 48.0 59.0 50.0 49.0 53.0 52.0 18.0 108.0 59.0 50.0 48.0 55.0 74.0 47.0 52.0 51.0 18.0 52.0 89.0 50.0 54.0 49.0 50.0 697.0 55.0 47.0 51.0 17.0 49.0 645.0 50.0 21.0 118.0 18.0 48.0 233.0 49.0 51.0 56.0 49.0 47.0 50.0 18.0 49.0 87.0 51.0 32.0 18.0 68.0 228.0 18.0 49.0 51.0 50.0 18.0 52.0 76.0 17.0 53.0 52.0 77.0 429.0 50.0 17.0 53.0 17.0 50.0 210.0 130.0 18.0 53.0 50.0 49.0 58.0 49.0 23.0 52.0 53.0 18.0 54.0 54.0 47.0 54.0 50.0 48.0 52.0 58.0 50.0 60.0 52.0 19.0 261.0 255.0 17.0 17.0 87.0 50.0 49.0 58.0 49.0 51.0 55.0 48.0 47.0 53.0 49.0 40.0 48.0 58.0 51.0 49.0 100.0 49.0 19.0 70.0 54.0 56.0 51.0 56.0 47.0 54.0 50.0 20.0 51.0 57.0 48.0 48.0 75.0 47.0 54.0 472.0 49.0 49.0 53.0 51.0 47.0 80.0 96.0 48.0 103.0 49.0 48.0 54.0 49.0
35 36 1 TRACE 20.0 52.0 16.0 56.0 62.0 54.0 47.0 50.0 85.0 45.0 47.0 16.0 45.0 134.0 260.0 16.0 460.0 79.0 16.0 137.0 48.0 16.0 92.0 47.0 16.0 47.0 48.0 71.0 44.0 88.0 60.0 43.0 53.0 47.0 17.0 45.0 55.0 48.0 19.0 50.0 87.0 45.0 46.0 64.0 15.0 44.0 95.0 82.0 46.0 49.0 49.0 46.0 136.0 72.0 46.0 66.0 16.0 44.0 56.0 52.0 50.0 53.0 46.0 16.0 47.0 97.0 46.0 53.0 51.0 54.0 45.0 48.0 48.0 16.0 49.0 48.0 47.0 54.0 53.0 54.0 321.0 64.0 43.0 81.0 18.0 45.0 764.0 46.0 68.0 186.0 16.0 45.0 114.0 49.0 43.0 87.0 48.0 45.0 49.0 16.0 46.0 48.0 48.0 17.0 17.0 51.0 319.0 15.0 45.0 49.0 47.0 25.0 49.0 56.0 17.0 50.0 48.0 46.0 180.0 44.0 15.0 60.0 16.0 46.0 79.0 63.0 16.0 51.0 46.0 45.0 66.0 44.0 21.0 49.0 47.0 16.0 49.0 47.0 44.0 53.0 47.0 62.0 49.0 52.0 46.0 55.0 47.0 16.0 116.0 55.0 16.0 16.0 51.0 47.0 53.0 170.0 45.0 48.0 281.0 44.0 45.0 54.0 51.0 16.0 48.0 47.0 74.0 55.0 66.0 48.0 54.0 55.0 52.0 46.0 49.0 47.0 43.0 52.0 46.0 50.0 50.0 48.0 44.0 49.0 65.0 44.0 46.0 91.0 46.0 45.0 52.0 46.0 44.0 50.0 102.0 75.0 52.0 45.0 80.0 52.0 46.0
36 37 1 TRACE 695.0 58.0 178.0 124.0 253.0 31.0 75.0 91.0 32.0 28.0 63.0 85.0 68.0 575.0 36.0 115.0 87.0 282.0 102.0 1337.0 37.0 74.0 148.0 76.0 207.0 31.0 95.0 117.0 76.0 104.0 59.0 61.0 73.0 57.0 228.0 51.0 77.0 69.0 80.0 68.0 66.0 41.0 73.0 293.0 119.0 111.0 64.0 52.0 60.0 69.0 69.0 50.0 129.0 38.0 65.0 223.0 167.0 53.0 74.0 52.0 76.0 116.0 41.0 130.0 91.0 351.0 40.0 36.0 165.0 38.0 33.0 118.0 47.0 94.0 47.0 54.0 61.0 73.0 145.0 34.0 253.0 129.0 30.0 52.0 90.0 95.0 231.0 63.0 42.0 38.0 90.0 45.0 606.0 89.0 74.0 68.0 35.0 34.0 69.0 271.0 61.0 48.0 116.0 72.0 86.0 93.0 512.0 97.0 219.0 110.0 61.0 87.0 51.0 49.0 115.0 82.0 51.0 123.0 207.0 37.0 91.0 34.0 91.0 50.0 68.0 32.0 269.0 65.0 32.0 75.0 209.0 115.0 68.0 48.0 63.0 104.0 56.0 33.0 29.0 101.0 78.0 46.0 938.0 213.0 80.0 218.0 48.0 114.0 447.0 65.0 118.0 113.0 293.0 43.0 112.0 2167.0 69.0 48.0 1231.0 67.0 83.0 64.0 44.0 67.0 128.0 45.0 35.0 47.0 171.0 119.0 93.0 412.0 47.0 68.0 65.0 65.0 49.0 108.0 207.0 34.0 81.0 53.0 30.0 79.0 347.0 37.0 48.0 104.0 121.0 68.0 103.0 32.0 52.0 77.0 110.0 38.0 100.0 48.0 65.0 112.0 67.0
37 38 1 TRACE 38.0 32.0 34.0 54.0 95.0 29.0 46.0 41.0 32.0 29.0 32.0 30.0 31.0 44.0 70.0 31.0 57.0 30.0 29.0 70.0 50.0 31.0 33.0 64.0 158.0 30.0 67.0 31.0 31.0 157.0 30.0 30.0 48.0 71.0 122.0 63.0 75.0 31.0 35.0 33.0 45.0 54.0 34.0 100.0 30.0 51.0 43.0 62.0 33.0 73.0 31.0 39.0 82.0 59.0 67.0 61.0 29.0 30.0 48.0 31.0 67.0 39.0 30.0 29.0 29.0 73.0 68.0 42.0 46.0 37.0 67.0 40.0 61.0 28.0 35.0 73.0 57.0 80.0 30.0 38.0 86.0 62.0 31.0 50.0 30.0 31.0 50.0 40.0 32.0 31.0 60.0 57.0 61.0 30.0 195.0 42.0 64.0 35.0 32.0 27.0 62.0 74.0 61.0 30.0 29.0 68.0 90.0 29.0 66.0 66.0 33.0 30.0 73.0 34.0 30.0 38.0 42.0 69.0 50.0 69.0 32.0 36.0 31.0 32.0 49.0 63.0 33.0 42.0 31.0 32.0 92.0 69.0 38.0 36.0 33.0 84.0 35.0 30.0 78.0 45.0 63.0 37.0 51.0 65.0 36.0 82.0 65.0 64.0 34.0 97.0 62.0 68.0 35.0 30.0 43.0 82.0 50.0 48.0 88.0 61.0 65.0 78.0 31.0 69.0 62.0 63.0 66.0 32.0 79.0 66.0 62.0 52.0 28.0 31.0 36.0 90.0 29.0 41.0 43.0 31.0 76.0 70.0 29.0 29.0 84.0 32.0 67.0 68.0 58.0 66.0 43.0 30.0 30.0 40.0 31.0 159.0 44.0 57.0 72.0 45.0 64.0
38 39 1 TRACE 31.0 26.0 25.0 40.0 42.0 26.0 26.0 42.0 26.0 24.0 24.0 26.0 26.0 27.0 61.0 25.0 29.0 32.0 25.0 61.0 215.0 25.0 26.0 65.0 111.0 27.0 28.0 26.0 62.0 164.0 63.0 24.0 28.0 25.0 121.0 62.0 35.0 59.0 64.0 26.0 61.0 24.0 25.0 61.0 42.0 42.0 31.0 98.0 39.0 54.0 68.0 42.0 62.0 25.0 25.0 28.0 23.0 63.0 27.0 64.0 61.0 112.0 34.0 64.0 26.0 40.0 67.0 25.0 28.0 30.0 34.0 65.0 92.0 57.0 25.0 146.0 34.0 63.0 24.0 30.0 67.0 35.0 29.0 33.0 247.0 25.0 27.0 28.0 28.0 26.0 57.0 31.0 33.0 39.0 238.0 54.0 30.0 30.0 65.0 146.0 28.0 28.0 26.0 32.0 24.0 60.0 29.0 62.0 33.0 24.0 30.0 25.0 63.0 41.0 25.0 30.0 31.0 29.0 98.0 25.0 27.0 73.0 60.0 28.0 29.0 60.0 63.0 63.0 25.0 33.0 65.0 61.0 63.0 26.0 25.0 54.0 26.0 61.0 45.0 27.0 64.0 31.0 26.0 38.0 78.0 70.0 62.0 61.0 30.0 31.0 59.0 61.0 66.0 34.0 66.0 58.0 25.0 70.0 29.0 27.0 24.0 65.0 28.0 26.0 24.0 26.0 28.0 24.0 65.0 28.0 25.0 183.0 41.0 25.0 70.0 60.0 24.0 42.0 123.0 26.0 88.0 58.0 25.0 26.0 102.0 67.0 56.0 61.0 28.0 29.0 27.0 27.0 26.0 66.0 25.0 185.0 28.0 69.0 59.0 28.0 58.0
39 25 1 TRACE 29.0 17.0 17.0 16.0 17.0 16.0 16.0 26.0 21.0 16.0 22.0 17.0 16.0 20.0 20.0 16.0 17.0 20.0 17.0 19.0 17.0 17.0 17.0 53.0 55.0 18.0 21.0 53.0 19.0 18.0 55.0 17.0 16.0 17.0 26.0 53.0 17.0 17.0 16.0 17.0 17.0 17.0 16.0 17.0 51.0 30.0 17.0 17.0 31.0 35.0 18.0 25.0 17.0 17.0 19.0 16.0 23.0 41.0 17.0 27.0 18.0 17.0 17.0 17.0 17.0 17.0 17.0 18.0 20.0 17.0 22.0 17.0 17.0
39 40 1 TRACE 49.0 32.0 28.0 28.0 29.0 29.0 57.0 27.0 28.0 29.0 28.0 28.0 27.0 31.0 62.0 29.0 29.0 60.0 29.0 84.0 60.0 26.0 64.0 48.0 56.0 27.0 35.0 46.0 28.0 46.0 86.0 62.0 84.0 60.0 27.0 33.0 25.0 64.0 57.0 29.0 68.0 28.0 31.0 62.0 28.0 65.0 30.0 27.0 30.0 64.0 109.0 56.0 29.0 28.0 219.0 34.0 84.0 60.0 77.0 38.0 31.0 28.0 30.0 54.0
39 51 1 TRACE 36.0 41.0 26.0 42.0 67.0 28.0 427.0 42.0 27.0 31.0 29.0 42.0 62.0 37.0 29.0 28.0 26.0 60.0 27.0 44.0 29.0 47.0 29.0 107.0 32.0 38.0 30.0 28.0 27.0 50.0 34.0 232.0 68.0 63.0 27.0 67.0 66.0 57.0 62.0 57.0 29.0 29.0 28.0 63.0 61.0 32.0 32.0 59.0 34.0 67.0 31.0 34.0 32.0 28.0 31.0 196.0 27.0 68.0 54.0 62.0 27.0 34.0 63.0 58.0
40 41 1 TRACE 43.0 43.0 33.0 24.0 32.0 33.0 29.0 25.0 26.0 26.0 32.0 34.0 25.0 63.0 34.0 27.0 45.0 59.0 32.0 32.0 56.0 37.0 26.0 26.0 38.0 46.0 25.0 44.0 23.0 48.0 34.0 24.0 25.0 62.0 29.0 25.0 28.0 47.0 24.0 35.0 30.0 55.0 27.0 25.0 38.0 30.0 46.0 25.0 25.0 46.0 49.0 30.0 26.0 36.0 27.0 32.0 32.0 26.0 61.0 32.0 34.0 28.0 35.0 69.0
41 42 1 TRACE 18.0 13.0 13.0 13.0 14.0 13.0 13.0 13.0 13.0 12.0 13.0 13.0 14.0 13.0 13.0 13.0 12.0 13.0 13.0 17.0 17.0 13.0 12.0 12.0 33.0 13.0 13.0 15.0 12.0 13.0 13.0 12.0 13.0 13.0 13.0 14.0 13.0 13.0 13.0 12.0 17.0 13.0 13.0 12.0 14.0 13.0 12.0 13.0 13.0 12.0 13.0 13.0 14.0 14.0 12.0 13.0 14.0 13.0 12.0 13.0 13.0 13.0 14.0 13.0 13.0 13.0 15.0 12.0 13.0 13.0 13.0 13.0 12.0 12.0 13.0 14.0 13.0 13.0 13.0 21.0 14.0 13.0 12.0 13.0 14.0 13.0 12.0 13.0 12.0 13.0 14.0 14.0 13.0 12.0 33.0 13.0 13.0 13.0 13.0 17.0 12.0 13.0 13.0 13.0 13.0 14.0 13.0 13.0 13.0 13.0 13.0 12.0 12.0 13.0 92.0 13.0 13.0 13.0 12.0 13.0 13.0 12.0 13.0 13.0 12.0 12.0 13.0 13.0 12.0 13.0 13.0 13.0 13.0 13.0 12.0 12.0 13.0 12.0 14.0 13.0 13.0 13.0 13.0 13.0 14.0 13.0 12.0 13.0 13.0 13.0 14.0 13.0 12.0 13.0 13.0 13.0 14.0 13.0 12.0 14.0 13.0 12.0 13.0 14.0 13.0 13.0 13.0 13.0 13.0 13.0 13.0 13.0 13.0 13.0 14.0 12.0 12.0 13.0 13.0 12.0 13.0 13.0 13.0 13.0 13.0 13.0 13.0 16.0 12.0 13.0 13.0 12.0 13.0 13.0 13.0 15.0 13.0 12.0
42 43 1 TRACE 16.0 11.0 12.0 11.0 12.0 11.0 13.0 11.0 11.0 13.0 11.0 12.0 12.0 11.0 12.0 12.0 12.0 12.0 12.0 14.0 12.0 11.0 12.0 11.0 12.0 11.0 12.0 12.0 12.0 12.0 11.0 11.0 11.0 11.0 11.0 12.0 12.0 13.0 12.0 11.0 22.0 12.0 11.0 12.0 12.0 11.0 11.0 12.0 12.0 12.0 11.0 13.0 11.0 12.0 12.0 11.0 12.0 12.0 12.0 11.0 12.0 11.0 12.0 12.0 12.0 12.0 11.0 12.0 12.0 12.0 11.0 12.0 11.0 11.0 12.0 12.0 12.0 12.0 12.0 11.0 12.0 11.0 12.0 12.0 12.0 11.0 12.0 11.0 11.0 11.0 12.0 12.0 12.0 12.0 12.0 11.0 11.0 12.0 12.0 12.0 12.0 12.0 12.0 11.0 12.0 11.0 11.0 12.0 11.0 12.0 12.0 12.0 12.0 11.0 11.0 11.0 12.0 11.0 12.0 12.0 12.0 12.0 12.0 12.0 12.0 11.0 12.0 12.0 11.0 12.0 11.0 11.0 12.0 12.0 11.0 11.0 12.0 12.0 12.0 12.0 12.0 12.0 12.0 12.0 12.0 12.0 11.0 11.0 12.0 11.0 11.0 12.0 12.0 12.0 12.0 12.0 12.0 12.0 12.0 11.0 12.0 12.0 11.0 11.0 11.0 12.0 12.0 12.0 11.0 12.0 12.0 11.0 11.0 12.0 12.0 12.0 12.0 12.0 12.0 12.0 12.0 12.0 11.0 12.0 12.0 12.0 12.0 12.0 11.0 12.0 12.0 12.0 11.0 12.0 12.0 12.0 11.0 12.0
43 44 1 TRACE 12.0 7.0 8.0 8.0 8.0 8.0 7.0 8.0 8.0 8.0 8.0 8.0 8.0 8.0 8.0 8.0 8.0 8.0 8.0 9.0 8.0 8.0 8.0 8.0 8.0 8.0 8.0 8.0 8.0 8.0 7.0 8.0 8.0 8.0 8.0 9.0 8.0 8.0 7.0 8.0 9.0 8.0 8.0 7.0 8.0 8.0 8.0 7.0 8.0 8.0 8.0 8.0 8.0 8.0 8.0 8.0 8.0 8.0 8.0 10.0 8.0 8.0 8.0 8.0 8.0 8.0 8.0 8.0 8.0 8.0 8.0 8.0 8.0 8.0 8.0 8.0 8.0 8.0 8.0 8.0 8.0 8.0 8.0 8.0 8.0 8.0 7.0 8.0 8.0 8.0 8.0 8.0 8.0 8.0 9.0 8.0 8.0 8.0 8.0 8.0 8.0 8.0 8.0 8.0 8.0 9.0 8.0 8.0 8.0 8.0 8.0 8.0 8.0 8.0 8.0 8.0 8.0 8.0 9.0 8.0 8.0 7.0 8.0 8.0 8.0 8.0 8.0 8.0 8.0 8.0 8.0 8.0 8.0 8.0 8.0 8.0 8.0 8.0 8.0 11.0 8.0 8.0 8.0 8.0 9.0 8.0 8.0 8.0 8.0 8.0 8.0 8.0 8.0 8.0 8.0 8.0 8.0 8.0 8.0 8.0 7.0 8.0 8.0 7.0 8.0 8.0 8.0 8.0 8.0 7.0 8.0 8.0 8.0 8.0 8.0 8.0 7.0 8.0 8.0 10.0 8.0 8.0 8.0 8.0 8.0 8.0 8.0 8.0 7.0 8.0 8.0 8.0 8.0 8.0 8.0 9.0 8.0 8.0
44 45 1 TRACE 41.0 34.0 22.0 120.0 43.0 28.0 29.0 34.0 27.0 37.0 26.0 70.0 115.0 25.0 28.0 28.0 26.0 32.0 38.0 19.0 22.0 26.0 25.0 61.0 69.0 26.0 36.0 23.0 28.0 34.0 27.0 26.0 32.0 36.0 28.0 59.0 23.0 26.0 35.0 28.0 100.0 84.0 103.0 27.0 144.0 27.0 26.0 71.0 28.0 30.0 26.0 63.0 30.0 31.0 45.0 25.0 36.0 25.0 26.0 23.0 28.0 25.0 27.0 23.0 101.0 64.0 24.0 30.0 39.0 29.0 28.0 52.0 88.0 66.0 36.0 24.0 28.0 28.0 25.0 35.0 42.0 28.0 26.0 60.0 54.0 60.0 43.0 62.0 26.0 120.0 24.0 25.0 60.0 62.0 139.0 30.0 139.0 51.0 28.0 22.0 66.0 107.0 61.0 45.0 27.0 25.0 70.0 70.0 59.0 57.0 68.0 152.0 28.0 33.0 113.0 67.0 65.0 58.0 61.0 65.0 24.0 33.0 28.0 28.0 67.0 27.0 90.0 62.0 28.0 53.0 27.0 36.0 34.0 30.0 29.0 36.0 61.0 73.0 31.0 128.0 27.0 30.0 34.0 27.0 27.0 63.0 27.0 33.0 25.0 27.0 32.0 26.0 61.0 47.0 25.0 29.0 60.0 24.0 53.0 37.0 66.0 64.0 30.0 32.0 24.0 39.0 51.0 68.0 448.0 32.0 28.0 124.0 31.0 70.0 76.0 28.0 36.0 35.0 27.0 23.0 45.0 70.0 28.0 32.0 27.0 27.0 35.0 22.0 29.0 33.0 26.0 67.0 69.0 33.0 22.0 23.0 27.0 27.0
45 46 1 TRACE 23.0 17.0 17.0 34.0 18.0 17.0 45.0 17.0 18.0 18.0 17.0 21.0 17.0 15.0 17.0 25.0 18.0 19.0 15.0 53.0 17.0 17.0 18.0 17.0 16.0 17.0 16.0 55.0 16.0 17.0 25.0 18.0 16.0 17.0 57.0 20.0 17.0 62.0 17.0 18.0 17.0 17.0 25.0 16.0 17.0 16.0 16.0 16.0 17.0 16.0 17.0 18.0 17.0 17.0 16.0 16.0 17.0 16.0 16.0 15.0 16.0 17.0 16.0 16.0 16.0 17.0 16.0 15.0 20.0 17.0 16.0 17.0 19.0 16.0 18.0 16.0 16.0 17.0 16.0 16.0 17.0 17.0 17.0 16.0 17.0 18.0 16.0 16.0 19.0 128.0 16.0 17.0 30.0 18.0 68.0 17.0 35.0 17.0 17.0 18.0 16.0 19.0 17.0 17.0 17.0 15.0 17.0 16.0 16.0 16.0 16.0 53.0 25.0 17.0 16.0 17.0 16.0 17.0 16.0 16.0 16.0 22.0 16.0 32.0 15.0 16.0 18.0 23.0 17.0 16.0 16.0 16.0 17.0 17.0 16.0 29.0 53.0 16.0 17.0 17.0 16.0 16.0 19.0 19.0 17.0 17.0 17.0 26.0 17.0 16.0 17.0 16.0 16.0 17.0 16.0 16.0 17.0 16.0 17.0 18.0 50.0 15.0 16.0 16.0 54.0 47.0 17.0 16.0 70.0 17.0 16.0 50.0 17.0 16.0 16.0 17.0 16.0 84.0 17.0 31.0 17.0 16.0 16.0 17.0 19.0 17.0 17.0 17.0 16.0 16.0 17.0 16.0 24.0 30.0 17.0 17.0 16.0 15.0
46 47 1 TRACE 146.0 71.0 42.0 42.0 92.0 46.0 40.0 105.0 57.0 41.0 139.0 68.0 42.0 42.0 137.0 54.0 41.0 108.0 48.0 42.0 168.0 50.0 51.0 136.0 62.0 42.0 135.0 52.0 42.0 137.0 52.0 40.0 112.0 53.0 68.0 112.0 49.0 42.0 140.0 54.0 44.0 79.0 44.0 41.0 107.0 48.0 43.0 137.0 90.0 41.0 91.0 46.0 42.0 88.0 43.0 44.0 112.0 54.0 47.0 142.0 48.0 46.0 87.0 43.0 66.0 160.0 47.0 50.0 136.0 54.0 45.0 133.0 52.0 42.0 99.0 80.0 42.0 91.0 51.0 42.0 134.0 58.0 42.0 41.0 102.0 45.0 42.0 130.0 112.0 49.0 46.0 94.0 46.0 43.0 108.0 61.0 42.0 130.0 82.0 43.0 41.0 138.0 52.0 42.0 94.0 44.0 41.0 137.0 53.0 91.0 171.0 54.0 42.0 129.0 50.0 41.0 91.0 44.0 42.0 136.0 80.0 68.0 43.0 113.0 48.0 41.0 117.0 48.0 42.0 87.0 47.0 67.0 192.0 51.0 77.0 153.0 56.0 44.0 98.0 68.0 70.0 147.0 48.0 42.0 91.0 65.0 42.0 137.0 55.0 42.0 172.0 73.0 43.0 105.0 85.0 42.0 92.0 45.0 42.0 117.0 50.0 41.0 167.0 52.0 43.0 99.0 47.0 113.0 162.0 102.0 41.0 122.0 49.0 71.0 109.0 48.0 77.0 137.0 87.0 49.0 99.0 66.0 42.0 110.0 48.0 93.0 105.0 49.0 64.0 167.0 54.0 71.0 129.0 47.0 108.0 104.0 46.0 78.0
47 48 1 TRACE 13.0 9.0 10.0 12.0 10.0 10.0 8.0 10.0 13.0 11.0 10.0 10.0 8.0 9.0 22.0 11.0 10.0 10.0 8.0 10.0 16.0 9.0 9.0 9.0 8.0 12.0 13.0 10.0 19.0 10.0 7.0 10.0 11.0 10.0 10.0 9.0 8.0 10.0 12.0 10.0 10.0 10.0 9.0 10.0 10.0 9.0 10.0 10.0 7.0 9.0 10.0 10.0 32.0 10.0 8.0 21.0 12.0 10.0 10.0 9.0 8.0 10.0 26.0 10.0 18.0 10.0 8.0 59.0 43.0 10.0 10.0 9.0 8.0 9.0 11.0 10.0 9.0 10.0 8.0 12.0 10.0 10.0 10.0 10.0 8.0 10.0 11.0 10.0 10.0 10.0 8.0 9.0 11.0 10.0 10.0 9.0 8.0 10.0 11.0 10.0 10.0 10.0 9.0 22.0 10.0 10.0 10.0 10.0 8.0 10.0 9.0 17.0 10.0 10.0 8.0 30.0 45.0 10.0 10.0 9.0 8.0 10.0 10.0 10.0 17.0 10.0 8.0 20.0 11.0 9.0 9.0 10.0 8.0 9.0 10.0 9.0 10.0 9.0 9.0 9.0 12.0 10.0 10.0 10.0 8.0 10.0 15.0 9.0 10.0 9.0 7.0 11.0 10.0 10.0 9.0 17.0 8.0 14.0 10.0 38.0 18.0 10.0 8.0 23.0 69.0 10.0 11.0 10.0 8.0 10.0 11.0 10.0 11.0 9.0 8.0 9.0 10.0 10.0 10.0 10.0 8.0 11.0 12.0 10.0 10.0 10.0 8.0 10.0 11.0 10.0 10.0 10.0 8.0 10.0 14.0 10.0 10.0 10.0 8.0 10.0 12.0 10.0 9.0 10.0 8.0 10.0 10.0 31.0 10.0 9.0 8.0 17.0 44.0 10.0 10.0 12.0 8.0 10.0 12.0 11.0 11.0 10.0 8.0 10.0 12.0 10.0 9.0 10.0 8.0 10.0 9.0 9.0 10.0 10.0 8.0 9.0 13.0 9.0 9.0 10.0 8.0 9.0 10.0 10.0 10.0 9.0 8.0 23.0 15.0 14.0 11.0 10.0 8.0 10.0 48.0 10.0 10.0 11.0 8.0 10.0 12.0 9.0 10.0 10.0 8.0 10.0 10.0 10.0 10.0 10.0 8.0 10.0 10.0 9.0 9.0 10.0 8.0 10.0 14.0 10.0 10.0 9.0 8.0 10.0 21.0 9.0 10.0 10.0 8.0 10.0 11.0 10.0 9.0 10.0 8.0 20.0 10.0 9.0 10.0 10.0 9.0 10.0 13.0 10.0 10.0 10.0 8.0 9.0 20.0 11.0 10.0 12.0 8.0 9.0 11.0 10.0 9.0 9.0 8.0 10.0 13.0 11.0 30.0 11.0 7.0 72.0 11.0 9.0 10.0 9.0 7.0 9.0 12.0 10.0 10.0 10.0 9.0 24.0 12.0 10.0 10.0 10.0 8.0 9.0 10.0 10.0 10.0 10.0 9.0 10.0 9.0 10.0 10.0 10.0 9.0 10.0 13.0 10.0 10.0 9.0 8.0 17.0 10.0 10.0 10.0 10.0 8.0 9.0 11.0 10.0 9.0 9.0 8.0 16.0 13.0 10.0 10.0 10.0 8.0 56.0 10.0 10.0 10.0 10.0 8.0 10.0 9.0 11.0 9.0 10.0 8.0 11.0 10.0 12.0 10.0 10.0 8.0 9.0 17.0 11.0 10.0 13.0 8.0 10.0 19.0 10.0 9.0 13.0 8.0 10.0 10.0 11.0 10.0 9.0 8.0 30.0 35.0 20.0 15.0 10.0 9.0 19.0 10.0 9.0 20.0 16.0 8.0 13.0 21.0 10.0 10.0 10.0 8.0 10.0 12.0 10.0 10.0 10.0 8.0 9.0 13.0 11.0 9.0 10.0 9.0 10.0 15.0 10.0 16.0 10.0 8.0 10.0 10.0 9.0 10.0 10.0 8.0 10.0 11.0 10.0 10.0 43.0 8.0 51.0 12.0 10.0 10.0 10.0 7.0 9.0 13.0 12.0 10.0 10.0 8.0 46.0 12.0 10.0 11.0 10.0 8.0 51.0 9.0 9.0 10.0 10.0 8.0 10.0 15.0 10.0 9.0 10.0 7.0 44.0 12.0 9.0 9.0 10.0 7.0 30.0 54.0 10.0 10.0 9.0 8.0 14.0 54.0 11.0 10.0 10.0 8.0 10.0 12.0 11.0 9.0 42.0 7.0 22.0 12.0 10.0 9.0 10.0 8.0 10.0 10.0 10.0 9.0 10.0 8.0 10.0 12.0 10.0 10.0 9.0 8.0 10.0 12.0 9.0 10.0 9.0 8.0 10.0 12.0 30.0 15.0 10.0 8.0 22.0 11.0 11.0 10.0 10.0 8.0 48.0 11.0 10.0 10.0 10.0 8.0 9.0 11.0 11.0 10.0 43.0 8.0 10.0 10.0 10.0 10.0 10.0 8.0 9.0 12.0 10.0 10.0 10.0 8.0 56.0 12.0 10.0 17.0 10.0 8.0 35.0 16.0 10.0 10.0 11.0 8.0 10.0 12.0 12.0 10.0 10.0 8.0 10.0 11.0 10.0 11.0 10.0 8.0 46.0 12.0 10.0 9.0 10.0 8.0 9.0 9.0 10.0 10.0 10.0 8.0 10.0 13.0 38.0 15.0 43.0 8.0 38.0 10.0 11.0 10.0 10.0 8.0 12.0 13.0 11.0 10.0 9.0 8.0 14.0 11.0 10.0 10.0 10.0 8.0 43.0 11.0 31.0 16.0 10.0 8.0 54.0 16.0 10.0 10.0 11.0 8.0 10.0 11.0 10.0 9.0 10.0 8.0 11.0 10.0 9.0 10.0 9.0 8.0 9.0 9.0 10.0 10.0 9.0 8.0 10.0 13.0 10.0 10.0 10.0 8.0 10.0 13.0 16.0 9.0 15.0 8.0 20.0 13.0 15.0 9.0 10.0 8.0 10.0 42.0 9.0 10.0 9.0 8.0 10.0 11.0 10.0 9.0 10.0 8.0 44.0 14.0 10.0 10.0 9.0 8.0 42.0 11.0 10.0 10.0 9.0 8.0 10.0 12.0 10.0 10.0 10.0 8.0 10.0 10.0 9.0 10.0 9.0 8.0 9.0 12.0 10.0 10.0 10.0 8.0 13.0 16.0 11.0 33.0 10.0 8.0 17.0 14.0 10.0 9.0 13.0 8.0 10.0 15.0 10.0 10.0 10.0 8.0 10.0 13.0 10.0 10.0 10.0 8.0 35.0 12.0 10.0 10.0 9.0 9.0 10.0 13.0 9.0 10.0 10.0 8.0 9.0 19.0 12.0 9.0 10.0 7.0 80.0 32.0 18.0 14.0 10.0 8.0 30.0 17.0 10.0 9.0 10.0 11.0 10.0 10.0 10.0 10.0 9.0 8.0 10.0 13.0 10.0 9.0 10.0 8.0 11.0 13.0 9.0 14.0 10.0 8.0 11.0 13.0 10.0 9.0 11.0 8.0 10.0 14.0 11.0 9.0 9.0 9.0 10.0 10.0 9.0 10.0 10.0 8.0 9.0 15.0 9.0 10.0 9.0 8.0 9.0 20.0 9.0 9.0 10.0 8.0 10.0 35.0 11.0 10.0 10.0 8.0 9.0 9.0 9.0 10.0 10.0 8.0 10.0 11.0 11.0 9.0 40.0 8.0 10.0 10.0 10.0 9.0 10.0 8.0 13.0 10.0 10.0 52.0 10.0 7.0 10.0 12.0 10.0 9.0 10.0 8.0 10.0 10.0 30.0 15.0 10.0 8.0 10.0 9.0 10.0 10.0 10.0 8.0 10.0 10.0 10.0 9.0 9.0 9.0 10.0 10.0 9.0 10.0 10.0 8.0 12.0 12.0 10.0 10.0 9.0 8.0 10.0 11.0 11.0 9.0 10.0 8.0 10.0 18.0 30.0 42.0 10.0 8.0 49.0 11.0 10.0 9.0 9.0 8.0 10.0 11.0 9.0 17.0 9.0 8.0 11.0 19.0 10.0 10.0 10.0 8.0 10.0 11.0 10.0 16.0 9.0 8.0 10.0 10.0 10.0 9.0 9.0 8.0 9.0 9.0 10.0 10.0 10.0 8.0 33.0 10.0 18.0 10.0 10.0 8.0 35.0 20.0 43.0 10.0 10.0 8.0 45.0 9.0 9.0 52.0 10.0 8.0 10.0 12.0 9.0 9.0 10.0 8.0 10.0 12.0 10.0 10.0 10.0 8.0 10.0 10.0 10.0 10.0 10.0 8.0 11.0 11.0 9.0 10.0 9.0 8.0 9.0 47.0 12.0 10.0 10.0 8.0 10.0 13.0 13.0 10.0 10.0 8.0 10.0 39.0 10.0 41.0 10.0 8.0 21.0 9.0 10.0 9.0 10.0 9.0 10.0 9.0 9.0 10.0 10.0 8.0 10.0 10.0 10.0 10.0 10.0 8.0 9.0 10.0 10.0 10.0 10.0 8.0 10.0 11.0 9.0 10.0 11.0 8.0 45.0 12.0 28.0 12.0 10.0 8.0 10.0 15.0 9.0 10.0 9.0 8.0 21.0 17.0 10.0 10.0 10.0 8.0 9.0 12.0 45.0 10.0 10.0 8.0 10.0 10.0 10.0 10.0 10.0 8.0 35.0 11.0 10.0 10.0 10.0 8.0 11.0 9.0 10.0 10.0 10.0 9.0 11.0 11.0 11.0 37.0 10.0 8.0 10.0 24.0 10.0 10.0 10.0 8.0 47.0 12.0 11.0 9.0 10.0 8.0 22.0 14.0 46.0 10.0 10.0 8.0 17.0 17.0 46.0 11.0 10.0 8.0 10.0 9.0 11.0 9.0 10.0 9.0 9.0 10.0 10.0 10.0 10.0 8.0 11.0 10.0 10.0 10.0 10.0 8.0 10.0 11.0 9.0 25.0 10.0 8.0 36.0 12.0 10.0 17.0 10.0 8.0 24.0 15.0 9.0 10.0 10.0 8.0 27.0 13.0 10.0 10.0 10.0 8.0 10.0 10.0 10.0 9.0 10.0 8.0 11.0 11.0 11.0 9.0 10.0 8.0 9.0 14.0 9.0 10.0 9.0 8.0 10.0 10.0 10.0 15.0 10.0 8.0 9.0 9.0 10.0 12.0 10.0 8.0 42.0 11.0 10.0 10.0 9.0 8.0 10.0 10.0 10.0 10.0 10.0
48 49 1 TRACE 15.0 22.0 18.0 25.0 19.0 14.0 10.0 22.0 17.0 17.0 13.0 13.0 8.0 12.0 12.0 10.0 10.0 10.0 8.0 10.0 10.0 9.0 11.0 9.0 14.0 42.0 19.0 17.0 13.0 14.0 8.0 14.0 10.0 10.0 11.0 10.0 7.0 11.0 10.0 10.0 12.0 9.0 15.0 30.0 19.0 17.0 17.0 13.0 7.0 10.0 11.0 15.0 11.0 13.0 7.0 10.0 10.0 9.0 11.0 19.0 12.0 40.0 21.0 17.0 22.0 13.0 10.0 20.0 49.0 14.0 15.0 12.0 7.0 10.0 11.0 9.0 12.0 9.0 7.0 14.0 9.0 10.0 11.0 9.0 15.0 26.0 18.0 17.0 17.0 13.0 7.0 12.0 17.0 10.0 12.0 11.0 7.0 12.0 10.0 9.0 11.0 16.0 15.0 25.0 18.0 24.0 14.0 13.0 8.0 11.0 11.0 10.0 11.0 10.0 8.0 21.0 10.0 10.0 9.0 9.0 15.0 22.0 50.0 20.0 14.0 13.0 8.0 14.0 12.0 10.0 12.0 11.0 7.0 9.0 10.0 9.0 11.0 9.0 13.0 23.0 20.0 17.0 18.0 13.0 8.0 21.0 13.0 12.0 14.0 11.0 7.0 12.0 10.0 10.0 10.0 9.0 14.0 56.0 18.0 19.0 13.0 19.0 8.0 16.0 16.0 12.0 12.0 11.0 7.0 12.0 10.0 10.0 11.0 9.0 14.0 20.0 19.0 17.0 21.0 13.0 8.0 14.0 13.0 11.0 15.0 11.0 7.0 19.0 11.0 9.0 12.0 9.0 14.0 32.0 19.0 17.0 19.0 13.0 17.0 11.0 12.0 11.0 21.0 10.0 8.0 9.0 10.0 12.0 10.0 11.0 14.0 25.0 57.0 17.0 16.0 14.0 8.0 21.0 11.0 11.0 11.0 10.0 8.0 10.0 10.0 10.0 12.0 10.0 14.0 21.0 18.0 16.0 14.0 14.0 9.0 16.0 13.0 12.0 15.0 11.0 7.0 9.0 10.0 10.0 12.0 9.0 12.0 20.0 18.0 18.0 15.0 13.0 8.0 10.0 10.0 10.0 12.0 10.0 7.0 16.0 10.0 9.0 12.0 9.0 15.0 21.0 18.0 17.0 16.0 13.0 8.0 15.0 11.0 11.0 12.0 10.0 7.0 9.0 11.0 10.0 11.0 9.0 14.0 43.0 19.0 16.0 16.0 14.0 9.0 12.0 13.0 11.0 14.0 11.0 8.0 12.0 11.0 9.0 12.0 10.0 14.0 22.0 19.0 17.0 15.0 14.0 7.0 10.0 10.0 10.0 10.0 11.0 7.0 11.0 9.0 10.0 10.0 9.0 12.0 21.0 18.0 23.0 14.0 17.0 7.0 11.0 10.0 9.0 12.0 10.0 7.0 10.0 11.0 10.0 11.0 9.0 15.0 22.0 19.0 17.0 18.0 13.0 9.0 15.0 11.0 10.0 12.0 10.0 8.0 34.0 10.0 9.0 11.0 10.0 15.0 27.0 18.0 18.0 17.0 13.0 8.0 11.0 11.0 11.0 13.0 10.0 8.0 9.0 10.0 9.0 11.0 9.0 13.0 22.0 19.0 18.0 16.0 13.0 8.0 11.0 10.0 11.0 9.0 10.0 8.0 10.0 10.0 10.0 9.0 9.0 15.0 23.0 19.0 16.0 19.0 12.0 8.0 13.0 11.0 11.0 52.0 11.0 7.0 9.0 10.0 9.0 12.0 10.0 14.0 21.0 18.0 17.0 23.0 35.0 9.0 17.0 16.0 14.0 11.0 16.0 7.0 10.0 10.0 9.0 17.0 19.0 14.0 42.0 19.0 17.0 22.0 13.0 8.0 12.0 13.0 12.0 13.0 11.0 8.0 16.0 11.0 9.0 12.0 10.0 14.0 22.0 19.0 17.0 15.0 14.0 14.0 10.0 10.0 10.0 14.0 10.0 8.0 26.0 11.0 9.0 11.0 14.0 14.0 24.0 18.0 18.0 17.0 12.0 7.0 17.0 10.0 10.0 13.0 10.0 7.0 15.0 10.0 9.0 12.0 9.0 12.0 21.0 19.0 16.0 20.0 15.0 9.0 26.0 14.0 14.0 16.0 12.0 7.0 15.0 10.0 10.0 12.0 9.0 7.0 176.0 10.0 9.0 11.0 9.0 13.0 41.0 20.0 16.0 18.0 14.0 7.0 10.0 11.0 10.0 13.0 14.0 7.0 22.0 44.0 9.0 12.0 10.0 11.0 20.0 19.0 18.0 18.0 14.0 10.0 19.0 18.0 14.0 16.0 12.0 8.0 9.0 9.0 9.0 11.0 10.0 7.0 14.0 10.0 12.0 10.0 13.0 13.0 24.0 18.0 17.0 16.0 13.0 8.0 10.0 10.0 10.0 11.0 10.0 7.0 9.0 9.0 9.0 10.0 11.0 15.0 21.0 18.0 16.0 14.0 46.0 8.0 20.0 12.0 11.0 13.0 10.0 8.0 11.0 10.0 9.0 12.0 10.0 12.0 20.0 18.0 18.0 19.0 14.0 10.0 19.0 18.0 13.0 16.0 12.0 8.0 56.0 11.0 9.0 12.0 10.0 8.0 24.0 9.0 9.0 11.0 10.0 14.0 21.0 18.0 18.0 24.0 13.0 8.0 18.0 13.0 13.0 12.0 17.0 7.0 10.0 10.0 9.0 12.0 10.0 11.0 24.0 18.0 17.0 14.0 13.0 14.0 14.0 9.0 9.0 17.0 10.0 8.0 20.0 10.0 12.0 9.0 14.0 14.0 21.0 18.0 16.0 19.0 13.0 9.0 17.0 13.0 13.0 13.0 12.0 7.0 10.0 10.0 9.0 10.0 10.0 14.0 20.0 18.0 17.0 20.0 13.0 8.0 14.0 14.0 12.0 16.0 12.0 7.0 9.0 10.0 9.0 13.0 9.0 14.0 47.0 18.0 16.0 17.0 13.0 8.0 13.0 14.0 11.0 14.0 11.0 7.0 25.0 10.0 10.0 12.0 9.0 13.0 24.0 18.0 16.0 18.0 13.0 8.0 21.0 11.0 10.0 11.0 9.0 8.0 12.0 10.0 10.0 10.0 9.0 13.0 20.0 19.0 19.0 19.0 13.0 8.0 18.0 14.0 13.0 16.0 12.0 7.0 15.0 13.0 11.0 10.0 9.0 7.0 14.0 10.0 10.0 12.0 10.0 15.0 31.0 19.0 16.0 18.0 14.0 8.0 15.0 11.0 10.0 11.0 45.0 8.0 14.0 12.0 9.0 11.0 9.0 15.0 21.0 19.0 17.0 17.0 13.0 8.0 13.0 13.0 12.0 12.0 11.0 7.0 14.0 13.0 11.0 10.0 12.0 12.0 23.0 18.0 16.0 23.0 12.0 7.0 10.0 10.0 9.0 13.0 9.0 8.0 9.0 10.0 10.0 11.0 10.0 14.0 58.0 19.0 16.0 19.0 13.0 9.0 18.0 13.0 11.0 51.0 12.0 7.0 9.0 10.0 9.0 12.0 9.0 14.0 21.0 19.0 17.0 20.0 13.0 8.0 26.0 13.0 13.0 16.0 11.0 7.0 9.0 15.0 9.0 12.0 9.0 15.0 50.0 29.0 16.0 17.0 13.0 8.0 10.0 11.0 10.0 12.0 11.0 7.0 9.0 11.0 10.0 18.0 9.0 15.0 22.0 18.0 17.0 16.0 14.0 8.0 17.0 12.0 11.0 11.0 11.0 7.0 17.0 10.0 10.0 10.0 10.0 14.0 21.0 19.0 18.0 14.0 15.0 7.0 10.0 10.0 10.0 10.0 9.0 7.0 9.0 10.0 10.0 10.0 14.0 14.0 20.0 24.0 17.0 19.0 18.0 9.0 17.0 13.0 12.0 14.0 11.0 7.0 14.0 10.0 9.0 14.0 10.0 14.0 20.0 32.0 17.0 19.0 13.0 8.0 18.0 13.0 12.0 13.0 11.0 7.0 10.0 10.0 9.0 10.0 10.0 14.0 22.0 18.0 17.0 23.0 12.0 7.0 13.0 10.0 9.0 11.0 10.0 8.0 10.0 10.0 9.0 10.0 10.0 13.0 27.0 18.0 16.0 23.0 13.0 8.0 12.0 46.0 11.0 11.0 12.0 7.0 10.0 10.0 13.0 9.0 10.0 14.0 22.0 18.0 16.0 15.0 13.0 7.0 11.0 12.0 11.0 12.0 11.0 7.0 10.0 10.0 9.0 11.0 9.0 14.0 22.0 18.0 17.0 19.0 13.0 9.0 13.0 13.0 12.0 14.0 11.0 7.0 9.0 14.0 9.0 11.0 10.0 15.0 20.0 59.0 16.0 17.0 12.0 7.0 12.0 11.0 22.0 12.0 10.0 8.0 9.0 9.0 9.0 12.0 10.0 15.0 21.0 18.0 16.0 20.0 13.0 8.0 13.0 13.0 11.0 15.0 12.0 8.0 9.0 10.0 9.0 14.0 10.0 18.0 23.0 20.0 17.0 45.0 15.0 9.0 17.0 12.0 12.0 10.0 11.0 7.0 65.0 10.0 10.0 10.0 10.0 15.0 46.0 18.0 17.0 18.0 13.0 8.0 18.0 11.0 10.0 12.0 11.0 7.0 10.0 10.0 10.0 12.0 9.0 14.0 25.0 19.0 17.0 19.0 14.0 8.0 13.0 13.0 12.0 15.0 11.0 8.0 10.0 10.0 10.0 21.0 9.0 11.0 26.0 18.0 17.0 18.0 13.0 8.0 12.0 11.0 9.0 13.0 9.0 8.0 15.0 10.0 10.0 11.0 9.0 15.0 26.0 18.0 21.0 15.0 13.0 8.0 11.0 11.0 11.0 12.0 10.0 8.0 9.0 10.0 9.0 13.0 9.0 15.0 21.0 18.0 17.0 24.0 13.0 8.0 18.0 11.0 10.0 11.0 11.0 8.0 13.0 10.0 10.0 12.0 10.0 14.0 27.0 20.0 16.0 25.0 13.0 9.0 20.0 12.0 11.0 14.0 11.0 7.0 9.0 56.0 10.0 12.0 10.0 14.0 22.0 54.0 17.0 18.0 13.0 8.0 12.0 11.0 10.0 12.0 10.0 8.0 9.0 11.0 10.0 10.0 10.0 15.0 23.0 18.0 16.0 13.0 13.0 8.0 11.0 11.0 10.0 13.0 10.0 7.0 10.0 9.0 9.0 11.0 9.0
49 47 1 TRACE 95.0 87.0 80.0 74.0 68.0 40.0 37.0 35.0 40.0 31.0 21.0 19.0 2175.0 20.0 19.0 19.0 26.0 20.0 20.0 19.0 53.0 46.0 39.0 37.0 33.0 23.0 21.0 22.0 23.0 21.0 19.0 19.0 19.0 20.0 19.0 62.0 49.0 43.0 46.0 37.0 26.0 25.0 25.0 24.0 29.0 18.0 23.0 20.0 20.0 19.0 93.0 121.0 79.0 71.0 63.0 39.0 36.0 69.0 31.0 30.0 19.0 20.0 20.0 19.0 19.0 18.0 19.0 19.0 19.0 19.0 66.0 53.0 44.0 41.0 37.0 27.0 26.0 26.0 27.0 25.0 19.0 19.0 19.0 19.0 42.0 64.0 52.0 44.0 40.0 36.0 58.0 26.0 25.0 44.0 25.0 19.0 20.0 56.0 19.0 19.0 75.0 126.0 91.0 46.0 53.0 28.0 27.0 26.0 28.0 31.0 20.0 26.0 20.0 19.0 19.0 88.0 76.0 61.0 54.0 49.0 33.0 32.0 30.0 31.0 28.0 19.0 20.0 19.0 20.0 19.0 117.0 67.0 56.0 48.0 47.0 29.0 29.0 32.0 69.0 27.0 19.0 19.0 19.0 20.0 20.0 84.0 65.0 55.0 48.0 45.0 29.0 29.0 29.0 29.0 26.0 21.0 21.0 20.0 20.0 19.0 72.0 51.0 44.0 45.0 36.0 30.0 24.0 25.0 25.0 24.0 20.0 18.0 20.0 25.0 20.0 66.0 52.0 45.0 41.0 71.0 27.0 25.0 25.0 40.0 25.0 19.0 19.0 20.0 20.0 19.0 87.0 70.0 59.0 52.0 46.0 36.0 30.0 30.0 29.0 28.0 20.0 19.0 19.0 21.0 20.0 43.0 39.0 36.0 34.0 30.0 23.0 20.0 21.0 21.0 59.0 19.0 19.0 20.0 19.0 19.0 75.0 51.0 45.0 40.0 37.0 26.0 25.0 25.0 26.0 24.0 39.0 23.0 20.0 20.0 19.0 82.0 70.0 56.0 49.0 45.0 63.0 29.0 28.0 29.0 27.0 21.0 21.0 20.0 20.0 19.0 58.0 44.0 39.0 35.0 33.0 22.0 48.0 22.0 30.0 55.0 19.0 19.0 20.0 19.0 19.0 44.0 39.0 36.0 32.0 37.0 20.0 21.0 30.0 20.0 20.0 20.0 18.0 19.0 19.0 19.0 68.0 52.0 46.0 45.0 37.0 26.0 26.0 26.0 30.0 25.0 20.0 19.0 20.0 19.0 20.0 67.0 54.0 46.0 41.0 38.0 63.0 26.0 25.0 25.0 66.0 19.0 19.0 20.0 19.0 19.0 45.0 40.0 38.0 33.0 32.0 53.0 21.0 21.0 21.0 21.0 19.0 20.0 20.0 18.0 19.0 58.0 47.0 41.0 39.0 35.0 26.0 23.0 23.0 24.0 23.0 44.0 20.0 20.0 27.0 54.0 106.0 70.0 60.0 53.0 46.0 31.0 29.0 31.0 28.0 30.0 23.0 23.0 24.0 28.0 24.0 83.0 67.0 54.0 49.0 44.0 47.0 28.0 29.0 28.0 26.0 30.0 18.0 19.0 20.0 26.0 58.0 47.0 41.0 38.0 36.0 26.0 24.0 23.0 70.0 23.0 46.0 20.0 20.0 19.0 37.0 82.0 43.0 38.0 36.0 33.0 23.0 22.0 21.0 22.0 21.0 18.0 20.0 19.0 20.0 29.0 91.0 76.0 65.0 57.0 51.0 34.0 33.0 32.0 29.0 29.0 20.0 27.0 19.0 20.0 19.0 19.0 19.0 19.0 20.0 19.0 52.0 46.0 65.0 41.0 32.0 22.0 21.0 22.0 24.0 22.0 19.0 19.0 19.0 20.0 19.0 94.0 91.0 82.0 76.0 68.0 43.0 36.0 34.0 32.0 29.0 120.0 20.0 20.0 19.0 20.0 19.0 19.0 19.0 20.0 22.0 49.0 43.0 38.0 37.0 32.0 22.0 21.0 22.0 21.0 21.0 18.0 19.0 20.0 19.0 19.0 154.0 51.0 44.0 50.0 37.0 25.0 25.0 24.0 26.0 24.0 19.0 19.0 20.0 19.0 19.0 96.0 88.0 78.0 70.0 66.0 38.0 36.0 34.0 32.0 30.0 20.0 21.0 20.0 21.0 19.0 19.0 19.0 19.0 20.0 19.0 85.0 74.0 58.0 50.0 47.0 31.0 29.0 30.0 28.0 32.0 31.0 19.0 19.0 21.0 18.0 43.0 39.0 36.0 32.0 30.0 21.0 20.0 20.0 20.0 20.0 19.0 19.0 19.0 19.0 22.0 87.0 69.0 58.0 52.0 48.0 31.0 29.0 29.0 27.0 28.0 19.0 20.0 19.0 19.0 20.0 92.0 68.0 59.0 49.0 47.0 31.0 29.0 29.0 29.0 27.0 19.0 19.0 19.0 22.0 19.0 76.0 58.0 50.0 47.0 48.0 27.0 107.0 27.0 28.0 25.0 19.0 19.0 20.0 21.0 19.0 52.0 43.0 38.0 36.0 33.0 32.0 21.0 22.0 23.0 21.0 19.0 19.0 21.0 19.0 19.0 90.0 80.0 68.0 57.0 51.0 35.0 33.0 30.0 31.0 29.0 19.0 20.0 25.0 19.0 19.0 18.0 39.0 19.0 21.0 19.0 62.0 51.0 43.0 40.0 36.0 25.0 24.0 25.0 25.0 23.0 19.0 19.0 20.0 20.0 19.0 72.0 56.0 47.0 43.0 39.0 27.0 26.0 26.0 27.0 25.0 19.0 19.0 21.0 18.0 23.0 46.0 68.0 37.0 37.0 31.0 23.0 21.0 21.0 22.0 20.0 19.0 21.0 20.0 21.0 19.0 116.0 65.0 55.0 48.0 45.0 29.0 29.0 28.0 30.0 27.0 90.0 19.0 19.0 21.0 19.0 117.0 71.0 59.0 51.0 47.0 32.0 30.0 30.0 29.0 27.0 49.0 20.0 31.0 22.0 19.0 76.0 65.0 41.0 42.0 34.0 24.0 23.0 23.0 25.0 23.0 19.0 18.0 20.0 21.0 19.0 72.0 56.0 48.0 43.0 39.0 45.0 26.0 27.0 26.0 24.0 19.0 18.0 19.0 20.0 19.0 51.0 43.0 38.0 35.0 35.0 22.0 22.0 22.0 22.0 21.0 19.0 19.0 20.0 19.0 20.0 89.0 71.0 62.0 53.0 48.0 32.0 30.0 30.0 29.0 27.0 19.0 19.0 19.0 65.0 19.0 87.0 93.0 76.0 62.0 46.0 35.0 29.0 29.0 28.0 27.0 19.0 19.0 19.0 20.0 20.0 53.0 73.0 39.0 36.0 33.0 23.0 21.0 21.0 22.0 24.0 19.0 20.0 20.0 18.0 19.0 51.0 44.0 37.0 35.0 32.0 72.0 21.0 23.0 36.0 24.0 19.0 19.0 19.0 20.0 19.0 84.0 56.0 48.0 42.0 41.0 26.0 26.0 25.0 26.0 25.0 19.0 18.0 19.0 19.0 19.0 87.0 66.0 64.0 51.0 46.0 31.0 30.0 29.0 28.0 27.0 20.0 19.0 19.0 20.0 19.0 59.0 48.0 41.0 40.0 35.0 24.0 28.0 50.0 24.0 24.0 20.0 19.0 20.0 21.0 19.0 82.0 62.0 54.0 48.0 43.0 29.0 27.0 28.0 28.0 27.0 25.0 27.0 20.0 20.0 19.0 107.0 67.0 51.0 44.0 40.0 28.0 26.0 28.0 26.0 27.0 19.0 20.0 20.0 20.0 19.0 65.0 52.0 77.0 45.0 37.0 26.0 48.0 25.0 27.0 23.0 20.0 19.0 19.0 21.0 19.0 84.0 66.0 57.0 49.0 45.0 31.0 29.0 29.0 30.0 27.0 23.0 22.0 23.0 22.0 20.0 45.0 40.0 36.0 35.0 31.0 20.0 20.0 20.0 21.0 20.0 19.0 18.0 20.0 19.0 19.0 66.0 50.0 46.0 41.0 36.0 36.0 26.0 25.0 25.0 25.0 22.0 20.0 19.0 25.0 19.0 97.0 60.0 43.0 39.0 36.0 26.0 25.0 25.0 24.0 24.0 20.0 19.0 20.0 21.0 20.0 80.0 78.0 53.0 47.0 44.0 47.0 27.0 28.0 29.0 26.0 19.0 19.0 20.0 20.0 19.0 59.0 48.0 42.0 39.0 34.0 25.0 23.0 24.0 25.0 24.0 19.0 19.0 20.0 20.0 21.0 92.0 47.0 40.0 41.0 34.0 50.0 23.0 23.0 24.0 23.0 54.0 20.0 19.0 20.0 19.0
49 50 1 TRACE 105.0 62.0 364.0 60.0 116.0 73.0 74.0 75.0 38.0 137.0 33.0 37.0 81.0 69.0 119.0 47.0 36.0 126.0 175.0 32.0 35.0 81.0 47.0 126.0 69.0 76.0 107.0 36.0 46.0 84.0 83.0 75.0 84.0 117.0 139.0 57.0 36.0 64.0 98.0 188.0 145.0 151.0 30.0 86.0 138.0 75.0 42.0 127.0 127.0 171.0 260.0 28.0 39.0 41.0 52.0 143.0 147.0 118.0 151.0 199.0 31.0 81.0 86.0 115.0 99.0 133.0 92.0 79.0 44.0 49.0 38.0 95.0 116.0 115.0 90.0 36.0 30.0 195.0 79.0 114.0 115.0 95.0 77.0 44.0 44.0 32.0 148.0 99.0 74.0 42.0 107.0 119.0 34.0 29.0 38.0 155.0 215.0 82.0 96.0 119.0 70.0 94.0 39.0 99.0 91.0 122.0 38.0 32.0 92.0 62.0 108.0 80.0 77.0 49.0 83.0 68.0 69.0 92.0 82.0 140.0 95.0 46.0 104.0 103.0 83.0 134.0 96.0 91.0 37.0 46.0 42.0 97.0 73.0 61.0 57.0 101.0 67.0 88.0 44.0 66.0 63.0 118.0 54.0 112.0 95.0 63.0 100.0 120.0 135.0 46.0 52.0 109.0 63.0 33.0 43.0 154.0 113.0 36.0 42.0 32.0 75.0 93.0 48.0 129.0 95.0 93.0 60.0 49.0 76.0 81.0 42.0 43.0 52.0 31.0 40.0 126.0 69.0 68.0 85.0 52.0 115.0 35.0 83.0 79.0 63.0 35.0 43.0 95.0 101.0 87.0 37.0 47.0 55.0 65.0 43.0 62.0 131.0 90.0
50 25 1 TRACE 28.0 20.0 34.0 29.0 28.0 21.0 20.0 21.0 21.0 21.0 23.0 20.0 21.0 21.0 44.0 62.0 20.0 20.0 21.0 29.0 26.0 32.0 26.0 20.0 28.0 27.0 23.0 39.0 35.0 20.0 22.0 23.0 26.0 73.0 20.0 21.0 59.0 19.0 61.0 59.0 48.0 21.0 59.0 21.0 21.0 61.0 20.0 37.0 21.0 22.0 20.0 23.0 22.0 19.0 21.0 22.0 20.0 21.0 23.0 26.0 21.0 21.0 19.0 20.0
50 41 1 TRACE 8.0 9.0 9.0 9.0 9.0 8.0 8.0 8.0 8.0 9.0 9.0 8.0 8.0 9.0 8.0 8.0 8.0 8.0 11.0 9.0 9.0 9.0 8.0 8.0 9.0 8.0 8.0 8.0 9.0 8.0 9.0 9.0 8.0 9.0 9.0 8.0 8.0 8.0 8.0 8.0 8.0 9.0 9.0 8.0 11.0 8.0 8.0 8.0 8.0 8.0 9.0 8.0 8.0 8.0 8.0 8.0 9.0 8.0 8.0 8.0 9.0 8.0 8.0 8.0 9.0 8.0 9.0 9.0 8.0 9.0 9.0 12.0 9.0 9.0 8.0 8.0 9.0 9.0 9.0 9.0 9.0 9.0 8.0 8.0 9.0 8.0 9.0 8.0 8.0 8.0 9.0 8.0 9.0 8.0 9.0 8.0 8.0 8.0 9.0 8.0 9.0 8.0 9.0 8.0 9.0 8.0 8.0 8.0 9.0 8.0 9.0 9.0 9.0 8.0 8.0 8.0 9.0 9.0 8.0 8.0 9.0 9.0 9.0 8.0 8.0 8.0 12.0 9.0 9.0 8.0 9.0 8.0 9.0 9.0
51 52 1 TRACE 248.0 206.0 206.0 220.0 203.0 205.0 207.0 228.0 214.0 204.0 206.0 210.0 204.0 202.0 304.0 202.0 201.0 200.0 204.0 206.0 210.0 203.0 221.0 202.0 377.0 239.0 203.0 204.0 203.0 204.0 202.0 208.0 203.0 201.0 200.0 199.0 202.0 203.0 205.0 205.0 206.0 200.0 201.0 200.0 204.0 208.0 204.0 202.0 204.0 206.0 326.0 202.0 203.0 201.0 200.0 202.0 204.0 201.0 203.0 205.0 203.0 202.0 203.0 202.0
52 53 1 TRACE 44.0 34.0 28.0 27.0 31.0 28.0 27.0 27.0 27.0 58.0 99.0 28.0 29.0 56.0 60.0 28.0 26.0 66.0 27.0 69.0 26.0 36.0 28.0 64.0 251.0 40.0 31.0 59.0 29.0 58.0 30.0 65.0 53.0 48.0 27.0 63.0 69.0 63.0 27.0 61.0 57.0 59.0 46.0 38.0 29.0 30.0 27.0 60.0 27.0 57.0 52.0 28.0 58.0 34.0 67.0 70.0 41.0 28.0 27.0 64.0 57.0 57.0 57.0 29.0
53 54 1 TRACE 38.0 42.0 18.0 15.0 55.0 20.0 20.0 22.0 22.0 20.0 12.0 16.0 19.0 23.0 217.0 14.0 18.0 28.0 17.0 22.0 19.0 18.0 15.0 15.0 17.0 13.0 21.0 19.0 19.0 18.0 19.0 14.0 21.0 23.0 18.0 16.0 17.0 20.0 18.0 15.0 21.0 53.0 82.0 13.0 18.0 16.0 19.0 17.0 21.0 15.0 12.0 14.0 14.0 14.0 19.0 19.0 18.0 17.0 18.0 16.0 15.0 57.0 19.0 14.0
54 55 1 TRACE 69.0 31.0 21.0 21.0 33.0 20.0 19.0 30.0 30.0 31.0 31.0 21.0 21.0 53.0 18.0 20.0 20.0 32.0 19.0 31.0 21.0 20.0 31.0 32.0 19.0 31.0 20.0 42.0 20.0 31.0 33.0 31.0 43.0 42.0 20.0 41.0 31.0 32.0 20.0 32.0 32.0 31.0 32.0 20.0 20.0 19.0 20.0 42.0 20.0 43.0 19.0 20.0 20.0 20.0 31.0 32.0 39.0 21.0 19.0 30.0 42.0 31.0 32.0 20.0
55 56 1 TRACE 11.0 8.0 8.0 8.0 8.0 7.0 7.0 7.0 19.0 7.0 8.0 7.0 8.0 8.0 7.0 8.0 8.0 8.0 8.0 8.0 8.0 8.0 19.0 8.0 8.0 8.0 8.0 7.0 7.0 16.0 8.0 8.0 7.0 8.0 8.0 7.0 7.0 8.0 8.0 8.0 8.0 8.0 8.0 8.0 8.0 7.0 8.0 7.0 7.0 8.0 7.0 7.0 7.0 8.0 7.0 7.0 21.0 7.0 7.0 8.0 7.0 7.0 8.0 8.0
56 57 1 TRACE 22.0 7.0 7.0 7.0 23.0 8.0 8.0 8.0 8.0 8.0 21.0 7.0 7.0 8.0 7.0 7.0 8.0 21.0 8.0 8.0 7.0 8.0 7.0 7.0 7.0 7.0 7.0 8.0 8.0 7.0 7.0 7.0 8.0 7.0 8.0 8.0 8.0 7.0 7.0 7.0 7.0 7.0 21.0 7.0 7.0 8.0 7.0 8.0 8.0 7.0 7.0 8.0 8.0 10.0 8.0 8.0 18.0 8.0 8.0 7.0 8.0 18.0 7.0 7.0
57 58 1 TRACE 10.0 7.0 7.0 7.0 18.0 8.0 7.0 7.0 7.0 7.0 18.0 8.0 8.0 7.0 7.0 8.0 7.0 18.0 7.0 19.0 7.0 8.0 7.0 7.0 7.0 18.0 8.0 7.0 7.0 8.0 8.0 8.0 7.0 7.0 7.0 7.0 7.0 8.0 8.0 8.0 7.0 18.0 18.0 7.0 7.0 7.0 7.0 7.0 7.0 8.0 7.0 8.0 7.0 7.0 7.0 7.0 8.0 7.0 8.0 8.0 7.0 8.0 7.0 8.0
58 59 1 TRACE 16.0 8.0 9.0 9.0 7.0 8.0 8.0 8.0 8.0 8.0 19.0 8.0 8.0 8.0 12.0 8.0 9.0 19.0 9.0 8.0 9.0 8.0 9.0 9.0 7.0 20.0 9.0 8.0 8.0 8.0 9.0 19.0 8.0 9.0 8.0 8.0 19.0 19.0 9.0 8.0 19.0 8.0 8.0 9.0 9.0 8.0 8.0 8.0 8.0 9.0 8.0 8.0 8.0 9.0 19.0 19.0 9.0 8.0 8.0 8.0 8.0 18.0 8.0 9.0
59 60 1 TRACE 7.0 18.0 7.0 7.0 7.0 7.0 7.0 7.0 7.0 8.0 7.0 7.0 7.0 8.0 7.0 7.0 8.0 7.0 7.0 7.0 8.0 7.0 7.0 8.0 7.0 18.0 7.0 7.0 8.0 19.0 19.0 19.0 8.0 8.0 7.0 7.0 19.0 21.0 7.0 18.0 19.0 21.0 7.0 8.0 8.0 8.0 8.0 7.0 7.0 7.0 7.0 8.0 7.0 7.0 19.0 19.0 20.0 7.0 7.0 18.0 8.0 19.0 8.0 7.0
60 61 1 TRACE 8.0 20.0 7.0 7.0 7.0 7.0 8.0 7.0 7.0 8.0 7.0 7.0 7.0 8.0 7.0 7.0 7.0 7.0 7.0 7.0 7.0 8.0 7.0 7.0 19.0 7.0 7.0 8.0 8.0 18.0 7.0 7.0 8.0 7.0 8.0 8.0 18.0 7.0 7.0 19.0 18.0 7.0 7.0 7.0 7.0 8.0 7.0 8.0 8.0 7.0 19.0 8.0 8.0 7.0 8.0 18.0 7.0 7.0 8.0 19.0 7.0 7.0 8.0 7.0
61 62 1 TRACE 19.0 7.0 7.0 7.0 7.0 8.0 7.0 8.0 8.0 7.0 7.0 7.0 7.0 7.0 7.0 7.0 7.0 7.0 7.0 7.0 7.0 8.0 7.0 7.0 7.0 7.0 7.0 7.0 7.0 7.0 18.0 18.0 7.0 7.0 8.0 8.0 7.0 18.0 7.0 19.0 7.0 18.0 7.0 7.0 7.0 7.0 7.0 8.0 7.0 7.0 7.0 7.0 8.0 8.0 18.0 7.0 18.0 8.0 8.0 18.0 7.0 7.0 7.0 7.0
62 1 1 TRACE 24.0 32.0 22.0 22.0 24.0 23.0 22.0 22.0 22.0 44.0 22.0 23.0 30.0 34.0 38.0 23.0 22.0 23.0 22.0 22.0 22.0 21.0 22.0 34.0 22.0 29.0 23.0 52.0 21.0 23.0 22.0 21.0 22.0 41.0 22.0 22.0 22.0 22.0 22.0 21.0 21.0 21.0 22.0 21.0 22.0 21.0 22.0 22.0 21.0 42.0 22.0 22.0 22.0 26.0 22.0 22.0 23.0 40.0 23.0 21.0 41.0 24.0 39.0
