0 1 1 TRACE 1672856215760145.0
1 2 1 TRACE 11457.0 72.0 83.0 83.0 83.0 98.0 97.0 112.0 83.0 83.0 83.0 108.0 81.0 81.0 81.0 80.0 82.0 80.0 70.0 80.0 81.0 82.0 81.0 81.0 92.0 81.0 80.0 71.0 98.0 80.0 80.0 81.0 81.0 81.0 81.0 80.0 70.0 81.0 81.0 81.0 80.0 81.0 82.0 71.0 81.0 81.0 80.0 82.0 82.0 81.0 85.0 109.0 81.0 80.0 81.0 81.0 73.0 105.0 81.0 69.0 81.0 81.0 89.0 81.0
2 3 1 TRACE 111.0 29.0 28.0 185.0 28.0 30.0 28.0 28.0 29.0 28.0 58.0 56.0 37.0 29.0 71.0 63.0 36.0 54.0 30.0 238.0 29.0 28.0 48.0 75.0 28.0 42.0 57.0 29.0 29.0 31.0 38.0 42.0 95.0 59.0 34.0 29.0 29.0 63.0 28.0 48.0 31.0 107.0 28.0 29.0 46.0 40.0 357.0 29.0 43.0 29.0 36.0 29.0 61.0 63.0 61.0 65.0 29.0 28.0 30.0 27.0 32.0 29.0 100.0 28.0
3 4 1 TRACE 46.0 24.0 37.0 69.0 24.0 24.0 24.0 31.0 24.0 25.0 52.0 55.0 63.0 28.0 24.0 63.0 59.0 25.0 23.0 59.0 24.0 24.0 27.0 35.0 37.0 27.0 24.0 23.0 61.0 22.0 85.0 31.0 92.0 59.0 26.0 23.0 24.0 28.0 34.0 24.0 24.0 169.0 59.0 58.0 30.0 62.0 23.0 23.0 29.0 59.0 24.0 554.0 44.0 31.0 34.0 59.0 34.0 25.0 57.0 23.0 56.0 23.0 63.0 24.0
4 5 1 TRACE 22.0 16.0 16.0 18.0 16.0 16.0 16.0 15.0 17.0 16.0 27.0 17.0 16.0 16.0 17.0 26.0 17.0 16.0 16.0 19.0 19.0 16.0 21.0 15.0 16.0 16.0 15.0 16.0 16.0 52.0 26.0 16.0 26.0 50.0 16.0 57.0 16.0 17.0 18.0 16.0 16.0 15.0 16.0 16.0 16.0 15.0 16.0 16.0 16.0 17.0 16.0 24.0 15.0 54.0 16.0 53.0 15.0 16.0 16.0 15.0 16.0 16.0 31.0 15.0
5 6 1 TRACE 41.0 162.0 17.0 23.0 16.0 20.0 20.0 31.0 18.0 31.0 13.0 52.0 30.0 22.0 25.0 12.0 23.0 14.0 17.0 32.0 16.0 57.0 15.0 12.0 16.0 38.0 19.0 20.0 48.0 22.0 19.0 17.0 19.0 26.0 26.0 12.0 15.0 34.0 12.0 54.0 18.0 73.0 16.0 13.0 17.0 54.0 16.0 15.0 13.0 135.0 59.0 575.0 22.0 15.0 22.0 25.0 23.0 15.0 19.0 13.0 13.0 32.0 12.0 12.0
6 7 1 TRACE 21.0 11.0 155.0 152.0 13.0 9.0 23.0 9.0 14.0 19.0 33.0 18.0 12.0 12.0 8.0 22.0 11.0 8.0 9.0 32.0 12.0 48.0 36.0 10.0 36.0 26.0 56.0 14.0 8.0 9.0 8.0 10.0 21.0 10.0 9.0 9.0 14.0 12.0 12.0 12.0 12.0 117.0 8.0 9.0 23.0 8.0 15.0 14.0 19.0 113.0 59.0 586.0 27.0 19.0 12.0 11.0 13.0 19.0 9.0 15.0 19.0 28.0 20.0 14.0
7 8 1 TRACE 20.0 13.0 12.0 13.0 12.0 19.0 19.0 19.0 9.0 9.0 27.0 10.0 12.0 8.0 19.0 8.0 21.0 8.0 9.0 96.0 48.0 26.0 8.0 8.0 22.0 8.0 9.0 20.0 8.0 19.0 11.0 48.0 16.0 16.0 20.0 8.0 20.0 11.0 8.0 20.0 12.0 24.0 10.0 8.0 13.0 12.0 19.0 48.0 10.0 59.0 36.0 527.0 13.0 56.0 11.0 11.0 51.0 11.0 20.0 8.0 19.0 57.0 21.0 9.0
8 9 1 TRACE 19.0 13.0 11.0 12.0 11.0 8.0 19.0 7.0 50.0 8.0 10.0 10.0 11.0 20.0 8.0 21.0 45.0 18.0 8.0 53.0 12.0 18.0 14.0 11.0 11.0 14.0 10.0 20.0 8.0 8.0 14.0 41.0 14.0 14.0 8.0 8.0 19.0 8.0 9.0 9.0 11.0 15.0 8.0 8.0 11.0 15.0 39.0 9.0 19.0 18.0 49.0 183.0 8.0 34.0 11.0 11.0 18.0 9.0 8.0 8.0 7.0 17.0 37.0 9.0
9 10 1 TRACE 66.0 73.0 62.0 90.0 27.0 31.0 27.0 28.0 30.0 27.0 64.0 53.0 80.0 46.0 89.0 60.0 31.0 28.0 55.0 37.0 62.0 75.0 50.0 72.0 37.0 51.0 28.0 66.0 39.0 31.0 40.0 56.0 69.0 29.0 53.0 28.0 45.0 53.0 65.0 62.0 27.0 99.0 90.0 91.0 54.0 41.0 67.0 40.0 54.0 82.0 45.0 68.0 33.0 54.0 28.0 29.0 64.0 51.0 93.0 50.0 44.0 29.0 93.0 55.0
10 11 1 TRACE 24.0 30.0 17.0 18.0 17.0 18.0 18.0 19.0 17.0 19.0 17.0 30.0 17.0 18.0 19.0 17.0 20.0 18.0 17.0 17.0 17.0 18.0 17.0 17.0 17.0 18.0 17.0 19.0 18.0 19.0 18.0 22.0 17.0 18.0 17.0 18.0 19.0 17.0 19.0 18.0 17.0 20.0 53.0 22.0 19.0 19.0 29.0 16.0 17.0 18.0 17.0 20.0 19.0 18.0 17.0 18.0 17.0 20.0 21.0 21.0 20.0 17.0 25.0 22.0
11 12 1 TRACE 24.0 20.0 19.0 53.0 20.0 19.0 20.0 18.0 33.0 18.0 18.0 34.0 19.0 20.0 60.0 75.0 19.0 18.0 29.0 19.0 18.0 23.0 18.0 21.0 19.0 54.0 18.0 18.0 19.0 18.0 56.0 19.0 18.0 19.0 68.0 51.0 18.0 18.0 19.0 20.0 20.0 18.0 18.0 19.0 21.0 57.0 22.0 19.0 51.0 56.0 23.0 19.0 19.0 19.0 19.0 21.0 51.0 22.0 18.0 18.0 19.0 18.0 106.0 21.0
12 13 1 TRACE 30.0 25.0 20.0 18.0 19.0 20.0 22.0 20.0 18.0 20.0 20.0 18.0 20.0 19.0 23.0 96.0 20.0 18.0 18.0 18.0 20.0 19.0 22.0 20.0 57.0 18.0 19.0 18.0 23.0 19.0 47.0 17.0 19.0 18.0 18.0 18.0 24.0 20.0 18.0 20.0 21.0 27.0 22.0 20.0 19.0 105.0 20.0 18.0 18.0 18.0 19.0 19.0 19.0 18.0 19.0 19.0 25.0 33.0 22.0 18.0 18.0 20.0 33.0 48.0
13 14 1 TRACE 21.0 8.0 9.0 8.0 9.0 8.0 8.0 8.0 9.0 9.0 8.0 10.0 9.0 8.0 8.0 9.0 9.0 8.0 9.0 8.0 9.0 9.0 8.0 8.0 9.0 9.0 9.0 9.0 9.0 9.0 9.0 8.0 9.0 9.0 9.0 8.0 8.0 9.0 8.0 8.0 9.0 8.0 9.0 9.0 8.0 9.0 9.0 8.0 8.0 9.0 9.0 9.0 8.0 9.0 9.0 8.0 9.0 9.0 8.0 8.0 8.0 9.0 10.0 9.0
14 15 1 TRACE 26.0 16.0 16.0 39.0 16.0 16.0 16.0 17.0 16.0 17.0 16.0 17.0 36.0 16.0 23.0 15.0 16.0 16.0 16.0 16.0 16.0 17.0 16.0 16.0 16.0 16.0 16.0 16.0 16.0 16.0 16.0 22.0 16.0 16.0 16.0 40.0 32.0 17.0 16.0 16.0 33.0 16.0 16.0 17.0 16.0 16.0 16.0 16.0 16.0 17.0 17.0 17.0 17.0 20.0 16.0 16.0 17.0 15.0 16.0 16.0 16.0 16.0 20.0 16.0
15 16 1 TRACE 13.0 8.0 8.0 9.0 8.0 9.0 8.0 8.0 8.0 8.0 8.0 9.0 8.0 8.0 8.0 8.0 8.0 9.0 9.0 8.0 8.0 8.0 8.0 8.0 8.0 9.0 8.0 8.0 8.0 8.0 8.0 8.0 9.0 8.0 8.0 8.0 8.0 8.0 8.0 8.0 8.0 8.0 9.0 8.0 8.0 8.0 8.0 8.0 9.0 8.0 8.0 8.0 8.0 8.0 8.0 8.0 10.0 9.0 8.0 9.0 9.0 8.0 9.0 8.0
16 17 1 TRACE 49.0 60.0 48.0 86.0 48.0 56.0 46.0 48.0 71.0 47.0 141.0 120.0 67.0 48.0 90.0 52.0 47.0 89.0 48.0 52.0 76.0 45.0 51.0 51.0 108.0 123.0 51.0 89.0 46.0 48.0 47.0 46.0 52.0 50.0 50.0 67.0 67.0 112.0 85.0 84.0 86.0 68.0 48.0 46.0 48.0 89.0 96.0 48.0 76.0 79.0 72.0 52.0 56.0 67.0 88.0 316.0 61.0 46.0 49.0 45.0 48.0 69.0 92.0 77.0
17 18 1 TRACE 23.0 16.0 17.0 17.0 20.0 18.0 18.0 18.0 18.0 25.0 17.0 19.0 22.0 18.0 25.0 17.0 17.0 17.0 19.0 20.0 20.0 19.0 16.0 17.0 19.0 18.0 18.0 18.0 19.0 17.0 18.0 17.0 45.0 46.0 18.0 18.0 57.0 64.0 18.0 24.0 53.0 19.0 18.0 18.0 21.0 19.0 18.0 19.0 19.0 20.0 17.0 18.0 19.0 18.0 17.0 18.0 20.0 18.0 17.0 18.0 18.0 17.0 33.0 17.0
18 19 1 TRACE 23.0 29.0 27.0 19.0 18.0 23.0 18.0 18.0 18.0 18.0 18.0 29.0 20.0 23.0 29.0 57.0 18.0 52.0 17.0 18.0 19.0 19.0 18.0 19.0 48.0 45.0 24.0 21.0 19.0 18.0 18.0 20.0 18.0 18.0 19.0 19.0 18.0 66.0 28.0 31.0 18.0 21.0 18.0 125.0 18.0 54.0 18.0 18.0 19.0 22.0 19.0 19.0 51.0 27.0 18.0 82.0 17.0 18.0 17.0 20.0 18.0 18.0 34.0 22.0
19 20 1 TRACE 24.0 18.0 26.0 47.0 20.0 21.0 19.0 19.0 19.0 19.0 20.0 34.0 20.0 27.0 22.0 46.0 19.0 21.0 36.0 60.0 53.0 26.0 20.0 55.0 21.0 21.0 18.0 41.0 25.0 20.0 19.0 20.0 19.0 24.0 20.0 20.0 22.0 67.0 41.0 25.0 22.0 19.0 22.0 22.0 19.0 23.0 20.0 19.0 19.0 18.0 19.0 19.0 20.0 21.0 55.0 229.0 18.0 20.0 32.0 20.0 19.0 19.0 40.0 19.0
20 21 1 TRACE 23.0 18.0 19.0 19.0 19.0 18.0 19.0 18.0 18.0 18.0 18.0 23.0 18.0 18.0 18.0 18.0 19.0 18.0 19.0 18.0 18.0 18.0 19.0 18.0 18.0 18.0 18.0 19.0 18.0 19.0 18.0 18.0 18.0 18.0 18.0 18.0 18.0 104.0 19.0 18.0 19.0 18.0 18.0 18.0 19.0 18.0 19.0 18.0 18.0 18.0 18.0 19.0 19.0 19.0 19.0 24.0 18.0 18.0 18.0 19.0 19.0 18.0 21.0 18.0
21 22 1 TRACE 28.0 13.0 12.0 13.0 12.0 13.0 13.0 12.0 13.0 13.0 13.0 14.0 13.0 13.0 13.0 13.0 13.0 13.0 13.0 13.0 13.0 12.0 12.0 13.0 13.0 13.0 13.0 13.0 12.0 13.0 13.0 13.0 13.0 12.0 13.0 13.0 13.0 56.0 13.0 13.0 12.0 13.0 13.0 13.0 12.0 13.0 13.0 13.0 13.0 13.0 13.0 13.0 12.0 13.0 12.0 13.0 13.0 13.0 13.0 13.0 13.0 13.0 16.0 13.0
22 23 1 TRACE 299.0 180.0 237.0 269.0 253.0 240.0 280.0 241.0 270.0 240.0 240.0 209.0 232.0 236.0 239.0 238.0 232.0 240.0 256.0 237.0 243.0 239.0 240.0 240.0 238.0 237.0 238.0 239.0 207.0 233.0 240.0 233.0 233.0 233.0 277.0 230.0 242.0 146.0 232.0 261.0 240.0 235.0 233.0 277.0 237.0 272.0 272.0 237.0 237.0 238.0 250.0 236.0 243.0 232.0 269.0 248.0 237.0 230.0 237.0 236.0 888.0 240.0 257.0 151.0
23 24 1 TRACE 108.0 26.0 27.0 32.0 54.0 29.0 59.0 31.0 32.0 29.0 60.0 36.0 57.0 28.0 31.0 190.0 62.0 60.0 59.0 28.0 33.0 30.0 27.0 29.0 29.0 30.0 28.0 33.0 28.0 64.0 62.0 29.0 28.0 61.0 70.0 27.0 31.0 27.0 29.0 25.0 30.0 66.0 70.0 183.0 34.0 377.0 31.0 64.0 26.0 27.0 61.0 32.0 25.0 70.0 62.0 242.0 52.0 27.0 60.0 61.0 856.0 68.0 75.0 58.0
24 25 1 TRACE 53.0 24.0 22.0 23.0 24.0 24.0 25.0 22.0 23.0 22.0 22.0 31.0 24.0 21.0 21.0 21.0 21.0 24.0 25.0 22.0 22.0 22.0 21.0 21.0 21.0 23.0 21.0 61.0 24.0 22.0 21.0 21.0 21.0 26.0 25.0 22.0 24.0 22.0 22.0 22.0 20.0 23.0 22.0 27.0 22.0 29.0 23.0 23.0 21.0 22.0 22.0 22.0 23.0 23.0 50.0 24.0 23.0 22.0 21.0 22.0 22.0 35.0 30.0 24.0
25 26 1 TRACE 38.0 13.0 13.0 13.0 13.0 13.0 13.0 13.0 13.0 13.0 13.0 12.0 12.0 13.0 13.0 13.0 13.0 12.0 13.0 12.0 12.0 13.0 13.0 13.0 13.0 13.0 12.0 12.0 12.0 13.0 13.0 12.0 13.0 13.0 13.0 12.0 13.0 13.0 13.0 13.0 13.0 13.0 13.0 25.0 15.0 14.0 13.0 12.0 12.0 12.0 13.0 13.0 13.0 13.0 12.0 13.0 12.0 13.0 13.0 12.0 13.0 13.0 12.0 12.0 12.0 13.0 13.0 13.0 13.0 13.0 13.0 13.0 13.0 12.0 13.0 12.0 13.0 13.0 13.0 13.0 12.0 13.0 12.0 13.0 12.0 13.0 13.0 12.0 13.0 13.0 13.0 13.0 13.0 13.0 13.0 13.0 13.0 13.0 12.0 13.0 12.0 13.0 12.0 14.0 13.0 13.0 12.0 13.0 13.0 13.0 13.0 13.0 13.0 12.0 13.0 12.0 13.0 12.0 12.0 13.0 12.0 13.0 12.0 16.0 18.0 13.0 13.0 12.0 13.0 13.0 13.0 13.0 13.0 13.0 12.0 13.0 13.0 13.0 12.0 12.0 12.0 13.0 13.0 13.0 12.0 13.0 12.0 13.0 12.0 13.0 13.0 13.0 12.0 13.0 12.0 16.0 12.0 13.0 12.0 13.0 12.0 12.0 13.0 13.0 12.0 12.0 12.0 13.0 12.0 12.0 14.0 13.0 13.0 12.0 12.0 13.0 12.0 13.0 13.0 13.0 13.0 13.0 12.0 13.0 13.0 12.0 13.0 13.0 13.0 12.0 13.0 12.0 12.0 13.0 12.0 12.0 13.0 13.0 12.0 13.0 12.0 13.0 12.0 13.0 13.0 13.0 13.0 12.0 13.0 13.0 13.0 12.0 13.0 13.0 13.0 12.0 13.0 12.0 13.0 12.0 12.0 12.0 12.0 13.0 13.0 13.0 13.0 13.0 13.0 12.0 13.0 13.0 13.0 13.0 12.0 13.0 16.0 13.0 26.0 14.0 14.0 12.0 13.0 13.0 12.0 12.0
26 27 1 TRACE 11.0 7.0 8.0 7.0 7.0 7.0 7.0 8.0 8.0 8.0 8.0 7.0 7.0 7.0 7.0 8.0 7.0 7.0 7.0 7.0 7.0 8.0 8.0 8.0 8.0 8.0 8.0 7.0 7.0 8.0 8.0 7.0 8.0 7.0 7.0 7.0 7.0 8.0 7.0 7.0 7.0 8.0 7.0 21.0 9.0 19.0 7.0 7.0 7.0 7.0 8.0 7.0 8.0 8.0 7.0 7.0 7.0 7.0 7.0 7.0 7.0 8.0 8.0 7.0 7.0 8.0 7.0 8.0 8.0 7.0 7.0 8.0 8.0 7.0 8.0 8.0 7.0 8.0 8.0 7.0 7.0 8.0 7.0 8.0 7.0 7.0 8.0 10.0 8.0 8.0 8.0 8.0 7.0 8.0 7.0 8.0 8.0 8.0 7.0 7.0 7.0 7.0 7.0 8.0 8.0 8.0 7.0 8.0 7.0 7.0 7.0 8.0 8.0 7.0 7.0 7.0 8.0 8.0 8.0 7.0 8.0 8.0 7.0 8.0 7.0 8.0 7.0 7.0 8.0 7.0 8.0 7.0 8.0 7.0 7.0 8.0 7.0 7.0 8.0 7.0 7.0 8.0 7.0 8.0 7.0 8.0 8.0 8.0 7.0 8.0 8.0 8.0 7.0 7.0 7.0 7.0 7.0 7.0 7.0 7.0 7.0 7.0 8.0 7.0 8.0 8.0 7.0 7.0 7.0 7.0 7.0 8.0 8.0 7.0 7.0 8.0 7.0 8.0 8.0 7.0 7.0 8.0 7.0 8.0 8.0 7.0 7.0 8.0 8.0 8.0 8.0 7.0 7.0 8.0 7.0 7.0 8.0 8.0 7.0 8.0 7.0 8.0 7.0 7.0 8.0 7.0 8.0 7.0 8.0 7.0 8.0 7.0 8.0 8.0 8.0 7.0 7.0 7.0 7.0 8.0 7.0 7.0 7.0 8.0 8.0 7.0 7.0 7.0 8.0 7.0 8.0 8.0 8.0 8.0 7.0 8.0 8.0 8.0 8.0 8.0 9.0 7.0 8.0 7.0 7.0 7.0
27 28 1 TRACE 11.0 7.0 8.0 8.0 8.0 7.0 8.0 7.0 7.0 7.0 7.0 7.0 7.0 7.0 8.0 8.0 8.0 7.0 8.0 8.0 8.0 7.0 8.0 7.0 7.0 8.0 7.0 11.0 8.0 8.0 7.0 8.0 8.0 8.0 7.0 7.0 7.0 8.0 8.0 7.0 7.0 7.0 7.0 8.0 9.0 8.0 7.0 7.0 7.0 7.0 8.0 8.0 7.0 8.0 7.0 8.0 8.0 8.0 8.0 7.0 8.0 7.0 7.0 8.0 7.0 7.0 7.0 7.0 7.0 8.0 7.0 7.0 7.0 7.0 8.0 8.0 8.0 7.0 7.0 7.0 8.0 7.0 8.0 7.0 8.0 7.0 8.0 8.0 8.0 7.0 7.0 7.0 8.0 7.0 8.0 7.0 7.0 8.0 8.0 8.0 7.0 8.0 7.0 7.0 7.0 7.0 8.0 7.0 8.0 7.0 8.0 8.0 7.0 8.0 8.0 7.0 8.0 7.0 7.0 7.0 7.0 7.0 8.0 8.0 8.0 7.0 7.0 8.0 8.0 8.0 7.0 8.0 7.0 8.0 8.0 7.0 8.0 8.0 7.0 7.0 7.0 7.0 8.0 7.0 8.0 7.0 7.0 7.0 8.0 7.0 7.0 7.0 8.0 8.0 8.0 8.0 8.0 7.0 8.0 8.0 8.0 8.0 7.0 8.0 7.0 7.0 7.0 8.0 7.0 8.0 7.0 7.0 7.0 8.0 7.0 7.0 7.0 7.0 7.0 7.0 8.0 8.0 8.0 8.0 7.0 8.0 7.0 7.0 7.0 7.0 7.0 7.0 7.0 8.0 7.0 7.0 7.0 7.0 7.0 7.0 7.0 7.0 7.0 8.0 7.0 8.0 7.0 8.0 7.0 8.0 7.0 7.0 7.0 8.0 7.0 7.0 8.0 7.0 8.0 7.0 7.0 8.0 7.0 7.0 7.0 8.0 8.0 8.0 7.0 8.0 7.0 7.0 7.0 7.0 7.0 7.0 8.0 8.0 19.0 9.0 9.0 7.0 7.0 7.0 8.0 7.0
28 29 1 TRACE 13.0 9.0 8.0 8.0 8.0 9.0 8.0 9.0 8.0 8.0 8.0 8.0 9.0 9.0 8.0 9.0 8.0 9.0 8.0 8.0 8.0 9.0 8.0 9.0 9.0 9.0 9.0 10.0 9.0 9.0 8.0 8.0 9.0 8.0 9.0 9.0 8.0 8.0 9.0 9.0 8.0 8.0 8.0 22.0 11.0 10.0 9.0 9.0 9.0 9.0 9.0 8.0 9.0 8.0 9.0 8.0 8.0 8.0 8.0 9.0 8.0 9.0 9.0 8.0 8.0 8.0 8.0 8.0 8.0 8.0 8.0 8.0 8.0 9.0 9.0 9.0 8.0 9.0 8.0 8.0 8.0 8.0 9.0 8.0 12.0 8.0 9.0 10.0 8.0 9.0 9.0 8.0 8.0 8.0 8.0 8.0 8.0 8.0 9.0 8.0 9.0 8.0 9.0 8.0 8.0 9.0 9.0 9.0 8.0 9.0 9.0 9.0 9.0 8.0 8.0 9.0 8.0 9.0 8.0 8.0 13.0 9.0 8.0 9.0 9.0 9.0 8.0 9.0 8.0 8.0 8.0 9.0 8.0 8.0 8.0 9.0 8.0 8.0 9.0 9.0 9.0 9.0 8.0 9.0 8.0 8.0 9.0 8.0 8.0 8.0 9.0 8.0 8.0 8.0 8.0 9.0 8.0 9.0 8.0 8.0 8.0 9.0 8.0 8.0 9.0 9.0 8.0 8.0 9.0 8.0 8.0 8.0 8.0 8.0 9.0 9.0 8.0 9.0 8.0 9.0 9.0 8.0 8.0 9.0 8.0 8.0 8.0 9.0 8.0 9.0 8.0 9.0 9.0 8.0 8.0 9.0 9.0 9.0 9.0 9.0 9.0 8.0 8.0 9.0 9.0 8.0 9.0 9.0 8.0 8.0 8.0 9.0 8.0 8.0 9.0 9.0 8.0 8.0 9.0 9.0 9.0 8.0 9.0 9.0 8.0 9.0 9.0 8.0 8.0 8.0 9.0 8.0 9.0 8.0 9.0 8.0 9.0 8.0 9.0 9.0 10.0 9.0 9.0 9.0 8.0 8.0
29 30 1 TRACE 40.0 30.0 30.0 32.0 29.0 41.0 37.0 42.0 84.0 32.0 32.0 29.0 502.0 28.0 30.0 25.0 40.0 32.0 33.0 37.0 135.0 56.0 30.0 47.0 57.0 36.0 35.0 27.0 32.0 70.0 30.0 47.0 30.0 74.0 107.0 64.0 204.0 30.0 29.0 31.0 30.0 78.0 64.0 50.0 65.0 18.0 32.0 40.0 21.0 32.0 27.0 28.0 26.0 30.0 51.0 63.0 27.0 110.0 165.0 30.0 37.0 81.0 69.0 30.0 28.0 73.0 71.0 68.0 69.0 61.0 30.0 29.0 35.0 29.0 67.0 58.0 74.0 71.0 67.0 29.0 51.0 68.0 68.0 29.0 29.0 133.0 33.0 18.0 32.0 70.0 33.0 29.0 68.0 29.0 68.0 69.0 31.0 71.0 30.0 69.0 68.0 29.0 40.0 24.0 73.0 48.0 188.0 74.0 31.0 62.0 75.0 32.0 34.0 28.0 29.0 32.0 70.0 82.0 28.0 30.0 18.0 69.0 30.0 17.0 68.0 69.0 71.0 74.0 79.0 86.0 45.0 63.0 33.0 67.0 69.0 44.0 30.0 30.0 65.0 72.0 34.0 29.0 75.0 29.0 53.0 29.0 110.0 32.0 68.0 28.0 67.0 60.0 67.0 73.0 33.0 17.0 36.0 27.0 70.0 37.0 63.0 29.0 111.0 72.0 29.0 65.0 60.0 34.0 33.0 36.0 73.0 35.0 29.0 65.0 65.0 379.0 519.0 39.0 31.0 26.0 28.0 30.0 94.0 159.0 66.0 30.0 61.0 30.0 61.0 65.0 512.0 41.0 69.0 28.0 28.0 72.0 30.0 86.0 31.0 97.0 31.0 31.0 35.0 113.0 71.0 32.0 29.0 31.0 30.0 39.0 38.0 35.0 29.0 154.0 29.0 37.0 31.0 28.0 69.0 66.0 32.0 68.0 153.0 66.0 66.0 74.0 31.0 70.0 36.0 39.0 79.0 159.0 28.0 60.0 35.0 54.0 17.0 94.0 36.0 123.0 42.0 94.0 110.0 72.0 56.0 33.0
30 31 1 TRACE 23.0 21.0 18.0 16.0 8.0 8.0 8.0 16.0 56.0 15.0 8.0 15.0 17.0 16.0 17.0 9.0 17.0 17.0 8.0 16.0 8.0 16.0 9.0 17.0 32.0 16.0 9.0 16.0 18.0 15.0 9.0 8.0 16.0 8.0 23.0 17.0 8.0 9.0 15.0 17.0 15.0 17.0 9.0 19.0 10.0 24.0 17.0 24.0 9.0 16.0 15.0 17.0 16.0 23.0 17.0 8.0 16.0 16.0 9.0 16.0 17.0 16.0 9.0 8.0 17.0 23.0 9.0 8.0 8.0 52.0 16.0 15.0 9.0 16.0 17.0 16.0 9.0 15.0 17.0 16.0 9.0 15.0 18.0 15.0 8.0 8.0 18.0 16.0 8.0 15.0 16.0 17.0 16.0 16.0 16.0 16.0 8.0 16.0 20.0 16.0 16.0 15.0 50.0 16.0 9.0 16.0 17.0 8.0 8.0 15.0 18.0 16.0 8.0 16.0 16.0 16.0 8.0 8.0 7.0 16.0 16.0 15.0 18.0 15.0 8.0 9.0 16.0 17.0 16.0 17.0 15.0 29.0 16.0 8.0 8.0 16.0 16.0 8.0 17.0 16.0 16.0 17.0 16.0 16.0 27.0 18.0 17.0 8.0 8.0 16.0 9.0 8.0 17.0 16.0 8.0 8.0 21.0 15.0 8.0 8.0 8.0 16.0 9.0 16.0 18.0 8.0 8.0 16.0 9.0 8.0 15.0 8.0 16.0 18.0 16.0 8.0 8.0 16.0 8.0 16.0 17.0 8.0 8.0 56.0 15.0 8.0 71.0 17.0 15.0 18.0 16.0 18.0 15.0 8.0 8.0 16.0 17.0 16.0 8.0 16.0 16.0 9.0 8.0 56.0 17.0 16.0 16.0 18.0 16.0 8.0 17.0 44.0 15.0 8.0 8.0 16.0 8.0 15.0 18.0 19.0 8.0 16.0 69.0 23.0 213.0 16.0 18.0 16.0 9.0 8.0 17.0 10.0 16.0 17.0 16.0 9.0 16.0 30.0 36.0 9.0 10.0 17.0 8.0 17.0 15.0 8.0
31 32 1 TRACE 18.0 13.0 13.0 14.0 13.0 12.0 13.0 13.0 12.0 13.0 12.0 13.0 13.0 13.0 13.0 13.0 13.0 13.0 13.0 13.0 13.0 12.0 13.0 13.0 13.0 13.0 13.0 13.0 13.0 13.0 12.0 12.0 13.0 12.0 13.0 13.0 35.0 13.0 12.0 13.0 13.0 12.0 13.0 16.0 15.0 13.0 12.0 12.0 12.0 13.0 13.0 13.0 13.0 12.0 13.0 13.0 13.0 13.0 12.0 12.0 13.0 13.0 12.0 12.0 13.0 14.0 14.0 12.0 12.0 13.0 13.0 13.0 12.0 13.0 13.0 12.0 18.0 13.0 13.0 17.0 12.0 12.0 12.0 13.0 12.0 50.0 13.0 13.0 12.0 12.0 13.0 13.0 13.0 12.0 13.0 13.0 13.0 13.0 13.0 13.0 13.0 13.0 13.0 12.0 13.0 13.0 13.0 12.0 12.0 13.0 14.0 13.0 13.0 13.0 13.0 13.0 12.0 12.0 12.0 13.0 13.0 13.0 13.0 13.0 13.0 13.0 12.0 13.0 13.0 13.0 12.0 13.0 13.0 12.0 12.0 13.0 13.0 12.0 13.0 13.0 13.0 13.0 12.0 13.0 13.0 14.0 14.0 12.0 12.0 12.0 13.0 12.0 13.0 12.0 13.0 13.0 13.0 13.0 13.0 12.0 12.0 13.0 12.0 13.0 13.0 12.0 12.0 12.0 12.0 13.0 39.0 12.0 17.0 13.0 13.0 12.0 13.0 13.0 13.0 13.0 13.0 13.0 12.0 12.0 12.0 12.0 13.0 14.0 12.0 13.0 13.0 12.0 13.0 13.0 12.0 12.0 17.0 13.0 12.0 13.0 13.0 13.0 12.0 13.0 13.0 13.0 12.0 13.0 12.0 12.0 13.0 13.0 13.0 13.0 13.0 12.0 12.0 13.0 13.0 13.0 12.0 12.0 13.0 12.0 13.0 13.0 13.0 13.0 12.0 12.0 13.0 42.0 13.0 13.0 13.0 12.0 13.0 222.0 14.0 13.0 13.0 13.0 12.0 13.0 13.0 13.0
32 33 1 TRACE 23.0 18.0 18.0 18.0 17.0 17.0 18.0 16.0 17.0 20.0 18.0 17.0 18.0 18.0 17.0 18.0 17.0 18.0 17.0 17.0 17.0 18.0 16.0 16.0 35.0 17.0 17.0 56.0 19.0 23.0 17.0 18.0 18.0 57.0 17.0 17.0 18.0 18.0 16.0 18.0 18.0 18.0 17.0 25.0 29.0 41.0 17.0 17.0 19.0 17.0 55.0 17.0 18.0 17.0 17.0 55.0 17.0 18.0 18.0 17.0 18.0 18.0 46.0 24.0 17.0 17.0 17.0 17.0 17.0 17.0 89.0 17.0 17.0 16.0 18.0 17.0 43.0 18.0 18.0 18.0 17.0 17.0 18.0 17.0 18.0 122.0 18.0 18.0 17.0 17.0 18.0 17.0 17.0 18.0 18.0 36.0 71.0 18.0 18.0 16.0 17.0 17.0 19.0 18.0 18.0 17.0 18.0 17.0 17.0 18.0 18.0 17.0 18.0 22.0 55.0 16.0 21.0 18.0 16.0 17.0 18.0 17.0 18.0 18.0 17.0 54.0 17.0 18.0 19.0 18.0 18.0 18.0 18.0 17.0 17.0 18.0 17.0 17.0 17.0 17.0 18.0 17.0 18.0 19.0 37.0 52.0 19.0 17.0 21.0 17.0 17.0 17.0 18.0 18.0 17.0 18.0 50.0 18.0 17.0 17.0 17.0 27.0 18.0 17.0 18.0 17.0 18.0 17.0 17.0 17.0 17.0 17.0 19.0 17.0 17.0 17.0 17.0 18.0 17.0 17.0 17.0 16.0 17.0 66.0 23.0 26.0 17.0 18.0 18.0 17.0 17.0 18.0 52.0 23.0 17.0 18.0 20.0 17.0 18.0 17.0 17.0 17.0 18.0 17.0 18.0 17.0 18.0 18.0 17.0 17.0 18.0 17.0 17.0 17.0 16.0 18.0 54.0 54.0 18.0 19.0 17.0 17.0 18.0 17.0 49.0 17.0 19.0 17.0 18.0 22.0 17.0 18.0 17.0 18.0 55.0 18.0 20.0 32.0 31.0 68.0 19.0 17.0 19.0 17.0 17.0 17.0
33 34 1 TRACE 1300.0 955.0 7879.0 604.0 387.0 579.0 521.0 922.0 693.0 590.0 349.0 1015.0 1072.0 571.0 383.0 330.0 5161.0 658.0 370.0 314.0 517.0 656.0 481.0 885.0 698.0 658.0 461.0 775.0 692.0 728.0 474.0 678.0 596.0 338.0 1434.0 673.0 664.0 640.0 835.0 667.0 530.0 365.0 578.0 736.0 571.0 1627.0 569.0 507.0 337.0 632.0 525.0 468.0 1604.0 670.0 637.0 332.0 452.0 673.0 517.0 1853.0 658.0 398.0 287.0 476.0 4585.0 704.0 365.0 412.0 576.0 2152.0 640.0 650.0 560.0 1034.0 658.0 406.0 267.0 794.0 604.0 521.0 523.0 773.0 569.0 530.0 540.0 668.0 624.0 661.0 537.0 395.0 709.0 349.0 517.0 2948.0 657.0 339.0 444.0 827.0 672.0 490.0 376.0 2208.0 684.0 357.0 337.0 2817.0 635.0 421.0 310.0 681.0 665.0 519.0 567.0 521.0 2896.0 665.0 368.0 346.0 327.0 703.0 295.0 429.0 5335.0 571.0 358.0 337.0 981.0 675.0 604.0 413.0 779.0 589.0 460.0 342.0 531.0 608.0 447.0 970.0 662.0 505.0 282.0 504.0 656.0 487.0 818.0 568.0 529.0 530.0 493.0 610.0 580.0 535.0 5362.0 695.0 381.0 588.0 685.0 694.0 381.0 396.0 541.0 679.0 328.0 643.0 563.0 486.0 527.0 653.0 726.0 1191.0 675.0 535.0 1335.0 665.0 661.0 222.0 1575.0 697.0 433.0 1198.0 625.0 502.0 1150.0 596.0 544.0 367.0 751.0 675.0 646.0 326.0 1378.0 656.0 625.0 345.0 365.0 1629.0 660.0 618.0 459.0 518.0 663.0 531.0 345.0 4819.0 696.0 415.0 1053.0 673.0 360.0 542.0 2935.0 660.0 272.0 633.0 483.0 650.0 389.0 1009.0 630.0 635.0 389.0 1145.0 540.0 531.0 477.0 663.0 571.0 556.0 503.0 492.0 563.0 444.0 2003.0 663.0 316.0 532.0 781.0 784.0 814.0 473.0 713.0 538.0 322.0 3203.0 691.0 366.0
34 35 1 TRACE 766.0 744.0 201.0 111.0 19.0 18.0 50.0 58.0 89.0 50.0 53.0 63.0 54.0 50.0 18.0 90.0 135.0 50.0 18.0 18.0 124.0 50.0 45.0 55.0 62.0 50.0 54.0 94.0 104.0 47.0 18.0 53.0 49.0 54.0 217.0 51.0 19.0 50.0 57.0 141.0 50.0 18.0 55.0 76.0 85.0 72.0 54.0 46.0 50.0 90.0 51.0 43.0 153.0 77.0 18.0 89.0 304.0 92.0 53.0 75.0 54.0 18.0 53.0 54.0 140.0 52.0 19.0 20.0 52.0 86.0 52.0 18.0 57.0 63.0 52.0 19.0 61.0 58.0 53.0 18.0 48.0 91.0 214.0 51.0 18.0 96.0 53.0 49.0 49.0 51.0 58.0 49.0 50.0 101.0 51.0 24.0 111.0 57.0 52.0 46.0 50.0 86.0 81.0 18.0 49.0 98.0 53.0 19.0 60.0 56.0 51.0 49.0 43.0 54.0 155.0 50.0 20.0 18.0 137.0 61.0 46.0 52.0 186.0 50.0 40.0 49.0 63.0 51.0 17.0 49.0 224.0 75.0 48.0 17.0 54.0 51.0 18.0 64.0 51.0 48.0 48.0 51.0 50.0 86.0 114.0 58.0 47.0 18.0 56.0 49.0 18.0 71.0 146.0 55.0 19.0 48.0 56.0 52.0 19.0 18.0 52.0 55.0 48.0 69.0 51.0 21.0 54.0 50.0 17.0 55.0 88.0 50.0 68.0 54.0 48.0 56.0 71.0 52.0 45.0 56.0 51.0 19.0 63.0 63.0 47.0 50.0 370.0 68.0 48.0 49.0 56.0 64.0 49.0 19.0 51.0 68.0 56.0 18.0 50.0 54.0 51.0 19.0 54.0 174.0 52.0 49.0 67.0 53.0 47.0 60.0 203.0 50.0 18.0 20.0 53.0 53.0 96.0 58.0 53.0 71.0 67.0 62.0 53.0 18.0 55.0 216.0 55.0 47.0 18.0 54.0 50.0 52.0 419.0 142.0 18.0 49.0 59.0 143.0 127.0 20.0 59.0 49.0 52.0 121.0 52.0 17.0
35 36 1 TRACE 60.0 52.0 440.0 92.0 16.0 20.0 46.0 72.0 141.0 49.0 45.0 121.0 54.0 69.0 16.0 196.0 240.0 48.0 16.0 16.0 97.0 49.0 40.0 54.0 52.0 46.0 47.0 64.0 52.0 46.0 16.0 52.0 47.0 48.0 190.0 150.0 17.0 45.0 56.0 1102.0 45.0 20.0 54.0 83.0 80.0 84.0 47.0 44.0 79.0 84.0 47.0 40.0 141.0 63.0 16.0 51.0 165.0 48.0 46.0 95.0 54.0 16.0 19.0 48.0 464.0 49.0 17.0 17.0 48.0 119.0 48.0 21.0 46.0 73.0 54.0 17.0 46.0 92.0 48.0 17.0 44.0 54.0 49.0 43.0 16.0 56.0 49.0 49.0 46.0 49.0 46.0 45.0 46.0 147.0 93.0 15.0 61.0 186.0 50.0 51.0 46.0 119.0 61.0 16.0 45.0 149.0 79.0 17.0 44.0 54.0 54.0 45.0 39.0 48.0 162.0 48.0 17.0 17.0 67.0 54.0 41.0 59.0 310.0 47.0 17.0 46.0 66.0 70.0 16.0 45.0 61.0 48.0 85.0 16.0 52.0 46.0 54.0 69.0 55.0 79.0 44.0 49.0 46.0 93.0 146.0 49.0 43.0 16.0 387.0 46.0 16.0 49.0 234.0 63.0 16.0 45.0 51.0 47.0 17.0 16.0 48.0 47.0 45.0 53.0 47.0 16.0 54.0 47.0 16.0 56.0 86.0 55.0 78.0 49.0 43.0 18.0 55.0 47.0 49.0 55.0 46.0 16.0 70.0 63.0 43.0 48.0 1511.0 53.0 50.0 45.0 74.0 65.0 45.0 17.0 50.0 87.0 49.0 17.0 50.0 56.0 48.0 16.0 49.0 221.0 53.0 45.0 71.0 65.0 43.0 58.0 148.0 48.0 52.0 16.0 52.0 47.0 62.0 61.0 61.0 45.0 68.0 70.0 59.0 16.0 58.0 55.0 51.0 45.0 15.0 52.0 84.0 45.0 506.0 48.0 16.0 51.0 55.0 112.0 67.0 19.0 61.0 45.0 48.0 157.0 48.0 16.0
36 37 1 TRACE 155.0 575.0 2999.0 86.0 127.0 148.0 94.0 437.0 74.0 39.0 76.0 408.0 113.0 108.0 82.0 47.0 2747.0 100.0 91.0 186.0 123.0 108.0 82.0 81.0 54.0 39.0 110.0 134.0 104.0 184.0 87.0 59.0 119.0 61.0 562.0 150.0 75.0 54.0 125.0 37.0 170.0 96.0 137.0 189.0 268.0 588.0 72.0 64.0 97.0 52.0 83.0 98.0 401.0 96.0 26.0 32.0 46.0 68.0 196.0 566.0 150.0 83.0 64.0 89.0 2300.0 34.0 29.0 84.0 35.0 1056.0 62.0 27.0 147.0 528.0 132.0 72.0 61.0 252.0 155.0 179.0 158.0 206.0 41.0 191.0 184.0 127.0 144.0 35.0 128.0 55.0 62.0 32.0 107.0 1330.0 41.0 141.0 30.0 146.0 48.0 129.0 46.0 950.0 35.0 61.0 83.0 1370.0 38.0 75.0 42.0 151.0 49.0 32.0 54.0 45.0 1247.0 75.0 82.0 98.0 77.0 65.0 55.0 111.0 2371.0 157.0 38.0 131.0 320.0 60.0 127.0 72.0 141.0 826.0 32.0 90.0 822.0 109.0 67.0 172.0 114.0 125.0 51.0 121.0 52.0 309.0 310.0 149.0 80.0 180.0 61.0 38.0 160.0 72.0 2177.0 50.0 106.0 30.0 51.0 32.0 54.0 139.0 199.0 65.0 83.0 96.0 237.0 204.0 173.0 94.0 243.0 39.0 34.0 35.0 300.0 135.0 29.0 69.0 430.0 67.0 95.0 119.0 78.0 196.0 129.0 104.0 44.0 61.0 139.0 39.0 28.0 120.0 281.0 118.0 42.0 165.0 71.0 511.0 40.0 36.0 33.0 116.0 32.0 127.0 40.0 2184.0 68.0 100.0 305.0 42.0 31.0 223.0 1380.0 111.0 69.0 128.0 170.0 67.0 33.0 165.0 208.0 250.0 33.0 293.0 214.0 139.0 45.0 465.0 181.0 73.0 231.0 218.0 106.0 325.0 713.0 64.0 88.0 78.0 277.0 282.0 181.0 190.0 156.0 81.0 66.0 1217.0 217.0 72.0
37 38 1 TRACE 44.0 52.0 419.0 54.0 33.0 59.0 31.0 81.0 30.0 39.0 30.0 86.0 31.0 31.0 31.0 34.0 376.0 69.0 32.0 30.0 77.0 33.0 30.0 50.0 30.0 30.0 72.0 102.0 31.0 98.0 62.0 39.0 29.0 67.0 139.0 71.0 33.0 32.0 93.0 30.0 30.0 64.0 36.0 92.0 32.0 142.0 34.0 68.0 44.0 40.0 70.0 28.0 132.0 37.0 28.0 66.0 39.0 31.0 63.0 133.0 107.0 28.0 30.0 34.0 391.0 35.0 30.0 65.0 33.0 228.0 35.0 74.0 31.0 131.0 29.0 29.0 63.0 67.0 62.0 44.0 35.0 54.0 30.0 244.0 50.0 62.0 65.0 72.0 167.0 35.0 69.0 77.0 64.0 224.0 60.0 39.0 34.0 119.0 31.0 32.0 33.0 194.0 30.0 32.0 34.0 260.0 47.0 28.0 32.0 69.0 32.0 29.0 64.0 66.0 222.0 31.0 63.0 71.0 75.0 31.0 58.0 35.0 405.0 30.0 66.0 32.0 91.0 30.0 74.0 69.0 61.0 68.0 74.0 36.0 39.0 50.0 70.0 66.0 72.0 36.0 34.0 38.0 32.0 96.0 65.0 31.0 69.0 32.0 80.0 31.0 27.0 69.0 407.0 35.0 68.0 44.0 37.0 28.0 32.0 59.0 35.0 63.0 73.0 41.0 112.0 32.0 39.0 73.0 67.0 193.0 29.0 66.0 119.0 31.0 29.0 885.0 36.0 33.0 283.0 40.0 31.0 30.0 63.0 30.0 59.0 42.0 62.0 43.0 73.0 397.0 66.0 32.0 33.0 31.0 69.0 161.0 124.0 32.0 30.0 41.0 33.0 32.0 63.0 420.0 75.0 31.0 87.0 71.0 30.0 72.0 262.0 63.0 68.0 30.0 39.0 71.0 32.0 97.0 31.0 880.0 66.0 107.0 29.0 69.0 81.0 88.0 29.0 62.0 66.0 76.0 67.0 33.0 388.0 66.0 31.0 33.0 99.0 992.0 775.0 50.0 53.0 31.0 34.0 238.0 78.0 67.0
38 39 1 TRACE 101.0 35.0 27.0 29.0 27.0 26.0 24.0 31.0 29.0 26.0 27.0 34.0 26.0 42.0 37.0 31.0 30.0 28.0 26.0 67.0 65.0 71.0 25.0 29.0 25.0 28.0 71.0 36.0 25.0 36.0 32.0 26.0 24.0 29.0 29.0 30.0 70.0 52.0 30.0 28.0 27.0 72.0 72.0 92.0 60.0 46.0 28.0 55.0 23.0 28.0 26.0 31.0 66.0 24.0 27.0 63.0 26.0 26.0 53.0 63.0 84.0 67.0 24.0 27.0 32.0 28.0 26.0 31.0 57.0 30.0 70.0 101.0 25.0 116.0 59.0 26.0 26.0 26.0 28.0 64.0 31.0 29.0 23.0 181.0 67.0 65.0 30.0 70.0 29.0 62.0 64.0 28.0 29.0 89.0 71.0 29.0 27.0 26.0 25.0 67.0 33.0 63.0 62.0 27.0 26.0 138.0 61.0 62.0 25.0 29.0 68.0 25.0 28.0 62.0 37.0 27.0 26.0 29.0 47.0 26.0 24.0 62.0 34.0 28.0 63.0 27.0 64.0 35.0 30.0 69.0 63.0 65.0 30.0 27.0 58.0 65.0 65.0 32.0 130.0 28.0 60.0 25.0 61.0 58.0 65.0 72.0 69.0 34.0 181.0 25.0 45.0 26.0 32.0 32.0 67.0 26.0 34.0 25.0 33.0 30.0 27.0 27.0 72.0 29.0 169.0 26.0 25.0 61.0 70.0 367.0 25.0 27.0 28.0 25.0 35.0 260.0 60.0 26.0 31.0 28.0 29.0 26.0 68.0 59.0 63.0 42.0 31.0 53.0 61.0 134.0 28.0 24.0 43.0 61.0 67.0 33.0 28.0 64.0 27.0 61.0 60.0 64.0 57.0 26.0 30.0 68.0 67.0 28.0 66.0 53.0 61.0 27.0 703.0 26.0 26.0 28.0 29.0 64.0 25.0 160.0 71.0 26.0 27.0 28.0 59.0 26.0 26.0 65.0 31.0 65.0 25.0 26.0 126.0 28.0 30.0 26.0 57.0 268.0 103.0 50.0 39.0 27.0 64.0 28.0 25.0 63.0
39 25 1 TRACE 18.0 17.0 17.0 17.0 17.0 18.0 17.0 17.0 18.0 17.0 26.0 17.0 19.0 17.0 18.0 18.0 17.0 18.0 17.0 20.0 18.0 56.0 29.0 17.0 58.0 25.0 18.0 19.0 18.0 18.0 18.0 17.0 24.0 17.0 20.0 18.0 19.0 19.0 22.0 17.0 18.0 18.0 69.0 17.0 16.0 20.0 17.0 18.0 17.0 18.0 16.0 54.0 18.0 17.0 18.0 19.0 16.0 17.0 18.0 22.0 18.0 56.0 17.0 19.0 20.0 20.0 58.0 17.0 19.0 19.0 19.0 42.0 17.0 17.0 17.0 18.0 17.0 17.0 17.0 18.0 59.0 16.0 20.0 20.0 17.0 18.0 22.0 17.0 20.0 17.0 28.0 17.0 55.0 20.0 18.0 18.0 18.0 59.0 17.0 57.0 18.0 21.0 18.0 56.0 17.0 17.0 18.0 17.0 17.0 17.0 18.0 18.0 59.0 18.0 26.0 33.0 18.0 17.0
39 40 1 TRACE 36.0 34.0 28.0 30.0 32.0 27.0 28.0 27.0 35.0 61.0 39.0 50.0 26.0 67.0 28.0 62.0 28.0 32.0 70.0 27.0 36.0 57.0 61.0 81.0 52.0 31.0 69.0 69.0 68.0 31.0 31.0 36.0 63.0 30.0 59.0 61.0 27.0 31.0 29.0 31.0 29.0 28.0 31.0 66.0 69.0 57.0 28.0 35.0 63.0 47.0 36.0 31.0 52.0 62.0 67.0 30.0 50.0 78.0 33.0 67.0 29.0 63.0 35.0 32.0
39 51 1 TRACE 59.0 34.0 31.0 30.0 76.0 30.0 30.0 29.0 64.0 29.0 130.0 32.0 28.0 28.0 29.0 30.0 32.0 35.0 28.0 74.0 38.0 30.0 33.0 32.0 31.0 33.0 38.0 65.0 30.0 30.0 39.0 37.0 66.0 32.0 28.0 64.0 67.0 28.0 67.0 65.0 27.0 167.0 30.0 37.0 28.0 31.0 50.0 32.0 70.0 31.0 61.0 64.0 32.0 29.0 710.0 63.0 33.0 32.0 32.0 29.0 32.0 70.0 64.0 32.0
40 41 1 TRACE 640.0 224.0 234.0 579.0 167.0 176.0 176.0 165.0 317.0 221.0 165.0 342.0 163.0 240.0 159.0 281.0 545.0 368.0 271.0 191.0 178.0 182.0 158.0 415.0 188.0 351.0 435.0 184.0 417.0 158.0 576.0 243.0 189.0 163.0 193.0 158.0 204.0 165.0 577.0 161.0 161.0 166.0 162.0 158.0 218.0 157.0 161.0 192.0 185.0 192.0 272.0 163.0 555.0 265.0 424.0 163.0 200.0 219.0 177.0 161.0 320.0 192.0 193.0 417.0
41 42 1 TRACE 18.0 13.0 14.0 15.0 69.0 13.0 14.0 13.0 13.0 14.0 13.0 17.0 14.0 13.0 13.0 13.0 13.0 24.0 17.0 13.0 13.0 13.0 13.0 14.0 13.0 12.0 13.0 12.0 13.0 14.0 12.0 13.0 14.0 13.0 13.0 14.0 16.0 13.0 14.0 13.0 13.0 13.0 12.0 14.0 174.0 13.0 14.0 13.0 12.0 12.0 14.0 17.0 13.0 14.0 13.0 13.0 14.0 13.0 13.0 13.0 13.0 13.0 14.0 13.0 13.0 14.0 13.0 13.0 13.0 13.0 13.0 13.0 40.0 13.0 13.0 13.0 12.0 13.0 14.0 12.0 12.0 14.0 13.0 13.0 14.0 28.0 66.0 14.0 13.0 13.0 13.0 13.0 13.0 14.0 13.0 14.0 12.0 13.0 13.0 13.0 13.0 14.0 12.0 36.0 13.0 13.0 14.0 13.0 13.0 13.0 13.0 13.0 13.0 14.0 13.0 13.0 13.0 14.0 13.0 12.0 14.0 12.0 12.0 13.0 13.0 12.0 14.0 13.0 13.0 13.0 13.0 15.0 13.0 13.0 13.0 13.0 13.0 12.0 18.0 14.0 12.0 12.0 12.0 13.0 13.0 12.0 13.0 14.0 13.0 12.0 13.0 13.0 15.0 12.0 13.0 13.0 12.0 13.0 13.0 13.0 13.0 14.0 13.0 12.0 13.0 13.0 13.0 14.0 13.0 13.0 13.0 13.0 13.0 13.0 14.0 13.0 12.0 17.0 13.0 15.0 14.0 13.0 12.0 14.0 13.0 12.0 28.0 14.0 13.0 13.0 13.0 12.0 12.0 14.0 12.0 12.0 18.0 13.0 13.0 13.0 14.0 13.0 14.0 14.0 22.0 12.0 15.0 13.0 13.0 13.0 13.0 13.0 12.0
42 43 1 TRACE 16.0 12.0 11.0 12.0 12.0 11.0 12.0 12.0 11.0 12.0 11.0 11.0 12.0 12.0 12.0 12.0 11.0 11.0 11.0 11.0 12.0 11.0 11.0 12.0 12.0 11.0 12.0 11.0 11.0 12.0 11.0 12.0 12.0 12.0 12.0 12.0 13.0 12.0 12.0 11.0 12.0 11.0 12.0 12.0 12.0 12.0 11.0 12.0 12.0 12.0 12.0 12.0 11.0 12.0 12.0 12.0 12.0 12.0 12.0 12.0 12.0 12.0 12.0 12.0 11.0 12.0 12.0 11.0 12.0 11.0 11.0 12.0 12.0 11.0 11.0 12.0 12.0 11.0 12.0 11.0 11.0 12.0 12.0 12.0 12.0 12.0 12.0 12.0 12.0 11.0 11.0 11.0 11.0 11.0 12.0 11.0 12.0 11.0 12.0 11.0 16.0 12.0 12.0 12.0 12.0 11.0 12.0 12.0 12.0 11.0 11.0 12.0 11.0 12.0 12.0 12.0 11.0 12.0 12.0 11.0 11.0 11.0 11.0 11.0 12.0 16.0 12.0 11.0 11.0 11.0 12.0 12.0 11.0 12.0 12.0 12.0 11.0 12.0 12.0 12.0 11.0 12.0 11.0 11.0 12.0 11.0 11.0 12.0 12.0 11.0 11.0 12.0 12.0 11.0 11.0 11.0 11.0 11.0 11.0 12.0 11.0 12.0 11.0 12.0 12.0 12.0 12.0 12.0 11.0 11.0 12.0 12.0 12.0 11.0 12.0 12.0 17.0 12.0 11.0 12.0 12.0 11.0 12.0 11.0 12.0 12.0 16.0 12.0 11.0 11.0 12.0 11.0 11.0 12.0 11.0 12.0 12.0 12.0 12.0 11.0 12.0 12.0 11.0 12.0 11.0 12.0 13.0 12.0 12.0 12.0 11.0 12.0 12.0
43 44 1 TRACE 14.0 9.0 9.0 9.0 9.0 9.0 9.0 9.0 9.0 10.0 9.0 9.0 9.0 9.0 9.0 9.0 9.0 9.0 9.0 9.0 9.0 9.0 9.0 9.0 10.0 9.0 9.0 9.0 9.0 9.0 9.0 9.0 9.0 10.0 9.0 10.0 10.0 10.0 9.0 9.0 9.0 8.0 9.0 9.0 10.0 9.0 9.0 9.0 9.0 9.0 10.0 8.0 9.0 10.0 9.0 9.0 9.0 9.0 10.0 9.0 9.0 10.0 9.0 9.0 9.0 9.0 9.0 9.0 9.0 9.0 9.0 9.0 10.0 9.0 9.0 10.0 9.0 9.0 9.0 9.0 9.0 9.0 9.0 9.0 9.0 9.0 9.0 9.0 9.0 9.0 9.0 9.0 9.0 9.0 10.0 9.0 9.0 9.0 9.0 9.0 11.0 9.0 9.0 9.0 9.0 9.0 9.0 9.0 8.0 9.0 8.0 9.0 9.0 9.0 9.0 9.0 9.0 9.0 9.0 9.0 9.0 9.0 9.0 9.0 9.0 10.0 10.0 9.0 9.0 9.0 9.0 9.0 9.0 9.0 9.0 9.0 9.0 9.0 9.0 9.0 9.0 9.0 9.0 9.0 10.0 9.0 9.0 9.0 9.0 9.0 9.0 9.0 9.0 9.0 9.0 9.0 9.0 9.0 9.0 9.0 9.0 9.0 9.0 13.0 9.0 9.0 9.0 9.0 9.0 9.0 9.0 9.0 9.0 9.0 10.0 9.0 11.0 10.0 9.0 9.0 9.0 9.0 9.0 10.0 9.0 9.0 9.0 9.0 9.0 9.0 10.0 9.0 9.0 10.0 9.0 9.0 9.0 9.0 9.0 9.0 9.0 9.0 9.0 9.0 10.0 9.0 10.0 10.0 10.0 9.0 10.0 9.0 9.0
44 45 1 TRACE 97.0 71.0 68.0 96.0 74.0 70.0 101.0 70.0 113.0 76.0 77.0 101.0 134.0 69.0 70.0 75.0 156.0 298.0 99.0 138.0 104.0 68.0 141.0 84.0 110.0 65.0 69.0 68.0 66.0 91.0 104.0 116.0 142.0 65.0 231.0 230.0 83.0 76.0 91.0 126.0 78.0 65.0 67.0 121.0 90.0 68.0 135.0 69.0 67.0 71.0 109.0 120.0 103.0 74.0 69.0 65.0 79.0 71.0 65.0 89.0 69.0 118.0 123.0 66.0 75.0 129.0 69.0 67.0 66.0 66.0 72.0 89.0 66.0 101.0 112.0 78.0 82.0 71.0 210.0 111.0 103.0 87.0 110.0 68.0 74.0 111.0 158.0 136.0 243.0 67.0 113.0 103.0 64.0 144.0 67.0 112.0 69.0 113.0 195.0 68.0 84.0 102.0 69.0 167.0 105.0 76.0 132.0 111.0 69.0 68.0 131.0 68.0 70.0 72.0 72.0 73.0 94.0 106.0 124.0 72.0 131.0 67.0 66.0 68.0 88.0 63.0 100.0 171.0 68.0 70.0 96.0 107.0 106.0 104.0 68.0 140.0 72.0 68.0 65.0 173.0 67.0 102.0 67.0 175.0 66.0 69.0 342.0 118.0 74.0 67.0 135.0 71.0 68.0 69.0 140.0 70.0 110.0 104.0 159.0 67.0 67.0 198.0 102.0 69.0 132.0 152.0 68.0 118.0 68.0 107.0 141.0 67.0 112.0 144.0 70.0 103.0 66.0 72.0 69.0 184.0 87.0 78.0 112.0 136.0 104.0 68.0 76.0 126.0 68.0 64.0 84.0 118.0 96.0 67.0 66.0 70.0 176.0 120.0 81.0 68.0 95.0 66.0 64.0 128.0 234.0 113.0 163.0 77.0 69.0 63.0 98.0 89.0 110.0
45 46 1 TRACE 22.0 16.0 17.0 20.0 17.0 16.0 17.0 17.0 16.0 22.0 16.0 17.0 22.0 16.0 16.0 17.0 16.0 17.0 17.0 18.0 19.0 19.0 18.0 19.0 17.0 17.0 20.0 16.0 34.0 17.0 18.0 16.0 17.0 16.0 43.0 30.0 27.0 22.0 17.0 19.0 17.0 16.0 55.0 53.0 16.0 17.0 17.0 16.0 15.0 19.0 16.0 16.0 17.0 20.0 19.0 17.0 16.0 22.0 16.0 20.0 17.0 18.0 18.0 16.0 17.0 19.0 21.0 16.0 16.0 16.0 20.0 17.0 16.0 19.0 19.0 18.0 19.0 16.0 18.0 121.0 18.0 17.0 17.0 49.0 17.0 18.0 19.0 18.0 16.0 16.0 19.0 19.0 17.0 20.0 16.0 19.0 22.0 41.0 52.0 17.0 19.0 16.0 16.0 17.0 17.0 16.0 21.0 18.0 16.0 17.0 18.0 18.0 21.0 21.0 18.0 19.0 66.0 58.0 20.0 19.0 19.0 16.0 18.0 17.0 22.0 17.0 17.0 18.0 17.0 19.0 30.0 17.0 18.0 19.0 19.0 56.0 17.0 17.0 16.0 19.0 17.0 21.0 17.0 17.0 16.0 21.0 24.0 19.0 18.0 21.0 17.0 16.0 19.0 16.0 17.0 17.0 20.0 19.0 19.0 16.0 16.0 19.0 18.0 27.0 16.0 17.0 16.0 20.0 17.0 17.0 18.0 17.0 16.0 18.0 18.0 15.0 17.0 16.0 18.0 23.0 20.0 67.0 19.0 16.0 21.0 16.0 17.0 16.0 16.0 19.0 16.0 17.0 17.0 18.0 17.0 18.0 18.0 20.0 17.0 19.0 16.0 16.0 23.0 17.0 57.0 19.0 31.0 18.0 23.0 16.0 18.0 24.0 21.0
46 47 1 TRACE 1337.0 369.0 339.0 1608.0 537.0 344.0 1590.0 536.0 336.0 969.0 376.0 341.0 1650.0 675.0 345.0 343.0 1648.0 646.0 356.0 1651.0 622.0 349.0 1554.0 746.0 346.0 347.0 1252.0 462.0 367.0 1665.0 603.0 337.0 1552.0 707.0 559.0 507.0 1309.0 440.0 344.0 1557.0 672.0 336.0 320.0 1255.0 496.0 363.0 1503.0 764.0 386.0 1083.0 1229.0 434.0 321.0 970.0 395.0 368.0 1060.0 414.0 326.0 1251.0 491.0 323.0 1602.0 545.0 361.0 1651.0 561.0 334.0 1751.0 580.0 373.0 1550.0 839.0 333.0 319.0 1056.0 381.0 364.0 1598.0 569.0 324.0 1129.0 461.0 449.0 1078.0 378.0 319.0 1618.0 540.0 367.0 1011.0 430.0 329.0 1490.0 854.0 377.0 325.0 955.0 346.0 339.0 1369.0 478.0 377.0 1611.0 537.0 400.0 1581.0 690.0 367.0 324.0 1568.0 557.0 350.0 1565.0 755.0 371.0 323.0 1591.0 535.0 323.0 1675.0 657.0 337.0 361.0 971.0 354.0 337.0 1516.0 711.0 330.0 319.0 1488.0 891.0 346.0 330.0 1525.0 644.0 360.0 353.0 1542.0 684.0 325.0 358.0 2819.0 831.0 334.0 321.0 1479.0 525.0 336.0 1511.0 805.0 340.0 328.0 1533.0 683.0 328.0 324.0 1570.0 571.0 372.0 1600.0 534.0 322.0 1573.0 518.0 352.0 1158.0 442.0 331.0 1569.0 670.0 338.0 320.0 964.0 365.0 322.0 1387.0 535.0 354.0 1023.0 368.0 320.0 2511.0 668.0 334.0 319.0 1563.0 554.0 1502.0 1469.0 482.0 328.0 1676.0 603.0 326.0 1515.0 811.0 327.0 321.0 1110.0 473.0 331.0 1582.0 518.0 653.0 1789.0 672.0 371.0 337.0 1042.0 381.0 326.0
47 48 1 TRACE 14.0 24.0 37.0 10.0 11.0 11.0 8.0 11.0 12.0 30.0 10.0 10.0 9.0 36.0 10.0 10.0 10.0 11.0 8.0 10.0 10.0 10.0 21.0 10.0 8.0 10.0 10.0 13.0 10.0 11.0 8.0 12.0 11.0 9.0 10.0 11.0 9.0 12.0 43.0 29.0 14.0 11.0 9.0 11.0 10.0 13.0 10.0 14.0 8.0 9.0 10.0 9.0 10.0 11.0 9.0 24.0 20.0 10.0 10.0 10.0 9.0 11.0 10.0 12.0 10.0 10.0 9.0 11.0 38.0 10.0 10.0 10.0 9.0 11.0 10.0 10.0 10.0 11.0 9.0 11.0 10.0 10.0 10.0 10.0 8.0 11.0 10.0 10.0 10.0 10.0 8.0 11.0 10.0 10.0 10.0 10.0 8.0 11.0 20.0 11.0 10.0 10.0 8.0 54.0 19.0 9.0 11.0 11.0 8.0 12.0 10.0 10.0 10.0 10.0 9.0 30.0 10.0 32.0 10.0 15.0 8.0 10.0 13.0 10.0 11.0 10.0 8.0 12.0 10.0 10.0 10.0 10.0 8.0 17.0 10.0 52.0 11.0 10.0 8.0 26.0 10.0 13.0 10.0 16.0 8.0 10.0 10.0 10.0 11.0 11.0 8.0 21.0 10.0 10.0 11.0 10.0 8.0 12.0 18.0 10.0 10.0 10.0 8.0 12.0 10.0 10.0 11.0 10.0 8.0 11.0 10.0 10.0 10.0 10.0 9.0 24.0 23.0 24.0 12.0 10.0 9.0 10.0 15.0 10.0 10.0 10.0 8.0 10.0 10.0 10.0 10.0 10.0 9.0 12.0 10.0 10.0 10.0 10.0 9.0 15.0 10.0 10.0 10.0 13.0 10.0 23.0 10.0 28.0 33.0 12.0 19.0 14.0 12.0 45.0 12.0 23.0 10.0 75.0 65.0 24.0 12.0 12.0 9.0 11.0 12.0 11.0 10.0 11.0 9.0 11.0 10.0 11.0 10.0 10.0 8.0 22.0 19.0 34.0 10.0 10.0 8.0 33.0 10.0 10.0 10.0 10.0 8.0 10.0 10.0 10.0 10.0 10.0 8.0 11.0 10.0 53.0 19.0 10.0 9.0 27.0 33.0 10.0 10.0 10.0 8.0 12.0 11.0 46.0 48.0 10.0 8.0 12.0 10.0 10.0 11.0 10.0 9.0 46.0 23.0 42.0 11.0 10.0 8.0 35.0 11.0 17.0 10.0 10.0 8.0 12.0 10.0 10.0 12.0 10.0 8.0 11.0 11.0 9.0 16.0 10.0 8.0 30.0 15.0 10.0 20.0 12.0 9.0 11.0 18.0 21.0 10.0 10.0 8.0 11.0 10.0 10.0 10.0 10.0 9.0 27.0 18.0 13.0 10.0 10.0 9.0 10.0 11.0 10.0 10.0 10.0 8.0 10.0 11.0 10.0 10.0 10.0 9.0 36.0 11.0 12.0 10.0 20.0 8.0 22.0 11.0 11.0 11.0 10.0 8.0 13.0 10.0 10.0 11.0 11.0 8.0 12.0 12.0 12.0 11.0 10.0 8.0 15.0 10.0 10.0 10.0 11.0 9.0 11.0 11.0 10.0 11.0 11.0 9.0 29.0 22.0 13.0 11.0 10.0 8.0 13.0 10.0 10.0 10.0 10.0 8.0 12.0 13.0 10.0 10.0 10.0 9.0 44.0 14.0 23.0 11.0 11.0 8.0 25.0 11.0 10.0 10.0 10.0 9.0 21.0 18.0 13.0 10.0 10.0 9.0 11.0 10.0 10.0 11.0 10.0 8.0 15.0 14.0 12.0 11.0 16.0 8.0 17.0 13.0 10.0 10.0 10.0 8.0 35.0 10.0 21.0 10.0 11.0 9.0 26.0 10.0 9.0 10.0 10.0 8.0 11.0 11.0 9.0 10.0 10.0 8.0 12.0 11.0 9.0 10.0 10.0 9.0 31.0 25.0 10.0 11.0 10.0 8.0 12.0 21.0 11.0 10.0 10.0 8.0 12.0 10.0 10.0 10.0 10.0 9.0 19.0 37.0 66.0 10.0 10.0 9.0 10.0 16.0 10.0 11.0 11.0 9.0 11.0 10.0 10.0 10.0 10.0 8.0 22.0 15.0 13.0 17.0 10.0 8.0 11.0 18.0 14.0 10.0 10.0 8.0 11.0 10.0 10.0 10.0 38.0 9.0 73.0 10.0 10.0 10.0 10.0 9.0 12.0 11.0 10.0 10.0 10.0 9.0 11.0 10.0 9.0 10.0 10.0 9.0 34.0 12.0 23.0 25.0 13.0 8.0 32.0 10.0 12.0 11.0 10.0 9.0 11.0 10.0 11.0 10.0 10.0 9.0 34.0 21.0 13.0 10.0 12.0 9.0 11.0 10.0 10.0 10.0 10.0 9.0 12.0 14.0 10.0 10.0 10.0 9.0 13.0 10.0 12.0 11.0 11.0 9.0 25.0 10.0 12.0 10.0 10.0 8.0 12.0 9.0 10.0 10.0 10.0 8.0 12.0 11.0 10.0 10.0 10.0 9.0 138.0 22.0 16.0 11.0 10.0 8.0 11.0 10.0 10.0 10.0 10.0 9.0 10.0 10.0 9.0 13.0 10.0 8.0 22.0 36.0 12.0 10.0 12.0 9.0 12.0 10.0 42.0 47.0 13.0 8.0 12.0 10.0 10.0 14.0 33.0 8.0 26.0 17.0 18.0 10.0 10.0 8.0 13.0 11.0 10.0 10.0 10.0 8.0 11.0 10.0 9.0 9.0 15.0 8.0 14.0 10.0 29.0 11.0 10.0 8.0 18.0 12.0 10.0 11.0 10.0 8.0 12.0 10.0 9.0 10.0 42.0 9.0 11.0 10.0 9.0 10.0 10.0 9.0 38.0 21.0 20.0 10.0 11.0 8.0 41.0 11.0 10.0 10.0 13.0 8.0 11.0 10.0 10.0 10.0 10.0 9.0 34.0 15.0 10.0 10.0 11.0 9.0 23.0 23.0 20.0 11.0 11.0 9.0 10.0 10.0 10.0 10.0 10.0 9.0 10.0 11.0 10.0 10.0 10.0 9.0 61.0 29.0 29.0 12.0 10.0 8.0 35.0 10.0 10.0 12.0 10.0 8.0 10.0 10.0 10.0 11.0 13.0 9.0 11.0 10.0 11.0 11.0 10.0 9.0 43.0 15.0 10.0 11.0 11.0 8.0 13.0 10.0 10.0 10.0 10.0 9.0 12.0 10.0 10.0 10.0 10.0 9.0 22.0 22.0 10.0 10.0 10.0 8.0 12.0 10.0 9.0 10.0 10.0 9.0 12.0 10.0 10.0 10.0 10.0 8.0 38.0 10.0 10.0 10.0 10.0 9.0 21.0 15.0 10.0 19.0 11.0 8.0 10.0 10.0 10.0 26.0 10.0 8.0 13.0 9.0 9.0 10.0 10.0 9.0 61.0 11.0 11.0 11.0 10.0 9.0 24.0 15.0 10.0 10.0 10.0 8.0 11.0 10.0 13.0 10.0 10.0 8.0 11.0 9.0 10.0 13.0 10.0 8.0 26.0 10.0 12.0 11.0 11.0 9.0 12.0 11.0 11.0 10.0 11.0 8.0 10.0 10.0 14.0 10.0 11.0 8.0 10.0 13.0 10.0 10.0 10.0 9.0 17.0 22.0 11.0 11.0 11.0 9.0 27.0 14.0 10.0 40.0 44.0 9.0 10.0 10.0 10.0 10.0 10.0 9.0 10.0 10.0 17.0 10.0 10.0 9.0 12.0 11.0 10.0 10.0 10.0 9.0 24.0 15.0 15.0 10.0 11.0 8.0 11.0 10.0 10.0 10.0 10.0 8.0 11.0 10.0 12.0 10.0 10.0 9.0 47.0 12.0 10.0 11.0 10.0 8.0 17.0 17.0 19.0 10.0 11.0 8.0 12.0 10.0 9.0 10.0 10.0 9.0 19.0 11.0 10.0 11.0 10.0 8.0 34.0 12.0 10.0 10.0 10.0 8.0 12.0 10.0 10.0 10.0 10.0 9.0 16.0 13.0 15.0 10.0 10.0 8.0 24.0 10.0 16.0 10.0 10.0 8.0 22.0 15.0 10.0 15.0 10.0 8.0 10.0 10.0 10.0 10.0 10.0 8.0 17.0 10.0 10.0 10.0 12.0 8.0 37.0 15.0 16.0 10.0 10.0 8.0 13.0 10.0 11.0 16.0 10.0 8.0 15.0 9.0 10.0 10.0 10.0 8.0 29.0 27.0 20.0 12.0 11.0 8.0 22.0 14.0 10.0 11.0 10.0 8.0 24.0 11.0 10.0 10.0 10.0 8.0 12.0 11.0 10.0 10.0 11.0 8.0 16.0 10.0 10.0 10.0 10.0 8.0 10.0 16.0 10.0 11.0 11.0 9.0 21.0 17.0 10.0 10.0 11.0 9.0 12.0 10.0 10.0 10.0 12.0 8.0 12.0 10.0 10.0 10.0 10.0 9.0 24.0 11.0 15.0 10.0 11.0 8.0 60.0 10.0 30.0 10.0 17.0 8.0 11.0 10.0 14.0 10.0 10.0 8.0 16.0 10.0 10.0 10.0 13.0 9.0 43.0 24.0 20.0 14.0 11.0 8.0 11.0 10.0 10.0 10.0 10.0 9.0 12.0 10.0 10.0 10.0 10.0 8.0 33.0 33.0 25.0 11.0 10.0 9.0 12.0 10.0 10.0 17.0 10.0 8.0 10.0 10.0 11.0 34.0 44.0 8.0 32.0 10.0 10.0 11.0 10.0 9.0 10.0 11.0 23.0 10.0 10.0 8.0 13.0 10.0 10.0 15.0 10.0 9.0 11.0 11.0 10.0 11.0 11.0 8.0 26.0 35.0 10.0 10.0 11.0 8.0 12.0 10.0 45.0 45.0 47.0 8.0 14.0 15.0 13.0 11.0 10.0 8.0 57.0 25.0 32.0 10.0 10.0 8.0 15.0 14.0 13.0 12.0 10.0 8.0 11.0 11.0 10.0 10.0 14.0 8.0 14.0 10.0 11.0 11.0 10.0 8.0 11.0 10.0 10.0 10.0 10.0 8.0 11.0 13.0 10.0 10.0 10.0 8.0 11.0 12.0 10.0 10.0 12.0 8.0 61.0 10.0 10.0 10.0 10.0 9.0 12.0 10.0 10.0 11.0 10.0 8.0 38.0 17.0 10.0 11.0 11.0 9.0 28.0 16.0 10.0 10.0 11.0 8.0 42.0 10.0 11.0 10.0 10.0 8.0 11.0 10.0 12.0 10.0 10.0 8.0 37.0 20.0 17.0 10.0 12.0 9.0 13.0 10.0 14.0 11.0 10.0 8.0 41.0 10.0 10.0 10.0 10.0 8.0 26.0 34.0 24.0 11.0 10.0 8.0 11.0 10.0 13.0 11.0 11.0 8.0 13.0 22.0 75.0 24.0 13.0 10.0 12.0 11.0 40.0 11.0 11.0 8.0 27.0 33.0 19.0 17.0 17.0 8.0 34.0 11.0 18.0 11.0 10.0 8.0 11.0 10.0 10.0 11.0 11.0 9.0 27.0 26.0 10.0 13.0 10.0 8.0 13.0 16.0 10.0 10.0 10.0 8.0 12.0 9.0 9.0 10.0 10.0
48 49 1 TRACE 83.0 72.0 54.0 42.0 36.0 35.0 8.0 13.0 11.0 13.0 12.0 12.0 7.0 23.0 9.0 10.0 9.0 11.0 127.0 104.0 56.0 45.0 40.0 38.0 13.0 35.0 24.0 23.0 24.0 25.0 7.0 11.0 9.0 10.0 10.0 9.0 127.0 79.0 55.0 44.0 39.0 35.0 13.0 33.0 24.0 23.0 25.0 23.0 8.0 12.0 9.0 10.0 10.0 10.0 87.0 76.0 52.0 42.0 37.0 36.0 8.0 13.0 12.0 12.0 12.0 12.0 8.0 10.0 10.0 10.0 10.0 9.0 88.0 87.0 50.0 41.0 36.0 32.0 33.0 52.0 40.0 35.0 34.0 35.0 8.0 11.0 9.0 9.0 10.0 10.0 7.0 13.0 9.0 9.0 10.0 10.0 109.0 80.0 54.0 44.0 51.0 67.0 19.0 45.0 31.0 29.0 29.0 29.0 7.0 11.0 24.0 10.0 10.0 9.0 109.0 80.0 55.0 43.0 37.0 36.0 19.0 38.0 31.0 31.0 41.0 31.0 9.0 11.0 10.0 10.0 11.0 10.0 85.0 73.0 50.0 41.0 41.0 113.0 37.0 51.0 39.0 37.0 35.0 33.0 8.0 10.0 10.0 10.0 11.0 10.0 8.0 16.0 11.0 9.0 10.0 10.0 129.0 86.0 55.0 44.0 39.0 36.0 10.0 40.0 19.0 18.0 19.0 20.0 8.0 11.0 10.0 10.0 10.0 9.0 118.0 78.0 54.0 44.0 56.0 58.0 16.0 33.0 31.0 29.0 28.0 26.0 7.0 9.0 11.0 10.0 9.0 10.0 83.0 77.0 48.0 41.0 37.0 33.0 39.0 52.0 41.0 39.0 48.0 76.0 9.0 14.0 47.0 23.0 13.0 23.0 8.0 28.0 22.0 11.0 12.0 11.0 132.0 85.0 59.0 46.0 52.0 46.0 10.0 20.0 18.0 19.0 20.0 49.0 8.0 14.0 10.0 10.0 10.0 9.0 91.0 72.0 52.0 42.0 62.0 100.0 29.0 47.0 37.0 34.0 31.0 35.0 8.0 13.0 10.0 10.0 10.0 10.0 8.0 11.0 10.0 10.0 12.0 27.0 127.0 83.0 58.0 44.0 40.0 38.0 11.0 57.0 21.0 21.0 22.0 22.0 8.0 11.0 9.0 10.0 10.0 10.0 69.0 71.0 47.0 38.0 59.0 80.0 45.0 60.0 50.0 39.0 35.0 35.0 7.0 12.0 11.0 11.0 11.0 10.0 8.0 11.0 10.0 9.0 10.0 10.0 125.0 83.0 56.0 46.0 39.0 47.0 10.0 20.0 57.0 18.0 18.0 21.0 8.0 12.0 9.0 10.0 9.0 10.0 88.0 77.0 53.0 42.0 43.0 47.0 9.0 22.0 12.0 13.0 12.0 12.0 8.0 10.0 10.0 9.0 10.0 9.0 116.0 85.0 55.0 45.0 42.0 35.0 9.0 17.0 17.0 17.0 18.0 20.0 7.0 11.0 10.0 9.0 13.0 10.0 127.0 86.0 56.0 44.0 38.0 46.0 11.0 23.0 21.0 27.0 20.0 21.0 8.0 40.0 10.0 10.0 10.0 10.0 119.0 82.0 54.0 48.0 64.0 56.0 13.0 32.0 25.0 24.0 25.0 26.0 7.0 10.0 10.0 9.0 9.0 10.0 113.0 81.0 53.0 44.0 42.0 69.0 17.0 34.0 31.0 27.0 26.0 68.0 8.0 11.0 38.0 10.0 9.0 9.0 109.0 85.0 53.0 44.0 38.0 40.0 18.0 36.0 30.0 28.0 32.0 30.0 8.0 10.0 10.0 10.0 10.0 9.0 58.0 63.0 44.0 36.0 61.0 87.0 59.0 73.0 48.0 41.0 76.0 38.0 8.0 12.0 11.0 11.0 11.0 11.0 7.0 11.0 11.0 9.0 9.0 10.0 110.0 81.0 55.0 44.0 42.0 44.0 8.0 17.0 17.0 16.0 16.0 19.0 7.0 11.0 10.0 9.0 14.0 10.0 118.0 80.0 62.0 44.0 39.0 71.0 15.0 33.0 26.0 24.0 29.0 27.0 7.0 11.0 9.0 10.0 16.0 10.0 117.0 89.0 55.0 44.0 38.0 45.0 9.0 18.0 20.0 17.0 18.0 19.0 8.0 11.0 14.0 10.0 9.0 12.0 107.0 90.0 55.0 44.0 38.0 41.0 9.0 17.0 13.0 13.0 13.0 14.0 7.0 10.0 9.0 10.0 9.0 9.0 117.0 79.0 54.0 45.0 52.0 78.0 15.0 38.0 31.0 29.0 26.0 25.0 10.0 10.0 9.0 10.0 9.0 10.0 109.0 82.0 55.0 44.0 46.0 50.0 9.0 17.0 15.0 17.0 14.0 20.0 7.0 10.0 9.0 9.0 9.0 10.0 57.0 64.0 43.0 36.0 35.0 43.0 59.0 72.0 50.0 40.0 38.0 92.0 8.0 12.0 10.0 11.0 11.0 46.0 7.0 11.0 10.0 10.0 10.0 10.0 81.0 74.0 52.0 42.0 43.0 49.0 8.0 12.0 12.0 12.0 11.0 12.0 7.0 10.0 10.0 9.0 16.0 10.0 127.0 83.0 58.0 44.0 47.0 37.0 12.0 25.0 22.0 23.0 24.0 25.0 8.0 11.0 10.0 10.0 10.0 14.0 118.0 81.0 54.0 45.0 39.0 55.0 14.0 31.0 27.0 24.0 25.0 60.0 8.0 10.0 10.0 10.0 10.0 10.0 82.0 75.0 50.0 41.0 52.0 70.0 37.0 52.0 41.0 35.0 32.0 39.0 7.0 12.0 10.0 10.0 10.0 15.0 7.0 10.0 9.0 9.0 9.0 10.0 121.0 83.0 56.0 44.0 41.0 56.0 14.0 30.0 25.0 23.0 25.0 24.0 7.0 11.0 14.0 9.0 10.0 14.0 67.0 64.0 45.0 38.0 33.0 34.0 50.0 87.0 68.0 39.0 34.0 35.0 8.0 13.0 10.0 11.0 11.0 11.0 7.0 10.0 9.0 9.0 9.0 10.0 118.0 82.0 56.0 44.0 51.0 44.0 15.0 42.0 29.0 25.0 25.0 28.0 7.0 9.0 10.0 9.0 10.0 10.0 97.0 79.0 52.0 44.0 37.0 40.0 25.0 43.0 35.0 31.0 29.0 30.0 8.0 11.0 9.0 10.0 10.0 11.0 8.0 10.0 10.0 10.0 10.0 10.0 82.0 74.0 51.0 42.0 39.0 39.0 8.0 13.0 12.0 12.0 12.0 11.0 7.0 11.0 9.0 9.0 10.0 9.0 76.0 73.0 49.0 41.0 42.0 85.0 40.0 55.0 44.0 37.0 38.0 36.0 8.0 14.0 10.0 10.0 14.0 10.0 8.0 10.0 10.0 10.0 10.0 11.0 56.0 67.0 48.0 36.0 50.0 97.0 59.0 72.0 48.0 42.0 36.0 36.0 8.0 14.0 11.0 12.0 11.0 10.0 7.0 11.0 13.0 10.0 10.0 10.0 95.0 84.0 52.0 42.0 39.0 56.0 25.0 54.0 36.0 31.0 30.0 30.0 7.0 10.0 9.0 10.0 10.0 11.0 7.0 11.0 10.0 10.0 10.0 9.0 83.0 70.0 50.0 41.0 42.0 65.0 36.0 50.0 40.0 34.0 34.0 31.0 7.0 11.0 9.0 11.0 10.0 11.0 7.0 10.0 10.0 9.0 12.0 9.0 58.0 63.0 45.0 36.0 33.0 31.0 58.0 70.0 53.0 40.0 45.0 41.0 8.0 11.0 10.0 11.0 10.0 11.0 8.0 10.0 45.0 10.0 10.0 10.0 125.0 84.0 90.0 44.0 38.0 48.0 11.0 23.0 58.0 21.0 21.0 25.0 7.0 11.0 9.0 10.0 10.0 9.0 57.0 73.0 46.0 37.0 51.0 66.0 55.0 72.0 46.0 39.0 35.0 38.0 8.0 12.0 11.0 10.0 11.0 10.0 7.0 10.0 9.0 10.0 10.0 13.0 80.0 76.0 51.0 40.0 39.0 75.0 37.0 63.0 41.0 35.0 32.0 37.0 8.0 13.0 10.0 11.0 10.0 10.0 8.0 10.0 10.0 10.0 9.0 10.0 120.0 81.0 55.0 45.0 40.0 49.0 13.0 30.0 26.0 28.0 25.0 31.0 7.0 11.0 9.0 10.0 10.0 10.0 118.0 82.0 53.0 45.0 55.0 53.0 15.0 36.0 26.0 25.0 32.0 28.0 8.0 11.0 10.0 10.0 10.0 10.0 120.0 87.0 55.0 44.0 46.0 46.0 13.0 29.0 25.0 24.0 24.0 27.0 8.0 14.0 10.0 9.0 10.0 11.0 126.0 81.0 56.0 43.0 40.0 45.0 10.0 22.0 19.0 18.0 19.0 19.0 8.0 10.0 10.0 10.0 10.0 13.0 89.0 72.0 52.0 41.0 74.0 108.0 31.0 47.0 39.0 34.0 190.0 39.0 7.0 11.0 10.0 10.0 11.0 10.0 7.0 10.0 10.0 10.0 10.0 10.0 86.0 80.0 52.0 43.0 42.0 47.0 9.0 13.0 12.0 12.0 12.0 11.0 8.0 10.0 10.0 10.0 10.0 10.0 126.0 85.0 56.0 45.0 55.0 111.0 12.0 29.0 22.0 20.0 23.0 26.0 8.0 12.0 9.0 10.0 12.0 12.0 107.0 82.0 54.0 44.0 38.0 47.0 9.0 21.0 17.0 16.0 14.0 16.0 8.0 11.0 10.0 10.0 10.0 10.0 80.0 75.0 48.0 39.0 48.0 80.0 38.0 52.0 46.0 35.0 32.0 33.0 7.0 11.0 10.0 10.0 11.0 45.0 7.0 9.0 10.0 9.0 10.0 10.0 121.0 81.0 55.0 44.0 38.0 62.0 13.0 28.0 25.0 23.0 27.0 26.0 8.0 10.0 10.0 10.0 9.0 11.0 126.0 83.0 55.0 44.0 41.0 43.0 11.0 27.0 22.0 23.0 21.0 24.0 7.0 46.0 42.0 9.0 10.0 10.0 112.0 85.0 55.0 44.0 46.0 48.0 16.0 35.0 29.0 27.0 27.0 29.0 8.0 11.0 10.0 9.0 10.0 10.0 81.0 76.0 49.0 41.0 36.0 74.0 38.0 53.0 43.0 35.0 31.0 30.0 7.0 27.0 18.0 10.0 10.0 10.0 7.0 10.0 10.0 10.0 11.0 10.0 122.0 81.0 56.0 44.0 39.0 39.0 9.0 62.0 18.0 17.0 19.0 22.0 7.0 11.0 10.0 10.0 9.0 10.0 120.0 80.0 55.0 46.0 48.0 55.0 13.0 32.0 26.0 24.0 30.0 44.0 8.0 11.0 22.0 10.0 11.0 11.0 104.0 85.0 62.0 43.0 39.0 93.0 24.0 46.0 35.0 50.0 33.0 30.0 8.0 10.0 10.0 10.0 10.0 10.0 8.0 10.0 9.0 10.0 11.0 11.0 108.0 82.0 54.0 43.0 38.0 44.0 8.0 17.0 16.0 17.0 16.0 18.0 8.0 11.0 10.0 9.0 9.0 13.0
49 47 1 TRACE 941.0 847.0 756.0 723.0 666.0 147.0 256.0 3083.0 142.0 147.0 123.0 115.0 117.0 116.0 123.0 1045.0 798.0 707.0 632.0 580.0 295.0 251.0 246.0 241.0 248.0 123.0 116.0 119.0 124.0 119.0 912.0 692.0 637.0 552.0 488.0 267.0 254.0 250.0 237.0 234.0 119.0 118.0 119.0 120.0 138.0 549.0 449.0 398.0 356.0 325.0 151.0 148.0 147.0 147.0 148.0 160.0 114.0 146.0 122.0 120.0 1158.0 994.0 854.0 783.0 726.0 485.0 355.0 336.0 313.0 290.0 126.0 122.0 122.0 124.0 119.0 117.0 128.0 120.0 121.0 118.0 1049.0 787.0 707.0 588.0 519.0 329.0 310.0 302.0 283.0 274.0 119.0 149.0 152.0 119.0 121.0 1135.0 828.0 670.0 614.0 586.0 319.0 308.0 295.0 305.0 260.0 116.0 117.0 122.0 119.0 117.0 1108.0 905.0 761.0 667.0 605.0 447.0 361.0 338.0 308.0 288.0 168.0 124.0 152.0 119.0 121.0 114.0 117.0 115.0 117.0 115.0 705.0 547.0 472.0 412.0 369.0 222.0 219.0 206.0 205.0 199.0 116.0 116.0 119.0 116.0 115.0 1001.0 754.0 635.0 558.0 483.0 294.0 287.0 272.0 260.0 291.0 153.0 121.0 121.0 118.0 117.0 1103.0 981.0 782.0 726.0 683.0 451.0 373.0 342.0 315.0 368.0 256.0 144.0 184.0 193.0 205.0 166.0 161.0 153.0 183.0 133.0 783.0 562.0 476.0 407.0 379.0 213.0 189.0 226.0 184.0 225.0 111.0 115.0 119.0 118.0 109.0 1083.0 854.0 703.0 619.0 553.0 432.0 341.0 313.0 288.0 265.0 116.0 116.0 119.0 116.0 115.0 109.0 114.0 110.0 111.0 124.0 749.0 581.0 499.0 434.0 384.0 240.0 207.0 198.0 190.0 187.0 123.0 136.0 117.0 114.0 110.0 1111.0 962.0 821.0 721.0 635.0 453.0 384.0 335.0 311.0 285.0 127.0 119.0 121.0 121.0 117.0 108.0 113.0 112.0 119.0 110.0 688.0 539.0 461.0 379.0 349.0 200.0 218.0 176.0 179.0 175.0 109.0 109.0 118.0 112.0 111.0 537.0 447.0 388.0 344.0 305.0 169.0 139.0 142.0 138.0 135.0 109.0 112.0 109.0 110.0 113.0 605.0 500.0 426.0 374.0 330.0 177.0 169.0 163.0 163.0 158.0 112.0 115.0 113.0 112.0 119.0 773.0 576.0 492.0 431.0 379.0 238.0 215.0 218.0 192.0 189.0 110.0 112.0 117.0 110.0 111.0 923.0 705.0 608.0 520.0 462.0 265.0 246.0 240.0 231.0 220.0 111.0 112.0 111.0 119.0 116.0 991.0 754.0 640.0 564.0 495.0 305.0 272.0 262.0 252.0 235.0 135.0 113.0 111.0 125.0 113.0 1051.0 792.0 662.0 585.0 528.0 323.0 281.0 263.0 253.0 234.0 122.0 113.0 116.0 113.0 112.0 1091.0 1008.0 922.0 845.0 752.0 512.0 414.0 365.0 328.0 306.0 142.0 123.0 123.0 126.0 122.0 110.0 111.0 112.0 113.0 112.0 638.0 482.0 418.0 365.0 325.0 171.0 159.0 154.0 155.0 150.0 112.0 112.0 118.0 112.0 109.0 1012.0 729.0 601.0 579.0 464.0 264.0 252.0 245.0 239.0 225.0 111.0 113.0 118.0 113.0 114.0 623.0 492.0 421.0 372.0 327.0 178.0 170.0 164.0 164.0 157.0 107.0 110.0 110.0 111.0 116.0 574.0 473.0 417.0 361.0 322.0 167.0 157.0 156.0 154.0 149.0 109.0 116.0 113.0 112.0 114.0 1004.0 738.0 623.0 547.0 464.0 299.0 263.0 252.0 235.0 229.0 111.0 113.0 114.0 112.0 114.0 580.0 474.0 408.0 362.0 316.0 169.0 161.0 156.0 155.0 164.0 113.0 111.0 114.0 112.0 113.0 1117.0 1028.0 926.0 906.0 772.0 497.0 418.0 363.0 330.0 295.0 125.0 123.0 124.0 125.0 153.0 114.0 111.0 117.0 113.0 118.0 516.0 444.0 381.0 337.0 303.0 136.0 133.0 133.0 138.0 133.0 107.0 110.0 112.0 113.0 108.0 856.0 629.0 533.0 462.0 420.0 247.0 216.0 213.0 199.0 193.0 141.0 111.0 113.0 113.0 117.0 951.0 716.0 612.0 540.0 466.0 289.0 252.0 247.0 236.0 222.0 112.0 112.0 117.0 114.0 113.0 1089.0 903.0 759.0 674.0 606.0 440.0 356.0 360.0 327.0 271.0 127.0 143.0 118.0 121.0 117.0 119.0 113.0 112.0 111.0 116.0 1022.0 704.0 589.0 514.0 449.0 254.0 244.0 239.0 232.0 218.0 130.0 113.0 111.0 111.0 114.0 1059.0 974.0 867.0 861.0 730.0 484.0 395.0 340.0 319.0 286.0 158.0 119.0 123.0 120.0 155.0 106.0 110.0 111.0 112.0 114.0 975.0 734.0 612.0 543.0 477.0 274.0 337.0 245.0 240.0 230.0 112.0 112.0 113.0 114.0 111.0 1086.0 898.0 708.0 619.0 564.0 349.0 320.0 296.0 276.0 279.0 115.0 119.0 148.0 117.0 114.0 116.0 110.0 109.0 111.0 116.0 546.0 449.0 400.0 345.0 311.0 141.0 135.0 134.0 134.0 136.0 113.0 110.0 113.0 125.0 112.0 1081.0 931.0 799.0 703.0 619.0 467.0 364.0 392.0 303.0 271.0 123.0 118.0 118.0 125.0 120.0 109.0 116.0 121.0 112.0 111.0 1100.0 1023.0 947.0 870.0 752.0 471.0 409.0 365.0 332.0 295.0 143.0 123.0 124.0 121.0 124.0 112.0 145.0 111.0 113.0 110.0 1094.0 843.0 687.0 608.0 539.0 363.0 321.0 298.0 277.0 260.0 129.0 115.0 118.0 113.0 114.0 108.0 110.0 117.0 110.0 117.0 1044.0 888.0 743.0 636.0 567.0 414.0 352.0 326.0 297.0 273.0 125.0 117.0 118.0 116.0 116.0 106.0 112.0 112.0 108.0 109.0 1133.0 1017.0 944.0 856.0 782.0 469.0 407.0 352.0 322.0 291.0 122.0 123.0 124.0 121.0 124.0 131.0 110.0 108.0 156.0 113.0 864.0 648.0 538.0 482.0 406.0 231.0 253.0 207.0 212.0 203.0 110.0 111.0 119.0 114.0 117.0 1109.0 1014.0 935.0 833.0 716.0 471.0 401.0 359.0 324.0 292.0 124.0 122.0 122.0 125.0 120.0 159.0 111.0 110.0 116.0 111.0 1125.0 917.0 754.0 660.0 569.0 455.0 365.0 323.0 296.0 269.0 166.0 117.0 119.0 116.0 116.0 109.0 109.0 117.0 110.0 114.0 939.0 709.0 598.0 528.0 459.0 271.0 247.0 240.0 220.0 216.0 112.0 112.0 114.0 121.0 113.0 970.0 716.0 605.0 532.0 468.0 287.0 257.0 243.0 237.0 222.0 143.0 112.0 119.0 112.0 120.0 988.0 704.0 607.0 516.0 459.0 296.0 239.0 236.0 231.0 222.0 111.0 112.0 111.0 114.0 111.0 806.0 542.0 469.0 412.0 360.0 220.0 195.0 188.0 184.0 179.0 113.0 110.0 120.0 114.0 113.0 1062.0 869.0 712.0 620.0 538.0 427.0 343.0 319.0 293.0 260.0 117.0 116.0 117.0 113.0 117.0 113.0 111.0 113.0 119.0 114.0 540.0 448.0 382.0 342.0 304.0 144.0 137.0 137.0 137.0 136.0 110.0 110.0 112.0 111.0 110.0 894.0 632.0 533.0 464.0 403.0 240.0 218.0 215.0 250.0 197.0 147.0 111.0 115.0 119.0 112.0 575.0 481.0 411.0 367.0 321.0 175.0 159.0 155.0 149.0 186.0 128.0 110.0 114.0 118.0 110.0 1082.0 923.0 773.0 683.0 610.0 433.0 385.0 345.0 305.0 276.0 120.0 120.0 118.0 113.0 172.0 113.0 108.0 111.0 113.0 110.0 950.0 694.0 594.0 523.0 446.0 258.0 242.0 231.0 253.0 218.0 116.0 113.0 111.0 113.0 112.0 811.0 642.0 535.0 477.0 407.0 250.0 222.0 220.0 210.0 201.0 121.0 112.0 111.0 154.0 127.0 1072.0 756.0 656.0 560.0 505.0 298.0 276.0 287.0 251.0 238.0 112.0 116.0 115.0 114.0 116.0 1092.0 904.0 801.0 719.0 595.0 435.0 361.0 325.0 312.0 275.0 117.0 161.0 115.0 117.0 120.0 122.0 112.0 112.0 111.0 110.0 646.0 513.0 433.0 391.0 339.0 190.0 174.0 169.0 171.0 165.0 154.0 111.0 117.0 112.0 116.0 1027.0 705.0 613.0 522.0 461.0 261.0 245.0 240.0 227.0 220.0 229.0 153.0 117.0 224.0 312.0 1193.0 896.0 704.0 676.0 570.0 407.0 321.0 296.0 281.0 257.0 115.0 115.0 119.0 114.0 114.0 110.0 110.0 119.0 151.0 113.0 629.0 473.0 413.0 408.0 318.0 168.0 158.0 154.0 154.0 150.0 110.0 111.0 111.0 115.0 109.0
49 50 1 TRACE 174.0 39.0 38.0 387.0 141.0 277.0 101.0 108.0 100.0 112.0 201.0 37.0 63.0 64.0 54.0 38.0 174.0 75.0 36.0 83.0 66.0 38.0 89.0 197.0 38.0 67.0 59.0 43.0 134.0 130.0 101.0 37.0 64.0 349.0 495.0 575.0 164.0 46.0 96.0 118.0 54.0 275.0 61.0 176.0 42.0 38.0 69.0 60.0 148.0 74.0 94.0 42.0 73.0 82.0 114.0 128.0 62.0 81.0 175.0 143.0 54.0 44.0 90.0 94.0 126.0 108.0 109.0 41.0 62.0 157.0 114.0 160.0 65.0 109.0 101.0 144.0 127.0 59.0 67.0 80.0 84.0 157.0 134.0 127.0 146.0 232.0 165.0 114.0 165.0 86.0 67.0 135.0 153.0 63.0 86.0 40.0 179.0 154.0 120.0 213.0 82.0 45.0 94.0 154.0 78.0 53.0 150.0 93.0 102.0 179.0 69.0 127.0 80.0 114.0 134.0 117.0 131.0 363.0 48.0 82.0 65.0 154.0 51.0 77.0 60.0 158.0 114.0 123.0 77.0 100.0 35.0 219.0 82.0 55.0 96.0 120.0 87.0 39.0 112.0 237.0 80.0 114.0 59.0 61.0 77.0 87.0 97.0 63.0 43.0 141.0 113.0 72.0 145.0 112.0 69.0 55.0 75.0 64.0 65.0 62.0 78.0 144.0 121.0 68.0 85.0 141.0 159.0 57.0 167.0 60.0 216.0 56.0 75.0 72.0 220.0 137.0 133.0 67.0 48.0 65.0 122.0 38.0 101.0 141.0 57.0 102.0 78.0 68.0 184.0 59.0 147.0 138.0 38.0 72.0 75.0 187.0 67.0 99.0 36.0 63.0 71.0 39.0 101.0 104.0 146.0 173.0 193.0 103.0 108.0 79.0 134.0 79.0 137.0
50 25 1 TRACE 32.0 24.0 25.0 22.0 24.0 28.0 29.0 22.0 23.0 26.0 36.0 23.0 27.0 23.0 22.0 23.0 22.0 24.0 26.0 26.0 28.0 27.0 23.0 23.0 26.0 23.0 23.0 27.0 24.0 24.0 22.0 33.0 24.0 23.0 25.0 22.0 24.0 23.0 63.0 27.0 29.0 22.0 25.0 23.0 26.0 23.0 24.0 27.0 25.0 66.0 24.0 24.0 24.0 24.0 22.0 22.0 27.0 48.0 27.0 22.0 24.0 41.0 23.0 22.0
50 41 1 TRACE 9.0 9.0 9.0 9.0 9.0 9.0 8.0 8.0 9.0 9.0 8.0 9.0 8.0 9.0 8.0 9.0 9.0 9.0 9.0 9.0 9.0 9.0 9.0 8.0 9.0 9.0 9.0 8.0 9.0 8.0 12.0 9.0 9.0 8.0 8.0 9.0 8.0 9.0 9.0 9.0 9.0 9.0 9.0 9.0 9.0 9.0 8.0 9.0 9.0 8.0 9.0 9.0 9.0 9.0 9.0 8.0 9.0 8.0 9.0 9.0 9.0 9.0 8.0 9.0 9.0 9.0 8.0 9.0 9.0 9.0 8.0 9.0 9.0 9.0 9.0 8.0 9.0 9.0 8.0 9.0 9.0 9.0 8.0 9.0 8.0 9.0 9.0 9.0 9.0 9.0 9.0 9.0 9.0 9.0 8.0 8.0 8.0 9.0 8.0 9.0 8.0 9.0 9.0 8.0 8.0 9.0 11.0 8.0 9.0 8.0 9.0 8.0 9.0 9.0 8.0 9.0 8.0 9.0 9.0 9.0 9.0 9.0 9.0 8.0 9.0 9.0 8.0 8.0 8.0 9.0 8.0 9.0 8.0 9.0 9.0 9.0 9.0 8.0 9.0 8.0 9.0 11.0 9.0 9.0 10.0 9.0 9.0 9.0 8.0
51 52 1 TRACE 2018.0 1945.0 1995.0 1954.0 2053.0 1957.0 2120.0 1982.0 1961.0 1961.0 2547.0 1946.0 1965.0 1925.0 1887.0 1898.0 1893.0 1912.0 1902.0 1915.0 1906.0 1915.0 1892.0 1898.0 1900.0 1891.0 1944.0 1947.0 1904.0 1910.0 1901.0 1912.0 1896.0 1896.0 1964.0 1915.0 1904.0 1934.0 1939.0 1935.0 1939.0 1911.0 1903.0 1902.0 1899.0 1896.0 1903.0 1930.0 1938.0 1912.0 1907.0 1931.0 1900.0 1916.0 3680.0 1919.0 1900.0 1937.0 1945.0 1901.0 1898.0 2533.0 1912.0 1890.0
52 53 1 TRACE 66.0 80.0 92.0 61.0 64.0 62.0 220.0 62.0 93.0 62.0 113.0 74.0 61.0 62.0 93.0 94.0 91.0 117.0 99.0 60.0 108.0 99.0 62.0 92.0 61.0 60.0 80.0 94.0 99.0 61.0 67.0 91.0 97.0 62.0 97.0 61.0 60.0 61.0 90.0 99.0 62.0 61.0 61.0 61.0 99.0 99.0 98.0 62.0 76.0 62.0 184.0 96.0 61.0 61.0 67.0 98.0 98.0 60.0 60.0 60.0 145.0 136.0 83.0 62.0
53 54 1 TRACE 26.0 19.0 27.0 17.0 59.0 23.0 22.0 24.0 26.0 25.0 26.0 21.0 20.0 17.0 31.0 22.0 21.0 81.0 23.0 18.0 20.0 23.0 16.0 18.0 18.0 23.0 20.0 27.0 23.0 23.0 38.0 20.0 21.0 21.0 24.0 21.0 20.0 20.0 22.0 26.0 21.0 18.0 18.0 49.0 19.0 23.0 58.0 19.0 21.0 22.0 18.0 43.0 18.0 19.0 75.0 19.0 25.0 22.0 18.0 18.0 19.0 14.0 20.0 17.0
54 55 1 TRACE 45.0 19.0 18.0 18.0 22.0 19.0 20.0 20.0 19.0 19.0 20.0 19.0 19.0 19.0 19.0 20.0 19.0 20.0 19.0 19.0 19.0 18.0 21.0 19.0 19.0 19.0 19.0 19.0 18.0 18.0 19.0 30.0 19.0 19.0 19.0 31.0 19.0 20.0 19.0 19.0 19.0 19.0 18.0 19.0 21.0 31.0 32.0 20.0 19.0 19.0 18.0 19.0 19.0 20.0 20.0 23.0 19.0 23.0 19.0 19.0 30.0 24.0 19.0 18.0
55 56 1 TRACE 11.0 7.0 7.0 7.0 7.0 7.0 7.0 7.0 7.0 7.0 8.0 7.0 7.0 7.0 7.0 7.0 7.0 8.0 7.0 7.0 7.0 7.0 7.0 7.0 8.0 7.0 7.0 7.0 7.0 7.0 8.0 7.0 7.0 7.0 7.0 22.0 7.0 7.0 7.0 7.0 8.0 8.0 10.0 7.0 7.0 18.0 8.0 7.0 7.0 7.0 8.0 7.0 7.0 7.0 7.0 8.0 7.0 8.0 7.0 7.0 8.0 8.0 7.0 7.0
56 57 1 TRACE 22.0 7.0 7.0 7.0 7.0 7.0 7.0 7.0 7.0 7.0 8.0 7.0 7.0 7.0 7.0 7.0 7.0 7.0 7.0 7.0 7.0 7.0 7.0 7.0 6.0 7.0 7.0 7.0 7.0 7.0 7.0 7.0 7.0 7.0 7.0 8.0 7.0 7.0 7.0 7.0 7.0 7.0 7.0 7.0 7.0 7.0 7.0 7.0 7.0 6.0 7.0 7.0 7.0 7.0 7.0 8.0 6.0 7.0 6.0 7.0 7.0 19.0 7.0 7.0
57 58 1 TRACE 11.0 7.0 6.0 7.0 7.0 7.0 7.0 7.0 7.0 7.0 7.0 7.0 7.0 7.0 7.0 7.0 6.0 7.0 7.0 7.0 7.0 7.0 7.0 7.0 7.0 7.0 7.0 7.0 7.0 7.0 7.0 8.0 6.0 7.0 7.0 8.0 7.0 7.0 7.0 7.0 7.0 7.0 13.0 7.0 7.0 7.0 7.0 7.0 6.0 7.0 7.0 7.0 7.0 7.0 6.0 8.0 7.0 7.0 7.0 7.0 7.0 9.0 7.0 7.0
58 59 1 TRACE 16.0 8.0 8.0 8.0 8.0 8.0 8.0 8.0 8.0 8.0 8.0 8.0 8.0 8.0 8.0 8.0 8.0 8.0 8.0 8.0 8.0 8.0 8.0 8.0 8.0 8.0 11.0 8.0 8.0 8.0 8.0 8.0 8.0 8.0 8.0 9.0 8.0 8.0 8.0 8.0 8.0 8.0 9.0 8.0 8.0 8.0 8.0 8.0 8.0 8.0 8.0 8.0 8.0 8.0 8.0 8.0 8.0 8.0 8.0 8.0 19.0 9.0 8.0 8.0
59 60 1 TRACE 8.0 19.0 7.0 7.0 7.0 7.0 19.0 7.0 7.0 7.0 8.0 7.0 18.0 7.0 18.0 7.0 7.0 7.0 19.0 7.0 7.0 7.0 18.0 7.0 7.0 19.0 7.0 7.0 18.0 19.0 6.0 18.0 7.0 7.0 7.0 8.0 7.0 7.0 7.0 7.0 7.0 7.0 7.0 6.0 7.0 19.0 19.0 6.0 7.0 7.0 7.0 7.0 7.0 7.0 7.0 7.0 6.0 7.0 7.0 7.0 19.0 20.0 7.0 7.0
60 61 1 TRACE 7.0 7.0 18.0 19.0 7.0 19.0 7.0 8.0 19.0 19.0 7.0 19.0 8.0 19.0 7.0 19.0 18.0 19.0 7.0 7.0 19.0 19.0 7.0 19.0 19.0 7.0 7.0 19.0 8.0 7.0 19.0 18.0 18.0 19.0 19.0 7.0 18.0 19.0 19.0 18.0 19.0 19.0 8.0 19.0 19.0 7.0 7.0 19.0 19.0 19.0 19.0 19.0 19.0 18.0 19.0 19.0 19.0 18.0 19.0 20.0 7.0 8.0 19.0 19.0
61 62 1 TRACE 20.0 7.0 7.0 7.0 7.0 7.0 7.0 7.0 7.0 7.0 7.0 7.0 8.0 7.0 7.0 7.0 8.0 7.0 7.0 7.0 7.0 7.0 7.0 7.0 7.0 7.0 19.0 7.0 8.0 7.0 7.0 8.0 8.0 7.0 7.0 18.0 8.0 7.0 7.0 7.0 8.0 7.0 7.0 7.0 7.0 8.0 7.0 8.0 7.0 7.0 7.0 7.0 7.0 8.0 7.0 8.0 7.0 8.0 7.0 7.0 7.0 21.0 7.0 7.0
62 1 1 TRACE 25.0 22.0 22.0 27.0 30.0 22.0 22.0 21.0 27.0 21.0 74.0 22.0 23.0 22.0 22.0 22.0 22.0 65.0 22.0 26.0 23.0 22.0 21.0 22.0 22.0 21.0 27.0 22.0 28.0 21.0 22.0 22.0 21.0 22.0 23.0 37.0 22.0 22.0 22.0 23.0 21.0 22.0 27.0 22.0 22.0 23.0 22.0 22.0 21.0 22.0 23.0 22.0 22.0 21.0 21.0 23.0 23.0 24.0 32.0 35.0 22.0 31.0 22.0
