0 1 1 TRACE 1672854167819259.0
1 2 1 TRACE 12563.0 327.0 375.0 404.0 395.0 403.0 304.0 295.0 273.0 287.0 307.0 282.0 296.0 292.0 247.0 287.0 299.0 282.0 470.0 256.0 264.0 288.0 272.0 301.0 306.0 283.0 270.0 259.0 261.0 265.0 264.0 290.0 300.0 262.0 251.0 270.0 289.0 324.0 259.0 296.0 318.0 249.0 260.0 267.0 269.0 261.0 306.0 304.0 265.0 287.0 251.0 288.0 279.0 288.0 285.0 274.0 282.0 276.0 301.0 275.0 343.0 252.0 244.0 283.0
2 3 1 TRACE 63.0 154.0 119.0 111.0 40.0 50.0 46.0 48.0 82.0 47.0 48.0 38.0 37.0 47.0 59.0 36.0 36.0 46.0 66.0 62.0 53.0 37.0 49.0 35.0 35.0 47.0 61.0 60.0 47.0 49.0 48.0 48.0 47.0 49.0 58.0 47.0 36.0 36.0 48.0 36.0 36.0 57.0 48.0 46.0 46.0 47.0 35.0 35.0 49.0 49.0 51.0 45.0 36.0 35.0 46.0 45.0 48.0 46.0 39.0 47.0 49.0 51.0 58.0 49.0
3 4 1 TRACE 37.0 18.0 22.0 18.0 17.0 18.0 17.0 17.0 20.0 28.0 17.0 18.0 17.0 18.0 18.0 17.0 37.0 18.0 48.0 17.0 19.0 17.0 18.0 18.0 21.0 18.0 18.0 18.0 17.0 41.0 18.0 17.0 17.0 18.0 18.0 17.0 37.0 34.0 17.0 28.0 17.0 17.0 18.0 18.0 18.0 18.0 19.0 17.0 17.0 18.0 31.0 18.0 18.0 18.0 18.0 17.0 17.0 17.0 18.0 19.0 17.0 18.0 17.0 17.0
4 5 1 TRACE 18.0 12.0 13.0 13.0 13.0 13.0 22.0 13.0 13.0 13.0 13.0 13.0 13.0 13.0 13.0 13.0 13.0 13.0 24.0 13.0 13.0 14.0 12.0 13.0 13.0 13.0 13.0 13.0 13.0 13.0 13.0 13.0 12.0 13.0 13.0 13.0 13.0 13.0 13.0 13.0 13.0 13.0 12.0 13.0 13.0 13.0 13.0 13.0 13.0 13.0 13.0 13.0 13.0 13.0 13.0 13.0 13.0 14.0 13.0 13.0 13.0 13.0 12.0 13.0
5 6 1 TRACE 40.0 19.0 17.0 16.0 17.0 18.0 18.0 14.0 12.0 13.0 12.0 12.0 12.0 12.0 16.0 16.0 15.0 15.0 22.0 15.0 15.0 16.0 17.0 15.0 11.0 16.0 16.0 16.0 15.0 14.0 13.0 14.0 14.0 14.0 13.0 16.0 15.0 15.0 15.0 15.0 16.0 16.0 18.0 15.0 18.0 20.0 17.0 17.0 17.0 18.0 18.0 15.0 18.0 16.0 16.0 16.0 14.0 15.0 13.0 13.0 13.0 12.0 13.0 13.0
6 7 1 TRACE 19.0 14.0 14.0 13.0 14.0 14.0 13.0 14.0 12.0 13.0 13.0 12.0 13.0 14.0 13.0 12.0 12.0 11.0 13.0 12.0 12.0 15.0 13.0 12.0 13.0 12.0 14.0 12.0 14.0 12.0 12.0 11.0 12.0 14.0 12.0 12.0 12.0 27.0 11.0 12.0 12.0 12.0 13.0 13.0 12.0 13.0 13.0 13.0 14.0 16.0 15.0 16.0 12.0 14.0 15.0 14.0 14.0 13.0 13.0 14.0 13.0 14.0 14.0 14.0
7 8 1 TRACE 19.0 14.0 14.0 14.0 14.0 14.0 14.0 12.0 13.0 13.0 13.0 14.0 13.0 13.0 14.0 14.0 14.0 15.0 27.0 13.0 14.0 16.0 14.0 14.0 14.0 13.0 14.0 13.0 13.0 13.0 13.0 13.0 12.0 13.0 13.0 13.0 12.0 21.0 12.0 19.0 12.0 13.0 14.0 13.0 13.0 13.0 13.0 13.0 12.0 17.0 15.0 15.0 14.0 14.0 15.0 15.0 15.0 14.0 15.0 14.0 14.0 13.0 16.0 15.0
8 9 1 TRACE 17.0 13.0 13.0 13.0 13.0 14.0 13.0 13.0 12.0 12.0 12.0 12.0 12.0 12.0 14.0 13.0 13.0 13.0 24.0 13.0 12.0 10.0 13.0 15.0 13.0 14.0 14.0 14.0 12.0 12.0 12.0 13.0 12.0 14.0 13.0 16.0 14.0 16.0 11.0 11.0 11.0 11.0 13.0 13.0 13.0 13.0 13.0 13.0 13.0 11.0 15.0 16.0 14.0 14.0 13.0 14.0 9.0 14.0 13.0 14.0 13.0 14.0 13.0 13.0
9 10 1 TRACE 46.0 29.0 29.0 44.0 39.0 30.0 30.0 30.0 30.0 30.0 30.0 31.0 31.0 31.0 28.0 28.0 28.0 29.0 95.0 29.0 29.0 29.0 29.0 30.0 29.0 28.0 29.0 28.0 30.0 29.0 31.0 30.0 29.0 39.0 30.0 29.0 30.0 29.0 32.0 95.0 29.0 30.0 28.0 27.0 31.0 29.0 28.0 29.0 30.0 31.0 31.0 31.0 30.0 32.0 30.0 35.0 30.0 28.0 29.0 29.0 31.0 29.0 29.0 28.0
10 11 1 TRACE 20.0 15.0 15.0 15.0 16.0 15.0 15.0 15.0 14.0 15.0 15.0 15.0 16.0 15.0 15.0 14.0 14.0 14.0 15.0 15.0 15.0 15.0 14.0 15.0 15.0 14.0 14.0 14.0 15.0 15.0 15.0 36.0 15.0 14.0 15.0 15.0 14.0 15.0 15.0 15.0 15.0 14.0 16.0 14.0 14.0 14.0 15.0 14.0 15.0 15.0 17.0 15.0 14.0 15.0 15.0 16.0 15.0 15.0 15.0 15.0 14.0 14.0 15.0 14.0
11 12 1 TRACE 21.0 20.0 16.0 16.0 16.0 16.0 16.0 18.0 16.0 16.0 16.0 16.0 15.0 17.0 16.0 16.0 15.0 15.0 56.0 16.0 16.0 17.0 15.0 16.0 16.0 16.0 16.0 15.0 16.0 16.0 16.0 16.0 16.0 16.0 16.0 15.0 16.0 22.0 16.0 15.0 16.0 32.0 16.0 15.0 16.0 16.0 16.0 15.0 17.0 16.0 17.0 18.0 15.0 16.0 16.0 15.0 16.0 27.0 15.0 17.0 18.0 15.0 17.0 16.0
12 13 1 TRACE 20.0 15.0 15.0 15.0 15.0 15.0 15.0 15.0 15.0 15.0 15.0 15.0 15.0 16.0 15.0 15.0 15.0 16.0 28.0 15.0 15.0 15.0 15.0 14.0 15.0 15.0 16.0 15.0 15.0 15.0 15.0 15.0 15.0 15.0 15.0 15.0 15.0 16.0 15.0 16.0 15.0 16.0 15.0 14.0 16.0 16.0 15.0 36.0 15.0 15.0 16.0 17.0 15.0 15.0 15.0 14.0 15.0 16.0 15.0 19.0 22.0 15.0 15.0 16.0
13 14 1 TRACE 21.0 10.0 10.0 10.0 10.0 9.0 9.0 9.0 9.0 9.0 10.0 9.0 9.0 10.0 9.0 9.0 9.0 9.0 10.0 10.0 9.0 9.0 9.0 9.0 9.0 9.0 10.0 9.0 9.0 9.0 9.0 9.0 9.0 10.0 9.0 9.0 9.0 10.0 10.0 9.0 10.0 10.0 10.0 9.0 10.0 10.0 10.0 9.0 9.0 10.0 10.0 9.0 9.0 9.0 9.0 9.0 9.0 9.0 9.0 9.0 9.0 9.0 9.0 10.0
14 15 1 TRACE 24.0 15.0 14.0 13.0 14.0 14.0 14.0 14.0 14.0 14.0 14.0 14.0 13.0 15.0 14.0 14.0 14.0 15.0 13.0 14.0 14.0 14.0 14.0 15.0 15.0 14.0 14.0 14.0 14.0 14.0 17.0 14.0 13.0 14.0 14.0 14.0 13.0 14.0 14.0 14.0 13.0 14.0 14.0 13.0 14.0 14.0 14.0 14.0 13.0 14.0 15.0 14.0 14.0 14.0 14.0 14.0 14.0 13.0 14.0 19.0 13.0 14.0 14.0 14.0
15 16 1 TRACE 12.0 8.0 8.0 8.0 8.0 8.0 8.0 8.0 8.0 8.0 8.0 8.0 7.0 8.0 8.0 8.0 8.0 8.0 8.0 8.0 8.0 8.0 8.0 8.0 8.0 8.0 8.0 8.0 8.0 8.0 8.0 7.0 9.0 9.0 9.0 8.0 11.0 9.0 8.0 8.0 8.0 8.0 8.0 8.0 8.0 8.0 8.0 8.0 8.0 8.0 8.0 8.0 8.0 8.0 8.0 8.0 8.0 8.0 8.0 8.0 8.0 8.0 8.0 8.0
16 17 1 TRACE 74.0 69.0 65.0 77.0 71.0 70.0 69.0 63.0 67.0 67.0 66.0 68.0 65.0 64.0 66.0 65.0 70.0 77.0 96.0 65.0 65.0 68.0 70.0 68.0 70.0 67.0 63.0 65.0 65.0 74.0 66.0 69.0 70.0 66.0 66.0 70.0 62.0 179.0 171.0 66.0 66.0 66.0 65.0 69.0 66.0 65.0 68.0 71.0 72.0 69.0 77.0 70.0 69.0 70.0 73.0 65.0 67.0 64.0 68.0 67.0 68.0 66.0 65.0 86.0
17 18 1 TRACE 20.0 14.0 14.0 14.0 15.0 15.0 14.0 14.0 14.0 14.0 15.0 15.0 14.0 15.0 14.0 14.0 15.0 15.0 20.0 15.0 15.0 15.0 15.0 14.0 14.0 14.0 15.0 15.0 14.0 14.0 15.0 16.0 15.0 15.0 15.0 15.0 15.0 15.0 14.0 19.0 14.0 15.0 14.0 15.0 15.0 15.0 15.0 15.0 15.0 15.0 14.0 14.0 14.0 14.0 15.0 14.0 15.0 14.0 15.0 15.0 15.0 15.0 15.0 15.0
18 19 1 TRACE 20.0 15.0 15.0 16.0 16.0 16.0 16.0 17.0 16.0 16.0 15.0 16.0 16.0 16.0 15.0 16.0 16.0 16.0 18.0 16.0 16.0 16.0 16.0 15.0 16.0 15.0 16.0 17.0 15.0 16.0 15.0 17.0 17.0 16.0 17.0 22.0 118.0 16.0 15.0 16.0 15.0 16.0 15.0 17.0 16.0 15.0 16.0 15.0 17.0 16.0 16.0 15.0 16.0 16.0 16.0 16.0 16.0 15.0 16.0 16.0 16.0 16.0 15.0 16.0
19 20 1 TRACE 41.0 15.0 15.0 15.0 15.0 14.0 15.0 15.0 15.0 15.0 14.0 15.0 15.0 15.0 15.0 15.0 15.0 15.0 33.0 15.0 16.0 14.0 15.0 15.0 15.0 15.0 14.0 15.0 15.0 15.0 15.0 15.0 15.0 15.0 15.0 15.0 16.0 18.0 15.0 15.0 15.0 16.0 17.0 15.0 15.0 14.0 15.0 14.0 15.0 22.0 15.0 14.0 15.0 15.0 16.0 15.0 15.0 15.0 15.0 15.0 18.0 16.0 15.0 15.0
20 21 1 TRACE 26.0 33.0 32.0 32.0 33.0 33.0 33.0 33.0 31.0 31.0 32.0 33.0 33.0 31.0 31.0 32.0 39.0 31.0 31.0 37.0 31.0 33.0 32.0 32.0 33.0 32.0 30.0 31.0 32.0 33.0 31.0 33.0 32.0 30.0 29.0 34.0 33.0 32.0 31.0 33.0 31.0 31.0 32.0 31.0 31.0 30.0 32.0 33.0 33.0 34.0 32.0 32.0 32.0 32.0 34.0 31.0 32.0 30.0 32.0 31.0 33.0 30.0 30.0 34.0
21 22 1 TRACE 26.0 12.0 12.0 11.0 11.0 11.0 11.0 11.0 12.0 12.0 12.0 12.0 11.0 12.0 12.0 12.0 13.0 12.0 11.0 12.0 12.0 12.0 12.0 12.0 12.0 12.0 12.0 11.0 11.0 12.0 13.0 12.0 12.0 12.0 17.0 11.0 12.0 12.0 12.0 11.0 12.0 11.0 12.0 12.0 11.0 12.0 11.0 11.0 12.0 12.0 12.0 12.0 11.0 12.0 11.0 11.0 12.0 11.0 11.0 12.0 12.0 11.0 11.0 11.0
22 23 1 TRACE 542.0 519.0 452.0 468.0 469.0 361.0 466.0 357.0 348.0 353.0 415.0 356.0 385.0 465.0 352.0 353.0 354.0 351.0 659.0 348.0 459.0 358.0 363.0 467.0 356.0 350.0 450.0 350.0 353.0 356.0 461.0 397.0 464.0 354.0 355.0 393.0 363.0 366.0 459.0 460.0 356.0 353.0 353.0 354.0 357.0 355.0 396.0 373.0 439.0 363.0 353.0 363.0 355.0 355.0 357.0 354.0 355.0 350.0 445.0 462.0 375.0 358.0 352.0 354.0
23 24 1 TRACE 41.0 24.0 22.0 24.0 23.0 40.0 20.0 20.0 20.0 21.0 20.0 20.0 19.0 20.0 20.0 21.0 20.0 21.0 41.0 19.0 20.0 20.0 22.0 22.0 20.0 20.0 21.0 21.0 21.0 19.0 21.0 22.0 69.0 21.0 122.0 22.0 21.0 21.0 23.0 22.0 21.0 22.0 21.0 21.0 19.0 26.0 20.0 20.0 21.0 20.0 21.0 20.0 21.0 21.0 19.0 20.0 21.0 20.0 22.0 21.0 20.0 20.0 19.0 20.0
24 25 1 TRACE 59.0 20.0 20.0 18.0 19.0 19.0 18.0 18.0 19.0 19.0 18.0 18.0 18.0 20.0 19.0 18.0 19.0 20.0 34.0 19.0 19.0 18.0 20.0 19.0 19.0 18.0 22.0 18.0 19.0 18.0 92.0 19.0 25.0 25.0 20.0 20.0 19.0 19.0 20.0 20.0 19.0 18.0 18.0 19.0 19.0 18.0 18.0 18.0 18.0 18.0 17.0 19.0 18.0 18.0 18.0 18.0 18.0 18.0 18.0 18.0 27.0 18.0 19.0 18.0
25 26 1 TRACE 53.0 17.0 41.0 17.0 26.0 17.0 41.0 27.0 16.0 40.0 16.0 24.0 16.0 40.0 17.0 27.0 16.0 40.0 17.0 27.0 17.0 16.0 41.0 18.0 30.0 17.0 16.0 41.0 16.0 22.0 17.0 41.0 27.0 16.0 41.0 27.0 17.0 41.0 17.0 28.0 17.0 40.0 17.0 26.0 17.0 17.0 40.0 16.0 22.0 16.0 17.0 40.0 34.0 17.0 41.0 28.0 16.0 42.0 26.0 16.0 41.0 17.0 29.0 16.0 40.0 27.0 17.0 41.0 17.0 24.0 30.0 40.0 27.0 16.0 40.0 27.0 16.0 40.0 17.0 30.0 17.0 40.0 17.0 22.0 16.0 20.0 40.0 17.0 30.0 17.0 40.0 18.0 29.0 17.0 40.0 27.0 17.0 16.0 41.0 34.0 17.0 40.0 27.0 17.0 40.0 26.0 17.0 40.0 17.0 26.0 17.0 40.0 27.0 17.0 40.0 17.0 25.0 19.0 40.0 17.0 28.0 17.0 40.0 27.0 16.0 16.0 42.0 24.0 17.0 40.0 16.0 29.0 16.0 40.0 17.0 26.0 16.0 41.0 17.0 27.0 17.0 40.0 28.0 17.0 40.0 16.0 28.0 16.0 16.0 40.0 17.0 32.0 17.0 41.0 27.0 17.0 40.0 27.0 17.0 40.0 26.0 17.0 40.0 26.0 17.0 41.0 27.0 16.0 40.0 17.0 28.0 16.0 40.0 17.0 33.0 16.0 40.0 18.0 27.0 17.0 41.0 16.0 29.0 16.0 41.0 27.0 16.0 40.0 18.0 29.0 16.0 41.0 18.0 25.0 16.0 41.0 17.0 27.0 16.0 40.0 18.0 30.0 16.0 40.0 26.0 16.0 41.0 16.0 23.0 16.0 41.0 17.0 28.0 16.0 41.0 18.0 27.0 16.0 41.0 26.0 16.0 16.0 41.0 17.0 31.0 16.0 16.0 41.0 16.0 18.0 16.0 17.0 40.0 23.0 16.0 39.0 17.0 30.0 16.0 17.0 41.0 16.0
26 27 1 TRACE 11.0 7.0 7.0 8.0 7.0 7.0 7.0 8.0 7.0 8.0 8.0 7.0 7.0 7.0 7.0 8.0 7.0 7.0 7.0 8.0 8.0 7.0 7.0 7.0 7.0 8.0 8.0 7.0 8.0 7.0 7.0 8.0 8.0 7.0 8.0 7.0 8.0 8.0 8.0 7.0 8.0 7.0 8.0 7.0 8.0 7.0 8.0 7.0 8.0 7.0 7.0 7.0 7.0 8.0 7.0 8.0 7.0 8.0 8.0 7.0 7.0 8.0 7.0 7.0 8.0 7.0 8.0 8.0 8.0 20.0 9.0 7.0 7.0 7.0 7.0 8.0 7.0 7.0 7.0 7.0 8.0 7.0 7.0 7.0 7.0 7.0 8.0 7.0 8.0 8.0 7.0 8.0 7.0 8.0 7.0 8.0 7.0 7.0 8.0 7.0 8.0 7.0 8.0 7.0 8.0 7.0 7.0 8.0 8.0 7.0 8.0 8.0 7.0 7.0 8.0 7.0 11.0 9.0 7.0 7.0 7.0 8.0 8.0 8.0 7.0 7.0 8.0 8.0 8.0 8.0 8.0 7.0 7.0 7.0 7.0 7.0 7.0 8.0 8.0 8.0 7.0 7.0 8.0 8.0 8.0 7.0 8.0 7.0 7.0 8.0 8.0 7.0 8.0 8.0 8.0 7.0 8.0 8.0 7.0 7.0 8.0 8.0 7.0 8.0 8.0 8.0 7.0 7.0 7.0 8.0 7.0 7.0 7.0 7.0 7.0 7.0 7.0 8.0 7.0 8.0 8.0 7.0 7.0 7.0 8.0 7.0 7.0 8.0 8.0 7.0 7.0 8.0 7.0 8.0 7.0 7.0 8.0 8.0 7.0 8.0 8.0 7.0 7.0 7.0 7.0 8.0 8.0 8.0 8.0 7.0 7.0 8.0 7.0 8.0 8.0 7.0 7.0 8.0 7.0 7.0 7.0 7.0 7.0 7.0 8.0 7.0 7.0 8.0 7.0 7.0 7.0 8.0 7.0 8.0 7.0 7.0 7.0 8.0 7.0 7.0 8.0 7.0
27 28 1 TRACE 10.0 7.0 7.0 7.0 8.0 7.0 8.0 7.0 8.0 8.0 8.0 8.0 8.0 8.0 7.0 8.0 7.0 7.0 8.0 8.0 7.0 8.0 7.0 7.0 7.0 7.0 7.0 8.0 7.0 7.0 7.0 8.0 8.0 7.0 8.0 8.0 7.0 8.0 7.0 7.0 7.0 8.0 7.0 7.0 8.0 7.0 8.0 7.0 7.0 7.0 7.0 8.0 7.0 7.0 8.0 8.0 7.0 8.0 8.0 8.0 7.0 8.0 8.0 7.0 7.0 7.0 7.0 8.0 7.0 9.0 8.0 7.0 8.0 7.0 7.0 8.0 7.0 7.0 8.0 7.0 7.0 7.0 7.0 7.0 8.0 7.0 7.0 8.0 8.0 7.0 7.0 7.0 8.0 7.0 7.0 8.0 8.0 8.0 8.0 8.0 7.0 8.0 7.0 8.0 7.0 7.0 7.0 8.0 8.0 8.0 7.0 7.0 7.0 8.0 8.0 7.0 7.0 8.0 8.0 7.0 8.0 7.0 8.0 7.0 8.0 7.0 8.0 8.0 7.0 7.0 7.0 7.0 7.0 8.0 7.0 8.0 7.0 7.0 7.0 8.0 7.0 8.0 8.0 7.0 7.0 7.0 7.0 8.0 8.0 8.0 8.0 7.0 7.0 8.0 8.0 8.0 8.0 8.0 7.0 8.0 7.0 7.0 8.0 7.0 7.0 8.0 7.0 7.0 7.0 8.0 7.0 7.0 8.0 8.0 8.0 7.0 7.0 7.0 8.0 7.0 8.0 7.0 8.0 7.0 11.0 8.0 7.0 7.0 8.0 7.0 8.0 8.0 8.0 7.0 8.0 8.0 7.0 7.0 7.0 7.0 7.0 8.0 8.0 7.0 8.0 7.0 8.0 7.0 7.0 7.0 8.0 8.0 7.0 7.0 8.0 7.0 7.0 7.0 8.0 7.0 8.0 7.0 7.0 8.0 7.0 8.0 7.0 8.0 7.0 8.0 7.0 7.0 7.0 8.0 7.0 7.0 7.0 7.0 8.0 8.0 8.0 7.0
28 29 1 TRACE 12.0 9.0 10.0 8.0 9.0 8.0 9.0 8.0 8.0 10.0 9.0 9.0 8.0 11.0 9.0 9.0 8.0 11.0 8.0 9.0 8.0 9.0 10.0 9.0 9.0 9.0 9.0 9.0 8.0 9.0 8.0 9.0 9.0 8.0 9.0 9.0 9.0 10.0 8.0 9.0 9.0 10.0 9.0 9.0 8.0 8.0 10.0 9.0 9.0 8.0 8.0 9.0 9.0 8.0 9.0 9.0 8.0 10.0 9.0 9.0 10.0 8.0 8.0 8.0 8.0 9.0 9.0 9.0 8.0 10.0 10.0 9.0 9.0 8.0 9.0 9.0 8.0 10.0 8.0 9.0 8.0 10.0 9.0 8.0 8.0 10.0 10.0 8.0 8.0 8.0 10.0 8.0 9.0 8.0 9.0 9.0 8.0 8.0 10.0 9.0 8.0 9.0 9.0 8.0 9.0 9.0 8.0 10.0 9.0 9.0 8.0 9.0 9.0 8.0 10.0 8.0 9.0 9.0 10.0 8.0 9.0 8.0 9.0 9.0 8.0 9.0 10.0 9.0 9.0 10.0 9.0 9.0 8.0 10.0 8.0 9.0 8.0 10.0 9.0 8.0 9.0 9.0 8.0 8.0 9.0 9.0 8.0 8.0 9.0 9.0 8.0 8.0 9.0 9.0 8.0 8.0 9.0 9.0 8.0 9.0 8.0 8.0 9.0 8.0 9.0 9.0 9.0 8.0 9.0 9.0 9.0 9.0 10.0 8.0 9.0 8.0 10.0 9.0 9.0 8.0 10.0 14.0 9.0 9.0 11.0 9.0 8.0 10.0 9.0 9.0 9.0 10.0 9.0 8.0 8.0 10.0 9.0 9.0 8.0 10.0 8.0 9.0 8.0 9.0 9.0 8.0 9.0 9.0 9.0 9.0 9.0 8.0 8.0 8.0 10.0 8.0 8.0 8.0 9.0 9.0 8.0 9.0 9.0 8.0 9.0 8.0 9.0 9.0 9.0 8.0 8.0 9.0 10.0 9.0 9.0 9.0 8.0 8.0 8.0 9.0 9.0 9.0
29 30 1 TRACE 32.0 22.0 27.0 24.0 28.0 26.0 34.0 29.0 25.0 36.0 25.0 36.0 25.0 38.0 25.0 27.0 46.0 30.0 27.0 24.0 39.0 25.0 28.0 25.0 34.0 25.0 24.0 28.0 26.0 29.0 65.0 44.0 31.0 25.0 31.0 32.0 27.0 27.0 27.0 27.0 23.0 36.0 26.0 27.0 26.0 27.0 20.0 24.0 34.0 26.0 26.0 30.0 23.0 43.0 30.0 31.0 24.0 32.0 37.0 26.0 31.0 25.0 27.0 24.0 27.0 31.0 25.0 34.0 26.0 85.0 36.0 27.0 30.0 24.0 28.0 36.0 37.0 243.0 26.0 24.0 37.0 141.0 25.0 29.0 24.0 16.0 31.0 29.0 28.0 126.0 29.0 24.0 27.0 26.0 46.0 30.0 25.0 26.0 38.0 23.0 25.0 30.0 68.0 28.0 30.0 31.0 23.0 30.0 23.0 30.0 23.0 30.0 45.0 43.0 34.0 32.0 16.0 15.0 26.0 25.0 23.0 47.0 31.0 28.0 23.0 27.0 30.0 33.0 26.0 31.0 24.0 24.0 24.0 35.0 26.0 28.0 23.0 30.0 24.0 28.0 26.0 29.0 30.0 26.0 31.0 25.0 27.0 26.0 27.0 30.0 24.0 20.0 28.0 30.0 32.0 24.0 30.0 29.0 26.0 28.0 33.0 27.0 30.0 29.0 24.0 21.0 29.0 30.0 37.0 21.0 27.0 24.0 29.0 25.0 23.0 26.0 29.0 23.0 29.0 25.0 39.0 16.0 27.0 26.0 17.0 29.0 33.0 31.0 22.0 25.0 23.0 37.0 115.0 33.0 25.0 29.0 22.0 21.0 26.0 24.0 27.0 26.0 23.0 29.0 32.0 25.0 28.0 25.0 30.0 26.0 23.0 22.0 26.0 25.0 37.0 22.0 28.0 25.0 28.0 30.0 23.0 24.0 28.0 26.0 24.0 23.0 238.0 48.0 23.0 36.0 321.0 30.0 30.0 35.0 345.0 32.0 25.0 27.0 310.0 24.0 30.0 35.0
30 31 1 TRACE 24.0 18.0 17.0 13.0 14.0 13.0 17.0 9.0 13.0 17.0 13.0 14.0 13.0 20.0 14.0 15.0 8.0 19.0 14.0 9.0 8.0 14.0 17.0 14.0 9.0 14.0 15.0 14.0 13.0 14.0 25.0 14.0 9.0 8.0 14.0 14.0 15.0 16.0 14.0 14.0 13.0 19.0 14.0 9.0 13.0 15.0 15.0 13.0 8.0 13.0 15.0 16.0 15.0 14.0 15.0 8.0 7.0 26.0 9.0 13.0 15.0 14.0 9.0 14.0 14.0 9.0 14.0 17.0 13.0 9.0 10.0 14.0 9.0 8.0 14.0 9.0 13.0 21.0 13.0 9.0 8.0 17.0 13.0 8.0 8.0 14.0 16.0 13.0 14.0 13.0 18.0 13.0 9.0 8.0 15.0 14.0 8.0 14.0 15.0 14.0 13.0 15.0 15.0 13.0 15.0 9.0 13.0 20.0 13.0 12.0 20.0 14.0 14.0 13.0 19.0 13.0 9.0 37.0 18.0 14.0 15.0 8.0 14.0 9.0 8.0 15.0 15.0 15.0 14.0 16.0 13.0 14.0 13.0 18.0 13.0 15.0 14.0 23.0 14.0 9.0 13.0 14.0 9.0 15.0 17.0 13.0 8.0 7.0 15.0 16.0 13.0 14.0 8.0 14.0 15.0 14.0 14.0 15.0 13.0 13.0 14.0 14.0 15.0 9.0 13.0 14.0 9.0 14.0 16.0 13.0 9.0 13.0 16.0 14.0 9.0 13.0 20.0 18.0 9.0 13.0 18.0 19.0 15.0 13.0 14.0 14.0 13.0 17.0 14.0 8.0 13.0 16.0 14.0 9.0 14.0 17.0 13.0 14.0 13.0 19.0 14.0 9.0 8.0 14.0 9.0 13.0 14.0 14.0 9.0 14.0 17.0 13.0 9.0 13.0 17.0 13.0 14.0 8.0 14.0 9.0 8.0 15.0 15.0 13.0 9.0 13.0 15.0 14.0 14.0 9.0 13.0 17.0 14.0 9.0 14.0 19.0 14.0 8.0 14.0 15.0 14.0 14.0
31 32 1 TRACE 16.0 11.0 11.0 11.0 11.0 11.0 13.0 10.0 11.0 13.0 10.0 11.0 11.0 12.0 11.0 12.0 10.0 12.0 11.0 11.0 10.0 11.0 11.0 12.0 11.0 11.0 11.0 12.0 11.0 11.0 12.0 12.0 10.0 10.0 12.0 11.0 11.0 12.0 11.0 11.0 11.0 12.0 11.0 11.0 11.0 11.0 12.0 11.0 10.0 10.0 11.0 11.0 11.0 10.0 11.0 11.0 10.0 11.0 11.0 11.0 11.0 11.0 10.0 10.0 11.0 11.0 13.0 11.0 11.0 22.0 25.0 11.0 11.0 11.0 11.0 12.0 12.0 11.0 11.0 11.0 13.0 12.0 11.0 13.0 10.0 12.0 12.0 11.0 11.0 11.0 11.0 11.0 10.0 11.0 11.0 11.0 11.0 11.0 11.0 10.0 11.0 11.0 12.0 11.0 11.0 11.0 11.0 12.0 11.0 14.0 11.0 11.0 11.0 11.0 12.0 12.0 11.0 22.0 12.0 11.0 11.0 11.0 12.0 11.0 11.0 11.0 12.0 11.0 11.0 11.0 11.0 11.0 10.0 11.0 12.0 11.0 10.0 12.0 11.0 11.0 11.0 11.0 11.0 11.0 11.0 11.0 11.0 10.0 11.0 12.0 11.0 11.0 11.0 11.0 11.0 11.0 11.0 11.0 11.0 11.0 11.0 11.0 11.0 10.0 11.0 12.0 11.0 10.0 11.0 11.0 11.0 11.0 12.0 12.0 11.0 10.0 12.0 12.0 11.0 10.0 12.0 12.0 10.0 13.0 12.0 11.0 11.0 12.0 12.0 11.0 10.0 12.0 11.0 10.0 10.0 11.0 12.0 11.0 11.0 11.0 11.0 11.0 10.0 12.0 11.0 10.0 12.0 11.0 10.0 11.0 11.0 11.0 10.0 11.0 12.0 12.0 11.0 10.0 11.0 10.0 11.0 11.0 11.0 11.0 10.0 11.0 11.0 11.0 11.0 11.0 12.0 11.0 11.0 11.0 11.0 11.0 11.0 11.0 16.0 11.0 11.0 11.0
32 33 1 TRACE 20.0 15.0 16.0 15.0 15.0 14.0 15.0 14.0 15.0 16.0 15.0 15.0 15.0 18.0 16.0 28.0 14.0 18.0 14.0 16.0 15.0 15.0 16.0 16.0 14.0 14.0 16.0 17.0 15.0 15.0 16.0 16.0 15.0 15.0 16.0 15.0 14.0 15.0 15.0 15.0 15.0 18.0 15.0 15.0 14.0 15.0 16.0 15.0 17.0 15.0 16.0 15.0 14.0 16.0 15.0 15.0 15.0 16.0 16.0 14.0 16.0 15.0 14.0 15.0 16.0 14.0 15.0 15.0 15.0 31.0 16.0 15.0 14.0 14.0 17.0 16.0 17.0 19.0 15.0 14.0 14.0 16.0 15.0 15.0 16.0 16.0 15.0 15.0 14.0 15.0 17.0 15.0 15.0 15.0 15.0 15.0 15.0 15.0 16.0 16.0 15.0 15.0 15.0 15.0 15.0 20.0 15.0 18.0 15.0 16.0 15.0 15.0 16.0 15.0 17.0 15.0 16.0 14.0 16.0 15.0 15.0 14.0 16.0 15.0 14.0 16.0 19.0 16.0 15.0 16.0 15.0 14.0 15.0 18.0 15.0 15.0 16.0 17.0 15.0 15.0 15.0 15.0 15.0 14.0 16.0 15.0 15.0 15.0 15.0 16.0 15.0 15.0 15.0 15.0 15.0 15.0 15.0 14.0 14.0 16.0 15.0 14.0 16.0 15.0 14.0 15.0 15.0 15.0 16.0 16.0 48.0 15.0 16.0 15.0 15.0 19.0 19.0 16.0 15.0 15.0 17.0 16.0 15.0 14.0 17.0 16.0 15.0 17.0 15.0 15.0 15.0 16.0 16.0 15.0 15.0 17.0 15.0 15.0 15.0 18.0 16.0 15.0 16.0 14.0 16.0 15.0 15.0 14.0 15.0 15.0 17.0 15.0 15.0 15.0 16.0 15.0 15.0 15.0 16.0 15.0 15.0 16.0 15.0 15.0 15.0 15.0 15.0 15.0 15.0 15.0 17.0 15.0 15.0 15.0 17.0 18.0 15.0 15.0 18.0 15.0 15.0 15.0
33 34 1 TRACE 1517.0 2987.0 3132.0 1306.0 1398.0 1699.0 2945.0 689.0 2910.0 2773.0 1259.0 761.0 1285.0 2910.0 1364.0 731.0 1386.0 3076.0 1340.0 849.0 1057.0 3142.0 2691.0 1119.0 980.0 1150.0 13310.0 2766.0 710.0 1194.0 1147.0 2665.0 1044.0 638.0 2720.0 1463.0 3968.0 2764.0 840.0 748.0 1481.0 2968.0 1291.0 1253.0 901.0 13953.0 2686.0 710.0 1077.0 1067.0 9267.0 2658.0 985.0 1153.0 2672.0 1032.0 1407.0 2628.0 829.0 2897.0 2715.0 1042.0 566.0 1490.0 2682.0 1072.0 3660.0 2897.0 935.0 1722.0 986.0 2640.0 631.0 1006.0 2632.0 1425.0 1628.0 2873.0 1039.0 1360.0 1995.0 2763.0 1019.0 1244.0 888.0 4467.0 2732.0 939.0 750.0 1706.0 2762.0 1261.0 872.0 1022.0 2648.0 949.0 950.0 7904.0 2689.0 1145.0 1277.0 2599.0 1148.0 1316.0 2575.0 1259.0 2024.0 2945.0 1420.0 972.0 1021.0 2596.0 836.0 1411.0 2938.0 1420.0 1114.0 1540.0 2774.0 1275.0 863.0 837.0 2696.0 681.0 1201.0 14455.0 2724.0 863.0 2386.0 2844.0 1023.0 690.0 1534.0 2816.0 1292.0 978.0 1760.0 2861.0 1278.0 1252.0 1668.0 2649.0 1292.0 4081.0 2821.0 945.0 1137.0 1318.0 8786.0 2714.0 780.0 1117.0 1526.0 2585.0 1237.0 1474.0 2561.0 1399.0 1130.0 2851.0 1479.0 1260.0 2660.0 1179.0 1486.0 2569.0 1010.0 4524.0 2675.0 800.0 525.0 2824.0 2915.0 1031.0 731.0 1462.0 2982.0 1374.0 985.0 1853.0 2756.0 1122.0 775.0 1352.0 2562.0 1306.0 1595.0 2849.0 1412.0 1180.0 2359.0 2712.0 844.0 1040.0 2179.0 2719.0 998.0 861.0 1385.0 2818.0 1100.0 925.0 866.0 2694.0 692.0 1318.0 2674.0 708.0 1161.0 5696.0 2635.0 798.0 765.0 2080.0 2750.0 1024.0 951.0 1361.0 2651.0 1251.0 1107.0 9166.0 2672.0 709.0 733.0 855.0 15101.0 2649.0 708.0 1156.0 857.0 14680.0 2672.0 1231.0 1629.0 2913.0 1175.0 1014.0 1135.0 10518.0 2669.0 710.0
34 35 1 TRACE 767.0 65.0 57.0 100.0 44.0 42.0 54.0 41.0 90.0 95.0 39.0 45.0 45.0 110.0 41.0 16.0 45.0 61.0 40.0 16.0 40.0 453.0 132.0 134.0 30.0 42.0 285.0 141.0 15.0 36.0 105.0 55.0 17.0 46.0 62.0 62.0 88.0 58.0 15.0 46.0 45.0 150.0 41.0 45.0 44.0 248.0 52.0 15.0 43.0 45.0 185.0 110.0 45.0 45.0 53.0 18.0 45.0 54.0 41.0 65.0 57.0 38.0 37.0 42.0 53.0 42.0 78.0 88.0 15.0 30.0 89.0 54.0 17.0 45.0 54.0 45.0 49.0 55.0 40.0 21.0 72.0 54.0 35.0 27.0 43.0 103.0 59.0 15.0 47.0 50.0 54.0 39.0 16.0 43.0 53.0 17.0 43.0 146.0 53.0 46.0 48.0 79.0 47.0 42.0 53.0 46.0 68.0 53.0 40.0 33.0 44.0 63.0 47.0 58.0 60.0 40.0 69.0 47.0 54.0 39.0 16.0 76.0 57.0 17.0 48.0 306.0 54.0 45.0 60.0 54.0 53.0 48.0 45.0 55.0 41.0 35.0 45.0 54.0 84.0 45.0 57.0 53.0 42.0 126.0 59.0 15.0 17.0 44.0 169.0 56.0 15.0 17.0 46.0 54.0 48.0 46.0 53.0 47.0 46.0 58.0 52.0 48.0 55.0 47.0 66.0 53.0 90.0 108.0 57.0 15.0 37.0 64.0 101.0 40.0 36.0 43.0 54.0 40.0 42.0 55.0 54.0 41.0 42.0 44.0 54.0 46.0 70.0 682.0 40.0 114.0 57.0 57.0 29.0 40.0 54.0 55.0 149.0 41.0 45.0 59.0 139.0 16.0 37.0 54.0 31.0 48.0 54.0 15.0 45.0 127.0 133.0 16.0 33.0 62.0 57.0 38.0 15.0 42.0 56.0 17.0 41.0 177.0 56.0 15.0 37.0 86.0 266.0 66.0 16.0 32.0 45.0 299.0 52.0 46.0 139.0 55.0 39.0 41.0 43.0 490.0 52.0 16.0
35 36 1 TRACE 64.0 79.0 35.0 109.0 33.0 46.0 35.0 31.0 90.0 138.0 32.0 31.0 48.0 358.0 33.0 14.0 57.0 36.0 33.0 13.0 31.0 408.0 34.0 32.0 26.0 33.0 551.0 50.0 14.0 27.0 107.0 34.0 13.0 34.0 38.0 38.0 148.0 34.0 13.0 32.0 39.0 97.0 33.0 32.0 35.0 454.0 33.0 14.0 31.0 32.0 308.0 40.0 31.0 35.0 34.0 13.0 35.0 33.0 54.0 79.0 33.0 32.0 29.0 41.0 32.0 34.0 112.0 35.0 13.0 16.0 71.0 35.0 13.0 36.0 33.0 31.0 96.0 34.0 33.0 19.0 85.0 154.0 29.0 13.0 30.0 165.0 33.0 13.0 51.0 65.0 33.0 62.0 13.0 32.0 34.0 13.0 32.0 255.0 37.0 31.0 40.0 49.0 31.0 42.0 33.0 32.0 170.0 37.0 34.0 27.0 256.0 52.0 31.0 67.0 54.0 44.0 30.0 65.0 35.0 31.0 13.0 64.0 34.0 13.0 33.0 457.0 34.0 32.0 77.0 36.0 33.0 36.0 46.0 37.0 32.0 26.0 53.0 35.0 63.0 32.0 41.0 33.0 33.0 235.0 34.0 13.0 13.0 33.0 284.0 41.0 13.0 13.0 39.0 33.0 144.0 741.0 33.0 31.0 56.0 34.0 31.0 37.0 33.0 32.0 68.0 32.0 32.0 172.0 37.0 19.0 47.0 88.0 57.0 34.0 30.0 40.0 38.0 34.0 32.0 57.0 35.0 31.0 52.0 38.0 33.0 31.0 61.0 1570.0 229.0 31.0 72.0 34.0 26.0 29.0 69.0 37.0 33.0 32.0 41.0 36.0 47.0 13.0 33.0 34.0 27.0 37.0 82.0 13.0 36.0 216.0 156.0 35.0 27.0 76.0 34.0 29.0 13.0 33.0 42.0 14.0 30.0 307.0 35.0 13.0 28.0 36.0 447.0 74.0 13.0 31.0 45.0 504.0 34.0 32.0 1125.0 35.0 32.0 31.0 46.0 343.0 39.0 13.0
36 37 1 TRACE 396.0 2120.0 39.0 26.0 763.0 366.0 28.0 89.0 1439.0 38.0 36.0 510.0 247.0 47.0 34.0 558.0 840.0 49.0 79.0 219.0 551.0 963.0 36.0 299.0 614.0 510.0 7126.0 30.0 122.0 347.0 42.0 29.0 213.0 738.0 27.0 602.0 2099.0 141.0 85.0 413.0 520.0 158.0 125.0 47.0 513.0 5998.0 29.0 47.0 92.0 389.0 3665.0 30.0 413.0 153.0 26.0 221.0 694.0 27.0 658.0 1377.0 35.0 34.0 507.0 491.0 27.0 664.0 1702.0 35.0 86.0 478.0 303.0 29.0 216.0 744.0 28.0 606.0 702.0 50.0 306.0 505.0 328.0 51.0 316.0 530.0 104.0 1400.0 33.0 309.0 371.0 387.0 41.0 117.0 80.0 682.0 27.0 479.0 726.0 4933.0 30.0 390.0 627.0 27.0 540.0 272.0 26.0 277.0 611.0 47.0 22.0 702.0 316.0 28.0 403.0 635.0 51.0 26.0 569.0 746.0 42.0 22.0 383.0 467.0 28.0 193.0 39.0 7438.0 28.0 573.0 453.0 38.0 55.0 338.0 915.0 47.0 31.0 477.0 991.0 44.0 22.0 112.0 520.0 49.0 760.0 1892.0 33.0 74.0 464.0 56.0 4371.0 30.0 49.0 304.0 140.0 25.0 400.0 126.0 26.0 503.0 171.0 28.0 572.0 199.0 27.0 169.0 558.0 26.0 99.0 1607.0 33.0 69.0 407.0 1285.0 36.0 294.0 625.0 549.0 51.0 24.0 151.0 553.0 42.0 326.0 410.0 678.0 37.0 463.0 823.0 44.0 23.0 499.0 899.0 35.0 51.0 526.0 515.0 46.0 90.0 408.0 793.0 49.0 174.0 150.0 680.0 28.0 717.0 436.0 28.0 53.0 196.0 3974.0 31.0 22.0 50.0 356.0 39.0 36.0 507.0 672.0 28.0 679.0 80.0 3902.0 29.0 49.0 524.0 250.0 6091.0 30.0 51.0 556.0 448.0 6684.0 28.0 153.0 202.0 47.0 152.0 70.0 728.0 4315.0 32.0 50.0
37 38 1 TRACE 31.0 339.0 28.0 27.0 23.0 47.0 25.0 23.0 412.0 27.0 21.0 24.0 156.0 27.0 22.0 24.0 127.0 27.0 20.0 22.0 22.0 549.0 41.0 22.0 21.0 28.0 1461.0 25.0 21.0 22.0 36.0 25.0 21.0 40.0 25.0 23.0 688.0 28.0 21.0 21.0 106.0 30.0 22.0 23.0 28.0 1468.0 24.0 21.0 21.0 24.0 1007.0 30.0 22.0 57.0 27.0 22.0 66.0 26.0 22.0 479.0 32.0 20.0 23.0 55.0 26.0 24.0 639.0 26.0 21.0 80.0 61.0 26.0 25.0 50.0 29.0 26.0 136.0 27.0 21.0 22.0 295.0 25.0 31.0 21.0 24.0 661.0 28.0 20.0 22.0 262.0 28.0 21.0 123.0 33.0 27.0 125.0 24.0 970.0 27.0 22.0 78.0 27.0 22.0 52.0 26.0 37.0 162.0 29.0 22.0 23.0 73.0 26.0 25.0 159.0 32.0 21.0 34.0 206.0 24.0 21.0 23.0 36.0 26.0 24.0 27.0 1517.0 28.0 22.0 322.0 26.0 21.0 23.0 165.0 29.0 21.0 23.0 209.0 28.0 26.0 22.0 95.0 24.0 24.0 721.0 28.0 22.0 21.0 26.0 1000.0 25.0 21.0 21.0 61.0 27.0 21.0 90.0 25.0 22.0 38.0 32.0 22.0 49.0 31.0 22.0 55.0 31.0 23.0 682.0 24.0 117.0 22.0 537.0 26.0 24.0 23.0 111.0 28.0 22.0 23.0 213.0 26.0 23.0 22.0 100.0 43.0 22.0 209.0 27.0 22.0 23.0 455.0 33.0 21.0 23.0 320.0 133.0 21.0 22.0 133.0 51.0 22.0 21.0 40.0 28.0 24.0 43.0 24.0 21.0 28.0 861.0 27.0 21.0 23.0 298.0 26.0 21.0 23.0 48.0 25.0 22.0 25.0 1027.0 28.0 21.0 21.0 28.0 1527.0 25.0 21.0 22.0 126.0 1547.0 28.0 24.0 161.0 26.0 22.0 21.0 27.0 1110.0 27.0 22.0
38 39 1 TRACE 23.0 21.0 19.0 27.0 19.0 20.0 32.0 18.0 21.0 18.0 22.0 18.0 19.0 19.0 22.0 19.0 19.0 19.0 22.0 19.0 18.0 19.0 23.0 17.0 17.0 18.0 22.0 22.0 18.0 18.0 19.0 18.0 17.0 19.0 19.0 19.0 21.0 19.0 33.0 17.0 19.0 20.0 22.0 18.0 19.0 22.0 22.0 17.0 18.0 26.0 27.0 42.0 18.0 19.0 18.0 18.0 20.0 19.0 17.0 20.0 18.0 21.0 19.0 20.0 34.0 18.0 20.0 20.0 21.0 59.0 25.0 19.0 19.0 18.0 19.0 20.0 19.0 18.0 23.0 19.0 20.0 18.0 22.0 17.0 20.0 19.0 22.0 18.0 24.0 20.0 18.0 22.0 19.0 18.0 18.0 20.0 18.0 19.0 22.0 18.0 20.0 18.0 18.0 20.0 18.0 18.0 20.0 19.0 21.0 18.0 20.0 18.0 18.0 22.0 18.0 21.0 25.0 23.0 18.0 21.0 18.0 20.0 18.0 18.0 20.0 31.0 22.0 18.0 21.0 19.0 22.0 18.0 20.0 20.0 23.0 18.0 20.0 19.0 23.0 20.0 20.0 20.0 18.0 20.0 19.0 21.0 18.0 18.0 20.0 22.0 18.0 18.0 19.0 26.0 18.0 21.0 26.0 18.0 29.0 18.0 18.0 20.0 18.0 19.0 22.0 118.0 25.0 20.0 18.0 23.0 17.0 21.0 19.0 21.0 18.0 22.0 19.0 31.0 35.0 19.0 19.0 22.0 18.0 20.0 18.0 18.0 20.0 19.0 21.0 19.0 20.0 119.0 25.0 20.0 19.0 115.0 21.0 17.0 19.0 19.0 22.0 18.0 19.0 18.0 18.0 21.0 19.0 18.0 18.0 22.0 18.0 22.0 18.0 20.0 19.0 22.0 18.0 19.0 18.0 19.0 18.0 19.0 45.0 17.0 19.0 19.0 114.0 22.0 20.0 24.0 20.0 21.0 22.0 18.0 20.0 17.0 22.0 21.0 19.0 19.0 22.0 19.0
39 25 1 TRACE 16.0 15.0 14.0 15.0 14.0 14.0 15.0 15.0 14.0 14.0 14.0 15.0 14.0 15.0 15.0 13.0 13.0 15.0 14.0 14.0 15.0 13.0 14.0 15.0 14.0 14.0 14.0 14.0 14.0 14.0 14.0 14.0 14.0 46.0 14.0 17.0 15.0 14.0 14.0 13.0 14.0 14.0 15.0 14.0 14.0 14.0 14.0 14.0 14.0 14.0 15.0 14.0 28.0 14.0 16.0 15.0 14.0 14.0 14.0 14.0 14.0 14.0 14.0 14.0 14.0 14.0 14.0 15.0 13.0 14.0 15.0 14.0 13.0 13.0 14.0 14.0 14.0 15.0 14.0 14.0 14.0 15.0 14.0 15.0 14.0 13.0 21.0 14.0 15.0 14.0 15.0 14.0 14.0 14.0 14.0 14.0 14.0 15.0 13.0 14.0 14.0 14.0 15.0 15.0 14.0 14.0 14.0 14.0 14.0 14.0 14.0 13.0 14.0 15.0
39 40 1 TRACE 36.0 33.0 36.0 27.0 34.0 38.0 41.0 29.0 32.0 39.0 34.0 43.0 144.0 30.0 35.0 37.0 34.0 38.0 58.0 33.0 35.0 35.0 39.0 35.0 34.0 42.0 39.0 31.0 39.0 33.0 34.0 35.0 32.0 52.0 56.0 37.0 34.0 37.0 39.0 39.0 31.0 36.0 31.0 34.0 37.0 38.0 36.0 35.0 35.0 34.0 36.0 37.0 36.0 39.0 37.0 35.0 36.0 32.0 37.0 139.0 42.0 43.0 36.0 41.0
39 51 1 TRACE 46.0 40.0 41.0 42.0 54.0 42.0 40.0 40.0 45.0 61.0 44.0 43.0 41.0 43.0 42.0 42.0 41.0 41.0 42.0 42.0 43.0 40.0 40.0 43.0 44.0 42.0 42.0 48.0 40.0 42.0 42.0 42.0 42.0 42.0 41.0 44.0 41.0 40.0 45.0 46.0 45.0 138.0 139.0 140.0 130.0 44.0 40.0 40.0 42.0 41.0 45.0 41.0 39.0 40.0 41.0 43.0 41.0 40.0 42.0 40.0 39.0 43.0 41.0 40.0
40 41 1 TRACE 774.0 601.0 901.0 657.0 643.0 1026.0 2203.0 598.0 598.0 1210.0 637.0 2206.0 1714.0 610.0 618.0 978.0 611.0 985.0 828.0 618.0 723.0 730.0 1128.0 716.0 621.0 1653.0 625.0 614.0 825.0 616.0 670.0 685.0 597.0 2253.0 812.0 667.0 679.0 626.0 1193.0 1717.0 615.0 625.0 601.0 603.0 608.0 1201.0 999.0 638.0 697.0 632.0 693.0 1009.0 737.0 652.0 599.0 602.0 1466.0 743.0 609.0 1715.0 2220.0 2257.0 656.0 1875.0
41 42 1 TRACE 17.0 15.0 12.0 12.0 14.0 13.0 11.0 12.0 17.0 12.0 12.0 15.0 12.0 12.0 14.0 14.0 12.0 14.0 12.0 14.0 14.0 12.0 12.0 15.0 13.0 12.0 11.0 14.0 14.0 12.0 12.0 13.0 11.0 12.0 14.0 12.0 14.0 16.0 12.0 13.0 13.0 11.0 12.0 15.0 14.0 11.0 12.0 15.0 13.0 11.0 13.0 14.0 11.0 12.0 15.0 12.0 11.0 12.0 13.0 12.0 12.0 17.0 13.0 11.0 12.0 16.0 12.0 11.0 12.0 17.0 12.0 11.0 14.0 13.0 13.0 13.0 12.0 12.0 13.0 12.0 12.0 15.0 14.0 10.0 12.0 13.0 11.0 12.0 14.0 12.0 11.0 12.0 14.0 13.0 10.0 12.0 14.0 13.0 11.0 15.0 13.0 11.0 12.0 13.0 12.0 12.0 14.0 12.0 11.0 14.0 13.0 11.0 14.0 15.0 12.0 12.0 14.0 12.0 12.0 14.0 13.0 12.0 13.0 12.0 12.0 15.0 13.0 11.0 12.0 13.0 12.0 12.0 12.0 11.0 11.0 15.0 13.0 10.0 11.0 15.0 12.0 11.0 11.0 14.0 13.0 11.0 12.0 14.0 14.0 11.0 11.0 15.0 13.0 11.0 12.0 13.0 12.0 12.0 13.0 11.0 12.0 14.0 12.0 12.0 14.0 12.0 11.0 13.0 14.0 11.0 11.0 14.0 12.0 12.0 13.0 11.0 12.0 14.0 12.0 12.0 14.0 12.0 11.0 14.0 13.0 11.0 12.0 14.0 13.0 10.0 12.0 13.0 11.0 12.0 13.0 12.0 12.0 14.0 18.0 11.0 13.0 14.0 11.0 13.0 13.0 10.0 13.0 13.0 11.0 12.0 14.0 12.0 12.0 13.0 11.0
42 43 1 TRACE 15.0 11.0 10.0 11.0 10.0 12.0 10.0 11.0 11.0 11.0 11.0 10.0 11.0 10.0 10.0 10.0 11.0 11.0 10.0 11.0 11.0 10.0 10.0 11.0 11.0 10.0 10.0 11.0 10.0 10.0 11.0 11.0 10.0 10.0 11.0 10.0 11.0 11.0 10.0 11.0 11.0 10.0 10.0 10.0 10.0 10.0 10.0 11.0 11.0 11.0 11.0 11.0 11.0 10.0 11.0 10.0 11.0 10.0 10.0 10.0 12.0 11.0 10.0 10.0 11.0 11.0 10.0 10.0 11.0 10.0 10.0 16.0 11.0 10.0 11.0 20.0 11.0 11.0 10.0 10.0 10.0 11.0 11.0 11.0 10.0 10.0 10.0 11.0 11.0 10.0 10.0 10.0 10.0 10.0 10.0 10.0 10.0 10.0 11.0 11.0 10.0 10.0 11.0 10.0 11.0 10.0 10.0 10.0 10.0 11.0 10.0 10.0 11.0 12.0 12.0 10.0 10.0 10.0 11.0 11.0 10.0 10.0 11.0 10.0 10.0 11.0 10.0 10.0 11.0 11.0 10.0 11.0 10.0 10.0 11.0 11.0 10.0 10.0 10.0 11.0 10.0 11.0 11.0 10.0 10.0 10.0 10.0 11.0 10.0 10.0 10.0 11.0 10.0 10.0 11.0 10.0 10.0 11.0 11.0 10.0 11.0 10.0 11.0 11.0 10.0 10.0 10.0 11.0 26.0 11.0 10.0 12.0 11.0 10.0 11.0 10.0 10.0 11.0 11.0 11.0 10.0 10.0 10.0 11.0 11.0 10.0 11.0 11.0 10.0 10.0 10.0 11.0 10.0 10.0 10.0 11.0 10.0 10.0 10.0 10.0 10.0 11.0 10.0 11.0 10.0 13.0 11.0 11.0 10.0 10.0 10.0 10.0 11.0 10.0 10.0
43 44 1 TRACE 18.0 16.0 12.0 12.0 17.0 14.0 12.0 13.0 17.0 13.0 12.0 17.0 13.0 12.0 16.0 14.0 14.0 16.0 12.0 17.0 15.0 11.0 13.0 16.0 14.0 12.0 11.0 16.0 14.0 12.0 15.0 15.0 12.0 12.0 16.0 13.0 17.0 16.0 12.0 17.0 16.0 12.0 12.0 16.0 13.0 12.0 12.0 17.0 13.0 11.0 13.0 15.0 13.0 12.0 16.0 13.0 11.0 14.0 16.0 12.0 13.0 16.0 14.0 11.0 11.0 17.0 13.0 11.0 13.0 15.0 13.0 13.0 16.0 12.0 13.0 16.0 12.0 13.0 30.0 12.0 12.0 17.0 15.0 12.0 15.0 16.0 12.0 12.0 17.0 13.0 12.0 12.0 16.0 13.0 12.0 13.0 16.0 13.0 11.0 16.0 13.0 12.0 12.0 16.0 13.0 13.0 16.0 13.0 12.0 16.0 14.0 11.0 17.0 17.0 13.0 12.0 16.0 13.0 12.0 16.0 13.0 12.0 16.0 13.0 13.0 16.0 13.0 12.0 14.0 15.0 12.0 15.0 16.0 12.0 11.0 16.0 13.0 11.0 12.0 16.0 13.0 12.0 13.0 16.0 14.0 12.0 12.0 16.0 14.0 12.0 12.0 16.0 13.0 12.0 14.0 15.0 12.0 13.0 15.0 13.0 11.0 16.0 13.0 13.0 16.0 13.0 13.0 28.0 13.0 12.0 13.0 16.0 12.0 13.0 16.0 13.0 12.0 16.0 13.0 11.0 17.0 13.0 11.0 17.0 14.0 12.0 12.0 16.0 14.0 12.0 15.0 15.0 12.0 12.0 16.0 16.0 12.0 16.0 15.0 11.0 15.0 17.0 13.0 17.0 16.0 12.0 17.0 15.0 11.0 13.0 16.0 13.0 16.0 15.0 12.0
44 45 1 TRACE 307.0 82.0 80.0 151.0 99.0 82.0 80.0 204.0 120.0 80.0 115.0 85.0 90.0 376.0 84.0 80.0 119.0 85.0 80.0 132.0 81.0 81.0 95.0 90.0 75.0 81.0 135.0 83.0 85.0 79.0 95.0 79.0 84.0 353.0 83.0 62.0 83.0 82.0 81.0 225.0 85.0 87.0 93.0 83.0 83.0 82.0 79.0 85.0 81.0 83.0 92.0 85.0 86.0 93.0 82.0 82.0 180.0 256.0 82.0 79.0 120.0 82.0 91.0 286.0 84.0 80.0 88.0 227.0 62.0 87.0 81.0 168.0 82.0 81.0 179.0 76.0 200.0 259.0 76.0 199.0 83.0 79.0 206.0 82.0 100.0 198.0 80.0 139.0 77.0 196.0 80.0 120.0 81.0 192.0 83.0 88.0 79.0 83.0 86.0 86.0 96.0 84.0 85.0 81.0 88.0 99.0 88.0 81.0 369.0 90.0 89.0 89.0 124.0 93.0 93.0 83.0 81.0 84.0 89.0 80.0 87.0 342.0 82.0 82.0 95.0 87.0 77.0 82.0 90.0 83.0 83.0 105.0 82.0 82.0 91.0 82.0 84.0 77.0 93.0 82.0 83.0 85.0 95.0 80.0 87.0 82.0 120.0 81.0 82.0 80.0 98.0 127.0 82.0 79.0 107.0 94.0 191.0 143.0 99.0 188.0 80.0 85.0 189.0 82.0 85.0 86.0 100.0 190.0 95.0 84.0 85.0 83.0 191.0 88.0 82.0 186.0 91.0 86.0 191.0 78.0 81.0 173.0 81.0 82.0 179.0 89.0 130.0 82.0 192.0 80.0 89.0 194.0 83.0 88.0 290.0 58.0 85.0 301.0 81.0 79.0 308.0 75.0 87.0 117.0 84.0 85.0 102.0 82.0 84.0 88.0 81.0 84.0 123.0 85.0 80.0
45 46 1 TRACE 20.0 16.0 14.0 15.0 17.0 16.0 15.0 17.0 23.0 15.0 15.0 17.0 16.0 17.0 16.0 15.0 14.0 17.0 14.0 15.0 16.0 15.0 14.0 18.0 18.0 14.0 15.0 18.0 16.0 15.0 15.0 15.0 16.0 15.0 16.0 15.0 16.0 16.0 14.0 15.0 15.0 15.0 14.0 16.0 17.0 17.0 15.0 21.0 16.0 40.0 14.0 15.0 15.0 15.0 18.0 16.0 14.0 15.0 16.0 14.0 21.0 17.0 17.0 14.0 18.0 17.0 17.0 14.0 17.0 16.0 17.0 16.0 16.0 15.0 19.0 16.0 15.0 18.0 16.0 17.0 15.0 17.0 17.0 15.0 15.0 16.0 15.0 15.0 16.0 16.0 14.0 14.0 16.0 17.0 14.0 14.0 16.0 125.0 14.0 17.0 123.0 15.0 15.0 16.0 16.0 15.0 16.0 15.0 14.0 16.0 18.0 15.0 16.0 29.0 15.0 16.0 15.0 15.0 15.0 16.0 16.0 14.0 16.0 17.0 15.0 16.0 16.0 14.0 15.0 16.0 16.0 17.0 130.0 15.0 15.0 16.0 16.0 15.0 14.0 16.0 16.0 15.0 15.0 16.0 16.0 14.0 15.0 16.0 16.0 14.0 15.0 16.0 16.0 15.0 15.0 16.0 15.0 15.0 15.0 15.0 15.0 17.0 15.0 16.0 16.0 15.0 15.0 31.0 20.0 15.0 15.0 20.0 15.0 14.0 16.0 14.0 18.0 16.0 16.0 21.0 16.0 15.0 15.0 19.0 16.0 15.0 15.0 19.0 17.0 14.0 16.0 15.0 21.0 14.0 15.0 16.0 17.0 17.0 16.0 14.0 15.0 15.0 14.0 15.0 16.0 18.0 16.0 16.0 15.0 15.0 18.0 15.0 15.0 15.0 15.0
46 47 1 TRACE 14548.0 5006.0 1586.0 12450.0 8139.0 2045.0 1384.0 14461.0 4806.0 1503.0 11210.0 5964.0 1644.0 11193.0 6108.0 1676.0 10570.0 4154.0 1426.0 8627.0 2541.0 1324.0 9709.0 7838.0 1854.0 1350.0 9831.0 7642.0 1770.0 1362.0 9820.0 3600.0 1359.0 11096.0 6169.0 1514.0 8669.0 2535.0 1327.0 8978.0 2884.0 1331.0 10345.0 7067.0 1640.0 1327.0 10770.0 6938.0 1608.0 1325.0 10930.0 4390.0 1387.0 10423.0 6950.0 1597.0 1326.0 10057.0 3794.0 1353.0 11175.0 7627.0 1776.0 1325.0 10236.0 7168.0 1656.0 1326.0 11212.0 5966.0 1481.0 11409.0 4961.0 1405.0 9959.0 3735.0 1356.0 11435.0 5111.0 1412.0 9675.0 8112.0 1998.0 1326.0 8970.0 2926.0 1333.0 10976.0 6589.0 1540.0 1323.0 10381.0 7148.0 1760.0 1331.0 11362.0 6423.0 1616.0 10896.0 6784.0 1825.0 1326.0 11217.0 5813.0 1642.0 11459.0 5394.0 1671.0 9752.0 9007.0 2226.0 1327.0 8552.0 3061.0 1409.0 11440.0 4875.0 1484.0 11553.0 5747.0 1581.0 11390.0 5445.0 1604.0 10914.0 6456.0 1733.0 1328.0 9869.0 3610.0 1353.0 8991.0 2850.0 1331.0 10595.0 6862.0 1787.0 1326.0 10725.0 6535.0 1743.0 1327.0 9876.0 7672.0 2029.0 1326.0 10406.0 7371.0 1952.0 1333.0 10294.0 7133.0 1920.0 1326.0 9755.0 3571.0 1391.0 10615.0 4187.0 1432.0 11123.0 6151.0 1706.0 11474.0 5351.0 1560.0 10935.0 7904.0 1746.0 1348.0 11574.0 5395.0 1602.0 11001.0 4422.0 1450.0 11411.0 4909.0 1514.0 11212.0 5964.0 1672.0 10170.0 7636.0 2044.0 1327.0 9880.0 7558.0 2007.0 1328.0 9223.0 3132.0 1380.0 11376.0 4947.0 1509.0 10057.0 7419.0 1979.0 1337.0 9001.0 2956.0 1333.0 8559.0 2581.0 1333.0 8621.0 2506.0 1324.0 11253.0 5796.0 1605.0 8820.0 2738.0 1328.0
47 48 1 TRACE 14.0 12.0 16.0 8.0 11.0 10.0 8.0 12.0 10.0 10.0 13.0 10.0 9.0 12.0 11.0 8.0 12.0 9.0 8.0 10.0 10.0 23.0 12.0 11.0 9.0 10.0 10.0 8.0 11.0 10.0 9.0 11.0 11.0 8.0 11.0 11.0 8.0 11.0 10.0 10.0 12.0 10.0 9.0 11.0 10.0 8.0 11.0 10.0 9.0 11.0 13.0 8.0 10.0 10.0 9.0 12.0 10.0 10.0 11.0 11.0 8.0 12.0 10.0 8.0 18.0 10.0 9.0 11.0 12.0 9.0 11.0 11.0 8.0 11.0 10.0 9.0 112.0 10.0 10.0 11.0 10.0 8.0 13.0 15.0 12.0 10.0 10.0 9.0 11.0 11.0 9.0 11.0 10.0 9.0 10.0 10.0 9.0 10.0 10.0 9.0 12.0 10.0 9.0 10.0 10.0 9.0 9.0 11.0 9.0 10.0 11.0 8.0 10.0 10.0 8.0 10.0 12.0 9.0 11.0 10.0 8.0 115.0 11.0 8.0 12.0 10.0 9.0 11.0 10.0 8.0 11.0 11.0 8.0 13.0 11.0 9.0 11.0 10.0 10.0 11.0 10.0 8.0 10.0 10.0 8.0 10.0 116.0 8.0 9.0 12.0 8.0 16.0 11.0 8.0 10.0 11.0 8.0 14.0 9.0 13.0 11.0 10.0 9.0 11.0 11.0 8.0 10.0 12.0 8.0 9.0 10.0 9.0 11.0 20.0 8.0 11.0 11.0 8.0 9.0 10.0 10.0 11.0 11.0 8.0 11.0 15.0 8.0 11.0 10.0 8.0 12.0 10.0 10.0 11.0 10.0 8.0 11.0 11.0 8.0 10.0 10.0 8.0 10.0 9.0 9.0 12.0 10.0 9.0 13.0 13.0 8.0 9.0 24.0 9.0 12.0 10.0 8.0 10.0 10.0 8.0 10.0 12.0 9.0 11.0 11.0 9.0 12.0 11.0 8.0 10.0 10.0 8.0 11.0 10.0 8.0 11.0 10.0 8.0 11.0 10.0 9.0 13.0 11.0 8.0 15.0 10.0 8.0 10.0 10.0 8.0 11.0 9.0 9.0 11.0 10.0 8.0 11.0 10.0 8.0 10.0 10.0 10.0 12.0 11.0 9.0 10.0 11.0 8.0 13.0 10.0 8.0 10.0 11.0 9.0 12.0 10.0 8.0 12.0 19.0 8.0 10.0 10.0 8.0 24.0 11.0 9.0 11.0 10.0 8.0 11.0 11.0 9.0 10.0 10.0 10.0 12.0 10.0 8.0 13.0 11.0 8.0 9.0 9.0 8.0 11.0 10.0 9.0 11.0 10.0 9.0 10.0 17.0 8.0 17.0 10.0 9.0 10.0 10.0 9.0 10.0 10.0 9.0 12.0 9.0 10.0 12.0 11.0 9.0 11.0 10.0 8.0 11.0 10.0 9.0 15.0 10.0 9.0 24.0 12.0 10.0 12.0 11.0 8.0 12.0 11.0 10.0 11.0 11.0 8.0 10.0 11.0 8.0 10.0 10.0 10.0 12.0 11.0 8.0 10.0 10.0 9.0 12.0 10.0 9.0 11.0 10.0 9.0 10.0 10.0 8.0 10.0 10.0 9.0 11.0 11.0 9.0 10.0 10.0 9.0 11.0 10.0 8.0 12.0 10.0 9.0 11.0 11.0 8.0 13.0 11.0 8.0 13.0 10.0 9.0 11.0 11.0 8.0 10.0 10.0 8.0 14.0 10.0 9.0 12.0 10.0 8.0 11.0 10.0 8.0 12.0 10.0 8.0 10.0 11.0 9.0 11.0 10.0 9.0 12.0 11.0 8.0 11.0 10.0 8.0 10.0 10.0 9.0 11.0 10.0 8.0 12.0 14.0 8.0 11.0 10.0 8.0 11.0 10.0 9.0 12.0 10.0 9.0 16.0 122.0 8.0 12.0 10.0 9.0 11.0 10.0 9.0 11.0 11.0 9.0 11.0 11.0 9.0 12.0 10.0 8.0 10.0 10.0 9.0 12.0 10.0 8.0 15.0 11.0 8.0 11.0 10.0 9.0 12.0 10.0 8.0 11.0 10.0 9.0 10.0 10.0 9.0 11.0 10.0 8.0 13.0 13.0 8.0 10.0 10.0 9.0 11.0 11.0 8.0 10.0 12.0 9.0 11.0 12.0 9.0 11.0 25.0 21.0 19.0 19.0 8.0 12.0 10.0 9.0 12.0 10.0 9.0 12.0 67.0 8.0 12.0 11.0 8.0 11.0 13.0 9.0 11.0 10.0 8.0 10.0 10.0 8.0 11.0 10.0 9.0 11.0 10.0 8.0 10.0 11.0 9.0 12.0 10.0 9.0 13.0 11.0 8.0 20.0 12.0 9.0 12.0 10.0 9.0 11.0 15.0 14.0 12.0 11.0 8.0 10.0 10.0 12.0 9.0 10.0 9.0 11.0 10.0 9.0 15.0 11.0 8.0 10.0 10.0 12.0 9.0 10.0 9.0 11.0 11.0 8.0 12.0 11.0 9.0 9.0 10.0 9.0 12.0 10.0 8.0 10.0 11.0 9.0 10.0 10.0 9.0 12.0 11.0 8.0 11.0 15.0 8.0 11.0 10.0 9.0 10.0 10.0 9.0 11.0 11.0 8.0 10.0 11.0 9.0 10.0 10.0 10.0 13.0 10.0 8.0 12.0 13.0 8.0 10.0 11.0 9.0 11.0 15.0 9.0 12.0 14.0 8.0 11.0 10.0 8.0 12.0 11.0 9.0 11.0 10.0 9.0 10.0 10.0 9.0 11.0 11.0 8.0 10.0 12.0 9.0 13.0 10.0
48 49 1 TRACE 903.0 389.0 198.0 101.0 120.0 82.0 9.0 12.0 11.0 529.0 315.0 193.0 346.0 289.0 199.0 9.0 17.0 17.0 8.0 9.0 10.0 1140.0 381.0 189.0 93.0 90.0 100.0 8.0 12.0 10.0 770.0 362.0 186.0 148.0 184.0 134.0 8.0 12.0 12.0 747.0 347.0 185.0 161.0 190.0 117.0 9.0 13.0 12.0 931.0 397.0 183.0 68.0 71.0 63.0 9.0 11.0 11.0 699.0 313.0 215.0 14.0 22.0 22.0 7.0 10.0 11.0 461.0 275.0 182.0 404.0 301.0 183.0 15.0 18.0 18.0 8.0 17.0 11.0 496.0 282.0 192.0 363.0 296.0 179.0 11.0 17.0 18.0 7.0 9.0 12.0 947.0 346.0 216.0 41.0 51.0 49.0 9.0 10.0 9.0 737.0 343.0 177.0 172.0 206.0 154.0 9.0 13.0 17.0 689.0 312.0 198.0 14.0 24.0 23.0 8.0 105.0 10.0 832.0 340.0 215.0 19.0 35.0 36.0 7.0 10.0 10.0 578.0 247.0 186.0 280.0 230.0 190.0 10.0 108.0 14.0 7.0 10.0 10.0 535.0 340.0 169.0 279.0 222.0 195.0 10.0 14.0 22.0 7.0 9.0 10.0 976.0 366.0 188.0 77.0 97.0 70.0 8.0 11.0 116.0 614.0 310.0 171.0 280.0 224.0 194.0 9.0 14.0 14.0 7.0 9.0 9.0 944.0 376.0 212.0 52.0 57.0 55.0 8.0 10.0 10.0 496.0 276.0 196.0 367.0 299.0 182.0 10.0 17.0 17.0 7.0 10.0 10.0 571.0 298.0 178.0 280.0 252.0 195.0 10.0 16.0 22.0 7.0 10.0 10.0 779.0 346.0 179.0 157.0 197.0 117.0 8.0 12.0 12.0 864.0 363.0 183.0 109.0 101.0 87.0 8.0 11.0 11.0 931.0 361.0 212.0 48.0 60.0 51.0 7.0 10.0 10.0 863.0 363.0 182.0 117.0 131.0 94.0 9.0 12.0 10.0 406.0 258.0 196.0 461.0 318.0 168.0 11.0 18.0 18.0 8.0 11.0 9.0 841.0 344.0 191.0 20.0 30.0 30.0 7.0 11.0 10.0 707.0 329.0 175.0 219.0 200.0 185.0 9.0 13.0 13.0 7.0 9.0 10.0 591.0 311.0 193.0 275.0 236.0 193.0 9.0 14.0 16.0 8.0 10.0 10.0 805.0 352.0 179.0 138.0 193.0 128.0 9.0 12.0 11.0 630.0 322.0 173.0 246.0 214.0 184.0 12.0 14.0 12.0 7.0 10.0 9.0 798.0 353.0 181.0 142.0 177.0 133.0 9.0 12.0 11.0 845.0 357.0 181.0 137.0 154.0 103.0 9.0 12.0 11.0 434.0 273.0 183.0 414.0 315.0 165.0 11.0 17.0 18.0 7.0 10.0 10.0 618.0 384.0 235.0 15.0 24.0 24.0 8.0 10.0 11.0 865.0 369.0 181.0 101.0 126.0 86.0 8.0 11.0 11.0 784.0 353.0 179.0 141.0 185.0 129.0 9.0 14.0 13.0 819.0 354.0 180.0 118.0 162.0 101.0 8.0 12.0 11.0 695.0 338.0 174.0 203.0 193.0 174.0 12.0 13.0 13.0 7.0 10.0 10.0 938.0 376.0 220.0 41.0 52.0 47.0 7.0 10.0 10.0 825.0 352.0 221.0 18.0 34.0 30.0 8.0 10.0 10.0 661.0 322.0 172.0 260.0 212.0 181.0 10.0 15.0 14.0 7.0 10.0 10.0 680.0 339.0 174.0 217.0 202.0 171.0 9.0 13.0 12.0 7.0 9.0 10.0 493.0 279.0 192.0 369.0 394.0 181.0 10.0 17.0 19.0 7.0 10.0 9.0 569.0 295.0 192.0 303.0 276.0 199.0 11.0 16.0 18.0 7.0 10.0 9.0 591.0 309.0 196.0 281.0 248.0 256.0 10.0 17.0 16.0 8.0 9.0 10.0 929.0 367.0 222.0 39.0 53.0 47.0 7.0 10.0 11.0 936.0 367.0 184.0 65.0 70.0 64.0 9.0 10.0 10.0 745.0 350.0 178.0 174.0 213.0 145.0 10.0 12.0 17.0 846.0 364.0 179.0 136.0 151.0 100.0 9.0 12.0 12.0 714.0 349.0 310.0 209.0 172.0 208.0 9.0 14.0 13.0 8.0 11.0 12.0 839.0 355.0 184.0 115.0 156.0 101.0 8.0 13.0 11.0 923.0 363.0 190.0 81.0 93.0 72.0 8.0 12.0 10.0 859.0 362.0 183.0 106.0 127.0 87.0 8.0 12.0 10.0 766.0 353.0 180.0 155.0 208.0 138.0 10.0 15.0 12.0 476.0 290.0 189.0 351.0 299.0 206.0 10.0 17.0 17.0 8.0 10.0 10.0 604.0 282.0 195.0 351.0 294.0 202.0 11.0 16.0 17.0 8.0 9.0 9.0 886.0 344.0 211.0 24.0 35.0 35.0 8.0 9.0 10.0 916.0 371.0 182.0 107.0 129.0 107.0 8.0 12.0 11.0 512.0 297.0 183.0 316.0 281.0 199.0 10.0 16.0 16.0 7.0 9.0 10.0 838.0 343.0 223.0 19.0 33.0 29.0 8.0 9.0 10.0 622.0 340.0 200.0 13.0 21.0 23.0 8.0 10.0 11.0 620.0 317.0 197.0 14.0 22.0 23.0 7.0 10.0 9.0 757.0 362.0 178.0 142.0 191.0 135.0 9.0 12.0 11.0 775.0 339.0 198.0 17.0 25.0 28.0 7.0 11.0 11.0
49 47 1 TRACE 8022.0 6164.0 2766.0 1895.0 476.0 475.0 10167.0 8343.0 5287.0 3989.0 595.0 527.0 464.0 469.0 8392.0 5905.0 2711.0 2174.0 545.0 475.0 7234.0 5944.0 3737.0 3020.0 490.0 488.0 7304.0 6077.0 3836.0 3274.0 526.0 505.0 6577.0 5283.0 2188.0 1700.0 478.0 471.0 5405.0 4345.0 810.0 664.0 475.0 471.0 7470.0 6640.0 4919.0 4008.0 585.0 557.0 488.0 467.0 7430.0 6532.0 4814.0 3931.0 569.0 585.0 466.0 565.0 6096.0 4958.0 1644.0 1314.0 471.0 468.0 7259.0 5961.0 3848.0 3206.0 495.0 498.0 5390.0 4355.0 814.0 664.0 465.0 477.0 5597.0 4501.0 1080.0 814.0 470.0 469.0 7378.0 6178.0 4508.0 3685.0 525.0 532.0 464.0 465.0 7495.0 6152.0 4447.0 3637.0 524.0 508.0 463.0 505.0 6714.0 5481.0 2425.0 1910.0 476.0 475.0 7238.0 6143.0 4422.0 3625.0 519.0 510.0 464.0 472.0 6261.0 5047.0 1851.0 1443.0 469.0 478.0 7557.0 6493.0 4802.0 3926.0 574.0 542.0 468.0 466.0 7321.0 6238.0 4631.0 3759.0 527.0 515.0 464.0 464.0 7213.0 6010.0 3706.0 3116.0 493.0 489.0 7123.0 5787.0 2911.0 2379.0 477.0 475.0 6210.0 4991.0 1804.0 1387.0 480.0 482.0 7106.0 5863.0 3031.0 2488.0 493.0 477.0 7411.0 6687.0 5142.0 4119.0 640.0 585.0 465.0 465.0 5650.0 4558.0 1085.0 844.0 465.0 473.0 7192.0 5987.0 4131.0 3431.0 509.0 495.0 474.0 466.0 7352.0 6196.0 4610.0 3738.0 525.0 515.0 468.0 480.0 7306.0 5909.0 3523.0 3171.0 487.0 484.0 7271.0 6031.0 4284.0 3521.0 511.0 506.0 470.0 465.0 7131.0 5956.0 3579.0 2986.0 595.0 484.0 7176.0 5907.0 3250.0 2706.0 484.0 481.0 7498.0 6627.0 5015.0 4532.0 703.0 569.0 468.0 466.0 6533.0 5189.0 909.0 744.0 529.0 522.0 7089.0 5754.0 2836.0 2318.0 584.0 476.0 7202.0 5925.0 3534.0 2965.0 595.0 489.0 7184.0 5932.0 3292.0 2732.0 587.0 482.0 7203.0 5973.0 4050.0 3347.0 597.0 500.0 464.0 466.0 6129.0 4972.0 1734.0 1327.0 571.0 469.0 5653.0 4537.0 1155.0 824.0 468.0 467.0 7260.0 6088.0 4439.0 3583.0 514.0 507.0 464.0 474.0 7244.0 5988.0 4227.0 3411.0 502.0 497.0 472.0 466.0 7369.0 6521.0 4871.0 3953.0 578.0 545.0 464.0 465.0 7348.0 6336.0 4781.0 3869.0 539.0 524.0 478.0 472.0 7323.0 6215.0 4615.0 3728.0 529.0 520.0 463.0 464.0 6078.0 4967.0 1664.0 1307.0 470.0 468.0 6558.0 5299.0 2184.0 1713.0 470.0 471.0 7208.0 5893.0 3849.0 3207.0 492.0 488.0 7165.0 5855.0 3238.0 2709.0 483.0 492.0 7215.0 6407.0 4273.0 3403.0 534.0 523.0 531.0 509.0 7158.0 5925.0 3286.0 2717.0 492.0 484.0 6780.0 5494.0 2426.0 1951.0 485.0 472.0 7176.0 5803.0 2889.0 2344.0 479.0 475.0 7316.0 5960.0 3802.0 3128.0 492.0 490.0 7442.0 6512.0 4865.0 3941.0 573.0 601.0 466.0 473.0 7416.0 6476.0 4882.0 3939.0 573.0 550.0 467.0 465.0 5760.0 4680.0 1245.0 972.0 492.0 467.0 7006.0 5783.0 2894.0 2396.0 478.0 482.0 7539.0 6406.0 4818.0 3890.0 554.0 530.0 463.0 465.0 5594.0 4522.0 1047.0 810.0 465.0 467.0 5377.0 4319.0 861.0 664.0 465.0 471.0 5380.0 4363.0 803.0 661.0 463.0 474.0 7199.0 5975.0 3593.0 2983.0 487.0 483.0 5503.0 4467.0 934.0 738.0 466.0 467.0
49 50 1 TRACE 257.0 1000.0 101.0 258.0 640.0 111.0 86.0 255.0 222.0 33.0 242.0 164.0 47.0 239.0 169.0 34.0 234.0 247.0 57.0 226.0 79.0 61.0 216.0 436.0 411.0 51.0 216.0 404.0 240.0 47.0 232.0 147.0 59.0 237.0 174.0 62.0 233.0 108.0 147.0 229.0 57.0 117.0 232.0 233.0 147.0 103.0 235.0 238.0 151.0 47.0 235.0 164.0 44.0 236.0 294.0 248.0 131.0 233.0 158.0 143.0 332.0 221.0 97.0 89.0 232.0 205.0 69.0 79.0 239.0 168.0 34.0 240.0 346.0 71.0 234.0 87.0 54.0 236.0 139.0 96.0 220.0 219.0 89.0 52.0 229.0 108.0 48.0 230.0 190.0 63.0 53.0 230.0 238.0 57.0 33.0 237.0 159.0 41.0 231.0 194.0 37.0 45.0 234.0 426.0 38.0 234.0 148.0 35.0 229.0 213.0 41.0 33.0 500.0 190.0 76.0 233.0 137.0 36.0 891.0 164.0 37.0 233.0 234.0 37.0 260.0 692.0 35.0 47.0 233.0 175.0 220.0 228.0 53.0 100.0 228.0 240.0 34.0 102.0 235.0 224.0 35.0 91.0 219.0 228.0 37.0 39.0 226.0 207.0 36.0 35.0 228.0 287.0 36.0 97.0 235.0 283.0 37.0 231.0 431.0 61.0 236.0 343.0 35.0 233.0 324.0 34.0 404.0 285.0 36.0 33.0 237.0 395.0 35.0 232.0 374.0 34.0 234.0 357.0 47.0 235.0 242.0 36.0 234.0 350.0 40.0 77.0 217.0 209.0 38.0 63.0 230.0 191.0 78.0 857.0 432.0 36.0 288.0 210.0 40.0 79.0 236.0 92.0 92.0 246.0 43.0 35.0 232.0 44.0 35.0 234.0 159.0 34.0 231.0 85.0 40.0
50 25 1 TRACE 59.0 34.0 33.0 43.0 47.0 32.0 26.0 37.0 25.0 29.0 49.0 27.0 26.0 25.0 25.0 32.0 24.0 138.0 25.0 25.0 45.0 35.0 27.0 35.0 25.0 26.0 24.0 24.0 42.0 24.0 41.0 49.0 24.0 26.0 34.0 46.0 38.0 24.0 27.0 25.0 25.0 24.0 25.0 24.0 25.0 27.0 31.0 47.0 39.0 24.0 37.0 31.0 35.0 63.0 25.0 26.0 33.0 36.0 25.0 25.0 25.0 25.0 43.0 25.0
50 41 1 TRACE 10.0 9.0 9.0 9.0 9.0 10.0 8.0 9.0 9.0 9.0 9.0 8.0 9.0 9.0 9.0 9.0 9.0 9.0 10.0 9.0 9.0 9.0 8.0 9.0 8.0 12.0 8.0 9.0 8.0 9.0 9.0 9.0 9.0 9.0 9.0 10.0 8.0 9.0 9.0 9.0 9.0 9.0 10.0 9.0 9.0 9.0 9.0 8.0 9.0 9.0 10.0 9.0 9.0 9.0 9.0 9.0 10.0 9.0 9.0 9.0 9.0 9.0 9.0 8.0 9.0 9.0 9.0 10.0 9.0 10.0 9.0 8.0 10.0 9.0 9.0 9.0 9.0 9.0 8.0 16.0 9.0 10.0 9.0 9.0 9.0 9.0 9.0 10.0 9.0 8.0 8.0 9.0 9.0 8.0 8.0 8.0 8.0 9.0 8.0 9.0 9.0 9.0 9.0 9.0 9.0 9.0 9.0 9.0 9.0 9.0 9.0 9.0 8.0 9.0 9.0 9.0 9.0 10.0 9.0 9.0 9.0 9.0 9.0 9.0 9.0 9.0 9.0 9.0 10.0 10.0 9.0 10.0 8.0 8.0 9.0 9.0 9.0 9.0 9.0 9.0 8.0 10.0 9.0 9.0 8.0 9.0 8.0 9.0 9.0 9.0 8.0
51 52 1 TRACE 8577.0 8567.0 8288.0 8192.0 8329.0 8260.0 8193.0 8209.0 8301.0 8169.0 8229.0 8010.0 8093.0 8217.0 8219.0 8205.0 8265.0 8178.0 8184.0 8244.0 8189.0 8260.0 8124.0 8216.0 8226.0 8022.0 8225.0 8221.0 8189.0 8260.0 8301.0 8164.0 8214.0 8266.0 8223.0 8292.0 8232.0 8273.0 8175.0 8002.0 8233.0 8216.0 8172.0 8218.0 8206.0 8098.0 8195.0 8241.0 8292.0 8234.0 8253.0 8184.0 8259.0 8264.0 8265.0 8241.0 8170.0 8192.0 8248.0 7977.0 8034.0 8043.0 8253.0 8159.0
52 53 1 TRACE 160.0 160.0 153.0 243.0 163.0 158.0 171.0 159.0 154.0 154.0 154.0 154.0 168.0 154.0 155.0 156.0 155.0 223.0 154.0 154.0 154.0 153.0 153.0 190.0 154.0 154.0 159.0 154.0 154.0 173.0 153.0 154.0 153.0 153.0 154.0 154.0 153.0 155.0 154.0 245.0 154.0 156.0 153.0 158.0 154.0 153.0 158.0 161.0 153.0 158.0 158.0 154.0 153.0 157.0 153.0 156.0 154.0 153.0 154.0 153.0 160.0 159.0 161.0 156.0
53 54 1 TRACE 31.0 27.0 32.0 27.0 28.0 27.0 27.0 20.0 20.0 19.0 19.0 19.0 19.0 20.0 25.0 25.0 23.0 27.0 25.0 24.0 22.0 23.0 21.0 23.0 24.0 23.0 23.0 24.0 20.0 21.0 19.0 22.0 20.0 19.0 19.0 25.0 24.0 25.0 24.0 25.0 26.0 28.0 27.0 24.0 24.0 24.0 25.0 23.0 25.0 24.0 21.0 25.0 25.0 24.0 24.0 24.0 20.0 20.0 21.0 20.0 20.0 18.0 21.0 21.0
54 55 1 TRACE 54.0 31.0 33.0 30.0 31.0 29.0 30.0 29.0 29.0 29.0 29.0 28.0 29.0 30.0 29.0 30.0 31.0 29.0 28.0 29.0 29.0 30.0 29.0 30.0 29.0 29.0 30.0 30.0 28.0 28.0 29.0 29.0 28.0 28.0 29.0 29.0 29.0 28.0 29.0 30.0 28.0 29.0 29.0 30.0 27.0 29.0 28.0 30.0 29.0 28.0 30.0 29.0 30.0 29.0 29.0 30.0 28.0 29.0 28.0 29.0 28.0 29.0 28.0 31.0
55 56 1 TRACE 12.0 8.0 7.0 7.0 8.0 8.0 8.0 8.0 8.0 8.0 8.0 7.0 8.0 8.0 7.0 8.0 8.0 8.0 7.0 7.0 8.0 8.0 7.0 7.0 7.0 7.0 8.0 7.0 8.0 8.0 7.0 8.0 8.0 8.0 8.0 7.0 7.0 8.0 8.0 7.0 8.0 8.0 8.0 8.0 8.0 7.0 7.0 8.0 8.0 7.0 7.0 8.0 8.0 7.0 13.0 7.0 8.0 7.0 8.0 7.0 8.0 8.0 7.0 18.0
56 57 1 TRACE 10.0 11.0 8.0 8.0 7.0 7.0 7.0 7.0 7.0 7.0 7.0 8.0 7.0 7.0 7.0 7.0 7.0 7.0 7.0 8.0 8.0 8.0 8.0 8.0 8.0 8.0 7.0 7.0 7.0 7.0 8.0 7.0 7.0 7.0 7.0 8.0 8.0 7.0 7.0 7.0 7.0 7.0 7.0 7.0 8.0 7.0 8.0 8.0 7.0 8.0 7.0 7.0 7.0 8.0 8.0 7.0 7.0 8.0 7.0 8.0 7.0 7.0 8.0 18.0
57 58 1 TRACE 22.0 8.0 7.0 8.0 7.0 7.0 7.0 8.0 7.0 7.0 7.0 7.0 7.0 8.0 7.0 7.0 7.0 7.0 7.0 7.0 8.0 14.0 7.0 7.0 8.0 7.0 7.0 7.0 7.0 7.0 7.0 7.0 7.0 8.0 7.0 7.0 7.0 7.0 7.0 8.0 7.0 8.0 7.0 7.0 7.0 7.0 7.0 7.0 7.0 7.0 7.0 7.0 8.0 7.0 7.0 8.0 7.0 7.0 7.0 7.0 8.0 8.0 7.0 19.0
58 59 1 TRACE 21.0 21.0 10.0 10.0 9.0 8.0 9.0 9.0 9.0 9.0 9.0 8.0 9.0 8.0 9.0 9.0 9.0 9.0 9.0 9.0 9.0 9.0 9.0 9.0 9.0 9.0 9.0 10.0 9.0 9.0 9.0 9.0 9.0 8.0 14.0 9.0 8.0 9.0 8.0 8.0 9.0 9.0 9.0 9.0 9.0 9.0 8.0 9.0 9.0 9.0 9.0 9.0 9.0 9.0 9.0 8.0 9.0 9.0 10.0 9.0 8.0 9.0 9.0 10.0
59 60 1 TRACE 17.0 8.0 7.0 7.0 7.0 7.0 7.0 7.0 7.0 7.0 7.0 19.0 19.0 19.0 19.0 19.0 7.0 7.0 19.0 19.0 19.0 19.0 19.0 7.0 7.0 8.0 19.0 19.0 19.0 20.0 7.0 7.0 19.0 19.0 19.0 19.0 19.0 19.0 19.0 7.0 25.0 19.0 19.0 19.0 19.0 19.0 19.0 18.0 7.0 19.0 19.0 19.0 19.0 19.0 19.0 19.0 19.0 20.0 19.0 7.0 19.0 19.0 19.0 7.0
60 61 1 TRACE 8.0 7.0 8.0 7.0 8.0 7.0 7.0 19.0 19.0 8.0 7.0 8.0 7.0 7.0 7.0 8.0 19.0 19.0 8.0 8.0 8.0 8.0 7.0 20.0 19.0 7.0 7.0 8.0 7.0 7.0 7.0 8.0 8.0 8.0 8.0 7.0 8.0 8.0 8.0 19.0 8.0 8.0 7.0 8.0 7.0 7.0 8.0 7.0 7.0 7.0 7.0 7.0 8.0 8.0 8.0 8.0 8.0 7.0 7.0 8.0 7.0 8.0 7.0 8.0
61 62 1 TRACE 8.0 8.0 6.0 7.0 20.0 18.0 19.0 7.0 7.0 20.0 7.0 7.0 7.0 7.0 8.0 7.0 7.0 7.0 8.0 7.0 8.0 7.0 8.0 7.0 7.0 8.0 7.0 7.0 8.0 7.0 19.0 19.0 7.0 8.0 8.0 8.0 7.0 7.0 8.0 7.0 7.0 7.0 8.0 7.0 7.0 7.0 7.0 8.0 8.0 8.0 8.0 8.0 8.0 7.0 8.0 7.0 8.0 8.0 8.0 7.0 7.0 7.0 8.0 7.0
62 1 1 TRACE 312.0 27.0 31.0 33.0 20.0 20.0 21.0 20.0 21.0 21.0 31.0 21.0 20.0 21.0 21.0 21.0 21.0 44.0 21.0 34.0 21.0 21.0 33.0 21.0 21.0 39.0 21.0 21.0 21.0 21.0 21.0 21.0 22.0 32.0 21.0 20.0 20.0 21.0 21.0 20.0 39.0 21.0 20.0 21.0 21.0 21.0 20.0 21.0 21.0 20.0 24.0 20.0 21.0 22.0 22.0 21.0 33.0 20.0 21.0 23.0 32.0 30.0 20.0
