0 1 CONSTANT 8.0
1 1 CONSTANT 8.0
2 1 CONSTANT 0.0
3 1 CONSTANT 8.0
4 1 CONSTANT 8.0
5 1 CONSTANT 8.0
6 1 CONSTANT 8.0
7 1 CONSTANT 8.0
8 1 CONSTANT 8.0
9 1 CONSTANT 0.0
10 1 CONSTANT 0.0
11 1 CONSTANT 0.0
12 1 CONSTANT 0.0
13 1 CONSTANT 8.0
14 1 CONSTANT 4.0
15 1 CONSTANT 4.0
16 1 CONSTANT 0.0
17 1 CONSTANT 0.0
18 1 CONSTANT 0.0
19 1 CONSTANT 0.0
20 1 CONSTANT 4.0
21 1 CONSTANT 8.0
22 1 CONSTANT 8.0
23 1 CONSTANT 8.0
24 1 CONSTANT 8.0
25 1 CONSTANT 4.0
26 1 CONSTANT 4.0
27 1 CONSTANT 8.0
28 1 TRACE 0.0 0.0 24.0 0.0 0.0 32.0 0.0 0.0 20.0 4.0 16.0 0.0 4.0 4.0 0.0 0.0 0.0 0.0 0.0 0.0 0.0 0.0 0.0 40.0 0.0 0.0 20.0 0.0 0.0 0.0 4.0 4.0 0.0 28.0 0.0 0.0 8.0 0.0 24.0 0.0 16.0 0.0 0.0 0.0 4.0 0.0 12.0 0.0 0.0 36.0 0.0 0.0 0.0 0.0 0.0 4.0 0.0 0.0 16.0 0.0 0.0 0.0 0.0 0.0 0.0 4.0 0.0 0.0 4.0 0.0 4.0 0.0 0.0 0.0 0.0 12.0 0.0 12.0 0.0 0.0 0.0 0.0 0.0 36.0 0.0 0.0 36.0 0.0 0.0 4.0 0.0 4.0 0.0 12.0 0.0 0.0 12.0 0.0 0.0 8.0 0.0 0.0 0.0 0.0 0.0 0.0 4.0 4.0 4.0 0.0 0.0 0.0 12.0 0.0 0.0 12.0 0.0 0.0 24.0 0.0 0.0 40.0 0.0 0.0 0.0 0.0 0.0 0.0 0.0 0.0 40.0 0.0 0.0 8.0 0.0 0.0 24.0 0.0 0.0 0.0 0.0 8.0 0.0 0.0 0.0 48.0 4.0 4.0 0.0 0.0 0.0 20.0 0.0 0.0 0.0 0.0 56.0 0.0 0.0 0.0 0.0 0.0 0.0 40.0 0.0 0.0 0.0 8.0 0.0 0.0 0.0 0.0 0.0 0.0 12.0 0.0 0.0 32.0 0.0 0.0 12.0 0.0 4.0 12.0 0.0 0.0 16.0 0.0 0.0 12.0 0.0
29 1 CONSTANT 4.0
30 1 TRACE 0.0 0.0 24.0 0.0 0.0 32.0 0.0 0.0 20.0 4.0 16.0 0.0 4.0 4.0 0.0 0.0 0.0 0.0 0.0 0.0 0.0 0.0 0.0 40.0 0.0 0.0 20.0 0.0 0.0 0.0 4.0 4.0 0.0 28.0 0.0 0.0 8.0 0.0 24.0 0.0 16.0 0.0 0.0 0.0 4.0 0.0 12.0 0.0 0.0 36.0 0.0 0.0 0.0 0.0 0.0 4.0 0.0 0.0 16.0 0.0 0.0 0.0 0.0 0.0 0.0 4.0 0.0 0.0 4.0 0.0 4.0 0.0 0.0 0.0 0.0 12.0 0.0 12.0 0.0 0.0 0.0 0.0 0.0 36.0 0.0 0.0 36.0 0.0 0.0 4.0 0.0 4.0 0.0 12.0 0.0 0.0 12.0 0.0 0.0 8.0 0.0 0.0 0.0 0.0 0.0 0.0 4.0 4.0 4.0 0.0 0.0 0.0 12.0 0.0 0.0 12.0 0.0 0.0 24.0 0.0 0.0 40.0 0.0 0.0 0.0 0.0 0.0 0.0 0.0 0.0 40.0 0.0 0.0 8.0 0.0 0.0 24.0 0.0 0.0 0.0 0.0 8.0 0.0 0.0 0.0 48.0 4.0 4.0 0.0 0.0 0.0 20.0 0.0 0.0 0.0 0.0 56.0 0.0 0.0 0.0 0.0 0.0 0.0 40.0 0.0 0.0 0.0 8.0 0.0 0.0 0.0 0.0 0.0 0.0 12.0 0.0 0.0 32.0 0.0 0.0 12.0 0.0 4.0 12.0 0.0 0.0 16.0 0.0 0.0 12.0 0.0
31 1 CONSTANT 8.0
32 1 CONSTANT 8.0
33 1 CONSTANT 4.0
34 1 CONSTANT 0.0
35 1 CONSTANT 0.0
36 1 CONSTANT 8.0
37 1 CONSTANT 8.0
38 1 CONSTANT 8.0
39 1 TRACE 8.0 0.0 0.0 8.0 0.0 0.0 8.0 0.0 0.0 8.0 0.0 0.0 8.0 0.0 0.0 8.0 0.0 0.0 8.0 0.0 0.0 8.0 0.0 0.0 8.0 8.0 0.0 0.0 8.0 0.0 0.0 8.0 0.0 0.0 8.0 0.0 0.0 8.0 0.0 8.0 0.0 0.0 8.0 0.0 0.0 8.0 0.0 0.0 8.0 0.0 0.0 8.0 0.0 0.0 8.0 0.0 0.0 8.0 0.0 0.0 8.0 0.0 0.0 8.0 8.0 0.0 0.0 8.0 0.0 0.0 8.0 0.0 0.0 8.0 0.0 0.0 8.0 0.0 0.0 8.0 0.0 0.0 8.0 0.0 0.0 8.0 0.0 0.0 8.0 0.0 0.0 8.0 8.0 0.0 0.0 8.0 0.0 0.0 8.0 0.0 0.0 8.0 0.0 0.0 8.0 0.0 0.0 8.0 0.0 0.0 8.0 0.0 0.0 8.0 0.0 0.0 8.0 0.0 0.0 8.0 8.0 0.0 0.0 8.0 0.0 8.0 0.0 0.0 8.0 0.0 0.0 0.0 8.0 0.0 0.0 8.0 0.0 0.0 8.0 0.0 8.0 0.0 0.0 8.0 0.0 0.0 8.0 0.0 0.0 8.0 0.0 0.0 8.0 0.0 0.0 8.0 0.0 0.0 8.0 0.0 0.0 8.0 8.0 0.0 0.0 8.0 0.0 0.0 0.0 8.0 0.0 0.0 8.0 0.0 0.0 8.0 0.0 0.0 8.0 0.0 0.0 8.0 0.0 0.0 8.0 8.0 0.0 0.0 8.0 0.0 0.0
40 1 CONSTANT 8.0
41 1 CONSTANT 8.0
42 1 CONSTANT 8.0
43 1 CONSTANT 712.0
44 1 CONSTANT 704.0
45 1 CONSTANT 8.0
46 1 CONSTANT 712.0
47 1 CONSTANT 4.0
48 1 TRACE 37808.0 10720.0 5824.0 4224.0 7920.0 5760.0 4192.0 3360.0 32.0 32.0 32.0 48.0 39440.0 11200.0 6736.0 5024.0 8160.0 5808.0 4208.0 3088.0 48.0 16.0 0.0 16.0 42832.0 11216.0 6496.0 5168.0 5936.0 4288.0 3680.0 2512.0 32.0 0.0 32.0 32.0 43728.0 11904.0 6800.0 4752.0 800.0 928.0 816.0 704.0 0.0 0.0 0.0 0.0 47008.0 12288.0 6768.0 5040.0 1552.0 1424.0 1488.0 1152.0 0.0 0.0 0.0 0.0 47584.0 11984.0 6480.0 4880.0 2256.0 2208.0 2032.0 1696.0 0.0 0.0 0.0 0.0 44960.0 11936.0 6640.0 4800.0 1120.0 1024.0 1056.0 928.0 0.0 0.0 0.0 0.0 37024.0 9920.0 5696.0 4944.0 9472.0 6368.0 4592.0 3296.0 48.0 0.0 48.0 32.0 28320.0 10480.0 6608.0 4736.0 256.0 144.0 240.0 160.0 0.0 0.0 0.0 0.0 47984.0 12176.0 6704.0 4864.0 1984.0 1856.0 1872.0 1584.0 0.0 0.0 0.0 0.0 39520.0 10688.0 5344.0 4560.0 7136.0 5360.0 4352.0 2896.0 48.0 16.0 32.0 16.0 47664.0 12160.0 6880.0 5376.0 3264.0 2672.0 2336.0 1696.0 16.0 0.0 16.0 16.0 31920.0 11328.0 6544.0 4704.0 304.0 208.0 368.0 208.0 0.0 0.0 0.0 0.0 43504.0 12384.0 6960.0 4832.0 784.0 688.0 864.0 768.0 0.0 0.0 0.0 0.0 47680.0 12144.0 6544.0 4848.0 2256.0 1968.0 2032.0 1584.0 0.0 0.0 0.0 0.0 39152.0 11632.0 6720.0 4560.0 576.0 480.0 512.0 496.0 0.0 0.0 0.0 0.0 30976.0 10624.0 6368.0 4176.0 352.0 192.0 320.0 304.0 0.0 0.0 0.0 0.0 38320.0 11776.0 6912.0 4752.0 384.0 480.0 496.0 432.0 0.0 0.0 0.0 0.0 47952.0 12240.0 6832.0 4928.0 2000.0 1632.0 1520.0 1296.0 0.0 0.0 0.0 0.0 38768.0 11600.0 6672.0 4800.0 448.0 400.0 576.0 384.0 0.0 0.0 0.0 0.0 48256.0 12512.0 6736.0 5008.0 2432.0 2256.0 2176.0 1584.0 0.0 0.0 0.0 0.0 37216.0 11472.0 6928.0 4640.0 496.0 384.0 448.0 384.0 0.0 0.0 0.0 0.0 48304.0 12128.0 6384.0 5104.0 2592.0 2320.0 2400.0 1696.0 0.0 0.0 0.0 0.0 44288.0 11856.0 6768.0 4752.0 816.0 880.0 864.0 752.0 0.0 0.0 0.0 0.0 43760.0 11456.0 5936.0 4800.0 5152.0 3904.0 3408.0 2672.0 32.0 0.0 48.0 16.0 43072.0 11728.0 6528.0 4768.0 672.0 656.0 800.0 640.0 0.0 0.0 0.0 0.0 47728.0 12128.0 6400.0 4880.0 2240.0 1968.0 1920.0 1440.0 0.0 0.0 0.0 0.0 29984.0 10784.0 6432.0 4688.0 256.0 272.0 304.0 208.0 0.0 0.0 0.0 0.0 33616.0 11104.0 6576.0 4480.0 352.0 304.0 352.0 304.0 0.0 0.0 0.0 0.0 46752.0 12272.0 6720.0 4704.0 1488.0 1216.0 1392.0 1152.0 0.0 0.0 0.0 0.0 45328.0 11808.0 6288.0 4592.0 928.0 1024.0 1136.0 960.0 0.0 0.0 0.0 0.0 42224.0 11744.0 6752.0 4768.0 768.0 672.0 752.0 640.0 0.0 0.0 0.0 0.0 46496.0 11568.0 6400.0 4688.0 1168.0 1184.0 1312.0 1088.0 0.0 0.0 0.0 0.0 48064.0 12352.0 6592.0 5280.0 1968.0 1856.0 1792.0 1296.0 0.0 0.0 0.0 0.0 49024.0 11968.0 6448.0 5056.0 1904.0 1792.0 1856.0 1392.0 0.0 0.0 0.0 0.0 43392.0 11872.0 6752.0 4688.0 720.0 832.0 752.0 736.0 0.0 0.0 0.0 0.0 46576.0 11616.0 6544.0 4848.0 3712.0 3008.0 2784.0 2032.0 16.0 0.0 0.0 0.0 44864.0 11648.0 6848.0 4656.0 4560.0 3664.0 3040.0 2528.0 16.0 0.0 16.0 16.0 41040.0 11344.0 6176.0 4288.0 6288.0 4768.0 3744.0 3024.0 32.0 0.0 48.0 16.0 27728.0 10848.0 6560.0 4576.0 240.0 144.0 272.0 176.0 0.0 0.0 0.0 0.0 24976.0 7776.0 4000.0 3808.0 16320.0 8768.0 5888.0 4240.0 96.0 48.0 96.0 48.0 0.0 0.0 0.0 0.0 44384.0 12064.0 6864.0 4800.0 800.0 864.0 784.0 752.0 0.0 0.0 0.0 0.0 37680.0 11504.0 6096.0 5072.0 8640.0 5664.0 4448.0 3072.0 48.0 32.0 48.0 0.0 19696.0 6400.0 3360.0 2448.0 18864.0 9248.0 5920.0 4416.0 112.0 112.0 80.0 64.0 0.0 0.0 0.0 0.0 45104.0 11456.0 6512.0 4672.0 944.0 960.0 1024.0 688.0 0.0 0.0 0.0 0.0 40016.0 11792.0 6720.0 4544.0 560.0 544.0 512.0 576.0 0.0 0.0 0.0 0.0 24256.0 10544.0 6752.0 4416.0 19632.0 9296.0 5680.0 4048.0 144.0 96.0 176.0 80.0 0.0 0.0 0.0 0.0 39056.0 11792.0 6864.0 4672.0 608.0 576.0 624.0 544.0 0.0 0.0 0.0 0.0 39056.0 11024.0 6320.0 4736.0 8384.0 5392.0 4208.0 3152.0 64.0 16.0 48.0 0.0 45632.0 12160.0 6704.0 4944.0 864.0 912.0 1200.0 832.0 0.0 0.0 0.0 0.0 44352.0 11120.0 6400.0 4864.0 5168.0 4064.0 3424.0 2624.0 32.0 16.0 0.0 16.0 46960.0 11936.0 6704.0 4656.0 1072.0 1200.0 1392.0 1072.0 0.0 0.0 0.0 0.0 33088.0 11072.0 6384.0 4672.0 400.0 304.0 336.0 256.0 0.0 0.0 0.0 0.0 45632.0 12320.0 6592.0 4768.0 1008.0 992.0 1328.0 1024.0 0.0 0.0 0.0 0.0 30560.0 11200.0 6544.0 4544.0 256.0 208.0 304.0 240.0 0.0 0.0 0.0 0.0 46912.0 11760.0 6768.0 4912.0 3472.0 2960.0 2576.0 2160.0 16.0 0.0 0.0 0.0 21840.0 7344.0 3584.0 3104.0 18144.0 9008.0 5744.0 4112.0 112.0 48.0 128.0 64.0 0.0 0.0 0.0 0.0 42272.0 11648.0 6784.0 4672.0 592.0 624.0 624.0 624.0 0.0 0.0 0.0 0.0 45392.0 11776.0 6576.0 4720.0 4432.0 3648.0 3152.0 2464.0 16.0 16.0 0.0 0.0 38688.0 10640.0 6128.0 4640.0 8128.0 5520.0 4352.0 3040.0 48.0 48.0 16.0 16.0 44400.0 11680.0 6880.0 4752.0 4800.0 3840.0 3168.0 2560.0 16.0 16.0 16.0 16.0 47776.0 12464.0 6768.0 5152.0 2768.0 2576.0 2480.0 1888.0 16.0 0.0 0.0 0.0 44176.0 11808.0 6720.0 4752.0 880.0 880.0 1024.0 864.0 0.0 0.0 0.0 0.0 48016.0 12208.0 6832.0 4640.0 1856.0 1776.0 1680.0 1472.0 0.0 0.0 0.0 0.0
49 1 TRACE 712.0 712.0 712.0 8.0 712.0 712.0 712.0 8.0 712.0 712.0 712.0 8.0 712.0 712.0 712.0 8.0 712.0 712.0 712.0 8.0 712.0 712.0 712.0 8.0 712.0 712.0 712.0 8.0 712.0 712.0 712.0 8.0 712.0 712.0 712.0 8.0 712.0 712.0 712.0 8.0 712.0 712.0 712.0 8.0 712.0 712.0 712.0 8.0 712.0 712.0 712.0 8.0 712.0 712.0 712.0 8.0 712.0 712.0 712.0 8.0 712.0 712.0 712.0 8.0 712.0 712.0 712.0 8.0 712.0 712.0 712.0 8.0 712.0 712.0 712.0 8.0 712.0 712.0 712.0 8.0 712.0 712.0 712.0 8.0 712.0 712.0 712.0 8.0 712.0 712.0 712.0 8.0 712.0 712.0 712.0 8.0 712.0 712.0 712.0 8.0 712.0 712.0 712.0 8.0 712.0 712.0 712.0 8.0 712.0 712.0 712.0 8.0 712.0 712.0 712.0 8.0 712.0 712.0 712.0 8.0 712.0 712.0 712.0 8.0 712.0 712.0 712.0 8.0 712.0 712.0 712.0 8.0 712.0 712.0 712.0 8.0 712.0 712.0 712.0 8.0 712.0 712.0 712.0 8.0 712.0 712.0 712.0 8.0 712.0 712.0 712.0 8.0 712.0 712.0 712.0 8.0 712.0 712.0 712.0 8.0 712.0 712.0 712.0 8.0 712.0 712.0 712.0 8.0 712.0 712.0 712.0 8.0 712.0 712.0 712.0 8.0 712.0 712.0 712.0 8.0 712.0 712.0 712.0 8.0 712.0 712.0 712.0 8.0 712.0 712.0 712.0 8.0 712.0 712.0 712.0 8.0 712.0 712.0 712.0 8.0 712.0 712.0 712.0 8.0 712.0 712.0 712.0 8.0 712.0 712.0 712.0 8.0 712.0 712.0 712.0 8.0 712.0 712.0 712.0 8.0 712.0 712.0 712.0 8.0 712.0 712.0 712.0 8.0 712.0 712.0 712.0 8.0 712.0 712.0 712.0 8.0 712.0 712.0 712.0 8.0 712.0 712.0 712.0 8.0 712.0 712.0 712.0 8.0 712.0 712.0 712.0 8.0 712.0 712.0 712.0 8.0 712.0 712.0 712.0 8.0 712.0 712.0 712.0 8.0 712.0 712.0 712.0 8.0 712.0 712.0 712.0 8.0 712.0 712.0 712.0 8.0 712.0 712.0 712.0 8.0 712.0 712.0 712.0 8.0 712.0 712.0 712.0 8.0 712.0 712.0 712.0 8.0 712.0 712.0 712.0 8.0 712.0 712.0 712.0 8.0 712.0 712.0 712.0 8.0 712.0 712.0 712.0 8.0 712.0 712.0 712.0 8.0 712.0 712.0 712.0 8.0 712.0 712.0 712.0 8.0 712.0 712.0 712.0 8.0 712.0 712.0 712.0 8.0 712.0 712.0 712.0 8.0 712.0 712.0 712.0 8.0 712.0 712.0 712.0 8.0 712.0 712.0 712.0 8.0 712.0 712.0 712.0 8.0 712.0 712.0 712.0 8.0 712.0 712.0 712.0 8.0 712.0 712.0 712.0 8.0 712.0 712.0 712.0 8.0 712.0 712.0 712.0 8.0 712.0 712.0 712.0 8.0 712.0 712.0 712.0 8.0 712.0 712.0 712.0 8.0 712.0 712.0 712.0 8.0 712.0 712.0 712.0 8.0 712.0 712.0 712.0 8.0 712.0 712.0 712.0 8.0 712.0 712.0 712.0 8.0 712.0 712.0 712.0 8.0 712.0 712.0 712.0 8.0 712.0 712.0 712.0 8.0 712.0 712.0 712.0 8.0 712.0 712.0 712.0 8.0 712.0 712.0 712.0 8.0 712.0 712.0 712.0 8.0 712.0 712.0 712.0 8.0 712.0 712.0 712.0 8.0 712.0 712.0 712.0 8.0 712.0 712.0 712.0 8.0 712.0 712.0 712.0 8.0 712.0 712.0 712.0 8.0 712.0 712.0 712.0 8.0 712.0 712.0 712.0 8.0 712.0 712.0 712.0 8.0 712.0 712.0 712.0 8.0 712.0 712.0 712.0 8.0 712.0 712.0 712.0 8.0 712.0 712.0 712.0 8.0 712.0 712.0 712.0 8.0 712.0 712.0 712.0 8.0 712.0 712.0 712.0 8.0 712.0 712.0 712.0 8.0 712.0 712.0 712.0 8.0 712.0 712.0 712.0 8.0 712.0 712.0 712.0 8.0 712.0 712.0 712.0 8.0 712.0 712.0 712.0 8.0 712.0 712.0 712.0 8.0 712.0 712.0 712.0 8.0 712.0 712.0 712.0 8.0 712.0 712.0 712.0 8.0 712.0 712.0 712.0 8.0 712.0 712.0 712.0 8.0 712.0 712.0 712.0 8.0 712.0 712.0 712.0 8.0 712.0 712.0 712.0 8.0 712.0 712.0 712.0 8.0 712.0 712.0 712.0 8.0 712.0 712.0 712.0 8.0 712.0 712.0 712.0 8.0 712.0 712.0 712.0 8.0 712.0 712.0 712.0 8.0 712.0 712.0 712.0 8.0 712.0 712.0 712.0 8.0 712.0 712.0 712.0 8.0 712.0 712.0 712.0 8.0 712.0 712.0 712.0 8.0 712.0 712.0 712.0 8.0 712.0 712.0 712.0 8.0 712.0 712.0 712.0 8.0 712.0 712.0 712.0 8.0 712.0 712.0 712.0 8.0 712.0 712.0 712.0 8.0 712.0 712.0 712.0 8.0 712.0 712.0 712.0 8.0 712.0 712.0 712.0 8.0 712.0 712.0 712.0 8.0 712.0 712.0 712.0 8.0 712.0 712.0 712.0 8.0 712.0 712.0 712.0 8.0 712.0 712.0 712.0 8.0 712.0 712.0 712.0 8.0 712.0 712.0 712.0 8.0 712.0 712.0 712.0 8.0 712.0 712.0 712.0 8.0 712.0 712.0 712.0 8.0 712.0 712.0 712.0 8.0 712.0 712.0 712.0 8.0 712.0 712.0 712.0 8.0 712.0 712.0 712.0 8.0 712.0 712.0 712.0 8.0 712.0 712.0 712.0 8.0 712.0 712.0 712.0 8.0 712.0 712.0 712.0 8.0 712.0 712.0 712.0 8.0 712.0 712.0 712.0 8.0 712.0 712.0 712.0 8.0 712.0 712.0 712.0 8.0 712.0 712.0 712.0 8.0 712.0 712.0 712.0 8.0 712.0 712.0 712.0 8.0 712.0 712.0 712.0 8.0 712.0 712.0 712.0 8.0 712.0 712.0 712.0 8.0 712.0 712.0 712.0 8.0 712.0 712.0 712.0 8.0 712.0 712.0 712.0 8.0 712.0 712.0 712.0 8.0 712.0 712.0 712.0 8.0 712.0 712.0 712.0 8.0 712.0 712.0 712.0 8.0 712.0 712.0 712.0 8.0 712.0 712.0 712.0 8.0 712.0 712.0 712.0 8.0
50 1 TRACE 8.0 8.0 8.0 8.0 8.0 8.0 8.0 8.0 8.0 8.0 8.0 8.0 8.0 8.0 8.0 8.0 8.0 8.0 8.0 8.0 8.0 8.0 8.0 8.0 8.0 8.0 8.0 8.0 8.0 8.0 8.0 8.0 8.0 8.0 8.0 8.0 8.0 8.0 0.0 8.0 8.0 8.0 8.0 8.0 8.0 8.0 8.0 8.0 8.0 8.0 8.0 8.0 8.0 8.0 8.0 8.0 8.0 8.0 8.0 8.0 8.0 8.0 8.0 8.0 8.0 8.0 8.0 8.0 8.0 8.0 8.0 8.0 8.0 8.0 8.0 8.0 8.0 8.0 8.0 8.0 8.0 8.0 8.0 8.0 8.0 8.0 8.0 8.0 8.0 8.0 8.0 8.0 8.0 8.0 8.0 8.0 8.0 8.0 8.0 8.0 8.0 8.0 8.0 8.0 8.0 8.0 8.0 8.0 8.0 8.0 8.0 8.0 8.0 8.0 8.0 8.0 8.0 8.0 8.0 8.0 8.0 8.0 8.0 0.0 8.0 8.0 8.0 8.0 8.0 8.0 8.0 8.0 8.0 0.0 8.0 8.0 8.0 8.0 8.0 8.0 8.0 8.0 8.0 0.0 8.0 8.0 8.0 8.0 8.0 8.0 8.0 8.0 8.0 8.0 8.0 8.0 8.0 8.0 8.0 8.0 8.0 8.0 8.0 8.0 8.0 8.0 8.0 8.0 8.0 8.0 8.0 8.0 8.0 8.0 0.0 8.0 8.0 8.0 8.0 8.0 8.0 8.0 8.0 8.0 8.0 8.0 8.0 8.0 8.0 8.0 8.0 8.0 8.0 8.0 8.0 8.0
51 1 CONSTANT 8.0
52 1 CONSTANT 8.0
53 1 CONSTANT 8.0
54 1 CONSTANT 0.0
55 1 CONSTANT 0.0
56 1 CONSTANT 0.0
57 1 CONSTANT 0.0
58 1 CONSTANT 0.0
59 1 CONSTANT 0.0
60 1 CONSTANT 0.0
61 1 CONSTANT 0.0
62 1 CONSTANT 8.0
