0 1 CONSTANT 8.0
1 1 CONSTANT 8.0
2 1 CONSTANT 0.0
3 1 CONSTANT 8.0
4 1 CONSTANT 8.0
5 1 CONSTANT 8.0
6 1 CONSTANT 8.0
7 1 CONSTANT 8.0
8 1 CONSTANT 8.0
9 1 CONSTANT 0.0
10 1 CONSTANT 0.0
11 1 CONSTANT 0.0
12 1 CONSTANT 0.0
13 1 CONSTANT 8.0
14 1 CONSTANT 4.0
15 1 CONSTANT 4.0
16 1 CONSTANT 0.0
17 1 CONSTANT 0.0
18 1 CONSTANT 0.0
19 1 CONSTANT 0.0
20 1 CONSTANT 4.0
21 1 CONSTANT 8.0
22 1 CONSTANT 8.0
23 1 CONSTANT 8.0
24 1 CONSTANT 8.0
25 1 CONSTANT 4.0
26 1 CONSTANT 4.0
27 1 CONSTANT 8.0
28 1 TRACE 0.0 0.0 0.0 0.0 0.0 0.0 0.0 0.0 4.0 0.0 12.0 4.0 0.0 24.0 0.0 0.0 0.0 4.0 0.0 0.0 0.0 0.0 0.0 0.0 16.0 0.0 0.0 36.0 4.0 0.0 0.0 0.0 8.0 0.0 0.0 0.0 0.0 0.0 0.0 0.0 20.0 0.0 0.0 0.0 16.0 0.0 0.0 0.0 0.0 0.0 4.0 12.0 0.0 4.0 0.0 0.0 0.0 16.0 0.0 0.0 16.0 0.0 0.0 12.0 4.0 12.0 4.0 0.0 0.0 0.0 0.0 8.0 0.0 0.0 0.0 8.0 0.0 4.0 12.0 0.0 8.0 0.0 0.0 4.0 8.0 4.0 0.0 8.0 0.0 0.0 4.0 0.0 28.0 0.0 0.0 4.0 16.0 0.0 4.0 24.0 4.0 4.0 8.0 0.0 0.0 0.0 20.0 0.0 0.0 8.0 0.0 0.0 16.0 0.0 0.0 16.0 0.0 0.0 0.0 8.0 0.0 0.0 8.0 0.0 0.0 16.0 0.0 0.0 4.0 0.0 0.0 0.0 8.0 0.0 0.0 12.0 0.0 4.0 0.0 0.0 0.0 8.0 4.0 8.0 0.0 0.0 4.0 0.0 0.0 4.0 8.0 0.0 4.0 0.0 0.0 16.0 0.0 4.0 12.0 0.0 0.0 12.0 0.0 0.0 16.0 0.0 0.0 0.0 0.0 0.0 0.0 20.0 0.0 4.0 0.0 0.0 0.0 0.0 0.0 28.0 0.0 0.0 12.0 0.0 0.0
29 1 CONSTANT 4.0
30 1 TRACE 0.0 0.0 0.0 0.0 0.0 0.0 0.0 0.0 4.0 0.0 12.0 4.0 0.0 24.0 0.0 0.0 0.0 4.0 0.0 0.0 0.0 0.0 0.0 0.0 16.0 0.0 0.0 36.0 4.0 0.0 0.0 0.0 8.0 0.0 0.0 0.0 0.0 0.0 0.0 0.0 20.0 0.0 0.0 0.0 16.0 0.0 0.0 0.0 0.0 0.0 4.0 12.0 0.0 4.0 0.0 0.0 0.0 16.0 0.0 0.0 16.0 0.0 0.0 12.0 4.0 12.0 4.0 0.0 0.0 0.0 0.0 8.0 0.0 0.0 0.0 8.0 0.0 4.0 12.0 0.0 8.0 0.0 0.0 4.0 8.0 4.0 0.0 8.0 0.0 0.0 4.0 0.0 28.0 0.0 0.0 4.0 16.0 0.0 4.0 24.0 4.0 4.0 8.0 0.0 0.0 0.0 20.0 0.0 0.0 8.0 0.0 0.0 16.0 0.0 0.0 16.0 0.0 0.0 0.0 8.0 0.0 0.0 8.0 0.0 0.0 16.0 0.0 0.0 4.0 0.0 0.0 0.0 8.0 0.0 0.0 12.0 0.0 4.0 0.0 0.0 0.0 8.0 4.0 8.0 0.0 0.0 4.0 0.0 0.0 4.0 8.0 0.0 4.0 0.0 0.0 16.0 0.0 4.0 12.0 0.0 0.0 12.0 0.0 0.0 16.0 0.0 0.0 0.0 0.0 0.0 0.0 20.0 0.0 4.0 0.0 0.0 0.0 0.0 0.0 28.0 0.0 0.0 12.0 0.0 0.0
31 1 CONSTANT 8.0
32 1 CONSTANT 8.0
33 1 CONSTANT 4.0
34 1 CONSTANT 0.0
35 1 CONSTANT 0.0
36 1 CONSTANT 8.0
37 1 CONSTANT 8.0
38 1 CONSTANT 8.0
39 1 TRACE 8.0 0.0 0.0 8.0 0.0 0.0 0.0 0.0 8.0 0.0 0.0 8.0 8.0 0.0 0.0 8.0 0.0 0.0 0.0 8.0 0.0 0.0 8.0 0.0 0.0 8.0 0.0 0.0 8.0 0.0 8.0 0.0 0.0 8.0 0.0 0.0 8.0 0.0 0.0 8.0 0.0 0.0 8.0 0.0 0.0 0.0 0.0 0.0 0.0 8.0 0.0 0.0 8.0 0.0 0.0 8.0 0.0 0.0 8.0 0.0 0.0 8.0 0.0 0.0 8.0 0.0 0.0 8.0 0.0 0.0 8.0 0.0 0.0 8.0 0.0 0.0 8.0 0.0 0.0 8.0 0.0 0.0 8.0 0.0 0.0 8.0 0.0 0.0 8.0 0.0 0.0 8.0 0.0 0.0 8.0 0.0 0.0 8.0 0.0 0.0 8.0 0.0 0.0 0.0 0.0 8.0 0.0 0.0 8.0 0.0 0.0 8.0 0.0 0.0 8.0 0.0 0.0 8.0 0.0 0.0 8.0 8.0 0.0 0.0 8.0 0.0 0.0 8.0 0.0 0.0 8.0 0.0 0.0 8.0 0.0 0.0 8.0 0.0 0.0 8.0 0.0 0.0 8.0 0.0 0.0 8.0 0.0 0.0 8.0 0.0 0.0 8.0 0.0 8.0 0.0 0.0 8.0 0.0 0.0 8.0 8.0 0.0 0.0 8.0 0.0 0.0 8.0 0.0 0.0 8.0 0.0 0.0 8.0 0.0 0.0 8.0 0.0 0.0 0.0 0.0 8.0 0.0 0.0 8.0 0.0
40 1 CONSTANT 8.0
41 1 CONSTANT 8.0
42 1 CONSTANT 8.0
43 1 CONSTANT 368.0
44 1 CONSTANT 360.0
45 1 CONSTANT 8.0
46 1 CONSTANT 368.0
47 1 CONSTANT 4.0
48 1 TRACE 22192.0 7184.0 4464.0 2736.0 544.0 320.0 208.0 192.0 0.0 0.0 16.0 0.0 18400.0 8464.0 6448.0 4464.0 8768.0 4480.0 3040.0 2032.0 80.0 32.0 96.0 0.0 0.0 0.0 0.0 0.0 17312.0 7616.0 5920.0 4368.0 9088.0 4784.0 3344.0 2032.0 80.0 32.0 48.0 16.0 0.0 0.0 0.0 0.0 24928.0 7776.0 4512.0 3120.0 2432.0 1920.0 1552.0 1216.0 16.0 0.0 16.0 0.0 14912.0 6336.0 3936.0 2640.0 192.0 96.0 112.0 16.0 0.0 0.0 0.0 0.0 25040.0 7472.0 4352.0 2672.0 896.0 672.0 704.0 560.0 0.0 0.0 16.0 0.0 17024.0 7600.0 6304.0 4464.0 9344.0 4896.0 3056.0 2080.0 48.0 16.0 64.0 32.0 0.0 0.0 0.0 0.0 25872.0 7728.0 4672.0 2912.0 1232.0 944.0 672.0 592.0 0.0 0.0 0.0 0.0 25440.0 7344.0 4416.0 3056.0 1552.0 1248.0 1152.0 752.0 16.0 0.0 16.0 0.0 21456.0 6768.0 4384.0 3408.0 4912.0 3376.0 2480.0 1600.0 32.0 0.0 16.0 0.0 18128.0 6960.0 5536.0 3840.0 7792.0 4688.0 2896.0 1984.0 48.0 32.0 80.0 0.0 0.0 0.0 0.0 0.0 24432.0 7680.0 4400.0 2720.0 720.0 512.0 528.0 512.0 16.0 0.0 16.0 0.0 24160.0 7376.0 4368.0 2752.0 752.0 544.0 512.0 304.0 0.0 0.0 16.0 0.0 24864.0 7680.0 4544.0 2896.0 912.0 736.0 544.0 368.0 0.0 0.0 16.0 0.0 20240.0 7408.0 4224.0 2656.0 368.0 224.0 208.0 144.0 0.0 0.0 0.0 0.0 26128.0 7520.0 4592.0 2880.0 1488.0 1200.0 1056.0 784.0 16.0 0.0 0.0 0.0 9520.0 3488.0 2720.0 1952.0 14192.0 6144.0 3920.0 2464.0 192.0 64.0 64.0 48.0 0.0 0.0 0.0 0.0 17856.0 7328.0 5456.0 4032.0 9248.0 4800.0 3200.0 2096.0 96.0 32.0 64.0 32.0 0.0 0.0 0.0 0.0 25824.0 7984.0 4496.0 3008.0 1968.0 1344.0 1392.0 976.0 16.0 0.0 16.0 0.0 24016.0 7680.0 4320.0 2752.0 736.0 496.0 432.0 304.0 0.0 0.0 0.0 0.0 25472.0 7472.0 4336.0 2736.0 1904.0 1744.0 1360.0 1088.0 16.0 0.0 16.0 0.0 24880.0 7520.0 4400.0 2896.0 2464.0 1840.0 1552.0 1280.0 32.0 0.0 32.0 0.0 24656.0 7568.0 4976.0 3248.0 2976.0 2032.0 1760.0 1280.0 0.0 16.0 32.0 0.0 22544.0 7264.0 4256.0 2688.0 592.0 352.0 384.0 224.0 0.0 0.0 0.0 0.0 20256.0 6944.0 4240.0 2608.0 416.0 176.0 160.0 128.0 0.0 0.0 0.0 0.0 22144.0 7088.0 4320.0 2768.0 512.0 320.0 304.0 160.0 0.0 0.0 0.0 0.0 25520.0 7552.0 4640.0 2960.0 1808.0 1648.0 1296.0 1088.0 0.0 16.0 16.0 0.0 26000.0 7552.0 4112.0 2816.0 1568.0 1424.0 1344.0 864.0 0.0 0.0 16.0 0.0 22752.0 7232.0 4208.0 2624.0 512.0 336.0 320.0 240.0 0.0 0.0 0.0 0.0 25760.0 7568.0 4528.0 2864.0 1536.0 1168.0 944.0 752.0 0.0 0.0 16.0 0.0 25824.0 7600.0 4592.0 3136.0 1696.0 1360.0 1184.0 800.0 16.0 0.0 16.0 0.0 25136.0 7824.0 4320.0 2736.0 880.0 608.0 560.0 464.0 16.0 0.0 0.0 0.0 18160.0 6768.0 3904.0 2576.0 336.0 192.0 160.0 80.0 0.0 0.0 0.0 0.0 25840.0 7584.0 4240.0 3040.0 1584.0 1296.0 1280.0 816.0 32.0 0.0 16.0 0.0 22592.0 7824.0 5184.0 3520.0 4608.0 2896.0 2224.0 1472.0 48.0 16.0 32.0 0.0 25184.0 7664.0 4576.0 2624.0 976.0 800.0 656.0 592.0 0.0 0.0 16.0 0.0 10432.0 6880.0 4704.0 2176.0 14336.0 6144.0 3760.0 2384.0 144.0 48.0 80.0 48.0 0.0 0.0 0.0 0.0 15984.0 6288.0 3808.0 2592.0 288.0 96.0 128.0 0.0 0.0 0.0 0.0 0.0 20736.0 7056.0 3840.0 2544.0 384.0 272.0 304.0 240.0 0.0 0.0 0.0 0.0 15344.0 6448.0 3984.0 2544.0 192.0 96.0 112.0 80.0 0.0 0.0 0.0 0.0 14544.0 5952.0 3728.0 2400.0 144.0 96.0 96.0 32.0 0.0 0.0 0.0 0.0 25776.0 7792.0 4512.0 2960.0 1472.0 1280.0 1072.0 864.0 16.0 0.0 16.0 0.0 21008.0 7152.0 4144.0 2672.0 448.0 256.0 288.0 128.0 0.0 0.0 16.0 0.0 14448.0 6368.0 3760.0 2432.0 256.0 64.0 96.0 48.0 0.0 0.0 0.0 0.0 24464.0 7808.0 4512.0 2608.0 704.0 528.0 448.0 416.0 0.0 0.0 16.0 0.0 25264.0 7520.0 4448.0 2736.0 1072.0 896.0 784.0 592.0 16.0 0.0 0.0 0.0 25520.0 7344.0 4480.0 3024.0 1264.0 960.0 832.0 560.0 16.0 0.0 16.0 0.0 24880.0 7584.0 4544.0 2800.0 816.0 608.0 464.0 528.0 0.0 0.0 16.0 0.0 26320.0 7552.0 4576.0 2848.0 1216.0 976.0 784.0 688.0 0.0 0.0 16.0 0.0 20624.0 7056.0 4448.0 2688.0 448.0 288.0 176.0 144.0 0.0 0.0 0.0 0.0 17216.0 6512.0 4000.0 2560.0 304.0 176.0 144.0 80.0 0.0 0.0 16.0 0.0 25712.0 7520.0 4480.0 2672.0 1568.0 1312.0 992.0 848.0 0.0 0.0 16.0 0.0 17904.0 5600.0 3936.0 2688.0 7488.0 4544.0 3056.0 1968.0 32.0 48.0 48.0 0.0 0.0 0.0 0.0 0.0 25472.0 7344.0 4720.0 2896.0 2272.0 1888.0 1504.0 1168.0 16.0 0.0 0.0 0.0 23984.0 7776.0 4688.0 3184.0 3168.0 2288.0 1792.0 1408.0 0.0 16.0 32.0 0.0 14512.0 6224.0 3840.0 2336.0 240.0 64.0 96.0 48.0 0.0 0.0 0.0 0.0 13968.0 6288.0 3696.0 2384.0 224.0 112.0 96.0 64.0 0.0 0.0 0.0 0.0 21152.0 7040.0 4320.0 2656.0 480.0 288.0 176.0 144.0 0.0 0.0 16.0 0.0 22832.0 8784.0 5872.0 4096.0 4880.0 3344.0 2240.0 1584.0 16.0 0.0 48.0 0.0 20784.0 7216.0 4336.0 2656.0 496.0 256.0 144.0 144.0 0.0 0.0 16.0 0.0 21744.0 7184.0 4336.0 2752.0 448.0 304.0 240.0 240.0 0.0 0.0 16.0 0.0 22048.0 7696.0 5008.0 3248.0 4656.0 3232.0 2272.0 1728.0 48.0 16.0 32.0 0.0 25136.0 7104.0 4368.0 3008.0 2400.0 1904.0 1552.0 1136.0 16.0 0.0 16.0 0.0 16992.0 7072.0 4832.0 3440.0 8720.0 4544.0 3184.0 2112.0 144.0 48.0 64.0 16.0 0.0 0.0 0.0 0.0
49 1 TRACE 376.0 368.0 376.0 8.0 376.0 368.0 376.0 8.0 376.0 368.0 376.0 8.0 376.0 368.0 376.0 8.0 376.0 368.0 376.0 8.0 376.0 368.0 376.0 8.0 376.0 368.0 376.0 8.0 376.0 368.0 376.0 8.0 376.0 368.0 376.0 8.0 376.0 368.0 376.0 8.0 376.0 368.0 376.0 8.0 376.0 368.0 376.0 8.0 376.0 368.0 376.0 8.0 376.0 368.0 376.0 8.0 376.0 368.0 376.0 8.0 376.0 368.0 376.0 8.0 376.0 368.0 376.0 8.0 376.0 368.0 376.0 8.0 376.0 368.0 376.0 8.0 376.0 368.0 376.0 8.0 376.0 368.0 376.0 8.0 376.0 368.0 376.0 8.0 376.0 368.0 376.0 8.0 376.0 368.0 376.0 8.0 376.0 368.0 376.0 8.0 376.0 368.0 376.0 8.0 376.0 368.0 376.0 8.0 376.0 368.0 376.0 8.0 376.0 368.0 376.0 8.0 376.0 368.0 376.0 8.0 376.0 368.0 376.0 8.0 376.0 368.0 376.0 8.0 376.0 368.0 376.0 8.0 376.0 368.0 376.0 8.0 376.0 368.0 376.0 8.0 376.0 368.0 376.0 8.0 376.0 368.0 376.0 8.0 376.0 368.0 376.0 8.0 376.0 368.0 376.0 8.0 376.0 368.0 376.0 8.0 376.0 368.0 376.0 8.0 376.0 368.0 376.0 8.0 376.0 368.0 376.0 8.0 376.0 368.0 376.0 8.0 376.0 368.0 376.0 8.0 376.0 368.0 376.0 8.0 376.0 368.0 376.0 8.0 376.0 368.0 376.0 8.0 376.0 368.0 376.0 8.0 376.0 368.0 376.0 8.0 376.0 368.0 376.0 8.0 376.0 368.0 376.0 8.0 376.0 368.0 376.0 8.0 376.0 368.0 376.0 8.0 376.0 368.0 376.0 8.0 376.0 368.0 376.0 8.0 376.0 368.0 376.0 8.0 376.0 368.0 376.0 8.0 376.0 368.0 376.0 8.0 376.0 368.0 376.0 8.0 376.0 368.0 376.0 8.0 376.0 368.0 376.0 8.0 376.0 368.0 376.0 8.0 376.0 368.0 376.0 8.0 376.0 368.0 376.0 8.0 376.0 368.0 376.0 8.0 376.0 368.0 376.0 8.0 376.0 368.0 376.0 8.0 376.0 368.0 376.0 8.0 376.0 368.0 376.0 8.0 376.0 368.0 376.0 8.0 376.0 368.0 376.0 8.0 376.0 368.0 376.0 8.0 376.0 368.0 376.0 8.0 376.0 368.0 376.0 8.0 376.0 368.0 376.0 8.0 376.0 368.0 376.0 8.0 376.0 368.0 376.0 8.0 376.0 368.0 376.0 8.0 376.0 368.0 376.0 8.0 376.0 368.0 376.0 8.0 376.0 368.0 376.0 8.0 376.0 368.0 376.0 8.0 376.0 368.0 376.0 8.0 376.0 368.0 376.0 8.0 376.0 368.0 376.0 8.0 376.0 368.0 376.0 8.0 376.0 368.0 376.0 8.0 376.0 368.0 376.0 8.0 376.0 368.0 376.0 8.0 376.0 368.0 376.0 8.0 376.0 368.0 376.0 8.0 376.0 368.0 376.0 8.0 376.0 368.0 376.0 8.0 376.0 368.0 376.0 8.0 376.0 368.0 376.0 8.0 376.0 368.0 376.0 8.0 376.0 368.0 376.0 8.0 376.0 368.0 376.0 8.0 376.0 368.0 376.0 8.0 376.0 368.0 376.0 8.0 376.0 368.0 376.0 8.0 376.0 368.0 376.0 8.0 376.0 368.0 376.0 8.0 376.0 368.0 376.0 8.0 376.0 368.0 376.0 8.0 376.0 368.0 376.0 8.0 376.0 368.0 376.0 8.0 376.0 368.0 376.0 8.0 376.0 368.0 376.0 8.0 376.0 368.0 376.0 8.0 376.0 368.0 376.0 8.0 376.0 368.0 376.0 8.0 376.0 368.0 376.0 8.0 376.0 368.0 376.0 8.0 376.0 368.0 376.0 8.0 376.0 368.0 376.0 8.0 376.0 368.0 376.0 8.0 376.0 368.0 376.0 8.0 376.0 368.0 376.0 8.0 376.0 368.0 376.0 8.0 376.0 368.0 376.0 8.0 376.0 368.0 376.0 8.0 376.0 368.0 376.0 8.0 376.0 368.0 376.0 8.0 376.0 368.0 376.0 8.0 376.0 368.0 376.0 8.0 376.0 368.0 376.0 8.0 376.0 368.0 376.0 8.0 376.0 368.0 376.0 8.0 376.0 368.0 376.0 8.0 376.0 368.0 376.0 8.0 376.0 368.0 376.0 8.0 376.0 368.0 376.0 8.0 376.0 368.0 376.0 8.0 376.0 368.0 376.0 8.0 376.0 368.0 376.0 8.0 376.0 368.0 376.0 8.0 376.0 368.0 376.0 8.0 376.0 368.0 376.0 8.0 376.0 368.0 376.0 8.0 376.0 368.0 376.0 8.0 376.0 368.0 376.0 8.0 376.0 368.0 376.0 8.0 376.0 368.0 376.0 8.0 376.0 368.0 376.0 8.0 376.0 368.0 376.0 8.0 376.0 368.0 376.0 8.0 376.0 368.0 376.0 8.0 376.0 368.0 376.0 8.0 376.0 368.0 376.0 8.0 376.0 368.0 376.0 8.0 376.0 368.0 376.0 8.0 376.0 368.0 376.0 8.0 376.0 368.0 376.0 8.0 376.0 368.0 376.0 8.0 376.0 368.0 376.0 8.0 376.0 368.0 376.0 8.0 376.0 368.0 376.0 8.0 376.0 368.0 376.0 8.0 376.0 368.0 376.0 8.0 376.0 368.0 376.0 8.0 376.0 368.0 376.0 8.0 376.0 368.0 376.0 8.0 376.0 368.0 376.0 8.0 376.0 368.0 376.0 8.0 376.0 368.0 376.0 8.0 376.0 368.0 376.0 8.0 376.0 368.0 376.0 8.0 376.0 368.0 376.0 8.0 376.0 368.0 376.0 8.0 376.0 368.0 376.0 8.0 376.0 368.0 376.0 8.0 376.0 368.0 376.0 8.0 376.0 368.0 376.0 8.0 376.0 368.0 376.0 8.0 376.0 368.0 376.0 8.0 376.0 368.0 376.0 8.0 376.0 368.0 376.0 8.0 376.0 368.0 376.0 8.0 376.0 368.0 376.0 8.0 376.0 368.0 376.0 8.0 376.0 368.0 376.0 8.0 376.0 368.0 376.0 8.0 376.0 368.0 376.0 8.0 376.0 368.0 376.0 8.0 376.0 368.0 376.0 8.0 376.0 368.0 376.0 8.0 376.0 368.0 376.0 8.0 376.0 368.0 376.0 8.0 376.0 368.0 376.0 8.0 376.0 368.0 376.0 8.0 376.0 368.0 376.0 8.0 376.0 368.0 376.0 8.0 376.0 368.0 376.0 8.0 376.0 368.0 376.0 8.0 376.0 368.0 376.0 8.0 376.0 368.0 376.0 8.0 376.0 368.0 376.0 8.0 376.0 368.0 376.0 8.0 376.0 368.0 376.0 8.0
50 1 TRACE 8.0 8.0 8.0 8.0 8.0 8.0 8.0 8.0 8.0 8.0 8.0 8.0 8.0 8.0 8.0 8.0 8.0 8.0 8.0 8.0 8.0 8.0 8.0 0.0 8.0 8.0 8.0 8.0 8.0 8.0 8.0 8.0 8.0 8.0 8.0 8.0 0.0 8.0 8.0 8.0 8.0 8.0 8.0 8.0 8.0 8.0 8.0 8.0 8.0 8.0 8.0 8.0 8.0 8.0 8.0 8.0 8.0 8.0 8.0 8.0 8.0 8.0 8.0 8.0 8.0 8.0 8.0 8.0 8.0 8.0 8.0 8.0 8.0 8.0 8.0 8.0 8.0 8.0 8.0 8.0 8.0 8.0 8.0 8.0 8.0 8.0 8.0 8.0 8.0 8.0 8.0 8.0 8.0 8.0 8.0 8.0 8.0 8.0 8.0 8.0 8.0 8.0 8.0 8.0 8.0 8.0 8.0 8.0 8.0 8.0 8.0 8.0 8.0 8.0 8.0 8.0 8.0 8.0 8.0 8.0 8.0 8.0 8.0 8.0 8.0 8.0 8.0 8.0 8.0 8.0 8.0 8.0 8.0 8.0 8.0 8.0 8.0 8.0 8.0 8.0 8.0 8.0 8.0 8.0 8.0 8.0 8.0 8.0 8.0 8.0 8.0 8.0 8.0 8.0 8.0 8.0 8.0 8.0 8.0 8.0 8.0 8.0 8.0 8.0 8.0 8.0 0.0 8.0 8.0 8.0 8.0 8.0 8.0 8.0 8.0 8.0 8.0 8.0 8.0 8.0 8.0 8.0 8.0 8.0 8.0 8.0 8.0 8.0 8.0 8.0 8.0 8.0 8.0 8.0 8.0 8.0 8.0 8.0 8.0 8.0 0.0
51 1 CONSTANT 8.0
52 1 CONSTANT 8.0
53 1 CONSTANT 8.0
54 1 CONSTANT 0.0
55 1 CONSTANT 0.0
56 1 CONSTANT 0.0
57 1 CONSTANT 0.0
58 1 CONSTANT 0.0
59 1 CONSTANT 0.0
60 1 CONSTANT 0.0
61 1 CONSTANT 0.0
62 1 CONSTANT 8.0
