0 1 CONSTANT 8.0
1 1 CONSTANT 8.0
2 1 CONSTANT 0.0
3 1 CONSTANT 8.0
4 1 CONSTANT 8.0
5 1 CONSTANT 8.0
6 1 CONSTANT 8.0
7 1 CONSTANT 8.0
8 1 CONSTANT 8.0
9 1 CONSTANT 0.0
10 1 CONSTANT 0.0
11 1 CONSTANT 0.0
12 1 CONSTANT 0.0
13 1 CONSTANT 8.0
14 1 CONSTANT 4.0
15 1 CONSTANT 4.0
16 1 CONSTANT 0.0
17 1 CONSTANT 0.0
18 1 CONSTANT 0.0
19 1 CONSTANT 0.0
20 1 CONSTANT 4.0
21 1 CONSTANT 8.0
22 1 CONSTANT 8.0
23 1 CONSTANT 8.0
24 1 CONSTANT 8.0
25 1 CONSTANT 4.0
26 1 CONSTANT 4.0
27 1 CONSTANT 8.0
28 1 TRACE 0.0 0.0 148.0 0.0 0.0 4.0 64.0 0.0 0.0 100.0 4.0 4.0 4.0 120.0 0.0 4.0 0.0 40.0 0.0 0.0 0.0 20.0 8.0 0.0 20.0 40.0 0.0 4.0 4.0 0.0 0.0 20.0 8.0 4.0 8.0 76.0 0.0 0.0 32.0 12.0 0.0 80.0 8.0 0.0 0.0 100.0 0.0 0.0 4.0 0.0 0.0 44.0 0.0 0.0 72.0 0.0 0.0 0.0 48.0 0.0 0.0 88.0 0.0 0.0 4.0 0.0 32.0 12.0 0.0 0.0 36.0 0.0 4.0 100.0 0.0 4.0 0.0 16.0 0.0 4.0 4.0 0.0 88.0 0.0 0.0 0.0 60.0 0.0 4.0 24.0 0.0 16.0 24.0 0.0 0.0 148.0 0.0 4.0 4.0 0.0 0.0 32.0 12.0 4.0 64.0 8.0 0.0 0.0 56.0 0.0 0.0 88.0 12.0 4.0 4.0 40.0 0.0 0.0 4.0 0.0 0.0 12.0 0.0 4.0 92.0 0.0 0.0 0.0 68.0 0.0 0.0 148.0 4.0 0.0 4.0 44.0 0.0 4.0 144.0 0.0 0.0 4.0 0.0 0.0 60.0 0.0 0.0 0.0 80.0 0.0 12.0 32.0 0.0 0.0 72.0 0.0 0.0 4.0 0.0 4.0 8.0 80.0 0.0 4.0 72.0 0.0 0.0 64.0 0.0 0.0 0.0 44.0 4.0 4.0 64.0 0.0 20.0 24.0 0.0 4.0 0.0 4.0 56.0 0.0 12.0 36.0 0.0 8.0 44.0 0.0 0.0 24.0 16.0 0.0 0.0 44.0 0.0 4.0 60.0 0.0 0.0 0.0 32.0 0.0 0.0 76.0 4.0
29 1 CONSTANT 4.0
30 1 TRACE 0.0 0.0 148.0 0.0 0.0 4.0 64.0 0.0 0.0 100.0 4.0 4.0 4.0 120.0 0.0 4.0 0.0 40.0 0.0 0.0 0.0 20.0 8.0 0.0 20.0 40.0 0.0 4.0 4.0 0.0 0.0 20.0 8.0 4.0 8.0 76.0 0.0 0.0 32.0 12.0 0.0 80.0 8.0 0.0 0.0 100.0 0.0 0.0 4.0 0.0 0.0 44.0 0.0 0.0 72.0 0.0 0.0 0.0 48.0 0.0 0.0 88.0 0.0 0.0 4.0 0.0 32.0 12.0 0.0 0.0 36.0 0.0 4.0 100.0 0.0 4.0 0.0 16.0 0.0 4.0 4.0 0.0 88.0 0.0 0.0 0.0 60.0 0.0 4.0 24.0 0.0 16.0 24.0 0.0 0.0 148.0 0.0 4.0 4.0 0.0 0.0 32.0 12.0 4.0 64.0 8.0 0.0 0.0 56.0 0.0 0.0 88.0 12.0 4.0 4.0 40.0 0.0 0.0 4.0 0.0 0.0 12.0 0.0 4.0 92.0 0.0 0.0 0.0 68.0 0.0 0.0 148.0 4.0 0.0 4.0 44.0 0.0 4.0 144.0 0.0 0.0 4.0 0.0 0.0 60.0 0.0 0.0 0.0 80.0 0.0 12.0 32.0 0.0 0.0 72.0 0.0 0.0 4.0 0.0 4.0 8.0 80.0 0.0 4.0 72.0 0.0 0.0 64.0 0.0 0.0 0.0 44.0 4.0 4.0 64.0 0.0 20.0 24.0 0.0 4.0 0.0 4.0 56.0 0.0 12.0 36.0 0.0 8.0 44.0 0.0 0.0 24.0 16.0 0.0 0.0 44.0 0.0 4.0 60.0 0.0 0.0 0.0 32.0 0.0 0.0 76.0 4.0
31 1 CONSTANT 8.0
32 1 CONSTANT 8.0
33 1 CONSTANT 4.0
34 1 CONSTANT 0.0
35 1 CONSTANT 0.0
36 1 CONSTANT 8.0
37 1 CONSTANT 8.0
38 1 CONSTANT 8.0
39 1 TRACE 8.0 0.0 8.0 0.0 8.0 0.0 8.0 0.0 8.0 0.0 0.0 8.0 0.0 8.0 0.0 8.0 0.0 0.0 0.0 0.0 8.0 0.0 0.0 8.0 0.0 0.0 8.0 0.0 0.0 8.0 8.0 0.0 0.0 8.0 0.0 8.0 0.0 8.0 0.0 0.0 8.0 0.0 0.0 8.0 0.0 0.0 8.0 0.0 0.0 8.0 0.0 0.0 8.0 0.0 8.0 0.0 8.0 0.0 0.0 8.0 0.0 0.0 8.0 0.0 0.0 8.0 0.0 0.0 8.0 0.0 0.0 8.0 0.0 8.0 0.0 8.0 0.0 0.0 0.0 0.0 8.0 0.0 8.0 0.0 8.0 0.0 0.0 8.0 0.0 0.0 8.0 0.0 0.0 8.0 0.0 8.0 0.0 0.0 0.0 8.0 8.0 0.0 0.0 8.0 0.0 0.0 8.0 0.0 8.0 0.0 8.0 0.0 0.0 8.0 0.0 0.0 8.0 0.0 0.0 8.0 0.0 0.0 8.0 0.0 8.0 0.0 8.0 0.0 0.0 8.0 0.0 8.0 0.0 8.0 0.0 0.0 8.0 0.0 0.0 8.0 0.0 0.0 8.0 0.0 8.0 0.0 8.0 0.0 0.0 8.0 0.0 0.0 8.0 0.0 8.0 0.0 8.0 0.0 0.0 8.0 0.0 0.0 8.0 0.0 0.0 8.0 0.0 8.0 0.0 8.0 0.0 0.0 8.0 0.0 0.0 8.0 0.0 0.0 0.0 0.0 8.0 0.0 0.0 8.0 0.0 0.0 8.0 0.0 0.0 8.0 8.0 0.0 0.0 8.0 0.0 0.0 8.0 0.0 8.0 0.0 8.0 0.0 0.0 8.0 0.0 8.0 0.0
40 1 CONSTANT 8.0
41 1 CONSTANT 8.0
42 1 CONSTANT 8.0
43 1 CONSTANT 2424.0
44 1 CONSTANT 2416.0
45 1 CONSTANT 8.0
46 1 CONSTANT 2424.0
47 1 CONSTANT 4.0
48 1 TRACE 141936.0 33280.0 21792.0 39072.0 24400.0 16240.0 160.0 128.0 160.0 170096.0 39520.0 24288.0 21744.0 15424.0 11040.0 80.0 32.0 112.0 118688.0 38496.0 22496.0 976.0 1296.0 1136.0 16.0 0.0 16.0 155920.0 37136.0 22624.0 30752.0 19616.0 14096.0 144.0 160.0 208.0 180112.0 41984.0 24384.0 7248.0 6112.0 5200.0 48.0 0.0 32.0 132240.0 32720.0 21328.0 46800.0 26704.0 17312.0 256.0 224.0 208.0 0.0 0.0 0.0 154224.0 41472.0 23344.0 2592.0 2112.0 2144.0 16.0 16.0 32.0 180464.0 40832.0 23936.0 13296.0 9984.0 8224.0 32.0 32.0 48.0 130864.0 31808.0 21504.0 47392.0 26880.0 17232.0 192.0 256.0 272.0 16.0 0.0 0.0 148944.0 40688.0 22864.0 2240.0 2400.0 2160.0 16.0 0.0 32.0 165856.0 38816.0 24480.0 23680.0 16608.0 12112.0 112.0 112.0 144.0 155728.0 41376.0 23744.0 2848.0 2640.0 2384.0 16.0 0.0 32.0 114336.0 39168.0 22608.0 1072.0 1040.0 1024.0 16.0 0.0 0.0 166352.0 39808.0 24848.0 24768.0 16832.0 12320.0 96.0 80.0 80.0 135312.0 33760.0 22112.0 46528.0 25824.0 17328.0 192.0 240.0 272.0 16.0 0.0 16.0 180768.0 41760.0 24000.0 11680.0 9168.0 7344.0 32.0 32.0 48.0 167824.0 38848.0 24208.0 22848.0 16064.0 12080.0 96.0 128.0 80.0 179024.0 41040.0 23072.0 11312.0 9104.0 7696.0 80.0 16.0 32.0 170736.0 39296.0 24096.0 20640.0 14928.0 11200.0 112.0 64.0 80.0 99552.0 22832.0 16272.0 68736.0 32752.0 20672.0 272.0 496.0 400.0 16.0 0.0 0.0 157088.0 40000.0 23088.0 3040.0 2800.0 2640.0 16.0 0.0 16.0 181504.0 41920.0 23408.0 10576.0 8464.0 7168.0 16.0 16.0 48.0 165872.0 38560.0 23776.0 23984.0 16624.0 12320.0 112.0 80.0 112.0 171168.0 42144.0 24096.0 4480.0 3664.0 3424.0 16.0 16.0 32.0 97168.0 25680.0 17792.0 74640.0 33184.0 20336.0 416.0 592.0 544.0 16.0 0.0 0.0 169280.0 39360.0 24912.0 21584.0 15760.0 11536.0 112.0 64.0 96.0 177056.0 41072.0 24000.0 16512.0 12048.0 9360.0 64.0 16.0 96.0 173760.0 42448.0 24144.0 5120.0 4256.0 4080.0 32.0 0.0 16.0 175024.0 41168.0 23504.0 6288.0 5472.0 4400.0 16.0 16.0 32.0 144688.0 36288.0 23248.0 38656.0 23552.0 15888.0 224.0 208.0 176.0 84560.0 24592.0 17776.0 87808.0 34832.0 21408.0 512.0 688.0 480.0 16.0 0.0 16.0 164592.0 41152.0 23424.0 3584.0 3200.0 2912.0 16.0 0.0 32.0 128352.0 39888.0 23072.0 1440.0 1408.0 1344.0 16.0 0.0 16.0 176448.0 40016.0 24304.0 16064.0 12144.0 9200.0 64.0 32.0 80.0 130048.0 39536.0 22912.0 1664.0 1536.0 1328.0 16.0 0.0 0.0 178512.0 40912.0 23104.0 7488.0 6112.0 5344.0 48.0 16.0 32.0 129520.0 33552.0 21840.0 48288.0 26320.0 17696.0 224.0 288.0 288.0 16.0 0.0 0.0 172832.0 42144.0 23904.0 4848.0 3904.0 3792.0 16.0 16.0 32.0 156880.0 37280.0 24608.0 30960.0 20496.0 13600.0 112.0 128.0 160.0 174224.0 40464.0 24576.0 18240.0 13520.0 10480.0 96.0 32.0 96.0 136176.0 34976.0 23568.0 45536.0 26128.0 17040.0 192.0 272.0 272.0 178928.0 40864.0 23632.0 12752.0 9536.0 7824.0 64.0 32.0 64.0 143200.0 36384.0 23776.0 40672.0 23504.0 15904.0 176.0 208.0 224.0 91456.0 25280.0 18000.0 78480.0 33280.0 20688.0 464.0 528.0 528.0 16.0 0.0 0.0 177936.0 40736.0 24224.0 15680.0 11536.0 9264.0 48.0 48.0 96.0 167120.0 39824.0 24160.0 23456.0 16320.0 11792.0 96.0 48.0 112.0 170256.0 41168.0 23600.0 4176.0 3920.0 3344.0 48.0 0.0 32.0 166112.0 38400.0 23712.0 24368.0 16672.0 12560.0 64.0 96.0 128.0 121440.0 31408.0 20720.0 54560.0 28416.0 18800.0 352.0 352.0 368.0 0.0 0.0 0.0 167056.0 38880.0 23728.0 23392.0 16496.0 12352.0 128.0 112.0 96.0 171536.0 39872.0 24672.0 20560.0 14720.0 10624.0 64.0 64.0 80.0 165328.0 38672.0 23664.0 24000.0 16992.0 12528.0 96.0 112.0 112.0 180080.0 42080.0 24176.0 12592.0 9520.0 7744.0 48.0 32.0 80.0 172480.0 40320.0 23856.0 19424.0 13664.0 10896.0 80.0 64.0 112.0 164096.0 41488.0 23744.0 3584.0 3392.0 3056.0 32.0 0.0 32.0 98576.0 26352.0 19616.0 75904.0 33776.0 20304.0 480.0 448.0 464.0 16.0 0.0 16.0 180896.0 40416.0 24304.0 9856.0 8416.0 6400.0 64.0 0.0 32.0 179440.0 41104.0 23632.0 8032.0 6368.0 5760.0 32.0 32.0 48.0 176384.0 41472.0 24768.0 17200.0 12400.0 9664.0 64.0 48.0 48.0 157232.0 41616.0 23440.0 3120.0 2480.0 2432.0 16.0 0.0 32.0 180608.0 41520.0 23568.0 12048.0 9360.0 7840.0 48.0 0.0 48.0 174656.0 40528.0 25056.0 18160.0 13488.0 10208.0 32.0 64.0 96.0 180912.0 42128.0 23824.0 8224.0 6624.0 5760.0 32.0 16.0 16.0 166352.0 38112.0 23952.0 24256.0 17296.0 12224.0 64.0 80.0 96.0
49 1 TRACE 2424.0 2424.0 8.0 2424.0 2424.0 8.0 2424.0 2424.0 8.0 2424.0 2424.0 8.0 2424.0 2424.0 8.0 2424.0 2424.0 8.0 2424.0 2424.0 8.0 2424.0 2424.0 8.0 2424.0 2424.0 8.0 2424.0 2424.0 8.0 2424.0 2424.0 8.0 2424.0 2424.0 8.0 2424.0 2424.0 8.0 2424.0 2424.0 8.0 2424.0 2424.0 8.0 2424.0 2424.0 8.0 2424.0 2424.0 8.0 2424.0 2424.0 8.0 2424.0 2424.0 8.0 2424.0 2424.0 8.0 2424.0 2424.0 8.0 2424.0 2424.0 8.0 2424.0 2424.0 8.0 2424.0 2424.0 8.0 2424.0 2424.0 8.0 2424.0 2424.0 8.0 2424.0 2424.0 8.0 2424.0 2424.0 8.0 2424.0 2424.0 8.0 2424.0 2424.0 8.0 2424.0 2424.0 8.0 2424.0 2424.0 8.0 2424.0 2424.0 8.0 2424.0 2424.0 8.0 2424.0 2424.0 8.0 2424.0 2424.0 8.0 2424.0 2424.0 8.0 2424.0 2424.0 8.0 2424.0 2424.0 8.0 2424.0 2424.0 8.0 2424.0 2424.0 8.0 2424.0 2424.0 8.0 2424.0 2424.0 8.0 2424.0 2424.0 8.0 2424.0 2424.0 8.0 2424.0 2424.0 8.0 2424.0 2424.0 8.0 2424.0 2424.0 8.0 2424.0 2424.0 8.0 2424.0 2424.0 8.0 2424.0 2424.0 8.0 2424.0 2424.0 8.0 2424.0 2424.0 8.0 2424.0 2424.0 8.0 2424.0 2424.0 8.0 2424.0 2424.0 8.0 2424.0 2424.0 8.0 2424.0 2424.0 8.0 2424.0 2424.0 8.0 2424.0 2424.0 8.0 2424.0 2424.0 8.0 2424.0 2424.0 8.0 2424.0 2424.0 8.0 2424.0 2424.0 8.0 2424.0 2424.0 8.0 2424.0 2424.0 8.0 2424.0 2424.0 8.0 2424.0 2424.0 8.0 2424.0 2424.0 8.0 2424.0 2424.0 8.0 2424.0 2424.0 8.0 2424.0 2424.0 8.0 2424.0 2424.0 8.0 2424.0 2424.0 8.0 2424.0 2424.0 8.0 2424.0 2424.0 8.0 2424.0 2424.0 8.0 2424.0 2424.0 8.0 2424.0 2424.0 8.0 2424.0 2424.0 8.0 2424.0 2424.0 8.0 2424.0 2424.0 8.0 2424.0 2424.0 8.0 2424.0 2424.0 8.0 2424.0 2424.0 8.0 2424.0 2424.0 8.0 2424.0 2424.0 8.0 2424.0 2424.0 8.0 2424.0 2424.0 8.0 2424.0 2424.0 8.0 2424.0 2424.0 8.0 2424.0 2424.0 8.0 2424.0 2424.0 8.0 2424.0 2424.0 8.0 2424.0 2424.0 8.0 2424.0 2424.0 8.0 2424.0 2424.0 8.0 2424.0 2424.0 8.0 2424.0 2424.0 8.0 2424.0 2424.0 8.0 2424.0 2424.0 8.0 2424.0 2424.0 8.0 2424.0 2424.0 8.0 2424.0 2424.0 8.0 2424.0 2424.0 8.0 2424.0 2424.0 8.0 2424.0 2424.0 8.0 2424.0 2424.0 8.0 2424.0 2424.0 8.0 2424.0 2424.0 8.0 2424.0 2424.0 8.0 2424.0 2424.0 8.0 2424.0 2424.0 8.0 2424.0 2424.0 8.0 2424.0 2424.0 8.0 2424.0 2424.0 8.0 2424.0 2424.0 8.0 2424.0 2424.0 8.0 2424.0 2424.0 8.0 2424.0 2424.0 8.0 2424.0 2424.0 8.0 2424.0 2424.0 8.0 2424.0 2424.0 8.0 2424.0 2424.0 8.0 2424.0 2424.0 8.0 2424.0 2424.0 8.0 2424.0 2424.0 8.0 2424.0 2424.0 8.0 2424.0 2424.0 8.0 2424.0 2424.0 8.0 2424.0 2424.0 8.0 2424.0 2424.0 8.0 2424.0 2424.0 8.0 2424.0 2424.0 8.0 2424.0 2424.0 8.0 2424.0 2424.0 8.0 2424.0 2424.0 8.0 2424.0 2424.0 8.0 2424.0 2424.0 8.0 2424.0 2424.0 8.0 2424.0 2424.0 8.0 2424.0 2424.0 8.0 2424.0 2424.0 8.0 2424.0 2424.0 8.0 2424.0 2424.0 8.0 2424.0 2424.0 8.0 2424.0 2424.0 8.0 2424.0 2424.0 8.0 2424.0 2424.0 8.0 2424.0 2424.0 8.0 2424.0 2424.0 8.0 2424.0 2424.0 8.0 2424.0 2424.0 8.0 2424.0 2424.0 8.0 2424.0 2424.0 8.0 2424.0 2424.0 8.0 2424.0 2424.0 8.0 2424.0 2424.0 8.0 2424.0 2424.0 8.0 2424.0 2424.0 8.0 2424.0 2424.0 8.0 2424.0 2424.0 8.0 2424.0 2424.0 8.0 2424.0 2424.0 8.0 2424.0 2424.0 8.0 2424.0 2424.0 8.0 2424.0 2424.0 8.0 2424.0 2424.0 8.0 2424.0 2424.0 8.0 2424.0 2424.0 8.0 2424.0 2424.0 8.0 2424.0 2424.0 8.0 2424.0 2424.0 8.0 2424.0 2424.0 8.0 2424.0 2424.0 8.0 2424.0 2424.0 8.0 2424.0 2424.0 8.0 2424.0 2424.0 8.0 2424.0 2424.0 8.0 2424.0 2424.0 8.0 2424.0 2424.0 8.0 2424.0 2424.0 8.0 2424.0 2424.0 8.0 2424.0 2424.0 8.0 2424.0 2424.0 8.0 2424.0 2424.0 8.0 2424.0 2424.0 8.0 2424.0 2424.0 8.0 2424.0 2424.0 8.0 2424.0 2424.0 8.0 2424.0 2424.0 8.0 2424.0 2424.0 8.0 2424.0 2424.0 8.0 2424.0 2424.0 8.0 2424.0 2424.0 8.0 2424.0 2424.0 8.0 2424.0 2424.0 8.0 2424.0 2424.0 8.0 2424.0 2424.0 8.0 2424.0 2424.0 8.0 2424.0 2424.0 8.0 2424.0 2424.0 8.0
50 1 CONSTANT 8.0
51 1 CONSTANT 8.0
52 1 CONSTANT 8.0
53 1 CONSTANT 8.0
54 1 CONSTANT 0.0
55 1 CONSTANT 0.0
56 1 CONSTANT 0.0
57 1 CONSTANT 0.0
58 1 CONSTANT 0.0
59 1 CONSTANT 0.0
60 1 CONSTANT 0.0
61 1 CONSTANT 0.0
62 1 CONSTANT 8.0
