0 1 CONSTANT 8.0
1 1 CONSTANT 8.0
2 1 CONSTANT 0.0
3 1 CONSTANT 8.0
4 1 CONSTANT 8.0
5 1 CONSTANT 8.0
6 1 CONSTANT 8.0
7 1 CONSTANT 8.0
8 1 CONSTANT 8.0
9 1 CONSTANT 0.0
10 1 CONSTANT 0.0
11 1 CONSTANT 0.0
12 1 CONSTANT 0.0
13 1 CONSTANT 8.0
14 1 CONSTANT 4.0
15 1 CONSTANT 4.0
16 1 CONSTANT 0.0
17 1 CONSTANT 0.0
18 1 CONSTANT 0.0
19 1 CONSTANT 0.0
20 1 CONSTANT 4.0
21 1 CONSTANT 8.0
22 1 CONSTANT 8.0
23 1 CONSTANT 8.0
24 1 CONSTANT 8.0
25 1 CONSTANT 4.0
26 1 CONSTANT 4.0
27 1 CONSTANT 8.0
28 1 TRACE 0.0 12.0 364.0 0.0 0.0 0.0 8.0 0.0 0.0 592.0 16.0 0.0 0.0 632.0 0.0 4.0 0.0 1036.0 4.0 0.0 0.0 4.0 0.0 0.0 412.0 0.0 0.0 0.0 344.0 28.0 0.0 4.0 336.0 4.0 0.0 4.0 1008.0 4.0 0.0 16.0 168.0 0.0 0.0 24.0 148.0 0.0 0.0 0.0 740.0 0.0 0.0 4.0 8.0 0.0 0.0 8.0 0.0 12.0 176.0 0.0 0.0 0.0 0.0 0.0 0.0 1368.0 4.0 0.0 0.0 676.0 0.0 0.0 0.0 8.0 0.0 0.0 16.0 0.0 4.0 964.0 4.0 0.0 0.0 28.0 136.0 0.0 0.0 68.0 52.0 0.0 0.0 0.0 908.0 0.0 0.0 4.0 236.0 0.0 0.0 0.0 12.0 420.0 0.0 0.0 0.0 1004.0 4.0 0.0 0.0 268.0 40.0 0.0 0.0 12.0 4.0 4.0 8.0 0.0 0.0 376.0 24.0 0.0 0.0 220.0 40.0 0.0 0.0 0.0 400.0 0.0 0.0 0.0 8.0 4.0 0.0 108.0 60.0 0.0 0.0 0.0 24.0 160.0 0.0 0.0 0.0 84.0 60.0 0.0 0.0 8.0 260.0 0.0 0.0 0.0 8.0 0.0 0.0 264.0 0.0 0.0 0.0 16.0 0.0 0.0 572.0 0.0 0.0 0.0 4.0 0.0 0.0 916.0 4.0 0.0 0.0 852.0 4.0 0.0 0.0 16.0 0.0 0.0 248.0 20.0 0.0 16.0 200.0 0.0 0.0 0.0 704.0 0.0 0.0 0.0 552.0 16.0 0.0 0.0 172.0 36.0 0.0 0.0 4.0 1096.0 0.0 0.0 0.0 1280.0 4.0 0.0 0.0 376.0 16.0 0.0 4.0 364.0 0.0 0.0 0.0 1196.0 8.0 0.0 0.0 360.0 28.0 0.0 0.0 16.0 0.0 0.0 12.0 0.0 0.0 4.0 0.0 236.0 28.0 0.0 0.0 0.0 16.0 312.0 0.0 0.0 0.0 1316.0 4.0
29 1 CONSTANT 4.0
30 1 TRACE 0.0 12.0 364.0 0.0 0.0 0.0 8.0 0.0 0.0 592.0 16.0 0.0 0.0 632.0 0.0 4.0 0.0 1036.0 4.0 0.0 0.0 4.0 0.0 0.0 412.0 0.0 0.0 0.0 344.0 28.0 0.0 4.0 336.0 4.0 0.0 4.0 1008.0 4.0 0.0 16.0 168.0 0.0 0.0 24.0 148.0 0.0 0.0 0.0 740.0 0.0 0.0 4.0 8.0 0.0 0.0 8.0 0.0 12.0 176.0 0.0 0.0 0.0 0.0 0.0 0.0 1368.0 4.0 0.0 0.0 676.0 0.0 0.0 0.0 8.0 0.0 0.0 16.0 0.0 4.0 964.0 4.0 0.0 0.0 28.0 136.0 0.0 0.0 68.0 52.0 0.0 0.0 0.0 908.0 0.0 0.0 4.0 236.0 0.0 0.0 0.0 12.0 420.0 0.0 0.0 0.0 1004.0 4.0 0.0 0.0 268.0 40.0 0.0 0.0 12.0 4.0 4.0 8.0 0.0 0.0 376.0 24.0 0.0 0.0 220.0 40.0 0.0 0.0 0.0 400.0 0.0 0.0 0.0 8.0 4.0 0.0 108.0 60.0 0.0 0.0 0.0 24.0 160.0 0.0 0.0 0.0 84.0 60.0 0.0 0.0 8.0 260.0 0.0 0.0 0.0 8.0 0.0 0.0 264.0 0.0 0.0 0.0 16.0 0.0 0.0 572.0 0.0 0.0 0.0 4.0 0.0 0.0 916.0 4.0 0.0 0.0 852.0 4.0 0.0 0.0 16.0 0.0 0.0 248.0 20.0 0.0 16.0 200.0 0.0 0.0 0.0 704.0 0.0 0.0 0.0 552.0 16.0 0.0 0.0 172.0 36.0 0.0 0.0 4.0 1096.0 0.0 0.0 0.0 1280.0 4.0 0.0 0.0 376.0 16.0 0.0 4.0 364.0 0.0 0.0 0.0 1196.0 8.0 0.0 0.0 360.0 28.0 0.0 0.0 16.0 0.0 0.0 12.0 0.0 0.0 4.0 0.0 236.0 28.0 0.0 0.0 0.0 16.0 312.0 0.0 0.0 0.0 1316.0 4.0
31 1 CONSTANT 8.0
32 1 CONSTANT 8.0
33 1 CONSTANT 4.0
34 1 CONSTANT 0.0
35 1 CONSTANT 0.0
36 1 CONSTANT 8.0
37 1 CONSTANT 8.0
38 1 CONSTANT 8.0
39 1 TRACE 8.0 0.0 8.0 0.0 8.0 0.0 0.0 8.0 8.0 0.0 0.0 8.0 0.0 8.0 0.0 8.0 0.0 8.0 0.0 8.0 0.0 0.0 8.0 0.0 8.0 0.0 8.0 8.0 0.0 0.0 8.0 0.0 8.0 0.0 8.0 0.0 8.0 0.0 8.0 0.0 8.0 0.0 8.0 0.0 8.0 0.0 8.0 0.0 8.0 0.0 8.0 0.0 0.0 8.0 0.0 0.0 8.0 0.0 8.0 0.0 8.0 0.0 0.0 8.0 0.0 8.0 0.0 8.0 0.0 8.0 0.0 8.0 0.0 0.0 8.0 0.0 0.0 8.0 0.0 8.0 0.0 8.0 8.0 0.0 8.0 0.0 8.0 0.0 8.0 0.0 8.0 0.0 8.0 0.0 8.0 0.0 8.0 0.0 8.0 8.0 0.0 8.0 0.0 8.0 0.0 8.0 0.0 8.0 8.0 0.0 0.0 8.0 0.0 0.0 8.0 0.0 0.0 8.0 8.0 0.0 0.0 8.0 8.0 0.0 8.0 0.0 8.0 0.0 8.0 0.0 8.0 0.0 0.0 8.0 8.0 0.0 8.0 0.0 8.0 8.0 0.0 8.0 0.0 8.0 8.0 0.0 8.0 0.0 8.0 0.0 8.0 0.0 8.0 0.0 0.0 8.0 0.0 8.0 0.0 8.0 0.0 0.0 8.0 0.0 8.0 0.0 8.0 0.0 0.0 8.0 0.0 8.0 0.0 8.0 0.0 8.0 0.0 8.0 0.0 0.0 8.0 8.0 0.0 0.0 8.0 0.0 8.0 0.0 8.0 0.0 8.0 0.0 8.0 8.0 0.0 0.0 8.0 8.0 0.0 8.0 0.0 8.0 0.0 8.0 0.0 8.0 0.0 8.0 0.0 8.0 8.0 0.0 0.0 8.0 0.0 8.0 0.0 8.0 0.0 8.0 0.0 8.0 8.0 0.0 0.0 8.0 0.0 0.0 8.0 0.0 0.0 8.0 0.0 0.0 8.0 0.0 8.0 0.0 8.0 8.0 0.0 8.0 0.0 8.0 0.0 8.0 0.0
40 1 CONSTANT 8.0
41 1 CONSTANT 8.0
42 1 CONSTANT 8.0
43 1 CONSTANT 30808.0
44 1 CONSTANT 30800.0
45 1 CONSTANT 8.0
46 1 CONSTANT 30808.0
47 1 CONSTANT 4.0
48 1 TRACE 1787776.0 573040.0 359472.0 262512.0 208384.0 172688.0 76544.0 69744.0 65088.0 60800.0 58912.0 53680.0 208.0 208.0 256.0 208.0 320.0 240.0 1100992.0 436464.0 292560.0 225360.0 183536.0 155520.0 476352.0 319808.0 239872.0 190336.0 162560.0 137104.0 1712.0 1728.0 1968.0 1824.0 2144.0 1968.0 0.0 0.0 32.0 0.0 0.0 0.0 924064.0 472272.0 316592.0 236256.0 195104.0 162016.0 4816.0 4864.0 5472.0 4992.0 5232.0 5040.0 0.0 16.0 48.0 32.0 32.0 0.0 1674656.0 553088.0 347792.0 259904.0 207296.0 171088.0 138384.0 121760.0 107696.0 95152.0 89344.0 80672.0 384.0 320.0 608.0 400.0 608.0 576.0 1530672.0 523008.0 333344.0 253552.0 202464.0 172528.0 208640.0 172832.0 145712.0 124720.0 114032.0 99888.0 656.0 704.0 752.0 864.0 976.0 704.0 854096.0 367632.0 250080.0 199232.0 166352.0 146832.0 692608.0 407328.0 287200.0 217392.0 181808.0 151872.0 3152.0 3360.0 3696.0 3168.0 3376.0 2960.0 0.0 16.0 48.0 16.0 0.0 0.0 1767536.0 567856.0 356368.0 262432.0 208816.0 173456.0 90256.0 82272.0 75520.0 69648.0 66464.0 61552.0 256.0 272.0 288.0 272.0 416.0 288.0 1080624.0 508048.0 331472.0 244208.0 198496.0 165056.0 6752.0 6992.0 7104.0 6720.0 7120.0 7056.0 32.0 16.0 48.0 48.0 16.0 0.0 1791808.0 576464.0 358928.0 265600.0 209616.0 173136.0 75888.0 68336.0 64352.0 59600.0 59424.0 53920.0 256.0 176.0 304.0 192.0 320.0 256.0 1521680.0 519008.0 332112.0 250448.0 201232.0 170032.0 213712.0 174096.0 147264.0 126032.0 113344.0 100416.0 688.0 576.0 800.0 752.0 976.0 608.0 1774592.0 583584.0 364192.0 264064.0 211136.0 172928.0 43872.0 41584.0 39872.0 38048.0 37552.0 36304.0 128.0 160.0 160.0 160.0 144.0 112.0 1731216.0 582016.0 362224.0 263472.0 209648.0 173392.0 33424.0 33392.0 32544.0 31184.0 31088.0 29328.0 64.0 80.0 112.0 112.0 176.0 48.0 1648624.0 543984.0 345184.0 259712.0 206064.0 172544.0 150528.0 131920.0 115568.0 102368.0 94672.0 85024.0 480.0 400.0 672.0 544.0 624.0 496.0 1314560.0 473200.0 305104.0 237744.0 190224.0 161840.0 321296.0 241664.0 196176.0 158608.0 140704.0 120576.0 1136.0 1120.0 1216.0 1248.0 1376.0 1168.0 0.0 0.0 16.0 0.0 0.0 0.0 1121264.0 440144.0 291744.0 225888.0 185856.0 159360.0 458480.0 315360.0 236224.0 187184.0 159488.0 135664.0 2016.0 1808.0 1920.0 1536.0 2128.0 1616.0 0.0 0.0 48.0 16.0 0.0 0.0 1771904.0 583888.0 363824.0 264576.0 212288.0 173360.0 41536.0 41072.0 39440.0 37456.0 36480.0 34976.0 160.0 128.0 208.0 80.0 240.0 128.0 1179200.0 453120.0 295792.0 229056.0 186528.0 159440.0 415248.0 291104.0 223456.0 179968.0 155184.0 131904.0 1456.0 1584.0 1744.0 1648.0 1808.0 1296.0 0.0 0.0 48.0 16.0 0.0 0.0 1413408.0 501488.0 324480.0 246288.0 198608.0 167824.0 271424.0 213344.0 172608.0 145536.0 129104.0 112144.0 976.0 800.0 976.0 1008.0 1216.0 848.0 1661216.0 544320.0 345824.0 256576.0 206192.0 171104.0 143984.0 125344.0 109024.0 98224.0 92128.0 82672.0 544.0 432.0 496.0 528.0 560.0 496.0 1181520.0 448224.0 296544.0 228128.0 186848.0 158576.0 413712.0 293600.0 222960.0 178928.0 153600.0 132064.0 1536.0 1584.0 1632.0 1632.0 1808.0 1584.0 0.0 0.0 16.0 16.0 0.0 0.0 734608.0 345584.0 230272.0 184144.0 153232.0 132912.0 797936.0 439728.0 303632.0 228064.0 188528.0 155920.0 3856.0 3712.0 4032.0 4144.0 4224.0 3872.0 0.0 16.0 32.0 32.0 16.0 0.0 1534528.0 522736.0 331840.0 252384.0 201184.0 169264.0 205600.0 172064.0 144336.0 123728.0 112224.0 99408.0 608.0 560.0 768.0 736.0 960.0 608.0 1739264.0 582336.0 360400.0 264032.0 210496.0 172576.0 33744.0 33488.0 32784.0 30768.0 31296.0 29552.0 112.0 80.0 144.0 96.0 176.0 96.0 1501088.0 567904.0 358944.0 259328.0 208576.0 171920.0 16400.0 16112.0 16704.0 16016.0 15808.0 15168.0 32.0 32.0 112.0 16.0 48.0 0.0 1611056.0 538016.0 342480.0 258640.0 204048.0 170512.0 170464.0 143968.0 125360.0 108192.0 100880.0 89840.0 560.0 448.0 464.0 528.0 768.0 608.0 1789648.0 578784.0 360128.0 264160.0 209600.0 171152.0 51600.0 48832.0 46608.0 43888.0 43536.0 42048.0 192.0 176.0 192.0 176.0 256.0 144.0 1755264.0 567904.0 355280.0 263328.0 209504.0 173040.0 99728.0 89056.0 81616.0 74304.0 70368.0 65104.0 272.0 288.0 304.0 288.0 448.0 192.0 1543968.0 525152.0 334544.0 251792.0 200048.0 169472.0 203728.0 167664.0 143136.0 122928.0 111840.0 97968.0 720.0 624.0 672.0 688.0 816.0 608.0 1179376.0 525840.0 339808.0 250304.0 202624.0 167120.0 8704.0 8848.0 8816.0 8592.0 8320.0 8160.0 0.0 16.0 64.0 48.0 16.0 0.0 925008.0 388928.0 269744.0 212384.0 175968.0 152304.0 629296.0 385360.0 273760.0 210000.0 176512.0 147536.0 2832.0 2784.0 2960.0 2752.0 2992.0 2688.0 16.0 0.0 32.0 16.0 0.0 0.0 1140496.0 446160.0 290416.0 225360.0 182336.0 155296.0 441024.0 306048.0 232128.0 184048.0 158272.0 135488.0 1648.0 1600.0 1792.0 1632.0 1920.0 1504.0 0.0 16.0 48.0 0.0 0.0 0.0 1087472.0 511088.0 334320.0 245280.0 200096.0 165456.0 6592.0 6336.0 7248.0 7008.0 7248.0 6608.0 16.0 16.0 48.0 16.0 0.0 0.0 1157088.0 518400.0 337072.0 248704.0 202240.0 166752.0 8016.0 8192.0 8912.0 8048.0 7904.0 7824.0 16.0 0.0 48.0 32.0 16.0 0.0 1769136.0 568608.0 355904.0 262448.0 208752.0 173296.0 88304.0 79008.0 73760.0 68032.0 65216.0 59728.0 304.0 272.0 272.0 288.0 432.0 272.0 768944.0 341104.0 228736.0 182832.0 155088.0 131088.0 754672.0 426784.0 296112.0 224000.0 186224.0 155600.0 3520.0 3536.0 3504.0 3760.0 3712.0 3408.0 0.0 16.0 48.0 0.0 0.0 0.0 1439856.0 558224.0 351728.0 254736.0 205056.0 168288.0 14368.0 14656.0 14736.0 13776.0 13568.0 13856.0 32.0 32.0 80.0 48.0 16.0 16.0 1758640.0 580448.0 361344.0 263040.0 208912.0 173952.0 40384.0 38032.0 36304.0 34976.0 34848.0 32720.0 80.0 144.0 160.0 160.0 224.0 128.0 1519040.0 567136.0 355408.0 257904.0 206880.0 170976.0 17440.0 17648.0 17184.0 16960.0 16272.0 16304.0 48.0 32.0 112.0 48.0 96.0 16.0 1788896.0 579280.0 360992.0 264000.0 210000.0 172992.0 55040.0 51728.0 49264.0 46352.0 45968.0 42512.0 176.0 128.0 256.0 112.0 208.0 208.0 1229392.0 460800.0 303328.0 231472.0 186000.0 159712.0 380528.0 274944.0 212256.0 171984.0 149536.0 128656.0 1424.0 1408.0 1600.0 1136.0 1792.0 1328.0 0.0 0.0 0.0 16.0 0.0 0.0 1795680.0 580112.0 362976.0 264224.0 209952.0 173328.0 59632.0 56192.0 53392.0 50032.0 49264.0 45040.0 208.0 144.0 240.0 96.0 304.0 256.0 799088.0 383872.0 266800.0 209616.0 174416.0 149904.0 779328.0 429312.0 294768.0 223072.0 184480.0 154912.0 3808.0 3808.0 4064.0 3920.0 4032.0 3824.0 0.0 0.0 64.0 32.0 0.0 0.0 1712960.0 553984.0 350672.0 263040.0 207328.0 173024.0 119216.0 105952.0 94960.0 84800.0 80960.0 73328.0 384.0 336.0 400.0 416.0 528.0 400.0 1192960.0 457680.0 297984.0 230288.0 183712.0 158160.0 403376.0 284768.0 219648.0 176944.0 153440.0 130272.0 1472.0 1472.0 1392.0 1600.0 1680.0 1408.0 0.0 16.0 32.0 0.0 0.0 0.0 1573504.0 531488.0 335888.0 255232.0 203056.0 171600.0 186240.0 153760.0 134784.0 115760.0 105840.0 92736.0 608.0 544.0 576.0 656.0 880.0 656.0 1597312.0 532608.0 339664.0 258800.0 204704.0 170512.0 177488.0 150480.0 128144.0 111344.0 103632.0 92688.0 528.0 512.0 576.0 608.0 880.0 512.0 824768.0 358880.0 247328.0 194624.0 158896.0 138512.0 703648.0 413520.0 287920.0 219360.0 182704.0 152848.0 3344.0 3168.0 3488.0 3152.0 3632.0 3344.0 0.0 0.0 48.0 32.0 0.0 0.0 1155136.0 521120.0 337680.0 247984.0 201840.0 166576.0 7728.0 7968.0 8320.0 8112.0 7920.0 7984.0 16.0 16.0 80.0 32.0 16.0 0.0 1771456.0 581152.0 360864.0 262992.0 210640.0 174080.0 44352.0 42880.0 41008.0 38704.0 38384.0 35648.0 112.0 96.0 256.0 128.0 224.0 144.0 1670752.0 553360.0 348016.0 258816.0 207776.0 173408.0 141488.0 122960.0 108448.0 97504.0 89920.0 81200.0 432.0 368.0 464.0 544.0 640.0 512.0 922336.0 472144.0 315344.0 234688.0 192768.0 160864.0 5136.0 4992.0 5712.0 5344.0 5264.0 4896.0 0.0 16.0 48.0 16.0 0.0 0.0 1272336.0 538624.0 345824.0 254384.0 204256.0 168048.0 9600.0 10112.0 9888.0 9760.0 9936.0 9600.0 16.0 16.0 64.0 16.0 16.0 32.0 1514672.0 519136.0 331040.0 249584.0 201120.0 169264.0 215488.0 176352.0 148880.0 127984.0 114624.0 102048.0 768.0 640.0 768.0 896.0 992.0 592.0 1462352.0 514240.0 331552.0 251472.0 201200.0 169920.0 245808.0 195184.0 161648.0 137568.0 122368.0 106592.0 912.0 736.0 864.0 912.0 1008.0 848.0 1044752.0 494192.0 325776.0 240864.0 197008.0 162768.0 6288.0 6672.0 6672.0 6496.0 6576.0 6336.0 16.0 0.0 48.0 32.0 32.0 0.0 1770912.0 570672.0 356592.0 262608.0 209472.0 172496.0 90592.0 82128.0 75664.0 70544.0 65968.0 61344.0 256.0 240.0 336.0 288.0 400.0 288.0 1457888.0 507168.0 322416.0 246048.0 199744.0 167344.0 246064.0 195216.0 161680.0 138368.0 122592.0 107264.0 880.0 848.0 912.0 960.0 1152.0 944.0 1091648.0 509072.0 333488.0 245760.0 200640.0 165344.0 6800.0 7168.0 7248.0 6704.0 7136.0 6976.0 16.0 0.0 32.0 16.0 48.0 0.0 792752.0 369056.0 249728.0 196656.0 162048.0 142864.0 757280.0 425296.0 293248.0 222784.0 185568.0 154528.0 3520.0 3664.0 3936.0 3712.0 3888.0 3488.0 16.0 0.0 48.0 16.0 0.0 0.0 771520.0 359904.0 251456.0 196048.0 162096.0 142416.0 786128.0 437408.0 297520.0 224880.0 186448.0 155616.0 3776.0 3568.0 4016.0 3872.0 3920.0 3760.0 16.0 0.0 48.0 32.0 0.0 0.0 1247472.0 465120.0 304672.0 232080.0 187648.0 161632.0 367072.0 267168.0 209856.0 169616.0 148512.0 126304.0 1424.0 1152.0 1440.0 1424.0 1504.0 1312.0 0.0 0.0 0.0 16.0 0.0 0.0 1170992.0 524832.0 338208.0 248480.0 201936.0 166880.0 7840.0 8016.0 8800.0 8080.0 8592.0 7856.0 16.0 16.0 48.0 32.0 16.0 0.0 1792800.0 579712.0 361408.0 265968.0 210624.0 172240.0 72128.0 65952.0 62176.0 58384.0 56304.0 52576.0 224.0 208.0 176.0 128.0 320.0 304.0 1432784.0 502960.0 325776.0 246864.0 199280.0 168848.0 258800.0 204480.0 167328.0 142192.0 126688.0 110448.0 928.0 784.0 976.0 992.0 1056.0 736.0
49 1 TRACE 30808.0 30808.0 30816.0 30808.0 30816.0 8.0 30808.0 30808.0 30816.0 30808.0 30816.0 8.0 30808.0 30808.0 30816.0 30808.0 30816.0 8.0 30808.0 30808.0 30816.0 30808.0 30816.0 8.0 30808.0 30808.0 30816.0 30808.0 30816.0 8.0 30808.0 30808.0 30816.0 30808.0 30816.0 8.0 30808.0 30808.0 30816.0 30808.0 30816.0 8.0 30808.0 30808.0 30816.0 30808.0 30816.0 8.0 30808.0 30808.0 30816.0 30808.0 30816.0 8.0 30808.0 30808.0 30816.0 30808.0 30816.0 8.0 30808.0 30808.0 30816.0 30808.0 30816.0 8.0 30808.0 30808.0 30816.0 30808.0 30816.0 8.0 30808.0 30808.0 30816.0 30808.0 30816.0 8.0 30808.0 30808.0 30816.0 30808.0 30816.0 8.0 30808.0 30808.0 30816.0 30808.0 30816.0 8.0 30808.0 30808.0 30816.0 30808.0 30816.0 8.0 30808.0 30808.0 30816.0 30808.0 30816.0 8.0 30808.0 30808.0 30816.0 30808.0 30816.0 8.0 30808.0 30808.0 30816.0 30808.0 30816.0 8.0 30808.0 30808.0 30816.0 30808.0 30816.0 8.0 30808.0 30808.0 30816.0 30808.0 30816.0 8.0 30808.0 30808.0 30816.0 30808.0 30816.0 8.0 30808.0 30808.0 30816.0 30808.0 30816.0 8.0 30808.0 30808.0 30816.0 30808.0 30816.0 8.0 30808.0 30808.0 30816.0 30808.0 30816.0 8.0 30808.0 30808.0 30816.0 30808.0 30816.0 8.0 30808.0 30808.0 30816.0 30808.0 30816.0 8.0 30808.0 30808.0 30816.0 30808.0 30816.0 8.0 30808.0 30808.0 30816.0 30808.0 30816.0 8.0 30808.0 30808.0 30816.0 30808.0 30816.0 8.0 30808.0 30808.0 30816.0 30808.0 30816.0 8.0 30808.0 30808.0 30816.0 30808.0 30816.0 8.0 30808.0 30808.0 30816.0 30808.0 30816.0 8.0 30808.0 30808.0 30816.0 30808.0 30816.0 8.0 30808.0 30808.0 30816.0 30808.0 30816.0 8.0 30808.0 30808.0 30816.0 30808.0 30816.0 8.0 30808.0 30808.0 30816.0 30808.0 30816.0 8.0 30808.0 30808.0 30816.0 30808.0 30816.0 8.0 30808.0 30808.0 30816.0 30808.0 30816.0 8.0 30808.0 30808.0 30816.0 30808.0 30816.0 8.0 30808.0 30808.0 30816.0 30808.0 30816.0 8.0 30808.0 30808.0 30816.0 30808.0 30816.0 8.0 30808.0 30808.0 30816.0 30808.0 30816.0 8.0 30808.0 30808.0 30816.0 30808.0 30816.0 8.0 30808.0 30808.0 30816.0 30808.0 30816.0 8.0 30808.0 30808.0 30816.0 30808.0 30816.0 8.0 30808.0 30808.0 30816.0 30808.0 30816.0 8.0 30808.0 30808.0 30816.0 30808.0 30816.0 8.0 30808.0 30808.0 30816.0 30808.0 30816.0 8.0 30808.0 30808.0 30816.0 30808.0 30816.0 8.0 30808.0 30808.0 30816.0 30808.0 30816.0 8.0 30808.0 30808.0 30816.0 30808.0 30816.0 8.0 30808.0 30808.0 30816.0 30808.0 30816.0 8.0 30808.0 30808.0 30816.0 30808.0 30816.0 8.0 30808.0 30808.0 30816.0 30808.0 30816.0 8.0 30808.0 30808.0 30816.0 30808.0 30816.0 8.0 30808.0 30808.0 30816.0 30808.0 30816.0 8.0 30808.0 30808.0 30816.0 30808.0 30816.0 8.0 30808.0 30808.0 30816.0 30808.0 30816.0 8.0 30808.0 30808.0 30816.0 30808.0 30816.0 8.0 30808.0 30808.0 30816.0 30808.0 30816.0 8.0 30808.0 30808.0 30816.0 30808.0 30816.0 8.0 30808.0 30808.0 30816.0 30808.0 30816.0 8.0 30808.0 30808.0 30816.0 30808.0 30816.0 8.0 30808.0 30808.0 30816.0 30808.0 30816.0 8.0 30808.0 30808.0 30816.0 30808.0 30816.0 8.0 30808.0 30808.0 30816.0 30808.0 30816.0 8.0 30808.0 30808.0 30816.0 30808.0 30816.0 8.0 30808.0 30808.0 30816.0 30808.0 30816.0 8.0 30808.0 30808.0 30816.0 30808.0 30816.0 8.0 30808.0 30808.0 30816.0 30808.0 30816.0 8.0 30808.0 30808.0 30816.0 30808.0 30816.0 8.0 30808.0 30808.0 30816.0 30808.0 30816.0 8.0 30808.0 30808.0 30816.0 30808.0 30816.0 8.0 30808.0 30808.0 30816.0 30808.0 30816.0 8.0 30808.0 30808.0 30816.0 30808.0 30816.0 8.0 30808.0 30808.0 30816.0 30808.0 30816.0 8.0 30808.0 30808.0 30816.0 30808.0 30816.0 8.0 30808.0 30808.0 30816.0 30808.0 30816.0 8.0 30808.0 30808.0 30816.0 30808.0 30816.0 8.0 30808.0 30808.0 30816.0 30808.0 30816.0 8.0 30808.0 30808.0 30816.0 30808.0 30816.0 8.0 30808.0 30808.0 30816.0 30808.0 30816.0 8.0 30808.0 30808.0 30816.0 30808.0 30816.0 8.0 30808.0 30808.0 30816.0 30808.0 30816.0 8.0 30808.0 30808.0 30816.0 30808.0 30816.0 8.0 30808.0 30808.0 30816.0 30808.0 30816.0 8.0 30808.0 30808.0 30816.0 30808.0 30816.0 8.0 30808.0 30808.0 30816.0 30808.0 30816.0 8.0 30808.0 30808.0 30816.0 30808.0 30816.0 8.0 30808.0 30808.0 30816.0 30808.0 30816.0 8.0 30808.0 30808.0 30816.0 30808.0 30816.0 8.0 30808.0 30808.0 30816.0 30808.0 30816.0 8.0 30808.0 30808.0 30816.0 30808.0 30816.0 8.0 30808.0 30808.0 30816.0 30808.0 30816.0 8.0 30808.0 30808.0 30816.0 30808.0 30816.0 8.0 30808.0 30808.0 30816.0 30808.0 30816.0 8.0 30808.0 30808.0 30816.0 30808.0 30816.0 8.0 30808.0 30808.0 30816.0 30808.0 30816.0 8.0 30808.0 30808.0 30816.0 30808.0 30816.0 8.0 30808.0 30808.0 30816.0 30808.0 30816.0 8.0 30808.0 30808.0 30816.0 30808.0 30816.0 8.0 30808.0 30808.0 30816.0 30808.0 30816.0 8.0 30808.0 30808.0 30816.0 30808.0 30816.0 8.0 30808.0 30808.0 30816.0 30808.0 30816.0 8.0 30808.0 30808.0 30816.0 30808.0 30816.0 8.0 30808.0 30808.0 30816.0 30808.0 30816.0 8.0 30808.0 30808.0 30816.0 30808.0 30816.0 8.0 30808.0 30808.0 30816.0 30808.0 30816.0 8.0 30808.0 30808.0 30816.0 30808.0 30816.0 8.0 30808.0 30808.0 30816.0 30808.0 30816.0 8.0 30808.0 30808.0 30816.0 30808.0 30816.0 8.0 30808.0 30808.0 30816.0 30808.0 30816.0 8.0 30808.0 30808.0 30816.0 30808.0 30816.0 8.0 30808.0 30808.0 30816.0 30808.0 30816.0 8.0 30808.0 30808.0 30816.0 30808.0 30816.0 8.0 30808.0 30808.0 30816.0 30808.0 30816.0 8.0 30808.0 30808.0 30816.0 30808.0 30816.0 8.0 30808.0 30808.0 30816.0 30808.0 30816.0 8.0 30808.0 30808.0 30816.0 30808.0 30816.0 8.0 30808.0 30808.0 30816.0 30808.0 30816.0 8.0 30808.0 30808.0 30816.0 30808.0 30816.0 8.0 30808.0 30808.0 30816.0 30808.0 30816.0 8.0 30808.0 30808.0 30816.0 30808.0 30816.0 8.0 30808.0 30808.0 30816.0 30808.0 30816.0 8.0 30808.0 30808.0 30816.0 30808.0 30816.0 8.0 30808.0 30808.0 30816.0 30808.0 30816.0 8.0 30808.0 30808.0 30816.0 30808.0 30816.0 8.0 30808.0 30808.0 30816.0 30808.0 30816.0 8.0 30808.0 30808.0 30816.0 30808.0 30816.0 8.0 30808.0 30808.0 30816.0 30808.0 30816.0 8.0 30808.0 30808.0 30816.0 30808.0 30816.0 8.0 30808.0 30808.0 30816.0 30808.0 30816.0 8.0 30808.0 30808.0 30816.0 30808.0 30816.0 8.0 30808.0 30808.0 30816.0 30808.0 30816.0 8.0 30808.0 30808.0 30816.0 30808.0 30816.0 8.0 30808.0 30808.0 30816.0 30808.0 30816.0 8.0 30808.0 30808.0 30816.0 30808.0 30816.0 8.0 30808.0 30808.0 30816.0 30808.0 30816.0 8.0 30808.0 30808.0 30816.0 30808.0 30816.0 8.0 30808.0 30808.0 30816.0 30808.0 30816.0 8.0 30808.0 30808.0 30816.0 30808.0 30816.0 8.0 30808.0 30808.0 30816.0 30808.0 30816.0 8.0 30808.0 30808.0 30816.0 30808.0 30816.0 8.0 30808.0 30808.0 30816.0 30808.0 30816.0 8.0 30808.0 30808.0 30816.0 30808.0 30816.0 8.0 30808.0 30808.0 30816.0 30808.0 30816.0 8.0 30808.0 30808.0 30816.0 30808.0 30816.0 8.0 30808.0 30808.0 30816.0 30808.0 30816.0 8.0 30808.0 30808.0 30816.0 30808.0 30816.0 8.0 30808.0 30808.0 30816.0 30808.0 30816.0 8.0 30808.0 30808.0 30816.0 30808.0 30816.0 8.0 30808.0 30808.0 30816.0 30808.0 30816.0 8.0 30808.0 30808.0 30816.0 30808.0 30816.0 8.0 30808.0 30808.0 30816.0 30808.0 30816.0 8.0 30808.0 30808.0 30816.0 30808.0 30816.0 8.0 30808.0 30808.0 30816.0 30808.0 30816.0 8.0 30808.0 30808.0 30816.0 30808.0 30816.0 8.0 30808.0 30808.0 30816.0 30808.0 30816.0 8.0 30808.0 30808.0 30816.0 30808.0 30816.0 8.0 30808.0 30808.0 30816.0 30808.0 30816.0 8.0 30808.0 30808.0 30816.0 30808.0 30816.0 8.0 30808.0 30808.0 30816.0 30808.0 30816.0 8.0 30808.0 30808.0 30816.0 30808.0 30816.0 8.0 30808.0 30808.0 30816.0 30808.0 30816.0 8.0 30808.0 30808.0 30816.0 30808.0 30816.0 8.0 30808.0 30808.0 30816.0 30808.0 30816.0 8.0 30808.0 30808.0 30816.0 30808.0 30816.0 8.0 30808.0 30808.0 30816.0 30808.0 30816.0 8.0 30808.0 30808.0 30816.0 30808.0 30816.0 8.0 30808.0 30808.0 30816.0 30808.0 30816.0 8.0 30808.0 30808.0 30816.0 30808.0 30816.0 8.0 30808.0 30808.0 30816.0 30808.0 30816.0 8.0 30808.0 30808.0 30816.0 30808.0 30816.0 8.0 30808.0 30808.0 30816.0 30808.0 30816.0 8.0 30808.0 30808.0 30816.0 30808.0 30816.0 8.0 30808.0 30808.0 30816.0 30808.0 30816.0 8.0 30808.0 30808.0 30816.0 30808.0 30816.0 8.0 30808.0 30808.0 30816.0 30808.0 30816.0 8.0 30808.0 30808.0 30816.0 30808.0 30816.0 8.0 30808.0 30808.0 30816.0 30808.0 30816.0 8.0 30808.0 30808.0 30816.0 30808.0 30816.0 8.0 30808.0 30808.0 30816.0 30808.0 30816.0 8.0 30808.0 30808.0 30816.0 30808.0 30816.0 8.0 30808.0 30808.0 30816.0 30808.0 30816.0 8.0 30808.0 30808.0 30816.0 30808.0 30816.0 8.0 30808.0 30808.0 30816.0 30808.0 30816.0 8.0 30808.0 30808.0 30816.0 30808.0 30816.0 8.0 30808.0 30808.0 30816.0 30808.0 30816.0 8.0 30808.0 30808.0 30816.0 30808.0 30816.0 8.0 30808.0 30808.0 30816.0 30808.0 30816.0 8.0 30808.0 30808.0 30816.0 30808.0 30816.0 8.0 30808.0 30808.0 30816.0 30808.0 30816.0 8.0 30808.0 30808.0 30816.0 30808.0 30816.0 8.0 30808.0 30808.0 30816.0 30808.0 30816.0 8.0 30808.0 30808.0 30816.0 30808.0 30816.0 8.0 30808.0 30808.0 30816.0 30808.0 30816.0 8.0 30808.0 30808.0 30816.0 30808.0 30816.0 8.0 30808.0 30808.0 30816.0 30808.0 30816.0 8.0 30808.0 30808.0 30816.0 30808.0 30816.0 8.0 30808.0 30808.0 30816.0 30808.0 30816.0 8.0 30808.0 30808.0 30816.0 30808.0 30816.0 8.0 30808.0 30808.0 30816.0 30808.0 30816.0 8.0 30808.0 30808.0 30816.0 30808.0 30816.0 8.0 30808.0 30808.0 30816.0 30808.0 30816.0 8.0 30808.0 30808.0 30816.0 30808.0 30816.0 8.0 30808.0 30808.0 30816.0 30808.0 30816.0 8.0 30808.0 30808.0 30816.0 30808.0 30816.0 8.0 30808.0 30808.0 30816.0 30808.0 30816.0 8.0
50 1 CONSTANT 8.0
51 1 CONSTANT 8.0
52 1 CONSTANT 8.0
53 1 CONSTANT 8.0
54 1 CONSTANT 0.0
55 1 CONSTANT 0.0
56 1 CONSTANT 0.0
57 1 CONSTANT 0.0
58 1 CONSTANT 0.0
59 1 CONSTANT 0.0
60 1 CONSTANT 0.0
61 1 CONSTANT 0.0
62 1 CONSTANT 8.0
