0 1 1 TRACE 1672854904782735.0
1 2 1 TRACE 11050.0 70.0 49.0 60.0 60.0 62.0 60.0 60.0 60.0 61.0 60.0 62.0 62.0 62.0 60.0 61.0 60.0 60.0 61.0 48.0 61.0 62.0 58.0 60.0 60.0 47.0 59.0 59.0 59.0 60.0 60.0 59.0 59.0 74.0 60.0 59.0 58.0 60.0 61.0 59.0 58.0 59.0 59.0 48.0 60.0 59.0 59.0 58.0 59.0 59.0 59.0 59.0 59.0 58.0 58.0 58.0 59.0 61.0 60.0 60.0 59.0 74.0 60.0 47.0
2 3 1 TRACE 566.0 27.0 42.0 24.0 24.0 25.0 24.0 24.0 25.0 25.0 24.0 25.0 24.0 28.0 32.0 24.0 23.0 25.0 24.0 103.0 24.0 28.0 31.0 23.0 24.0 70.0 24.0 24.0 23.0 25.0 25.0 24.0 67.0 24.0 143.0 25.0 24.0 25.0 25.0 33.0 30.0 25.0 65.0 25.0 47.0 23.0 24.0 29.0 30.0 24.0 24.0 24.0 26.0 26.0 24.0 30.0 24.0 25.0 24.0 28.0 53.0 24.0 24.0 31.0
3 4 1 TRACE 37.0 42.0 18.0 18.0 27.0 18.0 18.0 19.0 18.0 18.0 60.0 57.0 18.0 20.0 19.0 19.0 17.0 17.0 18.0 27.0 19.0 29.0 18.0 17.0 20.0 18.0 18.0 18.0 18.0 18.0 19.0 18.0 52.0 19.0 18.0 18.0 18.0 18.0 18.0 23.0 18.0 25.0 18.0 27.0 17.0 18.0 17.0 19.0 18.0 18.0 56.0 56.0 25.0 18.0 51.0 18.0 17.0 18.0 26.0 29.0 55.0 18.0 55.0 18.0
4 5 1 TRACE 17.0 14.0 13.0 13.0 13.0 13.0 13.0 13.0 13.0 13.0 13.0 13.0 13.0 13.0 39.0 13.0 13.0 12.0 13.0 31.0 23.0 14.0 13.0 48.0 13.0 12.0 13.0 13.0 13.0 13.0 13.0 13.0 13.0 13.0 24.0 13.0 13.0 13.0 12.0 12.0 13.0 15.0 12.0 20.0 13.0 13.0 13.0 13.0 14.0 13.0 14.0 14.0 12.0 12.0 14.0 12.0 13.0 13.0 13.0 13.0 15.0 13.0 13.0 13.0
5 6 1 TRACE 40.0 19.0 19.0 18.0 161.0 17.0 15.0 19.0 15.0 16.0 15.0 16.0 15.0 13.0 16.0 14.0 17.0 26.0 15.0 17.0 20.0 16.0 14.0 11.0 18.0 13.0 13.0 52.0 15.0 16.0 12.0 13.0 17.0 16.0 15.0 17.0 15.0 14.0 15.0 52.0 14.0 12.0 14.0 16.0 17.0 14.0 13.0 17.0 17.0 16.0 15.0 16.0 14.0 13.0 24.0 13.0 15.0 15.0 13.0 17.0 14.0 11.0 12.0 14.0
6 7 1 TRACE 20.0 14.0 15.0 15.0 23.0 13.0 12.0 10.0 181.0 11.0 10.0 11.0 192.0 11.0 13.0 11.0 14.0 14.0 13.0 14.0 16.0 12.0 13.0 9.0 13.0 12.0 14.0 10.0 14.0 16.0 14.0 48.0 13.0 13.0 22.0 14.0 14.0 14.0 13.0 10.0 13.0 13.0 14.0 9.0 15.0 14.0 14.0 15.0 12.0 12.0 12.0 13.0 11.0 12.0 11.0 11.0 13.0 13.0 12.0 12.0 14.0 13.0 12.0 14.0
7 8 1 TRACE 19.0 14.0 14.0 15.0 13.0 14.0 12.0 12.0 13.0 12.0 11.0 12.0 14.0 12.0 13.0 12.0 13.0 14.0 13.0 14.0 15.0 13.0 13.0 8.0 14.0 24.0 13.0 12.0 14.0 15.0 14.0 12.0 12.0 13.0 11.0 13.0 14.0 13.0 12.0 10.0 12.0 13.0 13.0 11.0 14.0 14.0 13.0 14.0 13.0 12.0 12.0 12.0 12.0 12.0 12.0 11.0 14.0 14.0 14.0 13.0 20.0 13.0 13.0 13.0
8 9 1 TRACE 18.0 14.0 14.0 15.0 12.0 13.0 13.0 13.0 14.0 12.0 19.0 19.0 15.0 12.0 20.0 13.0 15.0 13.0 14.0 14.0 14.0 13.0 15.0 8.0 13.0 8.0 14.0 10.0 10.0 15.0 14.0 9.0 12.0 13.0 11.0 13.0 14.0 13.0 13.0 19.0 12.0 14.0 21.0 11.0 14.0 13.0 13.0 14.0 12.0 12.0 32.0 23.0 11.0 11.0 20.0 12.0 13.0 13.0 12.0 13.0 20.0 14.0 20.0 50.0
9 10 1 TRACE 44.0 54.0 33.0 32.0 32.0 22.0 22.0 21.0 24.0 42.0 50.0 52.0 25.0 24.0 21.0 28.0 51.0 32.0 33.0 58.0 69.0 64.0 44.0 33.0 50.0 32.0 63.0 32.0 61.0 32.0 39.0 22.0 22.0 34.0 22.0 23.0 44.0 41.0 54.0 33.0 23.0 36.0 45.0 22.0 41.0 24.0 28.0 59.0 35.0 22.0 42.0 33.0 22.0 51.0 21.0 60.0 55.0 62.0 32.0 42.0 31.0 57.0 45.0 32.0
10 11 1 TRACE 19.0 34.0 26.0 39.0 15.0 14.0 15.0 16.0 15.0 14.0 15.0 13.0 13.0 25.0 24.0 14.0 14.0 14.0 14.0 28.0 15.0 13.0 25.0 14.0 15.0 13.0 25.0 24.0 24.0 14.0 15.0 24.0 13.0 14.0 13.0 25.0 37.0 15.0 25.0 13.0 25.0 14.0 14.0 25.0 13.0 26.0 25.0 20.0 14.0 25.0 13.0 14.0 25.0 15.0 25.0 45.0 24.0 24.0 14.0 26.0 16.0 25.0 14.0 13.0
11 12 1 TRACE 20.0 14.0 14.0 14.0 34.0 25.0 46.0 14.0 53.0 25.0 16.0 16.0 25.0 24.0 13.0 13.0 24.0 25.0 14.0 28.0 18.0 13.0 13.0 24.0 25.0 17.0 13.0 13.0 13.0 24.0 24.0 13.0 15.0 37.0 13.0 13.0 13.0 53.0 13.0 12.0 14.0 25.0 15.0 25.0 44.0 14.0 14.0 13.0 25.0 14.0 17.0 13.0 13.0 51.0 38.0 13.0 19.0 13.0 24.0 14.0 49.0 14.0 16.0 16.0
12 13 1 TRACE 19.0 14.0 14.0 13.0 14.0 24.0 14.0 24.0 22.0 32.0 57.0 14.0 14.0 14.0 13.0 24.0 14.0 13.0 14.0 27.0 54.0 12.0 14.0 13.0 13.0 13.0 13.0 13.0 13.0 13.0 13.0 37.0 14.0 13.0 22.0 14.0 13.0 13.0 13.0 13.0 24.0 14.0 55.0 13.0 16.0 25.0 25.0 14.0 13.0 25.0 13.0 13.0 24.0 13.0 13.0 19.0 13.0 13.0 13.0 14.0 16.0 13.0 15.0 32.0
13 14 1 TRACE 21.0 9.0 9.0 9.0 8.0 8.0 8.0 9.0 8.0 9.0 11.0 8.0 9.0 8.0 8.0 8.0 8.0 8.0 9.0 11.0 10.0 8.0 9.0 8.0 8.0 9.0 9.0 9.0 9.0 9.0 9.0 9.0 9.0 8.0 9.0 9.0 9.0 11.0 8.0 9.0 8.0 9.0 9.0 8.0 9.0 9.0 9.0 9.0 9.0 9.0 9.0 9.0 9.0 9.0 9.0 9.0 9.0 9.0 8.0 9.0 8.0 9.0 9.0 9.0
14 15 1 TRACE 23.0 14.0 13.0 13.0 13.0 12.0 13.0 13.0 13.0 13.0 16.0 13.0 14.0 13.0 12.0 12.0 13.0 13.0 13.0 20.0 14.0 13.0 13.0 40.0 12.0 13.0 14.0 13.0 18.0 13.0 12.0 12.0 13.0 13.0 13.0 13.0 13.0 16.0 13.0 12.0 12.0 12.0 13.0 13.0 12.0 12.0 12.0 13.0 13.0 13.0 13.0 12.0 12.0 13.0 13.0 13.0 13.0 12.0 13.0 12.0 13.0 13.0 13.0 13.0
15 16 1 TRACE 12.0 8.0 8.0 8.0 8.0 8.0 7.0 8.0 8.0 8.0 8.0 8.0 8.0 8.0 8.0 8.0 8.0 8.0 8.0 10.0 8.0 8.0 8.0 8.0 8.0 8.0 8.0 8.0 8.0 8.0 8.0 8.0 8.0 8.0 7.0 8.0 8.0 8.0 8.0 8.0 8.0 8.0 8.0 8.0 8.0 8.0 7.0 8.0 8.0 8.0 8.0 8.0 8.0 7.0 8.0 8.0 8.0 8.0 8.0 7.0 8.0 8.0 8.0 8.0
16 17 1 TRACE 38.0 33.0 52.0 27.0 27.0 38.0 28.0 27.0 39.0 64.0 27.0 101.0 36.0 26.0 28.0 64.0 26.0 29.0 64.0 46.0 64.0 25.0 98.0 66.0 30.0 27.0 26.0 33.0 76.0 26.0 69.0 25.0 68.0 64.0 50.0 27.0 26.0 32.0 27.0 40.0 29.0 27.0 43.0 86.0 26.0 28.0 27.0 62.0 31.0 27.0 91.0 28.0 26.0 25.0 59.0 26.0 29.0 33.0 36.0 64.0 50.0 26.0 67.0 26.0
17 18 1 TRACE 18.0 14.0 13.0 16.0 14.0 14.0 13.0 14.0 22.0 12.0 13.0 15.0 15.0 16.0 24.0 15.0 16.0 14.0 14.0 31.0 18.0 14.0 17.0 14.0 13.0 14.0 14.0 15.0 15.0 14.0 13.0 15.0 15.0 15.0 13.0 14.0 14.0 13.0 13.0 13.0 20.0 14.0 13.0 13.0 14.0 13.0 14.0 16.0 13.0 16.0 18.0 13.0 14.0 14.0 14.0 14.0 14.0 16.0 13.0 17.0 14.0 13.0 15.0 15.0
18 19 1 TRACE 21.0 14.0 15.0 14.0 21.0 33.0 15.0 15.0 25.0 17.0 16.0 22.0 16.0 13.0 13.0 16.0 14.0 15.0 17.0 19.0 24.0 65.0 13.0 13.0 17.0 14.0 16.0 13.0 16.0 16.0 18.0 15.0 14.0 14.0 15.0 16.0 16.0 14.0 16.0 39.0 31.0 17.0 16.0 15.0 15.0 15.0 16.0 15.0 14.0 13.0 13.0 16.0 15.0 16.0 14.0 20.0 51.0 13.0 15.0 17.0 14.0 17.0 16.0 14.0
19 20 1 TRACE 17.0 14.0 15.0 29.0 15.0 13.0 14.0 13.0 15.0 13.0 15.0 13.0 14.0 15.0 13.0 15.0 14.0 12.0 14.0 20.0 14.0 29.0 16.0 14.0 26.0 16.0 16.0 14.0 13.0 13.0 14.0 13.0 13.0 14.0 13.0 14.0 13.0 55.0 13.0 13.0 14.0 14.0 15.0 13.0 16.0 14.0 15.0 13.0 13.0 13.0 14.0 14.0 13.0 15.0 14.0 14.0 21.0 13.0 16.0 46.0 15.0 13.0 14.0 13.0
20 21 1 TRACE 19.0 15.0 15.0 15.0 15.0 15.0 15.0 15.0 14.0 15.0 15.0 15.0 14.0 14.0 15.0 15.0 15.0 14.0 15.0 17.0 15.0 14.0 14.0 15.0 15.0 15.0 14.0 14.0 15.0 15.0 34.0 15.0 16.0 15.0 15.0 15.0 15.0 14.0 14.0 14.0 15.0 16.0 15.0 14.0 14.0 14.0 14.0 14.0 15.0 15.0 15.0 14.0 14.0 14.0 14.0 14.0 15.0 14.0 15.0 15.0 15.0 14.0 15.0 15.0
21 22 1 TRACE 27.0 12.0 12.0 11.0 12.0 12.0 12.0 12.0 12.0 13.0 12.0 12.0 12.0 12.0 12.0 12.0 12.0 11.0 12.0 14.0 13.0 11.0 13.0 12.0 12.0 12.0 12.0 12.0 13.0 12.0 12.0 12.0 12.0 12.0 12.0 12.0 12.0 12.0 12.0 12.0 11.0 12.0 12.0 12.0 12.0 12.0 11.0 13.0 12.0 12.0 12.0 11.0 12.0 12.0 12.0 12.0 12.0 12.0 12.0 12.0 12.0 11.0 12.0 12.0
22 23 1 TRACE 177.0 90.0 109.0 115.0 109.0 112.0 109.0 113.0 111.0 114.0 109.0 115.0 112.0 111.0 112.0 109.0 110.0 114.0 112.0 131.0 80.0 106.0 113.0 110.0 110.0 116.0 112.0 111.0 110.0 147.0 87.0 68.0 107.0 108.0 109.0 108.0 109.0 110.0 107.0 109.0 109.0 136.0 107.0 109.0 110.0 108.0 109.0 109.0 110.0 117.0 110.0 110.0 109.0 110.0 68.0 108.0 115.0 109.0 107.0 75.0 114.0 111.0 110.0 113.0
23 24 1 TRACE 43.0 40.0 25.0 21.0 23.0 25.0 23.0 22.0 59.0 21.0 23.0 23.0 25.0 34.0 58.0 24.0 29.0 60.0 29.0 50.0 23.0 22.0 20.0 23.0 35.0 39.0 24.0 41.0 28.0 61.0 26.0 55.0 21.0 22.0 59.0 23.0 23.0 21.0 20.0 23.0 61.0 54.0 23.0 22.0 23.0 23.0 23.0 20.0 22.0 22.0 28.0 25.0 21.0 21.0 21.0 28.0 22.0 23.0 61.0 22.0 24.0 55.0 23.0 22.0
24 25 1 TRACE 50.0 19.0 18.0 18.0 18.0 17.0 19.0 18.0 17.0 18.0 52.0 18.0 17.0 18.0 19.0 18.0 18.0 19.0 18.0 25.0 18.0 18.0 19.0 18.0 19.0 18.0 27.0 18.0 19.0 21.0 18.0 17.0 19.0 19.0 17.0 18.0 17.0 18.0 17.0 18.0 17.0 20.0 18.0 17.0 19.0 17.0 17.0 20.0 18.0 19.0 18.0 17.0 18.0 20.0 17.0 17.0 18.0 19.0 18.0 18.0 17.0 18.0 17.0 18.0
25 26 1 TRACE 29.0 11.0 11.0 10.0 10.0 11.0 10.0 11.0 10.0 11.0 10.0 11.0 10.0 11.0 10.0 11.0 10.0 11.0 10.0 11.0 10.0 10.0 11.0 10.0 11.0 10.0 10.0 11.0 10.0 10.0 11.0 10.0 11.0 10.0 10.0 11.0 11.0 10.0 13.0 10.0 11.0 11.0 11.0 10.0 10.0 10.0 10.0 10.0 10.0 11.0 10.0 10.0 10.0 10.0 11.0 10.0 11.0 11.0 10.0 11.0 12.0 12.0 12.0 12.0 11.0 11.0 10.0 11.0 13.0 10.0 11.0 11.0 11.0 10.0 11.0 11.0 10.0 11.0 11.0 10.0 10.0 11.0 10.0 10.0 10.0 11.0 10.0 11.0 11.0 10.0 10.0 11.0 11.0 11.0 10.0 11.0 10.0 11.0 10.0 11.0 11.0 10.0 11.0 11.0 10.0 10.0 11.0 11.0 10.0 10.0 11.0 11.0 10.0 10.0 10.0 10.0 10.0 11.0 10.0 11.0 10.0 10.0 11.0 11.0 10.0 11.0 10.0 11.0 11.0 11.0 10.0 11.0 10.0 10.0 11.0 10.0 10.0 10.0 11.0 10.0 11.0 11.0 10.0 10.0 11.0 11.0 11.0 11.0 11.0 10.0 11.0 11.0 10.0 11.0 11.0 11.0 11.0 10.0 11.0 11.0 10.0 11.0 10.0 11.0 10.0 10.0 11.0 11.0 10.0 11.0 10.0 11.0 11.0 10.0 10.0 11.0 10.0 11.0 11.0 11.0 10.0 11.0 11.0 10.0 11.0 11.0 11.0 10.0 11.0 11.0 10.0 11.0 11.0 10.0 11.0 10.0 10.0 11.0 11.0 11.0 10.0 11.0 11.0 10.0 11.0 10.0 10.0 10.0 11.0 21.0 10.0 10.0 10.0 10.0
26 27 1 TRACE 11.0 7.0 8.0 7.0 7.0 7.0 8.0 8.0 7.0 7.0 7.0 8.0 7.0 8.0 7.0 7.0 7.0 8.0 7.0 7.0 7.0 8.0 8.0 7.0 8.0 7.0 7.0 7.0 7.0 7.0 8.0 7.0 7.0 7.0 7.0 8.0 8.0 7.0 7.0 7.0 8.0 8.0 7.0 7.0 7.0 8.0 7.0 7.0 7.0 8.0 7.0 7.0 7.0 7.0 8.0 7.0 7.0 7.0 7.0 7.0 8.0 20.0 8.0 8.0 8.0 8.0 8.0 8.0 7.0 7.0 8.0 8.0 8.0 7.0 8.0 7.0 7.0 8.0 8.0 7.0 7.0 8.0 7.0 7.0 7.0 8.0 7.0 7.0 8.0 7.0 7.0 8.0 8.0 7.0 7.0 8.0 7.0 8.0 7.0 8.0 8.0 7.0 8.0 8.0 7.0 7.0 7.0 8.0 7.0 7.0 8.0 7.0 8.0 8.0 8.0 7.0 7.0 7.0 7.0 7.0 7.0 7.0 8.0 8.0 7.0 7.0 7.0 8.0 8.0 8.0 7.0 8.0 7.0 7.0 8.0 8.0 8.0 7.0 8.0 7.0 8.0 7.0 7.0 7.0 8.0 8.0 8.0 8.0 8.0 7.0 8.0 8.0 7.0 8.0 7.0 7.0 7.0 7.0 8.0 8.0 7.0 8.0 7.0 7.0 7.0 7.0 8.0 8.0 7.0 8.0 7.0 7.0 8.0 7.0 8.0 8.0 7.0 7.0 8.0 7.0 7.0 7.0 7.0 7.0 8.0 8.0 8.0 7.0 8.0 7.0 7.0 8.0 7.0 7.0 8.0 7.0 7.0 8.0 7.0 7.0 7.0 7.0 8.0 7.0 8.0 7.0 7.0 7.0 8.0 8.0 7.0 7.0 7.0 7.0
27 28 1 TRACE 10.0 8.0 7.0 7.0 8.0 7.0 7.0 7.0 7.0 8.0 8.0 7.0 8.0 7.0 8.0 8.0 8.0 7.0 7.0 8.0 7.0 7.0 7.0 8.0 7.0 7.0 8.0 8.0 8.0 7.0 7.0 8.0 8.0 8.0 7.0 8.0 7.0 8.0 7.0 8.0 7.0 7.0 8.0 7.0 8.0 8.0 7.0 7.0 7.0 7.0 8.0 7.0 8.0 8.0 8.0 7.0 7.0 7.0 8.0 8.0 8.0 9.0 8.0 9.0 8.0 8.0 8.0 7.0 8.0 8.0 7.0 7.0 7.0 7.0 7.0 8.0 8.0 7.0 7.0 7.0 7.0 7.0 8.0 8.0 7.0 7.0 7.0 7.0 8.0 7.0 7.0 7.0 7.0 8.0 8.0 7.0 7.0 7.0 7.0 7.0 7.0 8.0 7.0 8.0 7.0 8.0 7.0 7.0 8.0 7.0 7.0 8.0 7.0 7.0 8.0 7.0 7.0 7.0 7.0 8.0 8.0 8.0 8.0 7.0 7.0 8.0 8.0 7.0 7.0 7.0 7.0 7.0 7.0 7.0 7.0 7.0 7.0 8.0 7.0 8.0 7.0 7.0 8.0 8.0 7.0 7.0 7.0 7.0 7.0 8.0 7.0 7.0 8.0 7.0 8.0 7.0 7.0 8.0 8.0 7.0 7.0 7.0 7.0 7.0 7.0 8.0 7.0 7.0 7.0 7.0 8.0 7.0 8.0 8.0 7.0 7.0 7.0 7.0 7.0 7.0 7.0 7.0 7.0 8.0 7.0 7.0 7.0 7.0 7.0 7.0 7.0 7.0 8.0 8.0 7.0 7.0 8.0 7.0 7.0 8.0 7.0 7.0 7.0 8.0 7.0 7.0 8.0 8.0 7.0 7.0 7.0 7.0 8.0 7.0
28 29 1 TRACE 12.0 9.0 9.0 9.0 9.0 8.0 9.0 8.0 9.0 8.0 8.0 8.0 9.0 9.0 9.0 8.0 8.0 9.0 8.0 8.0 8.0 8.0 8.0 8.0 8.0 8.0 8.0 8.0 9.0 8.0 8.0 8.0 9.0 8.0 8.0 9.0 8.0 8.0 10.0 8.0 8.0 8.0 8.0 8.0 9.0 9.0 8.0 8.0 9.0 9.0 8.0 8.0 8.0 8.0 9.0 8.0 9.0 9.0 8.0 8.0 9.0 22.0 9.0 9.0 9.0 9.0 9.0 8.0 9.0 8.0 9.0 8.0 8.0 8.0 8.0 9.0 8.0 8.0 8.0 9.0 9.0 8.0 8.0 8.0 9.0 8.0 8.0 9.0 9.0 8.0 8.0 8.0 8.0 8.0 8.0 9.0 8.0 8.0 8.0 9.0 8.0 8.0 8.0 8.0 8.0 8.0 8.0 8.0 8.0 8.0 9.0 8.0 8.0 8.0 9.0 9.0 8.0 9.0 9.0 8.0 8.0 8.0 8.0 8.0 9.0 8.0 8.0 8.0 8.0 9.0 9.0 9.0 9.0 9.0 9.0 9.0 8.0 8.0 8.0 8.0 8.0 8.0 8.0 8.0 9.0 9.0 9.0 8.0 8.0 8.0 9.0 8.0 8.0 9.0 8.0 8.0 9.0 8.0 8.0 9.0 8.0 9.0 9.0 9.0 8.0 8.0 8.0 9.0 8.0 9.0 8.0 9.0 9.0 8.0 8.0 9.0 8.0 8.0 9.0 9.0 9.0 9.0 9.0 9.0 9.0 9.0 9.0 8.0 9.0 8.0 9.0 8.0 8.0 8.0 9.0 8.0 8.0 8.0 8.0 8.0 8.0 9.0 9.0 8.0 9.0 8.0 8.0 8.0 9.0 8.0 9.0 9.0 8.0 9.0
29 30 1 TRACE 45.0 26.0 35.0 28.0 29.0 44.0 35.0 28.0 30.0 29.0 29.0 31.0 29.0 48.0 66.0 65.0 36.0 27.0 30.0 26.0 33.0 28.0 30.0 28.0 28.0 30.0 31.0 26.0 29.0 30.0 72.0 41.0 35.0 29.0 27.0 52.0 32.0 38.0 16.0 30.0 26.0 61.0 28.0 25.0 25.0 25.0 29.0 29.0 28.0 31.0 27.0 33.0 29.0 26.0 36.0 41.0 55.0 33.0 52.0 26.0 101.0 45.0 66.0 33.0 66.0 37.0 28.0 48.0 29.0 27.0 37.0 59.0 31.0 28.0 30.0 35.0 28.0 70.0 27.0 29.0 60.0 31.0 29.0 26.0 103.0 31.0 31.0 27.0 27.0 27.0 27.0 29.0 33.0 28.0 68.0 30.0 28.0 29.0 61.0 39.0 31.0 60.0 32.0 56.0 63.0 26.0 26.0 74.0 24.0 27.0 73.0 27.0 27.0 31.0 25.0 29.0 28.0 101.0 29.0 24.0 99.0 28.0 36.0 37.0 67.0 28.0 28.0 29.0 70.0 27.0 57.0 71.0 26.0 31.0 58.0 27.0 28.0 62.0 27.0 87.0 29.0 35.0 25.0 29.0 29.0 27.0 30.0 28.0 28.0 71.0 29.0 61.0 60.0 68.0 29.0 66.0 31.0 36.0 31.0 29.0 28.0 25.0 31.0 34.0 29.0 60.0 66.0 30.0 51.0 30.0 29.0 34.0 27.0 54.0 29.0 30.0 66.0 28.0 43.0 29.0 26.0 29.0 25.0 29.0 30.0 26.0 68.0 64.0 30.0 28.0 69.0 103.0 28.0 70.0 27.0 58.0 92.0 59.0 27.0 28.0 27.0 27.0 31.0 36.0 32.0 36.0 47.0 32.0 32.0 50.0 34.0 30.0 27.0 33.0
30 31 1 TRACE 24.0 18.0 14.0 8.0 13.0 13.0 9.0 14.0 15.0 14.0 14.0 15.0 13.0 8.0 15.0 14.0 8.0 14.0 13.0 8.0 8.0 15.0 14.0 14.0 14.0 8.0 8.0 8.0 15.0 8.0 8.0 14.0 14.0 8.0 15.0 14.0 9.0 14.0 14.0 8.0 8.0 14.0 15.0 13.0 56.0 13.0 8.0 14.0 14.0 8.0 14.0 14.0 9.0 13.0 14.0 9.0 14.0 15.0 8.0 13.0 26.0 11.0 28.0 17.0 9.0 9.0 15.0 14.0 14.0 9.0 8.0 15.0 9.0 14.0 14.0 14.0 14.0 14.0 8.0 14.0 15.0 14.0 8.0 15.0 13.0 14.0 8.0 15.0 14.0 13.0 13.0 16.0 8.0 8.0 14.0 15.0 14.0 8.0 14.0 15.0 14.0 8.0 15.0 13.0 9.0 7.0 15.0 14.0 14.0 13.0 15.0 8.0 14.0 15.0 14.0 14.0 8.0 14.0 21.0 13.0 15.0 14.0 14.0 15.0 13.0 8.0 8.0 15.0 9.0 14.0 15.0 9.0 14.0 15.0 15.0 15.0 13.0 14.0 8.0 18.0 8.0 8.0 14.0 53.0 8.0 13.0 8.0 8.0 7.0 14.0 8.0 14.0 15.0 8.0 8.0 13.0 8.0 8.0 14.0 14.0 9.0 13.0 15.0 15.0 8.0 14.0 13.0 8.0 28.0 14.0 8.0 15.0 13.0 8.0 8.0 16.0 13.0 15.0 14.0 15.0 8.0 8.0 14.0 15.0 8.0 8.0 14.0 14.0 9.0 14.0 17.0 14.0 8.0 8.0 13.0 14.0 14.0 14.0 8.0 8.0 14.0 15.0 9.0 14.0 16.0 8.0 14.0 16.0 9.0 9.0 15.0 8.0 14.0 15.0
31 32 1 TRACE 17.0 12.0 12.0 12.0 12.0 12.0 11.0 12.0 12.0 12.0 11.0 12.0 11.0 12.0 12.0 12.0 12.0 12.0 11.0 11.0 11.0 12.0 12.0 12.0 12.0 11.0 21.0 12.0 11.0 11.0 12.0 11.0 12.0 11.0 11.0 11.0 12.0 12.0 12.0 12.0 11.0 12.0 12.0 11.0 12.0 12.0 11.0 11.0 13.0 12.0 11.0 12.0 11.0 12.0 11.0 11.0 12.0 12.0 12.0 12.0 25.0 14.0 14.0 12.0 12.0 12.0 12.0 11.0 12.0 11.0 11.0 12.0 12.0 12.0 12.0 12.0 12.0 11.0 11.0 11.0 12.0 11.0 12.0 12.0 12.0 12.0 11.0 12.0 12.0 12.0 12.0 12.0 12.0 12.0 12.0 12.0 12.0 11.0 12.0 12.0 11.0 11.0 11.0 12.0 11.0 11.0 12.0 12.0 12.0 12.0 12.0 12.0 12.0 12.0 12.0 11.0 12.0 12.0 11.0 12.0 11.0 11.0 12.0 11.0 12.0 11.0 11.0 12.0 12.0 11.0 12.0 12.0 12.0 12.0 12.0 12.0 13.0 12.0 11.0 16.0 12.0 11.0 12.0 11.0 11.0 11.0 12.0 11.0 23.0 12.0 11.0 12.0 11.0 13.0 12.0 11.0 11.0 11.0 12.0 12.0 11.0 12.0 12.0 12.0 12.0 12.0 12.0 11.0 11.0 12.0 11.0 12.0 12.0 11.0 11.0 12.0 11.0 12.0 12.0 12.0 12.0 11.0 12.0 12.0 12.0 11.0 12.0 11.0 11.0 12.0 13.0 12.0 11.0 11.0 12.0 12.0 12.0 12.0 11.0 12.0 12.0 12.0 11.0 12.0 12.0 12.0 12.0 12.0 11.0 11.0 12.0 12.0 12.0 12.0
32 33 1 TRACE 17.0 13.0 13.0 13.0 12.0 12.0 13.0 13.0 13.0 13.0 13.0 13.0 13.0 13.0 13.0 12.0 13.0 13.0 12.0 13.0 13.0 13.0 12.0 12.0 12.0 17.0 13.0 55.0 13.0 13.0 14.0 12.0 12.0 13.0 13.0 13.0 12.0 12.0 13.0 13.0 13.0 50.0 20.0 12.0 13.0 12.0 13.0 12.0 12.0 12.0 12.0 20.0 12.0 13.0 12.0 13.0 13.0 12.0 15.0 13.0 28.0 25.0 15.0 14.0 14.0 15.0 13.0 12.0 13.0 12.0 12.0 12.0 13.0 12.0 13.0 13.0 13.0 12.0 12.0 22.0 13.0 12.0 12.0 12.0 13.0 13.0 13.0 13.0 13.0 13.0 13.0 13.0 12.0 12.0 13.0 13.0 13.0 13.0 13.0 12.0 12.0 13.0 12.0 13.0 12.0 12.0 13.0 13.0 12.0 12.0 12.0 12.0 13.0 13.0 13.0 12.0 13.0 13.0 12.0 12.0 13.0 13.0 12.0 12.0 13.0 13.0 55.0 12.0 14.0 12.0 13.0 17.0 13.0 13.0 12.0 13.0 49.0 12.0 14.0 15.0 13.0 13.0 13.0 15.0 63.0 12.0 13.0 13.0 13.0 13.0 13.0 12.0 12.0 48.0 12.0 12.0 12.0 13.0 13.0 13.0 12.0 13.0 13.0 54.0 18.0 12.0 12.0 12.0 13.0 13.0 12.0 13.0 13.0 12.0 13.0 12.0 12.0 12.0 13.0 13.0 18.0 13.0 13.0 13.0 13.0 12.0 13.0 12.0 12.0 13.0 13.0 13.0 12.0 13.0 12.0 13.0 12.0 14.0 13.0 13.0 13.0 13.0 12.0 12.0 12.0 12.0 13.0 13.0 12.0 13.0 13.0 13.0 15.0 13.0
33 34 1 TRACE 350.0 1661.0 280.0 189.0 1548.0 298.0 231.0 521.0 311.0 168.0 694.0 311.0 138.0 273.0 339.0 220.0 152.0 317.0 216.0 152.0 195.0 2610.0 298.0 269.0 322.0 201.0 181.0 436.0 322.0 189.0 222.0 297.0 159.0 206.0 2747.0 306.0 247.0 281.0 257.0 196.0 238.0 326.0 205.0 398.0 336.0 197.0 188.0 580.0 319.0 241.0 1179.0 303.0 220.0 250.0 251.0 150.0 1521.0 310.0 190.0 271.0 352.0 248.0 387.0 287.0 142.0 267.0 309.0 298.0 205.0 262.0 524.0 253.0 228.0 774.0 306.0 149.0 203.0 196.0 143.0 861.0 282.0 158.0 265.0 2169.0 303.0 222.0 196.0 2521.0 277.0 213.0 296.0 295.0 208.0 241.0 355.0 284.0 167.0 180.0 309.0 267.0 131.0 366.0 281.0 133.0 157.0 165.0 2424.0 256.0 171.0 513.0 282.0 214.0 384.0 307.0 137.0 181.0 252.0 230.0 128.0 446.0 252.0 196.0 387.0 256.0 132.0 233.0 214.0 189.0 155.0 530.0 285.0 171.0 313.0 300.0 235.0 2501.0 287.0 232.0 346.0 255.0 169.0 158.0 262.0 161.0 183.0 266.0 218.0 200.0 219.0 229.0 269.0 537.0 279.0 117.0 265.0 268.0 269.0 133.0 2290.0 293.0 181.0 782.0 306.0 143.0 287.0 242.0 238.0 235.0 1190.0 257.0 209.0 2270.0 255.0 183.0 335.0 278.0 225.0 172.0 287.0 304.0 228.0 210.0 479.0 293.0 192.0 213.0 1455.0 307.0 196.0 167.0 2731.0 233.0 227.0 207.0 241.0 190.0 297.0 308.0 195.0 184.0 520.0 308.0 217.0 542.0 254.0 170.0 647.0 250.0 212.0 416.0 302.0 179.0 1607.0 309.0
34 35 1 TRACE 767.0 136.0 42.0 88.0 59.0 38.0 121.0 64.0 38.0 38.0 148.0 38.0 15.0 202.0 39.0 37.0 34.0 41.0 35.0 14.0 36.0 114.0 37.0 68.0 37.0 37.0 15.0 53.0 37.0 16.0 84.0 51.0 15.0 44.0 536.0 37.0 36.0 40.0 71.0 14.0 48.0 36.0 36.0 42.0 60.0 30.0 29.0 44.0 40.0 98.0 59.0 37.0 38.0 38.0 37.0 70.0 62.0 36.0 33.0 39.0 81.0 78.0 73.0 39.0 14.0 34.0 44.0 37.0 32.0 16.0 42.0 41.0 40.0 47.0 44.0 36.0 37.0 34.0 34.0 101.0 38.0 15.0 37.0 77.0 36.0 15.0 36.0 98.0 36.0 37.0 39.0 37.0 34.0 33.0 39.0 67.0 28.0 30.0 39.0 44.0 15.0 77.0 38.0 14.0 14.0 39.0 110.0 178.0 37.0 45.0 159.0 35.0 62.0 38.0 14.0 15.0 38.0 35.0 37.0 43.0 49.0 36.0 41.0 141.0 23.0 13.0 73.0 128.0 34.0 42.0 37.0 33.0 54.0 113.0 40.0 108.0 42.0 14.0 40.0 37.0 29.0 73.0 75.0 50.0 36.0 38.0 37.0 14.0 43.0 38.0 297.0 43.0 37.0 16.0 38.0 36.0 16.0 130.0 89.0 37.0 35.0 52.0 37.0 14.0 36.0 36.0 15.0 59.0 58.0 37.0 69.0 85.0 87.0 24.0 38.0 38.0 33.0 71.0 38.0 39.0 35.0 36.0 45.0 59.0 20.0 34.0 67.0 42.0 34.0 38.0 90.0 36.0 14.0 63.0 35.0 37.0 38.0 41.0 14.0 33.0 42.0 38.0 36.0 67.0 42.0 34.0 46.0 40.0 14.0 44.0 38.0 35.0 67.0 55.0
35 36 1 TRACE 79.0 97.0 55.0 84.0 80.0 34.0 206.0 50.0 36.0 33.0 204.0 34.0 13.0 72.0 36.0 33.0 30.0 37.0 32.0 13.0 83.0 160.0 34.0 32.0 34.0 32.0 13.0 104.0 36.0 18.0 36.0 59.0 13.0 36.0 126.0 37.0 31.0 50.0 36.0 13.0 35.0 33.0 39.0 38.0 51.0 27.0 27.0 47.0 36.0 37.0 78.0 56.0 33.0 46.0 41.0 33.0 88.0 177.0 32.0 36.0 46.0 41.0 42.0 36.0 13.0 30.0 39.0 34.0 29.0 13.0 50.0 34.0 32.0 55.0 35.0 34.0 33.0 31.0 31.0 60.0 66.0 12.0 34.0 114.0 35.0 12.0 31.0 125.0 33.0 32.0 37.0 34.0 31.0 30.0 39.0 100.0 27.0 27.0 44.0 45.0 13.0 106.0 45.0 12.0 13.0 40.0 133.0 111.0 33.0 47.0 115.0 45.0 64.0 36.0 13.0 12.0 44.0 31.0 33.0 48.0 111.0 33.0 41.0 78.0 21.0 13.0 35.0 31.0 31.0 44.0 62.0 31.0 78.0 91.0 36.0 141.0 40.0 12.0 72.0 39.0 26.0 38.0 39.0 40.0 33.0 34.0 33.0 12.0 32.0 37.0 33.0 45.0 35.0 13.0 36.0 34.0 13.0 136.0 120.0 35.0 32.0 65.0 34.0 46.0 31.0 32.0 13.0 65.0 75.0 33.0 30.0 147.0 34.0 13.0 74.0 33.0 33.0 38.0 36.0 35.0 39.0 31.0 49.0 44.0 13.0 31.0 92.0 35.0 32.0 59.0 142.0 89.0 12.0 130.0 32.0 33.0 35.0 37.0 12.0 30.0 44.0 34.0 33.0 53.0 36.0 31.0 51.0 34.0 12.0 48.0 37.0 33.0 96.0 42.0
36 37 1 TRACE 187.0 658.0 24.0 29.0 752.0 70.0 32.0 140.0 117.0 33.0 419.0 111.0 68.0 72.0 103.0 23.0 50.0 35.0 99.0 72.0 32.0 1147.0 53.0 25.0 112.0 50.0 93.0 237.0 38.0 28.0 70.0 26.0 91.0 89.0 1115.0 23.0 46.0 62.0 64.0 128.0 29.0 25.0 21.0 90.0 27.0 20.0 32.0 98.0 29.0 31.0 518.0 78.0 21.0 39.0 23.0 48.0 653.0 99.0 67.0 73.0 104.0 103.0 230.0 103.0 85.0 50.0 77.0 33.0 34.0 32.0 464.0 164.0 65.0 369.0 63.0 22.0 61.0 79.0 82.0 455.0 51.0 86.0 28.0 1144.0 23.0 122.0 66.0 1094.0 96.0 62.0 112.0 73.0 26.0 115.0 122.0 179.0 45.0 52.0 144.0 164.0 75.0 263.0 85.0 62.0 78.0 51.0 1056.0 24.0 28.0 95.0 110.0 28.0 118.0 52.0 57.0 71.0 86.0 29.0 27.0 132.0 76.0 100.0 165.0 27.0 50.0 113.0 80.0 22.0 71.0 142.0 84.0 82.0 57.0 56.0 26.0 1101.0 24.0 122.0 684.0 70.0 53.0 99.0 47.0 23.0 22.0 76.0 23.0 135.0 60.0 94.0 22.0 151.0 70.0 87.0 89.0 26.0 21.0 101.0 1198.0 99.0 119.0 283.0 73.0 68.0 71.0 108.0 69.0 29.0 607.0 128.0 53.0 1153.0 106.0 104.0 738.0 75.0 23.0 31.0 57.0 34.0 24.0 69.0 291.0 34.0 26.0 102.0 742.0 26.0 99.0 229.0 1247.0 255.0 90.0 57.0 102.0 59.0 461.0 29.0 89.0 101.0 265.0 35.0 31.0 355.0 77.0 38.0 176.0 90.0 93.0 97.0 34.0 73.0 710.0 24.0
37 38 1 TRACE 35.0 176.0 38.0 34.0 152.0 67.0 39.0 72.0 25.0 26.0 79.0 31.0 24.0 45.0 61.0 24.0 26.0 93.0 29.0 24.0 27.0 276.0 25.0 23.0 33.0 23.0 30.0 91.0 26.0 24.0 64.0 23.0 24.0 28.0 263.0 23.0 24.0 28.0 44.0 25.0 28.0 25.0 24.0 38.0 25.0 29.0 30.0 55.0 31.0 26.0 126.0 25.0 25.0 30.0 24.0 29.0 179.0 24.0 23.0 37.0 39.0 119.0 103.0 27.0 32.0 62.0 131.0 28.0 26.0 24.0 76.0 25.0 39.0 88.0 26.0 23.0 32.0 62.0 26.0 139.0 24.0 24.0 26.0 242.0 29.0 24.0 26.0 232.0 29.0 60.0 39.0 26.0 22.0 25.0 40.0 26.0 62.0 61.0 79.0 25.0 23.0 78.0 30.0 30.0 22.0 26.0 230.0 24.0 26.0 54.0 37.0 25.0 53.0 23.0 23.0 24.0 29.0 24.0 63.0 61.0 25.0 23.0 52.0 32.0 23.0 25.0 34.0 24.0 62.0 54.0 28.0 25.0 43.0 61.0 35.0 258.0 68.0 25.0 85.0 25.0 23.0 32.0 33.0 24.0 24.0 31.0 25.0 25.0 37.0 24.0 28.0 62.0 25.0 60.0 29.0 24.0 26.0 69.0 228.0 39.0 65.0 88.0 55.0 25.0 28.0 25.0 25.0 64.0 178.0 24.0 26.0 229.0 25.0 24.0 41.0 36.0 24.0 24.0 38.0 25.0 23.0 30.0 63.0 25.0 60.0 24.0 184.0 24.0 23.0 27.0 262.0 32.0 24.0 30.0 25.0 31.0 38.0 45.0 28.0 28.0 80.0 24.0 26.0 58.0 25.0 24.0 68.0 25.0 24.0 55.0 25.0 28.0 157.0 24.0
38 39 1 TRACE 27.0 65.0 21.0 23.0 22.0 31.0 20.0 27.0 61.0 26.0 23.0 64.0 20.0 21.0 60.0 26.0 21.0 22.0 19.0 21.0 32.0 23.0 45.0 20.0 59.0 20.0 59.0 59.0 21.0 20.0 22.0 22.0 21.0 21.0 23.0 21.0 20.0 22.0 20.0 21.0 22.0 20.0 21.0 22.0 21.0 23.0 59.0 22.0 19.0 21.0 27.0 25.0 20.0 61.0 56.0 29.0 58.0 23.0 19.0 62.0 42.0 35.0 65.0 29.0 24.0 22.0 103.0 20.0 21.0 21.0 24.0 61.0 47.0 22.0 59.0 20.0 64.0 22.0 24.0 23.0 25.0 32.0 20.0 25.0 26.0 21.0 26.0 24.0 21.0 23.0 24.0 22.0 22.0 22.0 21.0 20.0 26.0 23.0 53.0 60.0 68.0 25.0 18.0 21.0 19.0 20.0 26.0 22.0 21.0 21.0 20.0 20.0 22.0 19.0 21.0 20.0 35.0 19.0 26.0 27.0 21.0 63.0 22.0 19.0 21.0 21.0 61.0 24.0 25.0 22.0 57.0 20.0 56.0 26.0 19.0 58.0 26.0 19.0 22.0 21.0 22.0 19.0 22.0 22.0 21.0 22.0 21.0 20.0 64.0 20.0 19.0 22.0 20.0 22.0 22.0 19.0 24.0 38.0 22.0 23.0 26.0 24.0 29.0 20.0 22.0 22.0 26.0 21.0 41.0 21.0 26.0 60.0 61.0 19.0 23.0 72.0 21.0 19.0 62.0 20.0 21.0 18.0 21.0 54.0 23.0 21.0 24.0 26.0 21.0 21.0 23.0 21.0 30.0 61.0 22.0 21.0 23.0 19.0 23.0 21.0 22.0 20.0 28.0 23.0 19.0 20.0 23.0 27.0 21.0 22.0 22.0 21.0 65.0 63.0
39 25 1 TRACE 17.0 18.0 15.0 14.0 14.0 29.0 15.0 13.0 13.0 14.0 14.0 14.0 12.0 13.0 13.0 14.0 14.0 14.0 13.0 14.0 13.0 15.0 14.0 18.0 15.0 16.0 14.0 14.0 14.0 13.0 15.0 14.0 23.0 13.0 15.0 13.0 14.0 18.0 14.0 13.0 13.0 15.0 14.0 15.0 13.0 14.0 14.0 14.0 15.0 17.0 24.0 13.0 14.0 14.0 14.0 15.0 14.0 26.0 14.0 14.0 14.0 15.0 14.0 47.0 31.0 14.0 13.0 14.0 15.0 13.0 18.0 14.0 14.0 15.0 14.0 14.0 13.0 14.0 13.0 13.0 15.0 14.0 14.0 14.0 14.0 48.0
39 40 1 TRACE 57.0 23.0 27.0 45.0 24.0 36.0 24.0 28.0 23.0 23.0 24.0 23.0 24.0 25.0 24.0 27.0 30.0 63.0 27.0 30.0 49.0 25.0 30.0 23.0 24.0 25.0 27.0 23.0 25.0 27.0 24.0 24.0 22.0 37.0 60.0 24.0 58.0 28.0 24.0 55.0 23.0 22.0 23.0 24.0 27.0 33.0 23.0 24.0 24.0 37.0 24.0 27.0 22.0 27.0 22.0 24.0 61.0 25.0 25.0 26.0 24.0 25.0 31.0 30.0
39 51 1 TRACE 29.0 64.0 28.0 41.0 24.0 24.0 29.0 23.0 24.0 25.0 59.0 24.0 23.0 28.0 49.0 24.0 42.0 24.0 54.0 62.0 26.0 56.0 35.0 23.0 28.0 41.0 23.0 26.0 30.0 51.0 22.0 30.0 23.0 24.0 24.0 23.0 28.0 40.0 49.0 23.0 23.0 22.0 61.0 29.0 24.0 24.0 23.0 62.0 27.0 28.0 34.0 23.0 23.0 24.0 21.0 23.0 60.0 60.0 24.0 22.0 30.0 24.0 63.0 25.0
40 41 1 TRACE 284.0 278.0 149.0 171.0 119.0 106.0 381.0 112.0 139.0 105.0 378.0 106.0 104.0 118.0 166.0 250.0 109.0 280.0 110.0 169.0 116.0 155.0 183.0 102.0 203.0 347.0 367.0 112.0 114.0 118.0 122.0 364.0 134.0 128.0 107.0 138.0 129.0 107.0 132.0 114.0 372.0 119.0 105.0 105.0 104.0 141.0 102.0 367.0 184.0 101.0 287.0 369.0 114.0 112.0 172.0 277.0 385.0 102.0 110.0 181.0 137.0 158.0 132.0 271.0
41 42 1 TRACE 17.0 12.0 11.0 13.0 12.0 12.0 12.0 11.0 11.0 12.0 12.0 12.0 13.0 12.0 12.0 13.0 12.0 11.0 12.0 13.0 12.0 12.0 13.0 12.0 11.0 12.0 13.0 12.0 11.0 12.0 11.0 12.0 11.0 13.0 12.0 11.0 12.0 12.0 11.0 11.0 12.0 12.0 12.0 12.0 13.0 12.0 12.0 13.0 13.0 12.0 13.0 12.0 11.0 14.0 12.0 11.0 11.0 13.0 12.0 12.0 12.0 12.0 26.0 12.0 15.0 13.0 13.0 13.0 11.0 12.0 12.0 11.0 11.0 12.0 12.0 11.0 13.0 11.0 12.0 11.0 12.0 12.0 12.0 14.0 11.0 11.0 13.0 12.0 12.0 12.0 12.0 11.0 12.0 12.0 12.0 13.0 11.0 11.0 12.0 11.0 12.0 13.0 12.0 12.0 13.0 11.0 11.0 12.0 12.0 12.0 14.0 11.0 12.0 11.0 12.0 11.0 12.0 12.0 12.0 12.0 13.0 12.0 12.0 11.0 12.0 12.0 12.0 12.0 12.0 11.0 12.0 12.0 12.0 13.0 12.0 12.0 12.0 11.0 11.0 12.0 12.0 14.0 11.0 12.0 13.0 12.0 12.0 12.0 12.0 12.0 11.0 12.0 11.0 12.0 11.0 13.0 11.0 11.0 13.0 11.0 12.0 12.0 12.0 11.0 11.0 13.0 11.0 12.0 13.0 12.0 12.0 13.0 12.0 11.0 12.0 11.0 11.0 12.0 12.0 12.0 13.0 11.0 12.0 12.0 12.0 12.0 13.0 11.0 12.0 11.0 12.0 12.0 11.0 13.0 11.0 12.0 13.0 12.0 12.0 12.0 12.0 12.0 12.0 12.0 11.0 13.0 12.0 11.0
42 43 1 TRACE 15.0 12.0 11.0 11.0 11.0 11.0 11.0 11.0 11.0 11.0 11.0 11.0 12.0 11.0 11.0 10.0 11.0 11.0 11.0 16.0 11.0 11.0 11.0 11.0 11.0 11.0 12.0 11.0 11.0 11.0 11.0 11.0 11.0 11.0 11.0 11.0 11.0 11.0 10.0 10.0 11.0 11.0 11.0 11.0 11.0 10.0 11.0 11.0 11.0 11.0 11.0 10.0 10.0 11.0 11.0 11.0 11.0 11.0 12.0 10.0 11.0 11.0 39.0 11.0 13.0 12.0 12.0 11.0 11.0 11.0 11.0 11.0 11.0 11.0 11.0 11.0 12.0 11.0 12.0 10.0 11.0 11.0 11.0 11.0 11.0 10.0 11.0 11.0 11.0 11.0 11.0 11.0 11.0 10.0 11.0 10.0 11.0 11.0 11.0 11.0 11.0 11.0 11.0 10.0 11.0 11.0 11.0 11.0 11.0 11.0 10.0 11.0 11.0 10.0 11.0 11.0 11.0 11.0 11.0 11.0 11.0 11.0 11.0 11.0 11.0 10.0 11.0 10.0 11.0 10.0 12.0 11.0 11.0 11.0 11.0 11.0 11.0 11.0 10.0 11.0 11.0 11.0 10.0 11.0 10.0 10.0 11.0 11.0 11.0 11.0 10.0 11.0 11.0 11.0 11.0 11.0 11.0 11.0 11.0 11.0 11.0 11.0 11.0 17.0 11.0 11.0 11.0 11.0 11.0 11.0 11.0 11.0 16.0 11.0 11.0 11.0 11.0 12.0 11.0 11.0 11.0 11.0 11.0 11.0 11.0 11.0 11.0 11.0 11.0 10.0 11.0 11.0 11.0 11.0 11.0 12.0 11.0 11.0 11.0 11.0 16.0 11.0 11.0 12.0 10.0 11.0 11.0 11.0
43 44 1 TRACE 12.0 8.0 9.0 9.0 9.0 8.0 8.0 9.0 9.0 8.0 8.0 9.0 9.0 9.0 9.0 8.0 8.0 8.0 9.0 9.0 8.0 8.0 9.0 8.0 8.0 9.0 8.0 9.0 8.0 8.0 9.0 8.0 8.0 9.0 8.0 8.0 8.0 8.0 8.0 8.0 8.0 8.0 9.0 9.0 8.0 8.0 9.0 8.0 8.0 8.0 18.0 8.0 8.0 9.0 9.0 8.0 9.0 9.0 9.0 8.0 9.0 8.0 22.0 9.0 9.0 9.0 10.0 9.0 8.0 8.0 9.0 9.0 8.0 8.0 9.0 9.0 8.0 9.0 8.0 8.0 8.0 9.0 8.0 9.0 8.0 8.0 9.0 8.0 9.0 8.0 8.0 8.0 8.0 8.0 9.0 8.0 9.0 8.0 9.0 8.0 9.0 9.0 8.0 8.0 8.0 9.0 8.0 9.0 11.0 9.0 8.0 8.0 8.0 8.0 9.0 9.0 9.0 9.0 9.0 8.0 9.0 9.0 9.0 8.0 9.0 8.0 9.0 8.0 8.0 8.0 9.0 8.0 8.0 8.0 8.0 9.0 8.0 8.0 8.0 8.0 9.0 8.0 8.0 8.0 8.0 8.0 8.0 8.0 9.0 9.0 8.0 9.0 9.0 9.0 9.0 9.0 8.0 8.0 8.0 9.0 8.0 9.0 9.0 8.0 8.0 9.0 9.0 8.0 8.0 9.0 8.0 8.0 10.0 8.0 9.0 8.0 8.0 9.0 9.0 9.0 8.0 8.0 9.0 9.0 9.0 9.0 8.0 9.0 9.0 8.0 8.0 9.0 8.0 8.0 8.0 9.0 8.0 8.0 9.0 8.0 9.0 8.0 8.0 9.0 8.0 8.0 8.0 9.0
44 45 1 TRACE 144.0 60.0 83.0 64.0 63.0 42.0 63.0 45.0 63.0 83.0 101.0 49.0 73.0 42.0 40.0 84.0 41.0 43.0 87.0 43.0 44.0 43.0 74.0 45.0 56.0 48.0 73.0 56.0 47.0 91.0 64.0 44.0 46.0 67.0 46.0 45.0 91.0 66.0 45.0 47.0 86.0 75.0 76.0 51.0 77.0 45.0 45.0 49.0 87.0 85.0 37.0 96.0 88.0 44.0 44.0 84.0 43.0 45.0 50.0 46.0 83.0 126.0 97.0 93.0 87.0 49.0 54.0 77.0 49.0 46.0 52.0 75.0 44.0 61.0 45.0 42.0 86.0 46.0 46.0 45.0 82.0 52.0 45.0 44.0 47.0 45.0 96.0 41.0 82.0 88.0 70.0 43.0 65.0 44.0 74.0 46.0 45.0 72.0 59.0 48.0 66.0 48.0 55.0 45.0 78.0 43.0 47.0 53.0 50.0 69.0 42.0 45.0 44.0 45.0 71.0 52.0 48.0 87.0 45.0 79.0 85.0 78.0 79.0 48.0 80.0 44.0 49.0 48.0 60.0 42.0 53.0 53.0 42.0 49.0 45.0 49.0 46.0 46.0 55.0 43.0 85.0 40.0 45.0 84.0 86.0 44.0 93.0 54.0 68.0 78.0 42.0 48.0 74.0 49.0 81.0 54.0 58.0 84.0 60.0 47.0 55.0 97.0 54.0 43.0 55.0 46.0 44.0 43.0 45.0 79.0 47.0 87.0 35.0 51.0 54.0 44.0 42.0 44.0 41.0 46.0 82.0 46.0 53.0 53.0 44.0 52.0 77.0 62.0 42.0 83.0 67.0 52.0 80.0 58.0 43.0 45.0 123.0 80.0 52.0 67.0 39.0 46.0 90.0 38.0 48.0 55.0 72.0 46.0
45 46 1 TRACE 23.0 18.0 16.0 15.0 18.0 14.0 17.0 16.0 17.0 19.0 15.0 14.0 16.0 15.0 16.0 15.0 14.0 18.0 15.0 17.0 16.0 15.0 17.0 16.0 17.0 14.0 18.0 23.0 17.0 18.0 17.0 16.0 16.0 17.0 17.0 16.0 18.0 17.0 16.0 18.0 14.0 17.0 17.0 17.0 16.0 17.0 57.0 16.0 15.0 14.0 15.0 16.0 15.0 15.0 17.0 16.0 16.0 16.0 17.0 17.0 14.0 28.0 39.0 45.0 16.0 19.0 19.0 22.0 17.0 16.0 15.0 17.0 16.0 15.0 15.0 14.0 16.0 17.0 16.0 17.0 16.0 15.0 16.0 15.0 55.0 16.0 16.0 16.0 15.0 17.0 17.0 17.0 17.0 17.0 16.0 17.0 17.0 17.0 17.0 17.0 15.0 17.0 17.0 17.0 15.0 49.0 43.0 16.0 15.0 15.0 15.0 17.0 16.0 17.0 17.0 17.0 16.0 17.0 17.0 17.0 17.0 17.0 14.0 14.0 17.0 15.0 16.0 16.0 16.0 16.0 17.0 17.0 17.0 17.0 17.0 14.0 16.0 17.0 16.0 17.0 17.0 16.0 17.0 18.0 16.0 17.0 18.0 17.0 18.0 18.0 15.0 17.0 18.0 17.0 16.0 18.0 17.0 16.0 17.0 17.0 17.0 19.0 18.0 17.0 17.0 16.0 15.0 16.0 17.0 18.0 17.0 18.0 15.0 17.0 16.0 16.0 16.0 15.0 16.0 16.0 55.0 17.0 16.0 17.0 17.0 17.0 17.0 17.0 17.0 15.0 18.0 15.0 15.0 18.0 16.0 17.0 18.0 17.0 17.0 18.0 20.0 18.0 17.0 16.0 17.0 17.0 18.0 17.0
46 47 1 TRACE 984.0 264.0 226.0 689.0 260.0 228.0 1018.0 318.0 515.0 835.0 295.0 241.0 1139.0 353.0 226.0 1090.0 475.0 251.0 227.0 664.0 252.0 226.0 1170.0 395.0 246.0 227.0 1076.0 320.0 226.0 1056.0 517.0 235.0 227.0 648.0 244.0 230.0 1067.0 481.0 232.0 233.0 1072.0 570.0 236.0 226.0 1180.0 356.0 228.0 1058.0 320.0 227.0 740.0 296.0 228.0 1060.0 570.0 237.0 249.0 706.0 260.0 235.0 1116.0 590.0 274.0 257.0 1348.0 354.0 233.0 1127.0 348.0 216.0 898.0 321.0 222.0 805.0 270.0 240.0 1076.0 526.0 245.0 214.0 717.0 263.0 220.0 644.0 233.0 215.0 629.0 230.0 230.0 1148.0 366.0 224.0 1145.0 347.0 228.0 1110.0 342.0 216.0 1115.0 325.0 216.0 636.0 264.0 215.0 998.0 317.0 215.0 1114.0 342.0 252.0 1105.0 440.0 257.0 214.0 970.0 338.0 215.0 1021.0 360.0 216.0 1073.0 427.0 224.0 214.0 1011.0 311.0 215.0 1141.0 365.0 224.0 657.0 231.0 215.0 1111.0 327.0 218.0 1115.0 406.0 260.0 215.0 1087.0 446.0 218.0 222.0 1025.0 509.0 229.0 215.0 938.0 307.0 220.0 1072.0 482.0 228.0 260.0 628.0 251.0 220.0 798.0 270.0 215.0 1069.0 513.0 253.0 224.0 670.0 290.0 215.0 639.0 233.0 217.0 1095.0 352.0 216.0 1125.0 366.0 219.0 920.0 300.0 255.0 648.0 285.0 214.0 674.0 228.0 214.0 1092.0 593.0 233.0 216.0 1142.0 362.0 218.0 842.0 290.0 216.0 1025.0 308.0 255.0 896.0 293.0 222.0 1016.0 337.0 216.0 658.0 247.0 215.0
47 48 1 TRACE 14.0 92.0 10.0 11.0 8.0 10.0 10.0 11.0 8.0 10.0 10.0 11.0 9.0 11.0 11.0 11.0 9.0 10.0 10.0 12.0 8.0 25.0 11.0 24.0 9.0 10.0 11.0 11.0 8.0 9.0 10.0 10.0 8.0 9.0 10.0 10.0 8.0 10.0 11.0 11.0 8.0 10.0 9.0 12.0 8.0 10.0 10.0 11.0 8.0 11.0 10.0 11.0 8.0 10.0 10.0 11.0 8.0 10.0 10.0 10.0 8.0 11.0 11.0 10.0 8.0 10.0 10.0 11.0 8.0 10.0 9.0 10.0 8.0 10.0 10.0 11.0 8.0 10.0 44.0 11.0 8.0 10.0 11.0 10.0 8.0 10.0 10.0 11.0 8.0 10.0 10.0 46.0 8.0 27.0 10.0 10.0 8.0 9.0 11.0 11.0 8.0 10.0 10.0 11.0 8.0 10.0 11.0 11.0 9.0 10.0 10.0 11.0 8.0 13.0 10.0 14.0 9.0 10.0 11.0 13.0 8.0 10.0 10.0 12.0 8.0 10.0 10.0 10.0 8.0 10.0 9.0 14.0 8.0 10.0 10.0 10.0 8.0 10.0 12.0 10.0 8.0 14.0 10.0 10.0 9.0 11.0 11.0 11.0 8.0 10.0 10.0 12.0 8.0 10.0 11.0 10.0 8.0 10.0 9.0 11.0 9.0 10.0 10.0 10.0 8.0 10.0 10.0 10.0 8.0 10.0 10.0 11.0 8.0 10.0 10.0 11.0 8.0 11.0 10.0 11.0 8.0 10.0 10.0 10.0 8.0 10.0 10.0 10.0 8.0 11.0 10.0 10.0 8.0 10.0 10.0 11.0 8.0 10.0 10.0 11.0 9.0 10.0 10.0 11.0 8.0 11.0 10.0 11.0 8.0 10.0 10.0 10.0 8.0 10.0 10.0 11.0 8.0 10.0 17.0 11.0 8.0 13.0 10.0 11.0 8.0 10.0 16.0 10.0 8.0 11.0 11.0 10.0 8.0 10.0 10.0 11.0 8.0 10.0 10.0 11.0 9.0 10.0 10.0 352.0 9.0 23.0 23.0 14.0 8.0 58.0 95.0 40.0 9.0 40.0 11.0 13.0 10.0 12.0 12.0 12.0 9.0 11.0 12.0 11.0 9.0 11.0 10.0 11.0 8.0 10.0 10.0 11.0 8.0 10.0 10.0 10.0 8.0 10.0 33.0 15.0 9.0 10.0 10.0 30.0 8.0 10.0 10.0 11.0 8.0 10.0 10.0 11.0 9.0 10.0 10.0 12.0 8.0 10.0 10.0 12.0 8.0 9.0 11.0 10.0 8.0 10.0 11.0 11.0 8.0 10.0 11.0 11.0 8.0 11.0 10.0 10.0 9.0 10.0 10.0 10.0 8.0 10.0 10.0 12.0 8.0 10.0 10.0 12.0 8.0 48.0 10.0 10.0 9.0 10.0 11.0 11.0 8.0 10.0 10.0 12.0 8.0 65.0 10.0 12.0 9.0 10.0 10.0 10.0 8.0 33.0 10.0 37.0 8.0 10.0 10.0 10.0 9.0 11.0 10.0 10.0 8.0 10.0 10.0 11.0 8.0 10.0 10.0 10.0 8.0 10.0 10.0 46.0 8.0 10.0 10.0 10.0 8.0 10.0 10.0 10.0 9.0 10.0 11.0 11.0 8.0 11.0 10.0 11.0 8.0 10.0 10.0 10.0 9.0 11.0 10.0 11.0 9.0 10.0 12.0 10.0 8.0 10.0 10.0 9.0 9.0 10.0 10.0 14.0 8.0 10.0 11.0 11.0 8.0 10.0 10.0 11.0 8.0 10.0 10.0 12.0 11.0 10.0 10.0 10.0 9.0 11.0 10.0 10.0 9.0 10.0 10.0 11.0 8.0 10.0 13.0 11.0 8.0 10.0 10.0 9.0 8.0 11.0 11.0 11.0 9.0 10.0 10.0 10.0 8.0 19.0 10.0 10.0 7.0 40.0 10.0 10.0 8.0 10.0 10.0 11.0 8.0 11.0 10.0 11.0 9.0 10.0 10.0 10.0 9.0 102.0 9.0 11.0 8.0 10.0 10.0 11.0 8.0 10.0 10.0 11.0 8.0 10.0 10.0 11.0 9.0 10.0 10.0 10.0 8.0 10.0 9.0 10.0 8.0 10.0 10.0 10.0 8.0 11.0 10.0 10.0 9.0 10.0 10.0 11.0 8.0 10.0 26.0 11.0 8.0 10.0 10.0 13.0 8.0 10.0 10.0 11.0 8.0 11.0 10.0 10.0 8.0 10.0 18.0 13.0 8.0 10.0 10.0 10.0 8.0 10.0 10.0 10.0 8.0 11.0 10.0 12.0 8.0 10.0 10.0 10.0 9.0 10.0 27.0 11.0 9.0 10.0 11.0 71.0 8.0 10.0 11.0 12.0 8.0 10.0 10.0 10.0 8.0 10.0 10.0 10.0 9.0 21.0 10.0 11.0 9.0 10.0 11.0 10.0 8.0 10.0 10.0 11.0 8.0 10.0 9.0 11.0 8.0 10.0 11.0 18.0 8.0 10.0 11.0 11.0 8.0 10.0 20.0 10.0 8.0 10.0 10.0 10.0 8.0 11.0 63.0 11.0 8.0 10.0 10.0 10.0 8.0 10.0 10.0 10.0 8.0 11.0 10.0 11.0 8.0 10.0 10.0 28.0 8.0 10.0 10.0 12.0 8.0 16.0 10.0 11.0 9.0 11.0 10.0 10.0 8.0 10.0 10.0 10.0 8.0 10.0 10.0 10.0 8.0 10.0 10.0 15.0 8.0 10.0 10.0 11.0 8.0 10.0 9.0 12.0 8.0 10.0 27.0 11.0 8.0 10.0 10.0 47.0 9.0 10.0 10.0 11.0 8.0 10.0 10.0 11.0 8.0 10.0 10.0 11.0 8.0 15.0 10.0 11.0 8.0 10.0 9.0 11.0 8.0 10.0 10.0 11.0 9.0 22.0 10.0 10.0 8.0 10.0 10.0 10.0 9.0 11.0 10.0 10.0 8.0 10.0 10.0 10.0 8.0 10.0 10.0 10.0 9.0 10.0 10.0 11.0 9.0 10.0 10.0 11.0 8.0 16.0 10.0 10.0 9.0 11.0 10.0 11.0 8.0 11.0 10.0 11.0 9.0 10.0 10.0 10.0 8.0 10.0 10.0 11.0 9.0 16.0 10.0 12.0 8.0 10.0 9.0 12.0 8.0 10.0 10.0 12.0 8.0 10.0 42.0 11.0 8.0 10.0 10.0 10.0 8.0 12.0 10.0 11.0 8.0 10.0 10.0 11.0 8.0 10.0 10.0 10.0 8.0 10.0 9.0 10.0 8.0 10.0 10.0 10.0 8.0 10.0 30.0 10.0 8.0 10.0 9.0 11.0 8.0 10.0 11.0 11.0 9.0 15.0 11.0 11.0 9.0 10.0 10.0 10.0 9.0 11.0 10.0 13.0 8.0 10.0 13.0 18.0 8.0 10.0 10.0 10.0 8.0 10.0 11.0 35.0 8.0 9.0 10.0 11.0 8.0 11.0 9.0 10.0 9.0 48.0 10.0 12.0 8.0 10.0 10.0 11.0 8.0 10.0 10.0 12.0 9.0 11.0 14.0 13.0 8.0 10.0 10.0 11.0 8.0 10.0 10.0 12.0
48 49 1 TRACE 93.0 56.0 38.0 33.0 9.0 17.0 15.0 16.0 8.0 9.0 9.0 10.0 89.0 54.0 38.0 33.0 9.0 17.0 17.0 17.0 8.0 12.0 10.0 10.0 98.0 55.0 38.0 33.0 12.0 24.0 21.0 21.0 7.0 9.0 10.0 10.0 101.0 55.0 39.0 34.0 10.0 21.0 18.0 19.0 7.0 10.0 9.0 10.0 89.0 54.0 38.0 34.0 17.0 29.0 25.0 24.0 7.0 11.0 10.0 10.0 63.0 47.0 35.0 32.0 38.0 42.0 32.0 30.0 8.0 43.0 10.0 43.0 7.0 9.0 10.0 10.0 67.0 50.0 38.0 66.0 8.0 11.0 11.0 11.0 8.0 10.0 9.0 10.0 77.0 50.0 36.0 35.0 23.0 37.0 29.0 28.0 8.0 10.0 10.0 10.0 7.0 10.0 10.0 10.0 98.0 55.0 38.0 33.0 12.0 25.0 20.0 22.0 8.0 10.0 10.0 23.0 54.0 43.0 33.0 33.0 47.0 45.0 34.0 31.0 8.0 11.0 12.0 11.0 7.0 10.0 9.0 10.0 68.0 52.0 42.0 32.0 8.0 11.0 12.0 12.0 8.0 31.0 9.0 10.0 58.0 43.0 35.0 32.0 42.0 44.0 39.0 31.0 8.0 10.0 11.0 10.0 7.0 10.0 9.0 10.0 62.0 44.0 33.0 32.0 48.0 47.0 34.0 29.0 8.0 10.0 11.0 16.0 8.0 10.0 10.0 9.0 87.0 53.0 37.0 35.0 17.0 31.0 27.0 24.0 7.0 10.0 9.0 9.0 99.0 57.0 38.0 34.0 13.0 23.0 21.0 21.0 8.0 9.0 9.0 9.0 93.0 56.0 38.0 33.0 9.0 18.0 52.0 17.0 7.0 10.0 10.0 10.0 51.0 41.0 32.0 33.0 51.0 46.0 36.0 32.0 8.0 11.0 11.0 11.0 8.0 9.0 9.0 9.0 88.0 80.0 38.0 65.0 8.0 18.0 13.0 14.0 7.0 9.0 9.0 9.0 73.0 50.0 53.0 42.0 37.0 61.0 47.0 29.0 8.0 27.0 23.0 12.0 9.0 23.0 10.0 22.0 98.0 55.0 41.0 35.0 16.0 28.0 27.0 25.0 9.0 10.0 11.0 10.0 86.0 53.0 37.0 33.0 17.0 30.0 25.0 25.0 7.0 18.0 10.0 10.0 98.0 55.0 38.0 35.0 10.0 20.0 19.0 19.0 7.0 10.0 10.0 15.0 96.0 56.0 39.0 33.0 9.0 20.0 17.0 18.0 7.0 9.0 10.0 10.0 50.0 40.0 33.0 31.0 48.0 46.0 35.0 31.0 11.0 11.0 11.0 12.0 7.0 9.0 10.0 9.0 94.0 55.0 38.0 33.0 9.0 18.0 17.0 17.0 8.0 12.0 10.0 9.0 70.0 52.0 37.0 33.0 8.0 12.0 11.0 12.0 7.0 10.0 10.0 10.0 66.0 51.0 37.0 31.0 8.0 12.0 11.0 13.0 7.0 10.0 10.0 10.0 82.0 52.0 53.0 33.0 19.0 31.0 34.0 26.0 7.0 10.0 9.0 10.0 85.0 52.0 38.0 39.0 17.0 30.0 37.0 25.0 8.0 10.0 10.0 10.0 90.0 64.0 39.0 34.0 15.0 28.0 24.0 24.0 8.0 9.0 10.0 10.0 92.0 53.0 39.0 33.0 14.0 43.0 23.0 23.0 8.0 10.0 10.0 9.0 67.0 52.0 36.0 31.0 8.0 12.0 12.0 12.0 7.0 9.0 9.0 10.0 94.0 54.0 38.0 33.0 12.0 24.0 22.0 22.0 7.0 10.0 9.0 9.0 94.0 54.0 38.0 35.0 13.0 24.0 24.0 22.0 7.0 10.0 10.0 10.0 65.0 47.0 36.0 33.0 32.0 42.0 31.0 59.0 7.0 10.0 9.0 10.0 7.0 23.0 9.0 9.0 96.0 55.0 38.0 33.0 12.0 22.0 20.0 21.0 7.0 10.0 10.0 10.0 95.0 97.0 40.0 34.0 13.0 24.0 22.0 23.0 8.0 9.0 10.0 10.0 73.0 50.0 35.0 34.0 25.0 36.0 29.0 27.0 7.0 9.0 9.0 10.0 7.0 9.0 9.0 10.0 94.0 54.0 38.0 68.0 12.0 23.0 21.0 22.0 8.0 10.0 10.0 10.0 86.0 52.0 38.0 34.0 16.0 30.0 26.0 25.0 7.0 10.0 9.0 9.0 66.0 50.0 39.0 43.0 8.0 12.0 11.0 11.0 7.0 10.0 10.0 10.0 91.0 84.0 39.0 35.0 15.0 27.0 23.0 23.0 7.0 10.0 10.0 9.0 71.0 48.0 35.0 34.0 26.0 37.0 31.0 29.0 8.0 9.0 9.0 9.0 7.0 10.0 10.0 9.0 69.0 49.0 36.0 33.0 28.0 39.0 47.0 46.0 8.0 10.0 9.0 10.0 7.0 10.0 9.0 10.0 55.0 42.0 32.0 34.0 44.0 45.0 34.0 30.0 7.0 10.0 11.0 10.0 7.0 9.0 10.0 10.0 96.0 55.0 41.0 34.0 12.0 22.0 22.0 20.0 7.0 9.0 9.0 9.0 58.0 45.0 35.0 33.0 41.0 43.0 32.0 29.0 8.0 10.0 10.0 11.0 8.0 10.0 9.0 10.0 66.0 51.0 36.0 30.0 8.0 11.0 12.0 12.0 7.0 9.0 9.0 10.0 96.0 55.0 38.0 39.0 9.0 19.0 17.0 53.0 8.0 9.0 9.0 10.0 51.0 41.0 35.0 32.0 46.0 45.0 34.0 33.0 8.0 11.0 10.0 11.0 7.0 9.0 14.0 10.0 88.0 54.0 37.0 42.0 9.0 19.0 15.0 16.0 7.0 9.0 9.0 10.0 67.0 51.0 38.0 32.0 8.0 13.0 11.0 12.0 8.0 10.0 10.0 9.0 87.0 52.0 36.0 34.0 16.0 29.0 25.0 25.0 8.0 10.0 10.0 10.0 83.0 51.0 37.0 35.0 19.0 37.0 28.0 26.0 8.0 10.0 9.0 10.0 96.0 54.0 38.0 34.0 12.0 22.0 20.0 20.0 7.0 10.0 10.0 10.0 83.0 65.0 38.0 33.0 8.0 14.0 13.0 13.0 7.0 10.0 9.0 44.0 60.0 50.0 37.0 33.0 8.0 11.0 13.0 11.0 7.0 9.0 9.0 9.0 60.0 42.0 33.0 32.0 46.0 44.0 34.0 30.0 8.0 10.0 11.0 11.0 8.0 9.0 9.0 9.0 81.0 51.0 37.0 33.0 19.0 32.0 26.0 25.0 7.0 10.0 10.0 10.0 98.0 55.0 40.0 72.0 11.0 22.0 19.0 20.0 8.0 10.0 10.0 10.0 96.0 54.0 38.0 34.0 12.0 23.0 21.0 21.0 8.0 9.0 10.0 10.0 97.0 55.0 38.0 32.0 11.0 21.0 19.0 19.0 8.0 10.0 9.0 10.0 95.0 86.0 38.0 34.0 13.0 24.0 22.0 22.0 8.0 10.0 9.0 10.0 84.0 56.0 38.0 32.0 9.0 19.0 13.0 15.0 8.0 9.0 10.0 10.0
49 47 1 TRACE 689.0 557.0 498.0 130.0 128.0 127.0 86.0 86.0 86.0 387.0 304.0 263.0 128.0 128.0 137.0 85.0 86.0 90.0 634.0 451.0 430.0 186.0 179.0 180.0 89.0 87.0 87.0 482.0 350.0 291.0 163.0 159.0 158.0 109.0 87.0 87.0 719.0 524.0 470.0 224.0 215.0 196.0 89.0 87.0 87.0 800.0 707.0 585.0 352.0 241.0 220.0 92.0 91.0 90.0 86.0 88.0 86.0 336.0 266.0 239.0 106.0 107.0 106.0 86.0 87.0 86.0 733.0 567.0 440.0 248.0 267.0 206.0 89.0 91.0 88.0 86.0 86.0 86.0 566.0 425.0 333.0 189.0 182.0 177.0 87.0 87.0 87.0 795.0 716.0 614.0 290.0 250.0 230.0 95.0 93.0 93.0 86.0 88.0 87.0 331.0 267.0 231.0 105.0 106.0 106.0 85.0 90.0 87.0 782.0 675.0 559.0 279.0 252.0 221.0 90.0 93.0 90.0 123.0 88.0 86.0 774.0 716.0 626.0 294.0 250.0 229.0 95.0 92.0 95.0 119.0 86.0 87.0 676.0 497.0 397.0 219.0 210.0 198.0 87.0 89.0 87.0 575.0 416.0 334.0 190.0 182.0 176.0 88.0 87.0 87.0 390.0 297.0 253.0 187.0 154.0 132.0 88.0 86.0 87.0 799.0 750.0 635.0 296.0 252.0 224.0 95.0 95.0 95.0 86.0 86.0 86.0 368.0 287.0 283.0 129.0 127.0 131.0 86.0 88.0 87.0 755.0 574.0 463.0 322.0 486.0 296.0 105.0 156.0 207.0 218.0 208.0 118.0 731.0 511.0 418.0 211.0 199.0 190.0 90.0 90.0 91.0 681.0 486.0 390.0 213.0 195.0 184.0 82.0 81.0 82.0 481.0 361.0 294.0 153.0 149.0 147.0 88.0 82.0 82.0 474.0 322.0 276.0 149.0 133.0 133.0 82.0 84.0 82.0 747.0 707.0 624.0 368.0 248.0 219.0 90.0 89.0 88.0 81.0 80.0 120.0 420.0 310.0 260.0 130.0 127.0 126.0 86.0 135.0 103.0 341.0 269.0 241.0 130.0 98.0 100.0 82.0 85.0 89.0 323.0 264.0 226.0 95.0 96.0 96.0 114.0 81.0 81.0 694.0 487.0 441.0 219.0 201.0 190.0 83.0 83.0 82.0 705.0 480.0 378.0 212.0 196.0 182.0 83.0 82.0 83.0 652.0 484.0 366.0 200.0 187.0 176.0 83.0 82.0 82.0 619.0 445.0 358.0 192.0 181.0 208.0 82.0 82.0 82.0 328.0 266.0 229.0 129.0 102.0 98.0 81.0 87.0 82.0 574.0 432.0 332.0 179.0 171.0 167.0 81.0 81.0 82.0 583.0 422.0 341.0 182.0 173.0 166.0 82.0 82.0 83.0 761.0 616.0 482.0 265.0 231.0 207.0 87.0 85.0 84.0 112.0 88.0 87.0 545.0 392.0 349.0 205.0 190.0 156.0 86.0 81.0 88.0 589.0 429.0 337.0 181.0 170.0 165.0 82.0 81.0 81.0 735.0 541.0 434.0 306.0 218.0 199.0 83.0 90.0 84.0 81.0 80.0 80.0 612.0 419.0 330.0 178.0 166.0 165.0 82.0 81.0 81.0 666.0 472.0 417.0 227.0 194.0 183.0 83.0 91.0 82.0 324.0 300.0 227.0 95.0 95.0 96.0 88.0 80.0 86.0 689.0 529.0 366.0 195.0 182.0 175.0 82.0 81.0 82.0 743.0 567.0 441.0 251.0 229.0 205.0 83.0 83.0 83.0 82.0 81.0 81.0 726.0 569.0 455.0 259.0 226.0 232.0 84.0 85.0 85.0 113.0 83.0 83.0 788.0 702.0 622.0 292.0 245.0 223.0 87.0 87.0 120.0 80.0 80.0 81.0 529.0 414.0 338.0 173.0 165.0 154.0 81.0 81.0 81.0 805.0 671.0 544.0 282.0 242.0 215.0 86.0 87.0 88.0 82.0 81.0 88.0 328.0 266.0 247.0 101.0 97.0 97.0 82.0 80.0 80.0 524.0 321.0 274.0 137.0 134.0 134.0 83.0 83.0 82.0 741.0 688.0 588.0 329.0 249.0 219.0 89.0 87.0 88.0 80.0 80.0 82.0 380.0 290.0 247.0 142.0 115.0 116.0 88.0 81.0 86.0 328.0 268.0 230.0 104.0 100.0 119.0 86.0 81.0 81.0 665.0 479.0 382.0 208.0 193.0 182.0 82.0 82.0 82.0 701.0 503.0 409.0 280.0 211.0 191.0 84.0 82.0 114.0 639.0 378.0 312.0 162.0 180.0 151.0 81.0 82.0 81.0 365.0 304.0 241.0 111.0 109.0 116.0 83.0 83.0 81.0 319.0 272.0 226.0 93.0 93.0 94.0 80.0 80.0 81.0 741.0 692.0 592.0 295.0 274.0 223.0 87.0 87.0 87.0 81.0 81.0 81.0 673.0 498.0 391.0 221.0 202.0 213.0 82.0 83.0 87.0 478.0 367.0 286.0 157.0 146.0 144.0 81.0 81.0 82.0 544.0 396.0 355.0 171.0 162.0 158.0 121.0 81.0 82.0 508.0 404.0 301.0 158.0 152.0 149.0 89.0 81.0 82.0 564.0 416.0 329.0 179.0 168.0 161.0 83.0 84.0 82.0 403.0 284.0 241.0 113.0 110.0 110.0 87.0 82.0 90.0
49 50 1 TRACE 58.0 82.0 65.0 123.0 45.0 170.0 60.0 65.0 100.0 134.0 38.0 25.0 48.0 50.0 92.0 47.0 43.0 72.0 90.0 114.0 51.0 79.0 49.0 40.0 37.0 53.0 48.0 41.0 32.0 81.0 51.0 39.0 63.0 86.0 45.0 26.0 48.0 85.0 106.0 98.0 102.0 54.0 50.0 94.0 106.0 67.0 87.0 49.0 70.0 98.0 129.0 27.0 27.0 91.0 141.0 38.0 33.0 57.0 48.0 82.0 55.0 399.0 48.0 186.0 306.0 116.0 75.0 203.0 133.0 35.0 89.0 56.0 54.0 47.0 102.0 81.0 94.0 67.0 67.0 56.0 129.0 97.0 38.0 79.0 65.0 33.0 85.0 71.0 24.0 48.0 122.0 49.0 47.0 66.0 33.0 74.0 68.0 63.0 96.0 36.0 64.0 113.0 32.0 42.0 84.0 65.0 79.0 72.0 95.0 80.0 81.0 65.0 63.0 23.0 124.0 33.0 94.0 46.0 91.0 55.0 101.0 40.0 82.0 58.0 49.0 84.0 59.0 61.0 50.0 44.0 67.0 45.0 27.0 48.0 67.0 79.0 87.0 81.0 73.0 61.0 134.0 42.0 49.0 48.0 50.0 80.0 95.0 69.0 66.0 76.0 47.0 71.0 78.0 32.0 83.0 107.0 77.0 61.0 268.0 43.0 59.0 154.0 65.0 63.0 73.0 151.0 28.0 34.0 98.0 27.0 44.0 103.0 86.0 71.0 48.0 43.0 46.0 66.0 68.0 60.0 61.0 64.0 26.0 92.0 93.0 58.0 79.0 45.0 47.0 96.0 101.0 50.0 109.0 76.0 64.0 73.0 49.0 46.0 24.0 52.0 95.0 32.0 51.0 70.0 76.0 65.0 31.0 30.0
50 25 1 TRACE 25.0 50.0 19.0 18.0 22.0 18.0 17.0 17.0 22.0 17.0 37.0 33.0 17.0 59.0 19.0 19.0 17.0 17.0 22.0 22.0 20.0 19.0 18.0 17.0 21.0 17.0 17.0 21.0 21.0 20.0 19.0 18.0 18.0 56.0 26.0 23.0 46.0 18.0 19.0 20.0 17.0 23.0 17.0 18.0 19.0 19.0 19.0 17.0 19.0 18.0 17.0 18.0 21.0 22.0 19.0 18.0 18.0 25.0 21.0 19.0 19.0 18.0 18.0 17.0
50 41 1 TRACE 9.0 9.0 9.0 9.0 9.0 9.0 9.0 9.0 9.0 9.0 9.0 8.0 9.0 9.0 9.0 8.0 9.0 9.0 9.0 8.0 9.0 9.0 9.0 9.0 8.0 8.0 9.0 8.0 9.0 9.0 8.0 9.0 9.0 9.0 8.0 9.0 9.0 10.0 9.0 9.0 9.0 8.0 9.0 23.0 20.0 10.0 9.0 9.0 9.0 8.0 8.0 8.0 8.0 9.0 9.0 9.0 9.0 9.0 9.0 8.0 9.0 9.0 9.0 9.0 9.0 9.0 8.0 9.0 9.0 9.0 9.0 9.0 8.0 9.0 8.0 9.0 9.0 9.0 8.0 9.0 9.0 9.0 9.0 8.0 9.0 9.0 9.0 9.0 9.0 8.0 9.0 8.0 9.0 9.0 9.0 9.0 9.0 12.0 8.0 9.0 22.0 8.0 9.0 9.0 8.0 9.0 9.0 8.0 9.0 8.0 9.0 9.0 9.0 8.0 9.0 8.0 9.0 8.0 9.0 9.0 9.0 9.0 8.0 9.0 9.0 9.0 9.0 9.0 9.0 9.0 9.0 8.0 9.0 8.0 9.0 9.0 8.0 8.0 8.0 9.0 10.0 8.0 9.0 8.0
51 52 1 TRACE 1311.0 1271.0 1257.0 1264.0 1290.0 1276.0 1298.0 1280.0 1276.0 1276.0 1280.0 1284.0 1266.0 1263.0 1266.0 1262.0 1259.0 1286.0 1558.0 1288.0 1240.0 1241.0 1242.0 1232.0 1241.0 1237.0 1224.0 1232.0 1229.0 1237.0 1234.0 1229.0 1240.0 1230.0 1235.0 1227.0 1250.0 1231.0 1245.0 1236.0 1229.0 1242.0 1235.0 1223.0 1268.0 1232.0 1235.0 1223.0 1240.0 1226.0 1235.0 1231.0 1250.0 1225.0 1254.0 1235.0 1253.0 1236.0 1238.0 1229.0 1240.0 1235.0 1235.0 1235.0
52 53 1 TRACE 61.0 44.0 74.0 81.0 41.0 41.0 42.0 40.0 41.0 40.0 77.0 74.0 40.0 54.0 40.0 41.0 41.0 46.0 146.0 83.0 73.0 40.0 40.0 41.0 76.0 40.0 41.0 40.0 78.0 70.0 40.0 63.0 40.0 78.0 40.0 41.0 44.0 77.0 41.0 40.0 51.0 44.0 40.0 40.0 43.0 75.0 41.0 44.0 72.0 40.0 41.0 41.0 40.0 76.0 40.0 77.0 44.0 42.0 41.0 40.0 41.0 79.0 42.0 75.0
53 54 1 TRACE 24.0 20.0 19.0 19.0 18.0 17.0 29.0 18.0 17.0 16.0 16.0 17.0 16.0 15.0 14.0 15.0 19.0 18.0 25.0 22.0 20.0 17.0 19.0 16.0 17.0 17.0 16.0 17.0 16.0 20.0 17.0 17.0 19.0 20.0 19.0 20.0 17.0 46.0 16.0 18.0 16.0 17.0 18.0 16.0 17.0 18.0 16.0 15.0 18.0 19.0 17.0 18.0 17.0 16.0 17.0 15.0 18.0 19.0 18.0 19.0 13.0 12.0 13.0 18.0
54 55 1 TRACE 45.0 21.0 19.0 19.0 19.0 18.0 18.0 19.0 20.0 19.0 20.0 19.0 19.0 19.0 19.0 18.0 19.0 20.0 21.0 34.0 20.0 19.0 19.0 18.0 19.0 20.0 18.0 18.0 20.0 20.0 18.0 19.0 20.0 20.0 19.0 19.0 19.0 22.0 20.0 18.0 19.0 20.0 18.0 19.0 19.0 19.0 18.0 19.0 20.0 19.0 19.0 20.0 20.0 19.0 19.0 18.0 20.0 19.0 18.0 19.0 19.0 19.0 19.0 19.0
55 56 1 TRACE 19.0 7.0 7.0 7.0 7.0 7.0 7.0 7.0 7.0 7.0 8.0 7.0 8.0 7.0 8.0 7.0 8.0 7.0 8.0 7.0 7.0 7.0 7.0 7.0 8.0 7.0 7.0 7.0 7.0 7.0 7.0 7.0 8.0 7.0 7.0 7.0 8.0 7.0 7.0 7.0 7.0 7.0 7.0 7.0 7.0 7.0 7.0 7.0 8.0 7.0 7.0 7.0 7.0 7.0 7.0 7.0 7.0 7.0 7.0 7.0 7.0 7.0 7.0 7.0
56 57 1 TRACE 11.0 7.0 7.0 7.0 7.0 7.0 7.0 7.0 7.0 15.0 6.0 7.0 7.0 7.0 7.0 7.0 7.0 7.0 8.0 7.0 6.0 7.0 7.0 6.0 7.0 7.0 7.0 6.0 6.0 7.0 6.0 7.0 6.0 7.0 7.0 7.0 6.0 6.0 7.0 7.0 7.0 7.0 7.0 7.0 7.0 7.0 7.0 7.0 6.0 7.0 7.0 7.0 7.0 7.0 7.0 6.0 7.0 7.0 6.0 7.0 7.0 7.0 7.0 7.0
57 58 1 TRACE 10.0 7.0 7.0 7.0 7.0 7.0 7.0 7.0 6.0 7.0 7.0 7.0 7.0 7.0 7.0 7.0 7.0 7.0 8.0 7.0 7.0 6.0 7.0 7.0 7.0 6.0 7.0 7.0 7.0 7.0 7.0 7.0 7.0 7.0 7.0 7.0 7.0 7.0 7.0 7.0 7.0 7.0 7.0 6.0 7.0 7.0 7.0 7.0 7.0 6.0 7.0 6.0 7.0 7.0 6.0 7.0 6.0 7.0 7.0 6.0 7.0 6.0 7.0 7.0
58 59 1 TRACE 16.0 8.0 7.0 8.0 7.0 7.0 8.0 8.0 8.0 7.0 7.0 8.0 8.0 7.0 8.0 8.0 7.0 8.0 9.0 8.0 7.0 8.0 8.0 8.0 8.0 8.0 8.0 7.0 7.0 8.0 8.0 8.0 8.0 8.0 8.0 8.0 7.0 8.0 8.0 8.0 8.0 7.0 7.0 8.0 8.0 8.0 8.0 8.0 8.0 8.0 8.0 8.0 8.0 8.0 8.0 8.0 8.0 7.0 7.0 8.0 8.0 8.0 8.0 8.0
59 60 1 TRACE 7.0 18.0 7.0 6.0 7.0 19.0 7.0 7.0 7.0 7.0 7.0 7.0 19.0 7.0 7.0 19.0 7.0 7.0 8.0 7.0 7.0 18.0 6.0 7.0 7.0 7.0 7.0 7.0 19.0 7.0 7.0 7.0 7.0 7.0 6.0 7.0 7.0 6.0 6.0 7.0 7.0 7.0 7.0 6.0 6.0 7.0 7.0 6.0 7.0 6.0 6.0 7.0 7.0 6.0 7.0 7.0 7.0 7.0 7.0 7.0 6.0 7.0 7.0 7.0
60 61 1 TRACE 7.0 7.0 18.0 19.0 18.0 7.0 7.0 7.0 7.0 18.0 19.0 8.0 7.0 7.0 19.0 7.0 18.0 19.0 8.0 7.0 18.0 8.0 19.0 19.0 19.0 7.0 7.0 19.0 7.0 8.0 19.0 6.0 18.0 18.0 19.0 19.0 18.0 8.0 19.0 18.0 19.0 18.0 29.0 19.0 19.0 18.0 19.0 19.0 19.0 19.0 19.0 19.0 19.0 19.0 19.0 19.0 19.0 19.0 19.0 19.0 19.0 19.0 7.0 19.0
61 62 1 TRACE 7.0 7.0 7.0 7.0 8.0 7.0 7.0 7.0 7.0 7.0 7.0 7.0 7.0 7.0 7.0 7.0 7.0 7.0 7.0 7.0 8.0 8.0 7.0 7.0 7.0 7.0 7.0 7.0 7.0 8.0 7.0 19.0 8.0 8.0 8.0 8.0 8.0 8.0 7.0 7.0 8.0 7.0 7.0 7.0 7.0 7.0 7.0 8.0 7.0 7.0 7.0 7.0 7.0 7.0 7.0 7.0 7.0 7.0 7.0 7.0 7.0 7.0 7.0 7.0
62 1 1 TRACE 321.0 31.0 19.0 19.0 19.0 19.0 19.0 19.0 19.0 21.0 21.0 23.0 20.0 18.0 19.0 18.0 19.0 20.0 20.0 20.0 19.0 19.0 19.0 21.0 47.0 21.0 19.0 19.0 21.0 20.0 28.0 18.0 18.0 19.0 19.0 19.0 19.0 23.0 19.0 19.0 19.0 19.0 33.0 24.0 18.0 19.0 18.0 20.0 19.0 19.0 18.0 19.0 19.0 19.0 19.0 23.0 20.0 19.0 19.0 18.0 19.0 23.0 32.0
