0 1 1 TRACE 1672855866930637.0
1 2 1 TRACE 11399.0 19.0 25.0 19.0 20.0 56.0 19.0 20.0 20.0 18.0 106.0 21.0 20.0 56.0 22.0 20.0 20.0 20.0 18.0 20.0 19.0 19.0 20.0 19.0 19.0 18.0 19.0 19.0 20.0 19.0 21.0 19.0 20.0 20.0 19.0 19.0 19.0 56.0 19.0 20.0 19.0 19.0 28.0 19.0 19.0 19.0 20.0 19.0 19.0 27.0 20.0 19.0 19.0 19.0 19.0 32.0 20.0 19.0 19.0 19.0 20.0 19.0 19.0 18.0
2 3 1 TRACE 2368.0 29.0 28.0 31.0 83.0 30.0 32.0 87.0 29.0 56.0 45.0 91.0 68.0 56.0 28.0 37.0 65.0 29.0 64.0 63.0 71.0 38.0 33.0 50.0 49.0 43.0 77.0 35.0 32.0 192.0 39.0 29.0 37.0 28.0 29.0 29.0 39.0 30.0 46.0 28.0 69.0 81.0 29.0 38.0 34.0 29.0 44.0 73.0 55.0 31.0 28.0 100.0 77.0 88.0 505.0 62.0 37.0 39.0 29.0 29.0 47.0 29.0 65.0 41.0
3 4 1 TRACE 48.0 24.0 23.0 34.0 63.0 62.0 35.0 61.0 25.0 63.0 82.0 54.0 38.0 45.0 42.0 61.0 50.0 43.0 53.0 605.0 43.0 31.0 41.0 61.0 28.0 64.0 39.0 32.0 245.0 214.0 63.0 58.0 28.0 33.0 24.0 24.0 28.0 25.0 55.0 27.0 47.0 33.0 59.0 25.0 24.0 56.0 61.0 123.0 56.0 24.0 24.0 39.0 71.0 77.0 24.0 41.0 60.0 24.0 23.0 53.0 62.0 55.0 34.0 24.0
4 5 1 TRACE 22.0 17.0 16.0 17.0 16.0 53.0 16.0 52.0 16.0 16.0 56.0 29.0 18.0 62.0 18.0 18.0 17.0 17.0 23.0 17.0 17.0 17.0 55.0 16.0 17.0 16.0 18.0 17.0 16.0 86.0 16.0 16.0 16.0 16.0 17.0 22.0 16.0 16.0 16.0 16.0 57.0 20.0 53.0 17.0 16.0 54.0 17.0 23.0 53.0 17.0 16.0 16.0 16.0 34.0 16.0 17.0 16.0 17.0 17.0 52.0 17.0 16.0 55.0 16.0
5 6 1 TRACE 45.0 169.0 16.0 16.0 17.0 14.0 20.0 45.0 24.0 51.0 22.0 54.0 26.0 12.0 20.0 13.0 13.0 47.0 13.0 16.0 17.0 46.0 12.0 51.0 19.0 30.0 97.0 28.0 12.0 58.0 29.0 18.0 30.0 18.0 17.0 52.0 15.0 13.0 14.0 12.0 29.0 21.0 12.0 13.0 166.0 13.0 13.0 91.0 12.0 13.0 13.0 14.0 20.0 12.0 16.0 17.0 18.0 16.0 49.0 11.0 14.0 14.0 12.0 12.0
6 7 1 TRACE 21.0 10.0 122.0 148.0 25.0 10.0 12.0 13.0 11.0 21.0 16.0 11.0 15.0 10.0 13.0 50.0 12.0 12.0 12.0 14.0 13.0 12.0 10.0 20.0 14.0 28.0 16.0 13.0 91.0 16.0 14.0 23.0 16.0 13.0 14.0 10.0 11.0 10.0 10.0 10.0 13.0 22.0 21.0 14.0 13.0 58.0 10.0 18.0 10.0 10.0 14.0 9.0 21.0 9.0 15.0 13.0 16.0 15.0 14.0 9.0 14.0 13.0 20.0 13.0
7 8 1 TRACE 20.0 8.0 11.0 14.0 13.0 8.0 18.0 12.0 11.0 9.0 20.0 9.0 16.0 9.0 12.0 15.0 11.0 20.0 10.0 14.0 24.0 20.0 9.0 8.0 25.0 21.0 15.0 21.0 58.0 15.0 21.0 26.0 16.0 15.0 15.0 11.0 12.0 11.0 20.0 13.0 11.0 14.0 20.0 14.0 17.0 9.0 9.0 20.0 8.0 14.0 14.0 9.0 17.0 8.0 15.0 14.0 29.0 15.0 80.0 10.0 10.0 15.0 8.0 15.0
8 9 1 TRACE 19.0 8.0 12.0 15.0 12.0 8.0 10.0 12.0 11.0 10.0 46.0 43.0 17.0 10.0 9.0 13.0 10.0 8.0 9.0 15.0 12.0 8.0 10.0 38.0 11.0 12.0 16.0 8.0 139.0 15.0 8.0 9.0 28.0 21.0 15.0 20.0 11.0 36.0 19.0 11.0 11.0 7.0 8.0 24.0 14.0 12.0 8.0 31.0 9.0 15.0 13.0 8.0 20.0 8.0 15.0 23.0 14.0 21.0 40.0 8.0 9.0 21.0 9.0 23.0
9 10 1 TRACE 57.0 46.0 73.0 49.0 81.0 30.0 28.0 32.0 38.0 56.0 144.0 50.0 77.0 94.0 29.0 65.0 53.0 28.0 69.0 70.0 28.0 44.0 30.0 36.0 37.0 44.0 32.0 57.0 192.0 62.0 67.0 63.0 61.0 65.0 57.0 28.0 68.0 41.0 47.0 59.0 43.0 29.0 39.0 68.0 175.0 130.0 59.0 88.0 44.0 45.0 45.0 91.0 60.0 63.0 65.0 28.0 138.0 495.0 101.0 37.0 29.0 49.0 35.0 29.0
10 11 1 TRACE 23.0 19.0 19.0 20.0 19.0 18.0 18.0 20.0 18.0 19.0 61.0 27.0 118.0 19.0 19.0 19.0 19.0 19.0 19.0 18.0 18.0 19.0 19.0 19.0 19.0 19.0 19.0 47.0 20.0 19.0 17.0 20.0 19.0 19.0 19.0 19.0 32.0 21.0 19.0 20.0 19.0 21.0 18.0 18.0 21.0 30.0 18.0 18.0 19.0 19.0 20.0 19.0 20.0 18.0 18.0 23.0 20.0 19.0 18.0 18.0 19.0 18.0 19.0 19.0
11 12 1 TRACE 25.0 20.0 70.0 24.0 19.0 19.0 44.0 19.0 20.0 53.0 49.0 39.0 96.0 20.0 24.0 52.0 164.0 19.0 19.0 20.0 37.0 21.0 20.0 38.0 48.0 22.0 20.0 35.0 42.0 52.0 20.0 34.0 20.0 35.0 49.0 20.0 32.0 18.0 70.0 19.0 52.0 24.0 24.0 39.0 88.0 19.0 19.0 24.0 23.0 19.0 20.0 28.0 19.0 40.0 19.0 19.0 54.0 19.0 19.0 19.0 19.0 20.0 19.0 20.0
12 13 1 TRACE 22.0 21.0 51.0 21.0 17.0 17.0 19.0 18.0 17.0 18.0 33.0 68.0 20.0 18.0 27.0 18.0 18.0 17.0 18.0 17.0 17.0 20.0 17.0 17.0 19.0 21.0 17.0 17.0 132.0 18.0 18.0 17.0 21.0 19.0 18.0 17.0 28.0 17.0 23.0 17.0 17.0 17.0 42.0 32.0 71.0 18.0 17.0 22.0 17.0 17.0 18.0 70.0 17.0 28.0 17.0 17.0 18.0 17.0 18.0 18.0 17.0 29.0 18.0 17.0
13 14 1 TRACE 19.0 9.0 9.0 9.0 9.0 9.0 8.0 9.0 9.0 9.0 12.0 10.0 11.0 10.0 9.0 9.0 9.0 9.0 10.0 9.0 9.0 9.0 9.0 9.0 9.0 9.0 8.0 9.0 10.0 9.0 9.0 9.0 8.0 10.0 9.0 8.0 9.0 9.0 9.0 9.0 9.0 9.0 9.0 9.0 9.0 9.0 8.0 9.0 9.0 9.0 9.0 9.0 9.0 9.0 8.0 8.0 9.0 8.0 9.0 9.0 9.0 9.0 9.0 9.0
14 15 1 TRACE 25.0 17.0 70.0 16.0 16.0 17.0 17.0 17.0 16.0 17.0 19.0 17.0 19.0 18.0 16.0 17.0 59.0 17.0 18.0 17.0 16.0 16.0 18.0 24.0 17.0 17.0 16.0 17.0 16.0 16.0 16.0 16.0 16.0 16.0 44.0 16.0 27.0 16.0 16.0 16.0 20.0 17.0 16.0 17.0 16.0 18.0 17.0 25.0 17.0 16.0 16.0 16.0 16.0 16.0 34.0 16.0 23.0 17.0 38.0 16.0 20.0 16.0 17.0 17.0
15 16 1 TRACE 13.0 9.0 8.0 8.0 9.0 8.0 8.0 8.0 8.0 9.0 10.0 9.0 9.0 9.0 8.0 9.0 8.0 8.0 9.0 9.0 8.0 8.0 9.0 8.0 8.0 8.0 8.0 8.0 9.0 8.0 8.0 9.0 8.0 8.0 9.0 8.0 8.0 8.0 8.0 8.0 9.0 9.0 8.0 8.0 9.0 8.0 8.0 8.0 8.0 8.0 8.0 8.0 8.0 9.0 8.0 8.0 8.0 8.0 8.0 8.0 8.0 8.0 8.0 9.0
16 17 1 TRACE 38.0 33.0 39.0 27.0 29.0 46.0 28.0 65.0 29.0 91.0 66.0 120.0 71.0 29.0 74.0 73.0 77.0 35.0 28.0 593.0 160.0 31.0 59.0 42.0 29.0 32.0 69.0 34.0 32.0 62.0 30.0 30.0 59.0 64.0 284.0 38.0 29.0 30.0 67.0 30.0 73.0 57.0 101.0 66.0 84.0 69.0 30.0 192.0 67.0 29.0 71.0 46.0 30.0 40.0 628.0 67.0 114.0 30.0 73.0 28.0 35.0 70.0 67.0 28.0
17 18 1 TRACE 23.0 24.0 18.0 19.0 18.0 19.0 19.0 54.0 18.0 19.0 20.0 32.0 31.0 19.0 19.0 19.0 19.0 19.0 20.0 18.0 19.0 18.0 19.0 19.0 18.0 18.0 18.0 20.0 19.0 18.0 18.0 18.0 18.0 19.0 19.0 18.0 19.0 19.0 18.0 20.0 18.0 20.0 19.0 19.0 44.0 18.0 18.0 18.0 18.0 19.0 19.0 18.0 19.0 19.0 18.0 24.0 19.0 18.0 18.0 19.0 19.0 18.0 18.0 19.0
18 19 1 TRACE 36.0 20.0 19.0 18.0 35.0 32.0 18.0 20.0 19.0 48.0 34.0 32.0 47.0 24.0 23.0 20.0 18.0 21.0 19.0 42.0 25.0 22.0 23.0 30.0 18.0 25.0 102.0 21.0 21.0 34.0 18.0 19.0 23.0 19.0 400.0 27.0 26.0 19.0 18.0 27.0 44.0 34.0 42.0 50.0 34.0 23.0 19.0 313.0 19.0 19.0 50.0 18.0 18.0 71.0 133.0 18.0 33.0 18.0 18.0 20.0 20.0 45.0 35.0 19.0
19 20 1 TRACE 22.0 18.0 48.0 17.0 53.0 19.0 26.0 18.0 16.0 20.0 34.0 65.0 18.0 18.0 17.0 17.0 18.0 23.0 18.0 28.0 18.0 18.0 22.0 18.0 17.0 20.0 17.0 30.0 17.0 16.0 17.0 18.0 40.0 17.0 23.0 17.0 26.0 18.0 19.0 48.0 17.0 25.0 21.0 17.0 17.0 23.0 17.0 488.0 18.0 17.0 28.0 21.0 17.0 18.0 17.0 18.0 46.0 17.0 18.0 48.0 17.0 19.0 18.0 17.0
20 21 1 TRACE 21.0 16.0 18.0 16.0 16.0 15.0 16.0 20.0 16.0 16.0 18.0 32.0 17.0 17.0 15.0 16.0 16.0 15.0 17.0 15.0 16.0 80.0 16.0 16.0 16.0 16.0 16.0 16.0 16.0 16.0 15.0 15.0 16.0 16.0 16.0 16.0 15.0 15.0 15.0 15.0 16.0 15.0 40.0 15.0 15.0 16.0 15.0 17.0 16.0 15.0 16.0 16.0 16.0 16.0 16.0 17.0 17.0 16.0 16.0 16.0 16.0 16.0 16.0 16.0
21 22 1 TRACE 29.0 13.0 14.0 13.0 13.0 14.0 13.0 14.0 14.0 13.0 16.0 16.0 15.0 14.0 14.0 14.0 13.0 14.0 14.0 14.0 13.0 13.0 13.0 13.0 13.0 13.0 13.0 13.0 14.0 14.0 13.0 14.0 14.0 14.0 13.0 14.0 13.0 13.0 13.0 14.0 13.0 13.0 14.0 13.0 13.0 13.0 13.0 14.0 13.0 13.0 13.0 14.0 13.0 13.0 13.0 13.0 14.0 14.0 14.0 13.0 13.0 13.0 13.0 14.0
22 23 1 TRACE 36.0 31.0 97.0 45.0 71.0 27.0 25.0 59.0 32.0 38.0 134.0 73.0 61.0 41.0 61.0 26.0 25.0 25.0 36.0 37.0 44.0 25.0 54.0 26.0 67.0 26.0 43.0 65.0 40.0 51.0 65.0 65.0 26.0 64.0 25.0 35.0 82.0 64.0 46.0 103.0 25.0 27.0 64.0 25.0 63.0 26.0 28.0 365.0 26.0 25.0 57.0 64.0 43.0 25.0 60.0 43.0 62.0 26.0 38.0 29.0 26.0 26.0 94.0 29.0
23 24 1 TRACE 38.0 27.0 69.0 26.0 28.0 37.0 28.0 69.0 46.0 61.0 91.0 73.0 35.0 29.0 54.0 32.0 26.0 26.0 55.0 28.0 27.0 31.0 34.0 61.0 68.0 26.0 54.0 45.0 35.0 32.0 60.0 64.0 28.0 61.0 46.0 28.0 70.0 61.0 27.0 50.0 197.0 27.0 28.0 56.0 27.0 35.0 27.0 298.0 61.0 55.0 63.0 60.0 79.0 60.0 54.0 87.0 53.0 68.0 65.0 62.0 26.0 60.0 30.0 26.0
24 25 1 TRACE 51.0 33.0 25.0 23.0 23.0 23.0 22.0 25.0 23.0 23.0 58.0 44.0 25.0 32.0 27.0 23.0 24.0 27.0 29.0 27.0 23.0 25.0 24.0 30.0 23.0 22.0 24.0 51.0 23.0 22.0 53.0 25.0 22.0 57.0 24.0 23.0 49.0 27.0 23.0 23.0 25.0 24.0 23.0 23.0 59.0 23.0 23.0 26.0 22.0 29.0 22.0 25.0 24.0 23.0 25.0 100.0 60.0 27.0 52.0 54.0 64.0 23.0 44.0 23.0
25 26 1 TRACE 23.0 9.0 10.0 9.0 9.0 9.0 9.0 9.0 9.0 10.0 9.0 9.0 9.0 9.0 10.0 10.0 11.0 9.0 9.0 10.0 9.0 10.0 10.0 9.0 9.0 9.0 10.0 10.0 9.0 9.0 9.0 10.0 12.0 12.0 11.0 11.0 11.0 11.0 10.0 10.0 10.0 10.0 9.0 9.0 10.0 13.0 9.0 9.0 9.0 9.0 9.0 10.0 10.0 9.0 11.0 9.0 10.0 9.0 9.0 9.0 9.0 9.0 9.0 10.0 10.0 9.0 10.0 10.0 9.0 10.0 9.0 10.0 10.0 9.0 9.0 9.0 9.0 9.0 9.0 9.0 10.0 9.0 10.0 9.0 10.0 10.0 9.0 9.0 10.0 10.0 10.0 9.0 9.0 10.0 9.0 9.0 10.0 9.0 9.0 10.0 23.0 10.0 10.0 9.0 9.0 9.0 9.0 10.0 9.0 9.0 9.0 10.0 9.0 10.0 10.0 9.0 9.0 9.0 10.0 10.0 9.0 9.0 9.0 10.0 9.0 9.0 10.0 9.0 10.0 10.0 10.0 9.0 9.0 9.0 10.0 10.0 9.0 9.0 9.0 9.0 13.0 9.0 9.0 9.0 9.0 10.0 10.0 9.0 10.0 10.0 9.0 9.0 10.0 9.0 9.0 9.0 10.0 10.0 10.0 9.0 9.0 9.0 10.0 10.0 10.0 10.0 9.0 10.0 9.0 9.0 10.0 10.0 9.0 10.0 9.0 10.0 10.0 10.0 9.0 9.0 10.0 10.0 9.0 9.0 9.0 9.0 9.0 9.0 9.0 10.0 10.0
26 27 1 TRACE 11.0 8.0 8.0 7.0 7.0 7.0 7.0 8.0 8.0 8.0 7.0 8.0 8.0 8.0 8.0 8.0 8.0 8.0 7.0 8.0 7.0 8.0 8.0 7.0 8.0 8.0 8.0 8.0 7.0 7.0 7.0 8.0 10.0 9.0 8.0 9.0 9.0 9.0 8.0 8.0 9.0 8.0 8.0 7.0 8.0 8.0 8.0 7.0 8.0 7.0 7.0 8.0 8.0 7.0 8.0 8.0 8.0 7.0 8.0 7.0 7.0 8.0 7.0 8.0 8.0 7.0 7.0 8.0 7.0 8.0 7.0 8.0 8.0 7.0 8.0 7.0 7.0 7.0 8.0 7.0 8.0 7.0 8.0 8.0 8.0 8.0 8.0 7.0 8.0 8.0 8.0 7.0 7.0 7.0 8.0 7.0 8.0 7.0 7.0 8.0 8.0 8.0 8.0 7.0 8.0 7.0 8.0 7.0 8.0 7.0 8.0 8.0 7.0 8.0 8.0 8.0 7.0 7.0 8.0 8.0 7.0 8.0 7.0 8.0 7.0 8.0 8.0 8.0 8.0 8.0 8.0 8.0 8.0 7.0 8.0 8.0 7.0 7.0 7.0 7.0 8.0 7.0 7.0 7.0 7.0 8.0 8.0 7.0 8.0 8.0 7.0 8.0 8.0 7.0 7.0 7.0 8.0 8.0 8.0 8.0 7.0 7.0 8.0 8.0 8.0 7.0 8.0 8.0 8.0 8.0 8.0 8.0 7.0 8.0 8.0 8.0 8.0 8.0 7.0 7.0 8.0 8.0 8.0 8.0 8.0 7.0 7.0 8.0 8.0 8.0 8.0
27 28 1 TRACE 11.0 8.0 8.0 8.0 8.0 7.0 7.0 7.0 8.0 7.0 8.0 8.0 7.0 7.0 7.0 8.0 7.0 8.0 7.0 7.0 8.0 8.0 7.0 7.0 20.0 8.0 8.0 7.0 7.0 8.0 8.0 8.0 9.0 21.0 8.0 9.0 12.0 8.0 9.0 8.0 8.0 8.0 8.0 7.0 8.0 8.0 8.0 8.0 8.0 8.0 8.0 8.0 8.0 7.0 8.0 8.0 7.0 8.0 7.0 8.0 8.0 8.0 7.0 8.0 7.0 8.0 7.0 8.0 8.0 8.0 8.0 7.0 7.0 8.0 7.0 8.0 8.0 7.0 8.0 8.0 8.0 8.0 8.0 8.0 8.0 8.0 8.0 7.0 8.0 8.0 8.0 7.0 7.0 8.0 8.0 8.0 8.0 7.0 13.0 7.0 8.0 7.0 8.0 8.0 8.0 8.0 7.0 7.0 8.0 8.0 8.0 8.0 7.0 7.0 7.0 8.0 7.0 7.0 7.0 7.0 7.0 7.0 7.0 8.0 8.0 7.0 11.0 8.0 8.0 7.0 7.0 7.0 7.0 7.0 7.0 7.0 8.0 8.0 8.0 7.0 8.0 8.0 7.0 7.0 7.0 7.0 8.0 7.0 8.0 7.0 7.0 7.0 7.0 7.0 7.0 7.0 7.0 8.0 8.0 7.0 8.0 8.0 8.0 8.0 7.0 7.0 8.0 8.0 8.0 8.0 8.0 8.0 7.0 8.0 8.0 8.0 7.0 7.0 7.0 8.0 7.0 8.0 8.0 8.0 8.0 7.0 7.0 8.0 8.0 8.0 8.0
28 29 1 TRACE 13.0 9.0 9.0 9.0 9.0 10.0 9.0 9.0 9.0 9.0 9.0 9.0 9.0 9.0 9.0 9.0 9.0 9.0 9.0 9.0 9.0 9.0 9.0 10.0 10.0 9.0 9.0 9.0 9.0 9.0 9.0 9.0 12.0 11.0 23.0 10.0 12.0 10.0 10.0 9.0 10.0 10.0 9.0 9.0 9.0 11.0 10.0 9.0 9.0 9.0 9.0 9.0 9.0 10.0 10.0 10.0 9.0 9.0 8.0 9.0 9.0 9.0 9.0 9.0 9.0 9.0 9.0 9.0 9.0 9.0 9.0 9.0 9.0 9.0 9.0 9.0 9.0 9.0 9.0 9.0 9.0 9.0 9.0 9.0 9.0 9.0 9.0 9.0 9.0 9.0 9.0 10.0 10.0 10.0 9.0 9.0 9.0 9.0 23.0 9.0 10.0 9.0 9.0 9.0 9.0 9.0 9.0 9.0 9.0 9.0 9.0 10.0 9.0 8.0 9.0 9.0 9.0 9.0 9.0 9.0 10.0 9.0 9.0 9.0 9.0 8.0 11.0 9.0 9.0 9.0 9.0 14.0 9.0 10.0 9.0 9.0 9.0 9.0 9.0 9.0 10.0 9.0 9.0 9.0 9.0 9.0 9.0 9.0 9.0 9.0 9.0 9.0 9.0 9.0 9.0 9.0 8.0 9.0 9.0 9.0 9.0 9.0 9.0 9.0 10.0 9.0 9.0 9.0 9.0 9.0 9.0 9.0 9.0 9.0 9.0 9.0 9.0 9.0 9.0 9.0 9.0 9.0 9.0 9.0 9.0 9.0 9.0 9.0 10.0 10.0 9.0
29 30 1 TRACE 1429.0 364.0 30.0 38.0 27.0 32.0 32.0 47.0 63.0 45.0 36.0 93.0 57.0 28.0 75.0 30.0 25.0 518.0 28.0 116.0 28.0 69.0 29.0 30.0 29.0 62.0 29.0 61.0 29.0 34.0 375.0 87.0 134.0 94.0 76.0 59.0 100.0 33.0 76.0 31.0 43.0 33.0 27.0 50.0 77.0 21.0 67.0 125.0 39.0 29.0 29.0 29.0 60.0 28.0 24.0 63.0 73.0 32.0 27.0 68.0 29.0 105.0 176.0 60.0 25.0 30.0 72.0 28.0 64.0 51.0 79.0 29.0 27.0 33.0 82.0 28.0 80.0 35.0 69.0 63.0 60.0 74.0 31.0 37.0 41.0 263.0 65.0 46.0 47.0 65.0 51.0 30.0 77.0 246.0 52.0 34.0 37.0 35.0 18.0 75.0 17.0 28.0 31.0 46.0 443.0 68.0 30.0 44.0 47.0 49.0 32.0 25.0 57.0 68.0 70.0 30.0 31.0 29.0 57.0 64.0 59.0 264.0 41.0 171.0 55.0 64.0 24.0 27.0 70.0 61.0 27.0 22.0 38.0 39.0 29.0 156.0 28.0 69.0 62.0 64.0 26.0 29.0 29.0 134.0 283.0 28.0 63.0 27.0 31.0 38.0 29.0 34.0 67.0 67.0 29.0 28.0 28.0 67.0 48.0 35.0 174.0 82.0 83.0 30.0 67.0 161.0 65.0 30.0 37.0 66.0 60.0 30.0 95.0 61.0 51.0 29.0 70.0 28.0 67.0 30.0 28.0 85.0 60.0 30.0 67.0 152.0 28.0 90.0 71.0 56.0 264.0
30 31 1 TRACE 23.0 19.0 18.0 9.0 15.0 16.0 22.0 9.0 15.0 16.0 28.0 17.0 104.0 9.0 19.0 8.0 30.0 32.0 9.0 15.0 18.0 9.0 9.0 16.0 9.0 8.0 24.0 11.0 8.0 16.0 32.0 31.0 288.0 10.0 10.0 18.0 10.0 18.0 18.0 17.0 9.0 16.0 8.0 9.0 16.0 9.0 17.0 18.0 9.0 15.0 16.0 9.0 16.0 16.0 9.0 16.0 16.0 9.0 8.0 16.0 9.0 33.0 16.0 9.0 9.0 16.0 16.0 9.0 9.0 24.0 19.0 16.0 16.0 9.0 8.0 16.0 17.0 16.0 58.0 9.0 29.0 28.0 9.0 22.0 24.0 9.0 9.0 24.0 9.0 20.0 58.0 18.0 16.0 16.0 9.0 72.0 16.0 17.0 17.0 27.0 9.0 16.0 17.0 54.0 8.0 16.0 17.0 17.0 28.0 24.0 15.0 17.0 9.0 8.0 16.0 9.0 16.0 16.0 9.0 16.0 27.0 9.0 8.0 109.0 8.0 21.0 17.0 9.0 22.0 16.0 8.0 8.0 16.0 43.0 9.0 8.0 16.0 9.0 17.0 8.0 9.0 16.0 16.0 8.0 17.0 16.0 8.0 8.0 24.0 16.0 16.0 16.0 8.0 16.0 16.0 8.0 8.0 16.0 9.0 16.0 16.0 16.0 9.0 9.0 16.0 8.0 18.0 16.0 9.0 8.0 16.0 8.0 16.0 19.0 16.0 16.0 8.0 17.0 15.0 8.0 17.0 16.0 8.0 8.0 16.0 8.0 8.0 38.0 11.0 18.0 15.0
31 32 1 TRACE 19.0 14.0 14.0 18.0 13.0 13.0 14.0 13.0 13.0 13.0 14.0 13.0 16.0 13.0 14.0 12.0 13.0 14.0 13.0 13.0 14.0 28.0 12.0 13.0 19.0 13.0 13.0 17.0 13.0 13.0 29.0 26.0 136.0 14.0 15.0 14.0 16.0 15.0 14.0 14.0 13.0 13.0 13.0 12.0 13.0 13.0 14.0 13.0 14.0 13.0 13.0 13.0 13.0 13.0 14.0 13.0 13.0 12.0 13.0 13.0 13.0 13.0 13.0 13.0 13.0 12.0 14.0 13.0 13.0 19.0 13.0 14.0 13.0 12.0 12.0 14.0 13.0 13.0 13.0 13.0 13.0 14.0 14.0 13.0 15.0 12.0 13.0 14.0 13.0 14.0 19.0 13.0 13.0 14.0 13.0 13.0 13.0 13.0 15.0 13.0 14.0 13.0 13.0 17.0 349.0 13.0 13.0 13.0 16.0 15.0 13.0 15.0 13.0 13.0 13.0 18.0 13.0 13.0 13.0 13.0 13.0 13.0 18.0 56.0 24.0 13.0 14.0 13.0 15.0 13.0 12.0 13.0 13.0 42.0 13.0 13.0 13.0 13.0 13.0 12.0 13.0 14.0 14.0 13.0 14.0 13.0 13.0 13.0 13.0 14.0 13.0 13.0 13.0 13.0 13.0 13.0 13.0 14.0 14.0 35.0 13.0 13.0 13.0 13.0 13.0 67.0 13.0 13.0 13.0 14.0 13.0 13.0 14.0 13.0 13.0 16.0 13.0 13.0 13.0 12.0 13.0 15.0 13.0 12.0 13.0 12.0 12.0 86.0 19.0 14.0 13.0
32 33 1 TRACE 23.0 109.0 18.0 19.0 18.0 17.0 18.0 18.0 55.0 18.0 24.0 19.0 18.0 17.0 18.0 18.0 18.0 48.0 18.0 17.0 19.0 32.0 17.0 19.0 18.0 18.0 18.0 19.0 20.0 18.0 33.0 31.0 295.0 41.0 22.0 20.0 20.0 19.0 18.0 19.0 19.0 18.0 19.0 17.0 18.0 36.0 19.0 58.0 24.0 18.0 19.0 19.0 75.0 18.0 28.0 19.0 18.0 18.0 18.0 19.0 18.0 18.0 19.0 19.0 18.0 17.0 18.0 69.0 18.0 24.0 18.0 18.0 19.0 18.0 17.0 18.0 18.0 22.0 26.0 56.0 29.0 27.0 19.0 20.0 32.0 92.0 27.0 28.0 19.0 19.0 64.0 18.0 17.0 18.0 18.0 57.0 17.0 17.0 18.0 18.0 19.0 18.0 19.0 20.0 162.0 19.0 19.0 18.0 20.0 23.0 17.0 19.0 19.0 17.0 19.0 19.0 18.0 18.0 18.0 18.0 23.0 18.0 19.0 55.0 36.0 26.0 19.0 20.0 19.0 19.0 18.0 19.0 18.0 17.0 20.0 18.0 18.0 53.0 18.0 18.0 18.0 18.0 35.0 19.0 18.0 18.0 19.0 18.0 18.0 18.0 18.0 18.0 19.0 18.0 18.0 18.0 18.0 18.0 18.0 18.0 18.0 18.0 30.0 18.0 54.0 29.0 18.0 18.0 18.0 51.0 18.0 18.0 18.0 18.0 18.0 27.0 19.0 18.0 18.0 22.0 18.0 17.0 18.0 22.0 18.0 18.0 18.0 86.0 19.0 18.0 18.0
33 34 1 TRACE 59.0 207.0 33.0 35.0 31.0 84.0 37.0 52.0 76.0 30.0 33.0 156.0 34.0 64.0 36.0 36.0 30.0 27.0 51.0 48.0 31.0 65.0 38.0 28.0 28.0 43.0 92.0 35.0 93.0 73.0 78.0 194.0 34.0 81.0 64.0 49.0 21.0 154.0 85.0 32.0 32.0 73.0 33.0 140.0 45.0 32.0 38.0 28.0 27.0 63.0 33.0 35.0 45.0 62.0 35.0 35.0 190.0 55.0 259.0 817.0 70.0 248.0 31.0 30.0 62.0 59.0 59.0 112.0 84.0 53.0 32.0 95.0 117.0 67.0 22.0 58.0 31.0 141.0 84.0 20.0 47.0 31.0 51.0 84.0 36.0 128.0 37.0 61.0 60.0 71.0 639.0 40.0 39.0 57.0 54.0 46.0 61.0 31.0 44.0 57.0 32.0 41.0 87.0 35.0 198.0 337.0 35.0 84.0 87.0 32.0 119.0 56.0 54.0 81.0 60.0 22.0 70.0 63.0 22.0 42.0 28.0 159.0 27.0 101.0 50.0 34.0 36.0 83.0 41.0 58.0 54.0 20.0 81.0 28.0 96.0 106.0 63.0 20.0 75.0 33.0 23.0 70.0 64.0 35.0 1019.0 61.0 35.0 39.0 58.0 35.0 56.0 29.0 31.0 42.0 76.0 108.0 58.0 31.0 31.0 211.0 30.0 36.0 20.0 46.0 29.0 67.0 49.0 44.0 54.0 22.0 29.0 39.0 61.0 71.0 49.0 176.0 42.0 236.0 35.0 20.0 155.0 84.0 86.0 65.0 66.0 64.0 48.0 30.0 21.0 69.0 46.0
34 35 1 TRACE 624.0 647.0 63.0 47.0 49.0 52.0 50.0 50.0 23.0 50.0 65.0 18.0 19.0 80.0 50.0 48.0 49.0 18.0 49.0 156.0 52.0 18.0 51.0 19.0 18.0 53.0 52.0 19.0 52.0 50.0 55.0 165.0 65.0 51.0 65.0 89.0 63.0 74.0 20.0 20.0 52.0 56.0 18.0 52.0 50.0 48.0 54.0 49.0 49.0 218.0 102.0 48.0 55.0 43.0 50.0 52.0 50.0 19.0 53.0 51.0 50.0 55.0 18.0 18.0 66.0 56.0 51.0 18.0 64.0 50.0 56.0 54.0 19.0 18.0 50.0 49.0 50.0 60.0 53.0 49.0 55.0 49.0 51.0 55.0 48.0 18.0 68.0 50.0 51.0 63.0 49.0 89.0 52.0 48.0 50.0 52.0 48.0 54.0 52.0 48.0 99.0 54.0 48.0 19.0 52.0 49.0 52.0 67.0 49.0 49.0 54.0 65.0 18.0 79.0 49.0 49.0 54.0 49.0 48.0 51.0 18.0 24.0 78.0 61.0 62.0 59.0 50.0 49.0 58.0 49.0 18.0 50.0 53.0 49.0 18.0 52.0 57.0 47.0 1052.0 19.0 51.0 52.0 49.0 59.0 54.0 49.0 57.0 306.0 50.0 49.0 52.0 49.0 47.0 51.0 51.0 19.0 221.0 55.0 50.0 87.0 50.0 19.0 50.0 50.0 18.0 48.0 52.0 52.0 18.0 51.0 19.0 50.0 54.0 48.0 51.0 19.0 51.0 109.0 50.0 53.0 53.0 63.0 18.0 52.0 50.0 18.0 53.0 49.0 47.0 51.0 50.0
35 36 1 TRACE 48.0 53.0 52.0 54.0 46.0 49.0 45.0 46.0 17.0 47.0 46.0 16.0 17.0 51.0 47.0 61.0 46.0 16.0 47.0 131.0 47.0 16.0 61.0 17.0 17.0 62.0 66.0 17.0 80.0 46.0 51.0 115.0 49.0 21.0 63.0 73.0 47.0 60.0 17.0 17.0 240.0 47.0 17.0 48.0 59.0 47.0 89.0 44.0 64.0 327.0 46.0 51.0 53.0 41.0 45.0 50.0 46.0 16.0 48.0 60.0 46.0 51.0 17.0 16.0 49.0 54.0 45.0 16.0 50.0 48.0 49.0 54.0 17.0 16.0 49.0 60.0 49.0 74.0 48.0 46.0 52.0 44.0 53.0 51.0 47.0 17.0 68.0 51.0 45.0 63.0 46.0 45.0 55.0 46.0 47.0 50.0 45.0 46.0 49.0 45.0 79.0 48.0 44.0 16.0 52.0 52.0 46.0 56.0 67.0 80.0 52.0 40.0 16.0 48.0 45.0 47.0 89.0 44.0 45.0 47.0 51.0 21.0 50.0 50.0 48.0 69.0 48.0 44.0 51.0 45.0 16.0 45.0 64.0 45.0 16.0 67.0 46.0 45.0 1088.0 21.0 57.0 49.0 46.0 46.0 49.0 55.0 20.0 426.0 45.0 46.0 49.0 47.0 62.0 89.0 47.0 16.0 70.0 47.0 47.0 51.0 50.0 16.0 47.0 48.0 16.0 46.0 55.0 47.0 16.0 48.0 16.0 52.0 51.0 46.0 48.0 16.0 48.0 87.0 45.0 45.0 48.0 60.0 16.0 48.0 50.0 16.0 47.0 69.0 43.0 49.0 47.0
36 37 1 TRACE 85.0 70.0 47.0 32.0 102.0 205.0 191.0 52.0 134.0 51.0 380.0 86.0 107.0 36.0 76.0 30.0 49.0 108.0 61.0 104.0 121.0 78.0 525.0 111.0 81.0 162.0 36.0 130.0 42.0 125.0 271.0 185.0 104.0 82.0 132.0 57.0 64.0 72.0 123.0 77.0 36.0 36.0 191.0 134.0 38.0 30.0 44.0 86.0 33.0 160.0 133.0 91.0 179.0 35.0 31.0 39.0 65.0 124.0 47.0 94.0 115.0 86.0 103.0 84.0 31.0 172.0 48.0 120.0 86.0 59.0 32.0 100.0 88.0 158.0 37.0 33.0 104.0 156.0 114.0 83.0 118.0 113.0 123.0 116.0 70.0 102.0 57.0 31.0 35.0 120.0 199.0 31.0 148.0 43.0 116.0 89.0 61.0 31.0 55.0 64.0 33.0 162.0 34.0 85.0 186.0 71.0 30.0 82.0 111.0 65.0 70.0 30.0 94.0 45.0 53.0 49.0 47.0 41.0 63.0 74.0 57.0 146.0 230.0 167.0 32.0 42.0 59.0 108.0 88.0 79.0 93.0 63.0 64.0 310.0 271.0 71.0 31.0 80.0 72.0 81.0 31.0 67.0 153.0 87.0 312.0 53.0 43.0 56.0 54.0 56.0 44.0 30.0 85.0 60.0 73.0 81.0 39.0 63.0 31.0 101.0 32.0 127.0 129.0 33.0 92.0 30.0 181.0 34.0 94.0 63.0 94.0 32.0 82.0 40.0 100.0 117.0 40.0 148.0 63.0 31.0 44.0 32.0 217.0 71.0 70.0 92.0 75.0 60.0 30.0 86.0 30.0
37 38 1 TRACE 474.0 103.0 38.0 29.0 78.0 45.0 66.0 50.0 108.0 32.0 188.0 44.0 70.0 32.0 56.0 30.0 31.0 28.0 50.0 99.0 30.0 42.0 203.0 28.0 29.0 64.0 59.0 95.0 33.0 67.0 100.0 137.0 54.0 60.0 83.0 48.0 72.0 40.0 59.0 38.0 69.0 29.0 116.0 65.0 71.0 67.0 50.0 29.0 29.0 35.0 30.0 46.0 58.0 34.0 62.0 71.0 28.0 48.0 47.0 70.0 30.0 41.0 37.0 65.0 30.0 64.0 67.0 55.0 33.0 30.0 29.0 55.0 68.0 53.0 36.0 64.0 54.0 69.0 43.0 36.0 39.0 62.0 118.0 42.0 81.0 61.0 61.0 29.0 32.0 47.0 193.0 29.0 63.0 60.0 29.0 63.0 68.0 60.0 59.0 48.0 31.0 73.0 68.0 71.0 35.0 32.0 64.0 43.0 88.0 33.0 45.0 67.0 72.0 34.0 69.0 48.0 34.0 35.0 69.0 63.0 71.0 28.0 42.0 67.0 50.0 83.0 29.0 30.0 73.0 71.0 55.0 30.0 36.0 340.0 156.0 32.0 29.0 30.0 37.0 28.0 29.0 34.0 30.0 30.0 55.0 65.0 29.0 32.0 29.0 32.0 71.0 29.0 64.0 59.0 31.0 70.0 34.0 68.0 33.0 36.0 60.0 47.0 154.0 40.0 59.0 29.0 47.0 36.0 69.0 56.0 29.0 58.0 72.0 36.0 69.0 123.0 60.0 36.0 66.0 31.0 34.0 29.0 29.0 68.0 31.0 28.0 38.0 61.0 29.0 32.0 30.0
38 39 1 TRACE 54.0 29.0 41.0 24.0 57.0 80.0 88.0 29.0 28.0 24.0 25.0 27.0 27.0 25.0 28.0 26.0 25.0 49.0 80.0 71.0 35.0 25.0 30.0 50.0 62.0 64.0 25.0 57.0 24.0 57.0 72.0 93.0 51.0 67.0 67.0 43.0 30.0 31.0 32.0 26.0 69.0 35.0 85.0 26.0 64.0 58.0 27.0 25.0 25.0 43.0 24.0 63.0 52.0 41.0 57.0 79.0 83.0 63.0 27.0 27.0 32.0 46.0 25.0 64.0 25.0 27.0 58.0 53.0 25.0 25.0 32.0 62.0 63.0 32.0 25.0 63.0 26.0 60.0 27.0 26.0 63.0 39.0 86.0 31.0 66.0 54.0 32.0 32.0 70.0 155.0 64.0 26.0 116.0 62.0 24.0 26.0 55.0 62.0 66.0 37.0 25.0 25.0 63.0 67.0 49.0 25.0 62.0 63.0 29.0 39.0 67.0 112.0 61.0 65.0 55.0 34.0 62.0 25.0 62.0 63.0 69.0 66.0 36.0 54.0 56.0 72.0 25.0 24.0 63.0 27.0 26.0 25.0 26.0 266.0 123.0 24.0 60.0 60.0 25.0 68.0 25.0 25.0 27.0 153.0 62.0 64.0 42.0 25.0 62.0 26.0 65.0 55.0 55.0 62.0 61.0 27.0 29.0 58.0 24.0 28.0 30.0 59.0 85.0 67.0 27.0 64.0 64.0 25.0 24.0 60.0 27.0 27.0 49.0 81.0 59.0 110.0 64.0 26.0 62.0 59.0 62.0 24.0 24.0 59.0 59.0 26.0 25.0 23.0 62.0 24.0 29.0
39 25 1 TRACE 19.0 18.0 22.0 18.0 62.0 22.0 21.0 19.0 18.0 60.0 28.0 41.0 68.0 19.0 23.0 19.0 18.0 23.0 19.0 18.0 21.0 32.0 59.0 23.0 20.0 26.0 18.0 19.0 23.0 24.0 20.0 20.0 19.0 18.0 19.0 20.0 19.0 18.0 18.0 19.0 18.0 19.0 57.0 18.0 18.0 19.0 57.0 18.0 18.0 23.0 20.0 17.0 55.0 18.0 19.0 18.0 18.0 18.0 27.0 19.0 19.0 55.0 18.0 20.0
39 40 1 TRACE 36.0 29.0 42.0 85.0 27.0 26.0 31.0 99.0 45.0 41.0 95.0 66.0 29.0 77.0 27.0 39.0 61.0 40.0 40.0 41.0 41.0 27.0 62.0 56.0 27.0 58.0 66.0 28.0 56.0 254.0 147.0 29.0 65.0 29.0 33.0 256.0 65.0 28.0 64.0 54.0 36.0 31.0 60.0 64.0 27.0 26.0 66.0 45.0 59.0 63.0 61.0 55.0 63.0 26.0 44.0 61.0 29.0 28.0 61.0 62.0 58.0 62.0 28.0 60.0
39 51 1 TRACE 80.0 54.0 52.0 45.0 64.0 27.0 107.0 28.0 27.0 55.0 63.0 39.0 35.0 46.0 31.0 58.0 26.0 27.0 33.0 46.0 98.0 31.0 45.0 61.0 33.0 34.0 68.0 89.0 37.0 80.0 87.0 54.0 33.0 55.0 73.0 28.0 91.0 61.0 26.0 42.0 387.0 27.0 27.0 62.0 63.0 65.0 56.0 53.0 61.0 31.0 29.0 34.0 32.0 198.0 26.0 59.0 33.0 77.0 59.0 62.0 64.0 27.0 29.0
40 41 1 TRACE 31.0 17.0 15.0 15.0 15.0 14.0 16.0 14.0 14.0 14.0 33.0 18.0 22.0 16.0 15.0 16.0 16.0 23.0 16.0 15.0 21.0 18.0 14.0 20.0 14.0 15.0 18.0 19.0 16.0 16.0 17.0 19.0 15.0 17.0 14.0 18.0 18.0 16.0 17.0 15.0 15.0 14.0 17.0 20.0 15.0 20.0 16.0 17.0 16.0 17.0 15.0 20.0 17.0 14.0 15.0 15.0 14.0 17.0 14.0 17.0 18.0 15.0 16.0 15.0
41 42 1 TRACE 18.0 14.0 13.0 14.0 14.0 13.0 14.0 30.0 13.0 13.0 14.0 13.0 14.0 13.0 14.0 13.0 13.0 14.0 13.0 13.0 13.0 14.0 14.0 13.0 48.0 129.0 13.0 13.0 14.0 14.0 13.0 14.0 13.0 13.0 28.0 13.0 13.0 15.0 15.0 15.0 15.0 36.0 14.0 37.0 14.0 14.0 13.0 14.0 13.0 13.0 14.0 13.0 14.0 172.0 147.0 17.0 13.0 13.0 14.0 14.0 14.0 14.0 93.0 14.0 15.0 13.0 13.0 14.0 14.0 16.0 14.0 14.0 13.0 14.0 13.0 24.0 15.0 14.0 18.0 14.0 15.0 13.0 14.0 12.0 13.0 14.0 14.0 13.0 17.0 28.0 66.0 35.0 13.0 13.0 48.0 14.0 15.0 14.0 14.0 13.0 14.0 14.0 23.0 14.0 57.0 12.0 23.0 14.0 13.0 35.0 18.0 21.0 14.0 13.0 13.0 14.0 14.0 14.0 30.0 14.0 14.0 15.0 13.0 13.0 14.0 22.0 150.0 50.0 16.0 19.0 13.0 13.0 13.0 14.0 14.0 13.0 13.0 13.0 14.0 13.0 14.0 14.0 13.0 13.0 13.0 14.0 14.0 14.0 16.0 18.0 14.0 13.0 13.0 13.0 13.0 14.0 13.0 16.0 16.0 13.0 13.0 14.0 14.0 13.0 14.0 13.0 14.0 13.0 89.0 13.0 13.0 34.0 14.0 14.0 13.0 13.0 13.0 411.0 12.0 13.0 13.0 13.0 14.0 14.0 13.0 13.0 14.0 13.0 14.0 15.0 13.0 373.0 14.0 14.0 13.0 14.0 14.0 13.0 14.0 77.0 13.0
42 43 1 TRACE 17.0 12.0 12.0 12.0 12.0 12.0 12.0 13.0 12.0 12.0 12.0 13.0 12.0 12.0 12.0 13.0 12.0 12.0 12.0 12.0 12.0 12.0 12.0 12.0 12.0 12.0 12.0 12.0 12.0 12.0 12.0 12.0 12.0 12.0 27.0 12.0 13.0 13.0 13.0 14.0 13.0 13.0 13.0 13.0 12.0 19.0 19.0 13.0 12.0 12.0 12.0 13.0 12.0 13.0 12.0 12.0 12.0 12.0 12.0 12.0 12.0 12.0 13.0 12.0 12.0 12.0 11.0 12.0 12.0 12.0 12.0 12.0 12.0 13.0 12.0 12.0 12.0 12.0 14.0 12.0 13.0 11.0 12.0 12.0 12.0 12.0 12.0 12.0 12.0 12.0 12.0 12.0 12.0 12.0 12.0 12.0 25.0 13.0 12.0 13.0 12.0 12.0 12.0 12.0 12.0 12.0 12.0 12.0 12.0 12.0 12.0 13.0 12.0 12.0 13.0 12.0 12.0 12.0 12.0 12.0 12.0 13.0 12.0 12.0 12.0 12.0 12.0 12.0 12.0 12.0 12.0 12.0 12.0 12.0 12.0 12.0 12.0 12.0 13.0 12.0 12.0 12.0 11.0 12.0 12.0 12.0 12.0 12.0 12.0 13.0 11.0 12.0 12.0 12.0 12.0 12.0 12.0 12.0 12.0 12.0 12.0 12.0 12.0 12.0 12.0 12.0 12.0 12.0 13.0 12.0 12.0 12.0 13.0 12.0 12.0 12.0 12.0 12.0 12.0 12.0 12.0 12.0 12.0 12.0 12.0 12.0 12.0 12.0 12.0 24.0 12.0 12.0 12.0 12.0 12.0 12.0 12.0 12.0 12.0 13.0 13.0
43 44 1 TRACE 12.0 8.0 8.0 8.0 8.0 8.0 8.0 8.0 8.0 8.0 8.0 8.0 8.0 8.0 9.0 8.0 8.0 8.0 8.0 8.0 8.0 8.0 9.0 8.0 8.0 8.0 9.0 8.0 8.0 8.0 8.0 9.0 8.0 8.0 23.0 8.0 9.0 9.0 10.0 10.0 9.0 10.0 9.0 9.0 9.0 9.0 10.0 8.0 8.0 8.0 8.0 8.0 8.0 8.0 8.0 8.0 8.0 8.0 8.0 8.0 9.0 8.0 8.0 9.0 9.0 8.0 8.0 9.0 8.0 8.0 8.0 8.0 8.0 8.0 8.0 8.0 8.0 9.0 9.0 8.0 8.0 8.0 8.0 8.0 9.0 9.0 8.0 8.0 8.0 9.0 8.0 9.0 9.0 8.0 8.0 9.0 20.0 9.0 8.0 8.0 9.0 8.0 8.0 8.0 8.0 8.0 8.0 8.0 9.0 9.0 8.0 8.0 8.0 8.0 8.0 8.0 9.0 9.0 8.0 8.0 8.0 8.0 8.0 8.0 9.0 8.0 9.0 8.0 9.0 8.0 8.0 9.0 11.0 9.0 8.0 8.0 8.0 8.0 9.0 11.0 11.0 9.0 8.0 9.0 9.0 8.0 8.0 8.0 8.0 9.0 8.0 8.0 9.0 8.0 8.0 8.0 8.0 8.0 8.0 8.0 9.0 8.0 8.0 8.0 8.0 8.0 8.0 8.0 8.0 8.0 8.0 9.0 8.0 9.0 9.0 8.0 8.0 8.0 8.0 8.0 9.0 8.0 8.0 9.0 9.0 8.0 8.0 9.0 8.0 8.0 9.0 8.0 8.0 9.0 9.0 8.0 9.0 8.0 8.0 8.0 8.0
44 45 1 TRACE 41.0 36.0 18.0 21.0 20.0 19.0 39.0 49.0 44.0 39.0 25.0 18.0 79.0 32.0 20.0 28.0 24.0 42.0 21.0 60.0 43.0 59.0 91.0 20.0 104.0 306.0 27.0 54.0 60.0 112.0 40.0 25.0 19.0 19.0 77.0 70.0 70.0 76.0 54.0 56.0 26.0 54.0 23.0 60.0 91.0 153.0 18.0 153.0 21.0 21.0 17.0 20.0 17.0 135.0 77.0 29.0 65.0 18.0 52.0 26.0 18.0 21.0 59.0 18.0 57.0 63.0 19.0 24.0 18.0 63.0 57.0 23.0 34.0 22.0 58.0 34.0 18.0 51.0 17.0 20.0 134.0 49.0 48.0 58.0 149.0 24.0 60.0 26.0 30.0 143.0 173.0 193.0 19.0 20.0 111.0 18.0 17.0 17.0 22.0 19.0 70.0 19.0 45.0 19.0 82.0 29.0 35.0 18.0 54.0 335.0 87.0 19.0 21.0 18.0 21.0 66.0 18.0 43.0 113.0 21.0 24.0 23.0 20.0 58.0 24.0 29.0 107.0 31.0 34.0 63.0 19.0 20.0 20.0 22.0 62.0 20.0 53.0 22.0 23.0 19.0 20.0 873.0 94.0 63.0 60.0 331.0 58.0 20.0 17.0 18.0 52.0 64.0 64.0 60.0 20.0 81.0 20.0 20.0 19.0 26.0 69.0 63.0 57.0 20.0 55.0 49.0 19.0 21.0 108.0 69.0 25.0 80.0 61.0 85.0 27.0 22.0 30.0 60.0 20.0 24.0 61.0 89.0 61.0 57.0 21.0 44.0 23.0 20.0 20.0 17.0 56.0 1227.0 54.0 21.0 59.0 57.0 20.0 21.0 25.0 213.0 52.0
45 46 1 TRACE 22.0 16.0 16.0 16.0 23.0 23.0 16.0 16.0 27.0 17.0 16.0 16.0 17.0 15.0 15.0 16.0 16.0 16.0 16.0 15.0 15.0 16.0 15.0 15.0 16.0 33.0 15.0 15.0 16.0 19.0 15.0 19.0 15.0 16.0 39.0 31.0 23.0 26.0 33.0 41.0 17.0 18.0 17.0 16.0 18.0 136.0 34.0 59.0 16.0 16.0 16.0 16.0 16.0 20.0 15.0 16.0 23.0 45.0 19.0 16.0 16.0 17.0 16.0 20.0 16.0 16.0 16.0 17.0 16.0 31.0 16.0 16.0 28.0 16.0 19.0 15.0 15.0 16.0 16.0 16.0 16.0 18.0 17.0 29.0 28.0 16.0 29.0 18.0 46.0 97.0 18.0 17.0 15.0 27.0 25.0 53.0 16.0 16.0 16.0 16.0 16.0 15.0 23.0 16.0 15.0 16.0 30.0 17.0 38.0 608.0 18.0 28.0 17.0 16.0 15.0 16.0 16.0 17.0 79.0 15.0 16.0 16.0 15.0 44.0 17.0 29.0 24.0 293.0 26.0 16.0 16.0 16.0 16.0 15.0 28.0 15.0 52.0 53.0 16.0 15.0 16.0 65.0 23.0 16.0 15.0 222.0 16.0 16.0 16.0 15.0 16.0 23.0 16.0 15.0 16.0 17.0 16.0 18.0 16.0 15.0 18.0 17.0 16.0 15.0 16.0 32.0 15.0 16.0 15.0 16.0 18.0 16.0 16.0 16.0 16.0 16.0 15.0 15.0 16.0 16.0 17.0 43.0 17.0 15.0 15.0 16.0 16.0 15.0 15.0 16.0 16.0 1226.0 16.0 15.0 15.0 16.0 15.0 15.0 16.0 64.0 16.0
46 47 1 TRACE 59.0 25.0 33.0 36.0 24.0 24.0 53.0 40.0 24.0 24.0 42.0 65.0 30.0 30.0 36.0 55.0 25.0 37.0 27.0 57.0 25.0 34.0 32.0 24.0 41.0 28.0 24.0 28.0 38.0 27.0 75.0 38.0 33.0 24.0 38.0 65.0 29.0 43.0 109.0 27.0 33.0 27.0 26.0 39.0 26.0 24.0 39.0 24.0 24.0 33.0 24.0 24.0 52.0 25.0 44.0 32.0 24.0 29.0 39.0 26.0 48.0 33.0 25.0 136.0 32.0 25.0 24.0 31.0 24.0 54.0 64.0 47.0 28.0 70.0 24.0 25.0 38.0 81.0 25.0 52.0 25.0 23.0 31.0 25.0 23.0 30.0 25.0 24.0 34.0 81.0 43.0 33.0 59.0 24.0 32.0 25.0 24.0 33.0 42.0 24.0 36.0 25.0 57.0 63.0 96.0 26.0 38.0 30.0 24.0 31.0 41.0 56.0 67.0 83.0 28.0 34.0 25.0 28.0 38.0 37.0 24.0 65.0 55.0 56.0 48.0 38.0 33.0 23.0 40.0 80.0 24.0 33.0 25.0 51.0 31.0 55.0 23.0 38.0 37.0 24.0 30.0 24.0 24.0 34.0 27.0 23.0 32.0 24.0 32.0 35.0 24.0 24.0 33.0 24.0 95.0 55.0 26.0 26.0 35.0 51.0 25.0 31.0 25.0 49.0 41.0 68.0 24.0 50.0 37.0 57.0 47.0 23.0 62.0 25.0 34.0 53.0 28.0 120.0 54.0 58.0 25.0 44.0 47.0 27.0 23.0 32.0 44.0 33.0 49.0 55.0 24.0 24.0 65.0 25.0 28.0 34.0 25.0 54.0 65.0 25.0 37.0
47 48 1 TRACE 14.0 11.0 10.0 10.0 11.0 10.0 8.0 10.0 12.0 10.0 19.0 10.0 9.0 10.0 10.0 11.0 11.0 10.0 8.0 10.0 14.0 10.0 10.0 10.0 8.0 10.0 12.0 10.0 10.0 10.0 8.0 9.0 10.0 10.0 10.0 10.0 9.0 10.0 10.0 11.0 10.0 11.0 8.0 11.0 10.0 10.0 10.0 10.0 8.0 10.0 11.0 10.0 10.0 10.0 9.0 9.0 10.0 10.0 10.0 10.0 8.0 11.0 11.0 10.0 10.0 10.0 9.0 11.0 10.0 48.0 17.0 14.0 8.0 29.0 13.0 11.0 10.0 10.0 8.0 21.0 11.0 10.0 10.0 9.0 9.0 10.0 19.0 10.0 10.0 10.0 8.0 9.0 20.0 10.0 10.0 10.0 9.0 10.0 10.0 10.0 10.0 10.0 8.0 10.0 14.0 19.0 29.0 10.0 8.0 26.0 12.0 10.0 10.0 10.0 8.0 10.0 10.0 49.0 38.0 10.0 9.0 10.0 10.0 10.0 10.0 21.0 8.0 10.0 10.0 9.0 10.0 10.0 8.0 33.0 15.0 10.0 9.0 10.0 9.0 10.0 11.0 10.0 10.0 10.0 8.0 10.0 10.0 11.0 10.0 10.0 9.0 10.0 21.0 11.0 10.0 10.0 8.0 23.0 11.0 9.0 10.0 10.0 8.0 9.0 10.0 16.0 69.0 11.0 11.0 11.0 10.0 10.0 10.0 12.0 8.0 10.0 10.0 10.0 10.0 10.0 8.0 9.0 10.0 10.0 10.0 10.0 8.0 10.0 9.0 10.0 13.0 10.0 8.0 10.0 10.0 11.0 10.0 10.0 9.0 10.0 11.0 10.0 10.0 10.0 11.0 12.0 28.0 13.0 23.0 23.0 9.0 12.0 17.0 17.0 12.0 12.0 8.0 62.0 41.0 90.0 14.0 12.0 11.0 37.0 12.0 17.0 12.0 12.0 22.0 12.0 13.0 13.0 16.0 24.0 10.0 12.0 11.0 11.0 12.0 12.0 9.0 11.0 14.0 11.0 32.0 11.0 10.0 12.0 11.0 21.0 11.0 11.0 10.0 11.0 17.0 11.0 11.0 11.0 9.0 12.0 10.0 10.0 10.0 10.0 8.0 11.0 16.0 10.0 10.0 10.0 9.0 10.0 14.0 46.0 10.0 10.0 9.0 10.0 33.0 11.0 11.0 11.0 9.0 10.0 12.0 10.0 10.0 10.0 8.0 26.0 10.0 10.0 10.0 10.0 8.0 10.0 11.0 20.0 10.0 10.0 8.0 47.0 11.0 10.0 10.0 10.0 9.0 10.0 11.0 10.0 10.0 11.0 8.0 10.0 10.0 10.0 10.0 21.0 9.0 10.0 10.0 10.0 10.0 10.0 8.0 10.0 12.0 10.0 11.0 10.0 9.0 10.0 10.0 10.0 10.0 10.0 9.0 10.0 10.0 10.0 10.0 10.0 8.0 10.0 12.0 10.0 10.0 10.0 9.0 10.0 11.0 10.0 10.0 11.0 9.0 80.0 11.0 10.0 11.0 11.0 9.0 1049.0 15.0 10.0 10.0 10.0 8.0 36.0 10.0 10.0 10.0 10.0 8.0 9.0 9.0 10.0 10.0 10.0 8.0 10.0 10.0 10.0 10.0 10.0 9.0 92.0 11.0 10.0 10.0 10.0 8.0 10.0 13.0 9.0 11.0 10.0 9.0 78.0 10.0 10.0 10.0 10.0 9.0 10.0 10.0 10.0 10.0 11.0 8.0 10.0 10.0 10.0 10.0 10.0 8.0 10.0 10.0 10.0 10.0 10.0 9.0 10.0 11.0 10.0 10.0 10.0 8.0 10.0 11.0 10.0 10.0 48.0 8.0 10.0 14.0 10.0 10.0 10.0 9.0 10.0 10.0 10.0 10.0 10.0 8.0 10.0 13.0 9.0 10.0 10.0 8.0 10.0 10.0 10.0 10.0 10.0 9.0 10.0 11.0 10.0 10.0 10.0 8.0 19.0 13.0 10.0 10.0 10.0 9.0 10.0 10.0 10.0 10.0 10.0 8.0 10.0 10.0 10.0 10.0 10.0 8.0 10.0 10.0 10.0 11.0 44.0 8.0 10.0 19.0 25.0 10.0 10.0 8.0 10.0 37.0 10.0 10.0 10.0 8.0 10.0 10.0 10.0 18.0 11.0 9.0 15.0 11.0 9.0 10.0 10.0 9.0 10.0 10.0 10.0 10.0 10.0 8.0 10.0 10.0 10.0 18.0 10.0 8.0 9.0 10.0 17.0 10.0 10.0 9.0 10.0 10.0 15.0 10.0 11.0 9.0 123.0 11.0 10.0 10.0 10.0 8.0 70.0 12.0 10.0 10.0 10.0 8.0 10.0 10.0 10.0 10.0 10.0 8.0 10.0 10.0 10.0 10.0 10.0 8.0 11.0 12.0 10.0 10.0 10.0 8.0 10.0 10.0 10.0 10.0 10.0 8.0 10.0 10.0 10.0 10.0 10.0 8.0 10.0 17.0 10.0 10.0 10.0 9.0 10.0 18.0 10.0 10.0 10.0 8.0 36.0 11.0 10.0 10.0 48.0 8.0 21.0 17.0 10.0 10.0 10.0 8.0 10.0 38.0 12.0 11.0 10.0 8.0 22.0 11.0 10.0 10.0 10.0 8.0 10.0 10.0 10.0 10.0 10.0 9.0 10.0 10.0 10.0 9.0 10.0 9.0 10.0 9.0 10.0 10.0 9.0 8.0 16.0 10.0 10.0 10.0 10.0 8.0 18.0 10.0 10.0 10.0 10.0 8.0 10.0 10.0 10.0 9.0 10.0 9.0 41.0 18.0 11.0 10.0 10.0 9.0 10.0 11.0 51.0 10.0 10.0 8.0 43.0 11.0 10.0 10.0 9.0 8.0 10.0 11.0 10.0 10.0 11.0 8.0 10.0 11.0 11.0 10.0 9.0 9.0 10.0 10.0 10.0 10.0 10.0 8.0 10.0 10.0 9.0 10.0 10.0 12.0 11.0 10.0 9.0 10.0 10.0 9.0 10.0 10.0 9.0 11.0 10.0 9.0 10.0 11.0 51.0 10.0 10.0 8.0 11.0 10.0 46.0 11.0 10.0 9.0 10.0 11.0 10.0 10.0 14.0 8.0 11.0 13.0 10.0 10.0 10.0 8.0 10.0 10.0 10.0 10.0 10.0 9.0 10.0 11.0 10.0 10.0 10.0 8.0 9.0 12.0 10.0 10.0 10.0 8.0 10.0 9.0 10.0 10.0 10.0 9.0 11.0 10.0 10.0 10.0 10.0 8.0 10.0 11.0 10.0 11.0 9.0 8.0 10.0 9.0 10.0 11.0 10.0 9.0 11.0 10.0 10.0 10.0 10.0 8.0 13.0 13.0 10.0 10.0 10.0 8.0 19.0 10.0 10.0 10.0 9.0 9.0 10.0 15.0 10.0 10.0 10.0 8.0 10.0 19.0 10.0 10.0 10.0 8.0 10.0 11.0 10.0 10.0 10.0 9.0 22.0 12.0 10.0 10.0 13.0 8.0 9.0 14.0 9.0 11.0 10.0 8.0 10.0 9.0 10.0 10.0 10.0 8.0 10.0 10.0 10.0 9.0 29.0 8.0 9.0 10.0 10.0 10.0 10.0 8.0 9.0 10.0 10.0 9.0 10.0 8.0 10.0 10.0 9.0 16.0 10.0 8.0 28.0 10.0 10.0 10.0 10.0 8.0 59.0 12.0 10.0 10.0 14.0 8.0 98.0 12.0 10.0 11.0 46.0 8.0 15.0 13.0 10.0 10.0 10.0 9.0 10.0 17.0 10.0 19.0 11.0 13.0 10.0 10.0 16.0 10.0 10.0 8.0 10.0 14.0 10.0 10.0 10.0 9.0 10.0 10.0 10.0 10.0 10.0 9.0 10.0 13.0 11.0 10.0 10.0 9.0 10.0 10.0 10.0 10.0 20.0 8.0 44.0 13.0 10.0 10.0 10.0 8.0 34.0 13.0 10.0 10.0 10.0 9.0 31.0 12.0 10.0 10.0 10.0 8.0 10.0 11.0 10.0 10.0 10.0 8.0 10.0 10.0 11.0 10.0 10.0 9.0 10.0 12.0 10.0 10.0 10.0 9.0 10.0 10.0 10.0 11.0 10.0 9.0 10.0 12.0 10.0 10.0 10.0 8.0 10.0 10.0 10.0 10.0 10.0 9.0 10.0 17.0 11.0 11.0 12.0 9.0 10.0 12.0 11.0 10.0 10.0 8.0 9.0 16.0 10.0 10.0 10.0 8.0 10.0 11.0 10.0 10.0 10.0 8.0 10.0 11.0 13.0 10.0 15.0 8.0 10.0 10.0 10.0 11.0 17.0 8.0 10.0 11.0 10.0 10.0 10.0 8.0 10.0 11.0 10.0 45.0 10.0 8.0 10.0 10.0 10.0 10.0 10.0 8.0 10.0 12.0 10.0 10.0 10.0 9.0 10.0 12.0 10.0 10.0 10.0 8.0 10.0 13.0 10.0 10.0 10.0 9.0 10.0 13.0 10.0 10.0 10.0 9.0 10.0 14.0 10.0 10.0 10.0 9.0 10.0 12.0 10.0 11.0 10.0 9.0 10.0 10.0 11.0 10.0 14.0 9.0 21.0 13.0 11.0 10.0 10.0 9.0 45.0 11.0 10.0 10.0 10.0 9.0 9.0 10.0 10.0 10.0 10.0 8.0 10.0 11.0 10.0 10.0 10.0 8.0 35.0 12.0 10.0 10.0 10.0 8.0 12.0 12.0 10.0 10.0 10.0 8.0 11.0 10.0 10.0 11.0 10.0 8.0 10.0 10.0 9.0 10.0 10.0 8.0 10.0 12.0 11.0 10.0 13.0 8.0 15.0 10.0 10.0 10.0 11.0 8.0 11.0 10.0 15.0 10.0 10.0 8.0 10.0 11.0 10.0 10.0 10.0 8.0 20.0 13.0 10.0 10.0 10.0 9.0 10.0 14.0 10.0 10.0 10.0 9.0 37.0 10.0 10.0 9.0 10.0 8.0 10.0 14.0 10.0 10.0 10.0 9.0 15.0 10.0 10.0 10.0 11.0 8.0 10.0 13.0 10.0 10.0 11.0 9.0 10.0 10.0 10.0 10.0 10.0 11.0 10.0 9.0 10.0 11.0 10.0 8.0 46.0 11.0 10.0 10.0 10.0 8.0 22.0 13.0 10.0 10.0 10.0 9.0 10.0 14.0 34.0 32.0 24.0 9.0 10.0 13.0 10.0 10.0 10.0 9.0 10.0 10.0 9.0 11.0 10.0
48 49 1 TRACE 13.0 11.0 11.0 11.0 10.0 10.0 8.0 13.0 11.0 9.0 10.0 10.0 8.0 10.0 23.0 15.0 10.0 11.0 9.0 12.0 12.0 11.0 11.0 11.0 8.0 20.0 10.0 10.0 10.0 10.0 7.0 10.0 9.0 10.0 10.0 10.0 8.0 11.0 11.0 10.0 11.0 10.0 8.0 11.0 11.0 10.0 10.0 11.0 7.0 11.0 10.0 10.0 10.0 10.0 7.0 10.0 10.0 9.0 10.0 10.0 9.0 31.0 12.0 10.0 11.0 10.0 8.0 19.0 11.0 47.0 11.0 11.0 7.0 14.0 10.0 10.0 10.0 10.0 7.0 10.0 10.0 10.0 10.0 10.0 9.0 13.0 12.0 10.0 10.0 10.0 7.0 10.0 11.0 10.0 10.0 10.0 8.0 10.0 10.0 9.0 10.0 10.0 8.0 15.0 11.0 10.0 14.0 10.0 8.0 14.0 11.0 10.0 10.0 14.0 7.0 10.0 10.0 10.0 10.0 10.0 8.0 10.0 10.0 10.0 9.0 11.0 8.0 12.0 11.0 11.0 10.0 10.0 7.0 14.0 10.0 10.0 10.0 10.0 8.0 10.0 10.0 9.0 10.0 10.0 9.0 12.0 11.0 10.0 11.0 10.0 8.0 26.0 11.0 11.0 10.0 10.0 8.0 13.0 10.0 10.0 10.0 10.0 7.0 10.0 43.0 10.0 14.0 19.0 9.0 12.0 11.0 11.0 11.0 79.0 8.0 10.0 11.0 11.0 10.0 10.0 7.0 10.0 10.0 10.0 9.0 9.0 9.0 12.0 11.0 10.0 10.0 10.0 8.0 9.0 11.0 9.0 10.0 10.0 7.0 17.0 10.0 10.0 9.0 10.0 11.0 14.0 13.0 24.0 11.0 24.0 21.0 51.0 25.0 12.0 12.0 12.0 8.0 30.0 23.0 31.0 12.0 73.0 11.0 14.0 14.0 13.0 20.0 11.0 10.0 12.0 12.0 12.0 12.0 23.0 9.0 11.0 21.0 24.0 11.0 12.0 10.0 24.0 12.0 11.0 12.0 11.0 9.0 11.0 11.0 11.0 11.0 10.0 9.0 11.0 11.0 11.0 11.0 11.0 9.0 11.0 12.0 11.0 11.0 10.0 8.0 11.0 11.0 11.0 11.0 11.0 8.0 13.0 10.0 10.0 11.0 10.0 9.0 18.0 11.0 10.0 15.0 10.0 8.0 9.0 10.0 10.0 10.0 10.0 7.0 10.0 10.0 10.0 10.0 10.0 9.0 12.0 11.0 10.0 10.0 10.0 8.0 15.0 10.0 10.0 10.0 10.0 8.0 17.0 10.0 10.0 9.0 11.0 9.0 12.0 11.0 11.0 10.0 12.0 8.0 10.0 10.0 9.0 10.0 10.0 8.0 10.0 10.0 10.0 11.0 10.0 9.0 11.0 11.0 11.0 56.0 11.0 8.0 10.0 9.0 10.0 10.0 10.0 7.0 15.0 10.0 10.0 10.0 10.0 9.0 12.0 12.0 11.0 11.0 11.0 8.0 13.0 10.0 10.0 12.0 11.0 8.0 14.0 10.0 10.0 10.0 10.0 9.0 57.0 11.0 10.0 10.0 11.0 7.0 10.0 10.0 10.0 10.0 16.0 8.0 10.0 10.0 10.0 15.0 10.0 9.0 16.0 11.0 10.0 52.0 10.0 7.0 10.0 10.0 10.0 10.0 26.0 7.0 10.0 10.0 10.0 9.0 10.0 9.0 12.0 11.0 11.0 10.0 10.0 8.0 16.0 10.0 10.0 10.0 10.0 8.0 10.0 10.0 10.0 10.0 16.0 9.0 12.0 12.0 11.0 11.0 17.0 8.0 13.0 10.0 10.0 10.0 10.0 8.0 10.0 10.0 10.0 10.0 42.0 9.0 12.0 11.0 10.0 10.0 10.0 8.0 9.0 10.0 10.0 10.0 10.0 8.0 10.0 10.0 10.0 10.0 10.0 9.0 13.0 12.0 10.0 11.0 10.0 7.0 14.0 10.0 10.0 11.0 10.0 8.0 11.0 10.0 23.0 17.0 10.0 9.0 11.0 10.0 10.0 18.0 10.0 8.0 9.0 10.0 11.0 10.0 10.0 7.0 16.0 10.0 10.0 10.0 9.0 9.0 22.0 12.0 11.0 10.0 10.0 7.0 10.0 9.0 9.0 10.0 10.0 8.0 14.0 10.0 10.0 9.0 10.0 9.0 48.0 11.0 11.0 10.0 10.0 7.0 9.0 10.0 10.0 10.0 10.0 8.0 10.0 10.0 10.0 10.0 10.0 9.0 12.0 53.0 11.0 11.0 10.0 8.0 15.0 10.0 10.0 10.0 10.0 8.0 11.0 9.0 10.0 10.0 10.0 9.0 12.0 11.0 11.0 10.0 10.0 8.0 9.0 10.0 9.0 10.0 10.0 8.0 19.0 10.0 10.0 10.0 9.0 9.0 12.0 11.0 10.0 10.0 10.0 7.0 10.0 9.0 10.0 10.0 10.0 7.0 17.0 10.0 10.0 10.0 10.0 9.0 79.0 12.0 11.0 10.0 10.0 8.0 13.0 9.0 10.0 10.0 10.0 7.0 20.0 11.0 10.0 10.0 10.0 9.0 17.0 54.0 11.0 11.0 10.0 8.0 14.0 10.0 10.0 10.0 14.0 8.0 9.0 9.0 10.0 9.0 11.0 9.0 11.0 12.0 11.0 10.0 10.0 8.0 10.0 10.0 10.0 10.0 10.0 8.0 11.0 10.0 10.0 10.0 10.0 9.0 12.0 11.0 11.0 11.0 11.0 8.0 10.0 10.0 10.0 10.0 10.0 8.0 13.0 49.0 10.0 10.0 9.0 9.0 297.0 49.0 11.0 10.0 11.0 7.0 23.0 10.0 10.0 10.0 10.0 8.0 9.0 9.0 10.0 10.0 10.0 9.0 11.0 11.0 11.0 10.0 10.0 8.0 9.0 10.0 10.0 10.0 10.0 7.0 10.0 10.0 10.0 10.0 9.0 9.0 12.0 11.0 11.0 10.0 10.0 8.0 10.0 10.0 10.0 10.0 9.0 8.0 10.0 47.0 10.0 10.0 10.0 8.0 11.0 11.0 59.0 11.0 10.0 8.0 16.0 11.0 10.0 11.0 10.0 8.0 14.0 10.0 10.0 10.0 10.0 8.0 11.0 11.0 10.0 11.0 10.0 8.0 23.0 11.0 11.0 11.0 10.0 7.0 25.0 11.0 9.0 10.0 10.0 8.0 10.0 10.0 10.0 10.0 10.0 9.0 11.0 10.0 11.0 11.0 10.0 8.0 12.0 11.0 10.0 10.0 11.0 7.0 9.0 10.0 10.0 10.0 10.0 9.0 34.0 23.0 11.0 11.0 10.0 8.0 14.0 11.0 10.0 11.0 10.0 7.0 20.0 9.0 10.0 10.0 10.0 9.0 12.0 12.0 10.0 11.0 11.0 8.0 10.0 10.0 10.0 10.0 10.0 8.0 10.0 10.0 10.0 10.0 9.0 9.0 16.0 11.0 11.0 46.0 10.0 7.0 10.0 10.0 10.0 10.0 9.0 8.0 10.0 10.0 10.0 10.0 10.0 9.0 11.0 10.0 10.0 11.0 11.0 7.0 10.0 9.0 9.0 10.0 9.0 8.0 10.0 10.0 10.0 11.0 10.0 8.0 11.0 11.0 10.0 10.0 11.0 7.0 34.0 9.0 10.0 11.0 10.0 7.0 15.0 11.0 10.0 48.0 10.0 9.0 18.0 11.0 11.0 11.0 15.0 8.0 10.0 10.0 9.0 16.0 10.0 8.0 9.0 10.0 9.0 11.0 21.0 9.0 11.0 11.0 10.0 11.0 10.0 8.0 12.0 10.0 10.0 10.0 10.0 8.0 25.0 10.0 10.0 10.0 10.0 9.0 15.0 11.0 10.0 10.0 10.0 8.0 10.0 10.0 10.0 10.0 11.0 7.0 15.0 10.0 10.0 10.0 44.0 9.0 18.0 11.0 10.0 10.0 11.0 8.0 24.0 10.0 10.0 10.0 10.0 7.0 10.0 10.0 10.0 10.0 10.0 9.0 12.0 11.0 11.0 10.0 10.0 8.0 12.0 11.0 10.0 10.0 10.0 8.0 9.0 9.0 9.0 10.0 10.0 9.0 15.0 12.0 11.0 10.0 11.0 8.0 10.0 10.0 10.0 11.0 10.0 8.0 10.0 10.0 10.0 11.0 10.0 9.0 13.0 12.0 10.0 12.0 10.0 8.0 10.0 10.0 10.0 10.0 10.0 7.0 10.0 10.0 9.0 10.0 34.0 8.0 11.0 16.0 11.0 10.0 11.0 9.0 30.0 11.0 10.0 10.0 11.0 7.0 46.0 10.0 9.0 10.0 10.0 7.0 14.0 10.0 10.0 11.0 10.0 8.0 11.0 11.0 17.0 11.0 11.0 8.0 23.0 11.0 11.0 10.0 10.0 8.0 17.0 10.0 10.0 10.0 10.0 8.0 10.0 10.0 10.0 11.0 11.0 9.0 16.0 12.0 10.0 11.0 10.0 8.0 10.0 10.0 10.0 10.0 10.0 8.0 10.0 11.0 10.0 10.0 10.0 9.0 12.0 11.0 11.0 10.0 11.0 8.0 17.0 11.0 10.0 10.0 10.0 8.0 38.0 10.0 10.0 10.0 10.0 8.0 10.0 10.0 10.0 11.0 10.0 9.0 11.0 12.0 11.0 22.0 10.0 7.0 15.0 10.0 10.0 10.0 10.0 7.0 19.0 10.0 9.0 11.0 10.0 8.0 11.0 11.0 11.0 11.0 10.0 9.0 11.0 10.0 11.0 10.0 10.0 8.0 16.0 11.0 10.0 10.0 10.0 7.0 10.0 10.0 10.0 10.0 11.0 14.0 11.0 11.0 11.0 10.0 11.0 7.0 54.0 11.0 10.0 10.0 14.0 8.0 10.0 10.0 10.0 10.0 10.0 9.0 14.0 12.0 10.0 11.0 10.0 8.0 10.0 10.0 10.0 11.0 10.0 8.0 9.0 9.0 10.0 10.0 10.0 9.0 12.0 10.0 11.0 15.0 10.0 8.0 13.0 10.0 10.0 11.0 11.0 8.0 9.0 10.0 10.0 22.0 10.0 9.0 11.0 11.0 10.0 10.0 10.0 8.0 14.0 10.0 10.0 11.0 23.0 7.0 15.0 10.0 9.0 10.0 10.0 9.0 11.0 20.0 10.0 40.0 29.0 8.0 9.0 10.0 10.0 10.0 10.0 8.0 9.0 9.0 10.0 10.0 10.0
49 47 1 TRACE 27.0 20.0 17.0 18.0 16.0 15.0 15.0 14.0 14.0 14.0 13.0 13.0 659.0 362.0 14.0 21.0 24.0 16.0 15.0 15.0 14.0 14.0 13.0 13.0 13.0 13.0 12.0 12.0 13.0 13.0 25.0 22.0 20.0 19.0 18.0 59.0 16.0 15.0 14.0 13.0 55.0 12.0 13.0 13.0 13.0 13.0 13.0 13.0 12.0 12.0 25.0 23.0 21.0 19.0 18.0 77.0 19.0 15.0 14.0 54.0 14.0 13.0 13.0 13.0 14.0 12.0 13.0 12.0 35.0 13.0 21.0 33.0 17.0 15.0 17.0 14.0 14.0 23.0 14.0 14.0 13.0 12.0 13.0 12.0 12.0 25.0 24.0 21.0 19.0 17.0 16.0 16.0 15.0 14.0 14.0 20.0 13.0 13.0 16.0 27.0 13.0 13.0 12.0 14.0 13.0 20.0 18.0 16.0 15.0 15.0 15.0 14.0 14.0 13.0 13.0 12.0 12.0 13.0 14.0 13.0 31.0 22.0 21.0 25.0 18.0 16.0 16.0 37.0 14.0 14.0 39.0 13.0 12.0 18.0 13.0 13.0 12.0 13.0 13.0 13.0 27.0 21.0 19.0 108.0 26.0 16.0 15.0 14.0 14.0 14.0 12.0 12.0 12.0 12.0 13.0 22.0 19.0 18.0 22.0 16.0 14.0 15.0 13.0 13.0 13.0 12.0 13.0 12.0 12.0 13.0 23.0 21.0 31.0 27.0 20.0 29.0 17.0 17.0 15.0 17.0 32.0 13.0 26.0 15.0 16.0 27.0 23.0 21.0 72.0 17.0 30.0 24.0 18.0 27.0 39.0 14.0 14.0 15.0 14.0 15.0 19.0 19.0 17.0 15.0 15.0 31.0 15.0 14.0 14.0 14.0 40.0 17.0 13.0 14.0 13.0 44.0 20.0 18.0 25.0 16.0 37.0 54.0 15.0 14.0 14.0 13.0 26.0 13.0 17.0 16.0 22.0 19.0 19.0 54.0 17.0 14.0 24.0 14.0 14.0 14.0 12.0 12.0 36.0 13.0 13.0 20.0 18.0 16.0 15.0 15.0 14.0 13.0 14.0 13.0 14.0 13.0 13.0 31.0 13.0 14.0 23.0 19.0 17.0 16.0 16.0 14.0 14.0 13.0 13.0 13.0 13.0 12.0 12.0 52.0 13.0 20.0 17.0 15.0 14.0 14.0 154.0 13.0 56.0 13.0 13.0 12.0 12.0 12.0 18.0 13.0 23.0 20.0 18.0 16.0 17.0 30.0 15.0 14.0 32.0 15.0 13.0 13.0 12.0 13.0 12.0 20.0 19.0 17.0 16.0 15.0 13.0 13.0 13.0 13.0 14.0 13.0 13.0 12.0 48.0 13.0 18.0 17.0 15.0 14.0 14.0 13.0 15.0 13.0 12.0 54.0 12.0 13.0 12.0 12.0 12.0 18.0 16.0 15.0 14.0 19.0 43.0 13.0 13.0 12.0 13.0 13.0 13.0 12.0 13.0 13.0 22.0 19.0 17.0 15.0 15.0 15.0 14.0 14.0 13.0 14.0 40.0 12.0 13.0 13.0 13.0 18.0 16.0 15.0 14.0 14.0 13.0 37.0 12.0 12.0 12.0 13.0 13.0 12.0 13.0 12.0 24.0 20.0 18.0 17.0 17.0 15.0 18.0 14.0 14.0 14.0 13.0 13.0 13.0 13.0 15.0 21.0 18.0 17.0 15.0 18.0 14.0 14.0 14.0 13.0 13.0 22.0 52.0 13.0 29.0 13.0 18.0 39.0 16.0 15.0 15.0 13.0 13.0 13.0 22.0 13.0 12.0 12.0 13.0 12.0 12.0 18.0 17.0 16.0 14.0 14.0 13.0 13.0 13.0 12.0 13.0 12.0 12.0 13.0 15.0 13.0 20.0 18.0 17.0 26.0 15.0 15.0 14.0 13.0 13.0 13.0 13.0 13.0 13.0 12.0 12.0 19.0 93.0 16.0 15.0 14.0 17.0 14.0 13.0 13.0 14.0 40.0 12.0 13.0 12.0 13.0 20.0 17.0 16.0 15.0 15.0 13.0 14.0 13.0 13.0 13.0 54.0 13.0 15.0 12.0 13.0 20.0 17.0 18.0 15.0 14.0 14.0 13.0 13.0 13.0 13.0 13.0 24.0 12.0 13.0 12.0 22.0 19.0 19.0 30.0 17.0 14.0 39.0 15.0 13.0 13.0 21.0 13.0 12.0 13.0 13.0 27.0 18.0 17.0 14.0 21.0 14.0 13.0 13.0 13.0 13.0 13.0 14.0 12.0 13.0 12.0 22.0 23.0 19.0 16.0 16.0 68.0 15.0 14.0 13.0 14.0 12.0 13.0 17.0 13.0 13.0 18.0 17.0 16.0 14.0 15.0 14.0 13.0 13.0 56.0 13.0 13.0 12.0 12.0 12.0 12.0 19.0 17.0 15.0 15.0 14.0 14.0 14.0 13.0 12.0 13.0 13.0 12.0 13.0 12.0 13.0 24.0 18.0 16.0 15.0 15.0 46.0 13.0 14.0 13.0 13.0 13.0 12.0 13.0 12.0 13.0 44.0 17.0 16.0 18.0 15.0 28.0 13.0 13.0 13.0 51.0 12.0 13.0 13.0 13.0 12.0 25.0 23.0 20.0 19.0 19.0 16.0 15.0 15.0 13.0 14.0 12.0 13.0 13.0 13.0 19.0 24.0 12.0 12.0 13.0 12.0 44.0 21.0 19.0 18.0 18.0 16.0 15.0 14.0 50.0 17.0 112.0 12.0 13.0 12.0 12.0 29.0 21.0 21.0 18.0 18.0 16.0 15.0 14.0 14.0 14.0 13.0 13.0 12.0 12.0 13.0 20.0 19.0 16.0 15.0 15.0 13.0 13.0 13.0 13.0 13.0 13.0 13.0 12.0 12.0 13.0 19.0 16.0 15.0 14.0 14.0 14.0 21.0 12.0 13.0 13.0 13.0 12.0 13.0 12.0 12.0 23.0 19.0 18.0 17.0 16.0 22.0 14.0 14.0 16.0 13.0 13.0 12.0 13.0 13.0 13.0 18.0 16.0 15.0 15.0 15.0 12.0 13.0 13.0 13.0 13.0 13.0 13.0 13.0 13.0 13.0 20.0 18.0 17.0 16.0 14.0 14.0 38.0 14.0 14.0 13.0 132.0 132.0 14.0 14.0 13.0 46.0 20.0 17.0 16.0 15.0 14.0 27.0 13.0 13.0 13.0 34.0 14.0 12.0 13.0 12.0 21.0 18.0 17.0 16.0 15.0 14.0 14.0 13.0 13.0 13.0 12.0 13.0 13.0 13.0 12.0 20.0 17.0 16.0 16.0 14.0 13.0 13.0 13.0 13.0 13.0 12.0 51.0 17.0 13.0 13.0 23.0 21.0 55.0 21.0 17.0 15.0 14.0 13.0 14.0 14.0 13.0 13.0 12.0 13.0 13.0 20.0 18.0 17.0 15.0 15.0 18.0 14.0 14.0 14.0 14.0 19.0 13.0 13.0 13.0 13.0 42.0 17.0 16.0 15.0 20.0 14.0 14.0 13.0 13.0 13.0 13.0 13.0 12.0 53.0 16.0 25.0 23.0 22.0 19.0 57.0 48.0 16.0 16.0 14.0 14.0 13.0 14.0 13.0 14.0 13.0 52.0 12.0 13.0 13.0 13.0 25.0 22.0 20.0 21.0 19.0 16.0 15.0 15.0 14.0 14.0 13.0 13.0 13.0 12.0 13.0 12.0 46.0 13.0 13.0 13.0 22.0 21.0 17.0 21.0 16.0 14.0 16.0 14.0 14.0 13.0 13.0 13.0 13.0 50.0 16.0 26.0 22.0 21.0 19.0 55.0 16.0 15.0 22.0 15.0 14.0 13.0 13.0 13.0 13.0 13.0 13.0 13.0 13.0 14.0 13.0 19.0 17.0 16.0 15.0 14.0 13.0 13.0 13.0 13.0 13.0 13.0 12.0 13.0 14.0 12.0 55.0 23.0 21.0 20.0 19.0 35.0 16.0 15.0 14.0 15.0 13.0 13.0 13.0 13.0 50.0 20.0 14.0 12.0 13.0 12.0 25.0 17.0 16.0 16.0 15.0 38.0 14.0 14.0 14.0 13.0 20.0 12.0 13.0 13.0 12.0 21.0 42.0 16.0 16.0 15.0 14.0 13.0 13.0 13.0 13.0 13.0 183.0 13.0 13.0 12.0 24.0 21.0 19.0 17.0 17.0 15.0 15.0 14.0 14.0 13.0 13.0 13.0 13.0 13.0 27.0 23.0 18.0 17.0 16.0 15.0 46.0 13.0 13.0 13.0 15.0 12.0 12.0 13.0 13.0 12.0 59.0 20.0 43.0 68.0 46.0 15.0 94.0 14.0 14.0 13.0 13.0 13.0 13.0 12.0 12.0
49 50 1 TRACE 44.0 74.0 798.0 61.0 55.0 60.0 67.0 64.0 80.0 66.0 93.0 31.0 70.0 28.0 44.0 44.0 43.0 32.0 117.0 70.0 139.0 51.0 86.0 42.0 137.0 28.0 194.0 30.0 34.0 65.0 104.0 54.0 58.0 91.0 260.0 326.0 35.0 132.0 35.0 57.0 37.0 76.0 107.0 90.0 67.0 105.0 68.0 56.0 29.0 32.0 71.0 141.0 289.0 91.0 86.0 58.0 30.0 66.0 60.0 30.0 99.0 114.0 39.0 50.0 63.0 31.0 60.0 57.0 139.0 32.0 33.0 247.0 98.0 73.0 45.0 79.0 90.0 95.0 31.0 106.0 82.0 38.0 35.0 67.0 130.0 143.0 94.0 54.0 208.0 77.0 45.0 31.0 30.0 115.0 105.0 227.0 50.0 32.0 70.0 95.0 31.0 77.0 67.0 69.0 57.0 47.0 59.0 79.0 29.0 143.0 74.0 77.0 81.0 75.0 61.0 61.0 77.0 29.0 31.0 70.0 145.0 101.0 60.0 87.0 77.0 84.0 131.0 147.0 117.0 107.0 57.0 82.0 47.0 69.0 91.0 81.0 103.0 72.0 56.0 50.0 93.0 35.0 30.0 63.0 61.0 41.0 74.0 54.0 835.0 51.0 75.0 48.0 74.0 70.0 31.0 35.0 55.0 53.0 57.0 98.0 85.0 94.0 108.0 55.0 33.0 58.0 30.0 45.0 31.0 69.0 104.0 67.0 100.0 99.0 36.0 32.0 31.0 113.0 113.0 99.0 38.0 59.0 73.0 77.0 31.0 39.0 39.0 79.0 97.0 114.0 47.0 30.0 41.0 29.0 39.0 38.0 97.0 141.0 44.0 62.0 84.0
50 25 1 TRACE 41.0 22.0 21.0 22.0 21.0 23.0 21.0 64.0 21.0 22.0 26.0 48.0 23.0 29.0 22.0 23.0 65.0 22.0 22.0 21.0 27.0 21.0 23.0 28.0 22.0 22.0 22.0 21.0 49.0 37.0 26.0 22.0 21.0 21.0 22.0 21.0 36.0 22.0 22.0 48.0 24.0 21.0 22.0 22.0 32.0 21.0 22.0 23.0 64.0 21.0 22.0 60.0 22.0 60.0 24.0 21.0 21.0 21.0 22.0 22.0 22.0 23.0 29.0
50 41 1 TRACE 9.0 9.0 9.0 9.0 9.0 9.0 8.0 9.0 9.0 9.0 9.0 8.0 8.0 8.0 9.0 9.0 9.0 9.0 9.0 9.0 9.0 8.0 8.0 9.0 9.0 9.0 10.0 10.0 10.0 9.0 10.0 9.0 8.0 9.0 9.0 8.0 9.0 12.0 9.0 9.0 9.0 9.0 8.0 9.0 9.0 9.0 9.0 9.0 9.0 9.0 9.0 9.0 9.0 9.0 10.0 9.0 9.0 8.0 9.0 9.0 9.0 9.0 8.0 8.0 9.0 11.0 9.0 8.0 9.0 9.0 9.0 9.0 9.0 9.0 9.0 8.0 9.0 9.0 9.0 9.0 9.0 9.0 9.0 9.0 9.0 8.0 8.0 9.0 9.0 8.0 9.0 9.0 8.0 9.0 8.0 9.0 9.0 9.0 9.0 9.0 12.0 9.0 9.0 9.0 9.0 8.0 12.0 9.0 9.0 9.0 9.0 9.0 9.0 9.0 9.0 8.0 8.0 9.0 8.0 9.0 9.0 9.0 9.0 9.0 9.0 9.0 9.0 9.0 9.0 9.0 9.0 9.0 9.0 9.0 9.0 8.0 8.0
50 51 1 TRACE 68.0
51 52 1 TRACE 87.0 74.0 106.0 58.0 90.0 59.0 154.0 73.0 106.0 72.0 104.0 98.0 73.0 77.0 72.0 74.0 76.0 58.0 254.0 87.0 120.0 78.0 72.0 83.0 71.0 73.0 183.0 65.0 90.0 73.0 75.0 139.0 106.0 59.0 92.0 90.0 77.0 59.0 90.0 57.0 75.0 58.0 83.0 105.0 58.0 89.0 60.0 88.0 58.0 59.0 88.0 89.0 72.0 85.0 405.0 86.0 87.0 121.0 91.0 88.0 76.0 85.0 91.0 58.0
52 53 1 TRACE 36.0 24.0 33.0 24.0 61.0 25.0 24.0 24.0 37.0 109.0 104.0 32.0 29.0 24.0 24.0 24.0 24.0 24.0 39.0 35.0 25.0 78.0 27.0 63.0 24.0 45.0 24.0 29.0 52.0 24.0 58.0 52.0 37.0 24.0 60.0 35.0 25.0 24.0 48.0 51.0 46.0 48.0 56.0 29.0 54.0 54.0 25.0 74.0 53.0 25.0 31.0 51.0 47.0 54.0 52.0 35.0 54.0 39.0 142.0 32.0 23.0 55.0 63.0 54.0
53 54 1 TRACE 29.0 22.0 18.0 15.0 18.0 15.0 53.0 15.0 19.0 20.0 203.0 20.0 20.0 15.0 15.0 15.0 15.0 15.0 15.0 15.0 19.0 15.0 14.0 14.0 19.0 15.0 20.0 15.0 21.0 15.0 82.0 15.0 22.0 15.0 20.0 19.0 15.0 15.0 19.0 15.0 19.0 14.0 16.0 15.0 19.0 14.0 16.0 15.0 15.0 16.0 15.0 16.0 15.0 105.0 18.0 19.0 16.0 18.0 13.0 14.0 15.0 19.0 17.0 19.0
54 55 1 TRACE 46.0 21.0 20.0 21.0 21.0 21.0 20.0 20.0 20.0 45.0 36.0 22.0 22.0 20.0 20.0 21.0 20.0 19.0 32.0 20.0 21.0 21.0 20.0 21.0 20.0 21.0 20.0 20.0 20.0 20.0 21.0 21.0 21.0 21.0 20.0 25.0 20.0 20.0 22.0 20.0 21.0 20.0 20.0 21.0 20.0 20.0 21.0 20.0 20.0 21.0 21.0 20.0 20.0 20.0 20.0 21.0 20.0 20.0 19.0 20.0 25.0 20.0 21.0 22.0
55 56 1 TRACE 12.0 7.0 8.0 7.0 12.0 8.0 8.0 8.0 8.0 8.0 23.0 9.0 8.0 8.0 8.0 7.0 8.0 8.0 8.0 8.0 8.0 8.0 8.0 8.0 8.0 8.0 8.0 8.0 8.0 8.0 7.0 8.0 8.0 8.0 7.0 8.0 8.0 8.0 8.0 8.0 7.0 7.0 8.0 8.0 8.0 8.0 8.0 8.0 8.0 8.0 8.0 7.0 8.0 7.0 7.0 8.0 8.0 7.0 8.0 8.0 8.0 8.0 8.0 8.0
56 57 1 TRACE 11.0 8.0 8.0 8.0 8.0 7.0 8.0 7.0 8.0 8.0 9.0 8.0 8.0 8.0 8.0 8.0 8.0 7.0 19.0 8.0 8.0 8.0 8.0 8.0 7.0 7.0 7.0 7.0 7.0 7.0 8.0 7.0 11.0 7.0 8.0 8.0 7.0 7.0 8.0 7.0 8.0 8.0 8.0 7.0 7.0 7.0 8.0 7.0 7.0 8.0 8.0 8.0 7.0 8.0 7.0 7.0 7.0 8.0 7.0 8.0 8.0 8.0 7.0 8.0
57 58 1 TRACE 12.0 7.0 7.0 7.0 8.0 7.0 7.0 7.0 8.0 7.0 9.0 8.0 8.0 7.0 7.0 7.0 7.0 7.0 19.0 7.0 7.0 8.0 7.0 7.0 8.0 8.0 8.0 8.0 7.0 8.0 7.0 8.0 8.0 8.0 7.0 7.0 8.0 8.0 7.0 7.0 7.0 7.0 7.0 8.0 8.0 8.0 7.0 8.0 7.0 7.0 7.0 7.0 8.0 7.0 6.0 8.0 8.0 7.0 7.0 7.0 7.0 7.0 8.0 8.0
58 59 1 TRACE 16.0 8.0 8.0 8.0 8.0 8.0 8.0 8.0 8.0 9.0 9.0 9.0 9.0 8.0 8.0 8.0 8.0 8.0 20.0 8.0 8.0 8.0 8.0 8.0 8.0 9.0 9.0 8.0 8.0 9.0 9.0 8.0 9.0 8.0 8.0 8.0 8.0 9.0 8.0 9.0 8.0 8.0 8.0 9.0 8.0 8.0 8.0 8.0 8.0 8.0 8.0 8.0 8.0 8.0 8.0 8.0 9.0 8.0 9.0 9.0 8.0 8.0 9.0 9.0
59 60 1 TRACE 7.0 8.0 7.0 7.0 8.0 8.0 7.0 8.0 7.0 7.0 9.0 8.0 7.0 8.0 7.0 8.0 8.0 8.0 7.0 8.0 8.0 7.0 8.0 8.0 7.0 8.0 7.0 12.0 8.0 7.0 8.0 7.0 7.0 7.0 8.0 8.0 8.0 8.0 8.0 8.0 8.0 8.0 8.0 7.0 7.0 7.0 8.0 7.0 8.0 8.0 8.0 8.0 7.0 8.0 7.0 7.0 7.0 11.0 8.0 8.0 8.0 8.0 7.0 7.0
60 61 1 TRACE 7.0 7.0 8.0 8.0 8.0 7.0 8.0 8.0 8.0 8.0 9.0 8.0 8.0 8.0 8.0 7.0 7.0 7.0 7.0 7.0 7.0 8.0 8.0 7.0 7.0 7.0 7.0 21.0 7.0 7.0 7.0 7.0 8.0 7.0 7.0 7.0 7.0 7.0 7.0 7.0 7.0 7.0 7.0 8.0 8.0 8.0 7.0 7.0 7.0 7.0 7.0 7.0 7.0 8.0 20.0 8.0 8.0 8.0 7.0 7.0 7.0 7.0 7.0 8.0
61 62 1 TRACE 8.0 7.0 7.0 7.0 7.0 7.0 7.0 7.0 7.0 8.0 9.0 8.0 7.0 7.0 8.0 7.0 8.0 7.0 7.0 7.0 7.0 7.0 7.0 7.0 8.0 8.0 8.0 8.0 7.0 11.0 8.0 8.0 8.0 8.0 8.0 7.0 8.0 7.0 7.0 8.0 7.0 8.0 8.0 8.0 7.0 8.0 7.0 8.0 8.0 8.0 7.0 7.0 8.0 7.0 7.0 8.0 8.0 7.0 8.0 7.0 7.0 7.0 7.0 8.0
62 1 1 TRACE 25.0 24.0 23.0 23.0 27.0 23.0 23.0 23.0 23.0 34.0 26.0 24.0 23.0 31.0 23.0 23.0 23.0 23.0 23.0 24.0 23.0 23.0 23.0 23.0 23.0 23.0 22.0 24.0 23.0 27.0 23.0 23.0 27.0 25.0 23.0 25.0 23.0 23.0 24.0 23.0 23.0 22.0 23.0 23.0 23.0 34.0 23.0 22.0 29.0 22.0 23.0 23.0 24.0 23.0 22.0 23.0 22.0 27.0 23.0 23.0 25.0 23.0 24.0
