0 1 CONSTANT 8.0
1 1 CONSTANT 8.0
2 1 CONSTANT 0.0
3 1 CONSTANT 8.0
4 1 CONSTANT 8.0
5 1 CONSTANT 8.0
6 1 CONSTANT 8.0
7 1 CONSTANT 8.0
8 1 CONSTANT 8.0
9 1 CONSTANT 0.0
10 1 CONSTANT 0.0
11 1 CONSTANT 0.0
12 1 CONSTANT 0.0
13 1 CONSTANT 8.0
14 1 CONSTANT 4.0
15 1 CONSTANT 4.0
16 1 CONSTANT 0.0
17 1 CONSTANT 0.0
18 1 CONSTANT 0.0
19 1 CONSTANT 0.0
20 1 CONSTANT 4.0
21 1 CONSTANT 8.0
22 1 CONSTANT 8.0
23 1 CONSTANT 8.0
24 1 CONSTANT 8.0
25 1 CONSTANT 4.0
26 1 CONSTANT 4.0
27 1 CONSTANT 8.0
28 1 TRACE 0.0 0.0 4.0 0.0 0.0 12.0 0.0 0.0 0.0 0.0 4.0 0.0 0.0 0.0 0.0 0.0 8.0 0.0 0.0 8.0 0.0 0.0 0.0 12.0 0.0 0.0 0.0 0.0 12.0 0.0 0.0 4.0 0.0 0.0 0.0 0.0 8.0 0.0 0.0 0.0 20.0 0.0 0.0 12.0 0.0 8.0 0.0 0.0 0.0 8.0 0.0 0.0 12.0 0.0 12.0 0.0 0.0 4.0 0.0 0.0 4.0 0.0 0.0 0.0 0.0 0.0 0.0 0.0 0.0 0.0 0.0 4.0 0.0 0.0 0.0 0.0 8.0 0.0 8.0 0.0 0.0 0.0 0.0 0.0 8.0 0.0 0.0 8.0 4.0 4.0 0.0 0.0 0.0 4.0 0.0 0.0 4.0 0.0 0.0 0.0 0.0 0.0 16.0 4.0 0.0 12.0 0.0 0.0 0.0 0.0 0.0 4.0 0.0 0.0 0.0 4.0 4.0 0.0 0.0 0.0 0.0 0.0 4.0 0.0 0.0 0.0 0.0 4.0 0.0 0.0 12.0 0.0 4.0 0.0 0.0 0.0 0.0 0.0 0.0 0.0 0.0 0.0 0.0 0.0 0.0 0.0 0.0 12.0 0.0 4.0 0.0 0.0 0.0 0.0 0.0 0.0 0.0 8.0 0.0 0.0 0.0 4.0 0.0 0.0 4.0 0.0 0.0 4.0 0.0 4.0 0.0 0.0 0.0 4.0 0.0 0.0 8.0 0.0 4.0 0.0 0.0 0.0 8.0 0.0 0.0 0.0 0.0
29 1 CONSTANT 4.0
30 1 TRACE 0.0 0.0 4.0 0.0 0.0 12.0 0.0 0.0 0.0 0.0 4.0 0.0 0.0 0.0 0.0 0.0 8.0 0.0 0.0 8.0 0.0 0.0 0.0 12.0 0.0 0.0 0.0 0.0 12.0 0.0 0.0 4.0 0.0 0.0 0.0 0.0 8.0 0.0 0.0 0.0 20.0 0.0 0.0 12.0 0.0 8.0 0.0 0.0 0.0 8.0 0.0 0.0 12.0 0.0 12.0 0.0 0.0 4.0 0.0 0.0 4.0 0.0 0.0 0.0 0.0 0.0 0.0 0.0 0.0 0.0 0.0 4.0 0.0 0.0 0.0 0.0 8.0 0.0 8.0 0.0 0.0 0.0 0.0 0.0 8.0 0.0 0.0 8.0 4.0 4.0 0.0 0.0 0.0 4.0 0.0 0.0 4.0 0.0 0.0 0.0 0.0 0.0 16.0 4.0 0.0 12.0 0.0 0.0 0.0 0.0 0.0 4.0 0.0 0.0 0.0 4.0 4.0 0.0 0.0 0.0 0.0 0.0 4.0 0.0 0.0 0.0 0.0 4.0 0.0 0.0 12.0 0.0 4.0 0.0 0.0 0.0 0.0 0.0 0.0 0.0 0.0 0.0 0.0 0.0 0.0 0.0 0.0 12.0 0.0 4.0 0.0 0.0 0.0 0.0 0.0 0.0 0.0 8.0 0.0 0.0 0.0 4.0 0.0 0.0 4.0 0.0 0.0 4.0 0.0 4.0 0.0 0.0 0.0 4.0 0.0 0.0 8.0 0.0 4.0 0.0 0.0 0.0 8.0 0.0 0.0 0.0 0.0
31 1 CONSTANT 8.0
32 1 CONSTANT 8.0
33 1 CONSTANT 4.0
34 1 CONSTANT 0.0
35 1 CONSTANT 0.0
36 1 CONSTANT 8.0
37 1 CONSTANT 8.0
38 1 CONSTANT 8.0
39 1 TRACE 8.0 0.0 0.0 8.0 0.0 0.0 8.0 0.0 0.0 8.0 0.0 0.0 8.0 0.0 0.0 8.0 0.0 0.0 8.0 0.0 0.0 8.0 0.0 0.0 8.0 0.0 0.0 8.0 0.0 8.0 0.0 0.0 8.0 0.0 0.0 8.0 0.0 0.0 8.0 0.0 0.0 8.0 0.0 0.0 8.0 0.0 0.0 8.0 0.0 0.0 8.0 0.0 0.0 8.0 0.0 0.0 8.0 0.0 0.0 8.0 0.0 0.0 8.0 0.0 0.0 8.0 8.0 0.0 0.0 8.0 0.0 0.0 8.0 0.0 0.0 8.0 0.0 8.0 0.0 0.0 8.0 0.0 8.0 0.0 0.0 8.0 0.0 0.0 8.0 0.0 0.0 8.0 0.0 0.0 8.0 0.0 0.0 8.0 0.0 0.0 8.0 0.0 0.0 8.0 0.0 0.0 8.0 0.0 0.0 8.0 0.0 0.0 8.0 0.0 8.0 0.0 0.0 8.0 0.0 0.0 8.0 0.0 0.0 8.0 0.0 8.0 0.0 0.0 8.0 0.0 0.0 8.0 0.0 0.0 8.0 0.0 8.0 8.0 0.0 0.0 8.0 0.0 0.0 8.0 0.0 8.0 0.0 0.0 8.0 0.0 0.0 0.0 0.0 8.0 0.0 8.0 8.0 0.0 0.0 8.0 0.0 0.0 8.0 0.0 0.0 8.0 0.0 0.0 8.0 0.0 0.0 8.0 0.0 0.0 8.0 0.0 0.0 8.0 0.0 0.0 8.0 8.0 0.0 0.0 8.0 0.0 0.0
40 1 CONSTANT 8.0
41 1 CONSTANT 8.0
42 1 CONSTANT 8.0
43 1 CONSTANT 176.0
44 1 CONSTANT 168.0
45 1 CONSTANT 8.0
46 1 CONSTANT 176.0
47 1 CONSTANT 4.0
48 1 TRACE 8096.0 2384.0 1840.0 1136.0 880.0 784.0 352.0 416.0 432.0 464.0 336.0 336.0 336.0 176.0 240.0 256.0 0.0 0.0 0.0 0.0 0.0 0.0 0.0 0.0 8160.0 2432.0 1728.0 1104.0 1072.0 784.0 464.0 496.0 448.0 448.0 384.0 368.0 272.0 144.0 240.0 192.0 16.0 0.0 0.0 0.0 0.0 0.0 0.0 16.0 3632.0 1040.0 832.0 512.0 656.0 480.0 400.0 304.0 2416.0 1840.0 1360.0 1072.0 800.0 496.0 400.0 464.0 32.0 16.0 0.0 16.0 16.0 16.0 32.0 16.0 0.0 0.0 0.0 0.0 0.0 0.0 0.0 0.0 5136.0 2592.0 1632.0 1120.0 1008.0 544.0 432.0 496.0 64.0 16.0 0.0 16.0 0.0 32.0 80.0 32.0 0.0 0.0 0.0 0.0 0.0 0.0 0.0 0.0 6160.0 2640.0 1936.0 1232.0 1056.0 576.0 480.0 560.0 96.0 64.0 16.0 48.0 16.0 32.0 80.0 32.0 0.0 0.0 0.0 0.0 0.0 0.0 0.0 0.0 4592.0 2368.0 1552.0 1152.0 1008.0 528.0 336.0 496.0 32.0 16.0 16.0 32.0 0.0 16.0 64.0 32.0 0.0 0.0 0.0 0.0 0.0 0.0 0.0 0.0 4384.0 2240.0 1648.0 1248.0 1024.0 528.0 416.0 496.0 32.0 32.0 0.0 16.0 0.0 32.0 64.0 16.0 0.0 0.0 0.0 0.0 0.0 0.0 0.0 0.0 6160.0 1696.0 1328.0 768.0 720.0 592.0 288.0 464.0 1168.0 912.0 848.0 656.0 624.0 336.0 400.0 304.0 16.0 16.0 0.0 16.0 0.0 0.0 0.0 16.0 7600.0 2672.0 1824.0 1168.0 1120.0 560.0 416.0 528.0 160.0 160.0 128.0 144.0 48.0 64.0 128.0 96.0 0.0 0.0 0.0 0.0 0.0 0.0 0.0 0.0 4016.0 2272.0 1616.0 1200.0 832.0 512.0 384.0 480.0 32.0 32.0 0.0 16.0 16.0 16.0 48.0 16.0 0.0 0.0 0.0 0.0 0.0 0.0 0.0 0.0 8048.0 2560.0 1856.0 1280.0 1008.0 768.0 464.0 464.0 368.0 304.0 256.0 208.0 176.0 64.0 208.0 208.0 0.0 0.0 0.0 0.0 0.0 0.0 0.0 0.0 7984.0 2640.0 1904.0 1152.0 1072.0 704.0 384.0 624.0 304.0 192.0 224.0 272.0 144.0 112.0 256.0 64.0 0.0 0.0 0.0 0.0 0.0 0.0 0.0 0.0 6560.0 2624.0 1824.0 1232.0 1088.0 576.0 432.0 544.0 112.0 96.0 32.0 112.0 16.0 48.0 96.0 48.0 0.0 0.0 0.0 0.0 0.0 0.0 0.0 0.0 6224.0 2016.0 1376.0 1040.0 912.0 768.0 560.0 560.0 1344.0 1024.0 896.0 608.0 544.0 304.0 272.0 320.0 32.0 16.0 0.0 0.0 0.0 16.0 32.0 16.0 6224.0 1936.0 1552.0 976.0 688.0 752.0 448.0 496.0 1120.0 848.0 624.0 560.0 544.0 368.0 352.0 320.0 16.0 16.0 0.0 16.0 0.0 0.0 16.0 0.0 4784.0 2480.0 1616.0 1120.0 1024.0 624.0 400.0 528.0 96.0 32.0 16.0 16.0 16.0 0.0 48.0 16.0 0.0 0.0 0.0 0.0 0.0 0.0 0.0 0.0 7808.0 2256.0 1856.0 976.0 848.0 656.0 416.0 464.0 528.0 528.0 448.0 384.0 288.0 224.0 208.0 176.0 16.0 0.0 0.0 0.0 0.0 0.0 0.0 16.0 6080.0 1728.0 1712.0 992.0 704.0 752.0 608.0 448.0 1248.0 1072.0 784.0 656.0 672.0 336.0 368.0 320.0 16.0 16.0 0.0 0.0 0.0 0.0 16.0 16.0 5232.0 2432.0 1696.0 1216.0 976.0 576.0 416.0 496.0 48.0 32.0 32.0 16.0 16.0 32.0 80.0 32.0 0.0 0.0 0.0 0.0 0.0 0.0 0.0 0.0 7632.0 2720.0 2064.0 1232.0 1072.0 656.0 448.0 544.0 96.0 112.0 80.0 96.0 48.0 48.0 112.0 48.0 0.0 0.0 0.0 0.0 0.0 0.0 0.0 0.0 5904.0 2608.0 1712.0 1264.0 1072.0 544.0 432.0 480.0 96.0 48.0 48.0 32.0 16.0 32.0 96.0 48.0 0.0 0.0 0.0 0.0 0.0 0.0 0.0 0.0 8176.0 2448.0 1648.0 1168.0 976.0 688.0 416.0 496.0 384.0 384.0 448.0 352.0 192.0 160.0 240.0 208.0 0.0 16.0 0.0 0.0 0.0 0.0 0.0 16.0 4112.0 2208.0 1696.0 1216.0 1008.0 544.0 416.0 496.0 48.0 32.0 48.0 32.0 16.0 32.0 64.0 32.0 0.0 0.0 0.0 0.0 0.0 0.0 0.0 0.0 8112.0 2768.0 1824.0 1152.0 944.0 704.0 448.0 496.0 208.0 240.0 208.0 240.0 144.0 80.0 176.0 144.0 0.0 16.0 0.0 0.0 0.0 0.0 0.0 0.0 3376.0 1664.0 1280.0 784.0 848.0 544.0 464.0 400.0 2912.0 1696.0 1408.0 1024.0 864.0 464.0 416.0 464.0 32.0 32.0 0.0 16.0 0.0 32.0 32.0 32.0 0.0 0.0 0.0 0.0 0.0 0.0 0.0 0.0 5104.0 2464.0 1664.0 1232.0 928.0 624.0 432.0 496.0 64.0 48.0 32.0 48.0 16.0 32.0 32.0 48.0 0.0 0.0 0.0 0.0 0.0 0.0 0.0 0.0 4288.0 2240.0 1664.0 1216.0 864.0 528.0 384.0 464.0 80.0 48.0 32.0 0.0 16.0 16.0 80.0 32.0 0.0 0.0 0.0 0.0 0.0 0.0 0.0 0.0 3488.0 1056.0 1168.0 896.0 640.0 784.0 496.0 592.0 3408.0 2144.0 1600.0 1136.0 912.0 400.0 352.0 368.0 32.0 32.0 0.0 16.0 0.0 16.0 64.0 32.0 0.0 0.0 0.0 0.0 0.0 0.0 0.0 0.0 8032.0 2416.0 1760.0 1184.0 1056.0 704.0 432.0 416.0 368.0 368.0 320.0 272.0 192.0 128.0 208.0 240.0 0.0 16.0 0.0 0.0 0.0 0.0 0.0 0.0 8336.0 2688.0 1936.0 1248.0 1136.0 720.0 528.0 512.0 304.0 304.0 144.0 192.0 80.0 96.0 192.0 192.0 0.0 0.0 0.0 0.0 0.0 0.0 0.0 0.0 7296.0 2784.0 1952.0 1232.0 1008.0 640.0 480.0 496.0 96.0 112.0 64.0 80.0 48.0 48.0 80.0 48.0 0.0 0.0 0.0 0.0 0.0 0.0 0.0 0.0 8000.0 2528.0 1776.0 1232.0 976.0 688.0 416.0 576.0 240.0 240.0 272.0 224.0 128.0 80.0 176.0 144.0 0.0 0.0 0.0 0.0 0.0 0.0 0.0 0.0 8192.0 2560.0 1824.0 1216.0 1120.0 640.0 464.0 480.0 288.0 336.0 96.0 192.0 144.0 128.0 160.0 144.0 0.0 0.0 0.0 0.0 0.0 0.0 0.0 0.0 7696.0 2640.0 1936.0 1232.0 1056.0 608.0 448.0 512.0 144.0 192.0 64.0 112.0 64.0 64.0 112.0 128.0 0.0 0.0 0.0 0.0 0.0 0.0 0.0 0.0 6848.0 2032.0 1632.0 832.0 864.0 832.0 400.0 496.0 992.0 896.0 720.0 576.0 544.0 256.0 304.0 288.0 16.0 16.0 0.0 16.0 0.0 16.0 16.0 16.0 6064.0 1856.0 1312.0 768.0 720.0 784.0 432.0 432.0 1328.0 928.0 816.0 608.0 688.0 288.0 288.0 352.0 16.0 16.0 0.0 0.0 0.0 16.0 16.0 16.0 7504.0 2640.0 1824.0 1184.0 1104.0 576.0 400.0 528.0 144.0 160.0 112.0 128.0 48.0 48.0 128.0 80.0 0.0 0.0 0.0 0.0 0.0 0.0 0.0 0.0 7648.0 2688.0 2000.0 1232.0 1008.0 640.0 368.0 560.0 208.0 112.0 96.0 144.0 48.0 32.0 128.0 64.0 0.0 0.0 0.0 0.0 0.0 0.0 0.0 0.0 2592.0 880.0 512.0 224.0 464.0 192.0 176.0 176.0 3056.0 1888.0 1424.0 1072.0 816.0 528.0 416.0 448.0 48.0 16.0 0.0 16.0 0.0 16.0 48.0 16.0 0.0 0.0 0.0 0.0 0.0 0.0 0.0 0.0 7504.0 2592.0 1872.0 1248.0 1024.0 592.0 416.0 576.0 208.0 144.0 80.0 80.0 48.0 48.0 128.0 64.0 0.0 0.0 0.0 0.0 0.0 0.0 0.0 0.0 7536.0 2720.0 1824.0 1184.0 1120.0 544.0 432.0 544.0 144.0 128.0 128.0 144.0 48.0 64.0 112.0 80.0 0.0 0.0 0.0 0.0 0.0 0.0 0.0 0.0 8192.0 2608.0 1888.0 1120.0 944.0 688.0 336.0 576.0 384.0 352.0 256.0 224.0 176.0 96.0 192.0 112.0 0.0 0.0 0.0 0.0 0.0 0.0 0.0 0.0 4736.0 1616.0 1104.0 768.0 640.0 496.0 400.0 384.0 1920.0 1232.0 1152.0 768.0 656.0 352.0 336.0 352.0 16.0 16.0 0.0 16.0 0.0 16.0 48.0 16.0 0.0 0.0 0.0 0.0 0.0 0.0 0.0 0.0 8224.0 2432.0 1792.0 1216.0 1024.0 752.0 432.0 544.0 320.0 272.0 304.0 256.0 176.0 96.0 176.0 176.0 0.0 0.0 0.0 0.0 0.0 0.0 0.0 0.0 7840.0 2288.0 1952.0 1040.0 1040.0 880.0 496.0 512.0 704.0 464.0 352.0 288.0 320.0 160.0 224.0 208.0 16.0 16.0 0.0 0.0 0.0 0.0 0.0 0.0 8128.0 2480.0 1696.0 1040.0 960.0 672.0 432.0 512.0 400.0 352.0 288.0 288.0 240.0 176.0 192.0 176.0 0.0 16.0 0.0 0.0 0.0 0.0 0.0 0.0 5632.0 1792.0 1392.0 832.0 848.0 688.0 368.0 416.0 1504.0 976.0 896.0 656.0 544.0 336.0 368.0 352.0 32.0 16.0 0.0 16.0 0.0 16.0 16.0 0.0 0.0 0.0 0.0 0.0 0.0 0.0 0.0 0.0 6816.0 2736.0 1904.0 1248.0 944.0 592.0 384.0 544.0 128.0 80.0 32.0 80.0 80.0 48.0 112.0 64.0 0.0 0.0 0.0 0.0 0.0 0.0 0.0 0.0 7056.0 2720.0 1920.0 1248.0 992.0 672.0 432.0 464.0 112.0 112.0 64.0 48.0 64.0 32.0 80.0 80.0 0.0 0.0 0.0 0.0 0.0 0.0 0.0 0.0 5872.0 1792.0 1520.0 784.0 848.0 688.0 336.0 368.0 1504.0 1088.0 864.0 672.0 592.0 384.0 384.0 384.0 0.0 16.0 0.0 16.0 0.0 16.0 16.0 16.0 0.0 0.0 0.0 0.0 0.0 0.0 0.0 0.0 7456.0 2192.0 1664.0 1088.0 880.0 704.0 416.0 496.0 640.0 624.0 576.0 368.0 368.0 256.0 320.0 304.0 32.0 16.0 0.0 16.0 0.0 0.0 0.0 0.0 4384.0 2288.0 1616.0 1216.0 944.0 544.0 416.0 528.0 64.0 32.0 0.0 16.0 0.0 32.0 80.0 32.0 0.0 0.0 0.0 0.0 0.0 0.0 0.0 0.0 3328.0 1056.0 1040.0 672.0 704.0 528.0 320.0 400.0 3120.0 1744.0 1344.0 976.0 832.0 432.0 368.0 464.0 32.0 32.0 0.0 0.0 0.0 32.0 64.0 16.0 0.0 0.0 0.0 0.0 0.0 0.0 0.0 0.0 5104.0 1616.0 1200.0 656.0 800.0 800.0 352.0 288.0 1616.0 1088.0 1120.0 864.0 656.0 320.0 368.0 400.0 16.0 16.0 0.0 16.0 0.0 16.0 32.0 32.0 0.0 0.0 0.0 0.0 0.0 0.0 0.0 0.0 6240.0 2608.0 1808.0 1280.0 1056.0 528.0 416.0 544.0 112.0 80.0 16.0 48.0 16.0 32.0 96.0 48.0 0.0 0.0 0.0 0.0 0.0 0.0 0.0 0.0 7792.0 2592.0 1904.0 1248.0 1056.0 656.0 480.0 464.0 240.0 256.0 128.0 128.0 80.0 64.0 128.0 144.0 0.0 0.0 0.0 0.0 0.0 0.0 0.0 0.0 8144.0 2224.0 1824.0 1216.0 960.0 768.0 336.0 544.0 544.0 432.0 400.0 320.0 272.0 128.0 224.0 192.0 0.0 0.0 0.0 0.0 0.0 0.0 16.0 0.0 8272.0 2496.0 1888.0 1152.0 992.0 704.0 464.0 544.0 336.0 384.0 192.0 224.0 176.0 80.0 144.0 112.0 0.0 0.0 0.0 0.0 0.0 0.0 0.0 0.0 6800.0 2592.0 1904.0 1184.0 960.0 528.0 416.0 512.0 80.0 96.0 80.0 32.0 16.0 32.0 96.0 48.0 0.0 0.0 0.0 0.0 0.0 0.0 0.0 0.0 7712.0 2320.0 1712.0 1232.0 1088.0 784.0 480.0 624.0 528.0 528.0 400.0 400.0 192.0 176.0 256.0 176.0 0.0 0.0 0.0 0.0 0.0 0.0 0.0 0.0 7904.0 2432.0 1728.0 976.0 928.0 768.0 336.0 464.0 576.0 448.0 352.0 400.0 256.0 208.0 272.0 224.0 0.0 0.0 0.0 0.0 0.0 0.0 0.0 0.0 7024.0 2576.0 1856.0 1200.0 1072.0 608.0 480.0 544.0 112.0 112.0 64.0 64.0 32.0 48.0 80.0 80.0 0.0 0.0 0.0 0.0 0.0 0.0 0.0 0.0 4624.0 2448.0 1600.0 1200.0 912.0 544.0 400.0 512.0 64.0 48.0 16.0 48.0 16.0 32.0 48.0 32.0 0.0 0.0 0.0 0.0 0.0 0.0 0.0 0.0 5616.0 2400.0 1808.0 1200.0 1088.0 544.0 368.0 480.0 64.0 64.0 32.0 16.0 0.0 32.0 96.0 32.0 0.0 0.0 0.0 0.0 0.0 0.0 0.0 0.0
49 1 TRACE 176.0 176.0 176.0 176.0 176.0 176.0 184.0 8.0 176.0 176.0 176.0 176.0 176.0 176.0 184.0 8.0 176.0 176.0 176.0 176.0 176.0 176.0 184.0 8.0 176.0 176.0 176.0 176.0 176.0 176.0 184.0 8.0 176.0 176.0 176.0 176.0 176.0 176.0 184.0 8.0 176.0 176.0 176.0 176.0 176.0 176.0 184.0 8.0 176.0 176.0 176.0 176.0 176.0 176.0 184.0 8.0 176.0 176.0 176.0 176.0 176.0 176.0 184.0 8.0 176.0 176.0 176.0 176.0 176.0 176.0 184.0 8.0 176.0 176.0 176.0 176.0 176.0 176.0 184.0 8.0 176.0 176.0 176.0 176.0 176.0 176.0 184.0 8.0 176.0 176.0 176.0 176.0 176.0 176.0 184.0 8.0 176.0 176.0 176.0 176.0 176.0 176.0 184.0 8.0 176.0 176.0 176.0 176.0 176.0 176.0 184.0 8.0 176.0 176.0 176.0 176.0 176.0 176.0 184.0 8.0 176.0 176.0 176.0 176.0 176.0 176.0 184.0 8.0 176.0 176.0 176.0 176.0 176.0 176.0 184.0 8.0 176.0 176.0 176.0 176.0 176.0 176.0 184.0 8.0 176.0 176.0 176.0 176.0 176.0 176.0 184.0 8.0 176.0 176.0 176.0 176.0 176.0 176.0 184.0 8.0 176.0 176.0 176.0 176.0 176.0 176.0 184.0 8.0 176.0 176.0 176.0 176.0 176.0 176.0 184.0 8.0 176.0 176.0 176.0 176.0 176.0 176.0 184.0 8.0 176.0 176.0 176.0 176.0 176.0 176.0 184.0 8.0 176.0 176.0 176.0 176.0 176.0 176.0 184.0 8.0 176.0 176.0 176.0 176.0 176.0 176.0 184.0 8.0 176.0 176.0 176.0 176.0 176.0 176.0 184.0 8.0 176.0 176.0 176.0 176.0 176.0 176.0 184.0 8.0 176.0 176.0 176.0 176.0 176.0 176.0 184.0 8.0 176.0 176.0 176.0 176.0 176.0 176.0 184.0 8.0 176.0 176.0 176.0 176.0 176.0 176.0 184.0 8.0 176.0 176.0 176.0 176.0 176.0 176.0 184.0 8.0 176.0 176.0 176.0 176.0 176.0 176.0 184.0 8.0 176.0 176.0 176.0 176.0 176.0 176.0 184.0 8.0 176.0 176.0 176.0 176.0 176.0 176.0 184.0 8.0 176.0 176.0 176.0 176.0 176.0 176.0 184.0 8.0 176.0 176.0 176.0 176.0 176.0 176.0 184.0 8.0 176.0 176.0 176.0 176.0 176.0 176.0 184.0 8.0 176.0 176.0 176.0 176.0 176.0 176.0 184.0 8.0 176.0 176.0 176.0 176.0 176.0 176.0 184.0 8.0 176.0 176.0 176.0 176.0 176.0 176.0 184.0 8.0 176.0 176.0 176.0 176.0 176.0 176.0 184.0 8.0 176.0 176.0 176.0 176.0 176.0 176.0 184.0 8.0 176.0 176.0 176.0 176.0 176.0 176.0 184.0 8.0 176.0 176.0 176.0 176.0 176.0 176.0 184.0 8.0 176.0 176.0 176.0 176.0 176.0 176.0 184.0 8.0 176.0 176.0 176.0 176.0 176.0 176.0 184.0 8.0 176.0 176.0 176.0 176.0 176.0 176.0 184.0 8.0 176.0 176.0 176.0 176.0 176.0 176.0 184.0 8.0 176.0 176.0 176.0 176.0 176.0 176.0 184.0 8.0 176.0 176.0 176.0 176.0 176.0 176.0 184.0 8.0 176.0 176.0 176.0 176.0 176.0 176.0 184.0 8.0 176.0 176.0 176.0 176.0 176.0 176.0 184.0 8.0 176.0 176.0 176.0 176.0 176.0 176.0 184.0 8.0 176.0 176.0 176.0 176.0 176.0 176.0 184.0 8.0 176.0 176.0 176.0 176.0 176.0 176.0 184.0 8.0 176.0 176.0 176.0 176.0 176.0 176.0 184.0 8.0 176.0 176.0 176.0 176.0 176.0 176.0 184.0 8.0 176.0 176.0 176.0 176.0 176.0 176.0 184.0 8.0 176.0 176.0 176.0 176.0 176.0 176.0 184.0 8.0 176.0 176.0 176.0 176.0 176.0 176.0 184.0 8.0 176.0 176.0 176.0 176.0 176.0 176.0 184.0 8.0 176.0 176.0 176.0 176.0 176.0 176.0 184.0 8.0 176.0 176.0 176.0 176.0 176.0 176.0 184.0 8.0 176.0 176.0 176.0 176.0 176.0 176.0 184.0 8.0 176.0 176.0 176.0 176.0 176.0 176.0 184.0 8.0 176.0 176.0 176.0 176.0 176.0 176.0 184.0 8.0 176.0 176.0 176.0 176.0 176.0 176.0 184.0 8.0 176.0 176.0 176.0 176.0 176.0 176.0 184.0 8.0 176.0 176.0 176.0 176.0 176.0 176.0 184.0 8.0 176.0 176.0 176.0 176.0 176.0 176.0 184.0 8.0 176.0 176.0 176.0 176.0 176.0 176.0 184.0 8.0 176.0 176.0 176.0 176.0 176.0 176.0 184.0 8.0 176.0 176.0 176.0 176.0 176.0 176.0 184.0 8.0 176.0 176.0 176.0 176.0 176.0 176.0 184.0 8.0 176.0 176.0 176.0 176.0 176.0 176.0 184.0 8.0 176.0 176.0 176.0 176.0 176.0 176.0 184.0 8.0 176.0 176.0 176.0 176.0 176.0 176.0 184.0 8.0 176.0 176.0 176.0 176.0 176.0 176.0 184.0 8.0 176.0 176.0 176.0 176.0 176.0 176.0 184.0 8.0 176.0 176.0 176.0 176.0 176.0 176.0 184.0 8.0 176.0 176.0 176.0 176.0 176.0 176.0 184.0 8.0 176.0 176.0 176.0 176.0 176.0 176.0 184.0 8.0 176.0 176.0 176.0 176.0 176.0 176.0 184.0 8.0 176.0 176.0 176.0 176.0 176.0 176.0 184.0 8.0 176.0 176.0 176.0 176.0 176.0 176.0 184.0 8.0 176.0 176.0 176.0 176.0 176.0 176.0 184.0 8.0 176.0 176.0 176.0 176.0 176.0 176.0 184.0 8.0 176.0 176.0 176.0 176.0 176.0 176.0 184.0 8.0 176.0 176.0 176.0 176.0 176.0 176.0 184.0 8.0 176.0 176.0 176.0 176.0 176.0 176.0 184.0 8.0 176.0 176.0 176.0 176.0 176.0 176.0 184.0 8.0 176.0 176.0 176.0 176.0 176.0 176.0 184.0 8.0 176.0 176.0 176.0 176.0 176.0 176.0 184.0 8.0 176.0 176.0 176.0 176.0 176.0 176.0 184.0 8.0 176.0 176.0 176.0 176.0 176.0 176.0 184.0 8.0 176.0 176.0 176.0 176.0 176.0 176.0 184.0 8.0 176.0 176.0 176.0 176.0 176.0 176.0 184.0 8.0 176.0 176.0 176.0 176.0 176.0 176.0 184.0 8.0 176.0 176.0 176.0 176.0 176.0 176.0 184.0 8.0 176.0 176.0 176.0 176.0 176.0 176.0 184.0 8.0 176.0 176.0 176.0 176.0 176.0 176.0 184.0 8.0 176.0 176.0 176.0 176.0 176.0 176.0 184.0 8.0 176.0 176.0 176.0 176.0 176.0 176.0 184.0 8.0 176.0 176.0 176.0 176.0 176.0 176.0 184.0 8.0 176.0 176.0 176.0 176.0 176.0 176.0 184.0 8.0 176.0 176.0 176.0 176.0 176.0 176.0 184.0 8.0 176.0 176.0 176.0 176.0 176.0 176.0 184.0 8.0 176.0 176.0 176.0 176.0 176.0 176.0 184.0 8.0 176.0 176.0 176.0 176.0 176.0 176.0 184.0 8.0 176.0 176.0 176.0 176.0 176.0 176.0 184.0 8.0 176.0 176.0 176.0 176.0 176.0 176.0 184.0 8.0 176.0 176.0 176.0 176.0 176.0 176.0 184.0 8.0 176.0 176.0 176.0 176.0 176.0 176.0 184.0 8.0 176.0 176.0 176.0 176.0 176.0 176.0 184.0 8.0 176.0 176.0 176.0 176.0 176.0 176.0 184.0 8.0 176.0 176.0 176.0 176.0 176.0 176.0 184.0 8.0 176.0 176.0 176.0 176.0 176.0 176.0 184.0 8.0 176.0 176.0 176.0 176.0 176.0 176.0 184.0 8.0 176.0 176.0 176.0 176.0 176.0 176.0 184.0 8.0 176.0 176.0 176.0 176.0 176.0 176.0 184.0 8.0 176.0 176.0 176.0 176.0 176.0 176.0 184.0 8.0 176.0 176.0 176.0 176.0 176.0 176.0 184.0 8.0 176.0 176.0 176.0 176.0 176.0 176.0 184.0 8.0 176.0 176.0 176.0 176.0 176.0 176.0 184.0 8.0 176.0 176.0 176.0 176.0 176.0 176.0 184.0 8.0 176.0 176.0 176.0 176.0 176.0 176.0 184.0 8.0 176.0 176.0 176.0 176.0 176.0 176.0 184.0 8.0 176.0 176.0 176.0 176.0 176.0 176.0 184.0 8.0 176.0 176.0 176.0 176.0 176.0 176.0 184.0 8.0 176.0 176.0 176.0 176.0 176.0 176.0 184.0 8.0 176.0 176.0 176.0 176.0 176.0 176.0 184.0 8.0 176.0 176.0 176.0 176.0 176.0 176.0 184.0 8.0 176.0 176.0 176.0 176.0 176.0 176.0 184.0 8.0 176.0 176.0 176.0 176.0 176.0 176.0 184.0 8.0 176.0 176.0 176.0 176.0 176.0 176.0 184.0 8.0 176.0 176.0 176.0 176.0 176.0 176.0 184.0 8.0 176.0 176.0 176.0 176.0 176.0 176.0 184.0 8.0 176.0 176.0 176.0 176.0 176.0 176.0 184.0 8.0 176.0 176.0 176.0 176.0 176.0 176.0 184.0 8.0 176.0 176.0 176.0 176.0 176.0 176.0 184.0 8.0 176.0 176.0 176.0 176.0 176.0 176.0 184.0 8.0 176.0 176.0 176.0 176.0 176.0 176.0 184.0 8.0 176.0 176.0 176.0 176.0 176.0 176.0 184.0 8.0 176.0 176.0 176.0 176.0 176.0 176.0 184.0 8.0 176.0 176.0 176.0 176.0 176.0 176.0 184.0 8.0 176.0 176.0 176.0 176.0 176.0 176.0 184.0 8.0 176.0 176.0 176.0 176.0 176.0 176.0 184.0 8.0 176.0 176.0 176.0 176.0 176.0 176.0 184.0 8.0 176.0 176.0 176.0 176.0 176.0 176.0 184.0 8.0 176.0 176.0 176.0 176.0 176.0 176.0 184.0 8.0 176.0 176.0 176.0 176.0 176.0 176.0 184.0 8.0 176.0 176.0 176.0 176.0 176.0 176.0 184.0 8.0 176.0 176.0 176.0 176.0 176.0 176.0 184.0 8.0 176.0 176.0 176.0 176.0 176.0 176.0 184.0 8.0 176.0 176.0 176.0 176.0 176.0 176.0 184.0 8.0 176.0 176.0 176.0 176.0 176.0 176.0 184.0 8.0 176.0 176.0 176.0 176.0 176.0 176.0 184.0 8.0 176.0 176.0 176.0 176.0 176.0 176.0 184.0 8.0 176.0 176.0 176.0 176.0 176.0 176.0 184.0 8.0 176.0 176.0 176.0 176.0 176.0 176.0 184.0 8.0 176.0 176.0 176.0 176.0 176.0 176.0 184.0 8.0 176.0 176.0 176.0 176.0 176.0 176.0 184.0 8.0 176.0 176.0 176.0 176.0 176.0 176.0 184.0 8.0 176.0 176.0 176.0 176.0 176.0 176.0 184.0 8.0 176.0 176.0 176.0 176.0 176.0 176.0 184.0 8.0 176.0 176.0 176.0 176.0 176.0 176.0 184.0 8.0 176.0 176.0 176.0 176.0 176.0 176.0 184.0 8.0 176.0 176.0 176.0 176.0 176.0 176.0 184.0 8.0 176.0 176.0 176.0 176.0 176.0 176.0 184.0 8.0 176.0 176.0 176.0 176.0 176.0 176.0 184.0 8.0 176.0 176.0 176.0 176.0 176.0 176.0 184.0 8.0 176.0 176.0 176.0 176.0 176.0 176.0 184.0 8.0 176.0 176.0 176.0 176.0 176.0 176.0 184.0 8.0 176.0 176.0 176.0 176.0 176.0 176.0 184.0 8.0 176.0 176.0 176.0 176.0 176.0 176.0 184.0 8.0 176.0 176.0 176.0 176.0 176.0 176.0 184.0 8.0 176.0 176.0 176.0 176.0 176.0 176.0 184.0 8.0 176.0 176.0 176.0 176.0 176.0 176.0 184.0 8.0 176.0 176.0 176.0 176.0 176.0 176.0 184.0 8.0 176.0 176.0 176.0 176.0 176.0 176.0 184.0 8.0 176.0 176.0 176.0 176.0 176.0 176.0 184.0 8.0 176.0 176.0 176.0 176.0 176.0 176.0 184.0 8.0 176.0 176.0 176.0 176.0 176.0 176.0 184.0 8.0 176.0 176.0 176.0 176.0 176.0 176.0 184.0 8.0 176.0 176.0 176.0 176.0 176.0 176.0 184.0 8.0 176.0 176.0 176.0 176.0 176.0 176.0 184.0 8.0 176.0 176.0 176.0 176.0 176.0 176.0 184.0 8.0 176.0 176.0 176.0 176.0 176.0 176.0 184.0 8.0 176.0 176.0 176.0 176.0 176.0 176.0 184.0 8.0 176.0 176.0 176.0 176.0 176.0 176.0 184.0 8.0 176.0 176.0 176.0 176.0 176.0 176.0 184.0 8.0 176.0 176.0 176.0 176.0 176.0 176.0 184.0 8.0 176.0 176.0 176.0 176.0 176.0 176.0 184.0 8.0 176.0 176.0 176.0 176.0 176.0 176.0 184.0 8.0 176.0 176.0 176.0 176.0 176.0 176.0 184.0 8.0 176.0 176.0 176.0 176.0 176.0 176.0 184.0 8.0 176.0 176.0 176.0 176.0 176.0 176.0 184.0 8.0 176.0 176.0 176.0 176.0 176.0 176.0 184.0 8.0 176.0 176.0 176.0 176.0 176.0 176.0 184.0 8.0 176.0 176.0 176.0 176.0 176.0 176.0 184.0 8.0
50 1 TRACE 8.0 8.0 8.0 8.0 8.0 8.0 8.0 8.0 8.0 8.0 8.0 8.0 8.0 8.0 8.0 8.0 8.0 8.0 8.0 8.0 8.0 8.0 8.0 8.0 8.0 8.0 8.0 8.0 8.0 8.0 0.0 8.0 8.0 8.0 8.0 8.0 8.0 8.0 8.0 8.0 8.0 8.0 8.0 8.0 8.0 8.0 8.0 8.0 8.0 8.0 8.0 8.0 8.0 8.0 8.0 8.0 8.0 8.0 8.0 8.0 8.0 8.0 8.0 8.0 8.0 8.0 8.0 8.0 8.0 8.0 8.0 8.0 8.0 8.0 8.0 8.0 8.0 8.0 8.0 0.0 8.0 8.0 8.0 8.0 8.0 8.0 0.0 8.0 8.0 8.0 8.0 8.0 8.0 8.0 8.0 8.0 8.0 8.0 8.0 8.0 8.0 8.0 8.0 8.0 8.0 8.0 8.0 8.0 8.0 8.0 8.0 8.0 8.0 8.0 8.0 8.0 8.0 8.0 8.0 8.0 0.0 8.0 8.0 8.0 8.0 8.0 8.0 8.0 8.0 8.0 8.0 8.0 8.0 0.0 8.0 8.0 8.0 8.0 8.0 8.0 8.0 8.0 8.0 8.0 8.0 8.0 0.0 8.0 8.0 8.0 8.0 8.0 8.0 8.0 8.0 8.0 0.0 8.0 8.0 8.0 8.0 8.0 8.0 8.0 8.0 8.0 8.0 8.0 8.0 8.0 0.0 8.0 8.0 8.0 8.0 8.0 8.0 8.0 8.0 8.0 8.0 8.0 8.0 8.0 8.0 8.0 8.0 8.0 8.0 8.0 8.0 8.0 8.0 8.0 8.0 8.0 8.0 8.0 8.0 8.0 8.0
51 1 CONSTANT 8.0
52 1 CONSTANT 8.0
53 1 CONSTANT 8.0
54 1 CONSTANT 0.0
55 1 CONSTANT 0.0
56 1 CONSTANT 0.0
57 1 CONSTANT 0.0
58 1 CONSTANT 0.0
59 1 CONSTANT 0.0
60 1 CONSTANT 0.0
61 1 CONSTANT 0.0
62 1 CONSTANT 8.0
