0 1 CONSTANT 8.0
1 1 CONSTANT 8.0
2 1 CONSTANT 0.0
3 1 CONSTANT 8.0
4 1 CONSTANT 8.0
5 1 CONSTANT 8.0
6 1 CONSTANT 8.0
7 1 CONSTANT 8.0
8 1 CONSTANT 8.0
9 1 CONSTANT 0.0
10 1 CONSTANT 0.0
11 1 CONSTANT 0.0
12 1 CONSTANT 0.0
13 1 CONSTANT 8.0
14 1 CONSTANT 4.0
15 1 CONSTANT 4.0
16 1 CONSTANT 0.0
17 1 CONSTANT 0.0
18 1 CONSTANT 0.0
19 1 CONSTANT 0.0
20 1 CONSTANT 4.0
21 1 CONSTANT 8.0
22 1 CONSTANT 8.0
23 1 CONSTANT 8.0
24 1 CONSTANT 8.0
25 1 CONSTANT 4.0
26 1 CONSTANT 4.0
27 1 CONSTANT 8.0
28 1 TRACE 0.0 0.0 0.0 0.0 112.0 36.0 0.0 96.0 24.0 4.0 0.0 304.0 4.0 4.0 312.0 12.0 0.0 24.0 92.0 0.0 0.0 4.0 224.0 4.0 24.0 68.0 0.0 0.0 320.0 0.0 0.0 164.0 4.0 16.0 60.0 0.0 4.0 328.0 0.0 4.0 0.0 4.0 8.0 188.0 0.0 32.0 80.0 0.0 0.0 268.0 16.0 0.0 16.0 324.0 0.0 96.0 28.0 0.0 12.0 240.0 0.0 0.0 0.0 4.0 284.0 0.0 0.0 292.0 16.0 0.0 20.0 52.0 4.0 12.0 104.0 0.0 4.0 172.0 4.0 0.0 84.0 36.0 4.0 4.0 344.0 8.0 4.0 0.0 112.0 0.0 4.0 0.0 48.0 56.0 4.0 32.0 96.0 0.0 8.0 152.0 4.0 0.0 4.0 0.0 0.0 204.0 4.0 4.0 128.0 4.0 12.0 496.0 0.0 4.0 88.0 32.0 0.0 4.0 112.0 0.0 28.0 104.0 0.0 100.0 32.0 4.0 8.0 4.0 0.0 64.0 28.0 0.0 4.0 196.0 0.0 0.0 328.0 0.0 0.0 308.0 0.0 0.0 32.0 104.0 0.0 12.0 220.0 0.0 0.0 316.0 24.0 0.0 116.0 24.0 4.0 12.0 108.0 4.0 0.0 0.0 0.0 264.0 16.0 0.0 12.0 112.0 4.0 8.0 0.0 0.0 36.0 144.0 0.0 8.0 224.0 0.0 16.0 88.0 0.0 236.0 16.0 4.0 8.0 44.0 0.0 8.0 0.0 0.0 100.0 36.0 0.0 4.0 92.0 0.0 0.0 0.0 8.0
29 1 CONSTANT 4.0
30 1 TRACE 0.0 0.0 0.0 0.0 112.0 36.0 0.0 96.0 24.0 4.0 0.0 304.0 4.0 4.0 312.0 12.0 0.0 24.0 92.0 0.0 0.0 4.0 224.0 4.0 24.0 68.0 0.0 0.0 320.0 0.0 0.0 164.0 4.0 16.0 60.0 0.0 4.0 328.0 0.0 4.0 0.0 4.0 8.0 188.0 0.0 32.0 80.0 0.0 0.0 268.0 16.0 0.0 16.0 324.0 0.0 96.0 28.0 0.0 12.0 240.0 0.0 0.0 0.0 4.0 284.0 0.0 0.0 292.0 16.0 0.0 20.0 52.0 4.0 12.0 104.0 0.0 4.0 172.0 4.0 0.0 84.0 36.0 4.0 4.0 344.0 8.0 4.0 0.0 112.0 0.0 4.0 0.0 48.0 56.0 4.0 32.0 96.0 0.0 8.0 152.0 4.0 0.0 4.0 0.0 0.0 204.0 4.0 4.0 128.0 4.0 12.0 496.0 0.0 4.0 88.0 32.0 0.0 4.0 112.0 0.0 28.0 104.0 0.0 100.0 32.0 4.0 8.0 4.0 0.0 64.0 28.0 0.0 4.0 196.0 0.0 0.0 328.0 0.0 0.0 308.0 0.0 0.0 32.0 104.0 0.0 12.0 220.0 0.0 0.0 316.0 24.0 0.0 116.0 24.0 4.0 12.0 108.0 4.0 0.0 0.0 0.0 264.0 16.0 0.0 12.0 112.0 4.0 8.0 0.0 0.0 36.0 144.0 0.0 8.0 224.0 0.0 16.0 88.0 0.0 236.0 16.0 4.0 8.0 44.0 0.0 8.0 0.0 0.0 100.0 36.0 0.0 4.0 92.0 0.0 0.0 0.0 8.0
31 1 CONSTANT 8.0
32 1 CONSTANT 8.0
33 1 CONSTANT 4.0
34 1 CONSTANT 0.0
35 1 CONSTANT 0.0
36 1 CONSTANT 8.0
37 1 CONSTANT 8.0
38 1 CONSTANT 8.0
39 1 TRACE 8.0 0.0 0.0 8.0 0.0 0.0 8.0 0.0 0.0 8.0 0.0 0.0 8.0 8.0 0.0 0.0 8.0 0.0 0.0 8.0 8.0 0.0 0.0 8.0 0.0 0.0 8.0 0.0 0.0 8.0 0.0 0.0 8.0 0.0 0.0 8.0 0.0 0.0 8.0 0.0 0.0 8.0 0.0 0.0 8.0 0.0 0.0 8.0 8.0 0.0 0.0 8.0 0.0 0.0 8.0 0.0 0.0 8.0 0.0 0.0 8.0 0.0 8.0 0.0 0.0 8.0 8.0 0.0 0.0 8.0 0.0 0.0 8.0 0.0 0.0 8.0 0.0 0.0 8.0 8.0 0.0 0.0 8.0 8.0 0.0 0.0 8.0 0.0 0.0 8.0 0.0 8.0 0.0 0.0 8.0 0.0 0.0 8.0 0.0 0.0 8.0 0.0 0.0 8.0 0.0 0.0 8.0 0.0 0.0 8.0 0.0 8.0 0.0 8.0 0.0 0.0 8.0 0.0 0.0 8.0 0.0 0.0 8.0 0.0 0.0 0.0 0.0 8.0 8.0 0.0 0.0 8.0 0.0 0.0 8.0 0.0 0.0 8.0 0.0 8.0 0.0 8.0 0.0 0.0 8.0 0.0 0.0 8.0 8.0 0.0 0.0 8.0 0.0 0.0 8.0 0.0 0.0 8.0 0.0 0.0 8.0 0.0 0.0 8.0 0.0 0.0 8.0 0.0 0.0 8.0 0.0 0.0 8.0 0.0 0.0 8.0 0.0 0.0 8.0 0.0 0.0 8.0 0.0 0.0 8.0 0.0 0.0 8.0 0.0 0.0 8.0 0.0 0.0 0.0 0.0 0.0 0.0
40 1 CONSTANT 8.0
41 1 CONSTANT 8.0
42 1 CONSTANT 8.0
43 1 CONSTANT 10480.0
44 1 CONSTANT 10472.0
45 1 CONSTANT 8.0
46 1 CONSTANT 10480.0
47 1 CONSTANT 4.0
48 1 TRACE 777072.0 230928.0 245616.0 130256.0 1200.0 1152.0 0.0 16.0 821120.0 209120.0 18176.0 17072.0 32.0 112.0 768800.0 201152.0 14160.0 13152.0 48.0 96.0 875264.0 230304.0 154672.0 98016.0 544.0 512.0 585152.0 183856.0 6288.0 6480.0 0.0 64.0 929680.0 214416.0 44144.0 38144.0 144.0 208.0 914736.0 222016.0 113872.0 79920.0 416.0 480.0 904016.0 210256.0 33728.0 30064.0 128.0 176.0 871552.0 227952.0 157664.0 98496.0 608.0 640.0 934256.0 217216.0 77856.0 60896.0 304.0 336.0 911552.0 212640.0 37408.0 32272.0 80.0 128.0 869264.0 221632.0 155952.0 99600.0 656.0 512.0 707008.0 232368.0 316256.0 146144.0 1888.0 1728.0 0.0 0.0 915008.0 227040.0 113488.0 78800.0 352.0 496.0 931456.0 216224.0 51328.0 42608.0 112.0 224.0 644224.0 193136.0 7968.0 7760.0 32.0 64.0 868288.0 225008.0 159680.0 101184.0 592.0 672.0 838480.0 207264.0 20688.0 19184.0 32.0 96.0 912752.0 220208.0 112128.0 80208.0 496.0 432.0 730384.0 220640.0 286896.0 140576.0 1696.0 1696.0 0.0 0.0 893472.0 223968.0 132560.0 89168.0 544.0 528.0 675472.0 194000.0 9104.0 8688.0 16.0 80.0 919408.0 214112.0 38368.0 34448.0 96.0 160.0 940320.0 217456.0 61616.0 49648.0 192.0 240.0 927008.0 223072.0 97712.0 70288.0 352.0 416.0 849152.0 208096.0 21760.0 20416.0 48.0 160.0 631088.0 190096.0 7264.0 7328.0 16.0 64.0 936432.0 216912.0 61232.0 48528.0 192.0 272.0 780240.0 226976.0 241536.0 128992.0 1168.0 1312.0 0.0 0.0 867856.0 208352.0 25632.0 22896.0 48.0 144.0 933360.0 214688.0 50688.0 43008.0 176.0 272.0 939072.0 219488.0 77424.0 60096.0 272.0 288.0 552016.0 215184.0 470032.0 174112.0 3664.0 3968.0 0.0 32.0 916832.0 221024.0 108064.0 76944.0 352.0 368.0 939392.0 216720.0 62976.0 50480.0 224.0 288.0 809728.0 229280.0 217680.0 120496.0 1040.0 1040.0 809440.0 203888.0 17472.0 15888.0 48.0 144.0 936240.0 215904.0 55168.0 45632.0 160.0 288.0 938592.0 216816.0 57936.0 46864.0 144.0 256.0 795296.0 203952.0 16128.0 15376.0 32.0 112.0 570624.0 222016.0 454880.0 172192.0 3568.0 3504.0 0.0 16.0 859376.0 209568.0 22480.0 21424.0 48.0 112.0 919312.0 219936.0 104848.0 76064.0 384.0 368.0 878864.0 230640.0 151824.0 95936.0 512.0 672.0 872384.0 226752.0 156608.0 98048.0 528.0 704.0 929040.0 212304.0 45200.0 38704.0 160.0 160.0 912640.0 222512.0 113920.0 79472.0 448.0 496.0 640048.0 188608.0 8096.0 7952.0 16.0 80.0 817280.0 204112.0 18512.0 17600.0 48.0 96.0 938816.0 216896.0 64256.0 52720.0 192.0 224.0 750544.0 228480.0 272736.0 135792.0 1584.0 1424.0 0.0 0.0 628976.0 191536.0 7872.0 7424.0 0.0 96.0 937808.0 216688.0 55552.0 46064.0 224.0 256.0 720352.0 220192.0 297600.0 144224.0 1632.0 1536.0 0.0 16.0 941248.0 219936.0 66272.0 52320.0 224.0 256.0 910848.0 224144.0 116944.0 80016.0 464.0 496.0 932304.0 214320.0 48208.0 41232.0 128.0 256.0 664880.0 192448.0 8960.0 8816.0 32.0 80.0 869968.0 206752.0 26320.0 23552.0 48.0 144.0 779120.0 225824.0 242400.0 128368.0 1264.0 1168.0 0.0 16.0 862144.0 210000.0 24304.0 22064.0 32.0 176.0 936336.0 218032.0 52272.0 43424.0 128.0 240.0 752128.0 236976.0 275552.0 136320.0 1456.0 1392.0 0.0 16.0 571120.0 227904.0 459040.0 171168.0 3600.0 3728.0 16.0 0.0
49 1 TRACE 10480.0 8.0 10480.0 8.0 10480.0 8.0 10480.0 8.0 10480.0 8.0 10480.0 8.0 10480.0 8.0 10480.0 8.0 10480.0 8.0 10480.0 8.0 10480.0 8.0 10480.0 8.0 10480.0 8.0 10480.0 8.0 10480.0 8.0 10480.0 8.0 10480.0 8.0 10480.0 8.0 10480.0 8.0 10480.0 8.0 10480.0 8.0 10480.0 8.0 10480.0 8.0 10480.0 8.0 10480.0 8.0 10480.0 8.0 10480.0 8.0 10480.0 8.0 10480.0 8.0 10480.0 8.0 10480.0 8.0 10480.0 8.0 10480.0 8.0 10480.0 8.0 10480.0 8.0 10480.0 8.0 10480.0 8.0 10480.0 8.0 10480.0 8.0 10480.0 8.0 10480.0 8.0 10480.0 8.0 10480.0 8.0 10480.0 8.0 10480.0 8.0 10480.0 8.0 10480.0 8.0 10480.0 8.0 10480.0 8.0 10480.0 8.0 10480.0 8.0 10480.0 8.0 10480.0 8.0 10480.0 8.0 10480.0 8.0 10480.0 8.0 10480.0 8.0 10480.0 8.0 10480.0 8.0 10480.0 8.0 10480.0 8.0 10480.0 8.0 10480.0 8.0 10480.0 8.0 10480.0 8.0 10480.0 8.0 10480.0 8.0 10480.0 8.0 10480.0 8.0 10480.0 8.0 10480.0 8.0 10480.0 8.0 10480.0 8.0 10480.0 8.0 10480.0 8.0 10480.0 8.0 10480.0 8.0 10480.0 8.0 10480.0 8.0 10480.0 8.0 10480.0 8.0 10480.0 8.0 10480.0 8.0 10480.0 8.0 10480.0 8.0 10480.0 8.0 10480.0 8.0 10480.0 8.0 10480.0 8.0 10480.0 8.0 10480.0 8.0 10480.0 8.0 10480.0 8.0 10480.0 8.0 10480.0 8.0 10480.0 8.0 10480.0 8.0 10480.0 8.0 10480.0 8.0 10480.0 8.0 10480.0 8.0 10480.0 8.0 10480.0 8.0 10480.0 8.0 10480.0 8.0 10480.0 8.0 10480.0 8.0 10480.0 8.0 10480.0 8.0 10480.0 8.0 10480.0 8.0 10480.0 8.0 10480.0 8.0 10480.0 8.0 10480.0 8.0 10480.0 8.0 10480.0 8.0 10480.0 8.0 10480.0 8.0 10480.0 8.0 10480.0 8.0 10480.0 8.0 10480.0 8.0 10480.0 8.0 10480.0 8.0 10480.0 8.0 10480.0 8.0 10480.0 8.0 10480.0 8.0 10480.0 8.0 10480.0 8.0 10480.0 8.0 10480.0 8.0 10480.0 8.0 10480.0 8.0 10480.0 8.0 10480.0 8.0 10480.0 8.0 10480.0 8.0 10480.0 8.0 10480.0 8.0 10480.0 8.0 10480.0 8.0 10480.0 8.0 10480.0 8.0 10480.0 8.0 10480.0 8.0 10480.0 8.0 10480.0 8.0 10480.0 8.0 10480.0 8.0 10480.0 8.0 10480.0 8.0 10480.0 8.0 10480.0 8.0 10480.0 8.0 10480.0 8.0 10480.0 8.0 10480.0 8.0 10480.0 8.0 10480.0 8.0 10480.0 8.0 10480.0 8.0 10480.0 8.0 10480.0 8.0 10480.0 8.0 10480.0 8.0 10480.0 8.0 10480.0 8.0 10480.0 8.0 10480.0 8.0 10480.0 8.0 10480.0 8.0 10480.0 8.0 10480.0 8.0 10480.0 8.0 10480.0 8.0 10480.0 8.0 10480.0 8.0 10480.0 8.0 10480.0 8.0 10480.0 8.0 10480.0 8.0 10480.0 8.0 10480.0 8.0 10480.0 8.0 10480.0 8.0 10480.0 8.0 10480.0 8.0 10480.0 8.0 10480.0 8.0 10480.0 8.0 10480.0 8.0 10480.0 8.0 10480.0 8.0 10480.0 8.0 10480.0 8.0 10480.0 8.0 10480.0 8.0 10480.0 8.0 10480.0 8.0 10480.0 8.0 10480.0 8.0
50 1 TRACE 8.0 8.0 8.0 8.0 8.0 8.0 8.0 8.0 8.0 8.0 8.0 8.0 8.0 8.0 8.0 8.0 8.0 8.0 8.0 8.0 8.0 8.0 8.0 8.0 8.0 8.0 8.0 8.0 8.0 8.0 8.0 8.0 8.0 8.0 8.0 8.0 8.0 8.0 8.0 8.0 8.0 8.0 8.0 8.0 8.0 8.0 8.0 8.0 8.0 8.0 8.0 8.0 8.0 8.0 8.0 8.0 8.0 8.0 8.0 8.0 8.0 8.0 0.0 8.0 8.0 8.0 8.0 8.0 8.0 8.0 8.0 8.0 8.0 8.0 8.0 8.0 8.0 8.0 8.0 8.0 8.0 8.0 8.0 8.0 8.0 8.0 8.0 8.0 8.0 8.0 0.0 8.0 8.0 8.0 8.0 8.0 8.0 8.0 8.0 8.0 8.0 8.0 8.0 8.0 8.0 8.0 8.0 8.0 8.0 8.0 8.0 8.0 8.0 8.0 8.0 8.0 8.0 8.0 8.0 8.0 8.0 8.0 8.0 8.0 8.0 8.0 8.0 8.0 8.0 8.0 8.0 8.0 8.0 8.0 8.0 8.0 8.0 8.0 8.0 8.0 8.0 8.0 8.0 8.0 8.0 8.0 8.0 8.0 8.0 8.0 8.0 8.0 8.0 8.0 8.0 8.0 8.0 8.0 8.0 8.0 8.0 8.0 8.0 8.0 8.0 8.0 8.0 8.0 8.0 8.0 8.0 8.0 8.0 8.0 8.0 8.0 8.0 8.0 8.0 8.0 8.0 8.0 8.0 8.0 8.0 8.0 8.0 8.0 8.0 8.0 8.0 8.0 8.0 8.0 8.0 8.0 8.0 8.0 8.0 8.0 8.0 8.0 8.0
51 1 CONSTANT 8.0
52 1 CONSTANT 8.0
53 1 CONSTANT 8.0
54 1 CONSTANT 0.0
55 1 CONSTANT 0.0
56 1 CONSTANT 0.0
57 1 CONSTANT 0.0
58 1 CONSTANT 0.0
59 1 CONSTANT 0.0
60 1 CONSTANT 0.0
61 1 CONSTANT 0.0
62 1 CONSTANT 8.0
