0 1 CONSTANT 8.0
1 1 CONSTANT 8.0
2 1 CONSTANT 0.0
3 1 CONSTANT 8.0
4 1 CONSTANT 8.0
5 1 CONSTANT 8.0
6 1 CONSTANT 8.0
7 1 CONSTANT 8.0
8 1 CONSTANT 8.0
9 1 CONSTANT 0.0
10 1 CONSTANT 0.0
11 1 CONSTANT 0.0
12 1 CONSTANT 0.0
13 1 CONSTANT 8.0
14 1 CONSTANT 4.0
15 1 CONSTANT 4.0
16 1 CONSTANT 0.0
17 1 CONSTANT 0.0
18 1 CONSTANT 0.0
19 1 CONSTANT 0.0
20 1 CONSTANT 4.0
21 1 CONSTANT 8.0
22 1 CONSTANT 8.0
23 1 CONSTANT 8.0
24 1 CONSTANT 8.0
25 1 CONSTANT 4.0
26 1 CONSTANT 4.0
27 1 CONSTANT 8.0
28 1 TRACE 0.0 0.0 1732.0 4.0 0.0 8.0 724.0 0.0 0.0 40.0 276.0 0.0 0.0 0.0 376.0 68.0 0.0 4.0 0.0 24.0 0.0 0.0 120.0 132.0 0.0 0.0 0.0 552.0 0.0 0.0 0.0 36.0 252.0 0.0 0.0 0.0 20.0 0.0 0.0 16.0 0.0 0.0 544.0 64.0 0.0 0.0 1236.0 0.0 0.0 0.0 36.0 0.0 0.0 12.0 0.0 0.0 0.0 1460.0 4.0 0.0 4.0 992.0 0.0 0.0 12.0 620.0 0.0 0.0 0.0 128.0 128.0 0.0 0.0 0.0 104.0 132.0 0.0 0.0 0.0 352.0 68.0 0.0 0.0 1792.0 4.0 0.0 0.0 404.0 72.0 0.0 124.0 164.0 0.0 0.0 4.0 1136.0 4.0 0.0 0.0 36.0 0.0 4.0 32.0 0.0 0.0 396.0 96.0 0.0 32.0 308.0 0.0 0.0 4.0 1896.0 4.0 0.0 0.0 40.0 4.0 4.0 12.0 0.0 4.0 1556.0 4.0 0.0 0.0 932.0 0.0 0.0 0.0 8.0 0.0 16.0 792.0 0.0 4.0 0.0 176.0 84.0 0.0 0.0 8.0 0.0 0.0 24.0 0.0 56.0 216.0 0.0 0.0 0.0 1564.0 0.0 0.0 12.0 1120.0 4.0 0.0 0.0 384.0 68.0 0.0 4.0 480.0 48.0 0.0 44.0 192.0 0.0 0.0 24.0 228.0 0.0 0.0 4.0 1884.0 0.0 0.0 0.0 24.0 0.0 0.0 472.0 68.0 0.0 0.0 0.0 40.0 236.0 0.0 4.0 0.0 1756.0 8.0 0.0 0.0 1996.0 8.0 0.0 4.0 400.0 84.0 0.0 0.0 0.0 136.0 140.0 0.0 0.0 4.0 40.0 0.0 0.0 16.0 0.0 0.0 300.0 60.0 0.0 0.0 0.0 36.0 0.0 4.0 1296.0 4.0 0.0 4.0 8.0 0.0 8.0 860.0 0.0 0.0 4.0 772.0 0.0 0.0 0.0 1824.0 16.0 0.0 0.0 744.0 0.0 0.0 4.0 452.0 0.0
29 1 CONSTANT 4.0
30 1 TRACE 0.0 0.0 1732.0 4.0 0.0 8.0 724.0 0.0 0.0 40.0 276.0 0.0 0.0 0.0 376.0 68.0 0.0 4.0 0.0 24.0 0.0 0.0 120.0 132.0 0.0 0.0 0.0 552.0 0.0 0.0 0.0 36.0 252.0 0.0 0.0 0.0 20.0 0.0 0.0 16.0 0.0 0.0 544.0 64.0 0.0 0.0 1236.0 0.0 0.0 0.0 36.0 0.0 0.0 12.0 0.0 0.0 0.0 1460.0 4.0 0.0 4.0 992.0 0.0 0.0 12.0 620.0 0.0 0.0 0.0 128.0 128.0 0.0 0.0 0.0 104.0 132.0 0.0 0.0 0.0 352.0 68.0 0.0 0.0 1792.0 4.0 0.0 0.0 404.0 72.0 0.0 124.0 164.0 0.0 0.0 4.0 1136.0 4.0 0.0 0.0 36.0 0.0 4.0 32.0 0.0 0.0 396.0 96.0 0.0 32.0 308.0 0.0 0.0 4.0 1896.0 4.0 0.0 0.0 40.0 4.0 4.0 12.0 0.0 4.0 1556.0 4.0 0.0 0.0 932.0 0.0 0.0 0.0 8.0 0.0 16.0 792.0 0.0 4.0 0.0 176.0 84.0 0.0 0.0 8.0 0.0 0.0 24.0 0.0 56.0 216.0 0.0 0.0 0.0 1564.0 0.0 0.0 12.0 1120.0 4.0 0.0 0.0 384.0 68.0 0.0 4.0 480.0 48.0 0.0 44.0 192.0 0.0 0.0 24.0 228.0 0.0 0.0 4.0 1884.0 0.0 0.0 0.0 24.0 0.0 0.0 472.0 68.0 0.0 0.0 0.0 40.0 236.0 0.0 4.0 0.0 1756.0 8.0 0.0 0.0 1996.0 8.0 0.0 4.0 400.0 84.0 0.0 0.0 0.0 136.0 140.0 0.0 0.0 4.0 40.0 0.0 0.0 16.0 0.0 0.0 300.0 60.0 0.0 0.0 0.0 36.0 0.0 4.0 1296.0 4.0 0.0 4.0 8.0 0.0 8.0 860.0 0.0 0.0 4.0 772.0 0.0 0.0 0.0 1824.0 16.0 0.0 0.0 744.0 0.0 0.0 4.0 452.0 0.0
31 1 CONSTANT 8.0
32 1 CONSTANT 8.0
33 1 CONSTANT 4.0
34 1 CONSTANT 0.0
35 1 CONSTANT 0.0
36 1 CONSTANT 8.0
37 1 CONSTANT 8.0
38 1 CONSTANT 8.0
39 1 TRACE 8.0 0.0 8.0 0.0 8.0 0.0 8.0 0.0 8.0 0.0 8.0 0.0 8.0 8.0 0.0 8.0 0.0 8.0 0.0 0.0 8.0 8.0 0.0 8.0 0.0 8.0 0.0 8.0 0.0 8.0 8.0 0.0 8.0 0.0 8.0 0.0 0.0 8.0 0.0 0.0 8.0 8.0 0.0 0.0 8.0 0.0 8.0 0.0 8.0 0.0 0.0 8.0 0.0 0.0 8.0 8.0 0.0 8.0 0.0 8.0 0.0 8.0 0.0 8.0 0.0 8.0 0.0 8.0 8.0 0.0 8.0 0.0 8.0 8.0 0.0 8.0 0.0 8.0 8.0 0.0 0.0 8.0 0.0 8.0 0.0 8.0 8.0 0.0 0.0 8.0 0.0 8.0 0.0 8.0 0.0 8.0 0.0 8.0 0.0 0.0 8.0 0.0 0.0 8.0 8.0 0.0 0.0 8.0 0.0 8.0 0.0 8.0 0.0 8.0 0.0 8.0 0.0 0.0 8.0 0.0 0.0 8.0 0.0 8.0 0.0 8.0 0.0 8.0 0.0 8.0 0.0 0.0 8.0 0.0 8.0 0.0 8.0 8.0 0.0 0.0 8.0 0.0 0.0 8.0 0.0 0.0 8.0 0.0 8.0 0.0 8.0 0.0 8.0 0.0 8.0 0.0 8.0 0.0 8.0 8.0 0.0 0.0 8.0 8.0 0.0 0.0 8.0 0.0 8.0 0.0 8.0 0.0 8.0 0.0 8.0 0.0 8.0 0.0 8.0 0.0 0.0 8.0 8.0 0.0 8.0 0.0 8.0 8.0 0.0 8.0 0.0 8.0 0.0 8.0 0.0 8.0 0.0 8.0 0.0 8.0 8.0 0.0 8.0 0.0 8.0 8.0 0.0 8.0 0.0 8.0 0.0 0.0 8.0 0.0 0.0 8.0 8.0 0.0 8.0 0.0 8.0 0.0 0.0 8.0 0.0 8.0 0.0 8.0 0.0 0.0 8.0 0.0 8.0 0.0 8.0 0.0 8.0 0.0 8.0 0.0 8.0 0.0 8.0 0.0 8.0 0.0 8.0 0.0 8.0 0.0
40 1 CONSTANT 8.0
41 1 CONSTANT 8.0
42 1 CONSTANT 8.0
43 1 CONSTANT 44360.0
44 1 CONSTANT 44352.0
45 1 CONSTANT 8.0
46 1 CONSTANT 44360.0
47 1 CONSTANT 4.0
48 1 TRACE 2330080.0 795600.0 519904.0 378272.0 300416.0 395136.0 308528.0 255520.0 216864.0 183920.0 1520.0 1120.0 1104.0 1216.0 1424.0 2700832.0 849584.0 541344.0 390960.0 304592.0 190304.0 167072.0 150144.0 135296.0 122656.0 560.0 400.0 416.0 592.0 496.0 2757536.0 872608.0 547568.0 397184.0 306096.0 72160.0 68416.0 66320.0 62048.0 59968.0 272.0 224.0 160.0 240.0 240.0 1833488.0 778512.0 505888.0 373696.0 291792.0 13888.0 13184.0 12864.0 13328.0 13376.0 64.0 48.0 32.0 32.0 96.0 1690944.0 691984.0 470112.0 351520.0 279728.0 846896.0 528368.0 386784.0 304960.0 248144.0 3936.0 3280.0 2960.0 3664.0 3744.0 16.0 0.0 0.0 32.0 0.0 2456816.0 866848.0 545584.0 396432.0 308512.0 32736.0 31344.0 31760.0 31936.0 29360.0 176.0 96.0 80.0 80.0 112.0 2779008.0 864064.0 544704.0 395120.0 305408.0 137536.0 124704.0 115200.0 106096.0 97968.0 528.0 320.0 304.0 352.0 464.0 2702928.0 877712.0 548096.0 399328.0 310672.0 56160.0 54160.0 53728.0 51248.0 48512.0 256.0 112.0 144.0 192.0 192.0 1777568.0 699184.0 461904.0 348512.0 278816.0 760928.0 496400.0 371056.0 294848.0 240272.0 3008.0 2672.0 2592.0 3120.0 3344.0 16.0 0.0 0.0 16.0 16.0 1818640.0 697776.0 469104.0 348368.0 278896.0 729696.0 484032.0 362112.0 289008.0 237696.0 3072.0 2592.0 2384.0 2672.0 2832.0 16.0 16.0 0.0 16.0 0.0 1656608.0 753040.0 495008.0 366240.0 287680.0 11120.0 10400.0 10000.0 10864.0 10592.0 32.0 32.0 16.0 48.0 48.0 2471856.0 811408.0 524176.0 384704.0 303600.0 317760.0 258672.0 223152.0 189968.0 165648.0 1008.0 848.0 864.0 1040.0 1104.0 1281712.0 613424.0 436480.0 327488.0 272160.0 1279472.0 666480.0 454640.0 344912.0 271456.0 6928.0 6304.0 6160.0 6720.0 6848.0 48.0 32.0 0.0 32.0 32.0 1740016.0 682784.0 456784.0 343328.0 277248.0 789824.0 510400.0 376512.0 298288.0 242496.0 3488.0 2944.0 2608.0 2992.0 3184.0 16.0 16.0 0.0 16.0 0.0 2407600.0 805520.0 522064.0 384480.0 300912.0 351568.0 281984.0 236176.0 200688.0 174816.0 1392.0 928.0 880.0 864.0 1264.0 2632000.0 840672.0 536624.0 390448.0 306064.0 227904.0 197520.0 172832.0 154720.0 137216.0 912.0 560.0 528.0 640.0 864.0 2749040.0 857648.0 545552.0 396224.0 307856.0 164528.0 148240.0 133792.0 120816.0 110672.0 592.0 352.0 352.0 448.0 528.0 2359312.0 847728.0 534192.0 390352.0 301136.0 29008.0 27584.0 28256.0 26896.0 26720.0 96.0 96.0 112.0 96.0 80.0 2401664.0 847776.0 535232.0 388144.0 299488.0 31216.0 29728.0 29456.0 29760.0 28960.0 128.0 80.0 32.0 112.0 112.0 1841472.0 786800.0 506176.0 375056.0 292816.0 14288.0 13216.0 13840.0 13344.0 12960.0 80.0 48.0 48.0 48.0 48.0 2288256.0 776416.0 504352.0 376512.0 298000.0 413072.0 322528.0 265088.0 220832.0 189488.0 1520.0 1264.0 1104.0 1376.0 1216.0 1855184.0 791808.0 510416.0 377488.0 294128.0 14736.0 13744.0 13712.0 13072.0 13408.0 48.0 48.0 0.0 80.0 80.0 2418928.0 853664.0 536336.0 391344.0 301024.0 31840.0 30544.0 30160.0 29168.0 29568.0 176.0 96.0 80.0 96.0 80.0 2546080.0 820384.0 528144.0 385936.0 302800.0 274752.0 229840.0 201136.0 174464.0 153120.0 1088.0 736.0 768.0 864.0 976.0 1323408.0 637200.0 461200.0 356688.0 289456.0 1274112.0 663696.0 450704.0 341056.0 269216.0 6944.0 6288.0 6448.0 6304.0 6592.0 32.0 48.0 0.0 32.0 48.0 1486288.0 660608.0 447904.0 336192.0 270752.0 1035872.0 599120.0 421712.0 325488.0 260320.0 4960.0 4288.0 4448.0 4736.0 4864.0 48.0 16.0 0.0 48.0 16.0 1849424.0 785152.0 504960.0 372944.0 289920.0 14640.0 12816.0 13760.0 13232.0 13600.0 96.0 48.0 16.0 80.0 96.0 2726896.0 874080.0 547552.0 399344.0 307584.0 64192.0 59552.0 59376.0 55280.0 53760.0 256.0 128.0 192.0 208.0 224.0 2249680.0 781424.0 508832.0 372304.0 298256.0 440448.0 337856.0 273104.0 229184.0 194976.0 1536.0 1232.0 1248.0 1312.0 1424.0 1247296.0 578176.0 405376.0 314448.0 252016.0 1274848.0 672704.0 457184.0 347248.0 274000.0 6976.0 6160.0 6112.0 6224.0 6736.0 48.0 32.0 0.0 48.0 16.0 2177728.0 759504.0 499568.0 365360.0 292208.0 483104.0 361920.0 288896.0 240016.0 203264.0 1776.0 1488.0 1440.0 1648.0 1728.0 0.0 0.0 0.0 16.0 0.0 2373744.0 794992.0 515264.0 381744.0 298880.0 370048.0 296032.0 245632.0 208912.0 179360.0 1296.0 1088.0 880.0 1232.0 1424.0 2609936.0 838016.0 536224.0 387792.0 304528.0 243616.0 208320.0 181024.0 161728.0 142608.0 896.0 640.0 496.0 752.0 768.0 2059024.0 749216.0 500480.0 368000.0 291728.0 567008.0 405536.0 316384.0 258640.0 215520.0 2416.0 1984.0 1600.0 1968.0 2224.0 0.0 0.0 0.0 16.0 0.0 2674544.0 848064.0 539856.0 389728.0 303744.0 210256.0 181840.0 164048.0 146176.0 132736.0 752.0 544.0 544.0 608.0 736.0 2067152.0 816928.0 523440.0 383280.0 299200.0 18208.0 18144.0 18592.0 17984.0 17440.0 96.0 48.0 32.0 96.0 48.0 1743424.0 691280.0 467248.0 349232.0 281776.0 801968.0 512128.0 378832.0 297232.0 243072.0 3616.0 2848.0 2640.0 3136.0 3136.0 0.0 16.0 0.0 32.0 0.0 1555024.0 658432.0 461472.0 340384.0 279904.0 978672.0 581296.0 411232.0 320704.0 256272.0 4448.0 4384.0 3984.0 4144.0 4688.0 0.0 16.0 0.0 16.0 32.0 2644096.0 866128.0 542688.0 392800.0 303024.0 51056.0 47920.0 48016.0 47216.0 44192.0 192.0 128.0 112.0 176.0 160.0 2351088.0 788016.0 510624.0 375424.0 298224.0 378624.0 302752.0 249792.0 212096.0 181648.0 1440.0 1008.0 944.0 1280.0 1168.0 2525872.0 820480.0 528032.0 386064.0 302512.0 284000.0 240048.0 204752.0 178800.0 157120.0 976.0 800.0 688.0 944.0 896.0 1837664.0 780528.0 505296.0 371696.0 290064.0 14176.0 13424.0 13664.0 13376.0 13504.0 96.0 32.0 0.0 32.0 64.0 1660912.0 754256.0 493872.0 367280.0 286144.0 11424.0 10496.0 10448.0 10288.0 10848.0 48.0 64.0 0.0 64.0 48.0 2700128.0 876848.0 548464.0 398336.0 309136.0 57104.0 53168.0 52272.0 50976.0 47936.0 176.0 112.0 192.0 256.0 224.0 2665920.0 866976.0 544064.0 394144.0 303744.0 53008.0 50800.0 49936.0 48224.0 46160.0 192.0 112.0 192.0 144.0 208.0 2277408.0 782000.0 508736.0 373744.0 297264.0 424864.0 329760.0 266464.0 224896.0 191904.0 1792.0 1200.0 1120.0 1360.0 1504.0 1764176.0 701536.0 469408.0 347760.0 279808.0 774704.0 503280.0 372736.0 297184.0 241184.0 3408.0 3120.0 2448.0 3024.0 3392.0 16.0 0.0 0.0 16.0 0.0 1688496.0 760128.0 495424.0 368944.0 286112.0 11872.0 10704.0 11088.0 10800.0 11792.0 32.0 32.0 0.0 64.0 32.0 2688464.0 871184.0 543824.0 395616.0 306352.0 55200.0 52208.0 51440.0 50224.0 47344.0 208.0 144.0 112.0 192.0 160.0 2266480.0 772912.0 505712.0 374224.0 295552.0 432288.0 334768.0 272432.0 226704.0 192688.0 1664.0 1280.0 1232.0 1440.0 1392.0 2209136.0 767360.0 500800.0 372608.0 292800.0 463056.0 352192.0 283600.0 236160.0 198624.0 1776.0 1504.0 1232.0 1424.0 1824.0 1897664.0 790832.0 509552.0 375104.0 291440.0 15232.0 14656.0 14256.0 14608.0 14288.0 64.0 32.0 0.0 64.0 80.0 2408464.0 852064.0 536368.0 389552.0 301344.0 31088.0 29424.0 29408.0 29680.0 28320.0 128.0 96.0 48.0 128.0 96.0 1346112.0 606832.0 418992.0 314000.0 253248.0 1151200.0 635696.0 441168.0 338096.0 269376.0 5248.0 5536.0 5072.0 5520.0 5408.0 16.0 0.0 0.0 32.0 48.0 1894624.0 720032.0 481056.0 360864.0 286864.0 685232.0 462608.0 350784.0 280320.0 230864.0 2816.0 2544.0 2304.0 2560.0 2784.0 0.0 16.0 0.0 32.0 16.0 1934432.0 798880.0 514336.0 379520.0 295232.0 16016.0 15088.0 15536.0 15056.0 15120.0 48.0 48.0 16.0 64.0 80.0 1344880.0 597440.0 411920.0 313968.0 251184.0 1151584.0 637952.0 442128.0 338240.0 269680.0 6400.0 4928.0 5344.0 5216.0 5376.0 16.0 16.0 0.0 32.0 32.0 2459136.0 814672.0 524880.0 386304.0 304848.0 325392.0 264432.0 224704.0 193712.0 166944.0 1264.0 800.0 704.0 944.0 1152.0 1906288.0 712864.0 475376.0 354608.0 281152.0 658912.0 452336.0 345088.0 277744.0 229504.0 2576.0 2544.0 2016.0 2688.0 2528.0 16.0 0.0 0.0 32.0 16.0 2658528.0 845920.0 535584.0 389792.0 305040.0 214496.0 185744.0 164848.0 147440.0 132528.0 672.0 512.0 640.0 656.0 768.0 2707072.0 850960.0 537248.0 393312.0 307136.0 190960.0 168256.0 151920.0 135648.0 122544.0 768.0 416.0 480.0 576.0 608.0 2276064.0 781376.0 512848.0 375168.0 296800.0 427120.0 329680.0 266880.0 224448.0 190864.0 1696.0 1264.0 1152.0 1488.0 1456.0 2710496.0 852128.0 542752.0 396192.0 307312.0 186864.0 165568.0 148000.0 134880.0 121200.0 576.0 384.0 432.0 672.0 592.0 2794016.0 869216.0 546176.0 397152.0 308896.0 121520.0 112240.0 105808.0 96672.0 88544.0 352.0 272.0 304.0 384.0 368.0
49 1 TRACE 44360.0 44368.0 44360.0 44368.0 8.0 44360.0 44368.0 44360.0 44368.0 8.0 44360.0 44368.0 44360.0 44368.0 8.0 44360.0 44368.0 44360.0 44368.0 8.0 44360.0 44368.0 44360.0 44368.0 8.0 44360.0 44368.0 44360.0 44368.0 8.0 44360.0 44368.0 44360.0 44368.0 8.0 44360.0 44368.0 44360.0 44368.0 8.0 44360.0 44368.0 44360.0 44368.0 8.0 44360.0 44368.0 44360.0 44368.0 8.0 44360.0 44368.0 44360.0 44368.0 8.0 44360.0 44368.0 44360.0 44368.0 8.0 44360.0 44368.0 44360.0 44368.0 8.0 44360.0 44368.0 44360.0 44368.0 8.0 44360.0 44368.0 44360.0 44368.0 8.0 44360.0 44368.0 44360.0 44368.0 8.0 44360.0 44368.0 44360.0 44368.0 8.0 44360.0 44368.0 44360.0 44368.0 8.0 44360.0 44368.0 44360.0 44368.0 8.0 44360.0 44368.0 44360.0 44368.0 8.0 44360.0 44368.0 44360.0 44368.0 8.0 44360.0 44368.0 44360.0 44368.0 8.0 44360.0 44368.0 44360.0 44368.0 8.0 44360.0 44368.0 44360.0 44368.0 8.0 44360.0 44368.0 44360.0 44368.0 8.0 44360.0 44368.0 44360.0 44368.0 8.0 44360.0 44368.0 44360.0 44368.0 8.0 44360.0 44368.0 44360.0 44368.0 8.0 44360.0 44368.0 44360.0 44368.0 8.0 44360.0 44368.0 44360.0 44368.0 8.0 44360.0 44368.0 44360.0 44368.0 8.0 44360.0 44368.0 44360.0 44368.0 8.0 44360.0 44368.0 44360.0 44368.0 8.0 44360.0 44368.0 44360.0 44368.0 8.0 44360.0 44368.0 44360.0 44368.0 8.0 44360.0 44368.0 44360.0 44368.0 8.0 44360.0 44368.0 44360.0 44368.0 8.0 44360.0 44368.0 44360.0 44368.0 8.0 44360.0 44368.0 44360.0 44368.0 8.0 44360.0 44368.0 44360.0 44368.0 8.0 44360.0 44368.0 44360.0 44368.0 8.0 44360.0 44368.0 44360.0 44368.0 8.0 44360.0 44368.0 44360.0 44368.0 8.0 44360.0 44368.0 44360.0 44368.0 8.0 44360.0 44368.0 44360.0 44368.0 8.0 44360.0 44368.0 44360.0 44368.0 8.0 44360.0 44368.0 44360.0 44368.0 8.0 44360.0 44368.0 44360.0 44368.0 8.0 44360.0 44368.0 44360.0 44368.0 8.0 44360.0 44368.0 44360.0 44368.0 8.0 44360.0 44368.0 44360.0 44368.0 8.0 44360.0 44368.0 44360.0 44368.0 8.0 44360.0 44368.0 44360.0 44368.0 8.0 44360.0 44368.0 44360.0 44368.0 8.0 44360.0 44368.0 44360.0 44368.0 8.0 44360.0 44368.0 44360.0 44368.0 8.0 44360.0 44368.0 44360.0 44368.0 8.0 44360.0 44368.0 44360.0 44368.0 8.0 44360.0 44368.0 44360.0 44368.0 8.0 44360.0 44368.0 44360.0 44368.0 8.0 44360.0 44368.0 44360.0 44368.0 8.0 44360.0 44368.0 44360.0 44368.0 8.0 44360.0 44368.0 44360.0 44368.0 8.0 44360.0 44368.0 44360.0 44368.0 8.0 44360.0 44368.0 44360.0 44368.0 8.0 44360.0 44368.0 44360.0 44368.0 8.0 44360.0 44368.0 44360.0 44368.0 8.0 44360.0 44368.0 44360.0 44368.0 8.0 44360.0 44368.0 44360.0 44368.0 8.0 44360.0 44368.0 44360.0 44368.0 8.0 44360.0 44368.0 44360.0 44368.0 8.0 44360.0 44368.0 44360.0 44368.0 8.0 44360.0 44368.0 44360.0 44368.0 8.0 44360.0 44368.0 44360.0 44368.0 8.0 44360.0 44368.0 44360.0 44368.0 8.0 44360.0 44368.0 44360.0 44368.0 8.0 44360.0 44368.0 44360.0 44368.0 8.0 44360.0 44368.0 44360.0 44368.0 8.0 44360.0 44368.0 44360.0 44368.0 8.0 44360.0 44368.0 44360.0 44368.0 8.0 44360.0 44368.0 44360.0 44368.0 8.0 44360.0 44368.0 44360.0 44368.0 8.0 44360.0 44368.0 44360.0 44368.0 8.0 44360.0 44368.0 44360.0 44368.0 8.0 44360.0 44368.0 44360.0 44368.0 8.0 44360.0 44368.0 44360.0 44368.0 8.0 44360.0 44368.0 44360.0 44368.0 8.0 44360.0 44368.0 44360.0 44368.0 8.0 44360.0 44368.0 44360.0 44368.0 8.0 44360.0 44368.0 44360.0 44368.0 8.0 44360.0 44368.0 44360.0 44368.0 8.0 44360.0 44368.0 44360.0 44368.0 8.0 44360.0 44368.0 44360.0 44368.0 8.0 44360.0 44368.0 44360.0 44368.0 8.0 44360.0 44368.0 44360.0 44368.0 8.0 44360.0 44368.0 44360.0 44368.0 8.0 44360.0 44368.0 44360.0 44368.0 8.0 44360.0 44368.0 44360.0 44368.0 8.0 44360.0 44368.0 44360.0 44368.0 8.0 44360.0 44368.0 44360.0 44368.0 8.0 44360.0 44368.0 44360.0 44368.0 8.0 44360.0 44368.0 44360.0 44368.0 8.0 44360.0 44368.0 44360.0 44368.0 8.0 44360.0 44368.0 44360.0 44368.0 8.0 44360.0 44368.0 44360.0 44368.0 8.0 44360.0 44368.0 44360.0 44368.0 8.0 44360.0 44368.0 44360.0 44368.0 8.0 44360.0 44368.0 44360.0 44368.0 8.0 44360.0 44368.0 44360.0 44368.0 8.0 44360.0 44368.0 44360.0 44368.0 8.0 44360.0 44368.0 44360.0 44368.0 8.0 44360.0 44368.0 44360.0 44368.0 8.0 44360.0 44368.0 44360.0 44368.0 8.0 44360.0 44368.0 44360.0 44368.0 8.0 44360.0 44368.0 44360.0 44368.0 8.0 44360.0 44368.0 44360.0 44368.0 8.0 44360.0 44368.0 44360.0 44368.0 8.0 44360.0 44368.0 44360.0 44368.0 8.0 44360.0 44368.0 44360.0 44368.0 8.0 44360.0 44368.0 44360.0 44368.0 8.0 44360.0 44368.0 44360.0 44368.0 8.0 44360.0 44368.0 44360.0 44368.0 8.0 44360.0 44368.0 44360.0 44368.0 8.0 44360.0 44368.0 44360.0 44368.0 8.0 44360.0 44368.0 44360.0 44368.0 8.0 44360.0 44368.0 44360.0 44368.0 8.0 44360.0 44368.0 44360.0 44368.0 8.0 44360.0 44368.0 44360.0 44368.0 8.0 44360.0 44368.0 44360.0 44368.0 8.0 44360.0 44368.0 44360.0 44368.0 8.0 44360.0 44368.0 44360.0 44368.0 8.0 44360.0 44368.0 44360.0 44368.0 8.0 44360.0 44368.0 44360.0 44368.0 8.0 44360.0 44368.0 44360.0 44368.0 8.0 44360.0 44368.0 44360.0 44368.0 8.0 44360.0 44368.0 44360.0 44368.0 8.0 44360.0 44368.0 44360.0 44368.0 8.0 44360.0 44368.0 44360.0 44368.0 8.0 44360.0 44368.0 44360.0 44368.0 8.0 44360.0 44368.0 44360.0 44368.0 8.0 44360.0 44368.0 44360.0 44368.0 8.0 44360.0 44368.0 44360.0 44368.0 8.0 44360.0 44368.0 44360.0 44368.0 8.0 44360.0 44368.0 44360.0 44368.0 8.0 44360.0 44368.0 44360.0 44368.0 8.0 44360.0 44368.0 44360.0 44368.0 8.0 44360.0 44368.0 44360.0 44368.0 8.0 44360.0 44368.0 44360.0 44368.0 8.0 44360.0 44368.0 44360.0 44368.0 8.0 44360.0 44368.0 44360.0 44368.0 8.0 44360.0 44368.0 44360.0 44368.0 8.0 44360.0 44368.0 44360.0 44368.0 8.0 44360.0 44368.0 44360.0 44368.0 8.0 44360.0 44368.0 44360.0 44368.0 8.0 44360.0 44368.0 44360.0 44368.0 8.0 44360.0 44368.0 44360.0 44368.0 8.0 44360.0 44368.0 44360.0 44368.0 8.0 44360.0 44368.0 44360.0 44368.0 8.0 44360.0 44368.0 44360.0 44368.0 8.0 44360.0 44368.0 44360.0 44368.0 8.0 44360.0 44368.0 44360.0 44368.0 8.0 44360.0 44368.0 44360.0 44368.0 8.0 44360.0 44368.0 44360.0 44368.0 8.0 44360.0 44368.0 44360.0 44368.0 8.0 44360.0 44368.0 44360.0 44368.0 8.0 44360.0 44368.0 44360.0 44368.0 8.0 44360.0 44368.0 44360.0 44368.0 8.0 44360.0 44368.0 44360.0 44368.0 8.0 44360.0 44368.0 44360.0 44368.0 8.0 44360.0 44368.0 44360.0 44368.0 8.0 44360.0 44368.0 44360.0 44368.0 8.0 44360.0 44368.0 44360.0 44368.0 8.0 44360.0 44368.0 44360.0 44368.0 8.0 44360.0 44368.0 44360.0 44368.0 8.0 44360.0 44368.0 44360.0 44368.0 8.0 44360.0 44368.0 44360.0 44368.0 8.0 44360.0 44368.0 44360.0 44368.0 8.0 44360.0 44368.0 44360.0 44368.0 8.0 44360.0 44368.0 44360.0 44368.0 8.0 44360.0 44368.0 44360.0 44368.0 8.0 44360.0 44368.0 44360.0 44368.0 8.0 44360.0 44368.0 44360.0 44368.0 8.0 44360.0 44368.0 44360.0 44368.0 8.0 44360.0 44368.0 44360.0 44368.0 8.0 44360.0 44368.0 44360.0 44368.0 8.0 44360.0 44368.0 44360.0 44368.0 8.0 44360.0 44368.0 44360.0 44368.0 8.0 44360.0 44368.0 44360.0 44368.0 8.0 44360.0 44368.0 44360.0 44368.0 8.0 44360.0 44368.0 44360.0 44368.0 8.0 44360.0 44368.0 44360.0 44368.0 8.0 44360.0 44368.0 44360.0 44368.0 8.0 44360.0 44368.0 44360.0 44368.0 8.0 44360.0 44368.0 44360.0 44368.0 8.0 44360.0 44368.0 44360.0 44368.0 8.0 44360.0 44368.0 44360.0 44368.0 8.0 44360.0 44368.0 44360.0 44368.0 8.0 44360.0 44368.0 44360.0 44368.0 8.0 44360.0 44368.0 44360.0 44368.0 8.0 44360.0 44368.0 44360.0 44368.0 8.0 44360.0 44368.0 44360.0 44368.0 8.0 44360.0 44368.0 44360.0 44368.0 8.0 44360.0 44368.0 44360.0 44368.0 8.0 44360.0 44368.0 44360.0 44368.0 8.0 44360.0 44368.0 44360.0 44368.0 8.0 44360.0 44368.0 44360.0 44368.0 8.0 44360.0 44368.0 44360.0 44368.0 8.0 44360.0 44368.0 44360.0 44368.0 8.0 44360.0 44368.0 44360.0 44368.0 8.0
50 1 CONSTANT 8.0
51 1 CONSTANT 8.0
52 1 CONSTANT 8.0
53 1 CONSTANT 8.0
54 1 CONSTANT 0.0
55 1 CONSTANT 0.0
56 1 CONSTANT 0.0
57 1 CONSTANT 0.0
58 1 CONSTANT 0.0
59 1 CONSTANT 0.0
60 1 CONSTANT 0.0
61 1 CONSTANT 0.0
62 1 CONSTANT 8.0
