0 1 1 TRACE 1672856591668314.0
1 2 1 TRACE 12964.0 27.0 28.0 27.0 27.0 27.0 28.0 27.0 27.0 31.0 27.0 27.0 68.0 27.0 27.0 30.0 27.0 27.0 28.0 27.0 26.0 56.0 28.0 90.0 28.0 27.0 27.0 27.0 28.0 29.0 27.0 26.0 27.0 38.0 38.0 38.0 33.0 38.0 53.0 39.0 32.0 38.0 38.0 36.0 32.0 40.0 39.0 49.0 38.0 38.0 41.0 33.0 38.0 38.0 33.0 39.0 39.0 40.0 33.0 62.0 38.0 38.0 33.0 39.0
2 3 1 TRACE 2514.0 31.0 30.0 124.0 43.0 36.0 30.0 63.0 31.0 29.0 92.0 30.0 64.0 52.0 54.0 68.0 86.0 30.0 96.0 97.0 49.0 28.0 39.0 28.0 38.0 45.0 34.0 230.0 28.0 30.0 38.0 28.0 30.0 44.0 29.0 69.0 86.0 59.0 130.0 43.0 58.0 32.0 30.0 50.0 75.0 27.0 28.0 26.0 31.0 41.0 42.0 68.0 88.0 33.0 65.0 99.0 28.0 30.0 30.0 29.0 27.0 54.0 32.0 27.0
3 4 1 TRACE 43.0 42.0 43.0 26.0 25.0 23.0 43.0 65.0 23.0 58.0 22.0 22.0 75.0 62.0 23.0 58.0 60.0 23.0 23.0 61.0 57.0 23.0 34.0 28.0 61.0 25.0 56.0 24.0 75.0 39.0 22.0 29.0 23.0 23.0 55.0 61.0 44.0 63.0 93.0 65.0 25.0 22.0 61.0 27.0 55.0 61.0 61.0 29.0 23.0 58.0 57.0 74.0 32.0 23.0 57.0 29.0 62.0 55.0 39.0 64.0 24.0 49.0 33.0 22.0
4 5 1 TRACE 25.0 15.0 17.0 45.0 15.0 16.0 17.0 16.0 15.0 16.0 18.0 16.0 32.0 16.0 15.0 17.0 16.0 16.0 64.0 21.0 16.0 17.0 24.0 16.0 17.0 16.0 51.0 16.0 19.0 19.0 15.0 15.0 16.0 19.0 16.0 16.0 15.0 24.0 37.0 17.0 51.0 15.0 15.0 16.0 54.0 16.0 15.0 16.0 16.0 16.0 16.0 17.0 55.0 16.0 16.0 17.0 16.0 16.0 16.0 16.0 22.0 16.0 16.0 15.0
5 6 1 TRACE 40.0 13.0 238.0 202.0 186.0 135.0 19.0 61.0 18.0 18.0 58.0 18.0 11.0 63.0 19.0 18.0 58.0 53.0 84.0 174.0 38.0 19.0 13.0 41.0 15.0 16.0 24.0 24.0 51.0 17.0 18.0 20.0 18.0 12.0 15.0 22.0 25.0 25.0 110.0 22.0 11.0 18.0 22.0 19.0 11.0 26.0 17.0 20.0 18.0 18.0 22.0 15.0 14.0 15.0 17.0 25.0 15.0 19.0 27.0 17.0 12.0 13.0 14.0 14.0
6 7 1 TRACE 20.0 156.0 13.0 95.0 124.0 14.0 146.0 19.0 14.0 158.0 169.0 166.0 145.0 167.0 161.0 142.0 16.0 14.0 37.0 21.0 105.0 15.0 116.0 10.0 26.0 13.0 10.0 19.0 8.0 14.0 14.0 15.0 46.0 19.0 24.0 15.0 9.0 11.0 19.0 8.0 9.0 60.0 22.0 13.0 8.0 19.0 9.0 15.0 14.0 19.0 8.0 12.0 27.0 11.0 8.0 8.0 27.0 24.0 15.0 8.0 13.0 18.0 15.0 16.0
7 8 1 TRACE 20.0 16.0 9.0 13.0 15.0 14.0 15.0 8.0 15.0 17.0 15.0 33.0 35.0 17.0 16.0 18.0 22.0 11.0 16.0 17.0 17.0 15.0 135.0 16.0 19.0 15.0 14.0 17.0 13.0 24.0 14.0 26.0 17.0 8.0 8.0 43.0 23.0 22.0 21.0 15.0 8.0 14.0 8.0 8.0 7.0 19.0 11.0 12.0 23.0 12.0 10.0 12.0 10.0 12.0 11.0 19.0 9.0 17.0 9.0 14.0 26.0 13.0 19.0 24.0
8 9 1 TRACE 19.0 17.0 9.0 20.0 12.0 11.0 14.0 8.0 7.0 17.0 14.0 19.0 15.0 15.0 22.0 19.0 16.0 11.0 16.0 15.0 14.0 25.0 17.0 15.0 12.0 10.0 16.0 18.0 51.0 8.0 44.0 11.0 15.0 18.0 26.0 27.0 8.0 11.0 81.0 17.0 7.0 13.0 19.0 11.0 7.0 8.0 8.0 12.0 8.0 8.0 19.0 10.0 10.0 12.0 11.0 16.0 7.0 15.0 12.0 8.0 8.0 9.0 12.0 8.0
9 10 1 TRACE 70.0 150.0 29.0 68.0 77.0 50.0 56.0 60.0 59.0 33.0 82.0 31.0 40.0 70.0 69.0 56.0 70.0 32.0 54.0 61.0 36.0 57.0 62.0 31.0 29.0 27.0 61.0 62.0 37.0 67.0 61.0 84.0 109.0 26.0 78.0 47.0 93.0 111.0 76.0 63.0 45.0 45.0 52.0 109.0 42.0 27.0 35.0 68.0 41.0 28.0 93.0 27.0 27.0 88.0 38.0 65.0 63.0 40.0 54.0 39.0 62.0 59.0 92.0 88.0
10 11 1 TRACE 23.0 20.0 19.0 19.0 23.0 26.0 19.0 22.0 22.0 18.0 18.0 19.0 17.0 18.0 20.0 34.0 22.0 18.0 18.0 20.0 18.0 21.0 20.0 18.0 17.0 18.0 18.0 19.0 19.0 21.0 18.0 21.0 19.0 17.0 18.0 21.0 28.0 52.0 19.0 19.0 18.0 18.0 19.0 19.0 18.0 18.0 18.0 18.0 18.0 16.0 18.0 18.0 18.0 20.0 22.0 18.0 18.0 25.0 19.0 26.0 18.0 19.0 18.0 18.0
11 12 1 TRACE 26.0 19.0 51.0 41.0 52.0 28.0 21.0 50.0 19.0 21.0 30.0 27.0 22.0 22.0 54.0 17.0 18.0 20.0 28.0 26.0 23.0 18.0 21.0 31.0 36.0 60.0 22.0 21.0 22.0 17.0 21.0 18.0 24.0 22.0 32.0 20.0 33.0 29.0 45.0 21.0 64.0 20.0 27.0 28.0 21.0 55.0 38.0 18.0 27.0 20.0 59.0 21.0 26.0 51.0 21.0 19.0 20.0 21.0 55.0 28.0 58.0 19.0 54.0 22.0
12 13 1 TRACE 75.0 19.0 17.0 19.0 18.0 16.0 16.0 17.0 46.0 18.0 16.0 17.0 16.0 21.0 30.0 19.0 19.0 18.0 16.0 20.0 16.0 21.0 16.0 16.0 20.0 28.0 25.0 20.0 16.0 28.0 22.0 18.0 19.0 21.0 19.0 19.0 24.0 39.0 33.0 25.0 16.0 51.0 19.0 16.0 55.0 16.0 19.0 28.0 16.0 18.0 15.0 49.0 19.0 16.0 47.0 18.0 23.0 18.0 25.0 16.0 16.0 140.0 18.0 36.0
13 14 1 TRACE 21.0 8.0 9.0 8.0 8.0 8.0 8.0 10.0 8.0 8.0 9.0 8.0 8.0 9.0 8.0 9.0 9.0 9.0 9.0 8.0 8.0 8.0 8.0 9.0 9.0 9.0 9.0 9.0 9.0 9.0 8.0 9.0 9.0 8.0 9.0 9.0 8.0 8.0 10.0 8.0 9.0 9.0 8.0 8.0 8.0 9.0 9.0 9.0 8.0 9.0 8.0 8.0 9.0 9.0 8.0 8.0 9.0 9.0 9.0 9.0 9.0 8.0 9.0 9.0
14 15 1 TRACE 26.0 15.0 15.0 15.0 15.0 15.0 15.0 17.0 15.0 15.0 41.0 15.0 15.0 30.0 14.0 14.0 15.0 15.0 15.0 14.0 15.0 15.0 14.0 15.0 15.0 15.0 16.0 16.0 17.0 15.0 15.0 15.0 15.0 15.0 16.0 16.0 15.0 15.0 55.0 15.0 41.0 14.0 14.0 14.0 15.0 16.0 14.0 15.0 15.0 15.0 41.0 15.0 15.0 43.0 15.0 15.0 15.0 15.0 14.0 15.0 41.0 15.0 15.0 16.0
15 16 1 TRACE 13.0 8.0 9.0 8.0 8.0 8.0 8.0 8.0 8.0 8.0 10.0 8.0 8.0 8.0 8.0 8.0 8.0 8.0 8.0 8.0 8.0 8.0 8.0 8.0 19.0 8.0 9.0 8.0 8.0 8.0 8.0 8.0 8.0 8.0 8.0 8.0 8.0 8.0 9.0 9.0 8.0 8.0 8.0 8.0 8.0 8.0 8.0 8.0 8.0 8.0 8.0 8.0 8.0 8.0 8.0 8.0 8.0 8.0 8.0 8.0 8.0 8.0 8.0 8.0
16 17 1 TRACE 44.0 54.0 51.0 42.0 75.0 36.0 35.0 32.0 71.0 36.0 30.0 51.0 39.0 37.0 87.0 36.0 68.0 36.0 92.0 69.0 53.0 84.0 69.0 123.0 30.0 40.0 39.0 66.0 33.0 35.0 37.0 43.0 93.0 73.0 36.0 35.0 37.0 133.0 56.0 40.0 32.0 75.0 35.0 36.0 64.0 35.0 74.0 75.0 68.0 68.0 71.0 118.0 56.0 35.0 62.0 71.0 70.0 34.0 67.0 54.0 43.0 69.0 97.0 42.0
17 18 1 TRACE 23.0 19.0 28.0 19.0 19.0 18.0 17.0 18.0 17.0 19.0 17.0 28.0 19.0 22.0 20.0 19.0 19.0 18.0 20.0 19.0 17.0 18.0 19.0 18.0 26.0 17.0 18.0 18.0 26.0 21.0 18.0 17.0 24.0 19.0 19.0 18.0 19.0 30.0 28.0 29.0 17.0 50.0 19.0 20.0 18.0 18.0 52.0 18.0 20.0 19.0 19.0 18.0 19.0 18.0 23.0 19.0 24.0 20.0 18.0 18.0 19.0 21.0 19.0 18.0
18 19 1 TRACE 27.0 20.0 17.0 28.0 27.0 27.0 28.0 19.0 21.0 22.0 21.0 17.0 22.0 17.0 52.0 21.0 23.0 20.0 18.0 47.0 24.0 53.0 23.0 37.0 17.0 17.0 27.0 21.0 20.0 22.0 21.0 30.0 45.0 18.0 19.0 18.0 20.0 34.0 44.0 27.0 22.0 22.0 18.0 18.0 46.0 19.0 17.0 19.0 18.0 20.0 21.0 49.0 18.0 20.0 20.0 26.0 17.0 19.0 20.0 18.0 26.0 24.0 45.0 19.0
19 20 1 TRACE 23.0 21.0 28.0 29.0 19.0 21.0 16.0 19.0 17.0 21.0 16.0 19.0 19.0 17.0 22.0 19.0 20.0 16.0 20.0 54.0 17.0 21.0 20.0 58.0 20.0 18.0 17.0 53.0 17.0 46.0 17.0 17.0 31.0 19.0 25.0 18.0 16.0 75.0 18.0 21.0 55.0 52.0 20.0 50.0 55.0 30.0 19.0 18.0 19.0 16.0 16.0 20.0 20.0 18.0 48.0 18.0 48.0 19.0 19.0 19.0 16.0 18.0 22.0 16.0
20 21 1 TRACE 21.0 16.0 16.0 16.0 15.0 16.0 16.0 16.0 15.0 16.0 17.0 15.0 15.0 16.0 15.0 15.0 19.0 15.0 16.0 16.0 16.0 15.0 16.0 16.0 15.0 15.0 15.0 15.0 16.0 15.0 16.0 26.0 16.0 16.0 15.0 16.0 15.0 25.0 18.0 18.0 15.0 15.0 16.0 15.0 15.0 16.0 16.0 15.0 15.0 19.0 15.0 16.0 15.0 15.0 15.0 15.0 16.0 16.0 16.0 15.0 16.0 16.0 16.0 16.0
21 22 1 TRACE 26.0 12.0 12.0 12.0 12.0 12.0 12.0 13.0 12.0 12.0 12.0 11.0 12.0 12.0 12.0 11.0 13.0 12.0 11.0 12.0 12.0 12.0 15.0 12.0 11.0 11.0 12.0 12.0 12.0 12.0 12.0 12.0 11.0 12.0 12.0 12.0 16.0 12.0 13.0 12.0 12.0 12.0 11.0 12.0 12.0 12.0 11.0 12.0 12.0 12.0 12.0 11.0 12.0 12.0 12.0 12.0 11.0 12.0 12.0 12.0 12.0 12.0 12.0 12.0
22 23 1 TRACE 122.0 67.0 86.0 79.0 118.0 92.0 85.0 108.0 87.0 81.0 82.0 89.0 78.0 74.0 95.0 80.0 57.0 81.0 87.0 81.0 78.0 100.0 75.0 78.0 82.0 81.0 81.0 83.0 82.0 81.0 112.0 85.0 85.0 63.0 80.0 78.0 69.0 162.0 110.0 69.0 76.0 93.0 52.0 75.0 96.0 73.0 75.0 98.0 77.0 72.0 79.0 93.0 186.0 80.0 80.0 77.0 76.0 75.0 81.0 78.0 78.0 78.0 116.0 80.0
23 24 1 TRACE 51.0 68.0 27.0 27.0 65.0 31.0 30.0 60.0 27.0 33.0 63.0 65.0 29.0 32.0 28.0 28.0 29.0 29.0 28.0 53.0 67.0 32.0 30.0 64.0 64.0 59.0 39.0 42.0 60.0 33.0 50.0 31.0 63.0 63.0 64.0 29.0 36.0 110.0 70.0 31.0 65.0 36.0 27.0 42.0 66.0 27.0 26.0 28.0 70.0 28.0 28.0 53.0 98.0 29.0 31.0 37.0 32.0 27.0 64.0 61.0 27.0 28.0 64.0 68.0
24 25 1 TRACE 57.0 22.0 23.0 24.0 23.0 24.0 24.0 25.0 32.0 22.0 61.0 25.0 24.0 21.0 23.0 23.0 22.0 25.0 23.0 22.0 23.0 61.0 24.0 24.0 59.0 24.0 60.0 21.0 24.0 25.0 23.0 24.0 30.0 59.0 22.0 59.0 23.0 74.0 54.0 37.0 63.0 23.0 21.0 21.0 28.0 21.0 23.0 24.0 25.0 64.0 24.0 25.0 21.0 24.0 22.0 20.0 24.0 22.0 23.0 23.0 24.0 23.0 26.0 22.0
25 26 1 TRACE 25.0 9.0 9.0 10.0 12.0 10.0 9.0 9.0 10.0 10.0 11.0 10.0 10.0 11.0 10.0 10.0 10.0 10.0 10.0 10.0 10.0 10.0 9.0 9.0 10.0 10.0 10.0 10.0 10.0 9.0 10.0 11.0 9.0 9.0 10.0 9.0 10.0 10.0 10.0 9.0 10.0 9.0 10.0 9.0 10.0 9.0 10.0 10.0 10.0 9.0 9.0 10.0 9.0 10.0 9.0 9.0 10.0 10.0 9.0 10.0 9.0 10.0 10.0 10.0 9.0 10.0 9.0 10.0 10.0 9.0 10.0 10.0 9.0 10.0 9.0 9.0 10.0 9.0 10.0 10.0 10.0 10.0 10.0 9.0 9.0 9.0 9.0 10.0 9.0 9.0 9.0 10.0 10.0 9.0 10.0 9.0 10.0 10.0 9.0 9.0 10.0 10.0 9.0 11.0 10.0 10.0 10.0 11.0 10.0 10.0 10.0 11.0 21.0 10.0 10.0 10.0 9.0 10.0 9.0 10.0 10.0 10.0 10.0 9.0 10.0 10.0 9.0 10.0 12.0 11.0 11.0 11.0 10.0 10.0 10.0 9.0 10.0 10.0 10.0 10.0 9.0 9.0 9.0 10.0 9.0 10.0 10.0 9.0 9.0 10.0 10.0 9.0 10.0 10.0 10.0 9.0 10.0 9.0 10.0 9.0 10.0 10.0 10.0 10.0 10.0 9.0 10.0 9.0 10.0 9.0 10.0 9.0 10.0 10.0 10.0 9.0 9.0 10.0 9.0 10.0 10.0 10.0 10.0 10.0 10.0 10.0 10.0 10.0 9.0 10.0 10.0 9.0 10.0 9.0 10.0 9.0 9.0 10.0 10.0 10.0 10.0 9.0 9.0 9.0 9.0 9.0 10.0 10.0 10.0 9.0 9.0 10.0 11.0 10.0 10.0
26 27 1 TRACE 11.0 7.0 7.0 7.0 7.0 7.0 7.0 7.0 7.0 7.0 8.0 8.0 7.0 8.0 8.0 8.0 7.0 8.0 8.0 8.0 8.0 8.0 7.0 7.0 8.0 8.0 8.0 8.0 8.0 7.0 7.0 8.0 7.0 7.0 7.0 7.0 8.0 8.0 7.0 7.0 7.0 7.0 8.0 7.0 8.0 7.0 8.0 8.0 8.0 7.0 7.0 8.0 7.0 8.0 7.0 7.0 8.0 8.0 7.0 7.0 7.0 8.0 7.0 8.0 7.0 8.0 7.0 8.0 8.0 7.0 8.0 7.0 7.0 7.0 8.0 7.0 7.0 7.0 7.0 7.0 7.0 7.0 7.0 7.0 7.0 7.0 7.0 8.0 7.0 7.0 7.0 7.0 7.0 7.0 8.0 7.0 8.0 8.0 8.0 7.0 7.0 8.0 7.0 8.0 8.0 8.0 7.0 8.0 7.0 8.0 8.0 8.0 8.0 8.0 8.0 8.0 7.0 8.0 7.0 8.0 8.0 7.0 7.0 7.0 7.0 7.0 7.0 8.0 22.0 9.0 9.0 8.0 8.0 8.0 8.0 7.0 7.0 8.0 8.0 7.0 7.0 7.0 7.0 8.0 7.0 8.0 7.0 7.0 7.0 8.0 7.0 7.0 8.0 7.0 8.0 7.0 7.0 7.0 8.0 7.0 8.0 7.0 8.0 8.0 7.0 7.0 8.0 7.0 8.0 7.0 7.0 7.0 8.0 7.0 8.0 7.0 7.0 8.0 8.0 8.0 8.0 8.0 7.0 8.0 8.0 8.0 8.0 8.0 7.0 8.0 8.0 7.0 7.0 7.0 8.0 7.0 7.0 8.0 7.0 7.0 8.0 7.0 7.0 7.0 7.0 7.0 7.0 8.0 8.0 7.0 7.0 7.0 8.0 8.0 8.0
27 28 1 TRACE 10.0 7.0 7.0 8.0 8.0 7.0 7.0 8.0 7.0 8.0 8.0 7.0 7.0 8.0 7.0 7.0 8.0 7.0 7.0 7.0 7.0 7.0 8.0 7.0 7.0 7.0 7.0 7.0 7.0 7.0 8.0 7.0 8.0 8.0 8.0 8.0 7.0 7.0 8.0 8.0 8.0 8.0 7.0 7.0 7.0 8.0 7.0 7.0 7.0 7.0 8.0 10.0 8.0 7.0 7.0 7.0 7.0 7.0 7.0 7.0 8.0 7.0 8.0 7.0 8.0 7.0 8.0 7.0 7.0 8.0 7.0 7.0 7.0 8.0 7.0 8.0 7.0 8.0 8.0 7.0 8.0 7.0 8.0 7.0 8.0 7.0 8.0 7.0 8.0 8.0 8.0 8.0 7.0 7.0 7.0 8.0 7.0 7.0 10.0 8.0 8.0 7.0 7.0 8.0 7.0 7.0 7.0 8.0 7.0 7.0 7.0 7.0 8.0 7.0 7.0 8.0 8.0 8.0 8.0 7.0 7.0 8.0 7.0 8.0 7.0 7.0 8.0 7.0 10.0 9.0 8.0 9.0 8.0 7.0 8.0 7.0 8.0 7.0 7.0 7.0 7.0 7.0 8.0 7.0 7.0 7.0 7.0 8.0 8.0 7.0 8.0 7.0 7.0 7.0 7.0 7.0 7.0 7.0 7.0 8.0 7.0 7.0 7.0 7.0 8.0 7.0 7.0 7.0 7.0 7.0 7.0 7.0 7.0 8.0 7.0 7.0 7.0 7.0 7.0 7.0 7.0 7.0 8.0 7.0 7.0 7.0 7.0 7.0 8.0 7.0 7.0 8.0 7.0 8.0 7.0 8.0 8.0 7.0 7.0 7.0 7.0 7.0 8.0 8.0 8.0 8.0 8.0 7.0 8.0 7.0 10.0 7.0 8.0 7.0 7.0
28 29 1 TRACE 12.0 9.0 9.0 8.0 9.0 8.0 8.0 8.0 8.0 8.0 9.0 8.0 8.0 8.0 8.0 8.0 8.0 9.0 8.0 8.0 8.0 8.0 8.0 8.0 9.0 8.0 8.0 8.0 8.0 8.0 8.0 9.0 8.0 8.0 8.0 8.0 9.0 8.0 8.0 8.0 8.0 8.0 9.0 8.0 9.0 8.0 8.0 9.0 9.0 8.0 8.0 10.0 8.0 9.0 8.0 8.0 9.0 8.0 8.0 9.0 8.0 8.0 8.0 8.0 8.0 9.0 8.0 8.0 8.0 8.0 9.0 9.0 8.0 8.0 8.0 8.0 8.0 8.0 8.0 8.0 8.0 8.0 8.0 8.0 8.0 8.0 8.0 8.0 8.0 8.0 8.0 8.0 8.0 8.0 8.0 8.0 9.0 9.0 9.0 8.0 8.0 8.0 8.0 9.0 8.0 8.0 9.0 8.0 8.0 9.0 8.0 8.0 9.0 9.0 8.0 8.0 8.0 8.0 8.0 8.0 9.0 8.0 8.0 8.0 8.0 8.0 8.0 9.0 25.0 10.0 10.0 10.0 9.0 8.0 8.0 9.0 8.0 9.0 8.0 8.0 8.0 9.0 8.0 9.0 8.0 8.0 8.0 8.0 8.0 8.0 8.0 8.0 8.0 8.0 8.0 8.0 8.0 8.0 8.0 8.0 8.0 8.0 8.0 8.0 8.0 8.0 9.0 8.0 8.0 8.0 8.0 8.0 9.0 8.0 8.0 8.0 9.0 8.0 8.0 8.0 8.0 8.0 8.0 9.0 8.0 8.0 9.0 9.0 8.0 8.0 9.0 8.0 8.0 8.0 8.0 8.0 12.0 9.0 8.0 8.0 8.0 8.0 8.0 8.0 8.0 8.0 8.0 8.0 8.0 8.0 9.0 8.0 9.0 8.0 9.0
29 30 1 TRACE 42.0 32.0 39.0 33.0 105.0 53.0 120.0 44.0 47.0 32.0 33.0 32.0 33.0 28.0 53.0 45.0 31.0 105.0 35.0 36.0 64.0 36.0 67.0 32.0 30.0 46.0 30.0 66.0 30.0 45.0 64.0 31.0 38.0 38.0 33.0 38.0 39.0 69.0 38.0 73.0 32.0 72.0 41.0 70.0 35.0 36.0 52.0 71.0 33.0 49.0 71.0 30.0 79.0 50.0 62.0 33.0 64.0 54.0 33.0 29.0 30.0 110.0 109.0 68.0 44.0 38.0 67.0 32.0 36.0 73.0 60.0 71.0 70.0 51.0 33.0 39.0 31.0 31.0 32.0 72.0 63.0 71.0 80.0 30.0 68.0 52.0 35.0 185.0 65.0 31.0 34.0 33.0 68.0 37.0 32.0 104.0 74.0 62.0 24.0 65.0 39.0 68.0 68.0 16.0 34.0 41.0 67.0 30.0 62.0 66.0 34.0 67.0 25.0 65.0 59.0 34.0 66.0 67.0 63.0 65.0 81.0 29.0 47.0 33.0 40.0 67.0 74.0 137.0 124.0 98.0 92.0 113.0 87.0 38.0 76.0 56.0 32.0 53.0 33.0 55.0 63.0 32.0 72.0 53.0 65.0 31.0 35.0 34.0 76.0 74.0 31.0 32.0 37.0 69.0 69.0 225.0 69.0 31.0 66.0 33.0 66.0 66.0 32.0 32.0 35.0 40.0 32.0 30.0 70.0 69.0 61.0 35.0 33.0 29.0 67.0 111.0 55.0 50.0 81.0 65.0 73.0 63.0 33.0 37.0 30.0 34.0 78.0 35.0 35.0 70.0 65.0 65.0 64.0 34.0 66.0 75.0 103.0 72.0 32.0 31.0 33.0 65.0 68.0 70.0 37.0 34.0 32.0 67.0 70.0 59.0 19.0 69.0 63.0 32.0 72.0
30 31 1 TRACE 22.0 26.0 17.0 8.0 8.0 17.0 51.0 8.0 8.0 16.0 16.0 16.0 8.0 16.0 16.0 54.0 8.0 17.0 8.0 8.0 17.0 17.0 9.0 8.0 8.0 17.0 8.0 8.0 8.0 16.0 8.0 33.0 16.0 9.0 8.0 17.0 17.0 16.0 16.0 16.0 8.0 8.0 16.0 16.0 9.0 8.0 22.0 18.0 15.0 16.0 8.0 26.0 19.0 9.0 16.0 17.0 16.0 9.0 17.0 18.0 8.0 16.0 17.0 9.0 16.0 16.0 8.0 9.0 15.0 8.0 17.0 16.0 16.0 9.0 7.0 16.0 9.0 17.0 16.0 16.0 16.0 15.0 8.0 16.0 17.0 17.0 19.0 16.0 16.0 9.0 7.0 17.0 16.0 8.0 8.0 16.0 8.0 8.0 15.0 18.0 8.0 8.0 16.0 16.0 16.0 8.0 16.0 17.0 8.0 18.0 16.0 8.0 17.0 8.0 16.0 8.0 25.0 16.0 16.0 8.0 16.0 16.0 19.0 17.0 16.0 7.0 19.0 21.0 45.0 30.0 9.0 27.0 22.0 9.0 16.0 16.0 8.0 8.0 18.0 9.0 16.0 17.0 13.0 8.0 16.0 16.0 9.0 9.0 8.0 42.0 8.0 16.0 17.0 8.0 8.0 16.0 15.0 8.0 16.0 16.0 8.0 8.0 16.0 19.0 8.0 8.0 16.0 16.0 16.0 16.0 8.0 16.0 17.0 9.0 7.0 16.0 17.0 8.0 8.0 17.0 52.0 17.0 8.0 17.0 19.0 8.0 16.0 16.0 8.0 8.0 15.0 9.0 8.0 20.0 8.0 8.0 8.0 16.0 8.0 17.0 8.0 8.0 16.0 8.0 8.0 15.0 8.0 15.0 17.0 8.0 16.0 16.0 9.0 8.0 16.0
31 32 1 TRACE 17.0 12.0 12.0 12.0 12.0 12.0 16.0 11.0 11.0 12.0 13.0 12.0 11.0 12.0 11.0 13.0 12.0 12.0 12.0 12.0 12.0 12.0 11.0 12.0 12.0 12.0 12.0 12.0 12.0 12.0 12.0 12.0 12.0 12.0 11.0 11.0 12.0 12.0 11.0 12.0 12.0 11.0 12.0 12.0 11.0 12.0 12.0 12.0 12.0 11.0 12.0 12.0 11.0 12.0 11.0 12.0 12.0 11.0 12.0 12.0 12.0 12.0 11.0 12.0 12.0 11.0 11.0 12.0 12.0 11.0 12.0 16.0 12.0 13.0 11.0 12.0 11.0 12.0 12.0 12.0 12.0 12.0 11.0 12.0 12.0 11.0 12.0 13.0 11.0 12.0 11.0 12.0 12.0 11.0 11.0 12.0 12.0 11.0 11.0 12.0 12.0 11.0 12.0 12.0 12.0 11.0 11.0 12.0 11.0 12.0 11.0 12.0 13.0 11.0 12.0 11.0 12.0 11.0 11.0 16.0 12.0 11.0 12.0 12.0 12.0 12.0 11.0 12.0 14.0 13.0 14.0 14.0 12.0 12.0 12.0 12.0 11.0 11.0 12.0 12.0 11.0 12.0 12.0 11.0 11.0 12.0 12.0 11.0 12.0 12.0 12.0 12.0 11.0 12.0 11.0 12.0 12.0 11.0 12.0 11.0 11.0 11.0 12.0 12.0 12.0 11.0 12.0 12.0 12.0 12.0 11.0 12.0 11.0 11.0 12.0 11.0 12.0 12.0 12.0 12.0 11.0 12.0 12.0 12.0 13.0 12.0 11.0 12.0 11.0 11.0 11.0 11.0 12.0 12.0 12.0 11.0 11.0 11.0 11.0 12.0 12.0 11.0 12.0 11.0 11.0 11.0 11.0 12.0 11.0 11.0 12.0 11.0 12.0 11.0 12.0
32 33 1 TRACE 25.0 17.0 19.0 18.0 18.0 18.0 18.0 18.0 36.0 18.0 17.0 18.0 18.0 19.0 18.0 23.0 18.0 19.0 18.0 18.0 27.0 31.0 19.0 19.0 18.0 18.0 17.0 20.0 17.0 19.0 20.0 18.0 19.0 18.0 18.0 17.0 19.0 17.0 18.0 19.0 18.0 69.0 19.0 19.0 18.0 18.0 32.0 20.0 18.0 18.0 19.0 19.0 19.0 19.0 17.0 19.0 18.0 18.0 18.0 17.0 18.0 19.0 19.0 18.0 18.0 18.0 18.0 18.0 18.0 18.0 21.0 19.0 19.0 33.0 17.0 19.0 18.0 24.0 18.0 19.0 18.0 18.0 18.0 18.0 18.0 18.0 49.0 18.0 18.0 19.0 18.0 19.0 18.0 18.0 19.0 18.0 19.0 17.0 19.0 18.0 17.0 20.0 18.0 19.0 18.0 17.0 18.0 18.0 19.0 19.0 18.0 27.0 19.0 18.0 19.0 17.0 19.0 17.0 18.0 25.0 19.0 89.0 19.0 59.0 18.0 49.0 18.0 73.0 37.0 56.0 35.0 29.0 32.0 18.0 18.0 18.0 19.0 26.0 28.0 18.0 17.0 18.0 17.0 17.0 17.0 18.0 17.0 17.0 17.0 19.0 18.0 26.0 18.0 19.0 17.0 61.0 18.0 18.0 18.0 24.0 19.0 18.0 18.0 18.0 18.0 18.0 18.0 18.0 18.0 19.0 18.0 20.0 18.0 18.0 18.0 17.0 18.0 18.0 19.0 19.0 20.0 18.0 18.0 19.0 18.0 18.0 18.0 26.0 17.0 53.0 52.0 18.0 17.0 18.0 19.0 18.0 19.0 18.0 17.0 18.0 17.0 18.0 18.0 18.0 18.0 18.0 18.0 17.0 18.0 19.0 18.0 18.0 18.0 46.0 26.0
33 34 1 TRACE 226.0 310.0 201.0 117.0 102.0 388.0 174.0 178.0 101.0 1137.0 206.0 111.0 146.0 764.0 166.0 91.0 208.0 214.0 134.0 135.0 215.0 169.0 147.0 166.0 208.0 182.0 138.0 143.0 156.0 145.0 157.0 598.0 246.0 103.0 122.0 558.0 195.0 109.0 308.0 170.0 174.0 156.0 946.0 194.0 107.0 194.0 146.0 145.0 156.0 147.0 120.0 345.0 157.0 153.0 206.0 186.0 143.0 133.0 223.0 185.0 242.0 126.0 144.0 154.0 205.0 175.0 143.0 213.0 158.0 141.0 125.0 1009.0 714.0 104.0 237.0 267.0 169.0 432.0 195.0 98.0 363.0 213.0 122.0 220.0 200.0 135.0 107.0 1352.0 215.0 136.0 196.0 213.0 144.0 114.0 300.0 233.0 149.0 147.0 522.0 174.0 231.0 141.0 867.0 151.0 84.0 142.0 573.0 168.0 178.0 299.0 205.0 107.0 132.0 143.0 133.0 193.0 654.0 210.0 126.0 87.0 138.0 83.0 599.0 185.0 136.0 173.0 156.0 278.0 1135.0 322.0 211.0 272.0 186.0 116.0 538.0 168.0 129.0 189.0 168.0 130.0 186.0 154.0 153.0 106.0 255.0 180.0 154.0 159.0 126.0 114.0 148.0 354.0 195.0 191.0 191.0 533.0 203.0 160.0 183.0 183.0 104.0 68.0 289.0 214.0 133.0 154.0 141.0 94.0 196.0 248.0 170.0 444.0 207.0 108.0 102.0 609.0 174.0 119.0 176.0 801.0 182.0 116.0 187.0 205.0 123.0 161.0 354.0 164.0 192.0 116.0 139.0 119.0 174.0 213.0 124.0 178.0 224.0 131.0 200.0 131.0 122.0 190.0 176.0 102.0 208.0 133.0 117.0 156.0 133.0 135.0 645.0 173.0 136.0 97.0 308.0
34 35 1 TRACE 748.0 742.0 89.0 18.0 55.0 64.0 55.0 19.0 76.0 72.0 53.0 17.0 94.0 67.0 54.0 25.0 60.0 92.0 20.0 45.0 58.0 55.0 18.0 18.0 59.0 57.0 18.0 17.0 66.0 18.0 50.0 63.0 53.0 20.0 52.0 64.0 54.0 52.0 59.0 55.0 17.0 101.0 74.0 55.0 18.0 56.0 18.0 49.0 55.0 19.0 51.0 62.0 63.0 68.0 57.0 53.0 17.0 52.0 58.0 137.0 52.0 54.0 54.0 52.0 57.0 54.0 19.0 90.0 93.0 68.0 56.0 73.0 55.0 19.0 57.0 18.0 92.0 62.0 52.0 49.0 60.0 53.0 50.0 56.0 55.0 53.0 49.0 63.0 52.0 19.0 61.0 54.0 17.0 56.0 61.0 106.0 18.0 51.0 76.0 53.0 19.0 57.0 103.0 58.0 17.0 53.0 64.0 53.0 50.0 57.0 54.0 20.0 17.0 55.0 18.0 54.0 187.0 53.0 17.0 85.0 18.0 51.0 80.0 53.0 17.0 56.0 18.0 119.0 110.0 105.0 61.0 101.0 50.0 58.0 70.0 53.0 18.0 57.0 56.0 50.0 53.0 53.0 18.0 48.0 58.0 57.0 21.0 19.0 59.0 19.0 59.0 64.0 53.0 19.0 88.0 73.0 54.0 51.0 59.0 54.0 18.0 51.0 60.0 53.0 20.0 54.0 18.0 49.0 53.0 56.0 53.0 61.0 59.0 19.0 52.0 194.0 52.0 19.0 52.0 164.0 105.0 27.0 59.0 56.0 17.0 50.0 78.0 53.0 20.0 61.0 56.0 19.0 56.0 50.0 19.0 55.0 54.0 17.0 56.0 18.0 27.0 54.0 52.0 17.0 60.0 52.0 50.0 64.0 17.0 53.0 104.0 53.0 20.0 53.0 18.0
35 36 1 TRACE 72.0 59.0 97.0 16.0 48.0 59.0 52.0 16.0 79.0 92.0 50.0 17.0 54.0 80.0 67.0 55.0 53.0 51.0 16.0 50.0 56.0 57.0 17.0 16.0 59.0 50.0 16.0 16.0 53.0 16.0 48.0 110.0 49.0 17.0 55.0 70.0 49.0 46.0 56.0 51.0 16.0 59.0 135.0 48.0 17.0 52.0 17.0 51.0 50.0 17.0 48.0 71.0 49.0 51.0 58.0 49.0 15.0 47.0 61.0 55.0 54.0 49.0 49.0 47.0 55.0 59.0 16.0 89.0 88.0 48.0 51.0 95.0 81.0 17.0 55.0 16.0 85.0 102.0 50.0 46.0 62.0 49.0 46.0 55.0 53.0 17.0 47.0 71.0 50.0 16.0 54.0 52.0 16.0 18.0 63.0 129.0 16.0 54.0 71.0 49.0 17.0 51.0 88.0 51.0 16.0 50.0 69.0 87.0 61.0 57.0 56.0 15.0 17.0 53.0 16.0 49.0 219.0 50.0 17.0 51.0 16.0 52.0 79.0 49.0 17.0 64.0 16.0 152.0 139.0 96.0 61.0 94.0 66.0 48.0 60.0 57.0 16.0 108.0 48.0 47.0 87.0 51.0 16.0 43.0 58.0 235.0 55.0 16.0 60.0 20.0 51.0 60.0 49.0 16.0 88.0 61.0 92.0 47.0 55.0 50.0 16.0 50.0 54.0 55.0 16.0 51.0 16.0 51.0 51.0 50.0 48.0 68.0 55.0 17.0 55.0 74.0 48.0 16.0 54.0 93.0 68.0 52.0 57.0 51.0 16.0 47.0 59.0 49.0 17.0 65.0 49.0 16.0 53.0 57.0 16.0 52.0 52.0 18.0 54.0 16.0 16.0 120.0 48.0 16.0 57.0 18.0 47.0 62.0 16.0 48.0 73.0 51.0 16.0 86.0 16.0
36 37 1 TRACE 141.0 112.0 108.0 93.0 85.0 221.0 91.0 78.0 32.0 738.0 67.0 106.0 63.0 398.0 41.0 65.0 81.0 71.0 126.0 60.0 112.0 127.0 110.0 99.0 71.0 83.0 137.0 113.0 87.0 130.0 88.0 222.0 165.0 104.0 173.0 443.0 60.0 303.0 112.0 121.0 92.0 85.0 649.0 135.0 96.0 199.0 146.0 53.0 85.0 129.0 75.0 219.0 189.0 80.0 120.0 75.0 99.0 69.0 155.0 33.0 103.0 68.0 96.0 80.0 145.0 156.0 129.0 38.0 65.0 37.0 54.0 689.0 444.0 109.0 82.0 134.0 67.0 229.0 91.0 87.0 228.0 68.0 63.0 119.0 110.0 87.0 100.0 291.0 53.0 250.0 98.0 124.0 125.0 77.0 92.0 37.0 124.0 65.0 431.0 87.0 107.0 68.0 557.0 80.0 106.0 96.0 347.0 32.0 65.0 191.0 112.0 68.0 121.0 51.0 175.0 92.0 469.0 118.0 96.0 75.0 98.0 242.0 401.0 66.0 107.0 78.0 147.0 86.0 636.0 102.0 37.0 64.0 64.0 132.0 203.0 70.0 149.0 35.0 57.0 40.0 72.0 67.0 219.0 115.0 98.0 809.0 61.0 130.0 49.0 88.0 42.0 157.0 71.0 101.0 33.0 193.0 70.0 29.0 108.0 87.0 139.0 42.0 116.0 54.0 98.0 82.0 127.0 289.0 484.0 70.0 54.0 204.0 36.0 191.0 32.0 400.0 172.0 100.0 143.0 410.0 65.0 55.0 60.0 68.0 119.0 59.0 327.0 52.0 81.0 37.0 77.0 84.0 75.0 54.0 74.0 104.0 129.0 304.0 73.0 112.0 97.0 33.0 98.0 98.0 139.0 76.0 47.0 97.0 120.0 74.0 1080.0 112.0 96.0 83.0 125.0
37 38 1 TRACE 50.0 42.0 39.0 33.0 90.0 72.0 39.0 31.0 31.0 96.0 29.0 40.0 44.0 94.0 38.0 54.0 60.0 65.0 38.0 40.0 79.0 35.0 72.0 37.0 47.0 29.0 48.0 34.0 43.0 30.0 63.0 95.0 61.0 32.0 68.0 79.0 68.0 32.0 44.0 32.0 32.0 65.0 100.0 53.0 31.0 57.0 30.0 65.0 42.0 34.0 38.0 80.0 69.0 32.0 43.0 61.0 32.0 50.0 56.0 33.0 35.0 32.0 32.0 31.0 87.0 34.0 32.0 41.0 34.0 65.0 30.0 146.0 35.0 30.0 77.0 68.0 69.0 58.0 147.0 71.0 89.0 72.0 31.0 46.0 34.0 38.0 66.0 96.0 31.0 69.0 73.0 36.0 77.0 40.0 77.0 66.0 36.0 34.0 81.0 45.0 75.0 72.0 100.0 72.0 69.0 77.0 67.0 72.0 30.0 65.0 63.0 30.0 31.0 36.0 37.0 33.0 99.0 64.0 67.0 37.0 30.0 66.0 81.0 65.0 35.0 66.0 66.0 96.0 156.0 51.0 47.0 72.0 84.0 76.0 71.0 73.0 63.0 32.0 35.0 31.0 38.0 35.0 49.0 62.0 41.0 57.0 52.0 37.0 39.0 68.0 49.0 90.0 38.0 42.0 104.0 175.0 68.0 37.0 72.0 32.0 40.0 43.0 50.0 30.0 68.0 74.0 64.0 30.0 33.0 31.0 40.0 97.0 32.0 31.0 65.0 80.0 86.0 29.0 32.0 73.0 37.0 31.0 38.0 66.0 95.0 63.0 69.0 34.0 75.0 75.0 66.0 64.0 38.0 46.0 71.0 39.0 30.0 31.0 38.0 37.0 75.0 68.0 68.0 30.0 40.0 29.0 31.0 72.0 68.0 27.0 64.0 32.0 44.0 75.0 72.0
38 39 1 TRACE 33.0 27.0 80.0 47.0 42.0 35.0 41.0 27.0 25.0 65.0 37.0 51.0 48.0 39.0 28.0 29.0 33.0 64.0 28.0 61.0 35.0 63.0 70.0 43.0 41.0 28.0 45.0 30.0 35.0 33.0 69.0 29.0 27.0 43.0 62.0 84.0 62.0 26.0 35.0 28.0 84.0 71.0 63.0 61.0 26.0 38.0 26.0 25.0 26.0 26.0 68.0 42.0 29.0 59.0 74.0 34.0 38.0 34.0 35.0 61.0 28.0 67.0 37.0 26.0 57.0 41.0 47.0 59.0 26.0 68.0 66.0 74.0 72.0 33.0 31.0 56.0 63.0 43.0 97.0 61.0 29.0 61.0 27.0 34.0 61.0 47.0 28.0 66.0 61.0 78.0 65.0 88.0 62.0 25.0 70.0 42.0 28.0 65.0 33.0 30.0 32.0 63.0 99.0 29.0 35.0 66.0 63.0 65.0 25.0 26.0 32.0 28.0 63.0 63.0 65.0 65.0 27.0 32.0 37.0 36.0 27.0 31.0 70.0 66.0 26.0 25.0 62.0 83.0 89.0 57.0 65.0 70.0 61.0 57.0 65.0 62.0 33.0 26.0 39.0 66.0 62.0 58.0 64.0 34.0 34.0 43.0 99.0 31.0 70.0 296.0 26.0 35.0 26.0 65.0 177.0 67.0 68.0 25.0 56.0 25.0 62.0 31.0 69.0 38.0 65.0 65.0 66.0 26.0 28.0 29.0 25.0 28.0 26.0 64.0 65.0 61.0 63.0 27.0 73.0 33.0 30.0 25.0 70.0 37.0 60.0 34.0 26.0 66.0 67.0 33.0 62.0 45.0 68.0 69.0 78.0 27.0 35.0 26.0 31.0 25.0 66.0 114.0 66.0 32.0 28.0 35.0 67.0 64.0 64.0 44.0 26.0 64.0 27.0 67.0 67.0
39 25 1 TRACE 21.0 30.0 18.0 17.0 18.0 17.0 18.0 17.0 19.0 17.0 18.0 25.0 16.0 27.0 21.0 19.0 17.0 19.0 17.0 17.0 19.0 18.0 17.0 20.0 19.0 55.0 18.0 22.0 17.0 18.0 17.0 17.0 54.0 20.0 20.0 19.0 17.0 16.0 19.0 55.0 20.0 18.0 17.0 19.0 19.0 18.0 17.0 20.0 19.0 19.0 18.0 20.0 56.0 61.0 30.0 56.0 21.0 30.0 21.0 18.0 18.0 19.0 55.0 21.0 18.0 17.0 19.0 17.0 18.0 20.0 18.0 17.0 22.0 17.0 18.0 18.0 19.0 53.0 17.0 17.0 36.0 17.0 19.0 18.0 17.0 26.0 17.0
39 40 1 TRACE 38.0 52.0 48.0 29.0 28.0 117.0 27.0 27.0 29.0 66.0 39.0 33.0 29.0 29.0 60.0 61.0 70.0 34.0 63.0 32.0 73.0 44.0 110.0 27.0 115.0 32.0 64.0 61.0 68.0 29.0 85.0 27.0 65.0 67.0 38.0 68.0 25.0 91.0 57.0 35.0 64.0 30.0 52.0 61.0 29.0 41.0 35.0 29.0 57.0 33.0 27.0 30.0 41.0 62.0 46.0 63.0 33.0 28.0 64.0 75.0 63.0 29.0 58.0 64.0
39 51 1 TRACE 45.0 30.0 31.0 47.0 35.0 59.0 32.0 30.0 69.0 63.0 43.0 67.0 48.0 31.0 70.0 74.0 29.0 65.0 35.0 61.0 40.0 31.0 59.0 63.0 27.0 31.0 65.0 28.0 67.0 64.0 58.0 35.0 61.0 65.0 29.0 29.0 29.0 98.0 38.0 68.0 63.0 61.0 84.0 72.0 29.0 28.0 59.0 37.0 29.0 30.0 28.0 64.0 68.0 66.0 30.0 28.0 31.0 40.0 57.0 61.0 66.0 29.0 60.0 64.0
40 41 1 TRACE 61.0 73.0 130.0 109.0 47.0 49.0 47.0 45.0 84.0 97.0 55.0 135.0 43.0 44.0 74.0 52.0 60.0 41.0 50.0 42.0 131.0 43.0 71.0 62.0 47.0 83.0 45.0 52.0 134.0 149.0 90.0 58.0 42.0 93.0 43.0 102.0 55.0 99.0 48.0 64.0 41.0 45.0 48.0 43.0 64.0 66.0 46.0 51.0 42.0 42.0 70.0 124.0 95.0 45.0 81.0 41.0 41.0 42.0 61.0 44.0 41.0 44.0 79.0 42.0
41 42 1 TRACE 17.0 12.0 14.0 12.0 12.0 11.0 13.0 12.0 12.0 13.0 16.0 12.0 12.0 12.0 12.0 13.0 11.0 12.0 13.0 12.0 13.0 12.0 11.0 13.0 12.0 12.0 12.0 12.0 12.0 13.0 12.0 12.0 11.0 12.0 12.0 12.0 12.0 12.0 12.0 12.0 11.0 13.0 12.0 11.0 12.0 13.0 12.0 11.0 12.0 12.0 12.0 13.0 12.0 11.0 12.0 13.0 13.0 12.0 13.0 11.0 12.0 12.0 12.0 12.0 11.0 12.0 12.0 11.0 12.0 12.0 12.0 12.0 14.0 12.0 12.0 12.0 12.0 12.0 12.0 12.0 11.0 13.0 12.0 12.0 12.0 12.0 11.0 13.0 12.0 12.0 13.0 11.0 12.0 12.0 12.0 12.0 13.0 12.0 14.0 12.0 12.0 12.0 12.0 12.0 11.0 11.0 13.0 11.0 14.0 13.0 11.0 12.0 30.0 13.0 12.0 11.0 12.0 12.0 12.0 14.0 13.0 25.0 14.0 15.0 13.0 13.0 12.0 13.0 12.0 11.0 12.0 12.0 12.0 11.0 12.0 12.0 12.0 12.0 12.0 11.0 12.0 12.0 13.0 12.0 12.0 12.0 12.0 12.0 12.0 11.0 13.0 12.0 12.0 12.0 13.0 12.0 12.0 12.0 12.0 12.0 13.0 12.0 11.0 12.0 13.0 12.0 12.0 13.0 12.0 11.0 13.0 12.0 12.0 12.0 14.0 11.0 12.0 12.0 12.0 13.0 12.0 12.0 12.0 12.0 12.0 12.0 12.0 12.0 11.0 11.0 12.0 13.0 12.0 11.0 12.0 13.0 12.0 11.0 13.0 12.0 12.0 12.0 11.0 12.0 12.0 11.0 12.0 13.0 13.0 11.0 12.0 11.0 12.0 11.0
42 43 1 TRACE 16.0 10.0 12.0 11.0 11.0 11.0 11.0 10.0 11.0 11.0 11.0 11.0 11.0 10.0 11.0 11.0 11.0 10.0 11.0 12.0 12.0 11.0 11.0 11.0 11.0 11.0 11.0 11.0 11.0 11.0 11.0 11.0 11.0 11.0 11.0 11.0 11.0 11.0 11.0 10.0 11.0 11.0 10.0 11.0 11.0 11.0 11.0 10.0 11.0 11.0 11.0 12.0 11.0 10.0 11.0 11.0 11.0 11.0 23.0 11.0 11.0 11.0 11.0 10.0 10.0 11.0 11.0 10.0 11.0 12.0 11.0 11.0 11.0 11.0 11.0 11.0 11.0 11.0 11.0 11.0 11.0 11.0 11.0 11.0 11.0 11.0 11.0 11.0 11.0 11.0 11.0 11.0 11.0 11.0 11.0 11.0 11.0 11.0 12.0 11.0 11.0 11.0 11.0 11.0 11.0 11.0 11.0 11.0 11.0 11.0 11.0 11.0 12.0 11.0 11.0 11.0 11.0 10.0 11.0 11.0 12.0 12.0 13.0 12.0 12.0 12.0 11.0 12.0 11.0 11.0 11.0 11.0 11.0 10.0 11.0 11.0 11.0 11.0 11.0 11.0 11.0 11.0 11.0 11.0 11.0 12.0 11.0 11.0 10.0 10.0 11.0 11.0 11.0 11.0 12.0 11.0 11.0 11.0 11.0 11.0 10.0 12.0 10.0 11.0 11.0 11.0 11.0 12.0 11.0 10.0 11.0 11.0 11.0 11.0 11.0 11.0 11.0 10.0 11.0 11.0 11.0 11.0 11.0 11.0 15.0 11.0 11.0 11.0 11.0 11.0 11.0 12.0 11.0 11.0 11.0 12.0 11.0 10.0 11.0 11.0 12.0 12.0 11.0 11.0 11.0 11.0 11.0 11.0 12.0 11.0 11.0 11.0 11.0 11.0
43 44 1 TRACE 12.0 8.0 8.0 8.0 7.0 8.0 8.0 8.0 8.0 8.0 9.0 8.0 8.0 8.0 8.0 8.0 8.0 8.0 8.0 9.0 9.0 8.0 8.0 9.0 8.0 8.0 8.0 9.0 9.0 8.0 8.0 8.0 8.0 8.0 8.0 8.0 8.0 8.0 8.0 8.0 7.0 8.0 8.0 8.0 8.0 8.0 7.0 8.0 8.0 8.0 8.0 8.0 8.0 8.0 8.0 8.0 8.0 8.0 8.0 8.0 8.0 8.0 8.0 8.0 8.0 8.0 8.0 8.0 8.0 8.0 8.0 7.0 8.0 8.0 8.0 8.0 8.0 8.0 8.0 8.0 8.0 8.0 8.0 8.0 8.0 8.0 8.0 8.0 8.0 8.0 9.0 8.0 8.0 8.0 8.0 8.0 8.0 9.0 8.0 8.0 8.0 8.0 8.0 8.0 8.0 7.0 8.0 8.0 8.0 8.0 8.0 8.0 9.0 8.0 8.0 8.0 8.0 8.0 8.0 8.0 9.0 10.0 21.0 9.0 9.0 9.0 8.0 9.0 8.0 8.0 8.0 8.0 8.0 8.0 8.0 8.0 8.0 8.0 8.0 8.0 8.0 8.0 8.0 8.0 8.0 19.0 8.0 8.0 8.0 10.0 8.0 8.0 8.0 8.0 9.0 8.0 8.0 8.0 8.0 8.0 8.0 19.0 8.0 7.0 8.0 7.0 7.0 8.0 8.0 8.0 8.0 8.0 7.0 8.0 8.0 8.0 8.0 8.0 8.0 8.0 8.0 8.0 8.0 8.0 9.0 8.0 8.0 8.0 8.0 8.0 8.0 8.0 8.0 8.0 8.0 11.0 8.0 8.0 8.0 8.0 8.0 9.0 8.0 8.0 8.0 8.0 8.0 8.0 9.0 8.0 8.0 8.0 8.0 7.0
44 45 1 TRACE 73.0 41.0 41.0 73.0 40.0 38.0 43.0 41.0 39.0 81.0 79.0 37.0 61.0 41.0 47.0 94.0 41.0 40.0 57.0 30.0 37.0 50.0 39.0 41.0 86.0 86.0 50.0 37.0 44.0 76.0 83.0 53.0 48.0 102.0 63.0 39.0 44.0 51.0 136.0 74.0 42.0 46.0 41.0 84.0 39.0 77.0 38.0 50.0 48.0 39.0 80.0 52.0 40.0 44.0 47.0 77.0 44.0 41.0 37.0 49.0 110.0 143.0 43.0 39.0 45.0 49.0 52.0 58.0 74.0 35.0 37.0 71.0 50.0 61.0 66.0 49.0 92.0 43.0 55.0 99.0 40.0 76.0 37.0 38.0 52.0 79.0 80.0 60.0 84.0 41.0 40.0 73.0 42.0 39.0 42.0 71.0 105.0 38.0 35.0 91.0 41.0 40.0 83.0 39.0 45.0 74.0 53.0 39.0 35.0 89.0 73.0 83.0 48.0 47.0 46.0 61.0 46.0 38.0 38.0 47.0 276.0 134.0 132.0 150.0 44.0 44.0 43.0 43.0 41.0 51.0 33.0 38.0 76.0 70.0 50.0 74.0 38.0 71.0 73.0 47.0 43.0 36.0 38.0 34.0 49.0 28.0 113.0 60.0 68.0 29.0 48.0 57.0 40.0 52.0 33.0 63.0 87.0 45.0 36.0 36.0 45.0 61.0 76.0 73.0 49.0 39.0 44.0 36.0 73.0 38.0 39.0 43.0 38.0 55.0 35.0 37.0 79.0 40.0 80.0 58.0 39.0 40.0 90.0 63.0 31.0 42.0 38.0 49.0 38.0 73.0 37.0 87.0 39.0 48.0 75.0 43.0 38.0 79.0 80.0 51.0 41.0 40.0 38.0 131.0 36.0 40.0 42.0 93.0 74.0 75.0 49.0 76.0 36.0 42.0
45 46 1 TRACE 22.0 22.0 22.0 17.0 19.0 19.0 19.0 20.0 21.0 21.0 19.0 23.0 21.0 22.0 20.0 21.0 23.0 27.0 21.0 52.0 20.0 20.0 19.0 54.0 20.0 25.0 19.0 26.0 22.0 29.0 39.0 20.0 22.0 25.0 20.0 21.0 18.0 19.0 19.0 19.0 19.0 21.0 18.0 23.0 26.0 22.0 20.0 22.0 24.0 22.0 21.0 41.0 20.0 24.0 21.0 17.0 23.0 24.0 23.0 24.0 19.0 22.0 19.0 22.0 24.0 23.0 29.0 23.0 72.0 27.0 21.0 21.0 19.0 22.0 22.0 20.0 21.0 20.0 22.0 40.0 23.0 18.0 19.0 19.0 21.0 19.0 19.0 22.0 29.0 19.0 20.0 22.0 18.0 20.0 20.0 18.0 19.0 18.0 19.0 24.0 21.0 58.0 24.0 19.0 22.0 21.0 19.0 21.0 24.0 21.0 19.0 21.0 21.0 20.0 23.0 23.0 17.0 22.0 22.0 20.0 60.0 32.0 44.0 21.0 57.0 30.0 21.0 19.0 22.0 18.0 20.0 22.0 21.0 21.0 20.0 20.0 19.0 57.0 19.0 21.0 20.0 23.0 28.0 20.0 24.0 21.0 22.0 19.0 21.0 21.0 21.0 20.0 19.0 22.0 28.0 22.0 24.0 22.0 18.0 19.0 20.0 23.0 21.0 19.0 23.0 19.0 19.0 19.0 21.0 20.0 19.0 18.0 19.0 26.0 21.0 21.0 19.0 18.0 21.0 20.0 58.0 20.0 22.0 23.0 19.0 21.0 20.0 20.0 19.0 22.0 19.0 21.0 18.0 23.0 21.0 15.0 19.0 19.0 17.0 23.0 20.0 21.0 20.0 24.0 20.0 62.0 20.0 23.0 18.0 20.0 20.0 23.0 18.0 22.0
46 47 1 TRACE 355.0 102.0 92.0 256.0 89.0 96.0 236.0 82.0 76.0 192.0 80.0 86.0 309.0 104.0 77.0 342.0 121.0 131.0 327.0 105.0 80.0 299.0 155.0 101.0 104.0 201.0 86.0 76.0 219.0 86.0 75.0 274.0 95.0 76.0 221.0 83.0 83.0 297.0 127.0 76.0 82.0 291.0 127.0 107.0 75.0 220.0 91.0 83.0 344.0 137.0 76.0 303.0 92.0 112.0 287.0 156.0 72.0 74.0 333.0 129.0 71.0 328.0 127.0 137.0 110.0 181.0 107.0 71.0 289.0 142.0 82.0 83.0 209.0 81.0 76.0 231.0 84.0 89.0 347.0 113.0 111.0 228.0 88.0 110.0 323.0 100.0 78.0 316.0 90.0 114.0 237.0 90.0 136.0 187.0 78.0 77.0 192.0 88.0 79.0 245.0 100.0 100.0 358.0 121.0 75.0 82.0 231.0 89.0 72.0 282.0 129.0 71.0 82.0 207.0 89.0 73.0 297.0 160.0 112.0 74.0 347.0 95.0 144.0 318.0 141.0 78.0 121.0 262.0 111.0 106.0 277.0 147.0 87.0 80.0 334.0 101.0 83.0 329.0 103.0 106.0 313.0 121.0 110.0 78.0 229.0 83.0 71.0 218.0 95.0 72.0 382.0 96.0 112.0 278.0 100.0 71.0 285.0 113.0 113.0 72.0 323.0 157.0 72.0 74.0 218.0 130.0 82.0 224.0 85.0 75.0 224.0 116.0 79.0 298.0 142.0 77.0 213.0 128.0 73.0 282.0 130.0 83.0 75.0 338.0 146.0 79.0 144.0 322.0 157.0 150.0 77.0 297.0 132.0 79.0 78.0 309.0 168.0 73.0 79.0 314.0 164.0 83.0 77.0 289.0 115.0 108.0 71.0 196.0 94.0 70.0 322.0 123.0 107.0 136.0
47 48 1 TRACE 13.0 68.0 52.0 25.0 25.0 34.0 10.0 8.0 9.0 16.0 13.0 16.0 17.0 2069.0 8.0 18.0 12.0 11.0 12.0 11.0 9.0 8.0 10.0 10.0 10.0 10.0 19.0 11.0 8.0 12.0 15.0 12.0 12.0 13.0 11.0 8.0 9.0 13.0 10.0 12.0 10.0 10.0 8.0 10.0 9.0 15.0 19.0 19.0 11.0 8.0 9.0 20.0 10.0 14.0 13.0 11.0 7.0 13.0 18.0 10.0 13.0 10.0 10.0 8.0 25.0 26.0 10.0 17.0 16.0 9.0 7.0 10.0 9.0 14.0 14.0 15.0 10.0 8.0 22.0 21.0 11.0 12.0 10.0 10.0 8.0 17.0 21.0 13.0 20.0 25.0 12.0 8.0 15.0 15.0 13.0 16.0 13.0 9.0 8.0 12.0 16.0 9.0 10.0 10.0 9.0 8.0 12.0 15.0 15.0 25.0 18.0 10.0 7.0 25.0 19.0 11.0 16.0 14.0 10.0 9.0 10.0 10.0 20.0 9.0 11.0 10.0 8.0 52.0 19.0 18.0 23.0 17.0 12.0 8.0 13.0 55.0 16.0 10.0 10.0 11.0 9.0 10.0 9.0 13.0 12.0 10.0 10.0 9.0 64.0 43.0 10.0 22.0 25.0 10.0 8.0 10.0 9.0 12.0 17.0 15.0 10.0 19.0 9.0 11.0 10.0 14.0 10.0 9.0 8.0 9.0 11.0 11.0 13.0 10.0 10.0 8.0 70.0 18.0 15.0 19.0 19.0 11.0 8.0 13.0 13.0 10.0 17.0 11.0 10.0 8.0 48.0 13.0 10.0 13.0 10.0 10.0 8.0 10.0 11.0 12.0 57.0 19.0 10.0 9.0 10.0 10.0 10.0 13.0 11.0 9.0 8.0 15.0 12.0 10.0 12.0 11.0 10.0 8.0 9.0 16.0 22.0 17.0 22.0 10.0 7.0 151.0 10.0 11.0 12.0 21.0 10.0 8.0 49.0 12.0 9.0 13.0 10.0 10.0 8.0 9.0 10.0 14.0 20.0 19.0 11.0 8.0 10.0 11.0 11.0 14.0 11.0 10.0 7.0 10.0 16.0 10.0 13.0 11.0 10.0 8.0 54.0 21.0 20.0 11.0 17.0 11.0 8.0 10.0 14.0 10.0 10.0 15.0 10.0 7.0 9.0 9.0 10.0 12.0 10.0 10.0 7.0 10.0 11.0 9.0 13.0 10.0 10.0 8.0 18.0 9.0 20.0 27.0 25.0 11.0 8.0 15.0 19.0 11.0 18.0 17.0 10.0 8.0 9.0 11.0 10.0 14.0 10.0 15.0 7.0 46.0 16.0 57.0 9.0 10.0 14.0 8.0 9.0 11.0 16.0 19.0 20.0 10.0 8.0 36.0 12.0 11.0 11.0 12.0 10.0 8.0 10.0 12.0 9.0 12.0 10.0 10.0 8.0 27.0 18.0 14.0 22.0 22.0 10.0 8.0 9.0 11.0 11.0 17.0 13.0 11.0 8.0 9.0 10.0 9.0 10.0 11.0 10.0 9.0 19.0 18.0 9.0 16.0 20.0 11.0 8.0 31.0 14.0 10.0 9.0 12.0 10.0 8.0 9.0 11.0 16.0 10.0 10.0 10.0 8.0 9.0 16.0 11.0 38.0 32.0 12.0 8.0 14.0 9.0 12.0 20.0 18.0 10.0 8.0 46.0 13.0 11.0 10.0 10.0 11.0 8.0 11.0 52.0 11.0 16.0 13.0 10.0 8.0 17.0 18.0 19.0 22.0 23.0 10.0 8.0 9.0 9.0 10.0 17.0 15.0 9.0 8.0 14.0 13.0 12.0 11.0 12.0 46.0 9.0 63.0 12.0 14.0 22.0 23.0 11.0 8.0 10.0 17.0 12.0 16.0 12.0 10.0 8.0 9.0 13.0 10.0 15.0 13.0 9.0 8.0 9.0 10.0 10.0 14.0 9.0 9.0 8.0 9.0 10.0 14.0 19.0 10.0 11.0 10.0 11.0 24.0 9.0 14.0 13.0 9.0 8.0 79.0 13.0 10.0 13.0 12.0 10.0 8.0 32.0 27.0 21.0 19.0 32.0 10.0 8.0 16.0 14.0 14.0 16.0 15.0 11.0 8.0 48.0 14.0 10.0 14.0 13.0 10.0 8.0 9.0 11.0 11.0 15.0 13.0 9.0 8.0 31.0 16.0 10.0 22.0 17.0 10.0 8.0 25.0 17.0 12.0 16.0 15.0 10.0 8.0 23.0 25.0 10.0 15.0 13.0 9.0 8.0 9.0 13.0 10.0 20.0 10.0 43.0 8.0 23.0 10.0 12.0 14.0 13.0 11.0 8.0 9.0 9.0 9.0 10.0 12.0 11.0 8.0 10.0 28.0 12.0 21.0 24.0 11.0 9.0 10.0 10.0 13.0 16.0 16.0 10.0 8.0 9.0 9.0 10.0 15.0 13.0 10.0 9.0 11.0 15.0 13.0 16.0 10.0 10.0 8.0 24.0 31.0 11.0 14.0 13.0 11.0 8.0 9.0 9.0 11.0 12.0 17.0 11.0 8.0 9.0 15.0 16.0 10.0 18.0 10.0 8.0 16.0 14.0 10.0 14.0 14.0 11.0 8.0 38.0 23.0 10.0 10.0 10.0 11.0 8.0 10.0 10.0 9.0 19.0 16.0 19.0 7.0 47.0 16.0 12.0 15.0 14.0 10.0 8.0 9.0 9.0 12.0 14.0 10.0 9.0 8.0 20.0 20.0 13.0 19.0 19.0 11.0 8.0 71.0 11.0 9.0 10.0 11.0 10.0 8.0 9.0 9.0 9.0 12.0 12.0 11.0 8.0 67.0 15.0 10.0 13.0 18.0 10.0 8.0 9.0 58.0 11.0 14.0 13.0 11.0 8.0 9.0 12.0 11.0 10.0 9.0 10.0 8.0 30.0 18.0 14.0 18.0 18.0 10.0 8.0 10.0 10.0 11.0 13.0 11.0 10.0 8.0 13.0 13.0 10.0 12.0 13.0 45.0 8.0 44.0 20.0 10.0 12.0 56.0 18.0 8.0 30.0 14.0 9.0 15.0 14.0 10.0 8.0 9.0 9.0 11.0 14.0 11.0 11.0 8.0 25.0 24.0 15.0 13.0 20.0 9.0 7.0 17.0 15.0 48.0 50.0 44.0 11.0 8.0 15.0 12.0 12.0 14.0 11.0 10.0 8.0 29.0 13.0 10.0 11.0 10.0 10.0 9.0 24.0 19.0 13.0 17.0 19.0 10.0 7.0 9.0 9.0 11.0 13.0 12.0 11.0 7.0 13.0 14.0 11.0 14.0 10.0 10.0 9.0 94.0 26.0 20.0 30.0 29.0 11.0 8.0 10.0 10.0 13.0 17.0 15.0 11.0 8.0 14.0 13.0 10.0 11.0 12.0 10.0 20.0 29.0 10.0 10.0 13.0 12.0 10.0 8.0 26.0 16.0 14.0 16.0 19.0 11.0 7.0 9.0 13.0 12.0 57.0 15.0 10.0 7.0 16.0 11.0 10.0 31.0 12.0 10.0 8.0 17.0 14.0 10.0 11.0 19.0 11.0 8.0 10.0 20.0 13.0 18.0 18.0 12.0 8.0 10.0 9.0 12.0 16.0 12.0 10.0 20.0 10.0 11.0 9.0 10.0 13.0 10.0 9.0 39.0 55.0 22.0 22.0 22.0 25.0 10.0 22.0 11.0 61.0 30.0 33.0 16.0 9.0 11.0 12.0 23.0 40.0 22.0 24.0 9.0 11.0 11.0 18.0 10.0 16.0 30.0 9.0 14.0 13.0 13.0 10.0 21.0 13.0 9.0 27.0 10.0 10.0 20.0 21.0 38.0 8.0 10.0 10.0 12.0 10.0 11.0 12.0 8.0 10.0 16.0 16.0 15.0 10.0 10.0 7.0 18.0 12.0 12.0 16.0 14.0 11.0 8.0 9.0 9.0 11.0 14.0 12.0 11.0 8.0 25.0 10.0 11.0 24.0 28.0 11.0 8.0 44.0 123.0 16.0 15.0 17.0 10.0 8.0 9.0 12.0 11.0 18.0 11.0 10.0 8.0 11.0 13.0 12.0 14.0 13.0 10.0 9.0 9.0 15.0 15.0 25.0 24.0 11.0 7.0 9.0 14.0 9.0 12.0 13.0 10.0 7.0 46.0 14.0 18.0 13.0 10.0 10.0 8.0 18.0 17.0 14.0 22.0 22.0 11.0 8.0 16.0 11.0 10.0 16.0 14.0 10.0 8.0 9.0 9.0 23.0 15.0 11.0 10.0 8.0 10.0 18.0 21.0 10.0 30.0 9.0 8.0 15.0 14.0 17.0 12.0 13.0 10.0 8.0 9.0 19.0 12.0 10.0 11.0 11.0 8.0 9.0 13.0 12.0 14.0 12.0 9.0 8.0 9.0 25.0 15.0 17.0 15.0 9.0 8.0 30.0 12.0 11.0 14.0 14.0 10.0 8.0 12.0 12.0 11.0 13.0 13.0 11.0 8.0 11.0 10.0 10.0 16.0 18.0 12.0 8.0 9.0 9.0 11.0 13.0 13.0 11.0 8.0 13.0 13.0 11.0 14.0 13.0 10.0 8.0 9.0 10.0 17.0 21.0 59.0 11.0 7.0 97.0 13.0 10.0 15.0 54.0 15.0 8.0 47.0 11.0 10.0 10.0 12.0 46.0 8.0 9.0 16.0 13.0 19.0 28.0 11.0 8.0 54.0 28.0 10.0 13.0 14.0 10.0 8.0 50.0 72.0 10.0 14.0 13.0 9.0 8.0 18.0 23.0 19.0 10.0 18.0 11.0 7.0 20.0 17.0 11.0 14.0 10.0 10.0 7.0 9.0 9.0 11.0 15.0 11.0 10.0 8.0 46.0 16.0 10.0 14.0 13.0 10.0 8.0 10.0 17.0 21.0 17.0 22.0 13.0 8.0 10.0 10.0 12.0 15.0 16.0 11.0 8.0 10.0 11.0 12.0 13.0 12.0 9.0 8.0 9.0 13.0 12.0 11.0 11.0 10.0 8.0 10.0 15.0 11.0 18.0 10.0 11.0 8.0 9.0 9.0 12.0 11.0 13.0 10.0 8.0 9.0 55.0 11.0 9.0 10.0 9.0 8.0 16.0 15.0 12.0 18.0 20.0 9.0 8.0 10.0 9.0 12.0 15.0 13.0 11.0 8.0 10.0 30.0 10.0 14.0 13.0 11.0 9.0 35.0 19.0 11.0 11.0 16.0 11.0 8.0 9.0 10.0 11.0 14.0 14.0 10.0 8.0 9.0 13.0 9.0 12.0 12.0 10.0 8.0 10.0 22.0 16.0 24.0 25.0 11.0 8.0 9.0 10.0 11.0 18.0 18.0 10.0 8.0 10.0 12.0 35.0 51.0 43.0 11.0 8.0 9.0 15.0 13.0 16.0 20.0 10.0 8.0 9.0 10.0 10.0 15.0 15.0 11.0 8.0 9.0 10.0 10.0 14.0 13.0 11.0 8.0 12.0 10.0 10.0 30.0 28.0 11.0 7.0 15.0 61.0 12.0 17.0 18.0 10.0 8.0 9.0 10.0 10.0 16.0 11.0 11.0 8.0 9.0 10.0 11.0 14.0 12.0 46.0 9.0 20.0 16.0 15.0 19.0 25.0 10.0 8.0 9.0 9.0 11.0 18.0 15.0 11.0 8.0 9.0 14.0 18.0 13.0 12.0 13.0 8.0 12.0 12.0 10.0 13.0 13.0 10.0 9.0 11.0 20.0 17.0 27.0 26.0 10.0 8.0 10.0 16.0 12.0 10.0 9.0 9.0 8.0 9.0 10.0 11.0 14.0 13.0 11.0 8.0 9.0 10.0 11.0 14.0 13.0 10.0 8.0 12.0 19.0 16.0 27.0 29.0 10.0 8.0 16.0 13.0 11.0 10.0 12.0 9.0 8.0 9.0 11.0 11.0 14.0 12.0 10.0 8.0 13.0 15.0 10.0 11.0 9.0 14.0 8.0 11.0 17.0 14.0 14.0 26.0 12.0 8.0 9.0 10.0 10.0 16.0 16.0 10.0 8.0 42.0 11.0 10.0 13.0 13.0 10.0 8.0 10.0 10.0 10.0 12.0 12.0 10.0 8.0 28.0 20.0 21.0 16.0 27.0 11.0 8.0 9.0 14.0 10.0 10.0 10.0 10.0 8.0 12.0 10.0 12.0 14.0 9.0 11.0 8.0 63.0 47.0 11.0 12.0 12.0 10.0 8.0 69.0 11.0 10.0 28.0 58.0 19.0 7.0 48.0 13.0 10.0 17.0 16.0 10.0 8.0 10.0 21.0 11.0 9.0 11.0 15.0 8.0 14.0 18.0 11.0 14.0 12.0 11.0 8.0 13.0 14.0 12.0 19.0 26.0 11.0 19.0 9.0 10.0 13.0 15.0 13.0 9.0 8.0 9.0 9.0 11.0 15.0 13.0 10.0 8.0 9.0 22.0 16.0 26.0 22.0 10.0 8.0 9.0 10.0 11.0 13.0 13.0 12.0 8.0 9.0 10.0 10.0 14.0 13.0 10.0 8.0 42.0 29.0 11.0 14.0 13.0 11.0
48 49 1 TRACE 29.0 37.0 24.0 23.0 20.0 18.0 28.0 8.0 18.0 19.0 22.0 16.0 33.0 31.0 8.0 10.0 10.0 9.0 10.0 10.0 11.0 27.0 27.0 22.0 21.0 20.0 18.0 20.0 8.0 12.0 12.0 11.0 18.0 12.0 13.0 7.0 9.0 11.0 9.0 10.0 9.0 11.0 18.0 27.0 27.0 24.0 19.0 17.0 18.0 8.0 17.0 13.0 10.0 10.0 10.0 10.0 7.0 14.0 11.0 9.0 10.0 9.0 11.0 21.0 32.0 24.0 25.0 20.0 21.0 18.0 7.0 10.0 14.0 10.0 11.0 21.0 10.0 8.0 21.0 10.0 10.0 10.0 9.0 11.0 22.0 27.0 32.0 29.0 19.0 18.0 21.0 9.0 18.0 22.0 22.0 17.0 18.0 19.0 8.0 9.0 12.0 10.0 10.0 10.0 10.0 24.0 27.0 26.0 30.0 19.0 18.0 23.0 9.0 22.0 20.0 23.0 16.0 21.0 15.0 8.0 9.0 10.0 9.0 11.0 10.0 11.0 22.0 26.0 22.0 29.0 19.0 18.0 35.0 9.0 24.0 26.0 18.0 21.0 18.0 15.0 8.0 20.0 10.0 9.0 10.0 9.0 10.0 19.0 25.0 23.0 28.0 20.0 17.0 24.0 11.0 20.0 21.0 22.0 17.0 17.0 18.0 7.0 9.0 9.0 9.0 10.0 10.0 9.0 8.0 9.0 10.0 9.0 10.0 10.0 11.0 24.0 28.0 33.0 23.0 19.0 18.0 19.0 8.0 11.0 11.0 10.0 11.0 15.0 11.0 7.0 21.0 11.0 9.0 10.0 10.0 11.0 24.0 29.0 22.0 24.0 24.0 46.0 23.0 8.0 11.0 12.0 10.0 11.0 11.0 12.0 7.0 9.0 10.0 9.0 10.0 10.0 10.0 27.0 28.0 26.0 20.0 20.0 18.0 21.0 8.0 21.0 15.0 13.0 13.0 12.0 15.0 8.0 9.0 10.0 10.0 10.0 15.0 10.0 19.0 25.0 28.0 25.0 19.0 17.0 18.0 8.0 11.0 11.0 10.0 11.0 10.0 12.0 7.0 9.0 11.0 9.0 10.0 10.0 11.0 17.0 23.0 33.0 34.0 20.0 25.0 18.0 11.0 26.0 22.0 20.0 20.0 17.0 61.0 7.0 9.0 13.0 10.0 9.0 10.0 10.0 7.0 9.0 11.0 10.0 10.0 9.0 11.0 18.0 24.0 28.0 30.0 20.0 17.0 22.0 11.0 25.0 18.0 24.0 18.0 51.0 20.0 7.0 14.0 10.0 9.0 10.0 10.0 10.0 7.0 11.0 12.0 10.0 10.0 9.0 11.0 26.0 27.0 32.0 24.0 19.0 17.0 25.0 8.0 11.0 13.0 11.0 12.0 11.0 13.0 7.0 10.0 10.0 10.0 10.0 9.0 11.0 26.0 29.0 28.0 29.0 19.0 18.0 20.0 9.0 20.0 17.0 20.0 13.0 13.0 14.0 7.0 9.0 22.0 12.0 10.0 9.0 9.0 27.0 26.0 22.0 27.0 19.0 17.0 20.0 8.0 16.0 14.0 13.0 13.0 12.0 12.0 7.0 16.0 10.0 10.0 11.0 9.0 10.0 13.0 21.0 32.0 20.0 24.0 82.0 22.0 15.0 58.0 21.0 26.0 22.0 17.0 22.0 7.0 50.0 10.0 9.0 11.0 10.0 10.0 7.0 10.0 14.0 10.0 10.0 9.0 10.0 24.0 25.0 34.0 29.0 20.0 18.0 20.0 9.0 19.0 21.0 18.0 16.0 16.0 12.0 7.0 19.0 10.0 10.0 11.0 9.0 14.0 18.0 24.0 37.0 30.0 19.0 17.0 23.0 11.0 33.0 21.0 23.0 17.0 18.0 19.0 7.0 11.0 10.0 9.0 10.0 10.0 10.0 7.0 9.0 10.0 10.0 20.0 10.0 13.0 17.0 24.0 30.0 24.0 19.0 18.0 24.0 9.0 22.0 22.0 10.0 10.0 9.0 13.0 7.0 9.0 10.0 9.0 10.0 9.0 11.0 19.0 29.0 32.0 26.0 20.0 17.0 42.0 10.0 19.0 19.0 19.0 18.0 18.0 21.0 8.0 13.0 10.0 9.0 10.0 9.0 10.0 8.0 9.0 10.0 9.0 10.0 9.0 11.0 26.0 27.0 34.0 21.0 20.0 18.0 20.0 8.0 11.0 14.0 12.0 12.0 10.0 13.0 8.0 21.0 10.0 10.0 10.0 9.0 11.0 26.0 28.0 41.0 21.0 20.0 18.0 18.0 8.0 12.0 16.0 12.0 12.0 11.0 49.0 8.0 9.0 10.0 10.0 11.0 10.0 10.0 24.0 30.0 28.0 31.0 18.0 18.0 21.0 9.0 18.0 17.0 18.0 17.0 16.0 18.0 7.0 9.0 15.0 9.0 9.0 9.0 11.0 25.0 29.0 25.0 23.0 20.0 18.0 21.0 8.0 40.0 13.0 11.0 11.0 11.0 12.0 7.0 9.0 12.0 9.0 10.0 11.0 10.0 22.0 39.0 36.0 35.0 25.0 18.0 27.0 10.0 18.0 17.0 21.0 17.0 17.0 18.0 7.0 11.0 10.0 46.0 9.0 9.0 12.0 26.0 30.0 26.0 22.0 27.0 17.0 17.0 8.0 17.0 27.0 14.0 13.0 12.0 14.0 7.0 9.0 11.0 9.0 10.0 11.0 10.0 22.0 27.0 38.0 23.0 19.0 17.0 20.0 8.0 10.0 10.0 11.0 12.0 10.0 13.0 7.0 9.0 11.0 11.0 10.0 9.0 11.0 18.0 27.0 23.0 20.0 19.0 17.0 18.0 7.0 48.0 10.0 9.0 10.0 10.0 11.0 8.0 10.0 11.0 10.0 9.0 10.0 10.0 23.0 26.0 28.0 26.0 19.0 17.0 21.0 8.0 10.0 13.0 11.0 10.0 10.0 11.0 8.0 10.0 10.0 9.0 16.0 9.0 16.0 26.0 29.0 22.0 26.0 19.0 22.0 17.0 8.0 15.0 15.0 14.0 12.0 12.0 19.0 8.0 9.0 12.0 10.0 10.0 34.0 10.0 18.0 23.0 21.0 28.0 23.0 18.0 21.0 10.0 20.0 21.0 22.0 19.0 20.0 18.0 8.0 12.0 11.0 9.0 10.0 9.0 11.0 7.0 9.0 10.0 10.0 10.0 9.0 9.0 23.0 32.0 21.0 26.0 18.0 23.0 20.0 8.0 10.0 14.0 10.0 11.0 10.0 11.0 7.0 10.0 15.0 9.0 9.0 10.0 10.0 18.0 27.0 28.0 32.0 19.0 17.0 30.0 11.0 20.0 23.0 21.0 18.0 16.0 18.0 8.0 16.0 10.0 10.0 10.0 10.0 11.0 8.0 10.0 9.0 9.0 10.0 9.0 10.0 21.0 26.0 26.0 22.0 19.0 18.0 19.0 8.0 28.0 12.0 46.0 16.0 10.0 12.0 7.0 10.0 11.0 10.0 9.0 10.0 9.0 19.0 23.0 33.0 23.0 18.0 22.0 29.0 10.0 32.0 18.0 21.0 18.0 20.0 18.0 7.0 9.0 14.0 10.0 10.0 9.0 11.0 8.0 10.0 10.0 21.0 11.0 10.0 9.0 23.0 41.0 109.0 46.0 32.0 32.0 62.0 10.0 11.0 55.0 27.0 13.0 14.0 12.0 9.0 32.0 28.0 15.0 11.0 24.0 21.0 17.0 27.0 30.0 32.0 19.0 21.0 21.0 14.0 23.0 24.0 20.0 26.0 18.0 18.0 8.0 18.0 10.0 51.0 49.0 11.0 18.0 8.0 10.0 55.0 10.0 10.0 11.0 10.0 26.0 31.0 32.0 23.0 19.0 18.0 19.0 8.0 12.0 13.0 12.0 12.0 11.0 13.0 7.0 9.0 21.0 9.0 10.0 9.0 14.0 14.0 31.0 20.0 22.0 19.0 16.0 23.0 14.0 21.0 21.0 21.0 18.0 17.0 17.0 7.0 12.0 10.0 10.0 10.0 9.0 11.0 7.0 13.0 11.0 10.0 9.0 10.0 10.0 33.0 25.0 38.0 31.0 19.0 17.0 20.0 9.0 20.0 19.0 19.0 18.0 16.0 18.0 7.0 9.0 11.0 10.0 9.0 16.0 18.0 24.0 26.0 31.0 28.0 20.0 18.0 18.0 9.0 17.0 21.0 21.0 16.0 13.0 15.0 8.0 9.0 13.0 9.0 10.0 9.0 10.0 19.0 36.0 34.0 54.0 55.0 81.0 21.0 11.0 22.0 58.0 20.0 17.0 17.0 17.0 8.0 14.0 13.0 52.0 10.0 10.0 11.0 8.0 9.0 10.0 10.0 10.0 10.0 11.0 27.0 32.0 24.0 25.0 25.0 18.0 20.0 8.0 13.0 13.0 13.0 12.0 11.0 15.0 7.0 21.0 13.0 10.0 10.0 10.0 10.0 26.0 61.0 24.0 25.0 19.0 17.0 18.0 8.0 10.0 15.0 12.0 12.0 11.0 13.0 7.0 33.0 11.0 10.0 10.0 10.0 12.0 24.0 26.0 32.0 27.0 19.0 17.0 55.0 9.0 17.0 22.0 22.0 16.0 17.0 15.0 7.0 10.0 10.0 9.0 11.0 10.0 14.0 26.0 28.0 32.0 27.0 19.0 18.0 21.0 9.0 16.0 13.0 14.0 12.0 13.0 16.0 7.0 9.0 11.0 9.0 10.0 10.0 10.0 18.0 27.0 30.0 43.0 20.0 18.0 20.0 11.0 20.0 25.0 19.0 18.0 29.0 17.0 7.0 9.0 12.0 10.0 10.0 9.0 10.0 7.0 14.0 10.0 10.0 10.0 10.0 10.0 16.0 42.0 22.0 21.0 19.0 17.0 29.0 12.0 23.0 19.0 21.0 18.0 17.0 17.0 7.0 18.0 10.0 10.0 17.0 9.0 11.0 8.0 14.0 18.0 10.0 10.0 10.0 11.0 25.0 29.0 90.0 46.0 29.0 18.0 19.0 8.0 11.0 16.0 11.0 11.0 11.0 15.0 7.0 47.0 10.0 10.0 10.0 10.0 10.0 22.0 26.0 23.0 25.0 18.0 18.0 18.0 8.0 10.0 15.0 11.0 16.0 10.0 12.0 7.0 20.0 10.0 9.0 10.0 9.0 12.0 23.0 27.0 22.0 24.0 19.0 18.0 19.0 8.0 9.0 15.0 11.0 11.0 11.0 13.0 7.0 9.0 12.0 10.0 10.0 10.0 10.0 39.0 41.0 24.0 30.0 19.0 18.0 19.0 9.0 19.0 22.0 21.0 17.0 17.0 21.0 7.0 18.0 11.0 12.0 10.0 10.0 10.0 26.0 26.0 32.0 26.0 20.0 18.0 20.0 8.0 10.0 11.0 12.0 12.0 12.0 12.0 8.0 12.0 10.0 11.0 10.0 10.0 9.0 15.0 26.0 20.0 19.0 19.0 17.0 26.0 12.0 22.0 27.0 23.0 18.0 17.0 17.0 7.0 11.0 44.0 11.0 9.0 10.0 10.0 8.0 9.0 12.0 9.0 9.0 10.0 12.0 31.0 29.0 32.0 29.0 19.0 18.0 23.0 11.0 21.0 21.0 24.0 24.0 17.0 18.0 8.0 9.0 11.0 10.0 10.0 42.0 14.0 7.0 9.0 9.0 10.0 9.0 9.0 46.0 20.0 26.0 22.0 29.0 19.0 17.0 23.0 11.0 38.0 18.0 23.0 18.0 17.0 19.0 7.0 9.0 9.0 9.0 10.0 10.0 12.0 8.0 10.0 12.0 9.0 10.0 10.0 10.0 18.0 25.0 59.0 70.0 20.0 17.0 22.0 11.0 20.0 21.0 22.0 18.0 16.0 20.0 7.0 9.0 10.0 10.0 10.0 10.0 10.0 8.0 10.0 11.0 10.0 10.0 9.0 10.0 15.0 29.0 23.0 18.0 23.0 17.0 27.0 13.0 25.0 25.0 25.0 19.0 20.0 17.0 7.0 10.0 10.0 11.0 10.0 9.0 9.0 20.0 10.0 10.0 10.0 9.0 9.0 10.0 17.0 52.0 34.0 31.0 20.0 17.0 58.0 12.0 22.0 21.0 21.0 18.0 17.0 17.0 8.0 10.0 17.0 10.0 9.0 9.0 10.0 8.0 30.0 10.0 10.0 10.0 9.0 9.0 20.0 25.0 22.0 20.0 19.0 20.0 17.0 10.0 21.0 22.0 22.0 17.0 17.0 19.0 8.0 10.0 10.0 19.0 9.0 9.0 10.0 7.0 10.0 11.0 10.0 9.0 9.0 10.0 25.0 34.0 32.0 28.0 20.0 17.0 18.0 8.0 11.0 15.0 11.0 11.0 11.0 13.0 7.0 9.0 14.0 10.0 10.0 9.0 12.0 19.0 24.0 33.0 31.0 21.0 17.0 23.0 11.0 21.0 19.0 20.0 23.0 26.0 18.0 7.0 9.0 13.0 9.0 10.0 10.0 12.0 8.0 11.0 9.0 9.0 10.0 10.0 12.0
49 47 1 TRACE 218.0 169.0 163.0 156.0 135.0 136.0 70.0 66.0 54.0 50.0 48.0 70.0 30.0 30.0 30.0 30.0 30.0 32.0 163.0 114.0 96.0 83.0 65.0 68.0 47.0 41.0 42.0 41.0 39.0 41.0 36.0 31.0 31.0 30.0 30.0 30.0 98.0 82.0 70.0 63.0 57.0 61.0 34.0 32.0 32.0 32.0 31.0 33.0 30.0 30.0 30.0 30.0 29.0 38.0 109.0 82.0 81.0 66.0 61.0 67.0 76.0 36.0 34.0 35.0 33.0 36.0 30.0 30.0 30.0 30.0 30.0 30.0 199.0 154.0 121.0 110.0 96.0 101.0 59.0 66.0 55.0 52.0 50.0 51.0 30.0 30.0 31.0 49.0 44.0 31.0 194.0 142.0 115.0 98.0 95.0 90.0 55.0 53.0 55.0 50.0 49.0 48.0 33.0 33.0 32.0 42.0 30.0 30.0 198.0 143.0 120.0 101.0 96.0 92.0 56.0 53.0 59.0 87.0 87.0 57.0 42.0 30.0 30.0 30.0 30.0 31.0 210.0 166.0 148.0 127.0 105.0 106.0 68.0 67.0 60.0 55.0 53.0 57.0 30.0 31.0 30.0 31.0 35.0 31.0 31.0 31.0 29.0 30.0 29.0 31.0 116.0 90.0 78.0 68.0 62.0 66.0 37.0 38.0 38.0 43.0 37.0 51.0 33.0 30.0 30.0 30.0 29.0 31.0 129.0 86.0 78.0 67.0 61.0 63.0 37.0 38.0 59.0 36.0 39.0 37.0 30.0 31.0 30.0 31.0 29.0 32.0 186.0 119.0 99.0 89.0 76.0 79.0 68.0 62.0 62.0 48.0 58.0 44.0 31.0 30.0 30.0 31.0 30.0 33.0 118.0 84.0 71.0 62.0 56.0 60.0 33.0 32.0 31.0 32.0 33.0 34.0 62.0 31.0 30.0 30.0 29.0 32.0 239.0 209.0 144.0 146.0 120.0 113.0 74.0 68.0 59.0 68.0 56.0 55.0 77.0 34.0 31.0 31.0 31.0 32.0 30.0 30.0 30.0 30.0 30.0 31.0 229.0 208.0 137.0 122.0 107.0 107.0 71.0 62.0 63.0 56.0 53.0 55.0 31.0 31.0 30.0 31.0 31.0 32.0 30.0 30.0 30.0 42.0 30.0 67.0 132.0 99.0 80.0 73.0 64.0 68.0 48.0 40.0 39.0 49.0 38.0 41.0 30.0 30.0 30.0 30.0 30.0 31.0 172.0 126.0 105.0 89.0 78.0 81.0 60.0 50.0 51.0 48.0 46.0 50.0 66.0 31.0 67.0 31.0 30.0 32.0 150.0 111.0 99.0 83.0 71.0 74.0 104.0 48.0 51.0 49.0 44.0 45.0 30.0 30.0 30.0 30.0 30.0 31.0 219.0 211.0 211.0 194.0 151.0 154.0 98.0 78.0 70.0 60.0 56.0 61.0 36.0 31.0 31.0 44.0 36.0 34.0 29.0 28.0 28.0 31.0 28.0 32.0 192.0 152.0 109.0 97.0 85.0 92.0 69.0 54.0 64.0 50.0 50.0 59.0 28.0 29.0 48.0 31.0 29.0 31.0 200.0 173.0 137.0 117.0 102.0 101.0 71.0 62.0 62.0 56.0 57.0 55.0 46.0 29.0 30.0 31.0 28.0 32.0 29.0 47.0 30.0 30.0 28.0 30.0 126.0 82.0 69.0 61.0 93.0 57.0 36.0 35.0 41.0 30.0 30.0 32.0 56.0 29.0 29.0 31.0 28.0 31.0 193.0 147.0 120.0 113.0 94.0 98.0 75.0 60.0 59.0 53.0 52.0 53.0 30.0 29.0 29.0 31.0 64.0 32.0 29.0 31.0 28.0 30.0 28.0 30.0 138.0 95.0 92.0 69.0 69.0 68.0 38.0 39.0 38.0 41.0 36.0 41.0 30.0 28.0 30.0 31.0 28.0 31.0 159.0 108.0 105.0 77.0 80.0 69.0 41.0 66.0 42.0 44.0 39.0 43.0 30.0 32.0 35.0 33.0 29.0 32.0 191.0 134.0 112.0 96.0 84.0 88.0 66.0 75.0 51.0 51.0 47.0 50.0 32.0 31.0 31.0 28.0 28.0 31.0 144.0 88.0 78.0 70.0 96.0 72.0 80.0 37.0 36.0 39.0 34.0 38.0 31.0 32.0 28.0 30.0 28.0 31.0 201.0 166.0 116.0 116.0 93.0 92.0 55.0 55.0 58.0 53.0 49.0 53.0 39.0 28.0 32.0 31.0 33.0 33.0 214.0 130.0 110.0 88.0 103.0 79.0 46.0 47.0 47.0 48.0 43.0 47.0 35.0 31.0 28.0 30.0 33.0 29.0 105.0 83.0 78.0 65.0 59.0 64.0 42.0 34.0 36.0 43.0 34.0 37.0 31.0 33.0 31.0 30.0 28.0 31.0 97.0 76.0 68.0 67.0 58.0 61.0 34.0 31.0 32.0 33.0 30.0 34.0 35.0 30.0 28.0 69.0 34.0 31.0 119.0 107.0 76.0 67.0 60.0 63.0 72.0 36.0 35.0 35.0 35.0 37.0 29.0 29.0 29.0 31.0 28.0 31.0 171.0 106.0 98.0 89.0 74.0 65.0 48.0 44.0 82.0 45.0 41.0 47.0 33.0 32.0 30.0 29.0 29.0 28.0 198.0 163.0 137.0 116.0 107.0 104.0 76.0 64.0 62.0 57.0 53.0 53.0 103.0 30.0 29.0 31.0 28.0 31.0 29.0 28.0 29.0 46.0 41.0 29.0 116.0 83.0 78.0 68.0 60.0 62.0 69.0 36.0 35.0 37.0 32.0 36.0 31.0 28.0 29.0 30.0 59.0 30.0 198.0 227.0 133.0 118.0 100.0 102.0 148.0 67.0 61.0 56.0 53.0 92.0 30.0 28.0 30.0 32.0 29.0 31.0 40.0 34.0 36.0 32.0 28.0 30.0 109.0 83.0 73.0 64.0 59.0 62.0 35.0 38.0 33.0 33.0 32.0 35.0 34.0 103.0 30.0 43.0 29.0 39.0 210.0 188.0 171.0 123.0 104.0 99.0 69.0 61.0 60.0 55.0 52.0 54.0 38.0 31.0 28.0 31.0 28.0 31.0 30.0 30.0 30.0 39.0 28.0 30.0 166.0 128.0 181.0 135.0 86.0 115.0 94.0 85.0 63.0 36.0 55.0 64.0 50.0 69.0 56.0 56.0 61.0 69.0 369.0 221.0 184.0 180.0 143.0 132.0 82.0 85.0 68.0 70.0 64.0 62.0 31.0 41.0 35.0 32.0 31.0 33.0 70.0 33.0 34.0 40.0 32.0 32.0 147.0 114.0 87.0 81.0 113.0 72.0 47.0 44.0 44.0 45.0 40.0 45.0 33.0 31.0 28.0 29.0 28.0 31.0 198.0 209.0 179.0 156.0 133.0 132.0 113.0 72.0 63.0 63.0 56.0 59.0 30.0 30.0 30.0 31.0 31.0 31.0 30.0 28.0 28.0 30.0 27.0 30.0 187.0 161.0 115.0 104.0 88.0 91.0 59.0 58.0 53.0 54.0 52.0 53.0 70.0 57.0 28.0 28.0 64.0 69.0 182.0 134.0 113.0 98.0 85.0 86.0 55.0 55.0 55.0 49.0 49.0 50.0 35.0 31.0 28.0 29.0 29.0 31.0 207.0 169.0 129.0 118.0 97.0 101.0 64.0 62.0 56.0 60.0 54.0 57.0 30.0 29.0 28.0 54.0 30.0 31.0 35.0 31.0 28.0 29.0 28.0 31.0 155.0 101.0 85.0 76.0 67.0 72.0 99.0 41.0 43.0 43.0 39.0 42.0 28.0 28.0 28.0 31.0 28.0 30.0 173.0 135.0 87.0 75.0 65.0 69.0 55.0 45.0 40.0 41.0 38.0 40.0 28.0 28.0 28.0 31.0 28.0 30.0 191.0 143.0 111.0 99.0 85.0 110.0 57.0 55.0 56.0 50.0 49.0 47.0 30.0 30.0 30.0 38.0 29.0 31.0 177.0 132.0 101.0 89.0 77.0 101.0 47.0 46.0 49.0 49.0 44.0 48.0 28.0 29.0 29.0 30.0 28.0 32.0 202.0 183.0 132.0 124.0 107.0 104.0 69.0 65.0 95.0 58.0 87.0 64.0 42.0 32.0 29.0 30.0 29.0 31.0 42.0 57.0 30.0 30.0 28.0 29.0 217.0 183.0 154.0 137.0 117.0 115.0 77.0 79.0 63.0 60.0 54.0 59.0 35.0 30.0 29.0 31.0 29.0 32.0 64.0 28.0 27.0 30.0 29.0 31.0 134.0 104.0 86.0 75.0 75.0 63.0 43.0 44.0 40.0 43.0 39.0 41.0 31.0 29.0 28.0 32.0 31.0 33.0 105.0 86.0 75.0 66.0 59.0 63.0 45.0 36.0 33.0 34.0 33.0 35.0 28.0 28.0 30.0 28.0 28.0 31.0 120.0 85.0 79.0 68.0 62.0 63.0 42.0 38.0 35.0 37.0 32.0 36.0 31.0 32.0 68.0 29.0 28.0 31.0 212.0 140.0 117.0 102.0 89.0 91.0 100.0 60.0 58.0 52.0 48.0 53.0 30.0 28.0 41.0 30.0 30.0 45.0 148.0 108.0 83.0 75.0 65.0 69.0 48.0 86.0 45.0 42.0 37.0 41.0 30.0 33.0 28.0 29.0 28.0 31.0 212.0 228.0 187.0 140.0 124.0 120.0 75.0 71.0 67.0 60.0 54.0 60.0 32.0 31.0 35.0 32.0 31.0 33.0 30.0 32.0 28.0 30.0 27.0 32.0 229.0 183.0 137.0 117.0 101.0 100.0 70.0 68.0 62.0 56.0 54.0 56.0 30.0 35.0 28.0 29.0 29.0 30.0 31.0 29.0 29.0 30.0 27.0 30.0 228.0 166.0 136.0 116.0 101.0 101.0 79.0 61.0 63.0 93.0 68.0 56.0 30.0 34.0 29.0 30.0 29.0 31.0 55.0 31.0 28.0 30.0 28.0 30.0 209.0 183.0 139.0 119.0 99.0 103.0 71.0 65.0 64.0 97.0 59.0 58.0 30.0 32.0 29.0 31.0 29.0 32.0 30.0 29.0 33.0 30.0 40.0 28.0 220.0 187.0 169.0 156.0 129.0 125.0 83.0 77.0 69.0 60.0 55.0 61.0 35.0 31.0 32.0 32.0 29.0 32.0 39.0 30.0 38.0 30.0 28.0 32.0 219.0 197.0 142.0 132.0 108.0 107.0 77.0 73.0 61.0 63.0 59.0 65.0 29.0 31.0 28.0 32.0 35.0 35.0 35.0 28.0 28.0 31.0 28.0 31.0 196.0 190.0 162.0 104.0 95.0 85.0 101.0 67.0 60.0 54.0 52.0 59.0 71.0 31.0 28.0 31.0 30.0 31.0 28.0 28.0 28.0 29.0 27.0 33.0 121.0 100.0 80.0 69.0 62.0 68.0 35.0 39.0 36.0 40.0 35.0 39.0 45.0 31.0 28.0 32.0 28.0 31.0 214.0 189.0 133.0 118.0 103.0 102.0 71.0 64.0 90.0 59.0 57.0 62.0 30.0 31.0 30.0 31.0 29.0 31.0 30.0 29.0 28.0 29.0 28.0 33.0
49 50 1 TRACE 123.0 4783.0 281.0 87.0 123.0 120.0 87.0 85.0 145.0 322.0 34.0 135.0 128.0 87.0 141.0 151.0 100.0 43.0 192.0 40.0 87.0 114.0 187.0 147.0 36.0 62.0 80.0 113.0 81.0 128.0 110.0 191.0 180.0 88.0 162.0 61.0 163.0 563.0 65.0 32.0 77.0 584.0 122.0 96.0 31.0 120.0 119.0 200.0 148.0 80.0 34.0 63.0 297.0 83.0 45.0 209.0 36.0 328.0 127.0 54.0 133.0 109.0 180.0 134.0 73.0 43.0 35.0 111.0 135.0 63.0 68.0 148.0 274.0 120.0 149.0 101.0 33.0 159.0 87.0 69.0 32.0 68.0 145.0 135.0 63.0 137.0 44.0 73.0 86.0 74.0 51.0 198.0 106.0 98.0 51.0 146.0 96.0 113.0 65.0 154.0 80.0 51.0 41.0 94.0 154.0 94.0 89.0 105.0 46.0 70.0 39.0 353.0 110.0 41.0 82.0 33.0 64.0 86.0 102.0 203.0 67.0 144.0 30.0 42.0 86.0 153.0 41.0 122.0 166.0 34.0 213.0 42.0 116.0 79.0 137.0 85.0 41.0 142.0 102.0 106.0 44.0 95.0 32.0 145.0 1158.0 129.0 118.0 64.0 80.0 103.0 186.0 87.0 35.0 56.0 95.0 36.0 226.0 39.0 78.0 96.0 282.0 126.0 74.0 84.0 324.0 134.0 44.0 114.0 149.0 101.0 89.0 97.0 38.0 158.0 94.0 157.0 133.0 114.0 128.0 291.0 69.0 51.0 84.0 111.0 80.0 78.0 35.0 44.0 102.0 43.0 109.0 45.0 79.0 162.0 71.0 97.0 136.0 168.0 120.0 93.0 50.0 99.0 35.0 186.0 194.0 30.0 78.0 86.0 74.0 160.0 267.0 37.0 162.0 141.0
50 25 1 TRACE 38.0 28.0 21.0 24.0 28.0 23.0 24.0 22.0 23.0 22.0 24.0 26.0 20.0 20.0 21.0 24.0 23.0 66.0 23.0 23.0 20.0 25.0 25.0 23.0 22.0 23.0 24.0 23.0 21.0 45.0 57.0 26.0 18.0 62.0 22.0 23.0 57.0 47.0 23.0 23.0 27.0 24.0 26.0 22.0 62.0 25.0 26.0 24.0 21.0 23.0 27.0 29.0 22.0 24.0 23.0 26.0 24.0 30.0 22.0 22.0 23.0 21.0 26.0 24.0
50 41 1 TRACE 9.0 9.0 8.0 8.0 8.0 8.0 9.0 9.0 9.0 9.0 8.0 8.0 9.0 9.0 8.0 10.0 8.0 8.0 8.0 9.0 9.0 8.0 8.0 8.0 8.0 8.0 9.0 8.0 9.0 8.0 8.0 8.0 8.0 8.0 9.0 8.0 8.0 9.0 9.0 8.0 8.0 9.0 8.0 8.0 8.0 9.0 8.0 9.0 8.0 9.0 9.0 8.0 8.0 8.0 9.0 8.0 9.0 9.0 8.0 8.0 8.0 9.0 8.0 9.0 9.0 8.0 8.0 10.0 8.0 8.0 8.0 9.0 8.0 8.0 11.0 8.0 9.0 13.0 8.0 8.0 9.0 9.0 11.0 21.0 11.0 10.0 9.0 9.0 9.0 8.0 9.0 9.0 8.0 8.0 9.0 8.0 8.0 9.0 8.0 8.0 9.0 8.0 9.0 8.0 8.0 9.0 9.0 9.0 9.0 9.0 9.0 10.0 8.0 8.0 9.0 8.0 9.0 8.0 8.0 8.0 11.0 8.0 9.0 8.0 8.0 8.0 8.0 8.0 8.0 8.0 8.0 9.0 9.0 8.0 8.0 8.0 9.0 8.0 8.0 9.0 9.0 8.0 8.0 8.0 8.0 10.0 8.0 8.0 9.0 8.0
51 52 1 TRACE 552.0 515.0 455.0 419.0 422.0 423.0 432.0 517.0 429.0 430.0 418.0 418.0 442.0 419.0 425.0 423.0 444.0 420.0 412.0 409.0 463.0 413.0 411.0 418.0 427.0 412.0 478.0 409.0 494.0 429.0 409.0 435.0 430.0 431.0 429.0 452.0 430.0 643.0 421.0 482.0 432.0 431.0 433.0 752.0 430.0 431.0 462.0 430.0 435.0 472.0 429.0 474.0 438.0 429.0 466.0 433.0 443.0 431.0 431.0 429.0 430.0 432.0 431.0 431.0
52 53 1 TRACE 55.0 48.0 68.0 34.0 34.0 74.0 34.0 42.0 33.0 59.0 34.0 66.0 73.0 32.0 40.0 71.0 66.0 85.0 41.0 39.0 66.0 62.0 47.0 38.0 75.0 52.0 46.0 65.0 144.0 36.0 70.0 34.0 48.0 49.0 35.0 67.0 33.0 59.0 45.0 72.0 38.0 64.0 155.0 34.0 67.0 63.0 33.0 66.0 63.0 69.0 36.0 75.0 68.0 67.0 69.0 33.0 73.0 31.0 70.0 34.0 86.0 42.0 32.0 62.0
53 54 1 TRACE 25.0 12.0 22.0 24.0 21.0 26.0 21.0 23.0 22.0 18.0 21.0 20.0 26.0 21.0 15.0 21.0 21.0 30.0 24.0 22.0 19.0 22.0 22.0 24.0 20.0 13.0 26.0 33.0 16.0 22.0 18.0 21.0 19.0 21.0 22.0 43.0 37.0 22.0 21.0 24.0 16.0 20.0 18.0 23.0 34.0 62.0 20.0 20.0 20.0 32.0 24.0 19.0 18.0 17.0 20.0 20.0 19.0 20.0 21.0 15.0 21.0 18.0 16.0 23.0
54 55 1 TRACE 42.0 30.0 18.0 18.0 18.0 19.0 18.0 18.0 18.0 18.0 18.0 31.0 18.0 17.0 18.0 18.0 19.0 20.0 18.0 17.0 22.0 32.0 31.0 18.0 18.0 31.0 18.0 31.0 19.0 17.0 19.0 18.0 18.0 17.0 18.0 18.0 18.0 24.0 18.0 18.0 19.0 18.0 18.0 18.0 18.0 17.0 30.0 18.0 17.0 18.0 18.0 18.0 18.0 19.0 19.0 18.0 19.0 18.0 17.0 19.0 17.0 17.0 18.0 17.0
55 56 1 TRACE 11.0 8.0 7.0 7.0 7.0 7.0 7.0 7.0 7.0 7.0 7.0 8.0 7.0 7.0 7.0 8.0 7.0 7.0 7.0 7.0 7.0 8.0 8.0 7.0 7.0 7.0 8.0 8.0 8.0 7.0 7.0 7.0 7.0 7.0 7.0 7.0 7.0 8.0 7.0 7.0 7.0 7.0 7.0 7.0 7.0 20.0 8.0 7.0 8.0 7.0 7.0 7.0 7.0 7.0 7.0 7.0 7.0 7.0 7.0 7.0 7.0 7.0 7.0 7.0
56 57 1 TRACE 22.0 7.0 7.0 7.0 6.0 7.0 7.0 7.0 6.0 7.0 7.0 7.0 7.0 6.0 7.0 6.0 7.0 7.0 7.0 7.0 7.0 8.0 7.0 7.0 7.0 8.0 6.0 7.0 7.0 7.0 7.0 7.0 7.0 7.0 7.0 7.0 7.0 8.0 8.0 7.0 7.0 7.0 7.0 7.0 7.0 7.0 7.0 7.0 7.0 7.0 7.0 7.0 7.0 7.0 7.0 7.0 7.0 7.0 7.0 7.0 7.0 7.0 7.0 7.0
57 58 1 TRACE 11.0 7.0 7.0 7.0 7.0 7.0 7.0 6.0 7.0 7.0 7.0 7.0 7.0 7.0 7.0 7.0 6.0 7.0 7.0 7.0 7.0 7.0 8.0 7.0 6.0 7.0 7.0 7.0 7.0 7.0 7.0 7.0 7.0 7.0 6.0 7.0 6.0 9.0 8.0 6.0 6.0 7.0 6.0 7.0 7.0 7.0 7.0 7.0 7.0 7.0 6.0 7.0 7.0 6.0 7.0 6.0 6.0 7.0 7.0 7.0 7.0 7.0 7.0 7.0
58 59 1 TRACE 16.0 20.0 7.0 8.0 8.0 8.0 8.0 8.0 8.0 8.0 8.0 8.0 8.0 8.0 8.0 8.0 8.0 8.0 7.0 8.0 8.0 8.0 9.0 8.0 8.0 8.0 8.0 9.0 7.0 7.0 8.0 7.0 7.0 8.0 8.0 8.0 8.0 9.0 8.0 8.0 8.0 7.0 8.0 8.0 8.0 8.0 8.0 8.0 7.0 7.0 8.0 8.0 8.0 8.0 8.0 8.0 8.0 8.0 7.0 8.0 8.0 7.0 8.0 8.0
59 60 1 TRACE 7.0 7.0 19.0 6.0 6.0 7.0 7.0 7.0 19.0 6.0 7.0 19.0 7.0 18.0 18.0 7.0 18.0 19.0 7.0 6.0 18.0 8.0 8.0 18.0 18.0 8.0 7.0 7.0 7.0 19.0 18.0 7.0 7.0 7.0 6.0 7.0 7.0 8.0 7.0 6.0 7.0 7.0 6.0 7.0 7.0 7.0 19.0 6.0 7.0 7.0 7.0 6.0 7.0 7.0 7.0 7.0 6.0 6.0 7.0 7.0 6.0 7.0 7.0 7.0
60 61 1 TRACE 8.0 8.0 7.0 19.0 19.0 18.0 8.0 8.0 7.0 7.0 7.0 8.0 18.0 7.0 8.0 7.0 8.0 7.0 18.0 19.0 8.0 7.0 8.0 7.0 7.0 19.0 18.0 8.0 7.0 7.0 7.0 6.0 19.0 19.0 19.0 18.0 8.0 8.0 7.0 19.0 19.0 8.0 7.0 19.0 19.0 7.0 8.0 7.0 18.0 7.0 19.0 19.0 19.0 19.0 8.0 8.0 8.0 7.0 18.0 7.0 7.0 7.0 8.0 7.0
61 62 1 TRACE 19.0 7.0 7.0 7.0 7.0 8.0 8.0 7.0 7.0 7.0 7.0 8.0 7.0 7.0 8.0 7.0 8.0 7.0 8.0 7.0 7.0 8.0 8.0 7.0 7.0 8.0 8.0 7.0 7.0 7.0 7.0 7.0 7.0 8.0 7.0 8.0 8.0 8.0 7.0 7.0 7.0 7.0 7.0 7.0 7.0 8.0 8.0 7.0 8.0 19.0 7.0 7.0 7.0 8.0 7.0 8.0 8.0 7.0 8.0 7.0 7.0 7.0 7.0 7.0
62 1 1 TRACE 24.0 21.0 22.0 21.0 21.0 25.0 22.0 21.0 29.0 22.0 22.0 23.0 22.0 22.0 24.0 21.0 23.0 22.0 21.0 24.0 23.0 22.0 22.0 22.0 22.0 22.0 22.0 23.0 24.0 22.0 23.0 63.0 21.0 28.0 29.0 22.0 22.0 25.0 22.0 22.0 23.0 22.0 21.0 21.0 21.0 23.0 21.0 27.0 22.0 22.0 22.0 23.0 22.0 22.0 22.0 23.0 29.0 22.0 22.0 23.0 22.0 22.0 24.0
