0 1 CONSTANT 8.0
1 1 CONSTANT 8.0
2 1 CONSTANT 0.0
3 1 CONSTANT 8.0
4 1 CONSTANT 8.0
5 1 CONSTANT 8.0
6 1 CONSTANT 8.0
7 1 CONSTANT 8.0
8 1 CONSTANT 8.0
9 1 CONSTANT 0.0
10 1 CONSTANT 0.0
11 1 CONSTANT 0.0
12 1 CONSTANT 0.0
13 1 CONSTANT 8.0
14 1 CONSTANT 4.0
15 1 CONSTANT 4.0
16 1 CONSTANT 0.0
17 1 CONSTANT 0.0
18 1 CONSTANT 0.0
19 1 CONSTANT 0.0
20 1 CONSTANT 4.0
21 1 CONSTANT 8.0
22 1 CONSTANT 8.0
23 1 CONSTANT 8.0
24 1 CONSTANT 8.0
25 1 CONSTANT 4.0
26 1 CONSTANT 4.0
27 1 CONSTANT 8.0
28 1 TRACE 0.0 4.0 12.0 0.0 20.0 220.0 0.0 0.0 0.0 12.0 4.0 16.0 240.0 0.0 4.0 0.0 16.0 0.0 0.0 156.0 64.0 0.0 16.0 532.0 0.0 0.0 0.0 844.0 40.0 0.0 0.0 16.0 0.0 4.0 20.0 4.0 0.0 12.0 0.0 0.0 12.0 0.0 0.0 572.0 48.0 0.0 0.0 12.0 0.0 4.0 4.0 0.0 0.0 8.0 0.0 8.0 1092.0 0.0 0.0 0.0 4.0 0.0 4.0 20.0 0.0 4.0 1236.0 4.0 0.0 0.0 16.0 0.0 0.0 1252.0 4.0 0.0 4.0 1240.0 4.0 4.0 0.0 460.0 64.0 0.0 28.0 256.0 0.0 4.0 12.0 312.0 0.0 0.0 4.0 1240.0 4.0 0.0 0.0 172.0 104.0 0.0 0.0 1328.0 0.0 0.0 0.0 24.0 4.0 68.0 136.0 0.0 0.0 8.0 468.0 0.0 4.0 4.0 4.0 0.0 12.0 408.0 0.0 0.0 32.0 288.0 0.0 4.0 0.0 164.0 88.0 0.0 0.0 0.0 44.0 176.0 0.0 140.0 104.0 0.0 0.0 16.0 276.0 0.0 0.0 12.0 368.0 0.0 0.0 0.0 24.0 0.0 0.0 4.0 0.0 0.0 548.0 0.0 0.0 0.0 420.0 56.0 0.0 4.0 944.0 0.0 0.0 0.0 472.0 32.0 0.0 20.0 256.0 0.0 0.0 0.0 16.0 484.0 0.0 0.0 0.0 4.0 4.0 12.0 272.0 0.0 0.0 8.0 436.0 0.0 0.0 8.0 932.0 8.0 0.0 8.0 612.0 0.0 4.0 0.0 492.0 0.0 0.0 0.0 28.0 156.0 0.0 0.0 0.0 344.0 24.0 0.0 0.0 24.0 0.0 0.0 144.0 80.0 0.0 0.0 4.0 728.0 0.0 0.0 0.0 92.0 84.0 0.0 0.0 4.0 20.0 0.0 8.0 380.0 0.0 0.0 32.0 156.0 0.0 0.0 4.0 1104.0 4.0
29 1 CONSTANT 4.0
30 1 TRACE 0.0 4.0 12.0 0.0 20.0 220.0 0.0 0.0 0.0 12.0 4.0 16.0 240.0 0.0 4.0 0.0 16.0 0.0 0.0 156.0 64.0 0.0 16.0 532.0 0.0 0.0 0.0 844.0 40.0 0.0 0.0 16.0 0.0 4.0 20.0 4.0 0.0 12.0 0.0 0.0 12.0 0.0 0.0 572.0 48.0 0.0 0.0 12.0 0.0 4.0 4.0 0.0 0.0 8.0 0.0 8.0 1092.0 0.0 0.0 0.0 4.0 0.0 4.0 20.0 0.0 4.0 1236.0 4.0 0.0 0.0 16.0 0.0 0.0 1252.0 4.0 0.0 4.0 1240.0 4.0 4.0 0.0 460.0 64.0 0.0 28.0 256.0 0.0 4.0 12.0 312.0 0.0 0.0 4.0 1240.0 4.0 0.0 0.0 172.0 104.0 0.0 0.0 1328.0 0.0 0.0 0.0 24.0 4.0 68.0 136.0 0.0 0.0 8.0 468.0 0.0 4.0 4.0 4.0 0.0 12.0 408.0 0.0 0.0 32.0 288.0 0.0 4.0 0.0 164.0 88.0 0.0 0.0 0.0 44.0 176.0 0.0 140.0 104.0 0.0 0.0 16.0 276.0 0.0 0.0 12.0 368.0 0.0 0.0 0.0 24.0 0.0 0.0 4.0 0.0 0.0 548.0 0.0 0.0 0.0 420.0 56.0 0.0 4.0 944.0 0.0 0.0 0.0 472.0 32.0 0.0 20.0 256.0 0.0 0.0 0.0 16.0 484.0 0.0 0.0 0.0 4.0 4.0 12.0 272.0 0.0 0.0 8.0 436.0 0.0 0.0 8.0 932.0 8.0 0.0 8.0 612.0 0.0 4.0 0.0 492.0 0.0 0.0 0.0 28.0 156.0 0.0 0.0 0.0 344.0 24.0 0.0 0.0 24.0 0.0 0.0 144.0 80.0 0.0 0.0 4.0 728.0 0.0 0.0 0.0 92.0 84.0 0.0 0.0 4.0 20.0 0.0 8.0 380.0 0.0 0.0 32.0 156.0 0.0 0.0 4.0 1104.0 4.0
31 1 CONSTANT 8.0
32 1 CONSTANT 8.0
33 1 CONSTANT 4.0
34 1 CONSTANT 0.0
35 1 CONSTANT 0.0
36 1 CONSTANT 8.0
37 1 CONSTANT 8.0
38 1 CONSTANT 8.0
39 1 TRACE 8.0 0.0 0.0 8.0 0.0 8.0 0.0 8.0 0.0 0.0 8.0 0.0 8.0 0.0 8.0 0.0 0.0 8.0 8.0 0.0 0.0 8.0 0.0 8.0 0.0 8.0 8.0 0.0 0.0 8.0 0.0 0.0 8.0 0.0 0.0 8.0 0.0 0.0 8.0 0.0 0.0 8.0 8.0 0.0 0.0 8.0 0.0 0.0 8.0 0.0 0.0 8.0 0.0 0.0 8.0 0.0 8.0 0.0 8.0 0.0 0.0 8.0 0.0 0.0 8.0 0.0 8.0 0.0 8.0 0.0 0.0 8.0 0.0 8.0 0.0 8.0 0.0 8.0 0.0 8.0 8.0 0.0 0.0 8.0 0.0 8.0 0.0 8.0 0.0 8.0 0.0 8.0 0.0 8.0 0.0 8.0 8.0 0.0 0.0 8.0 0.0 8.0 0.0 8.0 0.0 0.0 8.0 0.0 8.0 0.0 8.0 0.0 8.0 0.0 8.0 0.0 0.0 8.0 0.0 8.0 0.0 8.0 0.0 8.0 0.0 8.0 8.0 0.0 8.0 0.0 8.0 8.0 0.0 0.0 8.0 0.0 8.0 0.0 8.0 0.0 8.0 0.0 8.0 0.0 8.0 0.0 8.0 0.0 0.0 8.0 0.0 0.0 8.0 0.0 8.0 0.0 8.0 8.0 0.0 0.0 8.0 0.0 8.0 0.0 8.0 8.0 0.0 0.0 8.0 0.0 8.0 0.0 8.0 8.0 0.0 8.0 0.0 8.0 0.0 0.0 8.0 0.0 8.0 0.0 8.0 0.0 8.0 0.0 8.0 0.0 8.0 0.0 8.0 0.0 8.0 0.0 8.0 0.0 8.0 0.0 8.0 8.0 0.0 8.0 0.0 8.0 8.0 0.0 0.0 8.0 0.0 0.0 8.0 8.0 0.0 8.0 0.0 8.0 0.0 8.0 0.0 8.0 8.0 0.0 8.0 0.0 8.0 0.0 0.0 8.0 0.0 8.0 0.0 8.0 0.0 8.0 0.0 8.0 0.0 8.0 0.0
40 1 CONSTANT 8.0
41 1 CONSTANT 8.0
42 1 CONSTANT 8.0
43 1 CONSTANT 33288.0
44 1 CONSTANT 33280.0
45 1 CONSTANT 8.0
46 1 CONSTANT 33288.0
47 1 CONSTANT 4.0
48 1 TRACE 1222512.0 452592.0 305600.0 1260176.0 549136.0 350528.0 8464.0 8096.0 7408.0 16.0 32.0 64.0 2535696.0 669280.0 400288.0 96160.0 85664.0 80304.0 336.0 336.0 288.0 1928752.0 587888.0 378320.0 632656.0 383776.0 273360.0 2688.0 2928.0 2544.0 16.0 0.0 0.0 2532768.0 670192.0 400848.0 91104.0 82176.0 75984.0 336.0 320.0 320.0 1369248.0 478000.0 319792.0 1107792.0 521152.0 338416.0 6384.0 6256.0 5936.0 16.0 0.0 16.0 2176832.0 652672.0 391104.0 32768.0 31776.0 30928.0 96.0 128.0 128.0 2494352.0 655120.0 396608.0 213184.0 172544.0 147904.0 768.0 768.0 736.0 1469120.0 583440.0 364880.0 10752.0 10528.0 10496.0 64.0 32.0 64.0 1738288.0 548288.0 357504.0 777296.0 436848.0 300256.0 3648.0 3600.0 3504.0 0.0 0.0 0.0 1200496.0 431008.0 289792.0 1258896.0 550816.0 353120.0 8016.0 7680.0 7584.0 16.0 32.0 48.0 1298544.0 468256.0 318448.0 1196048.0 538704.0 345424.0 7568.0 7344.0 6896.0 0.0 32.0 32.0 1541440.0 518624.0 342112.0 951760.0 482608.0 322400.0 4928.0 4832.0 4080.0 0.0 32.0 32.0 1600432.0 602384.0 369584.0 13264.0 12864.0 12736.0 80.0 64.0 32.0 1276624.0 454272.0 308992.0 1206608.0 538752.0 347040.0 7744.0 7264.0 6672.0 16.0 16.0 32.0 1865744.0 580240.0 378256.0 687520.0 405376.0 283344.0 2960.0 3072.0 2800.0 0.0 16.0 16.0 1258144.0 457728.0 315456.0 1229248.0 543680.0 346784.0 7984.0 7248.0 7568.0 0.0 16.0 16.0 2244368.0 623952.0 386944.0 395184.0 282576.0 218272.0 1488.0 1552.0 1536.0 1956144.0 595584.0 376000.0 604912.0 375008.0 268240.0 2640.0 2528.0 2272.0 0.0 0.0 0.0 1243168.0 469792.0 312944.0 1257152.0 544800.0 349536.0 8000.0 7888.0 7536.0 32.0 16.0 16.0 2145696.0 606560.0 378064.0 460512.0 311824.0 237552.0 1712.0 1952.0 1536.0 1219472.0 453280.0 302528.0 1264960.0 549648.0 351648.0 7984.0 7632.0 7744.0 16.0 16.0 16.0 2144848.0 610928.0 384384.0 462272.0 314064.0 236160.0 1712.0 1968.0 1728.0 2164992.0 615584.0 381696.0 453072.0 307856.0 232656.0 1552.0 1904.0 1680.0 1857728.0 624720.0 379408.0 20032.0 19664.0 18720.0 112.0 32.0 64.0 2557360.0 662256.0 396976.0 120384.0 106384.0 96496.0 352.0 432.0 384.0 2550688.0 659152.0 395232.0 140176.0 121168.0 108128.0 416.0 544.0 512.0 2178752.0 613184.0 385392.0 439888.0 305808.0 229664.0 1680.0 1712.0 1552.0 2240464.0 653728.0 390448.0 38480.0 36224.0 35936.0 144.0 160.0 128.0 2151280.0 606656.0 383040.0 458352.0 313360.0 234848.0 1984.0 1872.0 1680.0 1191648.0 435264.0 300672.0 1290976.0 556640.0 354032.0 8448.0 8624.0 7584.0 32.0 16.0 16.0 2485776.0 662592.0 397856.0 73712.0 66528.0 63264.0 176.0 288.0 240.0 2528384.0 657200.0 400448.0 187872.0 156864.0 134304.0 592.0 768.0 656.0 1724496.0 545328.0 353872.0 787680.0 438208.0 300240.0 3728.0 3648.0 3120.0 0.0 0.0 16.0 2544304.0 660944.0 398688.0 165280.0 139488.0 123296.0 528.0 560.0 576.0 2555840.0 663216.0 397344.0 119408.0 106432.0 96576.0 432.0 416.0 416.0 2193328.0 651824.0 391696.0 33856.0 32176.0 32304.0 128.0 80.0 160.0 2463984.0 668160.0 398608.0 65552.0 61136.0 58560.0 272.0 192.0 240.0 2231920.0 655504.0 394144.0 36976.0 34976.0 34880.0 112.0 128.0 128.0 2556944.0 666432.0 400384.0 121008.0 106208.0 96384.0 336.0 384.0 304.0 2554768.0 663872.0 396224.0 144768.0 123008.0 111328.0 544.0 640.0 544.0 1222448.0 443696.0 291536.0 1241504.0 546512.0 352224.0 7664.0 7728.0 7264.0 16.0 32.0 32.0 1713936.0 527232.0 346624.0 786128.0 442032.0 303632.0 3568.0 3712.0 3424.0 0.0 16.0 16.0 2511696.0 656176.0 401392.0 199888.0 164496.0 139280.0 752.0 800.0 672.0 1769072.0 618176.0 378992.0 17568.0 16400.0 15664.0 96.0 48.0 48.0 2295712.0 635600.0 390848.0 362960.0 261440.0 206512.0 1248.0 1568.0 1168.0 1774032.0 627872.0 382288.0 16800.0 16608.0 16064.0 64.0 80.0 48.0 2543152.0 669632.0 400240.0 95920.0 86896.0 80080.0 336.0 320.0 304.0 2505280.0 656576.0 397440.0 203072.0 165616.0 142848.0 624.0 768.0 640.0 1755024.0 568528.0 364016.0 774816.0 431008.0 298320.0 3664.0 3504.0 3328.0 0.0 0.0 16.0 2547872.0 665408.0 398928.0 99920.0 89536.0 83424.0 368.0 368.0 352.0 2525968.0 658352.0 396256.0 181792.0 152032.0 131520.0 672.0 624.0 576.0 2314032.0 630592.0 390576.0 347264.0 256864.0 201568.0 1312.0 1200.0 1200.0 2432912.0 645440.0 393184.0 260080.0 205440.0 170160.0 880.0 912.0 928.0 2507072.0 653024.0 394496.0 199680.0 165024.0 142240.0 528.0 752.0 576.0 2487072.0 665968.0 398704.0 72976.0 68000.0 63632.0 208.0 272.0 336.0 1747632.0 619472.0 380448.0 16656.0 16304.0 15440.0 32.0 96.0 80.0 1265840.0 462592.0 320224.0 1238864.0 545488.0 347312.0 8144.0 7552.0 7280.0 32.0 16.0 16.0 2246032.0 660720.0 392240.0 38624.0 35056.0 35568.0 128.0 96.0 96.0 2367568.0 639776.0 394976.0 309632.0 233392.0 186224.0 1024.0 1120.0 1008.0 2275136.0 655264.0 393392.0 40400.0 38672.0 37968.0 96.0 96.0 96.0 1203024.0 425664.0 290976.0 1265632.0 553856.0 353264.0 8096.0 8208.0 7360.0 16.0 32.0 32.0 2541008.0 657104.0 397840.0 157456.0 134224.0 117456.0 496.0 608.0 528.0 2512160.0 668832.0 399168.0 80368.0 73232.0 68432.0 208.0 288.0 304.0 2228656.0 626720.0 388832.0 408688.0 288368.0 220880.0 1568.0 1616.0 1440.0
49 1 TRACE 33296.0 33296.0 8.0 33296.0 33296.0 8.0 33296.0 33296.0 8.0 33296.0 33296.0 8.0 33296.0 33296.0 8.0 33296.0 33296.0 8.0 33296.0 33296.0 8.0 33296.0 33296.0 8.0 33296.0 33296.0 8.0 33296.0 33296.0 8.0 33296.0 33296.0 8.0 33296.0 33296.0 8.0 33296.0 33296.0 8.0 33296.0 33296.0 8.0 33296.0 33296.0 8.0 33296.0 33296.0 8.0 33296.0 33296.0 8.0 33296.0 33296.0 8.0 33296.0 33296.0 8.0 33296.0 33296.0 8.0 33296.0 33296.0 8.0 33296.0 33296.0 8.0 33296.0 33296.0 8.0 33296.0 33296.0 8.0 33296.0 33296.0 8.0 33296.0 33296.0 8.0 33296.0 33296.0 8.0 33296.0 33296.0 8.0 33296.0 33296.0 8.0 33296.0 33296.0 8.0 33296.0 33296.0 8.0 33296.0 33296.0 8.0 33296.0 33296.0 8.0 33296.0 33296.0 8.0 33296.0 33296.0 8.0 33296.0 33296.0 8.0 33296.0 33296.0 8.0 33296.0 33296.0 8.0 33296.0 33296.0 8.0 33296.0 33296.0 8.0 33296.0 33296.0 8.0 33296.0 33296.0 8.0 33296.0 33296.0 8.0 33296.0 33296.0 8.0 33296.0 33296.0 8.0 33296.0 33296.0 8.0 33296.0 33296.0 8.0 33296.0 33296.0 8.0 33296.0 33296.0 8.0 33296.0 33296.0 8.0 33296.0 33296.0 8.0 33296.0 33296.0 8.0 33296.0 33296.0 8.0 33296.0 33296.0 8.0 33296.0 33296.0 8.0 33296.0 33296.0 8.0 33296.0 33296.0 8.0 33296.0 33296.0 8.0 33296.0 33296.0 8.0 33296.0 33296.0 8.0 33296.0 33296.0 8.0 33296.0 33296.0 8.0 33296.0 33296.0 8.0 33296.0 33296.0 8.0 33296.0 33296.0 8.0 33296.0 33296.0 8.0 33296.0 33296.0 8.0 33296.0 33296.0 8.0 33296.0 33296.0 8.0 33296.0 33296.0 8.0 33296.0 33296.0 8.0 33296.0 33296.0 8.0 33296.0 33296.0 8.0 33296.0 33296.0 8.0 33296.0 33296.0 8.0 33296.0 33296.0 8.0 33296.0 33296.0 8.0 33296.0 33296.0 8.0 33296.0 33296.0 8.0 33296.0 33296.0 8.0 33296.0 33296.0 8.0 33296.0 33296.0 8.0 33296.0 33296.0 8.0 33296.0 33296.0 8.0 33296.0 33296.0 8.0 33296.0 33296.0 8.0 33296.0 33296.0 8.0 33296.0 33296.0 8.0 33296.0 33296.0 8.0 33296.0 33296.0 8.0 33296.0 33296.0 8.0 33296.0 33296.0 8.0 33296.0 33296.0 8.0 33296.0 33296.0 8.0 33296.0 33296.0 8.0 33296.0 33296.0 8.0 33296.0 33296.0 8.0 33296.0 33296.0 8.0 33296.0 33296.0 8.0 33296.0 33296.0 8.0 33296.0 33296.0 8.0 33296.0 33296.0 8.0 33296.0 33296.0 8.0 33296.0 33296.0 8.0 33296.0 33296.0 8.0 33296.0 33296.0 8.0 33296.0 33296.0 8.0 33296.0 33296.0 8.0 33296.0 33296.0 8.0 33296.0 33296.0 8.0 33296.0 33296.0 8.0 33296.0 33296.0 8.0 33296.0 33296.0 8.0 33296.0 33296.0 8.0 33296.0 33296.0 8.0 33296.0 33296.0 8.0 33296.0 33296.0 8.0 33296.0 33296.0 8.0 33296.0 33296.0 8.0 33296.0 33296.0 8.0 33296.0 33296.0 8.0 33296.0 33296.0 8.0 33296.0 33296.0 8.0 33296.0 33296.0 8.0 33296.0 33296.0 8.0 33296.0 33296.0 8.0 33296.0 33296.0 8.0 33296.0 33296.0 8.0 33296.0 33296.0 8.0 33296.0 33296.0 8.0 33296.0 33296.0 8.0 33296.0 33296.0 8.0 33296.0 33296.0 8.0 33296.0 33296.0 8.0 33296.0 33296.0 8.0 33296.0 33296.0 8.0 33296.0 33296.0 8.0 33296.0 33296.0 8.0 33296.0 33296.0 8.0 33296.0 33296.0 8.0 33296.0 33296.0 8.0 33296.0 33296.0 8.0 33296.0 33296.0 8.0 33296.0 33296.0 8.0 33296.0 33296.0 8.0 33296.0 33296.0 8.0 33296.0 33296.0 8.0 33296.0 33296.0 8.0 33296.0 33296.0 8.0 33296.0 33296.0 8.0 33296.0 33296.0 8.0 33296.0 33296.0 8.0 33296.0 33296.0 8.0 33296.0 33296.0 8.0 33296.0 33296.0 8.0 33296.0 33296.0 8.0 33296.0 33296.0 8.0 33296.0 33296.0 8.0 33296.0 33296.0 8.0 33296.0 33296.0 8.0 33296.0 33296.0 8.0 33296.0 33296.0 8.0 33296.0 33296.0 8.0 33296.0 33296.0 8.0 33296.0 33296.0 8.0 33296.0 33296.0 8.0 33296.0 33296.0 8.0 33296.0 33296.0 8.0 33296.0 33296.0 8.0 33296.0 33296.0 8.0 33296.0 33296.0 8.0 33296.0 33296.0 8.0 33296.0 33296.0 8.0 33296.0 33296.0 8.0 33296.0 33296.0 8.0 33296.0 33296.0 8.0 33296.0 33296.0 8.0 33296.0 33296.0 8.0 33296.0 33296.0 8.0 33296.0 33296.0 8.0 33296.0 33296.0 8.0 33296.0 33296.0 8.0 33296.0 33296.0 8.0 33296.0 33296.0 8.0 33296.0 33296.0 8.0 33296.0 33296.0 8.0 33296.0 33296.0 8.0 33296.0 33296.0 8.0 33296.0 33296.0 8.0 33296.0 33296.0 8.0 33296.0 33296.0 8.0 33296.0 33296.0 8.0 33296.0 33296.0 8.0 33296.0 33296.0 8.0 33296.0 33296.0 8.0 33296.0 33296.0 8.0 33296.0 33296.0 8.0 33296.0 33296.0 8.0 33296.0 33296.0 8.0 33296.0 33296.0 8.0 33296.0 33296.0 8.0 33296.0 33296.0 8.0 33296.0 33296.0 8.0 33296.0 33296.0 8.0 33296.0 33296.0 8.0 33296.0 33296.0 8.0 33296.0 33296.0 8.0 33296.0 33296.0 8.0 33296.0 33296.0 8.0 33296.0 33296.0 8.0 33296.0 33296.0 8.0 33296.0 33296.0 8.0
50 1 CONSTANT 8.0
51 1 CONSTANT 8.0
52 1 CONSTANT 8.0
53 1 CONSTANT 8.0
54 1 CONSTANT 0.0
55 1 CONSTANT 0.0
56 1 CONSTANT 0.0
57 1 CONSTANT 0.0
58 1 CONSTANT 0.0
59 1 CONSTANT 0.0
60 1 CONSTANT 0.0
61 1 CONSTANT 0.0
62 1 CONSTANT 8.0
