0 1 1 TRACE 1672855355373505.0
1 2 1 TRACE 11125.0 18.0 17.0 18.0 18.0 18.0 19.0 18.0 18.0 30.0 18.0 17.0 18.0 18.0 20.0 18.0 26.0 19.0 18.0 18.0 19.0 18.0 18.0 18.0 50.0 20.0 18.0 18.0 18.0 18.0 18.0 18.0 18.0 19.0 18.0 18.0 19.0 20.0 30.0 18.0 18.0 18.0 18.0 18.0 18.0 18.0 18.0 18.0 44.0 18.0 18.0 18.0 18.0 18.0 18.0 18.0 20.0 19.0 30.0 18.0 29.0 18.0 18.0 19.0
2 3 1 TRACE 1091.0 34.0 26.0 29.0 498.0 34.0 25.0 23.0 25.0 24.0 25.0 61.0 73.0 33.0 26.0 25.0 24.0 24.0 34.0 40.0 26.0 38.0 25.0 132.0 28.0 29.0 108.0 36.0 48.0 128.0 27.0 24.0 25.0 33.0 37.0 37.0 24.0 25.0 1123.0 127.0 55.0 26.0 56.0 50.0 25.0 121.0 26.0 26.0 58.0 552.0 114.0 62.0 26.0 26.0 25.0 78.0 86.0 28.0 56.0 27.0 88.0 27.0 24.0 25.0
3 4 1 TRACE 68.0 24.0 20.0 56.0 33.0 59.0 25.0 22.0 31.0 22.0 289.0 129.0 21.0 44.0 21.0 21.0 26.0 21.0 51.0 82.0 20.0 106.0 23.0 52.0 23.0 58.0 45.0 59.0 202.0 51.0 63.0 59.0 29.0 24.0 22.0 22.0 25.0 21.0 34.0 132.0 23.0 40.0 30.0 188.0 22.0 173.0 23.0 32.0 24.0 51.0 74.0 24.0 21.0 67.0 20.0 94.0 30.0 27.0 108.0 21.0 55.0 86.0 24.0 89.0
4 5 1 TRACE 21.0 15.0 16.0 15.0 14.0 17.0 59.0 16.0 20.0 15.0 19.0 15.0 14.0 15.0 14.0 15.0 15.0 15.0 16.0 54.0 15.0 95.0 15.0 15.0 16.0 16.0 15.0 15.0 138.0 15.0 49.0 52.0 15.0 15.0 15.0 15.0 24.0 15.0 14.0 25.0 15.0 15.0 15.0 15.0 15.0 24.0 21.0 15.0 16.0 15.0 27.0 15.0 15.0 47.0 16.0 51.0 15.0 26.0 41.0 15.0 15.0 16.0 16.0 101.0
5 6 1 TRACE 37.0 17.0 18.0 18.0 121.0 54.0 19.0 35.0 16.0 16.0 51.0 38.0 18.0 62.0 20.0 27.0 27.0 17.0 19.0 11.0 17.0 15.0 16.0 26.0 114.0 19.0 227.0 80.0 319.0 22.0 117.0 16.0 19.0 14.0 15.0 15.0 15.0 21.0 17.0 16.0 14.0 14.0 14.0 140.0 13.0 102.0 35.0 33.0 14.0 15.0 77.0 16.0 15.0 14.0 128.0 53.0 11.0 153.0 19.0 14.0 137.0 15.0 43.0 31.0
6 7 1 TRACE 18.0 13.0 155.0 12.0 157.0 12.0 153.0 99.0 156.0 13.0 14.0 14.0 119.0 12.0 14.0 14.0 153.0 14.0 150.0 9.0 13.0 13.0 14.0 12.0 19.0 14.0 17.0 8.0 15.0 8.0 15.0 12.0 185.0 14.0 13.0 15.0 145.0 11.0 138.0 13.0 120.0 70.0 138.0 16.0 151.0 15.0 16.0 17.0 14.0 14.0 51.0 124.0 11.0 11.0 9.0 14.0 13.0 8.0 14.0 13.0 23.0 15.0 14.0 14.0
7 8 1 TRACE 18.0 14.0 15.0 12.0 59.0 37.0 14.0 19.0 12.0 13.0 51.0 15.0 17.0 22.0 14.0 14.0 11.0 15.0 15.0 7.0 13.0 12.0 13.0 18.0 8.0 14.0 17.0 8.0 14.0 7.0 13.0 23.0 16.0 14.0 8.0 14.0 13.0 11.0 15.0 12.0 12.0 121.0 15.0 14.0 9.0 45.0 15.0 20.0 24.0 15.0 14.0 15.0 13.0 11.0 25.0 15.0 19.0 12.0 14.0 27.0 85.0 14.0 14.0 25.0
8 9 1 TRACE 17.0 13.0 15.0 20.0 38.0 11.0 14.0 47.0 12.0 13.0 75.0 12.0 16.0 10.0 14.0 13.0 15.0 14.0 15.0 7.0 13.0 12.0 13.0 12.0 8.0 8.0 96.0 7.0 8.0 15.0 14.0 21.0 16.0 14.0 8.0 14.0 14.0 12.0 14.0 7.0 15.0 116.0 15.0 15.0 16.0 43.0 16.0 13.0 8.0 8.0 12.0 14.0 22.0 10.0 26.0 14.0 19.0 14.0 67.0 64.0 38.0 18.0 14.0 14.0
9 10 1 TRACE 67.0 37.0 173.0 26.0 36.0 137.0 53.0 24.0 33.0 33.0 170.0 181.0 25.0 31.0 38.0 34.0 33.0 76.0 67.0 24.0 38.0 29.0 72.0 26.0 32.0 24.0 67.0 24.0 49.0 28.0 25.0 40.0 27.0 36.0 29.0 62.0 82.0 72.0 72.0 28.0 28.0 30.0 33.0 31.0 61.0 83.0 41.0 36.0 36.0 55.0 26.0 42.0 40.0 44.0 40.0 27.0 43.0 64.0 91.0 25.0 77.0 50.0 44.0 45.0
10 11 1 TRACE 22.0 28.0 25.0 16.0 52.0 19.0 16.0 27.0 16.0 16.0 16.0 16.0 16.0 17.0 26.0 22.0 16.0 16.0 17.0 17.0 18.0 16.0 17.0 16.0 16.0 17.0 16.0 16.0 39.0 16.0 16.0 60.0 17.0 21.0 16.0 16.0 45.0 17.0 15.0 16.0 17.0 100.0 16.0 16.0 17.0 17.0 16.0 18.0 16.0 16.0 16.0 16.0 26.0 100.0 17.0 17.0 17.0 20.0 16.0 16.0 16.0 19.0 16.0 48.0
11 12 1 TRACE 25.0 17.0 46.0 21.0 36.0 17.0 33.0 17.0 20.0 19.0 20.0 21.0 23.0 57.0 17.0 16.0 19.0 42.0 18.0 19.0 18.0 20.0 19.0 22.0 58.0 20.0 17.0 19.0 124.0 19.0 21.0 60.0 27.0 36.0 18.0 18.0 59.0 51.0 50.0 23.0 21.0 19.0 21.0 25.0 19.0 17.0 17.0 20.0 52.0 20.0 20.0 20.0 17.0 19.0 27.0 19.0 327.0 27.0 94.0 24.0 72.0 17.0 64.0 20.0
12 13 1 TRACE 25.0 21.0 22.0 20.0 19.0 30.0 59.0 19.0 21.0 24.0 20.0 20.0 19.0 17.0 17.0 16.0 20.0 50.0 22.0 20.0 52.0 32.0 20.0 20.0 17.0 21.0 37.0 51.0 17.0 21.0 20.0 40.0 21.0 17.0 23.0 24.0 65.0 19.0 17.0 22.0 92.0 28.0 20.0 20.0 20.0 94.0 28.0 20.0 19.0 21.0 19.0 19.0 81.0 89.0 19.0 20.0 173.0 47.0 20.0 20.0 41.0 19.0 22.0 19.0
13 14 1 TRACE 18.0 9.0 8.0 8.0 8.0 9.0 9.0 9.0 8.0 8.0 8.0 8.0 9.0 9.0 9.0 8.0 8.0 8.0 9.0 8.0 9.0 8.0 9.0 9.0 8.0 8.0 8.0 9.0 8.0 9.0 9.0 9.0 8.0 8.0 9.0 8.0 8.0 9.0 9.0 8.0 8.0 9.0 8.0 8.0 8.0 9.0 8.0 8.0 8.0 8.0 9.0 8.0 9.0 9.0 8.0 8.0 9.0 9.0 9.0 8.0 9.0 8.0 8.0 8.0
14 15 1 TRACE 22.0 15.0 14.0 15.0 254.0 45.0 25.0 14.0 14.0 15.0 14.0 19.0 16.0 15.0 15.0 14.0 14.0 15.0 15.0 14.0 16.0 15.0 14.0 15.0 14.0 15.0 92.0 24.0 15.0 15.0 17.0 31.0 15.0 14.0 16.0 15.0 15.0 15.0 34.0 49.0 16.0 93.0 15.0 14.0 15.0 95.0 15.0 15.0 15.0 24.0 15.0 27.0 16.0 50.0 191.0 15.0 94.0 26.0 44.0 15.0 15.0 27.0 14.0 15.0
15 16 1 TRACE 12.0 8.0 8.0 7.0 7.0 8.0 9.0 8.0 8.0 8.0 8.0 8.0 8.0 8.0 7.0 8.0 8.0 8.0 7.0 8.0 9.0 8.0 8.0 8.0 8.0 8.0 8.0 8.0 8.0 8.0 9.0 8.0 8.0 8.0 8.0 9.0 8.0 8.0 8.0 8.0 8.0 8.0 7.0 8.0 8.0 8.0 8.0 8.0 8.0 8.0 8.0 8.0 8.0 9.0 8.0 8.0 8.0 8.0 8.0 7.0 8.0 8.0 8.0 8.0
16 17 1 TRACE 50.0 30.0 35.0 46.0 35.0 181.0 33.0 40.0 30.0 31.0 31.0 44.0 27.0 30.0 30.0 29.0 55.0 29.0 35.0 29.0 58.0 30.0 36.0 29.0 54.0 29.0 92.0 27.0 54.0 32.0 62.0 56.0 90.0 71.0 37.0 33.0 101.0 52.0 50.0 45.0 74.0 69.0 32.0 46.0 54.0 147.0 46.0 67.0 86.0 47.0 31.0 40.0 33.0 44.0 305.0 29.0 62.0 35.0 38.0 67.0 69.0 114.0 27.0 34.0
17 18 1 TRACE 21.0 17.0 16.0 16.0 16.0 20.0 16.0 16.0 16.0 16.0 25.0 17.0 17.0 17.0 16.0 17.0 17.0 16.0 16.0 16.0 17.0 16.0 23.0 16.0 17.0 16.0 55.0 34.0 16.0 32.0 17.0 16.0 16.0 17.0 16.0 15.0 40.0 16.0 16.0 16.0 48.0 17.0 16.0 16.0 18.0 45.0 16.0 27.0 16.0 39.0 16.0 16.0 26.0 16.0 18.0 15.0 16.0 18.0 20.0 16.0 16.0 66.0 17.0 16.0
18 19 1 TRACE 47.0 35.0 20.0 20.0 18.0 17.0 19.0 56.0 20.0 20.0 20.0 19.0 19.0 18.0 20.0 18.0 38.0 20.0 19.0 20.0 20.0 19.0 17.0 19.0 18.0 36.0 20.0 54.0 39.0 25.0 18.0 19.0 19.0 17.0 19.0 19.0 20.0 18.0 18.0 25.0 19.0 18.0 20.0 19.0 50.0 96.0 20.0 17.0 18.0 22.0 21.0 20.0 21.0 26.0 30.0 20.0 22.0 50.0 18.0 19.0 20.0 96.0 17.0 18.0
19 20 1 TRACE 24.0 17.0 21.0 21.0 21.0 18.0 20.0 18.0 20.0 21.0 19.0 28.0 21.0 20.0 21.0 20.0 18.0 21.0 20.0 20.0 42.0 21.0 20.0 20.0 21.0 19.0 18.0 19.0 20.0 18.0 21.0 25.0 43.0 23.0 19.0 19.0 21.0 20.0 19.0 59.0 27.0 18.0 21.0 54.0 47.0 82.0 20.0 49.0 45.0 21.0 18.0 21.0 29.0 19.0 66.0 20.0 21.0 34.0 20.0 19.0 20.0 41.0 19.0 19.0
20 21 1 TRACE 19.0 100.0 14.0 14.0 15.0 16.0 15.0 14.0 14.0 14.0 15.0 14.0 15.0 14.0 15.0 15.0 16.0 14.0 14.0 14.0 25.0 15.0 14.0 14.0 14.0 14.0 15.0 15.0 14.0 14.0 26.0 15.0 14.0 15.0 15.0 15.0 14.0 15.0 15.0 14.0 14.0 15.0 14.0 15.0 14.0 14.0 14.0 16.0 14.0 14.0 15.0 14.0 14.0 15.0 15.0 14.0 21.0 14.0 14.0 14.0 14.0 14.0 15.0 15.0
21 22 1 TRACE 26.0 13.0 11.0 11.0 11.0 12.0 12.0 12.0 11.0 12.0 11.0 11.0 12.0 11.0 11.0 11.0 13.0 12.0 12.0 16.0 12.0 11.0 11.0 11.0 12.0 11.0 11.0 23.0 12.0 12.0 12.0 11.0 11.0 11.0 12.0 13.0 12.0 11.0 11.0 16.0 11.0 12.0 12.0 11.0 11.0 12.0 12.0 11.0 12.0 11.0 11.0 11.0 11.0 12.0 11.0 11.0 16.0 12.0 11.0 11.0 12.0 12.0 12.0 11.0
22 23 1 TRACE 42.0 437.0 28.0 27.0 74.0 159.0 29.0 27.0 28.0 27.0 26.0 58.0 26.0 28.0 54.0 32.0 193.0 37.0 28.0 25.0 24.0 31.0 70.0 41.0 33.0 29.0 64.0 50.0 43.0 31.0 26.0 30.0 62.0 42.0 31.0 27.0 27.0 27.0 28.0 32.0 31.0 30.0 30.0 48.0 28.0 29.0 30.0 65.0 60.0 51.0 63.0 32.0 29.0 38.0 206.0 65.0 27.0 93.0 34.0 58.0 28.0 56.0 27.0 28.0
23 24 1 TRACE 45.0 302.0 24.0 25.0 25.0 41.0 47.0 101.0 32.0 24.0 36.0 37.0 24.0 25.0 25.0 25.0 250.0 67.0 25.0 36.0 26.0 24.0 59.0 28.0 25.0 30.0 25.0 61.0 40.0 64.0 140.0 26.0 24.0 25.0 25.0 25.0 25.0 24.0 24.0 62.0 29.0 39.0 60.0 33.0 63.0 24.0 37.0 25.0 25.0 62.0 72.0 25.0 25.0 26.0 40.0 26.0 29.0 217.0 36.0 62.0 38.0 91.0 23.0 37.0
24 25 1 TRACE 53.0 21.0 21.0 21.0 20.0 159.0 22.0 22.0 19.0 22.0 20.0 20.0 21.0 22.0 20.0 20.0 21.0 21.0 58.0 21.0 30.0 19.0 20.0 20.0 21.0 19.0 27.0 20.0 40.0 59.0 59.0 22.0 50.0 20.0 20.0 21.0 20.0 19.0 20.0 43.0 20.0 20.0 60.0 21.0 21.0 20.0 20.0 21.0 19.0 44.0 67.0 20.0 20.0 20.0 22.0 25.0 21.0 84.0 21.0 20.0 20.0 20.0 21.0 19.0
25 26 1 TRACE 22.0 10.0 9.0 9.0 10.0 9.0 9.0 10.0 9.0 9.0 9.0 9.0 9.0 10.0 9.0 10.0 9.0 8.0 9.0 9.0 10.0 8.0 9.0 9.0 9.0 9.0 9.0 8.0 9.0 9.0 9.0 9.0 9.0 9.0 9.0 9.0 9.0 9.0 9.0 9.0 9.0 8.0 9.0 8.0 9.0 9.0 8.0 9.0 9.0 9.0 9.0 9.0 9.0 9.0 9.0 9.0 9.0 9.0 8.0 8.0 9.0 9.0 9.0 9.0 9.0 8.0 9.0 9.0 9.0 10.0 9.0 9.0 9.0 9.0 8.0 8.0 8.0 9.0 8.0 9.0 9.0 9.0 8.0 9.0 9.0 8.0 9.0 10.0 8.0 9.0 9.0 9.0 9.0 9.0 9.0 9.0 9.0 9.0 9.0 9.0 9.0 8.0 9.0 9.0 9.0 8.0 9.0 8.0 9.0 8.0 9.0 9.0 9.0 9.0 9.0 9.0 9.0 9.0 9.0 8.0 9.0 9.0 9.0 9.0 9.0 9.0 9.0 8.0 9.0 9.0 8.0 9.0 9.0 9.0 9.0 9.0 9.0 8.0 8.0 9.0 9.0 9.0 9.0 9.0 9.0 9.0 8.0 8.0 9.0 8.0 8.0 9.0 9.0 9.0 9.0 9.0 9.0 8.0 10.0 9.0 10.0 8.0 9.0 10.0 9.0 9.0 9.0 9.0 9.0 9.0 9.0 9.0 9.0 9.0 9.0 9.0 28.0 9.0 9.0 8.0 9.0 8.0 8.0
26 27 1 TRACE 11.0 7.0 8.0 8.0 8.0 7.0 8.0 8.0 7.0 8.0 8.0 8.0 7.0 8.0 8.0 8.0 8.0 7.0 7.0 8.0 8.0 7.0 7.0 8.0 7.0 7.0 7.0 7.0 8.0 8.0 8.0 7.0 7.0 8.0 7.0 8.0 7.0 8.0 8.0 8.0 7.0 7.0 8.0 7.0 7.0 8.0 7.0 8.0 7.0 7.0 8.0 8.0 7.0 8.0 7.0 7.0 7.0 8.0 7.0 7.0 8.0 8.0 7.0 8.0 7.0 7.0 7.0 7.0 8.0 7.0 7.0 8.0 7.0 8.0 7.0 7.0 7.0 8.0 7.0 8.0 8.0 7.0 7.0 7.0 7.0 7.0 8.0 8.0 7.0 7.0 7.0 8.0 7.0 7.0 8.0 7.0 8.0 7.0 8.0 7.0 8.0 7.0 8.0 8.0 7.0 7.0 8.0 7.0 7.0 7.0 7.0 7.0 8.0 7.0 7.0 7.0 7.0 8.0 8.0 7.0 8.0 8.0 7.0 8.0 7.0 7.0 7.0 7.0 7.0 7.0 7.0 7.0 7.0 7.0 7.0 7.0 7.0 7.0 7.0 8.0 8.0 8.0 7.0 8.0 7.0 8.0 7.0 7.0 8.0 7.0 7.0 7.0 7.0 8.0 7.0 7.0 8.0 7.0 7.0 8.0 8.0 7.0 8.0 8.0 8.0 8.0 7.0 8.0 7.0 7.0 7.0 8.0 8.0 7.0 7.0 8.0 8.0 8.0 7.0 7.0 7.0 7.0 7.0
27 28 1 TRACE 11.0 7.0 7.0 7.0 8.0 7.0 7.0 18.0 8.0 7.0 7.0 7.0 7.0 8.0 7.0 7.0 7.0 7.0 8.0 7.0 8.0 8.0 7.0 7.0 8.0 7.0 7.0 8.0 7.0 7.0 7.0 8.0 7.0 7.0 8.0 7.0 7.0 7.0 7.0 7.0 7.0 8.0 7.0 8.0 7.0 7.0 8.0 7.0 7.0 8.0 7.0 7.0 8.0 7.0 7.0 7.0 7.0 7.0 8.0 7.0 7.0 7.0 7.0 7.0 7.0 7.0 8.0 7.0 8.0 7.0 7.0 7.0 7.0 7.0 8.0 8.0 8.0 7.0 8.0 7.0 7.0 7.0 7.0 8.0 8.0 8.0 7.0 8.0 7.0 8.0 7.0 7.0 7.0 7.0 7.0 7.0 7.0 8.0 7.0 7.0 7.0 7.0 7.0 7.0 8.0 7.0 7.0 8.0 7.0 8.0 7.0 8.0 7.0 7.0 7.0 7.0 7.0 7.0 7.0 8.0 7.0 7.0 8.0 7.0 8.0 7.0 7.0 7.0 10.0 7.0 8.0 7.0 7.0 7.0 7.0 7.0 7.0 8.0 8.0 7.0 7.0 7.0 7.0 7.0 8.0 7.0 7.0 8.0 7.0 8.0 8.0 7.0 7.0 7.0 7.0 7.0 7.0 7.0 7.0 7.0 8.0 8.0 7.0 8.0 8.0 7.0 7.0 7.0 8.0 8.0 8.0 7.0 7.0 8.0 7.0 7.0 8.0 7.0 7.0 8.0 7.0 8.0 7.0
28 29 1 TRACE 12.0 8.0 8.0 8.0 9.0 8.0 8.0 20.0 8.0 8.0 8.0 8.0 8.0 8.0 8.0 8.0 8.0 8.0 9.0 8.0 9.0 8.0 8.0 8.0 8.0 8.0 8.0 8.0 8.0 9.0 8.0 8.0 8.0 8.0 9.0 8.0 9.0 8.0 8.0 8.0 8.0 8.0 8.0 8.0 8.0 8.0 8.0 8.0 8.0 8.0 8.0 9.0 8.0 9.0 8.0 8.0 8.0 8.0 8.0 8.0 9.0 9.0 8.0 9.0 8.0 8.0 8.0 8.0 9.0 8.0 9.0 8.0 8.0 9.0 8.0 8.0 8.0 8.0 8.0 9.0 9.0 8.0 8.0 8.0 8.0 8.0 9.0 14.0 8.0 8.0 8.0 8.0 8.0 8.0 8.0 8.0 8.0 8.0 8.0 8.0 8.0 8.0 8.0 8.0 8.0 8.0 8.0 8.0 8.0 8.0 8.0 8.0 9.0 8.0 8.0 8.0 8.0 8.0 9.0 8.0 8.0 8.0 8.0 8.0 8.0 8.0 8.0 8.0 9.0 8.0 8.0 8.0 9.0 8.0 8.0 8.0 8.0 8.0 8.0 8.0 9.0 8.0 12.0 8.0 8.0 9.0 8.0 8.0 8.0 8.0 8.0 8.0 9.0 8.0 8.0 8.0 11.0 9.0 8.0 9.0 9.0 8.0 8.0 9.0 9.0 9.0 8.0 8.0 8.0 8.0 8.0 8.0 9.0 8.0 8.0 9.0 9.0 9.0 8.0 8.0 8.0 8.0 9.0
29 30 1 TRACE 52.0 89.0 47.0 112.0 22.0 30.0 27.0 110.0 30.0 27.0 34.0 265.0 322.0 166.0 36.0 108.0 26.0 31.0 26.0 28.0 103.0 28.0 27.0 29.0 29.0 27.0 40.0 45.0 28.0 432.0 66.0 29.0 32.0 35.0 71.0 24.0 178.0 28.0 27.0 29.0 37.0 71.0 28.0 42.0 52.0 34.0 66.0 33.0 253.0 28.0 63.0 29.0 30.0 221.0 59.0 29.0 77.0 25.0 30.0 30.0 30.0 65.0 26.0 31.0 34.0 30.0 32.0 36.0 33.0 214.0 67.0 30.0 123.0 44.0 39.0 74.0 131.0 72.0 30.0 38.0 29.0 242.0 310.0 66.0 65.0 129.0 31.0 28.0 27.0 50.0 32.0 71.0 30.0 410.0 57.0 42.0 19.0 27.0 65.0 28.0 29.0 77.0 27.0 63.0 29.0 28.0 158.0 62.0 30.0 70.0 20.0 65.0 135.0 113.0 124.0 114.0 28.0 36.0 28.0 54.0 72.0 27.0 29.0 260.0 124.0 143.0 37.0 28.0 34.0 29.0 200.0 28.0 34.0 36.0 61.0 44.0 188.0 38.0 30.0 66.0 61.0 386.0 32.0 86.0 45.0 67.0 100.0 40.0 76.0 44.0 65.0 27.0 87.0 154.0 26.0 229.0 34.0 71.0 24.0 28.0 24.0 38.0 66.0 58.0 110.0 359.0 48.0 121.0 31.0 113.0 39.0 122.0 38.0 70.0 46.0 145.0 365.0 28.0 27.0 127.0 57.0 28.0 41.0
30 31 1 TRACE 20.0 30.0 15.0 8.0 15.0 24.0 8.0 8.0 17.0 16.0 15.0 109.0 38.0 48.0 14.0 8.0 16.0 15.0 8.0 8.0 19.0 8.0 16.0 15.0 8.0 15.0 18.0 8.0 16.0 83.0 16.0 8.0 14.0 9.0 9.0 16.0 17.0 15.0 15.0 8.0 21.0 8.0 8.0 28.0 15.0 8.0 15.0 16.0 8.0 15.0 8.0 8.0 16.0 8.0 8.0 8.0 15.0 8.0 15.0 15.0 9.0 15.0 16.0 10.0 16.0 15.0 15.0 8.0 16.0 8.0 8.0 16.0 114.0 16.0 7.0 17.0 8.0 31.0 17.0 21.0 16.0 8.0 151.0 17.0 8.0 15.0 18.0 15.0 14.0 34.0 8.0 16.0 15.0 149.0 30.0 8.0 9.0 8.0 15.0 17.0 15.0 16.0 15.0 16.0 25.0 23.0 8.0 8.0 8.0 8.0 8.0 8.0 15.0 8.0 8.0 19.0 9.0 8.0 15.0 8.0 15.0 35.0 8.0 17.0 68.0 8.0 16.0 15.0 9.0 8.0 9.0 15.0 16.0 9.0 32.0 9.0 23.0 15.0 8.0 16.0 49.0 17.0 15.0 21.0 9.0 18.0 8.0 21.0 7.0 9.0 9.0 8.0 24.0 8.0 15.0 8.0 29.0 15.0 8.0 16.0 9.0 17.0 8.0 8.0 8.0 186.0 24.0 8.0 14.0 8.0 15.0 15.0 8.0 30.0 26.0 8.0 15.0 9.0 14.0 21.0 9.0 15.0 19.0
31 32 1 TRACE 16.0 12.0 12.0 11.0 12.0 11.0 11.0 12.0 11.0 11.0 11.0 23.0 12.0 12.0 12.0 11.0 11.0 11.0 12.0 11.0 12.0 11.0 11.0 12.0 11.0 12.0 14.0 12.0 12.0 12.0 11.0 12.0 12.0 12.0 12.0 12.0 11.0 12.0 11.0 11.0 12.0 12.0 11.0 12.0 20.0 11.0 21.0 12.0 12.0 12.0 12.0 12.0 11.0 12.0 21.0 11.0 11.0 11.0 11.0 12.0 11.0 12.0 11.0 13.0 12.0 11.0 11.0 11.0 12.0 12.0 17.0 11.0 12.0 12.0 11.0 12.0 11.0 12.0 17.0 11.0 12.0 27.0 13.0 12.0 20.0 12.0 12.0 12.0 12.0 12.0 11.0 12.0 12.0 62.0 12.0 11.0 11.0 12.0 12.0 11.0 11.0 11.0 12.0 12.0 11.0 12.0 11.0 11.0 12.0 11.0 12.0 11.0 12.0 36.0 11.0 11.0 11.0 12.0 11.0 12.0 11.0 12.0 11.0 11.0 12.0 11.0 15.0 11.0 12.0 11.0 12.0 11.0 12.0 27.0 12.0 12.0 12.0 11.0 11.0 11.0 22.0 12.0 12.0 11.0 12.0 11.0 12.0 13.0 11.0 12.0 11.0 11.0 41.0 12.0 12.0 11.0 12.0 11.0 12.0 12.0 11.0 12.0 11.0 16.0 12.0 92.0 11.0 21.0 12.0 11.0 12.0 11.0 16.0 16.0 12.0 11.0 13.0 12.0 12.0 16.0 11.0 12.0 12.0
32 33 1 TRACE 22.0 16.0 155.0 16.0 16.0 16.0 15.0 16.0 16.0 16.0 16.0 99.0 17.0 18.0 15.0 17.0 16.0 16.0 17.0 16.0 18.0 16.0 16.0 16.0 16.0 16.0 17.0 19.0 16.0 17.0 16.0 16.0 16.0 16.0 17.0 18.0 16.0 16.0 16.0 16.0 16.0 18.0 16.0 17.0 16.0 16.0 16.0 16.0 17.0 16.0 17.0 17.0 16.0 25.0 16.0 16.0 16.0 16.0 16.0 16.0 16.0 17.0 16.0 22.0 17.0 16.0 17.0 17.0 17.0 17.0 20.0 16.0 27.0 17.0 16.0 16.0 84.0 17.0 17.0 16.0 16.0 15.0 40.0 49.0 19.0 17.0 17.0 17.0 16.0 17.0 17.0 16.0 15.0 16.0 16.0 16.0 16.0 16.0 17.0 16.0 16.0 16.0 17.0 16.0 16.0 53.0 16.0 16.0 16.0 16.0 17.0 16.0 15.0 16.0 39.0 23.0 28.0 16.0 16.0 20.0 16.0 17.0 16.0 16.0 34.0 52.0 18.0 20.0 17.0 16.0 525.0 16.0 17.0 16.0 21.0 17.0 51.0 16.0 52.0 49.0 16.0 18.0 17.0 19.0 18.0 21.0 58.0 17.0 16.0 28.0 16.0 24.0 17.0 48.0 35.0 16.0 17.0 16.0 17.0 17.0 16.0 23.0 53.0 26.0 16.0 20.0 16.0 19.0 16.0 23.0 16.0 16.0 16.0 16.0 16.0 17.0 17.0 16.0 16.0 16.0 15.0 16.0 17.0
33 34 1 TRACE 121.0 166.0 1256678.0 45.0 95.0 47.0 44.0 54.0 41.0 30.0 61.0 33.0 28.0 102.0 43.0 116.0 77.0 36.0 46.0 62.0 35.0 43.0 82.0 41.0 46.0 106.0 73.0 141.0 86.0 112.0 74.0 128.0 49.0 117.0 35.0 98.0 81.0 32.0 31.0 45.0 159.0 21.0 77.0 52.0 98.0 38.0 51.0 61.0 29.0 48.0 101.0 36.0 146.0 80.0 27.0 90.0 49.0 48.0 188.0 34.0 98.0 67.0 96.0 35.0 68.0 38.0 28.0 46.0 164.0 17.0 259.0 44.0 164.0 28.0 95.0 39.0 224.0 35.0 35.0 103.0 44.0 64.0 60.0 46.0 44.0 51.0 54.0 31.0 40.0 34.0 43.0 90.0 37.0 30.0 125.0 43.0 33.0 58.0 124.0 32.0 156.0 43.0 81.0 97.0 31.0 32.0 112.0 28.0 50.0 73.0 40.0 54.0 64.0 17.0 85.0 219.0 44.0 66.0 79.0 124.0 161.0 52.0 94.0 50.0 125.0 75.0 61.0 138.0 46.0 51.0 281.0 48.0 168.0 30.0 27.0 44.0 37.0 52.0 23.0 69.0 148.0 54.0 187.0 51.0 79.0 167.0 17.0 18.0 28.0 17.0 72.0 37.0 31.0 24.0 37.0 43.0 34.0 55.0 55.0 48.0 23.0 176.0 141.0 44.0 82.0 34.0 30.0 278.0 42.0 32.0 74.0 142.0 43.0 106.0 86.0 160.0 34.0 58.0 50.0 46.0 48.0 82.0 33.0
34 35 1 TRACE 658.0 635.0 29.0 46.0 60.0 17.0 17.0 89.0 58.0 42.0 46.0 45.0 42.0 47.0 51.0 44.0 48.0 17.0 16.0 49.0 44.0 44.0 64.0 45.0 367.0 290.0 48.0 45.0 47.0 46.0 17.0 50.0 44.0 50.0 47.0 51.0 42.0 42.0 44.0 45.0 51.0 17.0 44.0 47.0 44.0 43.0 173.0 44.0 43.0 79.0 17.0 46.0 52.0 16.0 16.0 82.0 46.0 42.0 254.0 43.0 44.0 97.0 47.0 44.0 48.0 45.0 17.0 46.0 209.0 18.0 44.0 55.0 85.0 17.0 45.0 45.0 42.0 155.0 43.0 47.0 46.0 44.0 47.0 45.0 44.0 46.0 46.0 49.0 42.0 45.0 43.0 50.0 45.0 43.0 353.0 17.0 16.0 48.0 47.0 44.0 51.0 17.0 42.0 198.0 43.0 19.0 50.0 17.0 45.0 16.0 16.0 46.0 48.0 25.0 46.0 153.0 16.0 158.0 47.0 45.0 51.0 17.0 46.0 47.0 45.0 46.0 47.0 43.0 45.0 16.0 45.0 270.0 52.0 43.0 46.0 55.0 281.0 44.0 43.0 60.0 81.0 44.0 145.0 24.0 50.0 213.0 19.0 18.0 46.0 17.0 16.0 46.0 17.0 77.0 46.0 52.0 46.0 46.0 46.0 46.0 46.0 64.0 19.0 18.0 47.0 122.0 16.0 62.0 45.0 44.0 140.0 52.0 45.0 57.0 43.0 44.0 53.0 44.0 54.0 45.0 46.0 52.0 61.0
35 36 1 TRACE 56.0 54.0 17.0 43.0 46.0 15.0 15.0 61.0 42.0 51.0 45.0 42.0 39.0 51.0 41.0 40.0 174.0 15.0 15.0 58.0 40.0 41.0 48.0 41.0 42.0 86.0 49.0 49.0 43.0 113.0 16.0 42.0 42.0 54.0 82.0 45.0 39.0 38.0 41.0 42.0 54.0 16.0 41.0 45.0 42.0 41.0 58.0 43.0 62.0 122.0 16.0 41.0 244.0 15.0 16.0 105.0 41.0 47.0 319.0 42.0 48.0 62.0 42.0 42.0 59.0 43.0 15.0 96.0 68.0 15.0 41.0 76.0 41.0 16.0 42.0 41.0 41.0 47.0 86.0 47.0 42.0 40.0 46.0 41.0 40.0 92.0 41.0 41.0 42.0 43.0 38.0 46.0 39.0 38.0 50.0 15.0 16.0 42.0 42.0 42.0 48.0 16.0 40.0 131.0 40.0 16.0 44.0 15.0 42.0 19.0 15.0 49.0 42.0 15.0 42.0 44.0 48.0 90.0 42.0 44.0 56.0 15.0 41.0 72.0 41.0 43.0 66.0 41.0 43.0 15.0 42.0 499.0 78.0 49.0 44.0 77.0 168.0 41.0 41.0 44.0 43.0 40.0 100.0 15.0 53.0 56.0 17.0 25.0 42.0 16.0 15.0 43.0 15.0 75.0 51.0 36.0 42.0 42.0 50.0 42.0 41.0 73.0 16.0 16.0 46.0 43.0 15.0 135.0 43.0 41.0 46.0 43.0 40.0 82.0 41.0 39.0 41.0 41.0 43.0 41.0 41.0 49.0 51.0
36 37 1 TRACE 179.0 157.0 27.0 47.0 90.0 107.0 111.0 358.0 109.0 31.0 291.0 269.0 399.0 67.0 35.0 47.0 133.0 134.0 356.0 97.0 53.0 38.0 65.0 45.0 28.0 276.0 37.0 240.0 80.0 154.0 94.0 43.0 40.0 68.0 28.0 93.0 33.0 26.0 184.0 49.0 205.0 85.0 44.0 67.0 50.0 127.0 85.0 72.0 27.0 29.0 170.0 42.0 309.0 122.0 95.0 246.0 36.0 214.0 128.0 33.0 56.0 169.0 461.0 28.0 65.0 33.0 101.0 239.0 155.0 74.0 325.0 89.0 28.0 90.0 241.0 231.0 26.0 32.0 27.0 74.0 114.0 166.0 153.0 42.0 183.0 91.0 46.0 32.0 49.0 87.0 43.0 123.0 40.0 140.0 93.0 101.0 95.0 661.0 39.0 81.0 100.0 91.0 406.0 121.0 113.0 81.0 173.0 82.0 117.0 89.0 87.0 33.0 55.0 234.0 559.0 60.0 77.0 127.0 50.0 123.0 148.0 180.0 510.0 693.0 82.0 329.0 55.0 228.0 65.0 83.0 34.0 78.0 129.0 54.0 41.0 63.0 389.0 42.0 37.0 60.0 61.0 64.0 249.0 100.0 45.0 137.0 146.0 63.0 86.0 92.0 126.0 59.0 81.0 33.0 57.0 75.0 39.0 440.0 77.0 103.0 200.0 1128.0 199.0 95.0 99.0 253.0 98.0 438.0 70.0 102.0 88.0 1119.0 120.0 64.0 66.0 92.0 88.0 41.0 115.0 183.0 41.0 111.0 35.0
37 38 1 TRACE 38.0 74.0 33.0 30.0 40.0 27.0 30.0 145.0 127.0 26.0 41.0 27.0 36.0 36.0 29.0 36.0 37.0 51.0 54.0 32.0 71.0 34.0 37.0 67.0 31.0 65.0 27.0 35.0 70.0 28.0 59.0 66.0 66.0 67.0 30.0 117.0 68.0 27.0 41.0 29.0 55.0 27.0 27.0 74.0 27.0 54.0 33.0 26.0 68.0 45.0 62.0 29.0 91.0 95.0 69.0 36.0 67.0 27.0 53.0 27.0 33.0 108.0 27.0 27.0 72.0 67.0 89.0 26.0 45.0 75.0 27.0 33.0 29.0 40.0 48.0 37.0 28.0 52.0 28.0 47.0 28.0 33.0 42.0 28.0 28.0 135.0 27.0 23.0 36.0 67.0 66.0 42.0 66.0 61.0 42.0 27.0 27.0 70.0 28.0 30.0 49.0 27.0 39.0 38.0 65.0 28.0 63.0 27.0 63.0 28.0 26.0 121.0 44.0 122.0 62.0 63.0 65.0 36.0 48.0 28.0 47.0 107.0 30.0 110.0 164.0 38.0 37.0 66.0 30.0 65.0 35.0 199.0 29.0 50.0 34.0 67.0 35.0 27.0 27.0 37.0 33.0 34.0 38.0 31.0 38.0 58.0 63.0 26.0 28.0 27.0 27.0 42.0 68.0 62.0 67.0 25.0 29.0 81.0 31.0 35.0 26.0 73.0 152.0 28.0 33.0 128.0 28.0 47.0 36.0 68.0 73.0 65.0 62.0 87.0 64.0 147.0 55.0 28.0 39.0 29.0 28.0 121.0 27.0
38 39 1 TRACE 31.0 27.0 29.0 24.0 25.0 22.0 63.0 24.0 347.0 22.0 65.0 24.0 63.0 24.0 34.0 23.0 77.0 76.0 35.0 24.0 26.0 29.0 26.0 84.0 29.0 50.0 66.0 24.0 34.0 23.0 80.0 62.0 55.0 23.0 22.0 90.0 64.0 23.0 23.0 23.0 21.0 23.0 23.0 62.0 21.0 24.0 23.0 25.0 53.0 40.0 22.0 39.0 31.0 35.0 55.0 30.0 28.0 23.0 26.0 23.0 24.0 24.0 32.0 23.0 66.0 65.0 63.0 95.0 31.0 37.0 28.0 24.0 23.0 25.0 51.0 63.0 24.0 24.0 23.0 26.0 29.0 120.0 25.0 29.0 23.0 84.0 23.0 31.0 45.0 27.0 63.0 62.0 24.0 61.0 26.0 23.0 24.0 27.0 24.0 23.0 23.0 62.0 88.0 24.0 75.0 42.0 24.0 22.0 26.0 23.0 24.0 190.0 27.0 73.0 62.0 94.0 57.0 27.0 24.0 24.0 26.0 29.0 22.0 52.0 124.0 24.0 39.0 24.0 26.0 23.0 23.0 116.0 45.0 85.0 24.0 61.0 32.0 23.0 24.0 24.0 21.0 28.0 25.0 228.0 28.0 47.0 56.0 37.0 24.0 23.0 23.0 116.0 66.0 27.0 66.0 57.0 24.0 68.0 111.0 39.0 37.0 29.0 112.0 28.0 28.0 73.0 66.0 63.0 39.0 104.0 58.0 50.0 30.0 38.0 63.0 26.0 40.0 23.0 23.0 41.0 37.0 31.0 22.0
39 25 1 TRACE 18.0 18.0 88.0 16.0 17.0 16.0 16.0 17.0 15.0 15.0 60.0 17.0 16.0 17.0 16.0 16.0 40.0 43.0 18.0 16.0 16.0 16.0 26.0 17.0 17.0 16.0 15.0 16.0 163.0 16.0 17.0 17.0 23.0 16.0 17.0 65.0 135.0 17.0 47.0 17.0 16.0 43.0 16.0 16.0 202.0 17.0 15.0 48.0 30.0 15.0 17.0 22.0 15.0 16.0 17.0 15.0 28.0 17.0 21.0 16.0 16.0
39 40 1 TRACE 37.0 25.0 25.0 93.0 26.0 25.0 26.0 25.0 25.0 23.0 25.0 26.0 324.0 33.0 33.0 26.0 25.0 42.0 33.0 27.0 26.0 28.0 28.0 25.0 25.0 25.0 24.0 24.0 25.0 54.0 42.0 61.0 25.0 61.0 24.0 26.0 24.0 23.0 26.0 27.0 25.0 25.0 56.0 36.0 33.0 112.0 70.0 23.0 24.0 26.0 35.0 25.0 106.0 28.0 26.0 66.0 29.0 26.0 34.0 51.0 36.0 24.0 27.0 88.0
39 51 1 TRACE 33.0 51.0 181.0 31.0 25.0 139.0 61.0 31.0 71.0 33.0 28.0 26.0 26.0 26.0 26.0 24.0 25.0 26.0 52.0 27.0 60.0 64.0 26.0 26.0 25.0 62.0 24.0 121.0 24.0 24.0 33.0 26.0 27.0 31.0 63.0 26.0 26.0 31.0 27.0 77.0 24.0 59.0 28.0 25.0 31.0 72.0 29.0 28.0 62.0 61.0 60.0 28.0 246.0 39.0 145.0 62.0 61.0 25.0
40 41 1 TRACE 40.0 23.0 16.0 22.0 18.0 21.0 17.0 22.0 26.0 17.0 17.0 16.0 28.0 16.0 30.0 20.0 18.0 16.0 29.0 17.0 22.0 19.0 20.0 29.0 17.0 17.0 15.0 22.0 21.0 17.0 16.0 24.0 26.0 17.0 31.0 24.0 16.0 15.0 15.0 17.0 18.0 29.0 20.0 20.0 15.0 17.0 16.0 20.0 41.0 24.0 46.0 16.0 15.0 16.0 15.0 17.0 29.0 18.0 17.0 20.0 25.0 16.0 17.0 20.0
41 42 1 TRACE 34.0 12.0 12.0 12.0 12.0 11.0 11.0 12.0 11.0 14.0 12.0 12.0 12.0 12.0 11.0 12.0 12.0 11.0 13.0 12.0 17.0 11.0 11.0 79.0 23.0 14.0 12.0 12.0 12.0 62.0 12.0 11.0 11.0 12.0 13.0 11.0 12.0 13.0 12.0 11.0 12.0 11.0 11.0 12.0 12.0 11.0 12.0 12.0 12.0 11.0 13.0 12.0 12.0 18.0 21.0 12.0 12.0 26.0 12.0 11.0 12.0 11.0 11.0 12.0 12.0 11.0 12.0 12.0 12.0 12.0 13.0 11.0 12.0 12.0 12.0 12.0 12.0 12.0 12.0 12.0 11.0 12.0 12.0 112.0 11.0 12.0 11.0 11.0 12.0 13.0 11.0 12.0 11.0 12.0 11.0 11.0 11.0 12.0 12.0 11.0 13.0 23.0 11.0 13.0 12.0 11.0 13.0 11.0 14.0 12.0 11.0 12.0 12.0 14.0 12.0 12.0 11.0 12.0 11.0 12.0 12.0 12.0 11.0 12.0 12.0 65.0 12.0 13.0 11.0 12.0 11.0 12.0 12.0 12.0 11.0 12.0 13.0 55.0 11.0 13.0 11.0 11.0 44.0 12.0 11.0 12.0 11.0 13.0 12.0 13.0 11.0 11.0 12.0 13.0 12.0 12.0 12.0 11.0 13.0 12.0 11.0 12.0 12.0 12.0 12.0 12.0 11.0 17.0 11.0 12.0 12.0 12.0 12.0 11.0 11.0 12.0 12.0 12.0 19.0 12.0 19.0 12.0 16.0 20.0 11.0 13.0 11.0 12.0 12.0 11.0 14.0 150.0 12.0 12.0 11.0 11.0 11.0 12.0 11.0 11.0 12.0 12.0 22.0
42 43 1 TRACE 15.0 11.0 11.0 11.0 11.0 10.0 11.0 15.0 10.0 10.0 11.0 11.0 10.0 11.0 10.0 11.0 11.0 10.0 11.0 12.0 11.0 11.0 10.0 15.0 22.0 11.0 11.0 11.0 11.0 11.0 11.0 11.0 10.0 10.0 12.0 10.0 11.0 11.0 11.0 11.0 11.0 10.0 10.0 11.0 11.0 10.0 10.0 11.0 11.0 10.0 11.0 10.0 11.0 11.0 10.0 11.0 12.0 10.0 10.0 11.0 10.0 11.0 11.0 11.0 10.0 11.0 11.0 10.0 11.0 11.0 11.0 10.0 11.0 10.0 11.0 11.0 10.0 10.0 10.0 11.0 10.0 11.0 10.0 11.0 10.0 10.0 10.0 10.0 11.0 11.0 11.0 11.0 11.0 11.0 11.0 10.0 10.0 10.0 11.0 10.0 10.0 12.0 10.0 11.0 11.0 11.0 12.0 10.0 11.0 10.0 10.0 11.0 10.0 11.0 10.0 10.0 11.0 11.0 10.0 11.0 10.0 10.0 11.0 10.0 10.0 10.0 10.0 12.0 10.0 10.0 10.0 10.0 11.0 11.0 10.0 11.0 11.0 11.0 11.0 11.0 10.0 11.0 11.0 12.0 10.0 11.0 10.0 12.0 10.0 11.0 10.0 10.0 10.0 10.0 11.0 10.0 11.0 10.0 12.0 10.0 10.0 10.0 11.0 11.0 11.0 10.0 11.0 11.0 11.0 11.0 11.0 11.0 11.0 11.0 10.0 10.0 11.0 11.0 11.0 11.0 10.0 30.0 11.0 11.0 11.0 11.0 10.0 10.0 15.0 11.0 11.0 11.0 11.0 11.0 11.0 10.0 11.0 10.0 11.0 10.0 11.0 10.0 10.0
43 44 1 TRACE 12.0 8.0 8.0 8.0 7.0 8.0 8.0 8.0 8.0 8.0 8.0 8.0 8.0 7.0 8.0 7.0 7.0 8.0 8.0 8.0 8.0 7.0 8.0 8.0 8.0 7.0 8.0 8.0 8.0 8.0 8.0 8.0 7.0 7.0 8.0 8.0 8.0 9.0 7.0 8.0 8.0 8.0 8.0 7.0 7.0 8.0 8.0 8.0 7.0 8.0 8.0 7.0 8.0 8.0 8.0 8.0 8.0 13.0 7.0 7.0 8.0 8.0 8.0 8.0 8.0 8.0 8.0 8.0 9.0 8.0 8.0 8.0 8.0 8.0 8.0 7.0 8.0 8.0 8.0 8.0 7.0 8.0 8.0 8.0 7.0 8.0 8.0 8.0 8.0 8.0 7.0 8.0 8.0 8.0 8.0 8.0 8.0 8.0 8.0 7.0 8.0 9.0 8.0 8.0 8.0 8.0 9.0 8.0 7.0 8.0 8.0 8.0 8.0 8.0 8.0 8.0 8.0 8.0 8.0 9.0 7.0 8.0 8.0 8.0 8.0 8.0 8.0 8.0 8.0 8.0 8.0 8.0 8.0 8.0 8.0 8.0 9.0 8.0 8.0 8.0 8.0 7.0 8.0 7.0 8.0 8.0 8.0 8.0 8.0 8.0 8.0 8.0 8.0 8.0 8.0 8.0 7.0 8.0 8.0 8.0 8.0 8.0 7.0 7.0 8.0 8.0 8.0 8.0 8.0 8.0 8.0 8.0 8.0 8.0 7.0 8.0 8.0 8.0 8.0 8.0 8.0 10.0 8.0 8.0 8.0 9.0 8.0 8.0 9.0 8.0 8.0 8.0 8.0 8.0 8.0 8.0 8.0 8.0 8.0 8.0 8.0 8.0 8.0
44 45 1 TRACE 68.0 19.0 62.0 27.0 56.0 63.0 30.0 83.0 91.0 18.0 17.0 19.0 31.0 20.0 20.0 33.0 275.0 21.0 34.0 67.0 48.0 60.0 20.0 62.0 159.0 18.0 21.0 23.0 21.0 235.0 24.0 87.0 20.0 23.0 16.0 64.0 24.0 208.0 50.0 47.0 26.0 29.0 24.0 19.0 23.0 336.0 25.0 57.0 21.0 71.0 22.0 90.0 47.0 130.0 123.0 32.0 26.0 36.0 60.0 26.0 23.0 20.0 20.0 59.0 21.0 122.0 24.0 401.0 20.0 48.0 96.0 29.0 23.0 101.0 64.0 42.0 63.0 27.0 66.0 23.0 21.0 25.0 39.0 229.0 70.0 59.0 65.0 209.0 98.0 116.0 84.0 52.0 25.0 127.0 141.0 62.0 60.0 24.0 170.0 21.0 21.0 54.0 24.0 18.0 26.0 23.0 31.0 32.0 78.0 25.0 23.0 61.0 26.0 108.0 20.0 22.0 26.0 44.0 21.0 16.0 54.0 22.0 60.0 21.0 80.0 88.0 103.0 20.0 101.0 22.0 21.0 52.0 58.0 32.0 20.0 22.0 84.0 104.0 29.0 29.0 67.0 19.0 52.0 20.0 22.0 20.0 20.0 16.0 19.0 27.0 30.0 20.0 20.0 201.0 19.0 124.0 42.0 39.0 71.0 57.0 433.0 61.0 31.0 59.0 35.0 103.0 34.0 92.0 213.0 37.0 17.0 17.0 484.0 29.0 21.0 56.0 24.0 28.0 149.0 26.0 61.0 23.0 56.0 55.0 37.0 56.0 22.0 33.0 31.0 22.0 48.0 109.0 36.0 33.0 20.0 24.0 66.0 22.0 26.0 426.0 120.0 27.0 44.0
45 46 1 TRACE 39.0 14.0 108.0 16.0 31.0 19.0 16.0 18.0 15.0 15.0 15.0 14.0 15.0 16.0 15.0 16.0 82.0 15.0 15.0 14.0 15.0 15.0 47.0 44.0 33.0 15.0 15.0 15.0 15.0 40.0 15.0 232.0 15.0 16.0 30.0 25.0 15.0 26.0 18.0 15.0 15.0 14.0 18.0 15.0 17.0 35.0 15.0 51.0 15.0 15.0 15.0 15.0 15.0 15.0 183.0 17.0 15.0 64.0 22.0 14.0 15.0 51.0 15.0 16.0 15.0 15.0 17.0 123.0 15.0 51.0 16.0 16.0 15.0 15.0 16.0 15.0 48.0 18.0 16.0 16.0 16.0 16.0 15.0 28.0 52.0 15.0 15.0 74.0 17.0 51.0 23.0 16.0 16.0 147.0 45.0 16.0 60.0 16.0 92.0 15.0 17.0 15.0 15.0 15.0 15.0 15.0 33.0 16.0 29.0 15.0 15.0 16.0 15.0 23.0 15.0 37.0 15.0 15.0 15.0 15.0 59.0 15.0 15.0 15.0 14.0 15.0 16.0 15.0 44.0 15.0 16.0 22.0 51.0 16.0 15.0 15.0 56.0 14.0 15.0 15.0 15.0 17.0 16.0 14.0 14.0 15.0 15.0 15.0 15.0 54.0 16.0 15.0 19.0 15.0 15.0 34.0 19.0 17.0 18.0 17.0 15.0 15.0 15.0 54.0 14.0 127.0 21.0 63.0 14.0 20.0 16.0 15.0 143.0 16.0 14.0 15.0 16.0 14.0 37.0 21.0 31.0 16.0 21.0 54.0 25.0 62.0 19.0 52.0 15.0 15.0 15.0 109.0 15.0 16.0 15.0 15.0 21.0 16.0 15.0 36.0 15.0 18.0 16.0
46 47 1 TRACE 65.0 28.0 25.0 47.0 29.0 46.0 69.0 63.0 30.0 132.0 31.0 28.0 59.0 31.0 32.0 52.0 28.0 27.0 66.0 40.0 26.0 47.0 28.0 26.0 45.0 32.0 38.0 73.0 40.0 36.0 65.0 28.0 27.0 65.0 49.0 28.0 26.0 45.0 25.0 35.0 62.0 37.0 54.0 26.0 66.0 25.0 42.0 50.0 28.0 37.0 63.0 28.0 43.0 67.0 36.0 31.0 25.0 87.0 115.0 42.0 70.0 28.0 26.0 125.0 29.0 25.0 54.0 27.0 45.0 53.0 27.0 25.0 72.0 25.0 25.0 67.0 28.0 27.0 103.0 40.0 26.0 66.0 34.0 75.0 24.0 50.0 31.0 28.0 52.0 114.0 25.0 66.0 46.0 46.0 63.0 37.0 79.0 82.0 26.0 34.0 47.0 26.0 25.0 104.0 32.0 28.0 68.0 37.0 25.0 58.0 35.0 24.0 69.0 72.0 26.0 26.0 65.0 47.0 29.0 26.0 67.0 39.0 29.0 67.0 81.0 24.0 57.0 40.0 63.0 47.0 26.0 25.0 48.0 27.0 27.0 59.0 33.0 25.0 69.0 38.0 24.0 45.0 61.0 30.0 26.0 67.0 35.0 46.0 25.0 55.0 73.0 34.0 59.0 26.0 26.0 45.0 36.0 25.0 45.0 31.0 25.0 69.0 42.0 25.0 24.0 67.0 62.0 25.0 27.0 65.0 32.0 26.0 66.0 32.0 27.0 74.0 29.0 27.0 101.0 25.0 30.0 63.0 29.0 25.0 67.0 39.0 29.0 50.0 28.0 35.0 47.0 26.0 24.0 68.0 48.0 25.0 24.0 121.0 30.0 25.0 47.0 30.0 27.0
47 48 1 TRACE 12.0 9.0 10.0 10.0 10.0 8.0 11.0 10.0 10.0 9.0 8.0 9.0 11.0 10.0 10.0 8.0 12.0 12.0 10.0 10.0 7.0 18.0 10.0 9.0 10.0 8.0 9.0 11.0 10.0 10.0 8.0 10.0 11.0 10.0 10.0 8.0 39.0 12.0 11.0 10.0 8.0 9.0 10.0 10.0 10.0 8.0 9.0 11.0 10.0 10.0 9.0 16.0 9.0 10.0 10.0 7.0 12.0 11.0 9.0 10.0 8.0 9.0 10.0 9.0 10.0 8.0 9.0 9.0 10.0 10.0 7.0 10.0 10.0 9.0 10.0 8.0 9.0 11.0 10.0 10.0 8.0 9.0 11.0 9.0 10.0 7.0 14.0 10.0 9.0 10.0 8.0 10.0 12.0 10.0 10.0 8.0 11.0 10.0 10.0 10.0 8.0 35.0 9.0 21.0 10.0 8.0 21.0 16.0 11.0 9.0 7.0 33.0 11.0 10.0 9.0 8.0 11.0 10.0 13.0 10.0 8.0 66.0 29.0 12.0 10.0 7.0 12.0 16.0 10.0 46.0 7.0 9.0 10.0 11.0 9.0 8.0 44.0 16.0 10.0 15.0 8.0 9.0 12.0 11.0 10.0 7.0 24.0 12.0 10.0 9.0 8.0 11.0 14.0 11.0 9.0 8.0 12.0 22.0 10.0 10.0 8.0 14.0 11.0 10.0 9.0 7.0 10.0 9.0 10.0 10.0 8.0 13.0 12.0 12.0 9.0 7.0 9.0 11.0 9.0 9.0 7.0 13.0 10.0 10.0 9.0 8.0 15.0 12.0 10.0 9.0 8.0 11.0 10.0 9.0 10.0 8.0 12.0 10.0 10.0 9.0 8.0 37.0 10.0 12.0 10.0 7.0 10.0 13.0 12.0 9.0 8.0 9.0 10.0 10.0 10.0 8.0 9.0 11.0 10.0 9.0 8.0 9.0 20.0 12.0 9.0 8.0 9.0 12.0 9.0 10.0 8.0 9.0 10.0 84.0 11.0 8.0 16.0 11.0 9.0 10.0 7.0 12.0 83.0 12.0 10.0 8.0 9.0 11.0 10.0 9.0 8.0 41.0 20.0 10.0 17.0 8.0 12.0 11.0 11.0 10.0 8.0 9.0 11.0 10.0 9.0 8.0 10.0 9.0 9.0 9.0 8.0 9.0 11.0 10.0 10.0 7.0 11.0 10.0 9.0 16.0 7.0 11.0 11.0 10.0 10.0 8.0 9.0 9.0 9.0 11.0 7.0 9.0 10.0 9.0 10.0 8.0 25.0 11.0 10.0 10.0 8.0 9.0 10.0 9.0 10.0 8.0 12.0 10.0 14.0 9.0 8.0 11.0 10.0 10.0 9.0 8.0 9.0 10.0 10.0 10.0 8.0 9.0 11.0 10.0 10.0 8.0 11.0 11.0 10.0 10.0 8.0 11.0 16.0 12.0 9.0 8.0 61.0 15.0 10.0 10.0 8.0 9.0 12.0 11.0 9.0 8.0 9.0 10.0 9.0 10.0 7.0 9.0 10.0 10.0 9.0 7.0 10.0 10.0 11.0 10.0 8.0 9.0 13.0 13.0 10.0 7.0 25.0 12.0 11.0 10.0 7.0 9.0 14.0 10.0 10.0 8.0 9.0 14.0 11.0 9.0 7.0 11.0 11.0 10.0 10.0 7.0 9.0 9.0 10.0 9.0 8.0 9.0 9.0 9.0 10.0 8.0 9.0 10.0 10.0 10.0 7.0 50.0 9.0 10.0 9.0 8.0 10.0 12.0 9.0 10.0 8.0 9.0 9.0 10.0 10.0 8.0 9.0 11.0 9.0 10.0 8.0 11.0 11.0 11.0 9.0 7.0 10.0 12.0 10.0 10.0 8.0 9.0 11.0 20.0 10.0 8.0 9.0 10.0 10.0 9.0 8.0 10.0 10.0 10.0 10.0 8.0 21.0 11.0 10.0 9.0 8.0 23.0 12.0 10.0 9.0 8.0 9.0 13.0 9.0 10.0 8.0 9.0 12.0 11.0 10.0 7.0 9.0 11.0 10.0 13.0 8.0 9.0 9.0 9.0 9.0 7.0 8.0 11.0 9.0 9.0 8.0 9.0 10.0 10.0 9.0 7.0 9.0 10.0 10.0 10.0 8.0 56.0 10.0 9.0 10.0 8.0 9.0 44.0 16.0 10.0 8.0 9.0 11.0 10.0 10.0 8.0 48.0 13.0 10.0 11.0 7.0 9.0 10.0 9.0 10.0 19.0 18.0 18.0 11.0 10.0 7.0 9.0 10.0 9.0 10.0 8.0 9.0 10.0 10.0 10.0 8.0 13.0 9.0 10.0 10.0 7.0 9.0 9.0 9.0 10.0 8.0 11.0 9.0 10.0 9.0 8.0 10.0 14.0 10.0 9.0 8.0 9.0 10.0 10.0 10.0 8.0 11.0 10.0 14.0 9.0 8.0 9.0 9.0 9.0 10.0 8.0 9.0 10.0 11.0 11.0 8.0 10.0 10.0 9.0 10.0 7.0 9.0 9.0 10.0 9.0 8.0 9.0 9.0 10.0 10.0 8.0 10.0 11.0 10.0 10.0 8.0 9.0 9.0 10.0 9.0 8.0 16.0 10.0 10.0 10.0 8.0 10.0 11.0 9.0 16.0 7.0 9.0 11.0 9.0 10.0 8.0 9.0 10.0 9.0 9.0 8.0 9.0 12.0 10.0 9.0 8.0 9.0 10.0 10.0 10.0 8.0 62.0 10.0 10.0 10.0 8.0 9.0 11.0 9.0 9.0 8.0 21.0 9.0 10.0 10.0 8.0 9.0 10.0 9.0 9.0 8.0 11.0 13.0 9.0 11.0 7.0 20.0 14.0 9.0 10.0 8.0 116.0 10.0 9.0 9.0 8.0 9.0 9.0 10.0 11.0 8.0 10.0 10.0 10.0 9.0 8.0 9.0 10.0 9.0 10.0 7.0 9.0 10.0 9.0 10.0 9.0 15.0 11.0 10.0 9.0 8.0 52.0 10.0 9.0 10.0 8.0 9.0 11.0 10.0 9.0 9.0 10.0 10.0 11.0 10.0 8.0 19.0 10.0 10.0 10.0 8.0 76.0 10.0 8.0 10.0 8.0 9.0 11.0 10.0 9.0 8.0 10.0 10.0 10.0 10.0 8.0 11.0 11.0 11.0 9.0 8.0 10.0 9.0 9.0 10.0 7.0 11.0 12.0 10.0 10.0 7.0 9.0 14.0 9.0 10.0 8.0 11.0 11.0 10.0 9.0 18.0 10.0 10.0 10.0 10.0 8.0 9.0 10.0 11.0 9.0 8.0 9.0 10.0 10.0 10.0 8.0 9.0 13.0 20.0 9.0 8.0 14.0 11.0 10.0 10.0 7.0 10.0 11.0 12.0 9.0 8.0 12.0 17.0 11.0 10.0 8.0 9.0 11.0 10.0 9.0 8.0 67.0 10.0 10.0 10.0 8.0 11.0 16.0 25.0 16.0 7.0 10.0 14.0 18.0 14.0 8.0 10.0 12.0 15.0 11.0 8.0 9.0 15.0 17.0 11.0 8.0 10.0 14.0 13.0 12.0 7.0 10.0 11.0 40.0 14.0 7.0 9.0 14.0 9.0 10.0 7.0 9.0 9.0 9.0 10.0 8.0 10.0 9.0 20.0 9.0 8.0 12.0 11.0 10.0 9.0 8.0 9.0 11.0 10.0 9.0 8.0 13.0 21.0 12.0 10.0 9.0 12.0 10.0 10.0 10.0 8.0 9.0 10.0 9.0 9.0 9.0 12.0 9.0 10.0 9.0 7.0 11.0 11.0 10.0 9.0 8.0 13.0 10.0 9.0 23.0 8.0 9.0 13.0 9.0 10.0 8.0 11.0 10.0 10.0 11.0 7.0 38.0 48.0 12.0 9.0 8.0 9.0 12.0 11.0 9.0 8.0 114.0 13.0 11.0 9.0 8.0 23.0 10.0 9.0 9.0 8.0 89.0 10.0 9.0 11.0 8.0 10.0 10.0 9.0 10.0 8.0 10.0 11.0 10.0 9.0 8.0 22.0 12.0 10.0 14.0 8.0 12.0 11.0 10.0 10.0 8.0 9.0 10.0 9.0 10.0 8.0 9.0 10.0 9.0 9.0 8.0 10.0 10.0 10.0 11.0 8.0 9.0 11.0 9.0 10.0 8.0 11.0 12.0 11.0 11.0 8.0 24.0 9.0 10.0 11.0 7.0 33.0 11.0 10.0 11.0 8.0 9.0 9.0 9.0 10.0 8.0 9.0 11.0 11.0 9.0 8.0 10.0 11.0 10.0 33.0 7.0 9.0 10.0 9.0 10.0 8.0 9.0 12.0 9.0 10.0 8.0 9.0 10.0 9.0 12.0 8.0 12.0 10.0 9.0 10.0 8.0 54.0 15.0 17.0 11.0 8.0 50.0 10.0 9.0 9.0 8.0 13.0 9.0 9.0 46.0
48 49 1 TRACE 14.0 56.0 11.0 11.0 11.0 7.0 9.0 9.0 10.0 9.0 7.0 9.0 9.0 10.0 9.0 10.0 27.0 12.0 11.0 11.0 7.0 10.0 9.0 9.0 10.0 7.0 9.0 9.0 11.0 9.0 10.0 14.0 12.0 11.0 11.0 8.0 11.0 10.0 10.0 16.0 8.0 9.0 10.0 9.0 9.0 10.0 17.0 12.0 11.0 11.0 8.0 10.0 9.0 10.0 10.0 7.0 10.0 9.0 10.0 10.0 9.0 17.0 13.0 12.0 10.0 8.0 9.0 10.0 10.0 10.0 8.0 10.0 9.0 10.0 9.0 9.0 17.0 11.0 12.0 11.0 8.0 12.0 10.0 10.0 9.0 7.0 10.0 10.0 10.0 9.0 10.0 18.0 12.0 11.0 11.0 8.0 11.0 10.0 10.0 10.0 8.0 9.0 9.0 10.0 10.0 10.0 30.0 12.0 11.0 11.0 7.0 9.0 9.0 10.0 9.0 7.0 10.0 47.0 10.0 9.0 9.0 13.0 13.0 10.0 11.0 7.0 47.0 9.0 11.0 12.0 7.0 9.0 10.0 9.0 9.0 10.0 19.0 13.0 11.0 11.0 8.0 10.0 11.0 10.0 10.0 7.0 10.0 10.0 10.0 9.0 9.0 18.0 13.0 11.0 10.0 8.0 12.0 21.0 10.0 10.0 8.0 10.0 10.0 10.0 9.0 8.0 17.0 12.0 12.0 11.0 8.0 12.0 11.0 10.0 11.0 7.0 13.0 9.0 11.0 9.0 7.0 9.0 9.0 10.0 9.0 10.0 14.0 12.0 11.0 10.0 7.0 11.0 9.0 10.0 9.0 7.0 35.0 9.0 10.0 9.0 9.0 17.0 20.0 11.0 12.0 8.0 12.0 11.0 11.0 11.0 8.0 47.0 10.0 9.0 10.0 8.0 12.0 10.0 9.0 45.0 8.0 11.0 12.0 12.0 11.0 7.0 10.0 9.0 9.0 9.0 8.0 10.0 11.0 13.0 9.0 10.0 21.0 12.0 11.0 11.0 7.0 12.0 13.0 9.0 10.0 7.0 9.0 10.0 9.0 10.0 10.0 20.0 42.0 11.0 12.0 8.0 11.0 10.0 10.0 10.0 7.0 10.0 10.0 10.0 10.0 9.0 11.0 14.0 10.0 11.0 8.0 10.0 12.0 11.0 11.0 7.0 9.0 9.0 10.0 10.0 8.0 9.0 9.0 10.0 11.0 9.0 13.0 10.0 11.0 11.0 7.0 10.0 10.0 10.0 9.0 7.0 10.0 9.0 10.0 13.0 9.0 16.0 12.0 12.0 11.0 7.0 11.0 10.0 10.0 10.0 8.0 10.0 9.0 9.0 10.0 10.0 12.0 11.0 11.0 11.0 8.0 11.0 9.0 10.0 10.0 8.0 14.0 10.0 9.0 10.0 10.0 20.0 12.0 11.0 11.0 7.0 12.0 9.0 10.0 10.0 8.0 9.0 9.0 9.0 9.0 10.0 25.0 45.0 11.0 11.0 7.0 41.0 10.0 9.0 9.0 7.0 9.0 9.0 9.0 9.0 9.0 25.0 11.0 10.0 10.0 7.0 11.0 9.0 9.0 10.0 7.0 9.0 9.0 9.0 10.0 10.0 11.0 12.0 11.0 11.0 7.0 12.0 10.0 9.0 10.0 7.0 9.0 10.0 9.0 9.0 10.0 16.0 15.0 12.0 27.0 8.0 10.0 10.0 10.0 10.0 7.0 55.0 9.0 9.0 10.0 9.0 22.0 12.0 11.0 11.0 8.0 11.0 11.0 10.0 10.0 8.0 8.0 10.0 10.0 9.0 7.0 10.0 9.0 9.0 9.0 10.0 18.0 12.0 11.0 10.0 8.0 9.0 9.0 9.0 10.0 8.0 9.0 9.0 9.0 9.0 10.0 17.0 12.0 10.0 11.0 7.0 12.0 9.0 9.0 10.0 7.0 11.0 9.0 9.0 9.0 10.0 17.0 12.0 12.0 11.0 8.0 52.0 10.0 10.0 10.0 7.0 9.0 10.0 9.0 10.0 9.0 11.0 14.0 10.0 11.0 7.0 12.0 11.0 10.0 10.0 7.0 9.0 10.0 10.0 10.0 9.0 16.0 12.0 10.0 11.0 8.0 10.0 10.0 9.0 10.0 7.0 8.0 46.0 9.0 10.0 9.0 12.0 13.0 11.0 11.0 8.0 12.0 9.0 34.0 10.0 7.0 27.0 10.0 8.0 11.0 9.0 52.0 13.0 12.0 11.0 7.0 20.0 11.0 10.0 10.0 8.0 9.0 12.0 9.0 9.0 9.0 16.0 15.0 11.0 11.0 7.0 11.0 9.0 10.0 10.0 7.0 9.0 9.0 9.0 9.0 10.0 12.0 12.0 10.0 11.0 7.0 9.0 10.0 10.0 19.0 7.0 10.0 9.0 10.0 9.0 9.0 11.0 14.0 10.0 11.0 8.0 12.0 10.0 11.0 10.0 7.0 9.0 9.0 9.0 9.0 8.0 9.0 9.0 9.0 9.0 11.0 17.0 13.0 21.0 13.0 9.0 11.0 12.0 11.0 11.0 7.0 9.0 9.0 9.0 10.0 8.0 10.0 10.0 20.0 9.0 10.0 33.0 12.0 45.0 50.0 8.0 10.0 10.0 10.0 10.0 7.0 9.0 10.0 10.0 9.0 10.0 16.0 12.0 11.0 11.0 8.0 10.0 11.0 10.0 10.0 7.0 10.0 10.0 9.0 10.0 10.0 17.0 12.0 11.0 11.0 8.0 10.0 11.0 10.0 9.0 7.0 31.0 9.0 14.0 10.0 9.0 20.0 11.0 11.0 10.0 7.0 24.0 10.0 10.0 9.0 7.0 9.0 9.0 10.0 9.0 10.0 18.0 13.0 11.0 11.0 8.0 9.0 10.0 10.0 9.0 7.0 9.0 10.0 11.0 10.0 10.0 17.0 12.0 11.0 12.0 18.0 10.0 10.0 10.0 10.0 8.0 10.0 9.0 9.0 10.0 8.0 11.0 11.0 11.0 11.0 9.0 14.0 11.0 10.0 11.0 7.0 9.0 9.0 10.0 9.0 8.0 9.0 45.0 9.0 9.0 9.0 14.0 12.0 11.0 10.0 8.0 20.0 15.0 9.0 10.0 7.0 12.0 10.0 9.0 10.0 9.0 16.0 15.0 10.0 12.0 8.0 14.0 11.0 10.0 11.0 7.0 9.0 10.0 9.0 10.0 7.0 27.0 10.0 9.0 10.0 10.0 17.0 13.0 10.0 11.0 11.0 10.0 11.0 9.0 9.0 8.0 9.0 10.0 9.0 10.0 10.0 16.0 12.0 11.0 11.0 7.0 11.0 9.0 9.0 10.0 7.0 13.0 9.0 9.0 9.0 10.0 14.0 12.0 11.0 11.0 7.0 9.0 10.0 9.0 10.0 7.0 48.0 10.0 11.0 10.0 9.0 12.0 16.0 14.0 13.0 7.0 9.0 12.0 12.0 23.0 8.0 11.0 11.0 10.0 11.0 8.0 10.0 14.0 12.0 12.0 9.0 11.0 13.0 12.0 11.0 7.0 10.0 10.0 14.0 12.0 7.0 9.0 9.0 10.0 9.0 8.0 11.0 13.0 11.0 12.0 9.0 11.0 18.0 25.0 11.0 7.0 11.0 9.0 9.0 10.0 8.0 15.0 10.0 9.0 9.0 9.0 13.0 12.0 11.0 11.0 8.0 12.0 11.0 11.0 10.0 8.0 10.0 9.0 9.0 9.0 11.0 12.0 10.0 11.0 10.0 7.0 12.0 10.0 11.0 10.0 7.0 9.0 9.0 50.0 9.0 10.0 24.0 13.0 12.0 11.0 8.0 19.0 10.0 10.0 10.0 7.0 12.0 12.0 9.0 9.0 9.0 11.0 11.0 11.0 10.0 7.0 45.0 10.0 9.0 10.0 8.0 10.0 9.0 11.0 9.0 11.0 56.0 12.0 10.0 11.0 8.0 10.0 11.0 9.0 10.0 8.0 9.0 10.0 10.0 9.0 10.0 18.0 12.0 11.0 24.0 8.0 11.0 10.0 10.0 10.0 8.0 10.0 9.0 11.0 9.0 10.0 17.0 12.0 11.0 11.0 8.0 10.0 9.0 10.0 9.0 8.0 10.0 9.0 11.0 9.0 9.0 18.0 12.0 11.0 11.0 7.0 10.0 10.0 10.0 10.0 7.0 10.0 9.0 10.0 9.0 9.0 11.0 14.0 10.0 11.0 9.0 10.0 12.0 11.0 10.0 7.0 9.0 9.0 59.0 12.0 7.0 9.0 9.0 10.0 9.0 10.0 16.0 12.0 11.0 11.0 8.0 9.0 10.0 13.0 14.0 8.0 10.0 9.0 10.0 10.0 10.0 53.0 48.0 11.0 10.0 8.0 10.0 10.0 11.0 10.0 8.0 10.0 9.0 10.0 12.0
49 47 1 TRACE 32.0 26.0 20.0 19.0 15.0 13.0 15.0 14.0 123.0 14.0 13.0 13.0 30.0 29.0 21.0 20.0 16.0 14.0 16.0 15.0 55.0 15.0 13.0 13.0 59.0 40.0 29.0 28.0 21.0 17.0 17.0 17.0 14.0 14.0 13.0 14.0 37.0 30.0 25.0 36.0 16.0 16.0 18.0 16.0 14.0 13.0 15.0 14.0 34.0 28.0 25.0 23.0 26.0 17.0 15.0 15.0 14.0 14.0 15.0 14.0 33.0 26.0 23.0 21.0 16.0 14.0 16.0 16.0 14.0 13.0 13.0 14.0 38.0 29.0 27.0 35.0 17.0 17.0 17.0 17.0 30.0 14.0 18.0 14.0 38.0 28.0 21.0 22.0 16.0 15.0 14.0 15.0 14.0 14.0 13.0 14.0 25.0 22.0 20.0 21.0 16.0 14.0 14.0 14.0 14.0 13.0 13.0 14.0 40.0 29.0 28.0 63.0 18.0 18.0 17.0 17.0 14.0 14.0 13.0 14.0 42.0 31.0 25.0 26.0 17.0 21.0 17.0 18.0 13.0 13.0 13.0 24.0 49.0 44.0 69.0 34.0 21.0 19.0 19.0 18.0 14.0 13.0 14.0 14.0 14.0 13.0 14.0 14.0 26.0 21.0 21.0 28.0 14.0 14.0 15.0 14.0 19.0 14.0 14.0 13.0 51.0 42.0 33.0 37.0 23.0 20.0 18.0 19.0 77.0 13.0 14.0 16.0 14.0 13.0 13.0 15.0 25.0 23.0 19.0 19.0 14.0 14.0 18.0 17.0 13.0 14.0 13.0 13.0 28.0 26.0 25.0 23.0 17.0 15.0 15.0 16.0 14.0 14.0 13.0 15.0 38.0 26.0 30.0 24.0 17.0 16.0 16.0 17.0 14.0 13.0 13.0 15.0 49.0 54.0 40.0 39.0 52.0 23.0 20.0 19.0 43.0 14.0 14.0 14.0 13.0 14.0 15.0 14.0 25.0 31.0 22.0 18.0 15.0 14.0 14.0 15.0 14.0 14.0 13.0 13.0 42.0 32.0 28.0 24.0 17.0 17.0 16.0 17.0 14.0 13.0 14.0 14.0 30.0 27.0 21.0 22.0 15.0 14.0 14.0 14.0 13.0 13.0 48.0 16.0 34.0 26.0 23.0 23.0 16.0 16.0 35.0 16.0 13.0 13.0 13.0 14.0 33.0 23.0 24.0 21.0 17.0 15.0 14.0 17.0 30.0 14.0 13.0 14.0 25.0 20.0 19.0 19.0 14.0 14.0 13.0 15.0 14.0 16.0 13.0 15.0 41.0 38.0 26.0 26.0 17.0 16.0 16.0 22.0 14.0 14.0 14.0 14.0 41.0 35.0 27.0 24.0 18.0 17.0 17.0 17.0 14.0 14.0 13.0 15.0 46.0 39.0 33.0 31.0 108.0 21.0 18.0 18.0 18.0 16.0 14.0 15.0 13.0 13.0 14.0 13.0 34.0 25.0 21.0 20.0 16.0 16.0 15.0 16.0 13.0 14.0 14.0 14.0 32.0 28.0 22.0 32.0 16.0 15.0 15.0 26.0 13.0 13.0 13.0 14.0 52.0 32.0 27.0 26.0 77.0 17.0 16.0 17.0 14.0 14.0 12.0 14.0 66.0 43.0 31.0 30.0 19.0 18.0 22.0 18.0 13.0 13.0 13.0 14.0 31.0 24.0 21.0 21.0 14.0 15.0 15.0 16.0 47.0 15.0 13.0 14.0 28.0 25.0 22.0 35.0 14.0 14.0 16.0 13.0 17.0 16.0 51.0 18.0 37.0 33.0 34.0 31.0 21.0 21.0 60.0 20.0 15.0 15.0 14.0 14.0 24.0 54.0 22.0 21.0 16.0 15.0 14.0 15.0 13.0 14.0 14.0 14.0 30.0 24.0 20.0 21.0 17.0 15.0 15.0 15.0 14.0 13.0 13.0 14.0 51.0 53.0 42.0 39.0 22.0 23.0 19.0 18.0 14.0 13.0 14.0 15.0 14.0 14.0 13.0 14.0 43.0 43.0 39.0 30.0 56.0 21.0 19.0 19.0 14.0 15.0 13.0 14.0 15.0 14.0 14.0 25.0 69.0 44.0 34.0 26.0 24.0 21.0 28.0 19.0 15.0 14.0 14.0 13.0 47.0 34.0 27.0 26.0 19.0 18.0 18.0 17.0 13.0 13.0 14.0 13.0 36.0 29.0 26.0 24.0 28.0 17.0 16.0 16.0 14.0 13.0 13.0 15.0 26.0 21.0 22.0 19.0 16.0 13.0 15.0 14.0 13.0 13.0 14.0 14.0 33.0 26.0 24.0 22.0 34.0 15.0 15.0 16.0 28.0 14.0 14.0 14.0 34.0 28.0 24.0 22.0 15.0 16.0 16.0 17.0 13.0 13.0 14.0 14.0 47.0 43.0 38.0 34.0 32.0 19.0 19.0 19.0 14.0 13.0 14.0 14.0 14.0 13.0 18.0 15.0 46.0 38.0 29.0 27.0 97.0 51.0 17.0 19.0 13.0 13.0 13.0 15.0 118.0 82.0 33.0 33.0 21.0 18.0 36.0 19.0 33.0 14.0 15.0 14.0 14.0 13.0 13.0 14.0 29.0 28.0 24.0 23.0 19.0 16.0 15.0 17.0 13.0 14.0 13.0 15.0 35.0 29.0 23.0 24.0 15.0 15.0 15.0 16.0 14.0 13.0 20.0 14.0 25.0 26.0 21.0 21.0 15.0 15.0 14.0 16.0 13.0 15.0 18.0 14.0 55.0 38.0 22.0 18.0 84.0 25.0 16.0 14.0 13.0 13.0 14.0 13.0 101.0 51.0 44.0 42.0 44.0 25.0 20.0 19.0 14.0 14.0 14.0 14.0 37.0 14.0 14.0 13.0 48.0 53.0 40.0 38.0 26.0 21.0 22.0 18.0 13.0 13.0 13.0 14.0 14.0 13.0 14.0 14.0 40.0 38.0 30.0 29.0 21.0 18.0 18.0 17.0 15.0 14.0 13.0 14.0 42.0 42.0 34.0 30.0 23.0 18.0 19.0 19.0 14.0 14.0 53.0 15.0 41.0 31.0 28.0 25.0 21.0 17.0 17.0 17.0 21.0 13.0 13.0 13.0 26.0 23.0 20.0 20.0 45.0 14.0 16.0 15.0 13.0 13.0 23.0 14.0 37.0 67.0 26.0 25.0 44.0 17.0 17.0 17.0 48.0 15.0 13.0 184.0 38.0 31.0 27.0 26.0 17.0 17.0 17.0 17.0 14.0 13.0 14.0 14.0 32.0 26.0 23.0 22.0 16.0 14.0 16.0 15.0 22.0 13.0 15.0 13.0 48.0 23.0 23.0 20.0 14.0 15.0 14.0 14.0 13.0 13.0 13.0 14.0 48.0 53.0 38.0 38.0 31.0 23.0 19.0 19.0 137.0 14.0 15.0 13.0 19.0 15.0 14.0 14.0 40.0 32.0 27.0 25.0 89.0 17.0 56.0 52.0 13.0 13.0 26.0 13.0 26.0 24.0 21.0 19.0 16.0 15.0 16.0 16.0 13.0 13.0 14.0 14.0
49 50 1 TRACE 58.0 62.0 257.0 77.0 54.0 36.0 82.0 389.0 65.0 28.0 32.0 46.0 86.0 46.0 44.0 154.0 120.0 338.0 52.0 61.0 98.0 95.0 217.0 121.0 136.0 71.0 202.0 36.0 76.0 220.0 50.0 287.0 491.0 33.0 26.0 188.0 84.0 60.0 48.0 34.0 55.0 51.0 41.0 43.0 170.0 76.0 26.0 70.0 28.0 38.0 32.0 162.0 85.0 70.0 55.0 35.0 38.0 101.0 261.0 561.0 174.0 50.0 116.0 63.0 98.0 33.0 215.0 40.0 171.0 32.0 90.0 85.0 140.0 182.0 469.0 142.0 66.0 818.0 46.0 47.0 27.0 259.0 121.0 60.0 186.0 153.0 215.0 85.0 28.0 31.0 138.0 119.0 90.0 27.0 188.0 50.0 84.0 399.0 48.0 41.0 34.0 94.0 56.0 28.0 78.0 40.0 441.0 123.0 339.0 159.0 80.0 47.0 117.0 282.0 89.0 115.0 63.0 80.0 163.0 25.0 61.0 34.0 121.0 145.0 236.0 188.0 124.0 159.0 48.0 111.0 54.0 69.0 108.0 83.0 192.0 90.0 77.0 43.0 113.0 138.0 46.0 45.0 58.0 28.0 81.0 29.0 78.0 46.0 43.0 132.0 38.0 74.0 782.0 72.0 35.0 160.0 88.0 198.0 171.0 120.0 160.0 100.0 67.0 68.0 36.0 111.0 27.0 262.0 36.0 103.0 48.0 44.0 207.0 173.0 89.0 136.0 74.0 46.0 157.0 38.0 168.0 26.0 106.0 708.0 57.0 242.0 48.0 557.0 91.0 48.0 384.0 212.0 104.0 63.0 105.0 84.0 95.0 190.0 27.0 361.0 69.0 325.0 36.0
50 25 1 TRACE 28.0 38.0 19.0 51.0 18.0 19.0 19.0 23.0 19.0 291.0 22.0 19.0 19.0 31.0 22.0 18.0 145.0 57.0 19.0 28.0 21.0 24.0 29.0 20.0 18.0 18.0 18.0 18.0 20.0 25.0 19.0 21.0 19.0 56.0 18.0 84.0 27.0 19.0 17.0 40.0 19.0 18.0 20.0 18.0 19.0 20.0 60.0 19.0 20.0 20.0 20.0 21.0 27.0 19.0 34.0 18.0 78.0 50.0
50 41 1 TRACE 9.0 8.0 9.0 8.0 9.0 8.0 9.0 8.0 9.0 9.0 8.0 8.0 9.0 9.0 8.0 8.0 11.0 8.0 8.0 8.0 8.0 8.0 9.0 8.0 8.0 8.0 8.0 8.0 9.0 9.0 8.0 9.0 8.0 8.0 8.0 8.0 8.0 8.0 8.0 8.0 8.0 8.0 8.0 9.0 8.0 8.0 8.0 9.0 8.0 8.0 8.0 8.0 9.0 9.0 8.0 8.0 9.0 8.0 8.0 8.0 9.0 8.0 8.0 8.0 8.0 8.0 8.0 8.0 9.0 8.0 8.0 9.0 8.0 8.0 8.0 8.0 8.0 9.0 8.0 9.0 8.0 21.0 8.0 8.0 8.0 8.0 9.0 8.0 8.0 9.0 8.0 8.0 10.0 8.0 9.0 8.0 8.0 9.0 8.0 8.0 9.0 8.0 8.0 8.0 8.0 8.0 8.0 8.0 8.0 8.0 8.0 8.0 8.0 9.0 8.0 8.0 9.0 9.0 8.0 8.0 9.0 8.0 8.0 8.0 8.0 8.0 9.0 8.0 8.0 9.0 8.0 8.0 8.0 8.0 8.0 8.0 8.0 9.0 8.0
50 51 1 TRACE 34.0 29.0 35.0 27.0 34.0 76.0
51 52 1 TRACE 102.0 96.0 127.0 120.0 95.0 132.0 95.0 147.0 157.0 118.0 94.0 94.0 96.0 94.0 95.0 262.0 137.0 98.0 114.0 94.0 120.0 92.0 100.0 111.0 95.0 94.0 136.0 93.0 97.0 95.0 245.0 95.0 94.0 98.0 101.0 115.0 94.0 115.0 129.0 96.0 95.0 96.0 97.0 95.0 113.0 95.0 93.0 193.0 128.0 127.0 101.0 94.0 113.0 128.0 130.0 108.0 130.0 251.0 96.0 258.0 115.0 102.0 441.0 94.0
52 53 1 TRACE 27.0 21.0 39.0 79.0 38.0 53.0 32.0 34.0 100.0 22.0 32.0 32.0 41.0 29.0 39.0 544.0 76.0 33.0 49.0 24.0 66.0 32.0 103.0 21.0 33.0 32.0 34.0 30.0 33.0 32.0 27.0 32.0 25.0 57.0 34.0 25.0 32.0 269.0 21.0 33.0 45.0 59.0 33.0 32.0 22.0 116.0 136.0 88.0 64.0 48.0 34.0 33.0 34.0 43.0 21.0 21.0 26.0 108.0 33.0 241.0 40.0 53.0 87.0 48.0
53 54 1 TRACE 25.0 19.0 15.0 16.0 18.0 16.0 64.0 19.0 18.0 17.0 17.0 17.0 17.0 55.0 20.0 12.0 42.0 20.0 18.0 15.0 19.0 18.0 28.0 18.0 19.0 18.0 59.0 13.0 20.0 21.0 18.0 18.0 54.0 18.0 18.0 61.0 15.0 31.0 51.0 15.0 17.0 18.0 16.0 15.0 16.0 28.0 12.0 45.0 13.0 14.0 13.0 16.0 17.0 16.0 16.0 16.0 14.0 94.0 16.0 82.0 30.0 31.0 16.0 15.0
54 55 1 TRACE 42.0 19.0 19.0 19.0 19.0 19.0 19.0 19.0 29.0 19.0 19.0 18.0 19.0 19.0 19.0 17.0 21.0 19.0 18.0 18.0 19.0 19.0 20.0 19.0 19.0 18.0 19.0 20.0 19.0 18.0 41.0 19.0 19.0 19.0 18.0 19.0 19.0 17.0 19.0 19.0 19.0 19.0 19.0 19.0 19.0 19.0 19.0 30.0 19.0 19.0 18.0 20.0 20.0 19.0 18.0 19.0 18.0 18.0 19.0 18.0 19.0 19.0 18.0 19.0
55 56 1 TRACE 11.0 7.0 8.0 7.0 8.0 8.0 8.0 7.0 20.0 8.0 8.0 7.0 7.0 8.0 8.0 8.0 8.0 7.0 8.0 7.0 7.0 7.0 7.0 8.0 8.0 7.0 8.0 8.0 7.0 7.0 8.0 7.0 8.0 8.0 7.0 8.0 8.0 7.0 7.0 7.0 7.0 7.0 7.0 8.0 8.0 8.0 7.0 8.0 8.0 8.0 8.0 8.0 8.0 7.0 7.0 7.0 8.0 7.0 8.0 7.0 8.0 7.0 7.0 8.0
56 57 1 TRACE 11.0 8.0 7.0 8.0 7.0 8.0 7.0 8.0 7.0 7.0 7.0 7.0 8.0 7.0 7.0 7.0 8.0 8.0 7.0 8.0 8.0 8.0 8.0 7.0 7.0 8.0 7.0 8.0 8.0 8.0 7.0 8.0 7.0 7.0 8.0 7.0 7.0 7.0 8.0 7.0 8.0 8.0 8.0 7.0 7.0 7.0 8.0 18.0 7.0 7.0 7.0 7.0 7.0 8.0 8.0 8.0 7.0 6.0 7.0 7.0 7.0 8.0 21.0 7.0
57 58 1 TRACE 11.0 7.0 8.0 7.0 7.0 9.0 7.0 7.0 7.0 7.0 7.0 8.0 8.0 8.0 7.0 7.0 8.0 7.0 8.0 7.0 7.0 8.0 7.0 8.0 8.0 8.0 8.0 8.0 7.0 7.0 7.0 7.0 7.0 7.0 8.0 8.0 7.0 6.0 8.0 8.0 7.0 7.0 7.0 8.0 7.0 7.0 7.0 7.0 7.0 7.0 7.0 7.0 8.0 7.0 7.0 7.0 8.0 7.0 7.0 7.0 7.0 7.0 7.0 7.0
58 59 1 TRACE 16.0 8.0 8.0 8.0 8.0 9.0 8.0 8.0 8.0 8.0 8.0 8.0 8.0 9.0 8.0 7.0 8.0 8.0 8.0 8.0 8.0 8.0 8.0 8.0 8.0 8.0 9.0 8.0 8.0 8.0 19.0 8.0 8.0 8.0 8.0 9.0 8.0 8.0 8.0 8.0 8.0 8.0 8.0 9.0 8.0 8.0 8.0 19.0 8.0 8.0 8.0 8.0 20.0 8.0 8.0 8.0 8.0 7.0 8.0 8.0 8.0 8.0 8.0 8.0
59 60 1 TRACE 8.0 7.0 7.0 7.0 8.0 7.0 7.0 7.0 8.0 7.0 7.0 8.0 7.0 8.0 8.0 7.0 8.0 7.0 7.0 7.0 7.0 7.0 7.0 8.0 7.0 7.0 7.0 8.0 7.0 7.0 19.0 7.0 7.0 7.0 7.0 8.0 7.0 7.0 7.0 7.0 7.0 7.0 7.0 8.0 7.0 7.0 7.0 18.0 7.0 7.0 8.0 8.0 7.0 7.0 7.0 7.0 7.0 7.0 8.0 7.0 8.0 7.0 7.0 7.0
60 61 1 TRACE 7.0 7.0 7.0 7.0 8.0 7.0 7.0 7.0 19.0 8.0 7.0 7.0 7.0 7.0 7.0 19.0 19.0 7.0 7.0 7.0 7.0 7.0 7.0 7.0 7.0 7.0 7.0 8.0 7.0 7.0 18.0 7.0 7.0 8.0 7.0 7.0 7.0 19.0 7.0 7.0 7.0 7.0 7.0 7.0 7.0 8.0 7.0 7.0 8.0 8.0 7.0 7.0 8.0 7.0 7.0 8.0 7.0 18.0 7.0 19.0 8.0 8.0 7.0 7.0
61 62 1 TRACE 8.0 7.0 7.0 8.0 7.0 7.0 7.0 7.0 18.0 7.0 7.0 7.0 7.0 7.0 7.0 7.0 7.0 7.0 7.0 7.0 7.0 7.0 7.0 7.0 7.0 8.0 7.0 8.0 7.0 8.0 7.0 7.0 7.0 8.0 7.0 7.0 8.0 7.0 7.0 7.0 7.0 7.0 7.0 7.0 7.0 8.0 7.0 7.0 8.0 8.0 7.0 7.0 18.0 7.0 7.0 8.0 10.0 7.0 7.0 7.0 7.0 8.0 18.0 8.0
62 1 1 TRACE 23.0 21.0 21.0 21.0 21.0 26.0 21.0 21.0 32.0 20.0 21.0 20.0 21.0 22.0 20.0 21.0 29.0 21.0 20.0 22.0 21.0 21.0 21.0 30.0 43.0 21.0 22.0 23.0 21.0 21.0 21.0 22.0 21.0 20.0 21.0 20.0 33.0 21.0 21.0 21.0 21.0 37.0 21.0 21.0 21.0 20.0 21.0 21.0 20.0 21.0 21.0 20.0 21.0 21.0 20.0 32.0 25.0 21.0 21.0 20.0 22.0 21.0 25.0
