0 1 1 TRACE 1672856557057696.0
1 2 1 TRACE 10797.0 22.0 33.0 34.0 34.0 35.0 34.0 34.0 29.0 34.0 35.0 35.0 34.0 34.0 59.0 34.0 32.0 29.0 34.0 34.0 32.0 61.0 34.0 23.0 22.0 34.0 28.0 56.0 36.0 31.0 22.0 34.0 34.0 35.0 34.0 35.0 35.0 35.0 30.0 34.0 49.0 33.0 34.0 34.0 35.0 34.0 22.0 34.0 35.0 34.0 30.0 60.0 35.0 34.0 35.0 31.0 34.0 34.0 35.0 34.0 23.0 35.0 34.0 34.0
2 3 1 TRACE 840.0 28.0 26.0 39.0 36.0 29.0 34.0 69.0 27.0 491.0 28.0 64.0 28.0 27.0 30.0 27.0 27.0 28.0 33.0 27.0 27.0 30.0 28.0 33.0 28.0 27.0 30.0 34.0 28.0 27.0 60.0 27.0 31.0 27.0 28.0 28.0 38.0 30.0 27.0 27.0 65.0 28.0 27.0 28.0 27.0 29.0 129.0 30.0 27.0 28.0 28.0 29.0 28.0 35.0 27.0 28.0 28.0 27.0 27.0 27.0 45.0 28.0 27.0 27.0
3 4 1 TRACE 85.0 25.0 33.0 27.0 33.0 44.0 61.0 23.0 24.0 96.0 23.0 39.0 23.0 28.0 60.0 60.0 23.0 23.0 24.0 57.0 30.0 24.0 61.0 58.0 22.0 23.0 26.0 24.0 27.0 30.0 94.0 54.0 24.0 53.0 28.0 23.0 60.0 25.0 27.0 59.0 58.0 23.0 26.0 26.0 34.0 23.0 53.0 54.0 24.0 50.0 28.0 28.0 55.0 32.0 25.0 24.0 56.0 23.0 62.0 24.0 38.0 23.0 24.0 25.0
4 5 1 TRACE 22.0 22.0 16.0 50.0 17.0 16.0 20.0 15.0 17.0 16.0 17.0 16.0 16.0 16.0 16.0 16.0 15.0 16.0 16.0 16.0 17.0 21.0 17.0 16.0 16.0 21.0 15.0 16.0 16.0 17.0 27.0 51.0 16.0 16.0 16.0 16.0 16.0 17.0 16.0 50.0 16.0 20.0 16.0 49.0 16.0 20.0 15.0 50.0 16.0 37.0 15.0 23.0 16.0 16.0 15.0 16.0 17.0 16.0 50.0 49.0 27.0 16.0 16.0 17.0
5 6 1 TRACE 43.0 15.0 174.0 190.0 205.0 175.0 24.0 20.0 26.0 1362.0 19.0 27.0 56.0 26.0 20.0 19.0 25.0 16.0 129.0 285.0 36.0 20.0 18.0 19.0 18.0 17.0 14.0 19.0 32.0 14.0 149.0 17.0 16.0 27.0 45.0 25.0 16.0 49.0 18.0 14.0 53.0 97.0 19.0 41.0 18.0 22.0 13.0 16.0 17.0 18.0 53.0 16.0 16.0 25.0 16.0 15.0 17.0 16.0 12.0 11.0 19.0 17.0 12.0 12.0
6 7 1 TRACE 22.0 136.0 65.0 98.0 115.0 14.0 178.0 12.0 83.0 185.0 139.0 152.0 159.0 172.0 135.0 156.0 64.0 14.0 46.0 36.0 116.0 15.0 24.0 20.0 14.0 12.0 13.0 15.0 8.0 12.0 24.0 12.0 14.0 14.0 13.0 15.0 22.0 30.0 15.0 9.0 25.0 26.0 14.0 127.0 14.0 15.0 8.0 13.0 14.0 19.0 9.0 14.0 13.0 15.0 12.0 17.0 16.0 16.0 8.0 9.0 19.0 15.0 15.0 15.0
7 8 1 TRACE 22.0 17.0 107.0 12.0 13.0 14.0 20.0 8.0 110.0 12.0 15.0 18.0 18.0 16.0 17.0 18.0 13.0 15.0 17.0 16.0 13.0 16.0 9.0 11.0 14.0 14.0 13.0 12.0 8.0 13.0 66.0 11.0 14.0 8.0 9.0 24.0 117.0 12.0 9.0 9.0 8.0 14.0 28.0 80.0 19.0 20.0 7.0 25.0 16.0 8.0 9.0 12.0 12.0 12.0 9.0 16.0 9.0 22.0 8.0 19.0 12.0 16.0 15.0 15.0
8 9 1 TRACE 21.0 16.0 104.0 12.0 13.0 14.0 16.0 18.0 13.0 8.0 15.0 18.0 17.0 16.0 18.0 20.0 24.0 56.0 16.0 22.0 16.0 15.0 15.0 26.0 19.0 9.0 8.0 28.0 8.0 8.0 89.0 10.0 8.0 20.0 43.0 16.0 187.0 12.0 12.0 7.0 17.0 14.0 12.0 15.0 11.0 11.0 16.0 11.0 9.0 20.0 8.0 11.0 11.0 12.0 8.0 9.0 19.0 12.0 7.0 8.0 23.0 9.0 8.0 8.0
9 10 1 TRACE 59.0 205.0 74.0 34.0 63.0 50.0 69.0 48.0 321.0 52.0 57.0 33.0 64.0 54.0 47.0 31.0 36.0 237.0 64.0 65.0 31.0 44.0 31.0 53.0 40.0 75.0 62.0 64.0 58.0 74.0 80.0 301.0 63.0 52.0 129.0 29.0 62.0 50.0 28.0 62.0 42.0 61.0 54.0 65.0 48.0 50.0 81.0 62.0 55.0 64.0 45.0 47.0 29.0 83.0 48.0 63.0 61.0 47.0 86.0 28.0 81.0 91.0 59.0 84.0
10 11 1 TRACE 37.0 19.0 19.0 17.0 53.0 18.0 18.0 17.0 17.0 21.0 18.0 18.0 21.0 18.0 19.0 17.0 19.0 18.0 18.0 18.0 18.0 18.0 17.0 25.0 17.0 18.0 19.0 19.0 22.0 19.0 18.0 51.0 18.0 19.0 21.0 38.0 19.0 18.0 18.0 18.0 53.0 18.0 18.0 19.0 18.0 20.0 17.0 18.0 19.0 18.0 19.0 18.0 19.0 20.0 18.0 25.0 18.0 18.0 19.0 17.0 54.0 19.0 18.0 17.0
11 12 1 TRACE 23.0 28.0 17.0 38.0 17.0 32.0 19.0 20.0 160.0 1224.0 25.0 19.0 60.0 25.0 18.0 27.0 32.0 54.0 24.0 20.0 52.0 20.0 18.0 55.0 25.0 23.0 55.0 53.0 17.0 20.0 54.0 18.0 58.0 19.0 74.0 27.0 39.0 30.0 17.0 19.0 18.0 333.0 24.0 53.0 21.0 17.0 28.0 55.0 54.0 36.0 19.0 52.0 18.0 25.0 51.0 46.0 19.0 80.0 44.0 42.0 18.0 20.0 21.0 19.0
12 13 1 TRACE 22.0 26.0 81.0 19.0 20.0 21.0 19.0 20.0 120.0 1951.0 22.0 18.0 18.0 44.0 20.0 19.0 17.0 132.0 21.0 19.0 18.0 19.0 22.0 18.0 19.0 18.0 21.0 22.0 20.0 21.0 21.0 19.0 19.0 20.0 27.0 18.0 18.0 27.0 21.0 25.0 20.0 707.0 21.0 21.0 21.0 20.0 19.0 18.0 57.0 18.0 19.0 19.0 19.0 19.0 22.0 21.0 20.0 59.0 19.0 18.0 20.0 19.0 45.0 52.0
13 14 1 TRACE 19.0 9.0 9.0 9.0 8.0 9.0 8.0 9.0 9.0 9.0 8.0 9.0 8.0 8.0 8.0 8.0 8.0 8.0 8.0 8.0 8.0 9.0 9.0 9.0 8.0 9.0 9.0 8.0 9.0 9.0 8.0 9.0 9.0 8.0 8.0 11.0 8.0 9.0 9.0 8.0 9.0 9.0 8.0 9.0 8.0 8.0 8.0 8.0 9.0 9.0 8.0 8.0 9.0 8.0 9.0 9.0 9.0 8.0 9.0 8.0 9.0 8.0 9.0 9.0
14 15 1 TRACE 25.0 15.0 16.0 16.0 16.0 16.0 15.0 16.0 15.0 16.0 15.0 16.0 38.0 15.0 16.0 16.0 16.0 15.0 15.0 15.0 15.0 16.0 16.0 16.0 15.0 16.0 16.0 16.0 16.0 16.0 16.0 16.0 20.0 36.0 15.0 19.0 15.0 16.0 16.0 15.0 16.0 15.0 15.0 16.0 28.0 15.0 16.0 15.0 15.0 16.0 16.0 15.0 16.0 15.0 16.0 16.0 16.0 15.0 33.0 15.0 16.0 16.0 15.0 15.0
15 16 1 TRACE 12.0 8.0 8.0 8.0 8.0 8.0 8.0 8.0 8.0 8.0 8.0 7.0 8.0 7.0 8.0 8.0 8.0 8.0 8.0 8.0 7.0 9.0 8.0 8.0 8.0 7.0 7.0 8.0 8.0 8.0 8.0 8.0 8.0 8.0 8.0 8.0 8.0 8.0 8.0 8.0 8.0 7.0 8.0 8.0 8.0 7.0 8.0 8.0 8.0 8.0 8.0 8.0 8.0 7.0 8.0 8.0 7.0 7.0 11.0 7.0 7.0 8.0 8.0 8.0
16 17 1 TRACE 70.0 34.0 42.0 34.0 67.0 152.0 39.0 72.0 189.0 1525.0 33.0 32.0 48.0 62.0 33.0 34.0 34.0 203.0 67.0 32.0 51.0 68.0 35.0 70.0 125.0 33.0 34.0 54.0 67.0 32.0 70.0 126.0 86.0 74.0 69.0 31.0 71.0 31.0 72.0 33.0 38.0 264.0 33.0 36.0 66.0 34.0 70.0 73.0 92.0 106.0 68.0 52.0 35.0 45.0 68.0 87.0 51.0 51.0 29.0 71.0 70.0 33.0 87.0 71.0
17 18 1 TRACE 24.0 34.0 17.0 18.0 55.0 18.0 18.0 19.0 21.0 19.0 65.0 19.0 19.0 24.0 19.0 18.0 19.0 18.0 19.0 17.0 18.0 18.0 18.0 17.0 19.0 24.0 18.0 17.0 18.0 17.0 17.0 18.0 24.0 18.0 18.0 17.0 18.0 18.0 18.0 17.0 19.0 19.0 18.0 18.0 21.0 26.0 18.0 17.0 35.0 18.0 19.0 18.0 18.0 19.0 19.0 17.0 18.0 18.0 17.0 18.0 17.0 17.0 18.0 19.0
18 19 1 TRACE 22.0 17.0 37.0 18.0 17.0 61.0 24.0 54.0 18.0 955.0 45.0 19.0 18.0 43.0 27.0 21.0 27.0 215.0 22.0 29.0 19.0 18.0 18.0 28.0 50.0 21.0 18.0 18.0 18.0 24.0 54.0 51.0 31.0 54.0 18.0 21.0 20.0 17.0 57.0 17.0 19.0 279.0 26.0 19.0 17.0 18.0 19.0 21.0 56.0 22.0 52.0 34.0 18.0 53.0 19.0 50.0 24.0 18.0 19.0 54.0 27.0 19.0 21.0 20.0
19 20 1 TRACE 35.0 18.0 24.0 19.0 20.0 32.0 19.0 20.0 27.0 1151.0 61.0 18.0 18.0 20.0 19.0 20.0 17.0 142.0 17.0 55.0 21.0 51.0 20.0 18.0 21.0 18.0 27.0 19.0 53.0 22.0 18.0 76.0 18.0 21.0 18.0 21.0 35.0 21.0 87.0 23.0 20.0 884.0 18.0 22.0 51.0 17.0 21.0 28.0 63.0 25.0 21.0 20.0 22.0 22.0 19.0 21.0 18.0 20.0 21.0 19.0 17.0 21.0 55.0 21.0
20 21 1 TRACE 20.0 16.0 16.0 16.0 16.0 17.0 16.0 15.0 15.0 19.0 15.0 16.0 16.0 16.0 16.0 16.0 15.0 16.0 15.0 15.0 15.0 16.0 16.0 15.0 16.0 16.0 16.0 15.0 17.0 15.0 16.0 15.0 17.0 16.0 15.0 16.0 16.0 15.0 16.0 15.0 16.0 16.0 15.0 15.0 15.0 17.0 16.0 16.0 16.0 15.0 16.0 16.0 16.0 16.0 16.0 16.0 16.0 16.0 17.0 16.0 16.0 16.0 16.0 16.0
21 22 1 TRACE 29.0 13.0 13.0 13.0 13.0 13.0 12.0 13.0 12.0 13.0 13.0 12.0 13.0 13.0 13.0 13.0 13.0 12.0 12.0 13.0 13.0 13.0 13.0 13.0 12.0 14.0 13.0 13.0 13.0 13.0 13.0 13.0 13.0 13.0 13.0 13.0 12.0 13.0 12.0 13.0 13.0 13.0 12.0 13.0 13.0 17.0 13.0 12.0 17.0 13.0 13.0 12.0 12.0 12.0 13.0 13.0 12.0 12.0 13.0 13.0 12.0 12.0 13.0 12.0
22 23 1 TRACE 94.0 77.0 46.0 54.0 54.0 50.0 54.0 107.0 53.0 49.0 56.0 55.0 91.0 54.0 54.0 53.0 81.0 53.0 56.0 53.0 95.0 63.0 61.0 54.0 69.0 53.0 147.0 54.0 58.0 50.0 103.0 125.0 63.0 62.0 63.0 155.0 53.0 52.0 87.0 54.0 75.0 53.0 54.0 55.0 91.0 41.0 56.0 92.0 48.0 55.0 66.0 55.0 54.0 80.0 55.0 77.0 51.0 84.0 54.0 87.0 55.0 42.0 76.0 50.0
23 24 1 TRACE 65.0 26.0 45.0 45.0 43.0 37.0 28.0 62.0 27.0 466.0 58.0 27.0 28.0 27.0 26.0 69.0 64.0 36.0 32.0 29.0 58.0 47.0 42.0 64.0 27.0 55.0 56.0 70.0 27.0 61.0 63.0 29.0 58.0 67.0 59.0 80.0 28.0 63.0 62.0 57.0 34.0 75.0 35.0 26.0 29.0 76.0 27.0 66.0 49.0 64.0 31.0 28.0 34.0 27.0 27.0 63.0 27.0 59.0 33.0 61.0 35.0 26.0 35.0 61.0
24 25 1 TRACE 51.0 31.0 22.0 23.0 21.0 32.0 32.0 22.0 22.0 23.0 22.0 22.0 21.0 23.0 21.0 66.0 25.0 20.0 22.0 22.0 21.0 23.0 88.0 21.0 21.0 26.0 22.0 21.0 21.0 21.0 22.0 22.0 21.0 22.0 23.0 22.0 21.0 22.0 63.0 20.0 21.0 21.0 21.0 22.0 22.0 22.0 22.0 21.0 21.0 24.0 56.0 21.0 22.0 21.0 24.0 21.0 22.0 59.0 21.0 21.0 22.0 21.0 23.0 23.0
25 26 1 TRACE 24.0 9.0 10.0 10.0 13.0 9.0 9.0 10.0 9.0 9.0 9.0 9.0 9.0 9.0 9.0 9.0 10.0 10.0 9.0 10.0 10.0 10.0 9.0 9.0 10.0 10.0 9.0 9.0 9.0 9.0 9.0 9.0 10.0 9.0 9.0 10.0 9.0 9.0 10.0 9.0 10.0 10.0 10.0 10.0 9.0 10.0 9.0 9.0 9.0 9.0 9.0 9.0 9.0 10.0 9.0 9.0 9.0 10.0 9.0 10.0 10.0 9.0 10.0 9.0 9.0 10.0 9.0 9.0 10.0 9.0 9.0 9.0 10.0 9.0 10.0 9.0 9.0 9.0 10.0 10.0 9.0 10.0 10.0 10.0 10.0 9.0 9.0 9.0 9.0 9.0 9.0 9.0 9.0 10.0 12.0 9.0 9.0 9.0 9.0 9.0 9.0 9.0 10.0 9.0 9.0 9.0 10.0 10.0 10.0 9.0 9.0 10.0 9.0 10.0 10.0 10.0 10.0 10.0 9.0 9.0 9.0 10.0 10.0 9.0 9.0 9.0 10.0 9.0 9.0 9.0 10.0 9.0 9.0 9.0 10.0 9.0 9.0 10.0 9.0 9.0 9.0 9.0 10.0 9.0 9.0 9.0 9.0 10.0 10.0 9.0 9.0 9.0 9.0 10.0 9.0 9.0 9.0 9.0 10.0 9.0 10.0 10.0 10.0 9.0 10.0 10.0 9.0 9.0 9.0 9.0 9.0 9.0 9.0 9.0 9.0 10.0 10.0 9.0 9.0 9.0 10.0 10.0 10.0 10.0 9.0 10.0 9.0 10.0 9.0 9.0 9.0 9.0 9.0 9.0 9.0 10.0 9.0 9.0 10.0 9.0 10.0 9.0 10.0 9.0 10.0 9.0 9.0 10.0 10.0 9.0 9.0 9.0 9.0 10.0 9.0 10.0 9.0 9.0 10.0 9.0 9.0 9.0 10.0 10.0 9.0 9.0 9.0 10.0
26 27 1 TRACE 11.0 7.0 8.0 8.0 7.0 7.0 7.0 8.0 7.0 7.0 7.0 7.0 7.0 7.0 7.0 7.0 7.0 7.0 7.0 7.0 8.0 8.0 7.0 8.0 7.0 8.0 7.0 8.0 8.0 8.0 7.0 7.0 7.0 7.0 7.0 8.0 7.0 7.0 7.0 8.0 8.0 8.0 8.0 7.0 7.0 7.0 8.0 8.0 7.0 7.0 7.0 8.0 7.0 8.0 7.0 7.0 8.0 7.0 8.0 8.0 7.0 8.0 7.0 7.0 7.0 7.0 7.0 7.0 7.0 8.0 8.0 7.0 8.0 8.0 8.0 7.0 7.0 7.0 7.0 7.0 8.0 8.0 8.0 7.0 7.0 11.0 8.0 8.0 8.0 7.0 8.0 8.0 8.0 8.0 8.0 8.0 7.0 7.0 8.0 7.0 7.0 7.0 7.0 8.0 7.0 7.0 8.0 8.0 7.0 7.0 7.0 7.0 7.0 8.0 8.0 8.0 8.0 8.0 7.0 7.0 8.0 8.0 8.0 7.0 7.0 8.0 7.0 7.0 7.0 7.0 8.0 11.0 8.0 8.0 7.0 7.0 8.0 7.0 7.0 7.0 7.0 8.0 8.0 8.0 7.0 8.0 8.0 8.0 8.0 7.0 7.0 7.0 7.0 8.0 8.0 7.0 8.0 8.0 7.0 7.0 8.0 7.0 8.0 7.0 8.0 7.0 7.0 7.0 7.0 7.0 7.0 7.0 7.0 7.0 7.0 8.0 7.0 8.0 7.0 8.0 8.0 8.0 7.0 8.0 7.0 7.0 7.0 7.0 7.0 7.0 7.0 7.0 7.0 8.0 7.0 8.0 7.0 7.0 8.0 7.0 8.0 8.0 7.0 7.0 7.0 7.0 7.0 8.0 7.0 7.0 7.0 8.0 7.0 8.0 7.0 8.0 7.0 7.0 8.0 7.0 7.0 8.0 7.0 7.0 7.0 7.0 8.0 7.0
27 28 1 TRACE 11.0 8.0 7.0 8.0 7.0 7.0 8.0 7.0 7.0 7.0 8.0 7.0 7.0 7.0 8.0 8.0 7.0 7.0 8.0 7.0 8.0 7.0 8.0 7.0 7.0 7.0 8.0 7.0 7.0 7.0 7.0 8.0 7.0 7.0 7.0 7.0 7.0 7.0 7.0 7.0 7.0 8.0 7.0 7.0 8.0 7.0 7.0 7.0 7.0 8.0 7.0 7.0 8.0 7.0 7.0 7.0 7.0 8.0 7.0 10.0 7.0 7.0 7.0 7.0 8.0 7.0 7.0 8.0 10.0 7.0 7.0 8.0 7.0 7.0 7.0 8.0 8.0 7.0 7.0 7.0 8.0 7.0 7.0 7.0 7.0 8.0 7.0 7.0 7.0 8.0 7.0 7.0 7.0 7.0 7.0 7.0 7.0 8.0 7.0 7.0 7.0 7.0 7.0 7.0 8.0 8.0 7.0 7.0 7.0 8.0 7.0 7.0 7.0 7.0 7.0 7.0 7.0 7.0 8.0 8.0 7.0 7.0 7.0 8.0 8.0 7.0 7.0 7.0 8.0 8.0 7.0 8.0 7.0 7.0 7.0 7.0 7.0 8.0 8.0 7.0 8.0 7.0 7.0 7.0 7.0 7.0 7.0 7.0 7.0 7.0 8.0 7.0 7.0 7.0 7.0 8.0 7.0 7.0 7.0 7.0 7.0 7.0 7.0 7.0 7.0 7.0 8.0 7.0 7.0 8.0 8.0 8.0 7.0 7.0 7.0 7.0 7.0 7.0 8.0 7.0 7.0 7.0 8.0 7.0 8.0 7.0 7.0 7.0 7.0 8.0 8.0 8.0 8.0 7.0 7.0 7.0 8.0 7.0 7.0 7.0 7.0 7.0 15.0 8.0 7.0 7.0 8.0 7.0 7.0 8.0 8.0 7.0 7.0 7.0 7.0 7.0 7.0 8.0 7.0 7.0 7.0 7.0 7.0 7.0 8.0 7.0 7.0 7.0
28 29 1 TRACE 13.0 8.0 8.0 9.0 9.0 8.0 8.0 8.0 8.0 8.0 8.0 9.0 8.0 8.0 8.0 8.0 8.0 8.0 8.0 8.0 9.0 8.0 8.0 9.0 8.0 9.0 8.0 9.0 9.0 8.0 8.0 8.0 8.0 7.0 8.0 8.0 8.0 8.0 8.0 8.0 8.0 9.0 8.0 8.0 8.0 8.0 9.0 8.0 8.0 8.0 8.0 9.0 8.0 8.0 8.0 8.0 9.0 8.0 9.0 9.0 8.0 8.0 8.0 8.0 8.0 8.0 8.0 8.0 10.0 9.0 9.0 8.0 9.0 8.0 8.0 8.0 8.0 8.0 8.0 8.0 9.0 9.0 9.0 8.0 8.0 9.0 8.0 8.0 9.0 8.0 8.0 8.0 9.0 8.0 9.0 9.0 8.0 8.0 9.0 8.0 8.0 8.0 8.0 9.0 12.0 8.0 8.0 9.0 8.0 8.0 9.0 8.0 8.0 9.0 8.0 8.0 9.0 9.0 8.0 8.0 9.0 9.0 9.0 8.0 8.0 8.0 8.0 8.0 8.0 8.0 9.0 9.0 9.0 8.0 8.0 8.0 8.0 8.0 8.0 8.0 8.0 9.0 8.0 8.0 8.0 8.0 9.0 9.0 9.0 8.0 8.0 8.0 9.0 9.0 9.0 8.0 9.0 8.0 9.0 9.0 9.0 8.0 9.0 8.0 8.0 8.0 8.0 8.0 9.0 8.0 8.0 8.0 8.0 8.0 8.0 8.0 8.0 8.0 8.0 8.0 8.0 8.0 8.0 9.0 8.0 8.0 8.0 8.0 8.0 8.0 8.0 8.0 8.0 9.0 8.0 8.0 8.0 8.0 8.0 8.0 9.0 8.0 8.0 8.0 8.0 8.0 8.0 8.0 8.0 8.0 8.0 17.0 8.0 9.0 8.0 9.0 8.0 8.0 8.0 8.0 8.0 9.0 8.0 8.0 8.0 8.0 9.0 8.0
29 30 1 TRACE 79.0 39.0 40.0 24.0 145.0 109.0 46.0 28.0 41.0 29.0 29.0 30.0 28.0 31.0 30.0 38.0 36.0 102.0 47.0 59.0 31.0 27.0 33.0 32.0 37.0 71.0 65.0 73.0 41.0 29.0 35.0 35.0 613.0 57.0 31.0 39.0 80.0 68.0 72.0 30.0 69.0 38.0 76.0 29.0 32.0 66.0 29.0 109.0 108.0 37.0 29.0 31.0 60.0 32.0 30.0 60.0 78.0 25.0 78.0 36.0 31.0 31.0 29.0 99.0 64.0 52.0 69.0 57.0 28.0 33.0 72.0 79.0 32.0 29.0 43.0 72.0 53.0 68.0 71.0 75.0 46.0 83.0 29.0 56.0 25.0 18.0 68.0 70.0 67.0 64.0 31.0 65.0 36.0 31.0 17.0 72.0 67.0 64.0 68.0 76.0 92.0 45.0 67.0 67.0 39.0 66.0 36.0 32.0 67.0 59.0 29.0 30.0 70.0 37.0 66.0 30.0 143.0 33.0 43.0 67.0 71.0 69.0 76.0 72.0 28.0 70.0 34.0 63.0 71.0 36.0 40.0 33.0 32.0 31.0 70.0 73.0 72.0 30.0 28.0 78.0 39.0 21.0 65.0 63.0 69.0 70.0 128.0 55.0 185.0 66.0 36.0 46.0 66.0 55.0 74.0 30.0 67.0 70.0 30.0 40.0 30.0 72.0 31.0 65.0 74.0 80.0 31.0 66.0 29.0 31.0 60.0 62.0 86.0 45.0 28.0 27.0 31.0 69.0 70.0 68.0 85.0 66.0 32.0 34.0 47.0 29.0 73.0 31.0 64.0 69.0 37.0 32.0 66.0 30.0 38.0 31.0 67.0 32.0 26.0 40.0 29.0 65.0 61.0 36.0 67.0 69.0 65.0 57.0 83.0 38.0 67.0 57.0 26.0 65.0 64.0 69.0 35.0 35.0 37.0 75.0 74.0 34.0 30.0 67.0 30.0 57.0 31.0 28.0
30 31 1 TRACE 22.0 19.0 17.0 9.0 16.0 16.0 8.0 15.0 16.0 17.0 17.0 8.0 15.0 15.0 16.0 15.0 28.0 16.0 8.0 16.0 16.0 9.0 16.0 15.0 15.0 9.0 15.0 17.0 8.0 16.0 16.0 15.0 9.0 17.0 18.0 16.0 8.0 16.0 18.0 8.0 16.0 16.0 8.0 8.0 16.0 22.0 15.0 8.0 16.0 8.0 15.0 15.0 15.0 8.0 8.0 16.0 9.0 15.0 16.0 15.0 8.0 8.0 18.0 15.0 8.0 9.0 41.0 16.0 8.0 15.0 17.0 17.0 8.0 8.0 9.0 16.0 9.0 8.0 16.0 8.0 9.0 19.0 15.0 16.0 16.0 16.0 8.0 17.0 15.0 16.0 8.0 16.0 17.0 8.0 15.0 16.0 24.0 8.0 15.0 16.0 16.0 8.0 26.0 17.0 8.0 8.0 16.0 16.0 8.0 28.0 15.0 9.0 53.0 17.0 21.0 15.0 15.0 17.0 8.0 16.0 16.0 14.0 16.0 58.0 17.0 51.0 15.0 8.0 16.0 15.0 15.0 15.0 16.0 15.0 8.0 8.0 15.0 8.0 24.0 16.0 8.0 16.0 16.0 15.0 8.0 15.0 54.0 15.0 9.0 15.0 16.0 15.0 8.0 15.0 17.0 15.0 8.0 7.0 16.0 17.0 9.0 7.0 16.0 15.0 8.0 16.0 15.0 8.0 10.0 16.0 8.0 15.0 23.0 9.0 15.0 16.0 16.0 16.0 17.0 15.0 9.0 8.0 16.0 9.0 16.0 19.0 15.0 8.0 8.0 17.0 15.0 15.0 16.0 15.0 8.0 17.0 16.0 8.0 15.0 15.0 8.0 8.0 15.0 8.0 15.0 16.0 16.0 15.0 52.0 15.0 16.0 9.0 32.0 16.0 16.0 8.0 16.0 23.0 9.0 8.0 15.0 9.0 7.0 15.0 8.0 15.0 16.0 16.0
31 32 1 TRACE 18.0 13.0 13.0 13.0 14.0 13.0 12.0 13.0 12.0 13.0 12.0 12.0 13.0 13.0 13.0 13.0 13.0 13.0 13.0 13.0 13.0 12.0 12.0 13.0 13.0 12.0 13.0 12.0 13.0 12.0 12.0 12.0 13.0 12.0 13.0 13.0 12.0 13.0 13.0 12.0 13.0 13.0 13.0 12.0 12.0 13.0 12.0 12.0 13.0 13.0 12.0 13.0 13.0 13.0 12.0 13.0 12.0 13.0 13.0 13.0 13.0 13.0 13.0 13.0 13.0 13.0 12.0 12.0 13.0 12.0 13.0 13.0 12.0 12.0 13.0 13.0 13.0 12.0 12.0 13.0 13.0 13.0 12.0 12.0 13.0 13.0 13.0 13.0 12.0 13.0 12.0 13.0 12.0 12.0 13.0 13.0 19.0 12.0 12.0 13.0 12.0 13.0 12.0 13.0 13.0 12.0 12.0 13.0 12.0 13.0 13.0 12.0 13.0 13.0 14.0 13.0 13.0 13.0 12.0 12.0 13.0 13.0 12.0 13.0 12.0 14.0 13.0 12.0 13.0 12.0 12.0 13.0 13.0 19.0 13.0 12.0 12.0 13.0 13.0 13.0 12.0 13.0 12.0 13.0 12.0 13.0 13.0 12.0 13.0 13.0 13.0 13.0 12.0 13.0 13.0 13.0 13.0 12.0 12.0 13.0 12.0 12.0 12.0 13.0 13.0 13.0 12.0 13.0 15.0 12.0 13.0 12.0 13.0 12.0 13.0 13.0 12.0 12.0 13.0 13.0 13.0 13.0 12.0 12.0 12.0 13.0 13.0 13.0 12.0 12.0 12.0 13.0 12.0 13.0 12.0 13.0 13.0 12.0 13.0 13.0 13.0 12.0 13.0 13.0 13.0 12.0 12.0 13.0 13.0 12.0 13.0 12.0 13.0 13.0 13.0 12.0 14.0 13.0 12.0 13.0 13.0 12.0 12.0 12.0 12.0 12.0 12.0 12.0
32 33 1 TRACE 36.0 17.0 17.0 18.0 18.0 19.0 19.0 18.0 18.0 18.0 21.0 17.0 17.0 17.0 17.0 17.0 18.0 17.0 18.0 26.0 17.0 17.0 19.0 18.0 26.0 18.0 24.0 18.0 17.0 17.0 19.0 17.0 17.0 18.0 17.0 19.0 17.0 16.0 20.0 17.0 23.0 18.0 18.0 18.0 17.0 17.0 17.0 18.0 18.0 17.0 18.0 17.0 19.0 17.0 16.0 17.0 17.0 41.0 18.0 17.0 17.0 54.0 18.0 18.0 17.0 17.0 17.0 18.0 17.0 24.0 21.0 17.0 18.0 18.0 17.0 17.0 17.0 17.0 17.0 17.0 27.0 19.0 16.0 18.0 17.0 18.0 17.0 16.0 17.0 17.0 17.0 17.0 17.0 17.0 17.0 18.0 17.0 18.0 17.0 17.0 18.0 17.0 16.0 17.0 17.0 23.0 17.0 17.0 17.0 16.0 17.0 17.0 18.0 18.0 18.0 18.0 16.0 17.0 17.0 23.0 17.0 18.0 17.0 18.0 17.0 52.0 18.0 18.0 16.0 18.0 17.0 18.0 17.0 17.0 18.0 18.0 19.0 18.0 17.0 17.0 18.0 18.0 18.0 20.0 18.0 18.0 18.0 17.0 18.0 17.0 17.0 17.0 16.0 18.0 18.0 17.0 17.0 17.0 18.0 18.0 17.0 17.0 17.0 17.0 18.0 18.0 18.0 17.0 19.0 21.0 18.0 17.0 17.0 17.0 17.0 17.0 16.0 17.0 21.0 17.0 95.0 17.0 17.0 16.0 28.0 26.0 18.0 18.0 17.0 17.0 17.0 17.0 18.0 17.0 17.0 17.0 18.0 17.0 16.0 27.0 17.0 17.0 18.0 17.0 17.0 18.0 18.0 17.0 18.0 17.0 19.0 17.0 18.0 18.0 17.0 18.0 17.0 17.0 18.0 53.0 51.0 17.0 20.0 18.0 17.0 16.0 17.0 17.0
33 34 1 TRACE 120.0 301.0 106.0 72.0 110.0 78.0 105.0 118.0 111.0 85.0 70.0 70.0 289.0 113.0 122.0 63.0 441.0 121.0 124.0 253.0 116.0 99.0 225.0 243.0 75.0 102.0 147.0 122.0 91.0 183.0 103.0 75.0 1205.0 183.0 108.0 73.0 111.0 386.0 113.0 100.0 304.0 118.0 30.0 84.0 389.0 89.0 84.0 115.0 104.0 64.0 250.0 148.0 75.0 135.0 102.0 81.0 79.0 299.0 135.0 230.0 93.0 97.0 110.0 75.0 80.0 93.0 557.0 100.0 104.0 143.0 91.0 76.0 96.0 85.0 233.0 124.0 119.0 178.0 158.0 88.0 133.0 126.0 76.0 67.0 106.0 76.0 135.0 293.0 176.0 72.0 93.0 497.0 92.0 90.0 160.0 107.0 76.0 78.0 234.0 153.0 75.0 99.0 85.0 95.0 87.0 129.0 149.0 59.0 101.0 520.0 160.0 133.0 226.0 263.0 78.0 69.0 779.0 105.0 107.0 202.0 230.0 551.0 84.0 235.0 135.0 75.0 57.0 102.0 645.0 381.0 90.0 192.0 137.0 76.0 101.0 131.0 90.0 106.0 576.0 107.0 80.0 253.0 127.0 80.0 80.0 246.0 364.0 462.0 610.0 169.0 209.0 76.0 50.0 135.0 101.0 92.0 72.0 141.0 170.0 76.0 120.0 151.0 130.0 170.0 290.0 80.0 76.0 85.0 186.0 83.0 69.0 434.0 100.0 63.0 187.0 116.0 77.0 67.0 233.0 115.0 22.0 114.0 76.0 149.0 103.0 164.0 76.0 103.0 118.0 96.0 79.0 182.0 106.0 75.0 102.0 107.0 83.0 134.0 94.0 83.0 86.0 184.0 128.0 119.0 86.0 124.0 75.0 88.0 339.0 113.0 76.0 98.0 116.0 133.0 76.0 97.0 246.0 139.0 80.0 87.0 82.0 85.0 63.0 77.0 78.0 135.0 146.0 91.0
34 35 1 TRACE 683.0 764.0 69.0 61.0 56.0 17.0 52.0 55.0 53.0 18.0 18.0 53.0 59.0 54.0 17.0 55.0 71.0 53.0 53.0 59.0 55.0 51.0 57.0 53.0 16.0 50.0 480.0 53.0 49.0 77.0 52.0 17.0 51.0 57.0 64.0 17.0 112.0 213.0 53.0 51.0 62.0 122.0 19.0 72.0 80.0 53.0 18.0 57.0 52.0 51.0 163.0 53.0 17.0 18.0 53.0 17.0 53.0 503.0 52.0 17.0 18.0 53.0 55.0 18.0 19.0 52.0 64.0 51.0 50.0 57.0 117.0 53.0 18.0 17.0 96.0 52.0 18.0 101.0 57.0 32.0 58.0 78.0 18.0 47.0 55.0 18.0 57.0 59.0 91.0 18.0 53.0 72.0 59.0 52.0 71.0 52.0 17.0 51.0 54.0 53.0 18.0 49.0 53.0 18.0 18.0 70.0 36.0 18.0 52.0 73.0 53.0 80.0 153.0 54.0 51.0 88.0 544.0 92.0 50.0 111.0 53.0 17.0 56.0 59.0 52.0 18.0 17.0 56.0 62.0 487.0 55.0 132.0 126.0 17.0 18.0 54.0 50.0 73.0 202.0 75.0 52.0 59.0 52.0 19.0 56.0 61.0 91.0 18.0 49.0 279.0 90.0 17.0 76.0 58.0 60.0 18.0 18.0 55.0 206.0 48.0 17.0 58.0 54.0 54.0 50.0 58.0 18.0 19.0 131.0 17.0 53.0 64.0 99.0 53.0 89.0 195.0 49.0 52.0 63.0 53.0 18.0 55.0 17.0 51.0 65.0 55.0 18.0 19.0 57.0 51.0 51.0 59.0 53.0 18.0 50.0 53.0 51.0 54.0 147.0 50.0 18.0 55.0 50.0 51.0 56.0 53.0 38.0 52.0 93.0 54.0 18.0 51.0 271.0 54.0 21.0 56.0 59.0 66.0 17.0 62.0 51.0 17.0 53.0 21.0 50.0 68.0 55.0 17.0
35 36 1 TRACE 58.0 129.0 51.0 49.0 53.0 16.0 47.0 51.0 50.0 16.0 16.0 47.0 60.0 48.0 16.0 61.0 67.0 50.0 47.0 58.0 50.0 55.0 58.0 50.0 17.0 53.0 57.0 50.0 65.0 56.0 50.0 16.0 49.0 58.0 72.0 16.0 48.0 111.0 49.0 84.0 101.0 112.0 17.0 78.0 68.0 85.0 16.0 85.0 48.0 46.0 60.0 49.0 16.0 17.0 90.0 17.0 48.0 658.0 49.0 16.0 16.0 53.0 51.0 15.0 16.0 58.0 74.0 48.0 91.0 55.0 104.0 18.0 16.0 17.0 93.0 49.0 16.0 144.0 54.0 51.0 53.0 71.0 16.0 43.0 50.0 15.0 48.0 59.0 272.0 18.0 48.0 71.0 54.0 49.0 58.0 49.0 32.0 47.0 60.0 51.0 17.0 47.0 94.0 16.0 16.0 54.0 16.0 16.0 48.0 71.0 48.0 49.0 151.0 90.0 48.0 251.0 72.0 48.0 56.0 166.0 51.0 16.0 48.0 65.0 53.0 17.0 16.0 91.0 107.0 189.0 47.0 153.0 143.0 15.0 17.0 88.0 47.0 55.0 239.0 48.0 57.0 59.0 49.0 16.0 50.0 60.0 53.0 15.0 46.0 118.0 89.0 16.0 56.0 51.0 80.0 36.0 16.0 52.0 87.0 46.0 50.0 89.0 49.0 49.0 52.0 50.0 55.0 16.0 141.0 16.0 68.0 71.0 48.0 43.0 91.0 386.0 18.0 48.0 61.0 50.0 16.0 52.0 16.0 47.0 88.0 79.0 16.0 16.0 54.0 46.0 48.0 56.0 88.0 16.0 63.0 50.0 46.0 51.0 126.0 47.0 15.0 60.0 53.0 47.0 51.0 49.0 17.0 52.0 58.0 52.0 16.0 77.0 52.0 51.0 16.0 94.0 58.0 49.0 16.0 58.0 58.0 16.0 55.0 16.0 46.0 54.0 51.0 17.0
36 37 1 TRACE 78.0 116.0 88.0 31.0 176.0 108.0 47.0 48.0 154.0 99.0 84.0 81.0 127.0 58.0 110.0 131.0 221.0 69.0 101.0 212.0 53.0 94.0 137.0 115.0 113.0 45.0 54.0 124.0 84.0 92.0 81.0 152.0 56.0 204.0 124.0 150.0 57.0 828.0 95.0 32.0 388.0 142.0 92.0 32.0 226.0 31.0 177.0 136.0 134.0 67.0 84.0 62.0 108.0 174.0 40.0 101.0 91.0 118.0 61.0 98.0 207.0 128.0 108.0 153.0 144.0 51.0 319.0 49.0 28.0 98.0 30.0 86.0 173.0 122.0 107.0 61.0 110.0 114.0 32.0 73.0 60.0 31.0 106.0 118.0 75.0 120.0 56.0 157.0 91.0 151.0 66.0 381.0 39.0 55.0 89.0 89.0 147.0 104.0 70.0 79.0 102.0 35.0 63.0 101.0 130.0 36.0 72.0 90.0 69.0 366.0 69.0 72.0 515.0 90.0 27.0 144.0 369.0 63.0 48.0 572.0 63.0 99.0 53.0 176.0 52.0 110.0 106.0 78.0 345.0 280.0 47.0 140.0 80.0 114.0 102.0 36.0 59.0 43.0 465.0 41.0 29.0 174.0 46.0 81.0 67.0 166.0 64.0 220.0 40.0 71.0 31.0 139.0 31.0 67.0 50.0 74.0 104.0 111.0 31.0 48.0 102.0 115.0 77.0 27.0 27.0 52.0 110.0 108.0 117.0 105.0 65.0 339.0 150.0 130.0 50.0 33.0 188.0 39.0 147.0 35.0 233.0 109.0 115.0 63.0 78.0 166.0 108.0 99.0 39.0 30.0 88.0 132.0 31.0 104.0 28.0 46.0 47.0 28.0 138.0 46.0 97.0 47.0 38.0 40.0 56.0 41.0 169.0 39.0 140.0 81.0 114.0 65.0 45.0 63.0 79.0 30.0 133.0 46.0 101.0 71.0 41.0 138.0 83.0 81.0 37.0 60.0 64.0 128.0
37 38 1 TRACE 38.0 53.0 40.0 41.0 48.0 32.0 31.0 48.0 54.0 50.0 32.0 31.0 62.0 32.0 37.0 51.0 77.0 30.0 38.0 86.0 40.0 57.0 44.0 39.0 29.0 69.0 41.0 33.0 55.0 44.0 34.0 64.0 311.0 43.0 44.0 72.0 33.0 84.0 65.0 35.0 58.0 31.0 68.0 31.0 57.0 29.0 31.0 38.0 39.0 33.0 87.0 65.0 64.0 65.0 33.0 30.0 35.0 48.0 70.0 67.0 36.0 73.0 67.0 64.0 30.0 37.0 69.0 30.0 63.0 45.0 39.0 34.0 31.0 66.0 50.0 31.0 37.0 47.0 30.0 30.0 34.0 32.0 29.0 67.0 65.0 36.0 31.0 56.0 34.0 30.0 31.0 68.0 31.0 34.0 46.0 36.0 30.0 65.0 45.0 33.0 31.0 39.0 33.0 30.0 36.0 31.0 31.0 31.0 33.0 96.0 48.0 35.0 57.0 30.0 33.0 55.0 99.0 71.0 62.0 48.0 31.0 65.0 45.0 57.0 29.0 36.0 64.0 58.0 101.0 64.0 96.0 45.0 35.0 38.0 60.0 73.0 62.0 39.0 109.0 33.0 30.0 56.0 32.0 30.0 30.0 91.0 370.0 230.0 29.0 79.0 35.0 66.0 31.0 73.0 32.0 31.0 30.0 40.0 31.0 43.0 68.0 46.0 66.0 39.0 155.0 68.0 62.0 64.0 34.0 30.0 39.0 68.0 69.0 29.0 71.0 75.0 69.0 30.0 50.0 30.0 98.0 39.0 35.0 33.0 72.0 125.0 64.0 69.0 71.0 67.0 52.0 47.0 38.0 73.0 64.0 38.0 43.0 64.0 31.0 31.0 66.0 1135.0 60.0 29.0 35.0 30.0 34.0 31.0 88.0 31.0 70.0 68.0 36.0 74.0 29.0 30.0 73.0 64.0 32.0 101.0 66.0 66.0 32.0 29.0 73.0 52.0 32.0 28.0
38 39 1 TRACE 31.0 33.0 25.0 64.0 41.0 33.0 33.0 26.0 37.0 38.0 26.0 25.0 32.0 50.0 26.0 26.0 28.0 34.0 61.0 29.0 60.0 30.0 40.0 30.0 41.0 59.0 29.0 60.0 26.0 28.0 30.0 36.0 40.0 27.0 34.0 63.0 28.0 34.0 31.0 35.0 66.0 26.0 32.0 27.0 28.0 42.0 63.0 105.0 77.0 57.0 65.0 26.0 68.0 55.0 58.0 57.0 61.0 62.0 27.0 28.0 66.0 33.0 63.0 34.0 34.0 25.0 62.0 31.0 65.0 64.0 27.0 27.0 65.0 31.0 26.0 66.0 66.0 63.0 89.0 24.0 37.0 62.0 32.0 30.0 65.0 60.0 63.0 69.0 72.0 61.0 33.0 29.0 70.0 64.0 60.0 26.0 26.0 70.0 27.0 71.0 38.0 67.0 31.0 32.0 27.0 60.0 26.0 25.0 25.0 65.0 32.0 28.0 75.0 39.0 32.0 154.0 27.0 43.0 69.0 38.0 69.0 28.0 63.0 40.0 26.0 34.0 69.0 33.0 68.0 33.0 54.0 27.0 63.0 30.0 63.0 63.0 71.0 61.0 67.0 25.0 67.0 26.0 25.0 27.0 27.0 37.0 63.0 47.0 40.0 72.0 30.0 67.0 66.0 60.0 25.0 68.0 25.0 27.0 33.0 65.0 66.0 63.0 63.0 67.0 81.0 60.0 59.0 33.0 27.0 26.0 26.0 27.0 31.0 31.0 70.0 44.0 43.0 65.0 67.0 27.0 65.0 45.0 25.0 62.0 74.0 43.0 63.0 65.0 64.0 76.0 32.0 63.0 31.0 28.0 62.0 34.0 28.0 57.0 58.0 35.0 66.0 691.0 69.0 63.0 26.0 25.0 36.0 61.0 28.0 26.0 63.0 61.0 75.0 85.0 229.0 27.0 31.0 34.0 61.0 57.0 62.0 57.0 30.0 36.0 59.0 61.0 69.0 28.0
39 25 1 TRACE 18.0 16.0 18.0 26.0 17.0 20.0 17.0 17.0 20.0 18.0 17.0 21.0 17.0 18.0 37.0 17.0 52.0 17.0 52.0 17.0 17.0 18.0 18.0 17.0 21.0 17.0 17.0 86.0 24.0 17.0 20.0 57.0 17.0 18.0 17.0 27.0 18.0 22.0 17.0 20.0 25.0 18.0 16.0 22.0 17.0 17.0 17.0 17.0 17.0 18.0 17.0 18.0 18.0 19.0 19.0 54.0 20.0 18.0 18.0 16.0 18.0 37.0 17.0 25.0 17.0 19.0 17.0 17.0 29.0 55.0 16.0 17.0 19.0 19.0 16.0 17.0 28.0 27.0 17.0 18.0 18.0 18.0 17.0 21.0 18.0 16.0 59.0 21.0 16.0 27.0 25.0 17.0 25.0 17.0 20.0 18.0 16.0 57.0 25.0 54.0
39 40 1 TRACE 51.0 54.0 46.0 31.0 27.0 27.0 31.0 38.0 32.0 39.0 30.0 109.0 34.0 325.0 67.0 63.0 29.0 28.0 65.0 63.0 61.0 63.0 34.0 60.0 29.0 35.0 65.0 65.0 29.0 37.0 35.0 29.0 63.0 104.0 65.0 63.0 39.0 31.0 60.0 67.0 40.0 32.0 63.0 66.0 43.0 60.0 35.0 28.0 62.0 63.0 29.0 74.0 59.0 28.0 29.0 60.0 64.0 61.0 30.0 29.0 59.0 52.0 38.0 69.0
39 51 1 TRACE 40.0 34.0 32.0 43.0 27.0 64.0 30.0 72.0 34.0 30.0 107.0 27.0 30.0 30.0 37.0 61.0 28.0 63.0 64.0 64.0 36.0 79.0 56.0 67.0 65.0 64.0 38.0 34.0 28.0 62.0 30.0 51.0 66.0 36.0 57.0 29.0 49.0 31.0 85.0 34.0 68.0 67.0 63.0 34.0 30.0 61.0 33.0 29.0 56.0 65.0 29.0 63.0 47.0 34.0 33.0 56.0 66.0 131.0 70.0 594.0 45.0 29.0 33.0 67.0
40 41 1 TRACE 55.0 28.0 29.0 45.0 62.0 42.0 39.0 34.0 37.0 38.0 58.0 51.0 56.0 29.0 42.0 28.0 45.0 29.0 71.0 34.0 37.0 27.0 29.0 28.0 47.0 70.0 38.0 33.0 28.0 29.0 73.0 42.0 74.0 36.0 49.0 73.0 36.0 28.0 74.0 47.0 42.0 35.0 28.0 41.0 30.0 28.0 28.0 70.0 32.0 45.0 28.0 29.0 28.0 36.0 28.0 27.0 31.0 30.0 43.0 31.0 43.0 27.0 28.0 30.0
41 42 1 TRACE 18.0 13.0 14.0 13.0 13.0 12.0 13.0 14.0 13.0 12.0 14.0 17.0 12.0 13.0 13.0 12.0 14.0 13.0 12.0 21.0 13.0 12.0 13.0 14.0 13.0 13.0 13.0 12.0 14.0 13.0 13.0 14.0 13.0 12.0 13.0 15.0 13.0 13.0 12.0 13.0 13.0 13.0 12.0 12.0 13.0 13.0 13.0 13.0 14.0 12.0 13.0 13.0 12.0 13.0 13.0 13.0 12.0 13.0 15.0 12.0 13.0 12.0 12.0 13.0 13.0 13.0 13.0 12.0 13.0 13.0 13.0 13.0 13.0 15.0 13.0 12.0 13.0 13.0 13.0 12.0 13.0 12.0 13.0 14.0 13.0 13.0 13.0 13.0 12.0 14.0 12.0 15.0 12.0 13.0 13.0 12.0 13.0 13.0 13.0 13.0 13.0 17.0 13.0 14.0 13.0 12.0 14.0 13.0 12.0 14.0 14.0 13.0 13.0 13.0 13.0 13.0 13.0 13.0 13.0 13.0 13.0 12.0 14.0 12.0 13.0 13.0 13.0 13.0 13.0 13.0 12.0 13.0 13.0 13.0 13.0 13.0 12.0 15.0 13.0 12.0 13.0 13.0 13.0 13.0 13.0 13.0 15.0 13.0 13.0 13.0 12.0 14.0 13.0 12.0 14.0 13.0 12.0 14.0 13.0 13.0 14.0 13.0 13.0 13.0 14.0 12.0 12.0 13.0 12.0 12.0 12.0 13.0 13.0 12.0 13.0 13.0 12.0 13.0 13.0 13.0 12.0 12.0 15.0 12.0 12.0 12.0 13.0 13.0 13.0 13.0 13.0 12.0 14.0 12.0 13.0 13.0 13.0 13.0 13.0 13.0 12.0 15.0 13.0 13.0 12.0 13.0 14.0 13.0 13.0
42 43 1 TRACE 16.0 12.0 11.0 12.0 11.0 11.0 12.0 12.0 11.0 11.0 12.0 11.0 11.0 12.0 12.0 12.0 12.0 12.0 11.0 12.0 12.0 16.0 12.0 12.0 11.0 12.0 11.0 12.0 12.0 12.0 12.0 12.0 12.0 11.0 12.0 12.0 11.0 11.0 11.0 12.0 12.0 12.0 11.0 11.0 12.0 12.0 11.0 11.0 12.0 11.0 11.0 12.0 12.0 12.0 12.0 12.0 11.0 12.0 12.0 12.0 12.0 12.0 11.0 12.0 12.0 12.0 12.0 12.0 12.0 11.0 12.0 12.0 11.0 12.0 11.0 11.0 11.0 12.0 11.0 12.0 12.0 12.0 11.0 11.0 12.0 12.0 12.0 12.0 12.0 12.0 12.0 12.0 11.0 11.0 12.0 11.0 12.0 12.0 12.0 12.0 11.0 11.0 12.0 11.0 12.0 12.0 11.0 12.0 11.0 12.0 11.0 11.0 12.0 12.0 11.0 12.0 12.0 12.0 11.0 12.0 12.0 11.0 12.0 12.0 12.0 12.0 12.0 12.0 12.0 12.0 11.0 11.0 12.0 16.0 11.0 12.0 11.0 12.0 12.0 11.0 12.0 11.0 11.0 12.0 11.0 12.0 12.0 11.0 12.0 11.0 12.0 12.0 11.0 11.0 11.0 11.0 11.0 12.0 12.0 12.0 12.0 11.0 11.0 12.0 12.0 11.0 11.0 12.0 11.0 11.0 12.0 11.0 12.0 11.0 12.0 12.0 11.0 11.0 12.0 11.0 11.0 11.0 12.0 11.0 12.0 11.0 12.0 11.0 12.0 12.0 11.0 11.0 12.0 11.0 12.0 11.0 12.0 11.0 11.0 12.0 12.0 11.0 11.0 12.0 12.0 12.0 12.0 12.0 11.0
43 44 1 TRACE 12.0 8.0 8.0 8.0 8.0 8.0 8.0 8.0 7.0 7.0 8.0 8.0 8.0 8.0 8.0 8.0 8.0 8.0 8.0 8.0 8.0 9.0 8.0 8.0 8.0 8.0 7.0 8.0 8.0 8.0 8.0 8.0 8.0 8.0 8.0 8.0 8.0 8.0 8.0 8.0 8.0 8.0 8.0 8.0 8.0 11.0 8.0 8.0 8.0 7.0 8.0 8.0 8.0 8.0 8.0 8.0 8.0 8.0 8.0 8.0 8.0 8.0 7.0 8.0 8.0 8.0 8.0 8.0 8.0 7.0 8.0 8.0 7.0 8.0 8.0 7.0 8.0 8.0 8.0 8.0 8.0 8.0 8.0 7.0 7.0 8.0 8.0 8.0 8.0 8.0 8.0 8.0 8.0 8.0 8.0 7.0 8.0 8.0 8.0 8.0 8.0 8.0 8.0 8.0 8.0 8.0 8.0 8.0 7.0 8.0 8.0 8.0 8.0 8.0 7.0 8.0 8.0 8.0 8.0 8.0 8.0 8.0 8.0 8.0 8.0 8.0 7.0 8.0 8.0 8.0 8.0 8.0 8.0 8.0 7.0 8.0 8.0 8.0 7.0 8.0 7.0 8.0 7.0 8.0 7.0 8.0 8.0 8.0 8.0 7.0 8.0 8.0 8.0 8.0 8.0 8.0 7.0 8.0 8.0 8.0 8.0 8.0 8.0 8.0 7.0 8.0 8.0 8.0 7.0 8.0 8.0 8.0 8.0 8.0 8.0 8.0 8.0 7.0 8.0 7.0 7.0 8.0 8.0 7.0 8.0 7.0 8.0 7.0 8.0 8.0 8.0 8.0 8.0 8.0 8.0 8.0 7.0 7.0 8.0 7.0 8.0 7.0 7.0 8.0 8.0 8.0 8.0 8.0 8.0
44 45 1 TRACE 43.0 45.0 27.0 28.0 53.0 38.0 26.0 44.0 28.0 26.0 43.0 59.0 26.0 36.0 33.0 65.0 70.0 25.0 37.0 30.0 50.0 26.0 32.0 25.0 43.0 33.0 64.0 27.0 58.0 26.0 27.0 45.0 30.0 35.0 55.0 24.0 26.0 35.0 38.0 68.0 46.0 28.0 30.0 53.0 37.0 27.0 32.0 35.0 26.0 38.0 61.0 62.0 38.0 30.0 38.0 77.0 42.0 68.0 24.0 47.0 34.0 27.0 109.0 45.0 30.0 26.0 66.0 66.0 33.0 53.0 32.0 67.0 29.0 57.0 29.0 26.0 28.0 72.0 75.0 27.0 72.0 39.0 26.0 35.0 65.0 30.0 31.0 24.0 26.0 67.0 27.0 24.0 27.0 26.0 27.0 28.0 68.0 41.0 58.0 66.0 42.0 24.0 67.0 33.0 28.0 63.0 32.0 41.0 26.0 30.0 32.0 26.0 45.0 52.0 26.0 68.0 29.0 29.0 40.0 26.0 28.0 100.0 32.0 32.0 23.0 36.0 61.0 29.0 37.0 175.0 274.0 30.0 38.0 23.0 33.0 68.0 27.0 25.0 28.0 56.0 35.0 65.0 29.0 98.0 27.0 25.0 24.0 35.0 29.0 29.0 33.0 75.0 30.0 126.0 93.0 33.0 26.0 29.0 98.0 26.0 35.0 63.0 27.0 62.0 69.0 34.0 26.0 34.0 134.0 65.0 33.0 29.0 26.0 35.0 62.0 48.0 26.0 36.0 113.0 28.0 28.0 68.0 24.0 26.0 28.0 26.0 30.0 43.0 28.0 45.0 30.0 66.0 36.0 66.0 71.0 69.0 36.0 67.0 76.0 64.0 30.0 25.0 33.0 62.0 30.0 27.0 73.0 24.0 26.0
45 46 1 TRACE 25.0 18.0 18.0 20.0 16.0 20.0 16.0 17.0 19.0 18.0 20.0 17.0 19.0 27.0 17.0 54.0 17.0 19.0 16.0 19.0 17.0 16.0 18.0 18.0 16.0 19.0 17.0 22.0 19.0 16.0 51.0 16.0 18.0 18.0 24.0 18.0 17.0 18.0 18.0 17.0 15.0 18.0 19.0 19.0 17.0 18.0 16.0 16.0 17.0 16.0 17.0 17.0 18.0 17.0 17.0 17.0 18.0 17.0 18.0 18.0 18.0 17.0 18.0 19.0 16.0 17.0 18.0 21.0 18.0 19.0 17.0 61.0 17.0 17.0 25.0 17.0 18.0 20.0 16.0 18.0 57.0 19.0 19.0 19.0 18.0 19.0 18.0 17.0 29.0 54.0 19.0 17.0 21.0 17.0 18.0 17.0 20.0 19.0 16.0 18.0 18.0 18.0 17.0 18.0 16.0 20.0 18.0 18.0 17.0 19.0 21.0 26.0 19.0 15.0 19.0 17.0 17.0 17.0 52.0 18.0 18.0 49.0 18.0 17.0 24.0 18.0 17.0 19.0 54.0 19.0 18.0 18.0 18.0 18.0 20.0 17.0 17.0 19.0 18.0 54.0 18.0 19.0 30.0 17.0 19.0 18.0 40.0 18.0 26.0 19.0 19.0 18.0 20.0 15.0 18.0 19.0 18.0 18.0 51.0 26.0 18.0 18.0 16.0 16.0 16.0 15.0 18.0 16.0 17.0 17.0 16.0 18.0 17.0 18.0 18.0 19.0 17.0 16.0 16.0 18.0 18.0 18.0 18.0 17.0 19.0 17.0 16.0 16.0 18.0 20.0 17.0 17.0 17.0 19.0 17.0 18.0 17.0 16.0 17.0 17.0 20.0 16.0 17.0 17.0 19.0 16.0 18.0 17.0 19.0
46 47 1 TRACE 155.0 56.0 51.0 167.0 66.0 49.0 51.0 191.0 65.0 55.0 116.0 57.0 48.0 107.0 51.0 48.0 158.0 57.0 49.0 130.0 65.0 53.0 158.0 59.0 48.0 180.0 57.0 57.0 142.0 58.0 55.0 110.0 52.0 47.0 125.0 53.0 51.0 110.0 52.0 48.0 163.0 78.0 55.0 48.0 154.0 68.0 87.0 164.0 107.0 74.0 48.0 123.0 54.0 48.0 195.0 63.0 48.0 103.0 51.0 56.0 148.0 57.0 49.0 139.0 57.0 95.0 169.0 80.0 50.0 48.0 171.0 65.0 90.0 173.0 68.0 50.0 87.0 116.0 53.0 84.0 104.0 73.0 49.0 135.0 63.0 48.0 152.0 61.0 48.0 163.0 74.0 49.0 48.0 169.0 69.0 88.0 48.0 103.0 56.0 52.0 125.0 58.0 49.0 110.0 87.0 49.0 145.0 57.0 57.0 115.0 54.0 49.0 103.0 62.0 55.0 136.0 57.0 103.0 163.0 76.0 95.0 49.0 101.0 87.0 49.0 113.0 52.0 87.0 123.0 57.0 54.0 180.0 87.0 49.0 171.0 69.0 67.0 168.0 107.0 48.0 169.0 63.0 49.0 163.0 106.0 50.0 49.0 199.0 93.0 50.0 49.0 105.0 120.0 48.0 175.0 62.0 58.0 122.0 56.0 49.0 166.0 67.0 92.0 56.0 182.0 64.0 50.0 165.0 70.0 48.0 50.0 143.0 95.0 80.0 165.0 83.0 54.0 50.0 161.0 83.0 53.0 49.0 160.0 116.0 49.0 48.0 173.0 120.0 49.0 126.0 55.0 49.0 200.0 66.0 48.0 157.0 54.0 48.0 159.0 86.0 53.0 49.0 183.0 70.0 57.0 49.0 168.0 71.0 92.0
47 48 1 TRACE 13.0 25.0 13.0 12.0 10.0 9.0 10.0 8.0 17.0 9.0 11.0 10.0 11.0 12.0 8.0 9.0 11.0 11.0 11.0 10.0 10.0 8.0 25.0 12.0 10.0 11.0 10.0 10.0 8.0 49.0 15.0 9.0 11.0 10.0 10.0 8.0 21.0 27.0 10.0 10.0 12.0 9.0 7.0 104.0 12.0 11.0 10.0 10.0 10.0 8.0 49.0 10.0 47.0 10.0 10.0 9.0 8.0 10.0 13.0 10.0 11.0 10.0 10.0 7.0 9.0 20.0 10.0 10.0 10.0 10.0 7.0 21.0 13.0 11.0 11.0 10.0 10.0 8.0 13.0 13.0 10.0 10.0 13.0 10.0 8.0 10.0 13.0 11.0 10.0 10.0 10.0 8.0 72.0 12.0 11.0 10.0 22.0 10.0 8.0 10.0 10.0 10.0 11.0 21.0 10.0 8.0 47.0 13.0 10.0 55.0 49.0 46.0 8.0 10.0 19.0 10.0 10.0 11.0 10.0 8.0 13.0 12.0 10.0 10.0 9.0 9.0 8.0 22.0 24.0 31.0 10.0 10.0 11.0 8.0 9.0 9.0 10.0 9.0 11.0 9.0 8.0 16.0 12.0 10.0 9.0 10.0 10.0 7.0 42.0 50.0 11.0 10.0 11.0 10.0 8.0 10.0 12.0 10.0 10.0 10.0 10.0 8.0 11.0 11.0 10.0 10.0 12.0 10.0 8.0 47.0 12.0 10.0 10.0 10.0 10.0 8.0 10.0 14.0 11.0 16.0 9.0 16.0 8.0 14.0 9.0 10.0 11.0 10.0 9.0 8.0 10.0 10.0 11.0 11.0 10.0 10.0 8.0 10.0 11.0 10.0 10.0 10.0 10.0 8.0 9.0 16.0 12.0 12.0 10.0 10.0 11.0 10.0 11.0 11.0 15.0 11.0 15.0 8.0 20.0 11.0 10.0 10.0 10.0 9.0 8.0 10.0 21.0 11.0 11.0 9.0 10.0 8.0 10.0 10.0 11.0 17.0 9.0 10.0 8.0 10.0 11.0 9.0 10.0 10.0 10.0 8.0 49.0 16.0 11.0 11.0 11.0 9.0 8.0 9.0 13.0 11.0 11.0 10.0 10.0 8.0 44.0 12.0 10.0 10.0 10.0 10.0 8.0 15.0 11.0 23.0 69.0 12.0 10.0 8.0 9.0 15.0 10.0 10.0 10.0 10.0 8.0 40.0 11.0 11.0 9.0 12.0 10.0 8.0 9.0 21.0 11.0 10.0 10.0 10.0 8.0 10.0 10.0 11.0 11.0 9.0 10.0 7.0 11.0 15.0 12.0 12.0 12.0 10.0 8.0 10.0 10.0 10.0 10.0 9.0 10.0 7.0 9.0 10.0 10.0 15.0 12.0 10.0 7.0 9.0 11.0 11.0 10.0 10.0 10.0 8.0 10.0 10.0 10.0 10.0 10.0 9.0 8.0 10.0 9.0 12.0 10.0 17.0 10.0 8.0 61.0 11.0 11.0 10.0 10.0 9.0 7.0 13.0 11.0 12.0 11.0 10.0 13.0 8.0 10.0 10.0 10.0 9.0 10.0 10.0 8.0 36.0 12.0 12.0 10.0 10.0 10.0 8.0 69.0 10.0 12.0 12.0 10.0 10.0 8.0 15.0 10.0 10.0 9.0 10.0 10.0 8.0 17.0 17.0 10.0 11.0 11.0 10.0 7.0 11.0 10.0 10.0 10.0 10.0 10.0 8.0 10.0 11.0 11.0 10.0 10.0 13.0 8.0 11.0 15.0 48.0 11.0 10.0 11.0 8.0 10.0 10.0 21.0 10.0 10.0 10.0 8.0 10.0 10.0 10.0 9.0 9.0 10.0 8.0 24.0 16.0 11.0 11.0 11.0 10.0 8.0 42.0 13.0 11.0 11.0 10.0 10.0 8.0 10.0 10.0 12.0 10.0 10.0 9.0 8.0 17.0 10.0 11.0 11.0 11.0 9.0 8.0 10.0 18.0 11.0 11.0 10.0 10.0 8.0 12.0 11.0 11.0 13.0 9.0 9.0 8.0 9.0 11.0 11.0 10.0 10.0 47.0 7.0 10.0 9.0 11.0 10.0 10.0 13.0 8.0 10.0 12.0 12.0 11.0 10.0 11.0 8.0 52.0 10.0 10.0 10.0 9.0 10.0 8.0 11.0 20.0 10.0 10.0 10.0 10.0 8.0 10.0 11.0 15.0 9.0 9.0 10.0 8.0 9.0 10.0 10.0 10.0 10.0 10.0 8.0 10.0 10.0 11.0 10.0 10.0 10.0 8.0 10.0 10.0 10.0 11.0 10.0 10.0 8.0 10.0 12.0 11.0 11.0 9.0 10.0 11.0 10.0 12.0 11.0 9.0 11.0 10.0 8.0 12.0 12.0 10.0 9.0 10.0 10.0 7.0 10.0 10.0 11.0 10.0 10.0 10.0 8.0 10.0 12.0 11.0 10.0 10.0 11.0 7.0 9.0 9.0 11.0 10.0 16.0 10.0 7.0 37.0 49.0 47.0 13.0 32.0 11.0 8.0 9.0 11.0 10.0 10.0 10.0 11.0 8.0 41.0 38.0 9.0 11.0 10.0 10.0 8.0 9.0 24.0 11.0 11.0 9.0 10.0 8.0 32.0 16.0 9.0 10.0 10.0 10.0 8.0 31.0 11.0 11.0 11.0 12.0 10.0 8.0 30.0 11.0 12.0 10.0 10.0 10.0 7.0 12.0 10.0 10.0 10.0 10.0 10.0 8.0 9.0 10.0 10.0 10.0 10.0 10.0 8.0 15.0 15.0 10.0 11.0 10.0 10.0 8.0 9.0 11.0 11.0 11.0 10.0 10.0 8.0 30.0 13.0 10.0 10.0 11.0 9.0 8.0 51.0 13.0 11.0 10.0 10.0 10.0 8.0 10.0 12.0 12.0 10.0 10.0 10.0 8.0 9.0 10.0 11.0 10.0 10.0 10.0 8.0 10.0 10.0 10.0 10.0 9.0 10.0 8.0 81.0 12.0 10.0 11.0 10.0 10.0 8.0 10.0 12.0 10.0 10.0 10.0 10.0 8.0 11.0 14.0 10.0 9.0 9.0 10.0 8.0 10.0 11.0 10.0 10.0 11.0 10.0 7.0 17.0 11.0 11.0 10.0 49.0 9.0 8.0 11.0 11.0 11.0 10.0 12.0 9.0 8.0 10.0 12.0 11.0 10.0 12.0 10.0 8.0 12.0 12.0 10.0 10.0 11.0 10.0 8.0 10.0 11.0 11.0 11.0 18.0 10.0 8.0 87.0 12.0 16.0 12.0 10.0 10.0 7.0 10.0 9.0 11.0 11.0 10.0 11.0 8.0 46.0 15.0 10.0 11.0 10.0 10.0 8.0 10.0 9.0 12.0 10.0 10.0 10.0 8.0 40.0 11.0 11.0 10.0 9.0 10.0 8.0 33.0 13.0 10.0 12.0 21.0 11.0 8.0 10.0 10.0 11.0 11.0 10.0 10.0 8.0 10.0 11.0 11.0 11.0 9.0 10.0 8.0 51.0 10.0 10.0 10.0 10.0 10.0 8.0 11.0 10.0 12.0 11.0 9.0 45.0 8.0 9.0 13.0 11.0 10.0 10.0 10.0 8.0 12.0 13.0 11.0 10.0 10.0 10.0 8.0 10.0 10.0 10.0 9.0 46.0 11.0 8.0 10.0 9.0 12.0 21.0 9.0 10.0 8.0 10.0 10.0 12.0 10.0 9.0 10.0 8.0 41.0 11.0 17.0 10.0 10.0 10.0 8.0 11.0 10.0 10.0 10.0 10.0 10.0 8.0 30.0 11.0 10.0 10.0 9.0 10.0 17.0 34.0 89.0 11.0 11.0 10.0 11.0 8.0 9.0 9.0 12.0 12.0 9.0 10.0 8.0 10.0 12.0 13.0 11.0 10.0 10.0 8.0 199.0 11.0 10.0 9.0 10.0 10.0 8.0 64.0 11.0 12.0 11.0 9.0 45.0 8.0 401.0 11.0 11.0 10.0 48.0 10.0 8.0 10.0 11.0 11.0 11.0 9.0 10.0 8.0 10.0 11.0 10.0 12.0 19.0 9.0 8.0 9.0 12.0 11.0 10.0 9.0 10.0 8.0 10.0 10.0 10.0 10.0 13.0 9.0 8.0 40.0 11.0 10.0 17.0 10.0 10.0 8.0 10.0 10.0 10.0 11.0 9.0 10.0 8.0 41.0 9.0 10.0 10.0 10.0 10.0 8.0 9.0 19.0 10.0 10.0 10.0 10.0 8.0 12.0 13.0 11.0 10.0 10.0 10.0 8.0 10.0 10.0 10.0 10.0 28.0 17.0 7.0 11.0 12.0 10.0 10.0 9.0 10.0 8.0 17.0 11.0 11.0 11.0 9.0 12.0 8.0 57.0 11.0 17.0 10.0 10.0 10.0 8.0 10.0 10.0 12.0 10.0 29.0 10.0 8.0 9.0 13.0 12.0 11.0 13.0 10.0 8.0 29.0 12.0 12.0 12.0 9.0 10.0 8.0 10.0 10.0 16.0 71.0 10.0 10.0 7.0 14.0 12.0 10.0 10.0 10.0 9.0 7.0 10.0 12.0 11.0 12.0 10.0 10.0 8.0 10.0 9.0 12.0 11.0 9.0 10.0 7.0 17.0 10.0 10.0 10.0 10.0 10.0 8.0 9.0 9.0 47.0 13.0 10.0 11.0 8.0 10.0 13.0 10.0 10.0 10.0 10.0 8.0 10.0 10.0 9.0 9.0 9.0 10.0 8.0 10.0 10.0 10.0 10.0 9.0 10.0 8.0 9.0 12.0 10.0 12.0 10.0 9.0 8.0 10.0 10.0 10.0 10.0 12.0 11.0 8.0 11.0 10.0 12.0 11.0 46.0 13.0 8.0 9.0 10.0 11.0 11.0 10.0 9.0 8.0 20.0 11.0 9.0 10.0 10.0 10.0 8.0 76.0 10.0 19.0 16.0 9.0 10.0 7.0 10.0 10.0 12.0 12.0 9.0 10.0 8.0 10.0 11.0 11.0 11.0 9.0 10.0 8.0 36.0 11.0 9.0 10.0 12.0 10.0 8.0 9.0 13.0 11.0 10.0 10.0 9.0 8.0 12.0 11.0 12.0 12.0 10.0 9.0 8.0 152.0 10.0 10.0 9.0 10.0 10.0 9.0 10.0 13.0 10.0 10.0 9.0 10.0 8.0 10.0 11.0 10.0 11.0 10.0 9.0 8.0 10.0 10.0 20.0 12.0 9.0 10.0 8.0 47.0 11.0 9.0 10.0 12.0 10.0 8.0 16.0 34.0 12.0 10.0 11.0 9.0 8.0 21.0 11.0 14.0 10.0 11.0 10.0 8.0 10.0 10.0 10.0 9.0 10.0 9.0 8.0 10.0 10.0 11.0 10.0 10.0 10.0 8.0 10.0 9.0 10.0 11.0 9.0 10.0 8.0 15.0 33.0 10.0 10.0 11.0 10.0 8.0 48.0 54.0 9.0 10.0 10.0 14.0 8.0 15.0 10.0 11.0 10.0 11.0 10.0 8.0 9.0 11.0 10.0 10.0 10.0 12.0 8.0 10.0 14.0 11.0 14.0 10.0 10.0 8.0 11.0 10.0 10.0 9.0 10.0 10.0 8.0 10.0 11.0 10.0 44.0 15.0 10.0 8.0 10.0 40.0 12.0 11.0 42.0 12.0 7.0 13.0 12.0 11.0 11.0 9.0 10.0 8.0 83.0 12.0 9.0 9.0 11.0 10.0 11.0 10.0 10.0 12.0 10.0 10.0 10.0 7.0 175.0 10.0 10.0 10.0 10.0 10.0 8.0 10.0 11.0 10.0 10.0 10.0 10.0 8.0 9.0 10.0 11.0 19.0 10.0 10.0 8.0 9.0 9.0 11.0 10.0 9.0 10.0 9.0 10.0 11.0 10.0 10.0 9.0 10.0 8.0 10.0 22.0 11.0 10.0 10.0 10.0 8.0 10.0 12.0 12.0 12.0 9.0 10.0 8.0 10.0 14.0 11.0 10.0 10.0 11.0 8.0 11.0 10.0 11.0 12.0 11.0 10.0 7.0 50.0 9.0 10.0 13.0 13.0 10.0 8.0 11.0 10.0 10.0 19.0 10.0 12.0 7.0 39.0 14.0 10.0 10.0 10.0 9.0 8.0 12.0 12.0 10.0 9.0 10.0 10.0 8.0 10.0 10.0 11.0 10.0 9.0 10.0 8.0 10.0 10.0 10.0 10.0 10.0 9.0 8.0 13.0 11.0 10.0 10.0 10.0 9.0 8.0 10.0 10.0 10.0 11.0 9.0 9.0 7.0 10.0 29.0 10.0 11.0 9.0 10.0 8.0 10.0 10.0 9.0 15.0 10.0 10.0 7.0 19.0 16.0 10.0 10.0 10.0 10.0 8.0 38.0 11.0 10.0 10.0 13.0 12.0
48 49 1 TRACE 21.0 38.0 21.0 35.0 21.0 17.0 13.0 8.0 11.0 11.0 11.0 11.0 12.0 1200.0 8.0 12.0 10.0 9.0 10.0 10.0 10.0 15.0 25.0 19.0 24.0 18.0 21.0 16.0 9.0 18.0 17.0 14.0 14.0 14.0 13.0 7.0 10.0 11.0 9.0 10.0 10.0 21.0 7.0 12.0 10.0 10.0 9.0 9.0 9.0 15.0 27.0 19.0 18.0 17.0 19.0 13.0 9.0 19.0 14.0 14.0 14.0 13.0 13.0 7.0 20.0 9.0 9.0 10.0 10.0 9.0 16.0 28.0 20.0 18.0 19.0 18.0 14.0 8.0 13.0 11.0 11.0 23.0 10.0 11.0 7.0 10.0 9.0 10.0 10.0 9.0 10.0 14.0 22.0 36.0 18.0 20.0 17.0 13.0 8.0 10.0 13.0 10.0 10.0 10.0 10.0 8.0 10.0 15.0 10.0 10.0 10.0 13.0 16.0 24.0 21.0 17.0 18.0 18.0 14.0 8.0 12.0 11.0 10.0 11.0 11.0 10.0 8.0 10.0 10.0 27.0 10.0 10.0 11.0 17.0 33.0 27.0 19.0 17.0 18.0 14.0 8.0 14.0 12.0 12.0 11.0 11.0 10.0 8.0 13.0 10.0 10.0 9.0 11.0 13.0 17.0 40.0 20.0 32.0 18.0 17.0 14.0 8.0 12.0 12.0 12.0 12.0 12.0 12.0 7.0 10.0 10.0 9.0 9.0 11.0 10.0 16.0 37.0 20.0 18.0 18.0 17.0 14.0 8.0 21.0 11.0 12.0 11.0 11.0 11.0 8.0 9.0 17.0 9.0 10.0 10.0 10.0 17.0 23.0 21.0 19.0 17.0 17.0 15.0 8.0 15.0 12.0 12.0 12.0 11.0 10.0 7.0 10.0 10.0 47.0 10.0 46.0 10.0 15.0 26.0 19.0 18.0 18.0 18.0 13.0 8.0 10.0 10.0 11.0 10.0 10.0 10.0 8.0 9.0 9.0 10.0 10.0 10.0 10.0 16.0 24.0 19.0 32.0 17.0 18.0 15.0 8.0 46.0 10.0 11.0 10.0 11.0 45.0 8.0 11.0 9.0 10.0 10.0 10.0 10.0 14.0 27.0 20.0 18.0 18.0 18.0 14.0 7.0 88.0 27.0 10.0 11.0 10.0 24.0 8.0 9.0 16.0 10.0 10.0 10.0 9.0 14.0 32.0 54.0 23.0 28.0 19.0 14.0 9.0 21.0 18.0 15.0 15.0 14.0 12.0 8.0 9.0 12.0 10.0 10.0 11.0 10.0 7.0 10.0 9.0 10.0 26.0 10.0 10.0 16.0 23.0 19.0 18.0 20.0 18.0 13.0 7.0 11.0 11.0 47.0 10.0 13.0 11.0 7.0 10.0 10.0 10.0 10.0 11.0 9.0 14.0 24.0 21.0 20.0 18.0 22.0 19.0 9.0 18.0 26.0 15.0 17.0 14.0 12.0 8.0 11.0 10.0 9.0 9.0 10.0 9.0 7.0 16.0 40.0 10.0 10.0 10.0 10.0 16.0 23.0 19.0 18.0 19.0 18.0 13.0 8.0 16.0 29.0 11.0 10.0 11.0 11.0 7.0 43.0 10.0 10.0 10.0 10.0 9.0 15.0 24.0 20.0 19.0 19.0 23.0 15.0 8.0 14.0 14.0 14.0 12.0 12.0 12.0 19.0 10.0 10.0 10.0 10.0 10.0 21.0 13.0 30.0 19.0 18.0 24.0 17.0 14.0 7.0 45.0 10.0 10.0 10.0 10.0 10.0 7.0 10.0 11.0 10.0 9.0 10.0 10.0 16.0 27.0 21.0 18.0 19.0 19.0 14.0 8.0 52.0 12.0 11.0 11.0 12.0 11.0 7.0 22.0 10.0 9.0 9.0 10.0 10.0 17.0 25.0 29.0 18.0 17.0 19.0 14.0 8.0 13.0 11.0 12.0 11.0 12.0 12.0 7.0 14.0 10.0 10.0 10.0 11.0 9.0 12.0 37.0 19.0 18.0 20.0 18.0 13.0 10.0 20.0 18.0 18.0 46.0 13.0 14.0 7.0 9.0 12.0 9.0 10.0 10.0 10.0 7.0 10.0 9.0 10.0 10.0 10.0 9.0 15.0 70.0 20.0 19.0 18.0 26.0 13.0 9.0 18.0 14.0 15.0 13.0 13.0 12.0 7.0 10.0 9.0 11.0 9.0 9.0 9.0 14.0 22.0 21.0 27.0 17.0 18.0 21.0 9.0 18.0 17.0 14.0 14.0 14.0 13.0 7.0 10.0 9.0 9.0 10.0 10.0 11.0 8.0 10.0 10.0 10.0 10.0 10.0 10.0 16.0 23.0 20.0 18.0 18.0 17.0 14.0 8.0 19.0 11.0 41.0 10.0 12.0 10.0 7.0 10.0 10.0 9.0 9.0 10.0 10.0 13.0 22.0 19.0 18.0 19.0 17.0 14.0 7.0 9.0 29.0 10.0 10.0 10.0 17.0 7.0 46.0 10.0 12.0 10.0 10.0 10.0 16.0 59.0 20.0 19.0 18.0 18.0 13.0 8.0 21.0 11.0 11.0 11.0 11.0 11.0 7.0 10.0 10.0 10.0 10.0 10.0 10.0 16.0 28.0 21.0 32.0 18.0 17.0 15.0 8.0 50.0 12.0 12.0 12.0 12.0 11.0 8.0 13.0 10.0 43.0 9.0 11.0 10.0 13.0 22.0 19.0 19.0 19.0 19.0 15.0 10.0 18.0 18.0 18.0 15.0 14.0 13.0 7.0 11.0 10.0 9.0 9.0 9.0 9.0 7.0 11.0 44.0 10.0 10.0 10.0 10.0 14.0 54.0 18.0 17.0 18.0 18.0 14.0 8.0 19.0 17.0 23.0 13.0 13.0 12.0 7.0 10.0 17.0 9.0 10.0 10.0 9.0 7.0 9.0 10.0 10.0 9.0 10.0 10.0 13.0 24.0 20.0 18.0 18.0 16.0 13.0 7.0 15.0 10.0 10.0 10.0 10.0 9.0 7.0 11.0 10.0 10.0 9.0 10.0 10.0 16.0 32.0 20.0 18.0 18.0 19.0 14.0 8.0 18.0 11.0 10.0 11.0 11.0 11.0 7.0 10.0 9.0 10.0 10.0 10.0 9.0 12.0 22.0 19.0 18.0 18.0 20.0 12.0 7.0 11.0 10.0 10.0 10.0 11.0 10.0 7.0 11.0 15.0 10.0 11.0 10.0 9.0 17.0 39.0 32.0 19.0 19.0 52.0 14.0 8.0 18.0 12.0 12.0 12.0 11.0 10.0 7.0 9.0 10.0 10.0 10.0 11.0 10.0 16.0 46.0 19.0 35.0 17.0 17.0 22.0 8.0 10.0 14.0 11.0 11.0 12.0 11.0 8.0 51.0 9.0 10.0 9.0 10.0 10.0 13.0 30.0 34.0 18.0 17.0 17.0 14.0 7.0 9.0 10.0 10.0 10.0 11.0 10.0 8.0 9.0 10.0 9.0 10.0 10.0 10.0 16.0 68.0 20.0 18.0 17.0 17.0 14.0 8.0 11.0 12.0 17.0 11.0 12.0 15.0 7.0 9.0 10.0 9.0 10.0 9.0 9.0 13.0 22.0 19.0 19.0 18.0 18.0 13.0 9.0 19.0 18.0 17.0 55.0 14.0 13.0 7.0 16.0 36.0 10.0 10.0 10.0 10.0 7.0 10.0 9.0 10.0 10.0 11.0 9.0 13.0 37.0 19.0 18.0 17.0 12.0 14.0 8.0 10.0 10.0 10.0 10.0 10.0 14.0 7.0 22.0 10.0 9.0 9.0 9.0 10.0 16.0 45.0 20.0 18.0 18.0 17.0 14.0 8.0 10.0 11.0 10.0 11.0 10.0 10.0 7.0 45.0 9.0 9.0 16.0 11.0 10.0 16.0 30.0 19.0 22.0 17.0 17.0 15.0 7.0 14.0 23.0 11.0 10.0 10.0 11.0 8.0 41.0 10.0 10.0 10.0 9.0 10.0 17.0 23.0 21.0 18.0 18.0 23.0 14.0 8.0 11.0 18.0 12.0 12.0 12.0 11.0 7.0 14.0 9.0 9.0 10.0 11.0 9.0 14.0 23.0 21.0 18.0 20.0 19.0 19.0 9.0 26.0 17.0 15.0 14.0 12.0 12.0 8.0 10.0 10.0 10.0 10.0 9.0 9.0 15.0 51.0 23.0 18.0 18.0 20.0 20.0 8.0 53.0 14.0 13.0 13.0 12.0 12.0 8.0 9.0 9.0 9.0 9.0 11.0 10.0 15.0 30.0 21.0 19.0 18.0 18.0 14.0 8.0 16.0 13.0 14.0 12.0 13.0 12.0 7.0 11.0 9.0 10.0 10.0 10.0 9.0 14.0 33.0 19.0 18.0 18.0 17.0 14.0 10.0 20.0 18.0 17.0 16.0 14.0 14.0 7.0 15.0 10.0 10.0 10.0 10.0 10.0 8.0 25.0 9.0 9.0 10.0 11.0 10.0 14.0 49.0 19.0 17.0 25.0 51.0 16.0 9.0 22.0 18.0 48.0 15.0 13.0 13.0 7.0 28.0 10.0 9.0 9.0 11.0 10.0 8.0 9.0 10.0 10.0 10.0 10.0 10.0 13.0 23.0 19.0 19.0 18.0 19.0 15.0 8.0 9.0 10.0 11.0 10.0 12.0 10.0 7.0 18.0 10.0 9.0 9.0 10.0 10.0 16.0 25.0 20.0 27.0 18.0 17.0 15.0 8.0 12.0 13.0 18.0 12.0 12.0 12.0 7.0 10.0 9.0 9.0 10.0 10.0 9.0 16.0 28.0 21.0 19.0 33.0 47.0 14.0 8.0 11.0 11.0 11.0 10.0 14.0 10.0 7.0 9.0 11.0 10.0 10.0 10.0 10.0 14.0 27.0 20.0 18.0 18.0 17.0 20.0 9.0 19.0 17.0 13.0 13.0 13.0 13.0 7.0 10.0 11.0 10.0 10.0 11.0 10.0 8.0 49.0 10.0 9.0 10.0 12.0 9.0 15.0 29.0 54.0 20.0 19.0 17.0 14.0 8.0 15.0 14.0 14.0 13.0 13.0 47.0 7.0 20.0 10.0 10.0 10.0 10.0 9.0 13.0 29.0 23.0 20.0 19.0 17.0 14.0 9.0 18.0 17.0 18.0 14.0 14.0 13.0 7.0 14.0 10.0 9.0 10.0 10.0 9.0 8.0 9.0 9.0 10.0 10.0 10.0 9.0 17.0 32.0 20.0 18.0 18.0 21.0 13.0 8.0 11.0 13.0 11.0 12.0 11.0 11.0 7.0 10.0 36.0 9.0 9.0 11.0 10.0 14.0 24.0 20.0 18.0 17.0 26.0 21.0 9.0 19.0 17.0 17.0 13.0 16.0 12.0 8.0 9.0 9.0 9.0 9.0 10.0 10.0 7.0 10.0 10.0 9.0 10.0 10.0 20.0 11.0 20.0 18.0 24.0 20.0 14.0 13.0 11.0 49.0 20.0 17.0 30.0 15.0 13.0 8.0 9.0 9.0 9.0 9.0 18.0 10.0 8.0 10.0 10.0 9.0 10.0 9.0 9.0 12.0 22.0 22.0 24.0 19.0 18.0 13.0 11.0 20.0 18.0 17.0 55.0 15.0 13.0 7.0 15.0 10.0 10.0 9.0 14.0 10.0 7.0 12.0 10.0 10.0 9.0 10.0 10.0 16.0 35.0 33.0 18.0 17.0 18.0 14.0 8.0 13.0 14.0 14.0 13.0 13.0 12.0 7.0 10.0 10.0 10.0 10.0 10.0 10.0 16.0 35.0 20.0 19.0 54.0 18.0 15.0 8.0 14.0 10.0 11.0 10.0 11.0 10.0 7.0 9.0 9.0 10.0 9.0 16.0 9.0 16.0 24.0 19.0 19.0 19.0 26.0 14.0 8.0 15.0 13.0 13.0 12.0 13.0 11.0 7.0 9.0 9.0 10.0 10.0 12.0 10.0 16.0 24.0 19.0 18.0 18.0 17.0 14.0 8.0 26.0 11.0 11.0 11.0 10.0 10.0 7.0 10.0 9.0 45.0 10.0 10.0 10.0 12.0 25.0 29.0 18.0 18.0 26.0 20.0 10.0 21.0 18.0 17.0 17.0 15.0 13.0 7.0 10.0 9.0 10.0 10.0 10.0 10.0 7.0 9.0 10.0 10.0 9.0 9.0 9.0 13.0 22.0 26.0 18.0 17.0 20.0 13.0 9.0 60.0 17.0 19.0 16.0 15.0 12.0 8.0 10.0 42.0 9.0 10.0 9.0 9.0 7.0 9.0 10.0 9.0 9.0 10.0 9.0 15.0 56.0 21.0 18.0 19.0 17.0 14.0 8.0 14.0 14.0 14.0 12.0 13.0 11.0 7.0 22.0 10.0 9.0 48.0 10.0 37.0
49 47 1 TRACE 84.0 75.0 54.0 49.0 47.0 47.0 32.0 28.0 28.0 25.0 26.0 63.0 21.0 21.0 20.0 21.0 21.0 21.0 116.0 89.0 73.0 64.0 67.0 54.0 55.0 38.0 36.0 34.0 34.0 33.0 21.0 21.0 21.0 23.0 21.0 22.0 20.0 20.0 20.0 21.0 21.0 20.0 110.0 90.0 71.0 106.0 58.0 52.0 40.0 36.0 34.0 33.0 34.0 31.0 21.0 21.0 21.0 22.0 21.0 22.0 72.0 57.0 49.0 45.0 41.0 38.0 32.0 29.0 26.0 25.0 25.0 28.0 37.0 20.0 20.0 21.0 20.0 21.0 61.0 52.0 53.0 42.0 39.0 37.0 69.0 24.0 23.0 23.0 23.0 25.0 24.0 21.0 23.0 20.0 20.0 20.0 76.0 59.0 51.0 47.0 42.0 40.0 29.0 27.0 26.0 27.0 27.0 27.0 20.0 20.0 21.0 22.0 22.0 30.0 82.0 64.0 53.0 47.0 46.0 41.0 30.0 28.0 28.0 28.0 29.0 28.0 30.0 21.0 20.0 64.0 21.0 30.0 101.0 75.0 62.0 61.0 50.0 54.0 63.0 32.0 30.0 31.0 30.0 30.0 20.0 21.0 20.0 21.0 21.0 21.0 119.0 66.0 55.0 49.0 45.0 42.0 33.0 29.0 64.0 28.0 29.0 27.0 22.0 21.0 21.0 20.0 21.0 21.0 87.0 72.0 57.0 49.0 47.0 43.0 36.0 59.0 28.0 28.0 28.0 28.0 23.0 21.0 21.0 20.0 20.0 21.0 68.0 52.0 46.0 41.0 38.0 38.0 25.0 24.0 24.0 23.0 23.0 23.0 39.0 21.0 21.0 21.0 21.0 21.0 68.0 82.0 59.0 43.0 40.0 38.0 26.0 27.0 25.0 24.0 63.0 24.0 20.0 21.0 21.0 20.0 20.0 21.0 64.0 53.0 46.0 42.0 39.0 38.0 45.0 24.0 23.0 22.0 24.0 26.0 24.0 23.0 22.0 20.0 21.0 20.0 114.0 95.0 77.0 66.0 62.0 92.0 41.0 40.0 37.0 35.0 34.0 32.0 64.0 22.0 21.0 21.0 22.0 21.0 20.0 20.0 20.0 20.0 20.0 22.0 74.0 59.0 52.0 46.0 43.0 39.0 26.0 27.0 60.0 26.0 31.0 27.0 22.0 21.0 20.0 22.0 22.0 21.0 132.0 93.0 74.0 65.0 60.0 56.0 88.0 39.0 36.0 35.0 44.0 32.0 27.0 21.0 20.0 28.0 21.0 21.0 20.0 20.0 24.0 19.0 22.0 58.0 71.0 58.0 50.0 44.0 42.0 39.0 26.0 26.0 25.0 31.0 31.0 25.0 20.0 42.0 20.0 20.0 21.0 20.0 111.0 85.0 68.0 61.0 56.0 52.0 55.0 34.0 33.0 32.0 68.0 35.0 38.0 22.0 22.0 26.0 22.0 22.0 56.0 49.0 44.0 40.0 38.0 40.0 24.0 22.0 22.0 24.0 24.0 21.0 41.0 22.0 21.0 21.0 21.0 20.0 139.0 71.0 58.0 54.0 48.0 44.0 65.0 60.0 29.0 29.0 29.0 33.0 20.0 20.0 21.0 31.0 21.0 21.0 120.0 65.0 54.0 49.0 45.0 42.0 29.0 28.0 28.0 27.0 28.0 27.0 21.0 20.0 21.0 21.0 21.0 21.0 117.0 108.0 93.0 85.0 77.0 68.0 47.0 44.0 41.0 38.0 35.0 35.0 58.0 31.0 21.0 21.0 21.0 58.0 20.0 20.0 21.0 22.0 21.0 20.0 136.0 86.0 70.0 62.0 57.0 52.0 37.0 37.0 34.0 32.0 33.0 31.0 23.0 21.0 20.0 23.0 21.0 21.0 119.0 93.0 75.0 67.0 94.0 57.0 39.0 39.0 37.0 34.0 33.0 32.0 48.0 21.0 21.0 20.0 20.0 20.0 20.0 26.0 20.0 21.0 21.0 20.0 73.0 56.0 49.0 44.0 41.0 38.0 26.0 41.0 31.0 28.0 28.0 25.0 21.0 21.0 22.0 20.0 22.0 20.0 57.0 49.0 44.0 41.0 39.0 38.0 28.0 24.0 22.0 24.0 30.0 23.0 22.0 20.0 22.0 20.0 21.0 22.0 85.0 68.0 55.0 47.0 45.0 41.0 31.0 28.0 28.0 27.0 27.0 28.0 21.0 21.0 21.0 20.0 21.0 21.0 92.0 70.0 60.0 52.0 56.0 44.0 65.0 32.0 29.0 28.0 30.0 28.0 20.0 20.0 20.0 25.0 21.0 21.0 113.0 96.0 78.0 67.0 66.0 58.0 55.0 41.0 37.0 35.0 34.0 32.0 21.0 38.0 29.0 20.0 21.0 32.0 20.0 39.0 25.0 20.0 20.0 21.0 173.0 90.0 110.0 65.0 59.0 55.0 40.0 39.0 59.0 34.0 34.0 33.0 21.0 24.0 21.0 20.0 20.0 21.0 25.0 21.0 21.0 21.0 21.0 21.0 91.0 50.0 45.0 47.0 38.0 36.0 31.0 22.0 22.0 21.0 22.0 22.0 20.0 20.0 21.0 21.0 21.0 21.0 76.0 63.0 51.0 46.0 44.0 39.0 28.0 28.0 27.0 26.0 27.0 27.0 21.0 20.0 21.0 21.0 21.0 22.0 56.0 49.0 43.0 43.0 39.0 35.0 22.0 27.0 22.0 22.0 22.0 22.0 20.0 21.0 22.0 20.0 21.0 20.0 98.0 73.0 58.0 51.0 50.0 46.0 29.0 53.0 68.0 29.0 29.0 28.0 60.0 22.0 21.0 21.0 21.0 20.0 70.0 57.0 49.0 44.0 46.0 44.0 43.0 27.0 25.0 25.0 34.0 25.0 20.0 21.0 20.0 21.0 22.0 21.0 56.0 49.0 53.0 40.0 38.0 36.0 26.0 22.0 22.0 21.0 22.0 28.0 20.0 20.0 20.0 20.0 21.0 21.0 82.0 67.0 56.0 49.0 45.0 49.0 31.0 33.0 29.0 28.0 28.0 29.0 22.0 22.0 20.0 21.0 21.0 21.0 114.0 96.0 81.0 68.0 63.0 58.0 55.0 41.0 38.0 36.0 34.0 34.0 53.0 27.0 24.0 21.0 21.0 21.0 20.0 59.0 21.0 21.0 21.0 20.0 59.0 49.0 44.0 41.0 38.0 41.0 22.0 22.0 22.0 21.0 22.0 22.0 20.0 21.0 20.0 20.0 20.0 37.0 100.0 104.0 48.0 44.0 41.0 38.0 34.0 25.0 26.0 23.0 25.0 25.0 21.0 21.0 21.0 20.0 21.0 21.0 73.0 60.0 52.0 46.0 42.0 39.0 34.0 28.0 26.0 24.0 26.0 26.0 50.0 21.0 20.0 20.0 21.0 20.0 90.0 69.0 57.0 51.0 47.0 43.0 31.0 31.0 32.0 28.0 29.0 28.0 21.0 21.0 21.0 20.0 21.0 20.0 112.0 89.0 72.0 73.0 101.0 55.0 40.0 38.0 37.0 35.0 68.0 38.0 21.0 24.0 21.0 20.0 21.0 21.0 109.0 84.0 70.0 61.0 56.0 51.0 67.0 36.0 34.0 33.0 32.0 32.0 20.0 20.0 20.0 21.0 21.0 21.0 107.0 86.0 69.0 60.0 55.0 52.0 34.0 39.0 32.0 32.0 34.0 32.0 21.0 20.0 20.0 20.0 21.0 56.0 115.0 97.0 78.0 68.0 63.0 57.0 79.0 40.0 38.0 36.0 33.0 35.0 23.0 21.0 20.0 20.0 23.0 21.0 20.0 21.0 21.0 20.0 20.0 21.0 144.0 96.0 78.0 68.0 63.0 58.0 41.0 39.0 37.0 37.0 40.0 40.0 21.0 21.0 22.0 20.0 20.0 64.0 53.0 22.0 20.0 20.0 21.0 20.0 56.0 50.0 49.0 40.0 38.0 36.0 30.0 24.0 24.0 22.0 23.0 23.0 20.0 20.0 21.0 22.0 21.0 22.0 149.0 79.0 66.0 58.0 54.0 49.0 72.0 33.0 68.0 31.0 31.0 31.0 22.0 22.0 29.0 21.0 21.0 21.0 91.0 60.0 51.0 46.0 43.0 54.0 27.0 27.0 26.0 25.0 26.0 26.0 20.0 48.0 21.0 20.0 20.0 20.0 114.0 116.0 74.0 65.0 60.0 55.0 39.0 38.0 36.0 33.0 35.0 32.0 84.0 22.0 20.0 21.0 21.0 21.0 20.0 20.0 22.0 20.0 21.0 21.0 107.0 83.0 67.0 61.0 54.0 51.0 37.0 34.0 33.0 32.0 32.0 31.0 20.0 20.0 28.0 20.0 20.0 21.0 124.0 95.0 76.0 67.0 62.0 56.0 41.0 39.0 37.0 35.0 33.0 32.0 23.0 49.0 21.0 21.0 21.0 21.0 46.0 56.0 23.0 20.0 20.0 21.0 114.0 65.0 55.0 49.0 45.0 43.0 34.0 36.0 28.0 36.0 29.0 28.0 20.0 21.0 31.0 59.0 23.0 21.0 116.0 95.0 77.0 68.0 63.0 57.0 80.0 40.0 37.0 39.0 34.0 33.0 23.0 22.0 21.0 20.0 21.0 21.0 20.0 26.0 27.0 23.0 21.0 21.0 115.0 109.0 101.0 87.0 81.0 74.0 49.0 49.0 41.0 38.0 36.0 33.0 22.0 21.0 21.0 21.0 21.0 59.0 20.0 20.0 20.0 20.0 21.0 21.0 117.0 108.0 94.0 87.0 81.0 71.0 48.0 44.0 41.0 38.0 37.0 34.0 23.0 21.0 22.0 21.0 21.0 22.0 24.0 21.0 20.0 20.0 21.0 21.0 124.0 85.0 67.0 98.0 55.0 49.0 38.0 34.0 33.0 31.0 32.0 31.0 45.0 21.0 21.0 21.0 21.0 21.0 72.0 58.0 50.0 45.0 45.0 39.0 30.0 50.0 28.0 26.0 25.0 27.0 21.0 23.0 21.0 21.0 22.0 22.0 106.0 81.0 68.0 59.0 54.0 50.0 36.0 33.0 32.0 32.0 32.0 31.0 20.0 21.0 20.0 20.0 21.0 39.0 74.0 60.0 59.0 49.0 42.0 39.0 39.0 27.0 26.0 25.0 25.0 26.0 20.0 21.0 21.0 23.0 55.0 22.0 118.0 126.0 104.0 96.0 94.0 79.0 62.0 45.0 41.0 38.0 37.0 35.0 56.0 21.0 21.0 62.0 22.0 21.0 44.0 21.0 20.0 20.0 21.0 20.0 116.0 96.0 77.0 69.0 63.0 57.0 41.0 40.0 38.0 34.0 34.0 32.0 21.0 21.0 24.0 21.0 21.0 23.0 35.0 40.0 20.0 20.0 20.0 21.0 109.0 86.0 68.0 62.0 56.0 51.0 35.0 35.0 33.0 33.0 32.0 31.0 22.0 21.0 58.0 23.0 21.0 20.0
49 50 1 TRACE 63.0 1233.0 97.0 145.0 122.0 30.0 213.0 46.0 94.0 78.0 408.0 58.0 69.0 43.0 186.0 35.0 177.0 97.0 29.0 301.0 189.0 34.0 59.0 104.0 152.0 170.0 48.0 53.0 112.0 183.0 28.0 83.0 89.0 243.0 171.0 34.0 54.0 89.0 35.0 104.0 37.0 58.0 98.0 125.0 158.0 66.0 54.0 106.0 90.0 46.0 56.0 109.0 40.0 112.0 85.0 32.0 70.0 154.0 67.0 47.0 97.0 119.0 127.0 72.0 118.0 160.0 123.0 80.0 29.0 120.0 141.0 92.0 75.0 64.0 165.0 136.0 133.0 76.0 31.0 559.0 170.0 30.0 30.0 64.0 148.0 115.0 49.0 69.0 91.0 185.0 135.0 135.0 87.0 380.0 90.0 99.0 31.0 116.0 230.0 88.0 140.0 65.0 131.0 126.0 151.0 29.0 82.0 119.0 52.0 73.0 49.0 112.0 267.0 64.0 118.0 178.0 47.0 272.0 39.0 83.0 29.0 90.0 62.0 53.0 115.0 34.0 91.0 221.0 69.0 111.0 28.0 98.0 76.0 150.0 73.0 102.0 102.0 124.0 88.0 124.0 73.0 161.0 72.0 124.0 45.0 74.0 147.0 158.0 83.0 29.0 131.0 82.0 51.0 115.0 67.0 50.0 174.0 81.0 88.0 58.0 132.0 44.0 86.0 856.0 65.0 65.0 312.0 99.0 134.0 63.0 70.0 92.0 30.0 67.0 147.0 117.0 164.0 56.0 116.0 49.0 107.0 203.0 75.0 91.0 27.0 268.0 68.0 63.0 84.0 46.0 279.0 59.0 106.0 90.0 134.0 35.0 82.0 31.0 48.0 159.0 78.0 87.0 146.0 57.0 114.0 103.0 35.0 79.0 36.0
50 25 1 TRACE 28.0 20.0 21.0 20.0 20.0 20.0 20.0 22.0 21.0 61.0 21.0 23.0 21.0 20.0 21.0 20.0 19.0 30.0 28.0 22.0 21.0 20.0 21.0 21.0 63.0 58.0 23.0 21.0 19.0 19.0 20.0 21.0 19.0 21.0 56.0 60.0 20.0 20.0 55.0 20.0 20.0 21.0 21.0 22.0 62.0 19.0 21.0 57.0 26.0 19.0 22.0 26.0 19.0 20.0 57.0 23.0 25.0 53.0 22.0 22.0 20.0 19.0 21.0 21.0
50 41 1 TRACE 8.0 9.0 8.0 8.0 8.0 9.0 8.0 8.0 8.0 9.0 8.0 8.0 8.0 9.0 9.0 9.0 9.0 9.0 8.0 8.0 8.0 8.0 9.0 11.0 8.0 8.0 8.0 8.0 8.0 8.0 8.0 8.0 8.0 8.0 9.0 8.0 9.0 9.0 8.0 11.0 8.0 8.0 9.0 8.0 8.0 8.0 8.0 8.0 8.0 8.0 9.0 8.0 8.0 8.0 9.0 8.0 9.0 9.0 8.0 8.0 9.0 8.0 11.0 8.0 9.0 8.0 8.0 8.0 8.0 9.0 9.0 8.0 8.0 8.0 8.0 9.0 9.0 9.0 8.0 9.0 8.0 9.0 8.0 9.0 9.0 8.0 8.0 8.0 9.0 8.0 9.0 9.0 9.0 8.0 8.0 8.0 8.0 8.0 9.0 9.0 11.0 8.0 9.0 8.0 9.0 8.0 9.0 8.0 9.0 8.0 9.0 9.0 8.0 8.0 9.0 8.0 8.0 8.0 9.0 8.0 9.0 8.0 9.0 9.0 8.0 9.0 8.0 8.0 9.0 9.0 9.0 8.0 8.0 8.0 8.0 8.0 9.0 8.0 9.0 10.0 8.0 8.0 9.0 8.0 9.0
51 52 1 TRACE 250.0 244.0 255.0 252.0 244.0 242.0 251.0 243.0 242.0 244.0 246.0 247.0 243.0 278.0 250.0 244.0 250.0 243.0 248.0 249.0 245.0 250.0 261.0 243.0 245.0 273.0 243.0 253.0 242.0 306.0 247.0 494.0 251.0 247.0 246.0 258.0 243.0 243.0 245.0 249.0 242.0 251.0 243.0 268.0 244.0 1088.0 251.0 242.0 248.0 253.0 242.0 243.0 248.0 246.0 248.0 242.0 243.0 243.0 243.0 415.0 243.0 245.0 243.0 308.0
52 53 1 TRACE 43.0 34.0 65.0 38.0 31.0 30.0 28.0 60.0 520.0 44.0 74.0 28.0 36.0 54.0 36.0 60.0 28.0 75.0 60.0 35.0 32.0 69.0 68.0 44.0 59.0 63.0 64.0 29.0 74.0 52.0 28.0 214.0 73.0 47.0 56.0 42.0 31.0 37.0 28.0 70.0 62.0 28.0 61.0 29.0 33.0 182.0 69.0 29.0 62.0 68.0 28.0 82.0 58.0 74.0 32.0 62.0 30.0 70.0 37.0 38.0 64.0 74.0 34.0 60.0
53 54 1 TRACE 29.0 13.0 16.0 20.0 31.0 31.0 43.0 13.0 781.0 25.0 13.0 28.0 26.0 22.0 24.0 17.0 28.0 17.0 14.0 23.0 27.0 20.0 61.0 13.0 13.0 18.0 12.0 29.0 13.0 50.0 25.0 23.0 13.0 13.0 13.0 17.0 43.0 28.0 25.0 13.0 14.0 31.0 12.0 17.0 24.0 84.0 13.0 30.0 13.0 13.0 17.0 19.0 18.0 48.0 23.0 13.0 13.0 25.0 30.0 20.0 14.0 13.0 24.0 24.0
54 55 1 TRACE 77.0 19.0 31.0 33.0 31.0 31.0 32.0 33.0 18.0 32.0 32.0 32.0 31.0 42.0 32.0 31.0 32.0 32.0 33.0 32.0 31.0 20.0 19.0 39.0 36.0 41.0 31.0 32.0 31.0 18.0 32.0 19.0 33.0 32.0 31.0 32.0 32.0 32.0 32.0 35.0 33.0 32.0 31.0 43.0 32.0 18.0 32.0 32.0 32.0 23.0 31.0 29.0 31.0 18.0 33.0 32.0 33.0 43.0 31.0 18.0 33.0 34.0 31.0 18.0
55 56 1 TRACE 11.0 19.0 19.0 8.0 8.0 8.0 8.0 18.0 7.0 8.0 18.0 8.0 7.0 18.0 8.0 19.0 8.0 19.0 19.0 8.0 7.0 7.0 8.0 18.0 18.0 19.0 7.0 8.0 18.0 7.0 7.0 7.0 19.0 8.0 8.0 8.0 8.0 8.0 8.0 18.0 18.0 8.0 8.0 18.0 8.0 7.0 18.0 8.0 18.0 8.0 7.0 8.0 18.0 7.0 8.0 18.0 18.0 19.0 7.0 7.0 18.0 18.0 8.0 7.0
56 57 1 TRACE 22.0 8.0 18.0 18.0 7.0 8.0 18.0 18.0 7.0 18.0 18.0 18.0 8.0 7.0 7.0 17.0 18.0 7.0 17.0 7.0 8.0 19.0 6.0 7.0 18.0 7.0 18.0 7.0 8.0 7.0 8.0 7.0 18.0 18.0 17.0 18.0 20.0 18.0 8.0 7.0 19.0 18.0 18.0 7.0 8.0 7.0 17.0 7.0 18.0 7.0 8.0 7.0 18.0 6.0 8.0 8.0 18.0 7.0 20.0 6.0 18.0 7.0 7.0 6.0
57 58 1 TRACE 11.0 18.0 7.0 17.0 18.0 19.0 7.0 7.0 7.0 7.0 7.0 8.0 19.0 7.0 7.0 7.0 8.0 18.0 7.0 18.0 19.0 6.0 7.0 8.0 7.0 7.0 18.0 18.0 7.0 7.0 18.0 7.0 7.0 7.0 18.0 26.0 18.0 7.0 19.0 18.0 6.0 7.0 18.0 7.0 7.0 7.0 7.0 19.0 7.0 7.0 8.0 6.0 6.0 7.0 18.0 8.0 7.0 7.0 8.0 7.0 7.0 18.0 7.0 7.0
58 59 1 TRACE 15.0 8.0 8.0 8.0 8.0 20.0 19.0 7.0 8.0 7.0 7.0 19.0 8.0 7.0 7.0 7.0 19.0 7.0 8.0 19.0 19.0 8.0 7.0 21.0 8.0 8.0 19.0 20.0 8.0 7.0 8.0 8.0 8.0 8.0 8.0 8.0 7.0 19.0 8.0 8.0 8.0 18.0 7.0 7.0 19.0 8.0 8.0 8.0 7.0 7.0 18.0 8.0 8.0 7.0 19.0 18.0 8.0 7.0 19.0 7.0 7.0 7.0 21.0 7.0
59 60 1 TRACE 8.0 7.0 18.0 19.0 7.0 18.0 18.0 19.0 7.0 7.0 19.0 19.0 7.0 7.0 19.0 7.0 18.0 19.0 19.0 18.0 19.0 6.0 7.0 18.0 19.0 19.0 8.0 19.0 7.0 7.0 8.0 6.0 18.0 19.0 18.0 18.0 19.0 18.0 19.0 18.0 19.0 19.0 19.0 19.0 20.0 7.0 18.0 18.0 19.0 7.0 20.0 7.0 19.0 7.0 7.0 19.0 19.0 19.0 19.0 7.0 19.0 19.0 19.0 7.0
60 61 1 TRACE 7.0 19.0 8.0 7.0 19.0 8.0 8.0 7.0 19.0 7.0 7.0 7.0 19.0 7.0 7.0 18.0 8.0 7.0 8.0 7.0 8.0 19.0 18.0 8.0 7.0 7.0 8.0 7.0 8.0 18.0 7.0 19.0 8.0 7.0 8.0 8.0 7.0 7.0 19.0 7.0 7.0 7.0 7.0 7.0 7.0 19.0 7.0 19.0 7.0 8.0 7.0 7.0 7.0 19.0 7.0 7.0 7.0 7.0 7.0 19.0 7.0 7.0 19.0 18.0
61 62 1 TRACE 7.0 8.0 7.0 7.0 7.0 7.0 8.0 7.0 7.0 7.0 7.0 7.0 7.0 7.0 7.0 8.0 8.0 7.0 8.0 7.0 8.0 7.0 8.0 8.0 7.0 7.0 8.0 7.0 7.0 7.0 7.0 7.0 7.0 7.0 7.0 7.0 7.0 7.0 7.0 7.0 7.0 7.0 7.0 7.0 18.0 7.0 7.0 7.0 7.0 7.0 18.0 7.0 7.0 7.0 7.0 7.0 7.0 7.0 7.0 7.0 7.0 7.0 7.0 8.0
62 1 1 TRACE 25.0 34.0 21.0 23.0 24.0 22.0 23.0 22.0 22.0 22.0 22.0 22.0 22.0 23.0 23.0 23.0 23.0 22.0 23.0 23.0 23.0 22.0 23.0 23.0 23.0 22.0 23.0 23.0 22.0 23.0 22.0 22.0 23.0 23.0 23.0 27.0 23.0 22.0 22.0 22.0 23.0 24.0 21.0 23.0 22.0 22.0 23.0 24.0 22.0 24.0 22.0 22.0 22.0 22.0 22.0 21.0 23.0 22.0 22.0 22.0 22.0 22.0 22.0
