0 1 CONSTANT 8.0
1 1 CONSTANT 8.0
2 1 CONSTANT 0.0
3 1 CONSTANT 8.0
4 1 CONSTANT 8.0
5 1 CONSTANT 8.0
6 1 CONSTANT 8.0
7 1 CONSTANT 8.0
8 1 CONSTANT 8.0
9 1 CONSTANT 0.0
10 1 CONSTANT 0.0
11 1 CONSTANT 0.0
12 1 CONSTANT 0.0
13 1 CONSTANT 8.0
14 1 CONSTANT 4.0
15 1 CONSTANT 4.0
16 1 CONSTANT 0.0
17 1 CONSTANT 0.0
18 1 CONSTANT 0.0
19 1 CONSTANT 0.0
20 1 CONSTANT 4.0
21 1 CONSTANT 8.0
22 1 CONSTANT 8.0
23 1 CONSTANT 8.0
24 1 CONSTANT 8.0
25 1 CONSTANT 4.0
26 1 CONSTANT 4.0
27 1 CONSTANT 8.0
28 1 TRACE 0.0 0.0 492.0 4.0 0.0 0.0 204.0 4.0 0.0 0.0 8.0 0.0 0.0 8.0 4.0 0.0 8.0 0.0 4.0 124.0 4.0 0.0 0.0 188.0 28.0 0.0 0.0 8.0 0.0 0.0 4.0 0.0 0.0 224.0 4.0 0.0 12.0 236.0 0.0 0.0 0.0 16.0 128.0 0.0 0.0 0.0 4.0 0.0 0.0 56.0 80.0 0.0 0.0 8.0 784.0 4.0 0.0 4.0 72.0 44.0 0.0 0.0 0.0 16.0 0.0 0.0 192.0 20.0 0.0 0.0 8.0 0.0 0.0 1000.0 8.0 0.0 0.0 4.0 0.0 4.0 204.0 12.0 4.0 0.0 0.0 472.0 4.0 0.0 4.0 268.0 4.0 0.0 16.0 116.0 0.0 0.0 0.0 1032.0 4.0 0.0 0.0 20.0 140.0 4.0 0.0 4.0 940.0 4.0 0.0 0.0 260.0 20.0 0.0 0.0 0.0 1020.0 4.0 4.0 0.0 168.0 28.0 0.0 0.0 0.0 1064.0 4.0 0.0 172.0 20.0 0.0 0.0 0.0 4.0 0.0 0.0 72.0 48.0 0.0 4.0 0.0 12.0 0.0 0.0 4.0 0.0 4.0 440.0 0.0 0.0 4.0 4.0 0.0 0.0 4.0 0.0 12.0 256.0 4.0 0.0 0.0 568.0 4.0 0.0 0.0 4.0 0.0 0.0 4.0 0.0 0.0 8.0 0.0 0.0 4.0 196.0 0.0 0.0 8.0 280.0 0.0 0.0 0.0 796.0 0.0 0.0 0.0 20.0 144.0 4.0 0.0 0.0 64.0 52.0 4.0 0.0 0.0 8.0 0.0 0.0 24.0 124.0 4.0 0.0 0.0 196.0 12.0 0.0 0.0 0.0 24.0 132.0 4.0 0.0 4.0 1032.0 8.0 0.0 16.0 152.0 4.0 0.0 0.0 48.0 56.0 4.0 0.0 0.0 368.0 12.0 0.0 0.0 4.0 0.0 0.0 4.0 0.0 0.0 652.0 4.0 0.0 4.0 516.0 4.0 0.0 4.0 624.0 4.0 0.0 24.0 144.0 4.0
29 1 CONSTANT 4.0
30 1 TRACE 0.0 0.0 492.0 4.0 0.0 0.0 204.0 4.0 0.0 0.0 8.0 0.0 0.0 8.0 4.0 0.0 8.0 0.0 4.0 124.0 4.0 0.0 0.0 188.0 28.0 0.0 0.0 8.0 0.0 0.0 4.0 0.0 0.0 224.0 4.0 0.0 12.0 236.0 0.0 0.0 0.0 16.0 128.0 0.0 0.0 0.0 4.0 0.0 0.0 56.0 80.0 0.0 0.0 8.0 784.0 4.0 0.0 4.0 72.0 44.0 0.0 0.0 0.0 16.0 0.0 0.0 192.0 20.0 0.0 0.0 8.0 0.0 0.0 1000.0 8.0 0.0 0.0 4.0 0.0 4.0 204.0 12.0 4.0 0.0 0.0 472.0 4.0 0.0 4.0 268.0 4.0 0.0 16.0 116.0 0.0 0.0 0.0 1032.0 4.0 0.0 0.0 20.0 140.0 4.0 0.0 4.0 940.0 4.0 0.0 0.0 260.0 20.0 0.0 0.0 0.0 1020.0 4.0 4.0 0.0 168.0 28.0 0.0 0.0 0.0 1064.0 4.0 0.0 172.0 20.0 0.0 0.0 0.0 4.0 0.0 0.0 72.0 48.0 0.0 4.0 0.0 12.0 0.0 0.0 4.0 0.0 4.0 440.0 0.0 0.0 4.0 4.0 0.0 0.0 4.0 0.0 12.0 256.0 4.0 0.0 0.0 568.0 4.0 0.0 0.0 4.0 0.0 0.0 4.0 0.0 0.0 8.0 0.0 0.0 4.0 196.0 0.0 0.0 8.0 280.0 0.0 0.0 0.0 796.0 0.0 0.0 0.0 20.0 144.0 4.0 0.0 0.0 64.0 52.0 4.0 0.0 0.0 8.0 0.0 0.0 24.0 124.0 4.0 0.0 0.0 196.0 12.0 0.0 0.0 0.0 24.0 132.0 4.0 0.0 4.0 1032.0 8.0 0.0 16.0 152.0 4.0 0.0 0.0 48.0 56.0 4.0 0.0 0.0 368.0 12.0 0.0 0.0 4.0 0.0 0.0 4.0 0.0 0.0 652.0 4.0 0.0 4.0 516.0 4.0 0.0 4.0 624.0 4.0 0.0 24.0 144.0 4.0
31 1 CONSTANT 8.0
32 1 CONSTANT 8.0
33 1 CONSTANT 4.0
34 1 CONSTANT 0.0
35 1 CONSTANT 0.0
36 1 CONSTANT 8.0
37 1 CONSTANT 8.0
38 1 CONSTANT 8.0
39 1 TRACE 8.0 0.0 8.0 0.0 8.0 0.0 8.0 0.0 8.0 0.0 0.0 8.0 0.0 0.0 8.0 0.0 0.0 8.0 0.0 8.0 0.0 8.0 8.0 0.0 0.0 8.0 0.0 0.0 8.0 0.0 0.0 8.0 0.0 8.0 0.0 8.0 0.0 8.0 0.0 8.0 8.0 0.0 8.0 0.0 8.0 0.0 0.0 8.0 8.0 0.0 8.0 0.0 8.0 0.0 8.0 0.0 8.0 8.0 0.0 8.0 0.0 8.0 0.0 0.0 8.0 8.0 0.0 0.0 8.0 0.0 0.0 8.0 0.0 8.0 0.0 8.0 0.0 0.0 8.0 8.0 0.0 8.0 0.0 8.0 0.0 8.0 0.0 8.0 0.0 8.0 0.0 8.0 0.0 8.0 0.0 8.0 0.0 8.0 0.0 8.0 8.0 0.0 8.0 0.0 8.0 0.0 8.0 0.0 8.0 8.0 0.0 8.0 0.0 8.0 0.0 8.0 0.0 8.0 8.0 0.0 8.0 0.0 8.0 0.0 8.0 0.0 8.0 0.0 8.0 0.0 8.0 0.0 0.0 8.0 8.0 0.0 8.0 0.0 8.0 0.0 0.0 8.0 0.0 0.0 8.0 0.0 8.0 0.0 8.0 0.0 0.0 8.0 0.0 0.0 8.0 0.0 8.0 0.0 8.0 0.0 8.0 0.0 8.0 0.0 0.0 8.0 0.0 0.0 8.0 0.0 0.0 8.0 8.0 0.0 8.0 0.0 8.0 0.0 8.0 0.0 8.0 0.0 8.0 0.0 8.0 8.0 0.0 8.0 0.0 8.0 8.0 0.0 8.0 0.0 8.0 0.0 0.0 8.0 8.0 0.0 8.0 0.0 8.0 8.0 0.0 8.0 0.0 8.0 8.0 0.0 8.0 0.0 8.0 0.0 8.0 0.0 8.0 0.0 8.0 0.0 8.0 8.0 0.0 8.0 0.0 8.0 8.0 0.0 0.0 8.0 0.0 0.0 8.0 0.0 0.0 8.0 0.0 8.0 0.0 8.0 0.0 8.0 0.0 8.0 0.0 8.0 0.0 8.0 0.0 8.0 0.0
40 1 CONSTANT 8.0
41 1 CONSTANT 8.0
42 1 CONSTANT 8.0
43 1 CONSTANT 22632.0
44 1 CONSTANT 22624.0
45 1 CONSTANT 8.0
46 1 CONSTANT 22632.0
47 1 CONSTANT 4.0
48 1 TRACE 1159680.0 388464.0 250256.0 186896.0 149504.0 125920.0 105424.0 84992.0 77168.0 68944.0 66032.0 59040.0 52720.0 49200.0 256.0 208.0 176.0 224.0 288.0 192.0 144.0 1238784.0 408944.0 261728.0 194080.0 153152.0 128192.0 107552.0 40032.0 37696.0 34736.0 35040.0 32576.0 30976.0 29296.0 128.0 144.0 64.0 64.0 128.0 96.0 32.0 761632.0 297072.0 202448.0 155792.0 126912.0 108832.0 95584.0 296336.0 214768.0 163856.0 135440.0 113536.0 97584.0 84416.0 976.0 1136.0 976.0 1040.0 1072.0 928.0 800.0 16.0 16.0 0.0 16.0 0.0 16.0 0.0 739824.0 299248.0 200064.0 156048.0 128608.0 107648.0 96096.0 309840.0 218912.0 167232.0 137936.0 114800.0 98256.0 85184.0 1200.0 1072.0 1072.0 1056.0 1056.0 1088.0 784.0 16.0 16.0 0.0 16.0 0.0 16.0 0.0 825648.0 316560.0 211024.0 161584.0 133888.0 113776.0 99296.0 253840.0 190048.0 150064.0 124736.0 106192.0 91088.0 80096.0 896.0 896.0 784.0 832.0 928.0 816.0 688.0 16.0 16.0 0.0 16.0 0.0 16.0 0.0 1177248.0 413392.0 264944.0 195952.0 152656.0 127184.0 108544.0 19312.0 19168.0 17904.0 18448.0 17952.0 17424.0 15600.0 96.0 112.0 0.0 80.0 64.0 64.0 32.0 808096.0 372912.0 245488.0 184816.0 147232.0 121536.0 103296.0 5440.0 5488.0 5328.0 5520.0 5168.0 5360.0 4944.0 48.0 16.0 0.0 48.0 16.0 32.0 0.0 771104.0 295216.0 202864.0 155424.0 128576.0 108000.0 96320.0 284000.0 209456.0 157072.0 133456.0 111344.0 95376.0 83616.0 1040.0 912.0 1008.0 1024.0 1088.0 960.0 960.0 16.0 16.0 0.0 16.0 0.0 0.0 0.0 737504.0 296080.0 198640.0 155968.0 128176.0 109808.0 94272.0 312416.0 220880.0 168128.0 138016.0 114112.0 98416.0 86240.0 1168.0 1040.0 1072.0 1056.0 1088.0 944.0 880.0 16.0 16.0 0.0 16.0 0.0 16.0 0.0 1235312.0 410032.0 260784.0 193408.0 153824.0 128160.0 107264.0 44096.0 41312.0 38640.0 38880.0 35936.0 33440.0 30608.0 160.0 144.0 80.0 112.0 128.0 96.0 64.0 1229888.0 406768.0 258416.0 193168.0 152848.0 126976.0 107712.0 51328.0 47744.0 43776.0 42784.0 40480.0 38112.0 35184.0 176.0 144.0 112.0 128.0 160.0 112.0 64.0 1201152.0 414640.0 266400.0 194864.0 153440.0 127152.0 107936.0 23344.0 22960.0 20368.0 22016.0 20656.0 20224.0 18160.0 96.0 80.0 48.0 64.0 144.0 48.0 32.0 816288.0 317152.0 213056.0 161376.0 131168.0 112112.0 98736.0 257008.0 191664.0 149568.0 127392.0 107760.0 92752.0 80640.0 848.0 832.0 864.0 784.0 960.0 784.0 736.0 16.0 16.0 0.0 16.0 0.0 16.0 0.0 1065552.0 406320.0 260528.0 193232.0 151584.0 125808.0 106944.0 11760.0 11984.0 11744.0 12448.0 11696.0 11872.0 10432.0 64.0 64.0 16.0 64.0 64.0 64.0 0.0 1068592.0 371392.0 242096.0 180528.0 147200.0 124464.0 105008.0 125872.0 107760.0 91808.0 84288.0 74576.0 66320.0 60336.0 416.0 400.0 288.0 336.0 368.0 368.0 256.0 1009296.0 401264.0 257056.0 191424.0 150416.0 124496.0 106080.0 10160.0 10368.0 10288.0 10032.0 10032.0 9344.0 8560.0 48.0 64.0 16.0 48.0 16.0 48.0 0.0 490272.0 226720.0 163616.0 128160.0 104368.0 93056.0 81632.0 528752.0 307648.0 214032.0 167200.0 136144.0 112944.0 97232.0 2304.0 2304.0 2416.0 2160.0 2464.0 2224.0 2064.0 32.0 16.0 0.0 16.0 0.0 16.0 0.0 799232.0 370944.0 246272.0 184608.0 145984.0 121648.0 103312.0 5088.0 5456.0 5344.0 5616.0 5312.0 5168.0 4720.0 48.0 16.0 0.0 16.0 16.0 48.0 0.0 799072.0 315248.0 216816.0 163696.0 134496.0 114864.0 98688.0 271904.0 199424.0 153632.0 129456.0 108848.0 93296.0 81776.0 976.0 992.0 1040.0 864.0 960.0 768.0 752.0 16.0 0.0 0.0 16.0 0.0 16.0 0.0 968192.0 351520.0 230752.0 173984.0 140384.0 120784.0 102480.0 173424.0 140288.0 116880.0 101424.0 89216.0 77904.0 70160.0 544.0 640.0 496.0 400.0 576.0 496.0 384.0 590960.0 254832.0 180208.0 140064.0 116752.0 103808.0 88896.0 441856.0 278032.0 198656.0 158000.0 128688.0 108048.0 93312.0 1968.0 1664.0 1664.0 1600.0 1888.0 1792.0 1840.0 16.0 16.0 0.0 16.0 0.0 16.0 0.0 787216.0 368688.0 243248.0 182896.0 145808.0 121232.0 102752.0 5232.0 5264.0 4912.0 5488.0 5008.0 4848.0 4928.0 16.0 16.0 0.0 16.0 0.0 32.0 0.0 1176752.0 396208.0 256960.0 188560.0 153536.0 127360.0 107056.0 80960.0 71888.0 63408.0 61792.0 55696.0 51232.0 47152.0 304.0 240.0 192.0 256.0 304.0 176.0 96.0 1234256.0 406720.0 259168.0 192000.0 152768.0 126432.0 107888.0 43696.0 42384.0 38640.0 39072.0 35936.0 33824.0 30176.0 192.0 112.0 96.0 144.0 144.0 80.0 32.0 1207424.0 416000.0 264000.0 194992.0 153328.0 127456.0 108544.0 23152.0 22912.0 21760.0 23616.0 21552.0 20256.0 18448.0 80.0 112.0 48.0 64.0 112.0 96.0 16.0 965696.0 350736.0 231056.0 172448.0 142096.0 120176.0 103600.0 175584.0 142944.0 116960.0 103088.0 90592.0 78000.0 70176.0 496.0 608.0 384.0 592.0 624.0 576.0 384.0 1218528.0 414240.0 264336.0 194768.0 153584.0 126224.0 107824.0 26928.0 26096.0 23936.0 24816.0 23584.0 22496.0 20496.0 128.0 96.0 32.0 96.0 128.0 80.0 32.0 998464.0 355984.0 232832.0 174560.0 141984.0 121584.0 104048.0 158832.0 131120.0 108848.0 97376.0 85872.0 74688.0 67632.0 448.0 512.0 400.0 480.0 576.0 496.0 320.0 680464.0 345584.0 234160.0 177136.0 141920.0 118352.0 100688.0 4064.0 3712.0 3568.0 3968.0 3808.0 3712.0 3440.0 48.0 16.0 0.0 32.0 0.0 32.0 0.0 971088.0 345488.0 226064.0 169792.0 140288.0 117744.0 101264.0 170016.0 141152.0 115600.0 102208.0 88768.0 77872.0 70112.0 592.0 592.0 448.0 480.0 624.0 512.0 496.0 775872.0 368672.0 244064.0 183280.0 146512.0 121760.0 102864.0 5120.0 5216.0 5040.0 5216.0 4912.0 4832.0 4672.0 48.0 16.0 0.0 32.0 16.0 32.0 0.0 954336.0 345376.0 227392.0 170304.0 139024.0 119488.0 101680.0 178736.0 144976.0 120304.0 105072.0 91808.0 78432.0 71360.0 592.0 544.0 448.0 432.0 496.0 368.0 384.0 755280.0 362336.0 240432.0 181936.0 144864.0 120240.0 101792.0 4736.0 4992.0 4800.0 4880.0 4592.0 4448.0 4320.0 32.0 16.0 0.0 32.0 0.0 32.0 0.0 732128.0 291440.0 197600.0 154368.0 124960.0 107840.0 95520.0 310736.0 221952.0 167760.0 138512.0 116160.0 98816.0 85760.0 1008.0 1152.0 1152.0 976.0 1072.0 1056.0 944.0 16.0 16.0 0.0 16.0 0.0 16.0 0.0 987792.0 399024.0 256976.0 190544.0 150080.0 124864.0 105600.0 9328.0 9456.0 8816.0 9424.0 9024.0 9008.0 8480.0 80.0 48.0 0.0 64.0 0.0 16.0 0.0 495312.0 232432.0 164448.0 127984.0 107408.0 91712.0 81984.0 530592.0 305776.0 214416.0 167328.0 135472.0 113408.0 96672.0 2480.0 2416.0 2384.0 2432.0 2384.0 2512.0 2208.0 16.0 16.0 0.0 32.0 0.0 0.0 0.0 744720.0 296304.0 201488.0 154448.0 128688.0 108768.0 96928.0 309504.0 221232.0 165504.0 137280.0 114256.0 98080.0 85120.0 1184.0 1088.0 1152.0 960.0 1072.0 960.0 1056.0 16.0 16.0 0.0 16.0 0.0 0.0 0.0 1188864.0 396256.0 255056.0 188672.0 150096.0 127680.0 106848.0 73040.0 65984.0 59552.0 57792.0 53360.0 47296.0 43744.0 224.0 224.0 144.0 208.0 288.0 192.0 112.0 938832.0 340464.0 227984.0 171184.0 138352.0 119008.0 103040.0 186608.0 150592.0 122800.0 107216.0 93376.0 81600.0 71280.0 656.0 560.0 592.0 512.0 640.0 512.0 512.0 16.0 16.0 0.0 16.0 0.0 0.0 0.0 968208.0 353280.0 233136.0 175648.0 143088.0 121792.0 103984.0 176160.0 143472.0 117664.0 104144.0 90064.0 77856.0 70032.0 624.0 720.0 480.0 528.0 544.0 512.0 432.0 16.0 16.0 0.0 16.0 0.0 0.0 0.0 1234240.0 407776.0 258256.0 190992.0 153280.0 126944.0 107824.0 49184.0 45936.0 41728.0 41824.0 37936.0 35888.0 33120.0 176.0 128.0 64.0 176.0 192.0 96.0 96.0 1144384.0 384368.0 250064.0 185664.0 150640.0 125552.0 106352.0 92416.0 83280.0 72528.0 68704.0 61936.0 55824.0 51280.0 336.0 288.0 160.0 304.0 336.0 288.0 128.0 547328.0 231024.0 164128.0 127104.0 106912.0 92736.0 83280.0 464512.0 284816.0 204960.0 161536.0 131296.0 110416.0 94592.0 2064.0 2000.0 1920.0 1840.0 1888.0 1904.0 1872.0 16.0 16.0 0.0 16.0 0.0 16.0 0.0 873472.0 323536.0 219056.0 164176.0 135312.0 115296.0 99216.0 221008.0 171952.0 136320.0 118048.0 100768.0 87472.0 76304.0 752.0 608.0 704.0 560.0 736.0 656.0 592.0 16.0 16.0 0.0 16.0 0.0 0.0 0.0 797936.0 309728.0 209152.0 158688.0 131040.0 112464.0 97408.0 274960.0 200112.0 154992.0 130800.0 110320.0 93824.0 82784.0 864.0 976.0 1008.0 976.0 912.0 864.0 816.0 16.0 16.0 0.0 16.0 0.0 16.0 0.0 1240560.0 409376.0 261600.0 192688.0 153056.0 126896.0 106800.0 40960.0 38224.0 34720.0 36176.0 33600.0 31520.0 29440.0 144.0 96.0 48.0 144.0 96.0 128.0 48.0 1230560.0 406256.0 258656.0 192800.0 153504.0 127968.0 107200.0 50816.0 47744.0 43520.0 43376.0 39840.0 36896.0 33952.0 208.0 208.0 80.0 80.0 192.0 144.0 80.0 1057440.0 366832.0 238848.0 179536.0 145984.0 122640.0 103488.0 131328.0 112256.0 94336.0 86544.0 76992.0 67216.0 61648.0 416.0 432.0 304.0 304.0 368.0 400.0 304.0 1228832.0 411280.0 262752.0 193952.0 153856.0 126592.0 106512.0 30576.0 30288.0 28384.0 29392.0 26752.0 26576.0 23552.0 128.0 112.0 32.0 80.0 96.0 80.0 32.0 1035888.0 405008.0 260192.0 192768.0 152400.0 126016.0 107104.0 10832.0 11136.0 10352.0 11136.0 10720.0 10848.0 9136.0 64.0 32.0 0.0 32.0 32.0 48.0 16.0 762064.0 304992.0 204400.0 158864.0 130208.0 112512.0 98352.0 292784.0 212624.0 162032.0 134272.0 113088.0 95200.0 84096.0 1168.0 1024.0 992.0 848.0 1136.0 1088.0 864.0 16.0 16.0 0.0 16.0 0.0 0.0 0.0 1193200.0 413008.0 263184.0 194064.0 153040.0 126576.0 107648.0 21792.0 22448.0 20672.0 21600.0 19744.0 19792.0 17776.0 144.0 48.0 16.0 64.0 80.0 48.0 32.0 727648.0 358224.0 237744.0 181008.0 143760.0 119392.0 101648.0 4448.0 4320.0 4352.0 4624.0 4624.0 4400.0 3952.0 16.0 16.0 0.0 32.0 0.0 32.0 0.0 1207648.0 411296.0 262064.0 193280.0 152240.0 127008.0 107552.0 25232.0 24112.0 22800.0 24352.0 22528.0 21328.0 19600.0 144.0 80.0 16.0 64.0 80.0 80.0 48.0 982096.0 352784.0 229136.0 177008.0 141056.0 120992.0 101680.0 165632.0 136976.0 112128.0 98976.0 87616.0 76240.0 68944.0 496.0 464.0 464.0 496.0 592.0 448.0 384.0 1233664.0 412688.0 263216.0 194176.0 154464.0 128480.0 108224.0 31808.0 30256.0 28480.0 29056.0 27376.0 26176.0 24224.0 64.0 112.0 48.0 64.0 112.0 80.0 16.0 1043840.0 403584.0 258144.0 191296.0 151584.0 125648.0 106032.0 11440.0 11536.0 10768.0 11536.0 10688.0 10528.0 9888.0 48.0 64.0 16.0 32.0 32.0 32.0 0.0 641968.0 337536.0 228656.0 173904.0 139328.0 117104.0 98816.0 3440.0 3136.0 3408.0 3536.0 3296.0 3232.0 3472.0 16.0 32.0 0.0 16.0 0.0 32.0 0.0 733488.0 289888.0 198576.0 153296.0 125328.0 108880.0 93552.0 316368.0 223616.0 169088.0 138432.0 115216.0 98272.0 85600.0 1200.0 944.0 1008.0 1232.0 1280.0 944.0 1040.0 16.0 16.0 0.0 16.0 0.0 16.0 0.0 784448.0 304880.0 201936.0 156224.0 127760.0 108768.0 94512.0 275488.0 202224.0 155776.0 130528.0 109840.0 93824.0 82416.0 864.0 928.0 880.0 784.0 1024.0 848.0 800.0 16.0 16.0 0.0 16.0 0.0 16.0 0.0 1115200.0 379040.0 246656.0 182288.0 148896.0 126400.0 106960.0 106864.0 93552.0 81264.0 75040.0 67712.0 60368.0 54624.0 384.0 320.0 272.0 272.0 416.0 256.0 112.0 1142736.0 383424.0 249056.0 185456.0 147680.0 124320.0 105152.0 92080.0 81968.0 72176.0 67856.0 62144.0 55328.0 51232.0 304.0 304.0 144.0 256.0 304.0 288.0 144.0 1096512.0 379312.0 246464.0 183488.0 147360.0 124576.0 105104.0 113664.0 97936.0 84464.0 78464.0 70480.0 62448.0 56752.0 400.0 288.0 256.0 304.0 416.0 288.0 176.0 1207184.0 411664.0 262976.0 192912.0 152912.0 126960.0 106800.0 23776.0 24464.0 22432.0 23824.0 22224.0 21328.0 19792.0 128.0 96.0 32.0 64.0 80.0 96.0 16.0
49 1 TRACE 22640.0 22640.0 22640.0 22640.0 22632.0 22640.0 8.0 22640.0 22640.0 22640.0 22640.0 22632.0 22640.0 8.0 22640.0 22640.0 22640.0 22640.0 22632.0 22640.0 8.0 22640.0 22640.0 22640.0 22640.0 22632.0 22640.0 8.0 22640.0 22640.0 22640.0 22640.0 22632.0 22640.0 8.0 22640.0 22640.0 22640.0 22640.0 22632.0 22640.0 8.0 22640.0 22640.0 22640.0 22640.0 22632.0 22640.0 8.0 22640.0 22640.0 22640.0 22640.0 22632.0 22640.0 8.0 22640.0 22640.0 22640.0 22640.0 22632.0 22640.0 8.0 22640.0 22640.0 22640.0 22640.0 22632.0 22640.0 8.0 22640.0 22640.0 22640.0 22640.0 22632.0 22640.0 8.0 22640.0 22640.0 22640.0 22640.0 22632.0 22640.0 8.0 22640.0 22640.0 22640.0 22640.0 22632.0 22640.0 8.0 22640.0 22640.0 22640.0 22640.0 22632.0 22640.0 8.0 22640.0 22640.0 22640.0 22640.0 22632.0 22640.0 8.0 22640.0 22640.0 22640.0 22640.0 22632.0 22640.0 8.0 22640.0 22640.0 22640.0 22640.0 22632.0 22640.0 8.0 22640.0 22640.0 22640.0 22640.0 22632.0 22640.0 8.0 22640.0 22640.0 22640.0 22640.0 22632.0 22640.0 8.0 22640.0 22640.0 22640.0 22640.0 22632.0 22640.0 8.0 22640.0 22640.0 22640.0 22640.0 22632.0 22640.0 8.0 22640.0 22640.0 22640.0 22640.0 22632.0 22640.0 8.0 22640.0 22640.0 22640.0 22640.0 22632.0 22640.0 8.0 22640.0 22640.0 22640.0 22640.0 22632.0 22640.0 8.0 22640.0 22640.0 22640.0 22640.0 22632.0 22640.0 8.0 22640.0 22640.0 22640.0 22640.0 22632.0 22640.0 8.0 22640.0 22640.0 22640.0 22640.0 22632.0 22640.0 8.0 22640.0 22640.0 22640.0 22640.0 22632.0 22640.0 8.0 22640.0 22640.0 22640.0 22640.0 22632.0 22640.0 8.0 22640.0 22640.0 22640.0 22640.0 22632.0 22640.0 8.0 22640.0 22640.0 22640.0 22640.0 22632.0 22640.0 8.0 22640.0 22640.0 22640.0 22640.0 22632.0 22640.0 8.0 22640.0 22640.0 22640.0 22640.0 22632.0 22640.0 8.0 22640.0 22640.0 22640.0 22640.0 22632.0 22640.0 8.0 22640.0 22640.0 22640.0 22640.0 22632.0 22640.0 8.0 22640.0 22640.0 22640.0 22640.0 22632.0 22640.0 8.0 22640.0 22640.0 22640.0 22640.0 22632.0 22640.0 8.0 22640.0 22640.0 22640.0 22640.0 22632.0 22640.0 8.0 22640.0 22640.0 22640.0 22640.0 22632.0 22640.0 8.0 22640.0 22640.0 22640.0 22640.0 22632.0 22640.0 8.0 22640.0 22640.0 22640.0 22640.0 22632.0 22640.0 8.0 22640.0 22640.0 22640.0 22640.0 22632.0 22640.0 8.0 22640.0 22640.0 22640.0 22640.0 22632.0 22640.0 8.0 22640.0 22640.0 22640.0 22640.0 22632.0 22640.0 8.0 22640.0 22640.0 22640.0 22640.0 22632.0 22640.0 8.0 22640.0 22640.0 22640.0 22640.0 22632.0 22640.0 8.0 22640.0 22640.0 22640.0 22640.0 22632.0 22640.0 8.0 22640.0 22640.0 22640.0 22640.0 22632.0 22640.0 8.0 22640.0 22640.0 22640.0 22640.0 22632.0 22640.0 8.0 22640.0 22640.0 22640.0 22640.0 22632.0 22640.0 8.0 22640.0 22640.0 22640.0 22640.0 22632.0 22640.0 8.0 22640.0 22640.0 22640.0 22640.0 22632.0 22640.0 8.0 22640.0 22640.0 22640.0 22640.0 22632.0 22640.0 8.0 22640.0 22640.0 22640.0 22640.0 22632.0 22640.0 8.0 22640.0 22640.0 22640.0 22640.0 22632.0 22640.0 8.0 22640.0 22640.0 22640.0 22640.0 22632.0 22640.0 8.0 22640.0 22640.0 22640.0 22640.0 22632.0 22640.0 8.0 22640.0 22640.0 22640.0 22640.0 22632.0 22640.0 8.0 22640.0 22640.0 22640.0 22640.0 22632.0 22640.0 8.0 22640.0 22640.0 22640.0 22640.0 22632.0 22640.0 8.0 22640.0 22640.0 22640.0 22640.0 22632.0 22640.0 8.0 22640.0 22640.0 22640.0 22640.0 22632.0 22640.0 8.0 22640.0 22640.0 22640.0 22640.0 22632.0 22640.0 8.0 22640.0 22640.0 22640.0 22640.0 22632.0 22640.0 8.0 22640.0 22640.0 22640.0 22640.0 22632.0 22640.0 8.0 22640.0 22640.0 22640.0 22640.0 22632.0 22640.0 8.0 22640.0 22640.0 22640.0 22640.0 22632.0 22640.0 8.0 22640.0 22640.0 22640.0 22640.0 22632.0 22640.0 8.0 22640.0 22640.0 22640.0 22640.0 22632.0 22640.0 8.0 22640.0 22640.0 22640.0 22640.0 22632.0 22640.0 8.0 22640.0 22640.0 22640.0 22640.0 22632.0 22640.0 8.0 22640.0 22640.0 22640.0 22640.0 22632.0 22640.0 8.0 22640.0 22640.0 22640.0 22640.0 22632.0 22640.0 8.0 22640.0 22640.0 22640.0 22640.0 22632.0 22640.0 8.0 22640.0 22640.0 22640.0 22640.0 22632.0 22640.0 8.0 22640.0 22640.0 22640.0 22640.0 22632.0 22640.0 8.0 22640.0 22640.0 22640.0 22640.0 22632.0 22640.0 8.0 22640.0 22640.0 22640.0 22640.0 22632.0 22640.0 8.0 22640.0 22640.0 22640.0 22640.0 22632.0 22640.0 8.0 22640.0 22640.0 22640.0 22640.0 22632.0 22640.0 8.0 22640.0 22640.0 22640.0 22640.0 22632.0 22640.0 8.0 22640.0 22640.0 22640.0 22640.0 22632.0 22640.0 8.0 22640.0 22640.0 22640.0 22640.0 22632.0 22640.0 8.0 22640.0 22640.0 22640.0 22640.0 22632.0 22640.0 8.0 22640.0 22640.0 22640.0 22640.0 22632.0 22640.0 8.0 22640.0 22640.0 22640.0 22640.0 22632.0 22640.0 8.0 22640.0 22640.0 22640.0 22640.0 22632.0 22640.0 8.0 22640.0 22640.0 22640.0 22640.0 22632.0 22640.0 8.0 22640.0 22640.0 22640.0 22640.0 22632.0 22640.0 8.0 22640.0 22640.0 22640.0 22640.0 22632.0 22640.0 8.0 22640.0 22640.0 22640.0 22640.0 22632.0 22640.0 8.0 22640.0 22640.0 22640.0 22640.0 22632.0 22640.0 8.0 22640.0 22640.0 22640.0 22640.0 22632.0 22640.0 8.0 22640.0 22640.0 22640.0 22640.0 22632.0 22640.0 8.0 22640.0 22640.0 22640.0 22640.0 22632.0 22640.0 8.0 22640.0 22640.0 22640.0 22640.0 22632.0 22640.0 8.0 22640.0 22640.0 22640.0 22640.0 22632.0 22640.0 8.0 22640.0 22640.0 22640.0 22640.0 22632.0 22640.0 8.0 22640.0 22640.0 22640.0 22640.0 22632.0 22640.0 8.0 22640.0 22640.0 22640.0 22640.0 22632.0 22640.0 8.0 22640.0 22640.0 22640.0 22640.0 22632.0 22640.0 8.0 22640.0 22640.0 22640.0 22640.0 22632.0 22640.0 8.0 22640.0 22640.0 22640.0 22640.0 22632.0 22640.0 8.0 22640.0 22640.0 22640.0 22640.0 22632.0 22640.0 8.0 22640.0 22640.0 22640.0 22640.0 22632.0 22640.0 8.0 22640.0 22640.0 22640.0 22640.0 22632.0 22640.0 8.0 22640.0 22640.0 22640.0 22640.0 22632.0 22640.0 8.0 22640.0 22640.0 22640.0 22640.0 22632.0 22640.0 8.0 22640.0 22640.0 22640.0 22640.0 22632.0 22640.0 8.0 22640.0 22640.0 22640.0 22640.0 22632.0 22640.0 8.0 22640.0 22640.0 22640.0 22640.0 22632.0 22640.0 8.0 22640.0 22640.0 22640.0 22640.0 22632.0 22640.0 8.0 22640.0 22640.0 22640.0 22640.0 22632.0 22640.0 8.0 22640.0 22640.0 22640.0 22640.0 22632.0 22640.0 8.0 22640.0 22640.0 22640.0 22640.0 22632.0 22640.0 8.0 22640.0 22640.0 22640.0 22640.0 22632.0 22640.0 8.0 22640.0 22640.0 22640.0 22640.0 22632.0 22640.0 8.0 22640.0 22640.0 22640.0 22640.0 22632.0 22640.0 8.0 22640.0 22640.0 22640.0 22640.0 22632.0 22640.0 8.0 22640.0 22640.0 22640.0 22640.0 22632.0 22640.0 8.0 22640.0 22640.0 22640.0 22640.0 22632.0 22640.0 8.0 22640.0 22640.0 22640.0 22640.0 22632.0 22640.0 8.0 22640.0 22640.0 22640.0 22640.0 22632.0 22640.0 8.0 22640.0 22640.0 22640.0 22640.0 22632.0 22640.0 8.0 22640.0 22640.0 22640.0 22640.0 22632.0 22640.0 8.0 22640.0 22640.0 22640.0 22640.0 22632.0 22640.0 8.0 22640.0 22640.0 22640.0 22640.0 22632.0 22640.0 8.0 22640.0 22640.0 22640.0 22640.0 22632.0 22640.0 8.0 22640.0 22640.0 22640.0 22640.0 22632.0 22640.0 8.0 22640.0 22640.0 22640.0 22640.0 22632.0 22640.0 8.0 22640.0 22640.0 22640.0 22640.0 22632.0 22640.0 8.0 22640.0 22640.0 22640.0 22640.0 22632.0 22640.0 8.0 22640.0 22640.0 22640.0 22640.0 22632.0 22640.0 8.0 22640.0 22640.0 22640.0 22640.0 22632.0 22640.0 8.0 22640.0 22640.0 22640.0 22640.0 22632.0 22640.0 8.0 22640.0 22640.0 22640.0 22640.0 22632.0 22640.0 8.0 22640.0 22640.0 22640.0 22640.0 22632.0 22640.0 8.0 22640.0 22640.0 22640.0 22640.0 22632.0 22640.0 8.0 22640.0 22640.0 22640.0 22640.0 22632.0 22640.0 8.0 22640.0 22640.0 22640.0 22640.0 22632.0 22640.0 8.0 22640.0 22640.0 22640.0 22640.0 22632.0 22640.0 8.0 22640.0 22640.0 22640.0 22640.0 22632.0 22640.0 8.0 22640.0 22640.0 22640.0 22640.0 22632.0 22640.0 8.0 22640.0 22640.0 22640.0 22640.0 22632.0 22640.0 8.0 22640.0 22640.0 22640.0 22640.0 22632.0 22640.0 8.0 22640.0 22640.0 22640.0 22640.0 22632.0 22640.0 8.0 22640.0 22640.0 22640.0 22640.0 22632.0 22640.0 8.0 22640.0 22640.0 22640.0 22640.0 22632.0 22640.0 8.0 22640.0 22640.0 22640.0 22640.0 22632.0 22640.0 8.0 22640.0 22640.0 22640.0 22640.0 22632.0 22640.0 8.0 22640.0 22640.0 22640.0 22640.0 22632.0 22640.0 8.0 22640.0 22640.0 22640.0 22640.0 22632.0 22640.0 8.0 22640.0 22640.0 22640.0 22640.0 22632.0 22640.0 8.0 22640.0 22640.0 22640.0 22640.0 22632.0 22640.0 8.0 22640.0 22640.0 22640.0 22640.0 22632.0 22640.0 8.0 22640.0 22640.0 22640.0 22640.0 22632.0 22640.0 8.0 22640.0 22640.0 22640.0 22640.0 22632.0 22640.0 8.0 22640.0 22640.0 22640.0 22640.0 22632.0 22640.0 8.0 22640.0 22640.0 22640.0 22640.0 22632.0 22640.0 8.0 22640.0 22640.0 22640.0 22640.0 22632.0 22640.0 8.0 22640.0 22640.0 22640.0 22640.0 22632.0 22640.0 8.0 22640.0 22640.0 22640.0 22640.0 22632.0 22640.0 8.0 22640.0 22640.0 22640.0 22640.0 22632.0 22640.0 8.0 22640.0 22640.0 22640.0 22640.0 22632.0 22640.0 8.0 22640.0 22640.0 22640.0 22640.0 22632.0 22640.0 8.0 22640.0 22640.0 22640.0 22640.0 22632.0 22640.0 8.0 22640.0 22640.0 22640.0 22640.0 22632.0 22640.0 8.0 22640.0 22640.0 22640.0 22640.0 22632.0 22640.0 8.0 22640.0 22640.0 22640.0 22640.0 22632.0 22640.0 8.0 22640.0 22640.0 22640.0 22640.0 22632.0 22640.0 8.0 22640.0 22640.0 22640.0 22640.0 22632.0 22640.0 8.0 22640.0 22640.0 22640.0 22640.0 22632.0 22640.0 8.0 22640.0 22640.0 22640.0 22640.0 22632.0 22640.0 8.0 22640.0 22640.0 22640.0 22640.0 22632.0 22640.0 8.0 22640.0 22640.0 22640.0 22640.0 22632.0 22640.0 8.0 22640.0 22640.0 22640.0 22640.0 22632.0 22640.0 8.0 22640.0 22640.0 22640.0 22640.0 22632.0 22640.0 8.0 22640.0 22640.0 22640.0 22640.0 22632.0 22640.0 8.0 22640.0 22640.0 22640.0 22640.0 22632.0 22640.0 8.0 22640.0 22640.0 22640.0 22640.0 22632.0 22640.0 8.0 22640.0 22640.0 22640.0 22640.0 22632.0 22640.0 8.0 22640.0 22640.0 22640.0 22640.0 22632.0 22640.0 8.0 22640.0 22640.0 22640.0 22640.0 22632.0 22640.0 8.0 22640.0 22640.0 22640.0 22640.0 22632.0 22640.0 8.0 22640.0 22640.0 22640.0 22640.0 22632.0 22640.0 8.0 22640.0 22640.0 22640.0 22640.0 22632.0 22640.0 8.0 22640.0 22640.0 22640.0 22640.0 22632.0 22640.0 8.0 22640.0 22640.0 22640.0 22640.0 22632.0 22640.0 8.0 22640.0 22640.0 22640.0 22640.0 22632.0 22640.0 8.0 22640.0 22640.0 22640.0 22640.0 22632.0 22640.0 8.0 22640.0 22640.0 22640.0 22640.0 22632.0 22640.0 8.0 22640.0 22640.0 22640.0 22640.0 22632.0 22640.0 8.0 22640.0 22640.0 22640.0 22640.0 22632.0 22640.0 8.0 22640.0 22640.0 22640.0 22640.0 22632.0 22640.0 8.0 22640.0 22640.0 22640.0 22640.0 22632.0 22640.0 8.0 22640.0 22640.0 22640.0 22640.0 22632.0 22640.0 8.0 22640.0 22640.0 22640.0 22640.0 22632.0 22640.0 8.0 22640.0 22640.0 22640.0 22640.0 22632.0 22640.0 8.0 22640.0 22640.0 22640.0 22640.0 22632.0 22640.0 8.0 22640.0 22640.0 22640.0 22640.0 22632.0 22640.0 8.0 22640.0 22640.0 22640.0 22640.0 22632.0 22640.0 8.0 22640.0 22640.0 22640.0 22640.0 22632.0 22640.0 8.0 22640.0 22640.0 22640.0 22640.0 22632.0 22640.0 8.0 22640.0 22640.0 22640.0 22640.0 22632.0 22640.0 8.0 22640.0 22640.0 22640.0 22640.0 22632.0 22640.0 8.0 22640.0 22640.0 22640.0 22640.0 22632.0 22640.0 8.0 22640.0 22640.0 22640.0 22640.0 22632.0 22640.0 8.0 22640.0 22640.0 22640.0 22640.0 22632.0 22640.0 8.0 22640.0 22640.0 22640.0 22640.0 22632.0 22640.0 8.0 22640.0 22640.0 22640.0 22640.0 22632.0 22640.0 8.0 22640.0 22640.0 22640.0 22640.0 22632.0 22640.0 8.0 22640.0 22640.0 22640.0 22640.0 22632.0 22640.0 8.0
50 1 CONSTANT 8.0
51 1 CONSTANT 8.0
52 1 CONSTANT 8.0
53 1 CONSTANT 8.0
54 1 CONSTANT 0.0
55 1 CONSTANT 0.0
56 1 CONSTANT 0.0
57 1 CONSTANT 0.0
58 1 CONSTANT 0.0
59 1 CONSTANT 0.0
60 1 CONSTANT 0.0
61 1 CONSTANT 0.0
62 1 CONSTANT 8.0
