0 1 CONSTANT 8.0
1 1 CONSTANT 8.0
2 1 CONSTANT 0.0
3 1 CONSTANT 8.0
4 1 CONSTANT 8.0
5 1 CONSTANT 8.0
6 1 CONSTANT 8.0
7 1 CONSTANT 8.0
8 1 CONSTANT 8.0
9 1 CONSTANT 0.0
10 1 CONSTANT 0.0
11 1 CONSTANT 0.0
12 1 CONSTANT 0.0
13 1 CONSTANT 8.0
14 1 CONSTANT 4.0
15 1 CONSTANT 4.0
16 1 CONSTANT 0.0
17 1 CONSTANT 0.0
18 1 CONSTANT 0.0
19 1 CONSTANT 0.0
20 1 CONSTANT 4.0
21 1 CONSTANT 8.0
22 1 CONSTANT 8.0
23 1 CONSTANT 8.0
24 1 CONSTANT 8.0
25 1 CONSTANT 4.0
26 1 CONSTANT 4.0
27 1 CONSTANT 8.0
28 1 TRACE 0.0 28.0 160.0 0.0 0.0 320.0 0.0 272.0 16.0 4.0 0.0 0.0 4.0 0.0 628.0 0.0 0.0 0.0 0.0 0.0 76.0 36.0 0.0 20.0 328.0 0.0 0.0 84.0 24.0 0.0 8.0 348.0 0.0 4.0 20.0 84.0 0.0 0.0 0.0 0.0 20.0 136.0 0.0 20.0 136.0 0.0 4.0 496.0 0.0 0.0 4.0 212.0 0.0 0.0 820.0 0.0 0.0 4.0 28.0 100.0 0.0 40.0 172.0 0.0 0.0 320.0 24.0 0.0 0.0 8.0 0.0 12.0 444.0 0.0 4.0 120.0 4.0 92.0 52.0 0.0 0.0 648.0 0.0 4.0 0.0 0.0 0.0 44.0 92.0 0.0 16.0 296.0 0.0 0.0 0.0 0.0 0.0 4.0 252.0 0.0 4.0 0.0 332.0 12.0 0.0 4.0 696.0 4.0 4.0 0.0 64.0 32.0 0.0 108.0 48.0 0.0 0.0 336.0 16.0 4.0 12.0 420.0 0.0 0.0 4.0 0.0 4.0 624.0 0.0 0.0 12.0 476.0 0.0 0.0 0.0 276.0 16.0 0.0 8.0 528.0 4.0 0.0 4.0 604.0 0.0 0.0 20.0 336.0 0.0 0.0 0.0 0.0 4.0 100.0 32.0 0.0 8.0 132.0 0.0 0.0 8.0 0.0 0.0 8.0 0.0 0.0 12.0 144.0 4.0 0.0 272.0 20.0 0.0 4.0 8.0 0.0 0.0 4.0 0.0 4.0 600.0 4.0 4.0 0.0 8.0 0.0 32.0 92.0 0.0 0.0 636.0 4.0 0.0 0.0 604.0 16.0 0.0 4.0 380.0 28.0 0.0 4.0 672.0 4.0 0.0 16.0 540.0 0.0 0.0 20.0 204.0 0.0 4.0 792.0 0.0 0.0 0.0 308.0 12.0 0.0 8.0 108.0
29 1 CONSTANT 4.0
30 1 TRACE 0.0 28.0 160.0 0.0 0.0 320.0 0.0 272.0 16.0 4.0 0.0 0.0 4.0 0.0 628.0 0.0 0.0 0.0 0.0 0.0 76.0 36.0 0.0 20.0 328.0 0.0 0.0 84.0 24.0 0.0 8.0 348.0 0.0 4.0 20.0 84.0 0.0 0.0 0.0 0.0 20.0 136.0 0.0 20.0 136.0 0.0 4.0 496.0 0.0 0.0 4.0 212.0 0.0 0.0 820.0 0.0 0.0 4.0 28.0 100.0 0.0 40.0 172.0 0.0 0.0 320.0 24.0 0.0 0.0 8.0 0.0 12.0 444.0 0.0 4.0 120.0 4.0 92.0 52.0 0.0 0.0 648.0 0.0 4.0 0.0 0.0 0.0 44.0 92.0 0.0 16.0 296.0 0.0 0.0 0.0 0.0 0.0 4.0 252.0 0.0 4.0 0.0 332.0 12.0 0.0 4.0 696.0 4.0 4.0 0.0 64.0 32.0 0.0 108.0 48.0 0.0 0.0 336.0 16.0 4.0 12.0 420.0 0.0 0.0 4.0 0.0 4.0 624.0 0.0 0.0 12.0 476.0 0.0 0.0 0.0 276.0 16.0 0.0 8.0 528.0 4.0 0.0 4.0 604.0 0.0 0.0 20.0 336.0 0.0 0.0 0.0 0.0 4.0 100.0 32.0 0.0 8.0 132.0 0.0 0.0 8.0 0.0 0.0 8.0 0.0 0.0 12.0 144.0 4.0 0.0 272.0 20.0 0.0 4.0 8.0 0.0 0.0 4.0 0.0 4.0 600.0 4.0 4.0 0.0 8.0 0.0 32.0 92.0 0.0 0.0 636.0 4.0 0.0 0.0 604.0 16.0 0.0 4.0 380.0 28.0 0.0 4.0 672.0 4.0 0.0 16.0 540.0 0.0 0.0 20.0 204.0 0.0 4.0 792.0 0.0 0.0 0.0 308.0 12.0 0.0 8.0 108.0
31 1 CONSTANT 8.0
32 1 CONSTANT 8.0
33 1 CONSTANT 4.0
34 1 CONSTANT 0.0
35 1 CONSTANT 0.0
36 1 CONSTANT 8.0
37 1 CONSTANT 8.0
38 1 CONSTANT 8.0
39 1 TRACE 8.0 0.0 0.0 8.0 0.0 0.0 8.0 0.0 0.0 8.0 0.0 0.0 8.0 0.0 8.0 0.0 8.0 0.0 0.0 8.0 0.0 0.0 8.0 0.0 0.0 8.0 8.0 0.0 0.0 8.0 0.0 8.0 0.0 8.0 0.0 0.0 8.0 0.0 0.0 8.0 0.0 0.0 8.0 0.0 0.0 8.0 0.0 8.0 0.0 8.0 0.0 0.0 8.0 0.0 8.0 0.0 8.0 8.0 0.0 0.0 8.0 0.0 0.0 8.0 8.0 0.0 0.0 8.0 0.0 0.0 8.0 0.0 0.0 8.0 0.0 0.0 8.0 0.0 0.0 8.0 0.0 8.0 0.0 8.0 0.0 0.0 8.0 0.0 0.0 8.0 0.0 0.0 8.0 0.0 0.0 8.0 8.0 0.0 8.0 0.0 8.0 8.0 0.0 0.0 8.0 0.0 8.0 0.0 8.0 8.0 0.0 0.0 8.0 0.0 0.0 8.0 8.0 0.0 0.0 8.0 0.0 0.0 8.0 0.0 0.0 8.0 0.0 8.0 0.0 8.0 0.0 8.0 0.0 8.0 8.0 0.0 0.0 8.0 0.0 8.0 0.0 8.0 0.0 8.0 0.0 8.0 0.0 0.0 8.0 0.0 0.0 8.0 8.0 0.0 0.0 8.0 0.0 0.0 8.0 0.0 0.0 8.0 0.0 0.0 8.0 8.0 0.0 0.0 8.0 8.0 0.0 0.0 8.0 0.0 0.0 8.0 0.0 0.0 8.0 0.0 8.0 0.0 8.0 0.0 0.0 8.0 0.0 0.0 8.0 0.0 8.0 0.0 8.0 8.0 0.0 0.0 8.0 8.0 0.0 0.0 8.0 0.0 8.0 0.0 8.0 0.0 8.0 0.0 8.0 0.0 0.0 8.0 0.0 8.0 0.0 8.0 8.0 0.0 0.0 8.0 0.0 0.0
40 1 CONSTANT 8.0
41 1 CONSTANT 8.0
42 1 CONSTANT 8.0
43 1 CONSTANT 17304.0
44 1 CONSTANT 17296.0
45 1 CONSTANT 8.0
46 1 CONSTANT 17304.0
47 1 CONSTANT 4.0
48 1 TRACE 1330944.0 338768.0 203952.0 63728.0 57056.0 49488.0 240.0 288.0 224.0 1296512.0 334304.0 204064.0 114912.0 93936.0 77616.0 496.0 480.0 384.0 897152.0 319056.0 193392.0 8032.0 8176.0 8144.0 16.0 64.0 48.0 1036688.0 294976.0 192144.0 300576.0 189264.0 134704.0 1232.0 1248.0 1232.0 0.0 0.0 0.0 1147376.0 312016.0 198896.0 222480.0 156288.0 115632.0 944.0 976.0 912.0 923264.0 284128.0 186448.0 395648.0 221632.0 150064.0 1776.0 1936.0 1904.0 0.0 0.0 0.0 1113152.0 336528.0 198512.0 15776.0 16352.0 15536.0 48.0 80.0 144.0 1285872.0 330976.0 205264.0 126592.0 102864.0 82144.0 448.0 512.0 496.0 1118928.0 329616.0 196736.0 17808.0 17056.0 15968.0 16.0 112.0 80.0 1268432.0 330560.0 202528.0 136448.0 107664.0 86912.0 480.0 512.0 512.0 1301264.0 341776.0 202112.0 41616.0 38624.0 35216.0 128.0 160.0 240.0 991568.0 289504.0 193792.0 341584.0 206240.0 141392.0 1360.0 1632.0 1600.0 0.0 0.0 0.0 1318976.0 338816.0 201552.0 51120.0 46656.0 41344.0 160.0 288.0 256.0 1310608.0 342768.0 202848.0 46032.0 40768.0 37904.0 160.0 176.0 176.0 1199584.0 319312.0 199872.0 185792.0 135824.0 104256.0 736.0 688.0 640.0 1324288.0 341712.0 205472.0 85088.0 72800.0 61104.0 288.0 384.0 336.0 1067856.0 304160.0 195808.0 279776.0 179056.0 129808.0 1152.0 1328.0 1040.0 1314688.0 341632.0 203104.0 47744.0 43856.0 39456.0 144.0 160.0 208.0 1328928.0 339616.0 203552.0 58176.0 53216.0 45728.0 208.0 272.0 256.0 918112.0 320624.0 192928.0 8720.0 9056.0 8576.0 32.0 64.0 64.0 723008.0 239184.0 162880.0 566272.0 268208.0 171888.0 3008.0 3056.0 3360.0 16.0 0.0 32.0 1208272.0 321136.0 201712.0 183760.0 135104.0 103744.0 592.0 752.0 656.0 1324784.0 341920.0 201632.0 57840.0 51008.0 45376.0 176.0 272.0 288.0 1182560.0 335648.0 198288.0 21584.0 20944.0 20240.0 80.0 112.0 96.0 1139152.0 306720.0 194640.0 227760.0 158544.0 117712.0 880.0 1040.0 848.0 978752.0 282768.0 189104.0 349456.0 209968.0 144384.0 1488.0 1440.0 1584.0 0.0 0.0 0.0 1292720.0 344656.0 202720.0 37504.0 35232.0 32208.0 144.0 240.0 96.0 1299168.0 332128.0 202816.0 114448.0 93952.0 76880.0 400.0 496.0 416.0 927088.0 284912.0 190384.0 396960.0 221936.0 151264.0 1776.0 2000.0 1888.0 0.0 0.0 0.0 1313216.0 336800.0 203056.0 100032.0 83744.0 70096.0 336.0 432.0 384.0 945168.0 322768.0 192704.0 9600.0 9456.0 9344.0 32.0 64.0 48.0 1109712.0 305376.0 197216.0 248400.0 167824.0 122128.0 1008.0 1216.0 944.0 1139728.0 336656.0 198976.0 18320.0 17648.0 16912.0 64.0 144.0 112.0 1205744.0 334864.0 198544.0 24720.0 23392.0 22032.0 64.0 96.0 144.0 875840.0 318400.0 191328.0 7936.0 7792.0 8128.0 16.0 48.0 48.0 1245040.0 326272.0 200704.0 155072.0 120016.0 94704.0 608.0 672.0 608.0 946624.0 286528.0 187584.0 373648.0 214656.0 147184.0 1504.0 1712.0 1792.0 0.0 0.0 0.0 1167088.0 320080.0 203280.0 210288.0 146752.0 111792.0 784.0 832.0 880.0 1186832.0 321392.0 201632.0 196256.0 141728.0 107728.0 624.0 752.0 672.0 885920.0 317792.0 191904.0 7632.0 7936.0 7888.0 32.0 48.0 48.0 1192448.0 320464.0 200112.0 192352.0 139600.0 106832.0 752.0 880.0 672.0 1149904.0 315376.0 198992.0 223264.0 155472.0 116336.0 832.0 1008.0 864.0 1286128.0 330016.0 201808.0 122320.0 99552.0 81024.0 480.0 512.0 464.0 930736.0 279248.0 178672.0 374320.0 217456.0 149936.0 1728.0 1776.0 1776.0 0.0 0.0 16.0 1147280.0 337808.0 199680.0 18640.0 18416.0 17120.0 64.0 112.0 128.0 1321200.0 338640.0 201632.0 54528.0 48672.0 42848.0 144.0 224.0 208.0 995808.0 292592.0 193184.0 337008.0 202368.0 140128.0 1360.0 1664.0 1456.0 0.0 0.0 0.0 662208.0 241888.0 165744.0 640656.0 278064.0 176880.0 4032.0 4208.0 4128.0 0.0 16.0 16.0 1315472.0 340544.0 203312.0 47648.0 43472.0 39472.0 208.0 240.0 208.0 890432.0 316928.0 191744.0 7808.0 7952.0 8304.0 16.0 48.0 64.0 561200.0 188512.0 137680.0 711856.0 296784.0 182912.0 5008.0 4816.0 5056.0 16.0 48.0 32.0 924704.0 280512.0 185376.0 391648.0 222064.0 150368.0 1568.0 1792.0 2032.0 0.0 0.0 0.0 1161328.0 316528.0 200160.0 214752.0 149216.0 113232.0 752.0 912.0 832.0 627584.0 207408.0 148736.0 646848.0 285040.0 177680.0 3984.0 3920.0 4320.0 0.0 0.0 16.0 1288320.0 340032.0 201040.0 38400.0 36000.0 32048.0 144.0 240.0 160.0 1150080.0 316016.0 200064.0 221328.0 154160.0 115008.0 928.0 848.0 848.0 765296.0 301184.0 185712.0 5584.0 5584.0 5568.0 16.0 48.0 16.0 945072.0 320256.0 191600.0 9456.0 9296.0 10000.0 48.0 64.0 64.0 1148288.0 316096.0 201072.0 222928.0 155456.0 114576.0 992.0 1008.0 832.0 1188576.0 318000.0 199840.0 194192.0 141376.0 107712.0 640.0 864.0 592.0 1332016.0 337680.0 202320.0 70864.0 62960.0 53984.0 240.0 304.0 256.0 1083552.0 308816.0 196368.0 270816.0 175200.0 127968.0 1056.0 1120.0 944.0 886432.0 315472.0 190528.0 8448.0 8224.0 8384.0 16.0 48.0 48.0 1321616.0 344784.0 204208.0 48816.0 45440.0 40464.0 144.0 256.0 272.0
49 1 TRACE 17304.0 17304.0 8.0 17304.0 17304.0 8.0 17304.0 17304.0 8.0 17304.0 17304.0 8.0 17304.0 17304.0 8.0 17304.0 17304.0 8.0 17304.0 17304.0 8.0 17304.0 17304.0 8.0 17304.0 17304.0 8.0 17304.0 17304.0 8.0 17304.0 17304.0 8.0 17304.0 17304.0 8.0 17304.0 17304.0 8.0 17304.0 17304.0 8.0 17304.0 17304.0 8.0 17304.0 17304.0 8.0 17304.0 17304.0 8.0 17304.0 17304.0 8.0 17304.0 17304.0 8.0 17304.0 17304.0 8.0 17304.0 17304.0 8.0 17304.0 17304.0 8.0 17304.0 17304.0 8.0 17304.0 17304.0 8.0 17304.0 17304.0 8.0 17304.0 17304.0 8.0 17304.0 17304.0 8.0 17304.0 17304.0 8.0 17304.0 17304.0 8.0 17304.0 17304.0 8.0 17304.0 17304.0 8.0 17304.0 17304.0 8.0 17304.0 17304.0 8.0 17304.0 17304.0 8.0 17304.0 17304.0 8.0 17304.0 17304.0 8.0 17304.0 17304.0 8.0 17304.0 17304.0 8.0 17304.0 17304.0 8.0 17304.0 17304.0 8.0 17304.0 17304.0 8.0 17304.0 17304.0 8.0 17304.0 17304.0 8.0 17304.0 17304.0 8.0 17304.0 17304.0 8.0 17304.0 17304.0 8.0 17304.0 17304.0 8.0 17304.0 17304.0 8.0 17304.0 17304.0 8.0 17304.0 17304.0 8.0 17304.0 17304.0 8.0 17304.0 17304.0 8.0 17304.0 17304.0 8.0 17304.0 17304.0 8.0 17304.0 17304.0 8.0 17304.0 17304.0 8.0 17304.0 17304.0 8.0 17304.0 17304.0 8.0 17304.0 17304.0 8.0 17304.0 17304.0 8.0 17304.0 17304.0 8.0 17304.0 17304.0 8.0 17304.0 17304.0 8.0 17304.0 17304.0 8.0 17304.0 17304.0 8.0 17304.0 17304.0 8.0 17304.0 17304.0 8.0 17304.0 17304.0 8.0 17304.0 17304.0 8.0 17304.0 17304.0 8.0 17304.0 17304.0 8.0 17304.0 17304.0 8.0 17304.0 17304.0 8.0 17304.0 17304.0 8.0 17304.0 17304.0 8.0 17304.0 17304.0 8.0 17304.0 17304.0 8.0 17304.0 17304.0 8.0 17304.0 17304.0 8.0 17304.0 17304.0 8.0 17304.0 17304.0 8.0 17304.0 17304.0 8.0 17304.0 17304.0 8.0 17304.0 17304.0 8.0 17304.0 17304.0 8.0 17304.0 17304.0 8.0 17304.0 17304.0 8.0 17304.0 17304.0 8.0 17304.0 17304.0 8.0 17304.0 17304.0 8.0 17304.0 17304.0 8.0 17304.0 17304.0 8.0 17304.0 17304.0 8.0 17304.0 17304.0 8.0 17304.0 17304.0 8.0 17304.0 17304.0 8.0 17304.0 17304.0 8.0 17304.0 17304.0 8.0 17304.0 17304.0 8.0 17304.0 17304.0 8.0 17304.0 17304.0 8.0 17304.0 17304.0 8.0 17304.0 17304.0 8.0 17304.0 17304.0 8.0 17304.0 17304.0 8.0 17304.0 17304.0 8.0 17304.0 17304.0 8.0 17304.0 17304.0 8.0 17304.0 17304.0 8.0 17304.0 17304.0 8.0 17304.0 17304.0 8.0 17304.0 17304.0 8.0 17304.0 17304.0 8.0 17304.0 17304.0 8.0 17304.0 17304.0 8.0 17304.0 17304.0 8.0 17304.0 17304.0 8.0 17304.0 17304.0 8.0 17304.0 17304.0 8.0 17304.0 17304.0 8.0 17304.0 17304.0 8.0 17304.0 17304.0 8.0 17304.0 17304.0 8.0 17304.0 17304.0 8.0 17304.0 17304.0 8.0 17304.0 17304.0 8.0 17304.0 17304.0 8.0 17304.0 17304.0 8.0 17304.0 17304.0 8.0 17304.0 17304.0 8.0 17304.0 17304.0 8.0 17304.0 17304.0 8.0 17304.0 17304.0 8.0 17304.0 17304.0 8.0 17304.0 17304.0 8.0 17304.0 17304.0 8.0 17304.0 17304.0 8.0 17304.0 17304.0 8.0 17304.0 17304.0 8.0 17304.0 17304.0 8.0 17304.0 17304.0 8.0 17304.0 17304.0 8.0 17304.0 17304.0 8.0 17304.0 17304.0 8.0 17304.0 17304.0 8.0 17304.0 17304.0 8.0 17304.0 17304.0 8.0 17304.0 17304.0 8.0 17304.0 17304.0 8.0 17304.0 17304.0 8.0 17304.0 17304.0 8.0 17304.0 17304.0 8.0 17304.0 17304.0 8.0 17304.0 17304.0 8.0 17304.0 17304.0 8.0 17304.0 17304.0 8.0 17304.0 17304.0 8.0 17304.0 17304.0 8.0 17304.0 17304.0 8.0 17304.0 17304.0 8.0 17304.0 17304.0 8.0 17304.0 17304.0 8.0 17304.0 17304.0 8.0 17304.0 17304.0 8.0 17304.0 17304.0 8.0 17304.0 17304.0 8.0 17304.0 17304.0 8.0 17304.0 17304.0 8.0 17304.0 17304.0 8.0 17304.0 17304.0 8.0 17304.0 17304.0 8.0 17304.0 17304.0 8.0 17304.0 17304.0 8.0 17304.0 17304.0 8.0 17304.0 17304.0 8.0 17304.0 17304.0 8.0 17304.0 17304.0 8.0 17304.0 17304.0 8.0 17304.0 17304.0 8.0 17304.0 17304.0 8.0 17304.0 17304.0 8.0 17304.0 17304.0 8.0 17304.0 17304.0 8.0 17304.0 17304.0 8.0 17304.0 17304.0 8.0 17304.0 17304.0 8.0 17304.0 17304.0 8.0 17304.0 17304.0 8.0 17304.0 17304.0 8.0 17304.0 17304.0 8.0 17304.0 17304.0 8.0 17304.0 17304.0 8.0 17304.0 17304.0 8.0 17304.0 17304.0 8.0 17304.0 17304.0 8.0 17304.0 17304.0 8.0 17304.0 17304.0 8.0 17304.0 17304.0 8.0 17304.0 17304.0 8.0 17304.0 17304.0 8.0 17304.0 17304.0 8.0 17304.0 17304.0 8.0 17304.0 17304.0 8.0 17304.0 17304.0 8.0 17304.0 17304.0 8.0
50 1 CONSTANT 8.0
51 1 CONSTANT 8.0
52 1 CONSTANT 8.0
53 1 CONSTANT 8.0
54 1 CONSTANT 0.0
55 1 CONSTANT 0.0
56 1 CONSTANT 0.0
57 1 CONSTANT 0.0
58 1 CONSTANT 0.0
59 1 CONSTANT 0.0
60 1 CONSTANT 0.0
61 1 CONSTANT 0.0
62 1 CONSTANT 8.0
