0 1 CONSTANT 8.0
1 1 CONSTANT 8.0
2 1 CONSTANT 0.0
3 1 CONSTANT 8.0
4 1 CONSTANT 8.0
5 1 CONSTANT 8.0
6 1 CONSTANT 8.0
7 1 CONSTANT 8.0
8 1 CONSTANT 8.0
9 1 CONSTANT 0.0
10 1 CONSTANT 0.0
11 1 CONSTANT 0.0
12 1 CONSTANT 0.0
13 1 CONSTANT 8.0
14 1 CONSTANT 4.0
15 1 CONSTANT 4.0
16 1 CONSTANT 0.0
17 1 CONSTANT 0.0
18 1 CONSTANT 0.0
19 1 CONSTANT 0.0
20 1 CONSTANT 4.0
21 1 CONSTANT 8.0
22 1 CONSTANT 8.0
23 1 CONSTANT 8.0
24 1 CONSTANT 8.0
25 1 CONSTANT 4.0
26 1 CONSTANT 4.0
27 1 CONSTANT 8.0
28 1 TRACE 0.0 4.0 240.0 0.0 0.0 0.0 136.0 0.0 0.0 0.0 180.0 0.0 0.0 4.0 264.0 0.0 0.0 4.0 252.0 0.0 0.0 0.0 4.0 100.0 0.0 0.0 4.0 340.0 0.0 0.0 112.0 24.0 0.0 0.0 248.0 12.0 0.0 0.0 268.0 0.0 0.0 0.0 4.0 0.0 0.0 780.0 0.0 0.0 0.0 104.0 32.0 0.0 0.0 8.0 0.0 0.0 44.0 32.0 0.0 0.0 0.0 196.0 0.0 0.0 0.0 284.0 4.0 0.0 0.0 424.0 4.0 0.0 4.0 784.0 4.0 0.0 0.0 8.0 0.0 0.0 740.0 4.0 0.0 0.0 8.0 116.0 0.0 0.0 0.0 0.0 0.0 0.0 464.0 0.0 0.0 0.0 8.0 0.0 0.0 156.0 24.0 0.0 0.0 232.0 0.0 0.0 4.0 4.0 0.0 0.0 8.0 0.0 0.0 688.0 4.0 4.0 0.0 72.0 36.0 0.0 0.0 0.0 296.0 0.0 0.0 4.0 200.0 0.0 0.0 0.0 164.0 0.0 0.0 12.0 176.0 0.0 4.0 0.0 132.0 12.0 0.0 0.0 476.0 0.0 0.0 0.0 348.0 4.0 0.0 0.0 468.0 4.0 0.0 0.0 88.0 24.0 0.0 0.0 0.0 4.0 0.0 4.0 324.0 4.0 0.0 0.0 12.0 0.0 0.0 664.0 4.0 0.0 4.0 164.0 0.0 0.0 0.0 0.0 272.0 4.0 0.0 0.0 212.0 8.0 0.0 0.0 8.0 0.0 48.0 24.0 0.0 0.0 0.0 312.0 0.0 0.0 4.0 208.0 0.0 0.0 0.0 8.0 0.0 0.0 0.0 0.0 0.0 0.0 0.0 400.0 4.0 0.0 0.0 4.0 0.0 0.0 12.0 0.0 0.0 8.0 88.0 0.0 0.0 0.0 8.0 0.0 0.0 4.0 0.0 0.0 128.0 0.0 0.0 4.0 576.0 4.0 0.0 4.0 364.0 0.0 0.0 0.0 4.0 0.0 4.0 188.0 0.0
29 1 CONSTANT 4.0
30 1 TRACE 0.0 4.0 240.0 0.0 0.0 0.0 136.0 0.0 0.0 0.0 180.0 0.0 0.0 4.0 264.0 0.0 0.0 4.0 252.0 0.0 0.0 0.0 4.0 100.0 0.0 0.0 4.0 340.0 0.0 0.0 112.0 24.0 0.0 0.0 248.0 12.0 0.0 0.0 268.0 0.0 0.0 0.0 4.0 0.0 0.0 780.0 0.0 0.0 0.0 104.0 32.0 0.0 0.0 8.0 0.0 0.0 44.0 32.0 0.0 0.0 0.0 196.0 0.0 0.0 0.0 284.0 4.0 0.0 0.0 424.0 4.0 0.0 4.0 784.0 4.0 0.0 0.0 8.0 0.0 0.0 740.0 4.0 0.0 0.0 8.0 116.0 0.0 0.0 0.0 0.0 0.0 0.0 464.0 0.0 0.0 0.0 8.0 0.0 0.0 156.0 24.0 0.0 0.0 232.0 0.0 0.0 4.0 4.0 0.0 0.0 8.0 0.0 0.0 688.0 4.0 4.0 0.0 72.0 36.0 0.0 0.0 0.0 296.0 0.0 0.0 4.0 200.0 0.0 0.0 0.0 164.0 0.0 0.0 12.0 176.0 0.0 4.0 0.0 132.0 12.0 0.0 0.0 476.0 0.0 0.0 0.0 348.0 4.0 0.0 0.0 468.0 4.0 0.0 0.0 88.0 24.0 0.0 0.0 0.0 4.0 0.0 4.0 324.0 4.0 0.0 0.0 12.0 0.0 0.0 664.0 4.0 0.0 4.0 164.0 0.0 0.0 0.0 0.0 272.0 4.0 0.0 0.0 212.0 8.0 0.0 0.0 8.0 0.0 48.0 24.0 0.0 0.0 0.0 312.0 0.0 0.0 4.0 208.0 0.0 0.0 0.0 8.0 0.0 0.0 0.0 0.0 0.0 0.0 0.0 400.0 4.0 0.0 0.0 4.0 0.0 0.0 12.0 0.0 0.0 8.0 88.0 0.0 0.0 0.0 8.0 0.0 0.0 4.0 0.0 0.0 128.0 0.0 0.0 4.0 576.0 4.0 0.0 4.0 364.0 0.0 0.0 0.0 4.0 0.0 4.0 188.0 0.0
31 1 CONSTANT 8.0
32 1 CONSTANT 8.0
33 1 CONSTANT 4.0
34 1 CONSTANT 0.0
35 1 CONSTANT 0.0
36 1 CONSTANT 8.0
37 1 CONSTANT 8.0
38 1 CONSTANT 8.0
39 1 TRACE 8.0 0.0 8.0 0.0 8.0 0.0 8.0 0.0 8.0 0.0 8.0 0.0 8.0 0.0 8.0 0.0 8.0 0.0 8.0 0.0 8.0 8.0 0.0 8.0 0.0 8.0 0.0 8.0 0.0 8.0 0.0 0.0 8.0 8.0 0.0 0.0 8.0 0.0 8.0 0.0 8.0 0.0 0.0 8.0 0.0 8.0 0.0 8.0 8.0 0.0 0.0 8.0 0.0 0.0 8.0 8.0 0.0 8.0 0.0 8.0 0.0 8.0 0.0 8.0 0.0 8.0 0.0 8.0 0.0 8.0 0.0 8.0 0.0 8.0 0.0 8.0 0.0 0.0 8.0 0.0 8.0 0.0 8.0 8.0 0.0 8.0 0.0 8.0 0.0 0.0 8.0 0.0 8.0 0.0 8.0 0.0 0.0 8.0 8.0 0.0 0.0 8.0 0.0 8.0 0.0 8.0 0.0 0.0 8.0 0.0 0.0 8.0 0.0 8.0 0.0 8.0 8.0 0.0 8.0 0.0 8.0 0.0 8.0 0.0 8.0 0.0 8.0 0.0 8.0 0.0 8.0 0.0 8.0 0.0 8.0 0.0 8.0 8.0 0.0 0.0 8.0 0.0 8.0 0.0 8.0 0.0 8.0 0.0 8.0 0.0 8.0 0.0 8.0 8.0 0.0 8.0 0.0 8.0 0.0 0.0 8.0 0.0 8.0 0.0 8.0 0.0 0.0 8.0 0.0 8.0 0.0 8.0 0.0 8.0 0.0 8.0 8.0 0.0 8.0 0.0 8.0 8.0 0.0 0.0 8.0 0.0 0.0 8.0 0.0 8.0 0.0 8.0 0.0 8.0 0.0 8.0 0.0 8.0 0.0 8.0 0.0 0.0 8.0 8.0 0.0 0.0 8.0 8.0 0.0 8.0 0.0 8.0 0.0 0.0 8.0 0.0 0.0 8.0 8.0 0.0 8.0 0.0 8.0 0.0 0.0 8.0 0.0 0.0 8.0 0.0 8.0 0.0 8.0 0.0 8.0 0.0 8.0 0.0 8.0 0.0 8.0 0.0 0.0 8.0 0.0 8.0 0.0
40 1 CONSTANT 8.0
41 1 CONSTANT 8.0
42 1 CONSTANT 8.0
43 1 CONSTANT 17328.0
44 1 CONSTANT 17320.0
45 1 CONSTANT 8.0
46 1 CONSTANT 17328.0
47 1 CONSTANT 4.0
48 1 TRACE 872560.0 303200.0 193504.0 145264.0 113648.0 95616.0 82432.0 71328.0 42144.0 38304.0 34848.0 34208.0 31456.0 30032.0 28080.0 25680.0 224.0 128.0 176.0 96.0 112.0 160.0 80.0 128.0 885232.0 307440.0 194256.0 145536.0 113552.0 94656.0 81152.0 69744.0 25776.0 24304.0 22912.0 22064.0 21520.0 20976.0 19232.0 18320.0 112.0 64.0 64.0 48.0 32.0 112.0 32.0 64.0 882704.0 301872.0 193168.0 145216.0 113136.0 94464.0 80416.0 69184.0 31936.0 29408.0 27488.0 26256.0 25072.0 24448.0 22784.0 21552.0 112.0 80.0 80.0 80.0 64.0 160.0 48.0 64.0 860816.0 302592.0 192672.0 145584.0 114816.0 95808.0 83184.0 72080.0 49248.0 43568.0 41040.0 38112.0 35216.0 34032.0 30864.0 28672.0 208.0 144.0 80.0 160.0 128.0 144.0 128.0 128.0 866880.0 301888.0 194080.0 145056.0 114704.0 95680.0 82304.0 70528.0 45328.0 42128.0 38240.0 37040.0 33328.0 32112.0 30128.0 27744.0 176.0 176.0 96.0 128.0 112.0 176.0 128.0 128.0 873616.0 312960.0 200800.0 148240.0 116336.0 97360.0 84032.0 70960.0 16784.0 16416.0 15568.0 15120.0 14816.0 14368.0 14096.0 12976.0 64.0 64.0 16.0 48.0 0.0 48.0 32.0 48.0 853600.0 299760.0 191328.0 143648.0 113760.0 95840.0 81840.0 71088.0 49920.0 45728.0 42240.0 39360.0 36576.0 35120.0 32384.0 29344.0 256.0 128.0 64.0 96.0 160.0 176.0 144.0 176.0 548480.0 268880.0 180016.0 137584.0 108176.0 91712.0 78416.0 66288.0 3664.0 3152.0 3280.0 3104.0 3200.0 3120.0 3696.0 3184.0 0.0 16.0 0.0 0.0 0.0 0.0 0.0 0.0 465088.0 251840.0 172480.0 133088.0 105232.0 90288.0 77728.0 66288.0 2848.0 2208.0 2176.0 2272.0 2240.0 2224.0 2704.0 2112.0 0.0 0.0 0.0 0.0 0.0 0.0 0.0 0.0 862320.0 300624.0 192880.0 144480.0 114128.0 96528.0 82320.0 71184.0 47728.0 43824.0 39920.0 37792.0 34880.0 32272.0 30608.0 28416.0 176.0 112.0 176.0 144.0 160.0 176.0 160.0 80.0 434000.0 208896.0 147840.0 114736.0 92256.0 81888.0 70512.0 64384.0 309984.0 196640.0 144416.0 114400.0 94336.0 81088.0 70544.0 60560.0 1472.0 1072.0 1344.0 1248.0 1280.0 1200.0 1472.0 1008.0 0.0 0.0 0.0 0.0 0.0 0.0 0.0 0.0 698544.0 269824.0 179568.0 133072.0 106640.0 91616.0 79456.0 70368.0 118464.0 95392.0 81664.0 71248.0 62976.0 56752.0 51024.0 45088.0 496.0 256.0 368.0 384.0 416.0 368.0 416.0 432.0 624544.0 279312.0 183584.0 137952.0 108656.0 91504.0 77664.0 65824.0 5136.0 4976.0 4624.0 4176.0 4560.0 4512.0 5008.0 4592.0 0.0 16.0 16.0 0.0 0.0 16.0 0.0 16.0 385808.0 192336.0 136944.0 107616.0 89264.0 77952.0 71488.0 63600.0 361168.0 217808.0 155136.0 120112.0 98384.0 83744.0 72416.0 60976.0 1792.0 1328.0 1664.0 1488.0 1408.0 1392.0 1744.0 1632.0 0.0 16.0 0.0 0.0 0.0 0.0 0.0 0.0 710112.0 297360.0 191520.0 143504.0 112016.0 94864.0 80672.0 68720.0 6848.0 6256.0 6528.0 6176.0 6000.0 5856.0 6368.0 5824.0 0.0 16.0 0.0 0.0 0.0 32.0 0.0 0.0 871584.0 302096.0 193136.0 143808.0 115088.0 96544.0 82768.0 70512.0 43536.0 39904.0 37024.0 35360.0 32416.0 30768.0 28656.0 26640.0 112.0 160.0 176.0 176.0 112.0 208.0 96.0 112.0 855056.0 299824.0 192592.0 144640.0 114496.0 95648.0 83664.0 69904.0 49168.0 45808.0 42080.0 38688.0 36192.0 34160.0 30928.0 29408.0 224.0 128.0 128.0 128.0 64.0 160.0 128.0 160.0 814928.0 291152.0 190176.0 143696.0 112528.0 95296.0 81424.0 70160.0 66688.0 59440.0 52848.0 48208.0 43936.0 41456.0 38944.0 34768.0 272.0 192.0 224.0 208.0 192.0 208.0 192.0 144.0 688912.0 264384.0 173648.0 132960.0 105808.0 90144.0 78096.0 67808.0 120416.0 98928.0 83008.0 72656.0 63632.0 57792.0 52480.0 46224.0 480.0 320.0 416.0 336.0 448.0 368.0 432.0 352.0 355376.0 179296.0 126976.0 99280.0 81680.0 70944.0 64960.0 57824.0 375120.0 222336.0 157088.0 123632.0 100368.0 86336.0 73136.0 62752.0 1792.0 1584.0 1744.0 1824.0 1456.0 1360.0 1840.0 1632.0 0.0 0.0 0.0 0.0 0.0 0.0 0.0 0.0 707712.0 267120.0 176656.0 133456.0 104736.0 92480.0 80944.0 68160.0 111536.0 93760.0 79216.0 70160.0 61328.0 55872.0 49632.0 44576.0 528.0 304.0 400.0 336.0 336.0 336.0 256.0 416.0 857072.0 310224.0 198064.0 147536.0 114832.0 96336.0 82432.0 69536.0 15056.0 14448.0 13296.0 13504.0 13360.0 13072.0 12704.0 12016.0 48.0 48.0 16.0 16.0 0.0 48.0 48.0 16.0 681888.0 259616.0 172256.0 128800.0 104176.0 87840.0 75200.0 67120.0 124336.0 101968.0 85312.0 74384.0 64656.0 59360.0 53600.0 47120.0 512.0 336.0 304.0 400.0 432.0 368.0 480.0 368.0 0.0 0.0 0.0 0.0 0.0 0.0 0.0 0.0 782880.0 283888.0 182960.0 138144.0 110880.0 93936.0 81680.0 69120.0 79600.0 68576.0 60944.0 54864.0 49008.0 44896.0 41664.0 37728.0 368.0 224.0 224.0 176.0 256.0 208.0 208.0 208.0 378432.0 193776.0 130848.0 103264.0 86560.0 74480.0 67568.0 59520.0 359184.0 216832.0 156384.0 121728.0 99040.0 84464.0 73216.0 62416.0 1904.0 1424.0 1712.0 1584.0 1456.0 1408.0 1680.0 1440.0 0.0 0.0 0.0 0.0 0.0 0.0 0.0 0.0 506160.0 259856.0 176704.0 134080.0 106448.0 90736.0 77760.0 65552.0 3120.0 2496.0 2752.0 2608.0 2800.0 2640.0 2768.0 2688.0 0.0 0.0 0.0 0.0 0.0 16.0 0.0 0.0 879696.0 305152.0 195712.0 147536.0 115648.0 96768.0 82976.0 70880.0 40672.0 37520.0 34272.0 32608.0 30736.0 29296.0 27328.0 25520.0 208.0 160.0 112.0 48.0 128.0 144.0 96.0 96.0 651952.0 255584.0 170304.0 129792.0 102656.0 88320.0 77440.0 67696.0 140256.0 112848.0 92256.0 79824.0 68560.0 62240.0 54912.0 48320.0 512.0 352.0 432.0 432.0 448.0 384.0 432.0 496.0 0.0 0.0 0.0 0.0 0.0 0.0 0.0 0.0 389632.0 195200.0 136224.0 105984.0 90624.0 78256.0 70528.0 60400.0 346272.0 212080.0 153200.0 119440.0 98080.0 83360.0 72192.0 61552.0 1616.0 1248.0 1680.0 1440.0 1408.0 1376.0 1904.0 1408.0 0.0 16.0 0.0 0.0 0.0 0.0 0.0 0.0 718128.0 265808.0 176128.0 133616.0 106400.0 91120.0 78336.0 69024.0 106528.0 89536.0 75872.0 67648.0 59536.0 54064.0 49888.0 44080.0 480.0 320.0 352.0 288.0 336.0 256.0 352.0 272.0 684640.0 293280.0 190608.0 142512.0 111712.0 95120.0 80400.0 68112.0 6160.0 6048.0 5392.0 5696.0 5520.0 5008.0 5904.0 5296.0 0.0 32.0 16.0 0.0 0.0 32.0 0.0 0.0 850064.0 298384.0 192144.0 143072.0 112560.0 95936.0 81600.0 70880.0 52672.0 48128.0 44256.0 42160.0 38016.0 35584.0 33216.0 30544.0 176.0 128.0 160.0 128.0 144.0 208.0 160.0 128.0 885120.0 305040.0 196352.0 147264.0 115760.0 95408.0 83056.0 71504.0 36320.0 34160.0 31968.0 30112.0 27824.0 27232.0 25376.0 23360.0 192.0 112.0 128.0 112.0 48.0 112.0 96.0 48.0 892064.0 306688.0 196880.0 145504.0 114480.0 95648.0 82288.0 70160.0 28960.0 27424.0 25568.0 25152.0 23568.0 22832.0 21088.0 20256.0 160.0 64.0 32.0 16.0 64.0 128.0 32.0 48.0 885568.0 305024.0 195584.0 145760.0 113920.0 97296.0 83232.0 70400.0 36048.0 33360.0 30672.0 29872.0 28304.0 26160.0 24992.0 23408.0 176.0 144.0 96.0 64.0 48.0 160.0 96.0 32.0 557312.0 271312.0 181040.0 136160.0 108000.0 91632.0 77952.0 66208.0 3904.0 3232.0 3280.0 3360.0 3392.0 3088.0 3904.0 3504.0 16.0 16.0 0.0 0.0 0.0 0.0 0.0 16.0 789232.0 285152.0 183344.0 140624.0 109840.0 93424.0 80704.0 69568.0 77840.0 67360.0 60144.0 54016.0 48976.0 45280.0 42032.0 37696.0 400.0 176.0 240.0 144.0 160.0 240.0 256.0 176.0 831440.0 293648.0 193504.0 144896.0 112944.0 95648.0 81696.0 70608.0 60768.0 55328.0 48880.0 44784.0 41472.0 38608.0 35616.0 33056.0 288.0 144.0 144.0 192.0 160.0 160.0 208.0 176.0 778848.0 280400.0 182544.0 136016.0 109680.0 91632.0 80192.0 68176.0 81616.0 70896.0 62000.0 56272.0 50800.0 46848.0 43136.0 38432.0 320.0 192.0 256.0 272.0 224.0 192.0 192.0 240.0 687072.0 291392.0 189728.0 142432.0 111248.0 94080.0 80064.0 67712.0 5904.0 5792.0 5552.0 5616.0 5504.0 5568.0 5728.0 5520.0 0.0 32.0 16.0 16.0 0.0 48.0 0.0 0.0 578080.0 232768.0 155472.0 120288.0 94544.0 84128.0 74784.0 63632.0 180224.0 135696.0 110688.0 91072.0 78352.0 68736.0 60768.0 53168.0 736.0 480.0 608.0 624.0 640.0 560.0 672.0 624.0 0.0 0.0 0.0 0.0 0.0 0.0 0.0 0.0 849792.0 297888.0 192512.0 145056.0 114256.0 97360.0 82080.0 70640.0 55248.0 48992.0 45120.0 42176.0 37504.0 35664.0 33424.0 30960.0 240.0 176.0 192.0 160.0 176.0 176.0 144.0 112.0 380816.0 193472.0 137408.0 107856.0 90672.0 79584.0 70880.0 63680.0 365152.0 218192.0 155824.0 121648.0 98304.0 83872.0 72624.0 61936.0 1648.0 1408.0 1648.0 1568.0 1776.0 1568.0 1984.0 1632.0 0.0 0.0 0.0 0.0 0.0 16.0 0.0 0.0 713216.0 265536.0 174496.0 131216.0 106256.0 90592.0 77520.0 67680.0 107648.0 90464.0 77424.0 67536.0 59776.0 54832.0 49552.0 43632.0 464.0 288.0 320.0 320.0 368.0 272.0 432.0 352.0 892768.0 310832.0 198272.0 146848.0 116096.0 97200.0 83376.0 71632.0 26512.0 25520.0 24224.0 23440.0 22128.0 21792.0 20464.0 18384.0 128.0 64.0 32.0 48.0 48.0 48.0 32.0 112.0 861728.0 299664.0 193088.0 144560.0 114288.0 96512.0 83184.0 71648.0 47056.0 43376.0 39712.0 37168.0 35296.0 33344.0 30640.0 28176.0 192.0 144.0 176.0 160.0 112.0 176.0 112.0 80.0 498112.0 255024.0 173568.0 131824.0 105360.0 89424.0 76624.0 65088.0 2960.0 2464.0 2736.0 2656.0 2640.0 2704.0 3136.0 2928.0 0.0 0.0 0.0 0.0 0.0 16.0 0.0 0.0 568672.0 235328.0 160528.0 122800.0 98560.0 85440.0 74272.0 65104.0 185504.0 140400.0 111408.0 92656.0 78384.0 70256.0 61920.0 53104.0 784.0 592.0 640.0 688.0 608.0 656.0 656.0 656.0 0.0 0.0 0.0 0.0 0.0 0.0 0.0 0.0 727120.0 295312.0 191616.0 142832.0 111280.0 94496.0 80384.0 68048.0 7488.0 6896.0 6848.0 6704.0 6736.0 6736.0 6336.0 6288.0 0.0 16.0 32.0 0.0 0.0 32.0 0.0 16.0 852336.0 298512.0 192240.0 144608.0 114704.0 96432.0 82656.0 70128.0 51904.0 47328.0 43168.0 40192.0 36784.0 35248.0 32384.0 30448.0 224.0 192.0 144.0 176.0 80.0 176.0 112.0 128.0 888288.0 305792.0 195792.0 146544.0 114880.0 95792.0 83424.0 71072.0 34032.0 31424.0 30032.0 28320.0 27376.0 26208.0 23328.0 22432.0 176.0 112.0 160.0 112.0 64.0 96.0 112.0 48.0 396176.0 192768.0 129776.0 100912.0 84560.0 74096.0 64272.0 56368.0 323984.0 204624.0 149584.0 118064.0 96016.0 83312.0 71728.0 62080.0 1568.0 1200.0 1408.0 1248.0 1216.0 1072.0 1504.0 1216.0 0.0 0.0 0.0 0.0 0.0 0.0 0.0 0.0 402928.0 194736.0 134720.0 106960.0 88256.0 76832.0 68080.0 60512.0 326384.0 205872.0 148928.0 117632.0 95936.0 82640.0 71808.0 61456.0 1472.0 1184.0 1392.0 1152.0 1120.0 1456.0 1696.0 1424.0 0.0 0.0 0.0 0.0 0.0 0.0 0.0 0.0 822048.0 289888.0 187744.0 141776.0 111984.0 96112.0 80592.0 69472.0 63296.0 56432.0 51808.0 47360.0 42384.0 39840.0 37280.0 33936.0 288.0 176.0 192.0 128.0 176.0 208.0 192.0 192.0 366512.0 168544.0 122048.0 98288.0 80880.0 69632.0 63808.0 55296.0 357472.0 219456.0 156416.0 121904.0 99040.0 84816.0 73520.0 62848.0 1472.0 1440.0 1328.0 1520.0 1408.0 1376.0 1632.0 1648.0 0.0 0.0 0.0 0.0 0.0 0.0 0.0 0.0 365600.0 180592.0 126640.0 99168.0 82336.0 71616.0 63840.0 56944.0 358752.0 216368.0 155600.0 121600.0 98704.0 84592.0 73248.0 62384.0 1680.0 1408.0 1584.0 1456.0 1600.0 1520.0 1824.0 1552.0 0.0 0.0 0.0 0.0 0.0 0.0 0.0 0.0 858544.0 313264.0 200624.0 148960.0 115744.0 96464.0 83520.0 70432.0 14992.0 14176.0 13280.0 13072.0 12896.0 13424.0 12560.0 11744.0 16.0 64.0 48.0 16.0 0.0 32.0 16.0 48.0 416816.0 203424.0 141536.0 110496.0 90656.0 79792.0 70736.0 62272.0 314464.0 201312.0 147152.0 115520.0 95280.0 81888.0 71200.0 60800.0 1536.0 1248.0 1472.0 1184.0 1328.0 1168.0 1344.0 1232.0 0.0 0.0 0.0 0.0 0.0 0.0 0.0 0.0 681616.0 262944.0 171520.0 131232.0 105520.0 90336.0 78560.0 66864.0 124304.0 101424.0 85296.0 73920.0 64720.0 58160.0 52144.0 46816.0 592.0 320.0 416.0 368.0 384.0 384.0 560.0 336.0 0.0 0.0 0.0 0.0 0.0 0.0 0.0 0.0 893072.0 310256.0 197808.0 147888.0 115408.0 96400.0 83184.0 70848.0 26112.0 24256.0 23584.0 22352.0 21408.0 20464.0 20160.0 18512.0 64.0 96.0 96.0 80.0 16.0 96.0 16.0 64.0 755024.0 279312.0 181648.0 135664.0 108432.0 92688.0 83200.0 69472.0 92048.0 78624.0 68208.0 61248.0 54336.0 49712.0 44832.0 40864.0 432.0 192.0 368.0 256.0 304.0 272.0 304.0 256.0 822784.0 295328.0 190032.0 143360.0 113920.0 96608.0 83792.0 72448.0 63408.0 56272.0 50320.0 47056.0 42272.0 39840.0 36480.0 33456.0 288.0 176.0 192.0 160.0 160.0 208.0 128.0 144.0 584112.0 234896.0 161408.0 122656.0 97568.0 84704.0 74320.0 64240.0 176992.0 135552.0 107280.0 91184.0 77424.0 69408.0 61120.0 53056.0 640.0 480.0 608.0 560.0 560.0 432.0 640.0 640.0 0.0 0.0 0.0 0.0 0.0 0.0 0.0 0.0 891696.0 310240.0 197872.0 147600.0 114976.0 96784.0 83232.0 70944.0 29616.0 27120.0 25744.0 25248.0 24144.0 22736.0 21120.0 20432.0 128.0 96.0 80.0 64.0 32.0 80.0 80.0 48.0
49 1 TRACE 17336.0 17336.0 17336.0 17336.0 17328.0 17336.0 17336.0 8.0 17336.0 17336.0 17336.0 17336.0 17328.0 17336.0 17336.0 8.0 17336.0 17336.0 17336.0 17336.0 17328.0 17336.0 17336.0 8.0 17336.0 17336.0 17336.0 17336.0 17328.0 17336.0 17336.0 8.0 17336.0 17336.0 17336.0 17336.0 17328.0 17336.0 17336.0 8.0 17336.0 17336.0 17336.0 17336.0 17328.0 17336.0 17336.0 8.0 17336.0 17336.0 17336.0 17336.0 17328.0 17336.0 17336.0 8.0 17336.0 17336.0 17336.0 17336.0 17328.0 17336.0 17336.0 8.0 17336.0 17336.0 17336.0 17336.0 17328.0 17336.0 17336.0 8.0 17336.0 17336.0 17336.0 17336.0 17328.0 17336.0 17336.0 8.0 17336.0 17336.0 17336.0 17336.0 17328.0 17336.0 17336.0 8.0 17336.0 17336.0 17336.0 17336.0 17328.0 17336.0 17336.0 8.0 17336.0 17336.0 17336.0 17336.0 17328.0 17336.0 17336.0 8.0 17336.0 17336.0 17336.0 17336.0 17328.0 17336.0 17336.0 8.0 17336.0 17336.0 17336.0 17336.0 17328.0 17336.0 17336.0 8.0 17336.0 17336.0 17336.0 17336.0 17328.0 17336.0 17336.0 8.0 17336.0 17336.0 17336.0 17336.0 17328.0 17336.0 17336.0 8.0 17336.0 17336.0 17336.0 17336.0 17328.0 17336.0 17336.0 8.0 17336.0 17336.0 17336.0 17336.0 17328.0 17336.0 17336.0 8.0 17336.0 17336.0 17336.0 17336.0 17328.0 17336.0 17336.0 8.0 17336.0 17336.0 17336.0 17336.0 17328.0 17336.0 17336.0 8.0 17336.0 17336.0 17336.0 17336.0 17328.0 17336.0 17336.0 8.0 17336.0 17336.0 17336.0 17336.0 17328.0 17336.0 17336.0 8.0 17336.0 17336.0 17336.0 17336.0 17328.0 17336.0 17336.0 8.0 17336.0 17336.0 17336.0 17336.0 17328.0 17336.0 17336.0 8.0 17336.0 17336.0 17336.0 17336.0 17328.0 17336.0 17336.0 8.0 17336.0 17336.0 17336.0 17336.0 17328.0 17336.0 17336.0 8.0 17336.0 17336.0 17336.0 17336.0 17328.0 17336.0 17336.0 8.0 17336.0 17336.0 17336.0 17336.0 17328.0 17336.0 17336.0 8.0 17336.0 17336.0 17336.0 17336.0 17328.0 17336.0 17336.0 8.0 17336.0 17336.0 17336.0 17336.0 17328.0 17336.0 17336.0 8.0 17336.0 17336.0 17336.0 17336.0 17328.0 17336.0 17336.0 8.0 17336.0 17336.0 17336.0 17336.0 17328.0 17336.0 17336.0 8.0 17336.0 17336.0 17336.0 17336.0 17328.0 17336.0 17336.0 8.0 17336.0 17336.0 17336.0 17336.0 17328.0 17336.0 17336.0 8.0 17336.0 17336.0 17336.0 17336.0 17328.0 17336.0 17336.0 8.0 17336.0 17336.0 17336.0 17336.0 17328.0 17336.0 17336.0 8.0 17336.0 17336.0 17336.0 17336.0 17328.0 17336.0 17336.0 8.0 17336.0 17336.0 17336.0 17336.0 17328.0 17336.0 17336.0 8.0 17336.0 17336.0 17336.0 17336.0 17328.0 17336.0 17336.0 8.0 17336.0 17336.0 17336.0 17336.0 17328.0 17336.0 17336.0 8.0 17336.0 17336.0 17336.0 17336.0 17328.0 17336.0 17336.0 8.0 17336.0 17336.0 17336.0 17336.0 17328.0 17336.0 17336.0 8.0 17336.0 17336.0 17336.0 17336.0 17328.0 17336.0 17336.0 8.0 17336.0 17336.0 17336.0 17336.0 17328.0 17336.0 17336.0 8.0 17336.0 17336.0 17336.0 17336.0 17328.0 17336.0 17336.0 8.0 17336.0 17336.0 17336.0 17336.0 17328.0 17336.0 17336.0 8.0 17336.0 17336.0 17336.0 17336.0 17328.0 17336.0 17336.0 8.0 17336.0 17336.0 17336.0 17336.0 17328.0 17336.0 17336.0 8.0 17336.0 17336.0 17336.0 17336.0 17328.0 17336.0 17336.0 8.0 17336.0 17336.0 17336.0 17336.0 17328.0 17336.0 17336.0 8.0 17336.0 17336.0 17336.0 17336.0 17328.0 17336.0 17336.0 8.0 17336.0 17336.0 17336.0 17336.0 17328.0 17336.0 17336.0 8.0 17336.0 17336.0 17336.0 17336.0 17328.0 17336.0 17336.0 8.0 17336.0 17336.0 17336.0 17336.0 17328.0 17336.0 17336.0 8.0 17336.0 17336.0 17336.0 17336.0 17328.0 17336.0 17336.0 8.0 17336.0 17336.0 17336.0 17336.0 17328.0 17336.0 17336.0 8.0 17336.0 17336.0 17336.0 17336.0 17328.0 17336.0 17336.0 8.0 17336.0 17336.0 17336.0 17336.0 17328.0 17336.0 17336.0 8.0 17336.0 17336.0 17336.0 17336.0 17328.0 17336.0 17336.0 8.0 17336.0 17336.0 17336.0 17336.0 17328.0 17336.0 17336.0 8.0 17336.0 17336.0 17336.0 17336.0 17328.0 17336.0 17336.0 8.0 17336.0 17336.0 17336.0 17336.0 17328.0 17336.0 17336.0 8.0 17336.0 17336.0 17336.0 17336.0 17328.0 17336.0 17336.0 8.0 17336.0 17336.0 17336.0 17336.0 17328.0 17336.0 17336.0 8.0 17336.0 17336.0 17336.0 17336.0 17328.0 17336.0 17336.0 8.0 17336.0 17336.0 17336.0 17336.0 17328.0 17336.0 17336.0 8.0 17336.0 17336.0 17336.0 17336.0 17328.0 17336.0 17336.0 8.0 17336.0 17336.0 17336.0 17336.0 17328.0 17336.0 17336.0 8.0 17336.0 17336.0 17336.0 17336.0 17328.0 17336.0 17336.0 8.0 17336.0 17336.0 17336.0 17336.0 17328.0 17336.0 17336.0 8.0 17336.0 17336.0 17336.0 17336.0 17328.0 17336.0 17336.0 8.0 17336.0 17336.0 17336.0 17336.0 17328.0 17336.0 17336.0 8.0 17336.0 17336.0 17336.0 17336.0 17328.0 17336.0 17336.0 8.0 17336.0 17336.0 17336.0 17336.0 17328.0 17336.0 17336.0 8.0 17336.0 17336.0 17336.0 17336.0 17328.0 17336.0 17336.0 8.0 17336.0 17336.0 17336.0 17336.0 17328.0 17336.0 17336.0 8.0 17336.0 17336.0 17336.0 17336.0 17328.0 17336.0 17336.0 8.0 17336.0 17336.0 17336.0 17336.0 17328.0 17336.0 17336.0 8.0 17336.0 17336.0 17336.0 17336.0 17328.0 17336.0 17336.0 8.0 17336.0 17336.0 17336.0 17336.0 17328.0 17336.0 17336.0 8.0 17336.0 17336.0 17336.0 17336.0 17328.0 17336.0 17336.0 8.0 17336.0 17336.0 17336.0 17336.0 17328.0 17336.0 17336.0 8.0 17336.0 17336.0 17336.0 17336.0 17328.0 17336.0 17336.0 8.0 17336.0 17336.0 17336.0 17336.0 17328.0 17336.0 17336.0 8.0 17336.0 17336.0 17336.0 17336.0 17328.0 17336.0 17336.0 8.0 17336.0 17336.0 17336.0 17336.0 17328.0 17336.0 17336.0 8.0 17336.0 17336.0 17336.0 17336.0 17328.0 17336.0 17336.0 8.0 17336.0 17336.0 17336.0 17336.0 17328.0 17336.0 17336.0 8.0 17336.0 17336.0 17336.0 17336.0 17328.0 17336.0 17336.0 8.0 17336.0 17336.0 17336.0 17336.0 17328.0 17336.0 17336.0 8.0 17336.0 17336.0 17336.0 17336.0 17328.0 17336.0 17336.0 8.0 17336.0 17336.0 17336.0 17336.0 17328.0 17336.0 17336.0 8.0 17336.0 17336.0 17336.0 17336.0 17328.0 17336.0 17336.0 8.0 17336.0 17336.0 17336.0 17336.0 17328.0 17336.0 17336.0 8.0 17336.0 17336.0 17336.0 17336.0 17328.0 17336.0 17336.0 8.0 17336.0 17336.0 17336.0 17336.0 17328.0 17336.0 17336.0 8.0 17336.0 17336.0 17336.0 17336.0 17328.0 17336.0 17336.0 8.0 17336.0 17336.0 17336.0 17336.0 17328.0 17336.0 17336.0 8.0 17336.0 17336.0 17336.0 17336.0 17328.0 17336.0 17336.0 8.0 17336.0 17336.0 17336.0 17336.0 17328.0 17336.0 17336.0 8.0 17336.0 17336.0 17336.0 17336.0 17328.0 17336.0 17336.0 8.0 17336.0 17336.0 17336.0 17336.0 17328.0 17336.0 17336.0 8.0 17336.0 17336.0 17336.0 17336.0 17328.0 17336.0 17336.0 8.0 17336.0 17336.0 17336.0 17336.0 17328.0 17336.0 17336.0 8.0 17336.0 17336.0 17336.0 17336.0 17328.0 17336.0 17336.0 8.0 17336.0 17336.0 17336.0 17336.0 17328.0 17336.0 17336.0 8.0 17336.0 17336.0 17336.0 17336.0 17328.0 17336.0 17336.0 8.0 17336.0 17336.0 17336.0 17336.0 17328.0 17336.0 17336.0 8.0 17336.0 17336.0 17336.0 17336.0 17328.0 17336.0 17336.0 8.0 17336.0 17336.0 17336.0 17336.0 17328.0 17336.0 17336.0 8.0 17336.0 17336.0 17336.0 17336.0 17328.0 17336.0 17336.0 8.0 17336.0 17336.0 17336.0 17336.0 17328.0 17336.0 17336.0 8.0 17336.0 17336.0 17336.0 17336.0 17328.0 17336.0 17336.0 8.0 17336.0 17336.0 17336.0 17336.0 17328.0 17336.0 17336.0 8.0 17336.0 17336.0 17336.0 17336.0 17328.0 17336.0 17336.0 8.0 17336.0 17336.0 17336.0 17336.0 17328.0 17336.0 17336.0 8.0 17336.0 17336.0 17336.0 17336.0 17328.0 17336.0 17336.0 8.0 17336.0 17336.0 17336.0 17336.0 17328.0 17336.0 17336.0 8.0 17336.0 17336.0 17336.0 17336.0 17328.0 17336.0 17336.0 8.0 17336.0 17336.0 17336.0 17336.0 17328.0 17336.0 17336.0 8.0 17336.0 17336.0 17336.0 17336.0 17328.0 17336.0 17336.0 8.0 17336.0 17336.0 17336.0 17336.0 17328.0 17336.0 17336.0 8.0 17336.0 17336.0 17336.0 17336.0 17328.0 17336.0 17336.0 8.0 17336.0 17336.0 17336.0 17336.0 17328.0 17336.0 17336.0 8.0 17336.0 17336.0 17336.0 17336.0 17328.0 17336.0 17336.0 8.0 17336.0 17336.0 17336.0 17336.0 17328.0 17336.0 17336.0 8.0 17336.0 17336.0 17336.0 17336.0 17328.0 17336.0 17336.0 8.0 17336.0 17336.0 17336.0 17336.0 17328.0 17336.0 17336.0 8.0 17336.0 17336.0 17336.0 17336.0 17328.0 17336.0 17336.0 8.0 17336.0 17336.0 17336.0 17336.0 17328.0 17336.0 17336.0 8.0 17336.0 17336.0 17336.0 17336.0 17328.0 17336.0 17336.0 8.0 17336.0 17336.0 17336.0 17336.0 17328.0 17336.0 17336.0 8.0 17336.0 17336.0 17336.0 17336.0 17328.0 17336.0 17336.0 8.0 17336.0 17336.0 17336.0 17336.0 17328.0 17336.0 17336.0 8.0 17336.0 17336.0 17336.0 17336.0 17328.0 17336.0 17336.0 8.0 17336.0 17336.0 17336.0 17336.0 17328.0 17336.0 17336.0 8.0 17336.0 17336.0 17336.0 17336.0 17328.0 17336.0 17336.0 8.0 17336.0 17336.0 17336.0 17336.0 17328.0 17336.0 17336.0 8.0 17336.0 17336.0 17336.0 17336.0 17328.0 17336.0 17336.0 8.0 17336.0 17336.0 17336.0 17336.0 17328.0 17336.0 17336.0 8.0 17336.0 17336.0 17336.0 17336.0 17328.0 17336.0 17336.0 8.0 17336.0 17336.0 17336.0 17336.0 17328.0 17336.0 17336.0 8.0 17336.0 17336.0 17336.0 17336.0 17328.0 17336.0 17336.0 8.0 17336.0 17336.0 17336.0 17336.0 17328.0 17336.0 17336.0 8.0 17336.0 17336.0 17336.0 17336.0 17328.0 17336.0 17336.0 8.0 17336.0 17336.0 17336.0 17336.0 17328.0 17336.0 17336.0 8.0 17336.0 17336.0 17336.0 17336.0 17328.0 17336.0 17336.0 8.0 17336.0 17336.0 17336.0 17336.0 17328.0 17336.0 17336.0 8.0 17336.0 17336.0 17336.0 17336.0 17328.0 17336.0 17336.0 8.0 17336.0 17336.0 17336.0 17336.0 17328.0 17336.0 17336.0 8.0 17336.0 17336.0 17336.0 17336.0 17328.0 17336.0 17336.0 8.0 17336.0 17336.0 17336.0 17336.0 17328.0 17336.0 17336.0 8.0 17336.0 17336.0 17336.0 17336.0 17328.0 17336.0 17336.0 8.0 17336.0 17336.0 17336.0 17336.0 17328.0 17336.0 17336.0 8.0 17336.0 17336.0 17336.0 17336.0 17328.0 17336.0 17336.0 8.0 17336.0 17336.0 17336.0 17336.0 17328.0 17336.0 17336.0 8.0 17336.0 17336.0 17336.0 17336.0 17328.0 17336.0 17336.0 8.0 17336.0 17336.0 17336.0 17336.0 17328.0 17336.0 17336.0 8.0 17336.0 17336.0 17336.0 17336.0 17328.0 17336.0 17336.0 8.0 17336.0 17336.0 17336.0 17336.0 17328.0 17336.0 17336.0 8.0 17336.0 17336.0 17336.0 17336.0 17328.0 17336.0 17336.0 8.0 17336.0 17336.0 17336.0 17336.0 17328.0 17336.0 17336.0 8.0 17336.0 17336.0 17336.0 17336.0 17328.0 17336.0 17336.0 8.0 17336.0 17336.0 17336.0 17336.0 17328.0 17336.0 17336.0 8.0 17336.0 17336.0 17336.0 17336.0 17328.0 17336.0 17336.0 8.0 17336.0 17336.0 17336.0 17336.0 17328.0 17336.0 17336.0 8.0 17336.0 17336.0 17336.0 17336.0 17328.0 17336.0 17336.0 8.0 17336.0 17336.0 17336.0 17336.0 17328.0 17336.0 17336.0 8.0 17336.0 17336.0 17336.0 17336.0 17328.0 17336.0 17336.0 8.0 17336.0 17336.0 17336.0 17336.0 17328.0 17336.0 17336.0 8.0 17336.0 17336.0 17336.0 17336.0 17328.0 17336.0 17336.0 8.0 17336.0 17336.0 17336.0 17336.0 17328.0 17336.0 17336.0 8.0 17336.0 17336.0 17336.0 17336.0 17328.0 17336.0 17336.0 8.0 17336.0 17336.0 17336.0 17336.0 17328.0 17336.0 17336.0 8.0 17336.0 17336.0 17336.0 17336.0 17328.0 17336.0 17336.0 8.0 17336.0 17336.0 17336.0 17336.0 17328.0 17336.0 17336.0 8.0 17336.0 17336.0 17336.0 17336.0 17328.0 17336.0 17336.0 8.0 17336.0 17336.0 17336.0 17336.0 17328.0 17336.0 17336.0 8.0 17336.0 17336.0 17336.0 17336.0 17328.0 17336.0 17336.0 8.0 17336.0 17336.0 17336.0 17336.0 17328.0 17336.0 17336.0 8.0 17336.0 17336.0 17336.0 17336.0 17328.0 17336.0 17336.0 8.0 17336.0 17336.0 17336.0 17336.0 17328.0 17336.0 17336.0 8.0 17336.0 17336.0 17336.0 17336.0 17328.0 17336.0 17336.0 8.0 17336.0 17336.0 17336.0 17336.0 17328.0 17336.0 17336.0 8.0 17336.0 17336.0 17336.0 17336.0 17328.0 17336.0 17336.0 8.0 17336.0 17336.0 17336.0 17336.0 17328.0 17336.0 17336.0 8.0 17336.0 17336.0 17336.0 17336.0 17328.0 17336.0 17336.0 8.0 17336.0 17336.0 17336.0 17336.0 17328.0 17336.0 17336.0 8.0 17336.0 17336.0 17336.0 17336.0 17328.0 17336.0 17336.0 8.0 17336.0 17336.0 17336.0 17336.0 17328.0 17336.0 17336.0 8.0 17336.0 17336.0 17336.0 17336.0 17328.0 17336.0 17336.0 8.0 17336.0 17336.0 17336.0 17336.0 17328.0 17336.0 17336.0 8.0 17336.0 17336.0 17336.0 17336.0 17328.0 17336.0 17336.0 8.0 17336.0 17336.0 17336.0 17336.0 17328.0 17336.0 17336.0 8.0 17336.0 17336.0 17336.0 17336.0 17328.0 17336.0 17336.0 8.0 17336.0 17336.0 17336.0 17336.0 17328.0 17336.0 17336.0 8.0 17336.0 17336.0 17336.0 17336.0 17328.0 17336.0 17336.0 8.0 17336.0 17336.0 17336.0 17336.0 17328.0 17336.0 17336.0 8.0 17336.0 17336.0 17336.0 17336.0 17328.0 17336.0 17336.0 8.0 17336.0 17336.0 17336.0 17336.0 17328.0 17336.0 17336.0 8.0 17336.0 17336.0 17336.0 17336.0 17328.0 17336.0 17336.0 8.0 17336.0 17336.0 17336.0 17336.0 17328.0 17336.0 17336.0 8.0 17336.0 17336.0 17336.0 17336.0 17328.0 17336.0 17336.0 8.0 17336.0 17336.0 17336.0 17336.0 17328.0 17336.0 17336.0 8.0 17336.0 17336.0 17336.0 17336.0 17328.0 17336.0 17336.0 8.0 17336.0 17336.0 17336.0 17336.0 17328.0 17336.0 17336.0 8.0 17336.0 17336.0 17336.0 17336.0 17328.0 17336.0 17336.0 8.0 17336.0 17336.0 17336.0 17336.0 17328.0 17336.0 17336.0 8.0
50 1 CONSTANT 8.0
51 1 CONSTANT 8.0
52 1 CONSTANT 8.0
53 1 CONSTANT 8.0
54 1 CONSTANT 0.0
55 1 CONSTANT 0.0
56 1 CONSTANT 0.0
57 1 CONSTANT 0.0
58 1 CONSTANT 0.0
59 1 CONSTANT 0.0
60 1 CONSTANT 0.0
61 1 CONSTANT 0.0
62 1 CONSTANT 8.0
