0 1 1 TRACE 1672852643054947.0
1 2 1 TRACE 11038.0 78.0 78.0 78.0 92.0 79.0 80.0 78.0 94.0 92.0 92.0 92.0 80.0 80.0 80.0 80.0 80.0 93.0 92.0 79.0 79.0 79.0 80.0 78.0 92.0 80.0 79.0 80.0 103.0 80.0 92.0 92.0 92.0 92.0 92.0 92.0 79.0 91.0 93.0 80.0 84.0 81.0 93.0 79.0 80.0 92.0 80.0 92.0 79.0 91.0 79.0 92.0 93.0 92.0 93.0 92.0 92.0 91.0 80.0 92.0 92.0 93.0 92.0 93.0
2 3 1 TRACE 83.0 21.0 20.0 21.0 21.0 21.0 21.0 21.0 22.0 21.0 21.0 22.0 21.0 21.0 21.0 22.0 21.0 22.0 21.0 22.0 22.0 22.0 21.0 22.0 21.0 22.0 22.0 21.0 21.0 21.0 22.0 21.0 21.0 22.0 21.0 21.0 21.0 21.0 21.0 22.0 22.0 21.0 23.0 22.0 21.0 21.0 21.0 21.0 22.0 21.0 22.0 21.0 23.0 22.0 21.0 21.0 21.0 22.0 21.0 21.0 22.0 21.0 21.0 22.0
3 4 1 TRACE 33.0 15.0 14.0 15.0 15.0 14.0 15.0 14.0 22.0 14.0 14.0 15.0 14.0 15.0 14.0 14.0 14.0 15.0 15.0 14.0 16.0 15.0 15.0 14.0 14.0 14.0 14.0 15.0 14.0 14.0 15.0 14.0 15.0 15.0 15.0 14.0 15.0 14.0 14.0 14.0 14.0 15.0 15.0 15.0 52.0 15.0 15.0 15.0 16.0 15.0 14.0 15.0 14.0 14.0 14.0 14.0 14.0 15.0 15.0 14.0 14.0 14.0 15.0 14.0
4 5 1 TRACE 16.0 11.0 11.0 11.0 11.0 12.0 11.0 11.0 12.0 11.0 11.0 11.0 12.0 11.0 12.0 11.0 12.0 11.0 11.0 12.0 11.0 11.0 11.0 11.0 11.0 11.0 12.0 12.0 10.0 11.0 11.0 11.0 11.0 11.0 16.0 11.0 12.0 11.0 11.0 11.0 11.0 11.0 11.0 11.0 11.0 11.0 11.0 12.0 11.0 13.0 11.0 11.0 11.0 12.0 11.0 12.0 11.0 11.0 11.0 11.0 11.0 11.0 11.0 12.0
5 6 1 TRACE 38.0 15.0 15.0 16.0 15.0 15.0 15.0 15.0 16.0 16.0 16.0 15.0 15.0 15.0 15.0 16.0 13.0 13.0 12.0 24.0 13.0 13.0 12.0 13.0 13.0 13.0 13.0 13.0 12.0 53.0 13.0 13.0 13.0 12.0 13.0 13.0 12.0 12.0 13.0 13.0 13.0 13.0 13.0 13.0 13.0 13.0 13.0 13.0 59.0 15.0 12.0 12.0 14.0 13.0 13.0 12.0 13.0 12.0 12.0 13.0 13.0 13.0 12.0 13.0
6 7 1 TRACE 16.0 12.0 12.0 12.0 12.0 12.0 12.0 11.0 23.0 12.0 12.0 12.0 12.0 12.0 12.0 12.0 10.0 16.0 10.0 10.0 9.0 10.0 11.0 9.0 10.0 10.0 9.0 9.0 10.0 11.0 10.0 10.0 8.0 9.0 9.0 9.0 9.0 9.0 8.0 9.0 9.0 9.0 9.0 9.0 11.0 9.0 9.0 9.0 11.0 11.0 9.0 9.0 10.0 9.0 9.0 9.0 8.0 9.0 10.0 9.0 8.0 9.0 9.0 9.0
7 8 1 TRACE 16.0 12.0 12.0 12.0 12.0 12.0 12.0 12.0 12.0 12.0 12.0 11.0 12.0 12.0 12.0 12.0 10.0 8.0 10.0 9.0 10.0 10.0 11.0 9.0 10.0 11.0 10.0 10.0 11.0 10.0 10.0 10.0 10.0 11.0 9.0 9.0 51.0 10.0 10.0 9.0 10.0 9.0 10.0 9.0 11.0 9.0 9.0 9.0 10.0 11.0 10.0 9.0 10.0 9.0 9.0 10.0 9.0 9.0 10.0 9.0 9.0 9.0 9.0 9.0
8 9 1 TRACE 16.0 12.0 12.0 12.0 11.0 12.0 12.0 12.0 23.0 12.0 12.0 12.0 12.0 11.0 12.0 12.0 10.0 19.0 9.0 8.0 10.0 10.0 10.0 10.0 11.0 10.0 10.0 10.0 10.0 10.0 10.0 10.0 10.0 11.0 9.0 10.0 12.0 10.0 11.0 9.0 11.0 10.0 9.0 10.0 11.0 9.0 10.0 9.0 10.0 10.0 10.0 11.0 10.0 8.0 10.0 9.0 11.0 10.0 9.0 11.0 10.0 11.0 10.0 9.0
9 10 1 TRACE 41.0 19.0 20.0 19.0 19.0 19.0 19.0 19.0 18.0 18.0 18.0 19.0 19.0 18.0 18.0 69.0 17.0 30.0 17.0 18.0 18.0 17.0 17.0 17.0 17.0 17.0 20.0 18.0 17.0 30.0 17.0 17.0 17.0 17.0 18.0 17.0 34.0 17.0 18.0 17.0 53.0 17.0 17.0 17.0 30.0 18.0 18.0 17.0 41.0 17.0 18.0 17.0 18.0 17.0 17.0 17.0 17.0 17.0 17.0 18.0 17.0 18.0 18.0 17.0
10 11 1 TRACE 17.0 12.0 12.0 13.0 24.0 13.0 12.0 13.0 12.0 25.0 24.0 23.0 13.0 13.0 25.0 14.0 12.0 12.0 12.0 13.0 12.0 13.0 13.0 13.0 13.0 13.0 13.0 13.0 23.0 24.0 12.0 12.0 12.0 12.0 13.0 12.0 25.0 12.0 12.0 13.0 12.0 13.0 13.0 13.0 24.0 12.0 13.0 13.0 12.0 12.0 13.0 12.0 13.0 13.0 12.0 13.0 12.0 12.0 13.0 12.0 12.0 13.0 12.0 12.0
11 12 1 TRACE 16.0 12.0 13.0 25.0 13.0 12.0 13.0 27.0 11.0 13.0 14.0 14.0 12.0 13.0 24.0 12.0 12.0 12.0 25.0 13.0 60.0 24.0 24.0 12.0 24.0 25.0 12.0 13.0 14.0 11.0 25.0 24.0 12.0 20.0 25.0 23.0 12.0 12.0 24.0 12.0 11.0 23.0 25.0 13.0 11.0 25.0 12.0 25.0 12.0 25.0 24.0 12.0 25.0 25.0 23.0 25.0 24.0 23.0 12.0 12.0 23.0 24.0 19.0 24.0
12 13 1 TRACE 16.0 24.0 35.0 27.0 23.0 37.0 27.0 23.0 11.0 12.0 22.0 23.0 24.0 38.0 12.0 12.0 24.0 12.0 24.0 41.0 13.0 23.0 23.0 29.0 23.0 23.0 12.0 12.0 24.0 11.0 23.0 12.0 23.0 12.0 23.0 13.0 11.0 24.0 12.0 24.0 11.0 24.0 22.0 26.0 12.0 12.0 24.0 12.0 11.0 23.0 23.0 24.0 23.0 23.0 24.0 12.0 12.0 13.0 24.0 14.0 24.0 12.0 13.0 12.0
13 14 1 TRACE 22.0 9.0 9.0 9.0 9.0 9.0 20.0 9.0 9.0 9.0 9.0 9.0 9.0 9.0 9.0 9.0 20.0 9.0 9.0 9.0 9.0 9.0 9.0 10.0 9.0 9.0 21.0 21.0 9.0 9.0 9.0 20.0 21.0 9.0 9.0 20.0 9.0 9.0 9.0 21.0 8.0 9.0 9.0 20.0 9.0 9.0 20.0 9.0 14.0 9.0 9.0 9.0 9.0 9.0 9.0 9.0 9.0 21.0 20.0 10.0 9.0 20.0 21.0 9.0
14 15 1 TRACE 21.0 11.0 11.0 12.0 11.0 11.0 11.0 11.0 11.0 11.0 11.0 11.0 11.0 11.0 11.0 11.0 12.0 11.0 12.0 11.0 11.0 11.0 11.0 11.0 11.0 11.0 23.0 12.0 11.0 11.0 11.0 11.0 12.0 11.0 12.0 11.0 11.0 11.0 11.0 11.0 11.0 11.0 11.0 11.0 11.0 12.0 12.0 11.0 12.0 11.0 11.0 12.0 11.0 11.0 10.0 11.0 11.0 11.0 11.0 12.0 11.0 11.0 11.0 12.0
15 16 1 TRACE 12.0 27.0 8.0 9.0 8.0 8.0 14.0 8.0 8.0 8.0 8.0 8.0 8.0 8.0 8.0 9.0 8.0 8.0 8.0 8.0 9.0 8.0 8.0 8.0 8.0 8.0 8.0 8.0 8.0 8.0 8.0 8.0 8.0 8.0 8.0 8.0 8.0 8.0 8.0 8.0 8.0 8.0 8.0 8.0 8.0 8.0 8.0 8.0 8.0 8.0 8.0 8.0 8.0 8.0 8.0 8.0 8.0 8.0 8.0 9.0 9.0 9.0 20.0 8.0
16 17 1 TRACE 30.0 46.0 22.0 22.0 22.0 23.0 23.0 22.0 21.0 22.0 22.0 23.0 23.0 22.0 21.0 22.0 22.0 21.0 22.0 22.0 31.0 21.0 22.0 22.0 23.0 21.0 22.0 21.0 22.0 21.0 22.0 21.0 22.0 22.0 21.0 20.0 22.0 21.0 21.0 23.0 22.0 21.0 21.0 22.0 24.0 21.0 21.0 21.0 21.0 27.0 22.0 22.0 22.0 21.0 23.0 21.0 22.0 23.0 62.0 22.0 27.0 22.0 22.0 22.0
17 18 1 TRACE 16.0 15.0 12.0 12.0 11.0 11.0 12.0 11.0 11.0 11.0 11.0 11.0 11.0 12.0 11.0 12.0 12.0 11.0 11.0 12.0 12.0 12.0 18.0 11.0 12.0 11.0 17.0 12.0 12.0 12.0 12.0 12.0 12.0 11.0 11.0 11.0 12.0 12.0 12.0 11.0 11.0 11.0 12.0 12.0 12.0 11.0 12.0 11.0 11.0 12.0 12.0 12.0 11.0 11.0 11.0 12.0 11.0 11.0 15.0 12.0 12.0 11.0 12.0 12.0
18 19 1 TRACE 16.0 23.0 11.0 11.0 11.0 12.0 12.0 11.0 11.0 11.0 11.0 11.0 11.0 12.0 11.0 12.0 11.0 11.0 11.0 12.0 12.0 12.0 22.0 11.0 12.0 11.0 12.0 12.0 11.0 12.0 11.0 11.0 12.0 11.0 11.0 11.0 12.0 12.0 11.0 12.0 11.0 12.0 11.0 11.0 11.0 11.0 11.0 11.0 11.0 11.0 12.0 12.0 11.0 11.0 11.0 12.0 11.0 20.0 11.0 11.0 11.0 12.0 12.0 12.0
19 20 1 TRACE 16.0 11.0 12.0 11.0 12.0 12.0 12.0 11.0 12.0 11.0 11.0 12.0 11.0 12.0 12.0 11.0 12.0 11.0 11.0 12.0 21.0 12.0 14.0 11.0 12.0 12.0 12.0 11.0 12.0 12.0 11.0 11.0 12.0 53.0 12.0 11.0 12.0 12.0 11.0 12.0 12.0 11.0 12.0 11.0 12.0 11.0 12.0 12.0 12.0 11.0 11.0 12.0 11.0 11.0 11.0 12.0 11.0 12.0 11.0 11.0 12.0 12.0 12.0 12.0
20 21 1 TRACE 20.0 796.0 15.0 15.0 15.0 14.0 15.0 14.0 15.0 19.0 14.0 14.0 15.0 15.0 15.0 15.0 15.0 14.0 14.0 15.0 15.0 15.0 15.0 15.0 15.0 14.0 15.0 15.0 14.0 15.0 15.0 14.0 15.0 15.0 14.0 15.0 15.0 15.0 15.0 14.0 15.0 14.0 15.0 15.0 15.0 14.0 15.0 15.0 14.0 15.0 15.0 15.0 14.0 15.0 14.0 15.0 15.0 15.0 14.0 14.0 15.0 15.0 15.0 15.0
21 22 1 TRACE 27.0 12.0 11.0 11.0 13.0 10.0 11.0 10.0 11.0 11.0 10.0 11.0 11.0 11.0 11.0 11.0 11.0 11.0 11.0 11.0 11.0 11.0 11.0 10.0 10.0 11.0 11.0 11.0 11.0 11.0 11.0 11.0 11.0 11.0 10.0 11.0 10.0 11.0 11.0 11.0 11.0 11.0 11.0 11.0 11.0 11.0 11.0 11.0 11.0 11.0 11.0 10.0 11.0 10.0 10.0 11.0 11.0 11.0 11.0 11.0 11.0 11.0 11.0 11.0
22 23 1 TRACE 128.0 129.0 58.0 57.0 90.0 90.0 58.0 91.0 58.0 90.0 90.0 91.0 91.0 58.0 91.0 91.0 57.0 60.0 58.0 58.0 57.0 57.0 132.0 58.0 91.0 90.0 90.0 58.0 90.0 57.0 57.0 57.0 90.0 91.0 61.0 58.0 90.0 57.0 57.0 57.0 90.0 61.0 58.0 57.0 133.0 57.0 90.0 90.0 57.0 58.0 57.0 57.0 90.0 58.0 59.0 90.0 90.0 90.0 91.0 91.0 90.0 91.0 90.0 90.0
23 24 1 TRACE 36.0 17.0 15.0 17.0 18.0 17.0 16.0 18.0 16.0 21.0 18.0 16.0 16.0 17.0 16.0 17.0 16.0 16.0 17.0 15.0 15.0 17.0 17.0 17.0 56.0 19.0 18.0 17.0 16.0 17.0 18.0 16.0 17.0 16.0 16.0 18.0 19.0 16.0 15.0 16.0 19.0 18.0 17.0 16.0 19.0 17.0 17.0 16.0 17.0 17.0 16.0 17.0 16.0 17.0 16.0 16.0 16.0 17.0 18.0 17.0 16.0 16.0 16.0 16.0
24 25 1 TRACE 49.0 18.0 17.0 18.0 18.0 17.0 17.0 17.0 18.0 18.0 17.0 17.0 17.0 17.0 17.0 17.0 17.0 18.0 16.0 17.0 17.0 16.0 18.0 17.0 19.0 18.0 17.0 17.0 17.0 17.0 17.0 16.0 17.0 18.0 17.0 17.0 17.0 16.0 17.0 17.0 17.0 18.0 17.0 17.0 17.0 17.0 17.0 17.0 18.0 18.0 17.0 17.0 17.0 17.0 17.0 17.0 16.0 18.0 17.0 17.0 17.0 17.0 17.0 17.0
25 26 1 TRACE 30.0 11.0 11.0 11.0 11.0 11.0 12.0 11.0 22.0 11.0 11.0 11.0 11.0 11.0 11.0 11.0 11.0 11.0 11.0 11.0 11.0 11.0 11.0 11.0 12.0 11.0 11.0 11.0 11.0 11.0 11.0 11.0 11.0 11.0 11.0 11.0 11.0 11.0 11.0 11.0 11.0 11.0 11.0 11.0 11.0 10.0 12.0 11.0 11.0 11.0 11.0 11.0 11.0 11.0 11.0 11.0 11.0 12.0 11.0 12.0 11.0 11.0 11.0 11.0 11.0 11.0 11.0 11.0 11.0 14.0 11.0 11.0 10.0 11.0 11.0 10.0 11.0 11.0 11.0 11.0 11.0 11.0 11.0 11.0 11.0 11.0 11.0 11.0 11.0 11.0 11.0 11.0 11.0 11.0 11.0 11.0 10.0 11.0 14.0 11.0 11.0 10.0 11.0 11.0 11.0 10.0 11.0 11.0 11.0 11.0 11.0 11.0 11.0 11.0 11.0 11.0 11.0 11.0 11.0 11.0 11.0 10.0 11.0 10.0 11.0 11.0 11.0 11.0 11.0 11.0 11.0 11.0 11.0 11.0 11.0 11.0 11.0 11.0 12.0 11.0 11.0 11.0 11.0 11.0 11.0 11.0 11.0 11.0 11.0 11.0 11.0 11.0 11.0 11.0 11.0 11.0 11.0 10.0 11.0 11.0 11.0 11.0 11.0 11.0 11.0 11.0 11.0 10.0 11.0 11.0 11.0 10.0 11.0 11.0 11.0 11.0 11.0 11.0 11.0 10.0 11.0 11.0 11.0 11.0 11.0 11.0 11.0 11.0 11.0 11.0 11.0 11.0 11.0 12.0 11.0 11.0 11.0 11.0 11.0 11.0 11.0 11.0 11.0 11.0 11.0 11.0 11.0 11.0 11.0 11.0 11.0 11.0 11.0 11.0 11.0 11.0 11.0 11.0 11.0 11.0 11.0 11.0 11.0 11.0 11.0 11.0
26 27 1 TRACE 11.0 7.0 7.0 8.0 7.0 7.0 8.0 7.0 8.0 8.0 8.0 7.0 7.0 8.0 8.0 7.0 8.0 8.0 8.0 7.0 8.0 7.0 8.0 8.0 8.0 8.0 8.0 7.0 8.0 7.0 8.0 8.0 8.0 7.0 8.0 7.0 8.0 8.0 8.0 8.0 7.0 8.0 8.0 8.0 7.0 8.0 8.0 8.0 7.0 8.0 8.0 7.0 7.0 8.0 7.0 8.0 7.0 8.0 7.0 8.0 7.0 7.0 7.0 8.0 8.0 7.0 8.0 8.0 8.0 8.0 8.0 8.0 8.0 7.0 8.0 8.0 7.0 7.0 8.0 7.0 7.0 7.0 7.0 8.0 7.0 8.0 8.0 7.0 7.0 8.0 8.0 8.0 7.0 8.0 7.0 7.0 7.0 7.0 8.0 8.0 7.0 8.0 7.0 8.0 7.0 8.0 8.0 8.0 7.0 8.0 8.0 7.0 8.0 8.0 8.0 8.0 8.0 7.0 7.0 7.0 7.0 8.0 8.0 8.0 8.0 7.0 8.0 7.0 8.0 8.0 7.0 8.0 8.0 8.0 7.0 8.0 7.0 7.0 7.0 8.0 7.0 7.0 7.0 8.0 7.0 7.0 8.0 7.0 7.0 7.0 8.0 8.0 8.0 7.0 8.0 7.0 8.0 8.0 8.0 7.0 8.0 8.0 7.0 7.0 7.0 8.0 7.0 7.0 8.0 7.0 7.0 8.0 8.0 7.0 8.0 8.0 7.0 8.0 7.0 8.0 8.0 7.0 8.0 7.0 8.0 7.0 7.0 8.0 8.0 8.0 8.0 7.0 7.0 8.0 7.0 8.0 8.0 7.0 8.0 8.0 7.0 7.0 8.0 8.0 7.0 7.0 7.0 7.0 8.0 7.0 8.0 7.0 8.0 7.0 8.0 7.0 7.0 8.0 8.0 7.0 7.0 7.0 8.0 8.0 7.0 8.0
27 28 1 TRACE 11.0 7.0 7.0 8.0 7.0 7.0 8.0 7.0 8.0 8.0 8.0 8.0 8.0 8.0 8.0 7.0 7.0 8.0 8.0 8.0 7.0 7.0 8.0 7.0 8.0 8.0 7.0 7.0 8.0 7.0 8.0 8.0 8.0 7.0 7.0 7.0 8.0 8.0 8.0 8.0 8.0 7.0 8.0 8.0 7.0 7.0 8.0 8.0 7.0 7.0 8.0 8.0 8.0 8.0 8.0 8.0 8.0 8.0 8.0 8.0 8.0 7.0 8.0 8.0 8.0 7.0 8.0 8.0 8.0 8.0 8.0 7.0 7.0 7.0 8.0 7.0 8.0 8.0 8.0 7.0 8.0 8.0 7.0 8.0 7.0 8.0 7.0 7.0 8.0 8.0 8.0 8.0 7.0 12.0 7.0 8.0 7.0 7.0 8.0 7.0 7.0 7.0 8.0 8.0 8.0 7.0 8.0 7.0 8.0 7.0 8.0 7.0 7.0 7.0 8.0 7.0 7.0 7.0 7.0 8.0 7.0 7.0 8.0 8.0 8.0 7.0 8.0 8.0 8.0 8.0 7.0 8.0 8.0 8.0 8.0 8.0 8.0 8.0 8.0 8.0 7.0 7.0 8.0 7.0 7.0 8.0 8.0 7.0 8.0 8.0 8.0 7.0 12.0 7.0 7.0 7.0 8.0 7.0 7.0 8.0 8.0 8.0 7.0 7.0 8.0 8.0 8.0 7.0 7.0 7.0 7.0 8.0 7.0 7.0 8.0 8.0 8.0 8.0 8.0 7.0 8.0 7.0 8.0 7.0 8.0 8.0 7.0 7.0 7.0 7.0 8.0 8.0 7.0 8.0 7.0 7.0 7.0 8.0 8.0 8.0 7.0 7.0 8.0 8.0 8.0 8.0 8.0 8.0 8.0 8.0 8.0 7.0 8.0 8.0 8.0 8.0 7.0 8.0 7.0 7.0 8.0 8.0 8.0 8.0 7.0 8.0
28 29 1 TRACE 13.0 9.0 9.0 9.0 9.0 9.0 10.0 9.0 9.0 10.0 9.0 9.0 9.0 9.0 9.0 10.0 9.0 9.0 9.0 10.0 9.0 9.0 9.0 10.0 9.0 9.0 9.0 10.0 9.0 10.0 9.0 10.0 9.0 9.0 10.0 10.0 9.0 9.0 9.0 9.0 9.0 9.0 9.0 9.0 9.0 9.0 10.0 9.0 9.0 9.0 10.0 9.0 9.0 10.0 9.0 9.0 10.0 10.0 9.0 9.0 9.0 9.0 9.0 9.0 9.0 9.0 10.0 9.0 9.0 10.0 9.0 10.0 9.0 9.0 9.0 9.0 9.0 9.0 9.0 10.0 9.0 9.0 9.0 9.0 9.0 9.0 9.0 9.0 9.0 9.0 9.0 10.0 10.0 11.0 9.0 10.0 10.0 9.0 11.0 9.0 9.0 9.0 10.0 9.0 9.0 9.0 9.0 9.0 9.0 9.0 9.0 10.0 9.0 9.0 10.0 9.0 9.0 9.0 9.0 10.0 9.0 9.0 9.0 10.0 9.0 9.0 9.0 10.0 9.0 9.0 10.0 9.0 9.0 9.0 10.0 9.0 9.0 9.0 10.0 9.0 10.0 9.0 9.0 9.0 9.0 9.0 9.0 10.0 10.0 9.0 9.0 9.0 10.0 9.0 9.0 9.0 9.0 9.0 9.0 9.0 9.0 9.0 9.0 9.0 10.0 9.0 9.0 9.0 9.0 9.0 10.0 9.0 9.0 9.0 9.0 9.0 9.0 10.0 9.0 9.0 9.0 10.0 9.0 10.0 10.0 9.0 9.0 9.0 9.0 9.0 9.0 9.0 10.0 9.0 9.0 9.0 9.0 9.0 9.0 9.0 9.0 9.0 9.0 9.0 9.0 9.0 9.0 10.0 9.0 9.0 9.0 9.0 9.0 9.0 9.0 9.0 9.0 9.0 9.0 9.0 9.0 10.0 9.0 9.0 10.0 10.0
29 30 1 TRACE 22.0 20.0 26.0 19.0 22.0 19.0 16.0 19.0 11.0 18.0 19.0 18.0 20.0 19.0 20.0 19.0 20.0 19.0 19.0 20.0 19.0 19.0 19.0 19.0 53.0 19.0 21.0 19.0 63.0 18.0 21.0 25.0 20.0 97.0 18.0 20.0 19.0 19.0 106.0 19.0 20.0 14.0 19.0 19.0 19.0 19.0 19.0 19.0 18.0 19.0 17.0 20.0 20.0 16.0 19.0 18.0 18.0 18.0 56.0 19.0 18.0 19.0 19.0 20.0 19.0 18.0 18.0 19.0 19.0 14.0 19.0 24.0 19.0 18.0 19.0 19.0 18.0 20.0 18.0 18.0 19.0 18.0 65.0 18.0 19.0 19.0 20.0 58.0 19.0 20.0 19.0 17.0 22.0 14.0 19.0 19.0 19.0 19.0 14.0 21.0 19.0 22.0 19.0 28.0 19.0 19.0 20.0 64.0 18.0 18.0 19.0 18.0 62.0 19.0 18.0 21.0 20.0 19.0 19.0 18.0 17.0 20.0 20.0 18.0 19.0 18.0 20.0 21.0 19.0 20.0 20.0 26.0 66.0 26.0 63.0 18.0 19.0 67.0 13.0 19.0 19.0 21.0 19.0 20.0 19.0 18.0 17.0 18.0 19.0 18.0 18.0 19.0 12.0 19.0 19.0 20.0 21.0 20.0 17.0 20.0 17.0 17.0 19.0 19.0 20.0 16.0 25.0 20.0 19.0 18.0 18.0 67.0 18.0 19.0 17.0 18.0 18.0 18.0 19.0 19.0 21.0 20.0 21.0 19.0 21.0 18.0 18.0 18.0 20.0 20.0 19.0 19.0 20.0 18.0 27.0 22.0 22.0 21.0 20.0 21.0 18.0 19.0 19.0 19.0 18.0 20.0 20.0 20.0 19.0 20.0 21.0 18.0 19.0 20.0 19.0 18.0 20.0 20.0 19.0 19.0 19.0 19.0 20.0 21.0 19.0 17.0
30 31 1 TRACE 24.0 16.0 13.0 11.0 12.0 11.0 12.0 8.0 12.0 13.0 11.0 11.0 11.0 12.0 12.0 12.0 11.0 8.0 11.0 13.0 11.0 9.0 11.0 12.0 12.0 12.0 12.0 12.0 9.0 17.0 12.0 12.0 12.0 11.0 12.0 11.0 12.0 12.0 13.0 12.0 9.0 11.0 13.0 11.0 8.0 12.0 12.0 11.0 12.0 11.0 12.0 8.0 8.0 11.0 11.0 12.0 12.0 12.0 14.0 11.0 12.0 8.0 12.0 12.0 8.0 8.0 11.0 8.0 8.0 12.0 12.0 8.0 12.0 11.0 8.0 12.0 12.0 9.0 12.0 11.0 11.0 11.0 11.0 9.0 11.0 18.0 11.0 8.0 12.0 12.0 12.0 12.0 11.0 13.0 11.0 13.0 11.0 12.0 12.0 12.0 9.0 11.0 12.0 8.0 11.0 11.0 12.0 12.0 12.0 11.0 11.0 12.0 9.0 11.0 11.0 12.0 12.0 12.0 8.0 12.0 12.0 12.0 11.0 12.0 11.0 12.0 17.0 12.0 12.0 11.0 12.0 12.0 8.0 12.0 13.0 11.0 8.0 8.0 11.0 9.0 12.0 11.0 12.0 17.0 11.0 11.0 12.0 12.0 47.0 12.0 8.0 12.0 13.0 12.0 11.0 11.0 9.0 12.0 12.0 9.0 12.0 11.0 12.0 12.0 12.0 12.0 12.0 8.0 12.0 8.0 12.0 12.0 12.0 8.0 11.0 12.0 12.0 12.0 9.0 12.0 12.0 12.0 8.0 11.0 12.0 11.0 12.0 11.0 11.0 11.0 8.0 12.0 12.0 11.0 12.0 11.0 52.0 11.0 8.0 12.0 12.0 9.0 11.0 12.0 11.0 11.0 8.0 13.0 12.0 9.0 12.0 12.0 12.0 12.0 12.0 11.0 8.0 8.0 11.0 8.0 12.0 11.0 8.0 12.0 13.0 12.0
31 32 1 TRACE 16.0 11.0 11.0 10.0 11.0 10.0 11.0 11.0 11.0 11.0 11.0 10.0 10.0 11.0 11.0 11.0 10.0 11.0 11.0 11.0 11.0 11.0 11.0 11.0 11.0 11.0 11.0 11.0 11.0 10.0 10.0 11.0 10.0 10.0 11.0 11.0 11.0 11.0 11.0 11.0 10.0 11.0 11.0 11.0 11.0 11.0 11.0 11.0 11.0 11.0 10.0 10.0 10.0 11.0 10.0 11.0 11.0 11.0 11.0 10.0 11.0 10.0 11.0 11.0 11.0 10.0 11.0 11.0 10.0 11.0 11.0 10.0 11.0 11.0 11.0 11.0 12.0 11.0 11.0 11.0 10.0 10.0 10.0 11.0 11.0 12.0 11.0 11.0 11.0 11.0 10.0 11.0 11.0 11.0 11.0 11.0 11.0 11.0 11.0 11.0 10.0 11.0 11.0 11.0 11.0 11.0 11.0 11.0 11.0 11.0 11.0 11.0 10.0 11.0 16.0 11.0 11.0 11.0 10.0 11.0 11.0 11.0 11.0 11.0 11.0 11.0 12.0 11.0 11.0 10.0 11.0 11.0 10.0 11.0 11.0 11.0 11.0 11.0 11.0 12.0 11.0 10.0 11.0 11.0 11.0 11.0 11.0 11.0 11.0 10.0 11.0 11.0 11.0 10.0 10.0 10.0 10.0 11.0 11.0 10.0 11.0 11.0 10.0 11.0 10.0 12.0 10.0 10.0 11.0 11.0 10.0 11.0 11.0 10.0 11.0 11.0 11.0 11.0 10.0 10.0 11.0 11.0 11.0 11.0 10.0 11.0 11.0 11.0 11.0 11.0 10.0 11.0 11.0 11.0 11.0 11.0 11.0 11.0 11.0 11.0 11.0 11.0 10.0 11.0 11.0 11.0 10.0 11.0 11.0 10.0 11.0 11.0 11.0 11.0 11.0 11.0 11.0 10.0 11.0 11.0 11.0 11.0 11.0 11.0 10.0 11.0
32 33 1 TRACE 16.0 13.0 11.0 11.0 11.0 11.0 11.0 11.0 11.0 12.0 11.0 11.0 11.0 11.0 11.0 11.0 11.0 11.0 11.0 11.0 11.0 11.0 12.0 11.0 12.0 11.0 11.0 11.0 11.0 12.0 11.0 11.0 11.0 11.0 11.0 11.0 11.0 11.0 11.0 12.0 11.0 11.0 11.0 11.0 11.0 11.0 12.0 11.0 11.0 11.0 12.0 11.0 11.0 11.0 11.0 11.0 11.0 11.0 11.0 11.0 11.0 11.0 11.0 11.0 11.0 11.0 11.0 11.0 11.0 12.0 11.0 11.0 11.0 11.0 11.0 11.0 12.0 11.0 11.0 11.0 18.0 12.0 11.0 11.0 11.0 13.0 11.0 11.0 11.0 12.0 11.0 12.0 11.0 12.0 11.0 11.0 11.0 11.0 12.0 11.0 11.0 11.0 11.0 10.0 11.0 11.0 11.0 11.0 11.0 10.0 12.0 11.0 11.0 11.0 13.0 11.0 11.0 11.0 11.0 15.0 11.0 18.0 11.0 12.0 11.0 11.0 12.0 11.0 11.0 11.0 11.0 11.0 11.0 11.0 12.0 11.0 11.0 12.0 12.0 11.0 11.0 11.0 11.0 12.0 11.0 11.0 11.0 11.0 11.0 11.0 11.0 11.0 11.0 12.0 11.0 12.0 11.0 11.0 11.0 11.0 11.0 12.0 11.0 11.0 12.0 12.0 11.0 11.0 11.0 11.0 11.0 11.0 11.0 11.0 11.0 11.0 11.0 12.0 37.0 11.0 11.0 11.0 11.0 11.0 11.0 11.0 11.0 11.0 11.0 11.0 11.0 10.0 11.0 11.0 11.0 11.0 12.0 11.0 11.0 11.0 12.0 11.0 11.0 11.0 11.0 10.0 11.0 11.0 11.0 11.0 17.0 11.0 11.0 11.0 11.0 11.0 11.0 11.0 11.0 11.0 11.0 12.0 11.0 12.0 12.0 12.0
33 34 1 TRACE 343.0 335.0 3670.0 283.0 225.0 298.0 186.0 191.0 623.0 300.0 121.0 140.0 339.0 222.0 135.0 3168.0 279.0 219.0 257.0 4289.0 279.0 150.0 502.0 295.0 122.0 207.0 3249.0 268.0 245.0 161.0 3815.0 342.0 220.0 382.0 328.0 169.0 136.0 157.0 3599.0 278.0 276.0 276.0 4700.0 305.0 245.0 276.0 353.0 122.0 163.0 752.0 347.0 294.0 316.0 338.0 249.0 424.0 383.0 137.0 241.0 314.0 219.0 143.0 553.0 295.0 179.0 289.0 339.0 179.0 277.0 1842.0 278.0 193.0 3437.0 339.0 172.0 266.0 153.0 207.0 968.0 287.0 123.0 136.0 139.0 128.0 861.0 317.0 122.0 265.0 457.0 387.0 147.0 2131.0 277.0 185.0 474.0 304.0 122.0 178.0 240.0 219.0 287.0 784.0 286.0 148.0 260.0 520.0 290.0 124.0 176.0 1030.0 281.0 122.0 153.0 991.0 354.0 154.0 1019.0 359.0 190.0 317.0 281.0 160.0 505.0 296.0 122.0 122.0 292.0 315.0 167.0 470.0 298.0 121.0 279.0 587.0 289.0 122.0 178.0 282.0 225.0 175.0 3438.0 354.0 188.0 287.0 261.0 191.0 733.0 288.0 121.0 213.0 294.0 1473.0 345.0 232.0 258.0 219.0 329.0 877.0 349.0 234.0 301.0 124.0 228.0 574.0 386.0 123.0 257.0 368.0 370.0 239.0 239.0 219.0 131.0 158.0 288.0 194.0 378.0 330.0 143.0 874.0 357.0 122.0 159.0 280.0 4226.0 277.0 152.0 679.0 409.0 122.0 228.0 410.0 327.0 122.0 239.0 872.0 361.0 122.0 256.0 578.0 360.0 228.0 590.0 288.0 122.0 167.0 270.0 3373.0 278.0 172.0 511.0 356.0 124.0 253.0 394.0 197.0 176.0 339.0 200.0 332.0 332.0 281.0 303.0 407.0 317.0 123.0
34 35 1 TRACE 710.0 704.0 81.0 30.0 39.0 29.0 28.0 38.0 33.0 28.0 27.0 27.0 29.0 27.0 27.0 76.0 27.0 27.0 85.0 88.0 28.0 27.0 33.0 27.0 26.0 27.0 78.0 27.0 27.0 27.0 81.0 27.0 28.0 30.0 28.0 25.0 27.0 27.0 81.0 27.0 22.0 29.0 91.0 26.0 27.0 28.0 29.0 25.0 27.0 37.0 28.0 13.0 28.0 28.0 27.0 28.0 29.0 25.0 27.0 28.0 26.0 28.0 72.0 27.0 13.0 29.0 28.0 13.0 29.0 57.0 27.0 26.0 79.0 28.0 28.0 30.0 28.0 27.0 39.0 27.0 27.0 21.0 21.0 26.0 38.0 92.0 26.0 22.0 30.0 30.0 32.0 57.0 27.0 27.0 30.0 27.0 25.0 21.0 29.0 49.0 30.0 35.0 27.0 23.0 26.0 31.0 27.0 21.0 27.0 39.0 27.0 25.0 27.0 42.0 27.0 26.0 41.0 26.0 27.0 28.0 27.0 28.0 30.0 28.0 26.0 26.0 29.0 27.0 30.0 30.0 27.0 26.0 30.0 32.0 27.0 25.0 12.0 29.0 29.0 27.0 77.0 28.0 29.0 29.0 27.0 29.0 35.0 26.0 26.0 13.0 42.0 48.0 28.0 22.0 35.0 27.0 31.0 38.0 28.0 21.0 29.0 27.0 29.0 33.0 28.0 26.0 12.0 29.0 29.0 27.0 29.0 27.0 12.0 31.0 27.0 27.0 30.0 29.0 27.0 44.0 27.0 25.0 26.0 27.0 87.0 26.0 26.0 47.0 28.0 27.0 21.0 29.0 27.0 27.0 27.0 44.0 27.0 26.0 21.0 31.0 27.0 27.0 31.0 27.0 32.0 13.0 29.0 79.0 27.0 72.0 33.0 27.0 26.0 22.0 29.0 29.0 12.0 30.0 27.0 27.0 30.0 27.0 28.0 30.0 27.0 27.0
35 36 1 TRACE 65.0 27.0 130.0 23.0 55.0 25.0 24.0 24.0 38.0 24.0 24.0 24.0 24.0 24.0 27.0 121.0 23.0 23.0 25.0 153.0 24.0 22.0 39.0 24.0 24.0 23.0 128.0 24.0 23.0 27.0 136.0 25.0 24.0 29.0 24.0 24.0 19.0 24.0 134.0 23.0 19.0 24.0 151.0 24.0 23.0 27.0 24.0 23.0 24.0 45.0 26.0 12.0 25.0 25.0 24.0 28.0 23.0 24.0 23.0 27.0 23.0 23.0 35.0 24.0 11.0 23.0 24.0 11.0 24.0 84.0 23.0 23.0 132.0 24.0 24.0 26.0 23.0 24.0 48.0 25.0 23.0 19.0 19.0 22.0 48.0 26.0 24.0 19.0 29.0 25.0 25.0 88.0 23.0 24.0 29.0 23.0 24.0 19.0 28.0 24.0 23.0 43.0 24.0 19.0 23.0 33.0 36.0 18.0 23.0 50.0 24.0 24.0 22.0 56.0 24.0 24.0 53.0 24.0 23.0 25.0 24.0 24.0 31.0 24.0 23.0 23.0 26.0 24.0 26.0 30.0 24.0 24.0 23.0 35.0 24.0 24.0 10.0 26.0 24.0 22.0 133.0 23.0 24.0 23.0 24.0 24.0 41.0 24.0 24.0 11.0 24.0 65.0 24.0 19.0 27.0 24.0 23.0 47.0 25.0 18.0 25.0 24.0 23.0 39.0 23.0 24.0 11.0 23.0 24.0 23.0 26.0 23.0 11.0 24.0 24.0 25.0 29.0 23.0 69.0 60.0 24.0 23.0 23.0 24.0 148.0 23.0 24.0 41.0 24.0 24.0 18.0 29.0 24.0 24.0 23.0 59.0 24.0 32.0 18.0 33.0 24.0 23.0 34.0 24.0 24.0 12.0 23.0 134.0 24.0 23.0 37.0 23.0 24.0 18.0 73.0 24.0 11.0 25.0 24.0 23.0 35.0 24.0 23.0 29.0 23.0 24.0
36 37 1 TRACE 38.0 102.0 2024.0 23.0 19.0 58.0 20.0 39.0 199.0 24.0 19.0 20.0 47.0 63.0 25.0 1742.0 86.0 21.0 30.0 1995.0 21.0 20.0 237.0 24.0 19.0 43.0 1786.0 25.0 21.0 25.0 1633.0 21.0 21.0 99.0 55.0 19.0 21.0 32.0 1959.0 81.0 18.0 92.0 1980.0 20.0 21.0 87.0 30.0 19.0 22.0 439.0 23.0 17.0 32.0 22.0 20.0 121.0 26.0 19.0 21.0 66.0 19.0 27.0 238.0 25.0 33.0 32.0 23.0 33.0 23.0 1131.0 22.0 25.0 1741.0 22.0 20.0 52.0 20.0 21.0 401.0 23.0 35.0 20.0 27.0 21.0 485.0 23.0 19.0 19.0 96.0 38.0 93.0 1090.0 148.0 47.0 104.0 27.0 19.0 22.0 53.0 39.0 22.0 361.0 24.0 18.0 20.0 214.0 25.0 20.0 23.0 480.0 23.0 19.0 22.0 619.0 23.0 23.0 400.0 26.0 21.0 46.0 19.0 52.0 178.0 26.0 19.0 20.0 135.0 83.0 20.0 129.0 28.0 18.0 22.0 183.0 27.0 19.0 47.0 52.0 20.0 31.0 1654.0 22.0 20.0 42.0 20.0 21.0 293.0 24.0 18.0 25.0 25.0 762.0 23.0 20.0 50.0 21.0 21.0 383.0 23.0 28.0 53.0 20.0 34.0 251.0 24.0 28.0 45.0 29.0 20.0 21.0 52.0 20.0 35.0 33.0 21.0 25.0 110.0 39.0 21.0 497.0 24.0 19.0 20.0 85.0 2097.0 21.0 20.0 319.0 23.0 19.0 19.0 90.0 28.0 19.0 21.0 532.0 23.0 21.0 29.0 181.0 26.0 21.0 247.0 25.0 19.0 19.0 37.0 1690.0 46.0 22.0 219.0 25.0 19.0 24.0 74.0 19.0 19.0 38.0 19.0 20.0 52.0 21.0 21.0 156.0 82.0 20.0
37 38 1 TRACE 24.0 25.0 486.0 19.0 19.0 37.0 18.0 22.0 121.0 19.0 18.0 22.0 33.0 19.0 22.0 435.0 20.0 19.0 24.0 509.0 19.0 19.0 91.0 20.0 19.0 26.0 442.0 19.0 19.0 22.0 463.0 20.0 26.0 53.0 20.0 19.0 21.0 21.0 472.0 20.0 19.0 26.0 520.0 20.0 20.0 41.0 20.0 19.0 19.0 134.0 61.0 18.0 25.0 19.0 20.0 55.0 21.0 27.0 19.0 39.0 19.0 19.0 84.0 20.0 18.0 26.0 19.0 18.0 20.0 264.0 20.0 21.0 465.0 19.0 19.0 34.0 19.0 20.0 128.0 20.0 20.0 19.0 41.0 20.0 134.0 20.0 19.0 18.0 52.0 32.0 24.0 283.0 20.0 20.0 56.0 20.0 19.0 20.0 36.0 19.0 20.0 119.0 20.0 18.0 19.0 82.0 19.0 20.0 21.0 135.0 20.0 19.0 21.0 188.0 20.0 20.0 135.0 20.0 19.0 32.0 20.0 20.0 73.0 20.0 18.0 20.0 47.0 21.0 19.0 59.0 20.0 18.0 19.0 77.0 20.0 19.0 18.0 36.0 19.0 23.0 452.0 18.0 19.0 26.0 19.0 20.0 112.0 20.0 18.0 20.0 22.0 211.0 20.0 20.0 34.0 19.0 20.0 124.0 20.0 18.0 71.0 20.0 20.0 128.0 21.0 19.0 26.0 24.0 19.0 20.0 36.0 19.0 18.0 26.0 19.0 20.0 52.0 20.0 42.0 151.0 20.0 19.0 19.0 23.0 516.0 19.0 19.0 111.0 20.0 19.0 19.0 51.0 27.0 19.0 20.0 155.0 20.0 20.0 18.0 78.0 20.0 19.0 89.0 20.0 19.0 19.0 22.0 454.0 20.0 20.0 91.0 20.0 19.0 20.0 40.0 19.0 18.0 30.0 19.0 18.0 32.0 20.0 20.0 52.0 21.0 56.0
38 39 1 TRACE 21.0 16.0 18.0 19.0 15.0 17.0 16.0 19.0 18.0 16.0 16.0 15.0 16.0 15.0 16.0 18.0 16.0 16.0 16.0 17.0 17.0 16.0 17.0 24.0 58.0 16.0 18.0 15.0 16.0 15.0 17.0 17.0 15.0 17.0 16.0 16.0 15.0 16.0 17.0 17.0 15.0 16.0 18.0 17.0 15.0 17.0 15.0 16.0 15.0 17.0 17.0 15.0 17.0 15.0 16.0 17.0 18.0 17.0 15.0 17.0 15.0 14.0 18.0 15.0 24.0 17.0 15.0 15.0 16.0 18.0 16.0 16.0 21.0 15.0 16.0 16.0 16.0 15.0 17.0 15.0 17.0 55.0 15.0 15.0 17.0 16.0 15.0 15.0 17.0 16.0 16.0 58.0 15.0 16.0 17.0 15.0 16.0 15.0 17.0 16.0 16.0 17.0 15.0 15.0 15.0 17.0 17.0 16.0 15.0 17.0 16.0 16.0 15.0 22.0 16.0 16.0 17.0 16.0 16.0 16.0 16.0 14.0 17.0 59.0 16.0 15.0 17.0 15.0 16.0 18.0 15.0 16.0 16.0 17.0 16.0 17.0 15.0 16.0 15.0 16.0 17.0 15.0 15.0 17.0 16.0 16.0 16.0 16.0 17.0 15.0 14.0 17.0 16.0 16.0 17.0 15.0 16.0 17.0 15.0 15.0 17.0 16.0 16.0 19.0 15.0 18.0 17.0 16.0 15.0 16.0 16.0 15.0 15.0 16.0 15.0 16.0 17.0 14.0 15.0 17.0 16.0 16.0 16.0 16.0 17.0 16.0 16.0 17.0 15.0 17.0 15.0 17.0 16.0 17.0 23.0 17.0 16.0 17.0 14.0 17.0 16.0 16.0 16.0 16.0 16.0 15.0 16.0 17.0 16.0 15.0 17.0 16.0 17.0 15.0 17.0 14.0 14.0 16.0 15.0 16.0 17.0 16.0 16.0 18.0 15.0 18.0
39 25 1 TRACE 14.0 13.0 12.0 54.0 13.0 12.0 12.0 13.0 13.0 13.0 14.0 14.0 12.0 13.0 12.0 12.0 13.0 13.0 12.0 13.0 12.0 13.0 13.0 12.0 13.0 26.0 12.0 12.0 14.0 12.0 12.0 12.0 13.0 13.0 13.0 15.0 12.0 12.0 12.0 12.0 13.0 12.0 13.0 13.0 17.0 12.0 12.0 12.0 13.0 13.0 13.0 12.0 12.0 12.0 15.0 13.0 13.0 13.0 13.0 13.0 12.0 13.0 13.0 12.0 12.0 13.0 13.0 12.0 12.0 15.0 12.0 13.0 13.0 12.0 12.0 12.0 13.0 13.0 12.0 13.0 12.0 12.0 12.0 13.0 13.0 12.0 12.0 13.0 13.0 12.0 13.0 13.0 12.0 13.0 12.0 12.0 13.0 57.0
39 40 1 TRACE 24.0 18.0 22.0 18.0 19.0 21.0 25.0 18.0 18.0 18.0 19.0 18.0 18.0 18.0 18.0 17.0 17.0 18.0 19.0 19.0 18.0 18.0 18.0 18.0 18.0 21.0 18.0 20.0 17.0 18.0 18.0 19.0 24.0 18.0 18.0 18.0 18.0 18.0 19.0 18.0 17.0 18.0 18.0 54.0 17.0 18.0 20.0 17.0 18.0 18.0 19.0 18.0 18.0 17.0 19.0 18.0 18.0 18.0 20.0 55.0 18.0 18.0 18.0 23.0
39 51 1 TRACE 24.0 18.0 25.0 18.0 19.0 18.0 19.0 17.0 18.0 18.0 18.0 17.0 19.0 19.0 18.0 18.0 18.0 19.0 18.0 18.0 18.0 18.0 18.0 19.0 18.0 18.0 19.0 18.0 18.0 18.0 18.0 18.0 18.0 18.0 18.0 19.0 18.0 20.0 19.0 18.0 18.0 21.0 18.0 18.0 18.0 19.0 18.0 18.0 18.0 19.0 18.0 17.0 19.0 18.0 18.0 19.0 19.0 18.0 18.0 18.0 18.0 18.0 19.0 19.0
40 41 1 TRACE 786.0 211.0 279.0 207.0 721.0 825.0 284.0 746.0 784.0 233.0 769.0 822.0 218.0 386.0 199.0 237.0 214.0 328.0 200.0 543.0 756.0 209.0 341.0 411.0 239.0 589.0 237.0 264.0 365.0 270.0 355.0 429.0 389.0 207.0 258.0 230.0 242.0 260.0 210.0 757.0 202.0 312.0 465.0 209.0 382.0 210.0 278.0 199.0 211.0 200.0 228.0 415.0 815.0 307.0 230.0 421.0 290.0 281.0 756.0 340.0 215.0 204.0 207.0 232.0
41 42 1 TRACE 17.0 11.0 10.0 12.0 11.0 10.0 10.0 11.0 11.0 10.0 12.0 11.0 11.0 11.0 12.0 11.0 11.0 12.0 10.0 11.0 12.0 11.0 10.0 12.0 11.0 15.0 12.0 11.0 11.0 11.0 11.0 11.0 12.0 11.0 11.0 13.0 11.0 10.0 11.0 11.0 11.0 12.0 12.0 11.0 12.0 11.0 11.0 11.0 12.0 11.0 10.0 11.0 11.0 10.0 10.0 12.0 11.0 11.0 12.0 11.0 11.0 11.0 12.0 11.0 10.0 12.0 13.0 11.0 11.0 11.0 10.0 11.0 12.0 11.0 11.0 12.0 15.0 11.0 12.0 11.0 11.0 12.0 11.0 10.0 11.0 10.0 11.0 13.0 10.0 10.0 11.0 12.0 11.0 11.0 12.0 11.0 11.0 12.0 11.0 10.0 12.0 11.0 11.0 12.0 11.0 11.0 11.0 11.0 10.0 10.0 12.0 11.0 10.0 12.0 11.0 10.0 12.0 10.0 10.0 12.0 11.0 11.0 12.0 11.0 11.0 10.0 11.0 11.0 10.0 12.0 11.0 11.0 11.0 12.0 11.0 10.0 12.0 11.0 11.0 12.0 11.0 11.0 11.0 13.0 11.0 11.0 12.0 11.0 11.0 10.0 12.0 10.0 11.0 11.0 11.0 11.0 10.0 12.0 11.0 11.0 10.0 12.0 10.0 11.0 10.0 12.0 11.0 11.0 12.0 11.0 11.0 12.0 11.0 10.0 12.0 11.0 10.0 11.0 10.0 11.0 12.0 11.0 10.0 12.0 11.0 11.0 12.0 11.0 11.0 12.0 11.0 11.0 12.0 11.0 10.0 12.0 11.0 11.0 11.0 11.0 11.0 11.0 11.0 12.0 11.0 10.0 11.0 12.0 10.0 10.0
42 43 1 TRACE 15.0 10.0 10.0 10.0 10.0 10.0 10.0 10.0 10.0 10.0 10.0 10.0 10.0 10.0 10.0 10.0 10.0 10.0 10.0 10.0 10.0 10.0 10.0 10.0 10.0 10.0 11.0 10.0 10.0 10.0 10.0 10.0 11.0 10.0 9.0 10.0 10.0 10.0 10.0 10.0 10.0 10.0 10.0 10.0 10.0 10.0 10.0 10.0 10.0 10.0 10.0 10.0 9.0 10.0 9.0 11.0 10.0 10.0 10.0 10.0 10.0 10.0 10.0 10.0 10.0 10.0 11.0 10.0 12.0 10.0 10.0 9.0 10.0 10.0 10.0 10.0 10.0 10.0 10.0 10.0 10.0 10.0 10.0 10.0 10.0 10.0 10.0 11.0 10.0 10.0 9.0 15.0 10.0 9.0 10.0 10.0 9.0 10.0 9.0 10.0 10.0 10.0 10.0 10.0 10.0 10.0 10.0 10.0 10.0 10.0 10.0 10.0 10.0 11.0 9.0 10.0 10.0 10.0 10.0 10.0 10.0 10.0 10.0 9.0 9.0 10.0 10.0 9.0 10.0 10.0 10.0 10.0 10.0 10.0 10.0 10.0 10.0 10.0 10.0 10.0 10.0 10.0 10.0 10.0 10.0 10.0 9.0 10.0 10.0 10.0 10.0 10.0 10.0 9.0 10.0 10.0 10.0 10.0 10.0 9.0 10.0 10.0 10.0 9.0 10.0 10.0 10.0 9.0 10.0 10.0 10.0 10.0 10.0 10.0 10.0 10.0 10.0 10.0 10.0 9.0 11.0 10.0 10.0 11.0 10.0 10.0 10.0 10.0 10.0 10.0 10.0 10.0 10.0 10.0 10.0 9.0 10.0 10.0 10.0 10.0 10.0 10.0 10.0 10.0 10.0 10.0 10.0 10.0 10.0 10.0
43 44 1 TRACE 14.0 9.0 9.0 10.0 10.0 9.0 9.0 9.0 10.0 10.0 10.0 9.0 9.0 10.0 10.0 10.0 9.0 9.0 9.0 9.0 10.0 10.0 9.0 10.0 10.0 9.0 9.0 9.0 10.0 10.0 10.0 9.0 9.0 9.0 9.0 9.0 10.0 10.0 9.0 10.0 9.0 10.0 9.0 9.0 10.0 10.0 9.0 9.0 9.0 9.0 9.0 9.0 9.0 9.0 9.0 9.0 10.0 10.0 9.0 9.0 10.0 9.0 9.0 9.0 10.0 10.0 10.0 10.0 10.0 10.0 9.0 9.0 9.0 10.0 9.0 10.0 9.0 10.0 9.0 9.0 10.0 10.0 9.0 9.0 9.0 9.0 10.0 10.0 9.0 10.0 9.0 10.0 9.0 9.0 9.0 10.0 9.0 10.0 9.0 9.0 10.0 9.0 9.0 10.0 9.0 10.0 9.0 10.0 10.0 9.0 9.0 10.0 9.0 10.0 10.0 9.0 9.0 9.0 9.0 9.0 9.0 9.0 9.0 9.0 9.0 9.0 10.0 9.0 9.0 10.0 10.0 9.0 9.0 10.0 9.0 10.0 10.0 9.0 10.0 10.0 10.0 10.0 10.0 9.0 9.0 9.0 9.0 10.0 9.0 13.0 9.0 9.0 9.0 9.0 9.0 10.0 10.0 9.0 10.0 10.0 9.0 10.0 10.0 10.0 9.0 9.0 10.0 10.0 9.0 9.0 9.0 10.0 9.0 10.0 9.0 10.0 9.0 10.0 9.0 10.0 15.0 9.0 9.0 10.0 9.0 10.0 9.0 9.0 10.0 10.0 10.0 9.0 10.0 10.0 10.0 9.0 9.0 9.0 9.0 9.0 10.0 10.0 10.0 9.0 9.0 10.0 13.0 10.0 9.0 9.0
44 45 1 TRACE 78.0 47.0 34.0 37.0 49.0 34.0 40.0 84.0 35.0 34.0 78.0 37.0 48.0 35.0 81.0 35.0 36.0 37.0 34.0 34.0 59.0 34.0 42.0 39.0 34.0 33.0 35.0 33.0 33.0 110.0 35.0 34.0 36.0 35.0 35.0 91.0 35.0 33.0 116.0 35.0 35.0 57.0 41.0 34.0 123.0 39.0 33.0 33.0 100.0 34.0 35.0 36.0 35.0 34.0 34.0 35.0 36.0 40.0 37.0 50.0 37.0 33.0 59.0 36.0 80.0 57.0 34.0 33.0 36.0 34.0 35.0 34.0 37.0 34.0 34.0 37.0 36.0 40.0 97.0 36.0 35.0 36.0 59.0 44.0 111.0 35.0 34.0 39.0 36.0 36.0 34.0 34.0 35.0 34.0 38.0 31.0 39.0 83.0 35.0 34.0 36.0 34.0 37.0 62.0 34.0 34.0 36.0 34.0 33.0 34.0 36.0 34.0 34.0 36.0 35.0 36.0 43.0 34.0 35.0 35.0 35.0 34.0 37.0 35.0 35.0 34.0 39.0 39.0 36.0 123.0 35.0 37.0 87.0 47.0 34.0 50.0 47.0 34.0 36.0 37.0 35.0 35.0 34.0 36.0 34.0 35.0 38.0 35.0 34.0 27.0 97.0 78.0 34.0 124.0 36.0 34.0 34.0 40.0 33.0 34.0 57.0 37.0 35.0 35.0 41.0 37.0 34.0 34.0 39.0 35.0 37.0 49.0 35.0 34.0 100.0 46.0 41.0 40.0 35.0 79.0 30.0 37.0 35.0 71.0 34.0 34.0 92.0 34.0 35.0 37.0 35.0 34.0 48.0 35.0 35.0 107.0 35.0 35.0 35.0 109.0 93.0 34.0 35.0 110.0 35.0 40.0 28.0 110.0 43.0 37.0
45 46 1 TRACE 19.0 13.0 12.0 13.0 13.0 13.0 13.0 13.0 13.0 13.0 13.0 12.0 13.0 13.0 13.0 12.0 13.0 13.0 13.0 13.0 13.0 13.0 13.0 13.0 12.0 13.0 14.0 13.0 13.0 13.0 19.0 13.0 13.0 12.0 12.0 13.0 13.0 13.0 17.0 13.0 13.0 13.0 13.0 13.0 13.0 13.0 13.0 13.0 13.0 13.0 13.0 13.0 13.0 12.0 13.0 13.0 13.0 12.0 12.0 13.0 13.0 13.0 13.0 13.0 13.0 14.0 13.0 13.0 13.0 13.0 13.0 13.0 13.0 13.0 18.0 13.0 13.0 13.0 13.0 13.0 13.0 13.0 14.0 13.0 13.0 13.0 49.0 25.0 13.0 13.0 12.0 14.0 13.0 13.0 13.0 13.0 13.0 14.0 13.0 17.0 13.0 13.0 13.0 13.0 13.0 12.0 13.0 13.0 12.0 12.0 12.0 14.0 12.0 13.0 20.0 12.0 13.0 17.0 13.0 13.0 13.0 13.0 13.0 13.0 13.0 13.0 13.0 12.0 13.0 13.0 13.0 12.0 12.0 12.0 13.0 12.0 13.0 14.0 12.0 13.0 13.0 12.0 13.0 13.0 14.0 13.0 13.0 13.0 13.0 14.0 13.0 13.0 13.0 14.0 13.0 13.0 13.0 12.0 13.0 12.0 13.0 13.0 13.0 12.0 12.0 13.0 13.0 12.0 13.0 13.0 13.0 12.0 13.0 13.0 13.0 12.0 12.0 13.0 13.0 13.0 13.0 13.0 13.0 13.0 13.0 13.0 13.0 13.0 13.0 13.0 13.0 12.0 13.0 13.0 13.0 16.0 13.0 13.0 13.0 12.0 13.0 13.0 18.0 13.0 13.0 13.0 13.0 13.0 13.0 13.0
46 47 1 TRACE 2539.0 567.0 468.0 2991.0 1107.0 477.0 461.0 2562.0 750.0 519.0 2720.0 1130.0 481.0 467.0 1606.0 610.0 467.0 1553.0 509.0 466.0 2450.0 742.0 471.0 1655.0 522.0 469.0 1622.0 516.0 466.0 2843.0 886.0 475.0 1590.0 516.0 467.0 1549.0 504.0 472.0 2778.0 973.0 477.0 2036.0 632.0 469.0 2674.0 1465.0 494.0 467.0 2833.0 862.0 474.0 2790.0 996.0 460.0 460.0 2521.0 753.0 457.0 2676.0 1457.0 476.0 451.0 1652.0 561.0 452.0 1563.0 561.0 453.0 2742.0 1070.0 463.0 446.0 2089.0 663.0 468.0 2003.0 649.0 460.0 2796.0 892.0 459.0 1697.0 593.0 460.0 2800.0 856.0 467.0 2706.0 1041.0 458.0 453.0 2172.0 682.0 454.0 2509.0 764.0 452.0 2025.0 658.0 443.0 1828.0 616.0 454.0 2001.0 649.0 454.0 2708.0 1109.0 462.0 459.0 2678.0 783.0 455.0 2815.0 912.0 457.0 2781.0 797.0 458.0 2630.0 780.0 464.0 2742.0 1033.0 465.0 453.0 1651.0 506.0 461.0 2669.0 1241.0 471.0 462.0 2241.0 696.0 453.0 1731.0 586.0 456.0 2713.0 1089.0 464.0 463.0 2094.0 714.0 466.0 2735.0 1072.0 461.0 445.0 2523.0 752.0 456.0 2669.0 1554.0 490.0 454.0 2719.0 1033.0 462.0 450.0 2645.0 1376.0 477.0 452.0 2797.0 892.0 458.0 1904.0 659.0 451.0 1539.0 536.0 452.0 2260.0 703.0 456.0 2820.0 892.0 460.0 1890.0 645.0 454.0 2615.0 776.0 454.0 2447.0 744.0 454.0 1579.0 500.0 452.0 2392.0 734.0 452.0 2706.0 1036.0 468.0 453.0 2683.0 1170.0 513.0 457.0 2706.0 1079.0 469.0 440.0 2884.0 877.0 456.0
47 48 1 TRACE 14.0 11.0 9.0 11.0 9.0 10.0 9.0 11.0 8.0 11.0 8.0 11.0 9.0 28.0 9.0 11.0 8.0 11.0 9.0 10.0 9.0 11.0 8.0 11.0 8.0 11.0 8.0 10.0 9.0 11.0 8.0 11.0 8.0 11.0 9.0 11.0 8.0 16.0 9.0 45.0 9.0 11.0 8.0 11.0 9.0 10.0 9.0 11.0 9.0 11.0 8.0 10.0 9.0 11.0 9.0 11.0 9.0 10.0 9.0 11.0 9.0 11.0 8.0 10.0 9.0 12.0 8.0 11.0 9.0 11.0 9.0 11.0 9.0 11.0 9.0 11.0 8.0 11.0 9.0 11.0 8.0 53.0 9.0 11.0 9.0 11.0 9.0 11.0 9.0 11.0 9.0 11.0 9.0 15.0 8.0 11.0 9.0 11.0 9.0 11.0 8.0 11.0 9.0 11.0 8.0 11.0 9.0 10.0 8.0 11.0 9.0 12.0 8.0 11.0 8.0 11.0 8.0 11.0 9.0 11.0 9.0 11.0 9.0 11.0 8.0 11.0 8.0 10.0 8.0 11.0 9.0 11.0 9.0 10.0 8.0 10.0 9.0 11.0 9.0 11.0 8.0 11.0 9.0 11.0 9.0 11.0 9.0 10.0 8.0 10.0 9.0 11.0 8.0 11.0 9.0 11.0 9.0 11.0 9.0 10.0 8.0 11.0 9.0 11.0 8.0 11.0 8.0 10.0 9.0 11.0 8.0 11.0 8.0 11.0 8.0 11.0 9.0 11.0 8.0 10.0 8.0 56.0 9.0 11.0 9.0 11.0 9.0 11.0 9.0 11.0 9.0 10.0 9.0 11.0 8.0 11.0 9.0 10.0 8.0 10.0 9.0 12.0 9.0 11.0 9.0 10.0 10.0 11.0 9.0 11.0 9.0 10.0 9.0 11.0 9.0 11.0 9.0 11.0 8.0 11.0 9.0 11.0 8.0 11.0 8.0 11.0 9.0 11.0 9.0 10.0 8.0 10.0 9.0 11.0 9.0 11.0 8.0 10.0 9.0 11.0 9.0 11.0 12.0 11.0 9.0 12.0 9.0 11.0 9.0 10.0 9.0 11.0 9.0 11.0 9.0 10.0 9.0 11.0 9.0 12.0 9.0 12.0 9.0 11.0 8.0 10.0 9.0 11.0 8.0 11.0 8.0 11.0 9.0 11.0 9.0 11.0 8.0 11.0 9.0 11.0 9.0 11.0 8.0 10.0 9.0 11.0 9.0 11.0 9.0 11.0 8.0 11.0 9.0 11.0 9.0 10.0 9.0 10.0 8.0 11.0 8.0 11.0 9.0 11.0 8.0 11.0 9.0 11.0 9.0 11.0 9.0 11.0 8.0 11.0 9.0 11.0 9.0 12.0 9.0 10.0 9.0 11.0 9.0 15.0 9.0 11.0 8.0 11.0 9.0 11.0 9.0 11.0 8.0 11.0 9.0 10.0 9.0 11.0 9.0 11.0 8.0 11.0 9.0 11.0 8.0 11.0 9.0 11.0 8.0 12.0 9.0 11.0 8.0 11.0 9.0 11.0 8.0 10.0 8.0 11.0 9.0 11.0 9.0 11.0 9.0 11.0 9.0 11.0 9.0 11.0 8.0 10.0 8.0 11.0 9.0 11.0 8.0 11.0 9.0 11.0 9.0 10.0 9.0 11.0 9.0 11.0 8.0 11.0 9.0 11.0 9.0 12.0 9.0 11.0 9.0 11.0 8.0 10.0 9.0 11.0 8.0 16.0 9.0 11.0 9.0 10.0 9.0 11.0 9.0 11.0 9.0 11.0 9.0 11.0 9.0 11.0 9.0 11.0 9.0 10.0
48 49 1 TRACE 174.0 95.0 10.0 17.0 8.0 10.0 182.0 141.0 76.0 71.0 8.0 11.0 8.0 10.0 227.0 102.0 27.0 43.0 8.0 10.0 167.0 98.0 83.0 76.0 9.0 12.0 8.0 10.0 170.0 94.0 9.0 19.0 7.0 10.0 147.0 91.0 9.0 18.0 8.0 13.0 230.0 102.0 26.0 41.0 8.0 10.0 165.0 93.0 9.0 18.0 7.0 10.0 162.0 108.0 9.0 18.0 7.0 10.0 210.0 108.0 47.0 58.0 8.0 11.0 160.0 92.0 9.0 18.0 8.0 9.0 147.0 92.0 9.0 17.0 7.0 10.0 197.0 102.0 60.0 65.0 9.0 13.0 230.0 100.0 17.0 32.0 7.0 10.0 126.0 89.0 126.0 87.0 9.0 14.0 8.0 10.0 216.0 100.0 44.0 55.0 8.0 12.0 210.0 97.0 67.0 71.0 8.0 11.0 7.0 9.0 227.0 101.0 28.0 44.0 7.0 10.0 130.0 90.0 120.0 86.0 8.0 13.0 7.0 10.0 208.0 98.0 11.0 22.0 8.0 10.0 162.0 94.0 10.0 18.0 8.0 10.0 178.0 102.0 76.0 72.0 9.0 11.0 7.0 9.0 231.0 100.0 18.0 33.0 7.0 10.0 229.0 99.0 16.0 32.0 8.0 10.0 211.0 101.0 47.0 58.0 8.0 12.0 200.0 105.0 10.0 21.0 7.0 10.0 214.0 100.0 43.0 55.0 8.0 10.0 183.0 98.0 70.0 72.0 8.0 11.0 8.0 12.0 232.0 100.0 20.0 36.0 8.0 10.0 226.0 99.0 29.0 43.0 8.0 11.0 230.0 99.0 17.0 32.0 7.0 10.0 225.0 99.0 15.0 28.0 8.0 10.0 229.0 100.0 18.0 32.0 8.0 10.0 174.0 99.0 82.0 74.0 8.0 11.0 8.0 9.0 224.0 111.0 34.0 46.0 9.0 10.0 204.0 99.0 53.0 60.0 8.0 10.0 218.0 100.0 41.0 54.0 8.0 11.0 224.0 100.0 32.0 47.0 8.0 11.0 182.0 101.0 71.0 70.0 8.0 11.0 8.0 11.0 168.0 93.0 9.0 18.0 8.0 10.0 145.0 101.0 106.0 82.0 9.0 13.0 7.0 10.0 232.0 100.0 21.0 42.0 8.0 10.0 220.0 99.0 13.0 25.0 8.0 11.0 179.0 97.0 79.0 72.0 8.0 11.0 8.0 10.0 231.0 108.0 18.0 34.0 8.0 10.0 178.0 97.0 76.0 72.0 9.0 12.0 8.0 10.0 227.0 100.0 27.0 42.0 8.0 11.0 118.0 87.0 140.0 90.0 9.0 16.0 7.0 10.0 183.0 97.0 74.0 71.0 8.0 11.0 8.0 9.0 134.0 91.0 120.0 86.0 9.0 13.0 7.0 9.0 211.0 99.0 49.0 57.0 8.0 11.0 227.0 100.0 16.0 29.0 8.0 15.0 149.0 97.0 8.0 16.0 8.0 10.0 230.0 151.0 22.0 38.0 8.0 10.0 207.0 100.0 49.0 62.0 8.0 11.0 227.0 99.0 17.0 31.0 8.0 10.0 225.0 100.0 32.0 45.0 8.0 10.0 229.0 100.0 26.0 42.0 7.0 9.0 164.0 93.0 9.0 17.0 8.0 10.0 235.0 103.0 26.0 41.0 8.0 10.0 189.0 103.0 70.0 66.0 8.0 12.0 7.0 10.0 158.0 94.0 94.0 80.0 9.0 12.0 8.0 12.0 170.0 96.0 84.0 74.0 9.0 11.0 8.0 10.0 210.0 101.0 48.0 58.0 8.0 11.0
49 47 1 TRACE 1627.0 231.0 180.0 1968.0 647.0 189.0 180.0 1378.0 448.0 184.0 1997.0 677.0 191.0 179.0 777.0 241.0 180.0 769.0 221.0 178.0 1312.0 431.0 182.0 813.0 235.0 179.0 778.0 231.0 180.0 1602.0 557.0 184.0 802.0 232.0 180.0 762.0 221.0 179.0 1728.0 590.0 187.0 1090.0 367.0 181.0 2060.0 726.0 208.0 180.0 1548.0 526.0 184.0 1695.0 613.0 187.0 178.0 1307.0 464.0 183.0 2018.0 728.0 205.0 180.0 904.0 283.0 180.0 801.0 278.0 181.0 1846.0 636.0 192.0 179.0 1121.0 382.0 181.0 1072.0 375.0 181.0 1545.0 550.0 185.0 883.0 273.0 179.0 1535.0 544.0 184.0 1757.0 631.0 197.0 180.0 1146.0 401.0 181.0 1312.0 459.0 182.0 1065.0 373.0 182.0 987.0 338.0 181.0 1084.0 372.0 182.0 1874.0 662.0 240.0 180.0 1395.0 497.0 183.0 1613.0 570.0 185.0 1464.0 521.0 184.0 1386.0 486.0 185.0 1763.0 641.0 187.0 184.0 828.0 239.0 180.0 2051.0 701.0 200.0 179.0 1203.0 416.0 182.0 949.0 314.0 181.0 1801.0 653.0 190.0 179.0 1120.0 429.0 181.0 1809.0 644.0 191.0 179.0 1297.0 462.0 182.0 2002.0 762.0 269.0 178.0 1763.0 693.0 192.0 180.0 1982.0 730.0 205.0 179.0 1591.0 556.0 184.0 996.0 354.0 182.0 789.0 224.0 179.0 1207.0 418.0 182.0 1614.0 556.0 184.0 1020.0 383.0 186.0 1349.0 487.0 184.0 1271.0 448.0 183.0 830.0 234.0 180.0 1278.0 443.0 183.0 1735.0 607.0 190.0 179.0 1923.0 684.0 195.0 178.0 1854.0 652.0 243.0 180.0 1555.0 554.0 185.0
49 50 1 TRACE 192.0 39.0 28.0 109.0 83.0 25.0 26.0 106.0 62.0 25.0 105.0 88.0 25.0 25.0 126.0 30.0 25.0 100.0 31.0 25.0 106.0 56.0 26.0 102.0 29.0 25.0 100.0 30.0 25.0 106.0 74.0 25.0 100.0 29.0 25.0 100.0 29.0 28.0 110.0 103.0 26.0 106.0 81.0 25.0 105.0 98.0 33.0 31.0 106.0 113.0 25.0 106.0 87.0 36.0 34.0 148.0 60.0 88.0 102.0 148.0 38.0 29.0 105.0 47.0 34.0 102.0 31.0 26.0 106.0 85.0 34.0 44.0 104.0 49.0 26.0 106.0 51.0 25.0 105.0 106.0 33.0 117.0 32.0 39.0 105.0 70.0 30.0 111.0 85.0 31.0 30.0 106.0 51.0 39.0 150.0 99.0 83.0 106.0 53.0 82.0 105.0 41.0 29.0 108.0 49.0 32.0 106.0 88.0 38.0 24.0 109.0 64.0 32.0 106.0 75.0 38.0 105.0 130.0 33.0 106.0 64.0 26.0 106.0 84.0 33.0 25.0 102.0 29.0 25.0 107.0 113.0 25.0 26.0 119.0 79.0 28.0 104.0 39.0 25.0 104.0 87.0 26.0 58.0 108.0 51.0 26.0 104.0 86.0 26.0 69.0 116.0 61.0 24.0 97.0 99.0 28.0 25.0 134.0 86.0 71.0 25.0 97.0 105.0 26.0 25.0 106.0 75.0 25.0 106.0 45.0 24.0 101.0 30.0 24.0 106.0 54.0 31.0 107.0 75.0 25.0 116.0 45.0 25.0 113.0 62.0 26.0 106.0 60.0 25.0 102.0 30.0 24.0 107.0 58.0 26.0 107.0 82.0 26.0 25.0 104.0 92.0 25.0 25.0 106.0 90.0 25.0 70.0 105.0 73.0 25.0
50 25 1 TRACE 25.0 18.0 21.0 17.0 18.0 18.0 21.0 18.0 18.0 23.0 18.0 19.0 27.0 20.0 19.0 23.0 17.0 21.0 17.0 18.0 18.0 17.0 20.0 21.0 24.0 19.0 22.0 18.0 19.0 22.0 20.0 20.0 19.0 17.0 21.0 24.0 23.0 21.0 18.0 18.0 18.0 20.0 18.0 17.0 20.0 19.0 20.0 18.0 18.0 18.0 23.0 18.0 18.0 21.0 24.0 19.0 22.0 20.0 18.0 28.0 17.0 18.0 19.0 23.0
50 41 1 TRACE 10.0 9.0 10.0 9.0 9.0 9.0 9.0 9.0 9.0 9.0 9.0 9.0 9.0 9.0 9.0 9.0 9.0 9.0 9.0 9.0 10.0 9.0 9.0 9.0 10.0 9.0 9.0 9.0 10.0 9.0 9.0 9.0 10.0 9.0 9.0 9.0 9.0 9.0 9.0 9.0 10.0 10.0 9.0 9.0 9.0 12.0 10.0 9.0 9.0 9.0 10.0 9.0 9.0 9.0 10.0 10.0 10.0 9.0 9.0 10.0 9.0 9.0 9.0 9.0 9.0 10.0 9.0 9.0 9.0 9.0 9.0 9.0 9.0 9.0 10.0 9.0 9.0 9.0 9.0 9.0 9.0 9.0 9.0 9.0 9.0 10.0 9.0 9.0 9.0 9.0 10.0 9.0 9.0 9.0 9.0 10.0 9.0 9.0 9.0 10.0 9.0 10.0 9.0 9.0 9.0 9.0 9.0 9.0 9.0 9.0 10.0 9.0 10.0 9.0 9.0 10.0 9.0 10.0 8.0 10.0 9.0 9.0 9.0 9.0 9.0 9.0 9.0 10.0 10.0 10.0 9.0 9.0 9.0 9.0 9.0 9.0 9.0 9.0 9.0 9.0 9.0 9.0 9.0 10.0 9.0 9.0
51 52 1 TRACE 2555.0 2445.0 2433.0 2490.0 2423.0 2441.0 2433.0 2413.0 2418.0 2454.0 2445.0 2407.0 2466.0 2457.0 2427.0 2431.0 2477.0 2486.0 2434.0 2420.0 2450.0 2428.0 2418.0 2460.0 2419.0 2441.0 2484.0 2440.0 2426.0 2421.0 2459.0 2441.0 2408.0 2433.0 2456.0 2431.0 2425.0 2429.0 2435.0 2481.0 2430.0 2435.0 2424.0 2445.0 2437.0 2420.0 2445.0 2421.0 2417.0 2432.0 2519.0 2429.0 2456.0 2415.0 2420.0 2429.0 2424.0 2456.0 2426.0 2427.0 2435.0 2416.0 2449.0 2433.0
52 53 1 TRACE 63.0 58.0 58.0 56.0 58.0 56.0 59.0 56.0 56.0 56.0 57.0 56.0 56.0 56.0 62.0 55.0 57.0 57.0 57.0 56.0 57.0 56.0 56.0 61.0 57.0 57.0 57.0 60.0 56.0 56.0 56.0 57.0 57.0 56.0 56.0 57.0 56.0 64.0 56.0 58.0 56.0 57.0 57.0 56.0 56.0 56.0 56.0 56.0 61.0 56.0 56.0 56.0 57.0 57.0 56.0 56.0 57.0 57.0 57.0 56.0 56.0 56.0 56.0 56.0
53 54 1 TRACE 21.0 16.0 17.0 16.0 16.0 16.0 17.0 16.0 16.0 16.0 17.0 16.0 17.0 16.0 16.0 16.0 15.0 19.0 15.0 14.0 14.0 16.0 15.0 16.0 17.0 16.0 14.0 15.0 16.0 23.0 15.0 14.0 14.0 14.0 13.0 13.0 14.0 14.0 14.0 14.0 13.0 14.0 14.0 14.0 13.0 13.0 13.0 14.0 15.0 14.0 14.0 14.0 13.0 13.0 14.0 50.0 14.0 13.0 14.0 14.0 14.0 13.0 13.0 14.0
54 55 1 TRACE 46.0 22.0 35.0 21.0 20.0 20.0 21.0 20.0 21.0 21.0 20.0 21.0 21.0 20.0 20.0 21.0 20.0 20.0 24.0 22.0 20.0 20.0 37.0 20.0 23.0 20.0 22.0 34.0 20.0 20.0 20.0 21.0 21.0 20.0 21.0 20.0 32.0 20.0 21.0 20.0 20.0 21.0 21.0 21.0 21.0 20.0 20.0 19.0 20.0 19.0 20.0 21.0 21.0 20.0 21.0 21.0 19.0 19.0 21.0 19.0 20.0 19.0 21.0 19.0
55 56 1 TRACE 12.0 7.0 8.0 7.0 7.0 7.0 7.0 7.0 7.0 7.0 7.0 7.0 8.0 7.0 7.0 8.0 7.0 8.0 9.0 8.0 7.0 7.0 18.0 7.0 8.0 8.0 7.0 8.0 7.0 7.0 7.0 7.0 7.0 7.0 7.0 7.0 8.0 7.0 8.0 7.0 7.0 8.0 8.0 7.0 8.0 7.0 7.0 8.0 7.0 7.0 8.0 7.0 7.0 8.0 8.0 8.0 7.0 7.0 7.0 7.0 7.0 8.0 8.0 8.0
56 57 1 TRACE 10.0 7.0 7.0 7.0 7.0 7.0 8.0 7.0 7.0 7.0 7.0 7.0 6.0 7.0 7.0 7.0 7.0 7.0 7.0 7.0 7.0 7.0 7.0 7.0 7.0 7.0 7.0 7.0 7.0 7.0 7.0 7.0 7.0 7.0 7.0 7.0 7.0 7.0 7.0 7.0 7.0 7.0 6.0 7.0 7.0 7.0 7.0 7.0 7.0 7.0 7.0 7.0 7.0 7.0 7.0 7.0 7.0 7.0 7.0 7.0 7.0 7.0 7.0 7.0
57 58 1 TRACE 12.0 7.0 7.0 7.0 7.0 7.0 19.0 7.0 6.0 7.0 7.0 7.0 7.0 7.0 7.0 7.0 7.0 7.0 7.0 7.0 6.0 7.0 7.0 7.0 7.0 7.0 7.0 8.0 7.0 6.0 7.0 7.0 7.0 7.0 7.0 7.0 7.0 7.0 7.0 7.0 7.0 7.0 7.0 7.0 7.0 7.0 7.0 11.0 7.0 7.0 7.0 7.0 7.0 7.0 7.0 7.0 7.0 7.0 7.0 7.0 7.0 7.0 6.0 7.0
58 59 1 TRACE 16.0 8.0 9.0 8.0 8.0 8.0 9.0 9.0 8.0 9.0 8.0 8.0 8.0 8.0 8.0 8.0 8.0 8.0 21.0 8.0 8.0 9.0 21.0 8.0 8.0 8.0 9.0 21.0 8.0 8.0 8.0 8.0 8.0 8.0 9.0 8.0 8.0 8.0 8.0 8.0 8.0 8.0 8.0 8.0 8.0 8.0 8.0 8.0 8.0 8.0 8.0 7.0 8.0 7.0 8.0 8.0 8.0 7.0 8.0 7.0 7.0 7.0 8.0 8.0
59 60 1 TRACE 20.0 20.0 8.0 7.0 7.0 19.0 7.0 19.0 19.0 6.0 7.0 19.0 7.0 19.0 7.0 20.0 6.0 7.0 7.0 20.0 7.0 7.0 7.0 7.0 7.0 20.0 19.0 8.0 19.0 19.0 7.0 7.0 6.0 6.0 7.0 7.0 8.0 7.0 7.0 8.0 7.0 7.0 18.0 7.0 7.0 6.0 7.0 19.0 7.0 7.0 7.0 7.0 7.0 7.0 7.0 7.0 7.0 7.0 6.0 7.0 7.0 7.0 7.0 7.0
60 61 1 TRACE 7.0 7.0 18.0 19.0 19.0 8.0 19.0 7.0 7.0 19.0 20.0 7.0 8.0 8.0 8.0 7.0 20.0 19.0 7.0 7.0 8.0 8.0 7.0 20.0 19.0 8.0 8.0 7.0 7.0 7.0 19.0 20.0 20.0 20.0 20.0 8.0 8.0 19.0 8.0 20.0 20.0 20.0 8.0 19.0 20.0 8.0 20.0 8.0 19.0 19.0 19.0 19.0 20.0 8.0 20.0 19.0 20.0 19.0 20.0 19.0 19.0 19.0 19.0 20.0
61 62 1 TRACE 7.0 8.0 7.0 7.0 7.0 8.0 20.0 7.0 7.0 7.0 7.0 7.0 7.0 7.0 8.0 8.0 7.0 7.0 8.0 7.0 7.0 7.0 7.0 8.0 7.0 7.0 7.0 8.0 7.0 7.0 8.0 7.0 7.0 8.0 8.0 8.0 7.0 7.0 7.0 7.0 7.0 7.0 7.0 7.0 8.0 8.0 7.0 7.0 8.0 8.0 7.0 7.0 8.0 7.0 7.0 7.0 8.0 8.0 7.0 8.0 8.0 7.0 7.0 8.0
62 1 1 TRACE 21.0 31.0 31.0 18.0 18.0 18.0 19.0 18.0 18.0 19.0 18.0 18.0 18.0 18.0 19.0 19.0 18.0 18.0 32.0 19.0 20.0 18.0 31.0 19.0 21.0 18.0 18.0 32.0 18.0 18.0 18.0 18.0 18.0 19.0 19.0 19.0 32.0 18.0 19.0 18.0 19.0 19.0 19.0 19.0 18.0 19.0 19.0 24.0 18.0 36.0 18.0 18.0 19.0 18.0 19.0 18.0 18.0 18.0 18.0 18.0 18.0 18.0 19.0
