0 1 CONSTANT 8.0
1 1 CONSTANT 8.0
2 1 CONSTANT 0.0
3 1 CONSTANT 8.0
4 1 CONSTANT 8.0
5 1 CONSTANT 8.0
6 1 CONSTANT 8.0
7 1 CONSTANT 8.0
8 1 CONSTANT 8.0
9 1 CONSTANT 0.0
10 1 CONSTANT 0.0
11 1 CONSTANT 0.0
12 1 CONSTANT 0.0
13 1 CONSTANT 8.0
14 1 CONSTANT 4.0
15 1 CONSTANT 4.0
16 1 CONSTANT 0.0
17 1 CONSTANT 0.0
18 1 CONSTANT 0.0
19 1 CONSTANT 0.0
20 1 CONSTANT 4.0
21 1 CONSTANT 8.0
22 1 CONSTANT 8.0
23 1 CONSTANT 8.0
24 1 CONSTANT 8.0
25 1 CONSTANT 4.0
26 1 CONSTANT 4.0
27 1 CONSTANT 8.0
28 1 TRACE 0.0 0.0 580.0 84.0 0.0 0.0 1480.0 12.0 0.0 0.0 2652.0 16.0 4.0 60.0 372.0 4.0 4.0 0.0 196.0 192.0 4.0 0.0 0.0 608.0 120.0 0.0 0.0 52.0 0.0 0.0 104.0 288.0 4.0 0.0 0.0 52.0 300.0 0.0 0.0 0.0 2480.0 12.0 4.0 0.0 600.0 108.0 0.0 0.0 8.0 1488.0 12.0 0.0 0.0 1520.0 4.0 0.0 44.0 400.0 4.0 0.0 0.0 24.0 0.0 0.0 1808.0 16.0 0.0 4.0 2104.0 16.0 0.0 12.0 672.0 8.0 0.0 60.0 420.0 0.0 0.0 8.0 20.0 0.0 36.0 388.0 4.0 0.0 8.0 1572.0 12.0 0.0 0.0 220.0 232.0 0.0 4.0 72.0 348.0 4.0 0.0 0.0 1004.0 84.0 0.0 0.0 448.0 120.0 0.0 0.0 0.0 20.0 0.0 0.0 616.0 84.0 0.0 0.0 4.0 656.0 8.0 0.0 172.0 200.0 4.0 4.0 12.0 636.0 8.0 0.0 20.0 1016.0 4.0 0.0 0.0 3168.0 24.0 0.0 0.0 56.0 0.0 0.0 676.0 8.0 4.0 0.0 3028.0 24.0 0.0 0.0 64.0 0.0 0.0 32.0 0.0 0.0 3156.0 24.0 0.0 0.0 200.0 188.0 4.0 0.0 72.0 448.0 4.0 0.0 0.0 164.0 220.0 0.0 0.0 0.0 20.0 900.0 8.0 0.0 16.0 680.0 12.0 0.0 4.0 1160.0 8.0 0.0 0.0 196.0 200.0 4.0 0.0 0.0 64.0 0.0 4.0 2084.0 20.0 0.0 0.0 60.0 4.0 0.0 0.0 1336.0 4.0 0.0 0.0 1504.0 12.0 0.0 4.0 1324.0 8.0 0.0 0.0 84.0 404.0 4.0 0.0 4.0 48.0 0.0 0.0 24.0 0.0 164.0 208.0 4.0 0.0 0.0 3024.0 20.0 0.0 0.0 24.0 0.0 0.0 2816.0 24.0 0.0 80.0 416.0 4.0 0.0 0.0 24.0 0.0 0.0 176.0 244.0 0.0 0.0 0.0 192.0 152.0 4.0 0.0 4.0 36.0
29 1 CONSTANT 4.0
30 1 TRACE 0.0 0.0 580.0 84.0 0.0 0.0 1480.0 12.0 0.0 0.0 2652.0 16.0 4.0 60.0 372.0 4.0 4.0 0.0 196.0 192.0 4.0 0.0 0.0 608.0 120.0 0.0 0.0 52.0 0.0 0.0 104.0 288.0 4.0 0.0 0.0 52.0 300.0 0.0 0.0 0.0 2480.0 12.0 4.0 0.0 600.0 108.0 0.0 0.0 8.0 1488.0 12.0 0.0 0.0 1520.0 4.0 0.0 44.0 400.0 4.0 0.0 0.0 24.0 0.0 0.0 1808.0 16.0 0.0 4.0 2104.0 16.0 0.0 12.0 672.0 8.0 0.0 60.0 420.0 0.0 0.0 8.0 20.0 0.0 36.0 388.0 4.0 0.0 8.0 1572.0 12.0 0.0 0.0 220.0 232.0 0.0 4.0 72.0 348.0 4.0 0.0 0.0 1004.0 84.0 0.0 0.0 448.0 120.0 0.0 0.0 0.0 20.0 0.0 0.0 616.0 84.0 0.0 0.0 4.0 656.0 8.0 0.0 172.0 200.0 4.0 4.0 12.0 636.0 8.0 0.0 20.0 1016.0 4.0 0.0 0.0 3168.0 24.0 0.0 0.0 56.0 0.0 0.0 676.0 8.0 4.0 0.0 3028.0 24.0 0.0 0.0 64.0 0.0 0.0 32.0 0.0 0.0 3156.0 24.0 0.0 0.0 200.0 188.0 4.0 0.0 72.0 448.0 4.0 0.0 0.0 164.0 220.0 0.0 0.0 0.0 20.0 900.0 8.0 0.0 16.0 680.0 12.0 0.0 4.0 1160.0 8.0 0.0 0.0 196.0 200.0 4.0 0.0 0.0 64.0 0.0 4.0 2084.0 20.0 0.0 0.0 60.0 4.0 0.0 0.0 1336.0 4.0 0.0 0.0 1504.0 12.0 0.0 4.0 1324.0 8.0 0.0 0.0 84.0 404.0 4.0 0.0 4.0 48.0 0.0 0.0 24.0 0.0 164.0 208.0 4.0 0.0 0.0 3024.0 20.0 0.0 0.0 24.0 0.0 0.0 2816.0 24.0 0.0 80.0 416.0 4.0 0.0 0.0 24.0 0.0 0.0 176.0 244.0 0.0 0.0 0.0 192.0 152.0 4.0 0.0 4.0 36.0
31 1 CONSTANT 8.0
32 1 CONSTANT 8.0
33 1 CONSTANT 4.0
34 1 CONSTANT 0.0
35 1 CONSTANT 0.0
36 1 CONSTANT 8.0
37 1 CONSTANT 8.0
38 1 CONSTANT 8.0
39 1 TRACE 8.0 8.0 0.0 0.0 8.0 0.0 8.0 0.0 8.0 0.0 8.0 0.0 8.0 0.0 8.0 0.0 8.0 8.0 0.0 8.0 0.0 8.0 8.0 0.0 0.0 8.0 0.0 0.0 8.0 8.0 0.0 8.0 0.0 8.0 8.0 0.0 8.0 0.0 8.0 0.0 8.0 0.0 8.0 8.0 0.0 8.0 0.0 8.0 0.0 8.0 0.0 8.0 0.0 8.0 0.0 8.0 0.0 8.0 0.0 8.0 0.0 0.0 8.0 0.0 8.0 0.0 8.0 0.0 8.0 0.0 8.0 0.0 8.0 0.0 8.0 0.0 8.0 0.0 8.0 0.0 0.0 8.0 0.0 8.0 0.0 8.0 0.0 8.0 0.0 8.0 8.0 0.0 8.0 0.0 8.0 0.0 8.0 0.0 8.0 8.0 0.0 0.0 8.0 8.0 0.0 8.0 0.0 8.0 0.0 0.0 8.0 8.0 0.0 8.0 0.0 8.0 0.0 8.0 0.0 8.0 0.0 8.0 0.0 8.0 0.0 8.0 0.0 8.0 0.0 8.0 0.0 8.0 0.0 8.0 0.0 8.0 0.0 0.0 8.0 0.0 8.0 0.0 8.0 0.0 8.0 0.0 8.0 0.0 0.0 8.0 0.0 0.0 8.0 0.0 8.0 0.0 8.0 8.0 0.0 8.0 0.0 8.0 0.0 8.0 0.0 8.0 8.0 0.0 8.0 0.0 8.0 8.0 0.0 8.0 0.0 8.0 0.0 8.0 0.0 8.0 0.0 8.0 0.0 8.0 8.0 0.0 8.0 0.0 8.0 0.0 0.0 8.0 0.0 8.0 0.0 8.0 0.0 0.0 8.0 8.0 0.0 8.0 0.0 8.0 0.0 8.0 0.0 8.0 0.0 8.0 0.0 8.0 8.0 0.0 8.0 0.0 8.0 0.0 0.0 8.0 0.0 0.0 8.0 0.0 8.0 0.0 8.0 0.0 8.0 0.0 8.0 0.0 0.0 8.0 0.0 8.0 0.0 8.0 0.0 8.0 0.0 8.0 0.0 0.0 8.0 8.0 0.0 8.0 0.0 8.0 8.0 0.0 8.0 0.0 8.0 0.0 0.0
40 1 CONSTANT 8.0
41 1 CONSTANT 8.0
42 1 CONSTANT 8.0
43 1 CONSTANT 69312.0
44 1 CONSTANT 69304.0
45 1 CONSTANT 8.0
46 1 CONSTANT 69312.0
47 1 CONSTANT 4.0
48 1 TRACE 3383648.0 1297040.0 816160.0 599408.0 29472.0 29088.0 28192.0 27408.0 96.0 96.0 96.0 112.0 4503552.0 1329456.0 845136.0 618768.0 460160.0 379136.0 319856.0 278080.0 1456.0 1376.0 1424.0 1440.0 4014864.0 1250592.0 813168.0 599776.0 755824.0 559664.0 446480.0 370400.0 2704.0 2560.0 2240.0 2768.0 4680208.0 1384848.0 857472.0 619104.0 115648.0 111728.0 103280.0 98784.0 320.0 400.0 320.0 288.0 4073696.0 1350272.0 843488.0 613104.0 52112.0 52464.0 48528.0 47808.0 144.0 208.0 208.0 128.0 3303936.0 1278704.0 812432.0 595936.0 26816.0 27568.0 25040.0 25936.0 80.0 80.0 96.0 112.0 2186496.0 921392.0 654544.0 508048.0 2333472.0 1115632.0 739904.0 556448.0 12640.0 13376.0 12368.0 12528.0 48.0 64.0 80.0 80.0 4558160.0 1394768.0 858336.0 624304.0 91712.0 88432.0 83856.0 79872.0 208.0 352.0 288.0 320.0 4577808.0 1385984.0 853888.0 621008.0 96304.0 92912.0 88064.0 84064.0 240.0 304.0 304.0 304.0 4066368.0 1259344.0 813712.0 603216.0 716656.0 539424.0 432480.0 360464.0 2352.0 2400.0 2208.0 2560.0 3357456.0 1277568.0 807568.0 592336.0 28592.0 29296.0 27024.0 27008.0 96.0 112.0 144.0 128.0 4493408.0 1326064.0 843360.0 617088.0 461504.0 381216.0 322576.0 281440.0 1472.0 1456.0 1376.0 1648.0 4471072.0 1318208.0 841888.0 609904.0 469152.0 388576.0 327232.0 287056.0 1472.0 1440.0 1472.0 1408.0 4721968.0 1390848.0 863040.0 626992.0 123872.0 119792.0 109744.0 104432.0 400.0 560.0 336.0 384.0 3468624.0 1176416.0 773856.0 579184.0 1132304.0 742240.0 556544.0 444480.0 4144.0 4224.0 3984.0 4256.0 32.0 0.0 16.0 64.0 4339328.0 1306544.0 837456.0 614608.0 558768.0 440784.0 367936.0 313872.0 1760.0 1840.0 1712.0 1936.0 4198624.0 1279584.0 823360.0 604304.0 636544.0 494096.0 403264.0 340000.0 2160.0 2160.0 1920.0 2176.0 4810800.0 1383296.0 857616.0 624032.0 215792.0 196848.0 180816.0 164240.0 560.0 592.0 656.0 720.0 4731072.0 1387632.0 860048.0 622528.0 126528.0 122784.0 114480.0 108272.0 368.0 368.0 368.0 448.0 3496992.0 1184752.0 777984.0 587280.0 1112064.0 735552.0 551088.0 438608.0 4304.0 4096.0 3920.0 4512.0 16.0 16.0 16.0 16.0 4726752.0 1385264.0 859424.0 626096.0 127376.0 120464.0 113744.0 106016.0 368.0 368.0 400.0 320.0 4433072.0 1318032.0 837600.0 615456.0 497280.0 405392.0 341328.0 294304.0 1632.0 1648.0 1376.0 1712.0 4167520.0 1361872.0 846880.0 615824.0 57696.0 56608.0 54272.0 52704.0 192.0 256.0 192.0 192.0 4590320.0 1383600.0 855872.0 621392.0 99024.0 96496.0 89632.0 84976.0 240.0 320.0 320.0 352.0 2840576.0 1214944.0 784656.0 581296.0 18800.0 19264.0 18640.0 18336.0 64.0 112.0 112.0 160.0 3324912.0 1292512.0 821072.0 601696.0 26864.0 27840.0 26304.0 26112.0 96.0 48.0 144.0 112.0 3557664.0 1196096.0 791696.0 592864.0 1077312.0 718736.0 540800.0 431984.0 4096.0 4064.0 3856.0 3968.0 16.0 0.0 16.0 16.0 3229248.0 1280480.0 811152.0 596128.0 26016.0 26016.0 25136.0 25072.0 80.0 80.0 112.0 112.0 4809680.0 1384112.0 859808.0 623664.0 216352.0 198832.0 180688.0 165008.0 576.0 576.0 656.0 704.0 4065824.0 1356320.0 844880.0 614208.0 51904.0 52112.0 49728.0 48272.0 208.0 160.0 160.0 176.0 4815184.0 1374896.0 860048.0 619840.0 211728.0 194224.0 176000.0 164432.0 656.0 720.0 608.0 656.0 4688592.0 1349728.0 847264.0 617520.0 328512.0 284992.0 254752.0 225888.0 912.0 1024.0 928.0 1120.0 3868704.0 1234720.0 801440.0 596080.0 852592.0 610064.0 479584.0 393952.0 3168.0 2976.0 2640.0 3056.0 2387744.0 948912.0 656512.0 503424.0 2070944.0 1055648.0 715344.0 541200.0 10240.0 10816.0 9552.0 9984.0 48.0 32.0 64.0 80.0 4808896.0 1382848.0 858272.0 624128.0 223456.0 203504.0 185968.0 169408.0 592.0 624.0 736.0 752.0 3841360.0 1231280.0 798656.0 598576.0 865728.0 618144.0 483952.0 395472.0 2960.0 3312.0 2640.0 3088.0 2234032.0 937872.0 657136.0 517760.0 2293312.0 1107984.0 735504.0 552864.0 12224.0 12912.0 11696.0 12064.0 64.0 48.0 32.0 64.0 3284576.0 1141808.0 762336.0 569136.0 1266464.0 799840.0 587888.0 463760.0 5264.0 5264.0 4560.0 5136.0 32.0 0.0 48.0 64.0 3838688.0 1233744.0 808240.0 597696.0 870880.0 619296.0 484528.0 396832.0 3072.0 3072.0 2992.0 2960.0 4028912.0 1357648.0 842032.0 613408.0 49792.0 49568.0 47040.0 46880.0 160.0 160.0 208.0 208.0 4744432.0 1386864.0 859312.0 621296.0 135920.0 127744.0 121344.0 113392.0 432.0 432.0 384.0 400.0 4092528.0 1361440.0 844400.0 616368.0 52592.0 52128.0 50288.0 49936.0 192.0 208.0 192.0 208.0 4752912.0 1362688.0 855760.0 621664.0 293696.0 259008.0 230672.0 206352.0 928.0 832.0 784.0 864.0 4813664.0 1380720.0 858704.0 622064.0 211248.0 192720.0 176784.0 164000.0 656.0 736.0 688.0 512.0 4619952.0 1340288.0 847344.0 617264.0 387952.0 329904.0 285792.0 253024.0 1104.0 1104.0 1040.0 1264.0 4150080.0 1363584.0 845776.0 614576.0 57632.0 55216.0 52800.0 52928.0 176.0 240.0 208.0 192.0 2220816.0 943600.0 672512.0 522176.0 2314000.0 1108192.0 735600.0 550432.0 12688.0 13632.0 11584.0 12672.0 32.0 64.0 48.0 80.0 4269280.0 1293824.0 834928.0 610416.0 595472.0 466032.0 382816.0 326528.0 2208.0 1872.0 1680.0 1952.0 2238512.0 937920.0 669248.0 515008.0 2271968.0 1099072.0 731376.0 549856.0 12128.0 12288.0 12032.0 12224.0 48.0 16.0 48.0 96.0 4579088.0 1332384.0 850912.0 617696.0 414864.0 348912.0 298784.0 264576.0 1392.0 1392.0 1088.0 1200.0 4519552.0 1332912.0 846240.0 617232.0 446688.0 371136.0 315312.0 276688.0 1504.0 1408.0 1376.0 1456.0 4556000.0 1329408.0 844928.0 617856.0 426608.0 356144.0 308032.0 266608.0 1408.0 1392.0 1152.0 1408.0 4688432.0 1380224.0 854496.0 618960.0 118832.0 112864.0 106544.0 101792.0 336.0 400.0 320.0 384.0 2439760.0 977200.0 676224.0 511536.0 2017952.0 1040352.0 706240.0 538224.0 9584.0 10368.0 9600.0 9568.0 48.0 32.0 80.0 80.0 3436464.0 1179536.0 777904.0 585152.0 1163488.0 754544.0 561456.0 447808.0 4288.0 4512.0 4144.0 4576.0 32.0 0.0 32.0 48.0 4207072.0 1368560.0 848496.0 615408.0 59328.0 58768.0 56080.0 55728.0 208.0 272.0 224.0 176.0 3845088.0 1224064.0 802032.0 593216.0 862544.0 619664.0 481184.0 394944.0 2944.0 3056.0 2800.0 2944.0 3521536.0 1186160.0 782176.0 587136.0 1096192.0 728560.0 543872.0 435616.0 3792.0 4000.0 3824.0 4016.0 32.0 0.0 16.0 48.0 3910768.0 1244416.0 807952.0 598304.0 821520.0 594144.0 467040.0 385168.0 2848.0 2800.0 2480.0 2944.0 4748480.0 1392448.0 862784.0 623088.0 128752.0 125280.0 114944.0 110304.0 400.0 480.0 368.0 384.0 3661120.0 1205008.0 794288.0 592112.0 994672.0 681728.0 519600.0 419232.0 3440.0 3616.0 3200.0 3712.0 32.0 16.0 32.0 16.0 4223168.0 1372112.0 852672.0 619888.0 59936.0 61360.0 55392.0 55824.0 240.0 224.0 256.0 224.0 3912144.0 1350848.0 839776.0 611248.0 45232.0 45152.0 42560.0 41792.0 96.0 176.0 208.0 208.0 3486064.0 1167296.0 781760.0 587120.0 1123584.0 740992.0 552896.0 440144.0 3984.0 4192.0 3568.0 4480.0 32.0 0.0 48.0 48.0
49 1 TRACE 69312.0 69312.0 69320.0 8.0 69312.0 69312.0 69320.0 8.0 69312.0 69312.0 69320.0 8.0 69312.0 69312.0 69320.0 8.0 69312.0 69312.0 69320.0 8.0 69312.0 69312.0 69320.0 8.0 69312.0 69312.0 69320.0 8.0 69312.0 69312.0 69320.0 8.0 69312.0 69312.0 69320.0 8.0 69312.0 69312.0 69320.0 8.0 69312.0 69312.0 69320.0 8.0 69312.0 69312.0 69320.0 8.0 69312.0 69312.0 69320.0 8.0 69312.0 69312.0 69320.0 8.0 69312.0 69312.0 69320.0 8.0 69312.0 69312.0 69320.0 8.0 69312.0 69312.0 69320.0 8.0 69312.0 69312.0 69320.0 8.0 69312.0 69312.0 69320.0 8.0 69312.0 69312.0 69320.0 8.0 69312.0 69312.0 69320.0 8.0 69312.0 69312.0 69320.0 8.0 69312.0 69312.0 69320.0 8.0 69312.0 69312.0 69320.0 8.0 69312.0 69312.0 69320.0 8.0 69312.0 69312.0 69320.0 8.0 69312.0 69312.0 69320.0 8.0 69312.0 69312.0 69320.0 8.0 69312.0 69312.0 69320.0 8.0 69312.0 69312.0 69320.0 8.0 69312.0 69312.0 69320.0 8.0 69312.0 69312.0 69320.0 8.0 69312.0 69312.0 69320.0 8.0 69312.0 69312.0 69320.0 8.0 69312.0 69312.0 69320.0 8.0 69312.0 69312.0 69320.0 8.0 69312.0 69312.0 69320.0 8.0 69312.0 69312.0 69320.0 8.0 69312.0 69312.0 69320.0 8.0 69312.0 69312.0 69320.0 8.0 69312.0 69312.0 69320.0 8.0 69312.0 69312.0 69320.0 8.0 69312.0 69312.0 69320.0 8.0 69312.0 69312.0 69320.0 8.0 69312.0 69312.0 69320.0 8.0 69312.0 69312.0 69320.0 8.0 69312.0 69312.0 69320.0 8.0 69312.0 69312.0 69320.0 8.0 69312.0 69312.0 69320.0 8.0 69312.0 69312.0 69320.0 8.0 69312.0 69312.0 69320.0 8.0 69312.0 69312.0 69320.0 8.0 69312.0 69312.0 69320.0 8.0 69312.0 69312.0 69320.0 8.0 69312.0 69312.0 69320.0 8.0 69312.0 69312.0 69320.0 8.0 69312.0 69312.0 69320.0 8.0 69312.0 69312.0 69320.0 8.0 69312.0 69312.0 69320.0 8.0 69312.0 69312.0 69320.0 8.0 69312.0 69312.0 69320.0 8.0 69312.0 69312.0 69320.0 8.0 69312.0 69312.0 69320.0 8.0 69312.0 69312.0 69320.0 8.0 69312.0 69312.0 69320.0 8.0 69312.0 69312.0 69320.0 8.0 69312.0 69312.0 69320.0 8.0 69312.0 69312.0 69320.0 8.0 69312.0 69312.0 69320.0 8.0 69312.0 69312.0 69320.0 8.0 69312.0 69312.0 69320.0 8.0 69312.0 69312.0 69320.0 8.0 69312.0 69312.0 69320.0 8.0 69312.0 69312.0 69320.0 8.0 69312.0 69312.0 69320.0 8.0 69312.0 69312.0 69320.0 8.0 69312.0 69312.0 69320.0 8.0 69312.0 69312.0 69320.0 8.0 69312.0 69312.0 69320.0 8.0 69312.0 69312.0 69320.0 8.0 69312.0 69312.0 69320.0 8.0 69312.0 69312.0 69320.0 8.0 69312.0 69312.0 69320.0 8.0 69312.0 69312.0 69320.0 8.0 69312.0 69312.0 69320.0 8.0 69312.0 69312.0 69320.0 8.0 69312.0 69312.0 69320.0 8.0 69312.0 69312.0 69320.0 8.0 69312.0 69312.0 69320.0 8.0 69312.0 69312.0 69320.0 8.0 69312.0 69312.0 69320.0 8.0 69312.0 69312.0 69320.0 8.0 69312.0 69312.0 69320.0 8.0 69312.0 69312.0 69320.0 8.0 69312.0 69312.0 69320.0 8.0 69312.0 69312.0 69320.0 8.0 69312.0 69312.0 69320.0 8.0 69312.0 69312.0 69320.0 8.0 69312.0 69312.0 69320.0 8.0 69312.0 69312.0 69320.0 8.0 69312.0 69312.0 69320.0 8.0 69312.0 69312.0 69320.0 8.0 69312.0 69312.0 69320.0 8.0 69312.0 69312.0 69320.0 8.0 69312.0 69312.0 69320.0 8.0 69312.0 69312.0 69320.0 8.0 69312.0 69312.0 69320.0 8.0 69312.0 69312.0 69320.0 8.0 69312.0 69312.0 69320.0 8.0 69312.0 69312.0 69320.0 8.0 69312.0 69312.0 69320.0 8.0 69312.0 69312.0 69320.0 8.0 69312.0 69312.0 69320.0 8.0 69312.0 69312.0 69320.0 8.0 69312.0 69312.0 69320.0 8.0 69312.0 69312.0 69320.0 8.0 69312.0 69312.0 69320.0 8.0 69312.0 69312.0 69320.0 8.0 69312.0 69312.0 69320.0 8.0 69312.0 69312.0 69320.0 8.0 69312.0 69312.0 69320.0 8.0 69312.0 69312.0 69320.0 8.0 69312.0 69312.0 69320.0 8.0 69312.0 69312.0 69320.0 8.0 69312.0 69312.0 69320.0 8.0 69312.0 69312.0 69320.0 8.0 69312.0 69312.0 69320.0 8.0 69312.0 69312.0 69320.0 8.0 69312.0 69312.0 69320.0 8.0 69312.0 69312.0 69320.0 8.0 69312.0 69312.0 69320.0 8.0 69312.0 69312.0 69320.0 8.0 69312.0 69312.0 69320.0 8.0 69312.0 69312.0 69320.0 8.0 69312.0 69312.0 69320.0 8.0 69312.0 69312.0 69320.0 8.0 69312.0 69312.0 69320.0 8.0 69312.0 69312.0 69320.0 8.0 69312.0 69312.0 69320.0 8.0 69312.0 69312.0 69320.0 8.0 69312.0 69312.0 69320.0 8.0 69312.0 69312.0 69320.0 8.0 69312.0 69312.0 69320.0 8.0 69312.0 69312.0 69320.0 8.0 69312.0 69312.0 69320.0 8.0 69312.0 69312.0 69320.0 8.0 69312.0 69312.0 69320.0 8.0 69312.0 69312.0 69320.0 8.0 69312.0 69312.0 69320.0 8.0 69312.0 69312.0 69320.0 8.0 69312.0 69312.0 69320.0 8.0 69312.0 69312.0 69320.0 8.0 69312.0 69312.0 69320.0 8.0 69312.0 69312.0 69320.0 8.0 69312.0 69312.0 69320.0 8.0 69312.0 69312.0 69320.0 8.0 69312.0 69312.0 69320.0 8.0 69312.0 69312.0 69320.0 8.0 69312.0 69312.0 69320.0 8.0 69312.0 69312.0 69320.0 8.0 69312.0 69312.0 69320.0 8.0 69312.0 69312.0 69320.0 8.0 69312.0 69312.0 69320.0 8.0 69312.0 69312.0 69320.0 8.0 69312.0 69312.0 69320.0 8.0 69312.0 69312.0 69320.0 8.0 69312.0 69312.0 69320.0 8.0 69312.0 69312.0 69320.0 8.0 69312.0 69312.0 69320.0 8.0 69312.0 69312.0 69320.0 8.0 69312.0 69312.0 69320.0 8.0 69312.0 69312.0 69320.0 8.0 69312.0 69312.0 69320.0 8.0 69312.0 69312.0 69320.0 8.0 69312.0 69312.0 69320.0 8.0 69312.0 69312.0 69320.0 8.0 69312.0 69312.0 69320.0 8.0 69312.0 69312.0 69320.0 8.0 69312.0 69312.0 69320.0 8.0 69312.0 69312.0 69320.0 8.0 69312.0 69312.0 69320.0 8.0 69312.0 69312.0 69320.0 8.0 69312.0 69312.0 69320.0 8.0 69312.0 69312.0 69320.0 8.0 69312.0 69312.0 69320.0 8.0 69312.0 69312.0 69320.0 8.0 69312.0 69312.0 69320.0 8.0 69312.0 69312.0 69320.0 8.0 69312.0 69312.0 69320.0 8.0 69312.0 69312.0 69320.0 8.0 69312.0 69312.0 69320.0 8.0 69312.0 69312.0 69320.0 8.0 69312.0 69312.0 69320.0 8.0 69312.0 69312.0 69320.0 8.0 69312.0 69312.0 69320.0 8.0 69312.0 69312.0 69320.0 8.0 69312.0 69312.0 69320.0 8.0 69312.0 69312.0 69320.0 8.0 69312.0 69312.0 69320.0 8.0 69312.0 69312.0 69320.0 8.0 69312.0 69312.0 69320.0 8.0 69312.0 69312.0 69320.0 8.0 69312.0 69312.0 69320.0 8.0 69312.0 69312.0 69320.0 8.0 69312.0 69312.0 69320.0 8.0 69312.0 69312.0 69320.0 8.0
50 1 CONSTANT 8.0
51 1 CONSTANT 8.0
52 1 CONSTANT 8.0
53 1 CONSTANT 8.0
54 1 CONSTANT 0.0
55 1 CONSTANT 0.0
56 1 CONSTANT 0.0
57 1 CONSTANT 0.0
58 1 CONSTANT 0.0
59 1 CONSTANT 0.0
60 1 CONSTANT 0.0
61 1 CONSTANT 0.0
62 1 CONSTANT 8.0
