0 1 1 TRACE 1672855620269411.0
1 2 1 TRACE 11199.0 100.0 110.0 110.0 110.0 110.0 111.0 99.0 110.0 110.0 109.0 136.0 106.0 95.0 106.0 106.0 94.0 156.0 106.0 94.0 94.0 94.0 97.0 94.0 106.0 93.0 143.0 95.0 94.0 107.0 94.0 106.0 106.0 117.0 105.0 93.0 113.0 106.0 106.0 108.0 106.0 94.0 105.0 95.0 105.0 105.0 93.0 105.0 105.0 94.0 106.0 106.0 106.0 105.0 106.0 96.0 106.0 106.0 105.0 105.0 93.0 106.0 124.0 106.0
2 3 1 TRACE 427.0 30.0 27.0 27.0 27.0 96.0 27.0 28.0 28.0 28.0 60.0 64.0 27.0 27.0 27.0 28.0 35.0 28.0 44.0 27.0 27.0 27.0 40.0 27.0 28.0 28.0 27.0 153.0 27.0 27.0 40.0 28.0 27.0 68.0 27.0 27.0 30.0 27.0 55.0 28.0 28.0 39.0 27.0 28.0 34.0 27.0 49.0 35.0 26.0 27.0 27.0 26.0 77.0 28.0 120.0 29.0 27.0 30.0 27.0 37.0 27.0 27.0 54.0 27.0
3 4 1 TRACE 44.0 23.0 22.0 22.0 23.0 91.0 25.0 22.0 22.0 26.0 208.0 23.0 28.0 22.0 68.0 22.0 22.0 21.0 31.0 22.0 28.0 22.0 23.0 63.0 71.0 23.0 29.0 43.0 21.0 45.0 29.0 21.0 21.0 56.0 21.0 22.0 70.0 21.0 22.0 22.0 25.0 22.0 22.0 31.0 22.0 48.0 79.0 27.0 21.0 23.0 30.0 70.0 22.0 22.0 240.0 61.0 66.0 71.0 21.0 23.0 22.0 23.0 78.0 21.0
4 5 1 TRACE 21.0 16.0 16.0 15.0 16.0 16.0 16.0 16.0 32.0 17.0 15.0 28.0 16.0 19.0 77.0 16.0 16.0 23.0 17.0 16.0 16.0 16.0 16.0 28.0 24.0 17.0 16.0 16.0 16.0 62.0 16.0 16.0 16.0 57.0 16.0 16.0 28.0 15.0 16.0 17.0 16.0 16.0 16.0 17.0 17.0 18.0 16.0 16.0 16.0 16.0 24.0 26.0 75.0 16.0 16.0 17.0 16.0 22.0 16.0 16.0 16.0 16.0 27.0 16.0
5 6 1 TRACE 41.0 22.0 16.0 17.0 196.0 18.0 18.0 15.0 14.0 14.0 72.0 25.0 18.0 18.0 13.0 52.0 18.0 13.0 25.0 15.0 20.0 20.0 31.0 20.0 179.0 15.0 181.0 18.0 15.0 12.0 190.0 18.0 15.0 14.0 13.0 15.0 12.0 16.0 26.0 13.0 18.0 17.0 16.0 15.0 19.0 13.0 58.0 14.0 14.0 13.0 13.0 63.0 16.0 17.0 180.0 26.0 14.0 169.0 13.0 13.0 148.0 13.0 13.0 14.0
6 7 1 TRACE 21.0 28.0 173.0 28.0 17.0 8.0 185.0 20.0 191.0 20.0 30.0 9.0 163.0 13.0 12.0 11.0 160.0 20.0 161.0 12.0 16.0 27.0 30.0 55.0 16.0 10.0 17.0 14.0 26.0 8.0 14.0 43.0 151.0 11.0 12.0 10.0 127.0 12.0 141.0 21.0 132.0 25.0 178.0 21.0 171.0 9.0 11.0 10.0 13.0 11.0 20.0 151.0 12.0 13.0 19.0 9.0 8.0 17.0 14.0 21.0 18.0 10.0 9.0 12.0
7 8 1 TRACE 20.0 16.0 15.0 10.0 72.0 8.0 14.0 8.0 81.0 9.0 36.0 8.0 15.0 25.0 16.0 10.0 14.0 13.0 20.0 24.0 28.0 27.0 15.0 15.0 11.0 20.0 14.0 15.0 11.0 9.0 12.0 25.0 14.0 11.0 10.0 59.0 14.0 10.0 13.0 8.0 13.0 25.0 14.0 70.0 14.0 10.0 12.0 22.0 10.0 12.0 15.0 15.0 12.0 13.0 15.0 9.0 10.0 17.0 9.0 9.0 15.0 17.0 8.0 9.0
8 9 1 TRACE 20.0 15.0 14.0 9.0 63.0 32.0 14.0 20.0 54.0 9.0 11.0 8.0 14.0 12.0 14.0 8.0 15.0 28.0 18.0 20.0 14.0 14.0 13.0 14.0 12.0 8.0 14.0 15.0 20.0 7.0 11.0 23.0 16.0 11.0 20.0 17.0 16.0 9.0 15.0 9.0 58.0 12.0 14.0 12.0 15.0 8.0 11.0 9.0 19.0 20.0 8.0 15.0 11.0 13.0 15.0 8.0 8.0 16.0 20.0 19.0 14.0 19.0 8.0 20.0
9 10 1 TRACE 53.0 33.0 119.0 48.0 58.0 80.0 28.0 28.0 33.0 28.0 35.0 65.0 44.0 28.0 86.0 34.0 32.0 48.0 31.0 26.0 37.0 120.0 27.0 28.0 27.0 25.0 35.0 39.0 27.0 56.0 47.0 26.0 91.0 39.0 46.0 83.0 71.0 60.0 51.0 25.0 72.0 29.0 38.0 30.0 70.0 27.0 27.0 26.0 26.0 27.0 27.0 91.0 55.0 28.0 29.0 26.0 82.0 40.0 33.0 56.0 91.0 27.0 67.0 26.0
10 11 1 TRACE 23.0 18.0 18.0 17.0 38.0 19.0 19.0 17.0 18.0 18.0 17.0 18.0 18.0 18.0 18.0 18.0 19.0 18.0 17.0 17.0 17.0 18.0 18.0 18.0 17.0 17.0 18.0 18.0 18.0 17.0 18.0 18.0 17.0 49.0 19.0 18.0 18.0 18.0 18.0 19.0 18.0 18.0 18.0 17.0 18.0 18.0 18.0 18.0 18.0 18.0 18.0 19.0 18.0 18.0 18.0 18.0 18.0 17.0 18.0 18.0 18.0 17.0 18.0 18.0
11 12 1 TRACE 24.0 18.0 19.0 19.0 19.0 31.0 20.0 21.0 20.0 19.0 106.0 18.0 20.0 19.0 66.0 18.0 19.0 21.0 19.0 18.0 18.0 18.0 18.0 33.0 18.0 18.0 19.0 18.0 19.0 27.0 72.0 19.0 18.0 72.0 19.0 19.0 19.0 63.0 19.0 18.0 19.0 19.0 19.0 19.0 30.0 18.0 18.0 19.0 19.0 18.0 28.0 21.0 19.0 18.0 18.0 18.0 18.0 18.0 18.0 18.0 18.0 18.0 19.0 17.0
12 13 1 TRACE 24.0 19.0 19.0 21.0 19.0 20.0 19.0 19.0 63.0 19.0 45.0 19.0 20.0 18.0 19.0 19.0 18.0 29.0 22.0 20.0 18.0 19.0 18.0 18.0 18.0 55.0 19.0 18.0 20.0 18.0 70.0 17.0 18.0 39.0 18.0 19.0 19.0 19.0 19.0 20.0 19.0 19.0 18.0 20.0 25.0 18.0 19.0 19.0 19.0 18.0 20.0 20.0 18.0 19.0 18.0 19.0 18.0 19.0 18.0 19.0 19.0 26.0 19.0 56.0
13 14 1 TRACE 21.0 9.0 22.0 9.0 9.0 9.0 9.0 9.0 9.0 8.0 9.0 9.0 9.0 9.0 9.0 9.0 9.0 9.0 9.0 9.0 9.0 9.0 9.0 9.0 9.0 9.0 9.0 9.0 9.0 9.0 9.0 9.0 9.0 9.0 9.0 9.0 9.0 9.0 9.0 9.0 9.0 9.0 9.0 9.0 9.0 9.0 9.0 9.0 8.0 9.0 9.0 9.0 9.0 9.0 9.0 9.0 9.0 9.0 9.0 9.0 9.0 9.0 8.0 9.0
14 15 1 TRACE 27.0 18.0 18.0 22.0 16.0 97.0 17.0 16.0 17.0 17.0 17.0 17.0 17.0 16.0 16.0 16.0 17.0 16.0 16.0 17.0 16.0 18.0 16.0 16.0 16.0 20.0 17.0 16.0 17.0 16.0 17.0 16.0 16.0 232.0 32.0 16.0 16.0 17.0 17.0 16.0 17.0 17.0 16.0 25.0 18.0 17.0 17.0 16.0 16.0 16.0 17.0 16.0 16.0 16.0 42.0 17.0 16.0 30.0 16.0 17.0 16.0 16.0 17.0 16.0
15 16 1 TRACE 13.0 8.0 9.0 8.0 8.0 8.0 8.0 8.0 8.0 8.0 8.0 8.0 8.0 8.0 8.0 8.0 8.0 8.0 8.0 8.0 8.0 8.0 8.0 8.0 8.0 9.0 8.0 9.0 8.0 8.0 8.0 9.0 8.0 8.0 8.0 9.0 8.0 8.0 8.0 8.0 8.0 8.0 9.0 8.0 9.0 8.0 8.0 9.0 8.0 8.0 8.0 8.0 8.0 8.0 8.0 8.0 8.0 8.0 9.0 8.0 9.0 8.0 8.0 9.0
16 17 1 TRACE 77.0 60.0 60.0 128.0 59.0 230.0 52.0 47.0 66.0 47.0 93.0 44.0 49.0 44.0 46.0 49.0 47.0 52.0 68.0 87.0 45.0 68.0 49.0 79.0 70.0 75.0 48.0 104.0 48.0 47.0 101.0 74.0 49.0 102.0 90.0 49.0 46.0 67.0 130.0 46.0 81.0 99.0 44.0 45.0 61.0 46.0 47.0 52.0 47.0 92.0 56.0 43.0 45.0 46.0 54.0 46.0 49.0 47.0 45.0 45.0 46.0 64.0 45.0 72.0
17 18 1 TRACE 23.0 18.0 19.0 18.0 18.0 127.0 17.0 17.0 17.0 17.0 18.0 18.0 19.0 21.0 18.0 17.0 19.0 18.0 21.0 18.0 17.0 17.0 18.0 18.0 18.0 29.0 18.0 17.0 25.0 17.0 18.0 17.0 17.0 50.0 18.0 18.0 17.0 17.0 23.0 18.0 18.0 19.0 18.0 17.0 19.0 18.0 17.0 18.0 18.0 17.0 17.0 18.0 17.0 17.0 18.0 18.0 18.0 18.0 18.0 17.0 19.0 18.0 18.0 18.0
18 19 1 TRACE 23.0 20.0 22.0 18.0 19.0 92.0 18.0 18.0 18.0 19.0 22.0 19.0 18.0 18.0 18.0 18.0 18.0 21.0 39.0 24.0 17.0 19.0 19.0 18.0 19.0 25.0 19.0 74.0 18.0 37.0 18.0 18.0 17.0 177.0 18.0 18.0 20.0 18.0 122.0 17.0 29.0 18.0 40.0 28.0 27.0 19.0 19.0 18.0 19.0 18.0 18.0 18.0 18.0 18.0 54.0 18.0 18.0 18.0 18.0 18.0 18.0 18.0 19.0 18.0
19 20 1 TRACE 23.0 19.0 19.0 18.0 19.0 62.0 18.0 19.0 26.0 19.0 19.0 19.0 18.0 18.0 18.0 19.0 18.0 29.0 36.0 18.0 18.0 20.0 18.0 18.0 19.0 41.0 19.0 19.0 23.0 19.0 19.0 53.0 19.0 19.0 19.0 18.0 18.0 21.0 55.0 19.0 18.0 19.0 19.0 29.0 22.0 19.0 19.0 18.0 18.0 18.0 19.0 19.0 27.0 18.0 18.0 18.0 18.0 18.0 18.0 19.0 18.0 18.0 18.0 19.0
20 21 1 TRACE 25.0 21.0 21.0 24.0 21.0 20.0 21.0 22.0 20.0 21.0 21.0 20.0 21.0 20.0 20.0 20.0 21.0 21.0 19.0 21.0 20.0 20.0 20.0 20.0 20.0 43.0 27.0 21.0 20.0 20.0 20.0 20.0 20.0 20.0 19.0 21.0 20.0 20.0 21.0 19.0 21.0 21.0 20.0 20.0 21.0 20.0 20.0 20.0 21.0 20.0 19.0 20.0 21.0 21.0 20.0 20.0 20.0 20.0 20.0 20.0 20.0 20.0 22.0 21.0
21 22 1 TRACE 30.0 14.0 15.0 15.0 14.0 14.0 14.0 14.0 14.0 13.0 13.0 14.0 13.0 13.0 13.0 14.0 14.0 14.0 13.0 13.0 13.0 13.0 14.0 13.0 14.0 13.0 13.0 14.0 13.0 14.0 13.0 14.0 14.0 13.0 13.0 13.0 14.0 14.0 14.0 13.0 14.0 14.0 14.0 13.0 13.0 13.0 13.0 13.0 13.0 13.0 14.0 13.0 13.0 13.0 13.0 14.0 14.0 13.0 13.0 14.0 14.0 14.0 13.0 13.0
22 23 1 TRACE 334.0 174.0 280.0 277.0 282.0 334.0 280.0 278.0 282.0 288.0 280.0 286.0 277.0 326.0 279.0 280.0 286.0 171.0 280.0 289.0 275.0 325.0 279.0 297.0 320.0 284.0 279.0 278.0 286.0 160.0 286.0 286.0 275.0 278.0 302.0 281.0 278.0 278.0 273.0 280.0 302.0 273.0 280.0 284.0 162.0 280.0 282.0 285.0 275.0 286.0 288.0 278.0 278.0 279.0 283.0 285.0 279.0 286.0 155.0 284.0 280.0 301.0 302.0 276.0
23 24 1 TRACE 47.0 27.0 30.0 23.0 25.0 152.0 30.0 79.0 25.0 34.0 76.0 27.0 26.0 26.0 24.0 29.0 27.0 27.0 29.0 25.0 45.0 84.0 26.0 26.0 26.0 24.0 34.0 45.0 26.0 25.0 26.0 24.0 25.0 29.0 32.0 26.0 30.0 26.0 166.0 24.0 24.0 24.0 27.0 30.0 27.0 25.0 49.0 26.0 63.0 26.0 44.0 53.0 24.0 72.0 25.0 47.0 24.0 42.0 63.0 73.0 29.0 64.0 35.0 28.0
24 25 1 TRACE 52.0 22.0 22.0 22.0 22.0 54.0 22.0 25.0 23.0 21.0 22.0 23.0 22.0 23.0 22.0 21.0 23.0 21.0 22.0 22.0 48.0 22.0 21.0 22.0 22.0 63.0 22.0 22.0 22.0 22.0 22.0 23.0 22.0 23.0 22.0 22.0 22.0 22.0 29.0 22.0 22.0 28.0 22.0 22.0 25.0 22.0 28.0 22.0 54.0 22.0 22.0 43.0 21.0 22.0 21.0 28.0 22.0 23.0 22.0 21.0 23.0 22.0 23.0 23.0
25 26 1 TRACE 41.0 14.0 16.0 14.0 14.0 13.0 14.0 14.0 14.0 13.0 14.0 14.0 14.0 14.0 13.0 16.0 14.0 14.0 14.0 14.0 13.0 14.0 14.0 14.0 14.0 14.0 14.0 14.0 14.0 13.0 14.0 14.0 14.0 14.0 14.0 14.0 14.0 14.0 14.0 14.0 14.0 14.0 14.0 14.0 14.0 14.0 14.0 13.0 14.0 14.0 15.0 14.0 13.0 14.0 14.0 15.0 14.0 14.0 14.0 14.0 14.0 15.0 14.0 14.0 14.0 14.0 14.0 14.0 14.0 14.0 13.0 14.0 14.0 14.0 13.0 14.0 13.0 19.0 14.0 14.0 14.0 14.0 14.0 13.0 14.0 14.0 14.0 13.0 27.0 14.0 14.0 15.0 14.0 13.0 14.0 13.0 16.0 13.0 13.0 15.0 13.0 14.0 14.0 14.0 14.0 13.0 15.0 14.0 14.0 16.0 13.0 14.0 14.0 13.0 14.0 13.0 14.0 14.0 14.0 14.0 13.0 15.0 14.0 14.0 13.0 14.0 14.0 14.0 13.0 15.0 14.0 14.0 16.0 14.0 13.0 14.0 13.0 14.0 14.0 14.0 14.0 14.0 14.0 14.0 14.0 13.0 14.0 14.0 14.0 14.0 13.0 14.0 13.0 17.0 14.0 13.0 14.0 14.0 14.0 14.0 16.0 14.0 14.0 14.0 14.0 16.0 14.0 14.0 14.0 14.0 14.0 14.0 14.0 14.0 13.0 14.0 16.0 17.0 13.0 13.0 14.0 14.0 14.0 14.0 14.0 14.0 14.0 13.0 14.0 14.0 14.0 14.0 14.0 15.0 14.0 15.0 14.0 15.0 14.0 14.0 14.0 14.0 13.0 14.0 14.0 14.0 14.0 14.0 14.0 14.0 14.0 14.0 21.0 13.0 14.0 14.0 14.0 13.0 14.0 14.0 14.0 14.0 14.0 13.0 13.0 13.0 15.0 14.0 13.0 16.0 14.0 14.0 14.0 13.0 14.0 14.0 14.0 14.0 14.0 14.0 13.0 14.0 14.0 15.0 13.0 14.0 14.0
26 27 1 TRACE 12.0 8.0 7.0 8.0 7.0 8.0 7.0 7.0 8.0 8.0 8.0 8.0 8.0 8.0 8.0 8.0 7.0 7.0 8.0 8.0 8.0 7.0 7.0 7.0 7.0 8.0 8.0 8.0 7.0 8.0 8.0 8.0 8.0 8.0 7.0 8.0 8.0 8.0 8.0 8.0 8.0 7.0 8.0 7.0 7.0 7.0 8.0 8.0 7.0 8.0 7.0 7.0 8.0 7.0 7.0 7.0 7.0 7.0 7.0 7.0 7.0 7.0 8.0 8.0 8.0 7.0 7.0 7.0 7.0 7.0 8.0 8.0 8.0 8.0 8.0 7.0 7.0 8.0 7.0 7.0 7.0 7.0 7.0 8.0 8.0 7.0 7.0 8.0 8.0 8.0 8.0 8.0 8.0 8.0 8.0 8.0 8.0 8.0 8.0 8.0 8.0 8.0 8.0 7.0 7.0 8.0 8.0 8.0 8.0 8.0 7.0 8.0 8.0 8.0 7.0 8.0 8.0 8.0 7.0 7.0 8.0 7.0 8.0 7.0 8.0 8.0 8.0 8.0 7.0 8.0 8.0 8.0 8.0 8.0 8.0 7.0 8.0 8.0 8.0 8.0 8.0 8.0 7.0 8.0 7.0 8.0 7.0 8.0 8.0 8.0 8.0 8.0 8.0 7.0 8.0 8.0 7.0 7.0 7.0 7.0 8.0 8.0 7.0 8.0 7.0 8.0 7.0 8.0 8.0 7.0 7.0 8.0 7.0 7.0 8.0 7.0 8.0 8.0 7.0 7.0 8.0 8.0 7.0 8.0 8.0 7.0 8.0 8.0 7.0 7.0 7.0 8.0 7.0 7.0 7.0 8.0 8.0 7.0 8.0 7.0 7.0 7.0 8.0 8.0 7.0 8.0 8.0 8.0 7.0 8.0 7.0 7.0 8.0 8.0 7.0 7.0 7.0 8.0 8.0 8.0 8.0 7.0 8.0 8.0 8.0 8.0 7.0 8.0 8.0 7.0 7.0 7.0 8.0 8.0 8.0 7.0 8.0 8.0 7.0 7.0 8.0 7.0 8.0 8.0 7.0 8.0 8.0
27 28 1 TRACE 11.0 8.0 8.0 8.0 7.0 7.0 7.0 7.0 8.0 7.0 8.0 8.0 8.0 7.0 7.0 7.0 8.0 8.0 8.0 8.0 7.0 7.0 8.0 7.0 8.0 7.0 7.0 8.0 8.0 7.0 8.0 7.0 7.0 7.0 7.0 7.0 7.0 8.0 7.0 8.0 7.0 8.0 8.0 8.0 8.0 7.0 8.0 8.0 7.0 8.0 7.0 7.0 7.0 7.0 7.0 7.0 8.0 7.0 7.0 8.0 8.0 7.0 8.0 7.0 8.0 8.0 7.0 7.0 7.0 8.0 8.0 7.0 8.0 8.0 8.0 7.0 7.0 7.0 7.0 7.0 8.0 7.0 8.0 7.0 7.0 8.0 8.0 7.0 8.0 8.0 7.0 8.0 8.0 7.0 7.0 7.0 8.0 7.0 7.0 7.0 7.0 12.0 8.0 8.0 8.0 7.0 8.0 8.0 8.0 7.0 7.0 8.0 7.0 7.0 7.0 7.0 8.0 7.0 8.0 8.0 7.0 7.0 7.0 8.0 7.0 8.0 8.0 8.0 7.0 8.0 7.0 8.0 8.0 7.0 8.0 7.0 7.0 8.0 8.0 7.0 16.0 8.0 7.0 7.0 7.0 8.0 8.0 8.0 8.0 7.0 7.0 8.0 7.0 7.0 7.0 7.0 7.0 8.0 7.0 7.0 8.0 8.0 7.0 8.0 7.0 8.0 8.0 7.0 7.0 8.0 8.0 7.0 7.0 8.0 7.0 8.0 8.0 8.0 7.0 7.0 7.0 8.0 8.0 8.0 8.0 7.0 8.0 8.0 7.0 7.0 8.0 7.0 8.0 8.0 7.0 8.0 7.0 7.0 8.0 8.0 8.0 7.0 8.0 8.0 8.0 8.0 8.0 7.0 7.0 7.0 8.0 7.0 7.0 7.0 8.0 8.0 7.0 7.0 7.0 8.0 8.0 7.0 8.0 8.0 7.0 7.0 7.0 8.0 8.0 8.0 7.0 7.0 8.0 7.0 8.0 8.0 8.0 8.0 7.0 8.0 8.0 7.0 7.0 8.0 7.0 8.0 7.0
28 29 1 TRACE 13.0 9.0 9.0 9.0 9.0 9.0 10.0 9.0 9.0 9.0 9.0 9.0 9.0 9.0 9.0 9.0 9.0 9.0 9.0 9.0 8.0 9.0 9.0 9.0 9.0 9.0 8.0 10.0 9.0 9.0 9.0 9.0 9.0 9.0 9.0 10.0 9.0 9.0 9.0 10.0 9.0 9.0 9.0 10.0 9.0 10.0 9.0 9.0 9.0 9.0 10.0 9.0 8.0 9.0 9.0 9.0 9.0 9.0 9.0 9.0 9.0 10.0 9.0 9.0 10.0 9.0 9.0 10.0 10.0 10.0 9.0 9.0 9.0 9.0 9.0 9.0 9.0 9.0 9.0 10.0 10.0 9.0 9.0 9.0 10.0 9.0 9.0 9.0 10.0 9.0 9.0 10.0 9.0 9.0 9.0 8.0 9.0 9.0 9.0 9.0 8.0 10.0 9.0 9.0 9.0 9.0 10.0 9.0 9.0 9.0 10.0 9.0 9.0 9.0 9.0 9.0 9.0 9.0 9.0 9.0 8.0 10.0 9.0 9.0 9.0 10.0 9.0 9.0 9.0 9.0 9.0 9.0 9.0 9.0 9.0 9.0 9.0 9.0 9.0 9.0 10.0 9.0 9.0 9.0 10.0 9.0 9.0 9.0 9.0 9.0 9.0 9.0 8.0 9.0 9.0 8.0 10.0 9.0 9.0 9.0 9.0 9.0 9.0 10.0 9.0 10.0 9.0 9.0 9.0 9.0 9.0 9.0 9.0 9.0 9.0 10.0 10.0 10.0 9.0 10.0 9.0 9.0 9.0 9.0 9.0 9.0 9.0 9.0 10.0 9.0 9.0 9.0 9.0 10.0 9.0 9.0 9.0 10.0 9.0 9.0 9.0 14.0 9.0 9.0 10.0 9.0 9.0 9.0 10.0 10.0 9.0 9.0 9.0 9.0 9.0 9.0 9.0 9.0 10.0 10.0 9.0 9.0 10.0 9.0 9.0 9.0 9.0 9.0 9.0 9.0 9.0 10.0 9.0 9.0 9.0 9.0 9.0 9.0 9.0 9.0 9.0 9.0 9.0 10.0 10.0 9.0 9.0
29 30 1 TRACE 34.0 24.0 38.0 24.0 23.0 32.0 24.0 31.0 73.0 25.0 49.0 24.0 26.0 27.0 396.0 30.0 24.0 115.0 46.0 28.0 24.0 135.0 24.0 25.0 25.0 31.0 40.0 24.0 24.0 24.0 30.0 78.0 24.0 186.0 22.0 24.0 40.0 30.0 29.0 63.0 23.0 24.0 23.0 81.0 25.0 23.0 26.0 28.0 26.0 63.0 24.0 32.0 23.0 22.0 118.0 24.0 23.0 69.0 42.0 23.0 27.0 33.0 24.0 40.0 24.0 45.0 52.0 80.0 53.0 24.0 32.0 24.0 25.0 21.0 35.0 22.0 23.0 29.0 25.0 27.0 32.0 25.0 24.0 24.0 20.0 22.0 24.0 25.0 91.0 27.0 28.0 25.0 25.0 23.0 26.0 27.0 25.0 24.0 82.0 32.0 32.0 18.0 75.0 71.0 60.0 27.0 24.0 26.0 34.0 28.0 23.0 50.0 36.0 108.0 59.0 23.0 30.0 24.0 23.0 26.0 24.0 65.0 61.0 23.0 33.0 105.0 23.0 28.0 63.0 84.0 33.0 28.0 26.0 79.0 23.0 58.0 23.0 23.0 25.0 31.0 61.0 25.0 72.0 206.0 23.0 67.0 24.0 64.0 25.0 25.0 25.0 27.0 65.0 27.0 21.0 23.0 93.0 29.0 23.0 63.0 42.0 89.0 26.0 66.0 37.0 29.0 47.0 110.0 42.0 23.0 26.0 26.0 24.0 68.0 58.0 64.0 27.0 18.0 25.0 22.0 84.0 76.0 37.0 24.0 25.0 30.0 23.0 25.0 22.0 65.0 23.0 22.0 23.0 64.0 23.0 25.0 66.0 76.0 102.0 21.0 23.0 21.0 85.0 29.0 594.0 24.0 23.0 25.0 24.0 23.0 77.0 233.0 18.0 65.0 48.0 63.0 69.0 67.0 25.0 23.0 46.0 24.0 33.0 25.0 75.0 59.0 25.0 92.0 23.0 27.0 25.0 26.0 24.0 76.0 35.0 48.0 63.0 25.0 73.0 52.0 25.0 28.0 29.0 24.0 64.0 78.0 28.0
30 31 1 TRACE 23.0 9.0 17.0 9.0 8.0 16.0 17.0 16.0 9.0 8.0 19.0 17.0 16.0 16.0 9.0 18.0 16.0 11.0 16.0 8.0 8.0 16.0 8.0 8.0 16.0 9.0 17.0 18.0 16.0 9.0 8.0 17.0 16.0 8.0 16.0 23.0 20.0 22.0 16.0 18.0 16.0 8.0 16.0 23.0 8.0 16.0 17.0 16.0 23.0 8.0 16.0 9.0 8.0 17.0 17.0 16.0 8.0 16.0 25.0 9.0 16.0 17.0 9.0 16.0 19.0 16.0 9.0 25.0 16.0 17.0 16.0 9.0 17.0 17.0 16.0 8.0 8.0 17.0 9.0 18.0 17.0 16.0 9.0 16.0 18.0 17.0 16.0 16.0 19.0 16.0 8.0 19.0 17.0 16.0 16.0 8.0 15.0 9.0 17.0 15.0 16.0 9.0 17.0 8.0 57.0 17.0 17.0 9.0 8.0 16.0 16.0 18.0 17.0 16.0 8.0 16.0 17.0 17.0 16.0 8.0 16.0 17.0 16.0 9.0 16.0 17.0 16.0 16.0 16.0 16.0 16.0 8.0 16.0 62.0 16.0 8.0 16.0 16.0 16.0 9.0 16.0 18.0 15.0 9.0 15.0 56.0 15.0 9.0 8.0 20.0 16.0 9.0 16.0 17.0 8.0 8.0 20.0 16.0 9.0 418.0 16.0 9.0 16.0 18.0 16.0 9.0 19.0 18.0 32.0 8.0 18.0 16.0 16.0 8.0 19.0 16.0 19.0 9.0 8.0 18.0 55.0 16.0 9.0 15.0 18.0 16.0 17.0 16.0 18.0 17.0 9.0 9.0 16.0 19.0 15.0 8.0 15.0 17.0 8.0 8.0 16.0 17.0 19.0 15.0 53.0 16.0 16.0 9.0 17.0 18.0 16.0 9.0 8.0 17.0 16.0 16.0 9.0 54.0 19.0 16.0 9.0 15.0 17.0 16.0 17.0 16.0 20.0 9.0 16.0 16.0 9.0 15.0 17.0 16.0 9.0 8.0 19.0 17.0 9.0 16.0 17.0 8.0 8.0 9.0 18.0 16.0 17.0
31 32 1 TRACE 18.0 14.0 14.0 13.0 12.0 13.0 13.0 14.0 14.0 12.0 13.0 13.0 13.0 14.0 166.0 14.0 13.0 19.0 13.0 14.0 12.0 14.0 13.0 13.0 13.0 13.0 14.0 14.0 13.0 13.0 12.0 14.0 13.0 13.0 14.0 13.0 13.0 15.0 14.0 14.0 13.0 13.0 14.0 14.0 13.0 13.0 13.0 13.0 15.0 13.0 13.0 13.0 12.0 14.0 14.0 13.0 14.0 13.0 16.0 13.0 13.0 15.0 13.0 13.0 14.0 25.0 13.0 14.0 14.0 13.0 13.0 13.0 13.0 14.0 13.0 13.0 12.0 13.0 13.0 14.0 14.0 14.0 13.0 13.0 14.0 14.0 13.0 13.0 14.0 13.0 13.0 14.0 13.0 13.0 13.0 13.0 14.0 13.0 13.0 14.0 13.0 14.0 13.0 13.0 14.0 13.0 14.0 13.0 13.0 13.0 13.0 14.0 13.0 13.0 13.0 13.0 13.0 13.0 14.0 13.0 13.0 13.0 14.0 13.0 13.0 13.0 19.0 13.0 13.0 14.0 14.0 13.0 13.0 13.0 13.0 12.0 13.0 13.0 13.0 13.0 13.0 13.0 13.0 13.0 13.0 13.0 14.0 13.0 13.0 14.0 14.0 13.0 13.0 13.0 13.0 13.0 16.0 14.0 13.0 365.0 13.0 12.0 13.0 21.0 14.0 24.0 17.0 14.0 24.0 13.0 13.0 14.0 14.0 14.0 14.0 13.0 15.0 14.0 13.0 13.0 14.0 14.0 13.0 13.0 13.0 13.0 13.0 14.0 14.0 14.0 13.0 14.0 13.0 14.0 13.0 13.0 13.0 13.0 13.0 13.0 13.0 14.0 14.0 13.0 14.0 14.0 13.0 13.0 14.0 14.0 14.0 13.0 13.0 13.0 13.0 14.0 13.0 13.0 13.0 14.0 52.0 13.0 14.0 14.0 14.0 14.0 14.0 12.0 13.0 13.0 13.0 21.0 13.0 14.0 12.0 13.0 13.0 13.0 12.0 15.0 14.0 13.0 14.0 13.0 13.0 13.0 13.0
32 33 1 TRACE 23.0 17.0 18.0 17.0 17.0 17.0 18.0 18.0 18.0 17.0 17.0 18.0 17.0 17.0 17.0 17.0 17.0 19.0 17.0 17.0 17.0 18.0 17.0 17.0 18.0 17.0 17.0 18.0 17.0 17.0 17.0 18.0 17.0 18.0 17.0 18.0 18.0 18.0 54.0 19.0 17.0 18.0 17.0 33.0 17.0 17.0 18.0 18.0 19.0 17.0 61.0 18.0 18.0 17.0 19.0 17.0 17.0 17.0 24.0 18.0 18.0 19.0 17.0 17.0 18.0 17.0 17.0 17.0 20.0 17.0 18.0 58.0 17.0 18.0 18.0 17.0 17.0 17.0 21.0 17.0 18.0 58.0 17.0 17.0 19.0 17.0 17.0 17.0 19.0 17.0 17.0 18.0 18.0 59.0 18.0 17.0 19.0 17.0 17.0 18.0 17.0 17.0 17.0 18.0 17.0 17.0 19.0 17.0 17.0 17.0 17.0 17.0 18.0 18.0 23.0 17.0 18.0 17.0 17.0 17.0 17.0 18.0 18.0 18.0 17.0 18.0 19.0 17.0 17.0 18.0 25.0 16.0 18.0 66.0 17.0 18.0 18.0 17.0 17.0 18.0 18.0 18.0 17.0 45.0 17.0 18.0 17.0 17.0 17.0 19.0 17.0 17.0 18.0 75.0 18.0 17.0 20.0 17.0 17.0 25.0 18.0 18.0 17.0 22.0 18.0 21.0 23.0 18.0 18.0 17.0 17.0 18.0 17.0 51.0 17.0 18.0 19.0 18.0 17.0 17.0 42.0 17.0 17.0 17.0 18.0 43.0 17.0 17.0 18.0 58.0 17.0 16.0 17.0 18.0 17.0 18.0 65.0 18.0 18.0 17.0 17.0 19.0 17.0 17.0 17.0 17.0 19.0 17.0 17.0 54.0 54.0 19.0 18.0 17.0 18.0 22.0 17.0 18.0 18.0 17.0 17.0 18.0 17.0 17.0 17.0 17.0 17.0 18.0 17.0 18.0 17.0 18.0 17.0 18.0 17.0 18.0 50.0 18.0 17.0 17.0 17.0 17.0 17.0 29.0 17.0 52.0 17.0
33 34 1 TRACE 1719.0 1697.0 1549.0 549.0 387.0 1471.0 783.0 606.0 495.0 543.0 3648.0 805.0 539.0 439.0 640.0 1338.0 362.0 376.0 1008.0 644.0 610.0 902.0 576.0 589.0 853.0 412.0 680.0 890.0 789.0 467.0 585.0 1173.0 607.0 670.0 782.0 880.0 792.0 421.0 739.0 889.0 892.0 627.0 641.0 843.0 560.0 1282.0 702.0 758.0 523.0 769.0 822.0 433.0 376.0 2545.0 796.0 597.0 403.0 800.0 801.0 598.0 520.0 823.0 538.0 1014.0 763.0 680.0 531.0 352.0 1351.0 829.0 588.0 470.0 2168.0 653.0 684.0 421.0 703.0 1302.0 413.0 3786.0 655.0 503.0 441.0 1009.0 968.0 686.0 392.0 1468.0 772.0 640.0 651.0 1386.0 744.0 589.0 424.0 678.0 1007.0 336.0 524.0 879.0 601.0 760.0 729.0 654.0 608.0 6582.0 695.0 535.0 448.0 1157.0 352.0 1165.0 827.0 715.0 624.0 2324.0 819.0 660.0 474.0 343.0 1223.0 819.0 680.0 499.0 1179.0 806.0 589.0 504.0 689.0 1025.0 326.0 407.0 905.0 503.0 544.0 475.0 3975.0 798.0 503.0 787.0 1064.0 739.0 657.0 455.0 1407.0 658.0 615.0 418.0 859.0 868.0 773.0 377.0 675.0 1102.0 373.0 1138.0 802.0 825.0 497.0 680.0 888.0 544.0 1424.0 824.0 503.0 494.0 1552.0 824.0 568.0 425.0 6557.0 782.0 502.0 532.0 2252.0 707.0 539.0 340.0 525.0 6432.0 698.0 502.0 484.0 1089.0 840.0 697.0 373.0 1298.0 681.0 594.0 388.0 380.0 831.0 872.0 777.0 347.0 644.0 822.0 399.0 641.0 663.0 849.0 467.0 503.0 8421.0 788.0 503.0 407.0 1071.0 734.0 560.0 626.0 552.0 3979.0 792.0 503.0 525.0 723.0 948.0 772.0 570.0 1159.0 679.0 609.0 530.0 738.0 724.0 404.0 691.0 972.0 346.0 2268.0 676.0 585.0 372.0 617.0 6815.0 736.0 567.0 1768.0 823.0 615.0 453.0 574.0 6362.0 627.0 503.0
34 35 1 TRACE 27.0 740.0 59.0 19.0 46.0 197.0 54.0 18.0 19.0 45.0 152.0 66.0 18.0 18.0 49.0 131.0 18.0 117.0 54.0 18.0 58.0 113.0 18.0 55.0 65.0 48.0 57.0 76.0 46.0 18.0 50.0 56.0 19.0 48.0 53.0 56.0 64.0 42.0 60.0 50.0 45.0 49.0 50.0 54.0 49.0 61.0 51.0 40.0 18.0 53.0 51.0 17.0 48.0 81.0 60.0 20.0 45.0 53.0 53.0 40.0 58.0 52.0 49.0 63.0 54.0 44.0 51.0 52.0 65.0 50.0 18.0 48.0 78.0 54.0 19.0 18.0 51.0 59.0 48.0 116.0 49.0 18.0 49.0 312.0 52.0 43.0 48.0 64.0 49.0 18.0 50.0 67.0 48.0 19.0 19.0 50.0 53.0 41.0 54.0 51.0 18.0 55.0 49.0 44.0 54.0 280.0 52.0 18.0 51.0 54.0 58.0 331.0 50.0 18.0 67.0 114.0 50.0 19.0 18.0 44.0 60.0 56.0 48.0 54.0 79.0 50.0 41.0 49.0 50.0 52.0 19.0 51.0 56.0 18.0 18.0 54.0 112.0 50.0 18.0 47.0 56.0 49.0 19.0 47.0 63.0 49.0 40.0 18.0 596.0 60.0 47.0 42.0 50.0 55.0 18.0 60.0 69.0 45.0 78.0 51.0 56.0 51.0 80.0 62.0 75.0 54.0 179.0 59.0 18.0 114.0 783.0 51.0 18.0 47.0 87.0 50.0 18.0 18.0 51.0 165.0 68.0 20.0 47.0 58.0 53.0 59.0 48.0 62.0 231.0 45.0 18.0 47.0 159.0 53.0 46.0 47.0 536.0 55.0 19.0 47.0 52.0 54.0 92.0 53.0 201.0 50.0 18.0 48.0 53.0 52.0 46.0 17.0 238.0 220.0 58.0 18.0 48.0 57.0 59.0 46.0 50.0 60.0 49.0 45.0 49.0 51.0 51.0 46.0 70.0 66.0 46.0 102.0 50.0 18.0 18.0 48.0 1648.0 51.0 48.0 71.0 59.0 18.0 18.0 47.0 189.0 52.0 17.0
35 36 1 TRACE 20.0 102.0 54.0 24.0 45.0 83.0 48.0 20.0 16.0 42.0 207.0 45.0 16.0 16.0 45.0 48.0 16.0 90.0 50.0 15.0 45.0 64.0 15.0 46.0 45.0 269.0 48.0 46.0 41.0 16.0 45.0 45.0 16.0 47.0 112.0 48.0 44.0 43.0 49.0 1622.0 42.0 44.0 251.0 43.0 46.0 70.0 46.0 57.0 15.0 49.0 42.0 16.0 44.0 112.0 45.0 16.0 41.0 49.0 43.0 56.0 47.0 42.0 42.0 222.0 47.0 41.0 57.0 81.0 75.0 46.0 16.0 43.0 101.0 47.0 16.0 16.0 46.0 44.0 53.0 178.0 44.0 16.0 81.0 58.0 49.0 66.0 44.0 75.0 46.0 16.0 48.0 78.0 46.0 16.0 16.0 46.0 99.0 37.0 47.0 43.0 21.0 47.0 42.0 38.0 44.0 376.0 46.0 17.0 46.0 44.0 45.0 65.0 115.0 17.0 60.0 109.0 45.0 15.0 20.0 40.0 78.0 47.0 40.0 41.0 76.0 48.0 37.0 58.0 51.0 59.0 16.0 48.0 59.0 16.0 16.0 47.0 179.0 45.0 15.0 43.0 61.0 158.0 16.0 43.0 75.0 45.0 36.0 15.0 201.0 44.0 43.0 40.0 46.0 45.0 16.0 78.0 52.0 41.0 60.0 44.0 44.0 43.0 90.0 54.0 18.0 46.0 85.0 87.0 17.0 104.0 750.0 43.0 15.0 42.0 123.0 50.0 15.0 16.0 50.0 282.0 45.0 17.0 42.0 64.0 103.0 16.0 44.0 72.0 116.0 41.0 16.0 43.0 87.0 46.0 41.0 40.0 49.0 43.0 16.0 66.0 50.0 44.0 44.0 45.0 350.0 62.0 16.0 46.0 56.0 47.0 41.0 16.0 264.0 212.0 47.0 15.0 44.0 839.0 46.0 44.0 41.0 57.0 117.0 40.0 42.0 49.0 43.0 40.0 44.0 44.0 42.0 98.0 51.0 16.0 15.0 75.0 969.0 45.0 63.0 96.0 46.0 16.0 15.0 45.0 400.0 44.0 16.0
36 37 1 TRACE 572.0 105.0 29.0 91.0 112.0 486.0 164.0 116.0 129.0 199.0 1768.0 92.0 84.0 119.0 452.0 30.0 59.0 40.0 468.0 187.0 167.0 121.0 201.0 138.0 384.0 35.0 246.0 189.0 68.0 142.0 120.0 109.0 81.0 27.0 395.0 216.0 27.0 67.0 233.0 41.0 115.0 163.0 44.0 309.0 28.0 685.0 348.0 100.0 136.0 95.0 210.0 78.0 29.0 1043.0 121.0 222.0 78.0 108.0 155.0 30.0 192.0 334.0 108.0 349.0 112.0 221.0 28.0 128.0 988.0 52.0 167.0 36.0 1322.0 187.0 231.0 80.0 210.0 30.0 52.0 1949.0 253.0 176.0 29.0 193.0 179.0 241.0 76.0 663.0 84.0 276.0 156.0 483.0 170.0 150.0 121.0 211.0 88.0 28.0 127.0 334.0 133.0 115.0 174.0 72.0 720.0 4306.0 130.0 176.0 153.0 161.0 30.0 316.0 34.0 25.0 42.0 1118.0 76.0 244.0 83.0 84.0 349.0 66.0 209.0 154.0 353.0 94.0 189.0 30.0 299.0 30.0 81.0 46.0 401.0 86.0 94.0 52.0 2072.0 85.0 177.0 31.0 433.0 223.0 210.0 192.0 554.0 203.0 568.0 92.0 140.0 187.0 55.0 53.0 47.0 99.0 113.0 218.0 173.0 27.0 72.0 146.0 262.0 81.0 597.0 45.0 27.0 38.0 454.0 86.0 352.0 38.0 3352.0 84.0 178.0 189.0 804.0 228.0 142.0 104.0 59.0 2780.0 198.0 118.0 28.0 544.0 32.0 162.0 36.0 301.0 34.0 179.0 78.0 33.0 224.0 176.0 46.0 84.0 301.0 978.0 116.0 27.0 133.0 32.0 58.0 152.0 4373.0 119.0 80.0 28.0 131.0 202.0 155.0 189.0 475.0 1726.0 793.0 179.0 31.0 458.0 78.0 97.0 125.0 210.0 168.0 32.0 79.0 127.0 166.0 35.0 75.0 218.0 65.0 521.0 192.0 187.0 85.0 147.0 2798.0 63.0 290.0 734.0 85.0 178.0 66.0 32.0 2889.0 149.0 124.0
37 38 1 TRACE 36.0 38.0 35.0 26.0 30.0 177.0 51.0 28.0 29.0 30.0 314.0 81.0 27.0 69.0 33.0 34.0 26.0 71.0 30.0 35.0 35.0 32.0 35.0 34.0 29.0 30.0 88.0 27.0 30.0 27.0 31.0 28.0 48.0 27.0 51.0 28.0 26.0 27.0 52.0 29.0 28.0 27.0 34.0 28.0 33.0 267.0 29.0 33.0 31.0 77.0 82.0 31.0 37.0 215.0 28.0 26.0 30.0 46.0 41.0 33.0 36.0 29.0 65.0 72.0 28.0 60.0 37.0 32.0 174.0 78.0 45.0 33.0 199.0 31.0 29.0 27.0 39.0 32.0 30.0 310.0 27.0 33.0 30.0 74.0 27.0 35.0 33.0 139.0 27.0 108.0 70.0 158.0 28.0 28.0 63.0 40.0 31.0 27.0 36.0 30.0 63.0 41.0 33.0 29.0 32.0 643.0 89.0 61.0 67.0 36.0 34.0 100.0 67.0 29.0 28.0 194.0 26.0 27.0 27.0 72.0 88.0 27.0 27.0 32.0 133.0 27.0 27.0 27.0 66.0 30.0 28.0 33.0 30.0 31.0 27.0 28.0 406.0 27.0 70.0 29.0 81.0 27.0 29.0 60.0 110.0 30.0 47.0 26.0 84.0 28.0 27.0 26.0 32.0 33.0 28.0 72.0 31.0 38.0 28.0 37.0 27.0 75.0 134.0 38.0 74.0 39.0 122.0 28.0 32.0 73.0 483.0 26.0 28.0 71.0 154.0 71.0 36.0 28.0 32.0 490.0 43.0 26.0 35.0 136.0 28.0 63.0 27.0 88.0 30.0 27.0 27.0 27.0 56.0 30.0 27.0 32.0 41.0 27.0 28.0 26.0 38.0 28.0 69.0 30.0 564.0 70.0 26.0 28.0 60.0 28.0 27.0 27.0 29.0 282.0 30.0 74.0 41.0 48.0 28.0 74.0 31.0 80.0 74.0 27.0 31.0 44.0 72.0 28.0 33.0 51.0 28.0 137.0 27.0 27.0 30.0 32.0 481.0 33.0 103.0 154.0 29.0 29.0 28.0 34.0 539.0 27.0 28.0
38 39 1 TRACE 29.0 24.0 25.0 31.0 23.0 25.0 30.0 23.0 31.0 23.0 25.0 66.0 36.0 129.0 23.0 36.0 25.0 23.0 22.0 22.0 24.0 24.0 42.0 23.0 23.0 44.0 27.0 24.0 26.0 24.0 24.0 23.0 22.0 67.0 68.0 22.0 25.0 22.0 23.0 23.0 24.0 23.0 25.0 23.0 22.0 85.0 23.0 31.0 34.0 25.0 182.0 23.0 24.0 25.0 29.0 34.0 25.0 24.0 37.0 24.0 24.0 22.0 24.0 25.0 24.0 29.0 67.0 24.0 66.0 26.0 24.0 24.0 28.0 23.0 23.0 22.0 26.0 23.0 23.0 25.0 24.0 28.0 23.0 25.0 23.0 39.0 24.0 27.0 23.0 26.0 24.0 26.0 23.0 30.0 50.0 24.0 22.0 59.0 23.0 22.0 23.0 26.0 31.0 22.0 22.0 61.0 75.0 25.0 67.0 23.0 22.0 25.0 27.0 23.0 23.0 25.0 24.0 24.0 28.0 24.0 23.0 28.0 51.0 23.0 67.0 23.0 24.0 63.0 28.0 41.0 21.0 33.0 23.0 25.0 22.0 22.0 68.0 24.0 28.0 63.0 25.0 68.0 25.0 60.0 25.0 23.0 66.0 24.0 23.0 23.0 74.0 65.0 24.0 26.0 23.0 23.0 22.0 69.0 33.0 25.0 24.0 68.0 27.0 31.0 25.0 23.0 26.0 28.0 66.0 26.0 24.0 30.0 23.0 23.0 27.0 27.0 70.0 23.0 22.0 26.0 29.0 33.0 25.0 65.0 22.0 27.0 23.0 26.0 21.0 26.0 30.0 23.0 62.0 25.0 22.0 64.0 25.0 25.0 23.0 24.0 26.0 27.0 31.0 117.0 66.0 29.0 26.0 30.0 24.0 24.0 25.0 23.0 24.0 25.0 26.0 71.0 22.0 29.0 23.0 39.0 24.0 26.0 30.0 62.0 35.0 27.0 26.0 25.0 25.0 27.0 24.0 24.0 83.0 65.0 25.0 24.0 28.0 27.0 24.0 61.0 63.0 24.0 22.0 71.0 24.0 67.0 33.0
39 25 1 TRACE 25.0 17.0 17.0 18.0 18.0 23.0 64.0 261.0 17.0 18.0 17.0 17.0 18.0 17.0 17.0 18.0 18.0 58.0 18.0 18.0 17.0 17.0 18.0 16.0 18.0 18.0 17.0 62.0 17.0 17.0 18.0 18.0 17.0 18.0 17.0 17.0 18.0 18.0 17.0 17.0 18.0 17.0 19.0 17.0 55.0 17.0 17.0 23.0 17.0 17.0 17.0 42.0 18.0 18.0 17.0 17.0 18.0 18.0 17.0 19.0 17.0 17.0 59.0 17.0 17.0 18.0 23.0 17.0 18.0 17.0 17.0 17.0 18.0 17.0 17.0 17.0 24.0 19.0 17.0 18.0 17.0 18.0 20.0 17.0 17.0 20.0 17.0 17.0 23.0 17.0 18.0 17.0 18.0 19.0 24.0 17.0 18.0 33.0 17.0 19.0 17.0 17.0 18.0 39.0 17.0 17.0 17.0 17.0 17.0 18.0 17.0 18.0 17.0 17.0 34.0 51.0 18.0 17.0 17.0
39 40 1 TRACE 33.0 62.0 35.0 25.0 33.0 28.0 24.0 66.0 26.0 28.0 29.0 27.0 102.0 37.0 26.0 31.0 26.0 33.0 27.0 26.0 24.0 69.0 25.0 62.0 27.0 27.0 67.0 25.0 96.0 26.0 25.0 44.0 30.0 28.0 26.0 29.0 30.0 26.0 27.0 66.0 30.0 27.0 26.0 39.0 25.0 29.0 26.0 29.0 68.0 26.0 26.0 32.0 26.0 31.0 28.0 28.0 25.0 26.0 32.0 28.0 26.0 28.0 31.0 28.0
39 51 1 TRACE 40.0 27.0 27.0 33.0 29.0 33.0 30.0 28.0 31.0 27.0 30.0 29.0 62.0 182.0 28.0 82.0 80.0 36.0 28.0 65.0 32.0 26.0 27.0 29.0 27.0 31.0 31.0 28.0 30.0 29.0 29.0 66.0 30.0 27.0 30.0 30.0 25.0 26.0 28.0 71.0 32.0 41.0 30.0 27.0 39.0 26.0 27.0 27.0 28.0 30.0 29.0 30.0 28.0 30.0 28.0 71.0 27.0 28.0 27.0 32.0 27.0 58.0 27.0 26.0
40 41 1 TRACE 245.0 399.0 626.0 227.0 228.0 228.0 229.0 246.0 227.0 250.0 245.0 229.0 325.0 230.0 458.0 234.0 226.0 270.0 355.0 407.0 224.0 612.0 279.0 352.0 334.0 229.0 254.0 232.0 1039.0 223.0 302.0 422.0 350.0 306.0 230.0 224.0 631.0 282.0 320.0 243.0 224.0 273.0 225.0 344.0 326.0 805.0 437.0 801.0 303.0 290.0 246.0 231.0 228.0 908.0 255.0 593.0 241.0 278.0 236.0 224.0 343.0 823.0 392.0 843.0
41 42 1 TRACE 19.0 14.0 14.0 14.0 17.0 14.0 13.0 15.0 13.0 13.0 15.0 15.0 14.0 13.0 15.0 15.0 14.0 14.0 15.0 13.0 13.0 13.0 14.0 14.0 13.0 14.0 15.0 14.0 14.0 15.0 15.0 14.0 14.0 15.0 14.0 14.0 15.0 14.0 13.0 15.0 14.0 14.0 14.0 15.0 14.0 13.0 14.0 15.0 13.0 13.0 15.0 19.0 14.0 14.0 14.0 18.0 13.0 15.0 14.0 13.0 16.0 15.0 14.0 14.0 15.0 13.0 13.0 15.0 13.0 13.0 14.0 15.0 13.0 13.0 15.0 14.0 12.0 15.0 13.0 13.0 15.0 13.0 13.0 15.0 13.0 13.0 15.0 14.0 13.0 16.0 16.0 14.0 14.0 14.0 15.0 14.0 13.0 13.0 16.0 14.0 17.0 14.0 15.0 13.0 13.0 17.0 14.0 13.0 15.0 13.0 13.0 15.0 14.0 14.0 21.0 13.0 13.0 14.0 14.0 13.0 13.0 15.0 14.0 13.0 13.0 18.0 13.0 13.0 15.0 13.0 13.0 15.0 13.0 13.0 15.0 14.0 13.0 76.0 14.0 45.0 13.0 14.0 14.0 13.0 14.0 15.0 13.0 13.0 15.0 14.0 14.0 14.0 13.0 13.0 15.0 26.0 13.0 15.0 13.0 13.0 14.0 14.0 13.0 14.0 13.0 14.0 15.0 14.0 15.0 15.0 20.0 13.0 14.0 15.0 15.0 13.0 15.0 22.0 14.0 14.0 15.0 16.0 14.0 14.0 13.0 14.0 15.0 14.0 13.0 15.0 14.0 13.0 15.0 13.0 13.0 15.0 13.0 13.0 13.0 14.0 14.0 14.0 13.0 14.0 13.0 13.0 15.0 15.0 14.0 15.0 14.0 12.0 15.0 13.0 13.0
42 43 1 TRACE 17.0 12.0 12.0 12.0 13.0 12.0 12.0 12.0 12.0 12.0 12.0 12.0 12.0 12.0 12.0 12.0 13.0 13.0 13.0 12.0 12.0 12.0 13.0 12.0 13.0 12.0 12.0 12.0 12.0 12.0 12.0 12.0 12.0 12.0 13.0 12.0 12.0 12.0 12.0 12.0 13.0 12.0 12.0 12.0 12.0 12.0 12.0 12.0 12.0 12.0 13.0 12.0 12.0 12.0 12.0 11.0 12.0 12.0 12.0 12.0 12.0 12.0 12.0 12.0 12.0 12.0 12.0 12.0 12.0 12.0 12.0 13.0 12.0 11.0 12.0 12.0 11.0 13.0 13.0 12.0 12.0 12.0 12.0 12.0 12.0 12.0 12.0 13.0 13.0 13.0 12.0 12.0 12.0 12.0 12.0 12.0 12.0 12.0 13.0 13.0 13.0 11.0 12.0 12.0 12.0 12.0 12.0 12.0 12.0 12.0 12.0 12.0 12.0 12.0 12.0 12.0 11.0 12.0 13.0 18.0 12.0 12.0 12.0 12.0 12.0 13.0 12.0 12.0 13.0 12.0 12.0 12.0 12.0 12.0 12.0 12.0 12.0 12.0 15.0 12.0 12.0 12.0 12.0 12.0 12.0 12.0 12.0 12.0 12.0 12.0 11.0 12.0 12.0 12.0 12.0 12.0 12.0 12.0 12.0 12.0 12.0 11.0 12.0 12.0 11.0 12.0 21.0 12.0 11.0 12.0 12.0 11.0 12.0 12.0 12.0 12.0 12.0 12.0 12.0 11.0 13.0 12.0 11.0 12.0 12.0 11.0 12.0 12.0 12.0 12.0 12.0 12.0 12.0 12.0 12.0 12.0 12.0 12.0 12.0 12.0 12.0 12.0 11.0 12.0 12.0 12.0 12.0 13.0 12.0 12.0 12.0 12.0 13.0 12.0 12.0
43 44 1 TRACE 13.0 11.0 10.0 9.0 13.0 9.0 10.0 10.0 9.0 10.0 10.0 10.0 10.0 10.0 10.0 10.0 10.0 10.0 9.0 9.0 10.0 9.0 10.0 10.0 9.0 10.0 9.0 9.0 9.0 9.0 10.0 10.0 10.0 9.0 9.0 9.0 10.0 10.0 9.0 9.0 10.0 10.0 9.0 9.0 10.0 10.0 9.0 10.0 9.0 9.0 10.0 10.0 10.0 10.0 10.0 10.0 9.0 9.0 10.0 10.0 10.0 9.0 9.0 9.0 9.0 10.0 9.0 10.0 10.0 9.0 10.0 10.0 10.0 10.0 10.0 9.0 10.0 10.0 10.0 10.0 10.0 10.0 10.0 10.0 10.0 10.0 9.0 10.0 9.0 10.0 10.0 10.0 9.0 10.0 9.0 9.0 10.0 14.0 11.0 10.0 11.0 10.0 11.0 10.0 9.0 10.0 9.0 10.0 9.0 10.0 10.0 10.0 10.0 10.0 9.0 9.0 10.0 10.0 10.0 10.0 9.0 9.0 10.0 10.0 10.0 10.0 9.0 9.0 9.0 10.0 10.0 10.0 9.0 10.0 10.0 10.0 9.0 10.0 10.0 9.0 9.0 9.0 9.0 10.0 9.0 10.0 10.0 10.0 10.0 9.0 10.0 10.0 9.0 9.0 10.0 10.0 9.0 9.0 10.0 9.0 10.0 9.0 9.0 9.0 10.0 9.0 11.0 10.0 9.0 9.0 11.0 10.0 9.0 10.0 10.0 9.0 9.0 10.0 10.0 10.0 9.0 9.0 10.0 9.0 10.0 10.0 10.0 9.0 10.0 14.0 10.0 10.0 10.0 10.0 10.0 9.0 10.0 10.0 9.0 19.0 10.0 9.0 10.0 10.0 10.0 9.0 10.0 11.0 9.0 13.0 9.0 10.0 10.0 10.0 9.0
44 45 1 TRACE 88.0 61.0 61.0 59.0 102.0 61.0 67.0 64.0 62.0 332.0 64.0 61.0 62.0 61.0 154.0 61.0 64.0 63.0 155.0 63.0 61.0 199.0 155.0 124.0 184.0 72.0 91.0 60.0 59.0 158.0 59.0 61.0 71.0 190.0 110.0 64.0 153.0 62.0 62.0 157.0 61.0 69.0 62.0 187.0 59.0 61.0 181.0 61.0 72.0 60.0 98.0 101.0 61.0 167.0 179.0 61.0 70.0 165.0 61.0 68.0 81.0 64.0 108.0 63.0 127.0 64.0 87.0 111.0 70.0 95.0 105.0 61.0 122.0 64.0 82.0 63.0 61.0 129.0 60.0 108.0 166.0 77.0 60.0 201.0 153.0 76.0 61.0 73.0 117.0 60.0 68.0 63.0 60.0 59.0 61.0 72.0 62.0 56.0 145.0 150.0 62.0 63.0 59.0 63.0 60.0 173.0 61.0 58.0 105.0 61.0 67.0 67.0 65.0 247.0 135.0 110.0 67.0 156.0 62.0 62.0 58.0 164.0 61.0 124.0 60.0 106.0 123.0 65.0 139.0 61.0 115.0 116.0 61.0 64.0 149.0 108.0 61.0 123.0 58.0 74.0 58.0 105.0 83.0 120.0 160.0 145.0 60.0 64.0 93.0 68.0 68.0 125.0 63.0 394.0 113.0 71.0 66.0 63.0 66.0 61.0 90.0 63.0 119.0 131.0 66.0 60.0 104.0 60.0 59.0 217.0 99.0 60.0 155.0 60.0 76.0 111.0 60.0 88.0 59.0 61.0 162.0 59.0 77.0 152.0 59.0 112.0 67.0 110.0 60.0 318.0 60.0 78.0 168.0 61.0 68.0 99.0 62.0 67.0 75.0 112.0 60.0 61.0 60.0 116.0 62.0 59.0 68.0 83.0 58.0 59.0 60.0 58.0 63.0 87.0 63.0
45 46 1 TRACE 24.0 19.0 18.0 2493.0 18.0 19.0 20.0 18.0 17.0 29.0 17.0 18.0 17.0 20.0 18.0 17.0 17.0 19.0 21.0 18.0 22.0 49.0 19.0 18.0 19.0 17.0 17.0 17.0 16.0 19.0 17.0 17.0 68.0 19.0 18.0 17.0 18.0 19.0 17.0 16.0 16.0 72.0 17.0 19.0 17.0 20.0 24.0 17.0 21.0 16.0 19.0 17.0 25.0 17.0 29.0 20.0 17.0 18.0 19.0 17.0 66.0 20.0 17.0 18.0 20.0 16.0 23.0 20.0 16.0 56.0 17.0 20.0 18.0 20.0 20.0 18.0 18.0 20.0 16.0 23.0 30.0 17.0 19.0 21.0 16.0 17.0 17.0 20.0 16.0 53.0 20.0 18.0 19.0 16.0 17.0 19.0 17.0 17.0 37.0 22.0 17.0 17.0 16.0 17.0 22.0 62.0 17.0 17.0 17.0 21.0 17.0 18.0 17.0 69.0 19.0 17.0 17.0 18.0 16.0 18.0 21.0 18.0 18.0 16.0 16.0 20.0 18.0 22.0 21.0 19.0 26.0 20.0 17.0 22.0 17.0 19.0 20.0 17.0 17.0 17.0 18.0 16.0 18.0 57.0 17.0 54.0 17.0 16.0 25.0 18.0 16.0 17.0 17.0 17.0 16.0 31.0 18.0 23.0 17.0 18.0 18.0 19.0 18.0 19.0 133.0 17.0 17.0 17.0 16.0 18.0 19.0 16.0 23.0 17.0 17.0 23.0 17.0 17.0 72.0 16.0 18.0 16.0 20.0 18.0 17.0 16.0 55.0 67.0 22.0 62.0 19.0 26.0 28.0 20.0 17.0 54.0 17.0 17.0 21.0 17.0 17.0 17.0 16.0 17.0 17.0 55.0 18.0 18.0 17.0 63.0 16.0 19.0 18.0 65.0 18.0
46 47 1 TRACE 2997.0 1740.0 501.0 483.0 2219.0 744.0 489.0 1669.0 636.0 472.0 2398.0 1738.0 506.0 509.0 2342.0 1516.0 501.0 474.0 2358.0 1438.0 503.0 473.0 2358.0 1377.0 494.0 476.0 2593.0 955.0 496.0 2336.0 1573.0 537.0 475.0 2574.0 964.0 488.0 2556.0 978.0 490.0 2356.0 1473.0 486.0 481.0 2150.0 822.0 484.0 2613.0 1183.0 489.0 490.0 1821.0 632.0 494.0 2452.0 1116.0 495.0 477.0 2385.0 1359.0 474.0 458.0 2530.0 859.0 466.0 1993.0 689.0 455.0 1809.0 987.0 469.0 2399.0 1623.0 541.0 469.0 1682.0 571.0 470.0 2499.0 895.0 467.0 2028.0 689.0 546.0 2055.0 717.0 456.0 2473.0 1383.0 482.0 460.0 2354.0 1370.0 478.0 473.0 2553.0 1121.0 475.0 531.0 2004.0 533.0 490.0 2360.0 1616.0 495.0 472.0 2291.0 751.0 472.0 1773.0 646.0 466.0 2330.0 794.0 576.0 2222.0 766.0 472.0 2383.0 1252.0 479.0 465.0 2327.0 1540.0 551.0 525.0 1659.0 560.0 461.0 2369.0 803.0 512.0 2153.0 726.0 471.0 2498.0 1002.0 509.0 2355.0 1516.0 491.0 479.0 2520.0 810.0 454.0 2338.0 1404.0 486.0 467.0 2018.0 694.0 487.0 2073.0 771.0 503.0 1620.0 568.0 461.0 1860.0 668.0 498.0 1656.0 540.0 474.0 2278.0 916.0 473.0 2392.0 778.0 549.0 2526.0 981.0 473.0 2434.0 1195.0 472.0 526.0 2519.0 1190.0 513.0 469.0 1640.0 543.0 460.0 2598.0 959.0 508.0 1726.0 557.0 452.0 2504.0 1039.0 460.0 2493.0 893.0 467.0 2478.0 1071.0 476.0 455.0 2373.0 1430.0 580.0 501.0 2123.0 695.0 517.0 1631.0 537.0 469.0 1914.0 675.0 558.0 1623.0 535.0 464.0
47 48 1 TRACE 14.0 11.0 73.0 11.0 61.0 9.0 66.0 31.0 11.0 22.0 9.0 11.0 11.0 10.0 11.0 10.0 11.0 11.0 11.0 10.0 10.0 11.0 11.0 12.0 11.0 9.0 11.0 11.0 11.0 11.0 8.0 11.0 10.0 11.0 11.0 9.0 11.0 11.0 12.0 11.0 9.0 11.0 10.0 11.0 11.0 8.0 10.0 11.0 10.0 10.0 9.0 11.0 61.0 11.0 22.0 8.0 17.0 11.0 20.0 77.0 8.0 10.0 27.0 44.0 11.0 9.0 11.0 10.0 10.0 10.0 9.0 37.0 100.0 75.0 57.0 9.0 11.0 11.0 11.0 11.0 9.0 11.0 10.0 11.0 11.0 8.0 11.0 21.0 11.0 11.0 9.0 12.0 27.0 11.0 11.0 9.0 73.0 26.0 12.0 11.0 8.0 10.0 10.0 11.0 11.0 8.0 13.0 38.0 11.0 10.0 8.0 11.0 33.0 11.0 11.0 9.0 12.0 11.0 11.0 18.0 8.0 11.0 10.0 11.0 10.0 8.0 11.0 10.0 11.0 10.0 9.0 10.0 11.0 11.0 11.0 9.0 35.0 10.0 11.0 11.0 8.0 10.0 11.0 10.0 10.0 9.0 12.0 11.0 11.0 22.0 9.0 14.0 12.0 11.0 11.0 8.0 11.0 11.0 11.0 11.0 8.0 10.0 17.0 11.0 11.0 8.0 16.0 11.0 11.0 11.0 9.0 11.0 10.0 11.0 24.0 9.0 10.0 11.0 11.0 11.0 10.0 11.0 11.0 11.0 11.0 9.0 34.0 11.0 11.0 11.0 8.0 11.0 10.0 11.0 11.0 9.0 11.0 11.0 11.0 11.0 9.0 10.0 11.0 12.0 11.0 9.0 10.0 10.0 18.0 10.0 8.0 16.0 10.0 10.0 64.0 9.0 17.0 10.0 11.0 11.0 9.0 15.0 11.0 11.0 10.0 8.0 11.0 10.0 11.0 11.0 9.0 12.0 11.0 11.0 11.0 9.0 11.0 12.0 12.0 11.0 8.0 10.0 27.0 14.0 15.0 8.0 10.0 15.0 11.0 11.0 9.0 12.0 11.0 12.0 11.0 8.0 16.0 11.0 17.0 11.0 9.0 11.0 47.0 11.0 11.0 8.0 47.0 11.0 12.0 11.0 8.0 18.0 15.0 18.0 20.0 9.0 10.0 23.0 11.0 11.0 8.0 10.0 11.0 10.0 10.0 9.0 13.0 11.0 12.0 11.0 9.0 11.0 11.0 11.0 11.0 9.0 11.0 10.0 11.0 11.0 9.0 11.0 10.0 11.0 11.0 9.0 11.0 11.0 11.0 12.0 9.0 11.0 10.0 11.0 50.0 8.0 11.0 11.0 10.0 11.0 9.0 11.0 11.0 11.0 11.0 9.0 12.0 11.0 10.0 10.0 9.0 11.0 10.0 11.0 10.0 8.0 11.0 10.0 11.0 11.0 8.0 10.0 11.0 11.0 11.0 9.0 11.0 10.0 11.0 11.0 9.0 15.0 66.0 11.0 18.0 9.0 11.0 11.0 11.0 11.0 9.0 11.0 10.0 10.0 64.0 9.0 10.0 11.0 37.0 16.0 9.0 11.0 10.0 11.0 11.0 9.0 11.0 11.0 15.0 11.0 8.0 11.0 10.0 37.0 24.0 10.0 11.0 10.0 12.0 11.0 9.0 12.0 11.0 11.0 11.0 8.0 10.0 10.0 11.0 11.0 9.0 11.0 10.0 11.0 11.0 9.0 12.0 11.0 11.0 11.0 8.0 10.0 10.0 11.0 11.0 9.0 11.0 11.0 11.0 11.0 9.0 11.0 14.0 11.0 10.0 9.0 10.0 11.0 10.0 11.0 9.0 11.0 37.0 11.0 12.0 9.0 15.0 11.0 11.0 11.0 8.0 11.0 10.0 10.0 14.0 9.0 11.0 10.0 11.0 11.0 9.0 21.0 46.0 19.0 17.0 9.0 11.0 12.0 21.0 11.0 8.0 11.0 11.0 11.0 10.0 8.0 10.0 10.0 16.0 10.0 9.0 11.0 36.0 11.0 11.0 13.0 11.0 17.0 10.0 11.0 8.0 11.0 10.0 10.0 11.0 9.0 11.0 11.0 10.0 11.0 11.0 13.0 12.0 21.0 12.0 9.0 12.0 11.0 11.0 12.0 9.0 11.0 12.0 11.0 12.0 9.0 11.0 29.0 86.0 11.0 9.0 24.0 12.0 14.0 11.0 9.0 11.0 11.0 10.0 10.0 9.0 11.0 10.0 11.0 12.0 9.0 25.0 11.0 12.0 11.0 9.0 11.0 11.0 11.0 11.0 8.0 11.0 10.0 11.0 11.0 9.0 11.0 11.0 11.0 11.0 8.0 11.0 56.0 11.0 11.0 8.0 11.0 10.0 11.0 10.0 10.0 12.0 11.0 12.0 11.0 9.0 11.0 11.0 11.0 14.0 9.0 11.0 23.0 10.0 11.0 9.0 11.0 10.0 11.0 11.0 8.0 11.0 16.0 11.0 11.0 9.0 10.0 11.0 10.0 11.0 9.0 11.0 32.0 11.0 11.0 9.0 19.0 11.0 18.0 12.0 8.0 10.0 11.0 10.0 11.0 9.0 10.0 10.0 11.0 11.0 9.0 11.0 12.0 42.0 11.0 9.0 11.0 21.0 11.0 11.0 9.0 10.0 11.0 10.0 10.0 8.0 11.0 10.0 10.0 10.0 10.0 10.0 11.0 11.0 11.0 8.0 10.0 11.0 11.0 17.0 12.0 10.0 10.0 11.0 11.0 9.0 10.0 11.0 11.0 11.0 8.0 11.0 11.0 15.0 11.0 9.0 11.0 46.0 15.0 12.0 9.0 10.0 11.0 11.0 11.0 9.0 11.0 11.0 11.0 11.0 9.0 11.0 11.0 10.0 10.0 9.0 11.0 17.0 12.0 12.0 9.0 11.0 12.0 11.0 11.0 9.0 11.0 10.0 10.0 11.0 9.0 11.0 29.0 11.0 11.0 9.0 11.0 11.0 18.0 11.0 8.0 11.0 10.0 10.0 10.0 9.0 11.0 10.0 22.0 10.0 9.0 53.0 77.0 12.0 11.0 8.0 11.0 11.0 11.0 11.0 8.0 11.0 11.0 20.0 30.0 9.0 13.0 117.0 11.0 12.0 8.0 79.0 14.0 27.0 22.0 9.0 18.0 11.0 31.0 11.0 8.0 11.0 11.0 14.0 11.0 9.0 11.0 11.0 11.0 11.0 9.0 12.0 13.0 10.0 11.0 9.0 10.0 14.0 12.0 14.0 9.0 11.0 18.0 11.0 11.0 9.0 13.0 12.0 11.0 11.0 9.0 11.0 11.0 10.0 10.0 9.0 11.0 11.0 11.0 11.0 9.0 11.0 11.0 11.0 11.0 8.0 10.0 10.0 10.0 11.0 9.0 11.0 11.0 11.0 11.0 8.0 10.0 11.0 12.0 10.0 9.0 11.0 16.0 40.0 17.0 9.0 12.0 11.0 11.0 11.0 8.0 26.0 10.0 11.0 11.0 8.0 11.0 11.0 11.0 11.0 9.0 11.0 10.0 12.0 11.0 9.0 11.0 11.0 11.0 11.0 8.0 11.0 11.0 11.0 11.0 9.0 24.0 11.0 11.0 10.0 8.0 13.0 13.0 25.0 56.0 9.0 12.0 10.0 11.0 10.0 9.0 12.0 43.0 11.0 11.0 9.0 11.0 10.0 25.0 11.0 21.0 11.0 11.0 11.0 11.0 9.0 11.0 11.0 18.0 11.0 9.0 15.0 11.0 15.0 11.0 8.0 11.0 36.0 30.0 10.0 9.0 11.0 10.0 10.0 11.0 9.0 15.0 32.0 11.0 11.0 8.0 11.0 11.0 11.0 11.0 9.0 11.0 11.0 11.0 11.0 9.0 10.0 11.0 11.0 11.0 9.0 11.0 11.0 11.0 11.0 9.0 10.0 11.0 13.0 11.0 9.0 10.0 11.0 10.0 10.0 9.0 11.0 10.0 11.0 11.0 9.0 21.0 11.0 11.0 11.0 8.0 11.0 10.0 10.0 11.0 9.0 11.0 11.0 11.0 11.0 8.0 11.0 13.0 11.0 10.0 9.0 10.0 21.0 23.0 10.0 9.0 12.0 11.0 11.0 11.0 9.0 11.0 11.0 11.0 11.0 8.0 10.0 11.0 12.0 10.0 9.0 22.0 11.0 11.0 11.0 9.0 58.0 11.0 11.0 11.0 8.0 10.0 11.0 11.0 13.0 9.0 10.0 10.0 11.0 11.0 8.0 11.0 12.0 11.0 10.0 11.0 11.0 11.0 11.0 15.0 8.0 10.0 11.0 20.0 11.0 9.0 11.0 26.0 11.0 11.0 9.0 11.0 11.0 27.0 11.0 8.0 11.0 11.0 11.0 11.0 9.0 10.0 10.0 15.0 51.0 9.0 11.0 11.0 11.0 11.0 9.0 51.0 14.0 10.0 14.0 9.0 11.0 11.0 10.0 11.0 9.0 11.0 11.0 11.0 10.0 12.0 11.0 11.0 10.0 11.0 9.0 10.0 10.0 10.0 11.0 8.0 10.0 11.0 11.0 11.0 8.0 11.0 10.0 23.0 11.0 14.0 18.0 11.0 11.0 11.0 9.0 11.0 11.0 11.0 11.0 9.0 10.0 11.0 11.0 12.0 9.0 10.0 10.0 11.0 11.0
48 49 1 TRACE 124.0 87.0 63.0 55.0 51.0 71.0 87.0 58.0 49.0 46.0 8.0 12.0 11.0 11.0 11.0 7.0 10.0 9.0 10.0 10.0 242.0 115.0 78.0 60.0 79.0 13.0 27.0 28.0 25.0 25.0 7.0 10.0 10.0 10.0 10.0 167.0 110.0 74.0 59.0 49.0 9.0 18.0 17.0 24.0 17.0 7.0 10.0 10.0 10.0 10.0 95.0 92.0 61.0 50.0 48.0 91.0 91.0 129.0 52.0 48.0 8.0 12.0 12.0 12.0 12.0 8.0 10.0 10.0 10.0 10.0 80.0 110.0 61.0 53.0 50.0 105.0 88.0 67.0 53.0 46.0 9.0 12.0 13.0 12.0 12.0 8.0 64.0 10.0 10.0 11.0 93.0 85.0 63.0 49.0 45.0 86.0 86.0 66.0 53.0 45.0 8.0 12.0 12.0 12.0 12.0 7.0 37.0 16.0 9.0 10.0 114.0 78.0 58.0 51.0 45.0 89.0 82.0 65.0 114.0 45.0 8.0 12.0 12.0 12.0 11.0 7.0 10.0 10.0 10.0 12.0 177.0 100.0 71.0 57.0 49.0 34.0 51.0 47.0 41.0 37.0 9.0 10.0 10.0 10.0 11.0 91.0 71.0 59.0 51.0 48.0 94.0 90.0 70.0 53.0 45.0 9.0 12.0 12.0 23.0 12.0 8.0 11.0 11.0 10.0 10.0 173.0 104.0 81.0 57.0 50.0 31.0 50.0 44.0 38.0 34.0 8.0 10.0 10.0 15.0 10.0 169.0 98.0 70.0 57.0 51.0 35.0 53.0 45.0 40.0 37.0 8.0 10.0 11.0 10.0 11.0 107.0 87.0 61.0 50.0 46.0 85.0 81.0 66.0 49.0 44.0 8.0 12.0 11.0 12.0 11.0 7.0 10.0 10.0 10.0 12.0 210.0 115.0 75.0 58.0 51.0 14.0 32.0 26.0 27.0 25.0 7.0 10.0 11.0 10.0 10.0 134.0 93.0 68.0 56.0 50.0 60.0 64.0 54.0 45.0 41.0 9.0 11.0 11.0 21.0 11.0 7.0 10.0 10.0 13.0 10.0 198.0 113.0 76.0 57.0 49.0 11.0 23.0 23.0 22.0 21.0 7.0 10.0 12.0 9.0 10.0 146.0 104.0 79.0 60.0 49.0 42.0 60.0 50.0 44.0 40.0 8.0 17.0 11.0 11.0 11.0 7.0 10.0 10.0 10.0 10.0 110.0 86.0 66.0 54.0 51.0 81.0 75.0 61.0 49.0 42.0 8.0 11.0 11.0 11.0 11.0 8.0 10.0 10.0 9.0 10.0 193.0 111.0 75.0 59.0 50.0 25.0 38.0 36.0 34.0 34.0 8.0 10.0 10.0 48.0 10.0 194.0 108.0 75.0 58.0 50.0 12.0 27.0 26.0 24.0 24.0 8.0 10.0 10.0 9.0 14.0 187.0 108.0 79.0 58.0 50.0 11.0 22.0 24.0 22.0 22.0 8.0 10.0 10.0 9.0 10.0 86.0 70.0 64.0 51.0 47.0 96.0 85.0 71.0 53.0 45.0 10.0 13.0 12.0 12.0 16.0 8.0 10.0 9.0 10.0 10.0 170.0 111.0 71.0 57.0 49.0 10.0 18.0 17.0 19.0 18.0 7.0 10.0 10.0 10.0 10.0 186.0 119.0 77.0 58.0 50.0 19.0 40.0 37.0 34.0 31.0 8.0 11.0 11.0 10.0 10.0 195.0 108.0 75.0 61.0 52.0 13.0 27.0 28.0 24.0 25.0 7.0 10.0 10.0 10.0 10.0 190.0 109.0 82.0 59.0 50.0 14.0 27.0 33.0 26.0 25.0 8.0 11.0 10.0 10.0 10.0 126.0 89.0 70.0 59.0 48.0 66.0 71.0 58.0 46.0 41.0 9.0 12.0 12.0 11.0 18.0 8.0 10.0 10.0 10.0 10.0 109.0 82.0 62.0 56.0 52.0 80.0 78.0 63.0 50.0 44.0 9.0 12.0 12.0 11.0 11.0 8.0 10.0 10.0 10.0 10.0 149.0 91.0 69.0 59.0 46.0 51.0 60.0 50.0 44.0 39.0 9.0 11.0 11.0 11.0 11.0 8.0 10.0 10.0 10.0 10.0 148.0 140.0 84.0 65.0 51.0 10.0 15.0 15.0 15.0 15.0 8.0 10.0 10.0 11.0 15.0 93.0 72.0 61.0 50.0 48.0 93.0 91.0 71.0 53.0 46.0 9.0 73.0 12.0 12.0 11.0 8.0 10.0 10.0 10.0 10.0 209.0 124.0 76.0 57.0 50.0 16.0 85.0 30.0 34.0 28.0 8.0 10.0 10.0 9.0 10.0 185.0 112.0 76.0 58.0 49.0 11.0 24.0 23.0 22.0 22.0 7.0 10.0 10.0 10.0 12.0 182.0 111.0 75.0 59.0 51.0 17.0 33.0 33.0 29.0 64.0 7.0 11.0 11.0 10.0 10.0 188.0 108.0 76.0 58.0 49.0 15.0 29.0 30.0 27.0 26.0 8.0 10.0 10.0 10.0 10.0 131.0 94.0 66.0 57.0 49.0 62.0 68.0 55.0 45.0 41.0 9.0 24.0 11.0 11.0 10.0 8.0 11.0 10.0 10.0 48.0 92.0 70.0 64.0 52.0 48.0 91.0 88.0 71.0 52.0 45.0 9.0 12.0 12.0 12.0 12.0 7.0 9.0 11.0 10.0 10.0 164.0 108.0 75.0 56.0 49.0 9.0 19.0 17.0 17.0 18.0 8.0 10.0 10.0 10.0 10.0 192.0 113.0 74.0 59.0 60.0 17.0 34.0 39.0 32.0 30.0 8.0 10.0 10.0 9.0 11.0 192.0 109.0 77.0 59.0 51.0 14.0 33.0 29.0 25.0 25.0 8.0 10.0 9.0 10.0 10.0 162.0 100.0 75.0 56.0 50.0 33.0 50.0 46.0 39.0 36.0 8.0 10.0 11.0 10.0 10.0 100.0 75.0 62.0 49.0 46.0 93.0 84.0 68.0 52.0 46.0 9.0 28.0 12.0 72.0 12.0 8.0 12.0 11.0 10.0 10.0 196.0 144.0 100.0 58.0 50.0 19.0 37.0 37.0 35.0 31.0 7.0 10.0 10.0 10.0 10.0 104.0 185.0 64.0 53.0 59.0 87.0 81.0 65.0 53.0 48.0 9.0 12.0 12.0 11.0 14.0 8.0 10.0 10.0 10.0 10.0 210.0 122.0 75.0 60.0 50.0 13.0 28.0 28.0 26.0 24.0 8.0 10.0 11.0 10.0 10.0 190.0 110.0 74.0 89.0 49.0 14.0 30.0 29.0 26.0 32.0 8.0 10.0 14.0 9.0 10.0 127.0 103.0 75.0 62.0 48.0 9.0 15.0 15.0 16.0 14.0 7.0 10.0 10.0 10.0 12.0 202.0 110.0 98.0 59.0 48.0 11.0 23.0 25.0 23.0 23.0 8.0 10.0 10.0 21.0 9.0 135.0 101.0 72.0 57.0 48.0 9.0 15.0 15.0 14.0 14.0 8.0 10.0 9.0 9.0 10.0 204.0 120.0 74.0 57.0 50.0 16.0 30.0 32.0 28.0 28.0 7.0 10.0 10.0 10.0 11.0 184.0 122.0 74.0 60.0 51.0 16.0 35.0 33.0 29.0 32.0 8.0 30.0 10.0 10.0 10.0 161.0 102.0 81.0 57.0 52.0 29.0 49.0 42.0 38.0 35.0 22.0 11.0 11.0 10.0 10.0 131.0 92.0 64.0 56.0 49.0 60.0 67.0 54.0 45.0 40.0 8.0 11.0 12.0 11.0 10.0 8.0 9.0 10.0 10.0 10.0 126.0 110.0 66.0 70.0 87.0 64.0 68.0 56.0 47.0 42.0 9.0 10.0 11.0 11.0 11.0 8.0 10.0 9.0 10.0 9.0 105.0 96.0 69.0 57.0 47.0 8.0 13.0 13.0 13.0 12.0 7.0 10.0 10.0 10.0 10.0 171.0 118.0 75.0 57.0 50.0 24.0 45.0 41.0 36.0 33.0 8.0 11.0 10.0 10.0 11.0 166.0 111.0 76.0 58.0 48.0 10.0 18.0 18.0 18.0 18.0 8.0 10.0 9.0 10.0 11.0 163.0 105.0 83.0 57.0 52.0 35.0 52.0 47.0 40.0 36.0 8.0 11.0 11.0 10.0 10.0 195.0 118.0 76.0 58.0 52.0 18.0 141.0 35.0 31.0 31.0 7.0 10.0 9.0 9.0 10.0 147.0 97.0 68.0 57.0 49.0 40.0 57.0 51.0 41.0 38.0 8.0 11.0 11.0 10.0 11.0 8.0 10.0 10.0 10.0 10.0 113.0 80.0 61.0 53.0 48.0 87.0 82.0 66.0 51.0 47.0 8.0 12.0 11.0 12.0 11.0 8.0 10.0 56.0 12.0 11.0 211.0 112.0 77.0 58.0 50.0 38.0 30.0 62.0 25.0 26.0 8.0 9.0 10.0 10.0 10.0 130.0 101.0 71.0 56.0 48.0 9.0 14.0 14.0 14.0 13.0 8.0 10.0 10.0 10.0 9.0 201.0 112.0 79.0 57.0 49.0 11.0 23.0 25.0 25.0 22.0 8.0 10.0 10.0 11.0 23.0 124.0 101.0 71.0 55.0 47.0 9.0 14.0 13.0 13.0 13.0 8.0 9.0 9.0 10.0 10.0
49 47 1 TRACE 2136.0 1905.0 1796.0 1713.0 944.0 630.0 529.0 487.0 177.0 177.0 174.0 172.0 2212.0 165.0 162.0 161.0 1415.0 1121.0 949.0 792.0 345.0 330.0 322.0 334.0 163.0 171.0 163.0 162.0 1093.0 871.0 718.0 621.0 301.0 261.0 250.0 249.0 163.0 164.0 162.0 163.0 1814.0 1711.0 1596.0 1541.0 903.0 642.0 534.0 484.0 186.0 189.0 182.0 178.0 162.0 173.0 188.0 168.0 1821.0 1656.0 1543.0 1457.0 826.0 659.0 541.0 483.0 185.0 187.0 183.0 180.0 169.0 164.0 161.0 160.0 1856.0 1662.0 1598.0 1441.0 846.0 645.0 540.0 479.0 181.0 184.0 178.0 179.0 219.0 164.0 162.0 161.0 1772.0 1607.0 1482.0 1379.0 774.0 631.0 540.0 466.0 182.0 184.0 176.0 179.0 161.0 163.0 161.0 160.0 1740.0 1387.0 1275.0 1164.0 515.0 469.0 434.0 403.0 166.0 176.0 164.0 164.0 1775.0 1641.0 1543.0 1447.0 860.0 669.0 552.0 486.0 192.0 189.0 179.0 179.0 160.0 164.0 165.0 162.0 1712.0 1394.0 1246.0 1132.0 549.0 459.0 424.0 399.0 166.0 168.0 166.0 168.0 1735.0 1404.0 1268.0 1156.0 527.0 473.0 434.0 407.0 166.0 168.0 174.0 166.0 1752.0 1569.0 1432.0 1350.0 799.0 628.0 522.0 505.0 179.0 174.0 167.0 168.0 302.0 159.0 154.0 161.0 1391.0 1096.0 927.0 784.0 325.0 318.0 360.0 302.0 156.0 191.0 168.0 178.0 1735.0 1441.0 1336.0 1273.0 644.0 543.0 474.0 436.0 165.0 167.0 163.0 160.0 157.0 157.0 156.0 156.0 1181.0 918.0 780.0 663.0 272.0 258.0 251.0 241.0 156.0 158.0 157.0 157.0 1692.0 1409.0 1297.0 1249.0 562.0 501.0 445.0 415.0 162.0 166.0 161.0 160.0 160.0 159.0 154.0 155.0 1809.0 1524.0 1352.0 1317.0 722.0 596.0 509.0 457.0 169.0 170.0 177.0 166.0 161.0 157.0 157.0 156.0 1671.0 1299.0 1120.0 985.0 399.0 389.0 400.0 341.0 159.0 165.0 163.0 165.0 1311.0 986.0 815.0 717.0 317.0 303.0 286.0 283.0 169.0 160.0 156.0 156.0 1156.0 936.0 751.0 672.0 563.0 272.0 266.0 259.0 156.0 157.0 156.0 157.0 1746.0 1610.0 1512.0 1429.0 864.0 669.0 539.0 484.0 215.0 179.0 172.0 173.0 157.0 157.0 154.0 154.0 1115.0 861.0 797.0 628.0 239.0 230.0 221.0 222.0 157.0 156.0 155.0 155.0 1585.0 1301.0 1138.0 1008.0 398.0 380.0 359.0 343.0 160.0 160.0 159.0 157.0 1311.0 1021.0 860.0 714.0 311.0 299.0 289.0 282.0 158.0 160.0 166.0 160.0 1330.0 1031.0 878.0 784.0 323.0 309.0 315.0 294.0 211.0 187.0 156.0 157.0 1721.0 1438.0 1320.0 1279.0 671.0 560.0 482.0 454.0 166.0 171.0 163.0 162.0 155.0 158.0 156.0 157.0 1763.0 1526.0 1372.0 1310.0 734.0 605.0 508.0 467.0 232.0 170.0 165.0 165.0 207.0 158.0 156.0 159.0 1778.0 1401.0 1297.0 1251.0 603.0 519.0 467.0 432.0 164.0 164.0 163.0 160.0 158.0 159.0 155.0 155.0 1289.0 973.0 774.0 644.0 223.0 224.0 228.0 216.0 189.0 171.0 169.0 168.0 1787.0 1664.0 1546.0 1402.0 862.0 678.0 538.0 493.0 190.0 181.0 223.0 172.0 165.0 159.0 208.0 155.0 1491.0 1182.0 997.0 847.0 354.0 340.0 330.0 322.0 211.0 161.0 160.0 158.0 1169.0 887.0 746.0 659.0 282.0 267.0 260.0 252.0 161.0 159.0 154.0 156.0 1491.0 1202.0 1032.0 906.0 378.0 366.0 337.0 375.0 160.0 161.0 161.0 160.0 1415.0 1101.0 942.0 836.0 342.0 335.0 326.0 321.0 158.0 160.0 157.0 156.0 1729.0 1427.0 1303.0 1242.0 641.0 552.0 474.0 446.0 165.0 166.0 163.0 162.0 156.0 158.0 156.0 155.0 1758.0 1645.0 1509.0 1434.0 866.0 666.0 547.0 484.0 177.0 186.0 178.0 175.0 155.0 157.0 155.0 155.0 1099.0 858.0 748.0 623.0 235.0 227.0 218.0 219.0 158.0 157.0 165.0 159.0 1562.0 1273.0 1225.0 1028.0 393.0 370.0 342.0 340.0 202.0 180.0 158.0 157.0 1391.0 1091.0 920.0 807.0 330.0 318.0 310.0 349.0 157.0 162.0 157.0 156.0 1711.0 1367.0 1253.0 1177.0 518.0 465.0 424.0 403.0 165.0 162.0 160.0 159.0 1748.0 1604.0 1478.0 1383.0 846.0 648.0 526.0 482.0 175.0 176.0 227.0 168.0 155.0 161.0 154.0 157.0 1583.0 1245.0 1086.0 974.0 402.0 389.0 359.0 346.0 161.0 161.0 175.0 157.0 1809.0 1568.0 1422.0 1336.0 763.0 624.0 513.0 463.0 179.0 174.0 167.0 167.0 158.0 157.0 154.0 161.0 1344.0 1030.0 875.0 746.0 323.0 303.0 297.0 290.0 156.0 158.0 157.0 157.0 1334.0 1029.0 872.0 776.0 325.0 316.0 300.0 303.0 161.0 159.0 156.0 158.0 983.0 791.0 676.0 577.0 207.0 200.0 191.0 193.0 160.0 157.0 155.0 155.0 1215.0 985.0 837.0 733.0 296.0 285.0 270.0 269.0 157.0 157.0 156.0 156.0 1026.0 872.0 737.0 637.0 228.0 200.0 199.0 250.0 161.0 159.0 155.0 156.0 1506.0 1233.0 1072.0 942.0 369.0 335.0 321.0 324.0 158.0 161.0 161.0 160.0 1520.0 1221.0 1049.0 928.0 372.0 354.0 336.0 324.0 166.0 165.0 157.0 158.0 1692.0 1387.0 1272.0 1159.0 528.0 475.0 413.0 388.0 178.0 200.0 158.0 161.0 1744.0 1430.0 1335.0 1281.0 638.0 544.0 479.0 441.0 165.0 167.0 162.0 162.0 158.0 158.0 155.0 205.0 1746.0 1438.0 1331.0 1302.0 675.0 566.0 484.0 464.0 170.0 170.0 216.0 168.0 156.0 157.0 154.0 155.0 1061.0 870.0 742.0 612.0 189.0 187.0 180.0 181.0 157.0 167.0 159.0 155.0 1723.0 1461.0 1306.0 1189.0 448.0 421.0 391.0 369.0 160.0 161.0 158.0 158.0 1156.0 906.0 757.0 651.0 245.0 231.0 226.0 225.0 156.0 157.0 155.0 156.0 1694.0 1401.0 1319.0 1215.0 540.0 478.0 423.0 401.0 162.0 163.0 169.0 162.0 1551.0 1266.0 1096.0 972.0 388.0 380.0 356.0 337.0 159.0 162.0 158.0 158.0 1729.0 1412.0 1285.0 1221.0 620.0 498.0 442.0 419.0 166.0 164.0 178.0 160.0 156.0 157.0 157.0 173.0 1756.0 1573.0 1418.0 1344.0 800.0 631.0 517.0 474.0 197.0 176.0 168.0 167.0 157.0 160.0 157.0 156.0 1354.0 1063.0 906.0 765.0 361.0 303.0 293.0 287.0 157.0 159.0 156.0 156.0 1037.0 897.0 731.0 690.0 202.0 200.0 190.0 196.0 156.0 157.0 155.0 156.0 1329.0 1060.0 896.0 781.0 297.0 279.0 269.0 265.0 157.0 160.0 156.0 156.0 1053.0 878.0 770.0 680.0 204.0 200.0 200.0 209.0 159.0 158.0 156.0 157.0
49 50 1 TRACE 145.0 136.0 133.0 42.0 589.0 118.0 62.0 461.0 37.0 121.0 717.0 74.0 42.0 43.0 600.0 218.0 107.0 57.0 469.0 331.0 162.0 108.0 713.0 79.0 47.0 47.0 270.0 417.0 33.0 626.0 240.0 80.0 34.0 77.0 93.0 32.0 205.0 123.0 38.0 554.0 2964.0 278.0 166.0 468.0 138.0 32.0 481.0 474.0 102.0 126.0 620.0 219.0 86.0 357.0 151.0 47.0 124.0 503.0 195.0 161.0 129.0 480.0 326.0 186.0 534.0 202.0 62.0 1176.0 251.0 87.0 263.0 321.0 54.0 89.0 442.0 232.0 41.0 513.0 192.0 135.0 412.0 227.0 70.0 415.0 178.0 42.0 261.0 191.0 121.0 113.0 203.0 211.0 91.0 38.0 274.0 84.0 74.0 107.0 609.0 82.0 64.0 140.0 233.0 34.0 33.0 884.0 49.0 81.0 751.0 87.0 37.0 544.0 58.0 32.0 479.0 193.0 68.0 221.0 149.0 91.0 35.0 136.0 137.0 39.0 85.0 530.0 70.0 60.0 238.0 79.0 33.0 431.0 158.0 45.0 252.0 140.0 54.0 133.0 169.0 33.0 122.0 228.0 182.0 67.0 74.0 221.0 35.0 34.0 660.0 80.0 117.0 510.0 117.0 94.0 610.0 114.0 308.0 420.0 103.0 32.0 408.0 35.0 58.0 247.0 106.0 229.0 405.0 202.0 51.0 348.0 122.0 37.0 1456.0 250.0 352.0 390.0 442.0 180.0 45.0 95.0 455.0 92.0 35.0 189.0 177.0 84.0 452.0 52.0 70.0 295.0 128.0 129.0 391.0 52.0 153.0 134.0 112.0 34.0 51.0 140.0 199.0 112.0 133.0 515.0 606.0 86.0 280.0 271.0 160.0 240.0 102.0 52.0 294.0 38.0 61.0
50 25 1 TRACE 34.0 26.0 25.0 24.0 24.0 68.0 23.0 31.0 24.0 30.0 32.0 24.0 24.0 23.0 42.0 23.0 29.0 29.0 25.0 31.0 24.0 23.0 34.0 26.0 26.0 24.0 23.0 23.0 25.0 24.0 30.0 25.0 74.0 26.0 24.0 24.0 25.0 33.0 26.0 52.0 23.0 28.0 23.0 26.0 25.0 24.0 60.0 23.0 26.0 30.0 31.0 57.0 23.0 23.0 30.0 24.0 32.0 26.0 23.0 23.0 26.0 24.0 25.0 24.0
50 41 1 TRACE 10.0 9.0 9.0 10.0 21.0 9.0 9.0 10.0 9.0 9.0 9.0 9.0 9.0 9.0 9.0 9.0 9.0 9.0 9.0 9.0 9.0 9.0 10.0 9.0 9.0 9.0 9.0 9.0 9.0 10.0 9.0 9.0 9.0 9.0 9.0 9.0 9.0 10.0 10.0 9.0 9.0 10.0 9.0 9.0 10.0 10.0 9.0 9.0 9.0 9.0 10.0 9.0 9.0 9.0 9.0 10.0 10.0 10.0 9.0 9.0 9.0 9.0 9.0 13.0 9.0 9.0 9.0 9.0 9.0 9.0 10.0 12.0 10.0 9.0 9.0 10.0 9.0 9.0 9.0 9.0 9.0 9.0 9.0 9.0 9.0 9.0 9.0 9.0 9.0 9.0 9.0 9.0 9.0 9.0 9.0 9.0 9.0 9.0 9.0 9.0 9.0 9.0 9.0 9.0 9.0 10.0 9.0 10.0 9.0 10.0 9.0 10.0 9.0 10.0 9.0 9.0 10.0 10.0 9.0 9.0 9.0 10.0 9.0 8.0 9.0 10.0 9.0 12.0 9.0 9.0 9.0 9.0 9.0 9.0 9.0 9.0 9.0 9.0 9.0 9.0 9.0 9.0 9.0 9.0 9.0 11.0 9.0 10.0 9.0 9.0 9.0
51 52 1 TRACE 3089.0 2807.0 2801.0 2911.0 2826.0 2827.0 2842.0 2854.0 2848.0 2952.0 2782.0 2862.0 2727.0 2815.0 2753.0 2764.0 2784.0 2750.0 2753.0 2765.0 2846.0 2747.0 2806.0 2780.0 2741.0 2786.0 2775.0 2752.0 2820.0 2840.0 2880.0 2711.0 2732.0 2701.0 2816.0 2787.0 2738.0 2726.0 2720.0 2774.0 2811.0 2745.0 2840.0 2768.0 2696.0 2736.0 2693.0 2763.0 2859.0 2729.0 2791.0 2798.0 2753.0 2713.0 2766.0 2711.0 2733.0 2748.0 2731.0 2786.0 2727.0 2846.0 2743.0 2722.0
52 53 1 TRACE 78.0 83.0 90.0 73.0 99.0 72.0 93.0 73.0 70.0 84.0 73.0 72.0 73.0 74.0 75.0 77.0 90.0 77.0 75.0 70.0 75.0 73.0 73.0 71.0 71.0 71.0 71.0 72.0 81.0 144.0 71.0 71.0 136.0 104.0 70.0 70.0 72.0 74.0 71.0 73.0 70.0 77.0 147.0 84.0 85.0 100.0 110.0 80.0 71.0 70.0 71.0 119.0 70.0 114.0 72.0 72.0 71.0 75.0 82.0 71.0 78.0 71.0 71.0 79.0
53 54 1 TRACE 28.0 22.0 18.0 18.0 21.0 19.0 24.0 77.0 20.0 19.0 18.0 21.0 21.0 22.0 23.0 22.0 22.0 28.0 16.0 17.0 23.0 21.0 22.0 20.0 19.0 20.0 20.0 18.0 20.0 20.0 24.0 23.0 53.0 21.0 19.0 20.0 21.0 20.0 18.0 15.0 21.0 20.0 174.0 17.0 20.0 20.0 15.0 17.0 15.0 15.0 17.0 20.0 18.0 19.0 19.0 20.0 19.0 17.0 21.0 22.0 18.0 19.0 16.0 17.0
54 55 1 TRACE 47.0 20.0 21.0 21.0 22.0 33.0 21.0 21.0 22.0 21.0 21.0 21.0 20.0 23.0 21.0 22.0 22.0 21.0 25.0 21.0 22.0 37.0 22.0 22.0 24.0 22.0 22.0 22.0 21.0 22.0 22.0 20.0 20.0 20.0 22.0 21.0 21.0 22.0 20.0 34.0 23.0 22.0 23.0 22.0 20.0 21.0 33.0 22.0 20.0 21.0 21.0 23.0 35.0 21.0 21.0 20.0 22.0 20.0 21.0 22.0 21.0 21.0 21.0 20.0
55 56 1 TRACE 11.0 7.0 8.0 7.0 8.0 8.0 7.0 8.0 7.0 7.0 8.0 7.0 7.0 7.0 8.0 8.0 8.0 8.0 8.0 8.0 8.0 10.0 8.0 8.0 8.0 7.0 8.0 7.0 7.0 8.0 7.0 7.0 7.0 7.0 8.0 7.0 7.0 7.0 7.0 8.0 8.0 7.0 8.0 8.0 7.0 7.0 8.0 7.0 8.0 7.0 7.0 8.0 8.0 7.0 8.0 7.0 8.0 7.0 8.0 7.0 8.0 7.0 7.0 8.0
56 57 1 TRACE 23.0 7.0 6.0 7.0 7.0 7.0 7.0 7.0 7.0 7.0 6.0 7.0 7.0 7.0 7.0 7.0 8.0 7.0 7.0 7.0 7.0 8.0 7.0 7.0 7.0 7.0 7.0 7.0 7.0 8.0 7.0 7.0 7.0 7.0 7.0 8.0 7.0 7.0 7.0 7.0 7.0 7.0 7.0 7.0 7.0 7.0 7.0 7.0 7.0 7.0 7.0 7.0 8.0 7.0 7.0 7.0 7.0 7.0 7.0 7.0 7.0 7.0 7.0 7.0
57 58 1 TRACE 11.0 7.0 7.0 7.0 7.0 8.0 7.0 7.0 7.0 7.0 7.0 7.0 7.0 7.0 7.0 7.0 8.0 7.0 7.0 7.0 7.0 7.0 7.0 7.0 6.0 7.0 7.0 7.0 6.0 7.0 7.0 7.0 7.0 7.0 7.0 8.0 7.0 7.0 25.0 7.0 7.0 7.0 7.0 7.0 7.0 6.0 7.0 7.0 7.0 7.0 7.0 7.0 7.0 7.0 6.0 7.0 7.0 7.0 7.0 7.0 7.0 7.0 6.0 7.0
58 59 1 TRACE 17.0 8.0 8.0 8.0 8.0 21.0 8.0 8.0 8.0 8.0 8.0 8.0 8.0 9.0 8.0 8.0 9.0 8.0 8.0 8.0 8.0 22.0 8.0 8.0 8.0 8.0 9.0 8.0 8.0 9.0 8.0 9.0 8.0 8.0 8.0 8.0 8.0 8.0 9.0 9.0 8.0 8.0 8.0 8.0 8.0 8.0 9.0 9.0 8.0 8.0 9.0 8.0 8.0 8.0 8.0 9.0 9.0 9.0 8.0 9.0 8.0 8.0 8.0 8.0
59 60 1 TRACE 20.0 20.0 7.0 7.0 7.0 8.0 20.0 7.0 19.0 7.0 7.0 7.0 19.0 19.0 7.0 20.0 7.0 7.0 19.0 19.0 20.0 8.0 20.0 7.0 7.0 19.0 19.0 19.0 19.0 19.0 7.0 7.0 7.0 7.0 7.0 19.0 7.0 7.0 7.0 19.0 20.0 7.0 7.0 7.0 7.0 7.0 19.0 6.0 19.0 7.0 7.0 7.0 20.0 7.0 7.0 7.0 8.0 7.0 7.0 19.0 7.0 7.0 7.0 7.0
60 61 1 TRACE 8.0 8.0 19.0 20.0 8.0 7.0 7.0 19.0 8.0 19.0 19.0 19.0 7.0 8.0 20.0 7.0 20.0 19.0 7.0 8.0 7.0 8.0 8.0 20.0 19.0 7.0 7.0 7.0 7.0 7.0 19.0 7.0 19.0 20.0 9.0 8.0 19.0 19.0 19.0 7.0 8.0 20.0 8.0 19.0 20.0 20.0 7.0 20.0 7.0 20.0 20.0 8.0 8.0 20.0 11.0 20.0 20.0 20.0 8.0 7.0 19.0 20.0 19.0 20.0
61 62 1 TRACE 8.0 7.0 8.0 8.0 7.0 7.0 7.0 7.0 7.0 8.0 8.0 7.0 7.0 7.0 7.0 7.0 7.0 7.0 7.0 7.0 7.0 8.0 8.0 7.0 7.0 7.0 7.0 7.0 7.0 7.0 7.0 8.0 7.0 7.0 7.0 7.0 7.0 7.0 7.0 8.0 7.0 8.0 7.0 7.0 7.0 7.0 7.0 7.0 7.0 7.0 7.0 8.0 8.0 8.0 8.0 7.0 8.0 7.0 7.0 7.0 7.0 8.0 7.0 7.0
62 1 1 TRACE 26.0 23.0 23.0 25.0 24.0 37.0 24.0 24.0 23.0 23.0 24.0 24.0 24.0 24.0 24.0 24.0 24.0 24.0 26.0 24.0 36.0 41.0 40.0 24.0 25.0 24.0 25.0 25.0 24.0 24.0 25.0 24.0 148.0 24.0 60.0 24.0 24.0 24.0 26.0 25.0 24.0 23.0 24.0 23.0 23.0 46.0 25.0 24.0 24.0 24.0 24.0 23.0 37.0 23.0 29.0 24.0 24.0 24.0 24.0 24.0 24.0 24.0 24.0
