0 1 CONSTANT 8.0
1 1 CONSTANT 8.0
2 1 CONSTANT 0.0
3 1 CONSTANT 8.0
4 1 CONSTANT 8.0
5 1 CONSTANT 8.0
6 1 CONSTANT 8.0
7 1 CONSTANT 8.0
8 1 CONSTANT 8.0
9 1 CONSTANT 0.0
10 1 CONSTANT 0.0
11 1 CONSTANT 0.0
12 1 CONSTANT 0.0
13 1 CONSTANT 8.0
14 1 CONSTANT 4.0
15 1 CONSTANT 4.0
16 1 CONSTANT 0.0
17 1 CONSTANT 0.0
18 1 CONSTANT 0.0
19 1 CONSTANT 0.0
20 1 CONSTANT 4.0
21 1 CONSTANT 8.0
22 1 CONSTANT 8.0
23 1 CONSTANT 8.0
24 1 CONSTANT 8.0
25 1 CONSTANT 4.0
26 1 CONSTANT 4.0
27 1 CONSTANT 8.0
28 1 TRACE 0.0 0.0 4.0 0.0 0.0 280.0 0.0 0.0 4.0 4.0 316.0 4.0 4.0 0.0 52.0 0.0 8.0 24.0 0.0 16.0 40.0 4.0 8.0 48.0 4.0 0.0 4.0 4.0 0.0 4.0 88.0 4.0 4.0 40.0 8.0 0.0 4.0 20.0 0.0 20.0 24.0 4.0 8.0 68.0 4.0 0.0 4.0 4.0 0.0 4.0 128.0 4.0 0.0 368.0 4.0 0.0 56.0 4.0 0.0 0.0 48.0 0.0 148.0 8.0 0.0 0.0 204.0 4.0 0.0 224.0 4.0 0.0 12.0 44.0 4.0 0.0 200.0 8.0 0.0 4.0 132.0 4.0 4.0 12.0 32.0 4.0 4.0 316.0 4.0 4.0 172.0 8.0 0.0 4.0 180.0 4.0 0.0 4.0 128.0 4.0 4.0 0.0 4.0 0.0 0.0 120.0 4.0 4.0 224.0 4.0 0.0 4.0 4.0 4.0 12.0 52.0 4.0 4.0 48.0 4.0 0.0 304.0 4.0 0.0 4.0 240.0 0.0 0.0 164.0 4.0 0.0 12.0 80.0 4.0 4.0 4.0 36.0 4.0 4.0 12.0 28.0 0.0 8.0 56.0 0.0 8.0 296.0 4.0 0.0 0.0 48.0 0.0 20.0 12.0 0.0 148.0 8.0 0.0 8.0 4.0 0.0 0.0 136.0 4.0 0.0 4.0 4.0 0.0 176.0 0.0 0.0 4.0 0.0 192.0 12.0 4.0 0.0 144.0 4.0 0.0 0.0 188.0 4.0 0.0 0.0 100.0 4.0 0.0 4.0 188.0 8.0 0.0 0.0 104.0 4.0 4.0 156.0 4.0 0.0 4.0 0.0 0.0 4.0 168.0 4.0 0.0 24.0 84.0 4.0 0.0 4.0 0.0 4.0 72.0
29 1 CONSTANT 4.0
30 1 TRACE 0.0 0.0 4.0 0.0 0.0 280.0 0.0 0.0 4.0 4.0 316.0 4.0 4.0 0.0 52.0 0.0 8.0 24.0 0.0 16.0 40.0 4.0 8.0 48.0 4.0 0.0 4.0 4.0 0.0 4.0 88.0 4.0 4.0 40.0 8.0 0.0 4.0 20.0 0.0 20.0 24.0 4.0 8.0 68.0 4.0 0.0 4.0 4.0 0.0 4.0 128.0 4.0 0.0 368.0 4.0 0.0 56.0 4.0 0.0 0.0 48.0 0.0 148.0 8.0 0.0 0.0 204.0 4.0 0.0 224.0 4.0 0.0 12.0 44.0 4.0 0.0 200.0 8.0 0.0 4.0 132.0 4.0 4.0 12.0 32.0 4.0 4.0 316.0 4.0 4.0 172.0 8.0 0.0 4.0 180.0 4.0 0.0 4.0 128.0 4.0 4.0 0.0 4.0 0.0 0.0 120.0 4.0 4.0 224.0 4.0 0.0 4.0 4.0 4.0 12.0 52.0 4.0 4.0 48.0 4.0 0.0 304.0 4.0 0.0 4.0 240.0 0.0 0.0 164.0 4.0 0.0 12.0 80.0 4.0 4.0 4.0 36.0 4.0 4.0 12.0 28.0 0.0 8.0 56.0 0.0 8.0 296.0 4.0 0.0 0.0 48.0 0.0 20.0 12.0 0.0 148.0 8.0 0.0 8.0 4.0 0.0 0.0 136.0 4.0 0.0 4.0 4.0 0.0 176.0 0.0 0.0 4.0 0.0 192.0 12.0 4.0 0.0 144.0 4.0 0.0 0.0 188.0 4.0 0.0 0.0 100.0 4.0 0.0 4.0 188.0 8.0 0.0 0.0 104.0 4.0 4.0 156.0 4.0 0.0 4.0 0.0 0.0 4.0 168.0 4.0 0.0 24.0 84.0 4.0 0.0 4.0 0.0 4.0 72.0
31 1 CONSTANT 8.0
32 1 CONSTANT 8.0
33 1 CONSTANT 4.0
34 1 CONSTANT 0.0
35 1 CONSTANT 0.0
36 1 CONSTANT 8.0
37 1 CONSTANT 8.0
38 1 CONSTANT 8.0
39 1 TRACE 8.0 0.0 0.0 8.0 0.0 0.0 8.0 0.0 0.0 0.0 8.0 0.0 8.0 0.0 0.0 8.0 0.0 0.0 8.0 0.0 0.0 8.0 0.0 8.0 0.0 8.0 0.0 0.0 8.0 8.0 0.0 0.0 8.0 0.0 0.0 8.0 0.0 0.0 8.0 0.0 0.0 8.0 0.0 8.0 0.0 8.0 0.0 0.0 8.0 0.0 8.0 0.0 0.0 8.0 0.0 8.0 0.0 0.0 8.0 0.0 0.0 8.0 0.0 0.0 8.0 0.0 8.0 0.0 8.0 0.0 0.0 8.0 0.0 0.0 8.0 8.0 0.0 0.0 8.0 0.0 8.0 0.0 8.0 0.0 0.0 8.0 0.0 8.0 0.0 8.0 0.0 0.0 8.0 0.0 8.0 0.0 8.0 0.0 8.0 0.0 8.0 0.0 0.0 8.0 0.0 8.0 0.0 8.0 0.0 0.0 8.0 0.0 0.0 8.0 0.0 0.0 8.0 0.0 0.0 8.0 0.0 8.0 0.0 8.0 0.0 8.0 0.0 8.0 0.0 0.0 8.0 0.0 8.0 0.0 8.0 0.0 8.0 0.0 8.0 0.0 0.0 8.0 0.0 0.0 8.0 0.0 8.0 0.0 8.0 0.0 0.0 8.0 0.0 0.0 8.0 0.0 0.0 8.0 0.0 0.0 8.0 0.0 0.0 8.0 0.0 0.0 8.0 0.0 0.0 8.0 0.0 0.0 8.0 0.0 0.0 8.0 0.0 8.0 0.0 8.0 8.0 0.0 0.0 8.0 0.0 8.0 0.0 8.0 8.0 0.0 0.0 8.0 0.0 0.0 8.0 0.0 8.0 0.0 8.0 0.0 0.0 8.0 0.0 8.0 0.0 8.0 0.0 8.0 0.0 0.0 0.0 8.0 0.0 0.0
40 1 CONSTANT 8.0
41 1 CONSTANT 8.0
42 1 CONSTANT 8.0
43 1 CONSTANT 5440.0
44 1 CONSTANT 5432.0
45 1 CONSTANT 8.0
46 1 CONSTANT 5440.0
47 1 CONSTANT 4.0
48 1 TRACE 286560.0 94752.0 222480.0 82464.0 1712.0 1856.0 16.0 16.0 404464.0 100736.0 112480.0 60976.0 576.0 656.0 373152.0 100608.0 139744.0 67424.0 576.0 736.0 16.0 16.0 375232.0 101360.0 136976.0 66560.0 608.0 848.0 476064.0 103488.0 33712.0 26128.0 48.0 192.0 470416.0 100672.0 23392.0 19520.0 48.0 160.0 472000.0 102592.0 23808.0 19872.0 80.0 128.0 475872.0 101328.0 31152.0 24768.0 80.0 160.0 340976.0 93104.0 164608.0 73856.0 848.0 896.0 16.0 0.0 354912.0 95344.0 4784.0 4960.0 16.0 48.0 399376.0 99040.0 7616.0 7008.0 32.0 80.0 452880.0 101216.0 15184.0 13328.0 48.0 80.0 451328.0 101648.0 14592.0 13040.0 48.0 112.0 473376.0 103792.0 43952.0 32624.0 128.0 256.0 336240.0 94624.0 168688.0 74304.0 880.0 992.0 16.0 0.0 456464.0 104016.0 64272.0 42864.0 208.0 368.0 378704.0 103312.0 136848.0 66080.0 736.0 720.0 376688.0 94800.0 6112.0 6224.0 16.0 32.0 475664.0 101216.0 30800.0 24384.0 96.0 160.0 321344.0 93696.0 3824.0 3840.0 16.0 48.0 420656.0 99808.0 95792.0 55936.0 304.0 512.0 318736.0 93856.0 3840.0 3600.0 16.0 32.0 477408.0 102048.0 28800.0 23536.0 80.0 144.0 350672.0 94192.0 5056.0 4816.0 16.0 64.0 441008.0 104528.0 77584.0 47040.0 224.0 464.0 459024.0 101168.0 17072.0 14832.0 80.0 96.0 380256.0 97488.0 129872.0 65744.0 560.0 640.0 327408.0 93648.0 4272.0 4240.0 32.0 16.0 421936.0 103280.0 96800.0 55104.0 336.0 496.0 450912.0 104528.0 69984.0 44928.0 256.0 352.0 283888.0 90032.0 220336.0 83072.0 1600.0 1728.0 16.0 16.0 451888.0 102096.0 66560.0 43328.0 240.0 352.0 321120.0 92640.0 3888.0 3888.0 16.0 16.0 295168.0 89920.0 207216.0 81184.0 1152.0 1760.0 16.0 16.0 477152.0 102368.0 35392.0 27136.0 96.0 192.0 476560.0 103056.0 30720.0 23680.0 64.0 176.0 396032.0 102128.0 118864.0 61728.0 560.0 640.0 398240.0 100896.0 115920.0 61264.0 448.0 576.0 327104.0 93888.0 4096.0 3904.0 16.0 48.0 474176.0 103440.0 43264.0 30864.0 80.0 304.0 476816.0 101680.0 29200.0 23408.0 96.0 144.0 452704.0 99488.0 15376.0 13648.0 80.0 64.0 477264.0 102992.0 35136.0 27200.0 112.0 176.0 386320.0 100576.0 125936.0 63808.0 512.0 672.0 476112.0 102128.0 29696.0 23648.0 64.0 144.0 446192.0 101024.0 13200.0 12016.0 32.0 80.0 344432.0 95280.0 4656.0 4672.0 32.0 48.0 327280.0 95824.0 179680.0 76368.0 1088.0 1264.0 16.0 0.0 444032.0 102784.0 75440.0 46800.0 304.0 432.0 383232.0 110192.0 136608.0 66320.0 672.0 848.0 16.0 16.0 442160.0 104304.0 76832.0 46944.0 384.0 448.0 292448.0 89984.0 210416.0 81152.0 1600.0 1760.0 16.0 0.0 375328.0 93456.0 5904.0 6192.0 32.0 48.0 442624.0 99664.0 75280.0 48128.0 256.0 400.0 319168.0 94048.0 3408.0 3504.0 16.0 16.0 462496.0 103072.0 58832.0 39744.0 176.0 416.0 298176.0 92880.0 3104.0 3168.0 32.0 32.0 454992.0 102704.0 63408.0 42096.0 160.0 336.0 442800.0 101680.0 76288.0 47872.0 288.0 416.0 367360.0 95152.0 139200.0 68192.0 784.0 944.0 0.0 0.0 444352.0 104576.0 75792.0 46768.0 320.0 464.0 473120.0 103280.0 44416.0 31488.0 96.0 256.0 379488.0 105856.0 136016.0 66240.0 784.0 864.0 16.0 0.0 475248.0 103936.0 38560.0 28688.0 112.0 176.0
49 1 TRACE 5448.0 8.0 5448.0 8.0 5448.0 8.0 5448.0 8.0 5448.0 8.0 5448.0 8.0 5448.0 8.0 5448.0 8.0 5448.0 8.0 5448.0 8.0 5448.0 8.0 5448.0 8.0 5448.0 8.0 5448.0 8.0 5448.0 8.0 5448.0 8.0 5448.0 8.0 5448.0 8.0 5448.0 8.0 5448.0 8.0 5448.0 8.0 5448.0 8.0 5448.0 8.0 5448.0 8.0 5448.0 8.0 5448.0 8.0 5448.0 8.0 5448.0 8.0 5448.0 8.0 5448.0 8.0 5448.0 8.0 5448.0 8.0 5448.0 8.0 5448.0 8.0 5448.0 8.0 5448.0 8.0 5448.0 8.0 5448.0 8.0 5448.0 8.0 5448.0 8.0 5448.0 8.0 5448.0 8.0 5448.0 8.0 5448.0 8.0 5448.0 8.0 5448.0 8.0 5448.0 8.0 5448.0 8.0 5448.0 8.0 5448.0 8.0 5448.0 8.0 5448.0 8.0 5448.0 8.0 5448.0 8.0 5448.0 8.0 5448.0 8.0 5448.0 8.0 5448.0 8.0 5448.0 8.0 5448.0 8.0 5448.0 8.0 5448.0 8.0 5448.0 8.0 5448.0 8.0 5448.0 8.0 5448.0 8.0 5448.0 8.0 5448.0 8.0 5448.0 8.0 5448.0 8.0 5448.0 8.0 5448.0 8.0 5448.0 8.0 5448.0 8.0 5448.0 8.0 5448.0 8.0 5448.0 8.0 5448.0 8.0 5448.0 8.0 5448.0 8.0 5448.0 8.0 5448.0 8.0 5448.0 8.0 5448.0 8.0 5448.0 8.0 5448.0 8.0 5448.0 8.0 5448.0 8.0 5448.0 8.0 5448.0 8.0 5448.0 8.0 5448.0 8.0 5448.0 8.0 5448.0 8.0 5448.0 8.0 5448.0 8.0 5448.0 8.0 5448.0 8.0 5448.0 8.0 5448.0 8.0 5448.0 8.0 5448.0 8.0 5448.0 8.0 5448.0 8.0 5448.0 8.0 5448.0 8.0 5448.0 8.0 5448.0 8.0 5448.0 8.0 5448.0 8.0 5448.0 8.0 5448.0 8.0 5448.0 8.0 5448.0 8.0 5448.0 8.0 5448.0 8.0 5448.0 8.0 5448.0 8.0 5448.0 8.0 5448.0 8.0 5448.0 8.0 5448.0 8.0 5448.0 8.0 5448.0 8.0 5448.0 8.0 5448.0 8.0 5448.0 8.0 5448.0 8.0 5448.0 8.0 5448.0 8.0 5448.0 8.0 5448.0 8.0 5448.0 8.0 5448.0 8.0 5448.0 8.0 5448.0 8.0 5448.0 8.0 5448.0 8.0 5448.0 8.0 5448.0 8.0 5448.0 8.0 5448.0 8.0 5448.0 8.0 5448.0 8.0 5448.0 8.0 5448.0 8.0 5448.0 8.0 5448.0 8.0 5448.0 8.0 5448.0 8.0 5448.0 8.0 5448.0 8.0 5448.0 8.0 5448.0 8.0 5448.0 8.0 5448.0 8.0 5448.0 8.0 5448.0 8.0 5448.0 8.0 5448.0 8.0 5448.0 8.0 5448.0 8.0 5448.0 8.0 5448.0 8.0 5448.0 8.0 5448.0 8.0 5448.0 8.0 5448.0 8.0 5448.0 8.0 5448.0 8.0 5448.0 8.0 5448.0 8.0 5448.0 8.0 5448.0 8.0 5448.0 8.0 5448.0 8.0 5448.0 8.0 5448.0 8.0 5448.0 8.0 5448.0 8.0 5448.0 8.0 5448.0 8.0 5448.0 8.0 5448.0 8.0 5448.0 8.0 5448.0 8.0 5448.0 8.0 5448.0 8.0 5448.0 8.0 5448.0 8.0 5448.0 8.0 5448.0 8.0 5448.0 8.0 5448.0 8.0 5448.0 8.0 5448.0 8.0 5448.0 8.0 5448.0 8.0 5448.0 8.0 5448.0 8.0 5448.0 8.0 5448.0 8.0 5448.0 8.0
50 1 CONSTANT 8.0
51 1 CONSTANT 8.0
52 1 CONSTANT 8.0
53 1 CONSTANT 8.0
54 1 CONSTANT 0.0
55 1 CONSTANT 0.0
56 1 CONSTANT 0.0
57 1 CONSTANT 0.0
58 1 CONSTANT 0.0
59 1 CONSTANT 0.0
60 1 CONSTANT 0.0
61 1 CONSTANT 0.0
62 1 CONSTANT 8.0
