0 1 1 TRACE 1672856496734186.0
1 2 1 TRACE 10851.0 18.0 18.0 18.0 18.0 57.0 18.0 18.0 18.0 19.0 20.0 18.0 18.0 21.0 18.0 19.0 29.0 18.0 20.0 18.0 18.0 19.0 22.0 18.0 19.0 19.0 19.0 18.0 20.0 19.0 19.0 18.0 18.0 18.0 19.0 18.0 21.0 18.0 38.0 19.0 19.0 20.0 18.0 19.0 31.0 19.0 18.0 18.0 18.0 18.0 19.0 19.0 20.0 18.0 20.0 19.0 18.0 18.0 18.0 18.0 18.0 19.0 18.0 55.0
2 3 1 TRACE 867.0 45.0 43.0 29.0 27.0 31.0 37.0 30.0 71.0 34.0 26.0 82.0 28.0 31.0 132.0 32.0 29.0 54.0 27.0 42.0 51.0 39.0 48.0 65.0 27.0 77.0 31.0 27.0 44.0 26.0 47.0 59.0 259.0 107.0 27.0 71.0 68.0 59.0 33.0 49.0 57.0 74.0 53.0 102.0 100.0 61.0 34.0 100.0 64.0 34.0 112.0 43.0 61.0 52.0 42.0 94.0 44.0 27.0 49.0 96.0 28.0 57.0 78.0 28.0
3 4 1 TRACE 42.0 25.0 32.0 23.0 27.0 56.0 51.0 39.0 26.0 46.0 47.0 59.0 33.0 55.0 23.0 26.0 56.0 55.0 56.0 32.0 52.0 22.0 42.0 41.0 32.0 62.0 53.0 54.0 34.0 23.0 54.0 23.0 48.0 58.0 26.0 63.0 27.0 28.0 56.0 24.0 64.0 48.0 25.0 79.0 68.0 24.0 56.0 69.0 28.0 36.0 58.0 41.0 57.0 57.0 34.0 58.0 60.0 57.0 61.0 28.0 63.0 23.0 69.0 61.0
4 5 1 TRACE 20.0 36.0 16.0 16.0 15.0 52.0 16.0 16.0 15.0 17.0 16.0 30.0 15.0 16.0 16.0 15.0 16.0 16.0 15.0 16.0 16.0 15.0 16.0 16.0 16.0 15.0 16.0 16.0 17.0 20.0 18.0 15.0 16.0 26.0 16.0 16.0 16.0 16.0 46.0 16.0 15.0 16.0 15.0 24.0 54.0 17.0 53.0 29.0 16.0 16.0 18.0 15.0 29.0 19.0 29.0 51.0 15.0 15.0 19.0 16.0 17.0 19.0 16.0 17.0
5 6 1 TRACE 39.0 14.0 171.0 170.0 161.0 123.0 19.0 18.0 55.0 18.0 17.0 39.0 20.0 17.0 58.0 18.0 50.0 15.0 153.0 173.0 32.0 19.0 25.0 17.0 14.0 14.0 13.0 53.0 30.0 12.0 38.0 368.0 365.0 11.0 15.0 51.0 46.0 15.0 27.0 17.0 51.0 55.0 21.0 12.0 23.0 21.0 10.0 16.0 22.0 45.0 11.0 17.0 14.0 14.0 19.0 10.0 17.0 56.0 17.0 23.0 53.0 11.0 15.0 51.0
6 7 1 TRACE 20.0 158.0 9.0 98.0 107.0 27.0 130.0 14.0 9.0 135.0 141.0 111.0 127.0 153.0 130.0 117.0 16.0 35.0 20.0 77.0 111.0 21.0 13.0 15.0 13.0 8.0 13.0 22.0 50.0 14.0 9.0 17.0 16.0 36.0 15.0 8.0 18.0 31.0 20.0 14.0 32.0 14.0 19.0 21.0 20.0 11.0 19.0 11.0 16.0 12.0 7.0 16.0 22.0 26.0 15.0 8.0 16.0 39.0 22.0 12.0 8.0 15.0 11.0 17.0
7 8 1 TRACE 20.0 17.0 10.0 12.0 13.0 24.0 15.0 17.0 12.0 15.0 21.0 14.0 22.0 16.0 19.0 18.0 11.0 11.0 16.0 22.0 16.0 25.0 18.0 18.0 14.0 7.0 23.0 11.0 8.0 14.0 9.0 16.0 16.0 20.0 16.0 18.0 36.0 26.0 9.0 26.0 41.0 13.0 12.0 13.0 21.0 9.0 7.0 12.0 8.0 8.0 8.0 22.0 11.0 11.0 7.0 8.0 19.0 20.0 11.0 18.0 25.0 22.0 8.0 17.0
8 9 1 TRACE 20.0 17.0 9.0 53.0 13.0 11.0 16.0 18.0 17.0 15.0 24.0 17.0 25.0 16.0 17.0 19.0 10.0 11.0 15.0 17.0 32.0 12.0 8.0 7.0 46.0 8.0 9.0 11.0 9.0 14.0 8.0 17.0 18.0 15.0 8.0 20.0 19.0 11.0 8.0 18.0 26.0 14.0 18.0 25.0 23.0 36.0 8.0 11.0 13.0 8.0 7.0 11.0 11.0 12.0 15.0 8.0 36.0 17.0 17.0 17.0 18.0 14.0 7.0 18.0
9 10 1 TRACE 77.0 158.0 39.0 33.0 45.0 44.0 56.0 26.0 71.0 64.0 91.0 70.0 44.0 36.0 32.0 64.0 27.0 27.0 58.0 62.0 29.0 47.0 58.0 28.0 70.0 72.0 69.0 66.0 64.0 54.0 44.0 65.0 86.0 47.0 26.0 54.0 49.0 62.0 31.0 30.0 84.0 62.0 67.0 51.0 54.0 169.0 41.0 89.0 54.0 64.0 63.0 52.0 61.0 59.0 64.0 65.0 58.0 66.0 71.0 29.0 80.0 67.0 55.0 63.0
10 11 1 TRACE 23.0 21.0 18.0 19.0 22.0 29.0 18.0 18.0 18.0 45.0 19.0 20.0 19.0 18.0 17.0 19.0 18.0 19.0 18.0 17.0 30.0 18.0 19.0 39.0 19.0 18.0 17.0 18.0 20.0 18.0 16.0 17.0 18.0 17.0 20.0 18.0 17.0 18.0 27.0 17.0 18.0 18.0 18.0 43.0 20.0 20.0 18.0 17.0 18.0 17.0 18.0 24.0 17.0 19.0 17.0 18.0 18.0 19.0 18.0 18.0 18.0 18.0 17.0 19.0
11 12 1 TRACE 30.0 34.0 17.0 60.0 35.0 28.0 35.0 27.0 18.0 16.0 43.0 40.0 19.0 23.0 28.0 26.0 24.0 23.0 19.0 22.0 34.0 17.0 35.0 18.0 23.0 19.0 17.0 18.0 28.0 18.0 17.0 231.0 245.0 18.0 29.0 25.0 18.0 18.0 41.0 19.0 35.0 25.0 31.0 30.0 20.0 51.0 27.0 20.0 25.0 20.0 71.0 19.0 18.0 17.0 39.0 34.0 26.0 19.0 50.0 50.0 20.0 56.0 31.0 19.0
12 13 1 TRACE 38.0 29.0 17.0 21.0 19.0 16.0 18.0 17.0 20.0 34.0 34.0 19.0 54.0 20.0 37.0 18.0 19.0 19.0 19.0 19.0 18.0 22.0 39.0 18.0 18.0 18.0 17.0 19.0 43.0 20.0 18.0 129.0 22.0 48.0 33.0 17.0 20.0 24.0 21.0 18.0 33.0 17.0 41.0 30.0 20.0 24.0 52.0 30.0 19.0 18.0 19.0 19.0 27.0 18.0 19.0 17.0 59.0 46.0 20.0 21.0 18.0 25.0 17.0 56.0
13 14 1 TRACE 19.0 8.0 9.0 8.0 9.0 9.0 8.0 8.0 9.0 8.0 9.0 8.0 8.0 9.0 8.0 9.0 8.0 9.0 8.0 8.0 8.0 10.0 9.0 24.0 9.0 9.0 9.0 8.0 8.0 9.0 9.0 9.0 8.0 8.0 9.0 9.0 8.0 9.0 9.0 9.0 8.0 8.0 8.0 22.0 10.0 9.0 8.0 9.0 8.0 9.0 9.0 8.0 8.0 8.0 8.0 8.0 9.0 9.0 8.0 9.0 9.0 8.0 8.0 8.0
14 15 1 TRACE 23.0 14.0 15.0 14.0 15.0 15.0 14.0 14.0 15.0 14.0 15.0 15.0 14.0 15.0 14.0 15.0 14.0 15.0 14.0 19.0 14.0 15.0 15.0 16.0 15.0 15.0 16.0 14.0 14.0 35.0 15.0 14.0 14.0 14.0 14.0 15.0 15.0 14.0 15.0 15.0 14.0 14.0 25.0 16.0 15.0 15.0 14.0 15.0 15.0 45.0 14.0 14.0 14.0 14.0 14.0 14.0 16.0 15.0 14.0 14.0 14.0 14.0 14.0 15.0
15 16 1 TRACE 12.0 8.0 9.0 8.0 8.0 8.0 8.0 7.0 8.0 8.0 8.0 8.0 7.0 8.0 8.0 8.0 8.0 8.0 8.0 8.0 8.0 8.0 8.0 9.0 8.0 8.0 8.0 8.0 8.0 8.0 8.0 8.0 8.0 8.0 8.0 8.0 7.0 8.0 8.0 8.0 8.0 8.0 8.0 20.0 9.0 9.0 8.0 8.0 8.0 8.0 8.0 8.0 7.0 7.0 8.0 8.0 8.0 7.0 8.0 8.0 8.0 8.0 8.0 8.0
16 17 1 TRACE 56.0 34.0 48.0 97.0 44.0 47.0 32.0 54.0 31.0 72.0 33.0 69.0 48.0 44.0 35.0 35.0 88.0 64.0 37.0 51.0 78.0 29.0 37.0 85.0 45.0 76.0 61.0 35.0 92.0 35.0 42.0 53.0 53.0 44.0 67.0 79.0 44.0 38.0 69.0 33.0 65.0 68.0 76.0 38.0 78.0 32.0 51.0 69.0 33.0 34.0 64.0 37.0 52.0 63.0 67.0 34.0 37.0 44.0 59.0 40.0 44.0 141.0 45.0 70.0
17 18 1 TRACE 26.0 18.0 23.0 21.0 18.0 18.0 19.0 22.0 18.0 30.0 17.0 19.0 18.0 22.0 16.0 18.0 21.0 22.0 17.0 31.0 20.0 27.0 34.0 18.0 18.0 17.0 28.0 16.0 18.0 17.0 18.0 19.0 18.0 18.0 21.0 20.0 18.0 17.0 32.0 19.0 18.0 18.0 26.0 36.0 21.0 20.0 19.0 39.0 19.0 18.0 17.0 18.0 18.0 18.0 18.0 19.0 18.0 17.0 17.0 18.0 18.0 18.0 18.0 17.0
18 19 1 TRACE 22.0 28.0 17.0 17.0 105.0 17.0 36.0 30.0 17.0 16.0 20.0 17.0 31.0 29.0 20.0 24.0 17.0 51.0 20.0 29.0 52.0 18.0 17.0 47.0 17.0 21.0 16.0 54.0 49.0 17.0 17.0 86.0 26.0 26.0 17.0 53.0 18.0 20.0 16.0 18.0 19.0 33.0 17.0 46.0 26.0 18.0 20.0 17.0 19.0 20.0 51.0 25.0 24.0 46.0 17.0 17.0 29.0 18.0 18.0 27.0 45.0 80.0 18.0 18.0
19 20 1 TRACE 24.0 19.0 19.0 16.0 136.0 19.0 35.0 17.0 19.0 51.0 18.0 19.0 17.0 17.0 18.0 18.0 54.0 54.0 45.0 18.0 53.0 19.0 19.0 54.0 19.0 20.0 27.0 24.0 18.0 18.0 26.0 357.0 21.0 19.0 50.0 16.0 28.0 17.0 18.0 19.0 18.0 17.0 45.0 38.0 21.0 21.0 19.0 55.0 17.0 18.0 23.0 19.0 19.0 19.0 25.0 18.0 16.0 20.0 19.0 45.0 54.0 32.0 20.0 57.0
20 21 1 TRACE 20.0 15.0 15.0 15.0 14.0 15.0 15.0 17.0 15.0 15.0 15.0 15.0 15.0 16.0 14.0 14.0 15.0 15.0 14.0 14.0 14.0 33.0 15.0 15.0 14.0 15.0 15.0 14.0 14.0 14.0 15.0 15.0 16.0 16.0 15.0 15.0 15.0 16.0 15.0 14.0 14.0 15.0 15.0 18.0 16.0 15.0 15.0 15.0 15.0 50.0 14.0 15.0 15.0 15.0 15.0 14.0 15.0 15.0 15.0 15.0 15.0 18.0 15.0 14.0
21 22 1 TRACE 26.0 12.0 11.0 12.0 12.0 12.0 11.0 13.0 11.0 12.0 12.0 11.0 11.0 13.0 13.0 12.0 11.0 12.0 12.0 12.0 12.0 12.0 11.0 12.0 12.0 12.0 12.0 12.0 12.0 12.0 12.0 12.0 12.0 11.0 11.0 11.0 11.0 12.0 12.0 12.0 12.0 11.0 12.0 13.0 13.0 12.0 11.0 11.0 11.0 11.0 12.0 12.0 12.0 11.0 12.0 12.0 12.0 11.0 12.0 12.0 12.0 12.0 12.0 12.0
22 23 1 TRACE 48.0 33.0 37.0 68.0 163.0 40.0 65.0 29.0 45.0 39.0 33.0 54.0 41.0 31.0 63.0 45.0 37.0 70.0 71.0 35.0 53.0 63.0 67.0 33.0 66.0 53.0 35.0 34.0 46.0 31.0 40.0 35.0 58.0 61.0 41.0 35.0 32.0 38.0 69.0 37.0 39.0 53.0 41.0 122.0 73.0 62.0 34.0 64.0 66.0 28.0 64.0 36.0 46.0 67.0 52.0 36.0 66.0 33.0 34.0 37.0 65.0 88.0 33.0 33.0
23 24 1 TRACE 61.0 63.0 31.0 59.0 77.0 27.0 59.0 26.0 42.0 30.0 40.0 61.0 31.0 26.0 68.0 28.0 61.0 56.0 53.0 61.0 60.0 60.0 51.0 58.0 27.0 27.0 37.0 41.0 30.0 39.0 62.0 712.0 35.0 56.0 65.0 26.0 57.0 46.0 61.0 35.0 34.0 71.0 55.0 89.0 81.0 36.0 27.0 60.0 27.0 59.0 54.0 25.0 70.0 62.0 65.0 63.0 28.0 62.0 34.0 61.0 63.0 113.0 58.0 40.0
24 25 1 TRACE 49.0 25.0 33.0 60.0 23.0 22.0 25.0 31.0 22.0 23.0 21.0 24.0 20.0 32.0 27.0 21.0 24.0 22.0 34.0 21.0 21.0 29.0 34.0 22.0 21.0 21.0 21.0 21.0 20.0 56.0 21.0 21.0 21.0 22.0 22.0 24.0 60.0 21.0 32.0 21.0 20.0 22.0 21.0 40.0 25.0 30.0 20.0 26.0 26.0 60.0 21.0 21.0 23.0 58.0 22.0 23.0 45.0 24.0 20.0 41.0 20.0 31.0 21.0 22.0
25 26 1 TRACE 22.0 9.0 9.0 10.0 8.0 9.0 9.0 8.0 9.0 9.0 9.0 9.0 10.0 9.0 9.0 9.0 9.0 9.0 9.0 9.0 9.0 9.0 10.0 9.0 9.0 9.0 9.0 9.0 9.0 9.0 8.0 9.0 9.0 9.0 9.0 9.0 9.0 9.0 9.0 9.0 9.0 9.0 10.0 9.0 10.0 10.0 9.0 9.0 9.0 9.0 9.0 9.0 9.0 8.0 9.0 9.0 9.0 8.0 22.0 9.0 9.0 9.0 9.0 8.0 9.0 9.0 9.0 8.0 9.0 9.0 9.0 9.0 9.0 9.0 9.0 9.0 9.0 9.0 9.0 9.0 9.0 9.0 9.0 9.0 11.0 9.0 8.0 9.0 8.0 9.0 9.0 9.0 9.0 9.0 10.0 9.0 9.0 11.0 9.0 9.0 9.0 10.0 9.0 9.0 9.0 9.0 9.0 9.0 10.0 9.0 9.0 9.0 9.0 9.0 8.0 9.0 9.0 9.0 9.0 9.0 8.0 8.0 9.0 9.0 9.0 9.0 8.0 8.0 9.0 9.0 8.0 9.0 10.0 9.0 9.0 9.0 9.0 9.0 10.0 9.0 9.0 22.0 23.0 11.0 10.0 11.0 10.0 10.0 9.0 9.0 9.0 8.0 9.0 9.0 9.0 9.0 9.0 9.0 9.0 9.0 9.0 10.0 9.0 9.0 9.0 10.0 9.0 9.0 9.0 9.0 8.0 9.0 9.0 8.0 9.0 9.0 9.0 9.0 9.0 9.0 10.0 8.0 9.0 9.0 8.0 9.0 9.0 9.0 10.0 9.0 8.0 9.0 9.0 9.0 9.0 9.0 9.0 9.0 9.0 9.0 9.0 9.0 9.0 10.0 9.0 9.0 9.0 9.0 9.0 9.0 9.0 9.0
26 27 1 TRACE 11.0 7.0 8.0 7.0 7.0 7.0 7.0 7.0 7.0 7.0 7.0 7.0 9.0 7.0 7.0 7.0 7.0 7.0 7.0 7.0 7.0 7.0 8.0 8.0 7.0 7.0 8.0 8.0 8.0 7.0 7.0 8.0 7.0 7.0 8.0 7.0 7.0 7.0 7.0 8.0 7.0 8.0 8.0 7.0 9.0 8.0 8.0 7.0 7.0 7.0 7.0 8.0 8.0 7.0 7.0 7.0 7.0 7.0 9.0 7.0 8.0 7.0 8.0 7.0 7.0 7.0 7.0 7.0 7.0 8.0 8.0 8.0 8.0 7.0 7.0 7.0 7.0 7.0 8.0 7.0 8.0 8.0 8.0 7.0 8.0 7.0 7.0 8.0 7.0 7.0 8.0 8.0 8.0 8.0 8.0 7.0 8.0 9.0 7.0 7.0 7.0 8.0 7.0 7.0 7.0 8.0 8.0 8.0 8.0 8.0 7.0 8.0 8.0 8.0 7.0 8.0 7.0 8.0 7.0 7.0 7.0 7.0 7.0 8.0 7.0 8.0 7.0 7.0 7.0 8.0 7.0 7.0 7.0 8.0 7.0 8.0 7.0 7.0 7.0 8.0 7.0 11.0 8.0 8.0 9.0 9.0 9.0 8.0 8.0 7.0 8.0 7.0 7.0 8.0 7.0 7.0 7.0 8.0 8.0 8.0 8.0 8.0 8.0 8.0 8.0 8.0 7.0 8.0 7.0 7.0 7.0 8.0 7.0 7.0 7.0 7.0 8.0 7.0 7.0 8.0 7.0 7.0 7.0 8.0 7.0 7.0 8.0 7.0 8.0 7.0 7.0 7.0 8.0 7.0 7.0 7.0 7.0 8.0 8.0 7.0 7.0 8.0 7.0 7.0 7.0 8.0 8.0 7.0 8.0 7.0 8.0 7.0
27 28 1 TRACE 10.0 8.0 7.0 7.0 8.0 8.0 7.0 8.0 7.0 7.0 7.0 8.0 8.0 7.0 8.0 7.0 7.0 8.0 8.0 8.0 7.0 8.0 8.0 7.0 8.0 7.0 7.0 7.0 7.0 8.0 8.0 7.0 8.0 7.0 7.0 8.0 7.0 8.0 8.0 7.0 7.0 7.0 8.0 7.0 8.0 7.0 7.0 8.0 7.0 8.0 8.0 7.0 7.0 8.0 8.0 8.0 7.0 8.0 9.0 7.0 7.0 7.0 7.0 8.0 8.0 8.0 7.0 8.0 8.0 7.0 7.0 7.0 7.0 8.0 7.0 8.0 8.0 8.0 7.0 8.0 7.0 7.0 7.0 7.0 9.0 7.0 8.0 7.0 8.0 8.0 7.0 7.0 7.0 19.0 8.0 8.0 7.0 9.0 7.0 7.0 8.0 8.0 7.0 7.0 7.0 7.0 7.0 7.0 7.0 7.0 8.0 7.0 7.0 7.0 8.0 7.0 8.0 7.0 7.0 7.0 8.0 8.0 8.0 7.0 8.0 7.0 8.0 8.0 8.0 7.0 8.0 7.0 7.0 7.0 7.0 7.0 7.0 7.0 7.0 7.0 7.0 10.0 8.0 9.0 9.0 9.0 9.0 8.0 8.0 7.0 8.0 8.0 7.0 7.0 7.0 8.0 7.0 7.0 10.0 7.0 7.0 7.0 7.0 7.0 7.0 8.0 8.0 7.0 8.0 8.0 8.0 7.0 7.0 8.0 7.0 7.0 7.0 7.0 8.0 7.0 8.0 8.0 7.0 7.0 8.0 7.0 7.0 7.0 7.0 7.0 8.0 8.0 7.0 7.0 12.0 8.0 7.0 7.0 7.0 8.0 7.0 7.0 7.0 7.0 8.0 7.0 7.0 7.0 7.0 8.0 7.0 7.0
28 29 1 TRACE 12.0 8.0 9.0 8.0 8.0 8.0 8.0 8.0 8.0 8.0 8.0 8.0 10.0 8.0 8.0 8.0 8.0 8.0 8.0 8.0 8.0 8.0 9.0 8.0 8.0 8.0 8.0 8.0 9.0 8.0 8.0 9.0 8.0 8.0 8.0 8.0 8.0 8.0 8.0 8.0 8.0 8.0 9.0 8.0 9.0 8.0 8.0 8.0 8.0 8.0 8.0 8.0 9.0 8.0 8.0 8.0 8.0 8.0 10.0 8.0 8.0 8.0 8.0 8.0 8.0 8.0 8.0 8.0 8.0 8.0 8.0 8.0 8.0 8.0 8.0 8.0 8.0 8.0 8.0 8.0 9.0 9.0 9.0 8.0 9.0 8.0 8.0 9.0 8.0 8.0 8.0 8.0 9.0 21.0 9.0 8.0 9.0 10.0 8.0 8.0 8.0 9.0 8.0 8.0 8.0 8.0 9.0 9.0 9.0 9.0 8.0 9.0 8.0 8.0 8.0 8.0 8.0 8.0 8.0 8.0 8.0 8.0 8.0 9.0 8.0 8.0 8.0 8.0 8.0 8.0 8.0 8.0 8.0 8.0 8.0 8.0 8.0 9.0 8.0 9.0 8.0 10.0 10.0 9.0 10.0 10.0 9.0 9.0 9.0 8.0 9.0 8.0 8.0 8.0 8.0 8.0 8.0 8.0 9.0 8.0 9.0 8.0 8.0 9.0 9.0 9.0 8.0 8.0 8.0 8.0 8.0 8.0 8.0 8.0 8.0 8.0 8.0 8.0 8.0 9.0 8.0 8.0 8.0 9.0 8.0 13.0 8.0 8.0 9.0 8.0 8.0 8.0 9.0 8.0 9.0 8.0 8.0 9.0 8.0 8.0 8.0 8.0 8.0 8.0 8.0 9.0 8.0 8.0 8.0 8.0 8.0 8.0
29 30 1 TRACE 44.0 49.0 40.0 114.0 98.0 26.0 30.0 46.0 26.0 48.0 65.0 94.0 93.0 73.0 40.0 29.0 31.0 46.0 48.0 31.0 67.0 99.0 30.0 38.0 39.0 31.0 34.0 73.0 43.0 100.0 27.0 67.0 32.0 64.0 69.0 43.0 81.0 64.0 33.0 51.0 84.0 363.0 30.0 67.0 22.0 46.0 63.0 29.0 66.0 40.0 70.0 35.0 27.0 30.0 65.0 91.0 59.0 35.0 16.0 78.0 56.0 72.0 62.0 40.0 67.0 75.0 39.0 59.0 65.0 29.0 47.0 36.0 30.0 27.0 38.0 44.0 71.0 69.0 82.0 67.0 52.0 34.0 29.0 61.0 20.0 33.0 32.0 58.0 36.0 32.0 61.0 63.0 33.0 16.0 26.0 63.0 35.0 63.0 28.0 65.0 23.0 37.0 209.0 62.0 27.0 368.0 48.0 152.0 25.0 70.0 60.0 34.0 68.0 59.0 69.0 45.0 25.0 30.0 18.0 67.0 34.0 74.0 34.0 70.0 47.0 29.0 31.0 113.0 48.0 28.0 63.0 34.0 23.0 33.0 19.0 60.0 61.0 92.0 41.0 93.0 105.0 34.0 34.0 99.0 97.0 69.0 37.0 63.0 67.0 26.0 32.0 30.0 69.0 42.0 41.0 138.0 30.0 48.0 15.0 64.0 69.0 67.0 58.0 63.0 51.0 97.0 35.0 67.0 71.0 70.0 73.0 66.0 44.0 49.0 69.0 29.0 116.0 78.0 55.0 86.0 34.0 29.0 51.0 31.0 31.0 61.0 63.0 64.0 34.0 31.0 73.0 38.0 33.0 39.0 61.0 59.0 73.0 72.0 65.0 59.0 31.0 31.0 35.0 41.0 29.0 77.0 73.0 34.0 31.0 77.0 29.0 33.0
30 31 1 TRACE 21.0 8.0 8.0 8.0 8.0 8.0 15.0 19.0 16.0 16.0 17.0 16.0 9.0 16.0 15.0 8.0 8.0 23.0 8.0 16.0 16.0 10.0 9.0 15.0 8.0 8.0 16.0 16.0 8.0 8.0 16.0 8.0 16.0 7.0 8.0 8.0 15.0 16.0 8.0 17.0 15.0 8.0 14.0 8.0 16.0 8.0 8.0 16.0 17.0 8.0 15.0 16.0 8.0 8.0 16.0 8.0 8.0 8.0 9.0 16.0 15.0 10.0 8.0 16.0 8.0 8.0 16.0 15.0 8.0 8.0 16.0 17.0 8.0 15.0 16.0 16.0 16.0 17.0 16.0 8.0 8.0 16.0 15.0 18.0 9.0 16.0 8.0 16.0 15.0 8.0 8.0 8.0 8.0 16.0 16.0 8.0 8.0 26.0 16.0 17.0 16.0 15.0 8.0 16.0 15.0 8.0 30.0 15.0 8.0 8.0 15.0 8.0 26.0 15.0 16.0 8.0 16.0 15.0 14.0 16.0 21.0 16.0 8.0 16.0 16.0 8.0 15.0 16.0 8.0 8.0 8.0 8.0 8.0 16.0 8.0 8.0 16.0 16.0 7.0 8.0 8.0 10.0 11.0 43.0 18.0 10.0 9.0 17.0 17.0 9.0 16.0 8.0 8.0 15.0 51.0 8.0 8.0 17.0 8.0 16.0 16.0 15.0 8.0 8.0 8.0 15.0 16.0 8.0 8.0 8.0 8.0 9.0 8.0 8.0 16.0 8.0 16.0 8.0 8.0 17.0 8.0 8.0 8.0 15.0 8.0 8.0 8.0 8.0 8.0 16.0 19.0 15.0 15.0 8.0 8.0 8.0 16.0 8.0 10.0 8.0 16.0 8.0 8.0 15.0 25.0 8.0 15.0 54.0 8.0 8.0 16.0 51.0
31 32 1 TRACE 17.0 11.0 11.0 11.0 12.0 12.0 12.0 12.0 11.0 12.0 12.0 12.0 33.0 15.0 12.0 12.0 11.0 12.0 11.0 12.0 12.0 15.0 11.0 12.0 11.0 11.0 11.0 11.0 12.0 15.0 11.0 11.0 12.0 12.0 11.0 12.0 27.0 18.0 11.0 11.0 12.0 12.0 12.0 13.0 13.0 11.0 11.0 12.0 12.0 11.0 13.0 12.0 11.0 11.0 12.0 11.0 11.0 11.0 14.0 12.0 12.0 15.0 12.0 11.0 12.0 11.0 12.0 11.0 12.0 12.0 12.0 12.0 11.0 12.0 12.0 12.0 12.0 12.0 26.0 11.0 11.0 12.0 12.0 11.0 13.0 12.0 11.0 11.0 11.0 11.0 12.0 11.0 11.0 12.0 12.0 11.0 12.0 23.0 12.0 11.0 12.0 13.0 12.0 12.0 12.0 11.0 15.0 12.0 12.0 12.0 11.0 12.0 12.0 12.0 12.0 11.0 11.0 12.0 12.0 12.0 12.0 11.0 11.0 12.0 12.0 11.0 11.0 13.0 11.0 11.0 12.0 12.0 12.0 11.0 12.0 11.0 11.0 12.0 12.0 11.0 11.0 14.0 14.0 26.0 13.0 12.0 13.0 13.0 12.0 12.0 12.0 12.0 11.0 12.0 12.0 12.0 11.0 12.0 12.0 11.0 11.0 12.0 11.0 11.0 11.0 12.0 11.0 12.0 11.0 12.0 12.0 12.0 11.0 12.0 12.0 11.0 11.0 12.0 12.0 12.0 12.0 11.0 11.0 11.0 11.0 11.0 11.0 11.0 12.0 11.0 12.0 11.0 11.0 11.0 12.0 11.0 12.0 11.0 14.0 11.0 12.0 11.0 11.0 12.0 11.0 12.0 12.0 11.0 11.0 11.0 12.0 12.0
32 33 1 TRACE 22.0 17.0 17.0 39.0 18.0 16.0 17.0 29.0 16.0 16.0 16.0 22.0 16.0 20.0 17.0 16.0 16.0 18.0 16.0 16.0 17.0 17.0 17.0 16.0 17.0 17.0 15.0 28.0 16.0 27.0 17.0 38.0 17.0 16.0 17.0 16.0 18.0 29.0 16.0 37.0 16.0 17.0 17.0 25.0 17.0 16.0 17.0 17.0 17.0 21.0 16.0 17.0 16.0 17.0 17.0 17.0 19.0 17.0 18.0 20.0 18.0 18.0 17.0 53.0 16.0 16.0 17.0 18.0 17.0 16.0 17.0 17.0 17.0 16.0 17.0 16.0 16.0 17.0 19.0 17.0 16.0 17.0 17.0 19.0 17.0 17.0 16.0 16.0 16.0 17.0 16.0 16.0 57.0 17.0 17.0 17.0 42.0 26.0 16.0 18.0 17.0 17.0 17.0 16.0 17.0 16.0 18.0 16.0 18.0 51.0 16.0 17.0 28.0 17.0 17.0 16.0 16.0 45.0 17.0 49.0 38.0 56.0 16.0 16.0 17.0 22.0 16.0 17.0 16.0 17.0 17.0 17.0 17.0 16.0 17.0 17.0 17.0 17.0 17.0 43.0 54.0 128.0 37.0 40.0 18.0 17.0 17.0 17.0 22.0 17.0 54.0 51.0 16.0 16.0 19.0 17.0 16.0 50.0 16.0 16.0 16.0 16.0 16.0 17.0 18.0 17.0 16.0 49.0 17.0 16.0 17.0 25.0 16.0 17.0 17.0 17.0 51.0 17.0 17.0 53.0 16.0 16.0 18.0 17.0 17.0 48.0 21.0 17.0 17.0 16.0 17.0 16.0 16.0 17.0 50.0 20.0 56.0 18.0 17.0 17.0 16.0 16.0 21.0 57.0 23.0 56.0 16.0 16.0 16.0 20.0 17.0 19.0
33 34 1 TRACE 92.0 45.0 64.0 21.0 110.0 68.0 121.0 76.0 38.0 92.0 42.0 34.0 21.0 102.0 76.0 73.0 91.0 74.0 137.0 89.0 75.0 21.0 36.0 100.0 81.0 56.0 90.0 66.0 116.0 27.0 112.0 43.0 37.0 98.0 81.0 59.0 160.0 46.0 139.0 94.0 126.0 1139.0 40.0 68.0 47.0 58.0 35.0 120.0 79.0 136.0 114.0 134.0 80.0 113.0 67.0 81.0 97.0 106.0 31.0 171.0 80.0 21.0 60.0 43.0 54.0 87.0 144.0 88.0 27.0 55.0 236.0 109.0 59.0 62.0 129.0 50.0 71.0 100.0 115.0 66.0 66.0 137.0 65.0 36.0 46.0 91.0 92.0 137.0 89.0 86.0 63.0 58.0 38.0 48.0 720.0 59.0 21.0 103.0 103.0 34.0 131.0 49.0 1286.0 238.0 631.0 1048.0 44.0 442.0 78.0 20.0 59.0 74.0 41.0 49.0 135.0 45.0 33.0 120.0 48.0 42.0 54.0 59.0 79.0 67.0 56.0 75.0 90.0 43.0 96.0 139.0 85.0 83.0 72.0 95.0 26.0 76.0 58.0 59.0 61.0 82.0 127.0 33.0 84.0 118.0 90.0 108.0 50.0 147.0 76.0 116.0 48.0 51.0 22.0 143.0 49.0 26.0 97.0 45.0 140.0 151.0 94.0 34.0 51.0 51.0 156.0 37.0 1215.0 21.0 114.0 105.0 100.0 119.0 58.0 47.0 38.0 59.0 61.0 132.0 100.0 122.0 155.0 66.0 74.0 214.0 87.0 77.0 54.0 90.0 78.0 125.0 122.0 60.0 71.0 95.0 21.0 73.0 42.0 84.0 22.0 96.0 162.0 91.0 124.0 95.0 294.0 21.0 113.0 43.0 132.0 85.0 81.0 108.0
34 35 1 TRACE 26.0 682.0 18.0 54.0 20.0 53.0 59.0 81.0 51.0 74.0 52.0 18.0 52.0 94.0 52.0 18.0 67.0 62.0 57.0 52.0 62.0 56.0 49.0 53.0 30.0 51.0 70.0 58.0 18.0 141.0 52.0 18.0 17.0 58.0 18.0 51.0 54.0 73.0 49.0 103.0 52.0 17.0 17.0 84.0 62.0 16.0 53.0 58.0 52.0 56.0 54.0 51.0 18.0 85.0 51.0 20.0 53.0 18.0 50.0 58.0 54.0 18.0 54.0 53.0 18.0 52.0 65.0 66.0 19.0 52.0 60.0 245.0 49.0 49.0 58.0 99.0 48.0 51.0 75.0 17.0 54.0 53.0 60.0 18.0 55.0 52.0 51.0 55.0 72.0 20.0 53.0 51.0 49.0 64.0 141.0 17.0 51.0 57.0 50.0 50.0 57.0 61.0 50.0 51.0 52.0 50.0 52.0 152.0 45.0 44.0 62.0 51.0 74.0 51.0 89.0 56.0 48.0 177.0 50.0 43.0 54.0 53.0 75.0 52.0 51.0 49.0 54.0 51.0 18.0 53.0 18.0 18.0 102.0 51.0 17.0 88.0 55.0 53.0 17.0 31.0 124.0 34.0 91.0 122.0 62.0 19.0 64.0 71.0 51.0 56.0 86.0 18.0 53.0 55.0 51.0 18.0 78.0 71.0 51.0 292.0 50.0 17.0 52.0 18.0 50.0 50.0 632.0 18.0 18.0 60.0 50.0 18.0 52.0 17.0 20.0 55.0 53.0 37.0 53.0 71.0 17.0 17.0 58.0 98.0 50.0 19.0 52.0 52.0 52.0 60.0 54.0 52.0 51.0 17.0 33.0 53.0 53.0 34.0 17.0 55.0 51.0 18.0 55.0 59.0 77.0 51.0 57.0 51.0 18.0 51.0 53.0 52.0
35 36 1 TRACE 21.0 89.0 16.0 51.0 18.0 49.0 64.0 48.0 57.0 176.0 48.0 16.0 55.0 98.0 49.0 15.0 54.0 59.0 46.0 115.0 49.0 58.0 54.0 78.0 24.0 59.0 53.0 63.0 15.0 534.0 48.0 16.0 16.0 52.0 16.0 48.0 101.0 73.0 46.0 146.0 57.0 16.0 16.0 51.0 47.0 15.0 89.0 58.0 47.0 68.0 50.0 47.0 16.0 53.0 48.0 18.0 49.0 16.0 63.0 53.0 46.0 15.0 52.0 52.0 16.0 48.0 58.0 46.0 16.0 55.0 91.0 46.0 47.0 84.0 98.0 95.0 50.0 48.0 69.0 16.0 61.0 51.0 46.0 16.0 47.0 48.0 47.0 52.0 82.0 16.0 51.0 45.0 45.0 59.0 55.0 15.0 47.0 55.0 48.0 47.0 54.0 47.0 47.0 51.0 49.0 61.0 62.0 213.0 42.0 42.0 48.0 47.0 82.0 51.0 51.0 22.0 46.0 56.0 45.0 41.0 51.0 52.0 51.0 50.0 47.0 51.0 52.0 58.0 17.0 50.0 16.0 16.0 53.0 47.0 16.0 47.0 54.0 52.0 16.0 39.0 121.0 32.0 91.0 122.0 66.0 18.0 50.0 68.0 56.0 83.0 58.0 16.0 46.0 73.0 47.0 16.0 135.0 49.0 49.0 915.0 45.0 16.0 55.0 52.0 98.0 55.0 60.0 15.0 15.0 50.0 56.0 16.0 50.0 15.0 15.0 50.0 47.0 25.0 48.0 54.0 15.0 16.0 50.0 61.0 46.0 52.0 87.0 59.0 55.0 55.0 46.0 45.0 54.0 16.0 17.0 55.0 52.0 21.0 16.0 59.0 47.0 17.0 47.0 121.0 57.0 54.0 260.0 47.0 53.0 46.0 50.0 47.0
36 37 1 TRACE 722.0 39.0 110.0 103.0 225.0 95.0 223.0 51.0 68.0 137.0 66.0 109.0 115.0 75.0 120.0 127.0 81.0 48.0 63.0 37.0 178.0 28.0 28.0 43.0 56.0 38.0 94.0 197.0 129.0 76.0 130.0 49.0 115.0 84.0 127.0 70.0 353.0 61.0 69.0 62.0 94.0 88.0 134.0 655.0 46.0 93.0 32.0 128.0 54.0 61.0 100.0 95.0 95.0 44.0 62.0 167.0 100.0 102.0 27.0 121.0 143.0 100.0 62.0 28.0 91.0 113.0 142.0 45.0 131.0 61.0 156.0 28.0 27.0 30.0 92.0 69.0 236.0 72.0 31.0 93.0 28.0 128.0 49.0 84.0 69.0 68.0 75.0 85.0 38.0 97.0 81.0 30.0 80.0 52.0 150.0 83.0 230.0 80.0 66.0 98.0 106.0 52.0 87.0 83.0 64.0 41.0 29.0 252.0 73.0 90.0 132.0 67.0 31.0 91.0 66.0 37.0 45.0 152.0 48.0 110.0 75.0 98.0 38.0 94.0 51.0 67.0 90.0 66.0 127.0 63.0 107.0 114.0 49.0 90.0 82.0 33.0 54.0 134.0 85.0 152.0 117.0 237.0 71.0 142.0 60.0 92.0 59.0 168.0 54.0 47.0 61.0 160.0 62.0 488.0 43.0 144.0 123.0 37.0 136.0 72.0 78.0 111.0 955.0 71.0 30.0 309.0 126.0 109.0 102.0 49.0 28.0 102.0 123.0 184.0 169.0 79.0 45.0 29.0 83.0 34.0 83.0 118.0 118.0 191.0 106.0 64.0 33.0 34.0 34.0 112.0 68.0 34.0 113.0 150.0 86.0 71.0 57.0 31.0 99.0 79.0 31.0 188.0 118.0 197.0 77.0 30.0 216.0 80.0 34.0 48.0 89.0 65.0
37 38 1 TRACE 52.0 41.0 29.0 35.0 37.0 40.0 63.0 31.0 37.0 48.0 40.0 48.0 30.0 75.0 65.0 35.0 57.0 35.0 75.0 40.0 93.0 69.0 40.0 40.0 26.0 41.0 36.0 57.0 74.0 72.0 31.0 53.0 35.0 74.0 42.0 31.0 234.0 42.0 70.0 59.0 32.0 324.0 65.0 80.0 60.0 34.0 42.0 69.0 48.0 62.0 42.0 66.0 45.0 70.0 38.0 72.0 31.0 64.0 29.0 47.0 51.0 35.0 69.0 31.0 64.0 73.0 48.0 70.0 64.0 41.0 60.0 31.0 30.0 31.0 42.0 70.0 69.0 33.0 65.0 33.0 36.0 70.0 66.0 46.0 74.0 65.0 71.0 69.0 69.0 31.0 66.0 64.0 75.0 67.0 63.0 47.0 51.0 67.0 80.0 78.0 61.0 28.0 122.0 64.0 285.0 391.0 27.0 75.0 36.0 33.0 33.0 64.0 70.0 67.0 68.0 62.0 31.0 42.0 30.0 65.0 38.0 69.0 29.0 69.0 29.0 29.0 41.0 68.0 62.0 40.0 63.0 50.0 44.0 37.0 36.0 31.0 68.0 66.0 30.0 85.0 130.0 107.0 99.0 100.0 54.0 40.0 36.0 50.0 30.0 59.0 81.0 65.0 76.0 94.0 37.0 31.0 38.0 72.0 61.0 58.0 29.0 37.0 79.0 49.0 80.0 69.0 51.0 73.0 38.0 65.0 64.0 30.0 69.0 65.0 66.0 37.0 70.0 31.0 39.0 61.0 40.0 35.0 66.0 52.0 71.0 70.0 66.0 61.0 34.0 79.0 40.0 35.0 34.0 70.0 69.0 39.0 30.0 33.0 31.0 37.0 28.0 57.0 119.0 110.0 66.0 33.0 39.0 64.0 68.0 31.0 68.0 66.0
38 39 1 TRACE 48.0 39.0 36.0 69.0 47.0 48.0 32.0 28.0 29.0 45.0 46.0 107.0 83.0 27.0 31.0 44.0 30.0 28.0 66.0 31.0 68.0 62.0 27.0 80.0 67.0 47.0 27.0 26.0 68.0 62.0 71.0 67.0 44.0 66.0 67.0 33.0 32.0 25.0 83.0 27.0 273.0 29.0 28.0 57.0 63.0 70.0 25.0 60.0 64.0 57.0 64.0 33.0 30.0 26.0 26.0 69.0 28.0 29.0 33.0 62.0 34.0 37.0 27.0 32.0 27.0 67.0 68.0 60.0 59.0 124.0 38.0 28.0 26.0 69.0 30.0 29.0 59.0 65.0 66.0 27.0 27.0 39.0 25.0 62.0 60.0 25.0 27.0 66.0 74.0 67.0 68.0 62.0 63.0 55.0 68.0 64.0 47.0 61.0 66.0 58.0 31.0 70.0 25.0 230.0 75.0 873.0 88.0 62.0 33.0 32.0 26.0 29.0 22.0 40.0 60.0 68.0 27.0 58.0 24.0 40.0 71.0 67.0 48.0 63.0 41.0 61.0 35.0 28.0 62.0 35.0 42.0 33.0 68.0 76.0 26.0 32.0 28.0 25.0 27.0 111.0 111.0 104.0 112.0 86.0 70.0 66.0 42.0 30.0 49.0 26.0 31.0 36.0 59.0 28.0 71.0 46.0 28.0 64.0 28.0 54.0 57.0 61.0 25.0 123.0 46.0 33.0 30.0 64.0 31.0 64.0 70.0 64.0 30.0 61.0 27.0 34.0 65.0 61.0 26.0 27.0 30.0 48.0 64.0 58.0 63.0 64.0 26.0 57.0 28.0 60.0 26.0 28.0 29.0 28.0 67.0 61.0 61.0 26.0 29.0 69.0 26.0 54.0 58.0 52.0 37.0 30.0 26.0 26.0 27.0 61.0 30.0 25.0
39 25 1 TRACE 17.0 17.0 61.0 19.0 19.0 18.0 20.0 22.0 18.0 19.0 17.0 17.0 17.0 21.0 35.0 19.0 19.0 17.0 17.0 19.0 16.0 21.0 17.0 53.0 26.0 39.0 18.0 17.0 17.0 55.0 17.0 18.0 17.0 27.0 17.0 16.0 44.0 17.0 18.0 20.0 18.0 55.0 55.0 18.0 18.0 17.0 16.0 17.0 53.0 16.0 57.0 22.0 17.0 17.0 17.0 44.0 34.0 58.0 20.0 20.0 17.0 18.0 17.0 16.0 22.0 17.0 17.0 18.0 53.0 16.0 21.0 28.0 18.0 18.0 17.0 16.0 20.0 18.0 19.0 17.0 28.0 17.0 16.0 26.0
39 40 1 TRACE 46.0 36.0 39.0 32.0 28.0 48.0 49.0 66.0 41.0 60.0 70.0 29.0 58.0 67.0 48.0 27.0 45.0 38.0 64.0 62.0 28.0 80.0 55.0 61.0 51.0 62.0 65.0 34.0 33.0 69.0 59.0 152.0 28.0 27.0 71.0 59.0 39.0 28.0 66.0 57.0 67.0 52.0 107.0 77.0 37.0 68.0 39.0 28.0 58.0 30.0 39.0 31.0 27.0 38.0 39.0 26.0 39.0 62.0 70.0 37.0 56.0 27.0 59.0 64.0
39 51 1 TRACE 56.0 45.0 28.0 40.0 83.0 40.0 38.0 72.0 28.0 78.0 70.0 27.0 33.0 61.0 45.0 58.0 36.0 37.0 41.0 27.0 68.0 28.0 65.0 61.0 31.0 63.0 29.0 63.0 28.0 61.0 63.0 102.0 58.0 51.0 38.0 36.0 30.0 61.0 59.0 30.0 68.0 62.0 88.0 84.0 43.0 46.0 65.0 46.0 30.0 147.0 29.0 51.0 29.0 35.0 36.0 28.0 35.0 28.0 27.0 59.0 28.0 28.0 28.0 29.0
40 41 1 TRACE 31.0 18.0 24.0 23.0 22.0 18.0 17.0 15.0 17.0 17.0 16.0 17.0 19.0 18.0 25.0 21.0 18.0 16.0 19.0 16.0 28.0 27.0 23.0 16.0 19.0 16.0 21.0 16.0 16.0 20.0 24.0 15.0 28.0 15.0 15.0 22.0 20.0 18.0 18.0 15.0 17.0 17.0 15.0 45.0 29.0 16.0 22.0 19.0 23.0 15.0 29.0 15.0 19.0 16.0 16.0 31.0 15.0 22.0 15.0 16.0 18.0 23.0 17.0 19.0
41 42 1 TRACE 17.0 12.0 13.0 11.0 13.0 12.0 11.0 11.0 12.0 12.0 12.0 12.0 24.0 12.0 12.0 11.0 12.0 11.0 11.0 14.0 12.0 12.0 11.0 12.0 12.0 11.0 12.0 12.0 11.0 25.0 12.0 12.0 11.0 12.0 12.0 13.0 11.0 12.0 12.0 12.0 12.0 13.0 11.0 12.0 15.0 12.0 25.0 11.0 12.0 12.0 11.0 11.0 12.0 12.0 11.0 12.0 11.0 11.0 11.0 12.0 13.0 11.0 12.0 12.0 14.0 13.0 12.0 11.0 12.0 13.0 11.0 11.0 11.0 11.0 12.0 12.0 11.0 12.0 12.0 12.0 12.0 13.0 12.0 12.0 11.0 12.0 12.0 11.0 23.0 12.0 12.0 11.0 11.0 12.0 12.0 13.0 12.0 12.0 12.0 12.0 13.0 11.0 12.0 11.0 12.0 12.0 13.0 12.0 12.0 12.0 11.0 12.0 13.0 12.0 12.0 14.0 12.0 12.0 12.0 11.0 12.0 11.0 12.0 11.0 12.0 12.0 19.0 12.0 12.0 11.0 12.0 11.0 12.0 11.0 11.0 38.0 39.0 26.0 15.0 13.0 14.0 13.0 13.0 12.0 12.0 12.0 13.0 12.0 12.0 11.0 12.0 12.0 13.0 11.0 12.0 12.0 12.0 11.0 12.0 11.0 12.0 11.0 12.0 12.0 12.0 11.0 11.0 11.0 14.0 11.0 11.0 12.0 11.0 12.0 12.0 12.0 11.0 11.0 23.0 11.0 11.0 12.0 12.0 11.0 11.0 12.0 12.0 13.0 12.0 12.0 12.0 11.0 12.0 12.0 13.0 11.0 12.0 11.0 13.0 11.0 11.0 11.0 12.0 11.0 12.0 12.0 12.0
42 43 1 TRACE 15.0 11.0 11.0 10.0 12.0 11.0 10.0 11.0 11.0 10.0 11.0 10.0 12.0 11.0 11.0 11.0 11.0 11.0 11.0 13.0 11.0 11.0 11.0 11.0 11.0 10.0 12.0 11.0 10.0 11.0 10.0 11.0 11.0 11.0 11.0 12.0 11.0 10.0 10.0 11.0 11.0 11.0 10.0 11.0 11.0 11.0 12.0 11.0 11.0 11.0 11.0 10.0 11.0 11.0 10.0 11.0 11.0 11.0 11.0 11.0 11.0 10.0 11.0 11.0 12.0 10.0 11.0 11.0 11.0 10.0 11.0 11.0 10.0 11.0 12.0 11.0 11.0 11.0 11.0 11.0 11.0 11.0 11.0 10.0 11.0 11.0 11.0 11.0 11.0 11.0 11.0 11.0 10.0 11.0 11.0 11.0 11.0 11.0 11.0 11.0 12.0 10.0 11.0 11.0 11.0 11.0 11.0 11.0 11.0 11.0 11.0 10.0 11.0 11.0 11.0 12.0 11.0 11.0 11.0 11.0 11.0 11.0 12.0 11.0 11.0 11.0 11.0 11.0 11.0 11.0 11.0 11.0 11.0 11.0 10.0 25.0 13.0 24.0 13.0 14.0 12.0 12.0 12.0 11.0 11.0 11.0 11.0 11.0 11.0 11.0 11.0 11.0 11.0 11.0 11.0 11.0 11.0 11.0 11.0 10.0 11.0 11.0 11.0 11.0 11.0 11.0 11.0 11.0 11.0 11.0 11.0 11.0 11.0 11.0 11.0 11.0 11.0 10.0 11.0 10.0 11.0 11.0 11.0 11.0 10.0 11.0 11.0 12.0 11.0 11.0 11.0 10.0 11.0 11.0 11.0 11.0 11.0 11.0 11.0 11.0 11.0 11.0 11.0 11.0 11.0 11.0 11.0
43 44 1 TRACE 12.0 8.0 8.0 8.0 9.0 8.0 7.0 8.0 8.0 8.0 8.0 8.0 8.0 8.0 8.0 8.0 8.0 8.0 8.0 9.0 8.0 7.0 8.0 8.0 8.0 7.0 8.0 8.0 8.0 8.0 7.0 8.0 8.0 8.0 8.0 9.0 7.0 8.0 7.0 8.0 8.0 8.0 7.0 8.0 9.0 8.0 8.0 8.0 8.0 8.0 8.0 7.0 8.0 7.0 7.0 8.0 8.0 8.0 8.0 8.0 8.0 7.0 8.0 8.0 9.0 8.0 8.0 8.0 8.0 8.0 8.0 8.0 8.0 8.0 8.0 8.0 8.0 8.0 7.0 7.0 8.0 7.0 8.0 8.0 8.0 7.0 8.0 8.0 8.0 8.0 8.0 8.0 8.0 8.0 7.0 8.0 8.0 8.0 8.0 8.0 9.0 8.0 8.0 8.0 8.0 7.0 8.0 8.0 8.0 7.0 8.0 8.0 8.0 8.0 8.0 8.0 8.0 8.0 7.0 8.0 8.0 8.0 8.0 8.0 7.0 7.0 8.0 8.0 7.0 8.0 8.0 8.0 7.0 8.0 8.0 20.0 9.0 10.0 9.0 23.0 10.0 8.0 8.0 8.0 8.0 8.0 8.0 8.0 8.0 8.0 8.0 8.0 8.0 7.0 8.0 8.0 8.0 8.0 8.0 8.0 8.0 8.0 8.0 8.0 7.0 8.0 8.0 8.0 7.0 8.0 8.0 9.0 8.0 8.0 8.0 8.0 8.0 8.0 8.0 8.0 8.0 7.0 8.0 8.0 8.0 8.0 8.0 8.0 8.0 8.0 8.0 7.0 8.0 8.0 8.0 8.0 7.0 8.0 8.0 8.0 8.0 8.0 7.0 8.0 8.0 8.0 8.0
44 45 1 TRACE 53.0 26.0 28.0 24.0 20.0 23.0 23.0 25.0 35.0 28.0 24.0 26.0 24.0 27.0 31.0 39.0 35.0 43.0 27.0 69.0 42.0 28.0 32.0 68.0 59.0 34.0 25.0 32.0 34.0 21.0 58.0 23.0 26.0 72.0 67.0 18.0 22.0 26.0 274.0 68.0 64.0 791.0 38.0 63.0 21.0 61.0 22.0 25.0 24.0 23.0 61.0 26.0 40.0 26.0 57.0 64.0 22.0 29.0 23.0 55.0 21.0 58.0 63.0 23.0 56.0 25.0 24.0 31.0 89.0 53.0 75.0 33.0 23.0 25.0 58.0 68.0 56.0 72.0 27.0 46.0 62.0 56.0 24.0 27.0 24.0 23.0 54.0 32.0 58.0 23.0 26.0 59.0 34.0 55.0 23.0 51.0 64.0 29.0 67.0 25.0 54.0 29.0 26.0 52.0 23.0 61.0 67.0 57.0 64.0 25.0 24.0 31.0 28.0 66.0 25.0 52.0 24.0 35.0 25.0 32.0 26.0 20.0 20.0 24.0 69.0 33.0 23.0 20.0 29.0 58.0 58.0 63.0 22.0 63.0 172.0 62.0 52.0 81.0 34.0 52.0 30.0 34.0 45.0 75.0 43.0 54.0 36.0 48.0 64.0 25.0 58.0 51.0 20.0 45.0 63.0 24.0 57.0 40.0 22.0 43.0 30.0 68.0 19.0 46.0 58.0 60.0 31.0 57.0 21.0 24.0 69.0 19.0 39.0 22.0 23.0 42.0 25.0 22.0 23.0 75.0 54.0 26.0 57.0 22.0 65.0 64.0 57.0 21.0 58.0 28.0 62.0 25.0 27.0 25.0 21.0 37.0 43.0 30.0 42.0 59.0 68.0 27.0 40.0 57.0 59.0 25.0 23.0
45 46 1 TRACE 33.0 16.0 17.0 15.0 15.0 26.0 15.0 16.0 17.0 16.0 15.0 16.0 16.0 17.0 16.0 16.0 16.0 16.0 17.0 15.0 44.0 18.0 16.0 18.0 16.0 15.0 16.0 16.0 28.0 16.0 16.0 16.0 15.0 51.0 17.0 15.0 16.0 16.0 16.0 18.0 18.0 18.0 17.0 50.0 17.0 17.0 16.0 16.0 15.0 17.0 15.0 19.0 16.0 54.0 16.0 18.0 16.0 16.0 16.0 16.0 31.0 16.0 19.0 16.0 46.0 26.0 16.0 17.0 17.0 30.0 15.0 16.0 16.0 15.0 18.0 16.0 16.0 76.0 16.0 15.0 17.0 18.0 15.0 17.0 56.0 15.0 17.0 18.0 17.0 17.0 18.0 16.0 16.0 17.0 16.0 16.0 20.0 16.0 59.0 20.0 17.0 16.0 15.0 15.0 17.0 18.0 34.0 18.0 16.0 15.0 14.0 16.0 16.0 17.0 15.0 18.0 16.0 16.0 15.0 16.0 16.0 15.0 17.0 16.0 52.0 18.0 16.0 19.0 17.0 16.0 32.0 17.0 16.0 18.0 56.0 15.0 45.0 33.0 41.0 19.0 16.0 17.0 17.0 17.0 16.0 16.0 18.0 24.0 16.0 18.0 16.0 15.0 17.0 22.0 56.0 16.0 15.0 17.0 15.0 26.0 16.0 17.0 14.0 17.0 16.0 17.0 16.0 18.0 43.0 15.0 17.0 16.0 16.0 15.0 16.0 57.0 26.0 16.0 17.0 18.0 15.0 16.0 52.0 16.0 17.0 16.0 17.0 15.0 16.0 15.0 16.0 17.0 19.0 16.0 14.0 15.0 16.0 15.0 17.0 20.0 28.0 16.0 15.0 17.0 27.0 16.0 15.0
46 47 1 TRACE 70.0 34.0 29.0 32.0 61.0 34.0 52.0 42.0 91.0 42.0 26.0 42.0 48.0 24.0 76.0 29.0 40.0 51.0 63.0 32.0 66.0 29.0 25.0 66.0 35.0 37.0 25.0 68.0 80.0 24.0 61.0 47.0 60.0 56.0 33.0 27.0 25.0 79.0 92.0 26.0 48.0 28.0 30.0 56.0 29.0 29.0 46.0 63.0 58.0 63.0 28.0 43.0 63.0 56.0 24.0 55.0 36.0 26.0 78.0 66.0 32.0 25.0 56.0 31.0 28.0 40.0 24.0 24.0 45.0 24.0 40.0 43.0 26.0 62.0 58.0 29.0 26.0 52.0 27.0 26.0 59.0 57.0 25.0 90.0 26.0 26.0 66.0 30.0 28.0 27.0 58.0 43.0 24.0 55.0 68.0 24.0 51.0 62.0 25.0 61.0 42.0 24.0 141.0 26.0 25.0 55.0 37.0 24.0 52.0 125.0 85.0 38.0 80.0 26.0 24.0 82.0 35.0 58.0 78.0 67.0 54.0 49.0 26.0 61.0 55.0 34.0 28.0 25.0 61.0 28.0 43.0 56.0 29.0 25.0 141.0 73.0 52.0 50.0 52.0 73.0 31.0 46.0 71.0 26.0 90.0 35.0 27.0 50.0 43.0 38.0 27.0 58.0 27.0 31.0 43.0 62.0 28.0 80.0 30.0 25.0 24.0 63.0 25.0 31.0 55.0 37.0 24.0 25.0 56.0 38.0 25.0 58.0 62.0 29.0 40.0 56.0 64.0 26.0 39.0 24.0 24.0 57.0 34.0 57.0 24.0 51.0 25.0 53.0 58.0 30.0 24.0 27.0 67.0 34.0 25.0 50.0 40.0 58.0 43.0 27.0 24.0 56.0 55.0 28.0 48.0 26.0 25.0
47 48 1 TRACE 13.0 29.0 11.0 10.0 21.0 10.0 9.0 8.0 9.0 9.0 11.0 10.0 9.0 20.0 8.0 9.0 10.0 10.0 9.0 10.0 10.0 8.0 11.0 12.0 10.0 9.0 11.0 9.0 9.0 10.0 17.0 16.0 16.0 14.0 10.0 7.0 11.0 10.0 10.0 10.0 10.0 9.0 8.0 9.0 10.0 10.0 10.0 10.0 10.0 8.0 14.0 10.0 9.0 10.0 10.0 9.0 8.0 55.0 10.0 13.0 10.0 10.0 9.0 8.0 9.0 10.0 10.0 9.0 11.0 10.0 8.0 52.0 11.0 10.0 11.0 11.0 10.0 8.0 27.0 16.0 11.0 10.0 11.0 10.0 9.0 10.0 11.0 10.0 10.0 10.0 9.0 8.0 36.0 24.0 10.0 11.0 10.0 10.0 8.0 17.0 11.0 12.0 12.0 10.0 10.0 8.0 26.0 13.0 12.0 10.0 11.0 10.0 8.0 10.0 10.0 10.0 11.0 10.0 10.0 8.0 9.0 12.0 12.0 11.0 11.0 10.0 8.0 10.0 9.0 10.0 14.0 10.0 9.0 9.0 21.0 9.0 9.0 9.0 18.0 11.0 9.0 11.0 22.0 9.0 12.0 12.0 20.0 8.0 11.0 44.0 10.0 9.0 10.0 9.0 8.0 14.0 9.0 10.0 10.0 11.0 9.0 9.0 17.0 22.0 9.0 13.0 12.0 10.0 8.0 9.0 10.0 12.0 9.0 10.0 9.0 7.0 9.0 9.0 10.0 10.0 10.0 10.0 8.0 18.0 10.0 10.0 9.0 10.0 10.0 8.0 9.0 14.0 12.0 11.0 11.0 10.0 8.0 29.0 10.0 10.0 9.0 13.0 22.0 8.0 50.0 10.0 10.0 10.0 10.0 11.0 8.0 12.0 11.0 10.0 11.0 11.0 10.0 8.0 24.0 14.0 9.0 9.0 9.0 10.0 8.0 10.0 10.0 27.0 9.0 11.0 10.0 8.0 10.0 13.0 16.0 14.0 11.0 9.0 8.0 36.0 10.0 10.0 10.0 28.0 14.0 9.0 40.0 10.0 9.0 10.0 10.0 11.0 8.0 9.0 9.0 9.0 10.0 10.0 9.0 8.0 294.0 13.0 11.0 10.0 11.0 11.0 8.0 130.0 22.0 10.0 10.0 9.0 10.0 8.0 10.0 9.0 9.0 48.0 10.0 47.0 8.0 208.0 17.0 11.0 22.0 10.0 10.0 7.0 590.0 11.0 10.0 9.0 10.0 10.0 8.0 308.0 10.0 10.0 9.0 10.0 9.0 8.0 11.0 47.0 17.0 10.0 12.0 9.0 8.0 13.0 16.0 16.0 10.0 49.0 9.0 8.0 9.0 9.0 9.0 10.0 10.0 10.0 9.0 10.0 10.0 11.0 11.0 10.0 17.0 7.0 10.0 9.0 11.0 10.0 10.0 10.0 8.0 10.0 10.0 11.0 9.0 10.0 9.0 8.0 40.0 20.0 11.0 10.0 13.0 11.0 8.0 14.0 23.0 10.0 9.0 10.0 10.0 7.0 28.0 22.0 10.0 10.0 10.0 10.0 8.0 10.0 20.0 12.0 10.0 10.0 10.0 8.0 10.0 10.0 11.0 10.0 10.0 10.0 10.0 10.0 10.0 10.0 11.0 11.0 10.0 8.0 13.0 15.0 35.0 13.0 23.0 10.0 8.0 9.0 10.0 11.0 10.0 9.0 10.0 8.0 17.0 11.0 10.0 10.0 10.0 10.0 8.0 9.0 10.0 10.0 10.0 10.0 10.0 8.0 9.0 12.0 10.0 10.0 12.0 10.0 8.0 9.0 27.0 12.0 47.0 22.0 9.0 8.0 9.0 10.0 10.0 10.0 10.0 9.0 7.0 10.0 10.0 15.0 12.0 13.0 10.0 8.0 28.0 11.0 10.0 9.0 10.0 10.0 9.0 10.0 10.0 10.0 9.0 10.0 18.0 8.0 12.0 48.0 83.0 12.0 10.0 10.0 8.0 17.0 10.0 10.0 10.0 10.0 18.0 8.0 28.0 12.0 10.0 10.0 10.0 10.0 8.0 39.0 11.0 10.0 10.0 10.0 9.0 8.0 9.0 9.0 11.0 10.0 10.0 10.0 8.0 10.0 10.0 10.0 9.0 10.0 9.0 8.0 9.0 10.0 12.0 10.0 11.0 10.0 7.0 10.0 11.0 10.0 10.0 10.0 10.0 8.0 9.0 10.0 10.0 10.0 10.0 10.0 8.0 11.0 11.0 29.0 10.0 10.0 10.0 7.0 42.0 10.0 10.0 10.0 10.0 9.0 8.0 12.0 10.0 10.0 9.0 10.0 9.0 8.0 10.0 11.0 10.0 21.0 10.0 10.0 8.0 9.0 9.0 11.0 9.0 10.0 10.0 7.0 11.0 50.0 9.0 12.0 10.0 10.0 7.0 14.0 10.0 15.0 11.0 13.0 9.0 8.0 10.0 11.0 10.0 9.0 10.0 10.0 8.0 9.0 9.0 9.0 9.0 10.0 10.0 8.0 10.0 10.0 10.0 9.0 12.0 9.0 8.0 11.0 9.0 10.0 10.0 10.0 10.0 8.0 57.0 46.0 10.0 9.0 10.0 18.0 8.0 9.0 12.0 13.0 12.0 11.0 14.0 7.0 16.0 23.0 11.0 10.0 10.0 11.0 8.0 9.0 9.0 9.0 9.0 10.0 10.0 8.0 16.0 10.0 9.0 9.0 10.0 10.0 8.0 22.0 12.0 10.0 11.0 12.0 9.0 8.0 10.0 35.0 10.0 10.0 12.0 10.0 8.0 1420.0 10.0 10.0 9.0 9.0 10.0 8.0 14.0 14.0 11.0 9.0 11.0 9.0 8.0 10.0 10.0 11.0 9.0 10.0 9.0 8.0 9.0 9.0 10.0 10.0 46.0 10.0 8.0 9.0 18.0 12.0 9.0 10.0 10.0 8.0 9.0 10.0 10.0 9.0 9.0 10.0 8.0 11.0 10.0 10.0 9.0 10.0 10.0 8.0 749.0 12.0 13.0 12.0 34.0 22.0 20.0 14.0 9.0 10.0 9.0 10.0 9.0 8.0 53.0 10.0 16.0 10.0 9.0 10.0 8.0 10.0 10.0 11.0 10.0 10.0 10.0 8.0 45.0 12.0 10.0 10.0 10.0 10.0 8.0 9.0 11.0 9.0 9.0 10.0 10.0 8.0 11.0 15.0 17.0 14.0 11.0 10.0 9.0 10.0 11.0 10.0 9.0 12.0 10.0 8.0 9.0 12.0 10.0 10.0 9.0 9.0 8.0 10.0 10.0 10.0 9.0 10.0 9.0 8.0 9.0 9.0 13.0 11.0 12.0 9.0 8.0 10.0 10.0 10.0 14.0 9.0 10.0 8.0 10.0 10.0 10.0 9.0 10.0 15.0 8.0 10.0 10.0 10.0 10.0 11.0 9.0 8.0 17.0 12.0 9.0 10.0 10.0 10.0 7.0 38.0 11.0 9.0 9.0 10.0 10.0 8.0 10.0 11.0 13.0 11.0 11.0 9.0 8.0 10.0 11.0 10.0 9.0 45.0 10.0 8.0 10.0 9.0 10.0 9.0 10.0 10.0 8.0 10.0 17.0 11.0 9.0 10.0 10.0 8.0 9.0 10.0 10.0 9.0 10.0 9.0 8.0 9.0 9.0 10.0 9.0 10.0 10.0 8.0 10.0 9.0 17.0 10.0 10.0 10.0 8.0 124.0 13.0 49.0 11.0 10.0 9.0 8.0 12.0 14.0 10.0 9.0 10.0 9.0 8.0 10.0 17.0 9.0 13.0 10.0 10.0 8.0 11.0 24.0 11.0 18.0 23.0 10.0 7.0 11.0 10.0 10.0 10.0 11.0 10.0 8.0 11.0 10.0 10.0 9.0 10.0 9.0 8.0 77.0 54.0 11.0 10.0 10.0 10.0 8.0 9.0 10.0 10.0 9.0 10.0 10.0 8.0 10.0 11.0 10.0 9.0 11.0 10.0 8.0 10.0 10.0 12.0 14.0 10.0 9.0 8.0 97.0 10.0 9.0 10.0 9.0 10.0 8.0 16.0 10.0 10.0 10.0 10.0 10.0 22.0 11.0 11.0 20.0 19.0 10.0 22.0 20.0 11.0 10.0 25.0 23.0 10.0 25.0 19.0 10.0 21.0 21.0 49.0 16.0 49.0 19.0 80.0 15.0 38.0 27.0 10.0 15.0 10.0 46.0 11.0 67.0 16.0 15.0 12.0 10.0 11.0 12.0 11.0 11.0 11.0 11.0 10.0 41.0 20.0 21.0 11.0 11.0 11.0 8.0 64.0 13.0 12.0 10.0 11.0 11.0 9.0 20.0 39.0 11.0 10.0 11.0 11.0 8.0 11.0 11.0 10.0 10.0 11.0 11.0 9.0 9.0 18.0 12.0 9.0 9.0 10.0 8.0 9.0 12.0 10.0 10.0 10.0 10.0 9.0 9.0 11.0 11.0 10.0 38.0 12.0 7.0 9.0 11.0 9.0 9.0 46.0 11.0 7.0 21.0 11.0 9.0 10.0 10.0 9.0 8.0 60.0 10.0 10.0 9.0 10.0 10.0 8.0 9.0 24.0 10.0 9.0 9.0 9.0 8.0 9.0 10.0 10.0 10.0 11.0 10.0 8.0 17.0 9.0 10.0 10.0 10.0 10.0 7.0 9.0 48.0 10.0 50.0 24.0 11.0 8.0 12.0 10.0 11.0 10.0 51.0 9.0 8.0 13.0 11.0 9.0 9.0 10.0 10.0 8.0 22.0 9.0 9.0 10.0 10.0 9.0 8.0 9.0 21.0 15.0 14.0 10.0 10.0 8.0 126.0 10.0 9.0 9.0 11.0 10.0 8.0 62.0 12.0 10.0 10.0 21.0 10.0 8.0 10.0 10.0 10.0 9.0 10.0 9.0 8.0 10.0 10.0 10.0 10.0 10.0 10.0 8.0 20.0 9.0 10.0 9.0 10.0 12.0 8.0 11.0 14.0 9.0 9.0 11.0 10.0 8.0 23.0 16.0 15.0 13.0 12.0 9.0 8.0 12.0 11.0 9.0 9.0 10.0 10.0 8.0 15.0 10.0 11.0 9.0 10.0 9.0 8.0 62.0 10.0 10.0 14.0 10.0 9.0 8.0 10.0 12.0 13.0 13.0 13.0 9.0 8.0 9.0 11.0 10.0 9.0 49.0 10.0 8.0 12.0 10.0 9.0 9.0 10.0 9.0 8.0 9.0 10.0 9.0 10.0 10.0 17.0 8.0 10.0 10.0 23.0 11.0 11.0 9.0 8.0 14.0 10.0 9.0 10.0 9.0 9.0 8.0 36.0 10.0 9.0 9.0 10.0 10.0 8.0 46.0 12.0 41.0 10.0 10.0 9.0 8.0 10.0 10.0 22.0 10.0 10.0 10.0 8.0 13.0 9.0 9.0 10.0 10.0 44.0 8.0 9.0 12.0 10.0 10.0 10.0 10.0 8.0 13.0 11.0 9.0 9.0 9.0 10.0 8.0 9.0 9.0 9.0 10.0 10.0 12.0 8.0 15.0 12.0 14.0 12.0 10.0 9.0 8.0 10.0 12.0 11.0 9.0 14.0 9.0 8.0 9.0 16.0 9.0 9.0 10.0 10.0 8.0 15.0 11.0 9.0 9.0 14.0 9.0 8.0 10.0 17.0 13.0 10.0 11.0 10.0 8.0 10.0 10.0 9.0 9.0 10.0 9.0 8.0 51.0 10.0 10.0 10.0 20.0 10.0 8.0 56.0 16.0 10.0 18.0 9.0 12.0 8.0 9.0 11.0 10.0 10.0 10.0 10.0 7.0 49.0 9.0 49.0 9.0 9.0 11.0 7.0 12.0 10.0 11.0 9.0 10.0 10.0 7.0 9.0 16.0 11.0 11.0 11.0 10.0 8.0 9.0 9.0 10.0 10.0 11.0 9.0 8.0 14.0 10.0 20.0 10.0 11.0 9.0 8.0 54.0 87.0 11.0 10.0 11.0 9.0 8.0 9.0 9.0 9.0 10.0 10.0 9.0 8.0 41.0 9.0 9.0 9.0 17.0 10.0 8.0 12.0 9.0 9.0 10.0 11.0 10.0 7.0 9.0 10.0 10.0 10.0 10.0 47.0 8.0 415.0 11.0 11.0 9.0 10.0 10.0 8.0 14.0 9.0 12.0 11.0 11.0 10.0 9.0 10.0 10.0 10.0 20.0 10.0 9.0 10.0 10.0 10.0 9.0 10.0 11.0 9.0 8.0 11.0 10.0 10.0 11.0 14.0 10.0 8.0 9.0 9.0 11.0 10.0 9.0 35.0 8.0 57.0 9.0 9.0 10.0 10.0 10.0
48 49 1 TRACE 13.0 44.0 13.0 11.0 11.0 22.0 10.0 8.0 11.0 12.0 11.0 11.0 10.0 13.0 8.0 9.0 12.0 9.0 9.0 9.0 9.0 8.0 10.0 10.0 9.0 9.0 9.0 9.0 19.0 12.0 15.0 11.0 11.0 11.0 12.0 8.0 12.0 12.0 11.0 11.0 10.0 11.0 7.0 9.0 9.0 9.0 10.0 10.0 10.0 7.0 9.0 10.0 9.0 10.0 9.0 10.0 9.0 13.0 12.0 12.0 10.0 12.0 12.0 7.0 10.0 10.0 10.0 12.0 10.0 11.0 7.0 19.0 9.0 9.0 10.0 9.0 11.0 10.0 18.0 13.0 13.0 12.0 11.0 11.0 8.0 10.0 22.0 9.0 9.0 11.0 9.0 8.0 10.0 9.0 9.0 9.0 10.0 13.0 10.0 18.0 18.0 11.0 12.0 10.0 11.0 7.0 31.0 10.0 10.0 10.0 11.0 22.0 8.0 10.0 11.0 9.0 10.0 9.0 10.0 10.0 13.0 13.0 12.0 12.0 11.0 11.0 8.0 10.0 11.0 10.0 11.0 10.0 10.0 8.0 20.0 9.0 10.0 10.0 10.0 10.0 11.0 12.0 15.0 10.0 11.0 11.0 12.0 8.0 11.0 11.0 11.0 10.0 11.0 10.0 7.0 9.0 9.0 10.0 10.0 10.0 10.0 9.0 14.0 15.0 11.0 13.0 11.0 15.0 8.0 11.0 12.0 10.0 10.0 11.0 11.0 7.0 10.0 10.0 10.0 10.0 10.0 10.0 8.0 25.0 9.0 9.0 10.0 10.0 10.0 10.0 12.0 14.0 11.0 11.0 11.0 10.0 8.0 15.0 10.0 9.0 31.0 10.0 11.0 7.0 10.0 50.0 9.0 9.0 10.0 10.0 10.0 20.0 14.0 12.0 12.0 11.0 10.0 7.0 16.0 10.0 10.0 10.0 10.0 10.0 7.0 10.0 10.0 9.0 10.0 11.0 10.0 9.0 14.0 13.0 12.0 12.0 15.0 10.0 8.0 12.0 14.0 11.0 11.0 11.0 35.0 9.0 22.0 9.0 9.0 10.0 17.0 10.0 7.0 9.0 10.0 9.0 9.0 10.0 10.0 9.0 19.0 13.0 12.0 11.0 11.0 11.0 8.0 24.0 10.0 9.0 10.0 11.0 10.0 7.0 10.0 9.0 9.0 10.0 10.0 13.0 10.0 79.0 14.0 11.0 12.0 11.0 11.0 7.0 328.0 9.0 10.0 11.0 10.0 10.0 7.0 605.0 10.0 10.0 10.0 9.0 9.0 10.0 26.0 13.0 12.0 10.0 14.0 25.0 8.0 46.0 46.0 10.0 10.0 10.0 9.0 7.0 9.0 9.0 9.0 10.0 9.0 10.0 10.0 13.0 11.0 12.0 11.0 11.0 11.0 7.0 9.0 10.0 10.0 9.0 10.0 9.0 8.0 10.0 9.0 13.0 9.0 9.0 10.0 10.0 46.0 13.0 12.0 12.0 10.0 10.0 8.0 10.0 10.0 10.0 10.0 10.0 10.0 7.0 16.0 10.0 9.0 9.0 10.0 10.0 10.0 38.0 12.0 11.0 10.0 11.0 11.0 7.0 10.0 11.0 10.0 10.0 10.0 10.0 7.0 10.0 11.0 10.0 11.0 10.0 10.0 8.0 23.0 37.0 12.0 12.0 11.0 22.0 8.0 10.0 12.0 11.0 11.0 10.0 12.0 7.0 9.0 9.0 9.0 11.0 10.0 10.0 8.0 9.0 10.0 9.0 9.0 9.0 9.0 10.0 19.0 12.0 12.0 25.0 11.0 11.0 7.0 9.0 12.0 10.0 10.0 12.0 12.0 8.0 9.0 9.0 9.0 10.0 9.0 9.0 9.0 16.0 18.0 12.0 11.0 11.0 14.0 8.0 19.0 11.0 11.0 10.0 11.0 10.0 8.0 20.0 9.0 10.0 10.0 9.0 11.0 8.0 13.0 11.0 15.0 11.0 11.0 11.0 8.0 9.0 9.0 10.0 9.0 10.0 9.0 7.0 10.0 10.0 9.0 10.0 9.0 10.0 9.0 13.0 14.0 11.0 12.0 11.0 11.0 8.0 10.0 9.0 9.0 10.0 10.0 10.0 8.0 10.0 10.0 9.0 9.0 9.0 10.0 10.0 23.0 32.0 12.0 12.0 11.0 10.0 7.0 11.0 10.0 10.0 11.0 9.0 9.0 8.0 10.0 9.0 9.0 10.0 10.0 10.0 9.0 13.0 13.0 11.0 11.0 12.0 12.0 7.0 15.0 13.0 10.0 11.0 10.0 10.0 7.0 9.0 9.0 10.0 10.0 9.0 10.0 10.0 18.0 13.0 12.0 11.0 11.0 10.0 8.0 10.0 10.0 10.0 10.0 10.0 9.0 7.0 10.0 10.0 45.0 9.0 9.0 10.0 9.0 13.0 26.0 12.0 11.0 10.0 12.0 7.0 11.0 11.0 11.0 11.0 11.0 10.0 8.0 10.0 9.0 9.0 9.0 15.0 10.0 10.0 18.0 12.0 12.0 12.0 14.0 10.0 8.0 14.0 10.0 10.0 10.0 10.0 10.0 7.0 48.0 12.0 10.0 9.0 46.0 10.0 9.0 12.0 19.0 11.0 12.0 11.0 11.0 8.0 42.0 16.0 11.0 11.0 11.0 11.0 7.0 9.0 10.0 9.0 10.0 9.0 10.0 8.0 10.0 9.0 10.0 9.0 9.0 11.0 10.0 13.0 13.0 12.0 12.0 11.0 11.0 8.0 10.0 11.0 11.0 11.0 10.0 10.0 8.0 50.0 10.0 10.0 9.0 9.0 10.0 9.0 17.0 12.0 11.0 11.0 12.0 11.0 8.0 9.0 10.0 10.0 15.0 9.0 11.0 7.0 9.0 10.0 10.0 50.0 9.0 10.0 9.0 11.0 12.0 46.0 11.0 11.0 11.0 8.0 33.0 10.0 9.0 10.0 10.0 10.0 8.0 10.0 10.0 9.0 10.0 10.0 10.0 9.0 13.0 22.0 12.0 11.0 10.0 11.0 8.0 11.0 10.0 16.0 11.0 11.0 10.0 7.0 10.0 45.0 10.0 9.0 10.0 9.0 9.0 13.0 11.0 12.0 11.0 11.0 11.0 7.0 13.0 32.0 10.0 9.0 10.0 9.0 8.0 9.0 10.0 9.0 10.0 10.0 10.0 9.0 12.0 16.0 12.0 11.0 11.0 12.0 9.0 42.0 11.0 22.0 10.0 10.0 10.0 7.0 9.0 10.0 10.0 10.0 10.0 9.0 7.0 9.0 10.0 9.0 10.0 10.0 10.0 9.0 12.0 11.0 11.0 11.0 11.0 11.0 8.0 11.0 11.0 10.0 11.0 10.0 10.0 7.0 10.0 10.0 10.0 10.0 19.0 9.0 9.0 17.0 12.0 12.0 13.0 11.0 11.0 8.0 10.0 10.0 10.0 10.0 11.0 10.0 7.0 9.0 9.0 9.0 11.0 9.0 10.0 9.0 13.0 12.0 12.0 11.0 11.0 11.0 8.0 10.0 10.0 10.0 51.0 10.0 11.0 7.0 10.0 12.0 10.0 10.0 10.0 9.0 9.0 14.0 13.0 12.0 10.0 12.0 11.0 8.0 10.0 11.0 10.0 10.0 10.0 9.0 8.0 9.0 10.0 9.0 10.0 10.0 9.0 10.0 18.0 11.0 11.0 11.0 11.0 11.0 8.0 13.0 10.0 12.0 10.0 10.0 9.0 8.0 11.0 9.0 9.0 9.0 10.0 9.0 8.0 11.0 12.0 13.0 11.0 13.0 10.0 9.0 16.0 13.0 12.0 12.0 12.0 22.0 7.0 10.0 9.0 11.0 14.0 9.0 9.0 7.0 9.0 9.0 9.0 11.0 9.0 9.0 10.0 51.0 15.0 12.0 11.0 11.0 11.0 8.0 10.0 11.0 10.0 21.0 10.0 10.0 7.0 9.0 10.0 9.0 10.0 10.0 10.0 10.0 13.0 11.0 18.0 11.0 11.0 10.0 7.0 11.0 10.0 10.0 10.0 10.0 10.0 8.0 9.0 31.0 10.0 10.0 10.0 10.0 22.0 23.0 23.0 19.0 38.0 24.0 10.0 21.0 12.0 33.0 15.0 14.0 17.0 24.0 9.0 21.0 10.0 19.0 14.0 20.0 38.0 8.0 11.0 46.0 11.0 11.0 36.0 23.0 12.0 20.0 23.0 26.0 13.0 13.0 23.0 9.0 11.0 23.0 11.0 11.0 10.0 11.0 9.0 12.0 23.0 10.0 11.0 11.0 11.0 10.0 43.0 17.0 21.0 11.0 12.0 11.0 8.0 62.0 11.0 11.0 10.0 11.0 11.0 8.0 47.0 10.0 10.0 10.0 10.0 10.0 9.0 18.0 11.0 12.0 10.0 13.0 11.0 9.0 18.0 12.0 11.0 12.0 11.0 35.0 8.0 10.0 9.0 10.0 11.0 11.0 9.0 7.0 10.0 10.0 10.0 11.0 9.0 46.0 9.0 18.0 12.0 13.0 11.0 11.0 10.0 8.0 9.0 9.0 10.0 10.0 9.0 10.0 7.0 14.0 10.0 10.0 9.0 9.0 10.0 10.0 18.0 11.0 11.0 12.0 11.0 11.0 7.0 10.0 9.0 9.0 10.0 10.0 10.0 7.0 9.0 10.0 9.0 10.0 9.0 10.0 9.0 13.0 11.0 12.0 11.0 12.0 11.0 7.0 10.0 10.0 9.0 10.0 10.0 10.0 7.0 9.0 10.0 9.0 10.0 9.0 9.0 9.0 11.0 15.0 12.0 11.0 19.0 10.0 8.0 10.0 10.0 11.0 11.0 10.0 10.0 8.0 50.0 10.0 9.0 10.0 10.0 10.0 7.0 9.0 10.0 9.0 11.0 10.0 10.0 9.0 14.0 12.0 11.0 12.0 10.0 13.0 7.0 9.0 9.0 9.0 10.0 17.0 10.0 7.0 9.0 9.0 10.0 10.0 9.0 9.0 9.0 52.0 16.0 11.0 11.0 11.0 12.0 8.0 12.0 12.0 11.0 10.0 10.0 11.0 8.0 9.0 10.0 10.0 9.0 9.0 9.0 8.0 10.0 10.0 10.0 10.0 9.0 9.0 9.0 13.0 11.0 12.0 11.0 11.0 12.0 8.0 29.0 11.0 11.0 51.0 10.0 10.0 7.0 10.0 9.0 10.0 11.0 9.0 11.0 7.0 10.0 9.0 10.0 10.0 10.0 10.0 10.0 12.0 18.0 11.0 11.0 11.0 10.0 8.0 11.0 10.0 10.0 10.0 10.0 10.0 7.0 35.0 10.0 9.0 9.0 10.0 9.0 9.0 17.0 12.0 16.0 11.0 11.0 10.0 8.0 13.0 10.0 10.0 10.0 10.0 10.0 8.0 10.0 9.0 10.0 10.0 10.0 14.0 9.0 19.0 16.0 11.0 11.0 11.0 11.0 7.0 38.0 10.0 9.0 10.0 9.0 10.0 7.0 9.0 10.0 11.0 9.0 10.0 10.0 9.0 13.0 12.0 12.0 11.0 13.0 11.0 8.0 12.0 12.0 11.0 10.0 11.0 10.0 8.0 13.0 9.0 9.0 9.0 10.0 9.0 7.0 11.0 10.0 10.0 45.0 10.0 10.0 10.0 45.0 15.0 12.0 11.0 11.0 10.0 7.0 19.0 10.0 9.0 9.0 10.0 11.0 8.0 32.0 10.0 10.0 10.0 10.0 9.0 10.0 13.0 12.0 12.0 12.0 10.0 10.0 8.0 10.0 12.0 10.0 10.0 11.0 10.0 7.0 9.0 14.0 10.0 9.0 10.0 9.0 7.0 10.0 10.0 10.0 22.0 9.0 10.0 9.0 12.0 13.0 12.0 11.0 11.0 11.0 8.0 10.0 10.0 11.0 11.0 10.0 10.0 7.0 10.0 10.0 9.0 10.0 9.0 9.0 9.0 19.0 12.0 12.0 11.0 11.0 12.0 8.0 10.0 49.0 9.0 9.0 10.0 12.0 8.0 45.0 9.0 10.0 9.0 11.0 10.0 9.0 17.0 12.0 12.0 13.0 11.0 10.0 7.0 9.0 10.0 9.0 10.0 10.0 10.0 7.0 10.0 11.0 9.0 10.0 9.0 9.0 10.0 14.0 13.0 12.0 11.0 10.0 11.0 9.0 10.0 11.0 11.0 10.0 10.0 9.0 8.0 9.0 9.0 9.0 11.0 10.0 10.0 10.0 17.0 13.0 11.0 49.0 10.0 18.0 7.0 9.0 9.0 9.0 10.0 9.0 10.0 7.0 38.0 9.0 10.0 11.0 9.0 10.0
49 47 1 TRACE 43.0 44.0 37.0 31.0 30.0 26.0 25.0 22.0 18.0 18.0 18.0 17.0 17.0 28.0 12.0 13.0 13.0 13.0 13.0 13.0 12.0 13.0 13.0 13.0 39.0 41.0 33.0 29.0 28.0 27.0 21.0 19.0 19.0 18.0 17.0 17.0 14.0 13.0 13.0 13.0 13.0 14.0 14.0 13.0 13.0 14.0 13.0 13.0 34.0 25.0 56.0 95.0 23.0 19.0 15.0 14.0 14.0 15.0 13.0 14.0 14.0 13.0 12.0 14.0 12.0 13.0 29.0 22.0 21.0 18.0 18.0 17.0 15.0 15.0 25.0 14.0 26.0 14.0 28.0 13.0 14.0 13.0 14.0 13.0 28.0 22.0 20.0 19.0 19.0 18.0 19.0 14.0 13.0 16.0 16.0 15.0 13.0 13.0 13.0 12.0 12.0 13.0 41.0 33.0 24.0 21.0 21.0 19.0 90.0 16.0 15.0 15.0 17.0 15.0 14.0 25.0 14.0 13.0 13.0 13.0 43.0 34.0 50.0 23.0 23.0 22.0 16.0 16.0 17.0 18.0 17.0 16.0 13.0 13.0 14.0 14.0 13.0 13.0 41.0 58.0 29.0 25.0 23.0 60.0 19.0 18.0 17.0 18.0 18.0 16.0 13.0 14.0 14.0 14.0 14.0 14.0 13.0 13.0 14.0 13.0 13.0 13.0 37.0 29.0 25.0 22.0 22.0 21.0 57.0 15.0 16.0 16.0 16.0 16.0 14.0 19.0 15.0 55.0 13.0 13.0 36.0 27.0 25.0 22.0 21.0 19.0 16.0 15.0 23.0 17.0 15.0 15.0 13.0 13.0 14.0 15.0 14.0 13.0 40.0 37.0 32.0 29.0 28.0 28.0 20.0 28.0 18.0 60.0 18.0 19.0 15.0 13.0 13.0 13.0 13.0 13.0 20.0 14.0 14.0 13.0 13.0 13.0 35.0 27.0 23.0 23.0 21.0 29.0 31.0 15.0 15.0 16.0 23.0 15.0 13.0 13.0 13.0 14.0 47.0 14.0 32.0 23.0 22.0 44.0 26.0 19.0 15.0 14.0 15.0 15.0 15.0 14.0 12.0 14.0 14.0 13.0 13.0 13.0 36.0 27.0 23.0 26.0 27.0 32.0 16.0 16.0 15.0 15.0 15.0 15.0 14.0 14.0 13.0 14.0 12.0 13.0 57.0 32.0 18.0 19.0 18.0 17.0 57.0 14.0 14.0 15.0 14.0 14.0 14.0 14.0 13.0 15.0 14.0 13.0 32.0 24.0 22.0 21.0 56.0 19.0 23.0 14.0 26.0 16.0 15.0 14.0 13.0 13.0 13.0 14.0 19.0 13.0 34.0 25.0 22.0 22.0 32.0 19.0 15.0 15.0 15.0 16.0 15.0 15.0 15.0 13.0 13.0 38.0 15.0 14.0 40.0 36.0 45.0 30.0 30.0 27.0 28.0 22.0 18.0 18.0 17.0 16.0 14.0 13.0 13.0 14.0 13.0 13.0 33.0 13.0 13.0 13.0 13.0 12.0 30.0 27.0 22.0 21.0 18.0 19.0 15.0 16.0 14.0 16.0 45.0 16.0 16.0 53.0 13.0 14.0 13.0 13.0 39.0 47.0 27.0 26.0 24.0 23.0 19.0 18.0 17.0 18.0 17.0 16.0 25.0 25.0 14.0 14.0 14.0 13.0 24.0 21.0 25.0 18.0 18.0 18.0 13.0 56.0 13.0 14.0 14.0 13.0 13.0 13.0 14.0 13.0 13.0 13.0 25.0 20.0 19.0 19.0 18.0 17.0 18.0 14.0 14.0 14.0 13.0 13.0 14.0 14.0 53.0 14.0 15.0 40.0 41.0 22.0 19.0 20.0 18.0 18.0 49.0 14.0 14.0 15.0 13.0 14.0 13.0 15.0 13.0 14.0 14.0 13.0 37.0 33.0 26.0 29.0 25.0 22.0 17.0 45.0 16.0 16.0 16.0 16.0 14.0 13.0 14.0 13.0 14.0 13.0 48.0 36.0 23.0 22.0 21.0 30.0 63.0 16.0 15.0 15.0 21.0 15.0 13.0 12.0 17.0 15.0 14.0 13.0 41.0 64.0 26.0 25.0 23.0 23.0 19.0 18.0 18.0 18.0 16.0 16.0 46.0 14.0 13.0 14.0 13.0 14.0 31.0 32.0 22.0 20.0 18.0 19.0 14.0 16.0 16.0 16.0 14.0 15.0 13.0 14.0 13.0 13.0 13.0 13.0 43.0 33.0 27.0 26.0 24.0 62.0 47.0 18.0 30.0 19.0 37.0 18.0 14.0 17.0 13.0 13.0 13.0 14.0 13.0 13.0 13.0 13.0 14.0 13.0 64.0 36.0 27.0 25.0 23.0 21.0 18.0 17.0 16.0 17.0 55.0 16.0 50.0 14.0 13.0 13.0 13.0 13.0 31.0 24.0 21.0 21.0 19.0 19.0 17.0 16.0 13.0 15.0 16.0 14.0 27.0 14.0 13.0 14.0 13.0 15.0 27.0 25.0 19.0 22.0 20.0 18.0 18.0 14.0 14.0 14.0 15.0 14.0 13.0 13.0 13.0 14.0 14.0 13.0 42.0 32.0 26.0 26.0 24.0 39.0 19.0 18.0 18.0 18.0 17.0 16.0 13.0 13.0 14.0 13.0 13.0 13.0 23.0 20.0 19.0 18.0 18.0 17.0 21.0 13.0 14.0 13.0 13.0 13.0 48.0 14.0 13.0 13.0 13.0 13.0 39.0 36.0 31.0 28.0 26.0 26.0 23.0 21.0 30.0 18.0 17.0 16.0 17.0 15.0 14.0 14.0 14.0 52.0 13.0 13.0 13.0 13.0 13.0 13.0 43.0 41.0 28.0 27.0 23.0 24.0 19.0 18.0 18.0 17.0 18.0 16.0 13.0 13.0 14.0 14.0 13.0 39.0 31.0 25.0 22.0 20.0 18.0 57.0 14.0 30.0 19.0 15.0 14.0 15.0 29.0 13.0 14.0 14.0 12.0 14.0 36.0 32.0 23.0 22.0 22.0 20.0 17.0 15.0 15.0 16.0 16.0 17.0 13.0 17.0 13.0 13.0 13.0 13.0 34.0 25.0 23.0 56.0 23.0 19.0 16.0 16.0 15.0 15.0 15.0 15.0 18.0 14.0 13.0 13.0 13.0 13.0 32.0 27.0 24.0 24.0 20.0 19.0 23.0 15.0 15.0 15.0 15.0 15.0 17.0 13.0 12.0 14.0 14.0 13.0 43.0 40.0 72.0 30.0 31.0 28.0 22.0 64.0 21.0 21.0 20.0 30.0 14.0 14.0 14.0 19.0 15.0 16.0 16.0 13.0 14.0 13.0 13.0 14.0 40.0 27.0 25.0 24.0 21.0 21.0 26.0 17.0 16.0 17.0 15.0 16.0 14.0 13.0 13.0 13.0 13.0 13.0 36.0 31.0 24.0 22.0 22.0 21.0 17.0 17.0 17.0 16.0 15.0 15.0 14.0 15.0 13.0 29.0 47.0 14.0 98.0 54.0 35.0 55.0 53.0 52.0 34.0 32.0 19.0 29.0 56.0 39.0 28.0 21.0 14.0 19.0 14.0 15.0 14.0 25.0 13.0 13.0 26.0 13.0 33.0 30.0 29.0 21.0 21.0 20.0 18.0 18.0 28.0 53.0 57.0 16.0 47.0 48.0 15.0 17.0 16.0 15.0 37.0 23.0 21.0 22.0 37.0 19.0 58.0 15.0 14.0 16.0 15.0 15.0 14.0 13.0 14.0 14.0 14.0 14.0 43.0 38.0 34.0 74.0 31.0 31.0 24.0 19.0 19.0 19.0 18.0 17.0 24.0 28.0 13.0 14.0 13.0 14.0 14.0 13.0 14.0 15.0 13.0 17.0 28.0 22.0 23.0 20.0 19.0 18.0 14.0 14.0 13.0 14.0 15.0 13.0 13.0 13.0 13.0 14.0 17.0 13.0 31.0 27.0 23.0 21.0 19.0 18.0 52.0 18.0 14.0 15.0 15.0 15.0 13.0 14.0 17.0 14.0 17.0 16.0 27.0 36.0 21.0 20.0 19.0 18.0 14.0 14.0 14.0 14.0 15.0 14.0 14.0 14.0 13.0 14.0 13.0 13.0 41.0 34.0 26.0 26.0 25.0 22.0 20.0 18.0 18.0 18.0 16.0 16.0 13.0 15.0 38.0 14.0 14.0 14.0 55.0 13.0 13.0 13.0 13.0 13.0 24.0 21.0 19.0 18.0 18.0 38.0 20.0 16.0 13.0 13.0 14.0 13.0 14.0 13.0 13.0 14.0 13.0 13.0 41.0 37.0 34.0 30.0 29.0 28.0 22.0 19.0 19.0 18.0 18.0 16.0 13.0 49.0 16.0 13.0 13.0 14.0 12.0 14.0 13.0 13.0 15.0 13.0 39.0 32.0 27.0 26.0 24.0 24.0 20.0 18.0 17.0 18.0 17.0 20.0 15.0 13.0 14.0 14.0 54.0 36.0 24.0 13.0 13.0 14.0 13.0 13.0 78.0 33.0 24.0 24.0 21.0 22.0 38.0 18.0 16.0 16.0 16.0 16.0 13.0 13.0 13.0 14.0 13.0 13.0 38.0 29.0 29.0 61.0 29.0 22.0 18.0 16.0 52.0 15.0 16.0 15.0 13.0 13.0 13.0 13.0 14.0 13.0 25.0 20.0 19.0 20.0 19.0 17.0 13.0 13.0 14.0 15.0 15.0 15.0 23.0 16.0 14.0 13.0 14.0 20.0 44.0 36.0 33.0 30.0 29.0 28.0 21.0 19.0 18.0 19.0 18.0 19.0 15.0 13.0 13.0 14.0 14.0 13.0 13.0 13.0 52.0 19.0 13.0 13.0 28.0 22.0 19.0 19.0 18.0 18.0 17.0 14.0 14.0 14.0 14.0 35.0 20.0 57.0 14.0 13.0 13.0 13.0 41.0 45.0 30.0 25.0 36.0 23.0 34.0 19.0 17.0 17.0 17.0 16.0 13.0 13.0 12.0 14.0 13.0 14.0 13.0 13.0 47.0 14.0 13.0 13.0 39.0 29.0 26.0 23.0 22.0 21.0 55.0 19.0 16.0 17.0 16.0 16.0 13.0 13.0 14.0 12.0 13.0 13.0 33.0 25.0 22.0 21.0 20.0 20.0 16.0 21.0 17.0 15.0 15.0 40.0 17.0 16.0 14.0 13.0 13.0 13.0 28.0 26.0 22.0 19.0 19.0 17.0 15.0 14.0 14.0 14.0 14.0 14.0 13.0 13.0 13.0 13.0 13.0 12.0 39.0 68.0 25.0 23.0 22.0 22.0 18.0 17.0 16.0 16.0 16.0 27.0 15.0 14.0 14.0 14.0 13.0 13.0 32.0 27.0 23.0 21.0 20.0 57.0 31.0 16.0 14.0 15.0 15.0 15.0 51.0 18.0 14.0 13.0 18.0 14.0
49 50 1 TRACE 40.0 1904.0 67.0 85.0 77.0 119.0 118.0 116.0 45.0 60.0 113.0 108.0 43.0 170.0 93.0 40.0 81.0 187.0 125.0 28.0 97.0 94.0 78.0 105.0 68.0 79.0 69.0 131.0 164.0 29.0 77.0 91.0 97.0 116.0 34.0 47.0 149.0 55.0 308.0 29.0 30.0 109.0 111.0 109.0 29.0 61.0 46.0 204.0 53.0 146.0 57.0 119.0 159.0 183.0 139.0 59.0 87.0 141.0 168.0 138.0 41.0 63.0 71.0 196.0 154.0 72.0 79.0 157.0 167.0 35.0 100.0 180.0 172.0 92.0 68.0 53.0 164.0 125.0 81.0 41.0 51.0 171.0 178.0 126.0 52.0 28.0 77.0 37.0 206.0 72.0 90.0 41.0 292.0 118.0 80.0 30.0 104.0 82.0 174.0 47.0 50.0 28.0 120.0 154.0 93.0 76.0 94.0 70.0 297.0 106.0 166.0 99.0 74.0 167.0 128.0 29.0 65.0 104.0 96.0 114.0 72.0 79.0 63.0 97.0 132.0 38.0 36.0 171.0 80.0 116.0 94.0 43.0 144.0 28.0 250.0 250.0 263.0 88.0 101.0 169.0 139.0 98.0 30.0 171.0 49.0 94.0 120.0 75.0 172.0 70.0 85.0 124.0 132.0 30.0 98.0 92.0 70.0 138.0 160.0 192.0 287.0 94.0 128.0 299.0 92.0 94.0 52.0 50.0 134.0 64.0 97.0 62.0 155.0 136.0 80.0 789.0 48.0 46.0 145.0 118.0 33.0 149.0 98.0 78.0 35.0 59.0 40.0 68.0 42.0 101.0 43.0 31.0 145.0 159.0 73.0 57.0 32.0 105.0 87.0 137.0 80.0 177.0 130.0 54.0 98.0 74.0 90.0
50 25 1 TRACE 28.0 25.0 21.0 60.0 21.0 19.0 21.0 22.0 20.0 43.0 20.0 21.0 21.0 41.0 58.0 19.0 20.0 19.0 20.0 20.0 22.0 58.0 34.0 50.0 58.0 20.0 20.0 19.0 23.0 27.0 44.0 58.0 26.0 24.0 23.0 20.0 23.0 21.0 20.0 58.0 20.0 30.0 43.0 23.0 21.0 22.0 19.0 47.0 19.0 22.0 82.0 22.0 57.0 19.0 19.0 19.0 19.0 20.0 19.0 20.0 58.0 58.0 19.0 20.0
50 41 1 TRACE 9.0 10.0 8.0 8.0 8.0 9.0 8.0 8.0 8.0 8.0 8.0 8.0 8.0 10.0 8.0 8.0 8.0 8.0 8.0 8.0 11.0 8.0 9.0 8.0 9.0 8.0 8.0 8.0 10.0 8.0 9.0 8.0 8.0 8.0 8.0 9.0 8.0 8.0 8.0 8.0 8.0 10.0 9.0 9.0 21.0 8.0 9.0 8.0 8.0 8.0 9.0 8.0 8.0 9.0 9.0 8.0 8.0 8.0 9.0 9.0 20.0 8.0 8.0 9.0 8.0 8.0 9.0 8.0 9.0 8.0 9.0 8.0 9.0 8.0 8.0 9.0 9.0 8.0 9.0 8.0 8.0 8.0 8.0 8.0 8.0 9.0 8.0 8.0 9.0 8.0 8.0 9.0 22.0 40.0 22.0 9.0 10.0 9.0 8.0 9.0 9.0 8.0 8.0 8.0 11.0 8.0 8.0 8.0 9.0 8.0 8.0 9.0 8.0 8.0 8.0 8.0 8.0 9.0 9.0 8.0 9.0 8.0 8.0 8.0 8.0 8.0 8.0 9.0 8.0 9.0 9.0 8.0 8.0 9.0 11.0 8.0 8.0 8.0 8.0 8.0 9.0 9.0 8.0
51 52 1 TRACE 138.0 100.0 95.0 110.0 119.0 105.0 94.0 120.0 114.0 123.0 122.0 111.0 95.0 127.0 97.0 136.0 98.0 95.0 115.0 95.0 113.0 108.0 117.0 95.0 110.0 111.0 113.0 96.0 153.0 119.0 95.0 138.0 94.0 112.0 123.0 97.0 94.0 140.0 95.0 133.0 136.0 97.0 212.0 147.0 118.0 124.0 103.0 95.0 121.0 203.0 95.0 93.0 110.0 95.0 95.0 117.0 117.0 95.0 117.0 134.0 121.0 111.0 96.0 99.0
52 53 1 TRACE 30.0 34.0 23.0 24.0 59.0 37.0 24.0 48.0 30.0 31.0 24.0 23.0 56.0 44.0 34.0 54.0 35.0 35.0 50.0 65.0 24.0 106.0 26.0 35.0 52.0 42.0 55.0 42.0 45.0 57.0 27.0 69.0 61.0 48.0 49.0 77.0 52.0 46.0 24.0 42.0 26.0 26.0 68.0 37.0 45.0 59.0 54.0 35.0 59.0 35.0 25.0 104.0 26.0 57.0 24.0 53.0 30.0 71.0 88.0 58.0 23.0 57.0 55.0 24.0
53 54 1 TRACE 27.0 13.0 21.0 21.0 25.0 21.0 19.0 22.0 13.0 18.0 54.0 19.0 19.0 18.0 21.0 30.0 20.0 21.0 19.0 23.0 16.0 24.0 17.0 18.0 50.0 16.0 31.0 20.0 96.0 21.0 16.0 22.0 20.0 20.0 20.0 20.0 17.0 17.0 24.0 21.0 15.0 18.0 26.0 29.0 26.0 34.0 17.0 20.0 37.0 18.0 18.0 19.0 19.0 19.0 28.0 17.0 17.0 18.0 13.0 19.0 18.0 19.0 17.0 16.0
54 55 1 TRACE 41.0 18.0 19.0 18.0 23.0 19.0 19.0 19.0 19.0 19.0 19.0 19.0 18.0 19.0 19.0 21.0 19.0 19.0 30.0 19.0 19.0 29.0 19.0 19.0 19.0 19.0 18.0 19.0 30.0 19.0 19.0 20.0 20.0 23.0 18.0 19.0 19.0 19.0 18.0 19.0 21.0 19.0 19.0 20.0 18.0 18.0 19.0 19.0 19.0 29.0 18.0 18.0 19.0 19.0 18.0 18.0 18.0 19.0 18.0 19.0 18.0 18.0 18.0 19.0
55 56 1 TRACE 11.0 7.0 8.0 8.0 7.0 7.0 8.0 8.0 8.0 8.0 8.0 8.0 7.0 8.0 7.0 9.0 7.0 8.0 8.0 8.0 7.0 19.0 8.0 8.0 8.0 8.0 7.0 7.0 8.0 8.0 7.0 8.0 8.0 8.0 8.0 8.0 8.0 8.0 7.0 8.0 8.0 8.0 8.0 8.0 7.0 8.0 7.0 8.0 7.0 19.0 8.0 7.0 7.0 7.0 8.0 8.0 7.0 8.0 7.0 8.0 8.0 7.0 7.0 7.0
56 57 1 TRACE 11.0 8.0 7.0 7.0 8.0 8.0 7.0 7.0 7.0 7.0 7.0 8.0 8.0 7.0 8.0 8.0 8.0 7.0 7.0 7.0 8.0 7.0 8.0 7.0 7.0 7.0 8.0 8.0 20.0 7.0 8.0 7.0 7.0 8.0 7.0 7.0 7.0 7.0 8.0 8.0 8.0 7.0 7.0 8.0 7.0 7.0 7.0 7.0 7.0 7.0 7.0 7.0 7.0 7.0 7.0 7.0 7.0 7.0 8.0 8.0 7.0 7.0 7.0 7.0
57 58 1 TRACE 11.0 7.0 8.0 8.0 8.0 7.0 7.0 8.0 7.0 8.0 7.0 7.0 8.0 8.0 7.0 8.0 7.0 8.0 8.0 8.0 7.0 8.0 7.0 10.0 8.0 7.0 8.0 7.0 7.0 8.0 8.0 7.0 7.0 8.0 8.0 7.0 7.0 8.0 7.0 7.0 8.0 7.0 7.0 8.0 7.0 7.0 7.0 7.0 7.0 8.0 7.0 7.0 7.0 7.0 7.0 7.0 7.0 7.0 7.0 7.0 7.0 7.0 7.0 7.0
58 59 1 TRACE 15.0 8.0 9.0 9.0 8.0 8.0 8.0 8.0 8.0 9.0 8.0 8.0 8.0 8.0 8.0 9.0 8.0 9.0 8.0 9.0 8.0 8.0 8.0 9.0 8.0 8.0 8.0 8.0 8.0 8.0 8.0 8.0 8.0 8.0 8.0 8.0 8.0 8.0 8.0 8.0 8.0 8.0 8.0 8.0 8.0 8.0 8.0 8.0 8.0 8.0 8.0 8.0 8.0 8.0 8.0 10.0 8.0 8.0 7.0 8.0 8.0 8.0 8.0 8.0
59 60 1 TRACE 7.0 7.0 8.0 8.0 7.0 7.0 7.0 7.0 8.0 8.0 8.0 7.0 7.0 7.0 7.0 8.0 7.0 8.0 8.0 8.0 7.0 7.0 7.0 7.0 7.0 8.0 7.0 7.0 8.0 7.0 7.0 8.0 7.0 7.0 8.0 7.0 8.0 8.0 7.0 8.0 8.0 8.0 8.0 8.0 7.0 8.0 7.0 7.0 7.0 8.0 8.0 7.0 7.0 7.0 7.0 8.0 7.0 8.0 7.0 8.0 8.0 7.0 7.0 7.0
60 61 1 TRACE 8.0 8.0 7.0 7.0 7.0 7.0 8.0 7.0 8.0 7.0 8.0 8.0 7.0 7.0 8.0 8.0 8.0 7.0 7.0 7.0 7.0 7.0 8.0 7.0 7.0 8.0 7.0 8.0 8.0 7.0 7.0 7.0 8.0 7.0 7.0 8.0 8.0 7.0 7.0 7.0 8.0 8.0 7.0 8.0 7.0 8.0 7.0 7.0 7.0 7.0 7.0 7.0 7.0 7.0 8.0 8.0 7.0 8.0 7.0 8.0 7.0 7.0 7.0 7.0
61 62 1 TRACE 8.0 7.0 7.0 7.0 8.0 7.0 7.0 7.0 7.0 7.0 7.0 8.0 7.0 7.0 8.0 8.0 8.0 7.0 7.0 7.0 8.0 7.0 8.0 7.0 8.0 7.0 7.0 8.0 8.0 8.0 8.0 7.0 8.0 8.0 7.0 7.0 7.0 7.0 8.0 8.0 8.0 8.0 7.0 8.0 7.0 8.0 7.0 7.0 7.0 18.0 7.0 7.0 7.0 7.0 8.0 7.0 7.0 8.0 7.0 8.0 7.0 7.0 7.0 7.0
62 1 1 TRACE 23.0 21.0 22.0 22.0 23.0 21.0 21.0 21.0 22.0 23.0 21.0 21.0 32.0 21.0 21.0 24.0 22.0 30.0 22.0 23.0 21.0 22.0 21.0 25.0 22.0 22.0 21.0 28.0 37.0 22.0 22.0 22.0 21.0 24.0 22.0 37.0 21.0 28.0 22.0 22.0 22.0 22.0 23.0 23.0 21.0 21.0 21.0 21.0 20.0 22.0 22.0 53.0 21.0 21.0 21.0 26.0 21.0 21.0 22.0 22.0 22.0 21.0 21.0
