0 1 1 TRACE 1672853847517542.0
1 2 1 TRACE 10486.0 19.0 18.0 18.0 18.0 19.0 18.0 19.0 19.0 18.0 18.0 20.0 19.0 19.0 19.0 19.0 20.0 21.0 19.0 18.0 18.0 18.0 19.0 19.0 19.0 43.0 19.0 19.0 19.0 19.0 19.0 19.0 19.0 18.0 20.0 19.0 20.0 20.0 18.0 20.0 19.0 19.0 19.0 19.0 22.0 22.0 19.0 18.0 19.0 19.0 18.0 19.0 19.0 18.0 19.0 19.0 18.0 19.0 19.0 18.0 19.0 19.0 31.0 19.0
2 3 1 TRACE 946.0 23.0 23.0 23.0 22.0 32.0 29.0 23.0 25.0 23.0 23.0 23.0 23.0 46.0 23.0 45.0 23.0 24.0 23.0 23.0 23.0 25.0 35.0 24.0 23.0 35.0 23.0 24.0 25.0 23.0 25.0 23.0 23.0 23.0 42.0 24.0 24.0 24.0 31.0 60.0 24.0 23.0 23.0 23.0 33.0 24.0 22.0 24.0 24.0 24.0 25.0 23.0 23.0 24.0 24.0 23.0 23.0 23.0 25.0 23.0 23.0 23.0 24.0 23.0
3 4 1 TRACE 37.0 18.0 19.0 31.0 18.0 19.0 18.0 56.0 19.0 19.0 18.0 18.0 19.0 19.0 19.0 19.0 18.0 19.0 18.0 19.0 19.0 18.0 19.0 24.0 18.0 19.0 19.0 18.0 18.0 18.0 19.0 19.0 19.0 18.0 20.0 18.0 19.0 19.0 19.0 60.0 18.0 19.0 19.0 17.0 53.0 53.0 18.0 18.0 20.0 18.0 19.0 19.0 19.0 18.0 24.0 18.0 19.0 18.0 19.0 27.0 18.0 19.0 19.0 19.0
4 5 1 TRACE 18.0 13.0 13.0 14.0 13.0 13.0 14.0 13.0 18.0 14.0 26.0 13.0 13.0 14.0 50.0 16.0 14.0 25.0 13.0 14.0 13.0 14.0 14.0 14.0 13.0 13.0 13.0 13.0 14.0 13.0 14.0 14.0 14.0 13.0 14.0 13.0 14.0 14.0 15.0 14.0 14.0 14.0 13.0 13.0 14.0 13.0 14.0 14.0 14.0 14.0 13.0 13.0 14.0 14.0 14.0 13.0 13.0 13.0 14.0 14.0 13.0 13.0 13.0 14.0
5 6 1 TRACE 38.0 16.0 16.0 15.0 16.0 16.0 16.0 14.0 12.0 12.0 12.0 14.0 13.0 12.0 18.0 16.0 15.0 22.0 15.0 15.0 16.0 14.0 13.0 14.0 13.0 13.0 15.0 15.0 12.0 13.0 12.0 19.0 12.0 12.0 12.0 15.0 14.0 15.0 14.0 50.0 14.0 14.0 14.0 16.0 17.0 16.0 15.0 16.0 17.0 14.0 14.0 13.0 14.0 13.0 13.0 14.0 12.0 12.0 11.0 11.0 12.0 11.0 11.0 11.0
6 7 1 TRACE 17.0 13.0 13.0 13.0 13.0 13.0 12.0 14.0 13.0 14.0 11.0 13.0 13.0 13.0 14.0 13.0 13.0 8.0 13.0 13.0 13.0 13.0 13.0 13.0 12.0 14.0 12.0 13.0 15.0 13.0 12.0 13.0 13.0 12.0 12.0 12.0 12.0 12.0 12.0 20.0 12.0 13.0 13.0 13.0 13.0 12.0 12.0 13.0 9.0 14.0 14.0 14.0 12.0 13.0 9.0 13.0 15.0 13.0 13.0 13.0 14.0 12.0 11.0 13.0
7 8 1 TRACE 17.0 13.0 13.0 13.0 30.0 12.0 13.0 13.0 13.0 13.0 12.0 13.0 13.0 14.0 13.0 14.0 13.0 12.0 14.0 14.0 15.0 13.0 13.0 14.0 13.0 13.0 12.0 13.0 12.0 14.0 13.0 13.0 14.0 13.0 13.0 13.0 14.0 12.0 14.0 22.0 14.0 13.0 13.0 13.0 13.0 13.0 13.0 15.0 37.0 15.0 14.0 14.0 14.0 13.0 15.0 13.0 14.0 13.0 13.0 14.0 14.0 13.0 14.0 14.0
8 9 1 TRACE 17.0 13.0 13.0 13.0 26.0 12.0 13.0 13.0 13.0 13.0 13.0 12.0 13.0 13.0 13.0 14.0 8.0 13.0 13.0 14.0 13.0 12.0 13.0 14.0 13.0 13.0 12.0 13.0 13.0 13.0 12.0 13.0 14.0 12.0 13.0 13.0 15.0 12.0 14.0 11.0 13.0 13.0 13.0 13.0 13.0 12.0 13.0 13.0 14.0 12.0 13.0 14.0 13.0 14.0 11.0 14.0 14.0 13.0 13.0 13.0 13.0 13.0 13.0 14.0
9 10 1 TRACE 41.0 23.0 24.0 23.0 25.0 22.0 23.0 26.0 25.0 25.0 25.0 25.0 25.0 25.0 24.0 23.0 29.0 22.0 22.0 23.0 22.0 23.0 63.0 23.0 22.0 26.0 23.0 23.0 23.0 22.0 25.0 22.0 22.0 22.0 24.0 22.0 22.0 30.0 22.0 22.0 22.0 22.0 22.0 30.0 44.0 45.0 23.0 22.0 64.0 25.0 22.0 23.0 24.0 28.0 48.0 23.0 61.0 23.0 23.0 23.0 22.0 23.0 23.0 63.0
10 11 1 TRACE 20.0 15.0 14.0 16.0 17.0 16.0 15.0 16.0 16.0 16.0 17.0 16.0 15.0 18.0 27.0 15.0 16.0 15.0 15.0 15.0 16.0 15.0 52.0 15.0 15.0 15.0 16.0 16.0 15.0 16.0 16.0 15.0 15.0 16.0 16.0 14.0 15.0 26.0 16.0 17.0 17.0 15.0 16.0 16.0 16.0 14.0 16.0 15.0 24.0 16.0 15.0 16.0 17.0 15.0 29.0 15.0 16.0 15.0 15.0 16.0 18.0 16.0 15.0 15.0
11 12 1 TRACE 20.0 15.0 15.0 16.0 17.0 16.0 16.0 26.0 26.0 16.0 17.0 16.0 16.0 27.0 23.0 26.0 26.0 15.0 41.0 15.0 16.0 16.0 16.0 15.0 15.0 24.0 15.0 16.0 15.0 15.0 16.0 17.0 16.0 16.0 16.0 15.0 32.0 16.0 19.0 14.0 15.0 16.0 16.0 16.0 14.0 15.0 16.0 15.0 15.0 16.0 15.0 16.0 15.0 16.0 15.0 16.0 50.0 16.0 16.0 15.0 17.0 15.0 15.0 50.0
12 13 1 TRACE 19.0 15.0 15.0 15.0 27.0 26.0 15.0 15.0 25.0 15.0 32.0 16.0 17.0 25.0 15.0 26.0 26.0 41.0 28.0 16.0 15.0 15.0 18.0 15.0 15.0 15.0 15.0 14.0 16.0 15.0 15.0 15.0 17.0 16.0 39.0 28.0 38.0 28.0 26.0 16.0 16.0 15.0 16.0 15.0 17.0 17.0 15.0 18.0 15.0 15.0 16.0 15.0 16.0 15.0 16.0 15.0 15.0 16.0 16.0 16.0 15.0 15.0 23.0 16.0
13 14 1 TRACE 18.0 20.0 9.0 20.0 9.0 9.0 20.0 9.0 8.0 9.0 21.0 9.0 20.0 9.0 8.0 9.0 9.0 9.0 22.0 20.0 20.0 20.0 9.0 21.0 9.0 20.0 24.0 9.0 22.0 8.0 9.0 9.0 9.0 9.0 21.0 21.0 20.0 19.0 9.0 9.0 9.0 9.0 9.0 21.0 8.0 8.0 9.0 20.0 9.0 20.0 20.0 22.0 19.0 22.0 8.0 9.0 8.0 9.0 9.0 20.0 20.0 9.0 9.0 8.0
14 15 1 TRACE 20.0 23.0 13.0 23.0 14.0 23.0 23.0 13.0 17.0 24.0 25.0 28.0 24.0 13.0 13.0 12.0 12.0 13.0 15.0 23.0 24.0 23.0 13.0 24.0 28.0 13.0 29.0 13.0 23.0 24.0 13.0 40.0 28.0 39.0 24.0 25.0 14.0 12.0 24.0 13.0 23.0 23.0 13.0 23.0 12.0 12.0 24.0 24.0 13.0 23.0 23.0 23.0 24.0 23.0 12.0 24.0 39.0 24.0 25.0 22.0 23.0 27.0 26.0 39.0
15 16 1 TRACE 12.0 8.0 8.0 8.0 8.0 8.0 8.0 8.0 8.0 8.0 8.0 8.0 8.0 8.0 7.0 8.0 7.0 8.0 9.0 8.0 8.0 8.0 8.0 8.0 19.0 8.0 9.0 8.0 8.0 19.0 7.0 8.0 7.0 8.0 24.0 21.0 8.0 7.0 7.0 7.0 8.0 8.0 8.0 8.0 8.0 8.0 8.0 8.0 8.0 7.0 7.0 7.0 8.0 8.0 8.0 19.0 7.0 8.0 8.0 9.0 8.0 8.0 8.0 8.0
16 17 1 TRACE 35.0 27.0 24.0 22.0 22.0 23.0 23.0 47.0 28.0 20.0 22.0 20.0 21.0 24.0 25.0 23.0 24.0 24.0 22.0 24.0 23.0 25.0 32.0 24.0 21.0 22.0 24.0 21.0 25.0 21.0 75.0 49.0 21.0 20.0 21.0 28.0 26.0 22.0 23.0 24.0 24.0 20.0 20.0 23.0 24.0 26.0 26.0 24.0 40.0 20.0 20.0 25.0 21.0 25.0 24.0 20.0 30.0 21.0 21.0 21.0 22.0 20.0 20.0 32.0
17 18 1 TRACE 20.0 14.0 15.0 14.0 15.0 14.0 14.0 15.0 14.0 15.0 25.0 14.0 15.0 15.0 14.0 14.0 14.0 14.0 15.0 14.0 14.0 14.0 15.0 15.0 14.0 14.0 15.0 14.0 14.0 16.0 18.0 19.0 14.0 15.0 14.0 17.0 15.0 14.0 15.0 15.0 16.0 14.0 14.0 14.0 15.0 15.0 15.0 14.0 14.0 14.0 13.0 14.0 14.0 15.0 14.0 13.0 15.0 15.0 14.0 14.0 14.0 13.0 16.0 15.0
18 19 1 TRACE 20.0 15.0 15.0 15.0 16.0 14.0 15.0 15.0 17.0 14.0 15.0 15.0 19.0 15.0 15.0 14.0 15.0 14.0 16.0 15.0 15.0 14.0 14.0 14.0 15.0 15.0 15.0 14.0 15.0 14.0 49.0 46.0 15.0 14.0 15.0 16.0 16.0 14.0 15.0 14.0 35.0 14.0 15.0 14.0 14.0 15.0 18.0 24.0 15.0 15.0 15.0 19.0 15.0 14.0 14.0 14.0 17.0 14.0 22.0 15.0 14.0 21.0 15.0 25.0
19 20 1 TRACE 18.0 16.0 14.0 15.0 16.0 16.0 17.0 15.0 15.0 16.0 16.0 15.0 15.0 15.0 16.0 15.0 16.0 15.0 16.0 15.0 16.0 15.0 16.0 17.0 16.0 15.0 15.0 15.0 16.0 17.0 18.0 14.0 26.0 16.0 15.0 44.0 45.0 16.0 15.0 17.0 16.0 15.0 15.0 22.0 16.0 15.0 15.0 14.0 15.0 15.0 16.0 16.0 16.0 16.0 16.0 16.0 15.0 15.0 15.0 14.0 16.0 15.0 15.0 14.0
20 21 1 TRACE 17.0 13.0 13.0 12.0 25.0 13.0 13.0 13.0 13.0 13.0 13.0 13.0 12.0 13.0 14.0 12.0 13.0 13.0 15.0 12.0 14.0 13.0 13.0 14.0 13.0 13.0 15.0 13.0 13.0 13.0 13.0 12.0 13.0 13.0 12.0 39.0 14.0 13.0 12.0 12.0 14.0 13.0 13.0 14.0 13.0 13.0 13.0 13.0 14.0 13.0 13.0 13.0 13.0 12.0 13.0 13.0 12.0 13.0 12.0 13.0 13.0 13.0 13.0 13.0
21 22 1 TRACE 24.0 10.0 10.0 10.0 10.0 10.0 10.0 10.0 11.0 11.0 10.0 10.0 10.0 10.0 10.0 10.0 10.0 10.0 12.0 10.0 10.0 11.0 10.0 11.0 11.0 10.0 12.0 11.0 10.0 10.0 10.0 11.0 10.0 11.0 11.0 23.0 22.0 10.0 10.0 10.0 11.0 10.0 10.0 10.0 10.0 11.0 11.0 10.0 10.0 10.0 11.0 11.0 10.0 10.0 11.0 10.0 10.0 10.0 10.0 10.0 11.0 11.0 10.0 10.0
22 23 1 TRACE 39.0 27.0 34.0 32.0 25.0 27.0 28.0 31.0 27.0 27.0 29.0 27.0 27.0 27.0 30.0 29.0 28.0 30.0 26.0 30.0 31.0 34.0 28.0 33.0 28.0 27.0 27.0 30.0 30.0 31.0 33.0 67.0 27.0 26.0 28.0 26.0 49.0 27.0 28.0 28.0 28.0 30.0 29.0 30.0 30.0 30.0 63.0 30.0 31.0 30.0 30.0 29.0 31.0 31.0 30.0 26.0 31.0 31.0 30.0 39.0 29.0 30.0 30.0 31.0
23 24 1 TRACE 31.0 20.0 21.0 20.0 21.0 20.0 21.0 20.0 21.0 53.0 21.0 19.0 20.0 21.0 21.0 21.0 20.0 21.0 20.0 19.0 19.0 20.0 21.0 21.0 21.0 23.0 23.0 21.0 20.0 21.0 21.0 21.0 20.0 19.0 22.0 25.0 22.0 21.0 21.0 21.0 22.0 21.0 20.0 20.0 20.0 21.0 20.0 21.0 21.0 21.0 20.0 22.0 21.0 21.0 21.0 23.0 21.0 20.0 20.0 20.0 20.0 20.0 21.0 23.0
24 25 1 TRACE 44.0 18.0 19.0 17.0 18.0 19.0 18.0 18.0 59.0 29.0 18.0 18.0 19.0 19.0 19.0 19.0 19.0 18.0 29.0 18.0 18.0 18.0 19.0 18.0 18.0 18.0 31.0 18.0 19.0 18.0 19.0 20.0 19.0 19.0 18.0 30.0 19.0 19.0 19.0 19.0 57.0 19.0 18.0 19.0 18.0 18.0 19.0 17.0 19.0 18.0 18.0 18.0 18.0 17.0 18.0 20.0 19.0 18.0 17.0 18.0 17.0 18.0 18.0 18.0
25 26 1 TRACE 22.0 8.0 9.0 10.0 8.0 8.0 9.0 9.0 9.0 8.0 9.0 9.0 9.0 10.0 9.0 8.0 9.0 9.0 9.0 8.0 9.0 9.0 9.0 10.0 9.0 9.0 9.0 8.0 8.0 10.0 9.0 9.0 9.0 9.0 9.0 8.0 10.0 9.0 8.0 9.0 8.0 9.0 8.0 9.0 9.0 11.0 8.0 9.0 8.0 11.0 8.0 9.0 9.0 9.0 8.0 9.0 9.0 9.0 9.0 9.0 10.0 9.0 9.0 9.0 9.0 9.0 8.0 9.0 9.0 9.0 21.0 9.0 9.0 10.0 8.0 8.0 8.0 8.0 9.0 9.0 9.0 9.0 9.0 9.0 8.0 8.0 9.0 8.0 8.0 9.0 9.0 9.0 9.0 9.0 9.0 9.0 9.0 9.0 8.0 9.0 9.0 9.0 9.0 9.0 10.0 8.0 9.0 9.0 9.0 8.0 10.0 9.0 8.0 9.0 9.0 8.0 9.0 8.0 8.0 9.0 9.0 9.0 9.0 9.0 9.0 9.0 9.0 8.0 8.0 9.0 9.0 9.0 9.0 9.0 8.0 9.0 8.0 8.0 9.0 9.0 9.0 9.0 9.0 9.0 8.0 9.0 9.0 9.0 9.0 9.0 9.0 9.0 9.0 9.0 9.0 10.0 9.0 8.0 9.0 10.0 9.0 9.0 9.0 9.0 9.0 8.0 9.0 9.0 9.0 9.0 9.0 9.0 9.0 9.0 10.0 9.0 9.0 9.0 9.0 10.0 9.0 9.0
26 27 1 TRACE 11.0 7.0 8.0 8.0 7.0 7.0 8.0 7.0 7.0 7.0 7.0 7.0 7.0 8.0 7.0 7.0 8.0 7.0 8.0 7.0 7.0 8.0 8.0 8.0 8.0 7.0 7.0 7.0 7.0 8.0 7.0 8.0 7.0 7.0 8.0 7.0 8.0 8.0 7.0 8.0 7.0 8.0 7.0 7.0 7.0 8.0 7.0 8.0 7.0 8.0 7.0 7.0 8.0 7.0 7.0 7.0 8.0 8.0 8.0 8.0 8.0 7.0 8.0 7.0 8.0 7.0 7.0 7.0 7.0 8.0 8.0 7.0 7.0 8.0 7.0 7.0 7.0 7.0 7.0 7.0 7.0 8.0 7.0 8.0 7.0 7.0 7.0 7.0 7.0 7.0 7.0 7.0 7.0 7.0 7.0 7.0 7.0 7.0 7.0 7.0 7.0 7.0 7.0 8.0 8.0 7.0 7.0 8.0 8.0 7.0 9.0 8.0 7.0 8.0 7.0 7.0 7.0 7.0 7.0 7.0 7.0 8.0 7.0 7.0 7.0 8.0 7.0 7.0 7.0 7.0 7.0 8.0 7.0 7.0 7.0 8.0 7.0 7.0 8.0 8.0 7.0 8.0 7.0 7.0 7.0 7.0 7.0 8.0 8.0 7.0 8.0 7.0 7.0 8.0 8.0 8.0 7.0 7.0 7.0 8.0 8.0 7.0 8.0 7.0 7.0 7.0 7.0 7.0 8.0 8.0 7.0 7.0 8.0 7.0 8.0 7.0 7.0 7.0 7.0 9.0 7.0 7.0
27 28 1 TRACE 10.0 7.0 7.0 8.0 8.0 8.0 7.0 8.0 8.0 8.0 7.0 7.0 8.0 7.0 8.0 7.0 7.0 8.0 7.0 8.0 7.0 7.0 7.0 8.0 7.0 7.0 7.0 8.0 8.0 8.0 7.0 7.0 7.0 7.0 7.0 8.0 7.0 7.0 8.0 7.0 8.0 7.0 8.0 7.0 7.0 7.0 8.0 7.0 7.0 7.0 7.0 7.0 8.0 8.0 8.0 7.0 7.0 7.0 7.0 7.0 8.0 8.0 7.0 7.0 8.0 7.0 7.0 8.0 8.0 7.0 18.0 8.0 8.0 9.0 8.0 8.0 8.0 7.0 7.0 7.0 7.0 7.0 8.0 7.0 8.0 7.0 7.0 8.0 8.0 7.0 7.0 7.0 8.0 7.0 7.0 8.0 7.0 7.0 7.0 8.0 8.0 7.0 8.0 7.0 7.0 8.0 7.0 7.0 7.0 7.0 8.0 7.0 7.0 7.0 7.0 7.0 7.0 8.0 7.0 7.0 7.0 7.0 7.0 7.0 7.0 7.0 7.0 8.0 8.0 7.0 7.0 7.0 7.0 7.0 8.0 7.0 7.0 8.0 8.0 7.0 7.0 7.0 7.0 8.0 7.0 7.0 7.0 7.0 7.0 7.0 7.0 7.0 8.0 7.0 7.0 8.0 7.0 7.0 7.0 7.0 7.0 7.0 7.0 7.0 7.0 8.0 7.0 7.0 7.0 7.0 7.0 7.0 7.0 8.0 8.0 8.0 7.0 7.0 7.0 8.0 8.0 8.0
28 29 1 TRACE 12.0 8.0 8.0 20.0 8.0 8.0 8.0 8.0 8.0 8.0 8.0 8.0 8.0 9.0 8.0 8.0 9.0 8.0 9.0 8.0 8.0 8.0 9.0 10.0 8.0 8.0 8.0 8.0 8.0 9.0 8.0 8.0 8.0 9.0 8.0 8.0 9.0 9.0 8.0 8.0 8.0 9.0 8.0 9.0 8.0 9.0 8.0 8.0 8.0 10.0 9.0 8.0 9.0 8.0 8.0 8.0 8.0 8.0 9.0 9.0 9.0 8.0 8.0 8.0 9.0 8.0 8.0 8.0 8.0 9.0 8.0 8.0 8.0 9.0 8.0 8.0 8.0 8.0 8.0 9.0 8.0 8.0 8.0 9.0 8.0 8.0 8.0 8.0 8.0 8.0 8.0 8.0 8.0 8.0 8.0 8.0 8.0 8.0 9.0 8.0 8.0 9.0 8.0 9.0 9.0 8.0 8.0 9.0 8.0 8.0 10.0 9.0 8.0 9.0 8.0 8.0 8.0 8.0 8.0 8.0 8.0 9.0 8.0 8.0 8.0 9.0 8.0 8.0 8.0 9.0 8.0 8.0 8.0 8.0 8.0 9.0 8.0 8.0 9.0 8.0 8.0 9.0 8.0 8.0 8.0 9.0 8.0 9.0 8.0 8.0 8.0 9.0 8.0 9.0 9.0 9.0 9.0 9.0 8.0 9.0 9.0 8.0 9.0 8.0 8.0 8.0 8.0 8.0 9.0 25.0 8.0 8.0 8.0 8.0 9.0 8.0 8.0 9.0 8.0 9.0 8.0 8.0
29 30 1 TRACE 35.0 27.0 47.0 13.0 28.0 26.0 27.0 28.0 29.0 27.0 26.0 27.0 26.0 21.0 27.0 27.0 26.0 27.0 26.0 26.0 31.0 37.0 27.0 21.0 25.0 26.0 26.0 27.0 27.0 17.0 30.0 27.0 27.0 27.0 27.0 28.0 27.0 28.0 29.0 77.0 26.0 28.0 27.0 62.0 28.0 14.0 27.0 30.0 28.0 14.0 29.0 27.0 23.0 28.0 27.0 27.0 28.0 25.0 28.0 30.0 21.0 27.0 33.0 27.0 23.0 33.0 28.0 28.0 27.0 29.0 13.0 27.0 28.0 19.0 27.0 26.0 26.0 27.0 26.0 26.0 26.0 25.0 26.0 26.0 35.0 26.0 27.0 68.0 27.0 27.0 25.0 28.0 30.0 27.0 28.0 27.0 26.0 28.0 26.0 24.0 26.0 29.0 27.0 28.0 22.0 27.0 26.0 27.0 33.0 30.0 96.0 26.0 29.0 29.0 110.0 34.0 29.0 30.0 27.0 29.0 27.0 41.0 26.0 26.0 27.0 26.0 26.0 25.0 29.0 26.0 27.0 26.0 27.0 25.0 27.0 28.0 25.0 27.0 22.0 28.0 27.0 27.0 32.0 31.0 27.0 64.0 62.0 26.0 28.0 32.0 67.0 70.0 26.0 25.0 28.0 37.0 27.0 29.0 27.0 61.0 27.0 27.0 26.0 26.0 33.0 26.0 29.0 28.0 27.0 13.0 26.0 34.0 28.0 27.0 32.0 105.0 31.0 27.0 29.0 20.0 26.0 29.0
30 31 1 TRACE 21.0 13.0 13.0 24.0 8.0 8.0 14.0 13.0 12.0 13.0 13.0 14.0 8.0 14.0 13.0 8.0 13.0 13.0 14.0 14.0 13.0 8.0 13.0 13.0 13.0 13.0 13.0 13.0 8.0 36.0 13.0 8.0 13.0 14.0 13.0 13.0 13.0 8.0 13.0 9.0 13.0 13.0 8.0 49.0 13.0 8.0 13.0 8.0 8.0 13.0 13.0 8.0 8.0 8.0 13.0 13.0 8.0 7.0 9.0 13.0 14.0 13.0 13.0 13.0 18.0 8.0 8.0 13.0 13.0 13.0 13.0 13.0 13.0 13.0 13.0 8.0 13.0 50.0 9.0 13.0 14.0 13.0 13.0 13.0 8.0 8.0 13.0 13.0 13.0 8.0 13.0 13.0 13.0 14.0 13.0 13.0 13.0 14.0 13.0 14.0 13.0 14.0 8.0 13.0 23.0 8.0 13.0 13.0 8.0 13.0 14.0 13.0 13.0 13.0 9.0 14.0 13.0 13.0 13.0 13.0 13.0 43.0 8.0 8.0 13.0 13.0 8.0 13.0 13.0 8.0 14.0 14.0 8.0 14.0 13.0 8.0 25.0 14.0 14.0 13.0 14.0 13.0 13.0 7.0 13.0 13.0 8.0 13.0 14.0 14.0 7.0 14.0 9.0 14.0 14.0 9.0 13.0 13.0 8.0 14.0 13.0 7.0 14.0 14.0 14.0 14.0 13.0 8.0 13.0 18.0 8.0 13.0 13.0 8.0 13.0 13.0 8.0 13.0 8.0 9.0 14.0 13.0
31 32 1 TRACE 15.0 10.0 11.0 11.0 10.0 10.0 10.0 10.0 11.0 10.0 10.0 10.0 10.0 11.0 10.0 10.0 10.0 10.0 11.0 10.0 10.0 10.0 10.0 11.0 11.0 10.0 11.0 10.0 10.0 11.0 10.0 10.0 10.0 10.0 11.0 10.0 11.0 10.0 10.0 10.0 10.0 10.0 10.0 11.0 10.0 10.0 11.0 10.0 10.0 11.0 10.0 10.0 11.0 10.0 10.0 11.0 10.0 10.0 10.0 10.0 15.0 11.0 10.0 11.0 12.0 10.0 10.0 10.0 10.0 10.0 10.0 11.0 10.0 12.0 11.0 10.0 10.0 10.0 10.0 10.0 10.0 11.0 10.0 10.0 10.0 10.0 10.0 10.0 10.0 10.0 11.0 10.0 11.0 10.0 10.0 11.0 10.0 11.0 10.0 11.0 10.0 11.0 10.0 10.0 10.0 9.0 10.0 10.0 10.0 10.0 11.0 10.0 10.0 10.0 11.0 10.0 10.0 10.0 10.0 10.0 10.0 35.0 10.0 9.0 10.0 10.0 10.0 10.0 10.0 10.0 10.0 10.0 10.0 10.0 10.0 9.0 11.0 11.0 11.0 10.0 10.0 10.0 10.0 10.0 10.0 11.0 10.0 10.0 15.0 10.0 10.0 10.0 10.0 10.0 10.0 11.0 10.0 10.0 10.0 11.0 10.0 10.0 10.0 10.0 10.0 11.0 10.0 10.0 10.0 11.0 10.0 10.0 11.0 10.0 10.0 11.0 10.0 11.0 10.0 11.0 11.0 10.0
32 33 1 TRACE 20.0 14.0 14.0 14.0 14.0 13.0 13.0 13.0 14.0 13.0 14.0 14.0 14.0 15.0 14.0 14.0 14.0 15.0 14.0 14.0 14.0 13.0 14.0 15.0 14.0 14.0 15.0 14.0 14.0 13.0 14.0 13.0 14.0 25.0 13.0 14.0 13.0 14.0 14.0 14.0 14.0 14.0 14.0 17.0 13.0 15.0 14.0 13.0 14.0 16.0 14.0 14.0 15.0 14.0 15.0 14.0 15.0 14.0 14.0 13.0 17.0 48.0 15.0 14.0 23.0 14.0 13.0 21.0 15.0 13.0 14.0 14.0 17.0 15.0 14.0 13.0 18.0 53.0 14.0 14.0 14.0 13.0 14.0 14.0 14.0 14.0 14.0 14.0 13.0 15.0 14.0 13.0 14.0 14.0 14.0 14.0 13.0 13.0 14.0 14.0 13.0 15.0 14.0 14.0 14.0 14.0 15.0 14.0 14.0 13.0 15.0 13.0 14.0 14.0 15.0 14.0 14.0 14.0 14.0 14.0 14.0 14.0 14.0 14.0 13.0 14.0 13.0 13.0 15.0 22.0 13.0 13.0 14.0 15.0 14.0 14.0 13.0 51.0 15.0 14.0 14.0 48.0 13.0 14.0 14.0 14.0 16.0 13.0 27.0 13.0 14.0 14.0 14.0 14.0 14.0 15.0 14.0 13.0 14.0 13.0 14.0 14.0 14.0 13.0 15.0 15.0 13.0 14.0 14.0 15.0 14.0 14.0 13.0 14.0 15.0 15.0 14.0 14.0 13.0 15.0 14.0 13.0
33 34 1 TRACE 93.0 42.0 80.0 39.0 54.0 57.0 29.0 99.0 60.0 27.0 141.0 53.0 50.0 108.0 51.0 62.0 126.0 56.0 36.0 95.0 67.0 56.0 163.0 56.0 43.0 37.0 75.0 69.0 62.0 206.0 36.0 58.0 203.0 40.0 32.0 75.0 52.0 67.0 36.0 73.0 70.0 59.0 41.0 286.0 36.0 49.0 270.0 43.0 53.0 87.0 60.0 43.0 69.0 58.0 105.0 66.0 54.0 57.0 58.0 207.0 45.0 60.0 33.0 238.0 31.0 87.0 42.0 29.0 181.0 48.0 35.0 46.0 36.0 138.0 57.0 63.0 217.0 59.0 56.0 244.0 27.0 36.0 165.0 52.0 58.0 71.0 30.0 123.0 52.0 43.0 54.0 58.0 33.0 255.0 36.0 27.0 27.0 317.0 54.0 33.0 73.0 55.0 32.0 258.0 71.0 65.0 61.0 56.0 53.0 49.0 35.0 52.0 66.0 34.0 62.0 52.0 38.0 55.0 57.0 41.0 210.0 59.0 57.0 52.0 251.0 53.0 54.0 181.0 54.0 29.0 117.0 52.0 44.0 157.0 51.0 64.0 41.0 54.0 132.0 56.0 36.0 165.0 52.0 55.0 79.0 57.0 54.0 80.0 41.0 61.0 90.0 95.0 53.0 70.0 55.0 39.0 116.0 51.0 64.0 130.0 53.0 95.0 75.0 61.0 31.0 68.0 60.0 55.0 78.0 49.0 45.0 193.0 77.0 53.0 89.0 58.0 70.0 62.0 77.0 47.0 300.0 36.0
34 35 1 TRACE 641.0 46.0 40.0 48.0 15.0 66.0 34.0 51.0 38.0 33.0 41.0 36.0 36.0 37.0 76.0 35.0 48.0 36.0 34.0 39.0 36.0 37.0 40.0 44.0 63.0 34.0 36.0 38.0 37.0 41.0 15.0 38.0 41.0 36.0 33.0 37.0 38.0 90.0 14.0 30.0 38.0 40.0 36.0 42.0 15.0 36.0 42.0 16.0 35.0 92.0 36.0 15.0 55.0 36.0 38.0 36.0 15.0 37.0 36.0 39.0 27.0 34.0 32.0 215.0 14.0 76.0 16.0 33.0 39.0 16.0 34.0 34.0 33.0 39.0 35.0 38.0 39.0 16.0 36.0 211.0 33.0 32.0 101.0 16.0 16.0 39.0 34.0 97.0 37.0 42.0 36.0 45.0 34.0 88.0 15.0 28.0 34.0 54.0 15.0 34.0 325.0 36.0 36.0 77.0 60.0 31.0 37.0 35.0 30.0 46.0 28.0 34.0 37.0 14.0 38.0 38.0 33.0 33.0 44.0 33.0 40.0 35.0 16.0 38.0 39.0 15.0 37.0 40.0 34.0 36.0 40.0 36.0 36.0 48.0 34.0 36.0 37.0 34.0 41.0 36.0 33.0 40.0 43.0 35.0 37.0 37.0 36.0 35.0 37.0 25.0 42.0 35.0 35.0 37.0 36.0 35.0 37.0 29.0 37.0 101.0 36.0 38.0 65.0 45.0 28.0 37.0 37.0 36.0 36.0 37.0 208.0 111.0 57.0 36.0 48.0 37.0 60.0 52.0 16.0 36.0 42.0 14.0
35 36 1 TRACE 44.0 47.0 35.0 34.0 14.0 36.0 30.0 36.0 36.0 30.0 38.0 34.0 48.0 34.0 74.0 32.0 39.0 44.0 29.0 37.0 33.0 32.0 37.0 29.0 36.0 30.0 33.0 33.0 32.0 42.0 14.0 33.0 49.0 72.0 30.0 35.0 33.0 38.0 14.0 27.0 32.0 34.0 32.0 45.0 14.0 32.0 69.0 13.0 32.0 38.0 33.0 14.0 33.0 32.0 36.0 42.0 14.0 36.0 32.0 40.0 13.0 30.0 30.0 74.0 13.0 40.0 13.0 30.0 77.0 13.0 30.0 30.0 29.0 40.0 34.0 34.0 38.0 14.0 33.0 181.0 33.0 30.0 358.0 13.0 15.0 33.0 30.0 99.0 36.0 33.0 66.0 33.0 190.0 100.0 14.0 27.0 29.0 60.0 14.0 30.0 559.0 82.0 33.0 1363.0 16.0 28.0 34.0 33.0 28.0 36.0 28.0 31.0 34.0 14.0 37.0 41.0 30.0 31.0 34.0 30.0 41.0 31.0 14.0 33.0 40.0 14.0 34.0 280.0 32.0 32.0 36.0 32.0 37.0 38.0 31.0 35.0 32.0 35.0 37.0 33.0 30.0 38.0 33.0 31.0 36.0 33.0 32.0 33.0 34.0 14.0 36.0 32.0 32.0 34.0 32.0 43.0 35.0 27.0 33.0 332.0 30.0 33.0 34.0 33.0 26.0 74.0 33.0 31.0 34.0 32.0 34.0 84.0 43.0 33.0 33.0 32.0 41.0 46.0 14.0 59.0 57.0 13.0
36 37 1 TRACE 79.0 79.0 68.0 50.0 53.0 28.0 33.0 56.0 58.0 32.0 101.0 38.0 25.0 97.0 31.0 35.0 81.0 25.0 33.0 89.0 26.0 29.0 124.0 23.0 30.0 24.0 50.0 31.0 25.0 140.0 118.0 28.0 148.0 61.0 35.0 51.0 31.0 30.0 75.0 36.0 46.0 26.0 31.0 181.0 77.0 57.0 186.0 51.0 25.0 44.0 66.0 49.0 31.0 29.0 94.0 26.0 64.0 58.0 31.0 127.0 40.0 25.0 46.0 171.0 60.0 30.0 51.0 31.0 153.0 67.0 24.0 58.0 66.0 130.0 24.0 33.0 179.0 69.0 58.0 156.0 24.0 37.0 114.0 67.0 55.0 31.0 42.0 88.0 24.0 25.0 41.0 26.0 26.0 172.0 74.0 22.0 46.0 167.0 58.0 30.0 40.0 26.0 73.0 151.0 75.0 39.0 88.0 25.0 24.0 28.0 23.0 53.0 26.0 71.0 36.0 26.0 24.0 51.0 27.0 41.0 167.0 24.0 67.0 31.0 157.0 65.0 29.0 135.0 30.0 30.0 88.0 31.0 26.0 127.0 27.0 25.0 41.0 26.0 111.0 25.0 39.0 85.0 24.0 30.0 52.0 26.0 27.0 67.0 30.0 48.0 49.0 26.0 29.0 46.0 38.0 24.0 96.0 44.0 26.0 82.0 30.0 63.0 54.0 25.0 42.0 78.0 33.0 25.0 63.0 29.0 27.0 133.0 24.0 26.0 52.0 28.0 31.0 26.0 66.0 27.0 192.0 74.0
37 38 1 TRACE 34.0 27.0 36.0 24.0 33.0 25.0 21.0 34.0 21.0 24.0 41.0 24.0 23.0 41.0 30.0 29.0 63.0 22.0 22.0 39.0 21.0 23.0 40.0 23.0 32.0 22.0 30.0 22.0 24.0 51.0 24.0 23.0 57.0 25.0 23.0 34.0 24.0 25.0 23.0 25.0 66.0 24.0 34.0 61.0 22.0 25.0 59.0 21.0 23.0 33.0 22.0 23.0 26.0 23.0 35.0 22.0 22.0 25.0 24.0 48.0 21.0 23.0 23.0 55.0 22.0 25.0 22.0 23.0 90.0 21.0 22.0 26.0 40.0 49.0 22.0 23.0 50.0 23.0 25.0 54.0 30.0 24.0 44.0 23.0 23.0 26.0 60.0 39.0 23.0 22.0 30.0 22.0 24.0 75.0 21.0 22.0 23.0 55.0 22.0 23.0 29.0 23.0 24.0 54.0 24.0 23.0 41.0 22.0 23.0 24.0 23.0 29.0 22.0 21.0 32.0 23.0 22.0 51.0 57.0 23.0 51.0 23.0 22.0 24.0 53.0 23.0 28.0 49.0 22.0 22.0 43.0 63.0 62.0 47.0 21.0 22.0 61.0 24.0 43.0 22.0 23.0 40.0 21.0 23.0 33.0 23.0 40.0 33.0 26.0 22.0 33.0 23.0 22.0 31.0 23.0 22.0 40.0 22.0 28.0 41.0 22.0 24.0 33.0 23.0 21.0 30.0 23.0 22.0 33.0 32.0 24.0 49.0 22.0 34.0 95.0 23.0 27.0 22.0 38.0 23.0 56.0 22.0
38 39 1 TRACE 25.0 2137.0 31.0 19.0 19.0 19.0 37.0 28.0 18.0 19.0 19.0 19.0 20.0 20.0 19.0 18.0 23.0 25.0 19.0 20.0 18.0 19.0 20.0 20.0 21.0 20.0 24.0 18.0 20.0 20.0 20.0 20.0 19.0 20.0 23.0 21.0 19.0 19.0 20.0 20.0 20.0 20.0 22.0 21.0 19.0 19.0 21.0 19.0 19.0 21.0 18.0 21.0 20.0 19.0 20.0 60.0 19.0 19.0 28.0 22.0 19.0 19.0 19.0 22.0 24.0 23.0 19.0 18.0 21.0 19.0 20.0 19.0 21.0 20.0 19.0 19.0 22.0 20.0 20.0 33.0 18.0 19.0 21.0 25.0 19.0 19.0 63.0 21.0 19.0 31.0 20.0 18.0 19.0 20.0 18.0 19.0 19.0 21.0 21.0 19.0 19.0 19.0 20.0 21.0 19.0 19.0 20.0 18.0 19.0 20.0 19.0 20.0 18.0 18.0 19.0 19.0 19.0 22.0 53.0 18.0 20.0 18.0 18.0 19.0 21.0 21.0 19.0 20.0 19.0 18.0 20.0 57.0 22.0 20.0 18.0 19.0 19.0 20.0 22.0 20.0 19.0 23.0 19.0 18.0 20.0 19.0 20.0 20.0 30.0 19.0 21.0 21.0 17.0 20.0 19.0 18.0 20.0 19.0 20.0 20.0 20.0 19.0 20.0 19.0 19.0 21.0 19.0 18.0 21.0 18.0 18.0 27.0 20.0 19.0 27.0 23.0 22.0 19.0 20.0 19.0 22.0 21.0
39 25 1 TRACE 21.0 14.0 17.0 15.0 16.0 14.0 14.0 14.0 15.0 16.0 14.0 15.0 15.0 16.0 15.0 14.0 14.0 15.0 14.0 15.0 14.0 14.0 15.0 14.0 16.0 16.0 15.0 15.0 14.0 14.0 18.0 16.0 15.0 14.0 14.0 16.0 14.0 15.0 16.0 15.0 14.0 14.0 15.0 14.0 14.0 15.0 15.0 16.0 15.0 15.0 14.0 15.0 15.0 16.0 14.0 14.0 15.0 14.0 14.0 14.0 14.0 14.0 16.0 14.0
39 40 1 TRACE 34.0 21.0 64.0 40.0 47.0 21.0 23.0 21.0 22.0 21.0 57.0 33.0 22.0 21.0 22.0 22.0 24.0 21.0 21.0 21.0 21.0 22.0 21.0 23.0 22.0 22.0 21.0 21.0 22.0 21.0 21.0 21.0 22.0 59.0 22.0 21.0 22.0 22.0 23.0 23.0 21.0 21.0 22.0 21.0 22.0 21.0 21.0 22.0 23.0 22.0 24.0 21.0 22.0 24.0 21.0 30.0 21.0 59.0 27.0 23.0 21.0 30.0 23.0 30.0
39 51 1 TRACE 27.0 22.0 22.0 21.0 23.0 21.0 27.0 24.0 24.0 23.0 21.0 23.0 22.0 21.0 21.0 21.0 61.0 22.0 27.0 21.0 20.0 24.0 29.0 22.0 22.0 22.0 21.0 22.0 21.0 21.0 21.0 22.0 21.0 25.0 21.0 22.0 21.0 63.0 21.0 21.0 21.0 26.0 51.0 22.0 21.0 32.0 21.0 22.0 22.0 22.0 21.0 21.0 21.0 22.0
40 41 1 TRACE 42.0 35.0 23.0 31.0 44.0 38.0 45.0 37.0 40.0 22.0 28.0 54.0 52.0 29.0 23.0 28.0 61.0 60.0 28.0 26.0 40.0 23.0 51.0 59.0 23.0 51.0 23.0 48.0 70.0 66.0 45.0 24.0 42.0 27.0 60.0 74.0 26.0 58.0 32.0 22.0 26.0 25.0 27.0 54.0 59.0 51.0 36.0 49.0 25.0 46.0 44.0 30.0 30.0 32.0 27.0 39.0 40.0 50.0 26.0 30.0 52.0 35.0 23.0 62.0
41 42 1 TRACE 15.0 11.0 10.0 10.0 12.0 10.0 10.0 11.0 10.0 10.0 10.0 11.0 11.0 9.0 10.0 11.0 11.0 11.0 10.0 10.0 12.0 11.0 10.0 11.0 27.0 10.0 10.0 10.0 10.0 11.0 10.0 10.0 10.0 11.0 10.0 10.0 11.0 11.0 10.0 11.0 10.0 11.0 10.0 21.0 10.0 10.0 10.0 10.0 11.0 10.0 10.0 10.0 10.0 10.0 10.0 11.0 10.0 10.0 11.0 11.0 9.0 12.0 11.0 10.0 10.0 11.0 10.0 10.0 10.0 11.0 10.0 10.0 10.0 10.0 10.0 11.0 10.0 10.0 11.0 10.0 10.0 10.0 11.0 11.0 10.0 10.0 10.0 10.0 10.0 11.0 10.0 10.0 11.0 10.0 10.0 11.0 11.0 10.0 11.0 11.0 10.0 11.0 12.0 11.0 10.0 10.0 11.0 10.0 11.0 10.0 10.0 10.0 10.0 10.0 11.0 10.0 10.0 10.0 11.0 10.0 11.0 10.0 10.0 11.0 11.0 10.0 11.0 11.0 10.0 10.0 11.0 10.0 10.0 10.0 10.0 10.0 10.0 10.0 10.0 10.0 10.0 10.0 11.0 22.0 10.0 11.0 10.0 11.0 10.0 10.0 10.0 11.0 10.0 10.0 10.0 10.0 11.0 10.0 10.0 11.0 10.0 11.0 10.0 10.0 11.0 10.0 11.0 10.0 10.0 10.0 11.0 10.0 10.0 11.0 11.0 10.0 11.0 11.0 10.0 11.0 10.0 11.0 12.0 10.0 10.0 10.0 10.0 34.0 10.0 10.0 10.0 11.0 10.0 10.0 11.0 11.0 10.0 11.0 10.0 10.0 10.0 10.0 10.0
42 43 1 TRACE 14.0 10.0 9.0 10.0 10.0 10.0 10.0 10.0 10.0 10.0 10.0 9.0 11.0 10.0 10.0 10.0 10.0 9.0 10.0 10.0 11.0 9.0 10.0 10.0 11.0 9.0 10.0 10.0 10.0 10.0 10.0 10.0 10.0 10.0 9.0 10.0 10.0 9.0 9.0 10.0 10.0 9.0 10.0 9.0 9.0 10.0 10.0 10.0 10.0 10.0 10.0 10.0 10.0 9.0 9.0 10.0 10.0 9.0 10.0 10.0 10.0 10.0 10.0 10.0 10.0 11.0 14.0 9.0 10.0 11.0 10.0 9.0 10.0 10.0 9.0 10.0 10.0 9.0 9.0 10.0 10.0 10.0 11.0 10.0 9.0 10.0 10.0 10.0 10.0 10.0 9.0 9.0 21.0 9.0 10.0 11.0 10.0 10.0 10.0 10.0 9.0 9.0 9.0 10.0 9.0 10.0 11.0 10.0 9.0 10.0 9.0 9.0 10.0 10.0 9.0 10.0 10.0 10.0 9.0 9.0 10.0 10.0 10.0 10.0 9.0 9.0 9.0 10.0 10.0 10.0 10.0 9.0 10.0 10.0 10.0 9.0 10.0 10.0 10.0 10.0 10.0 10.0 10.0 11.0 9.0 9.0 10.0 10.0 10.0 9.0 10.0 10.0 9.0 10.0 10.0 10.0 10.0 10.0 10.0 9.0 10.0 10.0 10.0 10.0 10.0 10.0 11.0 10.0 10.0 10.0 9.0 10.0 9.0 10.0 10.0 9.0 10.0 9.0 9.0 10.0 9.0 10.0 10.0 9.0 9.0 10.0 10.0 21.0 10.0 10.0 10.0 10.0 10.0 10.0 10.0 10.0 10.0 9.0 10.0 10.0 9.0 10.0 9.0
43 44 1 TRACE 12.0 9.0 8.0 7.0 8.0 9.0 7.0 7.0 8.0 8.0 7.0 8.0 8.0 8.0 7.0 8.0 8.0 8.0 8.0 7.0 9.0 8.0 8.0 8.0 21.0 8.0 7.0 8.0 8.0 8.0 8.0 8.0 8.0 8.0 8.0 8.0 8.0 8.0 8.0 8.0 8.0 8.0 8.0 8.0 8.0 8.0 8.0 8.0 8.0 8.0 7.0 8.0 8.0 8.0 8.0 8.0 8.0 8.0 8.0 8.0 7.0 8.0 8.0 8.0 7.0 9.0 9.0 8.0 8.0 8.0 7.0 8.0 8.0 7.0 8.0 7.0 7.0 8.0 8.0 8.0 8.0 8.0 8.0 8.0 8.0 8.0 7.0 7.0 7.0 8.0 8.0 7.0 7.0 8.0 8.0 8.0 8.0 8.0 7.0 8.0 8.0 8.0 8.0 9.0 8.0 8.0 9.0 8.0 8.0 8.0 8.0 8.0 8.0 7.0 8.0 8.0 7.0 8.0 8.0 8.0 8.0 7.0 7.0 8.0 8.0 8.0 8.0 8.0 7.0 7.0 8.0 8.0 8.0 8.0 8.0 8.0 8.0 8.0 8.0 8.0 13.0 7.0 8.0 9.0 8.0 8.0 8.0 8.0 7.0 8.0 7.0 8.0 8.0 8.0 8.0 8.0 8.0 8.0 8.0 8.0 8.0 9.0 8.0 8.0 8.0 7.0 8.0 8.0 8.0 8.0 8.0 8.0 8.0 8.0 8.0 7.0 8.0 8.0 8.0 8.0 8.0 8.0 9.0 8.0 8.0 8.0 7.0 7.0 7.0 7.0 7.0 8.0 8.0 8.0 8.0 8.0 7.0 8.0 7.0 7.0 8.0 8.0 7.0
44 45 1 TRACE 44.0 17.0 21.0 19.0 26.0 17.0 22.0 76.0 20.0 19.0 20.0 26.0 56.0 19.0 37.0 20.0 21.0 27.0 20.0 35.0 15.0 20.0 18.0 29.0 28.0 23.0 28.0 19.0 19.0 70.0 21.0 19.0 20.0 24.0 22.0 19.0 31.0 23.0 22.0 30.0 22.0 20.0 31.0 19.0 21.0 33.0 22.0 20.0 16.0 31.0 20.0 22.0 30.0 21.0 23.0 31.0 21.0 23.0 39.0 20.0 23.0 18.0 24.0 24.0 22.0 32.0 15.0 29.0 31.0 30.0 17.0 22.0 31.0 23.0 21.0 32.0 23.0 22.0 34.0 21.0 22.0 23.0 13.0 17.0 21.0 31.0 21.0 19.0 19.0 30.0 21.0 65.0 18.0 20.0 20.0 16.0 21.0 27.0 30.0 19.0 20.0 31.0 21.0 15.0 22.0 25.0 16.0 24.0 64.0 20.0 22.0 31.0 63.0 23.0 19.0 61.0 21.0 28.0 21.0 21.0 29.0 21.0 20.0 25.0 20.0 21.0 30.0 18.0 23.0 23.0 32.0 23.0 21.0 33.0 21.0 24.0 106.0 23.0 20.0 30.0 26.0 23.0 26.0 16.0 23.0 29.0 19.0 17.0 28.0 19.0 19.0 29.0 22.0 23.0 34.0 22.0 22.0 21.0 30.0 31.0 23.0 18.0 20.0 29.0 31.0 21.0 18.0 30.0 22.0 25.0 25.0 21.0 22.0 31.0 17.0 22.0 30.0 25.0 21.0 25.0 25.0 24.0 17.0 23.0 28.0 30.0 21.0 20.0 30.0 21.0 21.0 30.0 20.0 60.0 41.0 17.0 21.0 30.0 22.0 21.0 31.0 20.0 20.0
45 46 1 TRACE 18.0 14.0 13.0 13.0 14.0 13.0 12.0 14.0 13.0 13.0 13.0 15.0 15.0 13.0 14.0 14.0 12.0 15.0 13.0 13.0 13.0 13.0 13.0 14.0 15.0 13.0 14.0 12.0 14.0 14.0 14.0 13.0 15.0 13.0 63.0 14.0 14.0 13.0 13.0 14.0 13.0 13.0 15.0 13.0 14.0 13.0 14.0 13.0 14.0 14.0 15.0 12.0 14.0 13.0 14.0 51.0 14.0 14.0 14.0 13.0 15.0 13.0 14.0 13.0 14.0 15.0 14.0 13.0 15.0 13.0 12.0 14.0 14.0 14.0 14.0 14.0 13.0 14.0 14.0 13.0 15.0 13.0 14.0 13.0 14.0 14.0 14.0 14.0 14.0 14.0 14.0 13.0 14.0 14.0 14.0 18.0 13.0 14.0 14.0 13.0 12.0 14.0 16.0 13.0 15.0 13.0 13.0 14.0 13.0 14.0 14.0 14.0 14.0 13.0 14.0 51.0 13.0 14.0 14.0 14.0 14.0 14.0 13.0 13.0 13.0 14.0 13.0 14.0 14.0 14.0 14.0 14.0 13.0 14.0 13.0 14.0 50.0 15.0 13.0 14.0 20.0 14.0 13.0 13.0 14.0 14.0 14.0 13.0 13.0 13.0 13.0 14.0 15.0 14.0 13.0 14.0 13.0 13.0 14.0 13.0 14.0 14.0 14.0 13.0 14.0 14.0 13.0 15.0 15.0 14.0 14.0 13.0 13.0 13.0 13.0 13.0 15.0 14.0 13.0 15.0 14.0 13.0 14.0 15.0 14.0 14.0 13.0 12.0 14.0 14.0 14.0 14.0 14.0 13.0 15.0 13.0 14.0 14.0 13.0 13.0 13.0 13.0 13.0
46 47 1 TRACE 185.0 86.0 54.0 49.0 146.0 54.0 73.0 210.0 85.0 47.0 46.0 143.0 60.0 48.0 116.0 53.0 53.0 124.0 54.0 43.0 151.0 54.0 48.0 122.0 55.0 45.0 118.0 54.0 47.0 172.0 85.0 48.0 44.0 201.0 55.0 48.0 108.0 75.0 45.0 124.0 49.0 83.0 152.0 59.0 46.0 171.0 86.0 48.0 45.0 165.0 67.0 44.0 109.0 50.0 45.0 109.0 48.0 43.0 159.0 59.0 50.0 173.0 69.0 45.0 43.0 145.0 54.0 43.0 168.0 99.0 54.0 42.0 109.0 49.0 44.0 105.0 46.0 43.0 166.0 105.0 45.0 44.0 110.0 49.0 43.0 172.0 71.0 53.0 43.0 110.0 51.0 82.0 111.0 50.0 48.0 126.0 49.0 44.0 124.0 48.0 47.0 170.0 70.0 44.0 42.0 123.0 52.0 43.0 172.0 61.0 44.0 104.0 86.0 43.0 105.0 48.0 46.0 173.0 62.0 47.0 115.0 49.0 59.0 141.0 56.0 44.0 168.0 100.0 45.0 43.0 173.0 62.0 43.0 175.0 66.0 48.0 184.0 59.0 46.0 111.0 60.0 43.0 108.0 48.0 46.0 108.0 50.0 44.0 125.0 54.0 46.0 110.0 49.0 44.0 181.0 75.0 46.0 45.0 112.0 49.0 44.0 117.0 51.0 70.0 147.0 59.0 53.0 152.0 57.0 45.0 146.0 57.0 45.0 167.0 58.0 46.0 117.0 51.0 44.0 119.0 47.0 43.0 160.0 55.0 43.0 169.0 88.0 43.0 157.0 59.0 73.0 108.0 50.0 50.0 145.0 57.0 46.0 168.0 71.0 46.0 106.0 48.0 45.0
47 48 1 TRACE 13.0 12.0 10.0 8.0 20.0 9.0 7.0 13.0 12.0 8.0 12.0 12.0 8.0 23.0 11.0 8.0 15.0 10.0 9.0 12.0 10.0 8.0 9.0 11.0 8.0 16.0 11.0 8.0 13.0 12.0 8.0 13.0 12.0 8.0 18.0 10.0 8.0 10.0 11.0 7.0 14.0 11.0 8.0 17.0 12.0 8.0 12.0 14.0 8.0 9.0 11.0 8.0 17.0 12.0 8.0 17.0 10.0 8.0 13.0 12.0 8.0 20.0 11.0 8.0 11.0 12.0 8.0 13.0 11.0 8.0 20.0 11.0 9.0 11.0 10.0 8.0 16.0 12.0 8.0 17.0 10.0 8.0 14.0 12.0 8.0 15.0 11.0 8.0 21.0 11.0 8.0 9.0 11.0 7.0 13.0 12.0 8.0 12.0 11.0 8.0 10.0 12.0 8.0 14.0 13.0 8.0 14.0 10.0 7.0 22.0 10.0 8.0 9.0 11.0 8.0 20.0 12.0 8.0 15.0 11.0 7.0 14.0 12.0 8.0 9.0 11.0 8.0 11.0 11.0 8.0 13.0 13.0 8.0 14.0 11.0 8.0 24.0 16.0 8.0 14.0 11.0 8.0 14.0 22.0 8.0 15.0 9.0 8.0 20.0 12.0 8.0 9.0 11.0 8.0 13.0 11.0 8.0 15.0 11.0 8.0 15.0 12.0 8.0 15.0 12.0 8.0 17.0 11.0 8.0 15.0 13.0 8.0 15.0 11.0 8.0 19.0 10.0 8.0 22.0 13.0 8.0 11.0 13.0 8.0 17.0 10.0 8.0 16.0 11.0 8.0 15.0 55.0 7.0 15.0 12.0 9.0 12.0 12.0 8.0 16.0 12.0 7.0 15.0 13.0 8.0 15.0 10.0 9.0 13.0 21.0 8.0 14.0 12.0 8.0 15.0 12.0 7.0 18.0 13.0 8.0 14.0 13.0 8.0 15.0 14.0 8.0 17.0 13.0 7.0 14.0 13.0 7.0 22.0 9.0 8.0 17.0 12.0 8.0 17.0 11.0 8.0 16.0 12.0 8.0 16.0 11.0 8.0 17.0 12.0 8.0 15.0 12.0 7.0 16.0 13.0 7.0 28.0 40.0 8.0 14.0 10.0 8.0 14.0 11.0 8.0 14.0 12.0 8.0 13.0 12.0 8.0 12.0 11.0 7.0 9.0 11.0 8.0 15.0 12.0 7.0 12.0 10.0 7.0 11.0 10.0 8.0 21.0 11.0 8.0 15.0 13.0 7.0 14.0 10.0 8.0 15.0 11.0 7.0 16.0 12.0 7.0 14.0 13.0 8.0 23.0 15.0 8.0 15.0 10.0 9.0 11.0 21.0 8.0 14.0 13.0 8.0 19.0 12.0 8.0 15.0 12.0 7.0 16.0 11.0 8.0 21.0 13.0 8.0 16.0 13.0 8.0 15.0 12.0 8.0 18.0 12.0 7.0 15.0 13.0 8.0 17.0 13.0 8.0 10.0 11.0 7.0 9.0 11.0 8.0 11.0 11.0 8.0 20.0 11.0 7.0 13.0 10.0 8.0 10.0 10.0 8.0 9.0 12.0 8.0 12.0 11.0 8.0 12.0 10.0 8.0 17.0 11.0 8.0 10.0 11.0 8.0 12.0 11.0 10.0 11.0 11.0 8.0 9.0 11.0 7.0 14.0 12.0 8.0 14.0 12.0 7.0 13.0 11.0 8.0 13.0 10.0 7.0 15.0 11.0 8.0 17.0 10.0 8.0 16.0 18.0 8.0 16.0 9.0 8.0 19.0 9.0 8.0 17.0 13.0 8.0 15.0 12.0 8.0 16.0 10.0 9.0 22.0 20.0 7.0 17.0 12.0 8.0 14.0 10.0 9.0 15.0 26.0 7.0 13.0 9.0 8.0 14.0 11.0 8.0 13.0 12.0 8.0 46.0 50.0 8.0 17.0 11.0 8.0 14.0 12.0 7.0 14.0 11.0 8.0 18.0 12.0 7.0 16.0 12.0 8.0 16.0 12.0 8.0 10.0 10.0 7.0 13.0 10.0 8.0 15.0 13.0 7.0 15.0 12.0 8.0 14.0 10.0 8.0 9.0 12.0 8.0 16.0 12.0 9.0 12.0 12.0 8.0 16.0 9.0 8.0 9.0 13.0 7.0 14.0 12.0 8.0 10.0 10.0 8.0 11.0 14.0 8.0 19.0 11.0 8.0 15.0 53.0 8.0 14.0 12.0 8.0 14.0 11.0 8.0 12.0 11.0 7.0 12.0 11.0 8.0 20.0 11.0 8.0 15.0 9.0 8.0 13.0 11.0 8.0 24.0 12.0 7.0 16.0 13.0 7.0 16.0 13.0 8.0 19.0 12.0 7.0 9.0 11.0 8.0 15.0 13.0 8.0 12.0 11.0 8.0 17.0 12.0 7.0 16.0 12.0 8.0 20.0 9.0 9.0 14.0 11.0 7.0 15.0 12.0 8.0 56.0 11.0 7.0 13.0 14.0 8.0 14.0 12.0 8.0 17.0 12.0 8.0 14.0 13.0 8.0 14.0 12.0 8.0 22.0 10.0 9.0 11.0 10.0 7.0 12.0 11.0 8.0 58.0 16.0 8.0 13.0 11.0 8.0 13.0 12.0 8.0 9.0 12.0 7.0 12.0 11.0 8.0 14.0 11.0
48 49 1 TRACE 16.0 22.0 19.0 11.0 19.0 19.0 7.0 10.0 10.0 8.0 9.0 10.0 16.0 21.0 21.0 8.0 12.0 10.0 8.0 10.0 11.0 12.0 22.0 18.0 11.0 18.0 20.0 8.0 10.0 10.0 8.0 10.0 10.0 17.0 20.0 18.0 9.0 12.0 12.0 8.0 10.0 10.0 16.0 21.0 20.0 8.0 11.0 11.0 7.0 12.0 10.0 16.0 20.0 20.0 8.0 19.0 12.0 7.0 10.0 13.0 16.0 20.0 20.0 8.0 11.0 11.0 7.0 10.0 10.0 16.0 21.0 21.0 9.0 12.0 11.0 8.0 10.0 10.0 16.0 20.0 21.0 8.0 11.0 11.0 8.0 21.0 10.0 12.0 20.0 20.0 11.0 19.0 19.0 7.0 10.0 10.0 7.0 10.0 10.0 16.0 23.0 20.0 9.0 14.0 14.0 7.0 10.0 11.0 14.0 20.0 21.0 8.0 11.0 12.0 8.0 9.0 10.0 14.0 20.0 20.0 8.0 11.0 11.0 7.0 12.0 10.0 22.0 23.0 21.0 9.0 13.0 14.0 7.0 10.0 11.0 11.0 21.0 21.0 10.0 19.0 21.0 8.0 10.0 12.0 9.0 20.0 12.0 16.0 21.0 21.0 9.0 15.0 14.0 7.0 10.0 10.0 13.0 20.0 20.0 8.0 10.0 11.0 7.0 10.0 11.0 13.0 20.0 21.0 8.0 11.0 10.0 7.0 11.0 10.0 15.0 21.0 22.0 9.0 13.0 13.0 7.0 10.0 10.0 14.0 23.0 21.0 9.0 28.0 17.0 7.0 49.0 13.0 7.0 10.0 10.0 18.0 21.0 22.0 8.0 12.0 12.0 7.0 10.0 11.0 13.0 23.0 29.0 12.0 20.0 18.0 8.0 10.0 11.0 7.0 10.0 10.0 14.0 22.0 21.0 8.0 10.0 10.0 8.0 10.0 23.0 13.0 22.0 21.0 7.0 10.0 10.0 7.0 10.0 10.0 11.0 19.0 22.0 12.0 20.0 21.0 8.0 11.0 11.0 7.0 10.0 10.0 15.0 20.0 21.0 8.0 11.0 20.0 7.0 11.0 9.0 14.0 24.0 62.0 10.0 18.0 19.0 7.0 10.0 10.0 7.0 10.0 10.0 15.0 21.0 20.0 8.0 11.0 10.0 7.0 11.0 10.0 14.0 20.0 20.0 7.0 10.0 10.0 8.0 10.0 15.0 13.0 20.0 20.0 8.0 10.0 10.0 7.0 10.0 10.0 15.0 20.0 21.0 8.0 11.0 11.0 8.0 10.0 11.0 14.0 21.0 21.0 9.0 18.0 20.0 11.0 11.0 10.0 7.0 10.0 11.0 16.0 21.0 21.0 8.0 11.0 10.0 7.0 10.0 10.0 16.0 21.0 21.0 9.0 14.0 14.0 8.0 11.0 11.0 13.0 20.0 22.0 7.0 11.0 11.0 8.0 11.0 11.0 13.0 22.0 20.0 7.0 12.0 11.0 7.0 10.0 10.0 16.0 20.0 21.0 8.0 16.0 13.0 7.0 11.0 10.0 13.0 21.0 18.0 7.0 10.0 11.0 8.0 10.0 10.0 16.0 21.0 20.0 8.0 12.0 12.0 7.0 10.0 10.0 12.0 21.0 21.0 11.0 22.0 19.0 7.0 10.0 11.0 7.0 11.0 10.0 15.0 20.0 21.0 9.0 18.0 13.0 7.0 11.0 10.0 15.0 21.0 20.0 9.0 18.0 16.0 7.0 13.0 11.0 16.0 22.0 21.0 9.0 17.0 14.0 7.0 10.0 10.0 14.0 20.0 20.0 8.0 10.0 10.0 8.0 11.0 11.0 13.0 20.0 20.0 9.0 11.0 9.0 7.0 10.0 10.0 15.0 20.0 20.0 8.0 11.0 10.0 7.0 15.0 12.0 17.0 21.0 21.0 8.0 12.0 12.0 8.0 9.0 10.0 14.0 20.0 21.0 7.0 11.0 11.0 8.0 10.0 10.0 14.0 22.0 19.0 10.0 19.0 18.0 8.0 10.0 9.0 8.0 10.0 11.0 15.0 21.0 21.0 8.0 13.0 12.0 7.0 11.0 10.0 26.0 21.0 22.0 8.0 15.0 12.0 8.0 11.0 11.0 16.0 21.0 21.0 8.0 13.0 12.0 7.0 10.0 10.0 17.0 21.0 21.0 8.0 52.0 16.0 7.0 11.0 11.0 16.0 21.0 19.0 8.0 12.0 12.0 7.0 9.0 10.0 16.0 21.0 20.0 9.0 13.0 14.0 7.0 10.0 11.0 16.0 20.0 27.0 7.0 12.0 12.0 7.0 11.0 11.0 16.0 21.0 21.0 7.0 14.0 12.0 7.0 10.0 11.0 16.0 21.0 21.0 8.0 12.0 12.0 7.0 11.0 11.0 15.0 21.0 19.0 10.0 22.0 13.0 8.0 10.0 10.0 16.0 52.0 18.0 8.0 12.0 12.0 8.0 10.0 11.0 14.0 21.0 20.0 8.0 11.0 49.0 8.0 10.0 13.0 16.0 21.0 20.0 8.0 12.0 11.0 7.0 10.0 9.0 14.0 25.0 33.0 10.0 18.0 19.0 8.0 10.0 10.0 13.0 21.0 20.0 8.0 11.0 10.0 8.0 10.0 10.0
49 47 1 TRACE 129.0 106.0 47.0 48.0 25.0 21.0 22.0 21.0 67.0 57.0 34.0 39.0 22.0 22.0 124.0 108.0 50.0 44.0 25.0 21.0 22.0 19.0 80.0 57.0 41.0 29.0 22.0 20.0 78.0 49.0 29.0 27.0 93.0 22.0 74.0 52.0 50.0 29.0 26.0 21.0 60.0 52.0 30.0 26.0 23.0 21.0 67.0 54.0 32.0 63.0 24.0 20.0 65.0 51.0 29.0 26.0 22.0 23.0 128.0 107.0 49.0 43.0 24.0 21.0 22.0 21.0 106.0 68.0 36.0 33.0 23.0 22.0 58.0 48.0 26.0 24.0 63.0 20.0 60.0 49.0 29.0 24.0 23.0 22.0 101.0 64.0 36.0 32.0 25.0 22.0 126.0 106.0 50.0 44.0 27.0 26.0 23.0 31.0 95.0 67.0 37.0 34.0 27.0 22.0 59.0 46.0 25.0 23.0 23.0 21.0 54.0 46.0 28.0 22.0 26.0 21.0 90.0 66.0 72.0 31.0 22.0 20.0 119.0 84.0 53.0 41.0 27.0 21.0 27.0 20.0 106.0 54.0 36.0 27.0 26.0 20.0 129.0 102.0 59.0 74.0 29.0 21.0 26.0 20.0 61.0 46.0 29.0 23.0 25.0 21.0 55.0 44.0 31.0 22.0 27.0 21.0 140.0 116.0 52.0 44.0 28.0 22.0 25.0 20.0 61.0 50.0 30.0 25.0 25.0 20.0 161.0 86.0 45.0 41.0 24.0 21.0 24.0 20.0 60.0 49.0 33.0 33.0 23.0 22.0 58.0 48.0 28.0 26.0 23.0 22.0 50.0 45.0 25.0 23.0 24.0 20.0 58.0 49.0 24.0 25.0 25.0 20.0 114.0 83.0 44.0 41.0 25.0 33.0 27.0 20.0 61.0 51.0 29.0 26.0 27.0 20.0 101.0 67.0 37.0 32.0 27.0 21.0 55.0 45.0 24.0 22.0 26.0 20.0 61.0 46.0 27.0 23.0 24.0 22.0 99.0 74.0 39.0 41.0 102.0 23.0 55.0 51.0 26.0 24.0 21.0 22.0 82.0 59.0 34.0 32.0 24.0 22.0 118.0 111.0 50.0 47.0 29.0 22.0 27.0 21.0 120.0 73.0 39.0 34.0 28.0 21.0 105.0 78.0 40.0 38.0 23.0 22.0 93.0 76.0 40.0 34.0 25.0 21.0 56.0 49.0 80.0 36.0 26.0 21.0 55.0 47.0 63.0 46.0 23.0 22.0 58.0 48.0 27.0 23.0 26.0 20.0 70.0 53.0 31.0 27.0 22.0 21.0 61.0 48.0 28.0 24.0 26.0 20.0 117.0 87.0 42.0 41.0 26.0 21.0 25.0 20.0 63.0 47.0 43.0 25.0 26.0 20.0 58.0 50.0 30.0 26.0 22.0 20.0 120.0 59.0 48.0 43.0 19.0 20.0 91.0 63.0 36.0 30.0 26.0 21.0 82.0 61.0 35.0 29.0 24.0 21.0 96.0 68.0 37.0 43.0 30.0 21.0 69.0 51.0 32.0 25.0 26.0 20.0 64.0 52.0 46.0 27.0 26.0 21.0 72.0 60.0 35.0 30.0 26.0 20.0 101.0 67.0 38.0 43.0 28.0 20.0 82.0 65.0 36.0 31.0 27.0 21.0 57.0 46.0 26.0 22.0 23.0 20.0 69.0 58.0 32.0 40.0 24.0 22.0 115.0 85.0 43.0 41.0 25.0 21.0 54.0 45.0 27.0 23.0 23.0 21.0
49 50 1 TRACE 62.0 29.0 29.0 31.0 42.0 26.0 24.0 65.0 30.0 24.0 38.0 51.0 51.0 29.0 30.0 31.0 26.0 33.0 27.0 47.0 30.0 40.0 43.0 32.0 34.0 49.0 49.0 27.0 24.0 66.0 45.0 30.0 30.0 30.0 45.0 65.0 29.0 35.0 26.0 47.0 29.0 24.0 46.0 34.0 25.0 29.0 30.0 34.0 24.0 47.0 27.0 23.0 43.0 25.0 24.0 39.0 25.0 25.0 32.0 29.0 36.0 29.0 28.0 27.0 25.0 30.0 28.0 26.0 28.0 29.0 24.0 27.0 29.0 25.0 24.0 29.0 25.0 25.0 38.0 29.0 25.0 24.0 31.0 22.0 24.0 74.0 33.0 31.0 29.0 38.0 24.0 25.0 42.0 29.0 25.0 30.0 28.0 30.0 38.0 33.0 24.0 31.0 32.0 24.0 25.0 31.0 23.0 23.0 33.0 26.0 25.0 34.0 27.0 25.0 32.0 26.0 23.0 42.0 27.0 26.0 29.0 26.0 23.0 33.0 25.0 24.0 48.0 29.0 25.0 24.0 30.0 47.0 26.0 35.0 27.0 27.0 32.0 37.0 28.0 29.0 38.0 30.0 36.0 25.0 33.0 33.0 28.0 26.0 33.0 31.0 27.0 30.0 26.0 24.0 29.0 30.0 27.0 25.0 52.0 26.0 26.0 35.0 26.0 28.0 51.0 26.0 24.0 30.0 27.0 23.0 36.0 30.0 62.0 33.0 26.0 27.0 32.0 29.0 24.0 35.0 26.0 29.0 29.0 25.0 24.0 31.0 26.0 33.0 38.0 26.0 25.0 31.0 70.0 26.0 45.0 26.0 27.0 43.0 38.0 29.0 36.0 28.0 29.0
50 25 1 TRACE 19.0 17.0 17.0 18.0 21.0 17.0 18.0 18.0 18.0 17.0 23.0 18.0 18.0 17.0 16.0 17.0 17.0 17.0 17.0 17.0 17.0 18.0 17.0 17.0 18.0 18.0 18.0 17.0 18.0 18.0 18.0 18.0 17.0 18.0 16.0 18.0 18.0 18.0 17.0 17.0 17.0 17.0 18.0 20.0 17.0 17.0 17.0 18.0 17.0 18.0 17.0 18.0 18.0 16.0
50 41 1 TRACE 10.0 8.0 7.0 9.0 8.0 8.0 8.0 8.0 9.0 8.0 8.0 8.0 8.0 8.0 8.0 8.0 8.0 8.0 8.0 8.0 8.0 8.0 8.0 8.0 8.0 9.0 8.0 8.0 9.0 9.0 9.0 9.0 9.0 9.0 8.0 9.0 8.0 8.0 9.0 8.0 8.0 8.0 8.0 9.0 8.0 9.0 8.0 8.0 8.0 8.0 8.0 8.0 8.0 8.0 9.0 8.0 8.0 20.0 8.0 8.0 8.0 8.0 8.0 8.0 8.0 8.0 8.0 8.0 8.0 8.0 9.0 21.0 8.0 9.0 8.0 9.0 8.0 9.0 8.0 8.0 8.0 8.0 8.0 9.0 8.0 9.0 9.0 9.0 8.0 8.0 8.0 9.0 9.0 8.0 8.0 9.0 8.0 8.0 8.0 8.0 8.0 25.0 8.0 8.0 8.0 8.0 8.0 8.0 8.0 8.0 8.0 8.0 8.0 9.0 9.0 8.0 8.0 9.0 8.0 9.0 8.0 8.0 8.0 8.0 8.0 8.0 8.0 8.0 9.0 9.0 8.0 8.0 8.0 9.0 8.0 9.0 8.0 9.0 8.0
50 51 1 TRACE 37.0 24.0 24.0 24.0 24.0 23.0 25.0 23.0 24.0 23.0
51 52 1 TRACE 208.0 196.0 231.0 195.0 198.0 214.0 200.0 195.0 195.0 198.0 196.0 198.0 198.0 197.0 197.0 252.0 207.0 196.0 196.0 197.0 209.0 196.0 198.0 194.0 219.0 200.0 196.0 198.0 199.0 195.0 198.0 196.0 248.0 197.0 195.0 196.0 198.0 194.0 217.0 197.0 196.0 198.0 198.0 196.0 197.0 195.0 254.0 198.0 198.0 196.0 197.0 197.0 200.0 196.0 209.0 197.0 196.0 197.0 197.0 200.0 239.0 202.0 196.0 194.0
52 53 1 TRACE 29.0 23.0 22.0 21.0 23.0 23.0 22.0 23.0 22.0 22.0 26.0 22.0 23.0 24.0 25.0 22.0 35.0 23.0 22.0 21.0 22.0 23.0 22.0 21.0 23.0 21.0 23.0 23.0 22.0 22.0 22.0 27.0 23.0 22.0 23.0 22.0 22.0 23.0 23.0 21.0 22.0 22.0 42.0 39.0 26.0 22.0 23.0 22.0 21.0 23.0 23.0 22.0 23.0 21.0 59.0 22.0 27.0 22.0 22.0 22.0 21.0 55.0 22.0 23.0
53 54 1 TRACE 23.0 17.0 18.0 17.0 17.0 17.0 18.0 14.0 14.0 14.0 14.0 14.0 14.0 15.0 16.0 17.0 15.0 17.0 16.0 17.0 16.0 15.0 16.0 16.0 15.0 15.0 15.0 15.0 14.0 13.0 14.0 15.0 13.0 13.0 14.0 16.0 16.0 16.0 17.0 17.0 17.0 17.0 13.0 18.0 18.0 17.0 16.0 16.0 16.0 15.0 15.0 15.0 15.0 15.0 65.0 16.0 16.0 12.0 14.0 14.0 15.0 17.0 13.0 13.0
54 55 1 TRACE 40.0 20.0 19.0 20.0 19.0 20.0 19.0 19.0 19.0 18.0 19.0 19.0 19.0 19.0 20.0 19.0 22.0 19.0 18.0 18.0 19.0 19.0 19.0 19.0 22.0 19.0 19.0 19.0 19.0 19.0 18.0 18.0 19.0 19.0 19.0 19.0 19.0 19.0 21.0 19.0 20.0 20.0 19.0 19.0 19.0 18.0 20.0 19.0 19.0 19.0 19.0 19.0 19.0 19.0 30.0 19.0 18.0 19.0 19.0 19.0 19.0 19.0 18.0 18.0
55 56 1 TRACE 12.0 7.0 8.0 8.0 7.0 8.0 7.0 8.0 7.0 7.0 8.0 8.0 8.0 7.0 7.0 8.0 9.0 7.0 7.0 7.0 8.0 7.0 7.0 8.0 9.0 8.0 8.0 8.0 8.0 8.0 7.0 7.0 8.0 8.0 8.0 7.0 26.0 8.0 8.0 8.0 8.0 8.0 8.0 7.0 8.0 7.0 7.0 7.0 8.0 7.0 8.0 8.0 8.0 8.0 8.0 8.0 7.0 8.0 8.0 8.0 8.0 8.0 8.0 7.0
56 57 1 TRACE 11.0 8.0 7.0 7.0 8.0 7.0 8.0 7.0 8.0 8.0 7.0 7.0 7.0 8.0 8.0 8.0 9.0 7.0 8.0 7.0 7.0 8.0 8.0 7.0 8.0 7.0 7.0 7.0 7.0 7.0 8.0 8.0 7.0 7.0 7.0 8.0 8.0 7.0 8.0 7.0 7.0 7.0 7.0 8.0 8.0 7.0 8.0 8.0 7.0 8.0 7.0 8.0 7.0 7.0 22.0 7.0 8.0 7.0 7.0 7.0 7.0 7.0 7.0 8.0
57 58 1 TRACE 11.0 7.0 8.0 7.0 7.0 8.0 7.0 7.0 8.0 7.0 7.0 8.0 7.0 7.0 7.0 7.0 8.0 8.0 7.0 8.0 8.0 8.0 8.0 7.0 10.0 7.0 7.0 7.0 8.0 7.0 7.0 7.0 8.0 7.0 7.0 7.0 8.0 8.0 8.0 7.0 7.0 7.0 7.0 8.0 8.0 8.0 7.0 7.0 7.0 7.0 7.0 7.0 8.0 12.0 17.0 8.0 7.0 8.0 8.0 7.0 7.0 7.0 8.0 7.0
58 59 1 TRACE 15.0 8.0 9.0 8.0 8.0 9.0 8.0 8.0 8.0 8.0 8.0 8.0 9.0 8.0 8.0 8.0 9.0 8.0 8.0 8.0 8.0 8.0 8.0 8.0 10.0 8.0 8.0 9.0 8.0 9.0 8.0 8.0 9.0 8.0 8.0 8.0 9.0 9.0 9.0 8.0 8.0 8.0 8.0 8.0 8.0 8.0 8.0 8.0 8.0 8.0 8.0 8.0 9.0 21.0 8.0 8.0 8.0 9.0 9.0 8.0 9.0 8.0 9.0 8.0
59 60 1 TRACE 7.0 7.0 7.0 8.0 8.0 7.0 7.0 8.0 7.0 7.0 8.0 7.0 8.0 7.0 7.0 8.0 9.0 7.0 7.0 7.0 7.0 7.0 7.0 7.0 8.0 8.0 8.0 8.0 7.0 8.0 7.0 8.0 7.0 8.0 8.0 7.0 7.0 7.0 8.0 8.0 8.0 8.0 8.0 7.0 7.0 7.0 7.0 8.0 7.0 7.0 8.0 8.0 7.0 8.0 19.0 7.0 7.0 8.0 7.0 8.0 8.0 8.0 7.0 7.0
60 61 1 TRACE 8.0 7.0 7.0 7.0 8.0 7.0 8.0 8.0 7.0 8.0 7.0 7.0 7.0 8.0 7.0 8.0 8.0 7.0 8.0 7.0 7.0 7.0 7.0 8.0 9.0 7.0 8.0 7.0 7.0 7.0 8.0 8.0 7.0 8.0 8.0 8.0 8.0 7.0 8.0 7.0 7.0 7.0 7.0 7.0 7.0 7.0 7.0 8.0 8.0 8.0 7.0 7.0 7.0 8.0 7.0 7.0 8.0 7.0 7.0 8.0 7.0 7.0 7.0 8.0
61 62 1 TRACE 7.0 7.0 7.0 7.0 7.0 7.0 8.0 7.0 7.0 8.0 7.0 7.0 7.0 8.0 7.0 7.0 8.0 7.0 8.0 7.0 7.0 8.0 8.0 8.0 8.0 7.0 7.0 7.0 8.0 7.0 7.0 7.0 7.0 7.0 7.0 7.0 8.0 7.0 8.0 7.0 7.0 7.0 7.0 7.0 8.0 7.0 8.0 7.0 7.0 8.0 7.0 7.0 7.0 8.0 7.0 8.0 8.0 7.0 7.0 7.0 7.0 7.0 7.0 8.0
62 1 1 TRACE 22.0 20.0 20.0 19.0 20.0 20.0 19.0 20.0 19.0 19.0 20.0 20.0 19.0 21.0 20.0 20.0 22.0 20.0 19.0 20.0 20.0 20.0 20.0 19.0 25.0 19.0 19.0 20.0 20.0 20.0 20.0 19.0 21.0 25.0 19.0 19.0 22.0 20.0 20.0 20.0 20.0 20.0 19.0 20.0 29.0 19.0 20.0 19.0 19.0 20.0 20.0 20.0 20.0 21.0 27.0 20.0 19.0 20.0 20.0 20.0 20.0 20.0 20.0
