0 1 CONSTANT 8.0
1 1 CONSTANT 8.0
2 1 CONSTANT 0.0
3 1 CONSTANT 8.0
4 1 CONSTANT 8.0
5 1 CONSTANT 8.0
6 1 CONSTANT 8.0
7 1 CONSTANT 8.0
8 1 CONSTANT 8.0
9 1 CONSTANT 0.0
10 1 CONSTANT 0.0
11 1 CONSTANT 0.0
12 1 CONSTANT 0.0
13 1 CONSTANT 8.0
14 1 CONSTANT 4.0
15 1 CONSTANT 4.0
16 1 CONSTANT 0.0
17 1 CONSTANT 0.0
18 1 CONSTANT 0.0
19 1 CONSTANT 0.0
20 1 CONSTANT 4.0
21 1 CONSTANT 8.0
22 1 CONSTANT 8.0
23 1 CONSTANT 8.0
24 1 CONSTANT 8.0
25 1 CONSTANT 4.0
26 1 CONSTANT 4.0
27 1 CONSTANT 8.0
28 1 TRACE 0.0 0.0 0.0 0.0 0.0 8.0 0.0 0.0 132.0 12.0 4.0 0.0 112.0 0.0 4.0 4.0 56.0 0.0 0.0 0.0 120.0 0.0 0.0 0.0 0.0 0.0 0.0 164.0 0.0 0.0 0.0 200.0 0.0 0.0 0.0 0.0 4.0 0.0 28.0 28.0 0.0 0.0 104.0 0.0 0.0 0.0 4.0 0.0 0.0 136.0 0.0 0.0 0.0 4.0 0.0 0.0 148.0 12.0 0.0 0.0 0.0 0.0 0.0 112.0 16.0 0.0 0.0 0.0 0.0 0.0 12.0 0.0 0.0 80.0 0.0 0.0 12.0 56.0 0.0 0.0 0.0 120.0 0.0 4.0 0.0 28.0 24.0 0.0 0.0 168.0 0.0 0.0 4.0 32.0 0.0 0.0 0.0 148.0 0.0 0.0 0.0 0.0 0.0 8.0 124.0 0.0 0.0 0.0 4.0 0.0 100.0 12.0 0.0 0.0 36.0 0.0 0.0 0.0 92.0 0.0 4.0 48.0 0.0 0.0 0.0 4.0 4.0 8.0 52.0 0.0 0.0 0.0 32.0 16.0 0.0 0.0 0.0 96.0 0.0 0.0 0.0 4.0 0.0 4.0 88.0 0.0 4.0 40.0 0.0 0.0 152.0 0.0 0.0 12.0 40.0 0.0 0.0 8.0 44.0 0.0 0.0 0.0 4.0 0.0 0.0 192.0 0.0 4.0 160.0 0.0 0.0 0.0 232.0 0.0 0.0 0.0 68.0 0.0 4.0 0.0 276.0 0.0 0.0 4.0 48.0 0.0 0.0 0.0 116.0 12.0 0.0 0.0 0.0 0.0 8.0 80.0 0.0 0.0 0.0 284.0 0.0 0.0 0.0 12.0 32.0 0.0 8.0 64.0 0.0 0.0 0.0 276.0 0.0 0.0 0.0 0.0 0.0 0.0 0.0 0.0 0.0 104.0 8.0 0.0 4.0 44.0 0.0 4.0 112.0 0.0 0.0 8.0 36.0
29 1 CONSTANT 4.0
30 1 TRACE 0.0 0.0 0.0 0.0 0.0 8.0 0.0 0.0 132.0 12.0 4.0 0.0 112.0 0.0 4.0 4.0 56.0 0.0 0.0 0.0 120.0 0.0 0.0 0.0 0.0 0.0 0.0 164.0 0.0 0.0 0.0 200.0 0.0 0.0 0.0 0.0 4.0 0.0 28.0 28.0 0.0 0.0 104.0 0.0 0.0 0.0 4.0 0.0 0.0 136.0 0.0 0.0 0.0 4.0 0.0 0.0 148.0 12.0 0.0 0.0 0.0 0.0 0.0 112.0 16.0 0.0 0.0 0.0 0.0 0.0 12.0 0.0 0.0 80.0 0.0 0.0 12.0 56.0 0.0 0.0 0.0 120.0 0.0 4.0 0.0 28.0 24.0 0.0 0.0 168.0 0.0 0.0 4.0 32.0 0.0 0.0 0.0 148.0 0.0 0.0 0.0 0.0 0.0 8.0 124.0 0.0 0.0 0.0 4.0 0.0 100.0 12.0 0.0 0.0 36.0 0.0 0.0 0.0 92.0 0.0 4.0 48.0 0.0 0.0 0.0 4.0 4.0 8.0 52.0 0.0 0.0 0.0 32.0 16.0 0.0 0.0 0.0 96.0 0.0 0.0 0.0 4.0 0.0 4.0 88.0 0.0 4.0 40.0 0.0 0.0 152.0 0.0 0.0 12.0 40.0 0.0 0.0 8.0 44.0 0.0 0.0 0.0 4.0 0.0 0.0 192.0 0.0 4.0 160.0 0.0 0.0 0.0 232.0 0.0 0.0 0.0 68.0 0.0 4.0 0.0 276.0 0.0 0.0 4.0 48.0 0.0 0.0 0.0 116.0 12.0 0.0 0.0 0.0 0.0 8.0 80.0 0.0 0.0 0.0 284.0 0.0 0.0 0.0 12.0 32.0 0.0 8.0 64.0 0.0 0.0 0.0 276.0 0.0 0.0 0.0 0.0 0.0 0.0 0.0 0.0 0.0 104.0 8.0 0.0 4.0 44.0 0.0 4.0 112.0 0.0 0.0 8.0 36.0
31 1 CONSTANT 8.0
32 1 CONSTANT 8.0
33 1 CONSTANT 4.0
34 1 CONSTANT 0.0
35 1 CONSTANT 0.0
36 1 CONSTANT 8.0
37 1 CONSTANT 8.0
38 1 CONSTANT 8.0
39 1 TRACE 8.0 0.0 0.0 8.0 0.0 0.0 8.0 8.0 0.0 0.0 8.0 0.0 8.0 0.0 8.0 0.0 8.0 0.0 8.0 0.0 8.0 0.0 8.0 0.0 0.0 8.0 0.0 8.0 0.0 8.0 0.0 8.0 0.0 8.0 0.0 0.0 8.0 8.0 0.0 0.0 8.0 0.0 8.0 0.0 8.0 0.0 0.0 8.0 0.0 8.0 0.0 8.0 0.0 0.0 8.0 8.0 0.0 0.0 8.0 0.0 0.0 8.0 8.0 0.0 0.0 8.0 0.0 0.0 8.0 0.0 0.0 8.0 0.0 8.0 0.0 8.0 0.0 8.0 0.0 8.0 0.0 8.0 0.0 8.0 8.0 0.0 0.0 8.0 0.0 8.0 0.0 8.0 0.0 8.0 0.0 8.0 0.0 8.0 0.0 8.0 0.0 0.0 8.0 0.0 0.0 8.0 0.0 0.0 8.0 8.0 0.0 0.0 8.0 0.0 8.0 0.0 8.0 0.0 0.0 8.0 0.0 8.0 0.0 8.0 0.0 0.0 8.0 0.0 8.0 0.0 8.0 8.0 0.0 8.0 0.0 8.0 0.0 8.0 0.0 8.0 0.0 0.0 8.0 0.0 0.0 8.0 0.0 0.0 8.0 0.0 8.0 0.0 8.0 0.0 0.0 8.0 8.0 0.0 8.0 0.0 8.0 0.0 0.0 8.0 0.0 0.0 8.0 0.0 8.0 0.0 8.0 0.0 8.0 0.0 8.0 0.0 8.0 0.0 8.0 0.0 8.0 0.0 8.0 0.0 8.0 0.0 8.0 8.0 0.0 0.0 8.0 0.0 0.0 8.0 0.0 8.0 0.0 8.0 0.0 8.0 0.0 8.0 8.0 0.0 0.0 8.0 0.0 8.0 0.0 8.0 0.0 8.0 0.0 8.0 0.0 0.0 8.0 0.0 0.0 8.0 8.0 0.0 0.0 8.0 0.0 0.0 8.0 0.0 8.0 0.0 8.0 0.0 0.0
40 1 CONSTANT 8.0
41 1 CONSTANT 8.0
42 1 CONSTANT 8.0
43 1 CONSTANT 5056.0
44 1 CONSTANT 5048.0
45 1 CONSTANT 8.0
46 1 CONSTANT 5056.0
47 1 CONSTANT 4.0
48 1 TRACE 279840.0 102448.0 67008.0 49520.0 79056.0 50848.0 36912.0 28048.0 304.0 320.0 176.0 416.0 0.0 0.0 0.0 0.0 239648.0 103456.0 69808.0 53536.0 118192.0 65440.0 44272.0 32800.0 480.0 512.0 592.0 656.0 0.0 16.0 0.0 0.0 222112.0 90224.0 55712.0 39264.0 1872.0 1904.0 1680.0 1680.0 0.0 0.0 16.0 16.0 355120.0 104880.0 63888.0 46896.0 22384.0 19216.0 16784.0 14304.0 80.0 64.0 32.0 96.0 352576.0 105072.0 62768.0 44800.0 10800.0 9680.0 9168.0 8208.0 48.0 32.0 16.0 80.0 353648.0 104992.0 64176.0 47008.0 23744.0 20288.0 17440.0 14912.0 80.0 64.0 32.0 96.0 219136.0 101936.0 70896.0 55200.0 142160.0 71952.0 47328.0 33872.0 784.0 784.0 832.0 1024.0 0.0 0.0 0.0 0.0 336560.0 104464.0 64816.0 47984.0 37680.0 29040.0 24208.0 19712.0 144.0 128.0 128.0 224.0 323776.0 105104.0 65776.0 48976.0 47392.0 35568.0 28224.0 21760.0 176.0 128.0 144.0 224.0 170496.0 87712.0 63280.0 46176.0 183680.0 82064.0 52800.0 36992.0 1184.0 1232.0 1184.0 1360.0 0.0 16.0 16.0 0.0 291488.0 99888.0 60064.0 42608.0 3744.0 3520.0 3344.0 3280.0 32.0 16.0 16.0 16.0 352832.0 104640.0 63392.0 46176.0 23552.0 20176.0 17168.0 15184.0 80.0 80.0 64.0 112.0 221968.0 102912.0 70080.0 51600.0 134496.0 70064.0 47216.0 34000.0 720.0 624.0 768.0 624.0 0.0 16.0 0.0 0.0 353296.0 103344.0 63600.0 46320.0 22976.0 20208.0 17088.0 14896.0 160.0 80.0 80.0 128.0 270048.0 103360.0 66576.0 49648.0 89056.0 54192.0 39840.0 29360.0 400.0 304.0 304.0 544.0 0.0 0.0 0.0 0.0 231952.0 91744.0 56176.0 40368.0 1952.0 2016.0 2000.0 1840.0 0.0 16.0 16.0 16.0 281872.0 97792.0 63472.0 47488.0 76016.0 50384.0 37040.0 27952.0 304.0 272.0 256.0 448.0 0.0 0.0 0.0 0.0 231008.0 89792.0 55632.0 39632.0 2016.0 1984.0 1952.0 1856.0 0.0 16.0 16.0 16.0 215872.0 94192.0 63712.0 49392.0 138224.0 72384.0 48480.0 34784.0 720.0 672.0 720.0 896.0 0.0 0.0 0.0 0.0 215408.0 95952.0 67728.0 55008.0 148304.0 73296.0 48752.0 34576.0 768.0 816.0 816.0 992.0 0.0 16.0 0.0 0.0 357312.0 105056.0 62560.0 45968.0 19520.0 17056.0 15056.0 13296.0 80.0 48.0 32.0 96.0 356928.0 104576.0 62864.0 44752.0 12496.0 11232.0 10032.0 9456.0 64.0 48.0 32.0 48.0 349984.0 107136.0 64448.0 47696.0 28880.0 22896.0 19488.0 16400.0 112.0 48.0 96.0 176.0 303360.0 98336.0 59168.0 41328.0 4992.0 4544.0 4368.0 4224.0 0.0 16.0 32.0 48.0 320736.0 104720.0 65296.0 47456.0 48032.0 35520.0 28240.0 22352.0 176.0 80.0 128.0 176.0 340176.0 103632.0 61984.0 44096.0 7792.0 6864.0 6688.0 6256.0 32.0 16.0 16.0 32.0 344960.0 106880.0 65984.0 47184.0 33728.0 26896.0 21936.0 18512.0 144.0 112.0 80.0 176.0 290944.0 101520.0 65424.0 49424.0 69552.0 46704.0 35408.0 27264.0 288.0 272.0 256.0 272.0 0.0 0.0 0.0 0.0 347104.0 106000.0 65520.0 47408.0 30992.0 24512.0 20864.0 17248.0 96.0 96.0 64.0 160.0 216640.0 96032.0 66928.0 48992.0 136544.0 71584.0 47056.0 34064.0 704.0 576.0 800.0 864.0 0.0 0.0 0.0 0.0 240448.0 92880.0 57344.0 40384.0 2032.0 1984.0 2048.0 2096.0 0.0 0.0 16.0 16.0 343568.0 103264.0 61760.0 44288.0 8688.0 7824.0 7168.0 6944.0 32.0 16.0 16.0 32.0 356032.0 107008.0 64416.0 47376.0 22704.0 18336.0 16480.0 14176.0 80.0 64.0 32.0 128.0 350608.0 104416.0 62848.0 44016.0 10560.0 9328.0 8960.0 8336.0 32.0 32.0 32.0 64.0 277840.0 104880.0 68944.0 53936.0 82176.0 51216.0 37952.0 27952.0 384.0 416.0 304.0 368.0 0.0 0.0 0.0 0.0 354592.0 104112.0 62880.0 44192.0 13776.0 11424.0 10752.0 9728.0 32.0 32.0 48.0 112.0 316336.0 101552.0 60480.0 42400.0 5232.0 4848.0 4944.0 4752.0 0.0 16.0 16.0 32.0 350192.0 103664.0 63504.0 46448.0 27520.0 22000.0 19008.0 16272.0 96.0 64.0 48.0 160.0 191424.0 86368.0 59648.0 45408.0 156304.0 77520.0 51088.0 36048.0 864.0 704.0 816.0 976.0 0.0 0.0 0.0 0.0 357168.0 106480.0 64480.0 46656.0 21312.0 18400.0 15872.0 13520.0 96.0 112.0 48.0 128.0 327744.0 102736.0 61008.0 43552.0 6480.0 5568.0 5392.0 5120.0 48.0 16.0 16.0 32.0 332576.0 105856.0 64944.0 47600.0 40192.0 31152.0 25136.0 20368.0 128.0 112.0 128.0 208.0 346560.0 103824.0 62400.0 43616.0 9744.0 8272.0 8288.0 7280.0 48.0 16.0 32.0 96.0 335024.0 101264.0 60240.0 42496.0 7904.0 7168.0 7024.0 6576.0 32.0 16.0 32.0 48.0 204192.0 93568.0 64208.0 47184.0 147856.0 74048.0 48608.0 35344.0 736.0 800.0 768.0 864.0 0.0 0.0 0.0 0.0 320192.0 104976.0 65600.0 46768.0 47936.0 36064.0 28016.0 22928.0 176.0 96.0 160.0 240.0 333936.0 104256.0 64192.0 48112.0 39472.0 30448.0 24768.0 19920.0 144.0 96.0 112.0 224.0 317856.0 106288.0 66672.0 50144.0 51008.0 37920.0 29232.0 22736.0 208.0 176.0 160.0 288.0 356048.0 104192.0 62832.0 44736.0 12432.0 11216.0 10320.0 9344.0 64.0 32.0 32.0 80.0 297376.0 107088.0 67152.0 50624.0 66384.0 44480.0 34192.0 26128.0 224.0 240.0 208.0 400.0 354064.0 104528.0 62576.0 45184.0 11472.0 10000.0 9008.0 8304.0 48.0 16.0 16.0 32.0 230080.0 91824.0 57344.0 39888.0 2096.0 1648.0 1952.0 2048.0 0.0 16.0 0.0 16.0 221408.0 94128.0 64784.0 51408.0 131440.0 69808.0 46416.0 34112.0 688.0 464.0 752.0 752.0 0.0 0.0 0.0 0.0 359808.0 105392.0 62912.0 44864.0 15536.0 13440.0 12224.0 11312.0 48.0 32.0 48.0 64.0 302112.0 102480.0 65392.0 48320.0 61488.0 42960.0 32496.0 25504.0 272.0 208.0 176.0 336.0 340608.0 103824.0 62160.0 44624.0 7856.0 6992.0 6592.0 6144.0 16.0 16.0 16.0 32.0 359648.0 104320.0 63200.0 45136.0 13392.0 12304.0 11168.0 10272.0 48.0 16.0 32.0 96.0 306896.0 105168.0 67152.0 49232.0 59520.0 41696.0 31456.0 24800.0 240.0 176.0 256.0 352.0 252352.0 103440.0 69952.0 54064.0 106800.0 61008.0 42128.0 31152.0 464.0 464.0 448.0 608.0 0.0 0.0 0.0 0.0 289712.0 106048.0 66592.0 50672.0 72176.0 47328.0 35568.0 27216.0 320.0 272.0 272.0 320.0 0.0 0.0 0.0 0.0 238864.0 92832.0 56992.0 40576.0 1808.0 2064.0 2048.0 2128.0 0.0 0.0 16.0 16.0 343488.0 105264.0 61904.0 44096.0 8960.0 7696.0 7584.0 6944.0 32.0 16.0 0.0 64.0 353968.0 106368.0 64384.0 46672.0 24384.0 20256.0 17616.0 15104.0 128.0 80.0 48.0 112.0 318160.0 101424.0 60112.0 43008.0 5648.0 5088.0 5120.0 4560.0 16.0 16.0 16.0 16.0
49 1 TRACE 5064.0 5064.0 5056.0 8.0 5064.0 5064.0 5056.0 8.0 5064.0 5064.0 5056.0 8.0 5064.0 5064.0 5056.0 8.0 5064.0 5064.0 5056.0 8.0 5064.0 5064.0 5056.0 8.0 5064.0 5064.0 5056.0 8.0 5064.0 5064.0 5056.0 8.0 5064.0 5064.0 5056.0 8.0 5064.0 5064.0 5056.0 8.0 5064.0 5064.0 5056.0 8.0 5064.0 5064.0 5056.0 8.0 5064.0 5064.0 5056.0 8.0 5064.0 5064.0 5056.0 8.0 5064.0 5064.0 5056.0 8.0 5064.0 5064.0 5056.0 8.0 5064.0 5064.0 5056.0 8.0 5064.0 5064.0 5056.0 8.0 5064.0 5064.0 5056.0 8.0 5064.0 5064.0 5056.0 8.0 5064.0 5064.0 5056.0 8.0 5064.0 5064.0 5056.0 8.0 5064.0 5064.0 5056.0 8.0 5064.0 5064.0 5056.0 8.0 5064.0 5064.0 5056.0 8.0 5064.0 5064.0 5056.0 8.0 5064.0 5064.0 5056.0 8.0 5064.0 5064.0 5056.0 8.0 5064.0 5064.0 5056.0 8.0 5064.0 5064.0 5056.0 8.0 5064.0 5064.0 5056.0 8.0 5064.0 5064.0 5056.0 8.0 5064.0 5064.0 5056.0 8.0 5064.0 5064.0 5056.0 8.0 5064.0 5064.0 5056.0 8.0 5064.0 5064.0 5056.0 8.0 5064.0 5064.0 5056.0 8.0 5064.0 5064.0 5056.0 8.0 5064.0 5064.0 5056.0 8.0 5064.0 5064.0 5056.0 8.0 5064.0 5064.0 5056.0 8.0 5064.0 5064.0 5056.0 8.0 5064.0 5064.0 5056.0 8.0 5064.0 5064.0 5056.0 8.0 5064.0 5064.0 5056.0 8.0 5064.0 5064.0 5056.0 8.0 5064.0 5064.0 5056.0 8.0 5064.0 5064.0 5056.0 8.0 5064.0 5064.0 5056.0 8.0 5064.0 5064.0 5056.0 8.0 5064.0 5064.0 5056.0 8.0 5064.0 5064.0 5056.0 8.0 5064.0 5064.0 5056.0 8.0 5064.0 5064.0 5056.0 8.0 5064.0 5064.0 5056.0 8.0 5064.0 5064.0 5056.0 8.0 5064.0 5064.0 5056.0 8.0 5064.0 5064.0 5056.0 8.0 5064.0 5064.0 5056.0 8.0 5064.0 5064.0 5056.0 8.0 5064.0 5064.0 5056.0 8.0 5064.0 5064.0 5056.0 8.0 5064.0 5064.0 5056.0 8.0 5064.0 5064.0 5056.0 8.0 5064.0 5064.0 5056.0 8.0 5064.0 5064.0 5056.0 8.0 5064.0 5064.0 5056.0 8.0 5064.0 5064.0 5056.0 8.0 5064.0 5064.0 5056.0 8.0 5064.0 5064.0 5056.0 8.0 5064.0 5064.0 5056.0 8.0 5064.0 5064.0 5056.0 8.0 5064.0 5064.0 5056.0 8.0 5064.0 5064.0 5056.0 8.0 5064.0 5064.0 5056.0 8.0 5064.0 5064.0 5056.0 8.0 5064.0 5064.0 5056.0 8.0 5064.0 5064.0 5056.0 8.0 5064.0 5064.0 5056.0 8.0 5064.0 5064.0 5056.0 8.0 5064.0 5064.0 5056.0 8.0 5064.0 5064.0 5056.0 8.0 5064.0 5064.0 5056.0 8.0 5064.0 5064.0 5056.0 8.0 5064.0 5064.0 5056.0 8.0 5064.0 5064.0 5056.0 8.0 5064.0 5064.0 5056.0 8.0 5064.0 5064.0 5056.0 8.0 5064.0 5064.0 5056.0 8.0 5064.0 5064.0 5056.0 8.0 5064.0 5064.0 5056.0 8.0 5064.0 5064.0 5056.0 8.0 5064.0 5064.0 5056.0 8.0 5064.0 5064.0 5056.0 8.0 5064.0 5064.0 5056.0 8.0 5064.0 5064.0 5056.0 8.0 5064.0 5064.0 5056.0 8.0 5064.0 5064.0 5056.0 8.0 5064.0 5064.0 5056.0 8.0 5064.0 5064.0 5056.0 8.0 5064.0 5064.0 5056.0 8.0 5064.0 5064.0 5056.0 8.0 5064.0 5064.0 5056.0 8.0 5064.0 5064.0 5056.0 8.0 5064.0 5064.0 5056.0 8.0 5064.0 5064.0 5056.0 8.0 5064.0 5064.0 5056.0 8.0 5064.0 5064.0 5056.0 8.0 5064.0 5064.0 5056.0 8.0 5064.0 5064.0 5056.0 8.0 5064.0 5064.0 5056.0 8.0 5064.0 5064.0 5056.0 8.0 5064.0 5064.0 5056.0 8.0 5064.0 5064.0 5056.0 8.0 5064.0 5064.0 5056.0 8.0 5064.0 5064.0 5056.0 8.0 5064.0 5064.0 5056.0 8.0 5064.0 5064.0 5056.0 8.0 5064.0 5064.0 5056.0 8.0 5064.0 5064.0 5056.0 8.0 5064.0 5064.0 5056.0 8.0 5064.0 5064.0 5056.0 8.0 5064.0 5064.0 5056.0 8.0 5064.0 5064.0 5056.0 8.0 5064.0 5064.0 5056.0 8.0 5064.0 5064.0 5056.0 8.0 5064.0 5064.0 5056.0 8.0 5064.0 5064.0 5056.0 8.0 5064.0 5064.0 5056.0 8.0 5064.0 5064.0 5056.0 8.0 5064.0 5064.0 5056.0 8.0 5064.0 5064.0 5056.0 8.0 5064.0 5064.0 5056.0 8.0 5064.0 5064.0 5056.0 8.0 5064.0 5064.0 5056.0 8.0 5064.0 5064.0 5056.0 8.0 5064.0 5064.0 5056.0 8.0 5064.0 5064.0 5056.0 8.0 5064.0 5064.0 5056.0 8.0 5064.0 5064.0 5056.0 8.0 5064.0 5064.0 5056.0 8.0 5064.0 5064.0 5056.0 8.0 5064.0 5064.0 5056.0 8.0 5064.0 5064.0 5056.0 8.0 5064.0 5064.0 5056.0 8.0 5064.0 5064.0 5056.0 8.0 5064.0 5064.0 5056.0 8.0 5064.0 5064.0 5056.0 8.0 5064.0 5064.0 5056.0 8.0 5064.0 5064.0 5056.0 8.0 5064.0 5064.0 5056.0 8.0 5064.0 5064.0 5056.0 8.0 5064.0 5064.0 5056.0 8.0 5064.0 5064.0 5056.0 8.0 5064.0 5064.0 5056.0 8.0 5064.0 5064.0 5056.0 8.0 5064.0 5064.0 5056.0 8.0 5064.0 5064.0 5056.0 8.0 5064.0 5064.0 5056.0 8.0 5064.0 5064.0 5056.0 8.0 5064.0 5064.0 5056.0 8.0 5064.0 5064.0 5056.0 8.0 5064.0 5064.0 5056.0 8.0 5064.0 5064.0 5056.0 8.0 5064.0 5064.0 5056.0 8.0 5064.0 5064.0 5056.0 8.0 5064.0 5064.0 5056.0 8.0 5064.0 5064.0 5056.0 8.0 5064.0 5064.0 5056.0 8.0 5064.0 5064.0 5056.0 8.0 5064.0 5064.0 5056.0 8.0 5064.0 5064.0 5056.0 8.0 5064.0 5064.0 5056.0 8.0 5064.0 5064.0 5056.0 8.0 5064.0 5064.0 5056.0 8.0 5064.0 5064.0 5056.0 8.0 5064.0 5064.0 5056.0 8.0 5064.0 5064.0 5056.0 8.0 5064.0 5064.0 5056.0 8.0 5064.0 5064.0 5056.0 8.0 5064.0 5064.0 5056.0 8.0 5064.0 5064.0 5056.0 8.0 5064.0 5064.0 5056.0 8.0 5064.0 5064.0 5056.0 8.0 5064.0 5064.0 5056.0 8.0 5064.0 5064.0 5056.0 8.0 5064.0 5064.0 5056.0 8.0 5064.0 5064.0 5056.0 8.0 5064.0 5064.0 5056.0 8.0 5064.0 5064.0 5056.0 8.0 5064.0 5064.0 5056.0 8.0 5064.0 5064.0 5056.0 8.0 5064.0 5064.0 5056.0 8.0 5064.0 5064.0 5056.0 8.0 5064.0 5064.0 5056.0 8.0 5064.0 5064.0 5056.0 8.0 5064.0 5064.0 5056.0 8.0 5064.0 5064.0 5056.0 8.0 5064.0 5064.0 5056.0 8.0 5064.0 5064.0 5056.0 8.0 5064.0 5064.0 5056.0 8.0 5064.0 5064.0 5056.0 8.0 5064.0 5064.0 5056.0 8.0 5064.0 5064.0 5056.0 8.0 5064.0 5064.0 5056.0 8.0 5064.0 5064.0 5056.0 8.0 5064.0 5064.0 5056.0 8.0 5064.0 5064.0 5056.0 8.0 5064.0 5064.0 5056.0 8.0
50 1 CONSTANT 8.0
51 1 CONSTANT 8.0
52 1 CONSTANT 8.0
53 1 CONSTANT 8.0
54 1 CONSTANT 0.0
55 1 CONSTANT 0.0
56 1 CONSTANT 0.0
57 1 CONSTANT 0.0
58 1 CONSTANT 0.0
59 1 CONSTANT 0.0
60 1 CONSTANT 0.0
61 1 CONSTANT 0.0
62 1 CONSTANT 8.0
