0 1 CONSTANT 8.0
1 1 CONSTANT 8.0
2 1 CONSTANT 0.0
3 1 CONSTANT 8.0
4 1 CONSTANT 8.0
5 1 CONSTANT 8.0
6 1 CONSTANT 8.0
7 1 CONSTANT 8.0
8 1 CONSTANT 8.0
9 1 CONSTANT 0.0
10 1 CONSTANT 0.0
11 1 CONSTANT 0.0
12 1 CONSTANT 0.0
13 1 CONSTANT 8.0
14 1 CONSTANT 4.0
15 1 CONSTANT 4.0
16 1 CONSTANT 0.0
17 1 CONSTANT 0.0
18 1 CONSTANT 0.0
19 1 CONSTANT 0.0
20 1 CONSTANT 4.0
21 1 CONSTANT 8.0
22 1 CONSTANT 8.0
23 1 CONSTANT 8.0
24 1 CONSTANT 8.0
25 1 CONSTANT 4.0
26 1 CONSTANT 4.0
27 1 CONSTANT 8.0
28 1 TRACE 0.0 0.0 344.0 4.0 0.0 0.0 4.0 0.0 0.0 0.0 0.0 0.0 4.0 0.0 0.0 56.0 0.0 0.0 0.0 76.0 0.0 0.0 0.0 8.0 68.0 0.0 0.0 0.0 128.0 0.0 0.0 0.0 196.0 0.0 0.0 0.0 128.0 0.0 0.0 0.0 196.0 0.0 0.0 0.0 208.0 0.0 0.0 0.0 388.0 0.0 0.0 0.0 312.0 0.0 0.0 0.0 480.0 0.0 0.0 4.0 132.0 0.0 0.0 0.0 72.0 20.0 0.0 68.0 12.0 0.0 0.0 0.0 52.0 16.0 0.0 0.0 0.0 340.0 0.0 0.0 0.0 92.0 20.0 0.0 0.0 0.0 4.0 0.0 0.0 0.0 0.0 0.0 0.0 0.0 0.0 92.0 16.0 0.0 0.0 0.0 276.0 0.0 0.0 0.0 436.0 0.0 0.0 40.0 28.0 0.0 0.0 16.0 20.0 0.0 0.0 8.0 4.0 0.0 4.0 0.0 0.0 368.0 0.0 0.0 4.0 104.0 0.0 0.0 0.0 12.0 0.0 4.0 0.0 4.0 0.0 104.0 16.0 0.0 0.0 424.0 0.0 0.0 0.0 0.0 0.0 0.0 112.0 0.0 0.0 0.0 0.0 0.0 0.0 80.0 0.0 0.0 0.0 200.0 8.0 0.0 0.0 4.0 132.0 0.0 0.0 0.0 64.0 28.0 0.0 0.0 12.0 192.0 0.0 0.0 0.0 204.0 0.0 0.0 4.0 108.0 0.0 0.0 0.0 100.0 16.0 0.0 0.0 108.0 0.0 0.0 0.0 260.0 0.0 0.0 0.0 28.0 16.0 0.0 4.0 28.0 0.0 0.0 0.0 84.0 16.0 0.0 0.0 92.0 12.0 0.0 0.0 0.0 420.0 0.0 0.0 0.0 4.0 0.0 0.0 0.0 48.0 0.0 0.0 4.0 108.0 0.0 0.0 0.0 124.0 20.0 0.0 0.0 0.0 8.0 40.0 0.0 0.0 0.0 76.0 0.0 0.0 0.0 72.0 0.0 0.0 0.0 332.0 0.0 0.0 0.0 0.0 276.0 0.0
29 1 CONSTANT 4.0
30 1 TRACE 0.0 0.0 344.0 4.0 0.0 0.0 4.0 0.0 0.0 0.0 0.0 0.0 4.0 0.0 0.0 56.0 0.0 0.0 0.0 76.0 0.0 0.0 0.0 8.0 68.0 0.0 0.0 0.0 128.0 0.0 0.0 0.0 196.0 0.0 0.0 0.0 128.0 0.0 0.0 0.0 196.0 0.0 0.0 0.0 208.0 0.0 0.0 0.0 388.0 0.0 0.0 0.0 312.0 0.0 0.0 0.0 480.0 0.0 0.0 4.0 132.0 0.0 0.0 0.0 72.0 20.0 0.0 68.0 12.0 0.0 0.0 0.0 52.0 16.0 0.0 0.0 0.0 340.0 0.0 0.0 0.0 92.0 20.0 0.0 0.0 0.0 4.0 0.0 0.0 0.0 0.0 0.0 0.0 0.0 0.0 92.0 16.0 0.0 0.0 0.0 276.0 0.0 0.0 0.0 436.0 0.0 0.0 40.0 28.0 0.0 0.0 16.0 20.0 0.0 0.0 8.0 4.0 0.0 4.0 0.0 0.0 368.0 0.0 0.0 4.0 104.0 0.0 0.0 0.0 12.0 0.0 4.0 0.0 4.0 0.0 104.0 16.0 0.0 0.0 424.0 0.0 0.0 0.0 0.0 0.0 0.0 112.0 0.0 0.0 0.0 0.0 0.0 0.0 80.0 0.0 0.0 0.0 200.0 8.0 0.0 0.0 4.0 132.0 0.0 0.0 0.0 64.0 28.0 0.0 0.0 12.0 192.0 0.0 0.0 0.0 204.0 0.0 0.0 4.0 108.0 0.0 0.0 0.0 100.0 16.0 0.0 0.0 108.0 0.0 0.0 0.0 260.0 0.0 0.0 0.0 28.0 16.0 0.0 4.0 28.0 0.0 0.0 0.0 84.0 16.0 0.0 0.0 92.0 12.0 0.0 0.0 0.0 420.0 0.0 0.0 0.0 4.0 0.0 0.0 0.0 48.0 0.0 0.0 4.0 108.0 0.0 0.0 0.0 124.0 20.0 0.0 0.0 0.0 8.0 40.0 0.0 0.0 0.0 76.0 0.0 0.0 0.0 72.0 0.0 0.0 0.0 332.0 0.0 0.0 0.0 0.0 276.0 0.0
31 1 CONSTANT 8.0
32 1 CONSTANT 8.0
33 1 CONSTANT 4.0
34 1 CONSTANT 0.0
35 1 CONSTANT 0.0
36 1 CONSTANT 8.0
37 1 CONSTANT 8.0
38 1 CONSTANT 8.0
39 1 TRACE 8.0 0.0 8.0 0.0 8.0 0.0 0.0 8.0 0.0 0.0 8.0 0.0 0.0 8.0 0.0 8.0 0.0 8.0 0.0 8.0 0.0 8.0 8.0 0.0 8.0 0.0 8.0 0.0 8.0 0.0 8.0 0.0 8.0 0.0 8.0 0.0 8.0 0.0 8.0 0.0 8.0 0.0 8.0 0.0 8.0 0.0 8.0 0.0 8.0 0.0 8.0 0.0 8.0 0.0 8.0 0.0 8.0 0.0 8.0 0.0 8.0 0.0 8.0 8.0 0.0 0.0 8.0 0.0 8.0 0.0 8.0 8.0 0.0 8.0 0.0 8.0 0.0 8.0 0.0 8.0 8.0 0.0 8.0 0.0 8.0 0.0 0.0 8.0 0.0 0.0 8.0 0.0 0.0 8.0 8.0 0.0 8.0 0.0 8.0 0.0 8.0 0.0 8.0 0.0 8.0 0.0 8.0 0.0 0.0 8.0 8.0 0.0 0.0 8.0 0.0 0.0 8.0 0.0 0.0 8.0 0.0 8.0 0.0 8.0 0.0 8.0 0.0 8.0 0.0 0.0 8.0 0.0 0.0 8.0 8.0 0.0 0.0 8.0 0.0 8.0 0.0 8.0 0.0 0.0 8.0 0.0 8.0 0.0 8.0 0.0 0.0 8.0 0.0 8.0 0.0 8.0 8.0 0.0 8.0 0.0 8.0 0.0 8.0 0.0 8.0 8.0 0.0 8.0 0.0 8.0 0.0 8.0 0.0 8.0 0.0 8.0 0.0 8.0 0.0 8.0 0.0 8.0 8.0 0.0 0.0 8.0 0.0 8.0 0.0 8.0 0.0 8.0 0.0 8.0 8.0 0.0 0.0 8.0 0.0 8.0 0.0 8.0 8.0 0.0 8.0 0.0 8.0 0.0 8.0 0.0 8.0 0.0 8.0 0.0 8.0 0.0 0.0 8.0 8.0 0.0 8.0 0.0 8.0 0.0 8.0 0.0 8.0 8.0 0.0 8.0 0.0 8.0 8.0 0.0 8.0 0.0 8.0 0.0 8.0 0.0 8.0 0.0 8.0 0.0 8.0 0.0 8.0 0.0 8.0 8.0 0.0 8.0 0.0
40 1 CONSTANT 8.0
41 1 CONSTANT 8.0
42 1 CONSTANT 8.0
43 1 CONSTANT 9008.0
44 1 CONSTANT 9000.0
45 1 CONSTANT 8.0
46 1 CONSTANT 9008.0
47 1 CONSTANT 4.0
48 1 TRACE 403984.0 148544.0 100336.0 76240.0 60608.0 51248.0 44416.0 38656.0 46064.0 38400.0 33632.0 30960.0 26592.0 24816.0 21920.0 20768.0 144.0 112.0 96.0 176.0 160.0 160.0 176.0 112.0 307776.0 126784.0 88816.0 70480.0 57328.0 50640.0 43600.0 38672.0 101648.0 75808.0 58928.0 49056.0 41360.0 35888.0 31328.0 28368.0 416.0 336.0 320.0 464.0 464.0 304.0 336.0 368.0 0.0 0.0 0.0 16.0 0.0 0.0 0.0 0.0 362160.0 138112.0 94336.0 73856.0 59760.0 51296.0 43360.0 38432.0 66128.0 54448.0 44064.0 39136.0 32304.0 30416.0 26992.0 24432.0 256.0 208.0 208.0 272.0 176.0 240.0 240.0 224.0 0.0 0.0 0.0 0.0 0.0 0.0 0.0 0.0 303664.0 124896.0 88592.0 70320.0 57632.0 50672.0 43984.0 38848.0 104144.0 75760.0 59120.0 50000.0 40912.0 36336.0 31344.0 28224.0 304.0 288.0 352.0 432.0 336.0 368.0 400.0 304.0 0.0 0.0 0.0 16.0 0.0 0.0 0.0 0.0 463056.0 161424.0 104144.0 78544.0 61072.0 50976.0 43456.0 37728.0 10640.0 9456.0 9920.0 9568.0 9536.0 9088.0 8272.0 8160.0 48.0 32.0 32.0 64.0 0.0 16.0 80.0 48.0 466544.0 160448.0 103488.0 78688.0 61504.0 51696.0 43200.0 38192.0 13600.0 12448.0 12768.0 12080.0 11312.0 11296.0 10720.0 10144.0 32.0 32.0 16.0 64.0 16.0 32.0 64.0 32.0 445456.0 163472.0 103808.0 78704.0 61360.0 50896.0 43008.0 37696.0 7488.0 6832.0 7200.0 6720.0 6704.0 6256.0 6160.0 5840.0 32.0 16.0 0.0 16.0 0.0 0.0 32.0 16.0 462224.0 158592.0 101248.0 77792.0 60800.0 50352.0 43456.0 38160.0 18944.0 17696.0 17520.0 16096.0 15360.0 14880.0 13664.0 12512.0 80.0 16.0 48.0 80.0 16.0 48.0 96.0 48.0 450576.0 155936.0 100464.0 77344.0 61056.0 51328.0 44016.0 38496.0 25488.0 23440.0 21744.0 20320.0 18576.0 17664.0 16160.0 15296.0 96.0 16.0 96.0 128.0 80.0 96.0 80.0 64.0 463072.0 159392.0 102848.0 78496.0 60528.0 51200.0 43680.0 38208.0 20032.0 18112.0 17552.0 15840.0 15680.0 14224.0 13616.0 13056.0 64.0 32.0 32.0 112.0 32.0 16.0 64.0 80.0 440208.0 154032.0 102032.0 77728.0 60848.0 51488.0 43824.0 38144.0 30576.0 27616.0 25808.0 23520.0 21168.0 19696.0 18640.0 17584.0 128.0 96.0 64.0 160.0 128.0 112.0 96.0 112.0 443424.0 155632.0 100848.0 78992.0 61104.0 51584.0 44608.0 39184.0 28000.0 25152.0 23088.0 21040.0 19424.0 18288.0 16992.0 16112.0 80.0 80.0 64.0 96.0 48.0 80.0 112.0 96.0 387568.0 143904.0 96784.0 74384.0 60032.0 50608.0 44352.0 38608.0 54272.0 44304.0 38496.0 34624.0 29952.0 27536.0 24720.0 22624.0 176.0 128.0 96.0 160.0 144.0 160.0 144.0 176.0 414416.0 150064.0 99776.0 76160.0 60944.0 51968.0 45088.0 39328.0 42048.0 35920.0 32048.0 28912.0 25600.0 23904.0 21296.0 19968.0 160.0 96.0 80.0 176.0 112.0 144.0 144.0 128.0 375376.0 143232.0 96288.0 76272.0 61136.0 51712.0 44848.0 39728.0 61680.0 48960.0 42032.0 36384.0 31968.0 28880.0 25760.0 23088.0 176.0 128.0 160.0 256.0 176.0 176.0 256.0 160.0 461216.0 160528.0 101472.0 78464.0 61200.0 51792.0 44304.0 38640.0 20464.0 18544.0 18336.0 17152.0 15696.0 15056.0 13904.0 12832.0 96.0 48.0 48.0 80.0 32.0 64.0 80.0 32.0 281024.0 140512.0 93056.0 73552.0 56832.0 48256.0 40704.0 35792.0 1744.0 1488.0 1584.0 1616.0 1696.0 1664.0 1664.0 1424.0 0.0 0.0 0.0 16.0 0.0 0.0 0.0 16.0 281760.0 138208.0 92384.0 72448.0 56240.0 47632.0 40528.0 35296.0 1728.0 1504.0 1632.0 1792.0 1664.0 1680.0 1584.0 1520.0 0.0 0.0 0.0 16.0 0.0 0.0 0.0 0.0 349312.0 151664.0 99104.0 76224.0 58448.0 49808.0 41824.0 36816.0 2720.0 2800.0 3024.0 2640.0 2752.0 2512.0 2560.0 2400.0 16.0 0.0 0.0 16.0 0.0 0.0 16.0 16.0 412320.0 149328.0 100448.0 76240.0 61696.0 51632.0 43440.0 38944.0 41616.0 36064.0 31504.0 29680.0 25520.0 24272.0 21984.0 19696.0 160.0 96.0 112.0 144.0 128.0 128.0 160.0 128.0 265200.0 136816.0 90512.0 71200.0 55664.0 47008.0 39664.0 34784.0 1456.0 1424.0 1440.0 1344.0 1472.0 1600.0 1360.0 1344.0 0.0 0.0 0.0 16.0 0.0 0.0 0.0 0.0 321472.0 125344.0 88032.0 68992.0 57760.0 50832.0 42784.0 37872.0 90400.0 69216.0 54944.0 47024.0 38576.0 34192.0 30528.0 27472.0 416.0 256.0 256.0 368.0 256.0 320.0 288.0 288.0 0.0 0.0 0.0 16.0 0.0 0.0 0.0 0.0 327488.0 130464.0 89472.0 69680.0 55536.0 49456.0 41680.0 37072.0 84640.0 67072.0 52864.0 45824.0 38576.0 34320.0 30560.0 27136.0 336.0 208.0 208.0 272.0 320.0 352.0 256.0 320.0 0.0 0.0 0.0 16.0 0.0 0.0 0.0 0.0 350592.0 134368.0 92192.0 72416.0 57408.0 50032.0 42320.0 38736.0 72240.0 58000.0 48368.0 41152.0 35712.0 32064.0 28224.0 25152.0 224.0 224.0 128.0 304.0 240.0 304.0 288.0 208.0 0.0 0.0 0.0 16.0 0.0 0.0 0.0 0.0 283008.0 140880.0 93840.0 72576.0 56752.0 48512.0 40736.0 35920.0 1664.0 1424.0 1536.0 1504.0 1584.0 1600.0 1600.0 1472.0 0.0 0.0 0.0 16.0 0.0 0.0 0.0 0.0 419072.0 149520.0 100208.0 76032.0 61072.0 51568.0 43920.0 39936.0 39040.0 34160.0 30496.0 27760.0 24672.0 22944.0 21088.0 19360.0 128.0 48.0 96.0 176.0 112.0 128.0 176.0 96.0 383344.0 144272.0 95200.0 76080.0 59552.0 53008.0 44656.0 39248.0 57040.0 45888.0 39632.0 35792.0 30464.0 27008.0 24544.0 22544.0 208.0 176.0 144.0 256.0 256.0 176.0 176.0 160.0 398880.0 157664.0 101792.0 77536.0 59648.0 50672.0 41984.0 37392.0 4144.0 3824.0 4176.0 3904.0 3840.0 3904.0 4016.0 3296.0 16.0 0.0 0.0 32.0 0.0 0.0 16.0 0.0 347968.0 151184.0 98544.0 75616.0 58784.0 49296.0 41600.0 36592.0 2768.0 2368.0 2512.0 2480.0 2672.0 2640.0 2560.0 2544.0 16.0 0.0 16.0 16.0 0.0 0.0 0.0 0.0 323776.0 127392.0 89632.0 70800.0 56672.0 50816.0 42672.0 38256.0 87712.0 67152.0 54624.0 46528.0 38688.0 33600.0 30048.0 27200.0 320.0 208.0 272.0 336.0 304.0 336.0 288.0 288.0 0.0 0.0 0.0 0.0 0.0 0.0 0.0 0.0 269776.0 110880.0 83808.0 67696.0 54048.0 47296.0 41600.0 36624.0 126304.0 88448.0 65744.0 54720.0 44416.0 39216.0 33184.0 30368.0 528.0 352.0 432.0 480.0 496.0 464.0 512.0 400.0 0.0 0.0 0.0 16.0 0.0 0.0 0.0 0.0 393216.0 143760.0 95056.0 74736.0 60016.0 51328.0 44192.0 38448.0 51312.0 43360.0 37472.0 33344.0 28704.0 26176.0 24016.0 21776.0 192.0 160.0 144.0 176.0 224.0 192.0 176.0 128.0 463024.0 159952.0 101136.0 77456.0 60656.0 50592.0 43888.0 37920.0 14368.0 12656.0 13168.0 12944.0 11712.0 11216.0 10256.0 9904.0 48.0 32.0 48.0 80.0 32.0 16.0 48.0 16.0 225552.0 98848.0 75552.0 61232.0 51168.0 45536.0 41264.0 38624.0 176256.0 109472.0 78048.0 63360.0 50128.0 43136.0 36480.0 32320.0 800.0 704.0 752.0 800.0 720.0 800.0 768.0 704.0 0.0 0.0 0.0 16.0 0.0 0.0 0.0 0.0 274720.0 116992.0 82448.0 69392.0 54912.0 48320.0 43280.0 38176.0 126464.0 87664.0 66240.0 54768.0 44432.0 39136.0 33504.0 29840.0 496.0 320.0 400.0 528.0 432.0 368.0 480.0 416.0 0.0 0.0 0.0 16.0 0.0 0.0 0.0 0.0 278000.0 138656.0 92608.0 72048.0 55856.0 47248.0 39920.0 35088.0 1616.0 1584.0 1744.0 1744.0 1632.0 1680.0 1552.0 1424.0 0.0 0.0 0.0 16.0 0.0 0.0 0.0 0.0 382256.0 141776.0 95696.0 73488.0 58848.0 50784.0 43056.0 38832.0 55888.0 47600.0 39168.0 35472.0 30496.0 28112.0 25264.0 22512.0 176.0 128.0 160.0 208.0 144.0 192.0 96.0 160.0 306544.0 122560.0 87344.0 69520.0 56384.0 48992.0 42960.0 37984.0 100464.0 75264.0 58880.0 50064.0 41072.0 36208.0 31808.0 28672.0 352.0 304.0 256.0 416.0 352.0 336.0 320.0 320.0 0.0 0.0 0.0 0.0 0.0 0.0 0.0 0.0 466000.0 161280.0 103072.0 78192.0 62336.0 52256.0 43296.0 38944.0 17280.0 15760.0 15584.0 14736.0 13664.0 13136.0 12240.0 11392.0 96.0 32.0 32.0 64.0 64.0 32.0 48.0 48.0 348432.0 136192.0 95760.0 74080.0 60096.0 51424.0 44064.0 38192.0 73728.0 58432.0 48128.0 41472.0 35840.0 31728.0 28064.0 25808.0 336.0 192.0 160.0 272.0 288.0 208.0 304.0 240.0 0.0 0.0 0.0 0.0 0.0 0.0 0.0 0.0 465520.0 164032.0 104464.0 79392.0 62128.0 51392.0 44080.0 38208.0 11680.0 10624.0 11184.0 9904.0 9920.0 9232.0 8784.0 8416.0 32.0 32.0 0.0 16.0 16.0 16.0 48.0 32.0 209360.0 120576.0 83632.0 66528.0 52528.0 45120.0 38400.0 34176.0 1120.0 880.0 976.0 1152.0 960.0 1056.0 976.0 896.0 0.0 0.0 0.0 16.0 0.0 0.0 0.0 0.0 450768.0 156400.0 101856.0 77232.0 60864.0 51472.0 44528.0 39040.0 25520.0 23680.0 22288.0 21328.0 18896.0 18016.0 16032.0 15408.0 96.0 80.0 80.0 96.0 64.0 16.0 64.0 64.0 353536.0 154224.0 99584.0 76672.0 59568.0 50144.0 42480.0 37360.0 2784.0 2592.0 2720.0 2944.0 2800.0 2688.0 2304.0 2512.0 16.0 0.0 0.0 16.0 0.0 0.0 0.0 16.0 446208.0 156016.0 100640.0 76736.0 60896.0 51536.0 44224.0 39168.0 26928.0 24432.0 22784.0 21664.0 19376.0 18368.0 16864.0 15664.0 112.0 48.0 64.0 112.0 48.0 112.0 128.0 80.0 441456.0 154880.0 99632.0 76976.0 60896.0 50128.0 43376.0 38448.0 28400.0 25312.0 23904.0 22176.0 19696.0 19472.0 17328.0 16224.0 128.0 48.0 96.0 112.0 128.0 64.0 144.0 64.0 464800.0 160000.0 103280.0 77808.0 61408.0 50096.0 43920.0 38496.0 18048.0 16544.0 16016.0 15648.0 14208.0 13872.0 12960.0 12112.0 48.0 32.0 32.0 64.0 80.0 48.0 64.0 48.0 272128.0 137392.0 90928.0 70912.0 54944.0 46992.0 39264.0 34624.0 1680.0 1552.0 1712.0 1600.0 1664.0 1696.0 1584.0 1360.0 0.0 0.0 0.0 16.0 0.0 0.0 0.0 0.0 467712.0 162112.0 103936.0 78608.0 60480.0 51584.0 43152.0 37088.0 13456.0 11984.0 11984.0 12032.0 11856.0 10896.0 10224.0 9888.0 80.0 0.0 48.0 96.0 48.0 16.0 32.0 32.0 429936.0 152000.0 100688.0 77664.0 60560.0 50592.0 43456.0 39312.0 35232.0 30304.0 27552.0 25120.0 22816.0 21600.0 19872.0 17920.0 128.0 80.0 96.0 160.0 128.0 96.0 128.0 128.0 343936.0 147808.0 95584.0 74224.0 57664.0 48720.0 40960.0 36096.0 2704.0 2480.0 2912.0 2864.0 2560.0 2608.0 2656.0 2320.0 0.0 0.0 0.0 16.0 0.0 0.0 0.0 0.0 433520.0 163184.0 103552.0 78992.0 61232.0 51552.0 43168.0 37440.0 6352.0 5600.0 5968.0 5680.0 5888.0 5392.0 5392.0 5120.0 0.0 0.0 0.0 16.0 0.0 0.0 48.0 0.0 279232.0 138160.0 92288.0 71264.0 56048.0 47344.0 40032.0 35344.0 1440.0 1472.0 1632.0 1616.0 1728.0 1632.0 1536.0 1680.0 0.0 0.0 0.0 16.0 0.0 0.0 0.0 0.0 286064.0 140240.0 92688.0 72032.0 55664.0 47456.0 39648.0 35488.0 1728.0 1600.0 1776.0 1728.0 1600.0 1600.0 1520.0 1584.0 0.0 0.0 0.0 16.0 0.0 0.0 0.0 0.0 383536.0 145200.0 98272.0 75120.0 60080.0 51104.0 44704.0 39072.0 55424.0 46672.0 39760.0 34640.0 30816.0 27984.0 25360.0 23056.0 192.0 112.0 96.0 208.0 160.0 176.0 160.0 176.0 308432.0 123296.0 86816.0 69056.0 54992.0 48336.0 42224.0 37184.0 98752.0 74400.0 57248.0 49568.0 41392.0 35696.0 31152.0 28560.0 368.0 240.0 320.0 304.0 288.0 384.0 352.0 272.0 0.0 0.0 0.0 16.0 0.0 0.0 0.0 0.0 453808.0 162560.0 104320.0 79984.0 61696.0 51744.0 43856.0 38864.0 8240.0 7456.0 7696.0 7424.0 7392.0 7072.0 6608.0 6080.0 48.0 16.0 16.0 48.0 0.0 0.0 64.0 16.0 466624.0 161712.0 103200.0 79568.0 61808.0 51776.0 44176.0 38736.0 16928.0 15232.0 15488.0 14512.0 13568.0 12880.0 11968.0 11440.0 64.0 16.0 16.0 80.0 80.0 32.0 64.0 32.0 277760.0 138336.0 91968.0 71296.0 55536.0 47024.0 40096.0 35056.0 1824.0 1568.0 1792.0 1744.0 1632.0 1680.0 1376.0 1440.0 0.0 0.0 0.0 16.0 0.0 0.0 0.0 0.0 442272.0 161232.0 103248.0 78320.0 60320.0 51888.0 42528.0 37296.0 7056.0 6432.0 6944.0 6976.0 6688.0 5776.0 6064.0 5920.0 0.0 32.0 16.0 48.0 0.0 0.0 32.0 32.0 463536.0 164576.0 104336.0 79104.0 62544.0 51504.0 44080.0 38032.0 10400.0 9312.0 10000.0 9520.0 9168.0 8672.0 8128.0 8096.0 48.0 16.0 0.0 32.0 0.0 16.0 48.0 0.0 467856.0 159552.0 103600.0 77760.0 60384.0 51024.0 43440.0 37840.0 12992.0 11936.0 12048.0 11424.0 11248.0 10832.0 9968.0 9536.0 32.0 32.0 16.0 80.0 16.0 16.0 64.0 32.0 412368.0 146944.0 96720.0 75856.0 59872.0 49664.0 43408.0 39296.0 40944.0 36032.0 31904.0 29296.0 25808.0 24128.0 21632.0 19552.0 176.0 112.0 80.0 176.0 144.0 176.0 128.0 176.0 422816.0 149424.0 99472.0 75472.0 59840.0 50560.0 43936.0 38224.0 36704.0 33200.0 29536.0 26992.0 24048.0 22528.0 20672.0 18688.0 128.0 80.0 64.0 144.0 144.0 112.0 128.0 112.0
49 1 TRACE 9008.0 9008.0 9016.0 9008.0 9008.0 9016.0 9008.0 8.0 9008.0 9008.0 9016.0 9008.0 9008.0 9016.0 9008.0 8.0 9008.0 9008.0 9016.0 9008.0 9008.0 9016.0 9008.0 8.0 9008.0 9008.0 9016.0 9008.0 9008.0 9016.0 9008.0 8.0 9008.0 9008.0 9016.0 9008.0 9008.0 9016.0 9008.0 8.0 9008.0 9008.0 9016.0 9008.0 9008.0 9016.0 9008.0 8.0 9008.0 9008.0 9016.0 9008.0 9008.0 9016.0 9008.0 8.0 9008.0 9008.0 9016.0 9008.0 9008.0 9016.0 9008.0 8.0 9008.0 9008.0 9016.0 9008.0 9008.0 9016.0 9008.0 8.0 9008.0 9008.0 9016.0 9008.0 9008.0 9016.0 9008.0 8.0 9008.0 9008.0 9016.0 9008.0 9008.0 9016.0 9008.0 8.0 9008.0 9008.0 9016.0 9008.0 9008.0 9016.0 9008.0 8.0 9008.0 9008.0 9016.0 9008.0 9008.0 9016.0 9008.0 8.0 9008.0 9008.0 9016.0 9008.0 9008.0 9016.0 9008.0 8.0 9008.0 9008.0 9016.0 9008.0 9008.0 9016.0 9008.0 8.0 9008.0 9008.0 9016.0 9008.0 9008.0 9016.0 9008.0 8.0 9008.0 9008.0 9016.0 9008.0 9008.0 9016.0 9008.0 8.0 9008.0 9008.0 9016.0 9008.0 9008.0 9016.0 9008.0 8.0 9008.0 9008.0 9016.0 9008.0 9008.0 9016.0 9008.0 8.0 9008.0 9008.0 9016.0 9008.0 9008.0 9016.0 9008.0 8.0 9008.0 9008.0 9016.0 9008.0 9008.0 9016.0 9008.0 8.0 9008.0 9008.0 9016.0 9008.0 9008.0 9016.0 9008.0 8.0 9008.0 9008.0 9016.0 9008.0 9008.0 9016.0 9008.0 8.0 9008.0 9008.0 9016.0 9008.0 9008.0 9016.0 9008.0 8.0 9008.0 9008.0 9016.0 9008.0 9008.0 9016.0 9008.0 8.0 9008.0 9008.0 9016.0 9008.0 9008.0 9016.0 9008.0 8.0 9008.0 9008.0 9016.0 9008.0 9008.0 9016.0 9008.0 8.0 9008.0 9008.0 9016.0 9008.0 9008.0 9016.0 9008.0 8.0 9008.0 9008.0 9016.0 9008.0 9008.0 9016.0 9008.0 8.0 9008.0 9008.0 9016.0 9008.0 9008.0 9016.0 9008.0 8.0 9008.0 9008.0 9016.0 9008.0 9008.0 9016.0 9008.0 8.0 9008.0 9008.0 9016.0 9008.0 9008.0 9016.0 9008.0 8.0 9008.0 9008.0 9016.0 9008.0 9008.0 9016.0 9008.0 8.0 9008.0 9008.0 9016.0 9008.0 9008.0 9016.0 9008.0 8.0 9008.0 9008.0 9016.0 9008.0 9008.0 9016.0 9008.0 8.0 9008.0 9008.0 9016.0 9008.0 9008.0 9016.0 9008.0 8.0 9008.0 9008.0 9016.0 9008.0 9008.0 9016.0 9008.0 8.0 9008.0 9008.0 9016.0 9008.0 9008.0 9016.0 9008.0 8.0 9008.0 9008.0 9016.0 9008.0 9008.0 9016.0 9008.0 8.0 9008.0 9008.0 9016.0 9008.0 9008.0 9016.0 9008.0 8.0 9008.0 9008.0 9016.0 9008.0 9008.0 9016.0 9008.0 8.0 9008.0 9008.0 9016.0 9008.0 9008.0 9016.0 9008.0 8.0 9008.0 9008.0 9016.0 9008.0 9008.0 9016.0 9008.0 8.0 9008.0 9008.0 9016.0 9008.0 9008.0 9016.0 9008.0 8.0 9008.0 9008.0 9016.0 9008.0 9008.0 9016.0 9008.0 8.0 9008.0 9008.0 9016.0 9008.0 9008.0 9016.0 9008.0 8.0 9008.0 9008.0 9016.0 9008.0 9008.0 9016.0 9008.0 8.0 9008.0 9008.0 9016.0 9008.0 9008.0 9016.0 9008.0 8.0 9008.0 9008.0 9016.0 9008.0 9008.0 9016.0 9008.0 8.0 9008.0 9008.0 9016.0 9008.0 9008.0 9016.0 9008.0 8.0 9008.0 9008.0 9016.0 9008.0 9008.0 9016.0 9008.0 8.0 9008.0 9008.0 9016.0 9008.0 9008.0 9016.0 9008.0 8.0 9008.0 9008.0 9016.0 9008.0 9008.0 9016.0 9008.0 8.0 9008.0 9008.0 9016.0 9008.0 9008.0 9016.0 9008.0 8.0 9008.0 9008.0 9016.0 9008.0 9008.0 9016.0 9008.0 8.0 9008.0 9008.0 9016.0 9008.0 9008.0 9016.0 9008.0 8.0 9008.0 9008.0 9016.0 9008.0 9008.0 9016.0 9008.0 8.0 9008.0 9008.0 9016.0 9008.0 9008.0 9016.0 9008.0 8.0 9008.0 9008.0 9016.0 9008.0 9008.0 9016.0 9008.0 8.0 9008.0 9008.0 9016.0 9008.0 9008.0 9016.0 9008.0 8.0 9008.0 9008.0 9016.0 9008.0 9008.0 9016.0 9008.0 8.0 9008.0 9008.0 9016.0 9008.0 9008.0 9016.0 9008.0 8.0 9008.0 9008.0 9016.0 9008.0 9008.0 9016.0 9008.0 8.0 9008.0 9008.0 9016.0 9008.0 9008.0 9016.0 9008.0 8.0 9008.0 9008.0 9016.0 9008.0 9008.0 9016.0 9008.0 8.0 9008.0 9008.0 9016.0 9008.0 9008.0 9016.0 9008.0 8.0 9008.0 9008.0 9016.0 9008.0 9008.0 9016.0 9008.0 8.0 9008.0 9008.0 9016.0 9008.0 9008.0 9016.0 9008.0 8.0 9008.0 9008.0 9016.0 9008.0 9008.0 9016.0 9008.0 8.0 9008.0 9008.0 9016.0 9008.0 9008.0 9016.0 9008.0 8.0 9008.0 9008.0 9016.0 9008.0 9008.0 9016.0 9008.0 8.0 9008.0 9008.0 9016.0 9008.0 9008.0 9016.0 9008.0 8.0 9008.0 9008.0 9016.0 9008.0 9008.0 9016.0 9008.0 8.0 9008.0 9008.0 9016.0 9008.0 9008.0 9016.0 9008.0 8.0 9008.0 9008.0 9016.0 9008.0 9008.0 9016.0 9008.0 8.0 9008.0 9008.0 9016.0 9008.0 9008.0 9016.0 9008.0 8.0 9008.0 9008.0 9016.0 9008.0 9008.0 9016.0 9008.0 8.0 9008.0 9008.0 9016.0 9008.0 9008.0 9016.0 9008.0 8.0 9008.0 9008.0 9016.0 9008.0 9008.0 9016.0 9008.0 8.0 9008.0 9008.0 9016.0 9008.0 9008.0 9016.0 9008.0 8.0 9008.0 9008.0 9016.0 9008.0 9008.0 9016.0 9008.0 8.0 9008.0 9008.0 9016.0 9008.0 9008.0 9016.0 9008.0 8.0 9008.0 9008.0 9016.0 9008.0 9008.0 9016.0 9008.0 8.0 9008.0 9008.0 9016.0 9008.0 9008.0 9016.0 9008.0 8.0 9008.0 9008.0 9016.0 9008.0 9008.0 9016.0 9008.0 8.0 9008.0 9008.0 9016.0 9008.0 9008.0 9016.0 9008.0 8.0 9008.0 9008.0 9016.0 9008.0 9008.0 9016.0 9008.0 8.0 9008.0 9008.0 9016.0 9008.0 9008.0 9016.0 9008.0 8.0 9008.0 9008.0 9016.0 9008.0 9008.0 9016.0 9008.0 8.0 9008.0 9008.0 9016.0 9008.0 9008.0 9016.0 9008.0 8.0 9008.0 9008.0 9016.0 9008.0 9008.0 9016.0 9008.0 8.0 9008.0 9008.0 9016.0 9008.0 9008.0 9016.0 9008.0 8.0 9008.0 9008.0 9016.0 9008.0 9008.0 9016.0 9008.0 8.0 9008.0 9008.0 9016.0 9008.0 9008.0 9016.0 9008.0 8.0 9008.0 9008.0 9016.0 9008.0 9008.0 9016.0 9008.0 8.0 9008.0 9008.0 9016.0 9008.0 9008.0 9016.0 9008.0 8.0 9008.0 9008.0 9016.0 9008.0 9008.0 9016.0 9008.0 8.0 9008.0 9008.0 9016.0 9008.0 9008.0 9016.0 9008.0 8.0 9008.0 9008.0 9016.0 9008.0 9008.0 9016.0 9008.0 8.0 9008.0 9008.0 9016.0 9008.0 9008.0 9016.0 9008.0 8.0 9008.0 9008.0 9016.0 9008.0 9008.0 9016.0 9008.0 8.0 9008.0 9008.0 9016.0 9008.0 9008.0 9016.0 9008.0 8.0 9008.0 9008.0 9016.0 9008.0 9008.0 9016.0 9008.0 8.0 9008.0 9008.0 9016.0 9008.0 9008.0 9016.0 9008.0 8.0 9008.0 9008.0 9016.0 9008.0 9008.0 9016.0 9008.0 8.0 9008.0 9008.0 9016.0 9008.0 9008.0 9016.0 9008.0 8.0 9008.0 9008.0 9016.0 9008.0 9008.0 9016.0 9008.0 8.0 9008.0 9008.0 9016.0 9008.0 9008.0 9016.0 9008.0 8.0 9008.0 9008.0 9016.0 9008.0 9008.0 9016.0 9008.0 8.0 9008.0 9008.0 9016.0 9008.0 9008.0 9016.0 9008.0 8.0 9008.0 9008.0 9016.0 9008.0 9008.0 9016.0 9008.0 8.0 9008.0 9008.0 9016.0 9008.0 9008.0 9016.0 9008.0 8.0 9008.0 9008.0 9016.0 9008.0 9008.0 9016.0 9008.0 8.0 9008.0 9008.0 9016.0 9008.0 9008.0 9016.0 9008.0 8.0 9008.0 9008.0 9016.0 9008.0 9008.0 9016.0 9008.0 8.0 9008.0 9008.0 9016.0 9008.0 9008.0 9016.0 9008.0 8.0 9008.0 9008.0 9016.0 9008.0 9008.0 9016.0 9008.0 8.0 9008.0 9008.0 9016.0 9008.0 9008.0 9016.0 9008.0 8.0 9008.0 9008.0 9016.0 9008.0 9008.0 9016.0 9008.0 8.0 9008.0 9008.0 9016.0 9008.0 9008.0 9016.0 9008.0 8.0 9008.0 9008.0 9016.0 9008.0 9008.0 9016.0 9008.0 8.0 9008.0 9008.0 9016.0 9008.0 9008.0 9016.0 9008.0 8.0 9008.0 9008.0 9016.0 9008.0 9008.0 9016.0 9008.0 8.0 9008.0 9008.0 9016.0 9008.0 9008.0 9016.0 9008.0 8.0 9008.0 9008.0 9016.0 9008.0 9008.0 9016.0 9008.0 8.0 9008.0 9008.0 9016.0 9008.0 9008.0 9016.0 9008.0 8.0 9008.0 9008.0 9016.0 9008.0 9008.0 9016.0 9008.0 8.0 9008.0 9008.0 9016.0 9008.0 9008.0 9016.0 9008.0 8.0 9008.0 9008.0 9016.0 9008.0 9008.0 9016.0 9008.0 8.0 9008.0 9008.0 9016.0 9008.0 9008.0 9016.0 9008.0 8.0 9008.0 9008.0 9016.0 9008.0 9008.0 9016.0 9008.0 8.0 9008.0 9008.0 9016.0 9008.0 9008.0 9016.0 9008.0 8.0 9008.0 9008.0 9016.0 9008.0 9008.0 9016.0 9008.0 8.0 9008.0 9008.0 9016.0 9008.0 9008.0 9016.0 9008.0 8.0 9008.0 9008.0 9016.0 9008.0 9008.0 9016.0 9008.0 8.0 9008.0 9008.0 9016.0 9008.0 9008.0 9016.0 9008.0 8.0 9008.0 9008.0 9016.0 9008.0 9008.0 9016.0 9008.0 8.0 9008.0 9008.0 9016.0 9008.0 9008.0 9016.0 9008.0 8.0 9008.0 9008.0 9016.0 9008.0 9008.0 9016.0 9008.0 8.0 9008.0 9008.0 9016.0 9008.0 9008.0 9016.0 9008.0 8.0 9008.0 9008.0 9016.0 9008.0 9008.0 9016.0 9008.0 8.0 9008.0 9008.0 9016.0 9008.0 9008.0 9016.0 9008.0 8.0 9008.0 9008.0 9016.0 9008.0 9008.0 9016.0 9008.0 8.0 9008.0 9008.0 9016.0 9008.0 9008.0 9016.0 9008.0 8.0 9008.0 9008.0 9016.0 9008.0 9008.0 9016.0 9008.0 8.0 9008.0 9008.0 9016.0 9008.0 9008.0 9016.0 9008.0 8.0 9008.0 9008.0 9016.0 9008.0 9008.0 9016.0 9008.0 8.0 9008.0 9008.0 9016.0 9008.0 9008.0 9016.0 9008.0 8.0 9008.0 9008.0 9016.0 9008.0 9008.0 9016.0 9008.0 8.0 9008.0 9008.0 9016.0 9008.0 9008.0 9016.0 9008.0 8.0 9008.0 9008.0 9016.0 9008.0 9008.0 9016.0 9008.0 8.0 9008.0 9008.0 9016.0 9008.0 9008.0 9016.0 9008.0 8.0 9008.0 9008.0 9016.0 9008.0 9008.0 9016.0 9008.0 8.0 9008.0 9008.0 9016.0 9008.0 9008.0 9016.0 9008.0 8.0 9008.0 9008.0 9016.0 9008.0 9008.0 9016.0 9008.0 8.0 9008.0 9008.0 9016.0 9008.0 9008.0 9016.0 9008.0 8.0 9008.0 9008.0 9016.0 9008.0 9008.0 9016.0 9008.0 8.0 9008.0 9008.0 9016.0 9008.0 9008.0 9016.0 9008.0 8.0 9008.0 9008.0 9016.0 9008.0 9008.0 9016.0 9008.0 8.0 9008.0 9008.0 9016.0 9008.0 9008.0 9016.0 9008.0 8.0 9008.0 9008.0 9016.0 9008.0 9008.0 9016.0 9008.0 8.0 9008.0 9008.0 9016.0 9008.0 9008.0 9016.0 9008.0 8.0 9008.0 9008.0 9016.0 9008.0 9008.0 9016.0 9008.0 8.0 9008.0 9008.0 9016.0 9008.0 9008.0 9016.0 9008.0 8.0 9008.0 9008.0 9016.0 9008.0 9008.0 9016.0 9008.0 8.0 9008.0 9008.0 9016.0 9008.0 9008.0 9016.0 9008.0 8.0 9008.0 9008.0 9016.0 9008.0 9008.0 9016.0 9008.0 8.0 9008.0 9008.0 9016.0 9008.0 9008.0 9016.0 9008.0 8.0 9008.0 9008.0 9016.0 9008.0 9008.0 9016.0 9008.0 8.0 9008.0 9008.0 9016.0 9008.0 9008.0 9016.0 9008.0 8.0 9008.0 9008.0 9016.0 9008.0 9008.0 9016.0 9008.0 8.0 9008.0 9008.0 9016.0 9008.0 9008.0 9016.0 9008.0 8.0 9008.0 9008.0 9016.0 9008.0 9008.0 9016.0 9008.0 8.0 9008.0 9008.0 9016.0 9008.0 9008.0 9016.0 9008.0 8.0 9008.0 9008.0 9016.0 9008.0 9008.0 9016.0 9008.0 8.0 9008.0 9008.0 9016.0 9008.0 9008.0 9016.0 9008.0 8.0 9008.0 9008.0 9016.0 9008.0 9008.0 9016.0 9008.0 8.0 9008.0 9008.0 9016.0 9008.0 9008.0 9016.0 9008.0 8.0 9008.0 9008.0 9016.0 9008.0 9008.0 9016.0 9008.0 8.0 9008.0 9008.0 9016.0 9008.0 9008.0 9016.0 9008.0 8.0 9008.0 9008.0 9016.0 9008.0 9008.0 9016.0 9008.0 8.0 9008.0 9008.0 9016.0 9008.0 9008.0 9016.0 9008.0 8.0 9008.0 9008.0 9016.0 9008.0 9008.0 9016.0 9008.0 8.0 9008.0 9008.0 9016.0 9008.0 9008.0 9016.0 9008.0 8.0 9008.0 9008.0 9016.0 9008.0 9008.0 9016.0 9008.0 8.0 9008.0 9008.0 9016.0 9008.0 9008.0 9016.0 9008.0 8.0 9008.0 9008.0 9016.0 9008.0 9008.0 9016.0 9008.0 8.0 9008.0 9008.0 9016.0 9008.0 9008.0 9016.0 9008.0 8.0 9008.0 9008.0 9016.0 9008.0 9008.0 9016.0 9008.0 8.0 9008.0 9008.0 9016.0 9008.0 9008.0 9016.0 9008.0 8.0 9008.0 9008.0 9016.0 9008.0 9008.0 9016.0 9008.0 8.0 9008.0 9008.0 9016.0 9008.0 9008.0 9016.0 9008.0 8.0 9008.0 9008.0 9016.0 9008.0 9008.0 9016.0 9008.0 8.0 9008.0 9008.0 9016.0 9008.0 9008.0 9016.0 9008.0 8.0 9008.0 9008.0 9016.0 9008.0 9008.0 9016.0 9008.0 8.0 9008.0 9008.0 9016.0 9008.0 9008.0 9016.0 9008.0 8.0 9008.0 9008.0 9016.0 9008.0 9008.0 9016.0 9008.0 8.0 9008.0 9008.0 9016.0 9008.0 9008.0 9016.0 9008.0 8.0 9008.0 9008.0 9016.0 9008.0 9008.0 9016.0 9008.0 8.0 9008.0 9008.0 9016.0 9008.0 9008.0 9016.0 9008.0 8.0 9008.0 9008.0 9016.0 9008.0 9008.0 9016.0 9008.0 8.0 9008.0 9008.0 9016.0 9008.0 9008.0 9016.0 9008.0 8.0 9008.0 9008.0 9016.0 9008.0 9008.0 9016.0 9008.0 8.0 9008.0 9008.0 9016.0 9008.0 9008.0 9016.0 9008.0 8.0 9008.0 9008.0 9016.0 9008.0 9008.0 9016.0 9008.0 8.0
50 1 CONSTANT 8.0
51 1 CONSTANT 8.0
52 1 CONSTANT 8.0
53 1 CONSTANT 8.0
54 1 CONSTANT 0.0
55 1 CONSTANT 0.0
56 1 CONSTANT 0.0
57 1 CONSTANT 0.0
58 1 CONSTANT 0.0
59 1 CONSTANT 0.0
60 1 CONSTANT 0.0
61 1 CONSTANT 0.0
62 1 CONSTANT 8.0
