0 1 1 TRACE 1672852580649485.0
1 2 1 TRACE 18727.0 44.0 44.0 54.0 54.0 53.0 45.0 54.0 77.0 78.0 84.0 54.0 54.0 55.0 54.0 54.0 54.0 44.0 43.0 57.0 57.0 54.0 54.0 55.0 54.0 46.0 46.0 55.0 54.0 55.0 53.0 54.0 54.0 55.0 54.0 55.0 54.0 54.0 55.0 54.0 46.0 47.0 46.0 55.0 79.0 42.0 54.0 54.0 54.0 53.0 43.0 54.0 54.0 55.0 54.0 54.0 54.0 44.0 55.0 54.0 54.0 43.0 54.0 72.0
2 3 1 TRACE 51.0 20.0 21.0 18.0 19.0 19.0 19.0 19.0 18.0 19.0 21.0 25.0 19.0 19.0 18.0 18.0 19.0 20.0 19.0 21.0 20.0 26.0 19.0 18.0 18.0 20.0 19.0 18.0 18.0 20.0 18.0 19.0 19.0 19.0 18.0 19.0 19.0 20.0 19.0 19.0 20.0 24.0 20.0 19.0 31.0 18.0 19.0 19.0 18.0 18.0 19.0 19.0 19.0 18.0 18.0 19.0 18.0 19.0 19.0 19.0 18.0 20.0 31.0 19.0
3 4 1 TRACE 34.0 14.0 12.0 12.0 13.0 13.0 12.0 23.0 12.0 13.0 13.0 19.0 12.0 13.0 16.0 12.0 51.0 13.0 12.0 14.0 14.0 13.0 13.0 12.0 13.0 14.0 13.0 13.0 13.0 12.0 17.0 13.0 13.0 13.0 13.0 13.0 13.0 13.0 13.0 32.0 14.0 26.0 14.0 13.0 12.0 12.0 13.0 12.0 13.0 12.0 13.0 13.0 13.0 13.0 13.0 13.0 13.0 13.0 12.0 13.0 13.0 12.0 14.0 13.0
4 5 1 TRACE 16.0 11.0 10.0 10.0 10.0 10.0 10.0 11.0 11.0 10.0 11.0 10.0 10.0 10.0 11.0 10.0 10.0 11.0 10.0 11.0 11.0 11.0 10.0 10.0 10.0 22.0 47.0 10.0 10.0 10.0 11.0 10.0 10.0 10.0 10.0 10.0 10.0 10.0 11.0 12.0 23.0 12.0 11.0 10.0 10.0 11.0 11.0 10.0 10.0 10.0 10.0 11.0 11.0 10.0 10.0 11.0 15.0 11.0 10.0 10.0 10.0 10.0 11.0 10.0
5 6 1 TRACE 34.0 14.0 13.0 14.0 13.0 14.0 18.0 14.0 14.0 14.0 15.0 14.0 14.0 14.0 13.0 13.0 15.0 14.0 13.0 13.0 12.0 12.0 14.0 13.0 12.0 11.0 16.0 14.0 13.0 13.0 13.0 51.0 12.0 12.0 12.0 12.0 13.0 11.0 11.0 14.0 11.0 25.0 16.0 12.0 12.0 11.0 12.0 12.0 12.0 11.0 11.0 11.0 12.0 11.0 12.0 11.0 12.0 11.0 11.0 11.0 11.0 12.0 11.0 12.0
6 7 1 TRACE 16.0 11.0 11.0 11.0 11.0 11.0 11.0 11.0 11.0 11.0 12.0 11.0 11.0 11.0 12.0 11.0 11.0 11.0 11.0 10.0 10.0 11.0 12.0 10.0 10.0 8.0 11.0 11.0 10.0 11.0 11.0 14.0 10.0 11.0 11.0 11.0 11.0 10.0 10.0 9.0 9.0 10.0 13.0 11.0 10.0 10.0 10.0 11.0 12.0 10.0 10.0 10.0 11.0 10.0 9.0 9.0 8.0 9.0 11.0 10.0 11.0 11.0 9.0 8.0
7 8 1 TRACE 15.0 11.0 11.0 11.0 12.0 11.0 12.0 11.0 11.0 11.0 12.0 20.0 11.0 11.0 11.0 11.0 11.0 11.0 10.0 10.0 10.0 12.0 11.0 10.0 10.0 8.0 12.0 10.0 10.0 11.0 10.0 11.0 12.0 11.0 11.0 11.0 11.0 10.0 10.0 9.0 8.0 23.0 13.0 12.0 10.0 13.0 11.0 11.0 10.0 10.0 10.0 10.0 11.0 11.0 10.0 11.0 9.0 10.0 11.0 10.0 11.0 10.0 10.0 10.0
8 9 1 TRACE 15.0 11.0 11.0 10.0 11.0 11.0 11.0 11.0 11.0 11.0 12.0 11.0 10.0 11.0 11.0 16.0 10.0 11.0 10.0 10.0 10.0 10.0 11.0 10.0 10.0 8.0 12.0 10.0 10.0 10.0 11.0 12.0 11.0 11.0 11.0 11.0 11.0 10.0 10.0 9.0 8.0 22.0 13.0 11.0 11.0 8.0 22.0 11.0 11.0 11.0 10.0 10.0 10.0 10.0 11.0 10.0 12.0 20.0 11.0 10.0 10.0 10.0 10.0 10.0
9 10 1 TRACE 38.0 16.0 16.0 16.0 16.0 17.0 17.0 16.0 16.0 16.0 17.0 16.0 16.0 16.0 20.0 16.0 16.0 16.0 16.0 16.0 16.0 15.0 21.0 21.0 16.0 15.0 16.0 16.0 16.0 15.0 16.0 41.0 16.0 17.0 16.0 17.0 17.0 16.0 16.0 41.0 16.0 60.0 19.0 17.0 17.0 17.0 17.0 17.0 17.0 17.0 16.0 17.0 16.0 16.0 17.0 16.0 19.0 16.0 21.0 16.0 17.0 17.0 17.0 16.0
10 11 1 TRACE 15.0 12.0 12.0 11.0 11.0 11.0 11.0 11.0 11.0 11.0 13.0 11.0 11.0 11.0 12.0 11.0 12.0 11.0 12.0 23.0 12.0 16.0 12.0 11.0 13.0 12.0 12.0 11.0 12.0 11.0 12.0 21.0 11.0 11.0 12.0 12.0 12.0 11.0 11.0 24.0 11.0 36.0 11.0 11.0 11.0 11.0 11.0 11.0 11.0 11.0 11.0 11.0 11.0 11.0 11.0 11.0 11.0 11.0 12.0 11.0 11.0 11.0 12.0 11.0
11 12 1 TRACE 18.0 12.0 11.0 11.0 11.0 11.0 12.0 11.0 11.0 11.0 12.0 11.0 12.0 11.0 12.0 13.0 12.0 12.0 12.0 11.0 12.0 37.0 11.0 11.0 12.0 11.0 11.0 11.0 11.0 11.0 11.0 11.0 11.0 12.0 11.0 11.0 11.0 12.0 12.0 12.0 12.0 61.0 14.0 12.0 11.0 52.0 12.0 11.0 11.0 11.0 18.0 11.0 11.0 11.0 12.0 16.0 12.0 11.0 11.0 11.0 19.0 12.0 12.0 12.0
12 13 1 TRACE 16.0 11.0 11.0 11.0 11.0 11.0 11.0 11.0 11.0 11.0 22.0 11.0 11.0 11.0 12.0 12.0 22.0 11.0 14.0 21.0 12.0 29.0 11.0 11.0 11.0 11.0 11.0 11.0 11.0 11.0 12.0 21.0 11.0 12.0 11.0 10.0 11.0 12.0 11.0 23.0 11.0 11.0 12.0 11.0 11.0 22.0 12.0 11.0 11.0 11.0 11.0 19.0 60.0 12.0 12.0 12.0 22.0 11.0 11.0 11.0 11.0 11.0 11.0 12.0
13 14 1 TRACE 21.0 9.0 9.0 9.0 9.0 9.0 22.0 9.0 25.0 20.0 20.0 20.0 9.0 9.0 9.0 9.0 9.0 9.0 9.0 9.0 9.0 10.0 9.0 9.0 9.0 9.0 9.0 9.0 9.0 9.0 9.0 9.0 10.0 9.0 9.0 9.0 9.0 9.0 9.0 10.0 9.0 9.0 10.0 9.0 9.0 8.0 10.0 9.0 9.0 9.0 10.0 9.0 9.0 9.0 9.0 9.0 9.0 9.0 9.0 9.0 9.0 10.0 9.0 10.0
14 15 1 TRACE 19.0 11.0 11.0 11.0 11.0 11.0 21.0 21.0 21.0 10.0 12.0 11.0 11.0 11.0 22.0 25.0 10.0 11.0 14.0 11.0 23.0 26.0 11.0 11.0 11.0 23.0 23.0 11.0 11.0 11.0 22.0 10.0 11.0 12.0 11.0 10.0 11.0 11.0 12.0 11.0 22.0 42.0 12.0 12.0 11.0 11.0 22.0 11.0 11.0 11.0 11.0 25.0 21.0 11.0 11.0 11.0 22.0 11.0 11.0 11.0 11.0 11.0 22.0 22.0
15 16 1 TRACE 13.0 8.0 9.0 19.0 19.0 9.0 8.0 9.0 7.0 8.0 9.0 19.0 8.0 8.0 8.0 8.0 7.0 8.0 9.0 19.0 25.0 20.0 8.0 20.0 19.0 8.0 8.0 9.0 19.0 19.0 8.0 7.0 8.0 19.0 9.0 9.0 8.0 20.0 19.0 9.0 19.0 9.0 8.0 19.0 8.0 8.0 8.0 8.0 19.0 9.0 8.0 8.0 8.0 9.0 8.0 20.0 7.0 9.0 20.0 20.0 19.0 19.0 8.0 9.0
16 17 1 TRACE 31.0 39.0 28.0 17.0 28.0 33.0 21.0 28.0 20.0 17.0 28.0 17.0 31.0 29.0 27.0 28.0 20.0 39.0 42.0 17.0 39.0 18.0 27.0 27.0 17.0 17.0 16.0 18.0 17.0 28.0 28.0 21.0 28.0 28.0 17.0 28.0 17.0 28.0 28.0 18.0 16.0 64.0 23.0 29.0 16.0 21.0 28.0 27.0 28.0 27.0 28.0 20.0 21.0 28.0 28.0 27.0 31.0 85.0 28.0 28.0 27.0 28.0 65.0 32.0
17 18 1 TRACE 16.0 11.0 10.0 10.0 11.0 24.0 12.0 10.0 12.0 13.0 22.0 11.0 11.0 22.0 12.0 12.0 12.0 10.0 10.0 11.0 12.0 12.0 12.0 11.0 22.0 12.0 11.0 22.0 21.0 11.0 12.0 12.0 10.0 11.0 17.0 21.0 21.0 10.0 11.0 22.0 10.0 13.0 12.0 10.0 11.0 11.0 22.0 11.0 11.0 21.0 11.0 11.0 11.0 10.0 10.0 10.0 10.0 11.0 11.0 10.0 10.0 11.0 10.0 22.0
18 19 1 TRACE 15.0 11.0 10.0 10.0 10.0 11.0 11.0 11.0 11.0 11.0 10.0 26.0 11.0 10.0 24.0 11.0 11.0 10.0 10.0 11.0 10.0 11.0 10.0 10.0 10.0 12.0 11.0 10.0 11.0 10.0 11.0 11.0 11.0 10.0 12.0 10.0 11.0 10.0 11.0 21.0 11.0 52.0 14.0 11.0 11.0 12.0 11.0 10.0 10.0 11.0 11.0 10.0 12.0 11.0 10.0 11.0 12.0 13.0 10.0 11.0 11.0 11.0 10.0 11.0
19 20 1 TRACE 15.0 11.0 11.0 11.0 12.0 12.0 11.0 11.0 11.0 11.0 11.0 11.0 11.0 12.0 14.0 12.0 10.0 13.0 11.0 11.0 11.0 11.0 11.0 11.0 12.0 11.0 11.0 12.0 12.0 12.0 11.0 12.0 12.0 11.0 11.0 12.0 12.0 12.0 11.0 10.0 11.0 11.0 12.0 11.0 11.0 11.0 11.0 11.0 12.0 11.0 11.0 52.0 11.0 11.0 11.0 11.0 11.0 11.0 11.0 11.0 11.0 11.0 11.0 11.0
20 21 1 TRACE 17.0 12.0 11.0 12.0 12.0 12.0 12.0 12.0 11.0 12.0 11.0 12.0 12.0 24.0 12.0 11.0 12.0 12.0 12.0 11.0 12.0 12.0 12.0 12.0 11.0 12.0 12.0 12.0 11.0 11.0 12.0 11.0 11.0 12.0 12.0 11.0 11.0 11.0 11.0 12.0 11.0 12.0 13.0 11.0 12.0 12.0 13.0 12.0 11.0 12.0 12.0 12.0 11.0 12.0 12.0 12.0 11.0 12.0 12.0 12.0 11.0 11.0 12.0 12.0
21 22 1 TRACE 24.0 19.0 9.0 10.0 10.0 10.0 9.0 10.0 10.0 10.0 9.0 10.0 9.0 11.0 9.0 10.0 9.0 10.0 10.0 10.0 10.0 11.0 10.0 10.0 10.0 10.0 10.0 10.0 10.0 10.0 10.0 10.0 10.0 10.0 10.0 10.0 10.0 10.0 10.0 10.0 10.0 11.0 11.0 10.0 10.0 10.0 11.0 10.0 10.0 10.0 10.0 10.0 10.0 10.0 10.0 10.0 10.0 10.0 9.0 10.0 10.0 10.0 10.0 10.0
22 23 1 TRACE 85.0 50.0 42.0 58.0 42.0 42.0 95.0 39.0 55.0 59.0 59.0 100.0 41.0 40.0 49.0 57.0 42.0 54.0 59.0 43.0 40.0 55.0 58.0 39.0 58.0 55.0 59.0 58.0 60.0 42.0 55.0 57.0 56.0 58.0 78.0 56.0 58.0 58.0 40.0 55.0 58.0 124.0 45.0 42.0 40.0 59.0 60.0 59.0 57.0 58.0 40.0 58.0 59.0 58.0 53.0 40.0 42.0 41.0 42.0 58.0 43.0 59.0 88.0 59.0
23 24 1 TRACE 32.0 18.0 16.0 16.0 15.0 15.0 51.0 50.0 16.0 15.0 15.0 17.0 15.0 16.0 14.0 15.0 16.0 16.0 17.0 15.0 16.0 16.0 16.0 50.0 16.0 16.0 16.0 15.0 16.0 16.0 16.0 17.0 16.0 15.0 17.0 16.0 16.0 23.0 17.0 16.0 16.0 32.0 18.0 16.0 16.0 15.0 14.0 15.0 16.0 15.0 23.0 17.0 17.0 16.0 16.0 15.0 19.0 17.0 18.0 17.0 17.0 17.0 17.0 15.0
24 25 1 TRACE 46.0 1586.0 16.0 15.0 15.0 25.0 19.0 17.0 15.0 15.0 15.0 15.0 14.0 16.0 15.0 15.0 15.0 15.0 15.0 14.0 15.0 14.0 15.0 17.0 15.0 14.0 15.0 52.0 15.0 14.0 15.0 24.0 15.0 14.0 15.0 15.0 15.0 16.0 14.0 15.0 15.0 27.0 15.0 14.0 15.0 16.0 15.0 15.0 15.0 14.0 15.0 15.0 15.0 14.0 15.0 16.0 18.0 16.0 15.0 15.0 17.0 14.0 15.0 15.0
25 26 1 TRACE 25.0 10.0 9.0 10.0 10.0 10.0 10.0 9.0 9.0 10.0 10.0 10.0 10.0 10.0 9.0 10.0 9.0 9.0 10.0 10.0 10.0 10.0 10.0 10.0 10.0 10.0 9.0 9.0 10.0 9.0 10.0 10.0 10.0 9.0 10.0 9.0 9.0 10.0 12.0 10.0 10.0 10.0 10.0 10.0 10.0 11.0 10.0 10.0 10.0 11.0 10.0 10.0 10.0 10.0 10.0 9.0 10.0 9.0 10.0 10.0 10.0 9.0 9.0 9.0 10.0 9.0 10.0 9.0 10.0 10.0 9.0 10.0 10.0 9.0 10.0 10.0 9.0 9.0 10.0 9.0 10.0 9.0 9.0 10.0 9.0 9.0 10.0 10.0 10.0 10.0 9.0 10.0 10.0 10.0 10.0 10.0 9.0 10.0 9.0 10.0 10.0 9.0 10.0 10.0 10.0 9.0 10.0 10.0 9.0 10.0 10.0 9.0 10.0 10.0 10.0 9.0 10.0 10.0 10.0 10.0 10.0 10.0 9.0 10.0 9.0 9.0 10.0 11.0 12.0 11.0 12.0 11.0 11.0 11.0 10.0 10.0 10.0 9.0 10.0 9.0 10.0 10.0 10.0 10.0 10.0 12.0 10.0 9.0 9.0 10.0 10.0 10.0 9.0 10.0 10.0 10.0 10.0 10.0 10.0 10.0 10.0 10.0 9.0 9.0 10.0 10.0 10.0 10.0 10.0 10.0 10.0 10.0 10.0 10.0 10.0 10.0 9.0 10.0 10.0 10.0 9.0 10.0 10.0 9.0 10.0 10.0 10.0 10.0 10.0 10.0 10.0 10.0 9.0 10.0 10.0 10.0 10.0
26 27 1 TRACE 11.0 7.0 7.0 8.0 8.0 8.0 7.0 7.0 7.0 8.0 8.0 8.0 8.0 8.0 7.0 9.0 8.0 7.0 8.0 7.0 7.0 8.0 7.0 8.0 8.0 8.0 7.0 7.0 8.0 7.0 8.0 7.0 8.0 7.0 8.0 7.0 7.0 7.0 7.0 8.0 7.0 8.0 7.0 8.0 8.0 8.0 7.0 7.0 8.0 9.0 8.0 8.0 7.0 7.0 7.0 7.0 7.0 7.0 7.0 8.0 8.0 7.0 7.0 7.0 9.0 7.0 8.0 7.0 7.0 7.0 7.0 7.0 7.0 7.0 7.0 8.0 7.0 7.0 8.0 7.0 7.0 7.0 7.0 7.0 7.0 7.0 8.0 8.0 7.0 7.0 7.0 7.0 7.0 10.0 7.0 8.0 7.0 7.0 7.0 7.0 8.0 7.0 8.0 8.0 8.0 7.0 7.0 8.0 7.0 8.0 7.0 7.0 7.0 8.0 8.0 7.0 8.0 7.0 10.0 7.0 8.0 8.0 7.0 8.0 7.0 7.0 8.0 8.0 21.0 8.0 9.0 8.0 8.0 8.0 8.0 7.0 7.0 7.0 8.0 7.0 7.0 7.0 8.0 8.0 8.0 8.0 7.0 7.0 7.0 8.0 7.0 7.0 7.0 7.0 8.0 7.0 8.0 8.0 8.0 8.0 7.0 7.0 7.0 7.0 7.0 8.0 8.0 8.0 7.0 7.0 7.0 7.0 7.0 7.0 7.0 7.0 7.0 7.0 8.0 7.0 7.0 7.0 8.0 7.0 8.0 8.0 7.0 8.0 8.0 8.0 8.0 8.0 7.0 8.0 7.0 7.0 7.0
27 28 1 TRACE 10.0 8.0 8.0 7.0 7.0 7.0 7.0 8.0 8.0 7.0 7.0 7.0 7.0 7.0 8.0 8.0 7.0 7.0 7.0 8.0 7.0 7.0 8.0 7.0 7.0 7.0 8.0 7.0 7.0 7.0 7.0 7.0 7.0 7.0 7.0 25.0 8.0 7.0 8.0 8.0 8.0 8.0 8.0 7.0 7.0 8.0 7.0 7.0 7.0 8.0 7.0 7.0 8.0 7.0 8.0 8.0 7.0 8.0 8.0 7.0 7.0 7.0 8.0 8.0 7.0 8.0 7.0 8.0 7.0 7.0 8.0 7.0 7.0 7.0 8.0 7.0 7.0 8.0 7.0 8.0 7.0 8.0 8.0 7.0 8.0 8.0 7.0 7.0 8.0 8.0 7.0 10.0 7.0 7.0 8.0 7.0 7.0 8.0 8.0 8.0 7.0 7.0 7.0 7.0 7.0 7.0 7.0 7.0 7.0 7.0 8.0 8.0 7.0 7.0 7.0 8.0 7.0 7.0 8.0 8.0 7.0 7.0 7.0 7.0 8.0 8.0 8.0 8.0 9.0 8.0 9.0 8.0 8.0 7.0 7.0 8.0 8.0 8.0 7.0 8.0 7.0 7.0 7.0 7.0 7.0 7.0 8.0 8.0 7.0 7.0 8.0 7.0 8.0 8.0 7.0 8.0 7.0 7.0 7.0 7.0 8.0 7.0 8.0 8.0 7.0 7.0 7.0 7.0 8.0 8.0 7.0 8.0 8.0 7.0 8.0 8.0 7.0 8.0 7.0 8.0 8.0 8.0 7.0 7.0 7.0 7.0 8.0 7.0 7.0 7.0 7.0 7.0 8.0 7.0 8.0 8.0 8.0
28 29 1 TRACE 13.0 8.0 8.0 9.0 9.0 9.0 9.0 8.0 8.0 9.0 9.0 9.0 8.0 9.0 8.0 9.0 9.0 8.0 9.0 8.0 8.0 9.0 8.0 9.0 9.0 9.0 8.0 8.0 10.0 8.0 9.0 11.0 9.0 8.0 9.0 21.0 8.0 8.0 9.0 9.0 8.0 9.0 12.0 8.0 9.0 9.0 8.0 8.0 8.0 9.0 9.0 9.0 8.0 8.0 8.0 8.0 8.0 8.0 8.0 9.0 8.0 8.0 8.0 8.0 9.0 8.0 8.0 8.0 8.0 8.0 8.0 8.0 9.0 9.0 8.0 9.0 8.0 8.0 9.0 8.0 8.0 8.0 8.0 9.0 8.0 8.0 9.0 9.0 9.0 8.0 8.0 9.0 8.0 8.0 8.0 9.0 9.0 8.0 8.0 8.0 8.0 8.0 9.0 8.0 8.0 9.0 8.0 8.0 9.0 9.0 8.0 10.0 8.0 9.0 9.0 8.0 8.0 9.0 9.0 8.0 9.0 9.0 8.0 8.0 8.0 8.0 9.0 10.0 21.0 10.0 10.0 9.0 9.0 9.0 9.0 8.0 8.0 8.0 9.0 8.0 8.0 8.0 9.0 8.0 8.0 10.0 8.0 8.0 8.0 9.0 8.0 8.0 8.0 8.0 8.0 8.0 8.0 8.0 9.0 8.0 8.0 8.0 8.0 8.0 8.0 9.0 9.0 8.0 8.0 8.0 8.0 8.0 8.0 8.0 8.0 8.0 8.0 8.0 9.0 8.0 8.0 8.0 8.0 8.0 9.0 9.0 8.0 9.0 9.0 9.0 9.0 9.0 8.0 12.0 8.0 8.0 8.0
29 30 1 TRACE 31.0 23.0 32.0 28.0 23.0 12.0 24.0 23.0 24.0 24.0 23.0 27.0 24.0 23.0 24.0 18.0 22.0 23.0 25.0 24.0 25.0 33.0 24.0 24.0 35.0 24.0 24.0 37.0 22.0 24.0 34.0 33.0 24.0 23.0 24.0 12.0 23.0 24.0 12.0 17.0 23.0 18.0 12.0 23.0 34.0 18.0 30.0 24.0 23.0 17.0 22.0 23.0 22.0 22.0 24.0 40.0 26.0 26.0 25.0 22.0 23.0 22.0 23.0 23.0 21.0 65.0 23.0 23.0 24.0 24.0 64.0 23.0 24.0 23.0 22.0 24.0 23.0 22.0 24.0 24.0 31.0 25.0 24.0 23.0 26.0 24.0 29.0 24.0 25.0 25.0 24.0 13.0 22.0 20.0 23.0 23.0 24.0 24.0 23.0 24.0 22.0 64.0 25.0 25.0 23.0 25.0 24.0 25.0 28.0 24.0 34.0 24.0 23.0 24.0 25.0 24.0 60.0 23.0 58.0 24.0 33.0 24.0 24.0 22.0 26.0 23.0 95.0 39.0 29.0 41.0 30.0 39.0 26.0 24.0 26.0 33.0 23.0 23.0 35.0 29.0 25.0 24.0 24.0 23.0 24.0 12.0 25.0 23.0 25.0 24.0 24.0 24.0 24.0 23.0 24.0 23.0 21.0 24.0 22.0 103.0 25.0 26.0 23.0 26.0 24.0 26.0 25.0 24.0 24.0 24.0 23.0 22.0 22.0 21.0 22.0 25.0 21.0 22.0 23.0 59.0 22.0 24.0 23.0 24.0 24.0 23.0 23.0 21.0 22.0 22.0 26.0 23.0 24.0 12.0 25.0 25.0 23.0
30 31 1 TRACE 22.0 14.0 12.0 11.0 11.0 12.0 8.0 11.0 11.0 11.0 11.0 13.0 11.0 11.0 12.0 11.0 8.0 11.0 11.0 8.0 7.0 12.0 12.0 11.0 11.0 11.0 8.0 11.0 11.0 11.0 11.0 11.0 11.0 11.0 12.0 8.0 11.0 11.0 8.0 12.0 11.0 11.0 11.0 12.0 8.0 22.0 14.0 11.0 11.0 12.0 11.0 12.0 10.0 11.0 8.0 11.0 11.0 8.0 11.0 12.0 8.0 11.0 8.0 10.0 12.0 9.0 8.0 11.0 11.0 8.0 11.0 10.0 11.0 11.0 11.0 8.0 10.0 11.0 12.0 11.0 10.0 11.0 11.0 11.0 12.0 11.0 11.0 11.0 11.0 8.0 11.0 8.0 11.0 11.0 11.0 11.0 11.0 8.0 11.0 11.0 11.0 8.0 11.0 8.0 11.0 11.0 12.0 11.0 11.0 12.0 12.0 11.0 11.0 12.0 11.0 11.0 8.0 12.0 11.0 8.0 11.0 11.0 8.0 11.0 11.0 11.0 23.0 13.0 22.0 12.0 12.0 12.0 12.0 12.0 22.0 11.0 12.0 9.0 7.0 11.0 8.0 8.0 11.0 10.0 11.0 11.0 12.0 48.0 8.0 12.0 11.0 8.0 48.0 13.0 11.0 11.0 10.0 11.0 10.0 8.0 8.0 12.0 11.0 8.0 11.0 11.0 11.0 11.0 11.0 7.0 10.0 10.0 11.0 10.0 48.0 9.0 10.0 11.0 8.0 11.0 11.0 11.0 11.0 11.0 8.0 10.0 11.0 11.0 11.0 11.0 8.0 11.0 11.0 8.0 11.0 8.0 11.0
31 32 1 TRACE 14.0 10.0 10.0 10.0 10.0 10.0 9.0 10.0 10.0 10.0 10.0 11.0 10.0 10.0 10.0 10.0 10.0 10.0 9.0 10.0 10.0 11.0 10.0 11.0 10.0 10.0 10.0 10.0 10.0 10.0 10.0 10.0 10.0 10.0 10.0 10.0 10.0 11.0 10.0 11.0 10.0 11.0 10.0 10.0 10.0 18.0 10.0 10.0 10.0 11.0 11.0 10.0 9.0 10.0 10.0 10.0 10.0 13.0 10.0 10.0 10.0 10.0 10.0 10.0 12.0 9.0 9.0 11.0 10.0 10.0 10.0 10.0 11.0 10.0 10.0 10.0 9.0 10.0 10.0 10.0 11.0 11.0 10.0 10.0 10.0 10.0 10.0 10.0 10.0 10.0 10.0 10.0 10.0 10.0 10.0 10.0 10.0 10.0 10.0 11.0 10.0 10.0 10.0 10.0 10.0 11.0 10.0 10.0 10.0 10.0 10.0 10.0 10.0 10.0 10.0 10.0 10.0 10.0 11.0 9.0 10.0 10.0 10.0 10.0 10.0 11.0 12.0 24.0 11.0 24.0 11.0 11.0 12.0 10.0 10.0 10.0 10.0 10.0 10.0 10.0 10.0 10.0 10.0 10.0 10.0 11.0 11.0 12.0 10.0 10.0 10.0 10.0 10.0 10.0 10.0 10.0 10.0 10.0 11.0 10.0 10.0 10.0 10.0 10.0 14.0 10.0 10.0 10.0 10.0 10.0 10.0 10.0 10.0 11.0 10.0 9.0 10.0 10.0 10.0 11.0 10.0 9.0 10.0 11.0 10.0 10.0 10.0 10.0 10.0 11.0 10.0 10.0 10.0 10.0 10.0 10.0 10.0
32 33 1 TRACE 16.0 10.0 11.0 10.0 11.0 10.0 10.0 10.0 10.0 10.0 11.0 11.0 10.0 10.0 10.0 10.0 10.0 10.0 10.0 10.0 10.0 11.0 11.0 10.0 11.0 10.0 10.0 10.0 10.0 10.0 10.0 11.0 10.0 10.0 10.0 11.0 11.0 11.0 11.0 11.0 10.0 11.0 11.0 10.0 10.0 10.0 10.0 10.0 10.0 11.0 11.0 10.0 10.0 11.0 11.0 10.0 10.0 12.0 11.0 10.0 10.0 10.0 10.0 10.0 25.0 10.0 10.0 10.0 10.0 10.0 11.0 11.0 11.0 10.0 10.0 10.0 10.0 11.0 11.0 11.0 10.0 11.0 10.0 10.0 10.0 10.0 11.0 11.0 10.0 10.0 10.0 11.0 11.0 11.0 10.0 11.0 10.0 10.0 10.0 11.0 10.0 11.0 11.0 10.0 10.0 11.0 11.0 11.0 11.0 10.0 10.0 11.0 11.0 11.0 11.0 11.0 13.0 10.0 11.0 10.0 10.0 10.0 11.0 10.0 11.0 10.0 12.0 12.0 13.0 24.0 13.0 55.0 12.0 11.0 11.0 10.0 10.0 10.0 11.0 10.0 10.0 10.0 10.0 11.0 10.0 11.0 11.0 11.0 11.0 10.0 11.0 11.0 15.0 10.0 11.0 11.0 10.0 10.0 10.0 12.0 10.0 11.0 10.0 10.0 12.0 11.0 10.0 11.0 11.0 10.0 10.0 10.0 10.0 10.0 13.0 20.0 10.0 10.0 10.0 10.0 10.0 10.0 10.0 11.0 10.0 10.0 10.0 10.0 10.0 47.0 19.0 10.0 10.0 10.0 10.0 11.0 10.0
33 34 1 TRACE 239.0 248.0 128.0 138.0 1182.0 172.0 126.0 1361.0 162.0 75.0 234.0 184.0 68.0 125.0 2263.0 144.0 142.0 492.0 194.0 92.0 123.0 246.0 174.0 107.0 599.0 196.0 173.0 221.0 183.0 118.0 336.0 237.0 74.0 624.0 178.0 153.0 230.0 185.0 161.0 177.0 124.0 101.0 327.0 178.0 165.0 443.0 174.0 133.0 124.0 1775.0 162.0 125.0 189.0 204.0 94.0 986.0 166.0 109.0 269.0 174.0 115.0 163.0 113.0 298.0 184.0 119.0 101.0 1722.0 195.0 123.0 634.0 171.0 74.0 400.0 169.0 137.0 347.0 193.0 77.0 122.0 848.0 196.0 99.0 81.0 1921.0 141.0 97.0 406.0 185.0 173.0 221.0 90.0 772.0 198.0 68.0 441.0 198.0 96.0 382.0 198.0 80.0 207.0 159.0 119.0 294.0 186.0 86.0 388.0 202.0 67.0 231.0 197.0 123.0 91.0 1109.0 197.0 175.0 411.0 171.0 112.0 438.0 171.0 107.0 1059.0 173.0 115.0 178.0 126.0 144.0 1004.0 187.0 126.0 258.0 164.0 122.0 254.0 162.0 145.0 240.0 160.0 93.0 132.0 569.0 192.0 123.0 330.0 200.0 144.0 149.0 1956.0 195.0 168.0 984.0 170.0 72.0 423.0 156.0 104.0 161.0 92.0 99.0 1900.0 147.0 94.0 425.0 195.0 82.0 183.0 125.0 158.0 491.0 184.0 129.0 264.0 159.0 135.0 465.0 153.0 119.0 1743.0 144.0 89.0 782.0 180.0 107.0 169.0 129.0 137.0 819.0 154.0 85.0 574.0 193.0 241.0 126.0 183.0 176.0
34 35 1 TRACE 716.0 674.0 40.0 26.0 44.0 27.0 25.0 44.0 26.0 23.0 25.0 26.0 23.0 23.0 54.0 64.0 28.0 31.0 25.0 12.0 29.0 26.0 25.0 24.0 32.0 26.0 21.0 28.0 26.0 24.0 30.0 74.0 23.0 34.0 24.0 26.0 27.0 26.0 26.0 25.0 25.0 23.0 28.0 25.0 25.0 30.0 25.0 23.0 23.0 51.0 25.0 24.0 26.0 25.0 26.0 41.0 26.0 27.0 28.0 25.0 21.0 25.0 26.0 28.0 25.0 13.0 26.0 49.0 25.0 26.0 33.0 25.0 24.0 29.0 25.0 27.0 28.0 26.0 23.0 22.0 37.0 25.0 19.0 25.0 50.0 25.0 24.0 29.0 25.0 26.0 26.0 26.0 36.0 25.0 24.0 29.0 25.0 27.0 28.0 32.0 11.0 30.0 25.0 21.0 26.0 26.0 24.0 29.0 26.0 23.0 27.0 26.0 11.0 24.0 40.0 26.0 26.0 29.0 25.0 26.0 30.0 25.0 26.0 41.0 26.0 24.0 27.0 28.0 36.0 60.0 27.0 25.0 28.0 25.0 24.0 27.0 26.0 13.0 30.0 26.0 25.0 26.0 31.0 26.0 23.0 29.0 26.0 12.0 28.0 51.0 26.0 26.0 39.0 26.0 24.0 29.0 26.0 24.0 24.0 26.0 27.0 50.0 24.0 26.0 31.0 25.0 19.0 26.0 24.0 27.0 30.0 25.0 23.0 26.0 28.0 26.0 30.0 25.0 27.0 49.0 25.0 23.0 38.0 25.0 27.0 26.0 26.0 23.0 37.0 26.0 25.0 31.0 25.0 29.0 25.0 27.0 27.0
35 36 1 TRACE 31.0 26.0 22.0 22.0 56.0 22.0 23.0 63.0 23.0 20.0 24.0 22.0 21.0 20.0 79.0 25.0 23.0 35.0 23.0 10.0 22.0 24.0 22.0 21.0 38.0 22.0 17.0 25.0 23.0 20.0 29.0 25.0 20.0 40.0 21.0 32.0 24.0 21.0 22.0 23.0 21.0 20.0 26.0 23.0 22.0 32.0 61.0 20.0 20.0 72.0 22.0 21.0 25.0 28.0 29.0 52.0 21.0 22.0 25.0 22.0 17.0 23.0 23.0 27.0 22.0 10.0 23.0 67.0 22.0 22.0 39.0 21.0 21.0 31.0 22.0 22.0 28.0 62.0 20.0 20.0 45.0 22.0 18.0 20.0 72.0 22.0 19.0 30.0 22.0 24.0 24.0 22.0 45.0 23.0 21.0 32.0 24.0 23.0 29.0 22.0 10.0 24.0 26.0 18.0 26.0 23.0 20.0 29.0 23.0 20.0 24.0 23.0 10.0 20.0 52.0 23.0 22.0 31.0 22.0 22.0 32.0 21.0 23.0 52.0 21.0 27.0 24.0 23.0 43.0 83.0 23.0 22.0 28.0 22.0 21.0 26.0 23.0 10.0 26.0 23.0 23.0 22.0 35.0 23.0 20.0 29.0 24.0 10.0 22.0 71.0 35.0 25.0 49.0 22.0 20.0 30.0 22.0 20.0 22.0 23.0 22.0 74.0 22.0 21.0 35.0 23.0 17.0 22.0 20.0 23.0 34.0 21.0 20.0 28.0 23.0 22.0 34.0 27.0 22.0 68.0 22.0 20.0 46.0 22.0 22.0 22.0 21.0 20.0 48.0 21.0 23.0 36.0 22.0 25.0 21.0 24.0 24.0
36 37 1 TRACE 42.0 51.0 18.0 36.0 596.0 19.0 57.0 690.0 49.0 16.0 119.0 25.0 18.0 36.0 1293.0 20.0 20.0 298.0 21.0 51.0 18.0 151.0 48.0 57.0 450.0 40.0 17.0 67.0 32.0 56.0 230.0 21.0 36.0 340.0 40.0 18.0 94.0 21.0 18.0 33.0 18.0 18.0 108.0 34.0 21.0 240.0 53.0 16.0 50.0 996.0 18.0 40.0 120.0 22.0 22.0 550.0 49.0 31.0 170.0 19.0 24.0 63.0 17.0 89.0 21.0 33.0 23.0 960.0 19.0 20.0 324.0 43.0 30.0 231.0 44.0 41.0 128.0 23.0 16.0 45.0 543.0 20.0 35.0 38.0 1146.0 59.0 48.0 280.0 32.0 43.0 44.0 20.0 488.0 19.0 32.0 255.0 18.0 25.0 168.0 19.0 53.0 28.0 19.0 18.0 149.0 33.0 41.0 228.0 22.0 29.0 57.0 34.0 42.0 45.0 656.0 18.0 52.0 270.0 18.0 19.0 255.0 18.0 20.0 696.0 41.0 28.0 85.0 19.0 82.0 685.0 28.0 50.0 141.0 39.0 39.0 80.0 20.0 33.0 60.0 64.0 16.0 31.0 353.0 18.0 30.0 97.0 20.0 82.0 23.0 1112.0 19.0 20.0 708.0 43.0 34.0 198.0 19.0 19.0 49.0 17.0 22.0 1014.0 65.0 17.0 252.0 19.0 46.0 39.0 46.0 19.0 183.0 19.0 31.0 112.0 22.0 24.0 243.0 21.0 25.0 969.0 18.0 31.0 431.0 35.0 20.0 81.0 17.0 42.0 434.0 64.0 17.0 216.0 22.0 38.0 18.0 25.0 17.0
37 38 1 TRACE 27.0 30.0 17.0 19.0 175.0 18.0 20.0 203.0 19.0 18.0 40.0 21.0 17.0 19.0 279.0 18.0 18.0 90.0 18.0 18.0 18.0 49.0 17.0 20.0 128.0 19.0 19.0 110.0 18.0 18.0 75.0 19.0 19.0 110.0 18.0 17.0 39.0 23.0 18.0 68.0 16.0 16.0 50.0 16.0 19.0 89.0 29.0 18.0 20.0 253.0 18.0 17.0 41.0 18.0 20.0 147.0 17.0 21.0 49.0 19.0 19.0 27.0 17.0 46.0 39.0 19.0 20.0 241.0 18.0 19.0 106.0 16.0 17.0 75.0 17.0 17.0 88.0 19.0 18.0 19.0 140.0 18.0 19.0 20.0 255.0 18.0 17.0 75.0 17.0 18.0 29.0 18.0 131.0 45.0 18.0 83.0 17.0 19.0 64.0 20.0 26.0 23.0 17.0 18.0 50.0 17.0 17.0 77.0 18.0 17.0 32.0 18.0 16.0 19.0 180.0 17.0 18.0 80.0 17.0 19.0 78.0 16.0 18.0 185.0 18.0 62.0 19.0 19.0 33.0 195.0 20.0 20.0 56.0 19.0 17.0 41.0 17.0 19.0 38.0 18.0 18.0 18.0 86.0 18.0 17.0 49.0 17.0 16.0 20.0 251.0 17.0 19.0 173.0 17.0 18.0 71.0 18.0 15.0 27.0 18.0 20.0 249.0 18.0 17.0 85.0 20.0 16.0 27.0 17.0 19.0 71.0 17.0 17.0 46.0 17.0 18.0 83.0 17.0 19.0 230.0 16.0 17.0 126.0 17.0 17.0 29.0 18.0 19.0 129.0 18.0 18.0 80.0 18.0 29.0 17.0 21.0 17.0
38 39 1 TRACE 20.0 14.0 13.0 14.0 17.0 13.0 14.0 19.0 14.0 15.0 15.0 14.0 14.0 15.0 16.0 17.0 13.0 16.0 15.0 14.0 14.0 15.0 15.0 58.0 17.0 13.0 14.0 21.0 15.0 14.0 16.0 14.0 14.0 15.0 15.0 14.0 16.0 14.0 27.0 19.0 14.0 13.0 16.0 14.0 13.0 18.0 37.0 14.0 14.0 16.0 15.0 22.0 27.0 15.0 15.0 16.0 14.0 15.0 15.0 13.0 14.0 15.0 13.0 16.0 14.0 14.0 15.0 20.0 20.0 14.0 16.0 16.0 14.0 15.0 14.0 14.0 18.0 15.0 15.0 14.0 16.0 15.0 14.0 16.0 22.0 15.0 14.0 15.0 15.0 14.0 15.0 14.0 15.0 15.0 15.0 15.0 14.0 14.0 15.0 14.0 16.0 15.0 13.0 15.0 15.0 14.0 14.0 16.0 14.0 14.0 15.0 12.0 15.0 14.0 16.0 14.0 14.0 16.0 14.0 13.0 15.0 14.0 14.0 16.0 14.0 19.0 42.0 26.0 28.0 18.0 18.0 42.0 16.0 14.0 14.0 16.0 13.0 14.0 35.0 15.0 15.0 14.0 14.0 14.0 14.0 25.0 13.0 14.0 14.0 21.0 15.0 14.0 15.0 24.0 14.0 15.0 13.0 14.0 16.0 14.0 13.0 17.0 14.0 14.0 15.0 15.0 14.0 15.0 14.0 14.0 15.0 13.0 14.0 15.0 14.0 14.0 15.0 13.0 14.0 14.0 13.0 13.0 16.0 14.0 14.0 17.0 14.0 15.0 15.0 14.0 26.0 16.0 14.0 15.0 14.0 15.0 13.0
39 25 1 TRACE 11.0 12.0 12.0 11.0 11.0 12.0 11.0 10.0 11.0 18.0 11.0 11.0 12.0 11.0 12.0 11.0 12.0 12.0 12.0 14.0 50.0 12.0 12.0 11.0 11.0 12.0 12.0 11.0 11.0 11.0 12.0 11.0 12.0 11.0 11.0 12.0 12.0 12.0 11.0 10.0 11.0 12.0 11.0 20.0 11.0 11.0 12.0 13.0 25.0 12.0 12.0 11.0 11.0 12.0 11.0 12.0 11.0 12.0 11.0 11.0 12.0 11.0 11.0 12.0 12.0 11.0 12.0 11.0 12.0 11.0 14.0
39 40 1 TRACE 24.0 19.0 60.0 17.0 18.0 18.0 18.0 28.0 22.0 18.0 18.0 17.0 18.0 18.0 18.0 17.0 19.0 19.0 18.0 18.0 17.0 20.0 18.0 18.0 18.0 18.0 19.0 18.0 19.0 18.0 17.0 18.0 18.0 17.0 18.0 18.0 18.0 18.0 17.0 18.0 18.0 58.0 21.0 28.0 18.0 18.0 21.0 17.0 18.0 17.0 19.0 18.0 18.0 19.0 17.0 18.0 17.0 28.0 17.0 16.0 18.0 18.0 20.0 19.0
39 51 1 TRACE 23.0 17.0 17.0 17.0 18.0 18.0 18.0 18.0 19.0 18.0 18.0 19.0 18.0 19.0 18.0 18.0 18.0 18.0 18.0 31.0 52.0 18.0 17.0 18.0 17.0 18.0 48.0 17.0 18.0 17.0 18.0 19.0 20.0 52.0 18.0 18.0 20.0 18.0 35.0 22.0 18.0 17.0 18.0 18.0 18.0 18.0 17.0 18.0 19.0 17.0 18.0 18.0 22.0 19.0 17.0 17.0 18.0 18.0 18.0 17.0 18.0 18.0
40 41 1 TRACE 134.0 299.0 328.0 141.0 474.0 205.0 140.0 229.0 128.0 162.0 235.0 128.0 112.0 140.0 192.0 402.0 126.0 286.0 142.0 114.0 135.0 396.0 215.0 176.0 149.0 274.0 406.0 195.0 117.0 278.0 194.0 160.0 108.0 143.0 176.0 118.0 304.0 205.0 181.0 314.0 109.0 397.0 162.0 129.0 128.0 217.0 141.0 401.0 297.0 195.0 114.0 409.0 205.0 114.0 197.0 155.0 196.0 392.0 257.0 116.0 266.0 189.0 114.0 109.0
41 42 1 TRACE 15.0 10.0 10.0 9.0 11.0 10.0 10.0 11.0 10.0 10.0 11.0 10.0 26.0 12.0 10.0 10.0 11.0 10.0 10.0 10.0 10.0 10.0 10.0 10.0 10.0 11.0 10.0 11.0 11.0 10.0 12.0 11.0 11.0 12.0 11.0 10.0 10.0 11.0 10.0 10.0 9.0 11.0 10.0 10.0 10.0 9.0 10.0 10.0 10.0 10.0 11.0 10.0 12.0 11.0 10.0 10.0 12.0 10.0 10.0 10.0 11.0 10.0 10.0 11.0 10.0 10.0 11.0 10.0 10.0 11.0 10.0 10.0 11.0 10.0 10.0 11.0 10.0 10.0 11.0 10.0 10.0 11.0 10.0 10.0 11.0 10.0 9.0 10.0 10.0 12.0 10.0 11.0 11.0 9.0 12.0 10.0 10.0 11.0 9.0 10.0 10.0 11.0 11.0 10.0 10.0 10.0 10.0 11.0 10.0 10.0 10.0 10.0 11.0 11.0 10.0 10.0 11.0 10.0 10.0 11.0 10.0 10.0 11.0 11.0 10.0 10.0 11.0 21.0 12.0 13.0 12.0 11.0 11.0 10.0 14.0 10.0 10.0 10.0 10.0 10.0 10.0 11.0 10.0 10.0 12.0 10.0 11.0 11.0 11.0 10.0 11.0 10.0 10.0 11.0 10.0 9.0 11.0 11.0 10.0 9.0 11.0 10.0 10.0 10.0 10.0 10.0 11.0 10.0 11.0 10.0 11.0 10.0 10.0 11.0 10.0 10.0 10.0 10.0 10.0 10.0 10.0 9.0 10.0 10.0 10.0 10.0 10.0 10.0 10.0 10.0 10.0 10.0 11.0 10.0 10.0 11.0 10.0 10.0 10.0 10.0 11.0 11.0 10.0
42 43 1 TRACE 14.0 9.0 9.0 9.0 9.0 9.0 9.0 9.0 9.0 9.0 21.0 10.0 10.0 20.0 9.0 9.0 10.0 9.0 9.0 9.0 9.0 9.0 10.0 10.0 9.0 9.0 9.0 9.0 9.0 10.0 9.0 10.0 9.0 9.0 9.0 9.0 11.0 9.0 9.0 9.0 9.0 9.0 10.0 9.0 9.0 9.0 9.0 10.0 9.0 9.0 9.0 9.0 10.0 9.0 9.0 10.0 10.0 9.0 9.0 10.0 10.0 10.0 9.0 10.0 9.0 10.0 9.0 9.0 9.0 9.0 9.0 9.0 9.0 9.0 10.0 9.0 9.0 9.0 9.0 9.0 9.0 9.0 9.0 11.0 9.0 9.0 9.0 9.0 9.0 9.0 9.0 10.0 9.0 9.0 9.0 9.0 9.0 9.0 9.0 9.0 9.0 9.0 10.0 9.0 9.0 9.0 9.0 9.0 9.0 9.0 9.0 10.0 9.0 10.0 9.0 10.0 10.0 9.0 9.0 9.0 9.0 9.0 9.0 10.0 9.0 9.0 10.0 20.0 12.0 12.0 11.0 10.0 10.0 10.0 10.0 9.0 9.0 9.0 9.0 10.0 9.0 10.0 9.0 10.0 9.0 10.0 9.0 10.0 10.0 9.0 9.0 9.0 10.0 9.0 9.0 9.0 10.0 9.0 10.0 9.0 9.0 9.0 9.0 9.0 9.0 9.0 10.0 9.0 9.0 10.0 10.0 10.0 9.0 9.0 10.0 11.0 9.0 9.0 9.0 10.0 10.0 9.0 9.0 9.0 9.0 9.0 9.0 9.0 13.0 10.0 9.0 9.0 9.0 9.0 9.0 10.0 9.0 9.0 9.0 9.0 9.0 10.0 9.0
43 44 1 TRACE 12.0 9.0 8.0 9.0 9.0 8.0 8.0 8.0 8.0 8.0 9.0 9.0 9.0 20.0 9.0 8.0 9.0 9.0 8.0 8.0 8.0 8.0 8.0 9.0 9.0 9.0 9.0 8.0 9.0 9.0 8.0 9.0 9.0 8.0 9.0 9.0 9.0 9.0 8.0 8.0 8.0 9.0 8.0 8.0 8.0 8.0 10.0 9.0 8.0 9.0 9.0 8.0 9.0 8.0 8.0 8.0 9.0 9.0 8.0 8.0 9.0 9.0 8.0 8.0 8.0 9.0 9.0 8.0 8.0 8.0 9.0 8.0 8.0 9.0 8.0 9.0 8.0 9.0 9.0 9.0 8.0 8.0 9.0 8.0 9.0 8.0 9.0 8.0 8.0 9.0 8.0 8.0 8.0 8.0 8.0 8.0 8.0 8.0 9.0 9.0 8.0 9.0 8.0 8.0 8.0 8.0 10.0 8.0 9.0 9.0 8.0 9.0 9.0 9.0 8.0 8.0 9.0 9.0 8.0 9.0 8.0 9.0 9.0 9.0 8.0 8.0 9.0 9.0 10.0 23.0 11.0 10.0 10.0 8.0 10.0 8.0 9.0 9.0 8.0 9.0 9.0 8.0 9.0 10.0 8.0 8.0 8.0 8.0 9.0 8.0 9.0 9.0 11.0 9.0 8.0 11.0 9.0 9.0 8.0 8.0 9.0 9.0 9.0 8.0 9.0 8.0 9.0 9.0 9.0 8.0 9.0 8.0 9.0 9.0 8.0 8.0 8.0 9.0 8.0 9.0 8.0 9.0 8.0 9.0 8.0 8.0 8.0 9.0 9.0 9.0 8.0 8.0 9.0 9.0 9.0 8.0 9.0 8.0 8.0 8.0 9.0 9.0 8.0
44 45 1 TRACE 55.0 39.0 36.0 31.0 50.0 34.0 31.0 52.0 33.0 30.0 46.0 34.0 30.0 20.0 30.0 33.0 56.0 33.0 33.0 69.0 33.0 32.0 55.0 32.0 31.0 37.0 75.0 30.0 63.0 33.0 42.0 43.0 34.0 31.0 38.0 33.0 28.0 39.0 32.0 36.0 33.0 83.0 80.0 30.0 73.0 22.0 39.0 48.0 39.0 33.0 38.0 31.0 29.0 50.0 42.0 34.0 72.0 75.0 30.0 23.0 29.0 37.0 31.0 73.0 33.0 30.0 44.0 34.0 33.0 58.0 33.0 34.0 62.0 41.0 33.0 68.0 33.0 31.0 53.0 40.0 34.0 64.0 34.0 31.0 43.0 34.0 34.0 119.0 34.0 31.0 34.0 34.0 32.0 32.0 31.0 39.0 32.0 60.0 33.0 32.0 81.0 32.0 32.0 32.0 68.0 37.0 33.0 65.0 34.0 39.0 39.0 30.0 30.0 54.0 32.0 32.0 39.0 41.0 32.0 102.0 33.0 30.0 47.0 34.0 34.0 90.0 28.0 23.0 59.0 34.0 30.0 67.0 52.0 33.0 30.0 38.0 33.0 30.0 67.0 33.0 31.0 35.0 31.0 31.0 68.0 31.0 30.0 35.0 32.0 33.0 40.0 31.0 20.0 30.0 32.0 31.0 77.0 33.0 31.0 33.0 34.0 33.0 34.0 34.0 32.0 32.0 80.0 34.0 32.0 33.0 30.0 32.0 30.0 31.0 32.0 29.0 51.0 33.0 30.0 34.0 31.0 31.0 44.0 33.0 34.0 34.0 32.0 74.0 26.0 37.0 32.0 32.0 55.0 33.0 38.0 89.0 33.0 32.0 32.0 81.0 120.0 45.0 32.0
45 46 1 TRACE 18.0 14.0 13.0 11.0 13.0 12.0 12.0 13.0 13.0 13.0 14.0 12.0 12.0 13.0 12.0 12.0 13.0 12.0 12.0 14.0 12.0 13.0 13.0 12.0 11.0 13.0 13.0 13.0 14.0 12.0 13.0 13.0 13.0 12.0 13.0 12.0 13.0 14.0 12.0 12.0 12.0 14.0 12.0 11.0 14.0 11.0 13.0 13.0 13.0 14.0 12.0 12.0 12.0 14.0 16.0 13.0 14.0 13.0 12.0 12.0 12.0 12.0 11.0 13.0 12.0 13.0 13.0 13.0 14.0 28.0 13.0 13.0 13.0 49.0 12.0 14.0 12.0 12.0 13.0 13.0 11.0 14.0 12.0 12.0 13.0 13.0 13.0 13.0 13.0 12.0 12.0 13.0 13.0 11.0 13.0 14.0 12.0 13.0 12.0 14.0 13.0 12.0 12.0 12.0 50.0 14.0 12.0 13.0 13.0 13.0 13.0 12.0 11.0 17.0 12.0 12.0 13.0 13.0 11.0 15.0 12.0 12.0 14.0 12.0 13.0 13.0 11.0 11.0 14.0 27.0 14.0 15.0 15.0 13.0 13.0 48.0 12.0 12.0 14.0 12.0 12.0 13.0 12.0 12.0 13.0 13.0 13.0 13.0 12.0 12.0 13.0 13.0 13.0 12.0 12.0 11.0 13.0 19.0 13.0 13.0 13.0 12.0 12.0 13.0 13.0 12.0 13.0 13.0 12.0 12.0 12.0 12.0 11.0 13.0 12.0 12.0 15.0 12.0 11.0 12.0 12.0 11.0 14.0 13.0 11.0 12.0 12.0 12.0 12.0 15.0 12.0 12.0 13.0 12.0 13.0 13.0 12.0 12.0 13.0 14.0 13.0 13.0 13.0
46 47 1 TRACE 1921.0 519.0 258.0 255.0 888.0 314.0 257.0 874.0 306.0 259.0 1491.0 448.0 304.0 802.0 286.0 256.0 1026.0 381.0 255.0 1443.0 424.0 256.0 987.0 344.0 259.0 1514.0 452.0 259.0 1249.0 383.0 270.0 973.0 336.0 258.0 1494.0 453.0 260.0 1440.0 573.0 263.0 264.0 1447.0 409.0 258.0 1080.0 371.0 258.0 821.0 292.0 229.0 1488.0 450.0 267.0 881.0 321.0 253.0 1446.0 416.0 260.0 1460.0 541.0 259.0 256.0 1481.0 431.0 267.0 833.0 293.0 256.0 984.0 344.0 258.0 1155.0 371.0 259.0 1378.0 405.0 264.0 890.0 324.0 258.0 815.0 289.0 281.0 1155.0 364.0 255.0 1520.0 510.0 259.0 264.0 932.0 328.0 258.0 1094.0 354.0 259.0 1258.0 390.0 229.0 1419.0 718.0 272.0 254.0 1426.0 424.0 257.0 1149.0 378.0 259.0 1476.0 493.0 259.0 862.0 315.0 259.0 1118.0 400.0 259.0 1111.0 359.0 258.0 856.0 313.0 254.0 1430.0 707.0 344.0 336.0 1102.0 341.0 293.0 1461.0 426.0 277.0 1425.0 440.0 249.0 1432.0 440.0 246.0 1007.0 335.0 247.0 1396.0 405.0 247.0 829.0 273.0 243.0 848.0 292.0 254.0 1140.0 356.0 246.0 1390.0 532.0 248.0 241.0 801.0 269.0 240.0 1095.0 349.0 246.0 1439.0 525.0 254.0 243.0 1154.0 358.0 245.0 1410.0 408.0 247.0 1014.0 346.0 246.0 816.0 273.0 244.0 899.0 345.0 246.0 1422.0 511.0 249.0 244.0 892.0 303.0 244.0 1051.0 342.0 245.0 1399.0 525.0 257.0 242.0 1380.0 686.0 253.0 245.0
47 48 1 TRACE 13.0 11.0 8.0 14.0 8.0 10.0 8.0 10.0 8.0 12.0 8.0 10.0 9.0 11.0 8.0 11.0 13.0 10.0 8.0 9.0 9.0 10.0 9.0 10.0 9.0 10.0 9.0 10.0 8.0 10.0 8.0 10.0 19.0 11.0 9.0 10.0 8.0 10.0 9.0 10.0 8.0 10.0 8.0 10.0 9.0 10.0 9.0 10.0 8.0 10.0 8.0 9.0 8.0 10.0 8.0 10.0 9.0 10.0 8.0 10.0 8.0 10.0 9.0 11.0 8.0 10.0 8.0 10.0 9.0 10.0 8.0 9.0 8.0 10.0 9.0 10.0 8.0 9.0 8.0 11.0 8.0 10.0 8.0 9.0 8.0 9.0 8.0 10.0 8.0 10.0 9.0 10.0 8.0 10.0 8.0 11.0 8.0 10.0 8.0 10.0 8.0 10.0 8.0 10.0 8.0 10.0 9.0 10.0 8.0 9.0 8.0 13.0 8.0 10.0 8.0 10.0 8.0 10.0 8.0 11.0 8.0 10.0 8.0 10.0 8.0 45.0 9.0 11.0 9.0 11.0 8.0 10.0 9.0 10.0 8.0 10.0 8.0 10.0 8.0 10.0 8.0 10.0 8.0 11.0 9.0 10.0 8.0 10.0 8.0 10.0 8.0 10.0 8.0 11.0 8.0 11.0 8.0 10.0 9.0 10.0 8.0 11.0 8.0 11.0 9.0 11.0 9.0 10.0 9.0 10.0 8.0 9.0 8.0 10.0 8.0 10.0 9.0 10.0 8.0 10.0 8.0 10.0 9.0 12.0 9.0 10.0 8.0 45.0 8.0 10.0 8.0 10.0 8.0 12.0 8.0 10.0 8.0 10.0 8.0 10.0 9.0 10.0 8.0 10.0 8.0 11.0 8.0 10.0 8.0 10.0 8.0 10.0 8.0 10.0 9.0 10.0 8.0 10.0 8.0 10.0 9.0 11.0 8.0 10.0 8.0 10.0 8.0 10.0 8.0 10.0 8.0 10.0 8.0 10.0 8.0 9.0 8.0 10.0 9.0 10.0 9.0 10.0 8.0 10.0 8.0 11.0 8.0 10.0 8.0 10.0 9.0 10.0 8.0 24.0 8.0 23.0 9.0 12.0 10.0 27.0 10.0 12.0 10.0 11.0 10.0 11.0 9.0 10.0 9.0 11.0 8.0 10.0 9.0 10.0 8.0 10.0 8.0 10.0 9.0 10.0 8.0 9.0 8.0 10.0 8.0 10.0 8.0 11.0 8.0 10.0 8.0 10.0 8.0 11.0 8.0 11.0 8.0 11.0 8.0 11.0 8.0 10.0 8.0 10.0 8.0 12.0 8.0 11.0 9.0 10.0 8.0 10.0 8.0 10.0 8.0 10.0 8.0 10.0 8.0 11.0 9.0 10.0 8.0 10.0 8.0 11.0 9.0 11.0 8.0 10.0 8.0 11.0 9.0 11.0 8.0 11.0 8.0 11.0 8.0 11.0 8.0 45.0 8.0 10.0 8.0 10.0 8.0 11.0 8.0 10.0 8.0 10.0 9.0 11.0 9.0 10.0 8.0 10.0 8.0 10.0 9.0 10.0 8.0 10.0 9.0 14.0 8.0 10.0 8.0 10.0 8.0 10.0 8.0 11.0 8.0 11.0 9.0 11.0 8.0 10.0 9.0 10.0 8.0 10.0 8.0 10.0 8.0 11.0 8.0 10.0 8.0 10.0 8.0 10.0 8.0 10.0 8.0 11.0 8.0 10.0 8.0 10.0 8.0 10.0 8.0 11.0
48 49 1 TRACE 104.0 60.0 38.0 41.0 8.0 10.0 7.0 9.0 104.0 55.0 9.0 17.0 8.0 10.0 97.0 54.0 9.0 16.0 7.0 9.0 111.0 60.0 23.0 34.0 7.0 10.0 77.0 51.0 8.0 13.0 8.0 9.0 117.0 58.0 11.0 23.0 7.0 9.0 118.0 58.0 18.0 30.0 8.0 10.0 127.0 58.0 11.0 20.0 7.0 9.0 110.0 59.0 23.0 35.0 7.0 10.0 117.0 59.0 15.0 26.0 8.0 10.0 116.0 57.0 11.0 20.0 8.0 9.0 110.0 58.0 24.0 33.0 7.0 10.0 91.0 60.0 46.0 45.0 8.0 11.0 7.0 10.0 115.0 59.0 18.0 30.0 7.0 10.0 117.0 58.0 17.0 21.0 7.0 10.0 83.0 54.0 9.0 14.0 7.0 10.0 110.0 59.0 24.0 35.0 8.0 9.0 106.0 56.0 9.0 17.0 7.0 9.0 116.0 58.0 17.0 30.0 8.0 10.0 93.0 57.0 42.0 41.0 8.0 11.0 8.0 11.0 114.0 59.0 20.0 33.0 7.0 9.0 87.0 55.0 8.0 15.0 7.0 10.0 116.0 58.0 11.0 21.0 7.0 10.0 129.0 58.0 13.0 23.0 8.0 9.0 116.0 59.0 16.0 29.0 8.0 10.0 107.0 57.0 9.0 17.0 8.0 9.0 82.0 54.0 8.0 16.0 8.0 10.0 118.0 59.0 13.0 23.0 8.0 9.0 99.0 60.0 36.0 40.0 8.0 10.0 8.0 10.0 110.0 56.0 10.0 18.0 7.0 12.0 117.0 58.0 12.0 23.0 8.0 10.0 122.0 58.0 15.0 26.0 7.0 10.0 72.0 54.0 63.0 49.0 8.0 11.0 7.0 9.0 116.0 99.0 18.0 30.0 8.0 10.0 131.0 58.0 13.0 24.0 7.0 10.0 103.0 59.0 33.0 38.0 7.0 10.0 102.0 57.0 9.0 17.0 7.0 10.0 118.0 58.0 13.0 24.0 8.0 14.0 118.0 58.0 13.0 23.0 7.0 9.0 101.0 56.0 9.0 16.0 8.0 45.0 75.0 69.0 61.0 84.0 8.0 13.0 8.0 11.0 170.0 78.0 11.0 20.0 9.0 10.0 137.0 59.0 18.0 29.0 8.0 10.0 111.0 60.0 23.0 33.0 8.0 11.0 110.0 58.0 24.0 34.0 8.0 10.0 134.0 57.0 11.0 22.0 7.0 10.0 115.0 67.0 18.0 31.0 7.0 10.0 83.0 52.0 8.0 14.0 8.0 9.0 103.0 56.0 10.0 17.0 7.0 9.0 118.0 58.0 13.0 24.0 7.0 9.0 95.0 59.0 40.0 41.0 8.0 10.0 7.0 9.0 82.0 53.0 9.0 12.0 7.0 9.0 119.0 58.0 13.0 23.0 7.0 9.0 92.0 58.0 43.0 43.0 8.0 11.0 7.0 9.0 118.0 61.0 13.0 27.0 7.0 9.0 115.0 59.0 18.0 32.0 8.0 10.0 131.0 58.0 12.0 22.0 7.0 9.0 85.0 53.0 8.0 15.0 7.0 9.0 110.0 55.0 10.0 19.0 7.0 10.0 99.0 58.0 36.0 39.0 8.0 11.0 7.0 9.0 109.0 57.0 10.0 17.0 8.0 9.0 140.0 58.0 13.0 22.0 8.0 9.0 96.0 60.0 40.0 42.0 8.0 10.0 8.0 10.0 74.0 57.0 63.0 50.0 8.0 11.0 7.0 11.0
49 47 1 TRACE 1298.0 318.0 110.0 107.0 452.0 169.0 106.0 437.0 157.0 107.0 782.0 283.0 111.0 405.0 139.0 107.0 512.0 222.0 105.0 712.0 263.0 109.0 479.0 194.0 106.0 812.0 294.0 106.0 638.0 238.0 106.0 500.0 197.0 113.0 782.0 286.0 106.0 971.0 341.0 111.0 105.0 702.0 266.0 107.0 549.0 210.0 106.0 406.0 147.0 106.0 815.0 298.0 107.0 453.0 173.0 106.0 730.0 270.0 106.0 942.0 326.0 110.0 105.0 775.0 273.0 106.0 414.0 158.0 107.0 514.0 200.0 106.0 557.0 227.0 106.0 693.0 261.0 108.0 439.0 177.0 107.0 404.0 153.0 114.0 568.0 222.0 106.0 875.0 317.0 109.0 119.0 470.0 185.0 107.0 550.0 212.0 107.0 613.0 239.0 105.0 1136.0 372.0 123.0 105.0 687.0 259.0 106.0 564.0 226.0 107.0 890.0 317.0 106.0 454.0 169.0 106.0 557.0 236.0 106.0 587.0 226.0 106.0 430.0 169.0 105.0 1045.0 537.0 180.0 187.0 531.0 232.0 158.0 711.0 246.0 107.0 813.0 284.0 102.0 829.0 273.0 103.0 526.0 188.0 102.0 701.0 251.0 111.0 402.0 129.0 100.0 439.0 150.0 100.0 575.0 252.0 101.0 960.0 323.0 106.0 99.0 396.0 130.0 100.0 539.0 201.0 102.0 918.0 325.0 106.0 100.0 575.0 212.0 101.0 704.0 254.0 102.0 514.0 194.0 101.0 408.0 130.0 100.0 472.0 165.0 101.0 916.0 311.0 105.0 101.0 453.0 161.0 100.0 548.0 203.0 101.0 929.0 326.0 105.0 99.0 1032.0 348.0 114.0 101.0
49 50 1 TRACE 76.0 52.0 19.0 18.0 96.0 24.0 19.0 61.0 23.0 20.0 106.0 49.0 21.0 109.0 22.0 19.0 66.0 29.0 22.0 75.0 40.0 20.0 89.0 50.0 28.0 66.0 122.0 29.0 64.0 36.0 42.0 63.0 31.0 19.0 66.0 44.0 26.0 172.0 54.0 45.0 25.0 92.0 42.0 27.0 63.0 41.0 22.0 64.0 24.0 80.0 65.0 52.0 19.0 62.0 28.0 21.0 64.0 42.0 19.0 77.0 65.0 24.0 20.0 71.0 42.0 19.0 61.0 37.0 19.0 67.0 29.0 20.0 85.0 35.0 18.0 64.0 39.0 19.0 91.0 26.0 19.0 60.0 22.0 19.0 64.0 33.0 24.0 66.0 50.0 23.0 19.0 64.0 27.0 22.0 64.0 32.0 19.0 70.0 36.0 85.0 64.0 75.0 24.0 20.0 71.0 39.0 20.0 63.0 34.0 19.0 65.0 48.0 22.0 74.0 25.0 20.0 66.0 32.0 20.0 65.0 33.0 19.0 62.0 24.0 31.0 68.0 72.0 69.0 148.0 61.0 85.0 21.0 187.0 64.0 29.0 110.0 75.0 28.0 64.0 73.0 58.0 62.0 43.0 24.0 74.0 54.0 29.0 287.0 30.0 24.0 91.0 35.0 25.0 78.0 41.0 21.0 76.0 68.0 30.0 30.0 86.0 26.0 31.0 74.0 38.0 23.0 91.0 103.0 22.0 26.0 83.0 35.0 23.0 92.0 47.0 20.0 79.0 39.0 20.0 78.0 26.0 23.0 61.0 27.0 23.0 70.0 87.0 24.0 58.0 75.0 36.0 26.0 63.0 41.0 25.0 117.0 70.0 28.0 29.0 135.0 106.0 29.0 18.0
50 25 1 TRACE 22.0 15.0 16.0 20.0 21.0 14.0 16.0 15.0 17.0 18.0 17.0 17.0 14.0 24.0 15.0 17.0 18.0 13.0 17.0 23.0 17.0 16.0 16.0 19.0 17.0 16.0 16.0 16.0 17.0 17.0 14.0 16.0 59.0 19.0 16.0 16.0 16.0 15.0 18.0 17.0 17.0 17.0 55.0 16.0 16.0 15.0 15.0 16.0 13.0 14.0 15.0 14.0 15.0 16.0 16.0 15.0 16.0 14.0 16.0 16.0 15.0 15.0
50 41 1 TRACE 9.0 10.0 8.0 9.0 9.0 9.0 9.0 9.0 9.0 8.0 8.0 9.0 8.0 9.0 9.0 9.0 9.0 9.0 9.0 9.0 12.0 9.0 8.0 9.0 9.0 9.0 10.0 8.0 9.0 8.0 9.0 9.0 9.0 8.0 9.0 9.0 9.0 8.0 8.0 9.0 19.0 8.0 8.0 9.0 9.0 8.0 8.0 9.0 8.0 8.0 9.0 9.0 9.0 9.0 9.0 8.0 9.0 9.0 8.0 9.0 9.0 8.0 8.0 8.0 9.0 8.0 9.0 8.0 9.0 9.0 8.0 9.0 8.0 9.0 9.0 9.0 8.0 9.0 8.0 9.0 8.0 8.0 8.0 9.0 8.0 10.0 9.0 13.0 11.0 10.0 9.0 10.0 9.0 9.0 9.0 9.0 9.0 8.0 9.0 8.0 9.0 9.0 8.0 8.0 9.0 8.0 9.0 8.0 8.0 9.0 9.0 8.0 9.0 9.0 8.0 8.0 9.0 9.0 9.0 8.0 8.0 8.0 9.0 8.0 8.0 8.0 9.0 9.0 8.0 9.0 9.0 9.0 8.0 8.0 8.0 9.0 8.0 9.0 8.0
50 51 1 TRACE 22.0 22.0
51 52 1 TRACE 1327.0 1292.0 1291.0 1291.0 1341.0 1298.0 1333.0 1310.0 1303.0 1272.0 1269.0 1270.0 1262.0 1280.0 1306.0 1344.0 1301.0 1306.0 1272.0 1274.0 1267.0 1358.0 1343.0 1313.0 1280.0 1317.0 1276.0 1274.0 1273.0 1318.0 1329.0 1315.0 1337.0 1340.0 1315.0 1329.0 1444.0 1333.0 1269.0 1273.0 1797.0 1443.0 1327.0 1292.0 1298.0 1274.0 1265.0 1311.0 1273.0 1277.0 1302.0 1268.0 1271.0 1276.0 1300.0 1282.0 1274.0 1301.0 1282.0 1278.0 1277.0 1274.0 1271.0 1273.0
52 53 1 TRACE 44.0 41.0 38.0 39.0 36.0 36.0 34.0 36.0 37.0 38.0 38.0 37.0 38.0 39.0 38.0 37.0 35.0 39.0 37.0 37.0 37.0 38.0 37.0 45.0 51.0 36.0 38.0 76.0 38.0 47.0 36.0 46.0 37.0 37.0 36.0 38.0 36.0 36.0 38.0 64.0 73.0 40.0 37.0 52.0 38.0 38.0 38.0 38.0 38.0 37.0 38.0 39.0 38.0 38.0 38.0 37.0 38.0 38.0 37.0 38.0 38.0 37.0 38.0 36.0
53 54 1 TRACE 20.0 14.0 14.0 14.0 14.0 15.0 14.0 16.0 15.0 14.0 15.0 14.0 14.0 14.0 14.0 15.0 15.0 14.0 15.0 15.0 16.0 15.0 15.0 16.0 13.0 14.0 16.0 18.0 14.0 18.0 15.0 16.0 14.0 16.0 14.0 15.0 15.0 14.0 14.0 14.0 15.0 17.0 15.0 14.0 15.0 15.0 15.0 15.0 14.0 12.0 12.0 13.0 19.0 13.0 14.0 14.0 17.0 13.0 13.0 13.0 12.0 14.0 12.0 13.0
54 55 1 TRACE 41.0 19.0 19.0 18.0 19.0 32.0 18.0 31.0 32.0 18.0 19.0 17.0 18.0 18.0 18.0 19.0 31.0 32.0 18.0 18.0 18.0 18.0 18.0 18.0 32.0 33.0 18.0 18.0 17.0 18.0 19.0 18.0 18.0 18.0 45.0 18.0 19.0 18.0 18.0 33.0 22.0 20.0 18.0 33.0 19.0 17.0 18.0 18.0 18.0 21.0 18.0 18.0 18.0 18.0 18.0 18.0 30.0 18.0 18.0 18.0 21.0 18.0 17.0 31.0
55 56 1 TRACE 11.0 7.0 7.0 7.0 8.0 8.0 7.0 8.0 8.0 7.0 7.0 7.0 7.0 7.0 7.0 7.0 8.0 8.0 7.0 7.0 7.0 7.0 7.0 7.0 8.0 8.0 7.0 7.0 7.0 7.0 7.0 7.0 7.0 7.0 8.0 7.0 7.0 7.0 8.0 8.0 9.0 8.0 7.0 8.0 23.0 7.0 8.0 7.0 7.0 7.0 7.0 7.0 8.0 7.0 7.0 7.0 8.0 7.0 7.0 7.0 7.0 7.0 7.0 8.0
56 57 1 TRACE 22.0 7.0 7.0 7.0 7.0 8.0 7.0 7.0 8.0 8.0 7.0 6.0 7.0 6.0 7.0 7.0 8.0 18.0 7.0 7.0 7.0 7.0 7.0 7.0 8.0 7.0 7.0 6.0 7.0 6.0 7.0 7.0 7.0 6.0 7.0 7.0 7.0 6.0 7.0 8.0 9.0 7.0 7.0 7.0 7.0 7.0 7.0 7.0 7.0 7.0 7.0 7.0 7.0 7.0 7.0 7.0 7.0 7.0 6.0 7.0 7.0 7.0 7.0 19.0
57 58 1 TRACE 11.0 7.0 7.0 7.0 7.0 18.0 7.0 8.0 7.0 7.0 7.0 7.0 7.0 7.0 7.0 7.0 8.0 7.0 24.0 6.0 7.0 7.0 6.0 7.0 7.0 7.0 7.0 7.0 7.0 7.0 6.0 7.0 7.0 7.0 7.0 6.0 7.0 7.0 7.0 8.0 8.0 8.0 7.0 8.0 7.0 7.0 7.0 7.0 7.0 7.0 7.0 6.0 7.0 7.0 7.0 7.0 7.0 7.0 7.0 7.0 7.0 7.0 7.0 7.0
58 59 1 TRACE 15.0 8.0 8.0 8.0 8.0 26.0 8.0 9.0 9.0 8.0 8.0 7.0 7.0 8.0 8.0 8.0 22.0 8.0 20.0 8.0 8.0 7.0 8.0 7.0 9.0 8.0 8.0 8.0 7.0 7.0 8.0 7.0 8.0 8.0 7.0 8.0 8.0 7.0 7.0 8.0 10.0 8.0 8.0 9.0 8.0 8.0 8.0 8.0 8.0 8.0 8.0 8.0 7.0 8.0 7.0 8.0 8.0 7.0 7.0 7.0 8.0 7.0 8.0 8.0
59 60 1 TRACE 8.0 19.0 7.0 7.0 18.0 18.0 18.0 7.0 19.0 7.0 7.0 7.0 19.0 18.0 19.0 6.0 19.0 20.0 7.0 6.0 19.0 19.0 19.0 7.0 20.0 7.0 19.0 7.0 19.0 7.0 7.0 7.0 7.0 7.0 7.0 6.0 7.0 7.0 7.0 20.0 9.0 8.0 7.0 20.0 19.0 7.0 7.0 7.0 6.0 6.0 7.0 6.0 7.0 6.0 7.0 6.0 19.0 7.0 7.0 7.0 6.0 7.0 6.0 18.0
60 61 1 TRACE 8.0 7.0 20.0 19.0 7.0 7.0 7.0 8.0 8.0 19.0 19.0 7.0 7.0 8.0 7.0 8.0 19.0 7.0 20.0 7.0 7.0 7.0 7.0 19.0 8.0 18.0 7.0 7.0 7.0 19.0 19.0 19.0 19.0 19.0 19.0 19.0 19.0 19.0 19.0 9.0 9.0 7.0 19.0 8.0 7.0 19.0 19.0 19.0 19.0 19.0 18.0 19.0 20.0 19.0 19.0 19.0 8.0 20.0 19.0 19.0 19.0 19.0 19.0 8.0
61 62 1 TRACE 7.0 7.0 7.0 7.0 7.0 7.0 7.0 8.0 8.0 7.0 7.0 7.0 7.0 7.0 7.0 8.0 7.0 18.0 7.0 7.0 7.0 7.0 7.0 7.0 7.0 7.0 7.0 7.0 7.0 7.0 7.0 7.0 8.0 7.0 7.0 7.0 7.0 7.0 7.0 8.0 8.0 8.0 7.0 8.0 7.0 8.0 7.0 7.0 7.0 8.0 8.0 7.0 7.0 7.0 7.0 7.0 7.0 7.0 7.0 7.0 7.0 7.0 7.0 7.0
62 1 1 TRACE 18.0 27.0 15.0 17.0 15.0 28.0 15.0 28.0 30.0 15.0 16.0 15.0 16.0 15.0 15.0 16.0 21.0 27.0 18.0 45.0 15.0 15.0 16.0 16.0 17.0 28.0 16.0 15.0 15.0 15.0 15.0 15.0 16.0 15.0 15.0 16.0 15.0 16.0 16.0 18.0 18.0 17.0 15.0 17.0 16.0 16.0 16.0 16.0 15.0 19.0 16.0 15.0 15.0 15.0 16.0 15.0 16.0 16.0 16.0 15.0 19.0 15.0 15.0
