0 1 CONSTANT 8.0
1 1 CONSTANT 8.0
2 1 CONSTANT 0.0
3 1 CONSTANT 8.0
4 1 CONSTANT 8.0
5 1 CONSTANT 8.0
6 1 CONSTANT 8.0
7 1 CONSTANT 8.0
8 1 CONSTANT 8.0
9 1 CONSTANT 0.0
10 1 CONSTANT 0.0
11 1 CONSTANT 0.0
12 1 CONSTANT 0.0
13 1 CONSTANT 8.0
14 1 CONSTANT 4.0
15 1 CONSTANT 4.0
16 1 CONSTANT 0.0
17 1 CONSTANT 0.0
18 1 CONSTANT 0.0
19 1 CONSTANT 0.0
20 1 CONSTANT 4.0
21 1 CONSTANT 8.0
22 1 CONSTANT 8.0
23 1 CONSTANT 8.0
24 1 CONSTANT 8.0
25 1 CONSTANT 4.0
26 1 CONSTANT 4.0
27 1 CONSTANT 8.0
28 1 TRACE 0.0 40.0 44.0 0.0 0.0 0.0 52.0 48.0 0.0 0.0 0.0 156.0 24.0 0.0 0.0 0.0 160.0 16.0 0.0 4.0 0.0 244.0 16.0 0.0 0.0 12.0 0.0 12.0 112.0 4.0 0.0 0.0 12.0 0.0 8.0 180.0 8.0 0.0 0.0 316.0 4.0 0.0 0.0 12.0 0.0 0.0 280.0 8.0 0.0 0.0 188.0 16.0 0.0 0.0 4.0 112.0 4.0 0.0 0.0 12.0 0.0 0.0 460.0 8.0 0.0 0.0 356.0 8.0 0.0 0.0 352.0 8.0 0.0 0.0 8.0 0.0 0.0 8.0 0.0 0.0 144.0 12.0 0.0 0.0 0.0 8.0 0.0 0.0 184.0 4.0 0.0 140.0 20.0 0.0 0.0 0.0 284.0 12.0 0.0 4.0 160.0 4.0 0.0 0.0 8.0 0.0 0.0 312.0 8.0 0.0 0.0 412.0 8.0 0.0 4.0 96.0 8.0 4.0 4.0 72.0 4.0 0.0 4.0 160.0 8.0 0.0 20.0 68.0 0.0 0.0 0.0 8.0 0.0 0.0 408.0 4.0 4.0 0.0 468.0 8.0 0.0 0.0 0.0 12.0 0.0 0.0 12.0 0.0 0.0 8.0 0.0 0.0 460.0 8.0 0.0 0.0 12.0 0.0 0.0 8.0 0.0 4.0 424.0 8.0 0.0 0.0 8.0 0.0 0.0 216.0 4.0 0.0 0.0 12.0 0.0 0.0 176.0 8.0 0.0 4.0 60.0 0.0 0.0 0.0 296.0 16.0 0.0 12.0 72.0 0.0 0.0 0.0 64.0 40.0 0.0 0.0 0.0 480.0 8.0 0.0 0.0 8.0 0.0 4.0 268.0 4.0 0.0 0.0 8.0 0.0 0.0 76.0 0.0 0.0 0.0 60.0 28.0 0.0 0.0 0.0 12.0 0.0 0.0 496.0 8.0 0.0 20.0 76.0 0.0 0.0 0.0 8.0 0.0 0.0 168.0 0.0 0.0 12.0 36.0 0.0 0.0 0.0 12.0
29 1 CONSTANT 4.0
30 1 TRACE 0.0 40.0 44.0 0.0 0.0 0.0 52.0 48.0 0.0 0.0 0.0 156.0 24.0 0.0 0.0 0.0 160.0 16.0 0.0 4.0 0.0 244.0 16.0 0.0 0.0 12.0 0.0 12.0 112.0 4.0 0.0 0.0 12.0 0.0 8.0 180.0 8.0 0.0 0.0 316.0 4.0 0.0 0.0 12.0 0.0 0.0 280.0 8.0 0.0 0.0 188.0 16.0 0.0 0.0 4.0 112.0 4.0 0.0 0.0 12.0 0.0 0.0 460.0 8.0 0.0 0.0 356.0 8.0 0.0 0.0 352.0 8.0 0.0 0.0 8.0 0.0 0.0 8.0 0.0 0.0 144.0 12.0 0.0 0.0 0.0 8.0 0.0 0.0 184.0 4.0 0.0 140.0 20.0 0.0 0.0 0.0 284.0 12.0 0.0 4.0 160.0 4.0 0.0 0.0 8.0 0.0 0.0 312.0 8.0 0.0 0.0 412.0 8.0 0.0 4.0 96.0 8.0 4.0 4.0 72.0 4.0 0.0 4.0 160.0 8.0 0.0 20.0 68.0 0.0 0.0 0.0 8.0 0.0 0.0 408.0 4.0 4.0 0.0 468.0 8.0 0.0 0.0 0.0 12.0 0.0 0.0 12.0 0.0 0.0 8.0 0.0 0.0 460.0 8.0 0.0 0.0 12.0 0.0 0.0 8.0 0.0 4.0 424.0 8.0 0.0 0.0 8.0 0.0 0.0 216.0 4.0 0.0 0.0 12.0 0.0 0.0 176.0 8.0 0.0 4.0 60.0 0.0 0.0 0.0 296.0 16.0 0.0 12.0 72.0 0.0 0.0 0.0 64.0 40.0 0.0 0.0 0.0 480.0 8.0 0.0 0.0 8.0 0.0 4.0 268.0 4.0 0.0 0.0 8.0 0.0 0.0 76.0 0.0 0.0 0.0 60.0 28.0 0.0 0.0 0.0 12.0 0.0 0.0 496.0 8.0 0.0 20.0 76.0 0.0 0.0 0.0 8.0 0.0 0.0 168.0 0.0 0.0 12.0 36.0 0.0 0.0 0.0 12.0
31 1 CONSTANT 8.0
32 1 CONSTANT 8.0
33 1 CONSTANT 4.0
34 1 CONSTANT 0.0
35 1 CONSTANT 0.0
36 1 CONSTANT 8.0
37 1 CONSTANT 8.0
38 1 CONSTANT 8.0
39 1 TRACE 8.0 0.0 8.0 0.0 8.0 8.0 0.0 8.0 0.0 8.0 8.0 0.0 8.0 0.0 8.0 8.0 0.0 8.0 0.0 8.0 8.0 0.0 0.0 8.0 0.0 0.0 8.0 0.0 8.0 0.0 8.0 0.0 0.0 8.0 0.0 8.0 0.0 8.0 0.0 8.0 0.0 8.0 0.0 0.0 8.0 0.0 8.0 0.0 8.0 8.0 0.0 8.0 0.0 8.0 0.0 8.0 0.0 8.0 0.0 0.0 8.0 0.0 8.0 0.0 8.0 0.0 8.0 0.0 8.0 0.0 8.0 0.0 8.0 0.0 0.0 8.0 0.0 0.0 8.0 8.0 0.0 8.0 0.0 8.0 0.0 0.0 8.0 0.0 8.0 0.0 8.0 0.0 8.0 0.0 8.0 8.0 0.0 0.0 8.0 0.0 8.0 0.0 8.0 0.0 0.0 8.0 0.0 8.0 0.0 8.0 0.0 8.0 0.0 8.0 0.0 8.0 0.0 8.0 0.0 8.0 0.0 8.0 0.0 8.0 0.0 8.0 0.0 8.0 0.0 8.0 0.0 0.0 8.0 0.0 8.0 0.0 8.0 0.0 8.0 0.0 8.0 8.0 0.0 0.0 8.0 0.0 0.0 8.0 0.0 0.0 8.0 0.0 8.0 0.0 8.0 0.0 0.0 8.0 0.0 0.0 8.0 0.0 8.0 0.0 8.0 0.0 0.0 8.0 0.0 8.0 0.0 8.0 0.0 0.0 8.0 0.0 8.0 0.0 8.0 0.0 8.0 0.0 8.0 8.0 0.0 0.0 8.0 0.0 8.0 0.0 8.0 8.0 0.0 8.0 0.0 8.0 0.0 8.0 0.0 8.0 0.0 0.0 8.0 0.0 8.0 0.0 8.0 0.0 0.0 8.0 0.0 8.0 0.0 8.0 8.0 0.0 8.0 0.0 8.0 0.0 0.0 8.0 0.0 8.0 0.0 8.0 0.0 8.0 0.0 8.0 0.0 0.0 8.0 0.0 8.0 0.0 8.0 0.0 8.0 0.0 8.0 0.0 0.0
40 1 CONSTANT 8.0
41 1 CONSTANT 8.0
42 1 CONSTANT 8.0
43 1 CONSTANT 11760.0
44 1 CONSTANT 11752.0
45 1 CONSTANT 8.0
46 1 CONSTANT 11760.0
47 1 CONSTANT 4.0
48 1 TRACE 546768.0 207792.0 136864.0 99456.0 78240.0 65184.0 54208.0 6176.0 6256.0 5504.0 5648.0 5952.0 5392.0 5536.0 32.0 32.0 32.0 0.0 16.0 32.0 0.0 537968.0 205888.0 134592.0 98560.0 77056.0 64480.0 53920.0 5744.0 6160.0 5088.0 5360.0 5680.0 5248.0 5440.0 32.0 32.0 48.0 0.0 32.0 16.0 16.0 400400.0 184976.0 126032.0 92576.0 73520.0 62256.0 52208.0 3120.0 2992.0 2176.0 2528.0 2544.0 2480.0 2272.0 32.0 16.0 32.0 0.0 16.0 32.0 0.0 395184.0 183408.0 124320.0 91328.0 73136.0 61616.0 51696.0 2576.0 2864.0 2400.0 2528.0 2544.0 2272.0 2320.0 16.0 16.0 32.0 0.0 16.0 16.0 0.0 298224.0 160944.0 113168.0 84272.0 69168.0 58288.0 49440.0 1616.0 1632.0 1440.0 1568.0 1344.0 1472.0 1088.0 16.0 0.0 32.0 0.0 16.0 0.0 0.0 300880.0 138144.0 104304.0 83616.0 67968.0 59584.0 54704.0 261120.0 150096.0 107904.0 81488.0 67824.0 56880.0 48016.0 1264.0 1408.0 1184.0 1296.0 1232.0 1392.0 1040.0 16.0 0.0 16.0 0.0 16.0 0.0 0.0 642784.0 211680.0 137744.0 100368.0 79088.0 66768.0 55488.0 25776.0 23200.0 21008.0 19856.0 19904.0 18352.0 17568.0 32.0 80.0 48.0 64.0 64.0 80.0 48.0 354416.0 144848.0 104560.0 80624.0 65616.0 55152.0 49120.0 188512.0 123632.0 93552.0 73824.0 62336.0 53648.0 45616.0 768.0 848.0 560.0 688.0 768.0 672.0 576.0 16.0 0.0 0.0 0.0 16.0 0.0 0.0 622672.0 206432.0 134320.0 100736.0 79664.0 66416.0 55760.0 38384.0 33760.0 30320.0 28240.0 26704.0 24784.0 22720.0 128.0 192.0 128.0 48.0 96.0 96.0 48.0 574208.0 196352.0 130704.0 98192.0 79440.0 65120.0 55344.0 60576.0 51680.0 44784.0 40160.0 35168.0 33136.0 29200.0 224.0 272.0 176.0 112.0 144.0 176.0 144.0 348752.0 143872.0 99040.0 77184.0 64528.0 54944.0 48160.0 193920.0 125472.0 94720.0 74928.0 62928.0 54480.0 46208.0 704.0 800.0 784.0 704.0 640.0 864.0 624.0 16.0 0.0 16.0 0.0 16.0 0.0 0.0 598576.0 202912.0 130128.0 99344.0 78432.0 64256.0 56896.0 49424.0 41472.0 37968.0 33744.0 31824.0 29376.0 25456.0 160.0 160.0 112.0 96.0 112.0 176.0 128.0 370464.0 180112.0 123808.0 91408.0 73152.0 61616.0 51600.0 2480.0 2352.0 2032.0 2144.0 2144.0 2208.0 1968.0 16.0 0.0 32.0 0.0 16.0 32.0 0.0 642672.0 211536.0 136272.0 101040.0 80720.0 65968.0 56144.0 24128.0 22432.0 20048.0 19280.0 18592.0 17856.0 16032.0 80.0 48.0 80.0 48.0 64.0 48.0 32.0 278384.0 127664.0 89584.0 70128.0 58944.0 50016.0 45440.0 258896.0 152176.0 109856.0 83120.0 68720.0 58272.0 49488.0 1280.0 1312.0 1104.0 1104.0 1168.0 1216.0 1072.0 16.0 0.0 32.0 0.0 16.0 0.0 0.0 535664.0 190080.0 126736.0 95712.0 76416.0 63856.0 54064.0 77648.0 63664.0 54160.0 46576.0 42192.0 37744.0 33360.0 288.0 352.0 272.0 224.0 144.0 240.0 224.0 566944.0 194752.0 130608.0 96960.0 78288.0 64288.0 54176.0 61888.0 51344.0 44816.0 39648.0 36112.0 33552.0 29904.0 224.0 288.0 224.0 128.0 128.0 208.0 144.0 582944.0 196288.0 128224.0 96528.0 76784.0 63408.0 53584.0 54864.0 48032.0 41872.0 36736.0 33920.0 31840.0 28480.0 256.0 208.0 192.0 112.0 80.0 192.0 176.0 452912.0 167440.0 115712.0 87888.0 72208.0 59376.0 52080.0 119264.0 89488.0 72432.0 60688.0 51088.0 46080.0 40000.0 384.0 480.0 368.0 368.0 256.0 400.0 320.0 0.0 0.0 0.0 0.0 16.0 0.0 0.0 355664.0 145488.0 102352.0 81568.0 67904.0 55728.0 49808.0 189872.0 126032.0 94592.0 74160.0 62416.0 53840.0 45952.0 896.0 880.0 736.0 672.0 816.0 704.0 672.0 0.0 0.0 32.0 0.0 16.0 0.0 0.0 382208.0 183200.0 124384.0 91920.0 74016.0 61920.0 52256.0 2416.0 2496.0 1952.0 2176.0 2080.0 2240.0 2112.0 16.0 0.0 32.0 0.0 16.0 0.0 0.0 322304.0 139856.0 101184.0 79152.0 65808.0 56704.0 49632.0 223264.0 136784.0 101216.0 78672.0 65024.0 55488.0 47152.0 976.0 1104.0 896.0 944.0 944.0 928.0 816.0 0.0 0.0 16.0 0.0 16.0 0.0 0.0 625424.0 207120.0 136672.0 100528.0 80000.0 66048.0 56416.0 36272.0 32720.0 29200.0 27472.0 25520.0 24320.0 21920.0 96.0 112.0 64.0 80.0 80.0 144.0 48.0 399680.0 185040.0 125904.0 92816.0 74736.0 62432.0 52320.0 2784.0 2624.0 2336.0 2304.0 2416.0 2448.0 2288.0 16.0 0.0 32.0 0.0 16.0 16.0 0.0 299312.0 162976.0 114704.0 85744.0 70368.0 59872.0 50224.0 1488.0 1712.0 1328.0 1568.0 1392.0 1552.0 1376.0 16.0 0.0 32.0 0.0 16.0 16.0 0.0 641776.0 210192.0 136656.0 100640.0 80016.0 66336.0 55408.0 28832.0 26208.0 24544.0 21664.0 21712.0 20384.0 19184.0 80.0 160.0 48.0 96.0 80.0 96.0 64.0 397408.0 155744.0 107984.0 83120.0 67328.0 55296.0 49536.0 155344.0 108256.0 85760.0 68304.0 58752.0 51008.0 43904.0 464.0 800.0 560.0 544.0 576.0 480.0 400.0 0.0 0.0 16.0 0.0 16.0 0.0 0.0 576096.0 195792.0 128816.0 97232.0 79328.0 64400.0 56272.0 58896.0 48752.0 43712.0 38528.0 35248.0 32496.0 28560.0 272.0 256.0 144.0 144.0 144.0 224.0 128.0 546704.0 193696.0 128080.0 95216.0 76944.0 64416.0 54736.0 71664.0 58688.0 50416.0 44688.0 40144.0 35968.0 32000.0 256.0 240.0 176.0 128.0 160.0 256.0 176.0 639952.0 209696.0 136144.0 100096.0 78272.0 65232.0 54688.0 20592.0 18160.0 17312.0 16288.0 16384.0 15488.0 14560.0 32.0 64.0 48.0 32.0 48.0 80.0 48.0 633024.0 213584.0 139376.0 100640.0 78640.0 66032.0 54096.0 14704.0 14048.0 12224.0 12352.0 12752.0 11888.0 11712.0 48.0 32.0 64.0 16.0 32.0 64.0 0.0 626352.0 207008.0 134656.0 100176.0 78528.0 64896.0 54704.0 33984.0 29680.0 27168.0 25920.0 24336.0 22832.0 20688.0 112.0 112.0 112.0 64.0 48.0 128.0 64.0 624880.0 212208.0 137168.0 101312.0 79040.0 66080.0 54928.0 12976.0 12208.0 11200.0 10608.0 11456.0 10416.0 10432.0 48.0 48.0 48.0 16.0 32.0 64.0 0.0 418320.0 163744.0 112672.0 86144.0 71024.0 59456.0 52080.0 146608.0 103376.0 81296.0 65904.0 56832.0 49424.0 42224.0 528.0 688.0 544.0 464.0 528.0 576.0 480.0 0.0 0.0 16.0 0.0 16.0 0.0 0.0 552832.0 191344.0 128128.0 95760.0 77680.0 63920.0 54544.0 69904.0 58736.0 49824.0 43232.0 39568.0 36288.0 31504.0 224.0 304.0 144.0 208.0 112.0 272.0 192.0 529184.0 188304.0 126080.0 94688.0 76528.0 64144.0 53824.0 79888.0 64864.0 55952.0 48192.0 42784.0 38112.0 33968.0 288.0 320.0 272.0 224.0 160.0 240.0 176.0 294640.0 132736.0 98128.0 78752.0 69888.0 57136.0 51232.0 260320.0 151248.0 108560.0 82320.0 66896.0 57904.0 48384.0 1200.0 1392.0 1168.0 1344.0 1152.0 1136.0 1088.0 16.0 0.0 32.0 0.0 16.0 0.0 0.0 320976.0 136432.0 101136.0 80720.0 66480.0 58080.0 50160.0 228432.0 139936.0 103216.0 78976.0 65696.0 56176.0 47440.0 1104.0 1104.0 944.0 976.0 992.0 992.0 944.0 16.0 0.0 32.0 0.0 16.0 0.0 0.0 415376.0 158816.0 112288.0 86784.0 70240.0 57440.0 50480.0 146320.0 103552.0 81712.0 64688.0 56272.0 50144.0 42608.0 512.0 640.0 512.0 624.0 400.0 560.0 432.0 0.0 0.0 0.0 0.0 16.0 0.0 0.0 522736.0 187568.0 125488.0 95488.0 77792.0 63936.0 54736.0 85472.0 67680.0 57664.0 48112.0 43200.0 39312.0 34512.0 320.0 384.0 176.0 208.0 144.0 304.0 224.0 317744.0 137936.0 99744.0 79888.0 65840.0 56320.0 50608.0 231616.0 140176.0 103040.0 78624.0 66064.0 56384.0 47584.0 832.0 1280.0 1184.0 1184.0 1024.0 1040.0 848.0 16.0 0.0 16.0 0.0 16.0 0.0 0.0 371184.0 157168.0 108992.0 86832.0 73520.0 60496.0 53488.0 183088.0 120352.0 91744.0 72288.0 60032.0 52576.0 44704.0 768.0 896.0 672.0 608.0 816.0 688.0 640.0 0.0 0.0 32.0 0.0 16.0 0.0 0.0 537744.0 189856.0 124432.0 96224.0 76528.0 63184.0 55968.0 76016.0 61808.0 52576.0 45344.0 41152.0 37408.0 32272.0 224.0 304.0 240.0 208.0 208.0 272.0 144.0 427552.0 164976.0 115488.0 89232.0 72528.0 61440.0 52416.0 137840.0 100080.0 79040.0 63536.0 54736.0 48464.0 41504.0 480.0 496.0 448.0 464.0 464.0 416.0 368.0 0.0 0.0 0.0 0.0 16.0 0.0 0.0 622704.0 206592.0 135072.0 100464.0 78288.0 65888.0 55248.0 38064.0 34208.0 30688.0 27968.0 26384.0 24528.0 22784.0 112.0 112.0 112.0 48.0 112.0 112.0 48.0 402080.0 156960.0 109680.0 85456.0 71376.0 60144.0 52208.0 153792.0 107936.0 85168.0 67776.0 57776.0 50304.0 43024.0 512.0 672.0 528.0 624.0 512.0 560.0 480.0 16.0 0.0 0.0 0.0 16.0 0.0 0.0 628800.0 207456.0 134176.0 98528.0 78176.0 64944.0 54912.0 33744.0 30768.0 28096.0 25408.0 24704.0 23424.0 21488.0 112.0 128.0 96.0 48.0 112.0 96.0 80.0 639696.0 213744.0 138544.0 101264.0 79696.0 65472.0 55472.0 16784.0 16496.0 14992.0 13600.0 14032.0 13280.0 12400.0 64.0 48.0 32.0 32.0 48.0 64.0 32.0 302880.0 162480.0 115632.0 87152.0 71040.0 59616.0 50896.0 1696.0 1600.0 1472.0 1264.0 1408.0 1440.0 1248.0 16.0 0.0 32.0 0.0 16.0 0.0 0.0 617664.0 210448.0 136800.0 99312.0 77344.0 64896.0 53920.0 11824.0 11344.0 10368.0 10064.0 10432.0 9968.0 9184.0 32.0 32.0 48.0 48.0 48.0 48.0 16.0 561392.0 212128.0 137840.0 99360.0 78080.0 65792.0 54912.0 6480.0 6800.0 5792.0 6048.0 6576.0 5504.0 5984.0 32.0 32.0 32.0 32.0 16.0 48.0 0.0 520992.0 185728.0 125008.0 96480.0 76032.0 62768.0 55120.0 84800.0 68176.0 57312.0 48624.0 43008.0 39440.0 34048.0 352.0 368.0 176.0 224.0 240.0 352.0 192.0 275552.0 118496.0 88016.0 70208.0 58400.0 49760.0 45680.0 259312.0 151712.0 108656.0 82976.0 68320.0 58176.0 48752.0 1264.0 1280.0 1088.0 1184.0 944.0 1104.0 1088.0 0.0 0.0 16.0 0.0 16.0 0.0 0.0 603600.0 201104.0 132048.0 98752.0 78304.0 65024.0 56160.0 46016.0 40512.0 36496.0 32656.0 30880.0 27920.0 25104.0 192.0 160.0 112.0 112.0 112.0 208.0 112.0 400640.0 159136.0 109008.0 85824.0 71472.0 58192.0 52208.0 154672.0 108576.0 84256.0 68032.0 57344.0 50864.0 42976.0 576.0 768.0 688.0 528.0 560.0 496.0 528.0 0.0 0.0 0.0 0.0 16.0 0.0 0.0 641040.0 212064.0 138928.0 100176.0 79936.0 65056.0 55232.0 18880.0 18176.0 15968.0 15072.0 15216.0 14816.0 13600.0 64.0 64.0 32.0 32.0 48.0 64.0 32.0 504016.0 201280.0 133456.0 97104.0 76496.0 64016.0 53856.0 4864.0 4768.0 3920.0 4144.0 4320.0 4544.0 4208.0 32.0 32.0 32.0 16.0 16.0 16.0 16.0 380784.0 153776.0 109744.0 86416.0 70784.0 59440.0 52464.0 175040.0 118560.0 89920.0 71264.0 59632.0 52000.0 44816.0 832.0 896.0 672.0 688.0 544.0 656.0 480.0 16.0 0.0 32.0 0.0 16.0 0.0 0.0 519008.0 184016.0 124720.0 94160.0 77088.0 62736.0 54448.0 85024.0 68224.0 57712.0 49104.0 42784.0 39392.0 34384.0 256.0 368.0 208.0 256.0 192.0 256.0 272.0 625936.0 215392.0 139552.0 101424.0 78928.0 65968.0 54576.0 12464.0 11744.0 10464.0 10272.0 11152.0 10080.0 10224.0 80.0 64.0 48.0 0.0 16.0 32.0 16.0 484736.0 180816.0 122624.0 92784.0 75456.0 62080.0 53632.0 102288.0 78288.0 65456.0 54304.0 48208.0 42992.0 37248.0 352.0 496.0 304.0 288.0 336.0 368.0 352.0 0.0 0.0 16.0 0.0 16.0 0.0 0.0 630416.0 208288.0 135264.0 100592.0 79040.0 65168.0 54752.0 33920.0 30160.0 28784.0 25440.0 24384.0 23424.0 21456.0 80.0 80.0 64.0 80.0 96.0 112.0 48.0 594016.0 212144.0 138112.0 100208.0 78928.0 65312.0 55296.0 8544.0 8816.0 7840.0 7456.0 8192.0 7984.0 7152.0 32.0 32.0 32.0 32.0 32.0 48.0 16.0 276944.0 118272.0 90624.0 73344.0 58016.0 51856.0 46880.0 264464.0 153152.0 110208.0 82864.0 69312.0 57904.0 48960.0 1248.0 1392.0 1168.0 1376.0 1312.0 1040.0 944.0 16.0 0.0 32.0 0.0 16.0 0.0 0.0
49 1 TRACE 11768.0 11768.0 11768.0 11768.0 11760.0 11768.0 8.0 11768.0 11768.0 11768.0 11768.0 11760.0 11768.0 8.0 11768.0 11768.0 11768.0 11768.0 11760.0 11768.0 8.0 11768.0 11768.0 11768.0 11768.0 11760.0 11768.0 8.0 11768.0 11768.0 11768.0 11768.0 11760.0 11768.0 8.0 11768.0 11768.0 11768.0 11768.0 11760.0 11768.0 8.0 11768.0 11768.0 11768.0 11768.0 11760.0 11768.0 8.0 11768.0 11768.0 11768.0 11768.0 11760.0 11768.0 8.0 11768.0 11768.0 11768.0 11768.0 11760.0 11768.0 8.0 11768.0 11768.0 11768.0 11768.0 11760.0 11768.0 8.0 11768.0 11768.0 11768.0 11768.0 11760.0 11768.0 8.0 11768.0 11768.0 11768.0 11768.0 11760.0 11768.0 8.0 11768.0 11768.0 11768.0 11768.0 11760.0 11768.0 8.0 11768.0 11768.0 11768.0 11768.0 11760.0 11768.0 8.0 11768.0 11768.0 11768.0 11768.0 11760.0 11768.0 8.0 11768.0 11768.0 11768.0 11768.0 11760.0 11768.0 8.0 11768.0 11768.0 11768.0 11768.0 11760.0 11768.0 8.0 11768.0 11768.0 11768.0 11768.0 11760.0 11768.0 8.0 11768.0 11768.0 11768.0 11768.0 11760.0 11768.0 8.0 11768.0 11768.0 11768.0 11768.0 11760.0 11768.0 8.0 11768.0 11768.0 11768.0 11768.0 11760.0 11768.0 8.0 11768.0 11768.0 11768.0 11768.0 11760.0 11768.0 8.0 11768.0 11768.0 11768.0 11768.0 11760.0 11768.0 8.0 11768.0 11768.0 11768.0 11768.0 11760.0 11768.0 8.0 11768.0 11768.0 11768.0 11768.0 11760.0 11768.0 8.0 11768.0 11768.0 11768.0 11768.0 11760.0 11768.0 8.0 11768.0 11768.0 11768.0 11768.0 11760.0 11768.0 8.0 11768.0 11768.0 11768.0 11768.0 11760.0 11768.0 8.0 11768.0 11768.0 11768.0 11768.0 11760.0 11768.0 8.0 11768.0 11768.0 11768.0 11768.0 11760.0 11768.0 8.0 11768.0 11768.0 11768.0 11768.0 11760.0 11768.0 8.0 11768.0 11768.0 11768.0 11768.0 11760.0 11768.0 8.0 11768.0 11768.0 11768.0 11768.0 11760.0 11768.0 8.0 11768.0 11768.0 11768.0 11768.0 11760.0 11768.0 8.0 11768.0 11768.0 11768.0 11768.0 11760.0 11768.0 8.0 11768.0 11768.0 11768.0 11768.0 11760.0 11768.0 8.0 11768.0 11768.0 11768.0 11768.0 11760.0 11768.0 8.0 11768.0 11768.0 11768.0 11768.0 11760.0 11768.0 8.0 11768.0 11768.0 11768.0 11768.0 11760.0 11768.0 8.0 11768.0 11768.0 11768.0 11768.0 11760.0 11768.0 8.0 11768.0 11768.0 11768.0 11768.0 11760.0 11768.0 8.0 11768.0 11768.0 11768.0 11768.0 11760.0 11768.0 8.0 11768.0 11768.0 11768.0 11768.0 11760.0 11768.0 8.0 11768.0 11768.0 11768.0 11768.0 11760.0 11768.0 8.0 11768.0 11768.0 11768.0 11768.0 11760.0 11768.0 8.0 11768.0 11768.0 11768.0 11768.0 11760.0 11768.0 8.0 11768.0 11768.0 11768.0 11768.0 11760.0 11768.0 8.0 11768.0 11768.0 11768.0 11768.0 11760.0 11768.0 8.0 11768.0 11768.0 11768.0 11768.0 11760.0 11768.0 8.0 11768.0 11768.0 11768.0 11768.0 11760.0 11768.0 8.0 11768.0 11768.0 11768.0 11768.0 11760.0 11768.0 8.0 11768.0 11768.0 11768.0 11768.0 11760.0 11768.0 8.0 11768.0 11768.0 11768.0 11768.0 11760.0 11768.0 8.0 11768.0 11768.0 11768.0 11768.0 11760.0 11768.0 8.0 11768.0 11768.0 11768.0 11768.0 11760.0 11768.0 8.0 11768.0 11768.0 11768.0 11768.0 11760.0 11768.0 8.0 11768.0 11768.0 11768.0 11768.0 11760.0 11768.0 8.0 11768.0 11768.0 11768.0 11768.0 11760.0 11768.0 8.0 11768.0 11768.0 11768.0 11768.0 11760.0 11768.0 8.0 11768.0 11768.0 11768.0 11768.0 11760.0 11768.0 8.0 11768.0 11768.0 11768.0 11768.0 11760.0 11768.0 8.0 11768.0 11768.0 11768.0 11768.0 11760.0 11768.0 8.0 11768.0 11768.0 11768.0 11768.0 11760.0 11768.0 8.0 11768.0 11768.0 11768.0 11768.0 11760.0 11768.0 8.0 11768.0 11768.0 11768.0 11768.0 11760.0 11768.0 8.0 11768.0 11768.0 11768.0 11768.0 11760.0 11768.0 8.0 11768.0 11768.0 11768.0 11768.0 11760.0 11768.0 8.0 11768.0 11768.0 11768.0 11768.0 11760.0 11768.0 8.0 11768.0 11768.0 11768.0 11768.0 11760.0 11768.0 8.0 11768.0 11768.0 11768.0 11768.0 11760.0 11768.0 8.0 11768.0 11768.0 11768.0 11768.0 11760.0 11768.0 8.0 11768.0 11768.0 11768.0 11768.0 11760.0 11768.0 8.0 11768.0 11768.0 11768.0 11768.0 11760.0 11768.0 8.0 11768.0 11768.0 11768.0 11768.0 11760.0 11768.0 8.0 11768.0 11768.0 11768.0 11768.0 11760.0 11768.0 8.0 11768.0 11768.0 11768.0 11768.0 11760.0 11768.0 8.0 11768.0 11768.0 11768.0 11768.0 11760.0 11768.0 8.0 11768.0 11768.0 11768.0 11768.0 11760.0 11768.0 8.0 11768.0 11768.0 11768.0 11768.0 11760.0 11768.0 8.0 11768.0 11768.0 11768.0 11768.0 11760.0 11768.0 8.0 11768.0 11768.0 11768.0 11768.0 11760.0 11768.0 8.0 11768.0 11768.0 11768.0 11768.0 11760.0 11768.0 8.0 11768.0 11768.0 11768.0 11768.0 11760.0 11768.0 8.0 11768.0 11768.0 11768.0 11768.0 11760.0 11768.0 8.0 11768.0 11768.0 11768.0 11768.0 11760.0 11768.0 8.0 11768.0 11768.0 11768.0 11768.0 11760.0 11768.0 8.0 11768.0 11768.0 11768.0 11768.0 11760.0 11768.0 8.0 11768.0 11768.0 11768.0 11768.0 11760.0 11768.0 8.0 11768.0 11768.0 11768.0 11768.0 11760.0 11768.0 8.0 11768.0 11768.0 11768.0 11768.0 11760.0 11768.0 8.0 11768.0 11768.0 11768.0 11768.0 11760.0 11768.0 8.0 11768.0 11768.0 11768.0 11768.0 11760.0 11768.0 8.0 11768.0 11768.0 11768.0 11768.0 11760.0 11768.0 8.0 11768.0 11768.0 11768.0 11768.0 11760.0 11768.0 8.0 11768.0 11768.0 11768.0 11768.0 11760.0 11768.0 8.0 11768.0 11768.0 11768.0 11768.0 11760.0 11768.0 8.0 11768.0 11768.0 11768.0 11768.0 11760.0 11768.0 8.0 11768.0 11768.0 11768.0 11768.0 11760.0 11768.0 8.0 11768.0 11768.0 11768.0 11768.0 11760.0 11768.0 8.0 11768.0 11768.0 11768.0 11768.0 11760.0 11768.0 8.0 11768.0 11768.0 11768.0 11768.0 11760.0 11768.0 8.0 11768.0 11768.0 11768.0 11768.0 11760.0 11768.0 8.0 11768.0 11768.0 11768.0 11768.0 11760.0 11768.0 8.0 11768.0 11768.0 11768.0 11768.0 11760.0 11768.0 8.0 11768.0 11768.0 11768.0 11768.0 11760.0 11768.0 8.0 11768.0 11768.0 11768.0 11768.0 11760.0 11768.0 8.0 11768.0 11768.0 11768.0 11768.0 11760.0 11768.0 8.0 11768.0 11768.0 11768.0 11768.0 11760.0 11768.0 8.0 11768.0 11768.0 11768.0 11768.0 11760.0 11768.0 8.0 11768.0 11768.0 11768.0 11768.0 11760.0 11768.0 8.0 11768.0 11768.0 11768.0 11768.0 11760.0 11768.0 8.0 11768.0 11768.0 11768.0 11768.0 11760.0 11768.0 8.0 11768.0 11768.0 11768.0 11768.0 11760.0 11768.0 8.0 11768.0 11768.0 11768.0 11768.0 11760.0 11768.0 8.0 11768.0 11768.0 11768.0 11768.0 11760.0 11768.0 8.0 11768.0 11768.0 11768.0 11768.0 11760.0 11768.0 8.0 11768.0 11768.0 11768.0 11768.0 11760.0 11768.0 8.0 11768.0 11768.0 11768.0 11768.0 11760.0 11768.0 8.0 11768.0 11768.0 11768.0 11768.0 11760.0 11768.0 8.0 11768.0 11768.0 11768.0 11768.0 11760.0 11768.0 8.0 11768.0 11768.0 11768.0 11768.0 11760.0 11768.0 8.0 11768.0 11768.0 11768.0 11768.0 11760.0 11768.0 8.0 11768.0 11768.0 11768.0 11768.0 11760.0 11768.0 8.0 11768.0 11768.0 11768.0 11768.0 11760.0 11768.0 8.0 11768.0 11768.0 11768.0 11768.0 11760.0 11768.0 8.0 11768.0 11768.0 11768.0 11768.0 11760.0 11768.0 8.0 11768.0 11768.0 11768.0 11768.0 11760.0 11768.0 8.0 11768.0 11768.0 11768.0 11768.0 11760.0 11768.0 8.0 11768.0 11768.0 11768.0 11768.0 11760.0 11768.0 8.0 11768.0 11768.0 11768.0 11768.0 11760.0 11768.0 8.0 11768.0 11768.0 11768.0 11768.0 11760.0 11768.0 8.0 11768.0 11768.0 11768.0 11768.0 11760.0 11768.0 8.0 11768.0 11768.0 11768.0 11768.0 11760.0 11768.0 8.0 11768.0 11768.0 11768.0 11768.0 11760.0 11768.0 8.0 11768.0 11768.0 11768.0 11768.0 11760.0 11768.0 8.0 11768.0 11768.0 11768.0 11768.0 11760.0 11768.0 8.0 11768.0 11768.0 11768.0 11768.0 11760.0 11768.0 8.0 11768.0 11768.0 11768.0 11768.0 11760.0 11768.0 8.0 11768.0 11768.0 11768.0 11768.0 11760.0 11768.0 8.0 11768.0 11768.0 11768.0 11768.0 11760.0 11768.0 8.0 11768.0 11768.0 11768.0 11768.0 11760.0 11768.0 8.0 11768.0 11768.0 11768.0 11768.0 11760.0 11768.0 8.0 11768.0 11768.0 11768.0 11768.0 11760.0 11768.0 8.0 11768.0 11768.0 11768.0 11768.0 11760.0 11768.0 8.0 11768.0 11768.0 11768.0 11768.0 11760.0 11768.0 8.0 11768.0 11768.0 11768.0 11768.0 11760.0 11768.0 8.0 11768.0 11768.0 11768.0 11768.0 11760.0 11768.0 8.0 11768.0 11768.0 11768.0 11768.0 11760.0 11768.0 8.0 11768.0 11768.0 11768.0 11768.0 11760.0 11768.0 8.0 11768.0 11768.0 11768.0 11768.0 11760.0 11768.0 8.0 11768.0 11768.0 11768.0 11768.0 11760.0 11768.0 8.0 11768.0 11768.0 11768.0 11768.0 11760.0 11768.0 8.0 11768.0 11768.0 11768.0 11768.0 11760.0 11768.0 8.0 11768.0 11768.0 11768.0 11768.0 11760.0 11768.0 8.0 11768.0 11768.0 11768.0 11768.0 11760.0 11768.0 8.0 11768.0 11768.0 11768.0 11768.0 11760.0 11768.0 8.0 11768.0 11768.0 11768.0 11768.0 11760.0 11768.0 8.0 11768.0 11768.0 11768.0 11768.0 11760.0 11768.0 8.0 11768.0 11768.0 11768.0 11768.0 11760.0 11768.0 8.0 11768.0 11768.0 11768.0 11768.0 11760.0 11768.0 8.0 11768.0 11768.0 11768.0 11768.0 11760.0 11768.0 8.0 11768.0 11768.0 11768.0 11768.0 11760.0 11768.0 8.0 11768.0 11768.0 11768.0 11768.0 11760.0 11768.0 8.0 11768.0 11768.0 11768.0 11768.0 11760.0 11768.0 8.0 11768.0 11768.0 11768.0 11768.0 11760.0 11768.0 8.0 11768.0 11768.0 11768.0 11768.0 11760.0 11768.0 8.0 11768.0 11768.0 11768.0 11768.0 11760.0 11768.0 8.0 11768.0 11768.0 11768.0 11768.0 11760.0 11768.0 8.0 11768.0 11768.0 11768.0 11768.0 11760.0 11768.0 8.0 11768.0 11768.0 11768.0 11768.0 11760.0 11768.0 8.0 11768.0 11768.0 11768.0 11768.0 11760.0 11768.0 8.0 11768.0 11768.0 11768.0 11768.0 11760.0 11768.0 8.0 11768.0 11768.0 11768.0 11768.0 11760.0 11768.0 8.0 11768.0 11768.0 11768.0 11768.0 11760.0 11768.0 8.0 11768.0 11768.0 11768.0 11768.0 11760.0 11768.0 8.0 11768.0 11768.0 11768.0 11768.0 11760.0 11768.0 8.0 11768.0 11768.0 11768.0 11768.0 11760.0 11768.0 8.0 11768.0 11768.0 11768.0 11768.0 11760.0 11768.0 8.0 11768.0 11768.0 11768.0 11768.0 11760.0 11768.0 8.0 11768.0 11768.0 11768.0 11768.0 11760.0 11768.0 8.0 11768.0 11768.0 11768.0 11768.0 11760.0 11768.0 8.0 11768.0 11768.0 11768.0 11768.0 11760.0 11768.0 8.0 11768.0 11768.0 11768.0 11768.0 11760.0 11768.0 8.0 11768.0 11768.0 11768.0 11768.0 11760.0 11768.0 8.0 11768.0 11768.0 11768.0 11768.0 11760.0 11768.0 8.0 11768.0 11768.0 11768.0 11768.0 11760.0 11768.0 8.0 11768.0 11768.0 11768.0 11768.0 11760.0 11768.0 8.0 11768.0 11768.0 11768.0 11768.0 11760.0 11768.0 8.0 11768.0 11768.0 11768.0 11768.0 11760.0 11768.0 8.0 11768.0 11768.0 11768.0 11768.0 11760.0 11768.0 8.0 11768.0 11768.0 11768.0 11768.0 11760.0 11768.0 8.0 11768.0 11768.0 11768.0 11768.0 11760.0 11768.0 8.0 11768.0 11768.0 11768.0 11768.0 11760.0 11768.0 8.0 11768.0 11768.0 11768.0 11768.0 11760.0 11768.0 8.0 11768.0 11768.0 11768.0 11768.0 11760.0 11768.0 8.0 11768.0 11768.0 11768.0 11768.0 11760.0 11768.0 8.0 11768.0 11768.0 11768.0 11768.0 11760.0 11768.0 8.0 11768.0 11768.0 11768.0 11768.0 11760.0 11768.0 8.0 11768.0 11768.0 11768.0 11768.0 11760.0 11768.0 8.0 11768.0 11768.0 11768.0 11768.0 11760.0 11768.0 8.0 11768.0 11768.0 11768.0 11768.0 11760.0 11768.0 8.0 11768.0 11768.0 11768.0 11768.0 11760.0 11768.0 8.0 11768.0 11768.0 11768.0 11768.0 11760.0 11768.0 8.0 11768.0 11768.0 11768.0 11768.0 11760.0 11768.0 8.0 11768.0 11768.0 11768.0 11768.0 11760.0 11768.0 8.0 11768.0 11768.0 11768.0 11768.0 11760.0 11768.0 8.0 11768.0 11768.0 11768.0 11768.0 11760.0 11768.0 8.0 11768.0 11768.0 11768.0 11768.0 11760.0 11768.0 8.0 11768.0 11768.0 11768.0 11768.0 11760.0 11768.0 8.0 11768.0 11768.0 11768.0 11768.0 11760.0 11768.0 8.0 11768.0 11768.0 11768.0 11768.0 11760.0 11768.0 8.0 11768.0 11768.0 11768.0 11768.0 11760.0 11768.0 8.0 11768.0 11768.0 11768.0 11768.0 11760.0 11768.0 8.0
50 1 CONSTANT 8.0
51 1 CONSTANT 8.0
52 1 CONSTANT 8.0
53 1 CONSTANT 8.0
54 1 CONSTANT 0.0
55 1 CONSTANT 0.0
56 1 CONSTANT 0.0
57 1 CONSTANT 0.0
58 1 CONSTANT 0.0
59 1 CONSTANT 0.0
60 1 CONSTANT 0.0
61 1 CONSTANT 0.0
62 1 CONSTANT 8.0
