0 1 CONSTANT 8.0
1 1 CONSTANT 8.0
2 1 CONSTANT 0.0
3 1 CONSTANT 8.0
4 1 CONSTANT 8.0
5 1 CONSTANT 8.0
6 1 CONSTANT 8.0
7 1 CONSTANT 8.0
8 1 CONSTANT 8.0
9 1 CONSTANT 0.0
10 1 CONSTANT 0.0
11 1 CONSTANT 0.0
12 1 CONSTANT 0.0
13 1 CONSTANT 8.0
14 1 CONSTANT 4.0
15 1 CONSTANT 4.0
16 1 CONSTANT 0.0
17 1 CONSTANT 0.0
18 1 CONSTANT 0.0
19 1 CONSTANT 0.0
20 1 CONSTANT 4.0
21 1 CONSTANT 8.0
22 1 CONSTANT 8.0
23 1 CONSTANT 8.0
24 1 CONSTANT 8.0
25 1 CONSTANT 4.0
26 1 CONSTANT 4.0
27 1 CONSTANT 8.0
28 1 TRACE 0.0 0.0 0.0 20.0 0.0 0.0 4.0 4.0 16.0 4.0 12.0 8.0 0.0 4.0 8.0 0.0 4.0 12.0 0.0 0.0 8.0 0.0 24.0 4.0 0.0 4.0 0.0 28.0 0.0 16.0 0.0 0.0 12.0 4.0 0.0 4.0 20.0 0.0 0.0 0.0 0.0 28.0 0.0 16.0 0.0 0.0 60.0 0.0 0.0 8.0 32.0 0.0 0.0 0.0 8.0 8.0 0.0 0.0 0.0 16.0 8.0 4.0 0.0 32.0 4.0 0.0 0.0 4.0 32.0 4.0 0.0 0.0 0.0 4.0 8.0 0.0 24.0 8.0 0.0 64.0 4.0 0.0 12.0 4.0 0.0 0.0 4.0 8.0 8.0 0.0 0.0 52.0 0.0 60.0 4.0 4.0 4.0 44.0 4.0 0.0 4.0 52.0 0.0 36.0 4.0 0.0 0.0 20.0 0.0 0.0 0.0 4.0 36.0 0.0 0.0 52.0 0.0 4.0 36.0 0.0 64.0 4.0 0.0 0.0 44.0 4.0 0.0 8.0 4.0 0.0 4.0 12.0 0.0 16.0 8.0 0.0 0.0 4.0 32.0 8.0 0.0 12.0 16.0 0.0 8.0 20.0 0.0 4.0 36.0 4.0 0.0 28.0 0.0 4.0 24.0 0.0 8.0 4.0 0.0 16.0 12.0 0.0 12.0 20.0 0.0 4.0 40.0 0.0 0.0 16.0 0.0 60.0 4.0 0.0 8.0 16.0 0.0 80.0 0.0 0.0 24.0 0.0
29 1 CONSTANT 4.0
30 1 TRACE 0.0 0.0 0.0 20.0 0.0 0.0 4.0 4.0 16.0 4.0 12.0 8.0 0.0 4.0 8.0 0.0 4.0 12.0 0.0 0.0 8.0 0.0 24.0 4.0 0.0 4.0 0.0 28.0 0.0 16.0 0.0 0.0 12.0 4.0 0.0 4.0 20.0 0.0 0.0 0.0 0.0 28.0 0.0 16.0 0.0 0.0 60.0 0.0 0.0 8.0 32.0 0.0 0.0 0.0 8.0 8.0 0.0 0.0 0.0 16.0 8.0 4.0 0.0 32.0 4.0 0.0 0.0 4.0 32.0 4.0 0.0 0.0 0.0 4.0 8.0 0.0 24.0 8.0 0.0 64.0 4.0 0.0 12.0 4.0 0.0 0.0 4.0 8.0 8.0 0.0 0.0 52.0 0.0 60.0 4.0 4.0 4.0 44.0 4.0 0.0 4.0 52.0 0.0 36.0 4.0 0.0 0.0 20.0 0.0 0.0 0.0 4.0 36.0 0.0 0.0 52.0 0.0 4.0 36.0 0.0 64.0 4.0 0.0 0.0 44.0 4.0 0.0 8.0 4.0 0.0 4.0 12.0 0.0 16.0 8.0 0.0 0.0 4.0 32.0 8.0 0.0 12.0 16.0 0.0 8.0 20.0 0.0 4.0 36.0 4.0 0.0 28.0 0.0 4.0 24.0 0.0 8.0 4.0 0.0 16.0 12.0 0.0 12.0 20.0 0.0 4.0 40.0 0.0 0.0 16.0 0.0 60.0 4.0 0.0 8.0 16.0 0.0 80.0 0.0 0.0 24.0 0.0
31 1 CONSTANT 8.0
32 1 CONSTANT 8.0
33 1 CONSTANT 4.0
34 1 CONSTANT 0.0
35 1 CONSTANT 0.0
36 1 CONSTANT 8.0
37 1 CONSTANT 8.0
38 1 CONSTANT 8.0
39 1 TRACE 0.0 8.0 0.0 0.0 8.0 0.0 8.0 0.0 0.0 8.0 0.0 0.0 8.0 0.0 0.0 8.0 0.0 0.0 8.0 0.0 0.0 8.0 0.0 0.0 0.0 8.0 0.0 0.0 8.0 0.0 0.0 8.0 0.0 0.0 8.0 0.0 0.0 0.0 0.0 8.0 0.0 0.0 8.0 0.0 0.0 8.0 0.0 0.0 8.0 0.0 0.0 8.0 0.0 8.0 0.0 0.0 8.0 0.0 8.0 0.0 0.0 8.0 8.0 0.0 0.0 0.0 0.0 8.0 0.0 0.0 8.0 0.0 8.0 0.0 0.0 8.0 0.0 0.0 8.0 0.0 8.0 8.0 0.0 0.0 8.0 0.0 8.0 0.0 0.0 8.0 0.0 0.0 8.0 0.0 0.0 8.0 8.0 0.0 0.0 8.0 0.0 0.0 8.0 0.0 0.0 8.0 0.0 0.0 8.0 0.0 8.0 0.0 0.0 8.0 0.0 0.0 8.0 0.0 0.0 8.0 0.0 0.0 8.0 8.0 0.0 0.0 8.0 0.0 0.0 8.0 0.0 0.0 8.0 0.0 0.0 8.0 0.0 8.0 0.0 0.0 8.0 0.0 0.0 8.0 0.0 0.0 8.0 0.0 0.0 8.0 0.0 0.0 8.0 0.0 0.0 8.0 0.0 0.0 8.0 0.0 0.0 8.0 0.0 0.0 8.0 0.0 0.0 8.0 0.0 0.0 8.0 0.0 0.0 8.0 0.0 0.0 0.0 0.0 8.0 8.0 0.0 0.0
40 1 CONSTANT 8.0
41 1 CONSTANT 8.0
42 1 CONSTANT 8.0
43 1 CONSTANT 1256.0
44 1 CONSTANT 1248.0
45 1 CONSTANT 8.0
46 1 CONSTANT 1256.0
47 1 CONSTANT 4.0
48 1 TRACE 56464.0 18944.0 11936.0 38096.0 16944.0 10016.0 224.0 160.0 288.0 0.0 0.0 0.0 94240.0 22880.0 12096.0 4832.0 3920.0 3040.0 16.0 0.0 0.0 54000.0 17232.0 11232.0 38928.0 17184.0 9952.0 176.0 240.0 272.0 0.0 0.0 0.0 95440.0 23360.0 12336.0 5888.0 4704.0 3696.0 32.0 0.0 16.0 86032.0 21648.0 11952.0 2000.0 1616.0 1584.0 0.0 0.0 0.0 91664.0 22768.0 12528.0 2688.0 2288.0 1984.0 0.0 16.0 0.0 90736.0 22672.0 11920.0 2880.0 2352.0 2288.0 0.0 0.0 0.0 91872.0 22256.0 12144.0 3328.0 2832.0 2464.0 0.0 0.0 16.0 89296.0 22416.0 12368.0 2400.0 2112.0 1728.0 0.0 0.0 16.0 51040.0 15184.0 9648.0 38736.0 17216.0 10288.0 224.0 176.0 272.0 0.0 0.0 0.0 91440.0 23056.0 13168.0 10096.0 7040.0 5216.0 32.0 32.0 32.0 70992.0 20848.0 11456.0 896.0 720.0 800.0 0.0 0.0 0.0 74240.0 21616.0 12080.0 928.0 816.0 928.0 0.0 0.0 0.0 94016.0 23072.0 12528.0 7504.0 5584.0 4352.0 32.0 32.0 32.0 49648.0 15280.0 8928.0 40560.0 17232.0 10608.0 224.0 192.0 240.0 0.0 0.0 0.0 91920.0 22800.0 11888.0 9280.0 6880.0 5584.0 32.0 16.0 32.0 59696.0 20304.0 11440.0 528.0 560.0 576.0 0.0 0.0 0.0 59616.0 20160.0 11408.0 576.0 592.0 576.0 0.0 0.0 0.0 93504.0 22576.0 12736.0 7808.0 6160.0 4640.0 48.0 32.0 64.0 74112.0 21696.0 13008.0 23488.0 12944.0 8256.0 112.0 80.0 80.0 0.0 0.0 0.0 92864.0 23088.0 12064.0 3264.0 2592.0 2528.0 0.0 0.0 16.0 58560.0 18400.0 11488.0 34624.0 16112.0 10048.0 192.0 176.0 224.0 0.0 0.0 0.0 76656.0 21968.0 12208.0 1344.0 1120.0 1024.0 0.0 0.0 0.0 61552.0 20112.0 11328.0 720.0 688.0 608.0 0.0 0.0 0.0 42960.0 19184.0 12720.0 55696.0 19280.0 11088.0 448.0 448.0 496.0 0.0 0.0 0.0 80672.0 22112.0 12016.0 1488.0 1456.0 1264.0 0.0 0.0 0.0 71872.0 18192.0 11056.0 23552.0 13296.0 8848.0 80.0 160.0 96.0 0.0 0.0 0.0 80352.0 21536.0 11792.0 1424.0 1168.0 1152.0 0.0 0.0 0.0 74304.0 20896.0 11504.0 1104.0 944.0 896.0 0.0 0.0 0.0 61920.0 20160.0 10768.0 528.0 544.0 640.0 0.0 0.0 0.0 84064.0 22432.0 11984.0 1600.0 1440.0 1376.0 0.0 0.0 0.0 74560.0 22640.0 12608.0 22976.0 12496.0 8512.0 64.0 112.0 112.0 0.0 0.0 0.0 90032.0 22544.0 11792.0 2560.0 2256.0 2128.0 0.0 0.0 0.0 90704.0 21872.0 12128.0 9888.0 7296.0 5520.0 64.0 32.0 32.0 60352.0 19824.0 11072.0 576.0 544.0 624.0 0.0 0.0 0.0 59472.0 19792.0 11344.0 496.0 544.0 592.0 0.0 0.0 0.0 88768.0 22800.0 12864.0 12560.0 8208.0 6080.0 48.0 16.0 32.0 63664.0 20256.0 11424.0 704.0 688.0 688.0 0.0 0.0 0.0 94976.0 22624.0 12400.0 5904.0 4384.0 3600.0 32.0 16.0 0.0 52608.0 19488.0 13424.0 44448.0 17264.0 10512.0 224.0 288.0 176.0 0.0 0.0 0.0 87936.0 21824.0 12096.0 12080.0 8480.0 6288.0 32.0 64.0 48.0 84928.0 23408.0 13040.0 15040.0 9840.0 7056.0 64.0 32.0 48.0 87760.0 21920.0 12224.0 11776.0 8464.0 6096.0 16.0 32.0 48.0 70656.0 20752.0 11488.0 880.0 880.0 976.0 0.0 0.0 0.0 65728.0 21440.0 11760.0 768.0 624.0 672.0 0.0 0.0 0.0 75120.0 21392.0 11904.0 1120.0 1024.0 944.0 0.0 0.0 0.0 94208.0 22848.0 12560.0 3536.0 3008.0 2496.0 16.0 0.0 16.0 78288.0 21600.0 11520.0 1312.0 1200.0 1120.0 0.0 0.0 0.0 76192.0 21440.0 13600.0 21824.0 12640.0 8128.0 96.0 96.0 96.0 0.0 0.0 0.0 83696.0 22208.0 11904.0 1824.0 1376.0 1552.0 0.0 0.0 0.0 89008.0 22608.0 12480.0 2240.0 2032.0 1808.0 16.0 0.0 0.0 94816.0 22576.0 12752.0 6080.0 4704.0 3712.0 32.0 16.0 16.0 94608.0 22848.0 12192.0 7152.0 5648.0 4704.0 32.0 16.0 16.0 94816.0 22928.0 13184.0 5664.0 4496.0 3584.0 32.0 16.0 16.0 92208.0 23024.0 12464.0 9536.0 6816.0 5344.0 48.0 16.0 16.0 90080.0 22032.0 12016.0 2720.0 2304.0 2064.0 0.0 0.0 0.0 90224.0 22624.0 12064.0 2768.0 2240.0 2096.0 0.0 0.0 0.0 95504.0 22976.0 12288.0 5520.0 4656.0 3744.0 32.0 16.0 16.0 90240.0 22560.0 13216.0 11152.0 8144.0 5856.0 48.0 48.0 32.0 94656.0 23536.0 12224.0 6640.0 5008.0 4208.0 16.0 32.0 32.0 74304.0 21328.0 11760.0 1040.0 1024.0 928.0 0.0 0.0 0.0 94880.0 22928.0 12192.0 5184.0 3984.0 3168.0 0.0 0.0 0.0 73680.0 21568.0 12944.0 23744.0 12880.0 8544.0 96.0 80.0 64.0 58016.0 19104.0 11264.0 464.0 608.0 448.0 0.0 0.0 0.0
49 1 TRACE 1256.0 1264.0 8.0 1256.0 1264.0 8.0 1256.0 1264.0 8.0 1256.0 1264.0 8.0 1256.0 1264.0 8.0 1256.0 1264.0 8.0 1256.0 1264.0 8.0 1256.0 1264.0 8.0 1256.0 1264.0 8.0 1256.0 1264.0 8.0 1256.0 1264.0 8.0 1256.0 1264.0 8.0 1256.0 1264.0 8.0 1256.0 1264.0 8.0 1256.0 1264.0 8.0 1256.0 1264.0 8.0 1256.0 1264.0 8.0 1256.0 1264.0 8.0 1256.0 1264.0 8.0 1256.0 1264.0 8.0 1256.0 1264.0 8.0 1256.0 1264.0 8.0 1256.0 1264.0 8.0 1256.0 1264.0 8.0 1256.0 1264.0 8.0 1256.0 1264.0 8.0 1256.0 1264.0 8.0 1256.0 1264.0 8.0 1256.0 1264.0 8.0 1256.0 1264.0 8.0 1256.0 1264.0 8.0 1256.0 1264.0 8.0 1256.0 1264.0 8.0 1256.0 1264.0 8.0 1256.0 1264.0 8.0 1256.0 1264.0 8.0 1256.0 1264.0 8.0 1256.0 1264.0 8.0 1256.0 1264.0 8.0 1256.0 1264.0 8.0 1256.0 1264.0 8.0 1256.0 1264.0 8.0 1256.0 1264.0 8.0 1256.0 1264.0 8.0 1256.0 1264.0 8.0 1256.0 1264.0 8.0 1256.0 1264.0 8.0 1256.0 1264.0 8.0 1256.0 1264.0 8.0 1256.0 1264.0 8.0 1256.0 1264.0 8.0 1256.0 1264.0 8.0 1256.0 1264.0 8.0 1256.0 1264.0 8.0 1256.0 1264.0 8.0 1256.0 1264.0 8.0 1256.0 1264.0 8.0 1256.0 1264.0 8.0 1256.0 1264.0 8.0 1256.0 1264.0 8.0 1256.0 1264.0 8.0 1256.0 1264.0 8.0 1256.0 1264.0 8.0 1256.0 1264.0 8.0 1256.0 1264.0 8.0 1256.0 1264.0 8.0 1256.0 1264.0 8.0 1256.0 1264.0 8.0 1256.0 1264.0 8.0 1256.0 1264.0 8.0 1256.0 1264.0 8.0 1256.0 1264.0 8.0 1256.0 1264.0 8.0 1256.0 1264.0 8.0 1256.0 1264.0 8.0 1256.0 1264.0 8.0 1256.0 1264.0 8.0 1256.0 1264.0 8.0 1256.0 1264.0 8.0 1256.0 1264.0 8.0 1256.0 1264.0 8.0 1256.0 1264.0 8.0 1256.0 1264.0 8.0 1256.0 1264.0 8.0 1256.0 1264.0 8.0 1256.0 1264.0 8.0 1256.0 1264.0 8.0 1256.0 1264.0 8.0 1256.0 1264.0 8.0 1256.0 1264.0 8.0 1256.0 1264.0 8.0 1256.0 1264.0 8.0 1256.0 1264.0 8.0 1256.0 1264.0 8.0 1256.0 1264.0 8.0 1256.0 1264.0 8.0 1256.0 1264.0 8.0 1256.0 1264.0 8.0 1256.0 1264.0 8.0 1256.0 1264.0 8.0 1256.0 1264.0 8.0 1256.0 1264.0 8.0 1256.0 1264.0 8.0 1256.0 1264.0 8.0 1256.0 1264.0 8.0 1256.0 1264.0 8.0 1256.0 1264.0 8.0 1256.0 1264.0 8.0 1256.0 1264.0 8.0 1256.0 1264.0 8.0 1256.0 1264.0 8.0 1256.0 1264.0 8.0 1256.0 1264.0 8.0 1256.0 1264.0 8.0 1256.0 1264.0 8.0 1256.0 1264.0 8.0 1256.0 1264.0 8.0 1256.0 1264.0 8.0 1256.0 1264.0 8.0 1256.0 1264.0 8.0 1256.0 1264.0 8.0 1256.0 1264.0 8.0 1256.0 1264.0 8.0 1256.0 1264.0 8.0 1256.0 1264.0 8.0 1256.0 1264.0 8.0 1256.0 1264.0 8.0 1256.0 1264.0 8.0 1256.0 1264.0 8.0 1256.0 1264.0 8.0 1256.0 1264.0 8.0 1256.0 1264.0 8.0 1256.0 1264.0 8.0 1256.0 1264.0 8.0 1256.0 1264.0 8.0 1256.0 1264.0 8.0 1256.0 1264.0 8.0 1256.0 1264.0 8.0 1256.0 1264.0 8.0 1256.0 1264.0 8.0 1256.0 1264.0 8.0 1256.0 1264.0 8.0 1256.0 1264.0 8.0 1256.0 1264.0 8.0 1256.0 1264.0 8.0 1256.0 1264.0 8.0 1256.0 1264.0 8.0 1256.0 1264.0 8.0 1256.0 1264.0 8.0 1256.0 1264.0 8.0 1256.0 1264.0 8.0 1256.0 1264.0 8.0 1256.0 1264.0 8.0 1256.0 1264.0 8.0 1256.0 1264.0 8.0 1256.0 1264.0 8.0 1256.0 1264.0 8.0 1256.0 1264.0 8.0 1256.0 1264.0 8.0 1256.0 1264.0 8.0 1256.0 1264.0 8.0 1256.0 1264.0 8.0 1256.0 1264.0 8.0 1256.0 1264.0 8.0 1256.0 1264.0 8.0 1256.0 1264.0 8.0 1256.0 1264.0 8.0 1256.0 1264.0 8.0 1256.0 1264.0 8.0 1256.0 1264.0 8.0 1256.0 1264.0 8.0 1256.0 1264.0 8.0 1256.0 1264.0 8.0 1256.0 1264.0 8.0 1256.0 1264.0 8.0 1256.0 1264.0 8.0 1256.0 1264.0 8.0 1256.0 1264.0 8.0 1256.0 1264.0 8.0 1256.0 1264.0 8.0 1256.0 1264.0 8.0 1256.0 1264.0 8.0 1256.0 1264.0 8.0 1256.0 1264.0 8.0 1256.0 1264.0 8.0 1256.0 1264.0 8.0 1256.0 1264.0 8.0 1256.0 1264.0 8.0 1256.0 1264.0 8.0 1256.0 1264.0 8.0 1256.0 1264.0 8.0 1256.0 1264.0 8.0 1256.0 1264.0 8.0 1256.0 1264.0 8.0 1256.0 1264.0 8.0 1256.0 1264.0 8.0 1256.0 1264.0 8.0 1256.0 1264.0 8.0 1256.0 1264.0 8.0 1256.0 1264.0 8.0 1256.0 1264.0 8.0 1256.0 1264.0 8.0 1256.0 1264.0 8.0
50 1 TRACE 8.0 8.0 8.0 0.0 8.0 8.0 8.0 8.0 8.0 8.0 0.0 8.0 8.0 8.0 8.0 8.0 8.0 8.0 8.0 8.0 8.0 8.0 8.0 8.0 8.0 8.0 8.0 8.0 8.0 8.0 8.0 8.0 0.0 8.0 8.0 8.0 8.0 8.0 8.0 8.0 8.0 8.0 8.0 8.0 8.0 8.0 8.0 8.0 8.0 8.0 8.0 8.0 8.0 8.0 8.0 8.0 8.0 8.0 8.0 8.0 8.0 8.0 8.0 8.0 0.0 8.0 8.0 8.0 8.0 8.0 8.0 0.0 8.0 8.0 8.0 8.0 8.0 8.0 8.0 8.0 8.0 8.0 8.0 8.0 8.0 8.0 8.0 8.0 0.0 8.0 8.0 8.0 8.0 8.0 8.0 8.0 8.0 0.0 8.0 8.0 8.0 8.0 8.0 8.0 0.0 8.0 8.0 8.0 8.0 8.0 8.0 8.0 8.0 8.0 8.0 8.0 8.0 8.0 8.0 8.0 8.0 8.0 8.0 8.0 8.0 8.0 8.0 8.0 8.0 0.0 8.0 8.0 8.0 8.0 8.0 8.0 8.0 8.0 8.0 8.0 8.0 8.0 8.0 8.0 8.0 8.0 8.0 8.0 8.0 8.0 8.0 8.0 8.0 8.0 8.0 8.0 8.0 0.0 8.0 8.0 8.0 8.0 8.0 8.0 8.0 8.0 8.0 8.0 8.0 8.0 8.0 8.0 8.0 8.0 8.0 8.0 8.0 8.0 8.0 8.0 8.0 8.0 8.0 8.0 8.0 8.0 8.0 8.0 8.0 8.0 8.0 8.0 8.0 8.0 8.0 8.0 8.0 8.0 8.0 8.0 8.0 8.0 8.0
51 1 CONSTANT 8.0
52 1 CONSTANT 8.0
53 1 CONSTANT 8.0
54 1 CONSTANT 0.0
55 1 CONSTANT 0.0
56 1 CONSTANT 0.0
57 1 CONSTANT 0.0
58 1 CONSTANT 0.0
59 1 CONSTANT 0.0
60 1 CONSTANT 0.0
61 1 CONSTANT 0.0
62 1 CONSTANT 8.0
