0 1 CONSTANT 8.0
1 1 CONSTANT 8.0
2 1 CONSTANT 0.0
3 1 CONSTANT 8.0
4 1 CONSTANT 8.0
5 1 CONSTANT 8.0
6 1 CONSTANT 8.0
7 1 CONSTANT 8.0
8 1 CONSTANT 8.0
9 1 CONSTANT 0.0
10 1 CONSTANT 0.0
11 1 CONSTANT 0.0
12 1 CONSTANT 0.0
13 1 CONSTANT 8.0
14 1 CONSTANT 4.0
15 1 CONSTANT 4.0
16 1 CONSTANT 0.0
17 1 CONSTANT 0.0
18 1 CONSTANT 0.0
19 1 CONSTANT 0.0
20 1 CONSTANT 4.0
21 1 CONSTANT 8.0
22 1 CONSTANT 8.0
23 1 CONSTANT 8.0
24 1 CONSTANT 8.0
25 1 CONSTANT 4.0
26 1 CONSTANT 4.0
27 1 CONSTANT 8.0
28 1 TRACE 0.0 0.0 16.0 0.0 0.0 0.0 0.0 0.0 0.0 12.0 0.0 0.0 0.0 0.0 0.0 8.0 0.0 0.0 0.0 24.0 0.0 0.0 32.0 0.0 0.0 4.0 0.0 0.0 0.0 8.0 0.0 0.0 4.0 0.0 0.0 16.0 0.0 0.0 0.0 20.0 0.0 0.0 0.0 0.0 0.0 16.0 0.0 0.0 0.0 4.0 0.0 12.0 0.0 0.0 0.0 0.0 0.0 0.0 8.0 0.0 0.0 0.0 8.0 0.0 0.0 20.0 0.0 0.0 0.0 4.0 0.0 0.0 12.0 0.0 0.0 16.0 0.0 0.0 0.0 0.0 0.0 0.0 0.0 20.0 0.0 0.0 24.0 0.0 0.0 0.0 16.0 0.0 0.0 0.0 0.0 4.0 0.0 4.0 0.0 0.0 0.0 4.0 20.0 0.0 0.0 0.0 0.0 0.0 0.0 0.0 0.0 28.0 0.0 4.0 0.0 12.0 0.0 0.0 0.0 28.0 0.0 0.0 0.0 0.0 20.0 0.0 4.0 20.0 0.0 0.0 0.0 4.0 0.0 8.0 0.0 0.0 28.0 0.0 0.0 0.0 0.0 0.0 0.0 16.0 0.0 0.0 40.0 0.0 0.0 0.0 0.0 0.0 12.0 0.0 0.0 0.0 8.0 0.0 0.0 0.0 4.0 0.0 0.0 12.0 0.0 4.0 0.0 0.0 0.0 8.0 0.0 0.0 0.0 4.0 0.0 0.0 8.0 0.0 0.0 20.0 0.0 0.0 0.0 4.0 0.0 0.0 24.0 0.0 0.0 0.0 0.0 4.0 0.0 0.0 0.0 0.0 0.0 0.0 0.0 0.0 0.0 24.0 0.0 0.0 0.0 48.0 0.0 0.0 0.0 24.0
29 1 CONSTANT 4.0
30 1 TRACE 0.0 0.0 16.0 0.0 0.0 0.0 0.0 0.0 0.0 12.0 0.0 0.0 0.0 0.0 0.0 8.0 0.0 0.0 0.0 24.0 0.0 0.0 32.0 0.0 0.0 4.0 0.0 0.0 0.0 8.0 0.0 0.0 4.0 0.0 0.0 16.0 0.0 0.0 0.0 20.0 0.0 0.0 0.0 0.0 0.0 16.0 0.0 0.0 0.0 4.0 0.0 12.0 0.0 0.0 0.0 0.0 0.0 0.0 8.0 0.0 0.0 0.0 8.0 0.0 0.0 20.0 0.0 0.0 0.0 4.0 0.0 0.0 12.0 0.0 0.0 16.0 0.0 0.0 0.0 0.0 0.0 0.0 0.0 20.0 0.0 0.0 24.0 0.0 0.0 0.0 16.0 0.0 0.0 0.0 0.0 4.0 0.0 4.0 0.0 0.0 0.0 4.0 20.0 0.0 0.0 0.0 0.0 0.0 0.0 0.0 0.0 28.0 0.0 4.0 0.0 12.0 0.0 0.0 0.0 28.0 0.0 0.0 0.0 0.0 20.0 0.0 4.0 20.0 0.0 0.0 0.0 4.0 0.0 8.0 0.0 0.0 28.0 0.0 0.0 0.0 0.0 0.0 0.0 16.0 0.0 0.0 40.0 0.0 0.0 0.0 0.0 0.0 12.0 0.0 0.0 0.0 8.0 0.0 0.0 0.0 4.0 0.0 0.0 12.0 0.0 4.0 0.0 0.0 0.0 8.0 0.0 0.0 0.0 4.0 0.0 0.0 8.0 0.0 0.0 20.0 0.0 0.0 0.0 4.0 0.0 0.0 24.0 0.0 0.0 0.0 0.0 4.0 0.0 0.0 0.0 0.0 0.0 0.0 0.0 0.0 0.0 24.0 0.0 0.0 0.0 48.0 0.0 0.0 0.0 24.0
31 1 CONSTANT 8.0
32 1 CONSTANT 8.0
33 1 CONSTANT 4.0
34 1 CONSTANT 0.0
35 1 CONSTANT 0.0
36 1 CONSTANT 8.0
37 1 CONSTANT 8.0
38 1 CONSTANT 8.0
39 1 TRACE 8.0 0.0 0.0 8.0 8.0 0.0 0.0 8.0 0.0 0.0 8.0 0.0 0.0 8.0 8.0 0.0 0.0 8.0 0.0 0.0 8.0 8.0 0.0 0.0 8.0 0.0 0.0 8.0 0.0 0.0 8.0 8.0 0.0 0.0 8.0 0.0 0.0 8.0 0.0 0.0 8.0 0.0 0.0 8.0 8.0 0.0 0.0 8.0 0.0 0.0 8.0 0.0 0.0 8.0 0.0 0.0 8.0 8.0 0.0 0.0 8.0 0.0 0.0 8.0 8.0 0.0 0.0 8.0 0.0 0.0 8.0 0.0 0.0 8.0 0.0 0.0 8.0 0.0 0.0 8.0 0.0 8.0 0.0 0.0 8.0 0.0 8.0 0.0 8.0 0.0 0.0 8.0 0.0 0.0 8.0 0.0 0.0 8.0 0.0 0.0 8.0 0.0 0.0 8.0 0.0 0.0 8.0 0.0 0.0 8.0 0.0 8.0 0.0 8.0 8.0 0.0 0.0 8.0 0.0 0.0 8.0 0.0 8.0 0.0 0.0 8.0 0.0 8.0 0.0 8.0 0.0 0.0 8.0 0.0 0.0 8.0 0.0 0.0 8.0 0.0 0.0 8.0 0.0 0.0 8.0 0.0 0.0 8.0 0.0 0.0 8.0 0.0 0.0 8.0 8.0 0.0 0.0 8.0 8.0 0.0 0.0 8.0 0.0 0.0 8.0 0.0 0.0 8.0 8.0 0.0 0.0 8.0 0.0 0.0 8.0 0.0 0.0 8.0 8.0 0.0 0.0 8.0 0.0 0.0 8.0 8.0 0.0 0.0 8.0 8.0 0.0 0.0 8.0 8.0 0.0 0.0 8.0 0.0 0.0 8.0 0.0 8.0 0.0 8.0 8.0 0.0 0.0 8.0 0.0 0.0
40 1 CONSTANT 8.0
41 1 CONSTANT 8.0
42 1 CONSTANT 8.0
43 1 CONSTANT 656.0
44 1 CONSTANT 648.0
45 1 CONSTANT 8.0
46 1 CONSTANT 656.0
47 1 CONSTANT 4.0
48 1 TRACE 31488.0 12816.0 7744.0 5488.0 4336.0 3776.0 3344.0 2640.0 3152.0 2656.0 2464.0 1968.0 2000.0 1952.0 1488.0 1520.0 0.0 16.0 16.0 32.0 16.0 16.0 0.0 32.0 31600.0 12480.0 7744.0 5360.0 4592.0 3664.0 2992.0 2528.0 560.0 416.0 448.0 496.0 336.0 416.0 352.0 320.0 0.0 0.0 0.0 0.0 0.0 0.0 0.0 0.0 31712.0 13488.0 7968.0 5648.0 4608.0 3824.0 3472.0 2896.0 2784.0 2560.0 2496.0 1856.0 1760.0 1760.0 1344.0 1248.0 0.0 0.0 16.0 16.0 16.0 16.0 16.0 16.0 33040.0 13056.0 7824.0 5552.0 4672.0 3664.0 2976.0 2464.0 640.0 608.0 720.0 544.0 464.0 656.0 624.0 480.0 0.0 0.0 0.0 16.0 16.0 0.0 0.0 16.0 29104.0 11824.0 7584.0 5504.0 4240.0 3584.0 2944.0 2304.0 272.0 320.0 416.0 288.0 240.0 352.0 272.0 336.0 0.0 0.0 0.0 0.0 0.0 0.0 0.0 0.0 28656.0 12832.0 7376.0 5120.0 4560.0 4016.0 3296.0 2912.0 4400.0 3360.0 3040.0 2496.0 2208.0 2240.0 1760.0 1616.0 0.0 16.0 16.0 0.0 48.0 0.0 16.0 48.0 23328.0 10864.0 7280.0 5232.0 4288.0 3616.0 2752.0 2432.0 96.0 160.0 224.0 144.0 176.0 176.0 192.0 208.0 0.0 0.0 0.0 0.0 0.0 0.0 0.0 0.0 29456.0 12032.0 7600.0 5680.0 4368.0 3696.0 3120.0 2432.0 272.0 432.0 400.0 192.0 320.0 256.0 304.0 336.0 0.0 0.0 0.0 0.0 0.0 0.0 0.0 0.0 35120.0 13088.0 8096.0 5712.0 4672.0 3664.0 3200.0 2688.0 1296.0 1328.0 1424.0 1200.0 1024.0 1216.0 880.0 800.0 0.0 0.0 16.0 16.0 16.0 0.0 0.0 16.0 28912.0 11744.0 7392.0 5488.0 4448.0 3488.0 2896.0 2288.0 336.0 352.0 352.0 272.0 304.0 352.0 304.0 352.0 0.0 0.0 0.0 0.0 0.0 0.0 0.0 0.0 28944.0 12416.0 7440.0 5552.0 4464.0 3696.0 2880.0 2448.0 272.0 336.0 464.0 304.0 304.0 336.0 368.0 288.0 0.0 0.0 0.0 0.0 0.0 0.0 0.0 16.0 28816.0 13024.0 7968.0 5216.0 4384.0 3760.0 3280.0 3024.0 4384.0 3744.0 3280.0 2512.0 2448.0 2368.0 1840.0 1472.0 0.0 0.0 16.0 16.0 16.0 32.0 16.0 32.0 31936.0 12752.0 7664.0 5520.0 4368.0 3728.0 3040.0 2464.0 448.0 480.0 528.0 368.0 384.0 368.0 416.0 400.0 0.0 0.0 0.0 0.0 16.0 0.0 0.0 0.0 20512.0 10400.0 6896.0 4928.0 4048.0 3632.0 2864.0 2384.0 48.0 208.0 160.0 64.0 176.0 96.0 128.0 144.0 0.0 0.0 0.0 0.0 0.0 0.0 0.0 0.0 34048.0 12544.0 7776.0 5632.0 4592.0 3808.0 3056.0 2384.0 592.0 656.0 736.0 528.0 624.0 640.0 528.0 528.0 0.0 0.0 0.0 0.0 16.0 0.0 0.0 0.0 19952.0 10160.0 6880.0 5312.0 4112.0 3504.0 2816.0 2448.0 96.0 160.0 112.0 48.0 192.0 112.0 160.0 112.0 0.0 0.0 0.0 0.0 0.0 0.0 0.0 0.0 29552.0 12400.0 7616.0 5632.0 4496.0 3600.0 2992.0 2480.0 384.0 448.0 368.0 304.0 352.0 416.0 352.0 336.0 0.0 0.0 0.0 0.0 16.0 0.0 0.0 0.0 30112.0 12160.0 7760.0 5392.0 4336.0 3504.0 2880.0 2544.0 416.0 368.0 400.0 368.0 320.0 352.0 384.0 256.0 0.0 0.0 0.0 0.0 16.0 0.0 0.0 0.0 35120.0 13104.0 8096.0 5712.0 4672.0 3648.0 3200.0 2688.0 1296.0 1328.0 1424.0 1200.0 1024.0 1216.0 880.0 800.0 0.0 0.0 16.0 16.0 16.0 0.0 0.0 16.0 19760.0 9952.0 6736.0 5216.0 4080.0 3520.0 2656.0 2272.0 80.0 240.0 160.0 112.0 160.0 144.0 192.0 128.0 0.0 0.0 0.0 0.0 0.0 0.0 0.0 0.0 33792.0 12736.0 7808.0 5360.0 4496.0 3632.0 3104.0 2528.0 752.0 672.0 768.0 736.0 544.0 560.0 432.0 464.0 0.0 0.0 0.0 0.0 0.0 0.0 0.0 0.0 32256.0 13072.0 8048.0 5664.0 4832.0 3680.0 3424.0 2704.0 2752.0 2368.0 2160.0 1840.0 1712.0 1696.0 1280.0 1264.0 0.0 16.0 16.0 16.0 16.0 16.0 0.0 16.0 31168.0 12992.0 8112.0 5680.0 4608.0 3712.0 3360.0 2912.0 3104.0 2368.0 2368.0 1936.0 1840.0 2000.0 1456.0 1344.0 0.0 16.0 16.0 16.0 16.0 0.0 32.0 16.0 19120.0 10224.0 6960.0 4640.0 3600.0 3776.0 2992.0 2768.0 11200.0 7536.0 5296.0 4112.0 3520.0 3104.0 2368.0 2064.0 0.0 64.0 80.0 32.0 48.0 32.0 64.0 80.0 0.0 0.0 0.0 0.0 0.0 0.0 0.0 0.0 25152.0 12400.0 7728.0 4992.0 4112.0 3728.0 3008.0 2864.0 6432.0 4720.0 3600.0 3008.0 2800.0 2624.0 1888.0 1808.0 0.0 32.0 48.0 32.0 64.0 16.0 32.0 48.0 0.0 0.0 0.0 0.0 0.0 0.0 0.0 0.0 34016.0 12896.0 7792.0 5328.0 4624.0 3664.0 3216.0 2736.0 2224.0 1824.0 1872.0 1488.0 1440.0 1520.0 1072.0 1104.0 0.0 0.0 0.0 16.0 16.0 0.0 0.0 0.0 29872.0 13312.0 7952.0 5328.0 4528.0 3984.0 3392.0 2944.0 4240.0 3488.0 2704.0 2304.0 2144.0 1952.0 1568.0 1664.0 0.0 0.0 16.0 16.0 48.0 16.0 16.0 32.0 33344.0 13392.0 7696.0 5712.0 4496.0 3648.0 3136.0 2480.0 2400.0 2160.0 2064.0 1632.0 1664.0 1632.0 1424.0 1296.0 0.0 0.0 0.0 16.0 16.0 0.0 0.0 16.0 32672.0 12944.0 7824.0 5536.0 4656.0 3744.0 3040.0 2416.0 608.0 576.0 640.0 496.0 448.0 560.0 512.0 464.0 0.0 0.0 0.0 16.0 16.0 0.0 0.0 16.0 20656.0 10640.0 6368.0 4560.0 4048.0 3360.0 2992.0 3232.0 10080.0 6528.0 4912.0 3984.0 3200.0 3056.0 2304.0 1952.0 0.0 64.0 80.0 16.0 80.0 32.0 32.0 64.0 0.0 0.0 0.0 0.0 0.0 0.0 0.0 0.0 20512.0 10704.0 6928.0 4480.0 3728.0 3856.0 3584.0 3424.0 10864.0 7120.0 5248.0 4128.0 3520.0 3024.0 2352.0 2016.0 16.0 48.0 48.0 16.0 96.0 48.0 80.0 80.0 0.0 0.0 0.0 0.0 0.0 0.0 0.0 0.0 33648.0 13648.0 7968.0 5392.0 4576.0 3568.0 3344.0 2496.0 2368.0 1760.0 1760.0 1600.0 1424.0 1520.0 1312.0 1088.0 0.0 0.0 0.0 32.0 16.0 0.0 0.0 16.0 32704.0 12976.0 7824.0 5584.0 4560.0 3648.0 3024.0 2512.0 592.0 592.0 624.0 528.0 464.0 608.0 528.0 448.0 0.0 0.0 0.0 16.0 16.0 0.0 0.0 16.0 21536.0 10928.0 6704.0 4848.0 3840.0 3552.0 3152.0 2848.0 9232.0 5872.0 4752.0 3728.0 3232.0 2944.0 2304.0 1952.0 0.0 32.0 80.0 32.0 32.0 32.0 32.0 48.0 0.0 0.0 0.0 0.0 0.0 0.0 0.0 0.0 28224.0 12368.0 7552.0 5568.0 4064.0 3312.0 3168.0 2992.0 4816.0 3680.0 3280.0 2432.0 2496.0 2528.0 1664.0 1616.0 0.0 0.0 16.0 16.0 48.0 0.0 16.0 32.0 19744.0 10128.0 6784.0 5264.0 4144.0 3536.0 2768.0 2416.0 64.0 176.0 176.0 80.0 176.0 96.0 160.0 144.0 0.0 0.0 0.0 0.0 0.0 0.0 0.0 0.0 30272.0 13088.0 7376.0 5040.0 4352.0 3616.0 3328.0 2864.0 3664.0 2896.0 2816.0 2480.0 2128.0 2176.0 1536.0 1408.0 0.0 0.0 16.0 16.0 16.0 0.0 0.0 16.0 26256.0 12384.0 7456.0 5984.0 3984.0 3888.0 3184.0 2912.0 5824.0 4640.0 3552.0 2880.0 2640.0 2544.0 1984.0 1728.0 0.0 16.0 64.0 32.0 16.0 16.0 16.0 16.0 0.0 0.0 0.0 0.0 0.0 0.0 0.0 0.0 30688.0 12640.0 7552.0 5104.0 4416.0 3456.0 3296.0 2608.0 3424.0 2944.0 2576.0 2288.0 2208.0 2064.0 1568.0 1552.0 0.0 0.0 16.0 16.0 16.0 16.0 0.0 0.0 29040.0 13024.0 7952.0 5344.0 4352.0 3760.0 3264.0 2784.0 4256.0 3424.0 3120.0 2432.0 2320.0 2112.0 1616.0 1552.0 0.0 0.0 16.0 16.0 16.0 0.0 16.0 32.0 35440.0 12656.0 8016.0 5568.0 4944.0 3392.0 3328.0 2576.0 1104.0 1232.0 1200.0 960.0 896.0 1056.0 784.0 752.0 0.0 0.0 0.0 0.0 16.0 0.0 0.0 16.0 24336.0 11184.0 7088.0 5472.0 4352.0 3552.0 2800.0 2448.0 256.0 224.0 288.0 112.0 224.0 240.0 192.0 256.0 0.0 0.0 0.0 0.0 16.0 0.0 0.0 0.0 19408.0 10176.0 6688.0 5168.0 4048.0 3616.0 2720.0 2368.0 80.0 160.0 192.0 48.0 176.0 128.0 128.0 192.0 0.0 0.0 0.0 0.0 0.0 0.0 0.0 0.0 25744.0 12672.0 7264.0 4816.0 3824.0 3568.0 2912.0 2608.0 6096.0 4448.0 3680.0 3008.0 2800.0 2496.0 2048.0 1792.0 0.0 0.0 0.0 32.0 16.0 32.0 32.0 32.0 0.0 0.0 0.0 0.0 0.0 0.0 0.0 0.0 31680.0 12896.0 8080.0 5168.0 4384.0 3632.0 3248.0 2944.0 3040.0 2464.0 2320.0 2096.0 1888.0 1840.0 1392.0 1328.0 0.0 0.0 0.0 0.0 16.0 0.0 0.0 16.0 27440.0 11936.0 7728.0 5376.0 4352.0 3696.0 3392.0 3024.0 5120.0 3952.0 3472.0 2784.0 2736.0 2288.0 1760.0 1616.0 0.0 48.0 32.0 16.0 16.0 32.0 32.0 32.0 25168.0 11680.0 7648.0 4880.0 3824.0 3280.0 3088.0 2960.0 6416.0 4432.0 3536.0 2832.0 2608.0 2720.0 1952.0 1696.0 0.0 16.0 48.0 16.0 64.0 32.0 32.0 64.0 0.0 0.0 0.0 0.0 0.0 0.0 0.0 0.0 33808.0 13616.0 7488.0 5808.0 4656.0 3728.0 3440.0 2464.0 1952.0 1776.0 1776.0 1456.0 1360.0 1424.0 1136.0 1152.0 0.0 16.0 0.0 16.0 0.0 0.0 0.0 16.0 33632.0 12752.0 7648.0 5552.0 4496.0 3584.0 3056.0 2512.0 592.0 592.0 768.0 528.0 544.0 640.0 560.0 480.0 0.0 0.0 0.0 0.0 0.0 0.0 0.0 0.0 34752.0 13088.0 7648.0 5424.0 4736.0 3568.0 3008.0 2608.0 992.0 944.0 1040.0 912.0 784.0 880.0 720.0 688.0 0.0 0.0 0.0 16.0 16.0 0.0 0.0 0.0 32304.0 13408.0 8032.0 5408.0 4768.0 3856.0 3600.0 2544.0 2832.0 2336.0 2192.0 1840.0 1648.0 1744.0 1280.0 1360.0 0.0 16.0 16.0 32.0 16.0 0.0 0.0 0.0 28688.0 12096.0 7408.0 5408.0 4384.0 3584.0 2688.0 2416.0 352.0 272.0 320.0 304.0 320.0 272.0 304.0 256.0 0.0 0.0 0.0 0.0 0.0 0.0 0.0 0.0 24944.0 11360.0 7520.0 5472.0 4192.0 3712.0 2816.0 2544.0 176.0 320.0 240.0 160.0 288.0 208.0 224.0 192.0 0.0 0.0 0.0 0.0 0.0 0.0 0.0 0.0 33200.0 13200.0 7904.0 5408.0 4688.0 3536.0 3328.0 2496.0 2112.0 1920.0 1936.0 1600.0 1472.0 1616.0 1088.0 1104.0 0.0 0.0 16.0 0.0 16.0 0.0 16.0 16.0 34976.0 13056.0 7792.0 5344.0 4400.0 3696.0 3248.0 2400.0 1440.0 1360.0 1440.0 1120.0 1168.0 1136.0 864.0 976.0 0.0 0.0 0.0 0.0 16.0 0.0 0.0 0.0 20480.0 9680.0 6496.0 4800.0 3952.0 3424.0 2752.0 2336.0 112.0 160.0 160.0 160.0 160.0 96.0 128.0 160.0 0.0 0.0 0.0 0.0 0.0 0.0 0.0 0.0 34672.0 12976.0 8208.0 5536.0 4656.0 3744.0 3136.0 2320.0 1216.0 992.0 1008.0 928.0 816.0 1024.0 848.0 800.0 0.0 0.0 0.0 0.0 16.0 0.0 0.0 0.0 21104.0 10416.0 6640.0 5104.0 4032.0 3632.0 2736.0 2320.0 96.0 112.0 224.0 144.0 208.0 96.0 128.0 160.0 0.0 0.0 0.0 0.0 0.0 0.0 0.0 0.0 34320.0 13088.0 8064.0 5536.0 4656.0 3664.0 2944.0 2528.0 912.0 768.0 816.0 592.0 576.0 848.0 640.0 576.0 0.0 0.0 16.0 0.0 16.0 0.0 0.0 0.0 32432.0 12448.0 8000.0 5360.0 4480.0 3600.0 2928.0 2432.0 528.0 624.0 432.0 464.0 400.0 432.0 400.0 400.0 0.0 0.0 0.0 0.0 0.0 0.0 0.0 0.0 24768.0 12928.0 7888.0 5312.0 4208.0 4000.0 3248.0 3328.0 7184.0 5136.0 4016.0 3088.0 2928.0 2592.0 1984.0 1808.0 16.0 32.0 48.0 32.0 80.0 32.0 32.0 48.0 0.0 0.0 0.0 0.0 0.0 0.0 0.0 0.0 29328.0 13088.0 7552.0 5328.0 4272.0 3792.0 3328.0 2896.0 4272.0 3296.0 2960.0 2352.0 2352.0 2240.0 1616.0 1504.0 0.0 0.0 16.0 32.0 16.0 16.0 0.0 16.0 20080.0 10080.0 6944.0 5248.0 3952.0 3520.0 2704.0 2336.0 80.0 176.0 128.0 112.0 160.0 176.0 192.0 128.0 0.0 0.0 0.0 0.0 0.0 0.0 0.0 0.0 31696.0 13440.0 8576.0 5696.0 4640.0 4032.0 3504.0 2992.0 3168.0 2800.0 2336.0 2080.0 1904.0 1776.0 1408.0 1280.0 0.0 16.0 0.0 16.0 16.0 0.0 0.0 16.0
49 1 TRACE 664.0 664.0 664.0 664.0 656.0 664.0 664.0 8.0 664.0 664.0 664.0 664.0 656.0 664.0 664.0 8.0 664.0 664.0 664.0 664.0 656.0 664.0 664.0 8.0 664.0 664.0 664.0 664.0 656.0 664.0 664.0 8.0 664.0 664.0 664.0 664.0 656.0 664.0 664.0 8.0 664.0 664.0 664.0 664.0 656.0 664.0 664.0 8.0 664.0 664.0 664.0 664.0 656.0 664.0 664.0 8.0 664.0 664.0 664.0 664.0 656.0 664.0 664.0 8.0 664.0 664.0 664.0 664.0 656.0 664.0 664.0 8.0 664.0 664.0 664.0 664.0 656.0 664.0 664.0 8.0 664.0 664.0 664.0 664.0 656.0 664.0 664.0 8.0 664.0 664.0 664.0 664.0 656.0 664.0 664.0 8.0 664.0 664.0 664.0 664.0 656.0 664.0 664.0 8.0 664.0 664.0 664.0 664.0 656.0 664.0 664.0 8.0 664.0 664.0 664.0 664.0 656.0 664.0 664.0 8.0 664.0 664.0 664.0 664.0 656.0 664.0 664.0 8.0 664.0 664.0 664.0 664.0 656.0 664.0 664.0 8.0 664.0 664.0 664.0 664.0 656.0 664.0 664.0 8.0 664.0 664.0 664.0 664.0 656.0 664.0 664.0 8.0 664.0 664.0 664.0 664.0 656.0 664.0 664.0 8.0 664.0 664.0 664.0 664.0 656.0 664.0 664.0 8.0 664.0 664.0 664.0 664.0 656.0 664.0 664.0 8.0 664.0 664.0 664.0 664.0 656.0 664.0 664.0 8.0 664.0 664.0 664.0 664.0 656.0 664.0 664.0 8.0 664.0 664.0 664.0 664.0 656.0 664.0 664.0 8.0 664.0 664.0 664.0 664.0 656.0 664.0 664.0 8.0 664.0 664.0 664.0 664.0 656.0 664.0 664.0 8.0 664.0 664.0 664.0 664.0 656.0 664.0 664.0 8.0 664.0 664.0 664.0 664.0 656.0 664.0 664.0 8.0 664.0 664.0 664.0 664.0 656.0 664.0 664.0 8.0 664.0 664.0 664.0 664.0 656.0 664.0 664.0 8.0 664.0 664.0 664.0 664.0 656.0 664.0 664.0 8.0 664.0 664.0 664.0 664.0 656.0 664.0 664.0 8.0 664.0 664.0 664.0 664.0 656.0 664.0 664.0 8.0 664.0 664.0 664.0 664.0 656.0 664.0 664.0 8.0 664.0 664.0 664.0 664.0 656.0 664.0 664.0 8.0 664.0 664.0 664.0 664.0 656.0 664.0 664.0 8.0 664.0 664.0 664.0 664.0 656.0 664.0 664.0 8.0 664.0 664.0 664.0 664.0 656.0 664.0 664.0 8.0 664.0 664.0 664.0 664.0 656.0 664.0 664.0 8.0 664.0 664.0 664.0 664.0 656.0 664.0 664.0 8.0 664.0 664.0 664.0 664.0 656.0 664.0 664.0 8.0 664.0 664.0 664.0 664.0 656.0 664.0 664.0 8.0 664.0 664.0 664.0 664.0 656.0 664.0 664.0 8.0 664.0 664.0 664.0 664.0 656.0 664.0 664.0 8.0 664.0 664.0 664.0 664.0 656.0 664.0 664.0 8.0 664.0 664.0 664.0 664.0 656.0 664.0 664.0 8.0 664.0 664.0 664.0 664.0 656.0 664.0 664.0 8.0 664.0 664.0 664.0 664.0 656.0 664.0 664.0 8.0 664.0 664.0 664.0 664.0 656.0 664.0 664.0 8.0 664.0 664.0 664.0 664.0 656.0 664.0 664.0 8.0 664.0 664.0 664.0 664.0 656.0 664.0 664.0 8.0 664.0 664.0 664.0 664.0 656.0 664.0 664.0 8.0 664.0 664.0 664.0 664.0 656.0 664.0 664.0 8.0 664.0 664.0 664.0 664.0 656.0 664.0 664.0 8.0 664.0 664.0 664.0 664.0 656.0 664.0 664.0 8.0 664.0 664.0 664.0 664.0 656.0 664.0 664.0 8.0 664.0 664.0 664.0 664.0 656.0 664.0 664.0 8.0 664.0 664.0 664.0 664.0 656.0 664.0 664.0 8.0 664.0 664.0 664.0 664.0 656.0 664.0 664.0 8.0 664.0 664.0 664.0 664.0 656.0 664.0 664.0 8.0 664.0 664.0 664.0 664.0 656.0 664.0 664.0 8.0 664.0 664.0 664.0 664.0 656.0 664.0 664.0 8.0 664.0 664.0 664.0 664.0 656.0 664.0 664.0 8.0 664.0 664.0 664.0 664.0 656.0 664.0 664.0 8.0 664.0 664.0 664.0 664.0 656.0 664.0 664.0 8.0 664.0 664.0 664.0 664.0 656.0 664.0 664.0 8.0 664.0 664.0 664.0 664.0 656.0 664.0 664.0 8.0 664.0 664.0 664.0 664.0 656.0 664.0 664.0 8.0 664.0 664.0 664.0 664.0 656.0 664.0 664.0 8.0 664.0 664.0 664.0 664.0 656.0 664.0 664.0 8.0 664.0 664.0 664.0 664.0 656.0 664.0 664.0 8.0 664.0 664.0 664.0 664.0 656.0 664.0 664.0 8.0 664.0 664.0 664.0 664.0 656.0 664.0 664.0 8.0 664.0 664.0 664.0 664.0 656.0 664.0 664.0 8.0 664.0 664.0 664.0 664.0 656.0 664.0 664.0 8.0 664.0 664.0 664.0 664.0 656.0 664.0 664.0 8.0 664.0 664.0 664.0 664.0 656.0 664.0 664.0 8.0 664.0 664.0 664.0 664.0 656.0 664.0 664.0 8.0 664.0 664.0 664.0 664.0 656.0 664.0 664.0 8.0 664.0 664.0 664.0 664.0 656.0 664.0 664.0 8.0 664.0 664.0 664.0 664.0 656.0 664.0 664.0 8.0 664.0 664.0 664.0 664.0 656.0 664.0 664.0 8.0 664.0 664.0 664.0 664.0 656.0 664.0 664.0 8.0 664.0 664.0 664.0 664.0 656.0 664.0 664.0 8.0 664.0 664.0 664.0 664.0 656.0 664.0 664.0 8.0 664.0 664.0 664.0 664.0 656.0 664.0 664.0 8.0 664.0 664.0 664.0 664.0 656.0 664.0 664.0 8.0 664.0 664.0 664.0 664.0 656.0 664.0 664.0 8.0 664.0 664.0 664.0 664.0 656.0 664.0 664.0 8.0 664.0 664.0 664.0 664.0 656.0 664.0 664.0 8.0 664.0 664.0 664.0 664.0 656.0 664.0 664.0 8.0 664.0 664.0 664.0 664.0 656.0 664.0 664.0 8.0 664.0 664.0 664.0 664.0 656.0 664.0 664.0 8.0 664.0 664.0 664.0 664.0 656.0 664.0 664.0 8.0 664.0 664.0 664.0 664.0 656.0 664.0 664.0 8.0 664.0 664.0 664.0 664.0 656.0 664.0 664.0 8.0 664.0 664.0 664.0 664.0 656.0 664.0 664.0 8.0 664.0 664.0 664.0 664.0 656.0 664.0 664.0 8.0 664.0 664.0 664.0 664.0 656.0 664.0 664.0 8.0 664.0 664.0 664.0 664.0 656.0 664.0 664.0 8.0 664.0 664.0 664.0 664.0 656.0 664.0 664.0 8.0 664.0 664.0 664.0 664.0 656.0 664.0 664.0 8.0 664.0 664.0 664.0 664.0 656.0 664.0 664.0 8.0 664.0 664.0 664.0 664.0 656.0 664.0 664.0 8.0 664.0 664.0 664.0 664.0 656.0 664.0 664.0 8.0 664.0 664.0 664.0 664.0 656.0 664.0 664.0 8.0 664.0 664.0 664.0 664.0 656.0 664.0 664.0 8.0 664.0 664.0 664.0 664.0 656.0 664.0 664.0 8.0 664.0 664.0 664.0 664.0 656.0 664.0 664.0 8.0 664.0 664.0 664.0 664.0 656.0 664.0 664.0 8.0 664.0 664.0 664.0 664.0 656.0 664.0 664.0 8.0 664.0 664.0 664.0 664.0 656.0 664.0 664.0 8.0 664.0 664.0 664.0 664.0 656.0 664.0 664.0 8.0 664.0 664.0 664.0 664.0 656.0 664.0 664.0 8.0 664.0 664.0 664.0 664.0 656.0 664.0 664.0 8.0 664.0 664.0 664.0 664.0 656.0 664.0 664.0 8.0 664.0 664.0 664.0 664.0 656.0 664.0 664.0 8.0 664.0 664.0 664.0 664.0 656.0 664.0 664.0 8.0 664.0 664.0 664.0 664.0 656.0 664.0 664.0 8.0 664.0 664.0 664.0 664.0 656.0 664.0 664.0 8.0 664.0 664.0 664.0 664.0 656.0 664.0 664.0 8.0 664.0 664.0 664.0 664.0 656.0 664.0 664.0 8.0 664.0 664.0 664.0 664.0 656.0 664.0 664.0 8.0 664.0 664.0 664.0 664.0 656.0 664.0 664.0 8.0 664.0 664.0 664.0 664.0 656.0 664.0 664.0 8.0 664.0 664.0 664.0 664.0 656.0 664.0 664.0 8.0 664.0 664.0 664.0 664.0 656.0 664.0 664.0 8.0 664.0 664.0 664.0 664.0 656.0 664.0 664.0 8.0 664.0 664.0 664.0 664.0 656.0 664.0 664.0 8.0 664.0 664.0 664.0 664.0 656.0 664.0 664.0 8.0 664.0 664.0 664.0 664.0 656.0 664.0 664.0 8.0 664.0 664.0 664.0 664.0 656.0 664.0 664.0 8.0 664.0 664.0 664.0 664.0 656.0 664.0 664.0 8.0 664.0 664.0 664.0 664.0 656.0 664.0 664.0 8.0 664.0 664.0 664.0 664.0 656.0 664.0 664.0 8.0 664.0 664.0 664.0 664.0 656.0 664.0 664.0 8.0 664.0 664.0 664.0 664.0 656.0 664.0 664.0 8.0 664.0 664.0 664.0 664.0 656.0 664.0 664.0 8.0 664.0 664.0 664.0 664.0 656.0 664.0 664.0 8.0 664.0 664.0 664.0 664.0 656.0 664.0 664.0 8.0 664.0 664.0 664.0 664.0 656.0 664.0 664.0 8.0 664.0 664.0 664.0 664.0 656.0 664.0 664.0 8.0 664.0 664.0 664.0 664.0 656.0 664.0 664.0 8.0 664.0 664.0 664.0 664.0 656.0 664.0 664.0 8.0 664.0 664.0 664.0 664.0 656.0 664.0 664.0 8.0 664.0 664.0 664.0 664.0 656.0 664.0 664.0 8.0 664.0 664.0 664.0 664.0 656.0 664.0 664.0 8.0 664.0 664.0 664.0 664.0 656.0 664.0 664.0 8.0 664.0 664.0 664.0 664.0 656.0 664.0 664.0 8.0 664.0 664.0 664.0 664.0 656.0 664.0 664.0 8.0 664.0 664.0 664.0 664.0 656.0 664.0 664.0 8.0 664.0 664.0 664.0 664.0 656.0 664.0 664.0 8.0 664.0 664.0 664.0 664.0 656.0 664.0 664.0 8.0 664.0 664.0 664.0 664.0 656.0 664.0 664.0 8.0 664.0 664.0 664.0 664.0 656.0 664.0 664.0 8.0 664.0 664.0 664.0 664.0 656.0 664.0 664.0 8.0 664.0 664.0 664.0 664.0 656.0 664.0 664.0 8.0 664.0 664.0 664.0 664.0 656.0 664.0 664.0 8.0 664.0 664.0 664.0 664.0 656.0 664.0 664.0 8.0 664.0 664.0 664.0 664.0 656.0 664.0 664.0 8.0 664.0 664.0 664.0 664.0 656.0 664.0 664.0 8.0 664.0 664.0 664.0 664.0 656.0 664.0 664.0 8.0 664.0 664.0 664.0 664.0 656.0 664.0 664.0 8.0 664.0 664.0 664.0 664.0 656.0 664.0 664.0 8.0 664.0 664.0 664.0 664.0 656.0 664.0 664.0 8.0 664.0 664.0 664.0 664.0 656.0 664.0 664.0 8.0 664.0 664.0 664.0 664.0 656.0 664.0 664.0 8.0 664.0 664.0 664.0 664.0 656.0 664.0 664.0 8.0 664.0 664.0 664.0 664.0 656.0 664.0 664.0 8.0 664.0 664.0 664.0 664.0 656.0 664.0 664.0 8.0 664.0 664.0 664.0 664.0 656.0 664.0 664.0 8.0 664.0 664.0 664.0 664.0 656.0 664.0 664.0 8.0 664.0 664.0 664.0 664.0 656.0 664.0 664.0 8.0 664.0 664.0 664.0 664.0 656.0 664.0 664.0 8.0 664.0 664.0 664.0 664.0 656.0 664.0 664.0 8.0 664.0 664.0 664.0 664.0 656.0 664.0 664.0 8.0 664.0 664.0 664.0 664.0 656.0 664.0 664.0 8.0 664.0 664.0 664.0 664.0 656.0 664.0 664.0 8.0 664.0 664.0 664.0 664.0 656.0 664.0 664.0 8.0 664.0 664.0 664.0 664.0 656.0 664.0 664.0 8.0 664.0 664.0 664.0 664.0 656.0 664.0 664.0 8.0 664.0 664.0 664.0 664.0 656.0 664.0 664.0 8.0 664.0 664.0 664.0 664.0 656.0 664.0 664.0 8.0 664.0 664.0 664.0 664.0 656.0 664.0 664.0 8.0 664.0 664.0 664.0 664.0 656.0 664.0 664.0 8.0 664.0 664.0 664.0 664.0 656.0 664.0 664.0 8.0 664.0 664.0 664.0 664.0 656.0 664.0 664.0 8.0 664.0 664.0 664.0 664.0 656.0 664.0 664.0 8.0 664.0 664.0 664.0 664.0 656.0 664.0 664.0 8.0 664.0 664.0 664.0 664.0 656.0 664.0 664.0 8.0 664.0 664.0 664.0 664.0 656.0 664.0 664.0 8.0 664.0 664.0 664.0 664.0 656.0 664.0 664.0 8.0 664.0 664.0 664.0 664.0 656.0 664.0 664.0 8.0 664.0 664.0 664.0 664.0 656.0 664.0 664.0 8.0 664.0 664.0 664.0 664.0 656.0 664.0 664.0 8.0 664.0 664.0 664.0 664.0 656.0 664.0 664.0 8.0 664.0 664.0 664.0 664.0 656.0 664.0 664.0 8.0 664.0 664.0 664.0 664.0 656.0 664.0 664.0 8.0 664.0 664.0 664.0 664.0 656.0 664.0 664.0 8.0 664.0 664.0 664.0 664.0 656.0 664.0 664.0 8.0
50 1 TRACE 8.0 8.0 8.0 8.0 8.0 8.0 8.0 8.0 8.0 8.0 8.0 8.0 8.0 8.0 8.0 8.0 8.0 8.0 8.0 8.0 8.0 8.0 8.0 8.0 8.0 8.0 8.0 8.0 8.0 8.0 8.0 8.0 8.0 8.0 8.0 8.0 8.0 8.0 8.0 8.0 8.0 8.0 8.0 8.0 8.0 8.0 8.0 8.0 8.0 8.0 8.0 8.0 8.0 8.0 8.0 8.0 8.0 8.0 8.0 8.0 8.0 8.0 8.0 8.0 8.0 8.0 8.0 8.0 8.0 8.0 8.0 8.0 8.0 8.0 8.0 8.0 0.0 8.0 8.0 8.0 8.0 8.0 8.0 8.0 8.0 8.0 8.0 8.0 8.0 8.0 8.0 8.0 8.0 8.0 8.0 8.0 8.0 8.0 8.0 8.0 8.0 8.0 8.0 8.0 8.0 8.0 8.0 8.0 8.0 8.0 8.0 8.0 8.0 8.0 8.0 8.0 8.0 8.0 8.0 0.0 8.0 8.0 8.0 8.0 8.0 8.0 8.0 8.0 8.0 8.0 8.0 8.0 8.0 8.0 8.0 8.0 8.0 8.0 8.0 8.0 8.0 8.0 8.0 8.0 8.0 8.0 8.0 8.0 8.0 8.0 8.0 8.0 8.0 8.0 8.0 8.0 8.0 8.0 8.0 8.0 8.0 8.0 8.0 8.0 8.0 8.0 8.0 8.0 8.0 8.0 8.0 8.0 8.0 8.0 8.0 8.0 8.0 8.0 8.0 8.0 8.0 8.0 8.0 8.0 8.0 8.0 8.0 8.0 8.0 8.0 8.0 8.0 8.0 8.0 8.0 8.0 8.0 8.0 8.0 8.0 8.0
51 1 CONSTANT 8.0
52 1 CONSTANT 8.0
53 1 CONSTANT 8.0
54 1 CONSTANT 0.0
55 1 CONSTANT 0.0
56 1 CONSTANT 0.0
57 1 CONSTANT 0.0
58 1 CONSTANT 0.0
59 1 CONSTANT 0.0
60 1 CONSTANT 0.0
61 1 CONSTANT 0.0
62 1 CONSTANT 8.0
