0 1 CONSTANT 8.0
1 1 CONSTANT 8.0
2 1 CONSTANT 0.0
3 1 CONSTANT 8.0
4 1 CONSTANT 8.0
5 1 CONSTANT 8.0
6 1 CONSTANT 8.0
7 1 CONSTANT 8.0
8 1 CONSTANT 8.0
9 1 CONSTANT 0.0
10 1 CONSTANT 0.0
11 1 CONSTANT 0.0
12 1 CONSTANT 0.0
13 1 CONSTANT 8.0
14 1 CONSTANT 4.0
15 1 CONSTANT 4.0
16 1 CONSTANT 0.0
17 1 CONSTANT 0.0
18 1 CONSTANT 0.0
19 1 CONSTANT 0.0
20 1 CONSTANT 4.0
21 1 CONSTANT 8.0
22 1 CONSTANT 8.0
23 1 CONSTANT 8.0
24 1 CONSTANT 8.0
25 1 CONSTANT 4.0
26 1 CONSTANT 4.0
27 1 CONSTANT 8.0
28 1 TRACE 0.0 4.0 4.0 0.0 0.0 0.0 0.0 0.0 4.0 0.0 4.0 0.0 4.0 0.0 0.0 0.0 0.0 0.0 4.0 0.0 8.0 4.0 0.0 0.0 20.0 0.0 4.0 4.0 0.0 4.0 8.0 0.0 0.0 4.0 0.0 0.0 16.0 0.0 0.0 4.0 0.0 0.0 16.0 0.0 0.0 32.0 0.0 0.0 4.0 0.0 0.0 0.0 16.0 0.0 0.0 12.0 0.0 0.0 0.0 24.0 0.0 0.0 4.0 0.0 0.0 0.0 0.0 0.0 8.0 0.0 0.0 4.0 0.0 0.0 0.0 20.0 0.0 0.0 0.0 8.0 0.0 0.0 0.0 0.0 0.0 4.0 4.0 0.0 4.0 0.0 0.0 20.0 0.0 4.0 0.0 0.0 0.0 0.0 0.0 4.0 16.0 4.0 0.0 0.0 0.0 4.0 0.0 4.0 20.0 0.0 0.0 4.0 0.0 12.0 0.0 0.0 0.0 4.0 0.0 0.0 4.0 0.0 0.0 4.0 0.0 4.0 4.0 0.0 0.0 16.0 0.0 0.0 0.0 0.0 0.0 0.0 4.0 0.0 0.0 32.0 0.0 4.0 4.0 0.0 4.0 4.0 0.0 0.0 0.0 0.0 0.0 4.0 0.0 4.0 4.0 0.0 0.0 4.0 0.0 0.0 0.0 0.0 0.0 4.0 0.0 0.0 0.0 0.0 0.0 0.0 0.0 0.0 4.0 0.0 0.0 4.0 0.0 8.0 0.0 0.0 0.0 4.0 0.0 0.0 0.0 4.0 0.0
29 1 CONSTANT 4.0
30 1 TRACE 0.0 4.0 4.0 0.0 0.0 0.0 0.0 0.0 4.0 0.0 4.0 0.0 4.0 0.0 0.0 0.0 0.0 0.0 4.0 0.0 8.0 4.0 0.0 0.0 20.0 0.0 4.0 4.0 0.0 4.0 8.0 0.0 0.0 4.0 0.0 0.0 16.0 0.0 0.0 4.0 0.0 0.0 16.0 0.0 0.0 32.0 0.0 0.0 4.0 0.0 0.0 0.0 16.0 0.0 0.0 12.0 0.0 0.0 0.0 24.0 0.0 0.0 4.0 0.0 0.0 0.0 0.0 0.0 8.0 0.0 0.0 4.0 0.0 0.0 0.0 20.0 0.0 0.0 0.0 8.0 0.0 0.0 0.0 0.0 0.0 4.0 4.0 0.0 4.0 0.0 0.0 20.0 0.0 4.0 0.0 0.0 0.0 0.0 0.0 4.0 16.0 4.0 0.0 0.0 0.0 4.0 0.0 4.0 20.0 0.0 0.0 4.0 0.0 12.0 0.0 0.0 0.0 4.0 0.0 0.0 4.0 0.0 0.0 4.0 0.0 4.0 4.0 0.0 0.0 16.0 0.0 0.0 0.0 0.0 0.0 0.0 4.0 0.0 0.0 32.0 0.0 4.0 4.0 0.0 4.0 4.0 0.0 0.0 0.0 0.0 0.0 4.0 0.0 4.0 4.0 0.0 0.0 4.0 0.0 0.0 0.0 0.0 0.0 4.0 0.0 0.0 0.0 0.0 0.0 0.0 0.0 0.0 4.0 0.0 0.0 4.0 0.0 8.0 0.0 0.0 0.0 4.0 0.0 0.0 0.0 4.0 0.0
31 1 CONSTANT 8.0
32 1 CONSTANT 8.0
33 1 CONSTANT 4.0
34 1 CONSTANT 0.0
35 1 CONSTANT 0.0
36 1 CONSTANT 8.0
37 1 CONSTANT 8.0
38 1 CONSTANT 8.0
39 1 TRACE 8.0 0.0 0.0 8.0 0.0 8.0 0.0 8.0 0.0 0.0 8.0 0.0 0.0 0.0 8.0 0.0 8.0 0.0 0.0 8.0 0.0 0.0 8.0 0.0 0.0 8.0 0.0 0.0 8.0 0.0 0.0 8.0 0.0 0.0 8.0 0.0 0.0 8.0 0.0 0.0 8.0 0.0 0.0 8.0 0.0 0.0 8.0 0.0 0.0 8.0 0.0 8.0 0.0 8.0 8.0 0.0 0.0 8.0 0.0 0.0 8.0 0.0 0.0 8.0 0.0 0.0 8.0 0.0 0.0 8.0 8.0 0.0 0.0 8.0 8.0 0.0 0.0 8.0 8.0 0.0 0.0 8.0 0.0 8.0 0.0 0.0 8.0 0.0 0.0 8.0 0.0 0.0 8.0 0.0 0.0 8.0 0.0 0.0 8.0 0.0 0.0 8.0 0.0 8.0 0.0 0.0 8.0 0.0 0.0 8.0 0.0 0.0 8.0 0.0 0.0 8.0 0.0 0.0 8.0 0.0 0.0 8.0 0.0 0.0 8.0 0.0 0.0 8.0 8.0 0.0 0.0 8.0 0.0 0.0 8.0 0.0 0.0 8.0 0.0 0.0 8.0 0.0 0.0 8.0 0.0 0.0 8.0 0.0 0.0 8.0 0.0 0.0 8.0 0.0 0.0 8.0 0.0 0.0 8.0 0.0 0.0 8.0 0.0 0.0 8.0 0.0 0.0 8.0 0.0 0.0 8.0 0.0 0.0 8.0 0.0 0.0 8.0 0.0 0.0 8.0 0.0 0.0 8.0 0.0 8.0 0.0 0.0
40 1 CONSTANT 8.0
41 1 CONSTANT 8.0
42 1 CONSTANT 8.0
43 1 CONSTANT 320.0
44 1 CONSTANT 312.0
45 1 CONSTANT 8.0
46 1 CONSTANT 320.0
47 1 CONSTANT 4.0
48 1 TRACE 17920.0 5312.0 3552.0 2528.0 1824.0 1664.0 336.0 368.0 448.0 384.0 432.0 400.0 0.0 0.0 0.0 0.0 0.0 0.0 10672.0 5360.0 4080.0 3072.0 2784.0 2160.0 6224.0 3408.0 2512.0 1808.0 1376.0 1216.0 32.0 0.0 80.0 96.0 80.0 48.0 0.0 0.0 0.0 0.0 0.0 0.0 12016.0 5936.0 4160.0 3536.0 2672.0 1888.0 4912.0 3120.0 2304.0 1440.0 1360.0 1136.0 16.0 32.0 80.0 96.0 32.0 16.0 0.0 0.0 0.0 0.0 0.0 0.0 14320.0 5088.0 3392.0 2464.0 1824.0 1600.0 112.0 80.0 240.0 128.0 160.0 160.0 0.0 0.0 0.0 0.0 0.0 0.0 18240.0 5504.0 3696.0 2768.0 1792.0 1648.0 720.0 560.0 688.0 480.0 608.0 528.0 0.0 0.0 0.0 0.0 0.0 16.0 11056.0 5744.0 3856.0 2800.0 2560.0 2256.0 5952.0 3424.0 2544.0 1920.0 1504.0 1200.0 16.0 16.0 64.0 64.0 48.0 32.0 0.0 0.0 0.0 0.0 0.0 0.0 11136.0 4528.0 3648.0 2592.0 2656.0 1424.0 6192.0 3408.0 2528.0 1776.0 1520.0 1280.0 32.0 48.0 64.0 96.0 32.0 32.0 0.0 0.0 0.0 0.0 0.0 0.0 13840.0 4672.0 3184.0 2096.0 1712.0 1376.0 160.0 64.0 176.0 192.0 192.0 176.0 0.0 0.0 0.0 0.0 0.0 0.0 16832.0 5264.0 3488.0 2608.0 1920.0 1536.0 272.0 208.0 336.0 256.0 352.0 288.0 0.0 0.0 0.0 0.0 0.0 0.0 14384.0 5344.0 3712.0 2688.0 2272.0 1872.0 3216.0 2048.0 1776.0 1376.0 1200.0 1040.0 0.0 0.0 48.0 32.0 0.0 32.0 18672.0 5408.0 3440.0 2624.0 1952.0 1664.0 768.0 576.0 784.0 560.0 752.0 608.0 0.0 0.0 0.0 0.0 0.0 0.0 17024.0 5648.0 3392.0 2784.0 1984.0 1792.0 1456.0 1264.0 1232.0 848.0 816.0 800.0 0.0 0.0 16.0 16.0 0.0 0.0 15568.0 4880.0 3216.0 2192.0 1840.0 1376.0 224.0 192.0 288.0 256.0 352.0 240.0 0.0 0.0 0.0 0.0 0.0 0.0 15232.0 5376.0 3600.0 2928.0 2224.0 1584.0 2448.0 1824.0 1744.0 1200.0 1056.0 960.0 0.0 0.0 48.0 16.0 16.0 32.0 16112.0 4848.0 3168.0 2208.0 1792.0 1408.0 240.0 224.0 336.0 256.0 368.0 288.0 0.0 0.0 0.0 0.0 0.0 0.0 16784.0 5472.0 3568.0 2944.0 2320.0 1696.0 1856.0 1488.0 1424.0 992.0 944.0 864.0 16.0 0.0 16.0 16.0 0.0 16.0 13840.0 4896.0 3504.0 2448.0 1984.0 1408.0 3088.0 2288.0 1904.0 1440.0 1392.0 1072.0 16.0 0.0 32.0 48.0 0.0 32.0 18240.0 5488.0 3616.0 2752.0 1840.0 1744.0 608.0 384.0 576.0 320.0 480.0 432.0 0.0 0.0 0.0 0.0 0.0 0.0 13920.0 5136.0 3584.0 2464.0 1792.0 1648.0 3328.0 2336.0 1968.0 1440.0 1312.0 1136.0 0.0 0.0 32.0 48.0 16.0 32.0 0.0 0.0 0.0 0.0 0.0 0.0 9056.0 4288.0 2752.0 1968.0 1648.0 1360.0 64.0 16.0 112.0 112.0 80.0 64.0 0.0 0.0 0.0 0.0 0.0 0.0 11824.0 4464.0 3136.0 2272.0 1776.0 1536.0 80.0 48.0 160.0 160.0 112.0 64.0 0.0 0.0 0.0 0.0 0.0 0.0 15136.0 6272.0 4144.0 2944.0 2400.0 2128.0 2896.0 2192.0 1792.0 1344.0 1248.0 992.0 16.0 0.0 48.0 16.0 0.0 32.0 18320.0 5440.0 3584.0 2864.0 1776.0 1744.0 704.0 512.0 704.0 384.0 560.0 496.0 0.0 0.0 0.0 0.0 0.0 0.0 17936.0 5376.0 3392.0 2784.0 1808.0 1680.0 416.0 272.0 528.0 288.0 432.0 368.0 0.0 0.0 0.0 0.0 0.0 0.0 17568.0 5632.0 3792.0 2864.0 2000.0 1744.0 1536.0 1216.0 1216.0 864.0 848.0 752.0 0.0 0.0 16.0 16.0 16.0 32.0 12416.0 4640.0 3168.0 2112.0 1712.0 1344.0 112.0 48.0 96.0 128.0 112.0 144.0 0.0 0.0 0.0 0.0 0.0 0.0 11104.0 4768.0 3392.0 2208.0 1872.0 1568.0 80.0 48.0 128.0 112.0 112.0 96.0 0.0 0.0 0.0 0.0 0.0 0.0 11712.0 4736.0 3376.0 2288.0 1872.0 1408.0 96.0 96.0 144.0 80.0 96.0 144.0 0.0 0.0 0.0 0.0 0.0 0.0 13488.0 4992.0 3568.0 2560.0 2256.0 1776.0 3856.0 2432.0 2048.0 1520.0 1200.0 1072.0 0.0 0.0 48.0 48.0 16.0 32.0 0.0 0.0 0.0 0.0 0.0 0.0 17856.0 5568.0 3408.0 2736.0 1920.0 1536.0 1024.0 736.0 928.0 672.0 688.0 704.0 0.0 0.0 0.0 0.0 0.0 0.0 16832.0 5264.0 3664.0 2848.0 1920.0 1648.0 1456.0 1168.0 1136.0 1008.0 944.0 800.0 0.0 0.0 48.0 0.0 0.0 16.0 14544.0 5472.0 3520.0 2624.0 2256.0 1648.0 2752.0 1968.0 1872.0 1376.0 1056.0 1008.0 0.0 0.0 48.0 16.0 0.0 16.0 15312.0 5136.0 3360.0 2400.0 1904.0 1584.0 192.0 128.0 320.0 176.0 192.0 208.0 0.0 0.0 0.0 0.0 0.0 0.0 15792.0 5344.0 3472.0 2544.0 1840.0 1616.0 160.0 128.0 304.0 176.0 272.0 224.0 0.0 0.0 0.0 0.0 0.0 0.0 15472.0 5840.0 4368.0 3152.0 2192.0 1856.0 2768.0 1888.0 1664.0 1248.0 1280.0 896.0 0.0 0.0 48.0 0.0 16.0 32.0 13776.0 4720.0 3328.0 2128.0 1792.0 1680.0 3120.0 2384.0 1936.0 1456.0 1216.0 1056.0 0.0 0.0 16.0 32.0 0.0 32.0 0.0 0.0 0.0 0.0 0.0 0.0 17520.0 5488.0 3808.0 2960.0 2048.0 1648.0 1184.0 992.0 1088.0 816.0 816.0 768.0 0.0 0.0 0.0 16.0 0.0 16.0 16704.0 5408.0 3568.0 2864.0 2096.0 1504.0 1808.0 1392.0 1424.0 1056.0 912.0 848.0 16.0 0.0 0.0 0.0 16.0 32.0 16176.0 5008.0 3472.0 2464.0 1984.0 1568.0 320.0 192.0 352.0 240.0 256.0 240.0 0.0 0.0 0.0 0.0 0.0 0.0 11824.0 4464.0 3136.0 2272.0 1776.0 1536.0 80.0 48.0 160.0 160.0 112.0 64.0 0.0 0.0 0.0 0.0 0.0 0.0 18048.0 5248.0 3520.0 2608.0 2064.0 1728.0 432.0 352.0 384.0 272.0 352.0 352.0 0.0 0.0 0.0 0.0 0.0 0.0 18080.0 5632.0 3520.0 2720.0 2064.0 1680.0 512.0 320.0 544.0 352.0 416.0 416.0 0.0 0.0 0.0 0.0 0.0 0.0 17536.0 5200.0 3280.0 2544.0 1856.0 1744.0 288.0 272.0 448.0 240.0 368.0 272.0 0.0 0.0 0.0 0.0 0.0 0.0 15200.0 4896.0 3168.0 2256.0 1808.0 1360.0 192.0 176.0 240.0 208.0 272.0 240.0 0.0 0.0 0.0 0.0 0.0 0.0 10976.0 4496.0 3232.0 2352.0 1728.0 1472.0 80.0 48.0 144.0 64.0 112.0 48.0 0.0 0.0 0.0 0.0 0.0 0.0 18768.0 5504.0 3472.0 2704.0 1920.0 1664.0 528.0 544.0 720.0 464.0 560.0 464.0 0.0 0.0 0.0 0.0 0.0 0.0 15392.0 5056.0 3392.0 2432.0 1824.0 1568.0 208.0 144.0 336.0 192.0 240.0 240.0 0.0 0.0 0.0 0.0 0.0 0.0 13776.0 5104.0 3440.0 2928.0 2048.0 1488.0 3120.0 2144.0 2048.0 1296.0 1248.0 1072.0 32.0 0.0 48.0 16.0 16.0 16.0 8368.0 3440.0 2976.0 1984.0 1264.0 1328.0 7312.0 3760.0 2688.0 2016.0 1760.0 1328.0 48.0 16.0 80.0 64.0 64.0 48.0 0.0 0.0 0.0 0.0 0.0 0.0 13232.0 4736.0 3184.0 2112.0 1776.0 1360.0 96.0 80.0 176.0 160.0 192.0 112.0 0.0 0.0 0.0 0.0 0.0 0.0 8272.0 3680.0 3264.0 2912.0 2400.0 1984.0 9328.0 4496.0 2880.0 2016.0 1536.0 1392.0 16.0 48.0 96.0 80.0 128.0 48.0 0.0 0.0 0.0 0.0 0.0 0.0 18272.0 5360.0 3744.0 2848.0 2096.0 1584.0 1072.0 864.0 1152.0 784.0 800.0 736.0 0.0 0.0 0.0 16.0 0.0 16.0 17264.0 5520.0 3472.0 2656.0 1808.0 1600.0 240.0 240.0 416.0 224.0 480.0 352.0 0.0 0.0 0.0 0.0 0.0 0.0 17104.0 5264.0 3504.0 2608.0 2064.0 1744.0 1376.0 1232.0 1152.0 1104.0 1040.0 752.0 0.0 0.0 16.0 0.0 0.0 16.0 17488.0 5552.0 3504.0 2720.0 1840.0 1616.0 288.0 240.0 480.0 224.0 368.0 368.0 0.0 0.0 0.0 0.0 0.0 0.0 15520.0 4800.0 3216.0 2256.0 1680.0 1408.0 224.0 224.0 192.0 192.0 368.0 240.0 0.0 0.0 0.0 0.0 0.0 0.0 14528.0 4816.0 3248.0 2144.0 1808.0 1392.0 160.0 144.0 208.0 176.0 208.0 208.0 0.0 0.0 0.0 0.0 0.0 0.0 13696.0 4656.0 3152.0 2112.0 1696.0 1392.0 128.0 128.0 176.0 176.0 192.0 128.0 0.0 0.0 0.0 0.0 0.0 0.0 18512.0 5504.0 3600.0 2640.0 1920.0 1504.0 656.0 448.0 624.0 448.0 512.0 544.0 0.0 0.0 0.0 0.0 0.0 0.0 15520.0 4784.0 3248.0 2256.0 1760.0 1424.0 208.0 192.0 272.0 224.0 368.0 224.0 0.0 0.0 0.0 0.0 0.0 0.0 9616.0 4416.0 3008.0 2032.0 1712.0 1392.0 80.0 32.0 96.0 128.0 96.0 32.0 0.0 0.0 0.0 0.0 0.0 0.0 18192.0 5872.0 3504.0 2544.0 2016.0 1712.0 480.0 416.0 640.0 496.0 544.0 512.0 0.0 0.0 0.0 0.0 0.0 0.0 13536.0 4912.0 3296.0 2592.0 2304.0 1760.0 3072.0 2304.0 2048.0 1520.0 1296.0 1056.0 0.0 0.0 64.0 0.0 16.0 32.0 0.0 0.0 0.0 0.0 0.0 0.0 14896.0 5120.0 3248.0 2432.0 1792.0 1616.0 176.0 128.0 304.0 160.0 256.0 160.0 0.0 0.0 0.0 0.0 0.0 0.0
49 1 TRACE 320.0 320.0 320.0 320.0 320.0 8.0 320.0 320.0 320.0 320.0 320.0 8.0 320.0 320.0 320.0 320.0 320.0 8.0 320.0 320.0 320.0 320.0 320.0 8.0 320.0 320.0 320.0 320.0 320.0 8.0 320.0 320.0 320.0 320.0 320.0 8.0 320.0 320.0 320.0 320.0 320.0 8.0 320.0 320.0 320.0 320.0 320.0 8.0 320.0 320.0 320.0 320.0 320.0 8.0 320.0 320.0 320.0 320.0 320.0 8.0 320.0 320.0 320.0 320.0 320.0 8.0 320.0 320.0 320.0 320.0 320.0 8.0 320.0 320.0 320.0 320.0 320.0 8.0 320.0 320.0 320.0 320.0 320.0 8.0 320.0 320.0 320.0 320.0 320.0 8.0 320.0 320.0 320.0 320.0 320.0 8.0 320.0 320.0 320.0 320.0 320.0 8.0 320.0 320.0 320.0 320.0 320.0 8.0 320.0 320.0 320.0 320.0 320.0 8.0 320.0 320.0 320.0 320.0 320.0 8.0 320.0 320.0 320.0 320.0 320.0 8.0 320.0 320.0 320.0 320.0 320.0 8.0 320.0 320.0 320.0 320.0 320.0 8.0 320.0 320.0 320.0 320.0 320.0 8.0 320.0 320.0 320.0 320.0 320.0 8.0 320.0 320.0 320.0 320.0 320.0 8.0 320.0 320.0 320.0 320.0 320.0 8.0 320.0 320.0 320.0 320.0 320.0 8.0 320.0 320.0 320.0 320.0 320.0 8.0 320.0 320.0 320.0 320.0 320.0 8.0 320.0 320.0 320.0 320.0 320.0 8.0 320.0 320.0 320.0 320.0 320.0 8.0 320.0 320.0 320.0 320.0 320.0 8.0 320.0 320.0 320.0 320.0 320.0 8.0 320.0 320.0 320.0 320.0 320.0 8.0 320.0 320.0 320.0 320.0 320.0 8.0 320.0 320.0 320.0 320.0 320.0 8.0 320.0 320.0 320.0 320.0 320.0 8.0 320.0 320.0 320.0 320.0 320.0 8.0 320.0 320.0 320.0 320.0 320.0 8.0 320.0 320.0 320.0 320.0 320.0 8.0 320.0 320.0 320.0 320.0 320.0 8.0 320.0 320.0 320.0 320.0 320.0 8.0 320.0 320.0 320.0 320.0 320.0 8.0 320.0 320.0 320.0 320.0 320.0 8.0 320.0 320.0 320.0 320.0 320.0 8.0 320.0 320.0 320.0 320.0 320.0 8.0 320.0 320.0 320.0 320.0 320.0 8.0 320.0 320.0 320.0 320.0 320.0 8.0 320.0 320.0 320.0 320.0 320.0 8.0 320.0 320.0 320.0 320.0 320.0 8.0 320.0 320.0 320.0 320.0 320.0 8.0 320.0 320.0 320.0 320.0 320.0 8.0 320.0 320.0 320.0 320.0 320.0 8.0 320.0 320.0 320.0 320.0 320.0 8.0 320.0 320.0 320.0 320.0 320.0 8.0 320.0 320.0 320.0 320.0 320.0 8.0 320.0 320.0 320.0 320.0 320.0 8.0 320.0 320.0 320.0 320.0 320.0 8.0 320.0 320.0 320.0 320.0 320.0 8.0 320.0 320.0 320.0 320.0 320.0 8.0 320.0 320.0 320.0 320.0 320.0 8.0 320.0 320.0 320.0 320.0 320.0 8.0 320.0 320.0 320.0 320.0 320.0 8.0 320.0 320.0 320.0 320.0 320.0 8.0 320.0 320.0 320.0 320.0 320.0 8.0 320.0 320.0 320.0 320.0 320.0 8.0 320.0 320.0 320.0 320.0 320.0 8.0 320.0 320.0 320.0 320.0 320.0 8.0 320.0 320.0 320.0 320.0 320.0 8.0 320.0 320.0 320.0 320.0 320.0 8.0 320.0 320.0 320.0 320.0 320.0 8.0 320.0 320.0 320.0 320.0 320.0 8.0 320.0 320.0 320.0 320.0 320.0 8.0 320.0 320.0 320.0 320.0 320.0 8.0 320.0 320.0 320.0 320.0 320.0 8.0 320.0 320.0 320.0 320.0 320.0 8.0 320.0 320.0 320.0 320.0 320.0 8.0 320.0 320.0 320.0 320.0 320.0 8.0 320.0 320.0 320.0 320.0 320.0 8.0 320.0 320.0 320.0 320.0 320.0 8.0 320.0 320.0 320.0 320.0 320.0 8.0 320.0 320.0 320.0 320.0 320.0 8.0 320.0 320.0 320.0 320.0 320.0 8.0 320.0 320.0 320.0 320.0 320.0 8.0 320.0 320.0 320.0 320.0 320.0 8.0 320.0 320.0 320.0 320.0 320.0 8.0 320.0 320.0 320.0 320.0 320.0 8.0 320.0 320.0 320.0 320.0 320.0 8.0 320.0 320.0 320.0 320.0 320.0 8.0 320.0 320.0 320.0 320.0 320.0 8.0 320.0 320.0 320.0 320.0 320.0 8.0 320.0 320.0 320.0 320.0 320.0 8.0 320.0 320.0 320.0 320.0 320.0 8.0 320.0 320.0 320.0 320.0 320.0 8.0 320.0 320.0 320.0 320.0 320.0 8.0 320.0 320.0 320.0 320.0 320.0 8.0 320.0 320.0 320.0 320.0 320.0 8.0 320.0 320.0 320.0 320.0 320.0 8.0 320.0 320.0 320.0 320.0 320.0 8.0 320.0 320.0 320.0 320.0 320.0 8.0 320.0 320.0 320.0 320.0 320.0 8.0 320.0 320.0 320.0 320.0 320.0 8.0 320.0 320.0 320.0 320.0 320.0 8.0 320.0 320.0 320.0 320.0 320.0 8.0 320.0 320.0 320.0 320.0 320.0 8.0 320.0 320.0 320.0 320.0 320.0 8.0 320.0 320.0 320.0 320.0 320.0 8.0 320.0 320.0 320.0 320.0 320.0 8.0 320.0 320.0 320.0 320.0 320.0 8.0 320.0 320.0 320.0 320.0 320.0 8.0 320.0 320.0 320.0 320.0 320.0 8.0 320.0 320.0 320.0 320.0 320.0 8.0 320.0 320.0 320.0 320.0 320.0 8.0 320.0 320.0 320.0 320.0 320.0 8.0 320.0 320.0 320.0 320.0 320.0 8.0 320.0 320.0 320.0 320.0 320.0 8.0 320.0 320.0 320.0 320.0 320.0 8.0 320.0 320.0 320.0 320.0 320.0 8.0 320.0 320.0 320.0 320.0 320.0 8.0 320.0 320.0 320.0 320.0 320.0 8.0 320.0 320.0 320.0 320.0 320.0 8.0 320.0 320.0 320.0 320.0 320.0 8.0 320.0 320.0 320.0 320.0 320.0 8.0 320.0 320.0 320.0 320.0 320.0 8.0 320.0 320.0 320.0 320.0 320.0 8.0 320.0 320.0 320.0 320.0 320.0 8.0 320.0 320.0 320.0 320.0 320.0 8.0 320.0 320.0 320.0 320.0 320.0 8.0 320.0 320.0 320.0 320.0 320.0 8.0 320.0 320.0 320.0 320.0 320.0 8.0 320.0 320.0 320.0 320.0 320.0 8.0 320.0 320.0 320.0 320.0 320.0 8.0 320.0 320.0 320.0 320.0 320.0 8.0 320.0 320.0 320.0 320.0 320.0 8.0 320.0 320.0 320.0 320.0 320.0 8.0 320.0 320.0 320.0 320.0 320.0 8.0 320.0 320.0 320.0 320.0 320.0 8.0 320.0 320.0 320.0 320.0 320.0 8.0 320.0 320.0 320.0 320.0 320.0 8.0 320.0 320.0 320.0 320.0 320.0 8.0 320.0 320.0 320.0 320.0 320.0 8.0 320.0 320.0 320.0 320.0 320.0 8.0 320.0 320.0 320.0 320.0 320.0 8.0 320.0 320.0 320.0 320.0 320.0 8.0 320.0 320.0 320.0 320.0 320.0 8.0 320.0 320.0 320.0 320.0 320.0 8.0 320.0 320.0 320.0 320.0 320.0 8.0 320.0 320.0 320.0 320.0 320.0 8.0 320.0 320.0 320.0 320.0 320.0 8.0 320.0 320.0 320.0 320.0 320.0 8.0 320.0 320.0 320.0 320.0 320.0 8.0 320.0 320.0 320.0 320.0 320.0 8.0 320.0 320.0 320.0 320.0 320.0 8.0 320.0 320.0 320.0 320.0 320.0 8.0 320.0 320.0 320.0 320.0 320.0 8.0 320.0 320.0 320.0 320.0 320.0 8.0 320.0 320.0 320.0 320.0 320.0 8.0 320.0 320.0 320.0 320.0 320.0 8.0 320.0 320.0 320.0 320.0 320.0 8.0 320.0 320.0 320.0 320.0 320.0 8.0 320.0 320.0 320.0 320.0 320.0 8.0 320.0 320.0 320.0 320.0 320.0 8.0 320.0 320.0 320.0 320.0 320.0 8.0 320.0 320.0 320.0 320.0 320.0 8.0 320.0 320.0 320.0 320.0 320.0 8.0 320.0 320.0 320.0 320.0 320.0 8.0 320.0 320.0 320.0 320.0 320.0 8.0 320.0 320.0 320.0 320.0 320.0 8.0 320.0 320.0 320.0 320.0 320.0 8.0 320.0 320.0 320.0 320.0 320.0 8.0 320.0 320.0 320.0 320.0 320.0 8.0 320.0 320.0 320.0 320.0 320.0 8.0 320.0 320.0 320.0 320.0 320.0 8.0 320.0 320.0 320.0 320.0 320.0 8.0 320.0 320.0 320.0 320.0 320.0 8.0 320.0 320.0 320.0 320.0 320.0 8.0 320.0 320.0 320.0 320.0 320.0 8.0 320.0 320.0 320.0 320.0 320.0 8.0 320.0 320.0 320.0 320.0 320.0 8.0 320.0 320.0 320.0 320.0 320.0 8.0 320.0 320.0 320.0 320.0 320.0 8.0 320.0 320.0 320.0 320.0 320.0 8.0 320.0 320.0 320.0 320.0 320.0 8.0 320.0 320.0 320.0 320.0 320.0 8.0 320.0 320.0 320.0 320.0 320.0 8.0 320.0 320.0 320.0 320.0 320.0 8.0 320.0 320.0 320.0 320.0 320.0 8.0 320.0 320.0 320.0 320.0 320.0 8.0 320.0 320.0 320.0 320.0 320.0 8.0 320.0 320.0 320.0 320.0 320.0 8.0 320.0 320.0 320.0 320.0 320.0 8.0 320.0 320.0 320.0 320.0 320.0 8.0 320.0 320.0 320.0 320.0 320.0 8.0 320.0 320.0 320.0 320.0 320.0 8.0 320.0 320.0 320.0 320.0 320.0 8.0 320.0 320.0 320.0 320.0 320.0 8.0 320.0 320.0 320.0 320.0 320.0 8.0 320.0 320.0 320.0 320.0 320.0 8.0 320.0 320.0 320.0 320.0 320.0 8.0 320.0 320.0 320.0 320.0 320.0 8.0 320.0 320.0 320.0 320.0 320.0 8.0
50 1 TRACE 8.0 8.0 8.0 8.0 8.0 8.0 0.0 8.0 8.0 8.0 0.0 8.0 8.0 8.0 8.0 8.0 8.0 8.0 8.0 8.0 0.0 8.0 8.0 8.0 0.0 8.0 8.0 8.0 8.0 8.0 8.0 8.0 8.0 8.0 8.0 8.0 8.0 8.0 8.0 8.0 8.0 8.0 8.0 8.0 8.0 8.0 8.0 8.0 8.0 8.0 8.0 8.0 8.0 8.0 8.0 8.0 8.0 8.0 8.0 8.0 8.0 0.0 8.0 8.0 0.0 8.0 8.0 8.0 8.0 8.0 8.0 8.0 8.0 8.0 8.0 8.0 8.0 8.0 8.0 8.0 8.0 8.0 8.0 8.0 8.0 8.0 8.0 8.0 8.0 8.0 8.0 8.0 0.0 8.0 8.0 8.0 8.0 8.0 8.0 8.0 8.0 8.0 8.0 8.0 8.0 8.0 8.0 8.0 8.0 8.0 8.0 8.0 8.0 8.0 0.0 8.0 8.0 8.0 8.0 8.0 8.0 8.0 8.0 8.0 8.0 8.0 8.0 8.0 8.0 8.0 8.0 8.0 8.0 8.0 8.0 8.0 8.0 8.0 8.0 8.0 8.0 8.0 8.0 8.0 8.0 8.0 8.0 8.0 8.0 8.0 8.0 8.0 8.0 8.0 8.0 8.0 8.0 8.0 8.0 8.0 8.0 8.0 8.0 8.0 8.0 8.0 8.0 8.0 8.0 8.0 8.0 8.0 8.0 8.0 8.0 8.0 8.0 8.0 8.0 8.0 8.0 8.0 8.0 8.0 8.0 8.0 8.0 8.0 8.0 8.0 8.0 8.0 8.0 8.0 8.0 8.0 8.0 8.0 0.0 8.0 8.0 8.0
51 1 CONSTANT 8.0
52 1 CONSTANT 8.0
53 1 CONSTANT 8.0
54 1 CONSTANT 0.0
55 1 CONSTANT 0.0
56 1 CONSTANT 0.0
57 1 CONSTANT 0.0
58 1 CONSTANT 0.0
59 1 CONSTANT 0.0
60 1 CONSTANT 0.0
61 1 CONSTANT 0.0
62 1 CONSTANT 8.0
