0 1 CONSTANT 8.0
1 1 CONSTANT 8.0
2 1 CONSTANT 0.0
3 1 CONSTANT 8.0
4 1 CONSTANT 8.0
5 1 CONSTANT 8.0
6 1 CONSTANT 8.0
7 1 CONSTANT 8.0
8 1 CONSTANT 8.0
9 1 CONSTANT 0.0
10 1 CONSTANT 0.0
11 1 CONSTANT 0.0
12 1 CONSTANT 0.0
13 1 CONSTANT 8.0
14 1 CONSTANT 4.0
15 1 CONSTANT 4.0
16 1 CONSTANT 0.0
17 1 CONSTANT 0.0
18 1 CONSTANT 0.0
19 1 CONSTANT 0.0
20 1 CONSTANT 4.0
21 1 CONSTANT 8.0
22 1 CONSTANT 8.0
23 1 CONSTANT 8.0
24 1 CONSTANT 8.0
25 1 CONSTANT 4.0
26 1 CONSTANT 4.0
27 1 CONSTANT 8.0
28 1 TRACE 0.0 0.0 36.0 0.0 0.0 0.0 0.0 0.0 112.0 16.0 0.0 0.0 108.0 0.0 4.0 0.0 104.0 0.0 0.0 4.0 0.0 0.0 0.0 220.0 0.0 0.0 4.0 268.0 0.0 0.0 0.0 4.0 0.0 0.0 36.0 12.0 0.0 0.0 40.0 12.0 0.0 0.0 0.0 236.0 0.0 0.0 0.0 80.0 0.0 0.0 0.0 300.0 0.0 0.0 0.0 4.0 0.0 0.0 304.0 0.0 0.0 0.0 24.0 24.0 0.0 0.0 4.0 0.0 0.0 280.0 0.0 0.0 0.0 8.0 0.0 4.0 128.0 0.0 0.0 0.0 8.0 0.0 0.0 100.0 12.0 0.0 0.0 0.0 0.0 0.0 0.0 0.0 280.0 0.0 0.0 0.0 0.0 0.0 0.0 0.0 0.0 0.0 0.0 188.0 0.0 0.0 4.0 56.0 0.0 0.0 4.0 4.0 4.0 0.0 180.0 0.0 0.0 0.0 0.0 212.0 0.0 0.0 20.0 48.0 0.0 0.0 0.0 48.0 24.0 0.0 0.0 4.0 344.0 0.0 4.0 0.0 36.0 20.0 0.0 0.0 4.0 0.0 0.0 8.0 112.0 0.0 0.0 4.0 228.0 0.0 0.0 0.0 8.0 0.0 4.0 280.0 0.0 0.0 0.0 308.0 0.0 0.0 0.0 224.0 0.0 0.0 0.0 180.0 0.0 0.0 0.0 4.0 0.0 8.0 84.0 0.0 0.0 12.0 64.0 0.0 0.0 0.0 196.0 0.0 0.0 0.0 0.0 0.0 0.0 120.0 8.0 0.0 4.0 204.0 0.0 0.0 0.0 348.0 0.0 0.0 0.0 64.0 0.0 0.0 0.0 24.0 20.0 0.0 0.0 20.0 44.0 0.0 0.0 4.0 108.0 8.0 0.0 0.0 0.0 168.0 8.0 0.0 0.0 4.0 0.0 0.0 180.0 0.0 0.0 0.0 116.0 0.0 0.0 0.0 240.0 0.0 0.0 0.0 0.0 0.0 0.0 0.0 4.0 0.0 0.0 124.0 16.0
29 1 CONSTANT 4.0
30 1 TRACE 0.0 0.0 36.0 0.0 0.0 0.0 0.0 0.0 112.0 16.0 0.0 0.0 108.0 0.0 4.0 0.0 104.0 0.0 0.0 4.0 0.0 0.0 0.0 220.0 0.0 0.0 4.0 268.0 0.0 0.0 0.0 4.0 0.0 0.0 36.0 12.0 0.0 0.0 40.0 12.0 0.0 0.0 0.0 236.0 0.0 0.0 0.0 80.0 0.0 0.0 0.0 300.0 0.0 0.0 0.0 4.0 0.0 0.0 304.0 0.0 0.0 0.0 24.0 24.0 0.0 0.0 4.0 0.0 0.0 280.0 0.0 0.0 0.0 8.0 0.0 4.0 128.0 0.0 0.0 0.0 8.0 0.0 0.0 100.0 12.0 0.0 0.0 0.0 0.0 0.0 0.0 0.0 280.0 0.0 0.0 0.0 0.0 0.0 0.0 0.0 0.0 0.0 0.0 188.0 0.0 0.0 4.0 56.0 0.0 0.0 4.0 4.0 4.0 0.0 180.0 0.0 0.0 0.0 0.0 212.0 0.0 0.0 20.0 48.0 0.0 0.0 0.0 48.0 24.0 0.0 0.0 4.0 344.0 0.0 4.0 0.0 36.0 20.0 0.0 0.0 4.0 0.0 0.0 8.0 112.0 0.0 0.0 4.0 228.0 0.0 0.0 0.0 8.0 0.0 4.0 280.0 0.0 0.0 0.0 308.0 0.0 0.0 0.0 224.0 0.0 0.0 0.0 180.0 0.0 0.0 0.0 4.0 0.0 8.0 84.0 0.0 0.0 12.0 64.0 0.0 0.0 0.0 196.0 0.0 0.0 0.0 0.0 0.0 0.0 120.0 8.0 0.0 4.0 204.0 0.0 0.0 0.0 348.0 0.0 0.0 0.0 64.0 0.0 0.0 0.0 24.0 20.0 0.0 0.0 20.0 44.0 0.0 0.0 4.0 108.0 8.0 0.0 0.0 0.0 168.0 8.0 0.0 0.0 4.0 0.0 0.0 180.0 0.0 0.0 0.0 116.0 0.0 0.0 0.0 240.0 0.0 0.0 0.0 0.0 0.0 0.0 0.0 4.0 0.0 0.0 124.0 16.0
31 1 CONSTANT 8.0
32 1 CONSTANT 8.0
33 1 CONSTANT 4.0
34 1 CONSTANT 0.0
35 1 CONSTANT 0.0
36 1 CONSTANT 8.0
37 1 CONSTANT 8.0
38 1 CONSTANT 8.0
39 1 TRACE 8.0 0.0 0.0 8.0 0.0 0.0 8.0 8.0 0.0 0.0 8.0 0.0 8.0 0.0 8.0 0.0 8.0 0.0 8.0 0.0 0.0 8.0 0.0 8.0 0.0 8.0 0.0 8.0 0.0 8.0 0.0 0.0 8.0 8.0 0.0 8.0 0.0 8.0 0.0 8.0 0.0 8.0 0.0 8.0 0.0 8.0 0.0 8.0 0.0 8.0 0.0 8.0 0.0 8.0 0.0 0.0 8.0 0.0 8.0 0.0 8.0 8.0 0.0 0.0 8.0 0.0 0.0 8.0 0.0 8.0 0.0 8.0 0.0 0.0 8.0 0.0 8.0 0.0 8.0 0.0 0.0 8.0 8.0 0.0 8.0 0.0 8.0 0.0 0.0 8.0 8.0 0.0 8.0 0.0 8.0 0.0 0.0 8.0 0.0 0.0 8.0 8.0 0.0 8.0 0.0 8.0 0.0 8.0 0.0 8.0 0.0 0.0 8.0 0.0 8.0 0.0 8.0 8.0 0.0 8.0 0.0 8.0 0.0 8.0 0.0 8.0 8.0 0.0 8.0 0.0 8.0 0.0 8.0 0.0 8.0 8.0 0.0 0.0 8.0 0.0 0.0 8.0 8.0 0.0 8.0 0.0 8.0 0.0 8.0 0.0 8.0 0.0 0.0 8.0 0.0 8.0 0.0 8.0 0.0 8.0 0.0 8.0 0.0 8.0 0.0 8.0 0.0 8.0 0.0 8.0 0.0 0.0 8.0 0.0 8.0 0.0 8.0 0.0 8.0 0.0 8.0 0.0 8.0 0.0 8.0 0.0 0.0 8.0 8.0 0.0 0.0 8.0 0.0 8.0 0.0 8.0 0.0 8.0 0.0 8.0 0.0 8.0 0.0 8.0 8.0 0.0 8.0 0.0 8.0 0.0 8.0 0.0 8.0 8.0 0.0 8.0 0.0 8.0 8.0 0.0 0.0 8.0 0.0 0.0 8.0 0.0 8.0 0.0 8.0 0.0 8.0 0.0 8.0 0.0 8.0 0.0 8.0 8.0 0.0 0.0 8.0 0.0 0.0 8.0 8.0 0.0 0.0
40 1 CONSTANT 8.0
41 1 CONSTANT 8.0
42 1 CONSTANT 8.0
43 1 CONSTANT 8328.0
44 1 CONSTANT 8320.0
45 1 CONSTANT 8.0
46 1 CONSTANT 8328.0
47 1 CONSTANT 4.0
48 1 TRACE 449200.0 149024.0 92096.0 70096.0 54048.0 42880.0 7696.0 6944.0 7472.0 6992.0 6752.0 6544.0 16.0 16.0 16.0 16.0 32.0 32.0 296080.0 109216.0 69264.0 56096.0 46496.0 37120.0 118416.0 78976.0 60144.0 49360.0 41472.0 34208.0 480.0 464.0 400.0 400.0 576.0 432.0 0.0 0.0 16.0 0.0 0.0 0.0 308048.0 132704.0 86160.0 65776.0 51920.0 40624.0 2144.0 2192.0 2176.0 2144.0 2144.0 2320.0 16.0 0.0 16.0 0.0 16.0 0.0 458944.0 141792.0 88560.0 67552.0 53776.0 42816.0 32192.0 27984.0 26224.0 22960.0 21280.0 19184.0 64.0 112.0 96.0 96.0 128.0 176.0 469744.0 144736.0 89776.0 67776.0 54928.0 41744.0 26464.0 23600.0 21520.0 20304.0 18304.0 17088.0 64.0 80.0 64.0 112.0 96.0 176.0 322704.0 117008.0 72672.0 59952.0 49104.0 39184.0 99824.0 70896.0 55120.0 46000.0 38800.0 32000.0 336.0 320.0 304.0 368.0 512.0 432.0 0.0 0.0 0.0 0.0 0.0 0.0 441312.0 137680.0 86928.0 67568.0 53840.0 41104.0 39824.0 34496.0 30208.0 26752.0 24784.0 21776.0 176.0 64.0 48.0 80.0 112.0 240.0 395856.0 130496.0 82464.0 63648.0 50928.0 41920.0 61248.0 48272.0 41072.0 36064.0 30688.0 26608.0 160.0 224.0 176.0 208.0 224.0 224.0 291360.0 113056.0 69552.0 56112.0 47072.0 36240.0 121984.0 80832.0 61552.0 50528.0 41216.0 34608.0 528.0 480.0 512.0 592.0 544.0 480.0 0.0 0.0 0.0 0.0 0.0 0.0 391984.0 143920.0 90000.0 68592.0 53872.0 42528.0 3952.0 3840.0 4288.0 4080.0 4016.0 3680.0 0.0 32.0 32.0 0.0 16.0 32.0 389920.0 144192.0 89568.0 67856.0 53808.0 42112.0 4080.0 3952.0 4256.0 4240.0 3984.0 3936.0 0.0 16.0 16.0 0.0 16.0 0.0 422416.0 134720.0 85152.0 67040.0 53680.0 42544.0 49312.0 40400.0 35264.0 30656.0 26848.0 23824.0 224.0 144.0 176.0 112.0 208.0 208.0 480608.0 147632.0 91328.0 69216.0 55488.0 42528.0 18000.0 16832.0 15872.0 14896.0 13968.0 13152.0 64.0 32.0 32.0 32.0 64.0 112.0 391632.0 129376.0 80880.0 63520.0 52496.0 40816.0 63568.0 49408.0 42192.0 36112.0 31328.0 27024.0 224.0 224.0 144.0 208.0 304.0 304.0 210800.0 93808.0 59776.0 49920.0 43216.0 35200.0 196592.0 107184.0 74368.0 59104.0 47536.0 38176.0 816.0 992.0 960.0 960.0 1024.0 944.0 0.0 0.0 16.0 0.0 0.0 0.0 390608.0 129312.0 80832.0 62576.0 52480.0 40608.0 63072.0 50304.0 42048.0 36048.0 31408.0 27088.0 224.0 272.0 160.0 256.0 336.0 304.0 407520.0 145888.0 90608.0 68400.0 53360.0 41968.0 4768.0 4048.0 4928.0 4768.0 4496.0 4352.0 16.0 16.0 16.0 16.0 32.0 32.0 359696.0 126448.0 79488.0 62480.0 50496.0 39264.0 79584.0 58976.0 48496.0 41152.0 35552.0 30208.0 224.0 288.0 224.0 320.0 304.0 336.0 0.0 0.0 0.0 0.0 0.0 0.0 407664.0 135200.0 83136.0 65472.0 53200.0 41008.0 55792.0 44544.0 39184.0 33072.0 29472.0 25632.0 208.0 144.0 160.0 208.0 272.0 208.0 203728.0 93072.0 57680.0 46688.0 39408.0 31344.0 198832.0 107872.0 74656.0 59664.0 48240.0 38832.0 912.0 992.0 896.0 1152.0 944.0 976.0 0.0 0.0 16.0 0.0 0.0 0.0 471232.0 144000.0 90656.0 67728.0 53888.0 42304.0 25696.0 21904.0 20976.0 18976.0 18304.0 16576.0 80.0 64.0 64.0 64.0 80.0 160.0 205136.0 92128.0 56976.0 47520.0 41488.0 33232.0 199072.0 108688.0 75744.0 59472.0 47136.0 38560.0 864.0 992.0 832.0 1120.0 1248.0 1008.0 0.0 0.0 0.0 0.0 0.0 0.0 319600.0 134240.0 86224.0 65792.0 51040.0 41104.0 2048.0 2304.0 2288.0 2352.0 2288.0 2416.0 0.0 16.0 16.0 0.0 16.0 0.0 337856.0 120608.0 77008.0 62160.0 51024.0 40304.0 95056.0 66880.0 52528.0 44064.0 36912.0 31520.0 288.0 432.0 320.0 336.0 384.0 352.0 0.0 0.0 0.0 0.0 0.0 0.0 394720.0 132096.0 83008.0 66176.0 52384.0 41360.0 63168.0 48432.0 41632.0 35472.0 31296.0 27568.0 208.0 240.0 144.0 160.0 304.0 272.0 366496.0 126592.0 78720.0 62352.0 51360.0 40000.0 77600.0 57728.0 47344.0 40400.0 34384.0 29696.0 304.0 320.0 272.0 320.0 304.0 352.0 0.0 0.0 16.0 0.0 0.0 0.0 274464.0 107744.0 67280.0 53648.0 45136.0 35968.0 134784.0 86016.0 64608.0 52176.0 43328.0 35184.0 464.0 624.0 432.0 608.0 656.0 656.0 0.0 0.0 0.0 0.0 0.0 0.0 431360.0 136256.0 85712.0 66064.0 53536.0 42336.0 43952.0 35504.0 32320.0 28528.0 25392.0 22784.0 144.0 128.0 128.0 160.0 96.0 224.0 473104.0 148848.0 91232.0 69584.0 55152.0 43056.0 12176.0 11360.0 11440.0 10544.0 9840.0 9536.0 32.0 32.0 16.0 32.0 64.0 80.0 319472.0 122336.0 79088.0 63136.0 51632.0 40288.0 108896.0 74384.0 56512.0 46896.0 38992.0 32976.0 288.0 448.0 320.0 400.0 464.0 480.0 0.0 0.0 0.0 0.0 0.0 0.0 435312.0 136384.0 86352.0 66288.0 53120.0 42224.0 43232.0 36368.0 32832.0 28784.0 25424.0 22144.0 192.0 96.0 96.0 144.0 128.0 224.0 442576.0 139696.0 88064.0 66912.0 53776.0 41936.0 39216.0 33520.0 29824.0 26528.0 24192.0 21424.0 160.0 112.0 96.0 128.0 160.0 176.0 469424.0 147232.0 90400.0 68768.0 53600.0 41904.0 10480.0 10336.0 10064.0 9440.0 9344.0 8656.0 32.0 32.0 32.0 16.0 32.0 96.0 396784.0 143232.0 90400.0 68000.0 53344.0 41936.0 4160.0 4144.0 3904.0 4304.0 4352.0 4032.0 16.0 0.0 16.0 16.0 16.0 16.0 375344.0 125968.0 80336.0 63088.0 52000.0 41008.0 71472.0 54848.0 45312.0 38496.0 33248.0 28384.0 240.0 256.0 224.0 304.0 336.0 304.0 364768.0 141168.0 89072.0 67328.0 53072.0 41776.0 3296.0 2848.0 3264.0 3360.0 3360.0 3392.0 0.0 16.0 16.0 16.0 0.0 16.0 200016.0 94000.0 56576.0 46320.0 39936.0 32944.0 203184.0 108896.0 75984.0 60752.0 48256.0 38672.0 1056.0 912.0 1024.0 1040.0 1072.0 960.0 0.0 0.0 16.0 0.0 0.0 0.0 471424.0 144320.0 88144.0 68368.0 53888.0 42080.0 25040.0 22000.0 21232.0 19200.0 17680.0 16384.0 96.0 96.0 48.0 48.0 64.0 144.0 431280.0 135472.0 85904.0 65136.0 53040.0 41168.0 45008.0 37680.0 33504.0 29968.0 26336.0 23648.0 160.0 160.0 176.0 112.0 144.0 224.0 194272.0 86464.0 54864.0 44176.0 37600.0 30672.0 201600.0 109360.0 76224.0 60032.0 48880.0 39008.0 928.0 1072.0 896.0 976.0 1088.0 960.0 0.0 0.0 16.0 0.0 0.0 0.0 392368.0 132288.0 83152.0 63536.0 52480.0 43232.0 63344.0 49536.0 41472.0 36560.0 31792.0 26656.0 208.0 176.0 128.0 192.0 288.0 272.0 393056.0 129280.0 82016.0 63440.0 53168.0 42048.0 62736.0 49488.0 41920.0 36688.0 31088.0 27008.0 224.0 208.0 240.0 192.0 256.0 240.0 422032.0 136400.0 86368.0 67520.0 54192.0 42976.0 50256.0 40608.0 35136.0 30688.0 27280.0 23728.0 128.0 192.0 144.0 144.0 256.0 240.0 461216.0 142256.0 89168.0 68672.0 54032.0 42224.0 30608.0 26944.0 24592.0 22368.0 20752.0 18896.0 160.0 96.0 96.0 128.0 96.0 144.0 314448.0 119536.0 77280.0 61104.0 50720.0 40096.0 111824.0 76768.0 58112.0 47872.0 39328.0 33392.0 384.0 448.0 432.0 448.0 528.0 464.0 0.0 0.0 16.0 0.0 0.0 0.0 479808.0 145376.0 91616.0 68528.0 54000.0 42320.0 18080.0 17152.0 15696.0 14704.0 14016.0 12992.0 64.0 48.0 48.0 64.0 80.0 64.0 469840.0 147104.0 90560.0 68464.0 54160.0 42160.0 11680.0 10832.0 10880.0 9968.0 9280.0 9136.0 64.0 32.0 32.0 16.0 48.0 64.0 449616.0 141680.0 87776.0 68160.0 54528.0 43008.0 37008.0 30960.0 29008.0 25264.0 23024.0 20608.0 144.0 96.0 96.0 96.0 112.0 176.0 328160.0 122416.0 77024.0 60960.0 50800.0 39968.0 102784.0 71168.0 55472.0 46064.0 38352.0 32400.0 384.0 400.0 272.0 400.0 432.0 464.0 0.0 0.0 16.0 0.0 0.0 0.0 303152.0 131616.0 85408.0 64672.0 51904.0 40768.0 2032.0 2048.0 2064.0 2336.0 1984.0 2080.0 0.0 0.0 16.0 0.0 0.0 0.0 432768.0 137344.0 85744.0 66528.0 54928.0 41312.0 44368.0 37712.0 33008.0 29088.0 25408.0 23840.0 144.0 128.0 80.0 96.0 176.0 208.0 381392.0 129920.0 82208.0 65200.0 52144.0 41776.0 69296.0 53024.0 44240.0 37136.0 32528.0 28160.0 224.0 208.0 256.0 288.0 400.0 288.0 480832.0 148896.0 91776.0 70352.0 55136.0 42512.0 14960.0 13360.0 13584.0 12512.0 12144.0 11312.0 48.0 48.0 32.0 32.0 80.0 80.0 424160.0 147840.0 92000.0 69712.0 54192.0 43072.0 5792.0 5056.0 4880.0 5440.0 5280.0 4928.0 0.0 16.0 16.0 16.0 16.0 32.0 478000.0 148976.0 92224.0 70656.0 55280.0 42512.0 13184.0 12640.0 11616.0 10896.0 10608.0 10640.0 32.0 32.0 16.0 48.0 48.0 64.0 316304.0 135504.0 86592.0 66384.0 52880.0 41600.0 2496.0 2080.0 2400.0 2528.0 2384.0 2160.0 0.0 0.0 16.0 0.0 0.0 0.0 301968.0 133552.0 85792.0 66064.0 52480.0 41728.0 2016.0 1920.0 2224.0 2240.0 2272.0 2048.0 0.0 0.0 16.0 16.0 16.0 0.0 307504.0 116368.0 72848.0 57760.0 48448.0 39584.0 112416.0 76272.0 58880.0 48416.0 39904.0 33200.0 384.0 448.0 384.0 480.0 464.0 496.0 0.0 0.0 0.0 0.0 0.0 0.0 444320.0 138688.0 86848.0 67184.0 53232.0 42208.0 39680.0 33488.0 30112.0 26768.0 24096.0 21296.0 160.0 112.0 128.0 112.0 176.0 192.0 458464.0 141888.0 88880.0 67984.0 54656.0 42576.0 32048.0 28112.0 25472.0 23296.0 20944.0 18960.0 96.0 64.0 48.0 128.0 96.0 176.0 410800.0 134752.0 85104.0 65888.0 52240.0 40752.0 54784.0 43824.0 37968.0 33440.0 29424.0 25904.0 208.0 208.0 176.0 144.0 192.0 224.0 297456.0 110960.0 70128.0 56992.0 47136.0 36544.0 116640.0 76832.0 59424.0 48000.0 40464.0 34192.0 448.0 448.0 416.0 560.0 544.0 432.0 0.0 0.0 16.0 0.0 0.0 0.0 316272.0 118112.0 74112.0 58528.0 48720.0 37280.0 104592.0 72416.0 55920.0 46640.0 39184.0 33424.0 384.0 400.0 320.0 448.0 400.0 416.0 0.0 0.0 16.0 0.0 0.0 0.0 303824.0 131136.0 85360.0 65056.0 51072.0 40640.0 2192.0 1904.0 2224.0 2048.0 2240.0 1984.0 0.0 0.0 16.0 0.0 16.0 0.0
49 1 TRACE 8328.0 8328.0 8328.0 8336.0 8328.0 8.0 8328.0 8328.0 8328.0 8336.0 8328.0 8.0 8328.0 8328.0 8328.0 8336.0 8328.0 8.0 8328.0 8328.0 8328.0 8336.0 8328.0 8.0 8328.0 8328.0 8328.0 8336.0 8328.0 8.0 8328.0 8328.0 8328.0 8336.0 8328.0 8.0 8328.0 8328.0 8328.0 8336.0 8328.0 8.0 8328.0 8328.0 8328.0 8336.0 8328.0 8.0 8328.0 8328.0 8328.0 8336.0 8328.0 8.0 8328.0 8328.0 8328.0 8336.0 8328.0 8.0 8328.0 8328.0 8328.0 8336.0 8328.0 8.0 8328.0 8328.0 8328.0 8336.0 8328.0 8.0 8328.0 8328.0 8328.0 8336.0 8328.0 8.0 8328.0 8328.0 8328.0 8336.0 8328.0 8.0 8328.0 8328.0 8328.0 8336.0 8328.0 8.0 8328.0 8328.0 8328.0 8336.0 8328.0 8.0 8328.0 8328.0 8328.0 8336.0 8328.0 8.0 8328.0 8328.0 8328.0 8336.0 8328.0 8.0 8328.0 8328.0 8328.0 8336.0 8328.0 8.0 8328.0 8328.0 8328.0 8336.0 8328.0 8.0 8328.0 8328.0 8328.0 8336.0 8328.0 8.0 8328.0 8328.0 8328.0 8336.0 8328.0 8.0 8328.0 8328.0 8328.0 8336.0 8328.0 8.0 8328.0 8328.0 8328.0 8336.0 8328.0 8.0 8328.0 8328.0 8328.0 8336.0 8328.0 8.0 8328.0 8328.0 8328.0 8336.0 8328.0 8.0 8328.0 8328.0 8328.0 8336.0 8328.0 8.0 8328.0 8328.0 8328.0 8336.0 8328.0 8.0 8328.0 8328.0 8328.0 8336.0 8328.0 8.0 8328.0 8328.0 8328.0 8336.0 8328.0 8.0 8328.0 8328.0 8328.0 8336.0 8328.0 8.0 8328.0 8328.0 8328.0 8336.0 8328.0 8.0 8328.0 8328.0 8328.0 8336.0 8328.0 8.0 8328.0 8328.0 8328.0 8336.0 8328.0 8.0 8328.0 8328.0 8328.0 8336.0 8328.0 8.0 8328.0 8328.0 8328.0 8336.0 8328.0 8.0 8328.0 8328.0 8328.0 8336.0 8328.0 8.0 8328.0 8328.0 8328.0 8336.0 8328.0 8.0 8328.0 8328.0 8328.0 8336.0 8328.0 8.0 8328.0 8328.0 8328.0 8336.0 8328.0 8.0 8328.0 8328.0 8328.0 8336.0 8328.0 8.0 8328.0 8328.0 8328.0 8336.0 8328.0 8.0 8328.0 8328.0 8328.0 8336.0 8328.0 8.0 8328.0 8328.0 8328.0 8336.0 8328.0 8.0 8328.0 8328.0 8328.0 8336.0 8328.0 8.0 8328.0 8328.0 8328.0 8336.0 8328.0 8.0 8328.0 8328.0 8328.0 8336.0 8328.0 8.0 8328.0 8328.0 8328.0 8336.0 8328.0 8.0 8328.0 8328.0 8328.0 8336.0 8328.0 8.0 8328.0 8328.0 8328.0 8336.0 8328.0 8.0 8328.0 8328.0 8328.0 8336.0 8328.0 8.0 8328.0 8328.0 8328.0 8336.0 8328.0 8.0 8328.0 8328.0 8328.0 8336.0 8328.0 8.0 8328.0 8328.0 8328.0 8336.0 8328.0 8.0 8328.0 8328.0 8328.0 8336.0 8328.0 8.0 8328.0 8328.0 8328.0 8336.0 8328.0 8.0 8328.0 8328.0 8328.0 8336.0 8328.0 8.0 8328.0 8328.0 8328.0 8336.0 8328.0 8.0 8328.0 8328.0 8328.0 8336.0 8328.0 8.0 8328.0 8328.0 8328.0 8336.0 8328.0 8.0 8328.0 8328.0 8328.0 8336.0 8328.0 8.0 8328.0 8328.0 8328.0 8336.0 8328.0 8.0 8328.0 8328.0 8328.0 8336.0 8328.0 8.0 8328.0 8328.0 8328.0 8336.0 8328.0 8.0 8328.0 8328.0 8328.0 8336.0 8328.0 8.0 8328.0 8328.0 8328.0 8336.0 8328.0 8.0 8328.0 8328.0 8328.0 8336.0 8328.0 8.0 8328.0 8328.0 8328.0 8336.0 8328.0 8.0 8328.0 8328.0 8328.0 8336.0 8328.0 8.0 8328.0 8328.0 8328.0 8336.0 8328.0 8.0 8328.0 8328.0 8328.0 8336.0 8328.0 8.0 8328.0 8328.0 8328.0 8336.0 8328.0 8.0 8328.0 8328.0 8328.0 8336.0 8328.0 8.0 8328.0 8328.0 8328.0 8336.0 8328.0 8.0 8328.0 8328.0 8328.0 8336.0 8328.0 8.0 8328.0 8328.0 8328.0 8336.0 8328.0 8.0 8328.0 8328.0 8328.0 8336.0 8328.0 8.0 8328.0 8328.0 8328.0 8336.0 8328.0 8.0 8328.0 8328.0 8328.0 8336.0 8328.0 8.0 8328.0 8328.0 8328.0 8336.0 8328.0 8.0 8328.0 8328.0 8328.0 8336.0 8328.0 8.0 8328.0 8328.0 8328.0 8336.0 8328.0 8.0 8328.0 8328.0 8328.0 8336.0 8328.0 8.0 8328.0 8328.0 8328.0 8336.0 8328.0 8.0 8328.0 8328.0 8328.0 8336.0 8328.0 8.0 8328.0 8328.0 8328.0 8336.0 8328.0 8.0 8328.0 8328.0 8328.0 8336.0 8328.0 8.0 8328.0 8328.0 8328.0 8336.0 8328.0 8.0 8328.0 8328.0 8328.0 8336.0 8328.0 8.0 8328.0 8328.0 8328.0 8336.0 8328.0 8.0 8328.0 8328.0 8328.0 8336.0 8328.0 8.0 8328.0 8328.0 8328.0 8336.0 8328.0 8.0 8328.0 8328.0 8328.0 8336.0 8328.0 8.0 8328.0 8328.0 8328.0 8336.0 8328.0 8.0 8328.0 8328.0 8328.0 8336.0 8328.0 8.0 8328.0 8328.0 8328.0 8336.0 8328.0 8.0 8328.0 8328.0 8328.0 8336.0 8328.0 8.0 8328.0 8328.0 8328.0 8336.0 8328.0 8.0 8328.0 8328.0 8328.0 8336.0 8328.0 8.0 8328.0 8328.0 8328.0 8336.0 8328.0 8.0 8328.0 8328.0 8328.0 8336.0 8328.0 8.0 8328.0 8328.0 8328.0 8336.0 8328.0 8.0 8328.0 8328.0 8328.0 8336.0 8328.0 8.0 8328.0 8328.0 8328.0 8336.0 8328.0 8.0 8328.0 8328.0 8328.0 8336.0 8328.0 8.0 8328.0 8328.0 8328.0 8336.0 8328.0 8.0 8328.0 8328.0 8328.0 8336.0 8328.0 8.0 8328.0 8328.0 8328.0 8336.0 8328.0 8.0 8328.0 8328.0 8328.0 8336.0 8328.0 8.0 8328.0 8328.0 8328.0 8336.0 8328.0 8.0 8328.0 8328.0 8328.0 8336.0 8328.0 8.0 8328.0 8328.0 8328.0 8336.0 8328.0 8.0 8328.0 8328.0 8328.0 8336.0 8328.0 8.0 8328.0 8328.0 8328.0 8336.0 8328.0 8.0 8328.0 8328.0 8328.0 8336.0 8328.0 8.0 8328.0 8328.0 8328.0 8336.0 8328.0 8.0 8328.0 8328.0 8328.0 8336.0 8328.0 8.0 8328.0 8328.0 8328.0 8336.0 8328.0 8.0 8328.0 8328.0 8328.0 8336.0 8328.0 8.0 8328.0 8328.0 8328.0 8336.0 8328.0 8.0 8328.0 8328.0 8328.0 8336.0 8328.0 8.0 8328.0 8328.0 8328.0 8336.0 8328.0 8.0 8328.0 8328.0 8328.0 8336.0 8328.0 8.0 8328.0 8328.0 8328.0 8336.0 8328.0 8.0 8328.0 8328.0 8328.0 8336.0 8328.0 8.0 8328.0 8328.0 8328.0 8336.0 8328.0 8.0 8328.0 8328.0 8328.0 8336.0 8328.0 8.0 8328.0 8328.0 8328.0 8336.0 8328.0 8.0 8328.0 8328.0 8328.0 8336.0 8328.0 8.0 8328.0 8328.0 8328.0 8336.0 8328.0 8.0 8328.0 8328.0 8328.0 8336.0 8328.0 8.0 8328.0 8328.0 8328.0 8336.0 8328.0 8.0 8328.0 8328.0 8328.0 8336.0 8328.0 8.0 8328.0 8328.0 8328.0 8336.0 8328.0 8.0 8328.0 8328.0 8328.0 8336.0 8328.0 8.0 8328.0 8328.0 8328.0 8336.0 8328.0 8.0 8328.0 8328.0 8328.0 8336.0 8328.0 8.0 8328.0 8328.0 8328.0 8336.0 8328.0 8.0 8328.0 8328.0 8328.0 8336.0 8328.0 8.0 8328.0 8328.0 8328.0 8336.0 8328.0 8.0 8328.0 8328.0 8328.0 8336.0 8328.0 8.0 8328.0 8328.0 8328.0 8336.0 8328.0 8.0 8328.0 8328.0 8328.0 8336.0 8328.0 8.0 8328.0 8328.0 8328.0 8336.0 8328.0 8.0 8328.0 8328.0 8328.0 8336.0 8328.0 8.0 8328.0 8328.0 8328.0 8336.0 8328.0 8.0 8328.0 8328.0 8328.0 8336.0 8328.0 8.0 8328.0 8328.0 8328.0 8336.0 8328.0 8.0 8328.0 8328.0 8328.0 8336.0 8328.0 8.0 8328.0 8328.0 8328.0 8336.0 8328.0 8.0 8328.0 8328.0 8328.0 8336.0 8328.0 8.0 8328.0 8328.0 8328.0 8336.0 8328.0 8.0 8328.0 8328.0 8328.0 8336.0 8328.0 8.0 8328.0 8328.0 8328.0 8336.0 8328.0 8.0 8328.0 8328.0 8328.0 8336.0 8328.0 8.0 8328.0 8328.0 8328.0 8336.0 8328.0 8.0 8328.0 8328.0 8328.0 8336.0 8328.0 8.0 8328.0 8328.0 8328.0 8336.0 8328.0 8.0 8328.0 8328.0 8328.0 8336.0 8328.0 8.0 8328.0 8328.0 8328.0 8336.0 8328.0 8.0 8328.0 8328.0 8328.0 8336.0 8328.0 8.0 8328.0 8328.0 8328.0 8336.0 8328.0 8.0 8328.0 8328.0 8328.0 8336.0 8328.0 8.0 8328.0 8328.0 8328.0 8336.0 8328.0 8.0 8328.0 8328.0 8328.0 8336.0 8328.0 8.0 8328.0 8328.0 8328.0 8336.0 8328.0 8.0 8328.0 8328.0 8328.0 8336.0 8328.0 8.0 8328.0 8328.0 8328.0 8336.0 8328.0 8.0 8328.0 8328.0 8328.0 8336.0 8328.0 8.0 8328.0 8328.0 8328.0 8336.0 8328.0 8.0 8328.0 8328.0 8328.0 8336.0 8328.0 8.0 8328.0 8328.0 8328.0 8336.0 8328.0 8.0 8328.0 8328.0 8328.0 8336.0 8328.0 8.0 8328.0 8328.0 8328.0 8336.0 8328.0 8.0 8328.0 8328.0 8328.0 8336.0 8328.0 8.0 8328.0 8328.0 8328.0 8336.0 8328.0 8.0 8328.0 8328.0 8328.0 8336.0 8328.0 8.0 8328.0 8328.0 8328.0 8336.0 8328.0 8.0 8328.0 8328.0 8328.0 8336.0 8328.0 8.0 8328.0 8328.0 8328.0 8336.0 8328.0 8.0 8328.0 8328.0 8328.0 8336.0 8328.0 8.0 8328.0 8328.0 8328.0 8336.0 8328.0 8.0 8328.0 8328.0 8328.0 8336.0 8328.0 8.0 8328.0 8328.0 8328.0 8336.0 8328.0 8.0 8328.0 8328.0 8328.0 8336.0 8328.0 8.0 8328.0 8328.0 8328.0 8336.0 8328.0 8.0 8328.0 8328.0 8328.0 8336.0 8328.0 8.0 8328.0 8328.0 8328.0 8336.0 8328.0 8.0 8328.0 8328.0 8328.0 8336.0 8328.0 8.0 8328.0 8328.0 8328.0 8336.0 8328.0 8.0 8328.0 8328.0 8328.0 8336.0 8328.0 8.0 8328.0 8328.0 8328.0 8336.0 8328.0 8.0 8328.0 8328.0 8328.0 8336.0 8328.0 8.0 8328.0 8328.0 8328.0 8336.0 8328.0 8.0 8328.0 8328.0 8328.0 8336.0 8328.0 8.0 8328.0 8328.0 8328.0 8336.0 8328.0 8.0 8328.0 8328.0 8328.0 8336.0 8328.0 8.0 8328.0 8328.0 8328.0 8336.0 8328.0 8.0 8328.0 8328.0 8328.0 8336.0 8328.0 8.0 8328.0 8328.0 8328.0 8336.0 8328.0 8.0 8328.0 8328.0 8328.0 8336.0 8328.0 8.0 8328.0 8328.0 8328.0 8336.0 8328.0 8.0 8328.0 8328.0 8328.0 8336.0 8328.0 8.0 8328.0 8328.0 8328.0 8336.0 8328.0 8.0 8328.0 8328.0 8328.0 8336.0 8328.0 8.0 8328.0 8328.0 8328.0 8336.0 8328.0 8.0 8328.0 8328.0 8328.0 8336.0 8328.0 8.0 8328.0 8328.0 8328.0 8336.0 8328.0 8.0 8328.0 8328.0 8328.0 8336.0 8328.0 8.0 8328.0 8328.0 8328.0 8336.0 8328.0 8.0
50 1 CONSTANT 8.0
51 1 CONSTANT 8.0
52 1 CONSTANT 8.0
53 1 CONSTANT 8.0
54 1 CONSTANT 0.0
55 1 CONSTANT 0.0
56 1 CONSTANT 0.0
57 1 CONSTANT 0.0
58 1 CONSTANT 0.0
59 1 CONSTANT 0.0
60 1 CONSTANT 0.0
61 1 CONSTANT 0.0
62 1 CONSTANT 8.0
