0 1 1 TRACE 1672854646789546.0
1 2 1 TRACE 11495.0 27.0 16.0 15.0 20.0 18.0 15.0 16.0 16.0 16.0 17.0 16.0 17.0 16.0 16.0 16.0 16.0 16.0 17.0 17.0 17.0 18.0 16.0 17.0 17.0 15.0 16.0 16.0 24.0 15.0 18.0 18.0 15.0 17.0 18.0 17.0 17.0 19.0 17.0 16.0 15.0 16.0 16.0 16.0 16.0 16.0 17.0 18.0 22.0 17.0 16.0 16.0 17.0 17.0 16.0 16.0 16.0 22.0 18.0 20.0 18.0 16.0 16.0 15.0
2 3 1 TRACE 541.0 1437.0 25.0 24.0 25.0 38.0 24.0 24.0 23.0 26.0 24.0 24.0 24.0 24.0 24.0 24.0 25.0 24.0 24.0 23.0 23.0 25.0 24.0 23.0 31.0 46.0 43.0 24.0 25.0 25.0 24.0 23.0 47.0 36.0 23.0 24.0 27.0 24.0 23.0 23.0 24.0 25.0 44.0 24.0 23.0 24.0 24.0 23.0 25.0 23.0 36.0 29.0 29.0 24.0 25.0 24.0 24.0 24.0 49.0 76.0 122.0 25.0 25.0 55.0
3 4 1 TRACE 34.0 32.0 17.0 18.0 17.0 17.0 18.0 17.0 17.0 23.0 18.0 18.0 17.0 18.0 41.0 18.0 18.0 17.0 18.0 17.0 18.0 17.0 29.0 18.0 18.0 18.0 17.0 17.0 18.0 17.0 17.0 52.0 19.0 17.0 18.0 17.0 19.0 18.0 17.0 17.0 17.0 18.0 18.0 17.0 18.0 18.0 18.0 22.0 17.0 51.0 18.0 22.0 18.0 18.0 69.0 53.0 17.0 17.0 76.0 46.0 31.0 23.0 19.0 25.0
4 5 1 TRACE 20.0 12.0 12.0 13.0 13.0 22.0 13.0 12.0 13.0 12.0 13.0 12.0 13.0 12.0 13.0 13.0 12.0 13.0 35.0 13.0 13.0 13.0 13.0 12.0 12.0 13.0 13.0 13.0 13.0 12.0 13.0 14.0 12.0 14.0 12.0 13.0 14.0 13.0 12.0 13.0 13.0 12.0 13.0 13.0 13.0 12.0 12.0 13.0 13.0 15.0 13.0 14.0 13.0 13.0 14.0 13.0 13.0 13.0 16.0 45.0 28.0 14.0 12.0 13.0
5 6 1 TRACE 38.0 18.0 18.0 18.0 123.0 20.0 17.0 17.0 16.0 15.0 27.0 16.0 40.0 15.0 14.0 15.0 16.0 16.0 16.0 27.0 15.0 14.0 14.0 15.0 47.0 26.0 14.0 16.0 14.0 13.0 14.0 15.0 19.0 15.0 16.0 16.0 15.0 15.0 16.0 23.0 15.0 25.0 12.0 15.0 13.0 13.0 12.0 15.0 16.0 16.0 22.0 17.0 15.0 56.0 51.0 16.0 16.0 14.0 18.0 27.0 29.0 14.0 13.0 12.0
6 7 1 TRACE 19.0 14.0 14.0 15.0 13.0 13.0 14.0 14.0 124.0 13.0 11.0 12.0 122.0 14.0 13.0 13.0 13.0 13.0 12.0 13.0 14.0 13.0 14.0 14.0 11.0 13.0 13.0 12.0 13.0 13.0 13.0 12.0 14.0 13.0 12.0 13.0 15.0 14.0 12.0 14.0 49.0 10.0 12.0 12.0 14.0 13.0 13.0 13.0 12.0 20.0 12.0 12.0 50.0 13.0 14.0 13.0 13.0 13.0 12.0 22.0 24.0 25.0 14.0 13.0
7 8 1 TRACE 19.0 14.0 14.0 15.0 20.0 14.0 13.0 12.0 20.0 13.0 11.0 12.0 20.0 14.0 13.0 14.0 13.0 14.0 12.0 12.0 14.0 14.0 12.0 14.0 10.0 24.0 13.0 13.0 13.0 14.0 13.0 13.0 14.0 13.0 13.0 13.0 14.0 15.0 14.0 14.0 13.0 11.0 13.0 14.0 13.0 13.0 13.0 50.0 12.0 12.0 12.0 12.0 14.0 14.0 15.0 13.0 14.0 13.0 12.0 23.0 10.0 16.0 15.0 15.0
8 9 1 TRACE 18.0 14.0 14.0 14.0 9.0 13.0 13.0 13.0 19.0 13.0 20.0 13.0 8.0 13.0 14.0 13.0 13.0 13.0 12.0 13.0 13.0 13.0 15.0 14.0 11.0 13.0 13.0 13.0 13.0 13.0 13.0 13.0 13.0 13.0 13.0 12.0 16.0 14.0 13.0 14.0 11.0 10.0 13.0 13.0 13.0 15.0 48.0 16.0 18.0 11.0 11.0 41.0 21.0 12.0 9.0 13.0 14.0 13.0 12.0 9.0 15.0 15.0 14.0 13.0
9 10 1 TRACE 46.0 24.0 22.0 21.0 35.0 22.0 23.0 23.0 34.0 23.0 24.0 21.0 21.0 44.0 22.0 40.0 21.0 22.0 22.0 23.0 22.0 23.0 37.0 53.0 21.0 22.0 21.0 27.0 29.0 61.0 48.0 23.0 22.0 21.0 22.0 22.0 34.0 22.0 26.0 53.0 21.0 22.0 22.0 24.0 23.0 59.0 26.0 27.0 33.0 22.0 33.0 31.0 40.0 59.0 21.0 21.0 59.0 55.0 73.0 24.0 58.0 25.0 55.0 25.0
10 11 1 TRACE 19.0 14.0 14.0 14.0 14.0 14.0 15.0 14.0 13.0 15.0 14.0 13.0 14.0 14.0 15.0 15.0 14.0 16.0 14.0 14.0 14.0 15.0 15.0 28.0 14.0 27.0 15.0 16.0 15.0 25.0 14.0 14.0 38.0 14.0 13.0 15.0 35.0 15.0 17.0 25.0 14.0 17.0 14.0 15.0 15.0 26.0 25.0 15.0 15.0 14.0 25.0 14.0 14.0 14.0 14.0 26.0 25.0 26.0 41.0 16.0 24.0 16.0 15.0 25.0
11 12 1 TRACE 18.0 15.0 14.0 16.0 14.0 26.0 14.0 14.0 32.0 21.0 14.0 14.0 14.0 26.0 25.0 13.0 14.0 14.0 14.0 14.0 13.0 13.0 15.0 14.0 24.0 24.0 14.0 14.0 13.0 14.0 25.0 26.0 14.0 13.0 14.0 14.0 25.0 14.0 15.0 24.0 14.0 25.0 24.0 14.0 14.0 25.0 25.0 49.0 15.0 45.0 12.0 13.0 19.0 14.0 14.0 14.0 25.0 26.0 25.0 29.0 54.0 14.0 22.0 26.0
12 13 1 TRACE 18.0 13.0 25.0 25.0 13.0 15.0 14.0 25.0 18.0 14.0 25.0 13.0 15.0 25.0 14.0 37.0 26.0 13.0 13.0 14.0 25.0 14.0 27.0 14.0 24.0 13.0 14.0 14.0 14.0 14.0 24.0 24.0 26.0 14.0 14.0 28.0 13.0 15.0 25.0 14.0 36.0 15.0 26.0 14.0 14.0 13.0 21.0 18.0 50.0 20.0 14.0 15.0 14.0 14.0 24.0 14.0 13.0 13.0 18.0 30.0 15.0 18.0 15.0 13.0
13 14 1 TRACE 19.0 9.0 20.0 9.0 9.0 9.0 9.0 9.0 9.0 9.0 9.0 20.0 9.0 8.0 9.0 19.0 10.0 20.0 9.0 9.0 9.0 9.0 20.0 9.0 8.0 9.0 8.0 9.0 20.0 9.0 9.0 9.0 9.0 20.0 9.0 10.0 9.0 9.0 9.0 9.0 9.0 10.0 9.0 20.0 10.0 8.0 9.0 9.0 10.0 10.0 8.0 9.0 10.0 9.0 9.0 9.0 8.0 9.0 10.0 11.0 10.0 10.0 10.0 9.0
14 15 1 TRACE 20.0 24.0 13.0 12.0 13.0 13.0 14.0 24.0 13.0 14.0 13.0 13.0 13.0 12.0 14.0 12.0 24.0 14.0 24.0 13.0 13.0 35.0 13.0 13.0 12.0 12.0 12.0 24.0 24.0 13.0 13.0 13.0 13.0 23.0 23.0 14.0 13.0 34.0 13.0 13.0 13.0 14.0 12.0 24.0 13.0 12.0 13.0 13.0 14.0 31.0 13.0 12.0 13.0 13.0 13.0 13.0 13.0 13.0 14.0 16.0 14.0 14.0 14.0 13.0
15 16 1 TRACE 12.0 8.0 8.0 8.0 8.0 9.0 8.0 8.0 8.0 8.0 8.0 8.0 8.0 8.0 9.0 8.0 8.0 9.0 8.0 8.0 8.0 8.0 7.0 8.0 8.0 8.0 8.0 8.0 8.0 8.0 8.0 8.0 8.0 8.0 8.0 8.0 8.0 8.0 8.0 7.0 7.0 9.0 7.0 8.0 9.0 10.0 8.0 9.0 9.0 9.0 8.0 8.0 9.0 8.0 7.0 8.0 8.0 8.0 9.0 10.0 9.0 9.0 9.0 9.0
16 17 1 TRACE 31.0 20.0 22.0 23.0 32.0 21.0 25.0 23.0 23.0 41.0 23.0 22.0 23.0 24.0 22.0 33.0 23.0 22.0 22.0 22.0 22.0 22.0 40.0 32.0 26.0 24.0 23.0 27.0 36.0 21.0 23.0 30.0 22.0 27.0 23.0 23.0 24.0 34.0 38.0 24.0 23.0 51.0 23.0 33.0 46.0 24.0 23.0 54.0 60.0 32.0 23.0 23.0 22.0 22.0 23.0 42.0 28.0 22.0 69.0 77.0 66.0 33.0 24.0 23.0
17 18 1 TRACE 18.0 20.0 14.0 14.0 14.0 15.0 15.0 16.0 14.0 16.0 14.0 15.0 15.0 14.0 14.0 14.0 15.0 14.0 24.0 14.0 13.0 14.0 16.0 14.0 14.0 14.0 14.0 14.0 14.0 14.0 14.0 15.0 15.0 14.0 15.0 14.0 15.0 14.0 14.0 14.0 15.0 14.0 16.0 17.0 22.0 14.0 15.0 16.0 14.0 16.0 15.0 14.0 15.0 14.0 15.0 15.0 15.0 15.0 21.0 22.0 33.0 16.0 15.0 15.0
18 19 1 TRACE 17.0 22.0 13.0 13.0 22.0 14.0 13.0 13.0 14.0 14.0 22.0 20.0 13.0 14.0 13.0 15.0 13.0 14.0 13.0 13.0 13.0 14.0 13.0 13.0 13.0 13.0 13.0 13.0 13.0 14.0 13.0 12.0 13.0 14.0 13.0 14.0 25.0 17.0 13.0 13.0 14.0 13.0 20.0 15.0 14.0 14.0 49.0 50.0 13.0 14.0 13.0 13.0 13.0 21.0 14.0 14.0 14.0 14.0 26.0 30.0 16.0 15.0 14.0 14.0
19 20 1 TRACE 19.0 16.0 14.0 15.0 15.0 13.0 34.0 14.0 14.0 15.0 15.0 16.0 15.0 15.0 14.0 14.0 14.0 16.0 15.0 21.0 14.0 14.0 15.0 21.0 15.0 25.0 15.0 51.0 16.0 27.0 14.0 15.0 15.0 15.0 15.0 15.0 36.0 15.0 14.0 15.0 14.0 13.0 16.0 21.0 14.0 14.0 18.0 13.0 13.0 13.0 15.0 15.0 14.0 16.0 16.0 14.0 15.0 16.0 30.0 30.0 15.0 15.0 15.0 14.0
20 21 1 TRACE 17.0 13.0 13.0 13.0 13.0 13.0 14.0 12.0 13.0 13.0 13.0 13.0 12.0 13.0 13.0 12.0 12.0 12.0 12.0 13.0 13.0 12.0 13.0 14.0 13.0 12.0 12.0 13.0 12.0 13.0 13.0 13.0 12.0 12.0 12.0 13.0 13.0 12.0 12.0 12.0 13.0 13.0 12.0 12.0 14.0 12.0 12.0 13.0 13.0 13.0 12.0 12.0 13.0 12.0 12.0 14.0 14.0 13.0 13.0 24.0 14.0 14.0 14.0 14.0
21 22 1 TRACE 26.0 11.0 11.0 11.0 12.0 12.0 12.0 12.0 12.0 13.0 12.0 12.0 12.0 12.0 12.0 13.0 11.0 12.0 12.0 11.0 12.0 12.0 12.0 12.0 12.0 12.0 11.0 11.0 12.0 13.0 11.0 12.0 12.0 12.0 12.0 12.0 11.0 12.0 13.0 12.0 12.0 12.0 12.0 18.0 13.0 12.0 13.0 13.0 12.0 13.0 11.0 12.0 12.0 12.0 12.0 13.0 12.0 11.0 13.0 25.0 13.0 13.0 13.0 12.0
22 23 1 TRACE 34.0 21.0 19.0 39.0 22.0 20.0 21.0 23.0 23.0 20.0 21.0 23.0 22.0 32.0 21.0 41.0 19.0 20.0 21.0 22.0 19.0 60.0 21.0 20.0 20.0 22.0 21.0 26.0 27.0 23.0 21.0 22.0 20.0 31.0 21.0 20.0 60.0 23.0 22.0 23.0 27.0 21.0 25.0 21.0 49.0 58.0 59.0 21.0 21.0 20.0 22.0 22.0 20.0 20.0 23.0 21.0 21.0 22.0 56.0 32.0 30.0 30.0 41.0 40.0
23 24 1 TRACE 31.0 21.0 20.0 26.0 20.0 19.0 20.0 74.0 20.0 20.0 20.0 22.0 20.0 30.0 20.0 21.0 22.0 20.0 19.0 19.0 20.0 29.0 39.0 21.0 20.0 21.0 58.0 21.0 21.0 21.0 21.0 22.0 20.0 22.0 23.0 58.0 20.0 21.0 20.0 21.0 22.0 19.0 21.0 55.0 55.0 57.0 22.0 20.0 20.0 35.0 22.0 21.0 21.0 20.0 21.0 33.0 21.0 31.0 35.0 58.0 44.0 24.0 21.0 22.0
24 25 1 TRACE 46.0 20.0 19.0 22.0 18.0 20.0 18.0 20.0 19.0 18.0 19.0 19.0 20.0 18.0 19.0 19.0 19.0 19.0 20.0 18.0 18.0 18.0 20.0 19.0 18.0 19.0 17.0 19.0 21.0 18.0 18.0 18.0 19.0 19.0 19.0 20.0 20.0 19.0 18.0 20.0 19.0 29.0 20.0 22.0 20.0 21.0 17.0 20.0 19.0 21.0 18.0 28.0 19.0 21.0 19.0 20.0 18.0 18.0 31.0 46.0 42.0 18.0 21.0 31.0
25 26 1 TRACE 23.0 9.0 9.0 9.0 9.0 9.0 9.0 9.0 9.0 9.0 9.0 10.0 9.0 9.0 9.0 10.0 9.0 10.0 10.0 9.0 9.0 9.0 9.0 9.0 9.0 10.0 10.0 10.0 9.0 9.0 9.0 10.0 9.0 9.0 9.0 9.0 9.0 8.0 10.0 9.0 9.0 9.0 9.0 9.0 9.0 9.0 9.0 9.0 9.0 9.0 8.0 9.0 9.0 9.0 9.0 9.0 9.0 10.0 9.0 8.0 9.0 9.0 9.0 9.0 9.0 9.0 9.0 9.0 9.0 9.0 9.0 9.0 9.0 9.0 9.0 8.0 9.0 9.0 9.0 9.0 9.0 9.0 10.0 9.0 9.0 9.0 9.0 9.0 9.0 9.0 9.0 9.0 10.0 10.0 9.0 9.0 9.0 9.0 9.0 9.0 10.0 9.0 9.0 9.0 9.0 9.0 9.0 9.0 10.0 9.0 9.0 9.0 9.0 9.0 9.0 9.0 9.0 9.0 10.0 9.0 9.0 9.0 8.0 9.0 9.0 9.0 9.0 10.0 10.0 9.0 9.0 9.0 9.0 9.0 9.0 9.0 9.0 9.0 9.0 10.0 9.0 10.0 10.0 9.0 9.0 9.0 9.0 9.0 9.0 8.0 9.0 10.0 10.0 10.0 9.0 8.0 9.0 8.0 9.0 10.0 9.0 9.0 9.0 9.0 10.0 9.0 9.0 9.0 12.0 10.0 10.0 10.0 10.0 11.0 21.0 11.0 11.0 10.0 11.0 20.0 10.0 10.0 10.0 9.0 9.0
26 27 1 TRACE 11.0 8.0 7.0 7.0 7.0 8.0 7.0 7.0 7.0 8.0 8.0 7.0 8.0 7.0 7.0 8.0 8.0 7.0 8.0 7.0 8.0 8.0 8.0 8.0 7.0 8.0 8.0 8.0 7.0 7.0 8.0 8.0 7.0 7.0 7.0 7.0 8.0 7.0 7.0 7.0 7.0 8.0 8.0 8.0 7.0 7.0 7.0 8.0 8.0 7.0 7.0 7.0 7.0 7.0 8.0 8.0 8.0 8.0 7.0 7.0 7.0 7.0 8.0 7.0 8.0 7.0 7.0 7.0 8.0 8.0 8.0 8.0 7.0 7.0 8.0 7.0 7.0 8.0 7.0 7.0 8.0 7.0 8.0 8.0 8.0 8.0 8.0 7.0 8.0 7.0 7.0 8.0 8.0 7.0 8.0 8.0 7.0 8.0 7.0 7.0 7.0 7.0 8.0 8.0 8.0 8.0 7.0 7.0 8.0 7.0 8.0 8.0 8.0 8.0 7.0 10.0 7.0 7.0 7.0 7.0 7.0 7.0 7.0 8.0 7.0 7.0 8.0 8.0 8.0 7.0 7.0 8.0 8.0 7.0 8.0 7.0 8.0 8.0 8.0 8.0 7.0 8.0 8.0 7.0 8.0 8.0 7.0 7.0 7.0 7.0 8.0 8.0 8.0 8.0 8.0 7.0 7.0 7.0 7.0 9.0 8.0 7.0 8.0 7.0 8.0 7.0 7.0 7.0 8.0 8.0 8.0 8.0 8.0 9.0 9.0 8.0 9.0 9.0 9.0 8.0 9.0 8.0 9.0 8.0 7.0
27 28 1 TRACE 11.0 7.0 8.0 8.0 7.0 8.0 7.0 7.0 8.0 7.0 7.0 7.0 8.0 7.0 7.0 8.0 8.0 7.0 8.0 8.0 7.0 7.0 7.0 7.0 8.0 8.0 8.0 7.0 7.0 7.0 8.0 8.0 7.0 8.0 7.0 7.0 7.0 8.0 7.0 7.0 7.0 8.0 7.0 7.0 7.0 7.0 7.0 8.0 7.0 8.0 7.0 7.0 7.0 7.0 7.0 8.0 8.0 8.0 8.0 8.0 7.0 7.0 7.0 8.0 8.0 7.0 7.0 7.0 7.0 7.0 7.0 7.0 8.0 8.0 7.0 8.0 8.0 7.0 7.0 8.0 7.0 8.0 8.0 8.0 7.0 7.0 7.0 8.0 7.0 7.0 8.0 8.0 7.0 7.0 7.0 7.0 8.0 7.0 8.0 7.0 7.0 7.0 7.0 7.0 7.0 7.0 8.0 8.0 8.0 7.0 7.0 7.0 7.0 7.0 7.0 7.0 7.0 8.0 8.0 8.0 7.0 8.0 7.0 7.0 8.0 8.0 7.0 8.0 8.0 8.0 7.0 7.0 7.0 7.0 7.0 7.0 8.0 8.0 7.0 8.0 7.0 8.0 8.0 8.0 7.0 7.0 8.0 7.0 8.0 7.0 7.0 7.0 8.0 7.0 7.0 8.0 8.0 8.0 7.0 8.0 7.0 7.0 7.0 8.0 7.0 10.0 7.0 7.0 7.0 8.0 8.0 8.0 8.0 9.0 9.0 8.0 8.0 9.0 9.0 8.0 8.0 8.0 8.0 8.0 7.0
28 29 1 TRACE 13.0 8.0 8.0 8.0 8.0 8.0 8.0 8.0 9.0 8.0 9.0 9.0 9.0 8.0 8.0 8.0 9.0 9.0 9.0 8.0 8.0 8.0 8.0 9.0 8.0 9.0 9.0 9.0 9.0 8.0 9.0 9.0 9.0 8.0 8.0 8.0 9.0 8.0 8.0 8.0 9.0 9.0 8.0 9.0 8.0 8.0 8.0 9.0 9.0 8.0 8.0 8.0 8.0 8.0 8.0 9.0 8.0 9.0 8.0 8.0 8.0 8.0 9.0 8.0 9.0 8.0 9.0 8.0 8.0 9.0 9.0 8.0 8.0 8.0 8.0 8.0 8.0 8.0 9.0 8.0 8.0 8.0 9.0 9.0 8.0 8.0 8.0 8.0 8.0 8.0 8.0 9.0 8.0 8.0 9.0 9.0 8.0 8.0 8.0 8.0 9.0 8.0 9.0 9.0 9.0 8.0 8.0 8.0 9.0 9.0 9.0 9.0 8.0 8.0 8.0 9.0 8.0 8.0 8.0 8.0 8.0 8.0 8.0 8.0 8.0 8.0 9.0 9.0 9.0 8.0 8.0 8.0 8.0 8.0 8.0 8.0 9.0 9.0 8.0 9.0 8.0 9.0 9.0 8.0 8.0 8.0 8.0 9.0 8.0 8.0 9.0 8.0 8.0 9.0 9.0 8.0 8.0 8.0 9.0 9.0 8.0 8.0 8.0 8.0 9.0 9.0 8.0 8.0 9.0 22.0 9.0 9.0 9.0 10.0 9.0 10.0 9.0 9.0 10.0 9.0 9.0 9.0 9.0 9.0 8.0
29 30 1 TRACE 37.0 26.0 41.0 28.0 25.0 64.0 69.0 61.0 35.0 28.0 67.0 43.0 27.0 24.0 24.0 23.0 34.0 40.0 22.0 29.0 25.0 64.0 35.0 25.0 66.0 23.0 23.0 58.0 26.0 28.0 24.0 59.0 52.0 32.0 28.0 30.0 25.0 26.0 65.0 43.0 22.0 26.0 26.0 25.0 26.0 26.0 28.0 22.0 27.0 26.0 25.0 26.0 26.0 25.0 25.0 57.0 23.0 24.0 26.0 62.0 27.0 25.0 48.0 27.0 24.0 24.0 26.0 29.0 26.0 27.0 26.0 23.0 26.0 27.0 25.0 27.0 26.0 24.0 60.0 26.0 29.0 59.0 23.0 35.0 63.0 27.0 26.0 73.0 35.0 26.0 65.0 24.0 24.0 63.0 54.0 26.0 61.0 26.0 32.0 62.0 21.0 25.0 62.0 27.0 63.0 26.0 26.0 61.0 22.0 24.0 61.0 25.0 18.0 63.0 25.0 23.0 25.0 27.0 39.0 24.0 26.0 57.0 27.0 35.0 61.0 26.0 36.0 57.0 22.0 28.0 26.0 38.0 65.0 27.0 26.0 37.0 24.0 23.0 24.0 47.0 23.0 26.0 40.0 26.0 27.0 27.0 27.0 27.0 27.0 25.0 27.0 24.0 23.0 26.0 26.0 29.0 27.0 33.0 28.0 32.0 25.0 34.0 59.0 27.0 26.0 16.0 26.0 27.0 16.0 42.0 45.0 67.0 69.0 84.0 95.0 26.0 75.0 103.0 71.0 18.0 29.0 62.0 25.0 32.0 94.0
30 31 1 TRACE 21.0 8.0 14.0 9.0 8.0 13.0 9.0 50.0 15.0 8.0 14.0 14.0 8.0 13.0 13.0 8.0 13.0 14.0 9.0 13.0 8.0 13.0 8.0 13.0 14.0 9.0 9.0 14.0 13.0 8.0 8.0 13.0 13.0 8.0 13.0 13.0 14.0 7.0 13.0 8.0 13.0 14.0 8.0 8.0 13.0 8.0 13.0 9.0 13.0 8.0 13.0 13.0 8.0 13.0 14.0 9.0 8.0 14.0 8.0 13.0 13.0 8.0 13.0 13.0 14.0 13.0 13.0 8.0 13.0 13.0 13.0 13.0 13.0 13.0 8.0 15.0 14.0 14.0 14.0 8.0 13.0 13.0 9.0 13.0 13.0 14.0 13.0 13.0 9.0 13.0 13.0 14.0 14.0 13.0 8.0 13.0 13.0 13.0 14.0 13.0 14.0 13.0 13.0 13.0 14.0 9.0 14.0 14.0 9.0 14.0 14.0 8.0 13.0 13.0 14.0 14.0 13.0 14.0 13.0 14.0 8.0 8.0 13.0 13.0 8.0 13.0 13.0 9.0 14.0 14.0 8.0 13.0 13.0 8.0 13.0 13.0 9.0 14.0 14.0 9.0 13.0 14.0 25.0 13.0 13.0 14.0 13.0 13.0 8.0 13.0 17.0 9.0 14.0 14.0 13.0 13.0 8.0 14.0 14.0 19.0 7.0 14.0 19.0 20.0 13.0 13.0 8.0 13.0 18.0 30.0 8.0 92.0 9.0 26.0 16.0 10.0 24.0 25.0 9.0 14.0 10.0 9.0 13.0 8.0 8.0
31 32 1 TRACE 16.0 12.0 12.0 11.0 11.0 12.0 11.0 16.0 12.0 12.0 13.0 12.0 12.0 12.0 12.0 11.0 12.0 13.0 12.0 12.0 12.0 12.0 12.0 11.0 12.0 12.0 12.0 13.0 11.0 12.0 11.0 11.0 12.0 11.0 12.0 12.0 11.0 12.0 12.0 12.0 12.0 12.0 11.0 11.0 12.0 11.0 11.0 22.0 11.0 12.0 12.0 11.0 11.0 12.0 11.0 12.0 12.0 12.0 11.0 11.0 11.0 12.0 11.0 11.0 12.0 12.0 12.0 12.0 11.0 12.0 12.0 12.0 12.0 12.0 12.0 12.0 12.0 12.0 12.0 11.0 11.0 12.0 12.0 12.0 11.0 11.0 13.0 11.0 11.0 11.0 12.0 12.0 12.0 12.0 11.0 12.0 12.0 11.0 12.0 11.0 13.0 12.0 12.0 12.0 11.0 12.0 12.0 12.0 12.0 17.0 12.0 11.0 12.0 12.0 12.0 12.0 11.0 11.0 13.0 12.0 12.0 12.0 12.0 11.0 11.0 12.0 12.0 12.0 13.0 11.0 12.0 12.0 12.0 11.0 11.0 12.0 12.0 12.0 12.0 11.0 12.0 12.0 12.0 12.0 11.0 12.0 12.0 12.0 11.0 12.0 12.0 12.0 12.0 12.0 12.0 12.0 11.0 11.0 12.0 11.0 12.0 12.0 13.0 13.0 12.0 12.0 11.0 11.0 12.0 14.0 12.0 26.0 12.0 14.0 14.0 13.0 13.0 13.0 13.0 13.0 12.0 13.0 13.0 12.0 12.0
32 33 1 TRACE 17.0 12.0 12.0 12.0 13.0 19.0 16.0 50.0 24.0 16.0 49.0 13.0 23.0 13.0 12.0 12.0 13.0 13.0 23.0 12.0 12.0 29.0 13.0 12.0 13.0 13.0 13.0 13.0 12.0 13.0 13.0 12.0 12.0 12.0 13.0 12.0 12.0 12.0 12.0 12.0 12.0 13.0 13.0 13.0 12.0 12.0 12.0 14.0 13.0 12.0 12.0 12.0 12.0 12.0 13.0 13.0 13.0 12.0 12.0 12.0 12.0 12.0 12.0 12.0 21.0 12.0 12.0 12.0 12.0 12.0 12.0 12.0 12.0 12.0 12.0 13.0 13.0 13.0 13.0 13.0 12.0 13.0 15.0 12.0 13.0 12.0 13.0 12.0 12.0 12.0 13.0 15.0 13.0 13.0 12.0 13.0 13.0 12.0 23.0 12.0 13.0 13.0 12.0 12.0 12.0 12.0 12.0 12.0 12.0 15.0 13.0 13.0 13.0 13.0 19.0 47.0 13.0 12.0 51.0 13.0 12.0 12.0 12.0 12.0 13.0 12.0 13.0 12.0 14.0 12.0 13.0 12.0 12.0 13.0 12.0 12.0 12.0 12.0 13.0 13.0 13.0 12.0 14.0 12.0 13.0 12.0 13.0 12.0 12.0 13.0 12.0 13.0 13.0 12.0 12.0 12.0 12.0 12.0 13.0 13.0 12.0 13.0 14.0 13.0 12.0 14.0 12.0 12.0 49.0 49.0 40.0 26.0 103.0 36.0 33.0 40.0 14.0 23.0 14.0 13.0 13.0 14.0 20.0 13.0 14.0
33 34 1 TRACE 64.0 84.0 47.0 38.0 39.0 28.0 16.0 26.0 25.0 165.0 35.0 26.0 19.0 118.0 30.0 29.0 51.0 34.0 26.0 29.0 60.0 45.0 22.0 44.0 64.0 33.0 42.0 73.0 25.0 34.0 35.0 65.0 81.0 37.0 54.0 73.0 27.0 67.0 76.0 16.0 87.0 103.0 40.0 78.0 101.0 41.0 87.0 21.0 95.0 35.0 46.0 105.0 52.0 83.0 67.0 34.0 87.0 103.0 47.0 41.0 104.0 36.0 31.0 105.0 28.0 59.0 108.0 57.0 85.0 52.0 41.0 68.0 101.0 28.0 53.0 101.0 29.0 81.0 70.0 47.0 97.0 69.0 30.0 43.0 36.0 25.0 39.0 60.0 33.0 57.0 33.0 43.0 81.0 30.0 58.0 42.0 36.0 47.0 30.0 37.0 27.0 47.0 37.0 32.0 33.0 51.0 105.0 51.0 33.0 91.0 47.0 34.0 118.0 38.0 30.0 96.0 28.0 30.0 34.0 43.0 34.0 48.0 70.0 30.0 49.0 110.0 66.0 60.0 66.0 66.0 39.0 56.0 29.0 37.0 53.0 45.0 38.0 54.0 33.0 31.0 49.0 31.0 26.0 68.0 37.0 30.0 90.0 28.0 29.0 44.0 30.0 40.0 32.0 27.0 42.0 62.0 34.0 32.0 100.0 44.0 34.0 123.0 26.0 23.0 162.0 29.0 37.0 113.0 96.0 65.0 143.0 60.0 17.0 78.0 33.0 96.0 98.0 31.0 36.0 39.0 44.0 85.0 32.0 34.0 16.0
34 35 1 TRACE 24.0 653.0 49.0 15.0 38.0 72.0 38.0 53.0 14.0 41.0 93.0 14.0 36.0 42.0 31.0 36.0 41.0 38.0 37.0 15.0 41.0 37.0 30.0 51.0 40.0 15.0 39.0 38.0 14.0 37.0 47.0 42.0 38.0 37.0 40.0 38.0 14.0 43.0 38.0 39.0 42.0 32.0 15.0 42.0 38.0 37.0 34.0 37.0 14.0 37.0 70.0 38.0 36.0 41.0 31.0 14.0 39.0 38.0 37.0 38.0 39.0 36.0 39.0 38.0 36.0 40.0 31.0 36.0 41.0 31.0 46.0 151.0 37.0 14.0 70.0 37.0 36.0 38.0 38.0 37.0 42.0 41.0 41.0 38.0 38.0 34.0 37.0 38.0 40.0 42.0 37.0 37.0 40.0 39.0 36.0 38.0 36.0 31.0 39.0 38.0 31.0 39.0 43.0 36.0 14.0 38.0 44.0 30.0 37.0 42.0 32.0 37.0 43.0 30.0 38.0 43.0 31.0 37.0 38.0 38.0 14.0 38.0 49.0 38.0 39.0 44.0 15.0 37.0 41.0 37.0 55.0 38.0 38.0 37.0 39.0 39.0 37.0 40.0 38.0 36.0 39.0 38.0 37.0 40.0 42.0 38.0 40.0 36.0 36.0 40.0 38.0 36.0 37.0 37.0 44.0 37.0 37.0 38.0 38.0 15.0 38.0 51.0 14.0 38.0 42.0 38.0 77.0 42.0 65.0 28.0 56.0 54.0 64.0 92.0 62.0 43.0 53.0 62.0 40.0 50.0 15.0 38.0 45.0 15.0 44.0
35 36 1 TRACE 17.0 44.0 40.0 13.0 36.0 32.0 34.0 48.0 13.0 66.0 105.0 13.0 33.0 40.0 29.0 33.0 38.0 34.0 35.0 38.0 38.0 75.0 28.0 38.0 76.0 14.0 37.0 76.0 13.0 41.0 33.0 40.0 33.0 33.0 40.0 33.0 13.0 38.0 34.0 38.0 38.0 79.0 13.0 36.0 76.0 35.0 30.0 35.0 12.0 39.0 36.0 34.0 56.0 39.0 35.0 13.0 44.0 35.0 33.0 34.0 43.0 33.0 35.0 35.0 34.0 37.0 29.0 32.0 37.0 28.0 33.0 39.0 32.0 13.0 37.0 44.0 33.0 35.0 39.0 32.0 38.0 30.0 36.0 34.0 33.0 32.0 35.0 35.0 34.0 38.0 34.0 36.0 40.0 30.0 34.0 36.0 40.0 29.0 36.0 35.0 49.0 38.0 33.0 35.0 13.0 58.0 56.0 29.0 32.0 111.0 29.0 33.0 41.0 28.0 35.0 39.0 29.0 33.0 34.0 35.0 14.0 36.0 105.0 33.0 43.0 40.0 12.0 33.0 45.0 33.0 29.0 37.0 35.0 35.0 37.0 34.0 34.0 40.0 33.0 33.0 35.0 34.0 38.0 38.0 34.0 33.0 40.0 33.0 32.0 36.0 35.0 33.0 34.0 34.0 37.0 35.0 33.0 63.0 35.0 13.0 33.0 39.0 13.0 73.0 41.0 28.0 34.0 38.0 61.0 23.0 58.0 60.0 55.0 52.0 42.0 63.0 53.0 37.0 36.0 47.0 13.0 35.0 34.0 13.0 45.0
36 37 1 TRACE 675.0 48.0 58.0 64.0 50.0 53.0 34.0 26.0 83.0 307.0 25.0 65.0 46.0 96.0 41.0 24.0 53.0 23.0 41.0 31.0 37.0 28.0 38.0 55.0 49.0 73.0 27.0 27.0 68.0 43.0 24.0 57.0 109.0 25.0 55.0 97.0 67.0 38.0 63.0 46.0 103.0 29.0 84.0 91.0 27.0 33.0 61.0 40.0 64.0 23.0 39.0 61.0 23.0 51.0 60.0 69.0 31.0 61.0 23.0 30.0 61.0 22.0 91.0 60.0 56.0 51.0 61.0 23.0 90.0 46.0 25.0 132.0 29.0 67.0 33.0 27.0 24.0 39.0 24.0 27.0 80.0 56.0 24.0 50.0 26.0 22.0 42.0 25.0 62.0 46.0 29.0 25.0 73.0 27.0 49.0 232.0 24.0 22.0 76.0 31.0 25.0 44.0 53.0 29.0 108.0 24.0 178.0 77.0 25.0 149.0 29.0 32.0 156.0 29.0 65.0 164.0 28.0 22.0 122.0 23.0 50.0 65.0 449.0 27.0 30.0 85.0 66.0 27.0 90.0 39.0 22.0 55.0 42.0 27.0 38.0 60.0 55.0 50.0 25.0 38.0 45.0 31.0 38.0 93.0 23.0 35.0 83.0 25.0 28.0 40.0 47.0 26.0 31.0 31.0 67.0 28.0 52.0 242.0 25.0 72.0 63.0 85.0 140.0 26.0 95.0 64.0 24.0 58.0 39.0 83.0 80.0 103.0 82.0 99.0 80.0 74.0 90.0 29.0 46.0 28.0 67.0 42.0 44.0 84.0 30.0
37 38 1 TRACE 31.0 37.0 21.0 24.0 26.0 26.0 46.0 27.0 23.0 45.0 26.0 42.0 26.0 35.0 40.0 37.0 31.0 32.0 26.0 23.0 31.0 26.0 23.0 32.0 23.0 22.0 26.0 48.0 23.0 26.0 24.0 31.0 24.0 23.0 32.0 25.0 24.0 31.0 64.0 33.0 37.0 25.0 25.0 29.0 62.0 27.0 65.0 63.0 60.0 21.0 30.0 62.0 23.0 35.0 60.0 24.0 28.0 60.0 22.0 28.0 60.0 62.0 27.0 28.0 24.0 68.0 28.0 24.0 34.0 63.0 24.0 34.0 63.0 23.0 31.0 62.0 23.0 29.0 65.0 24.0 37.0 62.0 23.0 27.0 63.0 22.0 32.0 63.0 23.0 33.0 61.0 25.0 34.0 62.0 22.0 63.0 62.0 44.0 32.0 61.0 25.0 65.0 59.0 32.0 23.0 25.0 74.0 62.0 32.0 32.0 63.0 24.0 40.0 61.0 25.0 41.0 62.0 24.0 28.0 64.0 24.0 26.0 34.0 24.0 25.0 41.0 23.0 25.0 47.0 21.0 24.0 31.0 27.0 25.0 31.0 30.0 22.0 34.0 24.0 32.0 30.0 25.0 24.0 35.0 24.0 27.0 44.0 27.0 22.0 65.0 22.0 22.0 66.0 24.0 60.0 28.0 29.0 62.0 38.0 25.0 61.0 39.0 24.0 48.0 41.0 29.0 24.0 33.0 48.0 102.0 82.0 67.0 36.0 84.0 25.0 37.0 58.0 34.0 75.0 23.0 24.0 67.0 61.0 23.0 72.0
38 39 1 TRACE 26.0 21.0 20.0 20.0 21.0 26.0 40.0 34.0 20.0 47.0 23.0 19.0 19.0 41.0 53.0 30.0 22.0 18.0 20.0 20.0 45.0 45.0 31.0 21.0 22.0 19.0 20.0 22.0 50.0 20.0 32.0 23.0 19.0 20.0 22.0 20.0 21.0 61.0 28.0 49.0 22.0 21.0 19.0 21.0 19.0 18.0 18.0 20.0 19.0 20.0 20.0 19.0 21.0 23.0 23.0 29.0 20.0 34.0 19.0 36.0 20.0 20.0 23.0 58.0 28.0 21.0 58.0 21.0 20.0 57.0 21.0 23.0 61.0 20.0 21.0 60.0 20.0 21.0 59.0 21.0 20.0 58.0 60.0 22.0 58.0 19.0 22.0 59.0 21.0 24.0 58.0 20.0 59.0 60.0 30.0 26.0 61.0 19.0 52.0 58.0 20.0 59.0 59.0 24.0 59.0 22.0 26.0 58.0 19.0 21.0 59.0 20.0 22.0 57.0 21.0 23.0 64.0 56.0 22.0 59.0 27.0 20.0 21.0 23.0 21.0 22.0 21.0 20.0 19.0 22.0 19.0 21.0 19.0 21.0 23.0 19.0 22.0 21.0 20.0 18.0 57.0 25.0 21.0 65.0 20.0 21.0 59.0 20.0 22.0 53.0 29.0 19.0 59.0 59.0 60.0 21.0 21.0 23.0 21.0 21.0 33.0 23.0 22.0 25.0 37.0 22.0 20.0 36.0 54.0 59.0 57.0 33.0 39.0 46.0 45.0 69.0 43.0 28.0 27.0 62.0 22.0 26.0 22.0 55.0 20.0
39 25 1 TRACE 16.0 15.0 14.0 14.0 14.0 15.0 14.0 16.0 15.0 14.0 16.0 15.0 13.0 14.0 15.0 14.0 15.0 14.0 15.0 13.0 14.0 15.0 15.0 14.0 17.0 15.0 14.0 14.0 22.0 15.0 14.0 15.0 15.0 15.0 14.0 15.0 16.0 20.0 14.0 15.0 15.0 15.0 16.0 16.0 14.0 14.0 16.0 15.0 14.0 21.0 14.0 14.0 15.0 16.0 14.0 16.0 26.0 23.0 23.0 16.0 14.0
39 40 1 TRACE 29.0 22.0 22.0 24.0 49.0 31.0 44.0 22.0 21.0 22.0 23.0 22.0 38.0 26.0 25.0 24.0 30.0 21.0 22.0 23.0 22.0 23.0 60.0 25.0 46.0 23.0 26.0 23.0 22.0 22.0 23.0 54.0 28.0 53.0 58.0 63.0 23.0 23.0 23.0 23.0 24.0 55.0 23.0 51.0 22.0 25.0 22.0 24.0 57.0 48.0 58.0 59.0 26.0 33.0 26.0 23.0 24.0 25.0 108.0 51.0 49.0 31.0 24.0 24.0
39 51 1 TRACE 28.0 24.0 25.0 23.0 27.0 22.0 23.0 24.0 24.0 23.0 22.0 26.0 33.0 22.0 23.0 26.0 22.0 24.0 22.0 23.0 23.0 24.0 22.0 28.0 28.0 28.0 22.0 24.0 23.0 45.0 42.0 22.0 59.0 22.0 29.0 23.0 23.0 37.0 23.0 25.0 23.0 23.0 22.0 23.0 24.0 23.0 23.0 23.0 22.0 59.0 28.0 23.0 22.0 21.0 27.0 51.0 47.0 32.0 61.0 35.0
40 41 1 TRACE 38.0 14.0 15.0 16.0 27.0 19.0 15.0 18.0 18.0 17.0 16.0 19.0 21.0 19.0 25.0 18.0 15.0 15.0 17.0 20.0 18.0 16.0 16.0 22.0 23.0 21.0 17.0 17.0 21.0 18.0 17.0 20.0 28.0 17.0 16.0 19.0 14.0 26.0 24.0 27.0 27.0 17.0 22.0 27.0 19.0 19.0 18.0 20.0 18.0 23.0 25.0 17.0 16.0 16.0 16.0 27.0 27.0 22.0 19.0 25.0 31.0 18.0 17.0 16.0
41 42 1 TRACE 16.0 12.0 11.0 12.0 11.0 12.0 12.0 11.0 11.0 11.0 12.0 12.0 12.0 11.0 13.0 12.0 12.0 13.0 12.0 14.0 11.0 12.0 11.0 12.0 12.0 12.0 12.0 12.0 11.0 12.0 12.0 12.0 13.0 12.0 12.0 11.0 11.0 12.0 12.0 12.0 12.0 11.0 11.0 12.0 11.0 12.0 12.0 12.0 14.0 12.0 12.0 12.0 13.0 11.0 12.0 12.0 11.0 11.0 12.0 11.0 12.0 12.0 12.0 12.0 11.0 12.0 13.0 12.0 13.0 12.0 11.0 12.0 12.0 11.0 12.0 12.0 14.0 11.0 12.0 12.0 12.0 12.0 12.0 11.0 12.0 11.0 11.0 12.0 12.0 11.0 12.0 12.0 11.0 12.0 12.0 11.0 12.0 12.0 11.0 16.0 12.0 12.0 13.0 12.0 12.0 13.0 12.0 11.0 12.0 12.0 11.0 12.0 12.0 12.0 12.0 11.0 11.0 12.0 12.0 11.0 11.0 12.0 12.0 12.0 12.0 12.0 12.0 12.0 12.0 11.0 12.0 11.0 12.0 12.0 12.0 12.0 12.0 12.0 11.0 12.0 12.0 12.0 12.0 12.0 11.0 11.0 12.0 11.0 12.0 13.0 11.0 13.0 12.0 12.0 12.0 12.0 12.0 12.0 12.0 11.0 12.0 12.0 11.0 13.0 12.0 12.0 12.0 12.0 11.0 11.0 12.0 12.0 12.0 12.0 11.0 12.0 12.0 12.0 11.0 12.0 11.0 11.0 15.0 12.0 24.0 13.0 12.0 13.0 14.0 13.0 13.0 13.0 13.0 13.0 13.0 12.0 12.0 13.0 12.0 12.0 13.0
42 43 1 TRACE 16.0 11.0 11.0 11.0 11.0 10.0 11.0 11.0 11.0 11.0 11.0 11.0 11.0 11.0 11.0 11.0 17.0 12.0 11.0 12.0 11.0 11.0 11.0 11.0 11.0 11.0 11.0 11.0 11.0 11.0 11.0 11.0 12.0 11.0 11.0 11.0 10.0 10.0 11.0 11.0 11.0 11.0 12.0 11.0 11.0 15.0 11.0 12.0 11.0 11.0 11.0 10.0 11.0 11.0 11.0 11.0 11.0 11.0 11.0 11.0 19.0 11.0 11.0 11.0 11.0 11.0 12.0 11.0 11.0 11.0 10.0 11.0 12.0 15.0 11.0 11.0 12.0 11.0 11.0 11.0 11.0 11.0 11.0 11.0 11.0 11.0 11.0 11.0 11.0 11.0 11.0 11.0 11.0 11.0 12.0 11.0 11.0 11.0 11.0 11.0 11.0 11.0 11.0 11.0 11.0 11.0 11.0 11.0 12.0 11.0 11.0 11.0 11.0 11.0 11.0 11.0 10.0 11.0 11.0 11.0 10.0 11.0 11.0 22.0 11.0 11.0 11.0 11.0 11.0 10.0 11.0 12.0 11.0 10.0 11.0 11.0 11.0 12.0 10.0 11.0 11.0 11.0 11.0 11.0 11.0 11.0 11.0 11.0 11.0 12.0 11.0 12.0 12.0 12.0 11.0 11.0 11.0 11.0 11.0 11.0 11.0 11.0 11.0 12.0 11.0 11.0 11.0 10.0 10.0 11.0 11.0 11.0 11.0 11.0 10.0 11.0 11.0 11.0 11.0 11.0 11.0 11.0 13.0 11.0 23.0 12.0 12.0 12.0 13.0 12.0 12.0 12.0 12.0 12.0 11.0 11.0 11.0 12.0 11.0 11.0 11.0
43 44 1 TRACE 12.0 8.0 8.0 8.0 8.0 8.0 8.0 8.0 8.0 8.0 8.0 8.0 8.0 7.0 8.0 8.0 9.0 8.0 8.0 9.0 8.0 8.0 8.0 8.0 8.0 8.0 7.0 8.0 8.0 8.0 8.0 9.0 8.0 8.0 8.0 8.0 8.0 8.0 8.0 8.0 8.0 8.0 8.0 8.0 8.0 9.0 8.0 8.0 8.0 8.0 8.0 8.0 8.0 8.0 8.0 8.0 8.0 8.0 8.0 8.0 8.0 8.0 8.0 8.0 8.0 8.0 9.0 8.0 8.0 8.0 7.0 8.0 8.0 9.0 8.0 8.0 8.0 8.0 8.0 8.0 7.0 8.0 8.0 8.0 8.0 8.0 8.0 8.0 8.0 8.0 8.0 7.0 8.0 8.0 8.0 8.0 11.0 8.0 8.0 8.0 8.0 8.0 8.0 8.0 8.0 9.0 7.0 7.0 8.0 8.0 8.0 8.0 8.0 8.0 8.0 7.0 7.0 8.0 8.0 8.0 8.0 8.0 8.0 8.0 8.0 8.0 8.0 8.0 8.0 7.0 8.0 8.0 8.0 8.0 8.0 8.0 9.0 8.0 8.0 8.0 8.0 8.0 8.0 8.0 8.0 8.0 8.0 8.0 8.0 8.0 8.0 9.0 8.0 8.0 8.0 8.0 8.0 8.0 8.0 8.0 8.0 8.0 8.0 9.0 8.0 8.0 9.0 8.0 8.0 8.0 8.0 8.0 8.0 8.0 8.0 8.0 8.0 8.0 8.0 8.0 7.0 8.0 10.0 8.0 9.0 8.0 9.0 9.0 10.0 10.0 9.0 9.0 9.0 9.0 9.0 9.0 8.0 8.0 8.0 8.0 8.0
44 45 1 TRACE 36.0 18.0 18.0 26.0 20.0 19.0 17.0 20.0 19.0 26.0 19.0 19.0 19.0 30.0 14.0 15.0 15.0 17.0 38.0 15.0 16.0 18.0 26.0 54.0 18.0 16.0 20.0 19.0 19.0 18.0 37.0 14.0 14.0 21.0 37.0 19.0 58.0 20.0 19.0 23.0 16.0 19.0 19.0 19.0 25.0 15.0 39.0 15.0 17.0 28.0 17.0 62.0 23.0 18.0 18.0 17.0 20.0 22.0 17.0 17.0 15.0 20.0 22.0 17.0 15.0 15.0 16.0 26.0 15.0 20.0 19.0 23.0 17.0 15.0 18.0 20.0 51.0 19.0 18.0 58.0 38.0 18.0 47.0 19.0 44.0 22.0 54.0 20.0 16.0 55.0 20.0 23.0 57.0 23.0 26.0 60.0 17.0 19.0 56.0 15.0 18.0 48.0 65.0 16.0 14.0 57.0 20.0 17.0 55.0 15.0 31.0 18.0 20.0 18.0 21.0 19.0 19.0 26.0 19.0 19.0 21.0 15.0 16.0 14.0 19.0 17.0 18.0 20.0 18.0 20.0 21.0 22.0 19.0 54.0 20.0 61.0 55.0 20.0 57.0 57.0 28.0 17.0 58.0 19.0 18.0 59.0 20.0 19.0 53.0 16.0 14.0 55.0 15.0 15.0 21.0 21.0 17.0 22.0 41.0 21.0 22.0 19.0 19.0 16.0 17.0 16.0 17.0 19.0 26.0 19.0 19.0 19.0 20.0 20.0 19.0 20.0 20.0 18.0 19.0 30.0 20.0 38.0 72.0 70.0 32.0 41.0 49.0 63.0 43.0 48.0 24.0 22.0 17.0 17.0 21.0 19.0 16.0 27.0 19.0 16.0 28.0
45 46 1 TRACE 24.0 13.0 12.0 12.0 12.0 12.0 13.0 13.0 12.0 13.0 13.0 14.0 13.0 12.0 13.0 13.0 13.0 14.0 14.0 51.0 13.0 13.0 13.0 15.0 13.0 12.0 13.0 13.0 13.0 13.0 14.0 14.0 13.0 13.0 13.0 13.0 13.0 14.0 13.0 14.0 13.0 12.0 73.0 13.0 12.0 13.0 13.0 12.0 13.0 13.0 12.0 13.0 13.0 13.0 13.0 13.0 13.0 30.0 13.0 13.0 12.0 13.0 13.0 13.0 12.0 13.0 13.0 13.0 13.0 14.0 13.0 13.0 14.0 50.0 12.0 12.0 26.0 12.0 14.0 13.0 49.0 14.0 13.0 54.0 13.0 13.0 14.0 14.0 13.0 13.0 12.0 13.0 13.0 18.0 13.0 13.0 13.0 13.0 13.0 13.0 13.0 15.0 15.0 13.0 13.0 13.0 13.0 13.0 13.0 13.0 12.0 13.0 13.0 14.0 13.0 13.0 13.0 14.0 13.0 13.0 13.0 14.0 14.0 14.0 13.0 14.0 13.0 14.0 12.0 13.0 13.0 48.0 13.0 16.0 14.0 12.0 20.0 13.0 14.0 13.0 13.0 13.0 13.0 13.0 13.0 13.0 14.0 13.0 14.0 14.0 14.0 14.0 13.0 13.0 13.0 13.0 13.0 14.0 13.0 13.0 14.0 13.0 13.0 14.0 13.0 13.0 13.0 13.0 13.0 13.0 13.0 13.0 13.0 14.0 14.0 13.0 13.0 13.0 14.0 13.0 13.0 13.0 20.0 26.0 13.0 26.0 24.0 26.0 16.0 14.0 14.0 14.0 14.0 14.0 13.0 13.0 13.0 13.0 12.0 14.0 18.0
46 47 1 TRACE 59.0 29.0 27.0 58.0 37.0 28.0 87.0 60.0 37.0 27.0 26.0 61.0 31.0 25.0 42.0 27.0 27.0 50.0 28.0 29.0 60.0 37.0 26.0 27.0 58.0 28.0 48.0 57.0 30.0 39.0 64.0 33.0 27.0 59.0 44.0 26.0 59.0 48.0 29.0 30.0 46.0 31.0 27.0 49.0 28.0 58.0 45.0 28.0 27.0 67.0 31.0 26.0 58.0 43.0 26.0 28.0 81.0 35.0 27.0 27.0 60.0 31.0 26.0 48.0 30.0 54.0 60.0 34.0 27.0 60.0 34.0 26.0 61.0 31.0 28.0 46.0 28.0 29.0 71.0 27.0 26.0 46.0 27.0 25.0 56.0 30.0 26.0 56.0 30.0 26.0 46.0 28.0 64.0 52.0 28.0 98.0 61.0 52.0 64.0 82.0 36.0 46.0 45.0 27.0 73.0 55.0 30.0 70.0 60.0 34.0 59.0 51.0 29.0 71.0 61.0 51.0 27.0 61.0 50.0 83.0 27.0 46.0 28.0 27.0 44.0 26.0 28.0 41.0 27.0 26.0 56.0 28.0 26.0 44.0 27.0 25.0 41.0 27.0 27.0 47.0 27.0 64.0 50.0 41.0 65.0 84.0 29.0 63.0 82.0 29.0 61.0 51.0 32.0 62.0 82.0 27.0 28.0 101.0 26.0 25.0 101.0 46.0 32.0 100.0 35.0 32.0 42.0 103.0 30.0 27.0 105.0 31.0 27.0 42.0 27.0 26.0 41.0 27.0 26.0 46.0 28.0 25.0 94.0 58.0 63.0 87.0 57.0 53.0 69.0 30.0 34.0 67.0 37.0 30.0 65.0 44.0 28.0 70.0 37.0 28.0 27.0
47 48 1 TRACE 13.0 10.0 10.0 11.0 8.0 9.0 9.0 10.0 8.0 9.0 9.0 10.0 8.0 10.0 11.0 10.0 8.0 9.0 10.0 11.0 9.0 10.0 9.0 10.0 8.0 10.0 10.0 12.0 8.0 10.0 10.0 9.0 8.0 32.0 10.0 10.0 7.0 9.0 9.0 10.0 8.0 9.0 9.0 10.0 8.0 9.0 10.0 11.0 8.0 27.0 10.0 10.0 8.0 11.0 10.0 10.0 9.0 10.0 11.0 11.0 8.0 69.0 9.0 10.0 8.0 46.0 11.0 10.0 9.0 10.0 10.0 11.0 8.0 13.0 9.0 10.0 9.0 9.0 10.0 10.0 8.0 10.0 10.0 9.0 8.0 9.0 10.0 10.0 8.0 10.0 10.0 10.0 8.0 38.0 10.0 10.0 8.0 10.0 9.0 10.0 8.0 9.0 10.0 11.0 8.0 10.0 10.0 10.0 8.0 21.0 10.0 10.0 8.0 41.0 9.0 10.0 8.0 10.0 15.0 9.0 9.0 10.0 11.0 10.0 9.0 10.0 28.0 10.0 9.0 16.0 10.0 10.0 8.0 18.0 10.0 10.0 7.0 10.0 10.0 10.0 8.0 10.0 13.0 10.0 8.0 32.0 10.0 10.0 8.0 10.0 10.0 10.0 8.0 10.0 9.0 10.0 8.0 9.0 9.0 10.0 8.0 20.0 9.0 10.0 8.0 10.0 9.0 10.0 9.0 10.0 10.0 10.0 8.0 10.0 10.0 10.0 8.0 9.0 10.0 10.0 8.0 10.0 10.0 11.0 9.0 11.0 20.0 10.0 9.0 10.0 10.0 10.0 8.0 9.0 10.0 10.0 8.0 10.0 36.0 13.0 8.0 11.0 10.0 10.0 8.0 10.0 10.0 10.0 8.0 44.0 10.0 11.0 8.0 10.0 10.0 10.0 8.0 10.0 9.0 10.0 8.0 9.0 10.0 10.0 8.0 10.0 10.0 10.0 8.0 11.0 11.0 10.0 8.0 10.0 15.0 9.0 8.0 10.0 10.0 9.0 8.0 9.0 10.0 10.0 7.0 16.0 10.0 10.0 8.0 9.0 47.0 10.0 8.0 10.0 10.0 10.0 8.0 10.0 11.0 9.0 8.0 9.0 13.0 10.0 8.0 11.0 10.0 10.0 9.0 10.0 10.0 10.0 9.0 45.0 11.0 10.0 8.0 9.0 10.0 10.0 8.0 10.0 9.0 10.0 8.0 50.0 9.0 10.0 8.0 42.0 10.0 10.0 8.0 11.0 9.0 10.0 8.0 45.0 14.0 11.0 8.0 10.0 10.0 10.0 8.0 10.0 9.0 10.0 8.0 42.0 10.0 10.0 8.0 10.0 9.0 10.0 8.0 10.0 10.0 10.0 8.0 10.0 10.0 10.0 8.0 10.0 10.0 10.0 8.0 10.0 10.0 18.0 8.0 11.0 10.0 10.0 8.0 28.0 10.0 10.0 8.0 19.0 9.0 10.0 8.0 58.0 9.0 10.0 8.0 17.0 11.0 10.0 8.0 9.0 18.0 10.0 8.0 12.0 9.0 10.0 10.0 17.0 10.0 10.0 8.0 10.0 10.0 10.0 8.0 9.0 9.0 16.0 8.0 10.0 10.0 10.0 8.0 13.0 10.0 10.0 8.0 10.0 10.0 9.0 8.0 10.0 10.0 10.0 8.0 9.0 10.0 10.0 8.0 10.0 10.0 10.0 8.0 10.0 10.0 10.0 8.0 9.0 10.0 9.0 8.0 10.0 9.0 10.0 9.0 11.0 10.0 11.0 9.0 10.0 10.0 10.0 8.0 10.0 9.0 10.0 8.0 10.0 10.0 10.0 8.0 16.0 10.0 9.0 8.0 10.0 10.0 10.0 8.0 10.0 9.0 10.0 8.0 10.0 10.0 10.0 8.0 10.0 9.0 10.0 8.0 10.0 9.0 10.0 8.0 19.0 9.0 10.0 8.0 9.0 10.0 11.0 8.0 9.0 10.0 15.0 8.0 10.0 10.0 11.0 8.0 10.0 9.0 12.0 8.0 10.0 9.0 10.0 8.0 10.0 11.0 9.0 8.0 10.0 48.0 9.0 8.0 10.0 9.0 10.0 9.0 11.0 10.0 10.0 8.0 10.0 13.0 10.0 8.0 10.0 10.0 10.0 8.0 13.0 9.0 10.0 8.0 46.0 10.0 10.0 8.0 9.0 10.0 10.0 8.0 39.0 10.0 10.0 8.0 47.0 9.0 10.0 8.0 10.0 10.0 10.0 9.0 10.0 10.0 10.0 8.0 11.0 10.0 10.0 8.0 10.0 19.0 10.0 8.0 10.0 10.0 10.0 8.0 10.0 9.0 10.0 8.0 9.0 10.0 46.0 8.0 42.0 10.0 10.0 8.0 10.0 9.0 10.0 8.0 9.0 10.0 49.0 8.0 20.0 10.0 10.0 8.0 10.0 9.0 10.0 8.0 10.0 10.0 47.0 7.0 10.0 10.0 9.0 8.0 10.0 10.0 10.0 8.0 9.0 10.0 9.0 8.0 10.0 10.0 10.0 8.0 10.0 10.0 10.0 8.0 9.0 9.0 10.0 9.0 11.0 17.0 10.0 8.0 10.0 10.0 9.0 9.0 10.0 10.0 10.0 9.0 10.0 10.0 10.0 9.0 10.0 10.0 13.0 8.0 10.0 17.0 46.0 8.0 10.0 10.0 11.0 8.0 10.0 10.0 9.0 7.0 10.0 10.0 46.0 8.0 9.0 10.0 11.0 8.0 10.0 10.0 44.0 8.0 10.0 10.0 45.0 8.0 10.0 9.0 10.0 8.0 9.0 10.0 44.0 8.0 10.0 10.0 46.0 8.0 10.0 10.0 10.0 9.0 10.0 10.0 46.0 9.0 10.0 10.0 10.0 9.0 10.0 10.0 10.0 8.0 10.0 9.0 10.0 8.0 16.0 10.0 45.0 8.0 9.0 10.0 10.0 8.0 10.0 10.0 10.0 8.0 10.0 9.0 56.0 8.0 10.0 10.0 10.0 8.0 9.0 10.0 16.0 8.0 10.0 10.0 10.0 8.0 9.0 10.0 10.0 8.0 10.0 10.0 15.0 7.0 9.0 9.0 10.0 8.0 10.0 10.0 10.0 8.0 10.0 10.0 16.0 8.0 37.0 10.0 10.0 8.0 10.0 9.0 10.0 10.0 21.0 11.0 39.0 21.0 85.0 12.0 19.0 8.0 11.0 38.0 25.0 22.0 21.0 40.0 12.0 9.0 12.0 22.0 12.0 10.0 24.0 12.0 12.0 9.0 11.0 58.0 20.0 10.0 18.0 12.0 12.0 9.0 11.0 12.0 25.0 9.0 11.0 19.0 11.0 9.0 45.0 52.0 11.0 9.0 11.0 11.0 12.0 9.0 12.0 11.0 11.0 9.0 10.0 51.0 10.0 9.0 10.0 10.0 10.0 8.0 11.0 10.0 11.0 8.0 10.0 53.0 10.0 8.0 10.0 9.0 9.0 8.0 11.0 10.0 10.0
48 49 1 TRACE 13.0 14.0 11.0 12.0 7.0 9.0 10.0 10.0 8.0 9.0 9.0 9.0 10.0 22.0 13.0 12.0 8.0 12.0 11.0 12.0 8.0 10.0 10.0 10.0 8.0 10.0 10.0 11.0 9.0 14.0 12.0 11.0 8.0 13.0 11.0 11.0 7.0 9.0 10.0 10.0 8.0 9.0 9.0 9.0 10.0 14.0 12.0 12.0 8.0 12.0 11.0 11.0 7.0 10.0 10.0 10.0 10.0 19.0 12.0 12.0 8.0 10.0 10.0 10.0 7.0 49.0 10.0 10.0 11.0 14.0 12.0 12.0 8.0 11.0 10.0 11.0 8.0 69.0 10.0 11.0 9.0 13.0 12.0 12.0 9.0 12.0 11.0 11.0 7.0 10.0 10.0 15.0 8.0 48.0 10.0 10.0 10.0 13.0 11.0 12.0 8.0 10.0 10.0 11.0 7.0 9.0 10.0 10.0 10.0 14.0 12.0 12.0 7.0 11.0 10.0 11.0 7.0 10.0 9.0 9.0 10.0 13.0 13.0 11.0 9.0 12.0 11.0 12.0 8.0 11.0 10.0 11.0 10.0 14.0 12.0 12.0 8.0 12.0 12.0 11.0 10.0 9.0 10.0 10.0 8.0 47.0 10.0 10.0 10.0 15.0 12.0 11.0 8.0 10.0 9.0 10.0 7.0 9.0 9.0 10.0 10.0 14.0 12.0 12.0 8.0 10.0 10.0 10.0 7.0 10.0 10.0 10.0 10.0 14.0 12.0 11.0 8.0 9.0 10.0 11.0 7.0 10.0 10.0 10.0 10.0 14.0 13.0 12.0 8.0 10.0 10.0 10.0 7.0 10.0 10.0 10.0 10.0 14.0 13.0 13.0 8.0 17.0 10.0 16.0 7.0 10.0 10.0 46.0 8.0 12.0 11.0 12.0 9.0 13.0 11.0 12.0 8.0 10.0 9.0 10.0 7.0 11.0 10.0 13.0 10.0 13.0 12.0 11.0 9.0 13.0 11.0 11.0 8.0 10.0 10.0 9.0 8.0 9.0 9.0 10.0 10.0 13.0 14.0 11.0 7.0 11.0 11.0 11.0 7.0 9.0 9.0 10.0 10.0 14.0 12.0 11.0 11.0 10.0 10.0 10.0 7.0 44.0 10.0 10.0 10.0 14.0 12.0 12.0 8.0 10.0 11.0 11.0 8.0 12.0 10.0 10.0 10.0 13.0 11.0 12.0 8.0 11.0 11.0 11.0 8.0 10.0 9.0 10.0 10.0 13.0 12.0 12.0 8.0 12.0 11.0 11.0 7.0 9.0 10.0 10.0 10.0 14.0 11.0 12.0 7.0 10.0 9.0 10.0 7.0 9.0 10.0 10.0 9.0 13.0 12.0 17.0 8.0 10.0 10.0 11.0 7.0 10.0 10.0 10.0 10.0 13.0 18.0 11.0 8.0 10.0 10.0 13.0 8.0 10.0 10.0 10.0 10.0 14.0 13.0 11.0 8.0 11.0 10.0 11.0 7.0 9.0 9.0 10.0 10.0 14.0 14.0 11.0 8.0 11.0 10.0 10.0 7.0 10.0 9.0 10.0 10.0 15.0 12.0 12.0 7.0 10.0 10.0 10.0 8.0 9.0 9.0 10.0 10.0 13.0 11.0 12.0 8.0 11.0 10.0 11.0 7.0 9.0 10.0 10.0 10.0 14.0 12.0 12.0 8.0 10.0 11.0 10.0 7.0 10.0 10.0 10.0 10.0 14.0 12.0 12.0 7.0 9.0 10.0 10.0 7.0 10.0 9.0 10.0 10.0 15.0 12.0 11.0 8.0 10.0 10.0 10.0 8.0 10.0 10.0 10.0 10.0 19.0 12.0 11.0 8.0 10.0 10.0 10.0 8.0 9.0 10.0 10.0 10.0 13.0 12.0 12.0 8.0 11.0 11.0 49.0 7.0 9.0 9.0 11.0 10.0 14.0 12.0 12.0 7.0 10.0 10.0 13.0 7.0 9.0 10.0 10.0 16.0 19.0 11.0 10.0 9.0 12.0 12.0 11.0 7.0 10.0 10.0 10.0 7.0 10.0 10.0 10.0 9.0 13.0 11.0 11.0 7.0 10.0 10.0 10.0 7.0 10.0 9.0 10.0 10.0 14.0 12.0 11.0 8.0 45.0 10.0 10.0 8.0 10.0 10.0 10.0 9.0 13.0 12.0 11.0 7.0 10.0 10.0 10.0 8.0 10.0 10.0 10.0 9.0 14.0 12.0 12.0 7.0 10.0 9.0 10.0 8.0 10.0 9.0 10.0 10.0 14.0 12.0 12.0 8.0 11.0 10.0 11.0 8.0 10.0 10.0 10.0 10.0 14.0 12.0 11.0 7.0 10.0 9.0 10.0 8.0 9.0 9.0 14.0 9.0 14.0 12.0 12.0 7.0 10.0 9.0 10.0 7.0 9.0 10.0 12.0 10.0 13.0 11.0 11.0 8.0 10.0 10.0 10.0 7.0 9.0 10.0 14.0 10.0 13.0 21.0 10.0 8.0 10.0 10.0 10.0 8.0 9.0 10.0 50.0 10.0 13.0 13.0 11.0 8.0 10.0 10.0 10.0 7.0 9.0 9.0 51.0 11.0 14.0 12.0 12.0 8.0 10.0 11.0 10.0 8.0 11.0 10.0 47.0 11.0 15.0 13.0 11.0 8.0 10.0 17.0 45.0 8.0 10.0 10.0 15.0 10.0 13.0 12.0 12.0 7.0 10.0 10.0 45.0 7.0 10.0 10.0 15.0 9.0 13.0 12.0 12.0 8.0 10.0 10.0 14.0 8.0 10.0 10.0 15.0 10.0 14.0 12.0 23.0 7.0 10.0 9.0 13.0 7.0 10.0 10.0 15.0 10.0 13.0 12.0 11.0 9.0 13.0 12.0 14.0 8.0 10.0 10.0 47.0 8.0 10.0 9.0 9.0 10.0 14.0 12.0 12.0 8.0 11.0 11.0 15.0 7.0 9.0 10.0 50.0 10.0 13.0 12.0 11.0 8.0 11.0 11.0 15.0 7.0 10.0 10.0 62.0 8.0 13.0 47.0 11.0 8.0 10.0 10.0 48.0 8.0 9.0 9.0 9.0 9.0 12.0 48.0 11.0 7.0 9.0 9.0 47.0 7.0 10.0 10.0 10.0 9.0 13.0 53.0 12.0 7.0 10.0 10.0 48.0 8.0 9.0 9.0 10.0 22.0 48.0 89.0 23.0 10.0 14.0 14.0 22.0 7.0 10.0 10.0 20.0 11.0 16.0 15.0 13.0 9.0 11.0 11.0 66.0 21.0 11.0 11.0 12.0 11.0 15.0 15.0 13.0 9.0 12.0 11.0 64.0 9.0 11.0 11.0 23.0 11.0 15.0 13.0 15.0 10.0 13.0 13.0 12.0 8.0 10.0 11.0 52.0 11.0 23.0 13.0 13.0 9.0 11.0 11.0 12.0 8.0 10.0 10.0 49.0 9.0 14.0 12.0 12.0 9.0 11.0 12.0 12.0 8.0 29.0 10.0 47.0 8.0 10.0 10.0 9.0
49 47 1 TRACE 30.0 24.0 21.0 18.0 16.0 16.0 16.0 16.0 15.0 46.0 41.0 35.0 25.0 22.0 20.0 17.0 15.0 14.0 21.0 18.0 17.0 48.0 40.0 35.0 24.0 20.0 20.0 17.0 15.0 14.0 16.0 16.0 15.0 44.0 31.0 26.0 22.0 18.0 18.0 14.0 14.0 15.0 24.0 21.0 19.0 15.0 15.0 14.0 14.0 54.0 14.0 30.0 25.0 21.0 16.0 17.0 16.0 15.0 53.0 15.0 46.0 41.0 35.0 24.0 22.0 19.0 45.0 15.0 14.0 15.0 52.0 19.0 34.0 26.0 23.0 19.0 18.0 29.0 16.0 15.0 20.0 36.0 28.0 24.0 19.0 17.0 17.0 38.0 15.0 15.0 43.0 34.0 29.0 20.0 20.0 20.0 51.0 16.0 14.0 43.0 39.0 32.0 62.0 20.0 20.0 17.0 15.0 14.0 15.0 13.0 58.0 30.0 24.0 21.0 44.0 16.0 16.0 14.0 14.0 14.0 30.0 30.0 22.0 17.0 16.0 17.0 14.0 15.0 15.0 31.0 25.0 22.0 18.0 16.0 16.0 20.0 15.0 14.0 27.0 22.0 19.0 50.0 15.0 15.0 14.0 15.0 14.0 58.0 27.0 22.0 70.0 17.0 17.0 14.0 14.0 14.0 42.0 41.0 42.0 53.0 22.0 20.0 17.0 15.0 21.0 16.0 13.0 53.0 44.0 42.0 35.0 21.0 19.0 19.0 16.0 15.0 16.0 16.0 15.0 52.0 37.0 37.0 27.0 26.0 18.0 17.0 14.0 15.0 18.0 29.0 24.0 20.0 18.0 22.0 15.0 14.0 14.0 15.0 71.0 30.0 24.0 18.0 18.0 16.0 15.0 14.0 13.0 76.0 31.0 25.0 20.0 20.0 17.0 16.0 14.0 15.0 40.0 31.0 26.0 18.0 18.0 18.0 17.0 14.0 13.0 29.0 23.0 21.0 15.0 16.0 15.0 15.0 14.0 14.0 28.0 25.0 21.0 14.0 15.0 14.0 14.0 13.0 15.0 28.0 24.0 21.0 15.0 15.0 15.0 13.0 15.0 16.0 35.0 32.0 24.0 20.0 18.0 17.0 13.0 15.0 14.0 37.0 28.0 23.0 19.0 18.0 18.0 14.0 14.0 14.0 29.0 22.0 21.0 16.0 16.0 15.0 16.0 15.0 15.0 33.0 27.0 24.0 17.0 16.0 17.0 16.0 14.0 15.0 34.0 28.0 25.0 19.0 18.0 17.0 16.0 15.0 14.0 32.0 26.0 21.0 18.0 16.0 16.0 23.0 19.0 14.0 26.0 22.0 19.0 15.0 16.0 14.0 15.0 15.0 14.0 36.0 28.0 25.0 19.0 17.0 17.0 16.0 14.0 15.0 41.0 32.0 27.0 21.0 19.0 18.0 16.0 15.0 14.0 32.0 25.0 23.0 17.0 16.0 53.0 17.0 14.0 15.0 51.0 44.0 47.0 26.0 23.0 20.0 16.0 15.0 54.0 16.0 14.0 15.0 27.0 23.0 18.0 16.0 15.0 18.0 31.0 14.0 14.0 27.0 23.0 20.0 16.0 15.0 16.0 14.0 14.0 14.0 27.0 22.0 20.0 16.0 14.0 15.0 16.0 14.0 15.0 26.0 22.0 20.0 17.0 15.0 15.0 15.0 15.0 14.0 46.0 28.0 24.0 16.0 17.0 17.0 16.0 14.0 13.0 27.0 23.0 20.0 47.0 15.0 15.0 18.0 14.0 14.0 23.0 21.0 20.0 42.0 15.0 15.0 23.0 14.0 14.0 30.0 25.0 21.0 15.0 16.0 16.0 16.0 14.0 15.0 33.0 25.0 21.0 19.0 16.0 16.0 16.0 14.0 14.0 37.0 26.0 23.0 18.0 19.0 17.0 23.0 14.0 14.0 30.0 24.0 22.0 17.0 16.0 16.0 15.0 14.0 14.0 33.0 26.0 22.0 17.0 17.0 15.0 14.0 15.0 14.0 29.0 24.0 21.0 16.0 15.0 15.0 48.0 15.0 14.0 26.0 23.0 21.0 14.0 14.0 15.0 60.0 14.0 15.0 35.0 28.0 24.0 19.0 29.0 18.0 44.0 15.0 15.0 42.0 36.0 30.0 21.0 19.0 18.0 15.0 15.0 13.0 15.0 29.0 15.0 37.0 29.0 25.0 20.0 17.0 17.0 16.0 14.0 15.0 40.0 31.0 26.0 20.0 19.0 18.0 15.0 15.0 14.0 26.0 22.0 19.0 16.0 14.0 15.0 21.0 14.0 14.0 60.0 22.0 19.0 16.0 15.0 16.0 16.0 15.0 16.0 58.0 24.0 19.0 17.0 16.0 15.0 13.0 15.0 14.0 66.0 65.0 29.0 35.0 22.0 20.0 39.0 23.0 13.0 55.0 27.0 24.0 38.0 20.0 31.0 17.0 17.0 24.0 42.0 26.0 22.0 17.0 17.0 30.0 41.0 23.0 15.0 47.0 47.0 31.0 24.0 21.0 19.0 21.0 16.0 15.0 74.0 33.0 27.0 21.0 19.0 17.0 15.0 15.0 15.0 57.0 39.0 34.0 25.0 23.0 19.0 20.0 16.0 25.0 14.0 14.0 14.0
49 50 1 TRACE 102.0 38.0 231.0 26.0 42.0 28.0 25.0 39.0 23.0 26.0 56.0 45.0 23.0 68.0 34.0 39.0 54.0 24.0 100.0 27.0 42.0 87.0 95.0 39.0 33.0 57.0 36.0 24.0 65.0 53.0 53.0 33.0 25.0 64.0 67.0 41.0 23.0 53.0 60.0 56.0 57.0 58.0 69.0 65.0 49.0 62.0 44.0 59.0 105.0 26.0 25.0 29.0 68.0 62.0 61.0 62.0 70.0 73.0 59.0 66.0 124.0 56.0 73.0 54.0 49.0 67.0 26.0 49.0 81.0 30.0 110.0 70.0 30.0 31.0 70.0 105.0 48.0 42.0 25.0 27.0 50.0 29.0 36.0 30.0 56.0 34.0 23.0 56.0 23.0 30.0 53.0 23.0 22.0 111.0 24.0 27.0 106.0 29.0 29.0 33.0 73.0 56.0 24.0 68.0 32.0 26.0 64.0 30.0 64.0 62.0 30.0 62.0 30.0 29.0 58.0 27.0 37.0 29.0 23.0 58.0 22.0 69.0 71.0 50.0 52.0 74.0 64.0 28.0 66.0 104.0 25.0 75.0 45.0 73.0 37.0 24.0 82.0 29.0 57.0 111.0 59.0 25.0 99.0 59.0 27.0 75.0 64.0 30.0 65.0 60.0 27.0 65.0 29.0 24.0 70.0 29.0 26.0 29.0 24.0 25.0 24.0 25.0 24.0 32.0 24.0 27.0 56.0 34.0 23.0 28.0 37.0 24.0 27.0 26.0 28.0 22.0 26.0 28.0 63.0 24.0 28.0 91.0 61.0 148.0 31.0 180.0 32.0 108.0 62.0 30.0 26.0 47.0 24.0 30.0 58.0 23.0 29.0 61.0 25.0 29.0 51.0
50 25 1 TRACE 78.0 22.0 19.0 19.0 19.0 44.0 17.0 18.0 18.0 54.0 52.0 20.0 20.0 19.0 19.0 19.0 18.0 18.0 19.0 19.0 19.0 20.0 17.0 18.0 18.0 18.0 19.0 18.0 18.0 21.0 21.0 20.0 19.0 19.0 18.0 20.0 20.0 17.0 57.0 57.0 19.0 18.0 20.0 19.0 34.0 20.0 21.0 19.0 21.0 20.0 19.0 21.0 19.0 21.0 19.0 30.0 30.0 20.0 22.0 21.0
50 41 1 TRACE 9.0 8.0 9.0 9.0 9.0 8.0 8.0 9.0 9.0 8.0 9.0 8.0 9.0 12.0 8.0 9.0 9.0 10.0 9.0 8.0 9.0 9.0 9.0 9.0 9.0 8.0 9.0 9.0 8.0 8.0 8.0 9.0 9.0 12.0 9.0 9.0 8.0 9.0 9.0 8.0 8.0 8.0 9.0 8.0 9.0 9.0 9.0 9.0 8.0 9.0 8.0 9.0 12.0 8.0 9.0 8.0 9.0 8.0 9.0 8.0 9.0 8.0 9.0 8.0 8.0 8.0 9.0 8.0 8.0 9.0 9.0 9.0 9.0 8.0 8.0 8.0 9.0 9.0 9.0 8.0 9.0 8.0 8.0 9.0 8.0 9.0 9.0 9.0 8.0 8.0 8.0 8.0 9.0 8.0 8.0 9.0 9.0 9.0 9.0 9.0 9.0 9.0 9.0 9.0 8.0 9.0 9.0 9.0 8.0 9.0 8.0 9.0 9.0 9.0 8.0 8.0 8.0 9.0 8.0 9.0 9.0 9.0 8.0 8.0 9.0 10.0 21.0 10.0 10.0 10.0 9.0 10.0 9.0 9.0 9.0 9.0 9.0
50 51 1 TRACE 25.0 35.0 36.0 34.0
51 52 1 TRACE 93.0 95.0 88.0 103.0 89.0 89.0 84.0 83.0 100.0 78.0 99.0 84.0 83.0 95.0 85.0 101.0 84.0 85.0 85.0 85.0 84.0 97.0 84.0 85.0 85.0 83.0 103.0 85.0 85.0 83.0 84.0 85.0 85.0 97.0 83.0 84.0 83.0 83.0 84.0 84.0 95.0 84.0 84.0 84.0 84.0 83.0 83.0 95.0 88.0 82.0 84.0 85.0 85.0 98.0 83.0 85.0 85.0 102.0 127.0 133.0 106.0 89.0 77.0 98.0
52 53 1 TRACE 37.0 35.0 30.0 18.0 19.0 20.0 38.0 19.0 19.0 18.0 19.0 34.0 39.0 31.0 18.0 19.0 57.0 18.0 38.0 19.0 18.0 19.0 18.0 19.0 35.0 18.0 31.0 19.0 18.0 20.0 19.0 18.0 18.0 44.0 19.0 20.0 18.0 19.0 40.0 19.0 19.0 19.0 18.0 18.0 18.0 20.0 19.0 19.0 19.0 18.0 18.0 19.0 18.0 18.0 51.0 35.0 18.0 54.0 47.0 32.0 21.0 19.0 18.0 30.0
53 54 1 TRACE 25.0 21.0 20.0 21.0 15.0 19.0 14.0 14.0 18.0 17.0 18.0 13.0 14.0 24.0 13.0 21.0 18.0 17.0 20.0 18.0 14.0 16.0 13.0 14.0 18.0 13.0 16.0 17.0 13.0 14.0 14.0 13.0 17.0 18.0 17.0 17.0 14.0 13.0 18.0 14.0 15.0 14.0 13.0 13.0 13.0 14.0 13.0 14.0 17.0 17.0 17.0 18.0 13.0 18.0 20.0 13.0 14.0 27.0 31.0 28.0 17.0 15.0 14.0 14.0
54 55 1 TRACE 44.0 21.0 20.0 22.0 20.0 20.0 19.0 20.0 20.0 19.0 19.0 19.0 19.0 20.0 19.0 21.0 20.0 20.0 20.0 21.0 20.0 19.0 19.0 19.0 19.0 20.0 19.0 20.0 19.0 19.0 20.0 19.0 20.0 27.0 20.0 20.0 20.0 19.0 19.0 20.0 19.0 19.0 19.0 20.0 19.0 19.0 19.0 20.0 20.0 20.0 20.0 21.0 19.0 20.0 19.0 20.0 20.0 34.0 20.0 23.0 20.0 21.0 19.0 20.0
55 56 1 TRACE 11.0 8.0 7.0 8.0 8.0 8.0 8.0 8.0 8.0 8.0 8.0 7.0 8.0 8.0 8.0 8.0 8.0 7.0 7.0 8.0 8.0 7.0 8.0 7.0 7.0 8.0 8.0 8.0 7.0 8.0 8.0 8.0 8.0 8.0 8.0 7.0 8.0 8.0 7.0 8.0 8.0 7.0 7.0 8.0 8.0 8.0 8.0 8.0 8.0 7.0 8.0 8.0 8.0 7.0 10.0 8.0 8.0 21.0 8.0 9.0 8.0 8.0 7.0 8.0
56 57 1 TRACE 11.0 7.0 8.0 8.0 7.0 7.0 8.0 7.0 7.0 7.0 8.0 8.0 7.0 7.0 7.0 7.0 7.0 8.0 8.0 7.0 7.0 8.0 7.0 8.0 8.0 7.0 8.0 7.0 8.0 7.0 7.0 8.0 7.0 7.0 8.0 8.0 8.0 8.0 8.0 7.0 7.0 8.0 8.0 7.0 7.0 7.0 8.0 7.0 8.0 8.0 7.0 7.0 7.0 8.0 8.0 8.0 8.0 9.0 8.0 9.0 8.0 8.0 8.0 7.0
57 58 1 TRACE 11.0 8.0 7.0 8.0 7.0 8.0 8.0 7.0 8.0 8.0 8.0 7.0 7.0 7.0 8.0 8.0 8.0 8.0 7.0 8.0 8.0 7.0 7.0 7.0 7.0 8.0 8.0 8.0 7.0 7.0 8.0 7.0 8.0 8.0 7.0 7.0 7.0 8.0 7.0 8.0 8.0 7.0 7.0 8.0 8.0 7.0 8.0 8.0 7.0 7.0 8.0 8.0 7.0 7.0 7.0 7.0 7.0 9.0 7.0 9.0 8.0 8.0 7.0 8.0
58 59 1 TRACE 15.0 9.0 8.0 8.0 8.0 9.0 8.0 8.0 8.0 16.0 8.0 8.0 8.0 8.0 8.0 8.0 8.0 8.0 8.0 8.0 9.0 8.0 8.0 8.0 8.0 8.0 8.0 8.0 8.0 8.0 8.0 8.0 8.0 8.0 9.0 8.0 8.0 8.0 8.0 9.0 8.0 8.0 8.0 8.0 8.0 9.0 8.0 8.0 8.0 8.0 8.0 9.0 8.0 20.0 9.0 8.0 8.0 10.0 9.0 9.0 8.0 9.0 8.0 9.0
59 60 1 TRACE 30.0 7.0 8.0 8.0 8.0 7.0 7.0 8.0 7.0 7.0 7.0 7.0 8.0 8.0 7.0 7.0 7.0 7.0 7.0 7.0 7.0 7.0 8.0 7.0 7.0 7.0 7.0 7.0 7.0 8.0 7.0 8.0 7.0 7.0 8.0 8.0 7.0 7.0 8.0 7.0 7.0 8.0 8.0 7.0 7.0 8.0 7.0 7.0 7.0 8.0 7.0 7.0 8.0 8.0 7.0 7.0 8.0 9.0 7.0 9.0 8.0 8.0 8.0 7.0
60 61 1 TRACE 21.0 7.0 7.0 7.0 7.0 7.0 7.0 8.0 7.0 7.0 8.0 8.0 7.0 7.0 7.0 7.0 7.0 8.0 8.0 7.0 7.0 8.0 7.0 8.0 7.0 7.0 8.0 7.0 8.0 8.0 7.0 7.0 8.0 8.0 7.0 7.0 8.0 8.0 7.0 7.0 7.0 7.0 7.0 7.0 8.0 7.0 8.0 8.0 8.0 7.0 7.0 7.0 7.0 7.0 7.0 8.0 7.0 8.0 8.0 9.0 8.0 8.0 7.0 7.0
61 62 1 TRACE 20.0 7.0 7.0 8.0 7.0 7.0 8.0 7.0 8.0 8.0 8.0 7.0 7.0 7.0 7.0 7.0 7.0 8.0 7.0 8.0 7.0 7.0 7.0 7.0 8.0 7.0 8.0 8.0 8.0 7.0 8.0 7.0 8.0 8.0 7.0 7.0 7.0 8.0 7.0 7.0 8.0 7.0 7.0 7.0 7.0 7.0 7.0 8.0 7.0 7.0 7.0 7.0 7.0 7.0 7.0 7.0 7.0 9.0 7.0 8.0 8.0 8.0 7.0 7.0
62 1 1 TRACE 69.0 19.0 18.0 19.0 20.0 18.0 18.0 18.0 19.0 20.0 18.0 18.0 18.0 18.0 18.0 20.0 19.0 18.0 18.0 19.0 19.0 18.0 18.0 19.0 19.0 19.0 19.0 19.0 17.0 18.0 18.0 18.0 18.0 20.0 18.0 24.0 18.0 18.0 18.0 19.0 19.0 18.0 18.0 19.0 18.0 18.0 18.0 18.0 18.0 18.0 19.0 19.0 28.0 26.0 24.0 19.0 18.0 21.0 29.0 20.0 19.0 19.0 18.0
