0 1 CONSTANT 8.0
1 1 CONSTANT 8.0
2 1 CONSTANT 0.0
3 1 CONSTANT 8.0
4 1 CONSTANT 8.0
5 1 CONSTANT 8.0
6 1 CONSTANT 8.0
7 1 CONSTANT 8.0
8 1 CONSTANT 8.0
9 1 CONSTANT 0.0
10 1 CONSTANT 0.0
11 1 CONSTANT 0.0
12 1 CONSTANT 0.0
13 1 CONSTANT 8.0
14 1 CONSTANT 4.0
15 1 CONSTANT 4.0
16 1 CONSTANT 0.0
17 1 CONSTANT 0.0
18 1 CONSTANT 0.0
19 1 CONSTANT 0.0
20 1 CONSTANT 4.0
21 1 CONSTANT 8.0
22 1 CONSTANT 8.0
23 1 CONSTANT 8.0
24 1 CONSTANT 8.0
25 1 CONSTANT 4.0
26 1 CONSTANT 4.0
27 1 CONSTANT 8.0
28 1 TRACE 0.0 0.0 188.0 144.0 0.0 56.0 344.0 0.0 0.0 4.0 24.0 4.0 32.0 352.0 4.0 4.0 16.0 0.0 0.0 8.0 0.0 20.0 1716.0 4.0 4.0 8.0 16.0 0.0 4.0 16.0 0.0 0.0 784.0 68.0 4.0 8.0 1780.0 8.0 0.0 0.0 28.0 0.0 4.0 40.0 4.0 4.0 1496.0 0.0 0.0 4.0 828.0 0.0 0.0 64.0 424.0 0.0 4.0 300.0 0.0 4.0 20.0 0.0 4.0 28.0 624.0 0.0 52.0 280.0 0.0 104.0 488.0 0.0 8.0 1052.0 4.0 0.0 4.0 8.0 4.0 0.0 624.0 76.0 0.0 0.0 16.0 4.0 4.0 4.0 4.0 20.0 1008.0 4.0 0.0 40.0 0.0 72.0 360.0 0.0 40.0 484.0 4.0 36.0 804.0 0.0 20.0 732.0 0.0 4.0 4.0 1628.0 4.0 0.0 84.0 340.0 4.0 4.0 1308.0 4.0 8.0 740.0 4.0 12.0 848.0 0.0 0.0 4.0 28.0 0.0 4.0 1272.0 4.0 0.0 8.0 1308.0 4.0 4.0 64.0 228.0 4.0 0.0 28.0 316.0 0.0 4.0 12.0 0.0 0.0 1520.0 8.0 0.0 20.0 652.0 0.0 0.0 16.0 0.0 0.0 1468.0 4.0 0.0 0.0 32.0 0.0 0.0 24.0 4.0 0.0 28.0 4.0 8.0 1332.0 0.0 4.0 1316.0 0.0 0.0 8.0 12.0 4.0 0.0 60.0 272.0 0.0 52.0 288.0 0.0 0.0 640.0 48.0 0.0 236.0 132.0 0.0 0.0 644.0 4.0 4.0 12.0 716.0 0.0 0.0 80.0 308.0 0.0 4.0 16.0 0.0 8.0 1508.0 8.0 0.0 4.0 8.0 0.0 0.0 16.0
29 1 CONSTANT 4.0
30 1 TRACE 0.0 0.0 188.0 144.0 0.0 56.0 344.0 0.0 0.0 4.0 24.0 4.0 32.0 352.0 4.0 4.0 16.0 0.0 0.0 8.0 0.0 20.0 1716.0 4.0 4.0 8.0 16.0 0.0 4.0 16.0 0.0 0.0 784.0 68.0 4.0 8.0 1780.0 8.0 0.0 0.0 28.0 0.0 4.0 40.0 4.0 4.0 1496.0 0.0 0.0 4.0 828.0 0.0 0.0 64.0 424.0 0.0 4.0 300.0 0.0 4.0 20.0 0.0 4.0 28.0 624.0 0.0 52.0 280.0 0.0 104.0 488.0 0.0 8.0 1052.0 4.0 0.0 4.0 8.0 4.0 0.0 624.0 76.0 0.0 0.0 16.0 4.0 4.0 4.0 4.0 20.0 1008.0 4.0 0.0 40.0 0.0 72.0 360.0 0.0 40.0 484.0 4.0 36.0 804.0 0.0 20.0 732.0 0.0 4.0 4.0 1628.0 4.0 0.0 84.0 340.0 4.0 4.0 1308.0 4.0 8.0 740.0 4.0 12.0 848.0 0.0 0.0 4.0 28.0 0.0 4.0 1272.0 4.0 0.0 8.0 1308.0 4.0 4.0 64.0 228.0 4.0 0.0 28.0 316.0 0.0 4.0 12.0 0.0 0.0 1520.0 8.0 0.0 20.0 652.0 0.0 0.0 16.0 0.0 0.0 1468.0 4.0 0.0 0.0 32.0 0.0 0.0 24.0 4.0 0.0 28.0 4.0 8.0 1332.0 0.0 4.0 1316.0 0.0 0.0 8.0 12.0 4.0 0.0 60.0 272.0 0.0 52.0 288.0 0.0 0.0 640.0 48.0 0.0 236.0 132.0 0.0 0.0 644.0 4.0 4.0 12.0 716.0 0.0 0.0 80.0 308.0 0.0 4.0 16.0 0.0 8.0 1508.0 8.0 0.0 4.0 8.0 0.0 0.0 16.0
31 1 CONSTANT 8.0
32 1 CONSTANT 8.0
33 1 CONSTANT 4.0
34 1 CONSTANT 0.0
35 1 CONSTANT 0.0
36 1 CONSTANT 8.0
37 1 CONSTANT 8.0
38 1 CONSTANT 8.0
39 1 TRACE 8.0 8.0 0.0 0.0 8.0 0.0 0.0 8.0 8.0 0.0 0.0 8.0 0.0 0.0 8.0 0.0 0.0 8.0 0.0 0.0 8.0 0.0 8.0 0.0 8.0 0.0 0.0 8.0 0.0 0.0 8.0 8.0 0.0 0.0 8.0 0.0 8.0 0.0 8.0 0.0 0.0 8.0 0.0 0.0 8.0 0.0 8.0 0.0 8.0 0.0 8.0 0.0 8.0 0.0 0.0 8.0 0.0 0.0 8.0 0.0 0.0 8.0 8.0 0.0 0.0 8.0 0.0 0.0 8.0 0.0 0.0 8.0 0.0 8.0 0.0 8.0 0.0 0.0 8.0 8.0 0.0 0.0 8.0 0.0 0.0 8.0 0.0 0.0 8.0 0.0 0.0 8.0 0.0 0.0 8.0 0.0 0.0 8.0 0.0 0.0 8.0 0.0 0.0 8.0 0.0 8.0 0.0 8.0 0.0 8.0 0.0 8.0 0.0 0.0 8.0 0.0 0.0 8.0 0.0 0.0 8.0 0.0 8.0 0.0 8.0 0.0 0.0 8.0 0.0 8.0 0.0 8.0 0.0 8.0 0.0 8.0 0.0 0.0 8.0 8.0 0.0 0.0 8.0 0.0 0.0 8.0 0.0 8.0 0.0 8.0 0.0 0.0 8.0 0.0 0.0 8.0 0.0 8.0 0.0 8.0 0.0 0.0 8.0 0.0 0.0 8.0 0.0 0.0 8.0 0.0 0.0 8.0 0.0 8.0 0.0 8.0 0.0 0.0 8.0 8.0 0.0 0.0 8.0 0.0 0.0 8.0 8.0 0.0 0.0 8.0 0.0 0.0 8.0 0.0 8.0 0.0 8.0 0.0 0.0 8.0 8.0 0.0 0.0 8.0 0.0 0.0 8.0 0.0 8.0 0.0 8.0 0.0 0.0 8.0 0.0 0.0
40 1 CONSTANT 8.0
41 1 CONSTANT 8.0
42 1 CONSTANT 8.0
43 1 CONSTANT 38928.0
44 1 CONSTANT 38920.0
45 1 CONSTANT 8.0
46 1 CONSTANT 38928.0
47 1 CONSTANT 4.0
48 1 TRACE 3023168.0 771440.0 63472.0 60368.0 320.0 224.0 3435376.0 797056.0 168928.0 146224.0 672.0 544.0 2104384.0 750160.0 1595696.0 639600.0 10976.0 10784.0 64.0 32.0 3436512.0 794816.0 165552.0 143936.0 720.0 512.0 2189168.0 695936.0 1455792.0 625728.0 9520.0 9040.0 48.0 64.0 2545232.0 778944.0 1150048.0 556688.0 6384.0 6032.0 32.0 0.0 2962176.0 774336.0 749392.0 448192.0 3408.0 2832.0 2341088.0 770448.0 1349632.0 596592.0 8688.0 8128.0 64.0 32.0 2043696.0 704992.0 1618752.0 648336.0 11488.0 10896.0 64.0 48.0 2422544.0 735616.0 28720.0 27936.0 144.0 128.0 2957152.0 799728.0 769872.0 448016.0 3472.0 3200.0 1897712.0 667024.0 1763280.0 672352.0 13408.0 12736.0 80.0 64.0 1983680.0 697520.0 1695424.0 657744.0 12272.0 11664.0 112.0 64.0 3052640.0 792176.0 676480.0 417840.0 2848.0 2880.0 3367728.0 798784.0 374240.0 277360.0 1600.0 1408.0 3465232.0 799392.0 222144.0 183856.0 864.0 784.0 3387536.0 788128.0 140544.0 124992.0 608.0 512.0 2249728.0 772656.0 1452544.0 615792.0 9440.0 9040.0 64.0 48.0 3444224.0 802512.0 289952.0 229856.0 1184.0 928.0 3320688.0 784032.0 113984.0 104736.0 608.0 400.0 3459248.0 802016.0 256448.0 207136.0 848.0 896.0 3245264.0 805280.0 503536.0 342048.0 1968.0 1744.0 2728480.0 785312.0 973872.0 511136.0 5008.0 4560.0 32.0 0.0 2449072.0 732048.0 29296.0 28528.0 144.0 112.0 2518976.0 774736.0 1169168.0 560000.0 6352.0 6016.0 64.0 16.0 2806304.0 778480.0 898496.0 493872.0 4560.0 3936.0 16.0 16.0 3292672.0 803424.0 459232.0 322384.0 1904.0 1632.0 1814688.0 652720.0 1839696.0 682864.0 14384.0 13696.0 96.0 96.0 3422528.0 795280.0 152192.0 136368.0 736.0 592.0 3458640.0 798096.0 226672.0 186352.0 992.0 816.0 3384992.0 801808.0 365392.0 271136.0 1504.0 1376.0 3403632.0 802224.0 349760.0 262816.0 1408.0 1152.0 3058336.0 782464.0 669664.0 419392.0 3120.0 2656.0 3411312.0 789936.0 150288.0 132304.0 656.0 512.0 3165152.0 801792.0 579152.0 376960.0 2480.0 2496.0 3398000.0 804528.0 351744.0 266160.0 1328.0 1360.0 3327552.0 801312.0 425648.0 305104.0 1696.0 1392.0 1906592.0 705280.0 1781216.0 669808.0 13888.0 12960.0 96.0 128.0 3153440.0 796832.0 585872.0 382960.0 2496.0 2448.0 3161808.0 798528.0 582352.0 379008.0 2400.0 2400.0 3335104.0 795056.0 116224.0 104096.0 432.0 400.0 3405184.0 793136.0 148912.0 130176.0 608.0 480.0 2522224.0 752576.0 1153696.0 561424.0 6416.0 5776.0 48.0 48.0 3041760.0 786256.0 681264.0 420032.0 2864.0 3040.0 3421104.0 799888.0 314032.0 243872.0 1264.0 1008.0 1864704.0 696048.0 1824832.0 675424.0 14288.0 13504.0 48.0 80.0 3094976.0 789904.0 637952.0 403184.0 2576.0 2560.0 1771888.0 650464.0 1890976.0 688432.0 15440.0 14720.0 80.0 96.0 2014000.0 687200.0 1639568.0 651472.0 11312.0 10848.0 64.0 48.0 1972160.0 728528.0 1725056.0 659696.0 13072.0 12512.0 96.0 80.0 3173424.0 794688.0 567696.0 373872.0 2528.0 2144.0 3180288.0 798800.0 563568.0 371888.0 2560.0 2272.0 2512224.0 766096.0 1173888.0 562432.0 6480.0 6352.0 32.0 32.0 3384032.0 795888.0 133552.0 118048.0 544.0 544.0 3355168.0 789600.0 123648.0 110816.0 560.0 416.0 2446368.0 738320.0 29008.0 28944.0 144.0 144.0 2994224.0 775696.0 60672.0 57488.0 288.0 240.0 3438288.0 807984.0 301984.0 235104.0 1184.0 1088.0 3407936.0 804432.0 338944.0 259184.0 1216.0 1216.0 3413008.0 794688.0 148544.0 130784.0 640.0 480.0 2509136.0 736544.0 1155120.0 565568.0 6336.0 6032.0 48.0 48.0 3076992.0 791520.0 653824.0 409456.0 3104.0 2912.0 2514896.0 761408.0 1164624.0 563264.0 6496.0 6176.0 32.0 64.0 2582736.0 736928.0 1081392.0 547696.0 5824.0 5504.0 64.0 16.0
49 1 TRACE 38928.0 8.0 38928.0 8.0 38928.0 8.0 38928.0 8.0 38928.0 8.0 38928.0 8.0 38928.0 8.0 38928.0 8.0 38928.0 8.0 38928.0 8.0 38928.0 8.0 38928.0 8.0 38928.0 8.0 38928.0 8.0 38928.0 8.0 38928.0 8.0 38928.0 8.0 38928.0 8.0 38928.0 8.0 38928.0 8.0 38928.0 8.0 38928.0 8.0 38928.0 8.0 38928.0 8.0 38928.0 8.0 38928.0 8.0 38928.0 8.0 38928.0 8.0 38928.0 8.0 38928.0 8.0 38928.0 8.0 38928.0 8.0 38928.0 8.0 38928.0 8.0 38928.0 8.0 38928.0 8.0 38928.0 8.0 38928.0 8.0 38928.0 8.0 38928.0 8.0 38928.0 8.0 38928.0 8.0 38928.0 8.0 38928.0 8.0 38928.0 8.0 38928.0 8.0 38928.0 8.0 38928.0 8.0 38928.0 8.0 38928.0 8.0 38928.0 8.0 38928.0 8.0 38928.0 8.0 38928.0 8.0 38928.0 8.0 38928.0 8.0 38928.0 8.0 38928.0 8.0 38928.0 8.0 38928.0 8.0 38928.0 8.0 38928.0 8.0 38928.0 8.0 38928.0 8.0 38928.0 8.0 38928.0 8.0 38928.0 8.0 38928.0 8.0 38928.0 8.0 38928.0 8.0 38928.0 8.0 38928.0 8.0 38928.0 8.0 38928.0 8.0 38928.0 8.0 38928.0 8.0 38928.0 8.0 38928.0 8.0 38928.0 8.0 38928.0 8.0 38928.0 8.0 38928.0 8.0 38928.0 8.0 38928.0 8.0 38928.0 8.0 38928.0 8.0 38928.0 8.0 38928.0 8.0 38928.0 8.0 38928.0 8.0 38928.0 8.0 38928.0 8.0 38928.0 8.0 38928.0 8.0 38928.0 8.0 38928.0 8.0 38928.0 8.0 38928.0 8.0 38928.0 8.0 38928.0 8.0 38928.0 8.0 38928.0 8.0 38928.0 8.0 38928.0 8.0 38928.0 8.0 38928.0 8.0 38928.0 8.0 38928.0 8.0 38928.0 8.0 38928.0 8.0 38928.0 8.0 38928.0 8.0 38928.0 8.0 38928.0 8.0 38928.0 8.0 38928.0 8.0 38928.0 8.0 38928.0 8.0 38928.0 8.0 38928.0 8.0 38928.0 8.0 38928.0 8.0 38928.0 8.0 38928.0 8.0 38928.0 8.0 38928.0 8.0 38928.0 8.0 38928.0 8.0 38928.0 8.0 38928.0 8.0 38928.0 8.0 38928.0 8.0 38928.0 8.0 38928.0 8.0 38928.0 8.0 38928.0 8.0 38928.0 8.0 38928.0 8.0 38928.0 8.0 38928.0 8.0 38928.0 8.0 38928.0 8.0 38928.0 8.0 38928.0 8.0 38928.0 8.0 38928.0 8.0 38928.0 8.0 38928.0 8.0 38928.0 8.0 38928.0 8.0 38928.0 8.0 38928.0 8.0 38928.0 8.0 38928.0 8.0 38928.0 8.0 38928.0 8.0 38928.0 8.0 38928.0 8.0 38928.0 8.0 38928.0 8.0 38928.0 8.0 38928.0 8.0 38928.0 8.0 38928.0 8.0 38928.0 8.0 38928.0 8.0 38928.0 8.0 38928.0 8.0 38928.0 8.0 38928.0 8.0 38928.0 8.0 38928.0 8.0 38928.0 8.0 38928.0 8.0 38928.0 8.0 38928.0 8.0 38928.0 8.0 38928.0 8.0 38928.0 8.0 38928.0 8.0 38928.0 8.0 38928.0 8.0 38928.0 8.0 38928.0 8.0 38928.0 8.0 38928.0 8.0 38928.0 8.0 38928.0 8.0 38928.0 8.0 38928.0 8.0 38928.0 8.0 38928.0 8.0 38928.0 8.0 38928.0 8.0 38928.0 8.0 38928.0 8.0 38928.0 8.0 38928.0 8.0 38928.0 8.0 38928.0 8.0 38928.0 8.0 38928.0 8.0 38928.0 8.0 38928.0 8.0 38928.0 8.0 38928.0 8.0 38928.0 8.0 38928.0 8.0 38928.0 8.0 38928.0 8.0 38928.0 8.0 38928.0 8.0 38928.0 8.0 38928.0 8.0
50 1 CONSTANT 8.0
51 1 CONSTANT 8.0
52 1 CONSTANT 8.0
53 1 CONSTANT 8.0
54 1 CONSTANT 0.0
55 1 CONSTANT 0.0
56 1 CONSTANT 0.0
57 1 CONSTANT 0.0
58 1 CONSTANT 0.0
59 1 CONSTANT 0.0
60 1 CONSTANT 0.0
61 1 CONSTANT 0.0
62 1 CONSTANT 8.0
