0 1 CONSTANT 8.0
1 1 CONSTANT 8.0
2 1 CONSTANT 0.0
3 1 CONSTANT 8.0
4 1 CONSTANT 8.0
5 1 CONSTANT 8.0
6 1 CONSTANT 8.0
7 1 CONSTANT 8.0
8 1 CONSTANT 8.0
9 1 CONSTANT 0.0
10 1 CONSTANT 0.0
11 1 CONSTANT 0.0
12 1 CONSTANT 0.0
13 1 CONSTANT 8.0
14 1 CONSTANT 4.0
15 1 CONSTANT 4.0
16 1 CONSTANT 0.0
17 1 CONSTANT 0.0
18 1 CONSTANT 0.0
19 1 CONSTANT 0.0
20 1 CONSTANT 4.0
21 1 CONSTANT 8.0
22 1 CONSTANT 8.0
23 1 CONSTANT 8.0
24 1 CONSTANT 8.0
25 1 CONSTANT 4.0
26 1 CONSTANT 4.0
27 1 CONSTANT 8.0
28 1 TRACE 0.0 4.0 144.0 0.0 8.0 208.0 0.0 0.0 0.0 4.0 4.0 0.0 4.0 4.0 8.0 72.0 0.0 0.0 4.0 152.0 0.0 4.0 512.0 0.0 0.0 0.0 168.0 0.0 0.0 8.0 232.0 0.0 0.0 24.0 96.0 4.0 0.0 0.0 0.0 0.0 192.0 0.0 0.0 0.0 8.0 308.0 0.0 0.0 4.0 324.0 0.0 0.0 4.0 176.0 0.0 0.0 0.0 200.0 20.0 0.0 0.0 384.0 4.0 0.0 8.0 0.0 184.0 28.0 0.0 4.0 148.0 0.0 0.0 0.0 8.0 0.0 0.0 8.0 0.0 0.0 4.0 4.0 0.0 252.0 16.0 0.0 0.0 356.0 0.0 4.0 20.0 60.0 0.0 12.0 156.0 0.0 0.0 0.0 0.0 0.0 0.0 0.0 0.0 4.0 4.0 308.0 0.0 0.0 0.0 420.0 0.0 4.0 0.0 0.0 0.0 0.0 4.0 0.0 0.0 144.0 12.0 4.0 4.0 4.0 0.0 0.0 164.0 0.0 0.0 0.0 168.0 0.0 0.0 8.0 284.0 0.0 0.0 4.0 12.0 0.0 0.0 200.0 12.0 0.0 0.0 224.0 8.0 0.0 0.0 0.0 0.0 4.0 4.0 0.0 8.0 316.0 0.0 0.0 0.0 4.0 0.0 188.0 12.0 0.0 0.0 176.0 0.0 0.0 4.0 52.0 0.0 4.0 0.0 4.0 0.0 200.0 20.0 0.0 20.0 112.0 0.0 0.0 240.0 0.0 4.0 12.0 108.0 0.0 0.0 0.0 160.0 16.0 0.0 8.0 244.0 0.0 0.0 0.0 368.0 0.0 0.0 0.0 236.0 0.0 0.0 0.0 0.0 0.0 0.0 360.0 0.0 0.0 4.0 148.0 0.0 0.0 0.0 4.0 228.0 0.0 0.0 208.0 20.0 0.0 188.0 16.0
29 1 CONSTANT 4.0
30 1 TRACE 0.0 4.0 144.0 0.0 8.0 208.0 0.0 0.0 0.0 4.0 4.0 0.0 4.0 4.0 8.0 72.0 0.0 0.0 4.0 152.0 0.0 4.0 512.0 0.0 0.0 0.0 168.0 0.0 0.0 8.0 232.0 0.0 0.0 24.0 96.0 4.0 0.0 0.0 0.0 0.0 192.0 0.0 0.0 0.0 8.0 308.0 0.0 0.0 4.0 324.0 0.0 0.0 4.0 176.0 0.0 0.0 0.0 200.0 20.0 0.0 0.0 384.0 4.0 0.0 8.0 0.0 184.0 28.0 0.0 4.0 148.0 0.0 0.0 0.0 8.0 0.0 0.0 8.0 0.0 0.0 4.0 4.0 0.0 252.0 16.0 0.0 0.0 356.0 0.0 4.0 20.0 60.0 0.0 12.0 156.0 0.0 0.0 0.0 0.0 0.0 0.0 0.0 0.0 4.0 4.0 308.0 0.0 0.0 0.0 420.0 0.0 4.0 0.0 0.0 0.0 0.0 4.0 0.0 0.0 144.0 12.0 4.0 4.0 4.0 0.0 0.0 164.0 0.0 0.0 0.0 168.0 0.0 0.0 8.0 284.0 0.0 0.0 4.0 12.0 0.0 0.0 200.0 12.0 0.0 0.0 224.0 8.0 0.0 0.0 0.0 0.0 4.0 4.0 0.0 8.0 316.0 0.0 0.0 0.0 4.0 0.0 188.0 12.0 0.0 0.0 176.0 0.0 0.0 4.0 52.0 0.0 4.0 0.0 4.0 0.0 200.0 20.0 0.0 20.0 112.0 0.0 0.0 240.0 0.0 4.0 12.0 108.0 0.0 0.0 0.0 160.0 16.0 0.0 8.0 244.0 0.0 0.0 0.0 368.0 0.0 0.0 0.0 236.0 0.0 0.0 0.0 0.0 0.0 0.0 360.0 0.0 0.0 4.0 148.0 0.0 0.0 0.0 4.0 228.0 0.0 0.0 208.0 20.0 0.0 188.0 16.0
31 1 CONSTANT 8.0
32 1 CONSTANT 8.0
33 1 CONSTANT 4.0
34 1 CONSTANT 0.0
35 1 CONSTANT 0.0
36 1 CONSTANT 8.0
37 1 CONSTANT 8.0
38 1 CONSTANT 8.0
39 1 TRACE 8.0 0.0 0.0 8.0 0.0 8.0 0.0 8.0 0.0 0.0 8.0 0.0 0.0 8.0 0.0 8.0 0.0 8.0 0.0 0.0 8.0 0.0 8.0 0.0 8.0 0.0 8.0 0.0 8.0 0.0 8.0 0.0 8.0 0.0 0.0 8.0 0.0 0.0 8.0 0.0 8.0 0.0 8.0 8.0 0.0 8.0 0.0 8.0 0.0 8.0 0.0 8.0 0.0 8.0 0.0 8.0 8.0 0.0 0.0 8.0 0.0 8.0 0.0 0.0 0.0 8.0 0.0 0.0 8.0 0.0 8.0 0.0 8.0 0.0 0.0 8.0 0.0 0.0 8.0 0.0 0.0 8.0 8.0 0.0 0.0 8.0 0.0 8.0 0.0 8.0 0.0 0.0 8.0 0.0 8.0 0.0 8.0 0.0 0.0 8.0 0.0 8.0 0.0 8.0 0.0 8.0 0.0 8.0 0.0 8.0 0.0 8.0 0.0 0.0 8.0 0.0 0.0 8.0 8.0 0.0 0.0 8.0 0.0 0.0 8.0 0.0 8.0 0.0 8.0 0.0 8.0 0.0 8.0 0.0 8.0 0.0 8.0 0.0 0.0 8.0 8.0 0.0 0.0 8.0 8.0 0.0 0.0 8.0 0.0 0.0 8.0 0.0 0.0 8.0 0.0 8.0 0.0 8.0 0.0 0.0 8.0 0.0 0.0 8.0 0.0 8.0 0.0 8.0 0.0 8.0 0.0 8.0 0.0 0.0 8.0 0.0 0.0 8.0 0.0 0.0 8.0 0.0 8.0 0.0 8.0 0.0 8.0 0.0 8.0 8.0 0.0 0.0 8.0 0.0 8.0 0.0 8.0 0.0 8.0 0.0 8.0 0.0 8.0 0.0 8.0 0.0 0.0 8.0 0.0 8.0 0.0 8.0 0.0 8.0 0.0 8.0 8.0 0.0 8.0 0.0 8.0 0.0 0.0 8.0 0.0 0.0
40 1 CONSTANT 8.0
41 1 CONSTANT 8.0
42 1 CONSTANT 8.0
43 1 CONSTANT 8992.0
44 1 CONSTANT 8984.0
45 1 CONSTANT 8.0
46 1 CONSTANT 8992.0
47 1 CONSTANT 4.0
48 1 TRACE 697840.0 180912.0 107200.0 39520.0 35632.0 30560.0 160.0 64.0 176.0 675168.0 178928.0 106736.0 64800.0 52720.0 44208.0 144.0 96.0 320.0 502624.0 164208.0 101552.0 192944.0 110160.0 75504.0 992.0 784.0 880.0 0.0 0.0 16.0 393616.0 142544.0 94832.0 296912.0 136864.0 87072.0 1552.0 1888.0 1824.0 0.0 0.0 16.0 673632.0 174144.0 102720.0 21040.0 19824.0 18864.0 32.0 16.0 96.0 697504.0 180432.0 106448.0 37376.0 32912.0 29280.0 160.0 96.0 208.0 580352.0 172560.0 106544.0 136576.0 87936.0 64592.0 720.0 480.0 544.0 689728.0 180368.0 106192.0 48880.0 41456.0 35904.0 160.0 128.0 320.0 678816.0 180864.0 109264.0 61600.0 49392.0 41120.0 272.0 160.0 208.0 683984.0 180080.0 105632.0 23792.0 21280.0 20592.0 80.0 64.0 144.0 508800.0 170144.0 104976.0 193216.0 109328.0 75728.0 912.0 864.0 928.0 0.0 0.0 0.0 688432.0 179168.0 106832.0 54064.0 44304.0 37872.0 272.0 144.0 224.0 650000.0 182080.0 109072.0 85248.0 64656.0 50368.0 352.0 224.0 512.0 654256.0 177584.0 107376.0 82928.0 62080.0 49904.0 384.0 256.0 352.0 687872.0 179632.0 106960.0 50544.0 42688.0 36256.0 160.0 160.0 336.0 461232.0 158864.0 96368.0 4512.0 4624.0 4448.0 0.0 0.0 48.0 615120.0 175600.0 106848.0 108928.0 75888.0 57600.0 480.0 400.0 416.0 349040.0 135088.0 88128.0 337312.0 144704.0 90944.0 1952.0 2096.0 2160.0 0.0 0.0 32.0 503920.0 165472.0 98784.0 5504.0 5536.0 5648.0 0.0 0.0 64.0 696144.0 177680.0 106224.0 35184.0 31040.0 27152.0 160.0 32.0 176.0 507360.0 162416.0 104128.0 192800.0 110064.0 74976.0 912.0 976.0 880.0 0.0 0.0 16.0 455632.0 152096.0 97088.0 234432.0 122960.0 81280.0 1296.0 1200.0 1216.0 0.0 0.0 16.0 401328.0 156752.0 104736.0 300944.0 135520.0 86608.0 1632.0 1776.0 1856.0 0.0 0.0 16.0 438320.0 158192.0 96112.0 4000.0 4128.0 3904.0 0.0 0.0 48.0 627904.0 174832.0 106224.0 100720.0 71968.0 55152.0 464.0 352.0 400.0 650032.0 172848.0 101664.0 15392.0 15456.0 15024.0 16.0 16.0 112.0 694096.0 179328.0 106832.0 43200.0 37744.0 32336.0 144.0 96.0 176.0 517952.0 164656.0 106624.0 188832.0 108128.0 75184.0 784.0 784.0 800.0 0.0 0.0 32.0 541920.0 167072.0 105552.0 164144.0 100864.0 70240.0 704.0 720.0 688.0 0.0 0.0 0.0 644608.0 176016.0 106528.0 86880.0 66816.0 51488.0 336.0 288.0 320.0 619216.0 176768.0 107600.0 106096.0 75088.0 56912.0 544.0 240.0 432.0 557360.0 168224.0 104720.0 150544.0 95104.0 67888.0 608.0 432.0 640.0 0.0 0.0 0.0 377968.0 146864.0 94064.0 308624.0 138592.0 88864.0 2048.0 1824.0 1840.0 0.0 0.0 0.0 530432.0 165728.0 98224.0 6096.0 6960.0 6528.0 0.0 16.0 64.0 395680.0 147344.0 95808.0 295152.0 135664.0 87152.0 1504.0 1808.0 1616.0 0.0 0.0 48.0 687504.0 180192.0 105568.0 50304.0 43296.0 37424.0 176.0 96.0 224.0 697104.0 179952.0 106848.0 42016.0 36192.0 31872.0 208.0 96.0 176.0 648688.0 177168.0 107696.0 85424.0 64448.0 51088.0 336.0 256.0 288.0 397440.0 148480.0 95360.0 291824.0 135264.0 87136.0 1552.0 1760.0 1616.0 0.0 0.0 16.0 460080.0 162064.0 97984.0 4368.0 4528.0 4240.0 16.0 0.0 48.0 457504.0 160448.0 96224.0 4256.0 4432.0 4416.0 0.0 16.0 48.0 426480.0 156288.0 100944.0 269200.0 129376.0 84128.0 1632.0 1520.0 1376.0 0.0 0.0 32.0 520480.0 173968.0 105072.0 183728.0 105936.0 74192.0 928.0 688.0 976.0 0.0 0.0 0.0 647568.0 178496.0 106240.0 86256.0 64928.0 50640.0 368.0 208.0 304.0 361696.0 135456.0 92640.0 325840.0 142272.0 89888.0 2064.0 2160.0 1888.0 0.0 0.0 16.0 454000.0 160656.0 96528.0 4048.0 4384.0 4400.0 0.0 0.0 48.0 694192.0 179088.0 106576.0 44800.0 39376.0 33616.0 192.0 96.0 176.0 648816.0 173296.0 102496.0 15664.0 14976.0 14496.0 32.0 32.0 80.0 370080.0 141632.0 91616.0 318304.0 140368.0 89072.0 1712.0 1840.0 2064.0 0.0 0.0 48.0 447312.0 161008.0 97600.0 3712.0 4144.0 4032.0 16.0 0.0 32.0 693920.0 178672.0 104416.0 28656.0 26432.0 24608.0 128.0 48.0 128.0 672368.0 177472.0 106800.0 66768.0 53792.0 43712.0 224.0 160.0 224.0 682976.0 175408.0 104560.0 23040.0 22384.0 20112.0 128.0 64.0 96.0 438272.0 159248.0 96960.0 3776.0 3824.0 3888.0 0.0 0.0 48.0 677104.0 180272.0 107776.0 63664.0 50704.0 41296.0 272.0 112.0 256.0 619120.0 173072.0 103728.0 104880.0 74128.0 57568.0 448.0 352.0 416.0 669088.0 179280.0 108256.0 69744.0 56176.0 44528.0 240.0 192.0 272.0 557776.0 173264.0 107024.0 155584.0 97552.0 68976.0 640.0 544.0 592.0 0.0 0.0 0.0 625056.0 176944.0 107360.0 103552.0 73984.0 55936.0 496.0 224.0 432.0 698160.0 180112.0 107216.0 41696.0 36560.0 31936.0 128.0 96.0 192.0 682096.0 179584.0 108528.0 59232.0 48480.0 38848.0 224.0 128.0 240.0 462512.0 160272.0 96016.0 4432.0 4704.0 4416.0 0.0 0.0 48.0 474480.0 160912.0 96224.0 4624.0 4848.0 4768.0 0.0 0.0 48.0
49 1 TRACE 8992.0 8992.0 8.0 8992.0 8992.0 8.0 8992.0 8992.0 8.0 8992.0 8992.0 8.0 8992.0 8992.0 8.0 8992.0 8992.0 8.0 8992.0 8992.0 8.0 8992.0 8992.0 8.0 8992.0 8992.0 8.0 8992.0 8992.0 8.0 8992.0 8992.0 8.0 8992.0 8992.0 8.0 8992.0 8992.0 8.0 8992.0 8992.0 8.0 8992.0 8992.0 8.0 8992.0 8992.0 8.0 8992.0 8992.0 8.0 8992.0 8992.0 8.0 8992.0 8992.0 8.0 8992.0 8992.0 8.0 8992.0 8992.0 8.0 8992.0 8992.0 8.0 8992.0 8992.0 8.0 8992.0 8992.0 8.0 8992.0 8992.0 8.0 8992.0 8992.0 8.0 8992.0 8992.0 8.0 8992.0 8992.0 8.0 8992.0 8992.0 8.0 8992.0 8992.0 8.0 8992.0 8992.0 8.0 8992.0 8992.0 8.0 8992.0 8992.0 8.0 8992.0 8992.0 8.0 8992.0 8992.0 8.0 8992.0 8992.0 8.0 8992.0 8992.0 8.0 8992.0 8992.0 8.0 8992.0 8992.0 8.0 8992.0 8992.0 8.0 8992.0 8992.0 8.0 8992.0 8992.0 8.0 8992.0 8992.0 8.0 8992.0 8992.0 8.0 8992.0 8992.0 8.0 8992.0 8992.0 8.0 8992.0 8992.0 8.0 8992.0 8992.0 8.0 8992.0 8992.0 8.0 8992.0 8992.0 8.0 8992.0 8992.0 8.0 8992.0 8992.0 8.0 8992.0 8992.0 8.0 8992.0 8992.0 8.0 8992.0 8992.0 8.0 8992.0 8992.0 8.0 8992.0 8992.0 8.0 8992.0 8992.0 8.0 8992.0 8992.0 8.0 8992.0 8992.0 8.0 8992.0 8992.0 8.0 8992.0 8992.0 8.0 8992.0 8992.0 8.0 8992.0 8992.0 8.0 8992.0 8992.0 8.0 8992.0 8992.0 8.0 8992.0 8992.0 8.0 8992.0 8992.0 8.0 8992.0 8992.0 8.0 8992.0 8992.0 8.0 8992.0 8992.0 8.0 8992.0 8992.0 8.0 8992.0 8992.0 8.0 8992.0 8992.0 8.0 8992.0 8992.0 8.0 8992.0 8992.0 8.0 8992.0 8992.0 8.0 8992.0 8992.0 8.0 8992.0 8992.0 8.0 8992.0 8992.0 8.0 8992.0 8992.0 8.0 8992.0 8992.0 8.0 8992.0 8992.0 8.0 8992.0 8992.0 8.0 8992.0 8992.0 8.0 8992.0 8992.0 8.0 8992.0 8992.0 8.0 8992.0 8992.0 8.0 8992.0 8992.0 8.0 8992.0 8992.0 8.0 8992.0 8992.0 8.0 8992.0 8992.0 8.0 8992.0 8992.0 8.0 8992.0 8992.0 8.0 8992.0 8992.0 8.0 8992.0 8992.0 8.0 8992.0 8992.0 8.0 8992.0 8992.0 8.0 8992.0 8992.0 8.0 8992.0 8992.0 8.0 8992.0 8992.0 8.0 8992.0 8992.0 8.0 8992.0 8992.0 8.0 8992.0 8992.0 8.0 8992.0 8992.0 8.0 8992.0 8992.0 8.0 8992.0 8992.0 8.0 8992.0 8992.0 8.0 8992.0 8992.0 8.0 8992.0 8992.0 8.0 8992.0 8992.0 8.0 8992.0 8992.0 8.0 8992.0 8992.0 8.0 8992.0 8992.0 8.0 8992.0 8992.0 8.0 8992.0 8992.0 8.0 8992.0 8992.0 8.0 8992.0 8992.0 8.0 8992.0 8992.0 8.0 8992.0 8992.0 8.0 8992.0 8992.0 8.0 8992.0 8992.0 8.0 8992.0 8992.0 8.0 8992.0 8992.0 8.0 8992.0 8992.0 8.0 8992.0 8992.0 8.0 8992.0 8992.0 8.0 8992.0 8992.0 8.0 8992.0 8992.0 8.0 8992.0 8992.0 8.0 8992.0 8992.0 8.0 8992.0 8992.0 8.0 8992.0 8992.0 8.0 8992.0 8992.0 8.0 8992.0 8992.0 8.0 8992.0 8992.0 8.0 8992.0 8992.0 8.0 8992.0 8992.0 8.0 8992.0 8992.0 8.0 8992.0 8992.0 8.0 8992.0 8992.0 8.0 8992.0 8992.0 8.0 8992.0 8992.0 8.0 8992.0 8992.0 8.0 8992.0 8992.0 8.0 8992.0 8992.0 8.0 8992.0 8992.0 8.0 8992.0 8992.0 8.0 8992.0 8992.0 8.0 8992.0 8992.0 8.0 8992.0 8992.0 8.0 8992.0 8992.0 8.0 8992.0 8992.0 8.0 8992.0 8992.0 8.0 8992.0 8992.0 8.0 8992.0 8992.0 8.0 8992.0 8992.0 8.0 8992.0 8992.0 8.0 8992.0 8992.0 8.0 8992.0 8992.0 8.0 8992.0 8992.0 8.0 8992.0 8992.0 8.0 8992.0 8992.0 8.0 8992.0 8992.0 8.0 8992.0 8992.0 8.0 8992.0 8992.0 8.0 8992.0 8992.0 8.0 8992.0 8992.0 8.0 8992.0 8992.0 8.0 8992.0 8992.0 8.0 8992.0 8992.0 8.0 8992.0 8992.0 8.0 8992.0 8992.0 8.0 8992.0 8992.0 8.0 8992.0 8992.0 8.0 8992.0 8992.0 8.0 8992.0 8992.0 8.0 8992.0 8992.0 8.0 8992.0 8992.0 8.0 8992.0 8992.0 8.0 8992.0 8992.0 8.0 8992.0 8992.0 8.0 8992.0 8992.0 8.0 8992.0 8992.0 8.0 8992.0 8992.0 8.0 8992.0 8992.0 8.0 8992.0 8992.0 8.0 8992.0 8992.0 8.0 8992.0 8992.0 8.0 8992.0 8992.0 8.0 8992.0 8992.0 8.0 8992.0 8992.0 8.0 8992.0 8992.0 8.0 8992.0 8992.0 8.0 8992.0 8992.0 8.0 8992.0 8992.0 8.0 8992.0 8992.0 8.0 8992.0 8992.0 8.0 8992.0 8992.0 8.0 8992.0 8992.0 8.0 8992.0 8992.0 8.0 8992.0 8992.0 8.0 8992.0 8992.0 8.0 8992.0 8992.0 8.0 8992.0 8992.0 8.0 8992.0 8992.0 8.0 8992.0 8992.0 8.0
50 1 TRACE 8.0 8.0 8.0 8.0 8.0 8.0 8.0 8.0 8.0 8.0 8.0 8.0 8.0 8.0 8.0 8.0 8.0 8.0 8.0 8.0 8.0 8.0 8.0 8.0 8.0 8.0 8.0 8.0 8.0 8.0 8.0 8.0 8.0 8.0 8.0 8.0 8.0 8.0 8.0 8.0 8.0 8.0 8.0 8.0 8.0 8.0 8.0 8.0 8.0 8.0 8.0 8.0 8.0 8.0 8.0 8.0 8.0 8.0 8.0 8.0 8.0 8.0 8.0 8.0 8.0 8.0 8.0 8.0 8.0 8.0 8.0 8.0 8.0 8.0 8.0 8.0 8.0 8.0 8.0 8.0 8.0 8.0 8.0 8.0 8.0 8.0 8.0 8.0 8.0 8.0 8.0 8.0 8.0 8.0 8.0 0.0 8.0 8.0 8.0 8.0 8.0 8.0 8.0 8.0 8.0 8.0 8.0 8.0 8.0 8.0 8.0 8.0 8.0 8.0 8.0 8.0 8.0 8.0 8.0 8.0 8.0 8.0 8.0 8.0 8.0 8.0 8.0 8.0 8.0 8.0 8.0 8.0 8.0 8.0 8.0 8.0 8.0 8.0 8.0 8.0 8.0 8.0 8.0 8.0 8.0 8.0 8.0 8.0 8.0 8.0 8.0 8.0 8.0 8.0 8.0 8.0 8.0 8.0 8.0 8.0 8.0 8.0 8.0 8.0 8.0 8.0 8.0 8.0 8.0 8.0 8.0 8.0 8.0 8.0 8.0 8.0 8.0 8.0 8.0 8.0 8.0 8.0 8.0 8.0 8.0 8.0 8.0 8.0 8.0 8.0 8.0 8.0 8.0 8.0 8.0 8.0 8.0 8.0 8.0 8.0 8.0 8.0 8.0 8.0 8.0 8.0 8.0
51 1 CONSTANT 8.0
52 1 CONSTANT 8.0
53 1 CONSTANT 8.0
54 1 CONSTANT 0.0
55 1 CONSTANT 0.0
56 1 CONSTANT 0.0
57 1 CONSTANT 0.0
58 1 CONSTANT 0.0
59 1 CONSTANT 0.0
60 1 CONSTANT 0.0
61 1 CONSTANT 0.0
62 1 CONSTANT 8.0
