0 1 1 TRACE 1672853814264660.0
1 2 1 TRACE 10864.0 18.0 17.0 17.0 25.0 17.0 17.0 17.0 18.0 17.0 17.0 17.0 17.0 16.0 18.0 17.0 17.0 23.0 18.0 17.0 17.0 17.0 17.0 17.0 18.0 17.0 17.0 17.0 17.0 18.0 17.0 18.0 17.0 17.0 17.0 17.0 21.0 18.0 17.0 17.0 17.0 16.0 17.0 17.0 17.0 17.0 17.0 17.0 18.0 17.0 17.0 17.0 17.0 44.0 17.0 17.0 18.0 17.0 17.0 16.0 17.0 17.0 17.0 17.0
2 3 1 TRACE 53.0 22.0 23.0 22.0 49.0 33.0 42.0 23.0 23.0 23.0 25.0 24.0 23.0 23.0 23.0 41.0 22.0 24.0 23.0 22.0 23.0 23.0 27.0 23.0 23.0 23.0 22.0 35.0 58.0 25.0 23.0 33.0 23.0 22.0 23.0 23.0 36.0 24.0 22.0 38.0 24.0 22.0 23.0 24.0 61.0 22.0 48.0 36.0 24.0 23.0 25.0 23.0 28.0 23.0 23.0 28.0 30.0 23.0 24.0 23.0 48.0 23.0 22.0 23.0
3 4 1 TRACE 36.0 18.0 18.0 19.0 19.0 19.0 18.0 18.0 18.0 19.0 20.0 18.0 18.0 18.0 18.0 18.0 19.0 20.0 19.0 19.0 18.0 19.0 19.0 18.0 19.0 18.0 19.0 18.0 17.0 19.0 19.0 19.0 18.0 18.0 18.0 18.0 54.0 19.0 18.0 18.0 18.0 26.0 18.0 19.0 29.0 18.0 19.0 19.0 18.0 18.0 19.0 54.0 31.0 62.0 19.0 18.0 19.0 18.0 19.0 18.0 18.0 23.0 18.0 18.0
4 5 1 TRACE 18.0 14.0 13.0 14.0 13.0 14.0 13.0 14.0 13.0 13.0 15.0 13.0 13.0 14.0 14.0 13.0 14.0 13.0 13.0 13.0 13.0 13.0 22.0 14.0 14.0 13.0 14.0 14.0 13.0 15.0 14.0 14.0 14.0 50.0 14.0 13.0 13.0 14.0 14.0 13.0 21.0 14.0 14.0 13.0 24.0 13.0 14.0 14.0 19.0 13.0 13.0 13.0 15.0 13.0 14.0 13.0 13.0 14.0 13.0 13.0 13.0 14.0 14.0 14.0
5 6 1 TRACE 36.0 16.0 16.0 16.0 16.0 16.0 16.0 14.0 13.0 16.0 12.0 13.0 12.0 13.0 23.0 14.0 14.0 14.0 13.0 14.0 14.0 14.0 11.0 11.0 13.0 12.0 11.0 28.0 16.0 13.0 11.0 30.0 13.0 14.0 14.0 15.0 15.0 26.0 14.0 14.0 14.0 14.0 15.0 14.0 11.0 14.0 13.0 14.0 18.0 11.0 11.0 15.0 11.0 51.0 10.0 11.0 11.0 11.0 11.0 10.0 15.0 13.0 11.0 10.0
6 7 1 TRACE 18.0 13.0 13.0 13.0 13.0 13.0 13.0 14.0 50.0 8.0 14.0 14.0 14.0 14.0 9.0 13.0 13.0 13.0 12.0 13.0 13.0 24.0 9.0 12.0 12.0 12.0 11.0 13.0 15.0 13.0 14.0 13.0 14.0 13.0 14.0 12.0 12.0 23.0 11.0 11.0 12.0 12.0 13.0 12.0 8.0 13.0 14.0 13.0 11.0 12.0 11.0 13.0 9.0 13.0 12.0 13.0 10.0 12.0 11.0 11.0 8.0 13.0 12.0 11.0
7 8 1 TRACE 17.0 13.0 13.0 13.0 13.0 14.0 13.0 13.0 15.0 9.0 13.0 13.0 13.0 13.0 20.0 13.0 13.0 13.0 13.0 13.0 13.0 13.0 8.0 12.0 11.0 11.0 12.0 13.0 13.0 13.0 12.0 13.0 14.0 13.0 14.0 13.0 13.0 12.0 11.0 13.0 12.0 11.0 13.0 13.0 9.0 13.0 12.0 13.0 13.0 13.0 12.0 14.0 12.0 12.0 12.0 12.0 14.0 13.0 13.0 12.0 8.0 13.0 13.0 13.0
8 9 1 TRACE 16.0 13.0 13.0 12.0 13.0 13.0 13.0 13.0 13.0 8.0 13.0 13.0 13.0 13.0 8.0 13.0 13.0 13.0 12.0 12.0 12.0 11.0 11.0 12.0 11.0 13.0 12.0 13.0 14.0 13.0 14.0 13.0 13.0 14.0 13.0 14.0 25.0 12.0 12.0 12.0 12.0 13.0 13.0 12.0 13.0 12.0 12.0 13.0 12.0 11.0 12.0 15.0 12.0 12.0 12.0 12.0 12.0 13.0 12.0 13.0 9.0 14.0 13.0 13.0
9 10 1 TRACE 44.0 23.0 45.0 33.0 23.0 23.0 23.0 25.0 29.0 29.0 25.0 25.0 33.0 25.0 21.0 22.0 23.0 25.0 22.0 23.0 24.0 23.0 23.0 22.0 23.0 58.0 22.0 23.0 23.0 24.0 22.0 22.0 22.0 42.0 22.0 24.0 24.0 24.0 23.0 23.0 69.0 23.0 22.0 22.0 55.0 39.0 22.0 22.0 22.0 22.0 24.0 31.0 30.0 23.0 22.0 22.0 32.0 23.0 23.0 22.0 63.0 57.0 23.0 23.0
10 11 1 TRACE 19.0 15.0 16.0 16.0 18.0 16.0 16.0 15.0 15.0 15.0 16.0 15.0 14.0 16.0 16.0 15.0 16.0 15.0 16.0 15.0 15.0 15.0 16.0 15.0 23.0 16.0 15.0 15.0 15.0 16.0 15.0 15.0 14.0 15.0 15.0 16.0 14.0 15.0 16.0 15.0 28.0 15.0 15.0 15.0 23.0 15.0 15.0 15.0 26.0 15.0 15.0 28.0 24.0 15.0 15.0 15.0 15.0 15.0 15.0 15.0 25.0 15.0 33.0 15.0
11 12 1 TRACE 20.0 15.0 15.0 15.0 14.0 16.0 15.0 15.0 27.0 16.0 16.0 16.0 15.0 16.0 16.0 15.0 14.0 29.0 16.0 14.0 14.0 14.0 16.0 15.0 15.0 57.0 14.0 15.0 15.0 15.0 15.0 26.0 15.0 14.0 15.0 15.0 14.0 15.0 14.0 15.0 30.0 15.0 15.0 14.0 14.0 14.0 22.0 15.0 15.0 15.0 15.0 23.0 28.0 15.0 15.0 15.0 17.0 19.0 14.0 15.0 14.0 51.0 16.0 15.0
12 13 1 TRACE 27.0 19.0 26.0 16.0 36.0 29.0 16.0 19.0 26.0 19.0 16.0 24.0 17.0 16.0 17.0 25.0 19.0 26.0 19.0 19.0 18.0 17.0 16.0 16.0 27.0 16.0 19.0 27.0 28.0 27.0 17.0 26.0 16.0 17.0 24.0 18.0 18.0 26.0 16.0 30.0 14.0 19.0 19.0 17.0 16.0 16.0 15.0 17.0 25.0 17.0 18.0 15.0 25.0 17.0 17.0 19.0 26.0 15.0 18.0 17.0 38.0 15.0 16.0 17.0
13 14 1 TRACE 37.0 20.0 20.0 10.0 8.0 9.0 9.0 22.0 9.0 9.0 10.0 20.0 20.0 9.0 9.0 9.0 9.0 9.0 10.0 9.0 9.0 21.0 9.0 10.0 20.0 9.0 9.0 8.0 9.0 22.0 9.0 8.0 9.0 9.0 20.0 10.0 8.0 9.0 9.0 9.0 8.0 9.0 9.0 9.0 9.0 10.0 9.0 9.0 9.0 10.0 9.0 8.0 8.0 9.0 9.0 9.0 9.0 9.0 9.0 9.0 9.0 9.0 10.0 10.0
14 15 1 TRACE 21.0 24.0 13.0 13.0 12.0 12.0 13.0 23.0 13.0 13.0 14.0 24.0 24.0 13.0 24.0 23.0 24.0 13.0 13.0 30.0 23.0 24.0 14.0 24.0 24.0 22.0 24.0 13.0 13.0 24.0 24.0 13.0 13.0 13.0 13.0 13.0 13.0 13.0 13.0 24.0 37.0 13.0 13.0 23.0 13.0 14.0 13.0 24.0 23.0 25.0 14.0 12.0 12.0 13.0 13.0 24.0 23.0 14.0 13.0 24.0 13.0 13.0 14.0 25.0
15 16 1 TRACE 13.0 8.0 8.0 9.0 8.0 8.0 9.0 9.0 9.0 9.0 9.0 8.0 8.0 9.0 8.0 8.0 8.0 8.0 19.0 8.0 8.0 8.0 19.0 8.0 8.0 9.0 19.0 7.0 8.0 8.0 19.0 8.0 9.0 9.0 8.0 19.0 8.0 9.0 8.0 8.0 8.0 8.0 9.0 19.0 8.0 9.0 8.0 19.0 8.0 8.0 9.0 8.0 10.0 9.0 8.0 19.0 8.0 9.0 8.0 19.0 8.0 9.0 9.0 19.0
16 17 1 TRACE 32.0 22.0 22.0 33.0 30.0 33.0 23.0 23.0 48.0 23.0 23.0 23.0 22.0 27.0 30.0 22.0 73.0 21.0 20.0 20.0 21.0 22.0 21.0 21.0 21.0 31.0 49.0 22.0 22.0 23.0 20.0 25.0 32.0 22.0 21.0 20.0 27.0 31.0 22.0 23.0 27.0 22.0 23.0 21.0 26.0 22.0 24.0 21.0 24.0 21.0 23.0 26.0 23.0 21.0 22.0 20.0 24.0 23.0 22.0 20.0 48.0 57.0 23.0 21.0
17 18 1 TRACE 19.0 26.0 14.0 15.0 15.0 14.0 15.0 15.0 15.0 15.0 26.0 15.0 15.0 14.0 14.0 14.0 16.0 15.0 15.0 14.0 15.0 15.0 14.0 14.0 15.0 15.0 16.0 14.0 14.0 15.0 14.0 15.0 14.0 15.0 15.0 15.0 15.0 15.0 14.0 15.0 15.0 15.0 15.0 14.0 15.0 15.0 14.0 46.0 14.0 15.0 15.0 14.0 14.0 15.0 15.0 14.0 15.0 15.0 15.0 14.0 14.0 15.0 16.0 14.0
18 19 1 TRACE 19.0 18.0 15.0 14.0 33.0 14.0 15.0 16.0 14.0 14.0 25.0 14.0 14.0 14.0 24.0 14.0 45.0 14.0 19.0 14.0 14.0 37.0 16.0 17.0 14.0 15.0 50.0 14.0 14.0 14.0 13.0 15.0 14.0 14.0 14.0 13.0 14.0 15.0 14.0 14.0 14.0 14.0 15.0 14.0 15.0 15.0 14.0 15.0 14.0 21.0 14.0 13.0 41.0 14.0 14.0 15.0 14.0 14.0 31.0 14.0 14.0 15.0 15.0 14.0
19 20 1 TRACE 22.0 18.0 45.0 17.0 16.0 17.0 17.0 21.0 18.0 17.0 15.0 18.0 18.0 17.0 19.0 19.0 19.0 17.0 16.0 19.0 19.0 17.0 18.0 15.0 19.0 17.0 14.0 18.0 19.0 17.0 19.0 16.0 17.0 17.0 17.0 17.0 18.0 16.0 17.0 18.0 20.0 19.0 19.0 19.0 18.0 17.0 17.0 53.0 17.0 16.0 18.0 18.0 45.0 17.0 17.0 17.0 18.0 17.0 28.0 18.0 19.0 27.0 17.0 19.0
20 21 1 TRACE 17.0 15.0 12.0 13.0 12.0 13.0 32.0 13.0 12.0 13.0 12.0 12.0 12.0 13.0 13.0 12.0 12.0 13.0 12.0 14.0 13.0 12.0 12.0 12.0 12.0 13.0 13.0 12.0 13.0 13.0 12.0 12.0 14.0 13.0 13.0 14.0 12.0 13.0 13.0 13.0 12.0 14.0 13.0 12.0 12.0 14.0 13.0 13.0 13.0 13.0 13.0 12.0 13.0 13.0 13.0 13.0 12.0 13.0 14.0 12.0 12.0 13.0 13.0 12.0
21 22 1 TRACE 26.0 12.0 10.0 11.0 10.0 11.0 13.0 10.0 10.0 11.0 10.0 11.0 10.0 11.0 11.0 10.0 10.0 11.0 10.0 11.0 10.0 11.0 10.0 11.0 10.0 10.0 10.0 11.0 11.0 10.0 10.0 10.0 11.0 11.0 10.0 10.0 10.0 15.0 11.0 10.0 10.0 11.0 11.0 11.0 11.0 12.0 11.0 11.0 11.0 11.0 11.0 11.0 11.0 11.0 11.0 10.0 10.0 11.0 13.0 11.0 10.0 10.0 12.0 11.0
22 23 1 TRACE 33.0 1785.0 22.0 61.0 26.0 21.0 24.0 25.0 40.0 38.0 21.0 22.0 22.0 40.0 24.0 24.0 24.0 60.0 24.0 65.0 22.0 24.0 23.0 21.0 50.0 24.0 58.0 24.0 23.0 22.0 21.0 21.0 22.0 22.0 23.0 22.0 33.0 23.0 21.0 23.0 24.0 22.0 23.0 23.0 37.0 22.0 22.0 91.0 23.0 23.0 23.0 21.0 53.0 24.0 22.0 21.0 23.0 21.0 23.0 22.0 22.0 23.0 23.0 20.0
23 24 1 TRACE 41.0 23.0 20.0 21.0 22.0 20.0 21.0 20.0 20.0 21.0 22.0 20.0 35.0 23.0 20.0 20.0 20.0 74.0 20.0 22.0 20.0 20.0 19.0 21.0 20.0 21.0 21.0 20.0 20.0 26.0 21.0 20.0 21.0 20.0 22.0 20.0 21.0 63.0 21.0 21.0 21.0 26.0 20.0 21.0 19.0 42.0 21.0 57.0 20.0 21.0 20.0 20.0 21.0 21.0 58.0 20.0 20.0 20.0 21.0 21.0 20.0 20.0 27.0 20.0
24 25 1 TRACE 45.0 20.0 19.0 19.0 19.0 19.0 20.0 18.0 20.0 20.0 22.0 19.0 18.0 20.0 18.0 19.0 20.0 19.0 18.0 19.0 18.0 18.0 19.0 18.0 18.0 19.0 20.0 19.0 18.0 18.0 18.0 18.0 19.0 19.0 19.0 18.0 18.0 20.0 18.0 18.0 19.0 19.0 19.0 18.0 18.0 18.0 19.0 20.0 18.0 19.0 18.0 18.0 18.0 18.0 20.0 18.0 18.0 18.0 20.0 17.0 18.0 24.0 42.0 18.0
25 26 1 TRACE 21.0 9.0 9.0 10.0 9.0 9.0 8.0 11.0 9.0 10.0 9.0 9.0 9.0 9.0 9.0 8.0 9.0 9.0 11.0 9.0 10.0 9.0 9.0 9.0 9.0 9.0 9.0 10.0 9.0 9.0 9.0 9.0 8.0 9.0 9.0 8.0 9.0 9.0 9.0 10.0 9.0 10.0 8.0 9.0 9.0 9.0 9.0 8.0 8.0 9.0 10.0 9.0 9.0 9.0 9.0 9.0 9.0 8.0 10.0 10.0 9.0 9.0 9.0 9.0 8.0 9.0 8.0 9.0 10.0 9.0 9.0 9.0 9.0 8.0 9.0 21.0 9.0 9.0 9.0 9.0 9.0 9.0 9.0 9.0 9.0 9.0 9.0 9.0 9.0 9.0 9.0 9.0 9.0 8.0 9.0 9.0 9.0 10.0 9.0 9.0 9.0 8.0 9.0 9.0 9.0 9.0 9.0 10.0 9.0 9.0 10.0 10.0 8.0 8.0 9.0 8.0 9.0 9.0 8.0 9.0 10.0 9.0 21.0 9.0 9.0 9.0 9.0 9.0 9.0 9.0 10.0 10.0 9.0 10.0 9.0 9.0 8.0 9.0 9.0 9.0 9.0 9.0 9.0 9.0 11.0 9.0 8.0 9.0 9.0 9.0 9.0 9.0 9.0 10.0 9.0 10.0 9.0 9.0 9.0 9.0 9.0 9.0 9.0 10.0 9.0 10.0 9.0 11.0 8.0 9.0 9.0 8.0 9.0 9.0 9.0 10.0 9.0 9.0 9.0 10.0 9.0 8.0 10.0 9.0
26 27 1 TRACE 11.0 7.0 7.0 7.0 8.0 7.0 7.0 8.0 8.0 8.0 8.0 8.0 7.0 8.0 7.0 7.0 7.0 8.0 9.0 8.0 8.0 7.0 7.0 7.0 7.0 8.0 8.0 8.0 8.0 8.0 7.0 8.0 7.0 8.0 7.0 7.0 7.0 8.0 8.0 8.0 8.0 8.0 7.0 7.0 7.0 19.0 7.0 7.0 7.0 7.0 8.0 8.0 8.0 8.0 8.0 8.0 8.0 7.0 8.0 8.0 8.0 8.0 8.0 7.0 7.0 7.0 7.0 7.0 8.0 7.0 8.0 7.0 7.0 7.0 7.0 18.0 8.0 7.0 7.0 10.0 7.0 7.0 7.0 8.0 8.0 8.0 7.0 8.0 7.0 8.0 8.0 7.0 8.0 7.0 8.0 8.0 8.0 8.0 8.0 8.0 8.0 7.0 7.0 8.0 7.0 8.0 8.0 8.0 7.0 8.0 9.0 9.0 7.0 7.0 7.0 7.0 8.0 7.0 7.0 8.0 8.0 9.0 8.0 10.0 7.0 7.0 8.0 8.0 8.0 8.0 8.0 8.0 8.0 8.0 8.0 8.0 7.0 7.0 7.0 7.0 7.0 8.0 7.0 8.0 8.0 8.0 7.0 8.0 7.0 8.0 8.0 8.0 8.0 8.0 8.0 8.0 8.0 8.0 7.0 8.0 8.0 7.0 7.0 8.0 8.0 8.0 8.0 9.0 7.0 8.0 8.0 7.0 8.0 7.0 8.0 8.0 8.0 8.0 7.0 8.0 8.0 7.0 8.0 7.0
27 28 1 TRACE 11.0 7.0 7.0 8.0 7.0 8.0 8.0 19.0 7.0 8.0 8.0 7.0 7.0 7.0 7.0 8.0 8.0 7.0 8.0 7.0 7.0 8.0 8.0 7.0 7.0 7.0 8.0 8.0 8.0 8.0 8.0 7.0 7.0 7.0 8.0 8.0 7.0 7.0 7.0 8.0 8.0 8.0 8.0 8.0 7.0 8.0 8.0 8.0 8.0 7.0 7.0 8.0 8.0 7.0 7.0 7.0 7.0 8.0 8.0 8.0 7.0 7.0 7.0 8.0 8.0 7.0 8.0 7.0 8.0 7.0 8.0 8.0 7.0 8.0 7.0 7.0 7.0 7.0 8.0 8.0 7.0 7.0 8.0 8.0 8.0 8.0 7.0 7.0 8.0 7.0 7.0 8.0 7.0 8.0 8.0 8.0 8.0 8.0 8.0 8.0 8.0 8.0 7.0 8.0 8.0 7.0 7.0 8.0 7.0 8.0 8.0 9.0 8.0 7.0 8.0 8.0 7.0 8.0 8.0 8.0 8.0 8.0 8.0 8.0 8.0 7.0 7.0 7.0 7.0 8.0 8.0 8.0 7.0 9.0 7.0 7.0 8.0 7.0 7.0 7.0 7.0 8.0 7.0 8.0 9.0 7.0 8.0 7.0 7.0 7.0 7.0 7.0 8.0 8.0 8.0 8.0 7.0 7.0 7.0 7.0 7.0 8.0 7.0 8.0 8.0 8.0 8.0 9.0 8.0 7.0 7.0 8.0 8.0 8.0 8.0 8.0 8.0 8.0 8.0 7.0 7.0 8.0 9.0 8.0
28 29 1 TRACE 12.0 9.0 8.0 8.0 8.0 8.0 8.0 9.0 8.0 9.0 9.0 8.0 8.0 8.0 8.0 8.0 8.0 8.0 10.0 8.0 9.0 8.0 8.0 8.0 9.0 8.0 9.0 9.0 9.0 8.0 8.0 8.0 8.0 8.0 8.0 8.0 8.0 9.0 9.0 9.0 9.0 9.0 8.0 8.0 8.0 9.0 8.0 8.0 8.0 8.0 8.0 9.0 9.0 8.0 9.0 9.0 8.0 8.0 9.0 9.0 8.0 8.0 8.0 8.0 8.0 8.0 8.0 8.0 9.0 9.0 9.0 8.0 8.0 8.0 8.0 9.0 9.0 8.0 8.0 9.0 8.0 8.0 8.0 9.0 9.0 8.0 8.0 8.0 8.0 8.0 8.0 8.0 8.0 8.0 9.0 9.0 9.0 9.0 9.0 9.0 9.0 8.0 9.0 8.0 8.0 8.0 8.0 8.0 8.0 9.0 9.0 10.0 8.0 8.0 8.0 8.0 8.0 8.0 8.0 9.0 9.0 9.0 9.0 9.0 8.0 8.0 8.0 8.0 8.0 13.0 9.0 9.0 8.0 9.0 8.0 9.0 9.0 8.0 8.0 8.0 8.0 9.0 8.0 8.0 10.0 8.0 8.0 8.0 8.0 8.0 8.0 8.0 9.0 9.0 9.0 9.0 8.0 8.0 9.0 9.0 8.0 8.0 8.0 9.0 9.0 9.0 9.0 10.0 8.0 8.0 8.0 8.0 8.0 8.0 9.0 8.0 8.0 9.0 8.0 9.0 8.0 8.0 9.0 8.0
29 30 1 TRACE 77.0 37.0 42.0 36.0 34.0 23.0 24.0 13.0 35.0 19.0 19.0 26.0 33.0 41.0 25.0 23.0 39.0 24.0 16.0 23.0 26.0 27.0 24.0 23.0 23.0 23.0 29.0 125.0 25.0 22.0 28.0 24.0 38.0 23.0 19.0 25.0 52.0 23.0 24.0 22.0 25.0 56.0 22.0 27.0 25.0 13.0 25.0 24.0 23.0 34.0 21.0 21.0 22.0 24.0 25.0 18.0 22.0 28.0 21.0 20.0 25.0 38.0 25.0 24.0 34.0 27.0 39.0 65.0 20.0 21.0 22.0 23.0 29.0 26.0 22.0 12.0 22.0 25.0 23.0 14.0 23.0 24.0 25.0 20.0 22.0 25.0 24.0 24.0 22.0 22.0 25.0 25.0 23.0 36.0 21.0 23.0 22.0 30.0 20.0 21.0 97.0 35.0 24.0 23.0 22.0 55.0 23.0 58.0 20.0 63.0 19.0 106.0 56.0 23.0 25.0 35.0 46.0 24.0 25.0 22.0 18.0 20.0 12.0 14.0 23.0 23.0 28.0 23.0 64.0 16.0 20.0 19.0 20.0 41.0 25.0 23.0 24.0 33.0 28.0 63.0 23.0 21.0 21.0 21.0 15.0 36.0 23.0 22.0 25.0 42.0 23.0 26.0 19.0 21.0 20.0 93.0 12.0 29.0 25.0 100.0 55.0 48.0 25.0 21.0 20.0 32.0 20.0 15.0 26.0 84.0 32.0 30.0 24.0 22.0 19.0 23.0 50.0 24.0 24.0 21.0 25.0 24.0 17.0 27.0
30 31 1 TRACE 21.0 15.0 13.0 23.0 13.0 12.0 8.0 14.0 13.0 14.0 13.0 13.0 14.0 13.0 13.0 9.0 13.0 13.0 9.0 13.0 13.0 13.0 13.0 13.0 8.0 8.0 13.0 15.0 14.0 13.0 13.0 12.0 13.0 8.0 13.0 13.0 8.0 12.0 13.0 14.0 13.0 14.0 8.0 8.0 8.0 14.0 12.0 8.0 8.0 13.0 9.0 13.0 13.0 8.0 13.0 9.0 13.0 13.0 9.0 13.0 13.0 8.0 8.0 13.0 12.0 9.0 7.0 12.0 13.0 13.0 13.0 8.0 14.0 13.0 31.0 13.0 8.0 13.0 13.0 13.0 13.0 13.0 30.0 9.0 8.0 13.0 9.0 12.0 16.0 13.0 14.0 8.0 8.0 26.0 13.0 13.0 13.0 8.0 14.0 13.0 46.0 12.0 13.0 12.0 13.0 13.0 12.0 8.0 13.0 13.0 9.0 39.0 13.0 8.0 12.0 13.0 15.0 13.0 13.0 14.0 14.0 8.0 13.0 13.0 13.0 8.0 13.0 8.0 53.0 9.0 14.0 13.0 8.0 24.0 14.0 8.0 12.0 13.0 8.0 13.0 13.0 13.0 13.0 14.0 14.0 12.0 8.0 12.0 13.0 9.0 12.0 13.0 14.0 13.0 14.0 10.0 13.0 13.0 8.0 47.0 15.0 8.0 12.0 13.0 9.0 14.0 14.0 15.0 13.0 13.0 8.0 13.0 8.0 13.0 13.0 9.0 14.0 13.0 8.0 8.0 13.0 8.0 24.0 13.0
31 32 1 TRACE 45.0 20.0 12.0 11.0 11.0 10.0 10.0 11.0 11.0 11.0 11.0 10.0 10.0 11.0 11.0 11.0 10.0 10.0 12.0 10.0 11.0 10.0 10.0 10.0 11.0 10.0 11.0 11.0 11.0 11.0 11.0 10.0 10.0 10.0 11.0 10.0 10.0 10.0 10.0 11.0 11.0 11.0 10.0 10.0 10.0 11.0 13.0 10.0 10.0 10.0 10.0 11.0 11.0 10.0 11.0 10.0 11.0 11.0 11.0 11.0 11.0 10.0 10.0 11.0 10.0 11.0 10.0 10.0 10.0 10.0 11.0 10.0 11.0 11.0 11.0 10.0 10.0 10.0 11.0 11.0 10.0 11.0 11.0 10.0 10.0 11.0 11.0 11.0 11.0 10.0 11.0 10.0 14.0 11.0 11.0 11.0 11.0 11.0 12.0 10.0 11.0 10.0 10.0 11.0 11.0 10.0 10.0 11.0 11.0 11.0 11.0 40.0 11.0 10.0 10.0 11.0 10.0 11.0 10.0 12.0 11.0 29.0 10.0 10.0 11.0 10.0 10.0 10.0 11.0 11.0 11.0 11.0 11.0 10.0 11.0 10.0 10.0 10.0 10.0 10.0 10.0 10.0 11.0 11.0 12.0 11.0 10.0 10.0 10.0 10.0 11.0 10.0 11.0 12.0 11.0 12.0 10.0 10.0 10.0 10.0 11.0 10.0 12.0 11.0 10.0 11.0 11.0 22.0 10.0 10.0 10.0 10.0 10.0 10.0 11.0 10.0 11.0 11.0 10.0 10.0 10.0 10.0 11.0 11.0
32 33 1 TRACE 24.0 14.0 17.0 23.0 13.0 14.0 13.0 15.0 13.0 14.0 14.0 14.0 38.0 14.0 14.0 14.0 14.0 13.0 15.0 13.0 14.0 13.0 13.0 15.0 14.0 14.0 14.0 15.0 14.0 14.0 14.0 59.0 13.0 13.0 13.0 13.0 13.0 13.0 14.0 15.0 14.0 15.0 13.0 13.0 13.0 14.0 38.0 13.0 13.0 13.0 14.0 14.0 14.0 13.0 13.0 14.0 13.0 24.0 14.0 14.0 14.0 13.0 13.0 13.0 13.0 24.0 13.0 28.0 14.0 14.0 13.0 13.0 13.0 14.0 15.0 13.0 13.0 13.0 13.0 15.0 13.0 14.0 15.0 15.0 14.0 14.0 13.0 13.0 15.0 13.0 14.0 13.0 15.0 14.0 14.0 14.0 14.0 14.0 14.0 14.0 37.0 13.0 13.0 14.0 13.0 15.0 13.0 19.0 13.0 14.0 14.0 17.0 15.0 13.0 14.0 13.0 13.0 13.0 13.0 13.0 14.0 16.0 14.0 14.0 13.0 13.0 13.0 14.0 48.0 15.0 14.0 15.0 14.0 15.0 13.0 13.0 14.0 13.0 21.0 13.0 27.0 14.0 17.0 14.0 15.0 29.0 13.0 13.0 15.0 23.0 14.0 14.0 14.0 14.0 14.0 16.0 13.0 13.0 14.0 14.0 13.0 13.0 13.0 15.0 13.0 14.0 15.0 25.0 13.0 14.0 13.0 13.0 13.0 13.0 14.0 14.0 14.0 13.0 13.0 14.0 13.0 12.0 21.0 14.0
33 34 1 TRACE 30.0 94.0 34.0 33.0 47.0 69.0 32.0 63.0 29.0 25.0 32.0 38.0 23.0 66.0 47.0 33.0 99.0 34.0 43.0 159.0 49.0 38.0 86.0 36.0 48.0 85.0 30.0 32.0 74.0 36.0 23.0 41.0 53.0 39.0 103.0 62.0 50.0 32.0 36.0 27.0 127.0 32.0 51.0 38.0 36.0 57.0 30.0 33.0 43.0 30.0 38.0 50.0 35.0 44.0 26.0 28.0 59.0 29.0 40.0 61.0 79.0 65.0 37.0 140.0 26.0 29.0 60.0 37.0 24.0 100.0 33.0 40.0 34.0 36.0 26.0 27.0 35.0 26.0 58.0 47.0 26.0 65.0 31.0 54.0 46.0 27.0 46.0 37.0 24.0 56.0 35.0 67.0 81.0 35.0 26.0 156.0 32.0 56.0 34.0 26.0 35.0 34.0 22.0 75.0 45.0 26.0 35.0 32.0 41.0 75.0 39.0 70.0 30.0 43.0 131.0 25.0 27.0 56.0 35.0 46.0 30.0 15.0 127.0 45.0 29.0 48.0 35.0 44.0 31.0 60.0 76.0 31.0 31.0 48.0 46.0 38.0 76.0 29.0 24.0 65.0 32.0 30.0 33.0 29.0 75.0 29.0 42.0 143.0 72.0 20.0 41.0 36.0 30.0 89.0 31.0 17.0 104.0 32.0 33.0 38.0 29.0 17.0 114.0 31.0 49.0 47.0 66.0 49.0 56.0 34.0 45.0 31.0 69.0 68.0 40.0 49.0 47.0 33.0 77.0 96.0 35.0 48.0 65.0 32.0
34 35 1 TRACE 689.0 53.0 65.0 35.0 44.0 36.0 34.0 38.0 41.0 93.0 48.0 35.0 33.0 119.0 44.0 34.0 38.0 34.0 49.0 72.0 34.0 35.0 37.0 29.0 14.0 39.0 34.0 35.0 38.0 35.0 33.0 36.0 36.0 34.0 40.0 35.0 38.0 46.0 36.0 34.0 94.0 16.0 15.0 36.0 34.0 174.0 34.0 15.0 66.0 15.0 35.0 35.0 49.0 37.0 15.0 35.0 35.0 33.0 34.0 205.0 80.0 15.0 35.0 92.0 15.0 16.0 36.0 36.0 33.0 38.0 35.0 34.0 166.0 35.0 30.0 33.0 16.0 34.0 36.0 34.0 33.0 38.0 34.0 16.0 36.0 15.0 37.0 35.0 34.0 37.0 36.0 15.0 36.0 35.0 41.0 710.0 34.0 38.0 35.0 34.0 37.0 46.0 33.0 38.0 88.0 33.0 15.0 34.0 36.0 36.0 36.0 36.0 34.0 35.0 37.0 15.0 34.0 36.0 35.0 35.0 15.0 36.0 53.0 33.0 16.0 48.0 36.0 36.0 36.0 35.0 38.0 34.0 49.0 35.0 34.0 36.0 139.0 33.0 35.0 93.0 34.0 34.0 36.0 29.0 34.0 34.0 35.0 38.0 34.0 34.0 35.0 41.0 35.0 41.0 34.0 37.0 41.0 32.0 35.0 34.0 35.0 145.0 38.0 34.0 29.0 46.0 37.0 33.0 35.0 36.0 35.0 15.0 35.0 235.0 57.0 35.0 35.0 35.0 15.0 342.0 33.0 46.0 79.0 33.0
35 36 1 TRACE 63.0 66.0 35.0 31.0 48.0 70.0 36.0 71.0 30.0 42.0 79.0 95.0 30.0 85.0 31.0 51.0 47.0 31.0 30.0 75.0 30.0 31.0 54.0 45.0 14.0 36.0 30.0 39.0 36.0 31.0 31.0 31.0 32.0 31.0 36.0 40.0 32.0 46.0 32.0 38.0 73.0 14.0 15.0 50.0 33.0 94.0 30.0 13.0 35.0 14.0 32.0 32.0 33.0 47.0 14.0 38.0 64.0 30.0 34.0 162.0 38.0 14.0 32.0 69.0 14.0 14.0 95.0 32.0 31.0 607.0 30.0 31.0 208.0 32.0 27.0 32.0 13.0 30.0 34.0 30.0 29.0 34.0 30.0 14.0 37.0 14.0 31.0 33.0 29.0 35.0 33.0 13.0 32.0 70.0 30.0 38.0 30.0 34.0 31.0 30.0 49.0 36.0 30.0 34.0 31.0 30.0 13.0 30.0 33.0 31.0 31.0 36.0 33.0 33.0 35.0 14.0 30.0 33.0 46.0 32.0 14.0 33.0 110.0 31.0 14.0 47.0 31.0 31.0 32.0 32.0 43.0 31.0 32.0 34.0 31.0 32.0 106.0 30.0 32.0 70.0 31.0 53.0 32.0 28.0 31.0 30.0 34.0 39.0 31.0 31.0 33.0 47.0 31.0 35.0 31.0 32.0 35.0 30.0 32.0 31.0 33.0 90.0 36.0 41.0 26.0 33.0 31.0 30.0 33.0 31.0 33.0 13.0 34.0 34.0 37.0 32.0 32.0 31.0 14.0 302.0 31.0 32.0 35.0 30.0
36 37 1 TRACE 81.0 665.0 24.0 24.0 45.0 24.0 33.0 54.0 49.0 24.0 33.0 24.0 25.0 55.0 24.0 26.0 62.0 39.0 26.0 91.0 68.0 23.0 84.0 42.0 69.0 48.0 22.0 41.0 71.0 23.0 23.0 37.0 55.0 25.0 80.0 23.0 23.0 31.0 37.0 26.0 104.0 52.0 89.0 46.0 31.0 52.0 35.0 67.0 29.0 62.0 35.0 38.0 24.0 27.0 53.0 24.0 47.0 44.0 40.0 45.0 24.0 59.0 29.0 108.0 54.0 72.0 31.0 25.0 24.0 56.0 23.0 23.0 36.0 35.0 23.0 72.0 80.0 23.0 51.0 25.0 62.0 51.0 27.0 36.0 62.0 74.0 35.0 37.0 24.0 36.0 24.0 75.0 35.0 28.0 25.0 102.0 23.0 39.0 42.0 23.0 30.0 40.0 23.0 61.0 22.0 28.0 50.0 29.0 54.0 25.0 27.0 62.0 26.0 33.0 101.0 56.0 42.0 48.0 24.0 94.0 57.0 27.0 150.0 22.0 62.0 30.0 32.0 41.0 31.0 28.0 42.0 24.0 25.0 60.0 62.0 27.0 66.0 23.0 24.0 51.0 23.0 37.0 65.0 53.0 32.0 33.0 28.0 111.0 65.0 28.0 52.0 24.0 24.0 66.0 24.0 27.0 98.0 43.0 24.0 37.0 27.0 24.0 83.0 22.0 40.0 51.0 35.0 23.0 47.0 39.0 36.0 50.0 28.0 60.0 22.0 33.0 60.0 27.0 103.0 44.0 31.0 23.0 43.0 38.0
37 38 1 TRACE 40.0 35.0 32.0 35.0 29.0 22.0 23.0 39.0 23.0 21.0 27.0 23.0 23.0 33.0 22.0 22.0 36.0 30.0 24.0 40.0 86.0 22.0 38.0 23.0 23.0 33.0 23.0 38.0 34.0 23.0 23.0 27.0 22.0 23.0 38.0 23.0 43.0 25.0 22.0 52.0 56.0 22.0 23.0 24.0 22.0 32.0 23.0 22.0 24.0 22.0 22.0 25.0 22.0 25.0 22.0 22.0 30.0 21.0 58.0 31.0 24.0 23.0 61.0 42.0 23.0 23.0 83.0 23.0 36.0 48.0 21.0 22.0 33.0 23.0 23.0 25.0 22.0 22.0 32.0 33.0 59.0 31.0 22.0 27.0 35.0 22.0 25.0 22.0 23.0 29.0 24.0 21.0 26.0 57.0 40.0 41.0 22.0 31.0 22.0 22.0 26.0 58.0 22.0 33.0 21.0 42.0 22.0 23.0 30.0 22.0 30.0 32.0 23.0 29.0 40.0 22.0 23.0 30.0 22.0 47.0 24.0 24.0 48.0 33.0 23.0 25.0 23.0 25.0 22.0 41.0 31.0 22.0 22.0 32.0 22.0 23.0 36.0 22.0 63.0 32.0 21.0 25.0 24.0 23.0 28.0 21.0 23.0 41.0 23.0 36.0 28.0 22.0 23.0 32.0 21.0 24.0 42.0 22.0 23.0 27.0 23.0 22.0 39.0 22.0 25.0 28.0 23.0 22.0 29.0 26.0 24.0 22.0 22.0 33.0 22.0 22.0 29.0 22.0 22.0 41.0 22.0 22.0 63.0 22.0
38 39 1 TRACE 32.0 29.0 19.0 19.0 19.0 27.0 18.0 20.0 19.0 19.0 20.0 20.0 19.0 20.0 19.0 20.0 20.0 20.0 19.0 20.0 20.0 20.0 21.0 25.0 19.0 20.0 29.0 28.0 36.0 19.0 20.0 20.0 18.0 19.0 20.0 21.0 19.0 20.0 19.0 19.0 21.0 20.0 19.0 36.0 19.0 21.0 21.0 19.0 19.0 19.0 34.0 20.0 19.0 20.0 20.0 19.0 20.0 18.0 20.0 21.0 38.0 20.0 22.0 21.0 24.0 18.0 29.0 18.0 18.0 19.0 18.0 43.0 20.0 19.0 20.0 19.0 19.0 20.0 22.0 18.0 67.0 20.0 19.0 34.0 60.0 19.0 20.0 19.0 19.0 18.0 31.0 19.0 20.0 20.0 21.0 20.0 18.0 19.0 19.0 19.0 25.0 20.0 19.0 20.0 19.0 19.0 19.0 19.0 20.0 19.0 55.0 22.0 27.0 22.0 60.0 18.0 19.0 20.0 19.0 21.0 19.0 20.0 54.0 20.0 20.0 19.0 18.0 20.0 23.0 34.0 30.0 19.0 19.0 19.0 18.0 22.0 20.0 19.0 60.0 19.0 19.0 19.0 19.0 20.0 21.0 18.0 20.0 20.0 20.0 30.0 22.0 30.0 56.0 33.0 19.0 20.0 54.0 19.0 18.0 19.0 19.0 19.0 20.0 18.0 20.0 20.0 19.0 19.0 19.0 19.0 19.0 53.0 39.0 20.0 19.0 33.0 21.0 19.0 19.0 20.0 19.0 19.0 19.0 18.0
39 25 1 TRACE 17.0 15.0 59.0 15.0 14.0 20.0 14.0 15.0 14.0 14.0 15.0 19.0 14.0 15.0 15.0 16.0 15.0 15.0 14.0 15.0 14.0 14.0 14.0 15.0 15.0 15.0 15.0 15.0 15.0 15.0 14.0 16.0 14.0 15.0 15.0 15.0 15.0 13.0 14.0 27.0 15.0 15.0 15.0 17.0 16.0 16.0 14.0 14.0 15.0 37.0 14.0 14.0 14.0 15.0 15.0 14.0 18.0 15.0
39 40 1 TRACE 27.0 41.0 22.0 49.0 22.0 22.0 23.0 22.0 47.0 34.0 22.0 42.0 24.0 24.0 23.0 22.0 23.0 22.0 81.0 21.0 22.0 23.0 22.0 22.0 22.0 21.0 22.0 22.0 55.0 27.0 21.0 21.0 32.0 23.0 42.0 21.0 21.0 22.0 21.0 59.0 22.0 23.0 22.0 21.0 23.0 21.0 21.0 21.0 22.0 20.0 29.0 22.0 22.0 21.0 24.0 23.0 22.0 22.0 27.0 21.0 27.0 23.0 37.0 23.0
39 51 1 TRACE 30.0 22.0 23.0 21.0 22.0 24.0 22.0 61.0 22.0 21.0 33.0 23.0 22.0 21.0 22.0 22.0 22.0 28.0 36.0 32.0 22.0 21.0 56.0 22.0 38.0 21.0 33.0 21.0 36.0 47.0 22.0 37.0 21.0 22.0 31.0 21.0 21.0 55.0 21.0 21.0 21.0 37.0 34.0 22.0 21.0 22.0 21.0 22.0 22.0 21.0 34.0 22.0 22.0 48.0 22.0 22.0 25.0 59.0 27.0 21.0 22.0 22.0
40 41 1 TRACE 40.0 22.0 25.0 20.0 26.0 30.0 35.0 33.0 26.0 31.0 19.0 32.0 19.0 41.0 17.0 25.0 17.0 19.0 17.0 22.0 26.0 37.0 18.0 31.0 19.0 18.0 38.0 25.0 18.0 18.0 21.0 18.0 39.0 25.0 18.0 25.0 18.0 21.0 26.0 37.0 22.0 19.0 37.0 18.0 18.0 25.0 25.0 28.0 25.0 19.0 19.0 37.0 20.0 27.0 35.0 19.0 33.0 21.0 22.0 17.0 28.0 22.0 23.0 24.0
41 42 1 TRACE 15.0 10.0 10.0 11.0 11.0 10.0 10.0 11.0 10.0 12.0 13.0 10.0 10.0 11.0 10.0 10.0 12.0 11.0 11.0 11.0 10.0 22.0 10.0 10.0 11.0 11.0 10.0 12.0 11.0 11.0 11.0 11.0 10.0 11.0 11.0 10.0 11.0 10.0 11.0 12.0 13.0 11.0 10.0 11.0 11.0 10.0 10.0 12.0 10.0 10.0 12.0 10.0 11.0 11.0 11.0 10.0 11.0 10.0 10.0 10.0 10.0 11.0 11.0 12.0 10.0 10.0 11.0 11.0 10.0 11.0 10.0 10.0 11.0 11.0 10.0 11.0 11.0 10.0 11.0 11.0 12.0 12.0 12.0 11.0 10.0 11.0 11.0 10.0 11.0 11.0 13.0 11.0 10.0 10.0 10.0 10.0 12.0 10.0 10.0 11.0 10.0 11.0 11.0 10.0 11.0 11.0 10.0 10.0 10.0 10.0 10.0 10.0 11.0 11.0 10.0 10.0 10.0 11.0 11.0 10.0 11.0 13.0 10.0 11.0 11.0 10.0 10.0 11.0 10.0 11.0 12.0 11.0 15.0 11.0 10.0 11.0 10.0 11.0 10.0 10.0 11.0 11.0 11.0 14.0 11.0 11.0 12.0 11.0 11.0 11.0 10.0 10.0 11.0 11.0 11.0 11.0 11.0 11.0 12.0 10.0 10.0 11.0 10.0 11.0 12.0 10.0 11.0 13.0 11.0 11.0 10.0 10.0 11.0 24.0 10.0 10.0 10.0 11.0 11.0 11.0 11.0 10.0 11.0 10.0 10.0 12.0 10.0 10.0 10.0 12.0 10.0 11.0 11.0 10.0 11.0 11.0 10.0 12.0 12.0 10.0
42 43 1 TRACE 14.0 9.0 10.0 10.0 10.0 9.0 10.0 10.0 10.0 10.0 12.0 10.0 11.0 10.0 10.0 9.0 10.0 9.0 10.0 9.0 10.0 21.0 10.0 10.0 10.0 10.0 10.0 11.0 10.0 11.0 10.0 10.0 10.0 10.0 12.0 10.0 10.0 10.0 10.0 10.0 11.0 10.0 10.0 10.0 9.0 10.0 10.0 10.0 10.0 10.0 10.0 10.0 9.0 10.0 11.0 10.0 9.0 10.0 10.0 10.0 10.0 10.0 10.0 11.0 11.0 10.0 9.0 12.0 10.0 10.0 10.0 10.0 10.0 10.0 10.0 9.0 9.0 10.0 10.0 10.0 10.0 10.0 11.0 12.0 9.0 10.0 9.0 10.0 10.0 10.0 10.0 10.0 10.0 10.0 10.0 10.0 10.0 10.0 10.0 10.0 10.0 11.0 11.0 10.0 11.0 11.0 11.0 10.0 10.0 10.0 10.0 10.0 21.0 10.0 10.0 10.0 10.0 10.0 11.0 10.0 10.0 11.0 9.0 10.0 10.0 9.0 10.0 9.0 10.0 11.0 11.0 10.0 11.0 10.0 10.0 10.0 10.0 9.0 10.0 10.0 9.0 9.0 11.0 10.0 10.0 10.0 11.0 9.0 10.0 10.0 9.0 10.0 10.0 9.0 10.0 10.0 10.0 10.0 10.0 10.0 9.0 12.0 10.0 9.0 10.0 9.0 10.0 11.0 10.0 10.0 10.0 9.0 9.0 10.0 10.0 10.0 10.0 9.0 11.0 10.0 10.0 10.0 10.0 9.0 10.0 11.0 9.0 9.0 9.0 10.0 10.0 10.0 10.0 10.0 9.0 9.0 9.0 10.0 10.0 9.0
43 44 1 TRACE 12.0 8.0 7.0 8.0 8.0 8.0 8.0 8.0 8.0 8.0 9.0 8.0 8.0 8.0 8.0 8.0 8.0 8.0 8.0 8.0 8.0 8.0 8.0 8.0 8.0 8.0 8.0 8.0 9.0 8.0 8.0 8.0 8.0 8.0 8.0 8.0 8.0 8.0 9.0 8.0 8.0 9.0 8.0 8.0 10.0 7.0 8.0 8.0 7.0 8.0 9.0 7.0 8.0 8.0 8.0 9.0 8.0 8.0 8.0 8.0 8.0 8.0 8.0 9.0 8.0 8.0 8.0 8.0 8.0 8.0 8.0 8.0 9.0 8.0 8.0 8.0 8.0 7.0 8.0 7.0 8.0 8.0 9.0 8.0 8.0 7.0 8.0 8.0 9.0 8.0 8.0 8.0 8.0 8.0 8.0 8.0 9.0 8.0 8.0 8.0 7.0 8.0 8.0 8.0 9.0 8.0 8.0 8.0 8.0 8.0 7.0 8.0 8.0 8.0 8.0 8.0 7.0 9.0 8.0 9.0 8.0 8.0 8.0 13.0 8.0 8.0 8.0 8.0 8.0 9.0 8.0 8.0 9.0 8.0 8.0 8.0 8.0 8.0 8.0 8.0 8.0 8.0 9.0 9.0 8.0 8.0 8.0 8.0 10.0 8.0 8.0 8.0 8.0 8.0 9.0 9.0 8.0 8.0 8.0 8.0 8.0 9.0 7.0 8.0 8.0 8.0 9.0 8.0 8.0 8.0 8.0 8.0 8.0 8.0 8.0 8.0 8.0 8.0 9.0 9.0 8.0 8.0 7.0 8.0 8.0 8.0 9.0 8.0 8.0 8.0 8.0 8.0 8.0 9.0 8.0 8.0 8.0 8.0 8.0 8.0
44 45 1 TRACE 34.0 16.0 17.0 25.0 41.0 16.0 19.0 16.0 17.0 59.0 16.0 17.0 19.0 15.0 18.0 29.0 16.0 16.0 20.0 24.0 23.0 17.0 16.0 19.0 22.0 16.0 30.0 15.0 14.0 14.0 23.0 47.0 27.0 19.0 15.0 15.0 16.0 17.0 15.0 16.0 15.0 14.0 22.0 18.0 15.0 15.0 21.0 18.0 18.0 19.0 14.0 18.0 17.0 17.0 15.0 15.0 54.0 46.0 16.0 17.0 91.0 17.0 19.0 15.0 15.0 22.0 20.0 24.0 17.0 17.0 17.0 17.0 16.0 15.0 15.0 34.0 16.0 17.0 18.0 15.0 18.0 17.0 15.0 15.0 17.0 20.0 16.0 17.0 24.0 14.0 14.0 14.0 20.0 92.0 19.0 30.0 16.0 17.0 20.0 16.0 17.0 16.0 14.0 15.0 35.0 44.0 34.0 18.0 18.0 43.0 57.0 17.0 22.0 18.0 16.0 17.0 19.0 26.0 37.0 15.0 16.0 15.0 21.0 38.0 16.0 16.0 19.0 15.0 17.0 33.0 16.0 14.0 14.0 21.0 36.0 46.0 19.0 54.0 17.0 17.0 15.0 17.0 33.0 14.0 23.0 19.0 15.0 19.0 15.0 15.0 17.0 19.0 17.0 17.0 36.0 102.0 15.0 21.0 16.0 74.0 20.0 13.0 17.0 18.0 16.0 16.0 16.0 15.0 15.0 28.0 36.0 24.0 19.0 16.0 17.0 95.0 17.0 19.0 18.0 15.0 15.0 24.0 16.0 19.0 22.0 15.0 15.0 17.0 19.0 20.0 17.0 16.0 16.0 15.0 36.0 16.0 15.0 17.0 16.0 30.0
45 46 1 TRACE 18.0 134.0 12.0 13.0 15.0 13.0 13.0 13.0 12.0 14.0 14.0 13.0 13.0 51.0 13.0 15.0 13.0 13.0 13.0 14.0 14.0 14.0 13.0 14.0 13.0 13.0 14.0 13.0 13.0 12.0 13.0 13.0 13.0 13.0 13.0 13.0 13.0 13.0 13.0 13.0 14.0 13.0 13.0 13.0 13.0 13.0 13.0 14.0 13.0 13.0 13.0 12.0 13.0 13.0 13.0 13.0 14.0 13.0 12.0 12.0 14.0 13.0 12.0 25.0 12.0 13.0 13.0 13.0 13.0 13.0 13.0 12.0 14.0 13.0 13.0 13.0 12.0 12.0 12.0 13.0 12.0 13.0 14.0 13.0 13.0 13.0 13.0 12.0 13.0 12.0 13.0 12.0 13.0 46.0 13.0 13.0 13.0 13.0 13.0 12.0 13.0 17.0 13.0 12.0 14.0 13.0 13.0 14.0 13.0 13.0 53.0 13.0 13.0 13.0 12.0 13.0 14.0 13.0 13.0 12.0 13.0 13.0 14.0 14.0 13.0 12.0 13.0 13.0 13.0 13.0 14.0 14.0 13.0 14.0 12.0 13.0 13.0 13.0 12.0 12.0 13.0 12.0 14.0 14.0 14.0 13.0 13.0 13.0 29.0 14.0 12.0 14.0 16.0 13.0 13.0 25.0 13.0 13.0 13.0 50.0 13.0 12.0 13.0 13.0 13.0 13.0 14.0 13.0 13.0 13.0 12.0 12.0 13.0 12.0 13.0 14.0 13.0 12.0 14.0 13.0 13.0 13.0 13.0 13.0 13.0 13.0 13.0 13.0 13.0 12.0 12.0 13.0 13.0 12.0 14.0 13.0 13.0 13.0 13.0 12.0
46 47 1 TRACE 86.0 47.0 33.0 122.0 35.0 32.0 96.0 45.0 41.0 102.0 46.0 31.0 72.0 36.0 31.0 64.0 63.0 31.0 66.0 33.0 29.0 65.0 33.0 30.0 75.0 36.0 31.0 77.0 34.0 32.0 100.0 37.0 32.0 67.0 33.0 32.0 137.0 42.0 32.0 97.0 33.0 35.0 102.0 55.0 43.0 33.0 75.0 36.0 52.0 98.0 51.0 33.0 31.0 100.0 42.0 31.0 113.0 49.0 48.0 33.0 89.0 54.0 44.0 86.0 72.0 31.0 90.0 30.0 34.0 104.0 42.0 32.0 71.0 34.0 31.0 98.0 42.0 79.0 98.0 53.0 35.0 38.0 80.0 38.0 33.0 76.0 36.0 33.0 124.0 62.0 32.0 32.0 98.0 42.0 30.0 109.0 37.0 31.0 99.0 47.0 31.0 63.0 34.0 31.0 125.0 35.0 31.0 97.0 42.0 29.0 72.0 39.0 29.0 99.0 64.0 32.0 30.0 105.0 37.0 44.0 74.0 36.0 33.0 65.0 33.0 32.0 86.0 83.0 32.0 103.0 52.0 48.0 68.0 60.0 35.0 29.0 105.0 43.0 32.0 123.0 44.0 33.0 82.0 35.0 41.0 76.0 36.0 48.0 71.0 32.0 32.0 76.0 34.0 32.0 106.0 44.0 35.0 96.0 40.0 30.0 63.0 31.0 32.0 96.0 38.0 31.0 76.0 52.0 47.0 61.0 39.0 48.0 94.0 37.0 31.0 63.0 33.0 30.0 98.0 82.0 31.0 82.0 54.0 44.0 96.0 54.0 32.0 30.0 70.0 34.0 32.0 104.0 36.0 31.0 79.0 72.0 56.0 124.0 37.0 29.0
47 48 1 TRACE 12.0 12.0 11.0 8.0 12.0 10.0 8.0 10.0 16.0 8.0 13.0 10.0 8.0 12.0 10.0 8.0 9.0 9.0 8.0 11.0 11.0 8.0 9.0 10.0 8.0 12.0 12.0 8.0 10.0 10.0 9.0 10.0 20.0 8.0 10.0 9.0 8.0 14.0 10.0 8.0 9.0 10.0 8.0 9.0 9.0 8.0 9.0 10.0 8.0 9.0 9.0 7.0 13.0 10.0 8.0 14.0 12.0 7.0 9.0 10.0 8.0 10.0 10.0 8.0 12.0 11.0 8.0 12.0 10.0 8.0 11.0 9.0 8.0 9.0 10.0 8.0 9.0 10.0 9.0 10.0 10.0 8.0 10.0 11.0 8.0 10.0 10.0 9.0 10.0 11.0 8.0 14.0 41.0 8.0 11.0 10.0 7.0 9.0 10.0 8.0 11.0 10.0 8.0 9.0 10.0 8.0 10.0 10.0 8.0 9.0 10.0 8.0 12.0 15.0 8.0 10.0 32.0 9.0 10.0 10.0 8.0 9.0 10.0 9.0 9.0 10.0 8.0 9.0 17.0 8.0 9.0 9.0 7.0 10.0 10.0 8.0 10.0 10.0 8.0 9.0 11.0 7.0 9.0 9.0 8.0 9.0 10.0 8.0 13.0 12.0 9.0 10.0 20.0 8.0 9.0 9.0 8.0 9.0 9.0 8.0 10.0 11.0 9.0 10.0 10.0 8.0 10.0 10.0 8.0 9.0 12.0 8.0 12.0 10.0 8.0 10.0 9.0 8.0 9.0 10.0 8.0 10.0 10.0 8.0 9.0 20.0 8.0 10.0 10.0 7.0 15.0 10.0 8.0 11.0 11.0 7.0 12.0 11.0 9.0 10.0 10.0 8.0 20.0 10.0 8.0 9.0 10.0 8.0 9.0 10.0 8.0 10.0 12.0 8.0 9.0 10.0 9.0 10.0 10.0 8.0 11.0 10.0 8.0 10.0 10.0 8.0 9.0 10.0 8.0 9.0 10.0 8.0 9.0 10.0 8.0 9.0 13.0 8.0 29.0 11.0 8.0 9.0 10.0 8.0 9.0 10.0 9.0 21.0 10.0 8.0 9.0 10.0 8.0 10.0 9.0 8.0 11.0 11.0 7.0 9.0 10.0 8.0 9.0 10.0 9.0 10.0 10.0 8.0 10.0 10.0 8.0 9.0 9.0 8.0 10.0 10.0 8.0 13.0 31.0 8.0 12.0 10.0 8.0 9.0 9.0 9.0 10.0 10.0 7.0 9.0 10.0 8.0 10.0 10.0 8.0 10.0 11.0 8.0 9.0 10.0 8.0 10.0 9.0 9.0 9.0 11.0 8.0 9.0 9.0 8.0 10.0 10.0 8.0 10.0 13.0 8.0 10.0 10.0 8.0 10.0 10.0 8.0 13.0 12.0 7.0 11.0 10.0 8.0 12.0 10.0 8.0 13.0 10.0 9.0 10.0 10.0 8.0 10.0 9.0 8.0 16.0 14.0 8.0 9.0 10.0 8.0 12.0 10.0 8.0 10.0 10.0 9.0 9.0 10.0 8.0 9.0 10.0 9.0 10.0 10.0 8.0 9.0 10.0 8.0 31.0 11.0 7.0 9.0 10.0 9.0 10.0 10.0 8.0 10.0 10.0 8.0 9.0 10.0 8.0 12.0 15.0 8.0 9.0 11.0 8.0 9.0 10.0 8.0 10.0 17.0 8.0 10.0 10.0 9.0 10.0 10.0 9.0 10.0 10.0 8.0 27.0 12.0 7.0 16.0 10.0 8.0 10.0 9.0 9.0 9.0 10.0 8.0 10.0 11.0 7.0 11.0 10.0 8.0 13.0 11.0 8.0 9.0 10.0 8.0 9.0 9.0 8.0 9.0 10.0 8.0 10.0 10.0 9.0 10.0 10.0 8.0 9.0 11.0 8.0 9.0 10.0 8.0 9.0 10.0 9.0 10.0 11.0 8.0 10.0 10.0 8.0 9.0 10.0 8.0 10.0 9.0 8.0 12.0 10.0 8.0 9.0 9.0 8.0 10.0 10.0 8.0 9.0 9.0 8.0 10.0 10.0 8.0 9.0 10.0 7.0 9.0 10.0 8.0 9.0 20.0 8.0 9.0 10.0 8.0 20.0 10.0 8.0 9.0 10.0 8.0 10.0 10.0 8.0 9.0 11.0 7.0 10.0 10.0 9.0 10.0 10.0 9.0 10.0 10.0 8.0 10.0 10.0 8.0 11.0 10.0 8.0 9.0 12.0 8.0 10.0 10.0 13.0 11.0 10.0 8.0 10.0 10.0 8.0 9.0 10.0 8.0 10.0 9.0 8.0 9.0 9.0 8.0 9.0 22.0 8.0 10.0 10.0 9.0 10.0 10.0 8.0 9.0 15.0 8.0 12.0 10.0 8.0 9.0 11.0 8.0 45.0 11.0 7.0 11.0 10.0 9.0 10.0 13.0 8.0 9.0 10.0 8.0 10.0 10.0 8.0 10.0 10.0 8.0 9.0 10.0 20.0 10.0 10.0 8.0 9.0 10.0 8.0 10.0 10.0 8.0 10.0 10.0 7.0 9.0 10.0 8.0 9.0 10.0 8.0 10.0 10.0 8.0 9.0 11.0 8.0 12.0 10.0 8.0 9.0 9.0
48 49 1 TRACE 16.0 25.0 15.0 8.0 10.0 10.0 8.0 10.0 9.0 12.0 19.0 14.0 8.0 11.0 10.0 8.0 10.0 9.0 12.0 19.0 13.0 8.0 12.0 10.0 7.0 10.0 10.0 12.0 19.0 13.0 9.0 24.0 11.0 7.0 10.0 10.0 12.0 19.0 12.0 8.0 11.0 11.0 8.0 10.0 10.0 12.0 20.0 13.0 7.0 10.0 10.0 7.0 10.0 10.0 11.0 35.0 15.0 7.0 11.0 10.0 7.0 10.0 10.0 11.0 18.0 13.0 8.0 11.0 11.0 8.0 9.0 10.0 12.0 20.0 13.0 8.0 11.0 11.0 8.0 10.0 10.0 12.0 19.0 14.0 8.0 10.0 10.0 8.0 10.0 10.0 11.0 19.0 16.0 8.0 11.0 11.0 7.0 9.0 10.0 11.0 17.0 13.0 8.0 10.0 10.0 8.0 10.0 9.0 11.0 21.0 15.0 8.0 13.0 24.0 8.0 9.0 9.0 11.0 18.0 12.0 8.0 10.0 10.0 8.0 10.0 10.0 9.0 20.0 12.0 9.0 19.0 12.0 7.0 11.0 9.0 8.0 10.0 10.0 12.0 20.0 14.0 7.0 11.0 15.0 7.0 11.0 20.0 10.0 19.0 14.0 10.0 19.0 11.0 8.0 10.0 9.0 7.0 10.0 10.0 12.0 19.0 13.0 9.0 12.0 12.0 8.0 9.0 9.0 10.0 19.0 13.0 9.0 17.0 12.0 8.0 10.0 10.0 7.0 9.0 10.0 12.0 19.0 13.0 8.0 12.0 12.0 7.0 10.0 10.0 12.0 18.0 13.0 8.0 11.0 11.0 7.0 10.0 10.0 11.0 18.0 12.0 7.0 11.0 10.0 7.0 11.0 10.0 12.0 20.0 13.0 8.0 12.0 12.0 7.0 10.0 46.0 12.0 18.0 12.0 9.0 10.0 11.0 8.0 10.0 10.0 11.0 19.0 13.0 8.0 13.0 15.0 7.0 10.0 10.0 10.0 20.0 13.0 10.0 17.0 29.0 7.0 10.0 21.0 7.0 10.0 10.0 13.0 18.0 13.0 8.0 11.0 11.0 8.0 10.0 9.0 12.0 18.0 13.0 7.0 11.0 11.0 7.0 9.0 10.0 11.0 19.0 15.0 9.0 19.0 12.0 8.0 9.0 9.0 8.0 10.0 9.0 11.0 18.0 16.0 9.0 13.0 11.0 8.0 10.0 10.0 13.0 30.0 14.0 8.0 12.0 11.0 7.0 10.0 10.0 12.0 19.0 13.0 9.0 12.0 11.0 7.0 10.0 10.0 11.0 18.0 13.0 8.0 10.0 10.0 8.0 10.0 9.0 13.0 23.0 15.0 8.0 10.0 11.0 8.0 10.0 9.0 11.0 19.0 14.0 8.0 13.0 11.0 8.0 9.0 10.0 12.0 18.0 13.0 9.0 10.0 10.0 7.0 9.0 9.0 9.0 19.0 13.0 10.0 19.0 13.0 7.0 11.0 10.0 8.0 10.0 10.0 13.0 18.0 13.0 8.0 11.0 11.0 8.0 10.0 47.0 12.0 18.0 13.0 8.0 11.0 10.0 7.0 11.0 10.0 11.0 18.0 12.0 8.0 10.0 10.0 8.0 10.0 10.0 12.0 18.0 13.0 8.0 11.0 11.0 7.0 10.0 10.0 10.0 19.0 14.0 10.0 18.0 12.0 8.0 9.0 9.0 9.0 10.0 9.0 10.0 19.0 13.0 7.0 10.0 10.0 8.0 9.0 10.0 12.0 19.0 97.0 8.0 13.0 12.0 7.0 9.0 9.0 11.0 18.0 14.0 9.0 13.0 12.0 7.0 10.0 9.0 12.0 19.0 14.0 8.0 11.0 11.0 8.0 9.0 10.0 12.0 19.0 13.0 8.0 11.0 10.0 7.0 11.0 10.0 13.0 19.0 23.0 7.0 11.0 10.0 8.0 10.0 10.0 12.0 19.0 13.0 8.0 10.0 11.0 8.0 10.0 9.0 11.0 19.0 14.0 9.0 13.0 12.0 8.0 9.0 10.0 12.0 20.0 13.0 8.0 11.0 11.0 7.0 10.0 11.0 10.0 34.0 12.0 8.0 9.0 10.0 7.0 10.0 10.0 12.0 19.0 13.0 8.0 11.0 11.0 7.0 10.0 10.0 13.0 18.0 13.0 8.0 10.0 11.0 8.0 9.0 10.0 11.0 18.0 14.0 7.0 12.0 19.0 7.0 10.0 10.0 36.0 19.0 14.0 8.0 11.0 11.0 7.0 10.0 10.0 11.0 19.0 13.0 8.0 14.0 10.0 7.0 10.0 10.0 12.0 19.0 13.0 9.0 12.0 11.0 8.0 10.0 11.0 12.0 19.0 31.0 8.0 23.0 11.0 8.0 12.0 10.0 9.0 19.0 32.0 11.0 37.0 13.0 7.0 10.0 10.0 8.0 10.0 10.0 12.0 18.0 12.0 8.0 11.0 10.0 8.0 10.0 10.0 13.0 18.0 13.0 9.0 11.0 11.0 8.0 9.0 11.0 12.0 18.0 13.0 8.0 11.0 11.0 7.0 10.0 10.0 12.0 19.0 13.0 8.0 11.0 11.0 8.0 22.0 10.0
49 47 1 TRACE 50.0 36.0 19.0 23.0 17.0 16.0 54.0 65.0 20.0 22.0 16.0 17.0 41.0 33.0 21.0 19.0 31.0 34.0 61.0 46.0 29.0 46.0 16.0 16.0 41.0 32.0 21.0 19.0 16.0 17.0 38.0 32.0 19.0 23.0 70.0 15.0 55.0 46.0 43.0 18.0 16.0 16.0 40.0 32.0 21.0 18.0 19.0 16.0 42.0 33.0 22.0 20.0 17.0 16.0 42.0 32.0 19.0 19.0 16.0 16.0 96.0 45.0 23.0 22.0 17.0 16.0 74.0 30.0 19.0 18.0 17.0 16.0 63.0 50.0 28.0 59.0 16.0 17.0 34.0 30.0 18.0 18.0 16.0 16.0 86.0 58.0 31.0 29.0 17.0 16.0 16.0 15.0 42.0 34.0 22.0 21.0 19.0 17.0 66.0 58.0 30.0 26.0 18.0 17.0 18.0 16.0 58.0 44.0 26.0 25.0 17.0 17.0 67.0 61.0 29.0 28.0 17.0 17.0 21.0 17.0 46.0 38.0 24.0 22.0 17.0 16.0 41.0 37.0 27.0 20.0 19.0 15.0 34.0 29.0 46.0 17.0 17.0 16.0 58.0 46.0 25.0 24.0 17.0 16.0 47.0 34.0 19.0 20.0 16.0 17.0 57.0 44.0 24.0 25.0 17.0 16.0 69.0 59.0 32.0 28.0 26.0 18.0 46.0 16.0 43.0 35.0 21.0 21.0 17.0 17.0 42.0 35.0 21.0 20.0 16.0 16.0 70.0 62.0 30.0 27.0 17.0 17.0 16.0 17.0 63.0 49.0 27.0 36.0 16.0 17.0 54.0 46.0 24.0 22.0 53.0 16.0 59.0 45.0 26.0 24.0 17.0 16.0 33.0 30.0 17.0 18.0 16.0 16.0 55.0 40.0 21.0 22.0 21.0 16.0 61.0 48.0 28.0 25.0 23.0 34.0 39.0 34.0 20.0 20.0 15.0 16.0 69.0 63.0 34.0 32.0 55.0 17.0 17.0 16.0 50.0 42.0 22.0 23.0 16.0 17.0 41.0 35.0 20.0 19.0 26.0 17.0 33.0 30.0 18.0 17.0 16.0 16.0 51.0 39.0 22.0 21.0 16.0 16.0 97.0 56.0 31.0 28.0 17.0 18.0 16.0 16.0 33.0 28.0 20.0 19.0 15.0 16.0 57.0 46.0 26.0 23.0 19.0 16.0 61.0 48.0 28.0 24.0 17.0 16.0 44.0 35.0 21.0 22.0 16.0 16.0 42.0 35.0 21.0 20.0 19.0 18.0 39.0 31.0 20.0 18.0 17.0 16.0 42.0 35.0 19.0 20.0 16.0 17.0 78.0 49.0 27.0 24.0 20.0 16.0 53.0 43.0 23.0 22.0 26.0 17.0 33.0 28.0 19.0 17.0 16.0 16.0 52.0 41.0 24.0 22.0 16.0 16.0 41.0 34.0 20.0 20.0 16.0 16.0 36.0 31.0 65.0 20.0 39.0 16.0 57.0 41.0 24.0 23.0 17.0 17.0 36.0 31.0 19.0 19.0 52.0 16.0 51.0 38.0 24.0 22.0 17.0 17.0 43.0 37.0 24.0 19.0 17.0 16.0 72.0 63.0 31.0 25.0 17.0 17.0 17.0 16.0 39.0 31.0 19.0 19.0 17.0 16.0 47.0 38.0 24.0 22.0 16.0 16.0 45.0 37.0 21.0 21.0 16.0 17.0 49.0 39.0 43.0 41.0 20.0 16.0
49 50 1 TRACE 90.0 24.0 27.0 26.0 71.0 48.0 47.0 27.0 26.0 36.0 24.0 68.0 68.0 60.0 26.0 42.0 76.0 24.0 28.0 32.0 67.0 57.0 34.0 25.0 52.0 24.0 24.0 78.0 24.0 51.0 42.0 33.0 41.0 37.0 31.0 27.0 34.0 47.0 21.0 39.0 30.0 29.0 33.0 51.0 60.0 32.0 36.0 38.0 24.0 49.0 25.0 35.0 32.0 45.0 35.0 30.0 52.0 57.0 64.0 29.0 49.0 25.0 42.0 28.0 25.0 25.0 26.0 67.0 30.0 46.0 34.0 35.0 54.0 29.0 38.0 64.0 27.0 41.0 36.0 29.0 23.0 40.0 27.0 40.0 32.0 46.0 33.0 30.0 72.0 42.0 32.0 70.0 31.0 37.0 49.0 25.0 39.0 34.0 37.0 33.0 29.0 56.0 31.0 27.0 51.0 25.0 31.0 51.0 145.0 24.0 66.0 24.0 25.0 78.0 33.0 60.0 26.0 44.0 25.0 30.0 38.0 41.0 23.0 37.0 41.0 31.0 28.0 35.0 31.0 34.0 54.0 29.0 29.0 26.0 24.0 30.0 25.0 39.0 30.0 38.0 45.0 32.0 39.0 49.0 24.0 34.0 39.0 31.0 38.0 38.0 27.0 42.0 66.0 28.0 65.0 57.0 51.0 32.0 32.0 41.0 28.0 24.0 30.0 38.0 36.0 27.0 36.0 31.0 24.0 35.0 24.0 21.0 27.0 41.0 26.0 65.0 33.0 24.0 58.0 66.0 26.0 30.0 26.0 58.0 37.0 26.0 34.0 30.0 38.0 28.0 22.0 46.0 27.0 25.0 46.0 48.0 28.0 31.0 26.0 27.0
50 25 1 TRACE 22.0 17.0 18.0 17.0 16.0 17.0 17.0 17.0 18.0 17.0 18.0 34.0 18.0 56.0 18.0 17.0 18.0 16.0 17.0 17.0 17.0 18.0 17.0 17.0 17.0 16.0 16.0 17.0 18.0 18.0 17.0 16.0 18.0 19.0 17.0 18.0 18.0 28.0 17.0 17.0 18.0 19.0 17.0 18.0 18.0 17.0 17.0 18.0 18.0 16.0 16.0 18.0 16.0 17.0 17.0 18.0 18.0 16.0 17.0 17.0 16.0 17.0
50 41 1 TRACE 9.0 8.0 9.0 8.0 10.0 8.0 13.0 9.0 9.0 8.0 8.0 9.0 9.0 8.0 9.0 8.0 11.0 8.0 9.0 9.0 8.0 8.0 9.0 8.0 9.0 9.0 12.0 8.0 9.0 10.0 9.0 8.0 8.0 22.0 9.0 8.0 9.0 8.0 8.0 10.0 8.0 9.0 8.0 8.0 8.0 9.0 8.0 9.0 8.0 9.0 9.0 9.0 8.0 9.0 8.0 10.0 8.0 8.0 10.0 9.0 9.0 9.0 9.0 8.0 9.0 9.0 8.0 10.0 9.0 10.0 8.0 9.0 9.0 8.0 8.0 9.0 9.0 9.0 8.0 8.0 10.0 8.0 9.0 8.0 9.0 8.0 8.0 9.0 10.0 9.0 9.0 8.0 8.0 9.0 8.0 9.0 8.0 9.0 9.0 8.0 8.0 10.0 8.0 9.0 9.0 9.0 9.0 8.0 8.0 9.0 8.0 9.0 8.0 9.0 8.0 8.0 8.0 9.0 8.0 9.0 9.0 9.0 9.0 10.0 8.0 10.0 8.0 8.0 8.0 8.0 11.0 8.0 10.0 8.0 8.0 8.0
50 51 1 TRACE 24.0 26.0
51 52 1 TRACE 133.0 126.0 121.0 122.0 168.0 126.0 131.0 122.0 123.0 108.0 122.0 131.0 126.0 121.0 129.0 122.0 122.0 167.0 128.0 115.0 117.0 125.0 155.0 133.0 130.0 121.0 134.0 114.0 119.0 127.0 123.0 121.0 125.0 108.0 124.0 124.0 125.0 120.0 141.0 123.0 143.0 108.0 125.0 131.0 140.0 110.0 135.0 124.0 153.0 120.0 124.0 123.0 141.0 109.0 137.0 123.0 125.0 107.0 133.0 135.0 126.0 119.0 123.0 125.0
52 53 1 TRACE 30.0 22.0 23.0 20.0 20.0 20.0 20.0 39.0 20.0 20.0 20.0 29.0 20.0 21.0 21.0 21.0 25.0 21.0 20.0 21.0 35.0 20.0 20.0 52.0 21.0 24.0 20.0 26.0 20.0 20.0 21.0 20.0 21.0 20.0 20.0 21.0 22.0 20.0 35.0 21.0 20.0 20.0 21.0 25.0 21.0 20.0 20.0 20.0 20.0 20.0 21.0 20.0 20.0 21.0 21.0 20.0 20.0 21.0 20.0 52.0 20.0 21.0 20.0 20.0
53 54 1 TRACE 24.0 18.0 18.0 18.0 17.0 18.0 18.0 14.0 14.0 14.0 14.0 14.0 13.0 14.0 51.0 15.0 13.0 16.0 15.0 16.0 15.0 13.0 13.0 15.0 13.0 13.0 13.0 14.0 16.0 16.0 16.0 16.0 15.0 16.0 15.0 16.0 17.0 16.0 17.0 16.0 16.0 16.0 16.0 15.0 16.0 16.0 15.0 15.0 16.0 13.0 12.0 12.0 13.0 12.0 15.0 12.0 13.0 13.0 50.0 13.0 14.0 13.0 13.0 14.0
54 55 1 TRACE 42.0 20.0 20.0 19.0 20.0 19.0 19.0 20.0 19.0 18.0 19.0 19.0 19.0 21.0 18.0 19.0 19.0 18.0 19.0 19.0 19.0 20.0 19.0 19.0 18.0 19.0 19.0 20.0 23.0 19.0 19.0 19.0 20.0 19.0 19.0 19.0 21.0 19.0 20.0 19.0 20.0 19.0 19.0 20.0 20.0 19.0 18.0 18.0 18.0 19.0 18.0 19.0 21.0 19.0 19.0 19.0 18.0 18.0 19.0 18.0 18.0 19.0 18.0 18.0
55 56 1 TRACE 12.0 8.0 8.0 8.0 8.0 7.0 7.0 8.0 8.0 8.0 8.0 8.0 8.0 9.0 8.0 8.0 8.0 7.0 8.0 8.0 8.0 8.0 8.0 7.0 8.0 8.0 8.0 7.0 8.0 8.0 8.0 8.0 8.0 8.0 8.0 8.0 9.0 8.0 8.0 7.0 8.0 8.0 8.0 8.0 9.0 8.0 8.0 7.0 8.0 8.0 8.0 8.0 9.0 8.0 8.0 8.0 8.0 7.0 8.0 8.0 8.0 8.0 8.0 7.0
56 57 1 TRACE 11.0 7.0 8.0 8.0 7.0 8.0 8.0 8.0 7.0 7.0 7.0 7.0 7.0 8.0 7.0 7.0 7.0 8.0 7.0 7.0 8.0 8.0 7.0 13.0 7.0 7.0 7.0 8.0 7.0 7.0 8.0 7.0 8.0 7.0 8.0 7.0 8.0 7.0 7.0 8.0 7.0 7.0 8.0 7.0 8.0 7.0 8.0 8.0 7.0 8.0 8.0 7.0 19.0 7.0 7.0 7.0 8.0 8.0 7.0 8.0 7.0 7.0 7.0 8.0
57 58 1 TRACE 11.0 8.0 7.0 7.0 7.0 7.0 7.0 8.0 8.0 8.0 8.0 8.0 8.0 8.0 8.0 8.0 8.0 8.0 8.0 8.0 8.0 7.0 8.0 20.0 7.0 8.0 7.0 7.0 8.0 8.0 7.0 8.0 8.0 8.0 8.0 8.0 8.0 8.0 8.0 7.0 8.0 7.0 7.0 8.0 8.0 8.0 7.0 7.0 8.0 8.0 8.0 8.0 8.0 8.0 8.0 8.0 7.0 7.0 8.0 8.0 7.0 8.0 7.0 7.0
58 59 1 TRACE 16.0 9.0 8.0 8.0 9.0 8.0 8.0 9.0 8.0 8.0 9.0 8.0 8.0 9.0 9.0 9.0 8.0 8.0 8.0 8.0 8.0 9.0 8.0 21.0 8.0 8.0 8.0 8.0 8.0 9.0 8.0 8.0 8.0 8.0 8.0 8.0 9.0 8.0 8.0 9.0 9.0 8.0 8.0 8.0 19.0 8.0 8.0 9.0 9.0 8.0 8.0 9.0 8.0 8.0 9.0 8.0 8.0 8.0 9.0 8.0 8.0 9.0 8.0 8.0
59 60 1 TRACE 7.0 8.0 7.0 8.0 8.0 8.0 8.0 8.0 7.0 8.0 7.0 7.0 7.0 8.0 7.0 7.0 7.0 7.0 7.0 7.0 7.0 8.0 7.0 8.0 8.0 7.0 8.0 8.0 7.0 7.0 7.0 8.0 8.0 7.0 8.0 7.0 8.0 7.0 7.0 8.0 7.0 8.0 8.0 7.0 7.0 7.0 8.0 8.0 7.0 8.0 10.0 7.0 8.0 7.0 7.0 7.0 7.0 7.0 7.0 7.0 8.0 8.0 8.0 8.0
60 61 1 TRACE 8.0 7.0 8.0 7.0 7.0 7.0 7.0 8.0 7.0 8.0 7.0 7.0 7.0 8.0 7.0 7.0 8.0 10.0 7.0 8.0 8.0 7.0 7.0 8.0 7.0 8.0 7.0 7.0 8.0 7.0 8.0 8.0 19.0 8.0 8.0 7.0 9.0 8.0 7.0 7.0 7.0 7.0 7.0 7.0 8.0 7.0 7.0 7.0 7.0 8.0 7.0 7.0 7.0 7.0 7.0 7.0 8.0 8.0 7.0 8.0 7.0 7.0 7.0 7.0
61 62 1 TRACE 8.0 8.0 7.0 7.0 8.0 7.0 7.0 8.0 8.0 7.0 7.0 8.0 8.0 8.0 8.0 8.0 8.0 8.0 8.0 8.0 7.0 7.0 8.0 9.0 7.0 8.0 7.0 7.0 20.0 8.0 7.0 7.0 18.0 8.0 7.0 8.0 8.0 7.0 8.0 7.0 8.0 7.0 7.0 8.0 7.0 8.0 7.0 7.0 8.0 7.0 8.0 8.0 8.0 8.0 8.0 8.0 7.0 7.0 8.0 7.0 7.0 8.0 7.0 7.0
62 1 1 TRACE 21.0 20.0 19.0 19.0 20.0 19.0 19.0 20.0 20.0 20.0 19.0 18.0 18.0 20.0 22.0 20.0 19.0 23.0 18.0 19.0 19.0 20.0 19.0 21.0 19.0 18.0 20.0 20.0 34.0 19.0 39.0 19.0 21.0 19.0 19.0 18.0 20.0 19.0 19.0 20.0 20.0 19.0 19.0 19.0 19.0 33.0 19.0 20.0 18.0 19.0 23.0 36.0 30.0 19.0 19.0 19.0 19.0 19.0 20.0 19.0 19.0 19.0 19.0
