0 1 CONSTANT 8.0
1 1 CONSTANT 8.0
2 1 CONSTANT 0.0
3 1 CONSTANT 8.0
4 1 CONSTANT 8.0
5 1 CONSTANT 8.0
6 1 CONSTANT 8.0
7 1 CONSTANT 8.0
8 1 CONSTANT 8.0
9 1 CONSTANT 0.0
10 1 CONSTANT 0.0
11 1 CONSTANT 0.0
12 1 CONSTANT 0.0
13 1 CONSTANT 8.0
14 1 CONSTANT 4.0
15 1 CONSTANT 4.0
16 1 CONSTANT 0.0
17 1 CONSTANT 0.0
18 1 CONSTANT 0.0
19 1 CONSTANT 0.0
20 1 CONSTANT 4.0
21 1 CONSTANT 8.0
22 1 CONSTANT 8.0
23 1 CONSTANT 8.0
24 1 CONSTANT 8.0
25 1 CONSTANT 4.0
26 1 CONSTANT 4.0
27 1 CONSTANT 8.0
28 1 TRACE 0.0 12.0 0.0 0.0 0.0 24.0 0.0 0.0 4.0 0.0 0.0 0.0 0.0 0.0 0.0 0.0 0.0 0.0 4.0 0.0 0.0 4.0 0.0 0.0 4.0 24.0 0.0 0.0 0.0 0.0 0.0 0.0 4.0 0.0 0.0 0.0 0.0 0.0 0.0 0.0 4.0 0.0 0.0 0.0 0.0 16.0 0.0 0.0 4.0 12.0 0.0 0.0 8.0 0.0 0.0 0.0 4.0 0.0 0.0 0.0 0.0 4.0 8.0 0.0 4.0 0.0 0.0 0.0 16.0 0.0 0.0 0.0 0.0 0.0 0.0 20.0 0.0 0.0 4.0 0.0 0.0 0.0 4.0 0.0 0.0 8.0 0.0 0.0 0.0 0.0 0.0 4.0 4.0 0.0 0.0 0.0 4.0 0.0 0.0 0.0 0.0 4.0 0.0 20.0 0.0 0.0 4.0 0.0 0.0 0.0 16.0 0.0 0.0 0.0 8.0 0.0 0.0 0.0 16.0 0.0 4.0 0.0 0.0 0.0 0.0 4.0 0.0 0.0 24.0 0.0 0.0 0.0 4.0 0.0 0.0 0.0 8.0 0.0 0.0 12.0 0.0 0.0 0.0 0.0 0.0 20.0 0.0 0.0 0.0 16.0 0.0 0.0 0.0 4.0 8.0 0.0 0.0 8.0 0.0 0.0 0.0 0.0 0.0 0.0 0.0 0.0 0.0 24.0 0.0 0.0 0.0 12.0 0.0 0.0 0.0 0.0 12.0 0.0 0.0 0.0 0.0 0.0 0.0 0.0 12.0 0.0 0.0 0.0 16.0 0.0 0.0 0.0 0.0 0.0 0.0 0.0 0.0 0.0 0.0 8.0 0.0 0.0 0.0 0.0 0.0 0.0 0.0 0.0 4.0 0.0 0.0 0.0 8.0 0.0 0.0 16.0 0.0 0.0 0.0 28.0 0.0
29 1 CONSTANT 4.0
30 1 TRACE 0.0 12.0 0.0 0.0 0.0 24.0 0.0 0.0 4.0 0.0 0.0 0.0 0.0 0.0 0.0 0.0 0.0 0.0 4.0 0.0 0.0 4.0 0.0 0.0 4.0 24.0 0.0 0.0 0.0 0.0 0.0 0.0 4.0 0.0 0.0 0.0 0.0 0.0 0.0 0.0 4.0 0.0 0.0 0.0 0.0 16.0 0.0 0.0 4.0 12.0 0.0 0.0 8.0 0.0 0.0 0.0 4.0 0.0 0.0 0.0 0.0 4.0 8.0 0.0 4.0 0.0 0.0 0.0 16.0 0.0 0.0 0.0 0.0 0.0 0.0 20.0 0.0 0.0 4.0 0.0 0.0 0.0 4.0 0.0 0.0 8.0 0.0 0.0 0.0 0.0 0.0 4.0 4.0 0.0 0.0 0.0 4.0 0.0 0.0 0.0 0.0 4.0 0.0 20.0 0.0 0.0 4.0 0.0 0.0 0.0 16.0 0.0 0.0 0.0 8.0 0.0 0.0 0.0 16.0 0.0 4.0 0.0 0.0 0.0 0.0 4.0 0.0 0.0 24.0 0.0 0.0 0.0 4.0 0.0 0.0 0.0 8.0 0.0 0.0 12.0 0.0 0.0 0.0 0.0 0.0 20.0 0.0 0.0 0.0 16.0 0.0 0.0 0.0 4.0 8.0 0.0 0.0 8.0 0.0 0.0 0.0 0.0 0.0 0.0 0.0 0.0 0.0 24.0 0.0 0.0 0.0 12.0 0.0 0.0 0.0 0.0 12.0 0.0 0.0 0.0 0.0 0.0 0.0 0.0 12.0 0.0 0.0 0.0 16.0 0.0 0.0 0.0 0.0 0.0 0.0 0.0 0.0 0.0 0.0 8.0 0.0 0.0 0.0 0.0 0.0 0.0 0.0 0.0 4.0 0.0 0.0 0.0 8.0 0.0 0.0 16.0 0.0 0.0 0.0 28.0 0.0
31 1 CONSTANT 8.0
32 1 CONSTANT 8.0
33 1 CONSTANT 4.0
34 1 CONSTANT 0.0
35 1 CONSTANT 0.0
36 1 CONSTANT 8.0
37 1 CONSTANT 8.0
38 1 CONSTANT 8.0
39 1 TRACE 8.0 0.0 0.0 8.0 8.0 0.0 0.0 8.0 0.0 0.0 8.0 0.0 0.0 8.0 0.0 0.0 8.0 0.0 0.0 8.0 8.0 0.0 0.0 8.0 0.0 8.0 0.0 8.0 0.0 0.0 8.0 8.0 0.0 0.0 8.0 0.0 8.0 0.0 8.0 0.0 0.0 8.0 0.0 0.0 8.0 0.0 0.0 8.0 0.0 8.0 0.0 8.0 0.0 0.0 8.0 0.0 0.0 8.0 0.0 0.0 8.0 0.0 0.0 8.0 0.0 0.0 8.0 0.0 8.0 0.0 8.0 0.0 8.0 0.0 8.0 0.0 0.0 8.0 0.0 0.0 8.0 0.0 0.0 8.0 8.0 0.0 0.0 8.0 0.0 0.0 8.0 0.0 8.0 0.0 8.0 0.0 8.0 0.0 8.0 0.0 0.0 8.0 0.0 0.0 8.0 0.0 8.0 0.0 8.0 0.0 8.0 0.0 8.0 0.0 8.0 0.0 8.0 0.0 8.0 0.0 8.0 0.0 0.0 8.0 0.0 0.0 8.0 8.0 0.0 0.0 8.0 0.0 8.0 0.0 8.0 0.0 0.0 8.0 0.0 0.0 8.0 0.0 0.0 8.0 8.0 0.0 0.0 8.0 0.0 8.0 0.0 8.0 8.0 0.0 0.0 8.0 0.0 8.0 0.0 8.0 0.0 0.0 8.0 0.0 0.0 8.0 0.0 8.0 0.0 8.0 0.0 0.0 8.0 0.0 0.0 8.0 0.0 0.0 8.0 0.0 8.0 0.0 8.0 0.0 8.0 0.0 8.0 0.0 8.0 0.0 8.0 0.0 0.0 8.0 0.0 8.0 0.0 8.0 0.0 0.0 8.0 0.0 8.0 0.0 8.0 0.0 0.0 8.0 0.0 0.0 8.0 0.0 0.0 8.0 0.0 8.0 0.0 8.0 0.0 8.0 0.0
40 1 CONSTANT 8.0
41 1 CONSTANT 8.0
42 1 CONSTANT 8.0
43 1 CONSTANT 344.0
44 1 CONSTANT 336.0
45 1 CONSTANT 8.0
46 1 CONSTANT 344.0
47 1 CONSTANT 4.0
48 1 TRACE 9312.0 4288.0 3184.0 2400.0 1536.0 1632.0 912.0 1024.0 16.0 48.0 64.0 96.0 0.0 80.0 32.0 32.0 0.0 0.0 0.0 0.0 0.0 0.0 0.0 0.0 8800.0 4256.0 3152.0 2480.0 1616.0 1632.0 944.0 960.0 16.0 48.0 16.0 48.0 0.0 80.0 16.0 32.0 0.0 0.0 0.0 0.0 0.0 0.0 0.0 0.0 14288.0 5616.0 3712.0 2768.0 1872.0 1968.0 1168.0 1184.0 80.0 144.0 112.0 128.0 48.0 128.0 64.0 96.0 0.0 0.0 0.0 0.0 0.0 0.0 0.0 0.0 12976.0 5376.0 3568.0 2720.0 2016.0 1712.0 1728.0 1408.0 3392.0 2352.0 1888.0 1728.0 1232.0 1392.0 752.0 816.0 16.0 16.0 0.0 16.0 0.0 0.0 0.0 16.0 0.0 0.0 0.0 0.0 0.0 0.0 0.0 0.0 13024.0 5280.0 3904.0 3280.0 2608.0 2352.0 2128.0 1792.0 3904.0 2688.0 2016.0 1776.0 1200.0 1328.0 656.0 848.0 32.0 16.0 16.0 16.0 0.0 16.0 16.0 16.0 0.0 0.0 0.0 0.0 0.0 0.0 0.0 0.0 16080.0 5424.0 3472.0 2576.0 1888.0 1856.0 1088.0 992.0 208.0 288.0 224.0 288.0 160.0 224.0 112.0 208.0 0.0 0.0 0.0 0.0 0.0 0.0 0.0 0.0 10160.0 4704.0 3120.0 2432.0 1680.0 1696.0 944.0 992.0 64.0 80.0 64.0 112.0 0.0 128.0 32.0 64.0 0.0 0.0 0.0 0.0 0.0 0.0 0.0 0.0 14064.0 6144.0 3856.0 3120.0 2720.0 1952.0 1792.0 1712.0 2832.0 1840.0 1616.0 1424.0 1008.0 1184.0 720.0 832.0 16.0 0.0 16.0 16.0 0.0 0.0 16.0 16.0 12320.0 5616.0 4144.0 3488.0 2736.0 2160.0 2032.0 1984.0 4720.0 2832.0 2208.0 1808.0 1264.0 1504.0 720.0 816.0 16.0 0.0 32.0 16.0 0.0 0.0 0.0 16.0 0.0 0.0 0.0 0.0 0.0 0.0 0.0 0.0 9920.0 4480.0 3152.0 2384.0 1632.0 1664.0 1024.0 992.0 16.0 96.0 48.0 48.0 32.0 112.0 16.0 32.0 0.0 0.0 0.0 0.0 0.0 0.0 0.0 0.0 17936.0 6048.0 4016.0 3040.0 2048.0 2128.0 1296.0 1232.0 688.0 448.0 464.0 512.0 448.0 352.0 256.0 336.0 0.0 0.0 0.0 0.0 0.0 0.0 0.0 16.0 17952.0 5968.0 3968.0 2896.0 2016.0 1984.0 1280.0 1280.0 288.0 432.0 320.0 336.0 224.0 320.0 160.0 304.0 16.0 0.0 0.0 0.0 0.0 0.0 0.0 16.0 17712.0 5744.0 3808.0 2960.0 2064.0 2080.0 1136.0 1280.0 400.0 480.0 352.0 448.0 304.0 320.0 256.0 272.0 0.0 0.0 0.0 0.0 0.0 0.0 0.0 16.0 14816.0 5696.0 3712.0 2784.0 1840.0 1984.0 1104.0 1056.0 96.0 192.0 96.0 208.0 80.0 176.0 96.0 176.0 0.0 0.0 0.0 0.0 0.0 0.0 0.0 0.0 16592.0 5440.0 3808.0 2944.0 2080.0 2112.0 1424.0 1440.0 1536.0 1472.0 1088.0 1136.0 816.0 800.0 640.0 576.0 16.0 0.0 0.0 0.0 0.0 0.0 16.0 16.0 14928.0 5760.0 3744.0 2720.0 1792.0 1824.0 1136.0 1248.0 144.0 176.0 144.0 208.0 144.0 192.0 80.0 96.0 0.0 0.0 0.0 0.0 0.0 0.0 0.0 0.0 18144.0 6240.0 3536.0 2848.0 2128.0 1920.0 1216.0 1392.0 560.0 752.0 432.0 544.0 352.0 512.0 256.0 304.0 0.0 0.0 0.0 0.0 0.0 0.0 0.0 0.0 11744.0 4944.0 3008.0 2448.0 2128.0 1664.0 1680.0 1536.0 4016.0 2880.0 2112.0 1712.0 1200.0 1392.0 832.0 832.0 16.0 0.0 0.0 16.0 0.0 0.0 0.0 16.0 0.0 0.0 0.0 0.0 0.0 0.0 0.0 0.0 17696.0 5696.0 3648.0 2784.0 2144.0 1920.0 1296.0 1248.0 1072.0 1056.0 912.0 960.0 784.0 672.0 448.0 592.0 0.0 0.0 0.0 16.0 0.0 0.0 0.0 0.0 17744.0 6048.0 3840.0 2992.0 2032.0 2224.0 1248.0 1296.0 448.0 448.0 368.0 400.0 336.0 288.0 208.0 240.0 0.0 0.0 0.0 0.0 0.0 0.0 0.0 0.0 16384.0 5776.0 3584.0 2832.0 2192.0 1792.0 1664.0 1376.0 1696.0 1296.0 1056.0 1072.0 832.0 928.0 464.0 672.0 16.0 0.0 0.0 0.0 0.0 0.0 0.0 16.0 18208.0 5936.0 3952.0 2912.0 1984.0 2160.0 1280.0 1264.0 464.0 464.0 448.0 480.0 432.0 304.0 240.0 288.0 0.0 0.0 0.0 0.0 0.0 0.0 0.0 16.0 9968.0 4864.0 3488.0 2416.0 1600.0 1760.0 960.0 992.0 32.0 16.0 32.0 64.0 0.0 96.0 16.0 48.0 0.0 0.0 0.0 0.0 0.0 0.0 0.0 0.0 15472.0 6064.0 3808.0 2832.0 2032.0 1936.0 1200.0 1136.0 144.0 144.0 112.0 176.0 48.0 192.0 48.0 144.0 0.0 0.0 0.0 0.0 0.0 0.0 0.0 0.0 16256.0 5376.0 3456.0 2544.0 1904.0 1792.0 1104.0 976.0 240.0 320.0 224.0 352.0 176.0 256.0 112.0 240.0 0.0 0.0 0.0 0.0 0.0 0.0 0.0 0.0 11168.0 4848.0 3376.0 2608.0 1696.0 1808.0 960.0 1040.0 32.0 80.0 112.0 80.0 48.0 64.0 48.0 96.0 0.0 0.0 0.0 0.0 0.0 0.0 0.0 0.0 12128.0 5664.0 4272.0 3808.0 2704.0 2112.0 2224.0 1872.0 5024.0 3088.0 2304.0 2000.0 1312.0 1424.0 752.0 896.0 16.0 0.0 48.0 16.0 0.0 32.0 0.0 32.0 0.0 0.0 0.0 0.0 0.0 0.0 0.0 0.0 17824.0 5984.0 3888.0 2784.0 2144.0 1888.0 1264.0 1216.0 880.0 784.0 624.0 688.0 464.0 512.0 336.0 512.0 0.0 0.0 0.0 0.0 0.0 0.0 0.0 0.0 18208.0 6096.0 3728.0 2864.0 2144.0 1984.0 1472.0 1344.0 512.0 400.0 432.0 544.0 320.0 432.0 224.0 256.0 0.0 0.0 0.0 0.0 0.0 0.0 0.0 16.0 17536.0 5888.0 3968.0 2912.0 1968.0 1952.0 1296.0 1312.0 416.0 480.0 384.0 416.0 352.0 400.0 224.0 240.0 0.0 0.0 0.0 0.0 0.0 0.0 0.0 16.0 16544.0 5616.0 3456.0 2976.0 2176.0 1664.0 1392.0 1264.0 1408.0 1344.0 1120.0 912.0 656.0 928.0 528.0 560.0 16.0 0.0 0.0 0.0 0.0 0.0 0.0 16.0 18368.0 5824.0 3888.0 3056.0 2016.0 1904.0 1232.0 1376.0 560.0 656.0 432.0 512.0 416.0 464.0 288.0 272.0 0.0 0.0 0.0 0.0 0.0 0.0 0.0 0.0 13568.0 5376.0 3456.0 2640.0 1648.0 1584.0 1712.0 1472.0 2896.0 2240.0 1760.0 1648.0 1200.0 1312.0 736.0 784.0 16.0 0.0 0.0 16.0 0.0 0.0 16.0 16.0 18304.0 6144.0 3888.0 2992.0 2128.0 1968.0 1392.0 1328.0 704.0 720.0 704.0 640.0 448.0 544.0 272.0 432.0 16.0 0.0 0.0 0.0 0.0 0.0 0.0 16.0 17392.0 6176.0 3712.0 3264.0 2336.0 2000.0 1424.0 1424.0 1376.0 1168.0 1104.0 944.0 816.0 752.0 432.0 576.0 16.0 0.0 0.0 0.0 0.0 0.0 0.0 16.0 11680.0 6016.0 4608.0 3824.0 2896.0 2304.0 2304.0 1872.0 5568.0 3184.0 2192.0 1920.0 1392.0 1456.0 832.0 928.0 0.0 16.0 32.0 32.0 0.0 16.0 16.0 16.0 0.0 0.0 0.0 0.0 0.0 0.0 0.0 0.0 18048.0 5888.0 3872.0 2784.0 2048.0 2016.0 1248.0 1312.0 256.0 432.0 304.0 432.0 240.0 240.0 224.0 256.0 0.0 0.0 0.0 0.0 0.0 0.0 0.0 16.0 9664.0 4496.0 3056.0 2336.0 1664.0 1776.0 960.0 912.0 32.0 128.0 96.0 144.0 16.0 64.0 32.0 96.0 0.0 0.0 0.0 0.0 0.0 0.0 0.0 0.0 17360.0 5824.0 3936.0 3152.0 2112.0 1872.0 1488.0 1424.0 1264.0 1024.0 848.0 736.0 720.0 720.0 400.0 496.0 0.0 0.0 0.0 0.0 0.0 0.0 0.0 16.0 18432.0 6144.0 3712.0 2768.0 2192.0 2032.0 1232.0 1200.0 592.0 608.0 608.0 608.0 384.0 480.0 288.0 400.0 16.0 0.0 0.0 16.0 0.0 0.0 0.0 16.0 17568.0 5680.0 3872.0 2912.0 1952.0 1792.0 1440.0 1472.0 1152.0 1008.0 896.0 880.0 736.0 656.0 448.0 448.0 0.0 0.0 0.0 16.0 0.0 0.0 16.0 16.0 13072.0 6160.0 4160.0 2960.0 2160.0 1936.0 1872.0 2000.0 3728.0 2512.0 2080.0 1792.0 1344.0 1248.0 784.0 848.0 16.0 0.0 0.0 32.0 0.0 0.0 16.0 16.0 0.0 0.0 0.0 0.0 0.0 0.0 0.0 0.0 8464.0 4208.0 2800.0 2256.0 1536.0 1616.0 912.0 960.0 16.0 32.0 32.0 48.0 0.0 48.0 16.0 64.0 0.0 0.0 0.0 0.0 0.0 0.0 0.0 0.0 16080.0 6288.0 3744.0 2928.0 2080.0 1920.0 1568.0 1216.0 1808.0 1520.0 1232.0 1136.0 912.0 928.0 624.0 608.0 16.0 0.0 16.0 16.0 0.0 0.0 0.0 16.0 18064.0 5904.0 3632.0 2880.0 2128.0 1904.0 1248.0 1280.0 576.0 608.0 480.0 560.0 320.0 416.0 224.0 352.0 16.0 0.0 0.0 0.0 0.0 0.0 0.0 16.0 17120.0 6032.0 3808.0 2864.0 2160.0 2032.0 1600.0 1280.0 1472.0 1280.0 1216.0 1024.0 752.0 864.0 464.0 576.0 16.0 0.0 0.0 16.0 0.0 0.0 0.0 16.0 10016.0 4464.0 3296.0 2496.0 1648.0 1856.0 960.0 992.0 32.0 96.0 48.0 64.0 0.0 80.0 32.0 48.0 0.0 0.0 0.0 0.0 0.0 0.0 0.0 0.0 13424.0 5648.0 3760.0 2928.0 2368.0 1872.0 1600.0 1504.0 3296.0 2368.0 1840.0 1600.0 1168.0 1152.0 688.0 880.0 16.0 0.0 16.0 16.0 0.0 0.0 16.0 16.0 0.0 0.0 0.0 0.0 0.0 0.0 0.0 0.0 14576.0 5728.0 3968.0 2864.0 2000.0 1744.0 1520.0 1712.0 2576.0 1936.0 1776.0 1536.0 1104.0 1168.0 720.0 832.0 16.0 0.0 0.0 16.0 0.0 0.0 0.0 16.0 15824.0 5392.0 3296.0 2656.0 2048.0 1824.0 1616.0 1392.0 1744.0 1488.0 1232.0 1360.0 848.0 1072.0 512.0 640.0 0.0 0.0 0.0 0.0 0.0 0.0 0.0 16.0 10176.0 4736.0 2928.0 2448.0 2112.0 1744.0 2016.0 1408.0 5392.0 3200.0 2560.0 2224.0 1408.0 1424.0 816.0 1008.0 16.0 0.0 16.0 16.0 0.0 64.0 16.0 16.0 0.0 0.0 0.0 0.0 0.0 0.0 0.0 0.0 10000.0 4592.0 3296.0 2464.0 1680.0 1776.0 976.0 1008.0 32.0 32.0 80.0 96.0 16.0 48.0 16.0 48.0 0.0 0.0 0.0 0.0 0.0 0.0 0.0 0.0 17600.0 5840.0 3968.0 2944.0 2112.0 2096.0 1504.0 1328.0 1088.0 1152.0 752.0 848.0 656.0 624.0 336.0 576.0 0.0 0.0 0.0 0.0 0.0 0.0 0.0 16.0 16528.0 5664.0 3952.0 3056.0 2048.0 2144.0 1216.0 1376.0 1472.0 1280.0 896.0 976.0 720.0 800.0 576.0 608.0 16.0 0.0 0.0 16.0 0.0 0.0 0.0 16.0 15680.0 6240.0 3776.0 2960.0 2192.0 1872.0 1760.0 1344.0 2272.0 1584.0 1280.0 1312.0 896.0 976.0 608.0 688.0 16.0 0.0 16.0 16.0 0.0 0.0 16.0 16.0 17472.0 5776.0 3680.0 2880.0 2016.0 1872.0 1264.0 1328.0 320.0 384.0 288.0 320.0 240.0 304.0 144.0 192.0 0.0 0.0 0.0 0.0 0.0 0.0 0.0 0.0 17552.0 5968.0 3920.0 2704.0 1872.0 1952.0 1312.0 1264.0 1248.0 928.0 848.0 800.0 752.0 784.0 480.0 528.0 0.0 0.0 0.0 16.0 0.0 0.0 0.0 0.0 18256.0 6224.0 3936.0 3040.0 2272.0 2032.0 1296.0 1136.0 368.0 416.0 240.0 432.0 144.0 320.0 208.0 288.0 0.0 0.0 0.0 0.0 0.0 0.0 0.0 16.0 17888.0 6032.0 3920.0 3088.0 2080.0 2112.0 1312.0 1248.0 576.0 528.0 480.0 496.0 416.0 368.0 240.0 304.0 0.0 0.0 0.0 0.0 0.0 0.0 0.0 16.0 17936.0 5984.0 3664.0 2736.0 2032.0 2000.0 1232.0 1120.0 272.0 304.0 368.0 368.0 224.0 304.0 144.0 256.0 0.0 0.0 0.0 0.0 0.0 0.0 0.0 0.0 16800.0 5536.0 3648.0 2736.0 1936.0 1952.0 1152.0 1200.0 272.0 272.0 304.0 256.0 208.0 224.0 160.0 192.0 0.0 0.0 0.0 0.0 0.0 0.0 0.0 16.0 17904.0 5824.0 3728.0 2832.0 2080.0 1968.0 1232.0 1296.0 352.0 432.0 304.0 416.0 240.0 336.0 192.0 256.0 16.0 0.0 0.0 0.0 0.0 0.0 0.0 16.0 17040.0 6240.0 3872.0 2848.0 2224.0 1920.0 1664.0 1184.0 1568.0 1264.0 992.0 976.0 784.0 848.0 464.0 640.0 0.0 0.0 0.0 16.0 0.0 0.0 0.0 16.0 14080.0 5712.0 3584.0 2832.0 1920.0 1648.0 1840.0 1632.0 2752.0 2064.0 1776.0 1648.0 1104.0 1264.0 656.0 800.0 16.0 0.0 16.0 16.0 0.0 0.0 16.0 16.0
49 1 TRACE 344.0 352.0 344.0 352.0 344.0 352.0 344.0 8.0 344.0 352.0 344.0 352.0 344.0 352.0 344.0 8.0 344.0 352.0 344.0 352.0 344.0 352.0 344.0 8.0 344.0 352.0 344.0 352.0 344.0 352.0 344.0 8.0 344.0 352.0 344.0 352.0 344.0 352.0 344.0 8.0 344.0 352.0 344.0 352.0 344.0 352.0 344.0 8.0 344.0 352.0 344.0 352.0 344.0 352.0 344.0 8.0 344.0 352.0 344.0 352.0 344.0 352.0 344.0 8.0 344.0 352.0 344.0 352.0 344.0 352.0 344.0 8.0 344.0 352.0 344.0 352.0 344.0 352.0 344.0 8.0 344.0 352.0 344.0 352.0 344.0 352.0 344.0 8.0 344.0 352.0 344.0 352.0 344.0 352.0 344.0 8.0 344.0 352.0 344.0 352.0 344.0 352.0 344.0 8.0 344.0 352.0 344.0 352.0 344.0 352.0 344.0 8.0 344.0 352.0 344.0 352.0 344.0 352.0 344.0 8.0 344.0 352.0 344.0 352.0 344.0 352.0 344.0 8.0 344.0 352.0 344.0 352.0 344.0 352.0 344.0 8.0 344.0 352.0 344.0 352.0 344.0 352.0 344.0 8.0 344.0 352.0 344.0 352.0 344.0 352.0 344.0 8.0 344.0 352.0 344.0 352.0 344.0 352.0 344.0 8.0 344.0 352.0 344.0 352.0 344.0 352.0 344.0 8.0 344.0 352.0 344.0 352.0 344.0 352.0 344.0 8.0 344.0 352.0 344.0 352.0 344.0 352.0 344.0 8.0 344.0 352.0 344.0 352.0 344.0 352.0 344.0 8.0 344.0 352.0 344.0 352.0 344.0 352.0 344.0 8.0 344.0 352.0 344.0 352.0 344.0 352.0 344.0 8.0 344.0 352.0 344.0 352.0 344.0 352.0 344.0 8.0 344.0 352.0 344.0 352.0 344.0 352.0 344.0 8.0 344.0 352.0 344.0 352.0 344.0 352.0 344.0 8.0 344.0 352.0 344.0 352.0 344.0 352.0 344.0 8.0 344.0 352.0 344.0 352.0 344.0 352.0 344.0 8.0 344.0 352.0 344.0 352.0 344.0 352.0 344.0 8.0 344.0 352.0 344.0 352.0 344.0 352.0 344.0 8.0 344.0 352.0 344.0 352.0 344.0 352.0 344.0 8.0 344.0 352.0 344.0 352.0 344.0 352.0 344.0 8.0 344.0 352.0 344.0 352.0 344.0 352.0 344.0 8.0 344.0 352.0 344.0 352.0 344.0 352.0 344.0 8.0 344.0 352.0 344.0 352.0 344.0 352.0 344.0 8.0 344.0 352.0 344.0 352.0 344.0 352.0 344.0 8.0 344.0 352.0 344.0 352.0 344.0 352.0 344.0 8.0 344.0 352.0 344.0 352.0 344.0 352.0 344.0 8.0 344.0 352.0 344.0 352.0 344.0 352.0 344.0 8.0 344.0 352.0 344.0 352.0 344.0 352.0 344.0 8.0 344.0 352.0 344.0 352.0 344.0 352.0 344.0 8.0 344.0 352.0 344.0 352.0 344.0 352.0 344.0 8.0 344.0 352.0 344.0 352.0 344.0 352.0 344.0 8.0 344.0 352.0 344.0 352.0 344.0 352.0 344.0 8.0 344.0 352.0 344.0 352.0 344.0 352.0 344.0 8.0 344.0 352.0 344.0 352.0 344.0 352.0 344.0 8.0 344.0 352.0 344.0 352.0 344.0 352.0 344.0 8.0 344.0 352.0 344.0 352.0 344.0 352.0 344.0 8.0 344.0 352.0 344.0 352.0 344.0 352.0 344.0 8.0 344.0 352.0 344.0 352.0 344.0 352.0 344.0 8.0 344.0 352.0 344.0 352.0 344.0 352.0 344.0 8.0 344.0 352.0 344.0 352.0 344.0 352.0 344.0 8.0 344.0 352.0 344.0 352.0 344.0 352.0 344.0 8.0 344.0 352.0 344.0 352.0 344.0 352.0 344.0 8.0 344.0 352.0 344.0 352.0 344.0 352.0 344.0 8.0 344.0 352.0 344.0 352.0 344.0 352.0 344.0 8.0 344.0 352.0 344.0 352.0 344.0 352.0 344.0 8.0 344.0 352.0 344.0 352.0 344.0 352.0 344.0 8.0 344.0 352.0 344.0 352.0 344.0 352.0 344.0 8.0 344.0 352.0 344.0 352.0 344.0 352.0 344.0 8.0 344.0 352.0 344.0 352.0 344.0 352.0 344.0 8.0 344.0 352.0 344.0 352.0 344.0 352.0 344.0 8.0 344.0 352.0 344.0 352.0 344.0 352.0 344.0 8.0 344.0 352.0 344.0 352.0 344.0 352.0 344.0 8.0 344.0 352.0 344.0 352.0 344.0 352.0 344.0 8.0 344.0 352.0 344.0 352.0 344.0 352.0 344.0 8.0 344.0 352.0 344.0 352.0 344.0 352.0 344.0 8.0 344.0 352.0 344.0 352.0 344.0 352.0 344.0 8.0 344.0 352.0 344.0 352.0 344.0 352.0 344.0 8.0 344.0 352.0 344.0 352.0 344.0 352.0 344.0 8.0 344.0 352.0 344.0 352.0 344.0 352.0 344.0 8.0 344.0 352.0 344.0 352.0 344.0 352.0 344.0 8.0 344.0 352.0 344.0 352.0 344.0 352.0 344.0 8.0 344.0 352.0 344.0 352.0 344.0 352.0 344.0 8.0 344.0 352.0 344.0 352.0 344.0 352.0 344.0 8.0 344.0 352.0 344.0 352.0 344.0 352.0 344.0 8.0 344.0 352.0 344.0 352.0 344.0 352.0 344.0 8.0 344.0 352.0 344.0 352.0 344.0 352.0 344.0 8.0 344.0 352.0 344.0 352.0 344.0 352.0 344.0 8.0 344.0 352.0 344.0 352.0 344.0 352.0 344.0 8.0 344.0 352.0 344.0 352.0 344.0 352.0 344.0 8.0 344.0 352.0 344.0 352.0 344.0 352.0 344.0 8.0 344.0 352.0 344.0 352.0 344.0 352.0 344.0 8.0 344.0 352.0 344.0 352.0 344.0 352.0 344.0 8.0 344.0 352.0 344.0 352.0 344.0 352.0 344.0 8.0 344.0 352.0 344.0 352.0 344.0 352.0 344.0 8.0 344.0 352.0 344.0 352.0 344.0 352.0 344.0 8.0 344.0 352.0 344.0 352.0 344.0 352.0 344.0 8.0 344.0 352.0 344.0 352.0 344.0 352.0 344.0 8.0 344.0 352.0 344.0 352.0 344.0 352.0 344.0 8.0 344.0 352.0 344.0 352.0 344.0 352.0 344.0 8.0 344.0 352.0 344.0 352.0 344.0 352.0 344.0 8.0 344.0 352.0 344.0 352.0 344.0 352.0 344.0 8.0 344.0 352.0 344.0 352.0 344.0 352.0 344.0 8.0 344.0 352.0 344.0 352.0 344.0 352.0 344.0 8.0 344.0 352.0 344.0 352.0 344.0 352.0 344.0 8.0 344.0 352.0 344.0 352.0 344.0 352.0 344.0 8.0 344.0 352.0 344.0 352.0 344.0 352.0 344.0 8.0 344.0 352.0 344.0 352.0 344.0 352.0 344.0 8.0 344.0 352.0 344.0 352.0 344.0 352.0 344.0 8.0 344.0 352.0 344.0 352.0 344.0 352.0 344.0 8.0 344.0 352.0 344.0 352.0 344.0 352.0 344.0 8.0 344.0 352.0 344.0 352.0 344.0 352.0 344.0 8.0 344.0 352.0 344.0 352.0 344.0 352.0 344.0 8.0 344.0 352.0 344.0 352.0 344.0 352.0 344.0 8.0 344.0 352.0 344.0 352.0 344.0 352.0 344.0 8.0 344.0 352.0 344.0 352.0 344.0 352.0 344.0 8.0 344.0 352.0 344.0 352.0 344.0 352.0 344.0 8.0 344.0 352.0 344.0 352.0 344.0 352.0 344.0 8.0 344.0 352.0 344.0 352.0 344.0 352.0 344.0 8.0 344.0 352.0 344.0 352.0 344.0 352.0 344.0 8.0 344.0 352.0 344.0 352.0 344.0 352.0 344.0 8.0 344.0 352.0 344.0 352.0 344.0 352.0 344.0 8.0 344.0 352.0 344.0 352.0 344.0 352.0 344.0 8.0 344.0 352.0 344.0 352.0 344.0 352.0 344.0 8.0 344.0 352.0 344.0 352.0 344.0 352.0 344.0 8.0 344.0 352.0 344.0 352.0 344.0 352.0 344.0 8.0 344.0 352.0 344.0 352.0 344.0 352.0 344.0 8.0 344.0 352.0 344.0 352.0 344.0 352.0 344.0 8.0 344.0 352.0 344.0 352.0 344.0 352.0 344.0 8.0 344.0 352.0 344.0 352.0 344.0 352.0 344.0 8.0 344.0 352.0 344.0 352.0 344.0 352.0 344.0 8.0 344.0 352.0 344.0 352.0 344.0 352.0 344.0 8.0 344.0 352.0 344.0 352.0 344.0 352.0 344.0 8.0 344.0 352.0 344.0 352.0 344.0 352.0 344.0 8.0 344.0 352.0 344.0 352.0 344.0 352.0 344.0 8.0 344.0 352.0 344.0 352.0 344.0 352.0 344.0 8.0 344.0 352.0 344.0 352.0 344.0 352.0 344.0 8.0 344.0 352.0 344.0 352.0 344.0 352.0 344.0 8.0 344.0 352.0 344.0 352.0 344.0 352.0 344.0 8.0 344.0 352.0 344.0 352.0 344.0 352.0 344.0 8.0 344.0 352.0 344.0 352.0 344.0 352.0 344.0 8.0 344.0 352.0 344.0 352.0 344.0 352.0 344.0 8.0 344.0 352.0 344.0 352.0 344.0 352.0 344.0 8.0 344.0 352.0 344.0 352.0 344.0 352.0 344.0 8.0 344.0 352.0 344.0 352.0 344.0 352.0 344.0 8.0 344.0 352.0 344.0 352.0 344.0 352.0 344.0 8.0 344.0 352.0 344.0 352.0 344.0 352.0 344.0 8.0 344.0 352.0 344.0 352.0 344.0 352.0 344.0 8.0 344.0 352.0 344.0 352.0 344.0 352.0 344.0 8.0 344.0 352.0 344.0 352.0 344.0 352.0 344.0 8.0 344.0 352.0 344.0 352.0 344.0 352.0 344.0 8.0 344.0 352.0 344.0 352.0 344.0 352.0 344.0 8.0 344.0 352.0 344.0 352.0 344.0 352.0 344.0 8.0 344.0 352.0 344.0 352.0 344.0 352.0 344.0 8.0 344.0 352.0 344.0 352.0 344.0 352.0 344.0 8.0 344.0 352.0 344.0 352.0 344.0 352.0 344.0 8.0 344.0 352.0 344.0 352.0 344.0 352.0 344.0 8.0 344.0 352.0 344.0 352.0 344.0 352.0 344.0 8.0 344.0 352.0 344.0 352.0 344.0 352.0 344.0 8.0 344.0 352.0 344.0 352.0 344.0 352.0 344.0 8.0 344.0 352.0 344.0 352.0 344.0 352.0 344.0 8.0 344.0 352.0 344.0 352.0 344.0 352.0 344.0 8.0 344.0 352.0 344.0 352.0 344.0 352.0 344.0 8.0 344.0 352.0 344.0 352.0 344.0 352.0 344.0 8.0 344.0 352.0 344.0 352.0 344.0 352.0 344.0 8.0 344.0 352.0 344.0 352.0 344.0 352.0 344.0 8.0 344.0 352.0 344.0 352.0 344.0 352.0 344.0 8.0 344.0 352.0 344.0 352.0 344.0 352.0 344.0 8.0 344.0 352.0 344.0 352.0 344.0 352.0 344.0 8.0 344.0 352.0 344.0 352.0 344.0 352.0 344.0 8.0 344.0 352.0 344.0 352.0 344.0 352.0 344.0 8.0 344.0 352.0 344.0 352.0 344.0 352.0 344.0 8.0 344.0 352.0 344.0 352.0 344.0 352.0 344.0 8.0 344.0 352.0 344.0 352.0 344.0 352.0 344.0 8.0 344.0 352.0 344.0 352.0 344.0 352.0 344.0 8.0 344.0 352.0 344.0 352.0 344.0 352.0 344.0 8.0 344.0 352.0 344.0 352.0 344.0 352.0 344.0 8.0 344.0 352.0 344.0 352.0 344.0 352.0 344.0 8.0 344.0 352.0 344.0 352.0 344.0 352.0 344.0 8.0 344.0 352.0 344.0 352.0 344.0 352.0 344.0 8.0 344.0 352.0 344.0 352.0 344.0 352.0 344.0 8.0 344.0 352.0 344.0 352.0 344.0 352.0 344.0 8.0 344.0 352.0 344.0 352.0 344.0 352.0 344.0 8.0 344.0 352.0 344.0 352.0 344.0 352.0 344.0 8.0 344.0 352.0 344.0 352.0 344.0 352.0 344.0 8.0 344.0 352.0 344.0 352.0 344.0 352.0 344.0 8.0 344.0 352.0 344.0 352.0 344.0 352.0 344.0 8.0 344.0 352.0 344.0 352.0 344.0 352.0 344.0 8.0 344.0 352.0 344.0 352.0 344.0 352.0 344.0 8.0 344.0 352.0 344.0 352.0 344.0 352.0 344.0 8.0 344.0 352.0 344.0 352.0 344.0 352.0 344.0 8.0 344.0 352.0 344.0 352.0 344.0 352.0 344.0 8.0 344.0 352.0 344.0 352.0 344.0 352.0 344.0 8.0 344.0 352.0 344.0 352.0 344.0 352.0 344.0 8.0 344.0 352.0 344.0 352.0 344.0 352.0 344.0 8.0 344.0 352.0 344.0 352.0 344.0 352.0 344.0 8.0 344.0 352.0 344.0 352.0 344.0 352.0 344.0 8.0 344.0 352.0 344.0 352.0 344.0 352.0 344.0 8.0 344.0 352.0 344.0 352.0 344.0 352.0 344.0 8.0 344.0 352.0 344.0 352.0 344.0 352.0 344.0 8.0 344.0 352.0 344.0 352.0 344.0 352.0 344.0 8.0 344.0 352.0 344.0 352.0 344.0 352.0 344.0 8.0 344.0 352.0 344.0 352.0 344.0 352.0 344.0 8.0 344.0 352.0 344.0 352.0 344.0 352.0 344.0 8.0 344.0 352.0 344.0 352.0 344.0 352.0 344.0 8.0 344.0 352.0 344.0 352.0 344.0 352.0 344.0 8.0 344.0 352.0 344.0 352.0 344.0 352.0 344.0 8.0
50 1 CONSTANT 8.0
51 1 CONSTANT 8.0
52 1 CONSTANT 8.0
53 1 CONSTANT 8.0
54 1 CONSTANT 0.0
55 1 CONSTANT 0.0
56 1 CONSTANT 0.0
57 1 CONSTANT 0.0
58 1 CONSTANT 0.0
59 1 CONSTANT 0.0
60 1 CONSTANT 0.0
61 1 CONSTANT 0.0
62 1 CONSTANT 8.0
