0 1 8.0
1 1 8.0
3 1 8.0
4 1 8.0
5 1 8.0
6 1 8.0
7 1 8.0
8 1 8.0
13 1 8.0
14 1 4.0
15 1 4.0
20 1 4.0
21 1 8.0
22 1 8.0
23 1 8.0
24 1 8.0
25 1 4.0
26 1 4.0
27 1 8.0
28 215 0.0 0.0 108.0 0.0 0.0 0.0 44.0 0.0 0.0 60.0 4.0 0.0 0.0 20.0 12.0 4.0 0.0 152.0 0.0 0.0 0.0 96.0 0.0 0.0 0.0 132.0 0.0 0.0 0.0 0.0 0.0 0.0 24.0 0.0 0.0 8.0 16.0 0.0 0.0 56.0 0.0 0.0 20.0 0.0 0.0 0.0 0.0 0.0 0.0 0.0 0.0 12.0 20.0 0.0 0.0 68.0 0.0 0.0 0.0 56.0 0.0 0.0 0.0 0.0 0.0 116.0 0.0 0.0 0.0 0.0 0.0 88.0 0.0 0.0 0.0 0.0 0.0 8.0 32.0 0.0 0.0 40.0 0.0 0.0 80.0 0.0 0.0 4.0 20.0 0.0 0.0 124.0 0.0 0.0 0.0 84.0 0.0 0.0 16.0 8.0 0.0 0.0 84.0 0.0 4.0 0.0 16.0 16.0 0.0 8.0 48.0 0.0 0.0 0.0 0.0 0.0 28.0 12.0 0.0 0.0 0.0 4.0 24.0 4.0 0.0 0.0 0.0 0.0 12.0 20.0 0.0 0.0 0.0 0.0 0.0 48.0 0.0 0.0 0.0 0.0 0.0 124.0 0.0 0.0 0.0 100.0 0.0 0.0 0.0 0.0 0.0 0.0 36.0 0.0 0.0 4.0 36.0 0.0 0.0 124.0 0.0 0.0 0.0 76.0 0.0 0.0 0.0 0.0 4.0 0.0 0.0 0.0 24.0 0.0 0.0 32.0 8.0 0.0 0.0 28.0 16.0 0.0 0.0 112.0 0.0 0.0 0.0 40.0 0.0 0.0 0.0 0.0 0.0 0.0 0.0 0.0 0.0 0.0 0.0 0.0 0.0 0.0 0.0 0.0 0.0 0.0 0.0 0.0 0.0 0.0 4.0 8.0 0.0 0.0 0.0
29 1 4.0
30 215 0.0 0.0 108.0 0.0 0.0 0.0 44.0 0.0 0.0 60.0 4.0 0.0 0.0 20.0 12.0 4.0 0.0 152.0 0.0 0.0 0.0 96.0 0.0 0.0 0.0 132.0 0.0 0.0 0.0 0.0 0.0 0.0 24.0 0.0 0.0 8.0 16.0 0.0 0.0 56.0 0.0 0.0 20.0 0.0 0.0 0.0 0.0 0.0 0.0 0.0 0.0 12.0 20.0 0.0 0.0 68.0 0.0 0.0 0.0 56.0 0.0 0.0 0.0 0.0 0.0 116.0 0.0 0.0 0.0 0.0 0.0 88.0 0.0 0.0 0.0 0.0 0.0 8.0 32.0 0.0 0.0 40.0 0.0 0.0 80.0 0.0 0.0 4.0 20.0 0.0 0.0 124.0 0.0 0.0 0.0 84.0 0.0 0.0 16.0 8.0 0.0 0.0 84.0 0.0 4.0 0.0 16.0 16.0 0.0 8.0 48.0 0.0 0.0 0.0 0.0 0.0 28.0 12.0 0.0 0.0 0.0 4.0 24.0 4.0 0.0 0.0 0.0 0.0 12.0 20.0 0.0 0.0 0.0 0.0 0.0 48.0 0.0 0.0 0.0 0.0 0.0 124.0 0.0 0.0 0.0 100.0 0.0 0.0 0.0 0.0 0.0 0.0 36.0 0.0 0.0 4.0 36.0 0.0 0.0 124.0 0.0 0.0 0.0 76.0 0.0 0.0 0.0 0.0 4.0 0.0 0.0 0.0 24.0 0.0 0.0 32.0 8.0 0.0 0.0 28.0 16.0 0.0 0.0 112.0 0.0 0.0 0.0 40.0 0.0 0.0 0.0 0.0 0.0 0.0 0.0 0.0 0.0 0.0 0.0 0.0 0.0 0.0 0.0 0.0 0.0 0.0 0.0 0.0 0.0 0.0 4.0 8.0 0.0 0.0 0.0
31 1 8.0
32 1 8.0
33 1 4.0
36 1 8.0
37 1 8.0
38 1 8.0
39 215 8.0 0.0 8.0 0.0 8.0 0.0 0.0 8.0 8.0 0.0 0.0 8.0 8.0 0.0 0.0 8.0 0.0 8.0 0.0 8.0 0.0 8.0 0.0 8.0 0.0 8.0 0.0 8.0 0.0 0.0 8.0 0.0 0.0 8.0 8.0 0.0 0.0 8.0 0.0 0.0 8.0 8.0 0.0 0.0 8.0 0.0 0.0 8.0 0.0 0.0 8.0 0.0 0.0 8.0 0.0 8.0 0.0 8.0 0.0 0.0 8.0 0.0 0.0 8.0 0.0 0.0 8.0 0.0 0.0 8.0 8.0 0.0 0.0 8.0 0.0 0.0 8.0 0.0 0.0 8.0 0.0 0.0 8.0 0.0 8.0 0.0 8.0 0.0 0.0 8.0 0.0 8.0 0.0 8.0 0.0 0.0 8.0 8.0 0.0 0.0 8.0 8.0 0.0 0.0 8.0 8.0 0.0 0.0 8.0 0.0 8.0 0.0 8.0 0.0 0.0 8.0 0.0 0.0 8.0 0.0 0.0 8.0 0.0 0.0 8.0 0.0 0.0 8.0 0.0 0.0 8.0 0.0 0.0 8.0 0.0 0.0 8.0 0.0 0.0 8.0 0.0 8.0 0.0 8.0 0.0 8.0 0.0 8.0 0.0 0.0 8.0 0.0 0.0 8.0 8.0 0.0 0.0 8.0 0.0 8.0 0.0 8.0 0.0 0.0 8.0 0.0 0.0 8.0 0.0 0.0 8.0 0.0 0.0 8.0 8.0 0.0 0.0 8.0 8.0 0.0 0.0 8.0 0.0 8.0 0.0 8.0 0.0 0.0 8.0 0.0 0.0 8.0 0.0 0.0 8.0 0.0 0.0 8.0 0.0 0.0 8.0 0.0 0.0 8.0 0.0 0.0 8.0 0.0 0.0 8.0 0.0 0.0 8.0 0.0 0.0
40 1 8.0
41 1 8.0
42 1 8.0
43 1 3184.0
44 1 3176.0
45 1 8.0
46 1 3184.0
47 1 4.0
48 1498 154208.0 51696.0 34304.0 23328.0 18880.0 16096.0 13184.0 15120.0 12560.0 11328.0 11152.0 9040.0 8048.0 7040.0 32.0 32.0 160.0 64.0 32.0 64.0 80.0 171936.0 55744.0 35744.0 25280.0 19904.0 15936.0 13584.0 4240.0 3440.0 3808.0 4016.0 3440.0 3200.0 2960.0 16.0 16.0 32.0 32.0 0.0 16.0 48.0 109312.0 49168.0 32736.0 24096.0 18704.0 15392.0 12544.0 720.0 608.0 816.0 816.0 592.0 704.0 816.0 0.0 0.0 0.0 0.0 0.0 0.0 0.0 135808.0 53568.0 34544.0 25184.0 19600.0 15936.0 12912.0 1232.0 1088.0 1296.0 1280.0 1184.0 1104.0 1376.0 0.0 0.0 16.0 0.0 0.0 16.0 0.0 145040.0 50976.0 33008.0 22848.0 18960.0 15552.0 13472.0 19904.0 15936.0 13808.0 12368.0 10080.0 9120.0 8128.0 128.0 80.0 160.0 80.0 32.0 112.0 64.0 152528.0 51792.0 33808.0 23376.0 19008.0 15392.0 13712.0 16448.0 13344.0 12400.0 11296.0 9536.0 8752.0 7152.0 64.0 80.0 96.0 80.0 16.0 64.0 112.0 145888.0 51904.0 32208.0 23600.0 18816.0 16304.0 12944.0 18912.0 15296.0 13920.0 12176.0 10032.0 9024.0 8000.0 80.0 48.0 112.0 48.0 32.0 64.0 80.0 113120.0 42320.0 29520.0 21632.0 17472.0 14528.0 11840.0 35056.0 25088.0 20176.0 16720.0 13536.0 11792.0 10176.0 192.0 128.0 256.0 112.0 112.0 112.0 160.0 0.0 0.0 0.0 0.0 0.0 0.0 0.0 159792.0 55040.0 35152.0 25264.0 19840.0 15808.0 13072.0 3008.0 2272.0 2496.0 2464.0 2304.0 2128.0 2144.0 0.0 16.0 16.0 16.0 0.0 16.0 32.0 150432.0 55376.0 35344.0 25328.0 19728.0 16000.0 12976.0 1664.0 1600.0 1808.0 1856.0 1632.0 1504.0 1840.0 0.0 0.0 16.0 0.0 0.0 0.0 16.0 168496.0 53856.0 34416.0 24336.0 19648.0 15488.0 13392.0 8720.0 7712.0 7632.0 7360.0 6160.0 5776.0 5168.0 32.0 16.0 80.0 16.0 16.0 48.0 48.0 104912.0 48896.0 33120.0 24272.0 18768.0 15296.0 12592.0 672.0 592.0 672.0 688.0 592.0 624.0 688.0 0.0 0.0 0.0 0.0 0.0 0.0 0.0 103776.0 42512.0 28000.0 21616.0 16832.0 14368.0 11184.0 43040.0 28672.0 23120.0 17840.0 15168.0 12688.0 10912.0 240.0 128.0 192.0 176.0 96.0 192.0 192.0 0.0 0.0 0.0 0.0 0.0 0.0 0.0 104656.0 38960.0 26256.0 18320.0 15648.0 14112.0 11344.0 41040.0 28800.0 22496.0 18416.0 14640.0 12640.0 10576.0 128.0 176.0 272.0 128.0 112.0 224.0 272.0 0.0 0.0 0.0 0.0 0.0 0.0 0.0 169280.0 55808.0 35296.0 25984.0 19472.0 16208.0 13360.0 3776.0 3168.0 3584.0 3216.0 3152.0 2816.0 2912.0 32.0 0.0 0.0 16.0 0.0 16.0 32.0 165616.0 55328.0 33616.0 24352.0 19888.0 16016.0 13520.0 10720.0 8928.0 8992.0 8304.0 6944.0 6208.0 5904.0 32.0 32.0 48.0 32.0 16.0 48.0 48.0 171648.0 55536.0 35088.0 24736.0 19904.0 16144.0 13520.0 6752.0 5744.0 5952.0 6016.0 4752.0 4528.0 4304.0 48.0 32.0 48.0 0.0 0.0 32.0 48.0 58688.0 25856.0 18656.0 15888.0 12352.0 9536.0 8432.0 81584.0 42832.0 30736.0 22784.0 17904.0 14976.0 12336.0 416.0 288.0 480.0 480.0 272.0 320.0 448.0 0.0 0.0 0.0 0.0 0.0 0.0 0.0 154784.0 53680.0 33200.0 23776.0 19120.0 16176.0 13344.0 14976.0 12608.0 11488.0 10880.0 9152.0 7840.0 7168.0 64.0 32.0 144.0 16.0 16.0 80.0 80.0 114096.0 45904.0 29568.0 22208.0 18464.0 15600.0 12496.0 36720.0 26128.0 20720.0 16816.0 13760.0 11792.0 10048.0 176.0 128.0 240.0 192.0 96.0 192.0 224.0 0.0 0.0 0.0 0.0 0.0 0.0 0.0 97424.0 46192.0 32224.0 23616.0 18384.0 15072.0 12304.0 544.0 640.0 496.0 800.0 544.0 544.0 768.0 0.0 0.0 0.0 0.0 0.0 0.0 0.0 126736.0 45552.0 28960.0 20272.0 18112.0 14480.0 12512.0 27024.0 20672.0 17424.0 15008.0 12000.0 10928.0 9280.0 128.0 80.0 176.0 112.0 48.0 176.0 128.0 0.0 0.0 0.0 0.0 0.0 0.0 0.0 168880.0 56256.0 35408.0 25520.0 20176.0 16096.0 13088.0 3856.0 2672.0 3424.0 3392.0 2912.0 2576.0 2768.0 16.0 16.0 16.0 16.0 0.0 16.0 32.0 171424.0 56832.0 35728.0 25072.0 19408.0 15760.0 13504.0 5440.0 4528.0 4656.0 5328.0 4208.0 4096.0 3664.0 16.0 32.0 0.0 0.0 0.0 16.0 16.0 157040.0 53328.0 33856.0 23536.0 19120.0 15584.0 13744.0 14432.0 11824.0 11152.0 10544.0 8496.0 7904.0 6656.0 32.0 32.0 80.0 48.0 0.0 112.0 64.0 157824.0 55840.0 35392.0 25584.0 20000.0 15888.0 13008.0 2480.0 2000.0 2144.0 2096.0 1968.0 1920.0 2080.0 16.0 0.0 16.0 16.0 0.0 16.0 16.0 145088.0 49712.0 33344.0 23200.0 18800.0 15408.0 13280.0 19856.0 15632.0 14064.0 12736.0 10432.0 9392.0 7792.0 32.0 96.0 128.0 32.0 16.0 96.0 64.0 168944.0 55552.0 35008.0 24832.0 20000.0 15936.0 13456.0 9120.0 8080.0 8016.0 7248.0 5952.0 5616.0 5536.0 16.0 32.0 64.0 32.0 0.0 48.0 48.0 142368.0 53504.0 34432.0 24624.0 19232.0 15616.0 13008.0 1536.0 1280.0 1424.0 1648.0 1472.0 1280.0 1360.0 16.0 0.0 16.0 0.0 0.0 16.0 16.0 108096.0 48816.0 32800.0 23824.0 18464.0 15120.0 12640.0 608.0 528.0 656.0 816.0 672.0 672.0 736.0 0.0 0.0 0.0 0.0 0.0 0.0 0.0 151600.0 54816.0 35056.0 25232.0 19696.0 15584.0 13024.0 2096.0 1696.0 2016.0 1904.0 1760.0 1840.0 1824.0 0.0 0.0 0.0 0.0 0.0 16.0 0.0 172976.0 56720.0 35312.0 25376.0 20064.0 15744.0 13312.0 6864.0 5552.0 5792.0 5952.0 5088.0 4768.0 4448.0 16.0 16.0 32.0 0.0 0.0 16.0 32.0 112848.0 42464.0 29440.0 20992.0 17040.0 14912.0 12304.0 37120.0 26368.0 21184.0 17104.0 13936.0 11808.0 10144.0 144.0 128.0 208.0 176.0 96.0 176.0 160.0 0.0 0.0 0.0 0.0 0.0 0.0 0.0 147136.0 54144.0 34944.0 25296.0 19504.0 15808.0 12944.0 1840.0 1568.0 1728.0 1776.0 1424.0 1440.0 1520.0 0.0 0.0 16.0 0.0 0.0 16.0 16.0 109632.0 42944.0 27440.0 19232.0 16432.0 14496.0 11328.0 37600.0 26720.0 21824.0 17648.0 14128.0 11984.0 10416.0 176.0 128.0 240.0 128.0 112.0 256.0 160.0 0.0 0.0 0.0 0.0 0.0 0.0 0.0 137264.0 52320.0 34592.0 24688.0 19136.0 15696.0 13168.0 1376.0 1152.0 1216.0 1488.0 1440.0 1168.0 1120.0 0.0 16.0 0.0 0.0 0.0 16.0 0.0 116160.0 45616.0 30688.0 21808.0 18272.0 15008.0 13056.0 35328.0 24640.0 20208.0 16464.0 13520.0 11728.0 10176.0 176.0 112.0 192.0 112.0 96.0 144.0 128.0 0.0 0.0 0.0 0.0 0.0 0.0 0.0 145408.0 54112.0 34528.0 24608.0 19712.0 15696.0 12992.0 1840.0 1328.0 1680.0 1712.0 1424.0 1472.0 1584.0 0.0 0.0 16.0 0.0 0.0 16.0 0.0 84192.0 35776.0 25488.0 18640.0 14928.0 13008.0 10976.0 57504.0 35232.0 26512.0 20272.0 16400.0 13824.0 11424.0 256.0 144.0 304.0 336.0 224.0 224.0 272.0 0.0 0.0 0.0 0.0 0.0 0.0 0.0 173920.0 56240.0 34864.0 24640.0 19504.0 16272.0 13552.0 5600.0 5440.0 5728.0 5632.0 4512.0 3968.0 4176.0 32.0 16.0 32.0 16.0 0.0 16.0 16.0 67872.0 29536.0 21120.0 14816.0 11472.0 10656.0 8656.0 66976.0 38064.0 27888.0 20928.0 17392.0 14592.0 11856.0 352.0 272.0 368.0 448.0 208.0 208.0 368.0 0.0 0.0 0.0 0.0 0.0 0.0 0.0 145728.0 50000.0 32288.0 22736.0 18816.0 15648.0 12864.0 18800.0 15008.0 13808.0 12320.0 9936.0 8992.0 8176.0 80.0 48.0 112.0 48.0 48.0 96.0 64.0 157856.0 53568.0 34096.0 24432.0 19072.0 15936.0 13440.0 13664.0 11856.0 10848.0 9792.0 8512.0 7568.0 6672.0 48.0 32.0 112.0 48.0 16.0 64.0 96.0 117984.0 45312.0 29424.0 20640.0 16912.0 15072.0 12384.0 33888.0 24288.0 19936.0 16400.0 13648.0 11584.0 9840.0 144.0 112.0 224.0 144.0 32.0 176.0 144.0 0.0 0.0 0.0 0.0 0.0 0.0 0.0 172688.0 56368.0 35616.0 25536.0 19664.0 16080.0 13760.0 4544.0 4208.0 4288.0 4464.0 4032.0 3536.0 3136.0 16.0 0.0 32.0 16.0 0.0 0.0 16.0 171328.0 56128.0 35232.0 25648.0 20000.0 15696.0 13344.0 4016.0 3552.0 3824.0 4016.0 3152.0 3440.0 3024.0 16.0 16.0 16.0 16.0 0.0 16.0 16.0 155456.0 52864.0 34448.0 24352.0 19792.0 15360.0 13760.0 15984.0 13248.0 11680.0 10656.0 8960.0 8304.0 7264.0 64.0 32.0 112.0 32.0 0.0 48.0 96.0 168512.0 54560.0 34848.0 24688.0 20016.0 15440.0 13504.0 9216.0 8016.0 7312.0 7680.0 6288.0 6096.0 5248.0 32.0 48.0 96.0 16.0 16.0 48.0 64.0 114096.0 44592.0 30464.0 20880.0 18496.0 15184.0 12672.0 36336.0 25408.0 20544.0 17120.0 14096.0 11680.0 10256.0 144.0 128.0 176.0 160.0 64.0 176.0 128.0 0.0 0.0 0.0 0.0 0.0 0.0 0.0 92400.0 41280.0 28736.0 19888.0 16448.0 13840.0 11472.0 50272.0 32224.0 24752.0 19632.0 15728.0 13104.0 10864.0 256.0 160.0 272.0 224.0 160.0 224.0 256.0 0.0 0.0 0.0 0.0 0.0 0.0 0.0 169168.0 56768.0 35376.0 25232.0 19616.0 15904.0 13360.0 3920.0 3264.0 3776.0 4000.0 3120.0 3184.0 2864.0 16.0 16.0 16.0 32.0 0.0 16.0 48.0 141952.0 54384.0 34944.0 25232.0 19584.0 15632.0 12912.0 1232.0 1312.0 1376.0 1440.0 1216.0 1360.0 1520.0 0.0 0.0 16.0 0.0 0.0 0.0 0.0 146640.0 54672.0 34896.0 25088.0 19584.0 15984.0 12896.0 1872.0 1360.0 1648.0 1840.0 1696.0 1392.0 1584.0 0.0 0.0 0.0 0.0 0.0 16.0 0.0 143808.0 50336.0 32160.0 23520.0 18784.0 15776.0 12816.0 20096.0 15584.0 14048.0 12176.0 10544.0 9040.0 8128.0 64.0 64.0 112.0 48.0 32.0 96.0 96.0 171216.0 56720.0 35712.0 25488.0 20080.0 16048.0 13296.0 3984.0 3504.0 3984.0 3936.0 3328.0 3104.0 3248.0 32.0 16.0 16.0 16.0 0.0 0.0 16.0 80000.0 36400.0 23760.0 17680.0 14000.0 12384.0 10304.0 57920.0 35536.0 26736.0 20864.0 16544.0 13808.0 11536.0 304.0 192.0 288.0 320.0 160.0 288.0 272.0 0.0 0.0 0.0 0.0 0.0 0.0 0.0 113920.0 44464.0 30096.0 22000.0 18432.0 14432.0 12208.0 36672.0 26608.0 20512.0 17120.0 13856.0 11744.0 10464.0 160.0 128.0 176.0 144.0 96.0 192.0 208.0 0.0 0.0 0.0 0.0 0.0 0.0 0.0 113872.0 45328.0 30896.0 22496.0 17856.0 14784.0 11952.0 37952.0 26400.0 20992.0 16880.0 13616.0 12000.0 10368.0 224.0 144.0 256.0 144.0 48.0 144.0 176.0 0.0 0.0 0.0 0.0 0.0 0.0 0.0 108656.0 40544.0 28304.0 20480.0 15712.0 13120.0 11136.0 37488.0 26768.0 21376.0 17488.0 14000.0 12176.0 10576.0 176.0 144.0 176.0 160.0 80.0 176.0 208.0 0.0 0.0 0.0 0.0 0.0 0.0 0.0 80144.0 38192.0 26496.0 19856.0 15632.0 13184.0 11232.0 62512.0 36976.0 26960.0 20768.0 16656.0 14096.0 11344.0 288.0 224.0 400.0 256.0 224.0 224.0 240.0 0.0 0.0 0.0 0.0 0.0 0.0 0.0 100256.0 41072.0 28192.0 20112.0 16416.0 14304.0 11120.0 44624.0 29776.0 23136.0 18576.0 15024.0 12736.0 10784.0 224.0 160.0 240.0 224.0 176.0 160.0 208.0 0.0 0.0 0.0 0.0 0.0 0.0 0.0 127920.0 47376.0 31552.0 23200.0 18640.0 15440.0 12560.0 27952.0 20880.0 17696.0 14464.0 12368.0 11008.0 9408.0 144.0 112.0 160.0 96.0 48.0 144.0 144.0 0.0 0.0 0.0 0.0 0.0 0.0 0.0 162160.0 55856.0 35616.0 25328.0 19936.0 16016.0 13216.0 2720.0 2160.0 2448.0 2528.0 2336.0 2192.0 2208.0 0.0 0.0 16.0 0.0 0.0 16.0 0.0 115472.0 46960.0 30960.0 22736.0 18944.0 15664.0 12560.0 36448.0 25072.0 20736.0 17264.0 13568.0 11472.0 9744.0 144.0 112.0 224.0 96.0 96.0 144.0 208.0 0.0 0.0 0.0 0.0 0.0 0.0 0.0
49 1498 3184.0 3184.0 3184.0 3184.0 3184.0 3184.0 8.0 3184.0 3184.0 3184.0 3184.0 3184.0 3184.0 8.0 3184.0 3184.0 3184.0 3184.0 3184.0 3184.0 8.0 3184.0 3184.0 3184.0 3184.0 3184.0 3184.0 8.0 3184.0 3184.0 3184.0 3184.0 3184.0 3184.0 8.0 3184.0 3184.0 3184.0 3184.0 3184.0 3184.0 8.0 3184.0 3184.0 3184.0 3184.0 3184.0 3184.0 8.0 3184.0 3184.0 3184.0 3184.0 3184.0 3184.0 8.0 3184.0 3184.0 3184.0 3184.0 3184.0 3184.0 8.0 3184.0 3184.0 3184.0 3184.0 3184.0 3184.0 8.0 3184.0 3184.0 3184.0 3184.0 3184.0 3184.0 8.0 3184.0 3184.0 3184.0 3184.0 3184.0 3184.0 8.0 3184.0 3184.0 3184.0 3184.0 3184.0 3184.0 8.0 3184.0 3184.0 3184.0 3184.0 3184.0 3184.0 8.0 3184.0 3184.0 3184.0 3184.0 3184.0 3184.0 8.0 3184.0 3184.0 3184.0 3184.0 3184.0 3184.0 8.0 3184.0 3184.0 3184.0 3184.0 3184.0 3184.0 8.0 3184.0 3184.0 3184.0 3184.0 3184.0 3184.0 8.0 3184.0 3184.0 3184.0 3184.0 3184.0 3184.0 8.0 3184.0 3184.0 3184.0 3184.0 3184.0 3184.0 8.0 3184.0 3184.0 3184.0 3184.0 3184.0 3184.0 8.0 3184.0 3184.0 3184.0 3184.0 3184.0 3184.0 8.0 3184.0 3184.0 3184.0 3184.0 3184.0 3184.0 8.0 3184.0 3184.0 3184.0 3184.0 3184.0 3184.0 8.0 3184.0 3184.0 3184.0 3184.0 3184.0 3184.0 8.0 3184.0 3184.0 3184.0 3184.0 3184.0 3184.0 8.0 3184.0 3184.0 3184.0 3184.0 3184.0 3184.0 8.0 3184.0 3184.0 3184.0 3184.0 3184.0 3184.0 8.0 3184.0 3184.0 3184.0 3184.0 3184.0 3184.0 8.0 3184.0 3184.0 3184.0 3184.0 3184.0 3184.0 8.0 3184.0 3184.0 3184.0 3184.0 3184.0 3184.0 8.0 3184.0 3184.0 3184.0 3184.0 3184.0 3184.0 8.0 3184.0 3184.0 3184.0 3184.0 3184.0 3184.0 8.0 3184.0 3184.0 3184.0 3184.0 3184.0 3184.0 8.0 3184.0 3184.0 3184.0 3184.0 3184.0 3184.0 8.0 3184.0 3184.0 3184.0 3184.0 3184.0 3184.0 8.0 3184.0 3184.0 3184.0 3184.0 3184.0 3184.0 8.0 3184.0 3184.0 3184.0 3184.0 3184.0 3184.0 8.0 3184.0 3184.0 3184.0 3184.0 3184.0 3184.0 8.0 3184.0 3184.0 3184.0 3184.0 3184.0 3184.0 8.0 3184.0 3184.0 3184.0 3184.0 3184.0 3184.0 8.0 3184.0 3184.0 3184.0 3184.0 3184.0 3184.0 8.0 3184.0 3184.0 3184.0 3184.0 3184.0 3184.0 8.0 3184.0 3184.0 3184.0 3184.0 3184.0 3184.0 8.0 3184.0 3184.0 3184.0 3184.0 3184.0 3184.0 8.0 3184.0 3184.0 3184.0 3184.0 3184.0 3184.0 8.0 3184.0 3184.0 3184.0 3184.0 3184.0 3184.0 8.0 3184.0 3184.0 3184.0 3184.0 3184.0 3184.0 8.0 3184.0 3184.0 3184.0 3184.0 3184.0 3184.0 8.0 3184.0 3184.0 3184.0 3184.0 3184.0 3184.0 8.0 3184.0 3184.0 3184.0 3184.0 3184.0 3184.0 8.0 3184.0 3184.0 3184.0 3184.0 3184.0 3184.0 8.0 3184.0 3184.0 3184.0 3184.0 3184.0 3184.0 8.0 3184.0 3184.0 3184.0 3184.0 3184.0 3184.0 8.0 3184.0 3184.0 3184.0 3184.0 3184.0 3184.0 8.0 3184.0 3184.0 3184.0 3184.0 3184.0 3184.0 8.0 3184.0 3184.0 3184.0 3184.0 3184.0 3184.0 8.0 3184.0 3184.0 3184.0 3184.0 3184.0 3184.0 8.0 3184.0 3184.0 3184.0 3184.0 3184.0 3184.0 8.0 3184.0 3184.0 3184.0 3184.0 3184.0 3184.0 8.0 3184.0 3184.0 3184.0 3184.0 3184.0 3184.0 8.0 3184.0 3184.0 3184.0 3184.0 3184.0 3184.0 8.0 3184.0 3184.0 3184.0 3184.0 3184.0 3184.0 8.0 3184.0 3184.0 3184.0 3184.0 3184.0 3184.0 8.0 3184.0 3184.0 3184.0 3184.0 3184.0 3184.0 8.0 3184.0 3184.0 3184.0 3184.0 3184.0 3184.0 8.0 3184.0 3184.0 3184.0 3184.0 3184.0 3184.0 8.0 3184.0 3184.0 3184.0 3184.0 3184.0 3184.0 8.0 3184.0 3184.0 3184.0 3184.0 3184.0 3184.0 8.0 3184.0 3184.0 3184.0 3184.0 3184.0 3184.0 8.0 3184.0 3184.0 3184.0 3184.0 3184.0 3184.0 8.0 3184.0 3184.0 3184.0 3184.0 3184.0 3184.0 8.0 3184.0 3184.0 3184.0 3184.0 3184.0 3184.0 8.0 3184.0 3184.0 3184.0 3184.0 3184.0 3184.0 8.0 3184.0 3184.0 3184.0 3184.0 3184.0 3184.0 8.0 3184.0 3184.0 3184.0 3184.0 3184.0 3184.0 8.0 3184.0 3184.0 3184.0 3184.0 3184.0 3184.0 8.0 3184.0 3184.0 3184.0 3184.0 3184.0 3184.0 8.0 3184.0 3184.0 3184.0 3184.0 3184.0 3184.0 8.0 3184.0 3184.0 3184.0 3184.0 3184.0 3184.0 8.0 3184.0 3184.0 3184.0 3184.0 3184.0 3184.0 8.0 3184.0 3184.0 3184.0 3184.0 3184.0 3184.0 8.0 3184.0 3184.0 3184.0 3184.0 3184.0 3184.0 8.0 3184.0 3184.0 3184.0 3184.0 3184.0 3184.0 8.0 3184.0 3184.0 3184.0 3184.0 3184.0 3184.0 8.0 3184.0 3184.0 3184.0 3184.0 3184.0 3184.0 8.0 3184.0 3184.0 3184.0 3184.0 3184.0 3184.0 8.0 3184.0 3184.0 3184.0 3184.0 3184.0 3184.0 8.0 3184.0 3184.0 3184.0 3184.0 3184.0 3184.0 8.0 3184.0 3184.0 3184.0 3184.0 3184.0 3184.0 8.0 3184.0 3184.0 3184.0 3184.0 3184.0 3184.0 8.0 3184.0 3184.0 3184.0 3184.0 3184.0 3184.0 8.0 3184.0 3184.0 3184.0 3184.0 3184.0 3184.0 8.0 3184.0 3184.0 3184.0 3184.0 3184.0 3184.0 8.0 3184.0 3184.0 3184.0 3184.0 3184.0 3184.0 8.0 3184.0 3184.0 3184.0 3184.0 3184.0 3184.0 8.0 3184.0 3184.0 3184.0 3184.0 3184.0 3184.0 8.0 3184.0 3184.0 3184.0 3184.0 3184.0 3184.0 8.0 3184.0 3184.0 3184.0 3184.0 3184.0 3184.0 8.0 3184.0 3184.0 3184.0 3184.0 3184.0 3184.0 8.0 3184.0 3184.0 3184.0 3184.0 3184.0 3184.0 8.0 3184.0 3184.0 3184.0 3184.0 3184.0 3184.0 8.0 3184.0 3184.0 3184.0 3184.0 3184.0 3184.0 8.0 3184.0 3184.0 3184.0 3184.0 3184.0 3184.0 8.0 3184.0 3184.0 3184.0 3184.0 3184.0 3184.0 8.0 3184.0 3184.0 3184.0 3184.0 3184.0 3184.0 8.0 3184.0 3184.0 3184.0 3184.0 3184.0 3184.0 8.0 3184.0 3184.0 3184.0 3184.0 3184.0 3184.0 8.0 3184.0 3184.0 3184.0 3184.0 3184.0 3184.0 8.0 3184.0 3184.0 3184.0 3184.0 3184.0 3184.0 8.0 3184.0 3184.0 3184.0 3184.0 3184.0 3184.0 8.0 3184.0 3184.0 3184.0 3184.0 3184.0 3184.0 8.0 3184.0 3184.0 3184.0 3184.0 3184.0 3184.0 8.0 3184.0 3184.0 3184.0 3184.0 3184.0 3184.0 8.0 3184.0 3184.0 3184.0 3184.0 3184.0 3184.0 8.0 3184.0 3184.0 3184.0 3184.0 3184.0 3184.0 8.0 3184.0 3184.0 3184.0 3184.0 3184.0 3184.0 8.0 3184.0 3184.0 3184.0 3184.0 3184.0 3184.0 8.0 3184.0 3184.0 3184.0 3184.0 3184.0 3184.0 8.0 3184.0 3184.0 3184.0 3184.0 3184.0 3184.0 8.0 3184.0 3184.0 3184.0 3184.0 3184.0 3184.0 8.0 3184.0 3184.0 3184.0 3184.0 3184.0 3184.0 8.0 3184.0 3184.0 3184.0 3184.0 3184.0 3184.0 8.0 3184.0 3184.0 3184.0 3184.0 3184.0 3184.0 8.0 3184.0 3184.0 3184.0 3184.0 3184.0 3184.0 8.0 3184.0 3184.0 3184.0 3184.0 3184.0 3184.0 8.0 3184.0 3184.0 3184.0 3184.0 3184.0 3184.0 8.0 3184.0 3184.0 3184.0 3184.0 3184.0 3184.0 8.0 3184.0 3184.0 3184.0 3184.0 3184.0 3184.0 8.0 3184.0 3184.0 3184.0 3184.0 3184.0 3184.0 8.0 3184.0 3184.0 3184.0 3184.0 3184.0 3184.0 8.0 3184.0 3184.0 3184.0 3184.0 3184.0 3184.0 8.0 3184.0 3184.0 3184.0 3184.0 3184.0 3184.0 8.0 3184.0 3184.0 3184.0 3184.0 3184.0 3184.0 8.0 3184.0 3184.0 3184.0 3184.0 3184.0 3184.0 8.0 3184.0 3184.0 3184.0 3184.0 3184.0 3184.0 8.0 3184.0 3184.0 3184.0 3184.0 3184.0 3184.0 8.0 3184.0 3184.0 3184.0 3184.0 3184.0 3184.0 8.0 3184.0 3184.0 3184.0 3184.0 3184.0 3184.0 8.0 3184.0 3184.0 3184.0 3184.0 3184.0 3184.0 8.0 3184.0 3184.0 3184.0 3184.0 3184.0 3184.0 8.0 3184.0 3184.0 3184.0 3184.0 3184.0 3184.0 8.0 3184.0 3184.0 3184.0 3184.0 3184.0 3184.0 8.0 3184.0 3184.0 3184.0 3184.0 3184.0 3184.0 8.0 3184.0 3184.0 3184.0 3184.0 3184.0 3184.0 8.0 3184.0 3184.0 3184.0 3184.0 3184.0 3184.0 8.0 3184.0 3184.0 3184.0 3184.0 3184.0 3184.0 8.0 3184.0 3184.0 3184.0 3184.0 3184.0 3184.0 8.0 3184.0 3184.0 3184.0 3184.0 3184.0 3184.0 8.0 3184.0 3184.0 3184.0 3184.0 3184.0 3184.0 8.0 3184.0 3184.0 3184.0 3184.0 3184.0 3184.0 8.0 3184.0 3184.0 3184.0 3184.0 3184.0 3184.0 8.0 3184.0 3184.0 3184.0 3184.0 3184.0 3184.0 8.0 3184.0 3184.0 3184.0 3184.0 3184.0 3184.0 8.0 3184.0 3184.0 3184.0 3184.0 3184.0 3184.0 8.0 3184.0 3184.0 3184.0 3184.0 3184.0 3184.0 8.0 3184.0 3184.0 3184.0 3184.0 3184.0 3184.0 8.0 3184.0 3184.0 3184.0 3184.0 3184.0 3184.0 8.0 3184.0 3184.0 3184.0 3184.0 3184.0 3184.0 8.0 3184.0 3184.0 3184.0 3184.0 3184.0 3184.0 8.0 3184.0 3184.0 3184.0 3184.0 3184.0 3184.0 8.0 3184.0 3184.0 3184.0 3184.0 3184.0 3184.0 8.0 3184.0 3184.0 3184.0 3184.0 3184.0 3184.0 8.0 3184.0 3184.0 3184.0 3184.0 3184.0 3184.0 8.0 3184.0 3184.0 3184.0 3184.0 3184.0 3184.0 8.0 3184.0 3184.0 3184.0 3184.0 3184.0 3184.0 8.0 3184.0 3184.0 3184.0 3184.0 3184.0 3184.0 8.0 3184.0 3184.0 3184.0 3184.0 3184.0 3184.0 8.0 3184.0 3184.0 3184.0 3184.0 3184.0 3184.0 8.0 3184.0 3184.0 3184.0 3184.0 3184.0 3184.0 8.0 3184.0 3184.0 3184.0 3184.0 3184.0 3184.0 8.0 3184.0 3184.0 3184.0 3184.0 3184.0 3184.0 8.0 3184.0 3184.0 3184.0 3184.0 3184.0 3184.0 8.0 3184.0 3184.0 3184.0 3184.0 3184.0 3184.0 8.0 3184.0 3184.0 3184.0 3184.0 3184.0 3184.0 8.0 3184.0 3184.0 3184.0 3184.0 3184.0 3184.0 8.0 3184.0 3184.0 3184.0 3184.0 3184.0 3184.0 8.0 3184.0 3184.0 3184.0 3184.0 3184.0 3184.0 8.0 3184.0 3184.0 3184.0 3184.0 3184.0 3184.0 8.0 3184.0 3184.0 3184.0 3184.0 3184.0 3184.0 8.0 3184.0 3184.0 3184.0 3184.0 3184.0 3184.0 8.0 3184.0 3184.0 3184.0 3184.0 3184.0 3184.0 8.0 3184.0 3184.0 3184.0 3184.0 3184.0 3184.0 8.0 3184.0 3184.0 3184.0 3184.0 3184.0 3184.0 8.0 3184.0 3184.0 3184.0 3184.0 3184.0 3184.0 8.0 3184.0 3184.0 3184.0 3184.0 3184.0 3184.0 8.0 3184.0 3184.0 3184.0 3184.0 3184.0 3184.0 8.0 3184.0 3184.0 3184.0 3184.0 3184.0 3184.0 8.0 3184.0 3184.0 3184.0 3184.0 3184.0 3184.0 8.0 3184.0 3184.0 3184.0 3184.0 3184.0 3184.0 8.0 3184.0 3184.0 3184.0 3184.0 3184.0 3184.0 8.0 3184.0 3184.0 3184.0 3184.0 3184.0 3184.0 8.0 3184.0 3184.0 3184.0 3184.0 3184.0 3184.0 8.0 3184.0 3184.0 3184.0 3184.0 3184.0 3184.0 8.0 3184.0 3184.0 3184.0 3184.0 3184.0 3184.0 8.0 3184.0 3184.0 3184.0 3184.0 3184.0 3184.0 8.0 3184.0 3184.0 3184.0 3184.0 3184.0 3184.0 8.0 3184.0 3184.0 3184.0 3184.0 3184.0 3184.0 8.0 3184.0 3184.0 3184.0 3184.0 3184.0 3184.0 8.0 3184.0 3184.0 3184.0 3184.0 3184.0 3184.0 8.0 3184.0 3184.0 3184.0 3184.0 3184.0 3184.0 8.0 3184.0 3184.0 3184.0 3184.0 3184.0 3184.0 8.0 3184.0 3184.0 3184.0 3184.0 3184.0 3184.0 8.0 3184.0 3184.0 3184.0 3184.0 3184.0 3184.0 8.0 3184.0 3184.0 3184.0 3184.0 3184.0 3184.0 8.0 3184.0 3184.0 3184.0 3184.0 3184.0 3184.0 8.0 3184.0 3184.0 3184.0 3184.0 3184.0 3184.0 8.0 3184.0 3184.0 3184.0 3184.0 3184.0 3184.0 8.0 3184.0 3184.0 3184.0 3184.0 3184.0 3184.0 8.0 3184.0 3184.0 3184.0 3184.0 3184.0 3184.0 8.0 3184.0 3184.0 3184.0 3184.0 3184.0 3184.0 8.0 3184.0 3184.0 3184.0 3184.0 3184.0 3184.0 8.0 3184.0 3184.0 3184.0 3184.0 3184.0 3184.0 8.0 3184.0 3184.0 3184.0 3184.0 3184.0 3184.0 8.0
50 1 8.0
51 1 8.0
52 1 8.0
53 1 8.0
62 1 8.0
