0 1 TRACE 8.0
1 1 TRACE 8.0
3 1 TRACE 8.0
4 1 TRACE 8.0
5 1 TRACE 8.0
6 1 TRACE 8.0
7 1 TRACE 8.0
8 1 TRACE 8.0
13 1 TRACE 8.0
14 1 TRACE 4.0
15 1 TRACE 4.0
20 1 TRACE 4.0
21 1 TRACE 8.0
22 1 TRACE 8.0
23 1 TRACE 8.0
24 1 TRACE 8.0
25 1 TRACE 4.0
26 1 TRACE 4.0
27 1 TRACE 8.0
28 1 TRACE 0.0 0.0 36.0 0.0 0.0 0.0 0.0 0.0 0.0 0.0 0.0 4.0 4.0 0.0 88.0 0.0 0.0 0.0 0.0 0.0 0.0 48.0 0.0 0.0 12.0 20.0 0.0 0.0 4.0 0.0 0.0 0.0 0.0 36.0 12.0 0.0 8.0 16.0 0.0 0.0 80.0 0.0 0.0 0.0 64.0 0.0 0.0 64.0 0.0 0.0 0.0 0.0 4.0 0.0 0.0 36.0 8.0 0.0 0.0 12.0 16.0 0.0 0.0 0.0 80.0 0.0 0.0 128.0 0.0 0.0 0.0 68.0 0.0 4.0 20.0 0.0 0.0 56.0 4.0 0.0 4.0 28.0 0.0 0.0 76.0 0.0 0.0 48.0 0.0 4.0 100.0 0.0 0.0 24.0 0.0 0.0 132.0 4.0 8.0 24.0 0.0 12.0 8.0 0.0 0.0 0.0 0.0 0.0 28.0 0.0 0.0 124.0 4.0 0.0 40.0 0.0 0.0 4.0 0.0 4.0 4.0 0.0 0.0 64.0 0.0 0.0 0.0 140.0 0.0 0.0 0.0 68.0 0.0 0.0 32.0 0.0 8.0 48.0 0.0 0.0 52.0 0.0 0.0 4.0 40.0 0.0 0.0 92.0 0.0 0.0 64.0 4.0 0.0 0.0 60.0 8.0 0.0 4.0 48.0 4.0 0.0 0.0 0.0 20.0 16.0 0.0 12.0 20.0 0.0 8.0 28.0 0.0 12.0 28.0 0.0 0.0 84.0 0.0 4.0 0.0 0.0 0.0 0.0 0.0 0.0 0.0 0.0 0.0 84.0 0.0 8.0 20.0 0.0 36.0 12.0 0.0 20.0 12.0 0.0 0.0 36.0 0.0 0.0 4.0
29 1 TRACE 4.0
30 1 TRACE 0.0 0.0 36.0 0.0 0.0 0.0 0.0 0.0 0.0 0.0 0.0 4.0 4.0 0.0 88.0 0.0 0.0 0.0 0.0 0.0 0.0 48.0 0.0 0.0 12.0 20.0 0.0 0.0 4.0 0.0 0.0 0.0 0.0 36.0 12.0 0.0 8.0 16.0 0.0 0.0 80.0 0.0 0.0 0.0 64.0 0.0 0.0 64.0 0.0 0.0 0.0 0.0 4.0 0.0 0.0 36.0 8.0 0.0 0.0 12.0 16.0 0.0 0.0 0.0 80.0 0.0 0.0 128.0 0.0 0.0 0.0 68.0 0.0 4.0 20.0 0.0 0.0 56.0 4.0 0.0 4.0 28.0 0.0 0.0 76.0 0.0 0.0 48.0 0.0 4.0 100.0 0.0 0.0 24.0 0.0 0.0 132.0 4.0 8.0 24.0 0.0 12.0 8.0 0.0 0.0 0.0 0.0 0.0 28.0 0.0 0.0 124.0 4.0 0.0 40.0 0.0 0.0 4.0 0.0 4.0 4.0 0.0 0.0 64.0 0.0 0.0 0.0 140.0 0.0 0.0 0.0 68.0 0.0 0.0 32.0 0.0 8.0 48.0 0.0 0.0 52.0 0.0 0.0 4.0 40.0 0.0 0.0 92.0 0.0 0.0 64.0 4.0 0.0 0.0 60.0 8.0 0.0 4.0 48.0 4.0 0.0 0.0 0.0 20.0 16.0 0.0 12.0 20.0 0.0 8.0 28.0 0.0 12.0 28.0 0.0 0.0 84.0 0.0 4.0 0.0 0.0 0.0 0.0 0.0 0.0 0.0 0.0 0.0 84.0 0.0 8.0 20.0 0.0 36.0 12.0 0.0 20.0 12.0 0.0 0.0 36.0 0.0 0.0 4.0
31 1 TRACE 8.0
32 1 TRACE 8.0
33 1 TRACE 4.0
36 1 TRACE 8.0
37 1 TRACE 8.0
38 1 TRACE 8.0
39 1 TRACE 8.0 0.0 0.0 8.0 0.0 0.0 8.0 0.0 0.0 8.0 0.0 0.0 8.0 8.0 0.0 0.0 8.0 0.0 0.0 8.0 0.0 0.0 8.0 8.0 0.0 0.0 8.0 0.0 0.0 8.0 0.0 8.0 8.0 0.0 0.0 8.0 0.0 0.0 8.0 0.0 8.0 0.0 8.0 0.0 0.0 8.0 0.0 0.0 0.0 0.0 8.0 0.0 0.0 8.0 8.0 0.0 0.0 8.0 8.0 0.0 0.0 8.0 8.0 0.0 0.0 8.0 0.0 8.0 0.0 8.0 0.0 0.0 8.0 0.0 0.0 8.0 8.0 0.0 0.0 8.0 0.0 0.0 8.0 0.0 0.0 8.0 0.0 0.0 8.0 0.0 0.0 8.0 0.0 0.0 8.0 0.0 0.0 8.0 0.0 0.0 8.0 0.0 0.0 8.0 0.0 0.0 8.0 0.0 0.0 8.0 0.0 0.0 8.0 0.0 0.0 8.0 0.0 0.0 8.0 0.0 0.0 8.0 0.0 0.0 8.0 8.0 0.0 8.0 0.0 8.0 0.0 0.0 8.0 0.0 0.0 8.0 0.0 0.0 8.0 0.0 0.0 8.0 8.0 0.0 0.0 8.0 0.0 8.0 0.0 8.0 0.0 0.0 8.0 8.0 0.0 0.0 8.0 0.0 0.0 8.0 0.0 0.0 8.0 0.0 0.0 8.0 0.0 0.0 8.0 0.0 0.0 8.0 0.0 0.0 8.0 0.0 0.0 8.0 0.0 0.0 8.0 0.0 0.0 8.0 0.0 0.0 8.0 0.0 0.0 8.0 0.0 0.0 8.0 0.0 0.0 8.0 0.0 0.0 8.0 0.0 0.0 8.0 0.0 0.0
40 1 TRACE 8.0
41 1 TRACE 8.0
42 1 TRACE 8.0
43 1 TRACE 1680.0
44 1 TRACE 1672.0
45 1 TRACE 8.0
46 1 TRACE 1680.0
47 1 TRACE 4.0
48 1 TRACE 102656.0 29408.0 18624.0 12256.0 9056.0 5168.0 4528.0 4176.0 3232.0 3232.0 0.0 0.0 32.0 0.0 48.0 68944.0 22384.0 15248.0 10288.0 9184.0 24384.0 15824.0 11904.0 8560.0 6944.0 64.0 32.0 112.0 16.0 112.0 0.0 0.0 0.0 0.0 0.0 52912.0 18128.0 12656.0 8752.0 7248.0 34352.0 19792.0 14368.0 9600.0 7888.0 112.0 80.0 224.0 112.0 144.0 0.0 0.0 0.0 0.0 0.0 46112.0 15760.0 10912.0 8128.0 6896.0 39248.0 21088.0 15040.0 10144.0 7904.0 240.0 144.0 304.0 144.0 176.0 0.0 0.0 0.0 0.0 0.0 60848.0 26336.0 17168.0 11104.0 8400.0 624.0 352.0 528.0 448.0 496.0 0.0 0.0 0.0 0.0 0.0 69488.0 22224.0 14800.0 10608.0 8816.0 23392.0 15536.0 12064.0 8288.0 6976.0 112.0 48.0 160.0 48.0 112.0 0.0 0.0 0.0 0.0 0.0 100144.0 29248.0 18672.0 11760.0 8992.0 7376.0 5392.0 5216.0 4112.0 3840.0 0.0 16.0 48.0 0.0 48.0 99024.0 29536.0 18160.0 11824.0 8992.0 2656.0 2032.0 2448.0 1680.0 1872.0 0.0 0.0 32.0 0.0 48.0 49120.0 16240.0 12448.0 8464.0 6720.0 36992.0 20672.0 14432.0 9984.0 8016.0 176.0 96.0 208.0 128.0 192.0 0.0 0.0 0.0 0.0 0.0 70880.0 21392.0 14768.0 10192.0 8544.0 23024.0 15248.0 11904.0 8528.0 7040.0 16.0 16.0 96.0 16.0 128.0 0.0 0.0 0.0 0.0 0.0 66208.0 26704.0 16912.0 11056.0 8608.0 656.0 416.0 608.0 496.0 528.0 0.0 0.0 16.0 0.0 16.0 84528.0 29024.0 18288.0 11792.0 8624.0 1296.0 896.0 1040.0 816.0 944.0 0.0 0.0 16.0 0.0 16.0 93808.0 27440.0 18176.0 11904.0 9312.0 10864.0 8256.0 7408.0 5344.0 4864.0 0.0 0.0 64.0 16.0 64.0 95184.0 27968.0 18576.0 12464.0 9424.0 10416.0 7984.0 7056.0 5152.0 4736.0 0.0 16.0 64.0 0.0 64.0 92560.0 27280.0 17792.0 11824.0 9024.0 11152.0 8688.0 7408.0 5792.0 5008.0 0.0 0.0 48.0 0.0 80.0 47312.0 16912.0 12560.0 8864.0 6912.0 39168.0 21312.0 15040.0 10096.0 7920.0 208.0 80.0 240.0 112.0 224.0 0.0 0.0 0.0 0.0 0.0 41056.0 11504.0 9008.0 6304.0 5200.0 38160.0 21520.0 15248.0 10224.0 8160.0 176.0 112.0 224.0 160.0 208.0 0.0 0.0 0.0 0.0 0.0 55120.0 25280.0 17008.0 11104.0 8464.0 512.0 240.0 368.0 336.0 336.0 0.0 0.0 0.0 0.0 16.0 90608.0 29488.0 18272.0 11920.0 9072.0 1488.0 1424.0 1472.0 1072.0 1088.0 0.0 0.0 0.0 0.0 16.0 88736.0 26000.0 17552.0 11488.0 8816.0 13520.0 10208.0 8224.0 6176.0 5696.0 0.0 16.0 32.0 0.0 64.0 77136.0 23024.0 15456.0 10608.0 8576.0 18880.0 13504.0 10576.0 7760.0 6656.0 64.0 16.0 80.0 16.0 80.0 90272.0 26672.0 17632.0 11600.0 9312.0 11712.0 9520.0 7920.0 6064.0 5280.0 32.0 32.0 64.0 0.0 80.0 101424.0 29728.0 18592.0 11952.0 9296.0 2944.0 2576.0 2800.0 2064.0 2128.0 0.0 0.0 16.0 0.0 64.0 67040.0 26784.0 17440.0 11104.0 8480.0 688.0 528.0 528.0 576.0 464.0 0.0 0.0 16.0 0.0 0.0 100416.0 30512.0 18496.0 11904.0 8736.0 3280.0 2096.0 2656.0 2176.0 1984.0 0.0 0.0 32.0 0.0 48.0 89072.0 25408.0 16976.0 11424.0 8896.0 12592.0 9184.0 8304.0 6304.0 5504.0 32.0 0.0 64.0 0.0 80.0 97696.0 28848.0 18560.0 12128.0 9456.0 8864.0 6736.0 6384.0 4480.0 4352.0 0.0 16.0 64.0 0.0 48.0 83792.0 25104.0 16480.0 11248.0 8656.0 15872.0 11264.0 9520.0 6880.0 6080.0 64.0 48.0 48.0 16.0 80.0 101616.0 30256.0 18688.0 12016.0 8848.0 3664.0 2784.0 3040.0 2368.0 2368.0 0.0 0.0 16.0 0.0 48.0 75040.0 22800.0 16112.0 11024.0 9008.0 20464.0 13968.0 11312.0 8048.0 6688.0 32.0 32.0 96.0 48.0 112.0 103344.0 29984.0 18304.0 12240.0 9312.0 4896.0 3984.0 3936.0 3104.0 2976.0 0.0 0.0 16.0 0.0 32.0 87840.0 28352.0 18336.0 11808.0 8832.0 1392.0 1248.0 1216.0 1136.0 1136.0 0.0 0.0 16.0 0.0 32.0 62720.0 19136.0 13904.0 8960.0 8000.0 26480.0 16640.0 12720.0 9040.0 7328.0 48.0 48.0 96.0 32.0 96.0 0.0 0.0 0.0 0.0 0.0 100976.0 30720.0 18224.0 12048.0 9120.0 3520.0 2672.0 3024.0 2384.0 2112.0 0.0 0.0 32.0 0.0 64.0 74992.0 22544.0 15728.0 10912.0 8416.0 19936.0 13584.0 10912.0 7952.0 6720.0 48.0 48.0 64.0 48.0 96.0 98176.0 28064.0 17824.0 11824.0 9120.0 8224.0 6512.0 6144.0 4992.0 4496.0 16.0 0.0 64.0 0.0 80.0 51360.0 21120.0 16336.0 10784.0 9056.0 41536.0 21328.0 14688.0 9760.0 7888.0 208.0 176.0 240.0 192.0 208.0 0.0 0.0 0.0 0.0 0.0 48928.0 18832.0 14400.0 9584.0 8048.0 42176.0 21904.0 15152.0 10016.0 7920.0 256.0 128.0 224.0 176.0 208.0 0.0 0.0 0.0 0.0 0.0 95440.0 27856.0 18144.0 11536.0 8944.0 9760.0 7248.0 6816.0 5296.0 4992.0 32.0 32.0 32.0 0.0 80.0 77520.0 23328.0 16352.0 10784.0 9024.0 18624.0 13408.0 10864.0 8000.0 6592.0 32.0 0.0 80.0 16.0 96.0 91264.0 26736.0 17664.0 10992.0 9168.0 11504.0 8624.0 7888.0 5840.0 5104.0 16.0 16.0 64.0 0.0 64.0 103088.0 30272.0 18864.0 12304.0 9024.0 4176.0 3360.0 3504.0 2736.0 2912.0 0.0 0.0 32.0 0.0 48.0 101600.0 28512.0 18176.0 12240.0 9248.0 6224.0 5216.0 5008.0 3600.0 3488.0 0.0 16.0 48.0 0.0 48.0 101072.0 29632.0 18832.0 11920.0 9552.0 6416.0 4816.0 4912.0 3792.0 3408.0 0.0 0.0 32.0 16.0 64.0 99120.0 28320.0 18144.0 11712.0 9216.0 7856.0 6096.0 5616.0 4336.0 3968.0 0.0 16.0 64.0 0.0 64.0 81728.0 24368.0 17104.0 10960.0 9968.0 17616.0 12352.0 10192.0 7408.0 6144.0 16.0 64.0 80.0 32.0 80.0 65712.0 26144.0 17200.0 11168.0 8640.0 640.0 480.0 592.0 512.0 496.0 0.0 0.0 0.0 0.0 16.0 60608.0 25536.0 16736.0 11088.0 8480.0 368.0 336.0 416.0 384.0 384.0 0.0 0.0 16.0 0.0 16.0 100400.0 28928.0 18512.0 12656.0 9568.0 6992.0 5712.0 5360.0 3824.0 3680.0 0.0 0.0 48.0 0.0 64.0 66224.0 20528.0 14272.0 9776.0 7600.0 24656.0 16336.0 12288.0 8656.0 7376.0 112.0 32.0 112.0 16.0 112.0 0.0 0.0 0.0 0.0 0.0 90304.0 29840.0 18528.0 11968.0 8800.0 1392.0 1360.0 1568.0 1216.0 1328.0 0.0 0.0 0.0 0.0 16.0 90784.0 29392.0 18144.0 11488.0 9008.0 1616.0 1376.0 1536.0 1344.0 1152.0 0.0 0.0 16.0 0.0 16.0 102048.0 29744.0 18256.0 11744.0 9120.0 4624.0 3408.0 3712.0 2752.0 2736.0 0.0 0.0 48.0 0.0 64.0 101824.0 29872.0 18752.0 11984.0 9008.0 2992.0 2528.0 2720.0 2352.0 2208.0 0.0 0.0 16.0 0.0 32.0 82400.0 24608.0 16256.0 11312.0 8592.0 16640.0 11776.0 9568.0 7008.0 6096.0 48.0 0.0 64.0 32.0 80.0 59056.0 20352.0 14944.0 10432.0 8384.0 32176.0 19024.0 13536.0 9264.0 7616.0 176.0 96.0 128.0 80.0 176.0 0.0 0.0 0.0 0.0 0.0 63552.0 21248.0 15456.0 9776.0 8128.0 27968.0 17392.0 12944.0 8944.0 7504.0 80.0 48.0 112.0 96.0 128.0 0.0 0.0 0.0 0.0 0.0 69680.0 21376.0 14816.0 10336.0 8320.0 23792.0 15456.0 12112.0 8464.0 6896.0 64.0 64.0 112.0 32.0 128.0 0.0 0.0 0.0 0.0 0.0 89776.0 26448.0 17904.0 11824.0 9152.0 12768.0 9296.0 7856.0 5776.0 5424.0 16.0 0.0 48.0 0.0 64.0 97424.0 30384.0 18224.0 11904.0 8896.0 2528.0 1984.0 2240.0 1648.0 1792.0 0.0 0.0 16.0 0.0 16.0 74544.0 28448.0 18016.0 11504.0 8640.0 800.0 720.0 800.0 656.0 672.0 0.0 0.0 16.0 0.0 0.0 83328.0 28688.0 18016.0 11584.0 8720.0 1104.0 944.0 1040.0 944.0 928.0 0.0 0.0 16.0 0.0 0.0 101712.0 29552.0 18384.0 11952.0 9328.0 6048.0 5200.0 5008.0 3760.0 3424.0 0.0 0.0 16.0 0.0 48.0 48800.0 16976.0 13792.0 9792.0 7424.0 40864.0 21408.0 14928.0 9792.0 8240.0 192.0 176.0 208.0 192.0 160.0 0.0 0.0 0.0 0.0 0.0
49 1 TRACE 1680.0 1688.0 1680.0 1688.0 8.0 1680.0 1688.0 1680.0 1688.0 8.0 1680.0 1688.0 1680.0 1688.0 8.0 1680.0 1688.0 1680.0 1688.0 8.0 1680.0 1688.0 1680.0 1688.0 8.0 1680.0 1688.0 1680.0 1688.0 8.0 1680.0 1688.0 1680.0 1688.0 8.0 1680.0 1688.0 1680.0 1688.0 8.0 1680.0 1688.0 1680.0 1688.0 8.0 1680.0 1688.0 1680.0 1688.0 8.0 1680.0 1688.0 1680.0 1688.0 8.0 1680.0 1688.0 1680.0 1688.0 8.0 1680.0 1688.0 1680.0 1688.0 8.0 1680.0 1688.0 1680.0 1688.0 8.0 1680.0 1688.0 1680.0 1688.0 8.0 1680.0 1688.0 1680.0 1688.0 8.0 1680.0 1688.0 1680.0 1688.0 8.0 1680.0 1688.0 1680.0 1688.0 8.0 1680.0 1688.0 1680.0 1688.0 8.0 1680.0 1688.0 1680.0 1688.0 8.0 1680.0 1688.0 1680.0 1688.0 8.0 1680.0 1688.0 1680.0 1688.0 8.0 1680.0 1688.0 1680.0 1688.0 8.0 1680.0 1688.0 1680.0 1688.0 8.0 1680.0 1688.0 1680.0 1688.0 8.0 1680.0 1688.0 1680.0 1688.0 8.0 1680.0 1688.0 1680.0 1688.0 8.0 1680.0 1688.0 1680.0 1688.0 8.0 1680.0 1688.0 1680.0 1688.0 8.0 1680.0 1688.0 1680.0 1688.0 8.0 1680.0 1688.0 1680.0 1688.0 8.0 1680.0 1688.0 1680.0 1688.0 8.0 1680.0 1688.0 1680.0 1688.0 8.0 1680.0 1688.0 1680.0 1688.0 8.0 1680.0 1688.0 1680.0 1688.0 8.0 1680.0 1688.0 1680.0 1688.0 8.0 1680.0 1688.0 1680.0 1688.0 8.0 1680.0 1688.0 1680.0 1688.0 8.0 1680.0 1688.0 1680.0 1688.0 8.0 1680.0 1688.0 1680.0 1688.0 8.0 1680.0 1688.0 1680.0 1688.0 8.0 1680.0 1688.0 1680.0 1688.0 8.0 1680.0 1688.0 1680.0 1688.0 8.0 1680.0 1688.0 1680.0 1688.0 8.0 1680.0 1688.0 1680.0 1688.0 8.0 1680.0 1688.0 1680.0 1688.0 8.0 1680.0 1688.0 1680.0 1688.0 8.0 1680.0 1688.0 1680.0 1688.0 8.0 1680.0 1688.0 1680.0 1688.0 8.0 1680.0 1688.0 1680.0 1688.0 8.0 1680.0 1688.0 1680.0 1688.0 8.0 1680.0 1688.0 1680.0 1688.0 8.0 1680.0 1688.0 1680.0 1688.0 8.0 1680.0 1688.0 1680.0 1688.0 8.0 1680.0 1688.0 1680.0 1688.0 8.0 1680.0 1688.0 1680.0 1688.0 8.0 1680.0 1688.0 1680.0 1688.0 8.0 1680.0 1688.0 1680.0 1688.0 8.0 1680.0 1688.0 1680.0 1688.0 8.0 1680.0 1688.0 1680.0 1688.0 8.0 1680.0 1688.0 1680.0 1688.0 8.0 1680.0 1688.0 1680.0 1688.0 8.0 1680.0 1688.0 1680.0 1688.0 8.0 1680.0 1688.0 1680.0 1688.0 8.0 1680.0 1688.0 1680.0 1688.0 8.0 1680.0 1688.0 1680.0 1688.0 8.0 1680.0 1688.0 1680.0 1688.0 8.0 1680.0 1688.0 1680.0 1688.0 8.0 1680.0 1688.0 1680.0 1688.0 8.0 1680.0 1688.0 1680.0 1688.0 8.0 1680.0 1688.0 1680.0 1688.0 8.0 1680.0 1688.0 1680.0 1688.0 8.0 1680.0 1688.0 1680.0 1688.0 8.0 1680.0 1688.0 1680.0 1688.0 8.0 1680.0 1688.0 1680.0 1688.0 8.0 1680.0 1688.0 1680.0 1688.0 8.0 1680.0 1688.0 1680.0 1688.0 8.0 1680.0 1688.0 1680.0 1688.0 8.0 1680.0 1688.0 1680.0 1688.0 8.0 1680.0 1688.0 1680.0 1688.0 8.0 1680.0 1688.0 1680.0 1688.0 8.0 1680.0 1688.0 1680.0 1688.0 8.0 1680.0 1688.0 1680.0 1688.0 8.0 1680.0 1688.0 1680.0 1688.0 8.0 1680.0 1688.0 1680.0 1688.0 8.0 1680.0 1688.0 1680.0 1688.0 8.0 1680.0 1688.0 1680.0 1688.0 8.0 1680.0 1688.0 1680.0 1688.0 8.0 1680.0 1688.0 1680.0 1688.0 8.0 1680.0 1688.0 1680.0 1688.0 8.0 1680.0 1688.0 1680.0 1688.0 8.0 1680.0 1688.0 1680.0 1688.0 8.0 1680.0 1688.0 1680.0 1688.0 8.0 1680.0 1688.0 1680.0 1688.0 8.0 1680.0 1688.0 1680.0 1688.0 8.0 1680.0 1688.0 1680.0 1688.0 8.0 1680.0 1688.0 1680.0 1688.0 8.0 1680.0 1688.0 1680.0 1688.0 8.0 1680.0 1688.0 1680.0 1688.0 8.0 1680.0 1688.0 1680.0 1688.0 8.0 1680.0 1688.0 1680.0 1688.0 8.0 1680.0 1688.0 1680.0 1688.0 8.0 1680.0 1688.0 1680.0 1688.0 8.0 1680.0 1688.0 1680.0 1688.0 8.0 1680.0 1688.0 1680.0 1688.0 8.0 1680.0 1688.0 1680.0 1688.0 8.0 1680.0 1688.0 1680.0 1688.0 8.0 1680.0 1688.0 1680.0 1688.0 8.0 1680.0 1688.0 1680.0 1688.0 8.0 1680.0 1688.0 1680.0 1688.0 8.0 1680.0 1688.0 1680.0 1688.0 8.0 1680.0 1688.0 1680.0 1688.0 8.0 1680.0 1688.0 1680.0 1688.0 8.0 1680.0 1688.0 1680.0 1688.0 8.0 1680.0 1688.0 1680.0 1688.0 8.0 1680.0 1688.0 1680.0 1688.0 8.0 1680.0 1688.0 1680.0 1688.0 8.0 1680.0 1688.0 1680.0 1688.0 8.0 1680.0 1688.0 1680.0 1688.0 8.0 1680.0 1688.0 1680.0 1688.0 8.0 1680.0 1688.0 1680.0 1688.0 8.0 1680.0 1688.0 1680.0 1688.0 8.0 1680.0 1688.0 1680.0 1688.0 8.0 1680.0 1688.0 1680.0 1688.0 8.0 1680.0 1688.0 1680.0 1688.0 8.0 1680.0 1688.0 1680.0 1688.0 8.0 1680.0 1688.0 1680.0 1688.0 8.0 1680.0 1688.0 1680.0 1688.0 8.0 1680.0 1688.0 1680.0 1688.0 8.0 1680.0 1688.0 1680.0 1688.0 8.0 1680.0 1688.0 1680.0 1688.0 8.0 1680.0 1688.0 1680.0 1688.0 8.0 1680.0 1688.0 1680.0 1688.0 8.0 1680.0 1688.0 1680.0 1688.0 8.0 1680.0 1688.0 1680.0 1688.0 8.0 1680.0 1688.0 1680.0 1688.0 8.0 1680.0 1688.0 1680.0 1688.0 8.0 1680.0 1688.0 1680.0 1688.0 8.0 1680.0 1688.0 1680.0 1688.0 8.0 1680.0 1688.0 1680.0 1688.0 8.0 1680.0 1688.0 1680.0 1688.0 8.0 1680.0 1688.0 1680.0 1688.0 8.0 1680.0 1688.0 1680.0 1688.0 8.0 1680.0 1688.0 1680.0 1688.0 8.0 1680.0 1688.0 1680.0 1688.0 8.0 1680.0 1688.0 1680.0 1688.0 8.0 1680.0 1688.0 1680.0 1688.0 8.0 1680.0 1688.0 1680.0 1688.0 8.0 1680.0 1688.0 1680.0 1688.0 8.0 1680.0 1688.0 1680.0 1688.0 8.0 1680.0 1688.0 1680.0 1688.0 8.0 1680.0 1688.0 1680.0 1688.0 8.0 1680.0 1688.0 1680.0 1688.0 8.0 1680.0 1688.0 1680.0 1688.0 8.0 1680.0 1688.0 1680.0 1688.0 8.0 1680.0 1688.0 1680.0 1688.0 8.0 1680.0 1688.0 1680.0 1688.0 8.0 1680.0 1688.0 1680.0 1688.0 8.0 1680.0 1688.0 1680.0 1688.0 8.0 1680.0 1688.0 1680.0 1688.0 8.0 1680.0 1688.0 1680.0 1688.0 8.0 1680.0 1688.0 1680.0 1688.0 8.0 1680.0 1688.0 1680.0 1688.0 8.0 1680.0 1688.0 1680.0 1688.0 8.0 1680.0 1688.0 1680.0 1688.0 8.0 1680.0 1688.0 1680.0 1688.0 8.0 1680.0 1688.0 1680.0 1688.0 8.0 1680.0 1688.0 1680.0 1688.0 8.0 1680.0 1688.0 1680.0 1688.0 8.0 1680.0 1688.0 1680.0 1688.0 8.0 1680.0 1688.0 1680.0 1688.0 8.0 1680.0 1688.0 1680.0 1688.0 8.0 1680.0 1688.0 1680.0 1688.0 8.0 1680.0 1688.0 1680.0 1688.0 8.0 1680.0 1688.0 1680.0 1688.0 8.0 1680.0 1688.0 1680.0 1688.0 8.0 1680.0 1688.0 1680.0 1688.0 8.0 1680.0 1688.0 1680.0 1688.0 8.0 1680.0 1688.0 1680.0 1688.0 8.0 1680.0 1688.0 1680.0 1688.0 8.0 1680.0 1688.0 1680.0 1688.0 8.0 1680.0 1688.0 1680.0 1688.0 8.0 1680.0 1688.0 1680.0 1688.0 8.0 1680.0 1688.0 1680.0 1688.0 8.0 1680.0 1688.0 1680.0 1688.0 8.0 1680.0 1688.0 1680.0 1688.0 8.0 1680.0 1688.0 1680.0 1688.0 8.0 1680.0 1688.0 1680.0 1688.0 8.0 1680.0 1688.0 1680.0 1688.0 8.0 1680.0 1688.0 1680.0 1688.0 8.0 1680.0 1688.0 1680.0 1688.0 8.0 1680.0 1688.0 1680.0 1688.0 8.0 1680.0 1688.0 1680.0 1688.0 8.0 1680.0 1688.0 1680.0 1688.0 8.0 1680.0 1688.0 1680.0 1688.0 8.0 1680.0 1688.0 1680.0 1688.0 8.0 1680.0 1688.0 1680.0 1688.0 8.0 1680.0 1688.0 1680.0 1688.0 8.0 1680.0 1688.0 1680.0 1688.0 8.0 1680.0 1688.0 1680.0 1688.0 8.0 1680.0 1688.0 1680.0 1688.0 8.0 1680.0 1688.0 1680.0 1688.0 8.0 1680.0 1688.0 1680.0 1688.0 8.0 1680.0 1688.0 1680.0 1688.0 8.0 1680.0 1688.0 1680.0 1688.0 8.0 1680.0 1688.0 1680.0 1688.0 8.0 1680.0 1688.0 1680.0 1688.0 8.0 1680.0 1688.0 1680.0 1688.0 8.0
50 1 TRACE 8.0 8.0 8.0 8.0 8.0 8.0 8.0 8.0 8.0 8.0 8.0 8.0 8.0 8.0 8.0 8.0 8.0 8.0 8.0 8.0 8.0 8.0 8.0 8.0 8.0 8.0 8.0 8.0 8.0 8.0 8.0 8.0 8.0 8.0 8.0 0.0 8.0 8.0 8.0 8.0 8.0 8.0 8.0 8.0 8.0 8.0 8.0 8.0 8.0 8.0 8.0 8.0 8.0 8.0 8.0 8.0 8.0 8.0 8.0 8.0 8.0 8.0 8.0 8.0 8.0 8.0 8.0 8.0 8.0 8.0 8.0 8.0 8.0 8.0 8.0 8.0 8.0 8.0 8.0 8.0 8.0 8.0 8.0 8.0 8.0 8.0 8.0 8.0 8.0 8.0 8.0 8.0 8.0 8.0 8.0 8.0 8.0 8.0 8.0 8.0 8.0 8.0 8.0 8.0 8.0 8.0 8.0 8.0 8.0 8.0 8.0 8.0 8.0 8.0 8.0 8.0 8.0 8.0 8.0 8.0 8.0 8.0 8.0 8.0 8.0 8.0 8.0 8.0 8.0 8.0 8.0 8.0 8.0 8.0 8.0 8.0 8.0 8.0 8.0 8.0 8.0 8.0 8.0 8.0 8.0 8.0 8.0 8.0 8.0 8.0 8.0 8.0 8.0 8.0 8.0 8.0 8.0 8.0 8.0 8.0 8.0 8.0 8.0 8.0 8.0 8.0 8.0 8.0 8.0 8.0 8.0 8.0 8.0 8.0 8.0 8.0 8.0 8.0 8.0 8.0 8.0 8.0 8.0 8.0 8.0 8.0 8.0 8.0 8.0 8.0 8.0 8.0 8.0 8.0 8.0 8.0 8.0 8.0 8.0 8.0 8.0 8.0 8.0 8.0 8.0 8.0 8.0 8.0
51 1 TRACE 8.0
52 1 TRACE 8.0
53 1 TRACE 8.0
62 1 TRACE 8.0
